0 2 1.0199329
0 37 1.9555243
0 13 0.9584603
0 29 7.702592
0 25 17.605711
1 3 0.9269318
1 12 34.644745
2 30 11.752487
2 0 1.0199329
2 8 1.2561189
2 18 1.6953293
2 13 0.41361237
2 33 1.3204764
2 11 1.7332406
2 29 1.0766529
2 20 2.7081847
2 37 0.8961006
2 27 1.5641285
2 16 2000.0
2 23 9.375758
2 25 0.45370683
3 36 0.27361193
3 28 161.7802
3 24 225.00002
3 12 0.07735997
3 1 0.9269318
3 9 0.33886638
4 31 0.06631593
4 9 0.065450005
4 17 0.18756449
4 19 0.07292652
5 30 0.6826658
5 8 0.59531695
5 18 1.093178
5 13 46.368084
5 11 1.3875312
5 29 3.4727287
5 34 2.0813904
5 20 1.9890375
5 37 8.865328
5 7 8.844527
5 27 1.3933375
5 16 1.7466404
5 23 4.524077
5 25 2000.0
6 31 0.11419213
6 17 1.4789815
7 34 378.94742
7 30 0.77718306
7 20 25.220745
7 8 3.0183713
7 16 1.1814265
7 23 1.3674747
7 25 2.3594394
7 5 8.844527
8 0 2000.0
8 30 0.7428874
8 18 1.2776026
8 13 0.7959017
8 11 1.0169102
8 29 0.7776963
8 5 0.59531695
8 34 22.387968
8 2 1.2561189
8 37 0.8070044
8 7 3.0183713
8 27 0.5142235
8 16 1.4559497
8 23 1.221001
8 25 2000.0
9 36 0.7386285
9 26 2000.0
9 28 0.7411734
9 10 10.314855
9 22 0.067505084
9 31 0.029448705
9 3 0.33886638
9 12 2000.0
9 4 0.065450005
9 17 0.04203629
9 19 0.08150593
10 26 0.03429823
10 28 0.35147727
10 24 0.07610315
10 31 1.6092079
10 12 29.53664
10 9 10.314855
10 17 0.041607678
11 30 0.6791613
11 8 1.0169102
11 18 3.0304427
11 13 0.9389202
11 33 2.1776738
11 29 1.135746
11 5 1.3875312
11 34 1.90755
11 20 1.1134771
11 2 1.7332406
11 37 1.3265424
11 7 1463.125
11 27 0.7147064
11 16 0.9539577
11 25 0.2783193
12 26 0.26551458
12 32 4.775431
12 28 145.17386
12 10 29.53664
12 24 0.06621676
12 21 0.09101867
12 3 0.07735997
12 1 34.644745
13 30 28.563347
13 0 0.9584603
13 8 0.7959017
13 18 83.9278
13 33 0.9332756
13 11 0.9389202
13 29 0.8276768
13 5 46.368084
13 34 249.99998
13 20 1.054468
13 2 0.41361237
13 14 2.6879895
13 37 1.5989541
13 7 2000.0
13 27 0.2817513
13 16 79.006096
13 25 0.23230068
14 30 10.008634
14 20 1.3177651
14 13 2.6879895
14 27 7.096698
14 33 0.4006682
14 11 2000.0
14 25 1.6121976
15 32 0.06918798
15 21 7.9833994
16 30 1.296693
16 0 2000.0
16 8 1.4559497
16 18 1.982265
16 13 79.006096
16 11 0.9539577
16 5 1.7466404
16 34 98.636375
16 20 71.93231
16 7 1.1814265
16 27 2.095916
16 23 3.095137
16 25 1.2265651
17 6 1.4789815
17 26 3.7617552
17 10 0.041607678
17 24 0.09678433
17 31 1.1994076
17 9 0.04203629
17 4 0.18756449
17 19 1399.8864
18 0 2000.0
18 30 0.7691728
18 8 1.2776026
18 13 83.9278
18 11 3.0304427
18 29 1.1233542
18 5 1.093178
18 2 1.6953293
18 37 2.3293278
18 7 2000.0
18 27 110.59921
18 16 1.982265
18 23 2.4285886
19 28 84.95455
19 31 0.08260257
19 9 0.08150593
19 4 0.07292652
20 30 0.9717727
20 8 2000.0
20 13 1.054468
20 33 1.1523727
20 11 1.1134771
20 29 14.328177
20 5 1.9890375
20 34 0.81452924
20 2 2.7081847
20 14 1.3177651
20 37 3.0835533
20 7 25.220745
20 27 1.4560276
20 16 71.93231
20 25 0.39314196
21 32 2000.0
21 24 1.258529
21 35 0.033044413
21 12 0.09101867
21 15 7.9833994
22 31 256.86554
22 9 0.067505084
22 19 2000.0
23 0 2000.0
23 30 2.2681327
23 8 1.221001
23 2 9.375758
23 37 2.4499846
23 18 2.4285886
23 7 1.3674747
23 16 3.095137
23 11 2000.0
23 29 1.6074443
23 5 4.524077
24 26 0.044558037
24 32 0.35290584
24 10 0.07610315
24 21 1.258529
24 12 0.06621676
24 3 225.00002
24 15 2000.0
24 17 0.09678433
25 0 17.605711
25 30 11.762823
25 13 0.23230068
25 33 1.163452
25 11 0.2783193
25 29 1.0597656
25 34 2.1858094
25 20 0.39314196
25 2 0.45370683
25 14 1.6121976
25 37 32.818596
25 7 2.3594394
25 27 0.22441319
25 16 1.2265651
26 32 1217.6704
26 28 0.051666666
26 10 0.03429823
26 24 0.044558037
26 31 0.23217502
26 12 0.26551458
26 17 3.7617552
27 30 0.18957219
27 0 2000.0
27 8 0.5142235
27 18 110.59921
27 13 0.2817513
27 33 0.7074087
27 11 0.7147064
27 29 1.9157358
27 5 1.3933375
27 34 1.083546
27 20 1.4560276
27 2 1.5641285
27 14 7.096698
27 37 0.8262819
27 7 2000.0
27 16 2.095916
27 25 0.22441319
28 36 0.035165057
28 26 0.051666666
28 10 0.35147727
28 12 145.17386
28 3 161.7802
28 9 0.7411734
28 19 84.95455
29 0 7.702592
29 30 1.1451062
29 8 0.7776963
29 18 1.1233542
29 13 0.8276768
29 33 11.162574
29 11 1.135746
29 5 3.4727287
29 34 3.5356977
29 20 14.328177
29 2 1.0766529
29 37 0.69558936
29 7 2000.0
29 27 1.9157358
29 16 2000.0
29 23 1.6074443
29 25 1.0597656
30 8 0.7428874
30 18 0.7691728
30 13 28.563347
30 33 15.296042
30 11 0.6791613
30 29 1.1451062
30 5 0.6826658
30 34 1.074491
30 20 0.9717727
30 2 11.752487
30 14 10.008634
30 37 13.959717
30 7 0.77718306
30 27 0.18957219
30 16 1.296693
30 23 2.2681327
30 25 11.762823
31 26 0.23217502
31 6 0.11419213
31 10 1.6092079
31 35 25.511005
31 22 256.86554
31 9 0.029448705
31 4 0.06631593
31 17 1.1994076
31 19 0.08260257
32 24 0.35290584
32 21 2000.0
32 12 4.775431
32 15 0.06918798
33 30 15.296042
33 8 2000.0
33 13 0.9332756
33 11 2.1776738
33 29 11.162574
33 5 2000.0
33 34 2000.0
33 20 1.1523727
33 2 1.3204764
33 14 0.4006682
33 7 2000.0
33 27 0.7074087
33 16 2422.443
33 25 1.163452
34 30 1.074491
34 20 0.81452924
34 8 22.387968
34 37 2000.0
34 13 249.99998
34 7 378.94742
34 27 1.083546
34 16 98.636375
34 11 1.90755
34 29 3.5356977
34 25 2.1858094
34 5 2.0813904
35 21 0.033044413
35 31 25.511005
36 28 0.035165057
36 3 0.27361193
36 9 0.7386285
37 30 13.959717
37 0 1.9555243
37 8 0.8070044
37 18 2.3293278
37 13 1.5989541
37 11 1.3265424
37 29 0.69558936
37 5 8.865328
37 20 3.0835533
37 2 0.8961006
37 7 5460.739
37 27 0.8262819
37 16 2000.0
37 23 2.4499846
37 25 32.818596
