0 2 1.2041765
0 37 1.1985234
0 13 1.1588731
0 29 26.39296
0 25 44.88175
1 3 1.439386
1 12 10.154461
2 30 26.20217
2 0 1.2041765
2 8 1.6552398
2 18 2.4331024
2 13 0.54521227
2 33 2.113845
2 11 2.3940206
2 29 1.1664981
2 20 6.048441
2 37 0.81338996
2 27 1.1515266
2 16 2000.0
2 23 14.379095
2 25 0.872168
3 36 0.51356304
3 28 5.015289
3 24 2000.0
3 12 0.06891477
3 1 1.439386
3 9 0.703178
4 31 0.0722525
4 9 0.108375914
4 17 0.16205965
4 19 0.07474514
5 30 0.6476732
5 8 0.67499274
5 18 1.1312096
5 13 20.211868
5 11 1.5489843
5 29 2.8767107
5 34 2.477787
5 20 1.5333658
5 37 29.72749
5 7 8.895419
5 27 1.3134459
5 16 1.6906765
5 23 2.9006164
5 25 2000.0
6 31 0.14763564
6 17 1.4937501
7 34 553.8462
7 30 0.9228039
7 20 44.045105
7 8 5.319628
7 16 1.5072331
7 23 1.3751264
7 11 114.28571
7 25 2.3196685
7 5 8.895419
8 0 2000.0
8 30 0.6913016
8 18 1.3250347
8 13 1.9767858
8 11 0.94819945
8 29 0.827114
8 5 0.67499274
8 34 24.455776
8 2 1.6552398
8 37 1.31679
8 7 5.319628
8 27 1.9146262
8 16 1.3504589
8 23 0.9489337
8 25 2000.0
9 36 0.41408035
9 28 2.1855571
9 10 22.171852
9 22 0.04098011
9 31 0.028786108
9 3 0.703178
9 4 0.108375914
9 17 0.033540916
9 19 0.065928325
10 26 0.028636716
10 28 0.8524671
10 24 0.06915584
10 31 6.1663184
10 12 1264.2045
10 9 22.171852
10 17 0.030950608
11 0 2000.0
11 30 0.7989613
11 8 0.94819945
11 18 10.348296
11 13 0.9938894
11 33 4.2078743
11 29 0.8812032
11 5 1.5489843
11 34 2.4984176
11 20 0.8474749
11 2 2.3940206
11 37 1.7646302
11 7 114.28571
11 27 1.5554652
11 16 1.204536
11 25 0.7935525
12 26 0.7654088
12 32 4.506444
12 24 0.07065341
12 21 0.120625265
12 3 0.06891477
12 1 10.154461
13 30 102.15342
13 0 1.1588731
13 8 1.9767858
13 18 151.91618
13 33 0.9610169
13 11 0.9938894
13 29 0.8696706
13 5 20.211868
13 34 3307.9546
13 20 2.6947653
13 2 0.54521227
13 14 9.771327
13 37 1.5462395
13 7 2000.0
13 27 0.55503863
13 16 178.47974
13 25 0.30384287
14 30 9.78813
14 20 6.4582496
14 13 9.771327
14 27 15.8237295
14 33 0.48478186
14 11 2000.0
14 25 5.1455927
15 32 0.07325744
15 21 11.558523
16 0 2000.0
16 30 1.0327555
16 8 1.3504589
16 18 1.4260834
16 13 178.47974
16 11 1.204536
16 29 96.33346
16 5 1.6906765
16 34 63.333035
16 20 31.719559
16 7 1.5072331
16 27 1.3190792
16 23 3.0973349
16 25 1.0017834
17 6 1.4937501
17 26 1.679148
17 10 0.030950608
17 24 0.101206586
17 31 0.93640023
17 9 0.033540916
17 4 0.16205965
17 19 112.50001
18 0 2000.0
18 30 0.7859206
18 8 1.3250347
18 13 151.91618
18 11 10.348296
18 29 1.3329898
18 5 1.1312096
18 2 2.4331024
18 37 2.0352402
18 7 2000.0
18 27 38.342445
18 16 1.4260834
18 23 1.3910986
19 31 0.076005965
19 9 0.065928325
19 17 112.50001
19 4 0.07474514
20 30 3.0833497
20 13 2.6947653
20 33 1.6536763
20 11 0.8474749
20 29 8.987086
20 5 1.5333658
20 34 0.931877
20 2 6.048441
20 14 6.4582496
20 37 7.594122
20 7 44.045105
20 27 1.5663081
20 16 31.719559
20 25 0.6206897
21 26 2000.0
21 32 2000.0
21 24 0.9661669
21 35 0.033434633
21 31 2000.0
21 12 0.120625265
21 15 11.558523
22 31 300.0
22 9 0.04098011
22 19 2000.0
23 0 2000.0
23 30 1.529672
23 8 0.9489337
23 2 14.379095
23 37 2.9118285
23 18 1.3910986
23 7 1.3751264
23 16 3.0973349
23 11 2000.0
23 29 2.1477907
23 5 2.9006164
24 26 0.050282486
24 32 0.34684908
24 10 0.06915584
24 21 0.9661669
24 12 0.07065341
24 15 2000.0
24 17 0.101206586
25 0 44.88175
25 30 20.948803
25 13 0.30384287
25 33 0.6094291
25 11 0.7935525
25 29 1.5446717
25 34 1.1201435
25 20 0.6206897
25 2 0.872168
25 14 5.1455927
25 37 91.31197
25 7 2.3196685
25 27 0.25192448
25 16 1.0017834
26 32 1206.3636
26 28 0.0575886
26 10 0.028636716
26 24 0.050282486
26 31 0.1936553
26 12 0.7654088
26 17 1.679148
27 30 0.33841458
27 0 2000.0
27 8 1.9146262
27 18 38.342445
27 13 0.55503863
27 33 0.8235588
27 11 1.5554652
27 29 0.8465083
27 5 1.3134459
27 34 1.2205763
27 20 1.5663081
27 2 1.1515266
27 14 15.8237295
27 37 1.275709
27 7 2000.0
27 16 1.3190792
27 25 0.25192448
28 36 0.043639015
28 26 0.0575886
28 10 0.8524671
28 3 5.015289
28 12 1145.7386
28 9 2.1855571
28 19 1372.6136
29 0 26.39296
29 30 1.9676977
29 8 0.827114
29 18 1.3329898
29 13 0.8696706
29 33 29.590912
29 11 0.8812032
29 5 2.8767107
29 34 5.6901917
29 20 8.987086
29 2 1.1664981
29 37 0.945698
29 7 2000.0
29 27 0.8465083
29 16 96.33346
29 23 2.1477907
29 25 1.5446717
30 8 0.6913016
30 18 0.7859206
30 13 102.15342
30 33 5.8208547
30 11 0.7989613
30 29 1.9676977
30 5 0.6476732
30 34 1.2140372
30 20 3.0833497
30 2 26.20217
30 14 9.78813
30 37 24.55226
30 7 0.9228039
30 27 0.33841458
30 16 1.0327555
30 23 1.529672
30 25 20.948803
31 26 0.1936553
31 6 0.14763564
31 10 6.1663184
31 35 72.661476
31 22 300.0
31 9 0.028786108
31 4 0.0722525
31 17 0.93640023
31 19 0.076005965
32 24 0.34684908
32 12 4.506444
32 15 0.07325744
33 30 5.8208547
33 13 0.9610169
33 11 4.2078743
33 29 29.590912
33 5 2000.0
33 34 2000.0
33 20 1.6536763
33 2 2.113845
33 14 0.48478186
33 7 2000.0
33 27 0.8235588
33 16 3017.898
33 25 0.6094291
34 30 1.2140372
34 20 0.931877
34 8 24.455776
34 37 2000.0
34 7 553.8462
34 27 1.2205763
34 16 63.333035
34 11 2.4984176
34 29 5.6901917
34 25 1.1201435
34 5 2.477787
35 21 0.033434633
35 31 72.661476
36 26 2000.0
36 28 0.043639015
36 3 0.51356304
36 9 0.41408035
37 30 24.55226
37 0 1.1985234
37 8 1.31679
37 18 2.0352402
37 13 1.5462395
37 11 1.7646302
37 29 0.945698
37 5 29.72749
37 20 7.594122
37 2 0.81338996
37 7 1691.9886
37 27 1.275709
37 16 2000.0
37 23 2.9118285
37 25 91.31197
