0 2 0.8850227
0 37 2.264894
0 13 0.9291624
0 29 79.80075
0 25 41.75644
1 3 1.3071971
1 12 14.516141
2 30 32.301662
2 0 0.8850227
2 8 1.2007952
2 18 2.4793224
2 13 0.5426774
2 33 1.5299641
2 11 2.9313157
2 29 1.1586144
2 20 3.2790375
2 37 0.98867434
2 27 1.1535715
2 16 2000.0
2 23 4.6609845
2 25 0.7496219
3 36 0.66484606
3 28 6.553203
3 24 200.0
3 12 0.07031028
3 1 1.3071971
3 9 0.34923226
4 31 0.071108766
4 9 0.0826673
4 17 0.25137338
4 19 0.06867655
5 30 0.9510177
5 8 0.873488
5 18 1.0018348
5 13 39.34554
5 11 7.1112146
5 29 3.1263347
5 34 2.8989403
5 20 2.037697
5 37 11.858999
5 7 15.600559
5 27 1.9066156
5 16 2.2302656
5 23 2.4183502
5 25 2000.0
6 31 0.15594263
6 17 2.5301552
7 30 0.8354499
7 20 19.597282
7 8 10.114947
7 16 1.3846823
7 23 1.1095687
7 25 2.4409406
7 5 15.600559
8 0 2000.0
8 30 0.38022143
8 18 1.2787757
8 13 1.3147976
8 11 1.062636
8 29 0.46357754
8 5 0.873488
8 34 44.055378
8 2 1.2007952
8 37 1.4472431
8 7 10.114947
8 27 2.8602612
8 16 1.6210932
8 23 1.3799512
8 25 2000.0
9 36 0.39485022
9 26 2000.0
9 28 1.238118
9 10 33.37099
9 22 0.04874414
9 31 0.02960044
9 12 2000.0
9 3 0.34923226
9 4 0.0826673
9 17 0.034567326
9 19 0.06376525
10 26 0.05796371
10 28 1.1076704
10 24 0.0660124
10 31 37.023582
10 12 2000.0
10 9 33.37099
10 17 0.034992307
11 0 2000.0
11 30 0.73001313
11 8 1.062636
11 18 6.173702
11 13 0.7092026
11 33 4.106289
11 29 1.024673
11 5 7.1112146
11 34 5.466344
11 20 2.005382
11 2 2.9313157
11 37 1.7376597
11 7 1640.966
11 27 0.72632265
11 16 2.1791344
11 25 0.8328751
12 26 0.5752631
12 32 3.3503757
12 10 2000.0
12 24 0.070707075
12 21 0.13241851
12 3 0.07031028
12 1 14.516141
13 30 42.10092
13 0 0.9291624
13 8 1.3147976
13 18 84.62406
13 33 0.888173
13 11 0.7092026
13 29 0.7997687
13 5 39.34554
13 34 2101.0793
13 20 1.0151861
13 2 0.5426774
13 14 7.927329
13 37 1.3788179
13 7 2000.0
13 27 0.55746144
13 16 57.176792
13 25 0.23216034
14 30 17.319786
14 20 6.884206
14 13 7.927329
14 27 10.547545
14 33 0.41583523
14 11 2000.0
14 25 1.2053909
15 32 0.07573554
15 21 5.9370627
16 30 2.0689657
16 8 1.6210932
16 18 1.0384426
16 13 57.176792
16 11 2.1791344
16 29 383.2756
16 5 2.2302656
16 34 357.14288
16 20 64.85168
16 7 1.3846823
16 27 1.6212618
16 23 2.1598485
16 25 1.3970228
17 6 2.5301552
17 26 2.905569
17 10 0.034992307
17 24 0.08135981
17 31 1.5237501
17 9 0.034567326
17 4 0.25137338
17 19 122.63403
18 0 2000.0
18 30 0.7964304
18 8 1.2787757
18 13 84.62406
18 11 6.173702
18 29 1.1629308
18 5 1.0018348
18 2 2.4793224
18 37 2.2587464
18 7 2000.0
18 27 32.971024
18 16 1.0384426
18 23 0.89412886
19 31 0.099826545
19 9 0.06376525
19 4 0.06867655
19 17 122.63403
20 30 8.151399
20 13 1.0151861
20 33 1.518495
20 11 2.005382
20 29 15.655615
20 5 2.037697
20 34 1.0446887
20 2 3.2790375
20 14 6.884206
20 37 2.6726189
20 7 19.597282
20 27 2.3703132
20 16 64.85168
20 25 0.69209915
21 32 2000.0
21 24 0.4121212
21 35 0.038571317
21 12 0.13241851
21 15 5.9370627
22 31 40.0
22 9 0.04874414
22 19 2000.0
23 0 2000.0
23 30 0.84621215
23 8 1.3799512
23 2 4.6609845
23 37 0.8670455
23 18 0.89412886
23 7 1.1095687
23 16 2.1598485
23 11 2000.0
23 29 1.385606
23 5 2.4183502
24 26 0.049141534
24 32 0.24606927
24 10 0.0660124
24 21 0.4121212
24 12 0.070707075
24 3 200.0
24 17 0.08135981
25 0 41.75644
25 30 14.58768
25 13 0.23216034
25 33 0.7439662
25 11 0.8328751
25 29 1.8421085
25 34 1.4388802
25 20 0.69209915
25 2 0.7496219
25 14 1.2053909
25 37 37.47028
25 7 2.4409406
25 27 0.26323324
25 16 1.3970228
26 32 1194.091
26 28 0.054940578
26 10 0.05796371
26 24 0.049141534
26 31 0.147449
26 12 0.5752631
26 17 2.905569
27 30 0.20124103
27 0 2000.0
27 8 2.8602612
27 18 32.971024
27 13 0.55746144
27 33 0.8564658
27 11 0.72632265
27 29 1.2379032
27 5 1.9066156
27 34 1.5293207
27 20 2.3703132
27 2 1.1535715
27 14 10.547545
27 37 1.5327468
27 7 2000.0
27 16 1.6212618
27 25 0.26323324
28 36 0.03563405
28 26 0.054940578
28 10 1.1076704
28 3 6.553203
28 12 1145.7386
28 9 1.238118
28 19 1372.6136
29 0 79.80075
29 30 1.9961314
29 8 0.46357754
29 18 1.1629308
29 13 0.7997687
29 33 11.85339
29 11 1.024673
29 5 3.1263347
29 34 5.2045794
29 20 15.655615
29 2 1.1586144
29 37 0.8422249
29 7 2000.0
29 27 1.2379032
29 16 383.2756
29 23 1.385606
29 25 1.8421085
30 8 0.38022143
30 18 0.7964304
30 13 42.10092
30 33 8.710413
30 11 0.73001313
30 29 1.9961314
30 5 0.9510177
30 34 0.91049266
30 20 8.151399
30 2 32.301662
30 14 17.319786
30 37 40.500862
30 7 0.8354499
30 27 0.20124103
30 16 2.0689657
30 23 0.84621215
30 25 14.58768
31 26 0.147449
31 6 0.15594263
31 10 37.023582
31 22 40.0
31 9 0.02960044
31 4 0.071108766
31 17 1.5237501
31 19 0.099826545
32 24 0.24606927
32 12 3.3503757
32 15 0.07573554
33 30 8.710413
33 13 0.888173
33 11 4.106289
33 29 11.85339
33 5 2000.0
33 34 2000.0
33 20 1.518495
33 2 1.5299641
33 14 0.41583523
33 7 2000.0
33 27 0.8564658
33 16 3017.898
33 25 0.7439662
34 30 0.91049266
34 20 1.0446887
34 8 44.055378
34 37 2000.0
34 7 2000.0
34 27 1.5293207
34 16 357.14288
34 11 5.466344
34 29 5.2045794
34 25 1.4388802
34 5 2.8989403
35 21 0.038571317
35 31 1626.1365
36 28 0.03563405
36 3 0.66484606
36 9 0.39485022
37 30 40.500862
37 0 2.264894
37 8 1.4472431
37 18 2.2587464
37 13 1.3788179
37 11 1.7376597
37 29 0.8422249
37 5 11.858999
37 20 2.6726189
37 2 0.98867434
37 7 1691.9886
37 27 1.5327468
37 16 2000.0
37 23 0.8670455
37 25 37.47028
