0 2 0.8661318
0 37 2.3990836
0 13 0.9606606
0 29 14.059563
0 25 27.826706
1 3 0.88434756
1 12 32.88409
2 30 18.302984
2 0 0.8661318
2 8 1.3528504
2 18 1.8939242
2 13 0.57044256
2 33 1.3923956
2 11 1.3953815
2 29 1.1682231
2 20 2.8924656
2 37 0.82051337
2 27 1.2438005
2 16 2000.0
2 23 9.528669
2 25 0.46031588
3 36 0.88180774
3 28 26.903603
3 24 313.04352
3 12 0.07211061
3 1 0.88434756
3 9 0.21776515
4 31 0.073986836
4 9 0.079981126
4 17 0.11178836
4 19 0.084064476
5 30 0.6908995
5 8 0.5151813
5 18 1.1844945
5 13 51.45704
5 11 1.3241978
5 29 3.3193915
5 34 1.930913
5 20 3.7133327
5 37 4.6446695
5 7 2.4098623
5 27 1.7336475
5 16 1.876608
5 23 2.1966684
5 25 2000.0
6 31 0.122727275
6 17 6.409337
7 34 266.6667
7 30 0.63804865
7 20 28.20617
7 8 7.3772554
7 16 1.344186
7 11 55.738136
7 23 1.02864
7 25 4.951398
7 5 2.4098623
8 0 2000.0
8 30 0.5460231
8 18 1.1721199
8 13 2.2366717
8 11 1.7967149
8 29 0.46631452
8 5 0.5151813
8 34 80.574554
8 2 1.3528504
8 37 1.0831114
8 7 7.3772554
8 27 0.6366978
8 16 1.6506046
8 23 1.1943378
8 25 2000.0
9 36 0.9541383
9 28 0.82655185
9 10 7.3050537
9 22 0.056872975
9 31 0.029829547
9 12 2000.0
9 3 0.21776515
9 4 0.079981126
9 17 0.06593704
9 19 0.08634028
10 26 0.033270493
10 28 0.27675954
10 24 0.074350655
10 31 1.0529861
10 12 1294.4886
10 9 7.3050537
10 17 0.028641952
11 0 2000.0
11 30 0.83087784
11 8 1.7967149
11 18 5.3698015
11 13 1.070478
11 33 2.4147477
11 29 0.85968465
11 5 1.3241978
11 34 1.9410319
11 20 1.0277754
11 2 1.3953815
11 37 1.1821219
11 7 55.738136
11 27 0.7545654
11 16 1.2102078
11 25 0.85980105
12 26 0.3032006
12 32 6.875449
12 24 0.07175137
12 21 0.15191193
12 3 0.07211061
12 1 32.88409
13 30 141.68365
13 0 0.9606606
13 8 2.2366717
13 18 48.612373
13 33 0.89567924
13 11 1.070478
13 29 1.0674775
13 5 51.45704
13 34 3811.4773
13 20 0.89278466
13 2 0.57044256
13 14 5.773422
13 37 1.380178
13 7 2000.0
13 27 0.28764609
13 16 116.61937
13 25 0.25552472
14 30 9.387407
14 20 2.9129653
14 13 5.773422
14 27 6.8143263
14 33 0.8001694
14 11 2000.0
14 25 2.0066392
15 32 0.07196769
15 21 8.020966
16 30 1.102962
16 0 2000.0
16 8 1.6506046
16 18 1.2633007
16 13 116.61937
16 11 1.2102078
16 29 2000.0
16 5 1.876608
16 34 29.533218
16 20 32.579185
16 7 1.344186
16 27 1.3502296
16 23 2.805229
16 25 1.9073808
17 6 6.409337
17 26 1.604837
17 10 0.028641952
17 24 0.054906987
17 31 0.9837336
17 9 0.06593704
17 4 0.11178836
17 19 43.70617
18 0 2000.0
18 30 0.7909824
18 8 1.1721199
18 2 1.8939242
18 37 3.2980666
18 13 48.612373
18 27 27.609737
18 16 1.2633007
18 11 5.3698015
18 23 1.30375
18 29 1.3440598
18 5 1.1844945
19 28 1384.8295
19 31 0.07030551
19 9 0.08634028
19 17 43.70617
19 4 0.084064476
20 30 1.5522523
20 8 2000.0
20 13 0.89278466
20 33 1.0841823
20 11 1.0277754
20 29 7.6406713
20 5 3.7133327
20 34 0.8873416
20 2 2.8924656
20 14 2.9129653
20 37 3.516469
20 7 28.20617
20 27 1.5230021
20 16 32.579185
20 25 0.5713274
21 26 2000.0
21 32 2000.0
21 24 1.4032196
21 35 0.036500785
21 31 2000.0
21 12 0.15191193
21 15 8.020966
21 4 2000.0
22 31 114.28571
22 9 0.056872975
22 19 2000.0
23 0 2000.0
23 30 1.4132977
23 8 1.1943378
23 2 9.528669
23 37 1.9956762
23 18 1.30375
23 7 1.02864
23 16 2.805229
23 11 2000.0
23 29 0.7938824
23 5 2.1966684
24 26 0.04154692
24 32 0.23561339
24 10 0.074350655
24 21 1.4032196
24 12 0.07175137
24 17 0.054906987
25 0 27.826706
25 30 13.209519
25 13 0.25552472
25 33 2.2067485
25 11 0.85980105
25 29 1.7051376
25 34 2.7059662
25 20 0.5713274
25 2 0.46031588
25 14 2.0066392
25 37 56.487682
25 7 4.951398
25 27 0.21987614
25 16 1.9073808
26 32 34.369858
26 28 0.05344828
26 10 0.033270493
26 24 0.04154692
26 31 0.18245363
26 12 0.3032006
26 17 1.604837
27 30 0.28450263
27 0 2000.0
27 8 0.6366978
27 18 27.609737
27 13 0.28764609
27 33 0.74782115
27 11 0.7545654
27 29 2.3645482
27 5 1.7336475
27 34 0.9467918
27 20 1.5230021
27 2 1.2438005
27 14 6.8143263
27 37 0.889749
27 7 2000.0
27 16 1.3502296
27 25 0.21987614
28 36 0.033888146
28 26 0.05344828
28 10 0.27675954
28 3 26.903603
28 12 1301.591
28 9 0.82655185
28 19 1384.8295
29 0 14.059563
29 30 0.6764775
29 8 0.46631452
29 18 1.3440598
29 13 1.0674775
29 33 14.667379
29 11 0.85968465
29 5 3.3193915
29 34 3.3690615
29 20 7.6406713
29 2 1.1682231
29 37 0.7291748
29 27 2.3645482
29 16 2000.0
29 23 0.7938824
29 25 1.7051376
30 8 0.5460231
30 18 0.7909824
30 13 141.68365
30 33 10.588137
30 11 0.83087784
30 29 0.6764775
30 5 0.6908995
30 34 0.8713807
30 20 1.5522523
30 2 18.302984
30 14 9.387407
30 37 9.8509865
30 7 0.63804865
30 27 0.28450263
30 16 1.102962
30 23 1.4132977
30 25 13.209519
31 26 0.18245363
31 6 0.122727275
31 10 1.0529861
31 35 9.984518
31 22 114.28571
31 9 0.029829547
31 4 0.073986836
31 17 0.9837336
31 19 0.07030551
32 26 34.369858
32 24 0.23561339
32 21 2000.0
32 12 6.875449
32 15 0.07196769
33 34 2000.0
33 30 10.588137
33 20 1.0841823
33 2 1.3923956
33 14 0.8001694
33 7 2000.0
33 13 0.89567924
33 27 0.74782115
33 16 2422.443
33 11 2.4147477
33 29 14.667379
33 25 2.2067485
34 30 0.8713807
34 20 0.8873416
34 8 80.574554
34 37 2000.0
34 7 266.6667
34 27 0.9467918
34 16 29.533218
34 11 1.9410319
34 29 3.3690615
34 25 2.7059662
34 5 1.930913
35 21 0.036500785
35 31 9.984518
36 28 0.033888146
36 3 0.88180774
36 9 0.9541383
37 30 9.8509865
37 0 2.3990836
37 8 1.0831114
37 18 3.2980666
37 13 1.380178
37 11 1.1821219
37 29 0.7291748
37 5 4.6446695
37 20 3.516469
37 2 0.82051337
37 7 5460.739
37 27 0.889749
37 16 2000.0
37 23 1.9956762
37 25 56.487682
