0 2 1.051822
0 37 1.3484087
0 13 1.1094639
0 25 24.270775
0 29 26.482332
1 3 1.6526095
1 12 8.146679
2 30 9.066181
2 0 1.051822
2 8 1.3726078
2 18 3.0901937
2 13 0.68555534
2 33 1.9378701
2 11 1.6247311
2 29 1.0400518
2 20 9.522012
2 37 0.78168494
2 27 1.1504697
2 16 2000.0
2 23 10.878196
2 25 0.45770225
3 36 0.25817063
3 28 5.0352654
3 24 2000.0
3 12 0.051285397
3 1 1.6526095
3 9 0.9465673
4 31 0.08239567
4 9 0.082703054
4 17 0.13300808
4 19 0.06996088
5 30 0.73892516
5 8 0.4714813
5 18 1.372521
5 13 24.649906
5 11 1.4746991
5 29 2.102748
5 34 1.9284829
5 20 2.2654686
5 37 13.629714
5 7 12.47105
5 27 1.2541593
5 16 1.4063199
5 23 2.1135917
5 25 2000.0
6 31 0.19776516
6 17 3.0983071
7 34 266.6667
7 30 0.6734347
7 20 25.189184
7 8 3.5050054
7 27 400.0
7 16 1.2195456
7 23 1.2740322
7 25 3.7134008
7 5 12.47105
8 0 2000.0
8 30 0.43497625
8 18 1.3444252
8 13 0.71091616
8 11 0.8302265
8 29 0.30901983
8 5 0.4714813
8 34 9.643024
8 2 1.3726078
8 37 1.1756055
8 7 3.5050054
8 27 1.4790128
8 16 2.0498688
8 23 0.93761134
8 25 2000.0
9 36 0.34403875
9 26 2000.0
9 28 1.1861544
9 10 86.64489
9 22 0.06479474
9 31 0.029241383
9 3 0.9465673
9 4 0.082703054
9 17 0.030719679
9 19 0.0717091
10 26 0.03009501
10 28 0.24271163
10 24 0.078237325
10 31 11.255208
10 12 28.97003
10 9 86.64489
10 17 0.03050334
11 0 2000.0
11 30 0.86640126
11 8 0.8302265
11 18 10.102076
11 13 0.8668529
11 33 2.653979
11 29 0.88425857
11 5 1.4746991
11 34 1.9835047
11 20 1.0461198
11 2 1.6247311
11 37 1.3954604
11 7 1630.625
11 27 1.1561942
11 16 1.8142421
11 25 0.96160823
12 26 3.0658576
12 32 3.8228447
12 10 28.97003
12 24 0.08630652
12 21 0.2981369
12 3 0.051285397
12 1 8.146679
13 30 90.2108
13 0 1.1094639
13 8 0.71091616
13 18 153.25569
13 33 1.152378
13 11 0.8668529
13 29 0.66140354
13 5 24.649906
13 34 340.8787
13 20 1.6811943
13 2 0.68555534
13 14 9.426559
13 37 1.798835
13 7 2000.0
13 27 1.1347854
13 16 44.268665
13 25 0.25089175
14 34 2000.0
14 30 23.917282
14 20 5.378113
14 13 9.426559
14 27 8.22785
14 33 0.4249422
14 11 2000.0
14 25 2.896377
15 32 0.07247984
15 24 2000.0
15 21 11.137279
16 0 2000.0
16 30 1.3084269
16 8 2.0498688
16 18 1.4714683
16 13 44.268665
16 11 1.8142421
16 5 1.4063199
16 34 169.56847
16 20 81.139786
16 7 1.2195456
16 27 1.6095564
16 23 2.837323
16 25 1.5268624
17 6 3.0983071
17 26 1.4959091
17 10 0.03050334
17 24 0.13563369
17 31 1.3113474
17 9 0.030719679
17 4 0.13300808
17 19 1397.8977
18 0 2000.0
18 30 0.6773473
18 8 1.3444252
18 13 153.25569
18 11 10.102076
18 29 1.5035567
18 5 1.372521
18 2 3.0901937
18 37 2.5278995
18 7 2000.0
18 27 31.337189
18 16 1.4714683
18 23 1.7101517
19 31 0.10559845
19 9 0.0717091
19 4 0.06996088
20 30 4.656597
20 13 1.6811943
20 33 1.2872386
20 11 1.0461198
20 29 12.49592
20 5 2.2654686
20 34 1.276721
20 2 9.522012
20 14 5.378113
20 37 2.755654
20 7 25.189184
20 27 2.9905899
20 16 81.139786
20 25 0.63443524
21 32 2000.0
21 24 0.9641603
21 35 0.032883033
21 31 2000.0
21 12 0.2981369
21 15 11.137279
22 31 1923.428
22 9 0.06479474
22 19 2000.0
23 0 2000.0
23 30 1.646588
23 8 0.93761134
23 2 10.878196
23 37 1.5175192
23 18 1.7101517
23 7 1.2740322
23 16 2.837323
23 11 2000.0
23 29 1.0067948
23 5 2.1135917
24 26 0.045022726
24 32 0.28105786
24 10 0.078237325
24 21 0.9641603
24 12 0.08630652
24 15 2000.0
24 17 0.13563369
25 30 24.925034
25 0 24.270775
25 13 0.25089175
25 33 0.79325056
25 11 0.96160823
25 29 1.2785525
25 34 2.325544
25 20 0.63443524
25 2 0.45770225
25 14 2.896377
25 37 26.799513
25 7 3.7134008
25 27 0.21952027
25 16 1.5268624
26 32 27.325947
26 28 0.085166395
26 10 0.03009501
26 24 0.045022726
26 31 0.16319126
26 12 3.0658576
26 17 1.4959091
27 30 0.3121918
27 0 2000.0
27 8 1.4790128
27 18 31.337189
27 13 1.1347854
27 33 1.0905578
27 11 1.1561942
27 29 0.63459057
27 5 1.2541593
27 34 0.94854546
27 20 2.9905899
27 2 1.1504697
27 14 8.22785
27 37 2.1307657
27 7 400.0
27 16 1.6095564
27 25 0.21952027
28 36 0.030474389
28 26 0.085166395
28 10 0.24271163
28 3 5.0352654
28 12 1203.8636
28 9 1.1861544
28 19 1545.284
29 0 26.482332
29 30 1.3693851
29 8 0.30901983
29 18 1.5035567
29 13 0.66140354
29 33 22.797277
29 11 0.88425857
29 5 2.102748
29 34 3.0646636
29 20 12.49592
29 2 1.0400518
29 37 0.63625735
29 7 2000.0
29 27 0.63459057
29 16 2000.0
29 23 1.0067948
29 25 1.2785525
30 8 0.43497625
30 18 0.6773473
30 13 90.2108
30 33 10.478409
30 11 0.86640126
30 29 1.3693851
30 5 0.73892516
30 34 0.80702406
30 20 4.656597
30 2 9.066181
30 14 23.917282
30 37 16.658426
30 7 0.6734347
30 27 0.3121918
30 16 1.3084269
30 23 1.646588
30 25 24.925034
31 26 0.16319126
31 6 0.19776516
31 10 11.255208
31 35 160.0
31 9 0.029241383
31 4 0.08239567
31 17 1.3113474
31 19 0.10559845
32 26 27.325947
32 24 0.28105786
32 12 3.8228447
32 15 0.07247984
33 30 10.478409
33 8 2000.0
33 13 1.152378
33 11 2.653979
33 29 22.797277
33 5 2000.0
33 34 2000.0
33 20 1.2872386
33 2 1.9378701
33 14 0.4249422
33 7 2000.0
33 27 1.0905578
33 16 3017.898
33 25 0.79325056
34 30 0.80702406
34 20 1.276721
34 8 9.643024
34 37 2000.0
34 13 340.8787
34 7 266.6667
34 27 0.94854546
34 16 169.56847
34 11 1.9835047
34 29 3.0646636
34 25 2.325544
34 5 1.9284829
35 21 0.032883033
35 31 160.0
36 28 0.030474389
36 3 0.25817063
36 9 0.34403875
37 30 16.658426
37 0 1.3484087
37 8 1.1756055
37 18 2.5278995
37 13 1.798835
37 11 1.3954604
37 29 0.63625735
37 5 13.629714
37 20 2.755654
37 2 0.78168494
37 7 3155.9658
37 27 2.1307657
37 16 2000.0
37 23 1.5175192
37 25 26.799513
