0 2 1.2799181
0 37 1.4007174
0 13 1.1683681
0 29 27.950142
0 25 12.31378
1 3 0.9385286
1 12 11.514811
2 30 65.5449
2 0 1.2799181
2 8 2.4416556
2 18 1.7307647
2 13 0.75841194
2 33 2.345759
2 11 1.853391
2 29 1.6956981
2 5 2000.0
2 20 3.01566
2 37 0.8464878
2 27 1.6261564
2 16 2000.0
2 23 42.506184
2 25 0.92679393
3 36 0.2537005
3 28 32.351727
3 24 2000.0
3 12 0.061168034
3 1 0.9385286
3 9 0.5695504
4 31 0.07101325
4 9 0.068208866
4 17 0.11094954
4 19 0.06786255
5 30 0.73451275
5 8 0.47241825
5 18 0.9388922
5 13 33.284405
5 11 2.3882306
5 29 1.9184545
5 34 2.0196924
5 20 2.8111117
5 37 31.24188
5 7 21.394815
5 27 1.4657476
5 16 2.2020173
5 23 3.2049074
5 25 2000.0
6 31 0.2328614
6 17 4.768308
7 34 426.95758
7 30 1.2255039
7 20 49.565407
7 8 5.9545016
7 16 1.2853644
7 23 1.0980972
7 11 123.06676
7 25 3.5896575
7 5 21.394815
8 0 2000.0
8 30 0.3240203
8 18 1.345178
8 13 2.7694871
8 11 1.214914
8 29 1.4771657
8 5 0.47241825
8 34 2000.0
8 2 2.4416556
8 37 1.4935405
8 7 5.9545016
8 27 2.2258859
8 16 1.5815918
8 23 0.9222433
8 25 2000.0
9 36 0.775592
9 26 2000.0
9 28 0.75416666
9 10 2.7282166
9 22 0.06054856
9 31 0.035902727
9 3 0.5695504
9 4 0.068208866
9 17 0.036596496
9 19 0.06525799
10 26 0.029701097
10 28 0.5107569
10 24 0.08322903
10 31 1.3025414
10 12 1558.409
10 9 2.7282166
10 17 0.036484722
11 0 2000.0
11 30 0.7275869
11 8 1.214914
11 18 39.543983
11 13 1.287104
11 33 2.4065704
11 29 0.9633598
11 5 2.3882306
11 34 2.3953335
11 20 0.62829983
11 2 1.853391
11 37 1.6300508
11 7 123.06676
11 27 0.6657643
11 16 0.66866744
11 25 0.9546053
12 26 0.57946813
12 32 2.8353477
12 28 176.58034
12 24 0.07711024
12 21 0.115454555
12 3 0.061168034
12 1 11.514811
13 30 114.130936
13 0 1.1683681
13 8 2.7694871
13 18 104.603905
13 33 1.0392644
13 11 1.287104
13 29 0.952393
13 5 33.284405
13 34 86.1652
13 20 1.3409882
13 2 0.75841194
13 14 7.299385
13 37 1.0361123
13 7 2000.0
13 27 0.63324684
13 16 200.0
13 25 0.34051502
14 30 6.9318914
14 20 4.23623
14 13 7.299385
14 27 5.3433175
14 33 0.42609215
14 25 2.1196222
15 32 0.06938827
15 24 349.99997
15 21 6.6756196
16 30 1.1022449
16 20 7.737087
16 8 1.5815918
16 18 0.92968535
16 7 1.2853644
16 13 200.0
16 27 1.5483224
16 11 0.66866744
16 23 3.9901729
16 25 0.7848867
16 29 258.44034
16 5 2.2020173
17 6 4.768308
17 26 1.6629552
17 10 0.036484722
17 24 0.08714349
17 31 1.0004191
17 9 0.036596496
17 4 0.11094954
17 19 3.032362
18 0 2000.0
18 30 0.97771513
18 8 1.345178
18 13 104.603905
18 11 39.543983
18 29 1.3363771
18 5 0.9388922
18 2 1.7307647
18 37 3.226647
18 7 2000.0
18 27 18.659225
18 16 0.92968535
18 23 1.8153187
19 31 0.07484315
19 9 0.06525799
19 17 3.032362
19 4 0.06786255
20 30 1.7531502
20 13 1.3409882
20 33 2.2347078
20 11 0.62829983
20 29 95.99784
20 5 2.8111117
20 34 1.2252237
20 2 3.01566
20 14 4.23623
20 37 3.2773726
20 7 49.565407
20 27 1.1638696
20 16 7.737087
20 25 0.5255749
21 26 2000.0
21 32 514.2857
21 24 0.38175517
21 35 0.03274963
21 31 2000.0
21 12 0.115454555
21 15 6.6756196
22 31 25.546267
22 9 0.06054856
22 19 2000.0
23 0 2000.0
23 30 1.4413607
23 8 0.9222433
23 2 42.506184
23 37 3.9254863
23 18 1.8153187
23 7 1.0980972
23 16 3.9901729
23 11 2000.0
23 29 2.2600121
23 5 3.2049074
24 26 0.044627633
24 32 0.22628683
24 10 0.08322903
24 21 0.38175517
24 31 2000.0
24 12 0.07711024
24 3 2000.0
24 15 349.99997
24 17 0.08714349
25 0 12.31378
25 30 31.012478
25 13 0.34051502
25 33 0.8101628
25 11 0.9546053
25 29 1.6037235
25 34 1.2468653
25 20 0.5255749
25 2 0.92679393
25 14 2.1196222
25 37 35.90114
25 7 3.5896575
25 27 0.32682133
25 16 0.7848867
26 32 24.258394
26 28 0.044602275
26 10 0.029701097
26 24 0.044627633
26 31 0.22194138
26 12 0.57946813
26 17 1.6629552
27 30 0.3834397
27 0 2000.0
27 8 2.2258859
27 18 18.659225
27 13 0.63324684
27 33 0.8072181
27 11 0.6657643
27 29 1.0300745
27 5 1.4657476
27 34 0.92539847
27 20 1.1638696
27 2 1.6261564
27 14 5.3433175
27 37 1.8785373
27 7 2000.0
27 16 1.5483224
27 25 0.32682133
28 36 0.03563711
28 26 0.044602275
28 10 0.5107569
28 3 32.351727
28 12 176.58034
28 9 0.75416666
28 19 148.77274
29 0 27.950142
29 30 3.5398183
29 8 1.4771657
29 18 1.3363771
29 13 0.952393
29 33 15.990054
29 11 0.9633598
29 5 1.9184545
29 34 2.6311972
29 20 95.99784
29 2 1.6956981
29 37 0.87682694
29 7 2000.0
29 27 1.0300745
29 16 258.44034
29 23 2.2600121
29 25 1.6037235
30 8 0.3240203
30 18 0.97771513
30 13 114.130936
30 33 12.192577
30 11 0.7275869
30 29 3.5398183
30 5 0.73451275
30 34 1.2535839
30 20 1.7531502
30 2 65.5449
30 14 6.9318914
30 37 47.86044
30 7 1.2255039
30 27 0.3834397
30 16 1.1022449
30 23 1.4413607
30 25 31.012478
31 26 0.22194138
31 6 0.2328614
31 10 1.3025414
31 22 25.546267
31 9 0.035902727
31 4 0.07101325
31 17 1.0004191
31 19 0.07484315
32 26 24.258394
32 24 0.22628683
32 21 514.2857
32 12 2.8353477
32 15 0.06938827
33 34 2000.0
33 30 12.192577
33 20 2.2347078
33 2 2.345759
33 14 0.42609215
33 13 1.0392644
33 7 2000.0
33 27 0.8072181
33 16 1971.0227
33 11 2.4065704
33 29 15.990054
33 25 0.8101628
34 30 1.2535839
34 20 1.2252237
34 37 2000.0
34 13 86.1652
34 7 426.95758
34 27 0.92539847
34 16 2000.0
34 11 2.3953335
34 29 2.6311972
34 25 1.2468653
34 5 2.0196924
35 21 0.03274963
35 31 1086.4204
36 28 0.03563711
36 3 0.2537005
36 9 0.775592
37 30 47.86044
37 0 1.4007174
37 8 1.4935405
37 18 3.226647
37 13 1.0361123
37 11 1.6300508
37 29 0.87682694
37 5 31.24188
37 20 3.2773726
37 2 0.8464878
37 7 2896.25
37 27 1.8785373
37 16 2000.0
37 23 3.9254863
37 25 35.90114
