0 8 14.137767
0 2 1.29521
0 37 0.8921111
0 13 0.6022908
0 11 152.76248
0 29 11.461733
1 3 0.25862926
1 12 70.94709
2 30 7.790377
2 0 1.29521
2 8 1.0904206
2 18 11.978551
2 13 0.3067898
2 33 1.5689297
2 11 1.0697305
2 29 0.84598756
2 20 3.6892526
2 37 1.0596787
2 27 0.6799886
2 16 2000.0
2 23 32.101826
2 25 1.7479211
3 36 0.21417533
3 28 0.12434143
3 24 1238.0682
3 12 0.06618951
3 1 0.25862926
3 9 0.24411628
4 31 0.083435595
4 9 0.06766775
4 17 0.08608643
4 19 0.0857151
5 34 9.008254
5 30 0.66226
5 20 3.77829
5 8 0.6384
5 18 1.1986235
5 7 3.3496754
5 13 2000.0
5 27 2.630531
5 16 1.7460558
5 23 2.6546338
5 11 2.1933255
5 29 6.127512
6 31 0.7045944
6 17 0.8306935
7 34 29.20179
7 30 0.9363821
7 20 3.778456
7 8 12.391474
7 37 24.712517
7 27 22.222221
7 16 1.4947588
7 11 4.7632995
7 23 1.2393011
7 25 6.5106645
7 5 3.3496754
8 0 14.137767
8 30 0.7358268
8 18 1.2343321
8 13 2.8033016
8 11 0.7259245
8 29 0.6343363
8 5 0.6384
8 34 4.0917187
8 2 1.0904206
8 37 1.2419702
8 7 12.391474
8 27 1.9220656
8 16 1.5421163
8 23 0.7281744
9 36 0.9732955
9 26 2000.0
9 28 1.0999091
9 10 3.5741072
9 22 0.42823154
9 31 0.030383755
9 3 0.24411628
9 12 2000.0
9 17 0.04744063
9 4 0.06766775
9 19 0.06849852
10 26 0.054101974
10 28 0.12674621
10 24 0.0468256
10 31 0.049720872
10 12 2.686364
10 9 3.5741072
10 17 0.03138671
11 0 152.76248
11 30 0.30970782
11 8 0.7259245
11 18 7.413605
11 13 0.68146956
11 33 2.1402187
11 29 0.65617895
11 5 2.1933255
11 34 2.3908167
11 20 1.611151
11 2 1.0697305
11 37 2.1949656
11 7 4.7632995
11 27 0.7324644
11 16 1.2069147
11 25 0.92084974
12 26 0.6699414
12 28 4.955409
12 32 0.1479147
12 10 2.686364
12 24 0.07778602
12 21 0.33697096
12 3 0.06618951
12 1 70.94709
13 30 3.0855877
13 0 0.6022908
13 8 2.8033016
13 18 140.00002
13 33 0.84733856
13 11 0.68146956
13 29 1.7268957
13 34 7.8319073
13 20 0.8798772
13 2 0.3067898
13 14 1.7278708
13 37 1.501042
13 27 0.58966255
13 16 240.22289
13 25 0.7284591
14 20 1.5841347
14 13 1.7278708
14 33 0.5093442
14 27 6.3563924
14 11 2000.0
14 25 2.9309616
15 32 0.069015466
15 21 3.156699
16 30 1.1577686
16 0 2000.0
16 8 1.5421163
16 18 0.91676813
16 13 240.22289
16 11 1.2069147
16 29 75.79718
16 5 1.7460558
16 20 81.55901
16 37 177.73375
16 7 1.4947588
16 27 1.9939725
16 23 10.653523
16 25 2.0881445
17 26 1.8903924
17 6 0.8306935
17 10 0.03138671
17 24 0.26538798
17 31 1.2769881
17 9 0.04744063
17 4 0.08608643
17 19 1.5532792
18 30 0.8520304
18 2 11.978551
18 8 1.2343321
18 37 1.8236247
18 13 140.00002
18 7 2000.0
18 27 9.537284
18 16 0.91676813
18 23 1.0778908
18 11 7.413605
18 29 1.6794035
18 5 1.1986235
19 31 0.07085901
19 9 0.06849852
19 17 1.5532792
19 4 0.0857151
20 30 22.24071
20 13 0.8798772
20 33 1.26449
20 11 1.611151
20 29 14.063541
20 5 3.77829
20 34 1.2728441
20 2 3.6892526
20 14 1.5841347
20 37 8.131624
20 7 3.778456
20 27 1.1414615
20 16 81.55901
20 25 0.5661241
21 10 2000.0
21 24 0.42571548
21 35 0.049989697
21 12 0.33697096
21 15 3.156699
22 6 1615.6818
22 31 1108.2385
22 9 0.42823154
22 19 1329.4886
23 0 2000.0
23 30 1.0649946
23 2 32.101826
23 8 0.7281744
23 37 2.1060157
23 18 1.0778908
23 7 1.2393011
23 16 10.653523
23 11 2000.0
23 29 4.652007
23 5 2.6546338
24 26 0.059512153
24 28 2000.0
24 32 0.08948864
24 10 0.0468256
24 21 0.42571548
24 31 11.244169
24 12 0.07778602
24 15 2000.0
24 17 0.26538798
25 30 5.1124225
25 0 2000.0
25 13 0.7284591
25 33 0.5266187
25 11 0.92084974
25 29 2.2742882
25 34 1.4826188
25 20 0.5661241
25 2 1.7479211
25 14 2.9309616
25 37 100.0
25 7 6.5106645
25 27 0.75033534
25 16 2.0881445
26 36 240.00002
26 32 30.358665
26 28 0.030855939
26 10 0.054101974
26 24 0.059512153
26 31 0.048661403
26 12 0.6699414
26 17 1.8903924
27 0 2000.0
27 30 0.23249497
27 8 1.9220656
27 18 9.537284
27 13 0.58966255
27 33 0.8499782
27 11 0.7324644
27 29 0.71596885
27 5 2.630531
27 34 1.467115
27 20 1.1414615
27 2 0.6799886
27 14 6.3563924
27 37 1.9868884
27 7 22.222221
27 16 1.9939725
27 25 0.75033534
28 36 0.032249395
28 26 0.030855939
28 10 0.12674621
28 3 0.12434143
28 12 4.955409
28 9 1.0999091
29 0 11.461733
29 30 7.8191233
29 8 0.6343363
29 18 1.6794035
29 13 1.7268957
29 33 387.99484
29 11 0.65617895
29 5 6.127512
29 34 13.865729
29 20 14.063541
29 2 0.84598756
29 37 2.388657
29 7 2000.0
29 27 0.71596885
29 16 75.79718
29 23 4.652007
29 25 2.2742882
30 0 2000.0
30 8 0.7358268
30 18 0.8520304
30 13 3.0855877
30 33 7.27344
30 11 0.30970782
30 29 7.8191233
30 5 0.66226
30 34 8.514808
30 20 22.24071
30 2 7.790377
30 37 9.988307
30 7 0.9363821
30 27 0.23249497
30 16 1.1577686
30 23 1.0649946
30 25 5.1124225
31 26 0.048661403
31 6 0.7045944
31 10 0.049720872
31 24 11.244169
31 9 0.030383755
31 17 1.2769881
31 4 0.083435595
31 19 0.07085901
32 26 30.358665
32 24 0.08948864
32 12 0.1479147
32 15 0.069015466
33 34 2000.0
33 30 7.27344
33 20 1.26449
33 2 1.5689297
33 14 0.5093442
33 7 2000.0
33 13 0.84733856
33 27 0.8499782
33 16 2000.0
33 11 2.1402187
33 29 387.99484
33 25 0.5266187
34 30 8.514808
34 20 1.2728441
34 8 4.0917187
34 13 7.8319073
34 7 29.20179
34 27 1.467115
34 16 1215.0568
34 11 2.3908167
34 25 1.4826188
34 29 13.865729
34 5 9.008254
35 21 0.049989697
36 26 240.00002
36 28 0.032249395
36 3 0.21417533
36 9 0.9732955
37 30 9.988307
37 0 0.8921111
37 8 1.2419702
37 18 1.8236247
37 13 1.501042
37 11 2.1949656
37 29 2.388657
37 20 8.131624
37 2 1.0596787
37 7 24.712517
37 27 1.9868884
37 16 177.73375
37 23 2.1060157
37 25 100.0
