0 2 0.8440779
0 37 1.6391118
0 13 0.901159
0 29 38.63112
0 25 34.18295
1 3 0.7395834
1 12 18.006708
2 30 10.252825
2 0 0.8440779
2 8 1.7057729
2 18 1.4044396
2 13 0.5544446
2 33 1.7517855
2 11 2.0196738
2 29 1.3385046
2 20 2.8572037
2 37 0.7764552
2 27 1.1399567
2 16 2000.0
2 23 10.919311
2 25 0.41504723
3 36 0.8027237
3 28 25.201515
3 24 2000.0
3 12 0.0739031
3 1 0.7395834
3 9 0.7619845
4 31 0.07307728
4 9 0.078286506
4 17 0.16115487
4 19 0.08161128
5 30 0.6470422
5 8 0.626133
5 18 1.157461
5 13 159.4717
5 11 1.7233617
5 29 3.2436962
5 34 2.2527175
5 20 1.7275412
5 37 11.382984
5 7 18.932003
5 27 1.494312
5 16 1.6966835
5 23 5.4349875
5 25 2000.0
6 31 0.21834502
6 17 2.8811407
7 34 171.42857
7 30 1.6962208
7 20 21.348686
7 8 5.11477
7 16 1.4439815
7 23 2.057597
7 25 1.712432
7 5 18.932003
8 0 2000.0
8 30 0.4178534
8 18 1.3725896
8 13 2.6536996
8 11 1.0185161
8 29 0.33990014
8 5 0.626133
8 34 31.626226
8 2 1.7057729
8 37 0.85091776
8 7 5.11477
8 27 0.40667355
8 16 1.5592643
8 23 0.80738425
8 25 2000.0
9 36 1.0208242
9 26 2000.0
9 28 0.72345036
9 10 3.6465566
9 22 0.06322314
9 31 0.028777232
9 12 2000.0
9 3 0.7619845
9 4 0.078286506
9 17 0.042296946
9 19 0.11213189
10 26 0.034778044
10 28 0.32291666
10 24 0.06323894
10 31 1.1218945
10 12 1516.25
10 9 3.6465566
10 17 0.029866204
11 0 2000.0
11 30 0.91072065
11 8 1.0185161
11 18 4.893912
11 13 1.0837781
11 33 1.8075554
11 29 0.8207083
11 5 1.7233617
11 34 2.320635
11 20 1.0288565
11 2 2.0196738
11 37 1.2195604
11 7 1362.1592
11 27 0.7016809
11 16 0.94382894
11 25 0.74907297
12 26 7.7041526
12 32 19.653913
12 24 0.069318175
12 21 0.07957412
12 3 0.0739031
12 1 18.006708
13 30 63.05966
13 0 0.901159
13 8 2.6536996
13 18 34.05499
13 33 1.2649604
13 11 1.0837781
13 29 0.9516943
13 5 159.4717
13 34 2000.0
13 20 1.0199859
13 2 0.5544446
13 14 8.148791
13 37 1.6095005
13 7 2000.0
13 27 0.3330224
13 16 151.24748
13 25 0.230381
14 30 13.179215
14 20 2.0369837
14 13 8.148791
14 27 9.018292
14 33 0.39195573
14 11 2000.0
14 25 1.8918222
15 32 0.080119595
15 21 10.186869
16 30 1.0662197
16 0 2000.0
16 8 1.5592643
16 18 1.3515735
16 13 151.24748
16 11 0.94382894
16 5 1.6966835
16 34 21.353125
16 20 16.249998
16 7 1.4439815
16 27 1.3159733
16 23 2.5346508
16 25 1.5799568
17 6 2.8811407
17 26 1.3357592
17 10 0.029866204
17 24 0.05853344
17 31 0.9831195
17 9 0.042296946
17 4 0.16115487
17 19 1302.3864
18 0 2000.0
18 30 0.7794856
18 8 1.3725896
18 13 34.05499
18 11 4.893912
18 29 1.2562388
18 5 1.157461
18 2 1.4044396
18 37 3.0376387
18 7 2000.0
18 27 67.209114
18 16 1.3515735
18 23 1.6494921
19 28 83.55341
19 31 0.09023621
19 9 0.11213189
19 4 0.08161128
20 30 1.7147402
20 8 2000.0
20 13 1.0199859
20 33 1.1005126
20 11 1.0288565
20 29 8.908705
20 5 1.7275412
20 34 0.9135315
20 2 2.8572037
20 14 2.0369837
20 37 2.793925
20 7 21.348686
20 27 1.4424378
20 16 16.249998
20 25 0.4608821
21 26 2000.0
21 32 200.0
21 24 1.6744565
21 35 0.034873325
21 12 0.07957412
21 15 10.186869
22 31 800.0
22 9 0.06322314
22 19 2000.0
23 0 2000.0
23 30 3.177336
23 8 0.80738425
23 2 10.919311
23 37 2.081893
23 18 1.6494921
23 7 2.057597
23 16 2.5346508
23 11 2000.0
23 29 1.2708
23 5 5.4349875
24 26 0.04531483
24 32 0.41812125
24 10 0.06323894
24 21 1.6744565
24 12 0.069318175
24 17 0.05853344
25 30 13.808901
25 0 34.18295
25 13 0.230381
25 33 0.79654795
25 11 0.74907297
25 29 2.1352227
25 34 2.2683725
25 20 0.4608821
25 2 0.41504723
25 14 1.8918222
25 37 25.6
25 7 1.712432
25 27 0.23177004
25 16 1.5799568
26 32 156.55763
26 28 0.05129045
26 10 0.034778044
26 24 0.04531483
26 31 0.17992164
26 12 7.7041526
26 17 1.3357592
27 30 0.26610702
27 0 2000.0
27 8 0.40667355
27 18 67.209114
27 13 0.3330224
27 33 1.0669051
27 11 0.7016809
27 29 2.11945
27 5 1.494312
27 34 0.9773887
27 20 1.4424378
27 2 1.1399567
27 14 9.018292
27 37 0.9642434
27 7 2000.0
27 16 1.3159733
27 25 0.23177004
28 36 0.03549606
28 26 0.05129045
28 10 0.32291666
28 3 25.201515
28 12 1192.9546
28 9 0.72345036
28 19 83.55341
29 0 38.63112
29 30 0.9204229
29 8 0.33990014
29 18 1.2562388
29 13 0.9516943
29 33 30.796982
29 11 0.8207083
29 5 3.2436962
29 34 2.4189923
29 20 8.908705
29 2 1.3385046
29 37 0.7439704
29 7 2000.0
29 27 2.11945
29 16 2000.0
29 23 1.2708
29 25 2.1352227
30 8 0.4178534
30 18 0.7794856
30 13 63.05966
30 33 16.6666
30 11 0.91072065
30 29 0.9204229
30 5 0.6470422
30 34 0.9187816
30 20 1.7147402
30 2 10.252825
30 14 13.179215
30 37 12.925066
30 7 1.6962208
30 27 0.26610702
30 16 1.0662197
30 23 3.177336
30 25 13.808901
31 26 0.17992164
31 6 0.21834502
31 10 1.1218945
31 35 41.609848
31 22 800.0
31 21 2000.0
31 9 0.028777232
31 4 0.07307728
31 17 0.9831195
31 19 0.09023621
32 26 156.55763
32 24 0.41812125
32 21 200.0
32 12 19.653913
32 15 0.080119595
33 30 16.6666
33 13 1.2649604
33 11 1.8075554
33 29 30.796982
33 5 2000.0
33 34 2000.0
33 20 1.1005126
33 2 1.7517855
33 14 0.39195573
33 7 2000.0
33 27 1.0669051
33 16 2422.443
33 25 0.79654795
34 30 0.9187816
34 20 0.9135315
34 8 31.626226
34 37 2000.0
34 7 171.42857
34 13 2000.0
34 27 0.9773887
34 16 21.353125
34 11 2.320635
34 29 2.4189923
34 25 2.2683725
34 5 2.2527175
35 21 0.034873325
35 31 41.609848
36 28 0.03549606
36 3 0.8027237
36 9 1.0208242
37 30 12.925066
37 0 1.6391118
37 8 0.85091776
37 18 3.0376387
37 13 1.6095005
37 11 1.2195604
37 29 0.7439704
37 5 11.382984
37 20 2.793925
37 2 0.7764552
37 7 5460.739
37 27 0.9642434
37 16 2000.0
37 23 2.081893
37 25 25.6
