0 2 0.9438279
0 37 3.2814753
0 13 1.6101084
0 29 17.567698
0 25 21.704458
1 3 0.8523569
1 12 32.689884
2 30 16.836079
2 0 0.9438279
2 8 1.7344886
2 18 3.2236662
2 13 0.60254914
2 33 1.9979908
2 11 1.207488
2 29 1.7327204
2 20 3.666662
2 37 0.8438047
2 27 0.84449846
2 16 2000.0
2 23 9.737953
2 25 0.41006076
3 36 0.53201836
3 28 5.722654
3 24 2000.0
3 12 0.06881314
3 1 0.8523569
3 9 0.5909956
4 31 0.06650564
4 9 0.115946956
4 17 0.121323526
4 19 0.075185694
5 30 2.2435045
5 8 1.8003684
5 18 1.5421246
5 13 73.165085
5 11 5.7561154
5 29 11.831001
5 34 9.300981
5 20 6.018225
5 37 25.050947
5 7 12.906819
5 27 5.231699
5 16 1.7480059
5 23 8.2114
5 25 2000.0
6 31 0.111593194
6 17 2.6602864
7 30 0.84690356
7 20 196.58476
7 8 6.760488
7 37 88.38232
7 16 1.2301768
7 23 1.3269485
7 25 4.050592
7 5 12.906819
8 0 2000.0
8 30 0.55454546
8 18 1.0671421
8 13 2.7343662
8 11 1.9926045
8 29 1.8872042
8 5 1.8003684
8 34 19.181686
8 2 1.7344886
8 37 0.9999571
8 7 6.760488
8 27 2.9812856
8 16 2.778597
8 23 1.7096239
8 25 2000.0
9 36 0.3327722
9 26 2000.0
9 28 1.1664454
9 10 40.617897
9 22 0.055139303
9 31 0.028330538
9 3 0.5909956
9 12 2000.0
9 4 0.115946956
9 17 0.03656319
9 19 0.055727206
10 26 0.028964859
10 28 0.44287366
10 24 0.08286669
10 31 6.161689
10 12 48.467842
10 9 40.617897
10 17 0.030086143
11 0 2000.0
11 30 1.0150483
11 8 1.9926045
11 18 12.454865
11 13 0.83482957
11 33 4.442585
11 29 1.380371
11 5 5.7561154
11 34 3.886107
11 20 2.8053248
11 2 1.207488
11 37 1.3472395
11 7 4786.3066
11 27 0.8587519
11 16 1.7472209
11 25 1.0654248
12 26 0.6317149
12 32 4.408018
12 10 48.467842
12 24 0.06948219
12 21 0.09202663
12 3 0.06881314
12 1 32.689884
13 30 75.73713
13 0 1.6101084
13 8 2.7343662
13 18 132.08238
13 33 0.7537052
13 11 0.83482957
13 29 1.45641
13 5 73.165085
13 34 2654.5457
13 20 1.2762853
13 2 0.60254914
13 14 2.3793612
13 37 1.3769801
13 7 2000.0
13 27 2.173125
13 16 77.058304
13 25 0.25268447
14 30 9.598279
14 20 4.5220833
14 13 2.3793612
14 27 1.8607231
14 33 0.42126
14 25 2.247972
15 32 0.07423296
15 21 12.281847
16 30 1.0847341
16 0 2000.0
16 8 2.778597
16 18 1.8293267
16 13 77.058304
16 11 1.7472209
16 29 300.0
16 5 1.7480059
16 34 86.20151
16 20 29.869566
16 7 1.2301768
16 27 1.8937579
16 23 2.9973645
16 25 1.1065484
17 6 2.6602864
17 26 1.4262148
17 10 0.030086143
17 24 0.08998795
17 31 0.9996181
17 9 0.03656319
17 4 0.121323526
17 19 91.37923
18 0 2000.0
18 30 0.71339893
18 8 1.0671421
18 13 132.08238
18 11 12.454865
18 29 1.2121918
18 5 1.5421246
18 2 3.2236662
18 37 2.2821264
18 7 2000.0
18 27 39.66182
18 16 1.8293267
18 23 1.8415114
19 31 0.076925725
19 9 0.055727206
19 17 91.37923
19 4 0.075185694
20 30 1.4018848
20 8 2000.0
20 13 1.2762853
20 33 1.3209244
20 11 2.8053248
20 29 20.58359
20 5 6.018225
20 34 1.303705
20 2 3.666662
20 14 4.5220833
20 37 16.319439
20 7 196.58476
20 27 5.841963
20 16 29.869566
20 25 1.2817837
21 32 800.0
21 24 1.0750002
21 35 0.03896864
21 31 2000.0
21 12 0.09202663
21 15 12.281847
22 31 96.969696
22 9 0.055139303
22 19 2000.0
23 0 2000.0
23 30 2.7913523
23 8 1.7096239
23 2 9.737953
23 37 1.9301642
23 18 1.8415114
23 7 1.3269485
23 16 2.9973645
23 11 2000.0
23 29 2.338497
23 5 8.2114
24 26 0.06886469
24 32 0.40888888
24 10 0.08286669
24 21 1.0750002
24 12 0.06948219
24 17 0.08998795
25 30 23.419846
25 0 21.704458
25 13 0.25268447
25 33 0.62996227
25 11 1.0654248
25 29 3.8720756
25 34 9.401208
25 20 1.2817837
25 2 0.41006076
25 14 2.247972
25 37 57.803516
25 7 4.050592
25 27 0.3672586
25 16 1.1065484
26 32 160.0
26 28 0.061046515
26 10 0.028964859
26 24 0.06886469
26 31 0.27958035
26 12 0.6317149
26 17 1.4262148
27 30 0.1762532
27 0 2000.0
27 8 2.9812856
27 18 39.66182
27 13 2.173125
27 33 0.72445107
27 11 0.8587519
27 29 1.1245085
27 5 5.231699
27 34 1.4566016
27 20 5.841963
27 2 0.84449846
27 14 1.8607231
27 37 1.4914311
27 7 2000.0
27 16 1.8937579
27 25 0.3672586
28 36 0.03608817
28 26 0.061046515
28 10 0.44287366
28 3 5.722654
28 12 1216.1364
28 9 1.1664454
28 19 1372.6704
29 0 17.567698
29 30 0.998098
29 8 1.8872042
29 18 1.2121918
29 13 1.45641
29 33 13.930927
29 11 1.380371
29 5 11.831001
29 34 4.9690356
29 20 20.58359
29 2 1.7327204
29 37 1.4018118
29 7 2000.0
29 27 1.1245085
29 16 300.0
29 23 2.338497
29 25 3.8720756
30 8 0.55454546
30 18 0.71339893
30 13 75.73713
30 33 6.662282
30 11 1.0150483
30 29 0.998098
30 5 2.2435045
30 34 0.7791844
30 20 1.4018848
30 2 16.836079
30 14 9.598279
30 37 17.361391
30 7 0.84690356
30 27 0.1762532
30 16 1.0847341
30 23 2.7913523
30 25 23.419846
31 26 0.27958035
31 6 0.111593194
31 10 6.161689
31 35 27.311556
31 22 96.969696
31 9 0.028330538
31 4 0.06650564
31 17 0.9996181
31 19 0.076925725
32 26 160.0
32 24 0.40888888
32 21 800.0
32 12 4.408018
32 15 0.07423296
33 30 6.662282
33 8 2000.0
33 13 0.7537052
33 11 4.442585
33 29 13.930927
33 34 2000.0
33 20 1.3209244
33 2 1.9979908
33 14 0.42126
33 7 2000.0
33 27 0.72445107
33 16 3017.898
33 25 0.62996227
34 30 0.7791844
34 20 1.303705
34 8 19.181686
34 37 2000.0
34 7 2000.0
34 27 1.4566016
34 16 86.20151
34 11 3.886107
34 29 4.9690356
34 25 9.401208
34 5 9.300981
35 21 0.03896864
35 31 27.311556
36 28 0.03608817
36 3 0.53201836
36 9 0.3327722
37 30 17.361391
37 0 3.2814753
37 8 0.9999571
37 18 2.2821264
37 13 1.3769801
37 11 1.3472395
37 29 1.4018118
37 5 25.050947
37 20 16.319439
37 2 0.8438047
37 7 88.38232
37 27 1.4914311
37 16 2000.0
37 23 1.9301642
37 25 57.803516
