0 2 0.99091595
0 37 1.1864215
0 13 0.948462
0 29 19.859346
0 25 6.416637
1 3 0.4683721
1 12 11.944914
2 30 14.554984
2 0 0.99091595
2 8 1.300961
2 18 2.632297
2 13 0.6381913
2 33 1.7114025
2 11 2.2086027
2 29 1.3152184
2 20 3.1390378
2 37 0.80077165
2 27 1.2929838
2 16 2000.0
2 23 7.9993796
2 25 0.41976476
3 36 0.32846454
3 28 16.748377
3 24 2000.0
3 12 0.06873152
3 1 0.4683721
3 9 0.41091812
4 31 0.0730674
4 9 0.0804706
4 17 0.10571203
4 19 0.07222281
5 30 0.5204362
5 8 0.4760485
5 18 0.7831014
5 13 15.113346
5 11 5.1872973
5 29 2.2314935
5 34 2.7960873
5 20 3.369678
5 37 8.722745
5 7 7.453278
5 27 2.1219966
5 16 1.4339932
5 23 2.0095992
5 25 2000.0
6 31 0.20062064
6 17 1.2281799
7 30 0.7616924
7 20 104.55255
7 8 7.0067043
7 16 1.2786876
7 23 1.1738201
7 25 3.329785
7 5 7.453278
8 0 2000.0
8 30 0.45787948
8 18 1.1252255
8 13 1.6864412
8 11 1.3437554
8 29 0.8463981
8 5 0.4760485
8 34 39.497524
8 2 1.300961
8 37 0.885238
8 7 7.0067043
8 27 2.165573
8 16 1.6199003
8 23 1.0417954
8 25 2000.0
9 36 0.4115167
9 26 2000.0
9 28 0.7960093
9 10 14.478264
9 22 0.0534595
9 31 0.028086994
9 3 0.41091812
9 12 2000.0
9 4 0.0804706
9 17 0.034989875
9 19 0.06300621
10 26 0.033256967
10 28 0.2318106
10 24 0.20668131
10 31 14.301136
10 12 1181.7045
10 9 14.478264
10 17 0.034891956
11 0 2000.0
11 30 1.12789
11 8 1.3437554
11 18 15.608515
11 13 1.8673519
11 33 2.3819933
11 29 1.2912928
11 5 5.1872973
11 34 1.9566872
11 20 2.3727787
11 2 2.2086027
11 37 2.1190958
11 7 1439.6592
11 27 1.210834
11 16 0.9418249
11 25 0.94819367
12 26 0.8812835
12 32 6.4431314
12 24 0.06962555
12 21 0.11639838
12 3 0.06873152
12 1 11.944914
13 30 10.470922
13 0 0.948462
13 8 1.6864412
13 18 52.627987
13 33 0.91945773
13 11 1.8673519
13 29 1.1650718
13 5 15.113346
13 34 266.6667
13 20 2.8056576
13 2 0.6381913
13 14 5.9833837
13 37 2.149716
13 7 2000.0
13 27 0.48519167
13 16 38.157116
13 25 0.26951832
14 30 18.398489
14 20 5.0177193
14 13 5.9833837
14 27 3.2043545
14 33 0.49319252
14 11 2000.0
14 25 2.2876844
15 32 0.06966012
15 21 11.249447
16 0 2000.0
16 30 1.0598849
16 8 1.6199003
16 18 1.1035974
16 13 38.157116
16 11 0.9418249
16 5 1.4339932
16 34 104.80966
16 20 23.73322
16 7 1.2786876
16 27 1.7119853
16 23 2.567244
16 25 1.18121
17 6 1.2281799
17 26 1.7317742
17 10 0.034891956
17 24 0.098223194
17 31 0.9610363
17 9 0.034989875
17 4 0.10571203
17 19 174.26266
18 0 2000.0
18 30 0.67212826
18 8 1.1252255
18 13 52.627987
18 11 15.608515
18 29 1.2048851
18 5 0.7831014
18 2 2.632297
18 37 2.605843
18 7 2000.0
18 27 29.471432
18 16 1.1035974
18 23 1.2812777
19 31 0.089147195
19 9 0.06300621
19 17 174.26266
19 4 0.07222281
20 0 2000.0
20 30 2.2362592
20 13 2.8056576
20 33 4.210184
20 11 2.3727787
20 29 7.158364
20 5 3.369678
20 34 1.0235357
20 2 3.1390378
20 14 5.0177193
20 37 7.3468866
20 7 104.55255
20 27 5.7421007
20 16 23.73322
20 25 1.4796023
21 32 2000.0
21 10 2000.0
21 24 0.43187833
21 35 0.035293896
21 31 2000.0
21 12 0.11639838
21 15 11.249447
22 31 2000.0
22 9 0.0534595
22 19 2000.0
23 0 2000.0
23 30 0.8935369
23 8 1.0417954
23 2 7.9993796
23 37 1.4020294
23 18 1.2812777
23 7 1.1738201
23 16 2.567244
23 11 2000.0
23 29 0.8484848
23 5 2.0095992
24 26 0.045038637
24 32 0.15764719
24 10 0.20668131
24 21 0.43187833
24 31 2000.0
24 12 0.06962555
24 15 2000.0
24 17 0.098223194
25 30 6.9601164
25 0 6.416637
25 13 0.26951832
25 33 0.7241289
25 11 0.94819367
25 29 2.870047
25 34 1.8932563
25 20 1.4796023
25 2 0.41976476
25 14 2.2876844
25 37 91.28493
25 7 3.329785
25 27 0.39221612
25 16 1.18121
26 32 13.106586
26 28 0.051428124
26 10 0.033256967
26 24 0.045038637
26 31 0.18519615
26 12 0.8812835
26 17 1.7317742
27 30 0.17929885
27 0 2000.0
27 8 2.165573
27 18 29.471432
27 13 0.48519167
27 33 0.8407577
27 11 1.210834
27 29 1.0636573
27 5 2.1219966
27 34 1.0719188
27 20 5.7421007
27 2 1.2929838
27 14 3.2043545
27 37 1.9299754
27 7 1939.4318
27 16 1.7119853
27 25 0.39221612
28 36 0.03163829
28 26 0.051428124
28 10 0.2318106
28 3 16.748377
28 12 1138.4658
28 9 0.7960093
28 19 1384.8295
29 0 19.859346
29 30 1.0458077
29 8 0.8463981
29 18 1.2048851
29 13 1.1650718
29 33 17.239439
29 11 1.2912928
29 5 2.2314935
29 34 5.128307
29 20 7.158364
29 2 1.3152184
29 37 0.9395587
29 7 2000.0
29 27 1.0636573
29 16 2000.0
29 23 0.8484848
29 25 2.870047
30 8 0.45787948
30 18 0.67212826
30 13 10.470922
30 33 8.614059
30 11 1.12789
30 29 1.0458077
30 5 0.5204362
30 34 0.875558
30 20 2.2362592
30 2 14.554984
30 14 18.398489
30 37 6.8180466
30 7 0.7616924
30 27 0.17929885
30 16 1.0598849
30 23 0.8935369
30 25 6.9601164
31 26 0.18519615
31 6 0.20062064
31 10 14.301136
31 35 48.725643
31 9 0.028086994
31 4 0.0730674
31 17 0.9610363
31 19 0.089147195
32 26 13.106586
32 24 0.15764719
32 12 6.4431314
32 15 0.06966012
33 30 8.614059
33 8 2000.0
33 13 0.91945773
33 11 2.3819933
33 29 17.239439
33 5 2000.0
33 34 2000.0
33 20 4.210184
33 2 1.7114025
33 14 0.49319252
33 7 2000.0
33 27 0.8407577
33 16 3017.898
33 25 0.7241289
34 30 0.875558
34 20 1.0235357
34 8 39.497524
34 37 2000.0
34 7 2000.0
34 13 266.6667
34 27 1.0719188
34 16 104.80966
34 11 1.9566872
34 29 5.128307
34 25 1.8932563
34 5 2.7960873
35 21 0.035293896
35 31 48.725643
36 28 0.03163829
36 3 0.32846454
36 9 0.4115167
37 30 6.8180466
37 0 1.1864215
37 8 0.885238
37 18 2.605843
37 13 2.149716
37 11 2.1190958
37 29 0.9395587
37 5 8.722745
37 20 7.3468866
37 2 0.80077165
37 7 2675.625
37 27 1.9299754
37 16 2000.0
37 23 1.4020294
37 25 91.28493
