0 2 0.67472345
0 37 1.4681087
0 13 0.6152393
0 25 17.90575
0 29 5.0262666
1 3 0.7154326
1 12 8.259829
2 30 17.267324
2 0 0.67472345
2 8 1.1634827
2 18 3.5468173
2 13 0.6975517
2 33 2.8438776
2 11 1.5696721
2 29 1.391862
2 20 3.3367164
2 37 1.0933495
2 27 692.89777
2 16 2000.0
2 23 11.503513
2 25 0.5583514
3 36 0.574929
3 28 1.0926359
3 24 163.63637
3 12 0.06868572
3 1 0.7154326
3 9 0.47837242
4 31 0.08131415
4 9 0.08081012
4 17 0.12671292
4 19 0.067162514
5 30 0.6947241
5 8 1.331438
5 18 1.1716563
5 13 51.679043
5 11 2.6071863
5 29 4.8285956
5 34 1.9501388
5 20 4.4486485
5 37 21.965502
5 7 4.599055
5 27 779.5454
5 16 1.5057676
5 23 5.221625
5 25 2000.0
6 31 0.12322403
6 17 5.516016
7 34 2000.0
7 30 0.5421351
7 20 45.9428
7 8 4.015402
7 37 2000.0
7 16 0.9543898
7 23 1.1961669
7 11 200.0
7 25 2.2911062
7 5 4.599055
8 0 2000.0
8 30 0.37047383
8 18 1.2663517
8 13 1.0698467
8 11 0.961205
8 29 1.0694486
8 5 1.331438
8 34 35.068188
8 2 1.1634827
8 37 1.0473355
8 7 4.015402
8 27 1067.7273
8 16 1.8227383
8 23 1.1358376
8 25 2000.0
9 36 0.38961038
9 28 1.1173388
9 10 11.788555
9 22 0.046944857
9 31 0.031603947
9 12 2000.0
9 3 0.47837242
9 4 0.08081012
9 17 0.032906868
9 19 0.08289876
10 26 35.795452
10 28 1.9365262
10 24 0.07341917
10 31 1.5740093
10 12 112.24167
10 9 11.788555
10 17 0.03152012
11 0 2000.0
11 30 1.2230089
11 8 0.961205
11 18 5.038365
11 13 0.93535686
11 33 2.0722673
11 29 1.665284
11 5 2.6071863
11 34 1.8242188
11 20 1.1570449
11 2 1.5696721
11 37 1.3879234
11 7 200.0
11 27 692.89777
11 16 0.89409095
11 25 0.7757331
12 26 2000.0
12 32 3.5907354
12 28 88.888885
12 10 112.24167
12 24 0.08176973
12 21 0.14157331
12 3 0.06868572
12 1 8.259829
13 30 35.318336
13 0 0.6152393
13 8 1.0698467
13 18 16.182596
13 33 0.90479493
13 11 0.93535686
13 29 1.3835641
13 5 51.679043
13 34 173.71204
13 20 0.99762994
13 2 0.6975517
13 14 5.182556
13 37 1.2578905
13 7 2000.0
13 27 150.96591
13 16 99.65861
13 25 0.20214444
14 30 19.29375
14 20 1.4788352
14 13 5.182556
14 27 5234.1475
14 33 0.4132026
14 11 2000.0
14 25 2.94817
15 32 0.07412547
15 21 7.4949474
16 30 1.0840837
16 0 2000.0
16 8 1.8227383
16 18 1.4544653
16 13 99.65861
16 11 0.89409095
16 29 59.312397
16 5 1.5057676
16 34 65.43466
16 20 43.810516
16 7 0.9543898
16 27 1119.8296
16 23 3.0897295
16 25 0.7735886
17 6 5.516016
17 26 1034.8864
17 10 0.03152012
17 24 0.09045645
17 31 1.0158807
17 9 0.032906868
17 4 0.12671292
17 19 115.02938
18 0 2000.0
18 30 0.65858775
18 8 1.2663517
18 2 3.5468173
18 37 2.8561497
18 13 16.182596
18 27 2000.0
18 16 1.4544653
18 11 5.038365
18 23 1.1679314
18 29 1.1134602
18 5 1.1716563
19 28 78.43665
19 31 0.07793909
19 9 0.08289876
19 4 0.067162514
19 17 115.02938
20 30 1.6601479
20 8 2000.0
20 13 0.99762994
20 33 1.057686
20 11 1.1570449
20 29 19.659843
20 5 4.4486485
20 34 0.9066659
20 2 3.3367164
20 14 1.4788352
20 37 2.6634533
20 7 45.9428
20 27 957.6705
20 16 43.810516
20 25 0.5464784
21 32 2000.0
21 24 1.0438715
21 35 0.032938834
21 31 2000.0
21 12 0.14157331
21 15 7.4949474
22 31 64.45889
22 9 0.046944857
22 19 2000.0
23 0 2000.0
23 30 1.7346703
23 8 1.1358376
23 2 11.503513
23 37 1.3496213
23 18 1.1679314
23 7 1.1961669
23 16 3.0897295
23 11 2000.0
23 29 1.1609735
23 5 5.221625
24 26 37.045452
24 32 0.34025416
24 10 0.07341917
24 21 1.0438715
24 3 163.63637
24 12 0.08176973
24 17 0.09045645
25 0 17.90575
25 30 12.9842205
25 13 0.20214444
25 33 0.56221133
25 11 0.7757331
25 29 1.003168
25 34 4.492909
25 20 0.5464784
25 2 0.5583514
25 14 2.94817
25 37 27.27462
25 7 2.2911062
25 27 229.14774
25 16 0.7735886
28 36 0.03032306
28 26 51.81818
28 10 1.9365262
28 3 1.0926359
28 12 88.888885
28 9 1.1173388
28 19 78.43665
29 0 5.0262666
29 30 1.248596
29 8 1.0694486
29 18 1.1134602
29 13 1.3835641
29 11 1.665284
29 5 4.8285956
29 34 5.728271
29 20 19.659843
29 2 1.391862
29 37 1.0100474
29 7 2000.0
29 27 1898.9204
29 16 59.312397
29 23 1.1609735
29 25 1.003168
30 8 0.37047383
30 18 0.65858775
30 13 35.318336
30 33 7.987215
30 11 1.2230089
30 29 1.248596
30 5 0.6947241
30 34 0.7743578
30 20 1.6601479
30 2 17.267324
30 14 19.29375
30 37 15.509327
30 7 0.5421351
30 27 147.78409
30 16 1.0840837
30 23 1.7346703
30 25 12.9842205
31 26 2000.0
31 6 0.12322403
31 10 1.5740093
31 35 73.23992
31 22 64.45889
31 9 0.031603947
31 4 0.08131415
31 17 1.0158807
31 19 0.07793909
32 26 2000.0
32 24 0.34025416
32 21 2000.0
32 12 3.5907354
32 15 0.07412547
33 30 7.987215
33 8 2000.0
33 13 0.90479493
33 11 2.0722673
33 29 4101.932
33 5 2000.0
33 34 2000.0
33 20 1.057686
33 2 2.8438776
33 14 0.4132026
33 7 1941.9724
33 27 698.2386
33 16 2619.6023
33 25 0.56221133
34 30 0.7743578
34 20 0.9066659
34 8 35.068188
34 37 2000.0
34 13 173.71204
34 7 2000.0
34 27 716.8182
34 16 65.43466
34 11 1.8242188
34 29 5.728271
34 25 4.492909
34 5 1.9501388
35 21 0.032938834
35 31 73.23992
36 28 0.03032306
36 3 0.574929
36 9 0.38961038
37 30 15.509327
37 0 1.4681087
37 8 1.0473355
37 18 2.8561497
37 13 1.2578905
37 11 1.3879234
37 29 1.0100474
37 5 21.965502
37 20 2.6634533
37 2 1.0933495
37 7 2000.0
37 27 725.7955
37 16 2000.0
37 23 1.3496213
37 25 27.27462
