0 8 13.3571415
0 2 0.8507605
0 37 0.5068802
0 13 0.59165466
0 11 297.42957
0 29 9.255411
0 25 2000.0
1 3 0.29617587
1 12 1202.2728
2 30 16.438828
2 0 0.8507605
2 8 1.3014072
2 18 11.654327
2 13 0.4330663
2 33 2.7636409
2 11 0.88618606
2 29 1.0099045
2 20 4.6170797
2 37 0.8756084
2 27 1.1678001
2 23 100.0
2 25 2.1111703
3 36 0.23326166
3 28 0.11362096
3 24 514.2857
3 12 0.060308445
3 1 0.29617587
3 9 0.13944247
4 31 0.080675215
4 9 0.06710829
4 17 0.078307115
4 19 0.08917792
5 34 3.8509552
5 30 0.7389448
5 20 1.0416983
5 8 0.6382223
5 18 0.4737366
5 13 2000.0
5 7 2.9092195
5 27 1.2587224
5 16 1.2889997
5 23 5.8817773
5 11 2.566605
5 29 4.345236
6 31 1.2734091
6 17 0.9015902
7 34 7.7217984
7 30 0.90118104
7 20 1.7487388
7 8 18.283127
7 37 23.340618
7 27 189.54784
7 16 1.3889531
7 11 4.0805893
7 23 0.9706456
7 25 5.8660793
7 5 2.9092195
8 0 13.3571415
8 30 0.63020086
8 18 0.7515472
8 13 2.1224759
8 11 0.8899727
8 29 0.47571158
8 5 0.6382223
8 34 6.3555675
8 2 1.3014072
8 37 1.3099301
8 7 18.283127
8 27 1.2051258
8 16 1.2289549
8 23 0.899958
9 36 1.432268
9 26 2000.0
9 28 2.6917
9 10 4.3951516
9 22 0.107193194
9 31 0.029728135
9 3 0.13944247
9 17 0.045555353
9 4 0.06710829
9 19 0.077948704
10 26 0.035053153
10 28 0.2790736
10 24 0.057678465
10 31 0.032510307
10 12 12.324563
10 9 4.3951516
10 17 0.036549076
11 0 297.42957
11 30 0.31267545
11 8 0.8899727
11 18 7.154521
11 13 0.55679023
11 33 3.2843716
11 29 1.097554
11 5 2.566605
11 34 2.9091544
11 20 0.6946319
11 2 0.88618606
11 37 1.5837966
11 7 4.0805893
11 27 0.39669684
11 16 0.9910201
11 25 0.9814773
12 26 1.0655711
12 28 7.2719893
12 32 0.2896324
12 10 12.324563
12 24 0.07500812
12 21 0.07342282
12 3 0.060308445
13 30 1.0031486
13 0 0.59165466
13 8 2.1224759
13 18 300.0
13 33 0.76969624
13 11 0.55679023
13 29 0.87927157
13 34 11.567281
13 20 0.6644737
13 2 0.4330663
13 14 1.7514935
13 37 2.728003
13 27 0.19886997
13 16 159.42833
13 25 0.61385006
14 20 0.7874169
14 13 1.7514935
14 33 0.2919952
14 27 2.6345136
14 11 2000.0
14 25 1.4756534
15 32 0.07049059
15 21 1.2197365
16 0 2000.0
16 30 1.0839993
16 8 1.2289549
16 18 0.972946
16 13 159.42833
16 11 0.9910201
16 29 59.2248
16 5 1.2889997
16 20 8.742678
16 37 118.61622
16 7 1.3889531
16 27 1.6770804
16 23 4.3312864
16 25 1.1715811
17 26 2.4409091
17 6 0.9015902
17 10 0.036549076
17 24 0.19392431
17 31 1.6584415
17 9 0.045555353
17 4 0.078307115
17 19 3.2586412
18 30 0.7481084
18 2 11.654327
18 8 0.7515472
18 37 1.1644143
18 7 2000.0
18 13 300.0
18 27 3.0826578
18 16 0.972946
18 23 1.2711025
18 11 7.154521
18 29 1.1478894
18 5 0.4737366
19 31 0.06980341
19 9 0.077948704
19 17 3.2586412
19 4 0.08917792
20 30 5.8176494
20 13 0.6644737
20 33 0.9705437
20 11 0.6946319
20 29 0.9891482
20 5 1.0416983
20 34 0.78778726
20 2 4.6170797
20 14 0.7874169
20 37 3.3413894
20 7 1.7487388
20 27 0.46760792
20 16 8.742678
20 25 0.6311202
21 32 2000.0
21 10 2000.0
21 24 0.12365777
21 35 0.049548008
21 12 0.07342282
21 15 1.2197365
22 6 1352.4432
22 31 1199.8864
22 9 0.107193194
22 19 1329.8296
23 0 2000.0
23 30 1.2780093
23 2 100.0
23 8 0.899958
23 37 2.9922168
23 18 1.2711025
23 7 0.9706456
23 16 4.3312864
23 11 2000.0
23 29 4.428622
23 5 5.8817773
24 26 0.058814697
24 32 0.10948983
24 10 0.057678465
24 21 0.12365777
24 31 16.628262
24 12 0.07500812
24 3 514.2857
24 15 2000.0
24 17 0.19392431
25 0 2000.0
25 30 3.3672254
25 13 0.61385006
25 33 0.5876794
25 11 0.9814773
25 29 3.4005294
25 34 1.8972268
25 20 0.6311202
25 2 2.1111703
25 14 1.4756534
25 37 40.845707
25 7 5.8660793
25 27 0.8983499
25 16 1.1715811
26 36 2000.0
26 32 29.354391
26 28 0.0359538
26 10 0.035053153
26 24 0.058814697
26 31 0.06491228
26 12 1.0655711
26 17 2.4409091
27 0 2000.0
27 30 0.21741435
27 8 1.2051258
27 18 3.0826578
27 13 0.19886997
27 33 1.3911365
27 11 0.39669684
27 29 0.4196372
27 5 1.2587224
27 34 1.1339412
27 20 0.46760792
27 2 1.1678001
27 14 2.6345136
27 37 1.7118279
27 7 189.54784
27 16 1.6770804
27 25 0.8983499
28 36 0.04164493
28 26 0.0359538
28 10 0.2790736
28 3 0.11362096
28 12 7.2719893
28 9 2.6917
29 0 9.255411
29 30 2.0760198
29 8 0.47571158
29 18 1.1478894
29 13 0.87927157
29 11 1.097554
29 5 4.345236
29 34 5.3570204
29 20 0.9891482
29 2 1.0099045
29 37 1.3292718
29 27 0.4196372
29 16 59.2248
29 23 4.428622
29 25 3.4005294
30 0 2000.0
30 8 0.63020086
30 18 0.7481084
30 13 1.0031486
30 33 3.0443845
30 11 0.31267545
30 29 2.0760198
30 5 0.7389448
30 34 1.9352359
30 20 5.8176494
30 2 16.438828
30 37 6.620455
30 7 0.90118104
30 27 0.21741435
30 16 1.0839993
30 23 1.2780093
30 25 3.3672254
31 26 0.06491228
31 6 1.2734091
31 10 0.032510307
31 24 16.628262
31 9 0.029728135
31 17 1.6584415
31 4 0.080675215
31 19 0.06980341
32 26 29.354391
32 24 0.10948983
32 12 0.2896324
32 15 0.07049059
33 30 3.0443845
33 8 2000.0
33 13 0.76969624
33 11 3.2843716
33 29 3275.3408
33 34 2000.0
33 20 0.9705437
33 2 2.7636409
33 14 0.2919952
33 7 2000.0
33 27 1.3911365
33 16 1998.8635
33 25 0.5876794
34 30 1.9352359
34 20 0.78778726
34 8 6.3555675
34 7 7.7217984
34 13 11.567281
34 27 1.1339412
34 16 3216.9885
34 11 2.9091544
34 25 1.8972268
34 29 5.3570204
34 5 3.8509552
35 21 0.049548008
36 26 2000.0
36 28 0.04164493
36 3 0.23326166
36 9 1.432268
37 30 6.620455
37 0 0.5068802
37 8 1.3099301
37 18 1.1644143
37 13 2.728003
37 11 1.5837966
37 29 1.3292718
37 20 3.3413894
37 2 0.8756084
37 7 23.340618
37 27 1.7118279
37 16 118.61622
37 23 2.9922168
37 25 40.845707
