0 2 1.0740113
0 37 2.0298743
0 13 1.0802778
0 29 57.413406
0 25 5.099811
1 3 0.4205221
1 12 36.559093
2 30 23.930658
2 0 1.0740113
2 8 1.6722118
2 18 2.6486886
2 13 1.0101376
2 33 1.9417728
2 11 1.8291773
2 29 1.3752323
2 20 3.7472315
2 37 0.79544604
2 27 2.3564253
2 16 2000.0
2 23 6.877141
2 25 0.56154823
3 36 0.24495971
3 28 6.6626163
3 24 400.0
3 12 0.0640121
3 1 0.4205221
3 9 0.75372577
4 31 0.09603648
4 9 0.09179397
4 17 0.18705028
4 19 0.08054001
5 30 0.5371632
5 8 0.75617814
5 18 0.6067951
5 13 19.392958
5 11 2.043073
5 29 2.2011623
5 34 3.3158772
5 20 2.15625
5 37 10.790783
5 7 18.34059
5 27 1.7231404
5 16 1.7465881
5 23 1.6352223
5 25 2000.0
6 31 0.15613723
6 17 3.4468145
7 30 0.60627204
7 20 211.69714
7 8 13.663738
7 16 1.2023113
7 23 1.146139
7 25 0.9178972
7 5 18.34059
8 0 2000.0
8 30 0.5062613
8 18 1.5199516
8 13 1.9352688
8 11 1.2217777
8 29 0.56389296
8 5 0.75617814
8 34 77.36483
8 2 1.6722118
8 37 0.822306
8 7 13.663738
8 27 1.4466726
8 16 2.2520747
8 23 1.0839857
8 25 2000.0
9 36 1.0458717
9 26 2000.0
9 28 2.3902054
9 10 15.447346
9 22 0.08451316
9 31 0.037774924
9 3 0.75372577
9 4 0.09179397
9 17 0.04434777
9 19 0.07588864
10 26 0.031482864
10 28 1.1197602
10 24 0.09066352
10 31 23.871212
10 12 1355.284
10 9 15.447346
10 17 0.036149405
11 0 2000.0
11 30 0.77155346
11 8 1.2217777
11 18 7.29589
11 13 1.025904
11 33 2.5233774
11 29 1.1358367
11 5 2.043073
11 34 2.0501065
11 20 1.4657352
11 2 1.8291773
11 37 1.2667028
11 7 2499.6592
11 27 0.6781576
11 16 0.8679434
11 25 0.8339509
12 26 1.0142218
12 32 10.313806
12 24 0.07734476
12 21 0.08205488
12 3 0.0640121
12 1 36.559093
13 30 49.60868
13 0 1.0802778
13 8 1.9352688
13 33 0.97079086
13 11 1.025904
13 29 0.8258775
13 5 19.392958
13 34 105.65516
13 20 2.332087
13 2 1.0101376
13 14 7.389699
13 37 1.1268958
13 7 2000.0
13 27 0.23302789
13 16 21.827295
13 25 0.2635787
14 30 5.530542
14 20 2.9421334
14 13 7.389699
14 27 4.2158155
14 33 0.45851308
14 25 2.0117905
15 32 0.06776489
15 24 2000.0
15 21 3.5080352
16 30 1.2707019
16 0 2000.0
16 8 2.2520747
16 18 0.9241342
16 13 21.827295
16 11 0.8679434
16 5 1.7465881
16 34 37.745243
16 20 73.731155
16 7 1.2023113
16 27 1.6920487
16 23 2.863535
16 25 0.90551794
17 6 3.4468145
17 26 2.32902
17 10 0.036149405
17 24 0.120166264
17 31 1.4106127
17 9 0.04434777
17 4 0.18705028
17 19 200.0
18 0 2000.0
18 30 0.7192708
18 8 1.5199516
18 13 2362.8218
18 11 7.29589
18 29 1.3130591
18 5 0.6067951
18 2 2.6486886
18 37 1.9085484
18 7 2000.0
18 27 28.280724
18 16 0.9241342
18 23 1.4122944
19 31 0.08696153
19 9 0.07588864
19 4 0.08054001
19 17 200.0
20 30 1.5044472
20 13 2.332087
20 33 1.2124059
20 11 1.4657352
20 29 7.9847064
20 5 2.15625
20 34 1.2440386
20 2 3.7472315
20 14 2.9421334
20 37 4.1080647
20 7 211.69714
20 27 4.1247478
20 16 73.731155
20 25 0.48019356
21 26 2000.0
21 32 2000.0
21 24 0.8507898
21 35 0.029646585
21 31 2000.0
21 12 0.08205488
21 15 3.5080352
22 31 342.85715
22 9 0.08451316
22 19 2000.0
23 0 2000.0
23 30 1.6252066
23 8 1.0839857
23 2 6.877141
23 37 1.7126931
23 18 1.4122944
23 7 1.146139
23 16 2.863535
23 11 2000.0
23 29 1.1648932
23 5 1.6352223
24 26 0.04106694
24 32 0.32090655
24 10 0.09066352
24 21 0.8507898
24 12 0.07734476
24 3 400.0
24 15 2000.0
24 17 0.120166264
25 30 33.699654
25 0 5.099811
25 13 0.2635787
25 33 0.61624223
25 11 0.8339509
25 29 1.7039297
25 34 1.8003018
25 20 0.48019356
25 2 0.56154823
25 14 2.0117905
25 37 35.14619
25 7 0.9178972
25 27 0.26669505
25 16 0.90551794
26 32 17.740793
26 28 0.060620736
26 10 0.031482864
26 24 0.04106694
26 31 0.18412384
26 12 1.0142218
26 17 2.32902
27 30 0.22756411
27 0 2000.0
27 8 1.4466726
27 18 28.280724
27 13 0.23302789
27 33 0.8470096
27 11 0.6781576
27 29 0.5574262
27 5 1.7231404
27 34 0.98157346
27 20 4.1247478
27 2 2.3564253
27 14 4.2158155
27 37 1.2821871
27 7 2000.0
27 16 1.6920487
27 25 0.26669505
28 36 0.030136432
28 26 0.060620736
28 10 1.1197602
28 3 6.6626163
28 12 1470.5682
28 9 2.3902054
28 19 1465.8523
29 0 57.413406
29 30 1.4585334
29 8 0.56389296
29 18 1.3130591
29 13 0.8258775
29 33 17.522789
29 11 1.1358367
29 5 2.2011623
29 34 2.8810046
29 20 7.9847064
29 2 1.3752323
29 37 1.1001345
29 7 2000.0
29 27 0.5574262
29 16 2000.0
29 23 1.1648932
29 25 1.7039297
30 8 0.5062613
30 18 0.7192708
30 13 49.60868
30 33 14.638163
30 11 0.77155346
30 29 1.4585334
30 5 0.5371632
30 34 0.894391
30 20 1.5044472
30 2 23.930658
30 14 5.530542
30 37 24.574902
30 7 0.60627204
30 27 0.22756411
30 16 1.2707019
30 23 1.6252066
30 25 33.699654
31 26 0.18412384
31 6 0.15613723
31 10 23.871212
31 22 342.85715
31 9 0.037774924
31 4 0.09603648
31 17 1.4106127
31 19 0.08696153
32 26 17.740793
32 24 0.32090655
32 21 2000.0
32 12 10.313806
32 15 0.06776489
33 30 14.638163
33 13 0.97079086
33 11 2.5233774
33 29 17.522789
33 5 2000.0
33 34 2000.0
33 20 1.2124059
33 2 1.9417728
33 14 0.45851308
33 7 2000.0
33 27 0.8470096
33 16 1971.0227
33 25 0.61624223
34 30 0.894391
34 20 1.2440386
34 8 77.36483
34 37 2000.0
34 7 2817.2158
34 13 105.65516
34 27 0.98157346
34 16 37.745243
34 11 2.0501065
34 29 2.8810046
34 25 1.8003018
34 5 3.3158772
35 21 0.029646585
35 31 1131.7614
36 28 0.030136432
36 3 0.24495971
36 9 1.0458717
37 30 24.574902
37 0 2.0298743
37 8 0.822306
37 18 1.9085484
37 13 1.1268958
37 11 1.2667028
37 29 1.1001345
37 5 10.790783
37 20 4.1080647
37 2 0.79544604
37 7 3679.2043
37 27 1.2821871
37 16 2000.0
37 23 1.7126931
37 25 35.14619
