0 2 0.8602869
0 37 1.6779871
0 13 0.66897464
0 25 24.054916
0 29 8.966763
1 3 1.4164186
1 12 14.566545
2 30 15.2824745
2 0 0.8602869
2 8 1.532115
2 18 2.0676227
2 13 0.9866598
2 33 2.1609979
2 11 2.2378035
2 29 1.4262903
2 20 4.431699
2 37 1.0099126
2 27 692.89777
2 16 2000.0
2 23 7.8567343
2 25 0.7166959
3 36 0.5078312
3 28 61.930534
3 24 2000.0
3 12 0.113659665
3 1 1.4164186
3 9 0.48417878
4 31 0.0643241
4 9 0.091372915
4 17 0.16995469
4 19 0.08290401
5 30 0.7709244
5 8 1.453703
5 18 0.94249606
5 13 103.79465
5 11 2.7579741
5 29 4.6845617
5 34 2.6129684
5 20 6.0185847
5 37 34.830494
5 7 9.427568
5 27 779.5454
5 16 1.4697219
5 23 2.370967
5 25 2000.0
6 31 0.12639716
6 17 3.2493432
7 34 504.487
7 30 0.63531303
7 20 36.279545
7 8 5.876824
7 27 2000.0
7 16 1.1507586
7 11 133.50056
7 23 1.303873
7 25 2.2728608
7 5 9.427568
8 0 2000.0
8 30 0.5533692
8 18 1.1633803
8 13 1.2646024
8 11 1.3991594
8 29 0.81437397
8 5 1.453703
8 34 24.846052
8 2 1.532115
8 37 0.957227
8 7 5.876824
8 27 1067.7273
8 16 1.6052245
8 23 1.5803604
8 25 2000.0
9 36 0.54029727
9 26 2000.0
9 28 0.55362093
9 10 18.46154
9 22 0.048842072
9 31 0.030445915
9 3 0.48417878
9 12 2000.0
9 4 0.091372915
9 17 0.03442073
9 19 0.0795379
10 26 35.795452
10 28 0.47125
10 24 0.10720861
10 31 1.9160136
10 12 1436.8181
10 9 18.46154
10 17 0.033165757
11 0 2000.0
11 30 0.81707376
11 8 1.3991594
11 18 3.5293715
11 13 1.1961417
11 33 1.7823228
11 29 1.3041463
11 5 2.7579741
11 34 3.0485406
11 20 1.1413378
11 2 2.2378035
11 37 1.8849487
11 7 133.50056
11 27 692.89777
11 16 1.0467463
11 25 1.177275
12 26 2000.0
12 32 2.8741477
12 24 0.08600144
12 21 0.11253666
12 3 0.113659665
12 1 14.566545
13 30 56.063713
13 0 0.66897464
13 8 1.2646024
13 18 21.957584
13 33 1.0549552
13 11 1.1961417
13 29 1.3608395
13 5 103.79465
13 34 642.9555
13 20 0.9575325
13 2 0.9866598
13 14 4.007249
13 37 1.030041
13 7 2000.0
13 27 150.96591
13 16 55.83536
13 25 0.2717043
14 30 12.465579
14 20 1.3792316
14 13 4.007249
14 27 5234.1475
14 33 0.4762512
14 11 2000.0
14 25 2.0301194
15 32 0.07260239
15 21 7.5228524
16 30 1.1398787
16 0 2000.0
16 8 1.6052245
16 18 1.2474508
16 13 55.83536
16 11 1.0467463
16 29 38.497868
16 5 1.4697219
16 34 47.596508
16 20 19.371683
16 7 1.1507586
16 27 1119.8296
16 23 2.5825949
16 25 2.0318112
17 6 3.2493432
17 26 1034.8864
17 10 0.033165757
17 24 0.08084344
17 31 0.9831668
17 9 0.03442073
17 4 0.16995469
17 19 1310.0568
18 0 2000.0
18 30 0.61074734
18 8 1.1633803
18 2 2.0676227
18 37 2.7148964
18 13 21.957584
18 27 2000.0
18 16 1.2474508
18 11 3.5293715
18 23 1.1423723
18 29 0.9503852
18 5 0.94249606
19 28 27.892614
19 31 0.086263895
19 9 0.0795379
19 4 0.08290401
20 30 3.5844886
20 8 2000.0
20 13 0.9575325
20 33 1.3439345
20 11 1.1413378
20 29 16.065487
20 5 6.0185847
20 34 0.84404343
20 2 4.431699
20 14 1.3792316
20 37 1.8127807
20 7 36.279545
20 27 957.6705
20 16 19.371683
20 25 0.6145083
21 32 2000.0
21 10 2000.0
21 24 0.8216258
21 35 0.036218207
21 31 2000.0
21 12 0.11253666
21 15 7.5228524
21 4 2000.0
22 31 85.94519
22 9 0.048842072
22 19 2000.0
23 0 2000.0
23 30 2.3275592
23 8 1.5803604
23 2 7.8567343
23 37 2.2435048
23 18 1.1423723
23 7 1.303873
23 16 2.5825949
23 11 2000.0
23 29 1.8047489
23 5 2.370967
24 26 37.045452
24 32 0.14381176
24 10 0.10720861
24 21 0.8216258
24 12 0.08600144
24 3 2000.0
24 17 0.08084344
25 0 24.054916
25 30 26.100542
25 13 0.2717043
25 33 0.49321976
25 11 1.177275
25 29 3.2381835
25 34 6.576555
25 20 0.6145083
25 2 0.7166959
25 14 2.0301194
25 37 133.28873
25 7 2.2728608
25 27 229.14774
25 16 2.0318112
28 36 0.03914956
28 26 51.81818
28 10 0.47125
28 12 1404.7727
28 3 61.930534
28 9 0.55362093
28 19 27.892614
29 0 8.966763
29 30 1.4166222
29 8 0.81437397
29 18 0.9503852
29 13 1.3608395
29 33 20.08125
29 11 1.3041463
29 5 4.6845617
29 34 4.07359
29 20 16.065487
29 2 1.4262903
29 37 0.970603
29 7 2000.0
29 27 1898.9204
29 16 38.497868
29 23 1.8047489
29 25 3.2381835
30 8 0.5533692
30 18 0.61074734
30 13 56.063713
30 33 15.097532
30 11 0.81707376
30 29 1.4166222
30 5 0.7709244
30 34 0.88228023
30 20 3.5844886
30 2 15.2824745
30 14 12.465579
30 37 15.4069195
30 7 0.63531303
30 27 147.78409
30 16 1.1398787
30 23 2.3275592
30 25 26.100542
31 26 2000.0
31 6 0.12639716
31 10 1.9160136
31 35 16.214584
31 22 85.94519
31 9 0.030445915
31 4 0.0643241
31 17 0.9831668
31 19 0.086263895
32 26 2000.0
32 24 0.14381176
32 12 2.8741477
32 15 0.07260239
33 30 15.097532
33 8 2000.0
33 13 1.0549552
33 11 1.7823228
33 29 20.08125
33 5 2000.0
33 34 2000.0
33 20 1.3439345
33 2 2.1609979
33 14 0.4762512
33 7 1864.6023
33 27 698.2386
33 16 2619.6023
33 25 0.49321976
34 30 0.88228023
34 20 0.84404343
34 8 24.846052
34 37 2000.0
34 7 504.487
34 27 716.8182
34 16 47.596508
34 11 3.0485406
34 29 4.07359
34 25 6.576555
34 5 2.6129684
35 21 0.036218207
35 31 16.214584
36 28 0.03914956
36 3 0.5078312
36 9 0.54029727
37 30 15.4069195
37 0 1.6779871
37 8 0.957227
37 18 2.7148964
37 13 1.030041
37 11 1.8849487
37 29 0.970603
37 5 34.830494
37 20 1.8127807
37 2 1.0099126
37 7 1960.7954
37 27 725.7955
37 16 2000.0
37 23 2.2435048
37 25 133.28873
