0 2 0.8268204
0 37 1.5363027
0 13 1.4185214
0 29 22.798765
0 25 28.824091
1 3 1.0879381
1 12 33.529232
2 30 40.75402
2 0 0.8268204
2 8 1.1829474
2 18 1.9298271
2 13 0.62822276
2 33 1.387987
2 11 2.0578256
2 29 1.38861
2 20 2.5647647
2 37 0.8727699
2 27 1.6471193
2 16 2000.0
2 23 17.099174
2 25 0.8560141
3 36 0.23756994
3 28 52.63158
3 24 2000.0
3 12 0.06522311
3 1 1.0879381
3 9 0.46369952
4 31 0.06760492
4 9 0.10936674
4 17 0.19819129
4 19 0.0874988
5 30 0.5448785
5 8 0.51948094
5 18 0.89476144
5 13 26.082954
5 11 1.8015329
5 29 2.1579938
5 34 2.2714252
5 20 3.3650658
5 37 12.985713
5 7 20.325485
5 27 1.6796714
5 16 1.6568298
5 23 1.591376
5 25 2000.0
6 31 0.3380132
6 17 1.2306819
7 30 0.78491294
7 20 2000.0
7 8 6.696297
7 16 1.0775322
7 11 32.956947
7 23 1.233165
7 25 2.644234
7 5 20.325485
8 0 2000.0
8 30 0.47671407
8 18 1.238457
8 13 1.0831441
8 11 1.3299372
8 29 0.6805086
8 5 0.51948094
8 34 92.7702
8 2 1.1829474
8 37 0.94753087
8 7 6.696297
8 27 1.8629627
8 16 1.5309964
8 23 1.0719663
8 25 2000.0
9 36 0.47069418
9 26 2000.0
9 28 1.3772327
9 10 12.04475
9 22 0.058459602
9 31 0.033837676
9 3 0.46369952
9 12 2000.0
9 4 0.10936674
9 17 0.037966065
9 19 0.09860703
10 26 0.029913148
10 28 0.37865257
10 24 0.09571132
10 31 1.518948
10 12 108.54906
10 9 12.04475
10 17 0.03046285
11 0 2000.0
11 30 0.93917996
11 8 1.3299372
11 18 17.238699
11 13 0.9046354
11 33 3.0322828
11 29 1.0075104
11 5 1.8015329
11 34 3.1022253
11 20 1.3310722
11 2 2.0578256
11 37 3.2399542
11 7 32.956947
11 27 0.807814
11 16 1.0859251
11 25 0.970548
12 26 0.6687137
12 32 5.86779
12 10 108.54906
12 24 0.06857589
12 21 0.1373904
12 3 0.06522311
12 1 33.529232
13 30 55.80284
13 0 1.4185214
13 8 1.0831441
13 18 20.362926
13 33 1.091896
13 11 0.9046354
13 29 1.1464001
13 5 26.082954
13 34 152.73392
13 20 1.0381377
13 2 0.62822276
13 14 5.6431265
13 37 1.0191162
13 7 2000.0
13 27 0.34709597
13 16 33.233627
13 25 0.21362944
14 30 8.044868
14 20 2.5494666
14 13 5.6431265
14 27 2.4057207
14 33 0.38559628
14 25 1.9414408
15 32 0.07220492
15 24 376.9231
15 21 16.547873
16 30 1.066364
16 0 2000.0
16 8 1.5309964
16 18 1.483532
16 13 33.233627
16 11 1.0859251
16 5 1.6568298
16 34 61.538464
16 20 12.892223
16 7 1.0775322
16 27 1.3411808
16 23 2.711653
16 25 0.9564594
17 6 1.2306819
17 26 1.4317665
17 10 0.03046285
17 24 0.20621784
17 31 0.95252293
17 9 0.037966065
17 4 0.19819129
17 19 96.25111
18 0 2000.0
18 30 0.75339997
18 8 1.238457
18 13 20.362926
18 11 17.238699
18 29 0.9732068
18 5 0.89476144
18 2 1.9298271
18 37 2.0002317
18 7 2000.0
18 27 20.751043
18 16 1.483532
18 23 1.4341908
19 31 0.10603694
19 9 0.09860703
19 17 96.25111
19 4 0.0874988
20 30 1.9958129
20 13 1.0381377
20 33 1.6164628
20 11 1.3310722
20 29 19.648764
20 5 3.3650658
20 34 0.9907206
20 2 2.5647647
20 14 2.5494666
20 37 3.933414
20 7 2000.0
20 27 1.5144378
20 16 12.892223
20 25 0.38525897
21 26 2000.0
21 32 250.00002
21 10 2000.0
21 24 0.5347946
21 35 0.03402571
21 12 0.1373904
21 15 16.547873
22 31 27.88528
22 9 0.058459602
22 19 2000.0
23 0 2000.0
23 30 1.405216
23 8 1.0719663
23 2 17.099174
23 37 1.3943892
23 18 1.4341908
23 7 1.233165
23 16 2.711653
23 11 2000.0
23 29 1.4805791
23 5 1.591376
24 26 0.031896774
24 32 0.20127605
24 10 0.09571132
24 21 0.5347946
24 12 0.06857589
24 15 376.9231
24 17 0.20621784
25 30 21.65065
25 0 28.824091
25 13 0.21362944
25 33 0.7079872
25 11 0.970548
25 29 1.5551698
25 34 1.8562664
25 20 0.38525897
25 2 0.8560141
25 14 1.9414408
25 37 46.244873
25 7 2.644234
25 27 0.22245264
25 16 0.9564594
26 32 40.54513
26 28 0.04189021
26 10 0.029913148
26 24 0.031896774
26 31 0.2615493
26 12 0.6687137
26 17 1.4317665
27 30 0.19406551
27 0 2000.0
27 8 1.8629627
27 18 20.751043
27 13 0.34709597
27 33 0.7391066
27 11 0.807814
27 29 0.7456701
27 5 1.6796714
27 34 1.259886
27 20 1.5144378
27 2 1.6471193
27 14 2.4057207
27 37 0.96538305
27 7 2781.4773
27 16 1.3411808
27 25 0.22245264
28 36 0.03036813
28 26 0.04189021
28 10 0.37865257
28 12 1594.9431
28 3 52.63158
28 9 1.3772327
28 19 1364.5454
29 0 22.798765
29 30 1.6719655
29 8 0.6805086
29 18 0.9732068
29 13 1.1464001
29 33 13.428058
29 11 1.0075104
29 5 2.1579938
29 34 3.0029852
29 20 19.648764
29 2 1.38861
29 37 0.8158604
29 7 2000.0
29 27 0.7456701
29 16 2000.0
29 23 1.4805791
29 25 1.5551698
30 8 0.47671407
30 18 0.75339997
30 13 55.80284
30 33 6.459934
30 11 0.93917996
30 29 1.6719655
30 5 0.5448785
30 34 0.76427597
30 20 1.9958129
30 2 40.75402
30 14 8.044868
30 37 35.241047
30 7 0.78491294
30 27 0.19406551
30 16 1.066364
30 23 1.405216
30 25 21.65065
31 26 0.2615493
31 6 0.3380132
31 10 1.518948
31 35 1105.4923
31 22 27.88528
31 9 0.033837676
31 4 0.06760492
31 17 0.95252293
31 19 0.10603694
32 26 40.54513
32 24 0.20127605
32 21 250.00002
32 12 5.86779
32 15 0.07220492
33 30 6.459934
33 8 2000.0
33 13 1.091896
33 11 3.0322828
33 29 13.428058
33 34 2000.0
33 20 1.6164628
33 2 1.387987
33 14 0.38559628
33 7 2000.0
33 27 0.7391066
33 16 1971.0227
33 25 0.7079872
34 30 0.76427597
34 20 0.9907206
34 8 92.7702
34 37 2000.0
34 7 3644.0908
34 13 152.73392
34 27 1.259886
34 16 61.538464
34 11 3.1022253
34 29 3.0029852
34 25 1.8562664
34 5 2.2714252
35 21 0.03402571
35 31 1105.4923
36 28 0.03036813
36 3 0.23756994
36 9 0.47069418
37 30 35.241047
37 0 1.5363027
37 8 0.94753087
37 18 2.0002317
37 13 1.0191162
37 11 3.2399542
37 29 0.8158604
37 5 12.985713
37 20 3.933414
37 2 0.8727699
37 7 3576.7046
37 27 0.96538305
37 16 2000.0
37 23 1.3943892
37 25 46.244873
