0 2 1.7679619
0 37 2.676797
0 13 1.2204628
0 29 133.69023
0 25 33.7033
1 3 0.72612077
1 12 17.910582
2 30 10.539367
2 0 1.7679619
2 8 1.4959097
2 18 1.8562502
2 13 0.67422605
2 33 1.1630245
2 11 1.7912247
2 29 0.980067
2 20 4.817752
2 37 0.82643634
2 27 1.2260976
2 16 2000.0
2 23 13.372194
2 25 0.5264245
3 36 0.52914155
3 28 2.0592155
3 24 2000.0
3 12 0.062187687
3 1 0.72612077
3 9 0.7403217
4 31 0.088859916
4 9 0.0923901
4 17 0.14273112
4 19 0.07522911
5 30 1.2286772
5 8 1.0383474
5 18 0.9511462
5 13 36.75418
5 11 7.624684
5 29 9.418425
5 34 1.3952236
5 20 7.154782
5 37 19.282047
5 7 37.830994
5 27 2.0180352
5 16 1.5679612
5 23 8.402058
5 25 2000.0
6 31 0.120616876
6 17 1.5503106
7 30 0.6867251
7 20 72.12223
7 8 14.7509165
7 16 0.9825126
7 23 1.3081332
7 25 3.5368702
7 5 37.830994
8 0 2000.0
8 30 0.87535733
8 18 0.9707527
8 13 1.9203883
8 11 1.5409113
8 29 0.8511749
8 5 1.0383474
8 34 16.220932
8 2 1.4959097
8 37 1.2070427
8 7 14.7509165
8 27 3.5527549
8 16 1.7143711
8 23 1.2839516
8 25 2000.0
9 36 0.76989895
9 26 2000.0
9 28 1.7528605
9 10 17.936775
9 22 0.075322986
9 31 0.030370235
9 12 2000.0
9 3 0.7403217
9 4 0.0923901
9 17 0.038381565
9 19 0.06609238
10 26 0.029527128
10 28 1.008207
10 24 0.07603391
10 31 9.858712
10 12 92.074196
10 9 17.936775
10 17 0.04044249
11 0 2000.0
11 30 1.2444885
11 8 1.5409113
11 18 7.9653096
11 13 1.6260676
11 33 1.8495971
11 29 0.9532077
11 5 7.624684
11 34 3.6836798
11 20 2.9230661
11 2 1.7912247
11 37 1.8743232
11 7 2927.841
11 27 1.7895483
11 16 1.3713897
11 25 0.7612622
12 26 1.2417542
12 32 5.1924486
12 10 92.074196
12 24 0.0655744
12 21 0.106731944
12 3 0.062187687
12 1 17.910582
13 30 143.54758
13 0 1.2204628
13 8 1.9203883
13 18 54.990532
13 33 0.88537717
13 11 1.6260676
13 29 1.175932
13 5 36.75418
13 34 2000.0
13 20 3.3790557
13 2 0.67422605
13 14 4.6625686
13 37 1.4045547
13 7 2000.0
13 27 1.0071844
13 16 60.547943
13 25 0.29332387
14 30 17.227255
14 20 4.1423464
14 13 4.6625686
14 27 4.5036464
14 33 0.465153
14 11 2000.0
14 25 2.0476685
15 32 0.08638227
15 21 9.55844
16 0 2000.0
16 30 1.0830485
16 8 1.7143711
16 18 1.3867325
16 13 60.547943
16 11 1.3713897
16 29 2000.0
16 5 1.5679612
16 34 55.518715
16 20 37.154587
16 7 0.9825126
16 27 1.4617759
16 23 2.945592
16 25 1.3818313
17 6 1.5503106
17 26 1.2607436
17 10 0.04044249
17 24 0.09976888
17 31 0.982982
17 9 0.038381565
17 4 0.14273112
17 19 1202.6136
18 0 2000.0
18 30 0.65684766
18 8 0.9707527
18 13 54.990532
18 11 7.9653096
18 29 1.3920754
18 5 0.9511462
18 2 1.8562502
18 37 1.8158096
18 7 2000.0
18 27 40.505154
18 16 1.3867325
18 23 1.1556495
19 28 1378.6932
19 31 0.097997844
19 9 0.06609238
19 4 0.07522911
20 30 3.5843177
20 13 3.3790557
20 33 1.3750905
20 11 2.9230661
20 29 13.655361
20 5 7.154782
20 34 1.041413
20 2 4.817752
20 14 4.1423464
20 37 5.3074017
20 7 72.12223
20 27 3.8739424
20 16 37.154587
20 25 0.79395366
21 26 2000.0
21 32 2000.0
21 24 1.2365223
21 35 0.035991058
21 12 0.106731944
21 15 9.55844
22 31 81.032295
22 9 0.075322986
22 19 2000.0
23 0 2000.0
23 30 3.3017595
23 8 1.2839516
23 2 13.372194
23 37 1.5276468
23 18 1.1556495
23 7 1.3081332
23 16 2.945592
23 11 2000.0
23 29 1.4523115
23 5 8.402058
24 26 0.071552575
24 32 0.24167356
24 10 0.07603391
24 21 1.2365223
24 31 2000.0
24 12 0.0655744
24 17 0.09976888
25 0 33.7033
25 30 25.03336
25 13 0.29332387
25 33 0.5886363
25 11 0.7612622
25 29 3.055507
25 34 4.757557
25 20 0.79395366
25 2 0.5264245
25 14 2.0476685
25 37 60.983524
25 7 3.5368702
25 27 0.25506705
25 16 1.3818313
26 32 134.11914
26 28 0.067026526
26 10 0.029527128
26 24 0.071552575
26 31 0.46287408
26 12 1.2417542
26 17 1.2607436
27 30 0.2898286
27 0 2000.0
27 8 3.5527549
27 18 40.505154
27 13 1.0071844
27 33 0.9241605
27 11 1.7895483
27 29 0.71756136
27 5 2.0180352
27 34 0.96351844
27 20 3.8739424
27 2 1.2260976
27 14 4.5036464
27 37 1.8512089
27 7 2000.0
27 16 1.4617759
27 25 0.25506705
28 36 0.03597596
28 26 0.067026526
28 10 1.008207
28 3 2.0592155
28 12 1209.2046
28 9 1.7528605
28 19 1378.6932
29 0 133.69023
29 30 10.637561
29 8 0.8511749
29 18 1.3920754
29 13 1.175932
29 33 18.86809
29 11 0.9532077
29 5 9.418425
29 34 2.1413321
29 20 13.655361
29 2 0.980067
29 37 0.69995207
29 7 2000.0
29 27 0.71756136
29 16 2000.0
29 23 1.4523115
29 25 3.055507
30 8 0.87535733
30 18 0.65684766
30 13 143.54758
30 33 9.03151
30 11 1.2444885
30 29 10.637561
30 5 1.2286772
30 34 0.9368695
30 20 3.5843177
30 2 10.539367
30 14 17.227255
30 37 31.857054
30 7 0.6867251
30 27 0.2898286
30 16 1.0830485
30 23 3.3017595
30 25 25.03336
31 26 0.46287408
31 6 0.120616876
31 10 9.858712
31 35 27.68094
31 22 81.032295
31 9 0.030370235
31 4 0.088859916
31 17 0.982982
31 19 0.097997844
32 26 134.11914
32 24 0.24167356
32 12 5.1924486
32 15 0.08638227
33 30 9.03151
33 13 0.88537717
33 11 1.8495971
33 29 18.86809
33 5 2000.0
33 34 2000.0
33 20 1.3750905
33 2 1.1630245
33 14 0.465153
33 7 2000.0
33 27 0.9241605
33 16 3017.898
33 25 0.5886363
34 30 0.9368695
34 20 1.041413
34 8 16.220932
34 37 2000.0
34 7 3325.3977
34 27 0.96351844
34 16 55.518715
34 11 3.6836798
34 29 2.1413321
34 25 4.757557
34 5 1.3952236
35 21 0.035991058
35 31 27.68094
36 28 0.03597596
36 3 0.52914155
36 9 0.76989895
37 30 31.857054
37 0 2.676797
37 8 1.2070427
37 18 1.8158096
37 13 1.4045547
37 11 1.8743232
37 29 0.69995207
37 5 19.282047
37 20 5.3074017
37 2 0.82643634
37 7 2852.6704
37 27 1.8512089
37 16 2000.0
37 23 1.5276468
37 25 60.983524
