0 2 0.8295893
0 37 1.1725355
0 13 1.1608627
0 29 45.047615
0 25 11.152587
1 3 0.8234298
1 12 18.284801
2 30 22.240835
2 0 0.8295893
2 8 1.0375144
2 18 3.3577385
2 13 0.4902709
2 33 3.868668
2 11 1.2199497
2 29 1.1148635
2 20 2.1895423
2 37 0.80775976
2 27 0.8121996
2 16 2000.0
2 23 7.3140426
2 25 0.64302385
3 36 0.48493508
3 28 43.90696
3 24 163.63637
3 12 0.07557329
3 1 0.8234298
3 9 0.14060813
4 31 0.06583641
4 9 0.08779806
4 17 0.27145576
4 19 0.07750559
5 30 0.6544358
5 8 1.049074
5 18 0.7183524
5 13 30.892853
5 11 2.0590909
5 29 1.5270431
5 34 5.704753
5 20 3.2426682
5 37 13.281508
5 7 5.8855515
5 27 1.1955612
5 16 1.8002439
5 23 1.9835376
5 25 2000.0
6 31 0.1742858
6 17 1.4205804
7 34 180.00002
7 30 1.0327611
7 20 63.163204
7 8 5.7176847
7 37 150.0
7 16 1.1825563
7 23 1.2534262
7 25 2.709615
7 5 5.8855515
8 0 2000.0
8 30 0.7534187
8 18 1.3041171
8 13 0.49474365
8 11 0.8212502
8 29 0.594475
8 5 1.049074
8 34 57.743332
8 2 1.0375144
8 37 0.92875
8 7 5.7176847
8 27 1.9826638
8 16 1.6142467
8 23 1.3938377
8 25 2000.0
9 36 0.6357695
9 26 2000.0
9 28 0.83373374
9 10 16.17207
9 22 0.0659774
9 31 0.031464234
9 3 0.14060813
9 12 2000.0
9 4 0.08779806
9 17 0.03350626
9 19 0.06711066
10 26 0.036691792
10 28 0.3098094
10 24 0.10366453
10 31 72.425575
10 12 1293.409
10 9 16.17207
10 17 0.0399858
11 0 2000.0
11 30 0.67930627
11 8 0.8212502
11 18 7.165898
11 13 0.77629787
11 33 2.2576256
11 29 0.9200823
11 5 2.0590909
11 34 2.3014853
11 20 0.9738548
11 2 1.2199497
11 37 1.3084353
11 7 3986.7046
11 27 0.73808396
11 16 1.0567691
11 25 0.49400166
12 26 5.947675
12 32 3.464569
12 10 1293.409
12 24 0.07519973
12 21 0.35536876
12 3 0.07557329
12 1 18.284801
13 30 126.3441
13 0 1.1608627
13 8 0.49474365
13 18 38.37994
13 33 1.6746732
13 11 0.77629787
13 29 0.8274728
13 5 30.892853
13 34 336.00726
13 20 0.77177113
13 2 0.4902709
13 14 6.7817183
13 37 0.92562485
13 7 2000.0
13 27 0.32862052
13 16 53.238567
13 25 0.2527789
14 30 8.706242
14 20 1.8903744
14 13 6.7817183
14 27 4.549192
14 33 0.45771238
14 11 2000.0
14 25 2.1683054
15 32 0.070940256
15 21 3.606669
16 30 1.0894492
16 0 2000.0
16 8 1.6142467
16 18 1.204059
16 13 53.238567
16 11 1.0567691
16 5 1.8002439
16 34 70.895676
16 20 54.378773
16 37 266.6667
16 7 1.1825563
16 27 1.404835
16 23 2.4382908
16 25 1.0890182
17 6 1.4205804
17 26 1.4640113
17 10 0.0399858
17 24 0.10362581
17 31 1.0023608
17 9 0.03350626
17 4 0.27145576
17 19 202.29073
18 0 2000.0
18 30 0.7091761
18 8 1.3041171
18 13 38.37994
18 11 7.165898
18 29 1.3945193
18 5 0.7183524
18 2 3.3577385
18 37 2.6811903
18 7 2000.0
18 27 19.176216
18 16 1.204059
18 23 1.1554348
19 31 0.07530051
19 9 0.06711066
19 4 0.07750559
19 17 202.29073
20 30 3.2358766
20 13 0.77177113
20 33 0.91641104
20 11 0.9738548
20 29 15.016559
20 5 3.2426682
20 34 0.8379667
20 2 2.1895423
20 14 1.8903744
20 37 4.115223
20 7 63.163204
20 27 1.7468214
20 16 54.378773
20 25 0.30056816
21 32 2000.0
21 24 1.2027903
21 35 0.029953491
21 12 0.35536876
21 15 3.606669
22 31 72.00001
22 9 0.0659774
22 19 2000.0
23 30 2.2371006
23 0 2000.0
23 8 1.3938377
23 2 7.3140426
23 37 1.5128756
23 18 1.1554348
23 7 1.2534262
23 16 2.4382908
23 11 2000.0
23 29 0.7692068
23 5 1.9835376
24 26 0.041397527
24 32 0.25085455
24 10 0.10366453
24 21 1.2027903
24 12 0.07519973
24 3 163.63637
24 15 2000.0
24 17 0.10362581
25 30 15.684692
25 0 11.152587
25 13 0.2527789
25 33 0.62732387
25 11 0.49400166
25 29 1.4372025
25 34 1.1785234
25 20 0.30056816
25 2 0.64302385
25 14 2.1683054
25 37 35.48708
25 7 2.709615
25 27 0.23377372
25 16 1.0890182
26 32 37.405083
26 28 0.10415361
26 10 0.036691792
26 24 0.041397527
26 31 0.19443414
26 12 5.947675
26 17 1.4640113
27 30 0.3407601
27 0 2000.0
27 8 1.9826638
27 18 19.176216
27 13 0.32862052
27 33 1.0148933
27 11 0.73808396
27 29 0.6839698
27 5 1.1955612
27 34 1.1670573
27 20 1.7468214
27 2 0.8121996
27 14 4.549192
27 37 1.0424452
27 7 2000.0
27 16 1.404835
27 25 0.23377372
28 36 0.031323362
28 26 0.10415361
28 10 0.3098094
28 12 1200.2842
28 3 43.90696
28 9 0.83373374
28 19 1351.4204
29 0 45.047615
29 30 1.0568038
29 8 0.594475
29 18 1.3945193
29 13 0.8274728
29 33 9.411573
29 11 0.9200823
29 5 1.5270431
29 34 3.8203366
29 20 15.016559
29 2 1.1148635
29 37 0.83152294
29 27 0.6839698
29 16 2000.0
29 23 0.7692068
29 25 1.4372025
30 8 0.7534187
30 18 0.7091761
30 13 126.3441
30 33 4.96043
30 11 0.67930627
30 29 1.0568038
30 5 0.6544358
30 34 1.3932834
30 20 3.2358766
30 2 22.240835
30 14 8.706242
30 37 16.321127
30 7 1.0327611
30 27 0.3407601
30 16 1.0894492
30 23 2.2371006
30 25 15.684692
31 26 0.19443414
31 6 0.1742858
31 10 72.425575
31 22 72.00001
31 9 0.031464234
31 4 0.06583641
31 17 1.0023608
31 19 0.07530051
32 26 37.405083
32 24 0.25085455
32 12 3.464569
32 15 0.070940256
33 30 4.96043
33 8 2000.0
33 13 1.6746732
33 11 2.2576256
33 29 9.411573
33 34 2000.0
33 20 0.91641104
33 2 3.868668
33 14 0.45771238
33 7 2000.0
33 27 1.0148933
33 16 3017.898
33 25 0.62732387
34 30 1.3932834
34 20 0.8379667
34 8 57.743332
34 37 2000.0
34 7 180.00002
34 13 336.00726
34 27 1.1670573
34 16 70.895676
34 11 2.3014853
34 29 3.8203366
34 25 1.1785234
34 5 5.704753
35 21 0.029953491
35 31 1089.659
36 28 0.031323362
36 3 0.48493508
36 9 0.6357695
37 30 16.321127
37 0 1.1725355
37 8 0.92875
37 18 2.6811903
37 13 0.92562485
37 11 1.3084353
37 29 0.83152294
37 5 13.281508
37 20 4.115223
37 2 0.80775976
37 7 150.0
37 27 1.0424452
37 16 266.6667
37 23 1.5128756
37 25 35.48708
