0 8 14.621282
0 2 0.97595924
0 37 3.0582168
0 13 0.75990754
0 11 83.90289
0 25 1600.0
0 29 14.659095
1 3 0.3551698
1 12 1144.659
2 30 8.76317
2 0 0.97595924
2 8 1.0930628
2 18 5.8085427
2 13 0.5807619
2 33 3.1374383
2 11 1.0444905
2 29 0.7970373
2 20 2.1924827
2 37 0.8543103
2 27 1.0099913
2 16 2000.0
2 23 30.339642
2 25 2.6330688
3 36 0.27361792
3 28 0.09212383
3 24 266.6667
3 12 0.058362488
3 1 0.3551698
3 9 0.1777778
4 31 0.06618314
4 9 0.06531908
4 17 0.08864257
4 19 0.09528043
5 30 0.71199536
5 8 0.8248505
5 18 0.45454898
5 13 2000.0
5 11 2.6439617
5 29 4.2849975
5 34 7.405015
5 20 1.0613782
5 37 2000.0
5 7 5.7921677
5 27 2.6149523
5 16 2.231443
5 23 6.254314
6 22 86.953575
6 31 1.4433992
6 17 2.0094345
7 34 9.768595
7 30 0.8714101
7 20 1.9981096
7 8 43.289944
7 37 47.11997
7 27 72.47585
7 16 1.2875559
7 11 4.9948916
7 23 1.2375135
7 25 5.6987886
7 5 5.7921677
8 0 14.621282
8 30 0.5303794
8 18 0.9857143
8 13 2.1503942
8 11 0.6754294
8 29 0.47706354
8 5 0.8248505
8 34 7.678609
8 2 1.0930628
8 37 1.227293
8 7 43.289944
8 27 1.1844217
8 16 1.2828125
8 23 0.9616336
9 36 1.3719988
9 26 2000.0
9 28 3.3029401
9 10 2.7289896
9 22 0.1498858
9 31 0.029692082
9 3 0.1777778
9 17 0.044700228
9 4 0.06531908
9 19 0.06736155
10 26 0.035730258
10 28 0.2952401
10 24 0.075420484
10 31 0.032336954
10 12 8.921185
10 9 2.7289896
10 17 0.03191288
11 0 83.90289
11 30 0.54163635
11 8 0.6754294
11 18 6.112975
11 13 0.6563739
11 33 2.8331792
11 29 0.8130174
11 5 2.6439617
11 34 3.3954544
11 20 1.1154807
11 2 1.0444905
11 37 1.3703157
11 7 4.9948916
11 27 0.45583084
11 16 0.87106156
11 25 1.1806146
12 26 1.6224176
12 28 4.17806
12 32 0.32342404
12 10 8.921185
12 24 0.07447128
12 21 0.07768258
12 3 0.058362488
13 30 0.74771255
13 0 0.75990754
13 8 2.1503942
13 18 91.118904
13 33 1.0707486
13 11 0.6563739
13 29 0.7237586
13 34 4.9009233
13 20 0.5878362
13 2 0.5807619
13 14 2.5484376
13 37 2.1636908
13 27 0.23074055
13 16 2515.5112
13 25 0.55324906
14 20 1.6745654
14 13 2.5484376
14 33 0.42496672
14 27 3.451848
14 11 2000.0
14 25 2.4836297
15 32 0.07852261
15 21 3.1031392
16 0 2000.0
16 30 1.1204438
16 8 1.2828125
16 18 0.841323
16 11 0.87106156
16 29 40.093277
16 5 2.231443
16 20 9.809082
16 37 19.913248
16 7 1.2875559
16 27 1.4147491
16 23 11.230342
16 25 1.2340091
17 26 2.0013359
17 6 2.0094345
17 10 0.03191288
17 24 0.22156571
17 31 1.4354242
17 9 0.044700228
17 4 0.08864257
17 19 2.8601036
18 30 0.6964744
18 2 5.8085427
18 8 0.9857143
18 37 1.165925
18 13 91.118904
18 7 2000.0
18 27 4.4099603
18 16 0.841323
18 23 1.4379807
18 11 6.112975
18 29 1.2089137
18 5 0.45454898
19 22 105.286514
19 31 0.068695016
19 9 0.06736155
19 17 2.8601036
19 4 0.09528043
20 0 2000.0
20 30 16.561665
20 13 0.5878362
20 33 0.93351245
20 11 1.1154807
20 29 1.4321265
20 5 1.0613782
20 34 0.88804024
20 2 2.1924827
20 14 1.6745654
20 37 8.467997
20 7 1.9981096
20 27 0.48520985
20 16 9.809082
20 25 0.84610784
21 26 2000.0
21 32 2000.0
21 10 2000.0
21 24 0.13316877
21 35 0.04540044
21 12 0.07768258
21 15 3.1031392
22 6 86.953575
22 31 1199.8864
22 9 0.1498858
22 19 105.286514
23 0 2000.0
23 30 1.7249528
23 2 30.339642
23 8 0.9616336
23 37 3.3920984
23 18 1.4379807
23 7 1.2375135
23 16 11.230342
23 11 2000.0
23 29 6.457406
23 5 6.254314
24 26 0.059559293
24 32 0.10708761
24 10 0.075420484
24 21 0.13316877
24 31 11.022221
24 12 0.07447128
24 3 266.6667
24 15 2000.0
24 17 0.22156571
25 0 1600.0
25 30 1.4591212
25 13 0.55324906
25 33 0.42520493
25 11 1.1806146
25 29 2.7146876
25 34 2.0767314
25 20 0.84610784
25 2 2.6330688
25 14 2.4836297
25 37 24.181644
25 7 5.6987886
25 27 0.6874286
25 16 1.2340091
26 36 125.3106
26 32 17.676136
26 28 0.038186215
26 10 0.035730258
26 24 0.059559293
26 31 0.05977132
26 12 1.6224176
26 17 2.0013359
27 0 2000.0
27 30 0.2095443
27 8 1.1844217
27 18 4.4099603
27 13 0.23074055
27 33 1.1445143
27 11 0.45583084
27 29 0.98040235
27 5 2.6149523
27 34 1.0523366
27 20 0.48520985
27 2 1.0099913
27 14 3.451848
27 37 1.5020996
27 7 72.47585
27 16 1.4147491
27 25 0.6874286
28 36 0.036306817
28 26 0.038186215
28 10 0.2952401
28 3 0.09212383
28 12 4.17806
28 9 3.3029401
29 0 14.659095
29 30 3.199782
29 8 0.47706354
29 18 1.2089137
29 13 0.7237586
29 11 0.8130174
29 5 4.2849975
29 34 9.225292
29 20 1.4321265
29 2 0.7970373
29 37 0.85300463
29 7 2000.0
29 27 0.98040235
29 16 40.093277
29 23 6.457406
29 25 2.7146876
30 0 2000.0
30 8 0.5303794
30 18 0.6964744
30 13 0.74771255
30 33 3.3624482
30 11 0.54163635
30 29 3.199782
30 5 0.71199536
30 34 1.9447966
30 20 16.561665
30 2 8.76317
30 14 2000.0
30 37 5.7125554
30 7 0.8714101
30 27 0.2095443
30 16 1.1204438
30 23 1.7249528
30 25 1.4591212
31 26 0.05977132
31 6 1.4433992
31 10 0.032336954
31 24 11.022221
31 9 0.029692082
31 17 1.4354242
31 4 0.06618314
31 19 0.068695016
32 26 17.676136
32 24 0.10708761
32 12 0.32342404
32 15 0.07852261
33 34 2000.0
33 30 3.3624482
33 20 0.93351245
33 2 3.1374383
33 14 0.42496672
33 7 2000.0
33 13 1.0707486
33 27 1.1445143
33 16 1998.8635
33 11 2.8331792
33 29 3275.3408
33 25 0.42520493
34 30 1.9447966
34 20 0.88804024
34 8 7.678609
34 7 9.768595
34 13 4.9009233
34 27 1.0523366
34 16 5535.0566
34 11 3.3954544
34 25 2.0767314
34 29 9.225292
34 5 7.405015
35 21 0.04540044
36 26 125.3106
36 28 0.036306817
36 3 0.27361792
36 9 1.3719988
37 30 5.7125554
37 0 3.0582168
37 8 1.227293
37 18 1.165925
37 13 2.1636908
37 11 1.3703157
37 29 0.85300463
37 20 8.467997
37 2 0.8543103
37 7 47.11997
37 27 1.5020996
37 16 19.913248
37 23 3.3920984
37 25 24.181644
