0 2 0.7715113
0 37 1.7457453
0 13 0.5485751
0 29 23.11242
0 25 20.381355
1 3 0.70673215
1 12 24.016766
2 30 22.176767
2 0 0.7715113
2 8 1.4367586
2 18 5.6438856
2 13 0.68699807
2 33 7.823267
2 11 2.339186
2 29 1.2670401
2 20 3.46881
2 37 0.8733471
2 27 2.0721762
2 16 2000.0
2 23 6.9782615
2 25 0.51016307
3 36 0.48823708
3 28 27.194508
3 24 2000.0
3 12 0.052555338
3 1 0.70673215
3 9 0.3652988
4 31 0.06988374
4 9 0.08448231
4 17 0.12853566
4 19 0.1164452
5 30 0.56456196
5 8 0.85783297
5 18 0.80097294
5 13 45.383038
5 11 1.4420393
5 29 2.0906928
5 34 3.0472538
5 20 2.0408041
5 37 25.796701
5 7 4.7260537
5 27 1.4799244
5 16 1.330566
5 23 2.1283274
6 31 0.15312967
6 17 1.5303669
7 30 0.6767666
7 20 53.783813
7 8 6.6037097
7 16 0.91047806
7 23 1.2126573
7 25 2.6185763
7 5 4.7260537
8 0 2000.0
8 30 0.6375055
8 18 1.54069
8 13 1.3824552
8 11 0.83840144
8 29 0.77693796
8 5 0.85783297
8 34 131.09033
8 2 1.4367586
8 37 1.437469
8 7 6.6037097
8 27 3.5839396
8 16 1.7239726
8 23 1.3814216
8 25 2000.0
9 36 0.55749506
9 26 2000.0
9 28 1.5604166
9 10 35.154438
9 22 0.06129622
9 31 0.030061662
9 3 0.3652988
9 12 2000.0
9 4 0.08448231
9 17 0.03285573
9 19 0.078916274
10 26 0.030530382
10 28 0.28400812
10 24 0.10786763
10 31 15.10284
10 12 105.83368
10 9 35.154438
10 17 0.035189394
11 0 2000.0
11 30 0.71244025
11 8 0.83840144
11 18 11.271997
11 13 1.208112
11 33 2.9927216
11 29 0.8398996
11 5 1.4420393
11 34 1.7049918
11 20 1.1214422
11 2 2.339186
11 37 1.3556855
11 7 1762.2158
11 27 0.763506
11 16 1.0995889
11 25 0.95787334
12 26 1.5514711
12 32 4.8129425
12 10 105.83368
12 24 0.06467798
12 21 0.1368135
12 3 0.052555338
12 1 24.016766
13 30 20.326965
13 0 0.5485751
13 8 1.3824552
13 18 270.91043
13 33 1.5779625
13 11 1.208112
13 29 0.8999427
13 5 45.383038
13 34 348.5586
13 20 1.0934358
13 2 0.68699807
13 14 3.563948
13 37 1.500551
13 7 2000.0
13 27 0.35134828
13 16 41.66092
13 25 0.2282532
14 30 12.162299
14 20 1.0114889
14 13 3.563948
14 27 2.3728447
14 33 0.4754314
14 11 2000.0
14 25 1.740966
15 32 0.07707864
15 21 1.1556817
15 12 2000.0
16 0 2000.0
16 30 1.0745796
16 8 1.7239726
16 18 1.1820536
16 13 41.66092
16 11 1.0995889
16 5 1.330566
16 34 26.849586
16 20 21.265064
16 7 0.91047806
16 27 1.6418303
16 23 2.0252461
16 25 0.94268966
17 6 1.5303669
17 26 1.569131
17 10 0.035189394
17 24 0.08532053
17 31 1.0038733
17 9 0.03285573
17 4 0.12853566
17 19 106.40998
18 30 0.62307507
18 0 2000.0
18 8 1.54069
18 13 270.91043
18 11 11.271997
18 29 1.3129762
18 5 0.80097294
18 2 5.6438856
18 37 2.9143624
18 7 2000.0
18 27 37.905758
18 16 1.1820536
18 23 1.1044823
19 31 0.08862555
19 9 0.078916274
19 4 0.1164452
19 17 106.40998
20 0 2000.0
20 30 3.732552
20 13 1.0934358
20 33 1.1410303
20 11 1.1214422
20 29 15.185287
20 5 2.0408041
20 34 0.85837907
20 2 3.46881
20 14 1.0114889
20 37 2.9886367
20 7 53.783813
20 27 1.214127
20 16 21.265064
20 25 0.6948264
21 24 0.98641
21 35 0.031197416
21 12 0.1368135
21 15 1.1556817
22 31 56.151142
22 9 0.06129622
22 19 2000.0
23 0 2000.0
23 30 1.6564926
23 8 1.3814216
23 2 6.9782615
23 37 1.1293612
23 18 1.1044823
23 7 1.2126573
23 16 2.0252461
23 11 2000.0
23 29 0.9556907
23 5 2.1283274
24 26 0.043335255
24 32 0.2156457
24 10 0.10786763
24 21 0.98641
24 12 0.06467798
24 15 2000.0
24 17 0.08532053
25 30 19.199524
25 0 20.381355
25 13 0.2282532
25 33 0.5630637
25 11 0.95787334
25 29 1.4470907
25 34 2.109992
25 20 0.6948264
25 2 0.51016307
25 14 1.740966
25 37 39.51613
25 7 2.6185763
25 27 0.22072418
25 16 0.94268966
26 32 80.0
26 28 0.078401364
26 10 0.030530382
26 24 0.043335255
26 31 0.15731211
26 12 1.5514711
26 17 1.569131
27 30 0.2580138
27 0 2000.0
27 8 3.5839396
27 18 37.905758
27 13 0.35134828
27 33 0.8877029
27 11 0.763506
27 29 0.80289423
27 5 1.4799244
27 34 1.0990386
27 20 1.214127
27 2 2.0721762
27 14 2.3728447
27 37 0.9101353
27 7 2000.0
27 16 1.6418303
27 25 0.22072418
28 36 0.03181818
28 26 0.078401364
28 10 0.28400812
28 3 27.194508
28 12 1200.2842
28 9 1.5604166
28 19 1360.0569
29 0 23.11242
29 30 0.7052585
29 8 0.77693796
29 18 1.3129762
29 13 0.8999427
29 33 6.186376
29 11 0.8398996
29 5 2.0906928
29 34 1.5513561
29 20 15.185287
29 2 1.2670401
29 37 0.76981777
29 27 0.80289423
29 16 2000.0
29 23 0.9556907
29 25 1.4470907
30 8 0.6375055
30 18 0.62307507
30 13 20.326965
30 33 3.154442
30 11 0.71244025
30 29 0.7052585
30 5 0.56456196
30 34 0.9263644
30 20 3.732552
30 2 22.176767
30 14 12.162299
30 37 17.018566
30 7 0.6767666
30 27 0.2580138
30 16 1.0745796
30 23 1.6564926
30 25 19.199524
31 26 0.15731211
31 6 0.15312967
31 10 15.10284
31 35 133.33334
31 22 56.151142
31 9 0.030061662
31 4 0.06988374
31 17 1.0038733
31 19 0.08862555
32 26 80.0
32 24 0.2156457
32 21 2000.0
32 12 4.8129425
32 15 0.07707864
33 30 3.154442
33 13 1.5779625
33 11 2.9927216
33 29 6.186376
33 5 2000.0
33 34 2000.0
33 20 1.1410303
33 2 7.823267
33 14 0.4754314
33 7 2000.0
33 27 0.8877029
33 16 3017.898
33 25 0.5630637
34 30 0.9263644
34 20 0.85837907
34 8 131.09033
34 37 2000.0
34 13 348.5586
34 7 2000.0
34 27 1.0990386
34 16 26.849586
34 11 1.7049918
34 29 1.5513561
34 25 2.109992
34 5 3.0472538
35 21 0.031197416
35 31 133.33334
36 28 0.03181818
36 3 0.48823708
36 9 0.55749506
37 30 17.018566
37 0 1.7457453
37 8 1.437469
37 18 2.9143624
37 13 1.500551
37 11 1.3556855
37 29 0.76981777
37 5 25.796701
37 20 2.9886367
37 2 0.8733471
37 7 2936.4204
37 27 0.9101353
37 16 2000.0
37 23 1.1293612
37 25 39.51613
