0 2 0.9683312
0 37 1.9812646
0 13 0.7807841
0 29 15.889789
0 25 9.915254
1 3 1.0938182
1 12 30.000002
2 30 20.041267
2 0 0.9683312
2 8 0.98261786
2 18 2.6907654
2 13 0.84763145
2 33 1.5844046
2 11 1.6050156
2 29 0.90572435
2 20 3.0529242
2 37 1.0152279
2 27 0.88671285
2 16 2000.0
2 23 9.09603
2 25 0.55709475
3 36 0.27908093
3 28 14.231933
3 24 211.76471
3 12 0.06560352
3 1 1.0938182
3 9 0.36759755
4 31 0.07851643
4 9 0.07884382
4 17 0.13936827
4 19 0.07355416
5 30 0.63634825
5 8 0.5443548
5 18 1.1949328
5 13 23.230593
5 11 2.4808352
5 29 2.0909278
5 34 1.816749
5 20 5.135606
5 37 27.515738
5 7 27.176682
5 27 1.6365261
5 16 1.5546519
5 23 2.985686
5 25 2000.0
6 31 0.21383798
6 17 2.8013396
7 34 544.1165
7 30 0.84167606
7 20 102.144264
7 8 5.100465
7 16 1.0718653
7 11 61.51651
7 23 1.1934721
7 25 2.8124273
7 5 27.176682
8 0 2000.0
8 30 0.54673725
8 18 1.3274821
8 13 1.7174032
8 11 1.3900179
8 29 0.54742247
8 5 0.5443548
8 34 1453.5227
8 2 0.98261786
8 37 1.2755172
8 7 5.100465
8 27 2.0968142
8 16 2.383842
8 23 1.1095519
8 25 2000.0
9 36 0.3812007
9 26 2000.0
9 28 1.098146
9 10 135.94319
9 22 0.05483537
9 31 0.034938227
9 3 0.36759755
9 4 0.07884382
9 17 0.03473292
9 19 0.06720831
10 26 0.030160515
10 28 0.45251623
10 24 0.08185339
10 31 1.8721172
10 12 1145.7954
10 9 135.94319
10 17 0.030923998
11 0 2000.0
11 30 0.88558
11 8 1.3900179
11 18 15.731382
11 13 1.3288579
11 33 2.2673175
11 29 1.0676916
11 5 2.4808352
11 34 2.4723513
11 20 0.99617213
11 2 1.6050156
11 37 2.466136
11 7 61.51651
11 27 0.74528325
11 16 1.4313136
11 25 1.1292146
12 26 0.4489689
12 32 7.444541
12 24 0.06822352
12 21 0.09740578
12 3 0.06560352
12 1 30.000002
13 30 93.082436
13 0 0.7807841
13 8 1.7174032
13 18 225.16139
13 33 0.85076183
13 11 1.3288579
13 29 0.99511594
13 5 23.230593
13 34 58.738876
13 20 1.4213077
13 2 0.84763145
13 14 5.237365
13 37 1.03253
13 7 2000.0
13 27 0.45118624
13 16 36.81989
13 25 0.24299242
14 30 6.0476956
14 20 1.4314152
14 13 5.237365
14 27 1.9204946
14 33 0.34990165
14 25 1.7973533
15 32 0.06829348
15 24 326.66666
15 21 19.424276
16 0 2000.0
16 30 1.3450568
16 8 2.383842
16 18 1.3899288
16 13 36.81989
16 11 1.4313136
16 29 2710.5825
16 5 1.5546519
16 34 249.99998
16 20 57.33852
16 7 1.0718653
16 27 1.6418561
16 23 2.1639726
16 25 1.2021633
17 6 2.8013396
17 26 1.9722838
17 10 0.030923998
17 24 0.11670684
17 31 1.2143757
17 9 0.03473292
17 4 0.13936827
17 19 68.1018
18 0 2000.0
18 30 0.7207156
18 8 1.3274821
18 13 225.16139
18 11 15.731382
18 29 1.3051355
18 5 1.1949328
18 2 2.6907654
18 37 2.0029385
18 7 2000.0
18 27 24.823814
18 16 1.3899288
18 23 1.316532
19 31 0.084512465
19 9 0.06720831
19 17 68.1018
19 4 0.07355416
20 30 2.8580868
20 13 1.4213077
20 33 1.269987
20 11 0.99617213
20 29 40.63423
20 5 5.135606
20 34 0.84048635
20 2 3.0529242
20 14 1.4314152
20 37 3.086019
20 7 102.144264
20 27 1.4642423
20 16 57.33852
20 25 0.50218385
21 26 2000.0
21 32 480.00003
21 10 2000.0
21 24 0.51361835
21 35 0.042366203
21 31 2000.0
21 12 0.09740578
21 15 19.424276
22 31 15.054117
22 9 0.05483537
22 19 2000.0
23 0 2000.0
23 30 1.7252805
23 8 1.1095519
23 2 9.09603
23 37 1.9950197
23 18 1.316532
23 7 1.1934721
23 16 2.1639726
23 11 2000.0
23 29 1.2274976
23 5 2.985686
24 26 0.035662506
24 32 0.22058536
24 10 0.08185339
24 21 0.51361835
24 12 0.06822352
24 3 211.76471
24 15 326.66666
24 17 0.11670684
25 30 10.75841
25 0 9.915254
25 13 0.24299242
25 33 0.9904783
25 11 1.1292146
25 29 1.5528698
25 34 2.0301394
25 20 0.50218385
25 2 0.55709475
25 14 1.7973533
25 37 89.158646
25 7 2.8124273
25 27 0.2130096
25 16 1.2021633
26 32 14.069839
26 28 0.04421085
26 10 0.030160515
26 24 0.035662506
26 31 0.18056713
26 12 0.4489689
26 17 1.9722838
27 30 0.21287432
27 0 2000.0
27 8 2.0968142
27 18 24.823814
27 13 0.45118624
27 33 0.8122386
27 11 0.74528325
27 29 0.6464225
27 5 1.6365261
27 34 0.9274322
27 20 1.4642423
27 2 0.88671285
27 14 1.9204946
27 37 0.9697903
27 7 2781.4773
27 16 1.6418561
27 25 0.2130096
28 36 0.031005371
28 26 0.04421085
28 10 0.45251623
28 3 14.231933
28 12 1594.9431
28 9 1.098146
28 19 1364.5454
29 0 15.889789
29 30 1.9114406
29 8 0.54742247
29 18 1.3051355
29 13 0.99511594
29 33 10.527936
29 11 1.0676916
29 5 2.0909278
29 34 3.0773463
29 20 40.63423
29 2 0.90572435
29 37 0.6078534
29 7 2000.0
29 27 0.6464225
29 16 2710.5825
29 23 1.2274976
29 25 1.5528698
30 8 0.54673725
30 18 0.7207156
30 13 93.082436
30 33 3.675878
30 11 0.88558
30 29 1.9114406
30 5 0.63634825
30 34 0.7636563
30 20 2.8580868
30 2 20.041267
30 14 6.0476956
30 37 27.227545
30 7 0.84167606
30 27 0.21287432
30 16 1.3450568
30 23 1.7252805
30 25 10.75841
31 26 0.18056713
31 6 0.21383798
31 10 1.8721172
31 22 15.054117
31 9 0.034938227
31 4 0.07851643
31 17 1.2143757
31 19 0.084512465
32 26 14.069839
32 10 2000.0
32 24 0.22058536
32 21 480.00003
32 12 7.444541
32 15 0.06829348
33 30 3.675878
33 8 2000.0
33 13 0.85076183
33 11 2.2673175
33 29 10.527936
33 34 2000.0
33 20 1.269987
33 2 1.5844046
33 14 0.34990165
33 7 2000.0
33 27 0.8122386
33 16 1971.0227
33 25 0.9904783
34 30 0.7636563
34 20 0.84048635
34 37 2000.0
34 13 58.738876
34 7 544.1165
34 27 0.9274322
34 16 249.99998
34 11 2.4723513
34 29 3.0773463
34 25 2.0301394
34 5 1.816749
35 21 0.042366203
35 31 1090.3977
36 28 0.031005371
36 3 0.27908093
36 12 2000.0
36 9 0.3812007
37 30 27.227545
37 0 1.9812646
37 8 1.2755172
37 18 2.0029385
37 13 1.03253
37 11 2.466136
37 29 0.6078534
37 5 27.515738
37 20 3.086019
37 2 1.0152279
37 7 3576.7046
37 27 0.9697903
37 16 2000.0
37 23 1.9950197
37 25 89.158646
