0 2 0.8570179
0 37 1.8273019
0 13 0.7625964
0 25 32.34375
0 29 3.794965
1 3 0.86391073
1 12 7.6144075
2 30 9.696981
2 0 0.8570179
2 8 1.6793981
2 18 3.143828
2 13 0.7760407
2 33 2.6341605
2 11 1.7720002
2 29 1.2156618
2 20 8.655991
2 37 1.145698
2 27 692.89777
2 16 2000.0
2 23 36.498287
2 25 0.45667928
3 36 0.46326986
3 28 0.52887535
3 24 400.0
3 12 0.06844323
3 1 0.86391073
3 9 0.881189
4 31 0.06643425
4 9 0.068676546
4 17 0.118459865
4 19 0.065797724
5 30 0.64905924
5 8 1.5362241
5 18 1.0831289
5 13 47.644325
5 11 4.8152075
5 29 2.2972386
5 34 1.6791849
5 20 4.0066285
5 37 27.72886
5 7 12.920421
5 27 779.5454
5 16 1.5673485
5 23 5.8425193
5 25 2000.0
6 31 0.18157785
6 17 7.0116906
7 34 400.0
7 30 0.79894555
7 20 58.279446
7 8 8.009848
7 37 191.37663
7 16 1.1042857
7 23 1.5390562
7 25 2.3636365
7 5 12.920421
8 0 2000.0
8 30 0.54438066
8 18 1.083731
8 13 1.4043341
8 11 0.7993509
8 29 0.5855071
8 5 1.5362241
8 34 28.992945
8 2 1.6793981
8 37 1.3947108
8 7 8.009848
8 27 1067.7273
8 16 1.6247954
8 23 1.6539794
8 25 2000.0
9 36 0.7686034
9 26 2000.0
9 28 0.5766925
9 10 5.5643945
9 22 0.050449103
9 31 0.034524452
9 3 0.881189
9 12 2000.0
9 4 0.068676546
9 17 0.05231061
9 19 0.10339172
10 26 35.795452
10 28 0.89857835
10 24 0.07716807
10 31 1.0367506
10 12 1234.034
10 9 5.5643945
10 17 0.03172283
11 0 2000.0
11 30 0.63222355
11 8 0.7993509
11 18 6.368453
11 13 1.9698232
11 33 2.798279
11 29 0.6850446
11 5 4.8152075
11 34 2.7503123
11 20 1.3590833
11 2 1.7720002
11 37 1.337598
11 7 2194.1477
11 27 692.89777
11 16 1.1010454
11 25 1.1386023
12 26 2000.0
12 32 4.419613
12 24 0.09339459
12 21 0.13056587
12 3 0.06844323
12 1 7.6144075
13 30 43.946056
13 0 0.7625964
13 8 1.4043341
13 18 31.923634
13 33 0.98957705
13 11 1.9698232
13 29 1.507756
13 5 47.644325
13 34 154.39632
13 20 1.764076
13 2 0.7760407
13 14 11.500656
13 37 1.9427804
13 7 2000.0
13 27 150.96591
13 16 140.54848
13 25 0.22552226
14 34 2000.0
14 30 29.182161
14 20 5.248087
14 13 11.500656
14 27 5234.1475
14 33 0.36112273
14 11 2000.0
14 25 2.5117
15 32 0.075854406
15 21 10.2176895
16 0 2000.0
16 30 1.1010246
16 8 1.6247954
16 18 1.2415278
16 13 140.54848
16 11 1.1010454
16 29 2000.0
16 5 1.5673485
16 34 52.463333
16 20 175.44208
16 7 1.1042857
16 27 1119.8296
16 23 2.8536143
16 25 1.1484215
17 6 7.0116906
17 26 1034.8864
17 10 0.03172283
17 24 0.055332173
17 31 0.98324007
17 9 0.05231061
17 4 0.118459865
17 19 68.35378
18 0 2000.0
18 30 0.87770665
18 8 1.083731
18 13 31.923634
18 11 6.368453
18 29 0.82305247
18 5 1.0831289
18 2 3.143828
18 37 2.394704
18 7 2000.0
18 27 2000.0
18 16 1.2415278
18 23 1.1915598
19 28 21.065199
19 31 0.08459108
19 9 0.10339172
19 4 0.065797724
19 17 68.35378
20 30 2.753444
20 8 2000.0
20 13 1.764076
20 33 0.9391144
20 11 1.3590833
20 29 11.612972
20 5 4.0066285
20 34 1.0581261
20 2 8.655991
20 14 5.248087
20 37 4.211195
20 7 58.279446
20 27 957.6705
20 16 175.44208
20 25 0.44135207
21 32 450.00003
21 24 0.9372923
21 35 0.034567326
21 31 2000.0
21 12 0.13056587
21 15 10.2176895
22 31 32.956425
22 9 0.050449103
22 19 2000.0
23 0 2000.0
23 30 1.2453656
23 8 1.6539794
23 2 36.498287
23 37 1.939599
23 18 1.1915598
23 7 1.5390562
23 16 2.8536143
23 11 2000.0
23 29 2.0321398
23 5 5.8425193
24 26 37.045452
24 32 0.28531557
24 10 0.07716807
24 21 0.9372923
24 3 400.0
24 12 0.09339459
24 15 2000.0
24 17 0.055332173
25 0 32.34375
25 30 14.609512
25 13 0.22552226
25 33 0.49481946
25 11 1.1386023
25 29 2.069815
25 34 1.8955346
25 20 0.44135207
25 2 0.45667928
25 14 2.5117
25 37 114.28571
25 7 2.3636365
25 27 229.14774
25 16 1.1484215
28 36 0.02994927
28 26 51.81818
28 10 0.89857835
28 3 0.52887535
28 12 1219.8296
28 9 0.5766925
28 19 21.065199
29 0 3.794965
29 30 1.6283768
29 8 0.5855071
29 18 0.82305247
29 13 1.507756
29 33 100.0
29 11 0.6850446
29 5 2.2972386
29 34 12.192581
29 20 11.612972
29 2 1.2156618
29 37 1.115349
29 7 2000.0
29 27 1898.9204
29 16 2000.0
29 23 2.0321398
29 25 2.069815
30 8 0.54438066
30 18 0.87770665
30 13 43.946056
30 33 14.550116
30 11 0.63222355
30 29 1.6283768
30 5 0.64905924
30 34 1.2987896
30 20 2.753444
30 2 9.696981
30 14 29.182161
30 37 6.314402
30 7 0.79894555
30 27 147.78409
30 16 1.1010246
30 23 1.2453656
30 25 14.609512
31 26 2000.0
31 6 0.18157785
31 10 1.0367506
31 35 43.625362
31 22 32.956425
31 9 0.034524452
31 4 0.06643425
31 17 0.98324007
31 19 0.08459108
32 26 2000.0
32 24 0.28531557
32 21 450.00003
32 12 4.419613
32 15 0.075854406
33 30 14.550116
33 8 2000.0
33 13 0.98957705
33 11 2.798279
33 29 100.0
33 5 2000.0
33 34 2000.0
33 20 0.9391144
33 2 2.6341605
33 14 0.36112273
33 7 2000.0
33 27 698.2386
33 16 2619.6023
33 25 0.49481946
34 30 1.2987896
34 20 1.0581261
34 8 28.992945
34 37 2000.0
34 7 400.0
34 13 154.39632
34 27 716.8182
34 16 52.463333
34 11 2.7503123
34 29 12.192581
34 25 1.8955346
34 5 1.6791849
35 21 0.034567326
35 31 43.625362
36 28 0.02994927
36 10 2000.0
36 3 0.46326986
36 9 0.7686034
37 30 6.314402
37 0 1.8273019
37 8 1.3947108
37 18 2.394704
37 13 1.9427804
37 11 1.337598
37 29 1.115349
37 5 27.72886
37 20 4.211195
37 2 1.145698
37 7 191.37663
37 27 725.7955
37 16 2000.0
37 23 1.939599
37 25 114.28571
