0 8 27.304293
0 2 1.8071316
0 37 1.4497054
0 13 1.2117398
0 11 45.12254
0 29 11.184359
0 25 800.0
1 3 0.28140154
1 12 1202.159
2 30 17.945202
2 0 1.8071316
2 8 1.5012217
2 18 15.973359
2 13 1.7207993
2 33 10.53463
2 11 1.8245213
2 29 1.8657026
2 20 12.000358
2 37 1.6422852
2 27 1.7774454
2 16 2000.0
2 23 21.985645
2 25 1.6556174
3 36 0.3208538
3 28 0.13794193
3 24 2000.0
3 12 0.06853912
3 1 0.28140154
3 9 0.24775755
4 31 0.08156828
4 9 0.07904248
4 17 0.07711038
4 19 0.0796438
5 34 4.301582
5 30 0.5775842
5 20 1.7117501
5 8 0.57245547
5 18 0.44516173
5 7 4.7058005
5 27 1.5801443
5 16 1.4558839
5 23 4.2743654
5 11 1.9534695
5 29 4.5380745
6 22 1594.5455
6 31 1.4123621
6 17 1.9654415
7 34 11.542963
7 30 1.5182221
7 20 2.0733843
7 8 169.15501
7 37 18.486183
7 27 222.47313
7 16 1.5003961
7 11 11.696463
7 23 1.1951759
7 25 30.660208
7 5 4.7058005
8 0 27.304293
8 30 0.6417092
8 18 1.0677651
8 13 2.5938458
8 11 1.0467126
8 29 0.569378
8 5 0.57245547
8 34 8.694205
8 2 1.5012217
8 37 2.5896118
8 7 169.15501
8 27 1.8388481
8 16 1.5261053
8 23 1.2694466
9 36 0.98724955
9 26 2000.0
9 28 2.8443613
9 10 5.3285894
9 22 0.6096125
9 31 0.029865965
9 3 0.24775755
9 17 0.04666928
9 4 0.07904248
9 19 0.080984235
10 26 0.031553954
10 28 0.4113843
10 24 0.044852655
10 31 0.04155443
10 12 8.300848
10 9 5.3285894
10 17 0.029527128
11 0 45.12254
11 30 0.4498611
11 8 1.0467126
11 18 7.6650624
11 13 0.95618474
11 33 4.5061626
11 29 1.1954353
11 5 1.9534695
11 34 4.815706
11 20 1.496184
11 2 1.8245213
11 37 2.642662
11 7 11.696463
11 27 0.56118035
11 16 1.0855569
11 25 1.1408899
12 26 1.1757956
12 28 4.4333925
12 32 0.31471935
12 10 8.300848
12 24 0.08065026
12 21 0.064819604
12 3 0.06853912
13 30 3.5645814
13 0 1.2117398
13 8 2.5938458
13 18 177.77777
13 33 1.0119535
13 11 0.95618474
13 29 0.75319564
13 34 13.627984
13 20 0.6913048
13 2 1.7207993
13 14 5.190716
13 37 3.6858954
13 27 0.7251049
13 16 140.8702
13 25 0.6767206
14 20 1.9075391
14 13 5.190716
14 33 0.6054386
14 27 2.35725
14 11 2000.0
14 25 2.948089
15 32 0.07965779
15 21 12.50484
16 0 2000.0
16 30 1.2282053
16 8 1.5261053
16 18 0.7479821
16 13 140.8702
16 11 1.0855569
16 29 10.71617
16 5 1.4558839
16 20 36.894257
16 37 141.32599
16 7 1.5003961
16 27 3.3302495
16 23 9.500572
16 25 2.6179626
17 26 2.0358984
17 6 1.9654415
17 10 0.029527128
17 24 0.109074116
17 31 1.3977014
17 9 0.04666928
17 4 0.07711038
17 19 1.9827329
18 30 0.69222075
18 2 15.973359
18 8 1.0677651
18 37 1.5752796
18 13 177.77777
18 7 2000.0
18 27 6.564249
18 16 0.7479821
18 23 1.3583223
18 11 7.6650624
18 29 1.0596445
18 5 0.44516173
19 31 0.066324934
19 9 0.080984235
19 17 1.9827329
19 4 0.0796438
20 30 6.975257
20 0 2000.0
20 13 0.6913048
20 33 2.4876354
20 11 1.496184
20 29 3.7771401
20 5 1.7117501
20 34 1.3375888
20 2 12.000358
20 14 1.9075391
20 37 10.891811
20 7 2.0733843
20 27 3.0878038
20 16 36.894257
20 25 0.8433284
21 32 2000.0
21 24 0.070994794
21 35 0.050953083
21 12 0.064819604
21 15 12.50484
22 6 1594.5455
22 31 160.0
22 9 0.6096125
22 19 1386.4772
23 0 2000.0
23 30 1.3692089
23 2 21.985645
23 8 1.2694466
23 37 5.271342
23 18 1.3583223
23 7 1.1951759
23 16 9.500572
23 11 2000.0
23 29 2.2663121
23 5 4.2743654
24 26 0.07052593
24 32 0.100795045
24 10 0.044852655
24 21 0.070994794
24 31 15.718514
24 12 0.08065026
24 3 2000.0
24 15 2000.0
24 17 0.109074116
25 0 800.0
25 30 5.0461025
25 13 0.6767206
25 33 1.0575622
25 11 1.1408899
25 29 7.5699925
25 34 13.639756
25 20 0.8433284
25 2 1.6556174
25 14 2.948089
25 37 105.882355
25 7 30.660208
25 27 0.6854674
25 16 2.6179626
26 36 167.4091
26 32 268.71548
26 28 0.035784096
26 10 0.031553954
26 24 0.07052593
26 31 0.09073864
26 12 1.1757956
26 17 2.0358984
27 0 2000.0
27 30 0.23585115
27 8 1.8388481
27 18 6.564249
27 13 0.7251049
27 33 1.0240619
27 11 0.56118035
27 29 1.0298858
27 5 1.5801443
27 34 3.9298184
27 20 3.0878038
27 2 1.7774454
27 14 2.35725
27 37 4.778014
27 7 222.47313
27 16 3.3302495
27 25 0.6854674
28 36 0.031740416
28 26 0.035784096
28 10 0.4113843
28 3 0.13794193
28 12 4.4333925
28 9 2.8443613
29 0 11.184359
29 30 3.5018604
29 8 0.569378
29 18 1.0596445
29 13 0.75319564
29 11 1.1954353
29 5 4.5380745
29 34 7.002801
29 20 3.7771401
29 2 1.8657026
29 37 1.7599782
29 7 2000.0
29 27 1.0298858
29 16 10.71617
29 23 2.2663121
29 25 7.5699925
30 0 2000.0
30 8 0.6417092
30 18 0.69222075
30 13 3.5645814
30 33 2.3616931
30 11 0.4498611
30 29 3.5018604
30 5 0.5775842
30 34 3.3966298
30 20 6.975257
30 2 17.945202
30 14 2000.0
30 37 6.3272934
30 7 1.5182221
30 27 0.23585115
30 16 1.2282053
30 23 1.3692089
30 25 5.0461025
31 26 0.09073864
31 6 1.4123621
31 10 0.04155443
31 24 15.718514
31 22 160.0
31 9 0.029865965
31 17 1.3977014
31 4 0.08156828
31 19 0.066324934
32 26 268.71548
32 24 0.100795045
32 12 0.31471935
32 15 0.07965779
33 30 2.3616931
33 13 1.0119535
33 11 4.5061626
33 29 2000.0
33 5 2000.0
33 34 2000.0
33 20 2.4876354
33 2 10.53463
33 14 0.6054386
33 7 2000.0
33 27 1.0240619
33 16 2000.0
33 25 1.0575622
34 30 3.3966298
34 20 1.3375888
34 8 8.694205
34 7 11.542963
34 13 13.627984
34 27 3.9298184
34 16 5535.0566
34 11 4.815706
34 25 13.639756
34 29 7.002801
34 5 4.301582
35 21 0.050953083
36 26 167.4091
36 28 0.031740416
36 3 0.3208538
36 9 0.98724955
37 30 6.3272934
37 0 1.4497054
37 8 2.5896118
37 18 1.5752796
37 13 3.6858954
37 11 2.642662
37 29 1.7599782
37 20 10.891811
37 2 1.6422852
37 7 18.486183
37 27 4.778014
37 16 141.32599
37 23 5.271342
37 25 105.882355
