0 8 6.594298
0 2 1.2756795
0 37 0.6413603
0 13 0.4631782
0 11 20.461164
0 29 8.967606
1 3 0.28565833
1 12 1202.159
2 30 35.177246
2 0 1.2756795
2 8 1.2054065
2 18 7.2620707
2 13 0.47032696
2 33 2.735676
2 11 1.4286987
2 29 0.8419386
2 20 6.2537017
2 37 0.8745137
2 27 0.83951604
2 16 2000.0
2 23 15.219783
2 25 1.5352889
3 36 0.22969116
3 28 0.17173232
3 24 257.14285
3 12 0.077297464
3 1 0.28565833
3 9 0.24478658
4 31 0.07525194
4 9 0.0675959
4 17 0.07236843
4 19 0.08682185
5 30 1.0174018
5 8 0.91052395
5 18 1.0251099
5 13 2000.0
5 11 6.2215457
5 29 8.623793
5 34 7.167043
5 20 5.082496
5 37 2000.0
5 7 7.8672423
5 27 2.4799588
5 16 1.554833
5 23 2.4729075
6 31 1.1236482
6 17 1.0327346
7 34 11.242018
7 30 1.5154874
7 20 4.5328283
7 8 63.895782
7 37 26.69293
7 16 1.6528544
7 11 7.266846
7 23 1.7790407
7 25 13.095645
7 5 7.8672423
8 0 6.594298
8 30 0.8233674
8 18 1.1493534
8 13 2.3024266
8 11 0.78602403
8 29 0.7176092
8 5 0.91052395
8 34 3.5195699
8 2 1.2054065
8 37 0.74010223
8 7 63.895782
8 27 1.1932393
8 16 1.2522937
8 23 0.9721508
9 36 0.6601732
9 28 1.1402127
9 10 2.5719697
9 22 0.2830333
9 31 0.028147254
9 3 0.24478658
9 17 0.040409718
9 4 0.0675959
9 19 0.06606489
10 26 0.032075323
10 28 0.48893648
10 24 0.0480507
10 31 0.049691837
10 12 5.546329
10 9 2.5719697
10 17 0.0417593
11 0 20.461164
11 30 0.43751892
11 8 0.78602403
11 18 3.9572432
11 13 0.6217025
11 33 1.8472284
11 29 0.5252175
11 5 6.2215457
11 34 1.7847738
11 20 1.2281743
11 2 1.4286987
11 37 1.1787169
11 7 7.266846
11 27 0.7010482
11 16 0.9138784
11 25 1.0586674
12 26 2.494472
12 28 4.2423124
12 32 0.2005666
12 10 5.546329
12 24 0.06691919
12 21 0.07223241
12 3 0.077297464
13 30 3.423521
13 0 0.4631782
13 8 2.3024266
13 18 200.0
13 33 0.7921402
13 11 0.6217025
13 29 1.0314274
13 34 6.348986
13 20 1.0138404
13 2 0.47032696
13 14 1.7818419
13 37 1.4117365
13 27 0.5676353
13 16 167.42932
13 25 0.7059348
14 20 1.0854635
14 13 1.7818419
14 33 0.38071656
14 27 3.2052398
14 11 2000.0
14 25 1.0125449
15 32 0.10202529
15 21 1.023532
16 0 2000.0
16 30 1.1022449
16 8 1.2522937
16 18 0.9171342
16 13 167.42932
16 11 0.9138784
16 29 50.007576
16 5 1.554833
16 20 11.579499
16 37 47.499043
16 7 1.6528544
16 27 1.3922492
16 23 6.1180177
16 25 2.051082
17 26 1.6486948
17 6 1.0327346
17 10 0.0417593
17 24 0.12782617
17 31 1.1802273
17 9 0.040409718
17 4 0.07236843
17 19 2.8457384
18 30 0.70272726
18 2 7.2620707
18 8 1.1493534
18 37 1.0574849
18 7 2000.0
18 13 200.0
18 27 4.3483906
18 16 0.9171342
18 23 1.1815116
18 11 3.9572432
18 29 0.9492333
18 5 1.0251099
19 31 0.06835595
19 9 0.06606489
19 17 2.8457384
19 4 0.08682185
20 30 19.798733
20 13 1.0138404
20 33 1.2439477
20 11 1.2281743
20 29 5.7563143
20 5 5.082496
20 34 0.80564266
20 2 6.2537017
20 14 1.0854635
20 37 2.9970744
20 7 4.5328283
20 27 2.6493635
20 16 11.579499
20 25 0.6907216
21 32 2000.0
21 24 0.41823727
21 35 0.041027524
21 12 0.07223241
21 15 1.023532
22 6 1202.2728
22 31 110.82386
22 9 0.2830333
22 19 1394.0342
23 0 2000.0
23 30 2.6187823
23 2 15.219783
23 8 0.9721508
23 37 1.4596022
23 18 1.1815116
23 7 1.7790407
23 16 6.1180177
23 11 2000.0
23 29 2.9766583
23 5 2.4729075
24 26 0.056863274
24 32 0.12631899
24 28 2000.0
24 10 0.0480507
24 21 0.41823727
24 31 10.329985
24 12 0.06691919
24 3 257.14285
24 15 2000.0
24 17 0.12782617
25 0 2000.0
25 30 7.4380107
25 13 0.7059348
25 33 0.43917158
25 11 1.0586674
25 29 4.1375847
25 5 2000.0
25 34 2.0267413
25 20 0.6907216
25 2 1.5352889
25 14 1.0125449
25 37 44.002148
25 7 13.095645
25 27 0.74907184
25 16 2.051082
26 36 419.78906
26 32 26.123753
26 28 0.031875
26 10 0.032075323
26 24 0.056863274
26 31 0.0818496
26 12 2.494472
26 17 1.6486948
27 0 2000.0
27 30 0.7782954
27 8 1.1932393
27 18 4.3483906
27 13 0.5676353
27 33 0.98484135
27 11 0.7010482
27 29 0.52609915
27 5 2.4799588
27 34 2.0421717
27 20 2.6493635
27 2 0.83951604
27 14 3.2052398
27 37 1.0385414
27 7 317.26025
27 16 1.3922492
27 25 0.74907184
28 36 0.033673782
28 26 0.031875
28 10 0.48893648
28 3 0.17173232
28 12 4.2423124
28 9 1.1402127
29 0 8.967606
29 30 4.3661685
29 8 0.7176092
29 18 0.9492333
29 13 1.0314274
29 11 0.5252175
29 5 8.623793
29 34 10.31659
29 20 5.7563143
29 2 0.8419386
29 37 1.049275
29 7 2000.0
29 27 0.52609915
29 16 50.007576
29 23 2.9766583
29 25 4.1375847
30 0 2000.0
30 8 0.8233674
30 18 0.70272726
30 13 3.423521
30 33 8.025498
30 11 0.43751892
30 29 4.3661685
30 5 1.0174018
30 34 2.0244076
30 20 19.798733
30 2 35.177246
30 14 2000.0
30 37 5.8950534
30 7 1.5154874
30 27 0.7782954
30 16 1.1022449
30 23 2.6187823
30 25 7.4380107
31 26 0.0818496
31 6 1.1236482
31 10 0.049691837
31 24 10.329985
31 22 110.82386
31 9 0.028147254
31 17 1.1802273
31 4 0.07525194
31 19 0.06835595
32 26 26.123753
32 24 0.12631899
32 12 0.2005666
32 15 0.10202529
33 30 8.025498
33 8 2000.0
33 13 0.7921402
33 11 1.8472284
33 29 7413.75
33 34 2000.0
33 20 1.2439477
33 2 2.735676
33 14 0.38071656
33 7 2000.0
33 27 0.98484135
33 16 2000.0
33 25 0.43917158
34 30 2.0244076
34 20 0.80564266
34 8 3.5195699
34 13 6.348986
34 7 11.242018
34 27 2.0421717
34 16 1215.0568
34 11 1.7847738
34 25 2.0267413
34 29 10.31659
34 5 7.167043
35 21 0.041027524
36 26 419.78906
36 28 0.033673782
36 3 0.22969116
36 9 0.6601732
37 30 5.8950534
37 0 0.6413603
37 8 0.74010223
37 18 1.0574849
37 13 1.4117365
37 11 1.1787169
37 29 1.049275
37 20 2.9970744
37 2 0.8745137
37 7 26.69293
37 27 1.0385414
37 16 47.499043
37 23 1.4596022
37 25 44.002148
