0 8 3.3925526
0 2 0.750401
0 37 1.7615798
0 13 0.8573457
0 11 38.701706
0 29 8.045581
1 3 0.23776516
1 12 1308.2386
2 30 27.225538
2 0 0.750401
2 8 1.2445995
2 18 10.056677
2 13 0.32756257
2 33 2.621329
2 11 0.7607835
2 29 1.019706
2 20 1.7848618
2 37 0.63649315
2 27 0.6236299
2 16 2000.0
2 23 98.07737
2 25 1.1523638
3 36 0.26992303
3 28 0.09333761
3 24 72.00001
3 12 0.052749872
3 1 0.23776516
3 9 0.26954174
4 31 0.09091038
4 9 0.08459354
4 17 0.0908527
4 19 0.09412879
5 30 0.5515043
5 8 1.1301364
5 18 0.48569393
5 13 61.960766
5 11 4.119224
5 29 4.63859
5 34 0.6340051
5 20 2.3605983
5 37 2000.0
5 7 5.9926004
5 27 2.6090477
5 16 1.4933149
5 23 3.0368595
6 22 75.72199
6 31 0.4376263
6 17 1.1192422
7 34 7.4666076
7 30 0.8584294
7 20 1.8712871
7 8 756.3068
7 37 21.155413
7 27 2000.0
7 16 1.202169
7 11 3.8163326
7 23 1.1810454
7 25 5.615123
7 5 5.9926004
8 0 3.3925526
8 30 0.6139566
8 18 1.1296118
8 13 2.213687
8 11 1.9139543
8 29 0.8010825
8 5 1.1301364
8 34 4.8429346
8 2 1.2445995
8 37 1.0428876
8 7 756.3068
8 27 1.0369784
8 16 1.4525568
8 23 0.8739428
9 36 1.5102272
9 26 2000.0
9 28 1.6420453
9 10 10.858492
9 22 0.14463635
9 31 0.030633364
9 3 0.26954174
9 17 0.11190294
9 4 0.08459354
9 19 0.069867745
10 26 0.03296325
10 28 0.23190236
10 24 0.07272552
10 31 0.03527462
10 12 8.668697
10 9 10.858492
10 17 0.031931818
11 0 38.701706
11 30 0.33402142
11 8 1.9139543
11 18 7.2146425
11 13 0.44962123
11 33 2.2745423
11 29 0.4484767
11 5 4.119224
11 34 1.9462031
11 20 0.7465575
11 2 0.7607835
11 37 1.1983546
11 7 3.8163326
11 27 0.41644633
11 16 0.8127281
11 25 1.1047616
12 26 1.7556975
12 28 4.1871004
12 32 0.27567917
12 10 8.668697
12 24 0.06915247
12 21 0.09003616
12 3 0.052749872
12 1 1308.2386
13 0 0.8573457
13 30 1.5640641
13 8 2.213687
13 18 87.288
13 33 0.83172834
13 11 0.44962123
13 29 1.4218674
13 5 61.960766
13 34 7.0133953
13 20 0.5958112
13 2 0.32756257
13 14 2.6465116
13 37 1.1469632
13 27 0.3338669
13 16 111.18607
13 25 0.5775894
14 20 1.025599
14 13 2.6465116
14 27 2.156536
14 33 0.39514866
14 11 2000.0
14 25 1.8506199
15 32 0.073220946
15 24 2000.0
15 21 0.771917
16 0 2000.0
16 30 1.1023473
16 8 1.4525568
16 18 0.8604319
16 13 111.18607
16 11 0.8127281
16 29 18.815813
16 5 1.4933149
16 20 5.521952
16 37 17.52922
16 7 1.202169
16 27 1.4540365
16 23 5.6250963
16 25 1.2998797
17 26 2.013825
17 6 1.1192422
17 10 0.031931818
17 24 0.39245397
17 31 1.2968084
17 9 0.11190294
17 4 0.0908527
17 19 4.0452976
18 30 0.76399255
18 2 10.056677
18 8 1.1296118
18 37 1.1339436
18 13 87.288
18 7 2000.0
18 27 2.9406507
18 16 0.8604319
18 23 1.2810024
18 11 7.2146425
18 29 1.1195347
18 5 0.48569393
19 31 0.07832396
19 9 0.069867745
19 17 4.0452976
19 4 0.09412879
20 30 5.7057657
20 13 0.5958112
20 33 1.2883462
20 11 0.7465575
20 29 1.7761405
20 5 2.3605983
20 34 0.7775663
20 2 1.7848618
20 14 1.025599
20 37 2.4200983
20 7 1.8712871
20 27 2.209978
20 16 5.521952
20 25 0.5841027
21 32 2000.0
21 10 2000.0
21 24 0.5833987
21 35 0.033060193
21 12 0.09003616
21 15 0.771917
22 6 75.72199
22 31 1181.1932
22 9 0.14463635
22 19 1288.409
23 0 2000.0
23 30 0.94686526
23 2 98.07737
23 8 0.8739428
23 37 2.0187247
23 18 1.2810024
23 7 1.1810454
23 27 2000.0
23 16 5.6250963
23 11 2000.0
23 29 2.1002975
23 5 3.0368595
24 26 0.050891057
24 32 0.10176468
24 10 0.07272552
24 21 0.5833987
24 31 7.4019785
24 12 0.06915247
24 3 72.00001
24 15 2000.0
24 17 0.39245397
25 30 2.7888637
25 13 0.5775894
25 33 0.35884076
25 11 1.1047616
25 29 5.168133
25 34 1.1151086
25 20 0.5841027
25 2 1.1523638
25 14 1.8506199
25 37 18.597868
25 7 5.615123
25 27 0.73259133
25 16 1.2998797
26 32 22.810902
26 28 0.04695373
26 10 0.03296325
26 24 0.050891057
26 31 0.060009904
26 12 1.7556975
26 17 2.013825
27 0 2000.0
27 30 0.21479134
27 8 1.0369784
27 18 2.9406507
27 13 0.3338669
27 33 1.2697508
27 11 0.41644633
27 29 0.45643938
27 5 2.6090477
27 34 1.0032995
27 20 2.209978
27 2 0.6236299
27 14 2.156536
27 37 2.2223918
27 7 2000.0
27 16 1.4540365
27 25 0.73259133
28 36 0.034397382
28 26 0.04695373
28 10 0.23190236
28 3 0.09333761
28 12 4.1871004
28 9 1.6420453
29 0 8.045581
29 30 2.6221025
29 8 0.8010825
29 18 1.1195347
29 13 1.4218674
29 11 0.4484767
29 5 4.63859
29 34 7.663447
29 20 1.7761405
29 2 1.019706
29 37 0.9611462
29 7 2000.0
29 27 0.45643938
29 16 18.815813
29 23 2.1002975
29 25 5.168133
30 0 2000.0
30 8 0.6139566
30 18 0.76399255
30 13 1.5640641
30 33 2.666122
30 11 0.33402142
30 29 2.6221025
30 5 0.5515043
30 34 0.97810024
30 20 5.7057657
30 2 27.225538
30 37 4.642527
30 7 0.8584294
30 27 0.21479134
30 16 1.1023473
30 23 0.94686526
30 25 2.7888637
31 26 0.060009904
31 6 0.4376263
31 10 0.03527462
31 24 7.4019785
31 9 0.030633364
31 17 1.2968084
31 4 0.09091038
31 19 0.07832396
32 26 22.810902
32 24 0.10176468
32 12 0.27567917
32 15 0.073220946
33 34 2000.0
33 30 2.666122
33 20 1.2883462
33 2 2.621329
33 14 0.39514866
33 7 2000.0
33 13 0.83172834
33 27 1.2697508
33 16 1627.8408
33 11 2.2745423
33 29 1898.4092
33 25 0.35884076
34 30 0.97810024
34 20 0.7775663
34 8 4.8429346
34 13 7.0133953
34 7 7.4666076
34 27 1.0032995
34 16 1215.0568
34 11 1.9462031
34 25 1.1151086
34 29 7.663447
34 5 0.6340051
35 21 0.033060193
36 26 1152.216
36 28 0.034397382
36 3 0.26992303
36 9 1.5102272
37 0 1.7615798
37 30 4.642527
37 8 1.0428876
37 18 1.1339436
37 13 1.1469632
37 11 1.1983546
37 29 0.9611462
37 20 2.4200983
37 2 0.63649315
37 7 21.155413
37 27 2.2223918
37 16 17.52922
37 23 2.0187247
37 25 18.597868
