0 2 1.44881
0 37 1.6819512
0 13 0.90742546
0 29 14.643043
0 25 7.9556994
1 3 1.2116548
1 12 7.8939395
2 30 15.5449505
2 0 1.44881
2 8 1.2166419
2 18 4.0897017
2 13 0.64107317
2 33 4.0384603
2 11 1.4310235
2 29 1.2337319
2 20 4.231076
2 37 1.0729296
2 27 1.0636363
2 16 2000.0
2 23 11.009907
2 25 1.5237324
3 36 0.3357324
3 28 5.616632
3 24 2000.0
3 12 0.06550466
3 1 1.2116548
3 9 0.29749706
4 31 0.0656435
4 9 0.06995004
4 17 0.17758156
4 19 0.068623155
5 30 0.67527014
5 8 0.7232639
5 18 0.845337
5 13 22.717705
5 11 3.429394
5 29 2.91413
5 34 2.3768826
5 20 2.6775448
5 37 6.425089
5 7 8.273658
5 27 1.1665007
5 16 1.836576
5 23 3.953859
6 31 0.28034168
6 17 2.4545455
7 34 200.0
7 30 1.2080213
7 20 171.82439
7 8 9.389752
7 37 114.28571
7 16 1.1976925
7 23 1.4137857
7 29 800.0
7 25 2.3269274
7 5 8.273658
8 0 2000.0
8 30 0.5773834
8 18 1.3385766
8 13 1.113581
8 11 1.025142
8 29 0.6576796
8 5 0.7232639
8 34 15.579545
8 2 1.2166419
8 37 0.8862755
8 7 9.389752
8 27 1.8657818
8 16 1.3618709
8 23 0.94290864
8 25 2000.0
9 36 0.5167661
9 26 2000.0
9 28 1.1538638
9 10 15.905732
9 22 0.057972383
9 31 0.035483498
9 3 0.29749706
9 12 2000.0
9 4 0.06995004
9 17 0.03568506
9 19 0.06619874
10 26 0.02968307
10 28 0.32958212
10 24 0.17029573
10 31 12.51645
10 12 25.454796
10 9 15.905732
10 17 0.03825558
11 0 2000.0
11 30 1.21758
11 8 1.025142
11 18 8.365893
11 13 1.4818814
11 33 1.834481
11 29 1.0351187
11 5 3.429394
11 34 2.3122547
11 20 3.173283
11 2 1.4310235
11 37 1.9414027
11 7 1366.7046
11 27 0.8909721
11 16 1.1754198
11 25 0.82628065
12 26 0.8450995
12 32 12.22922
12 10 25.454796
12 24 0.06885313
12 21 0.23561868
12 3 0.06550466
12 1 7.8939395
13 30 40.6979
13 0 0.90742546
13 8 1.113581
13 33 0.84369564
13 11 1.4818814
13 29 4.4743447
13 5 22.717705
13 34 183.49965
13 20 1.7616853
13 2 0.64107317
13 14 28.658396
13 37 0.914792
13 7 2000.0
13 27 0.4054932
13 16 80.45015
13 25 0.28860405
14 30 9.389297
14 20 2.1829917
14 13 28.658396
14 27 3.9875488
14 33 0.37360448
14 25 2.7788107
15 32 0.08123408
15 24 2000.0
15 21 7.6299853
16 0 2000.0
16 30 1.0974146
16 8 1.3618709
16 18 1.4569515
16 13 80.45015
16 11 1.1754198
16 5 1.836576
16 34 76.775215
16 20 112.70067
16 7 1.1976925
16 27 1.2983186
16 23 3.0039897
16 25 1.3560289
17 6 2.4545455
17 26 1.4206238
17 10 0.03825558
17 24 0.1296261
17 31 1.0026809
17 9 0.03568506
17 4 0.17758156
17 19 61.91826
18 0 2000.0
18 30 0.7713868
18 8 1.3385766
18 13 378.94742
18 11 8.365893
18 29 1.189019
18 5 0.845337
18 2 4.0897017
18 37 2.1393669
18 7 2000.0
18 27 23.580946
18 16 1.4569515
18 23 1.3563439
19 31 0.07947636
19 9 0.06619874
19 4 0.068623155
19 17 61.91826
20 0 2000.0
20 30 1.376797
20 13 1.7616853
20 33 1.5003008
20 11 3.173283
20 29 9.401864
20 5 2.6775448
20 34 1.8401387
20 2 4.231076
20 14 2.1829917
20 37 3.020177
20 7 171.82439
20 27 2.399945
20 16 112.70067
20 25 0.9337121
21 26 2000.0
21 32 2000.0
21 24 0.68311155
21 35 0.03153735
21 12 0.23561868
21 15 7.6299853
22 31 2000.0
22 9 0.057972383
22 19 2000.0
23 0 2000.0
23 30 2.5123177
23 8 0.94290864
23 2 11.009907
23 37 1.6311171
23 18 1.3563439
23 7 1.4137857
23 16 3.0039897
23 11 2000.0
23 29 2.5916593
23 5 3.953859
24 26 0.038338304
24 32 0.21303266
24 10 0.17029573
24 21 0.68311155
24 12 0.06885313
24 15 2000.0
24 17 0.1296261
25 0 7.9556994
25 30 13.388111
25 13 0.28860405
25 33 0.8014379
25 11 0.82628065
25 29 1.384096
25 34 2.683551
25 20 0.9337121
25 2 1.5237324
25 14 2.7788107
25 37 28.84707
25 7 2.3269274
25 27 0.26235875
25 16 1.3560289
26 32 33.70464
26 28 0.055871632
26 10 0.02968307
26 24 0.038338304
26 31 0.19305556
26 12 0.8450995
26 17 1.4206238
27 30 0.23228778
27 0 2000.0
27 8 1.8657818
27 18 23.580946
27 13 0.4054932
27 33 0.97369117
27 11 0.8909721
27 29 0.8458588
27 5 1.1665007
27 34 1.39305
27 20 2.399945
27 2 1.0636363
27 14 3.9875488
27 37 0.8524997
27 7 3911.4204
27 16 1.2983186
27 25 0.26235875
28 36 0.032017007
28 26 0.055871632
28 10 0.32958212
28 3 5.616632
28 12 1085.5114
28 9 1.1538638
28 19 1372.5568
29 0 14.643043
29 30 5.0332437
29 8 0.6576796
29 18 1.189019
29 13 4.4743447
29 33 16.404316
29 11 1.0351187
29 5 2.91413
29 34 8.62355
29 20 9.401864
29 2 1.2337319
29 37 0.7824111
29 7 800.0
29 27 0.8458588
29 16 2000.0
29 23 2.5916593
29 25 1.384096
30 8 0.5773834
30 18 0.7713868
30 13 40.6979
30 33 29.621212
30 11 1.21758
30 29 5.0332437
30 5 0.67527014
30 34 1.6020058
30 20 1.376797
30 2 15.5449505
30 14 9.389297
30 37 10.388242
30 7 1.2080213
30 27 0.23228778
30 16 1.0974146
30 23 2.5123177
30 25 13.388111
31 26 0.19305556
31 6 0.28034168
31 10 12.51645
31 9 0.035483498
31 4 0.0656435
31 17 1.0026809
31 19 0.07947636
32 26 33.70464
32 24 0.21303266
32 21 2000.0
32 12 12.22922
32 15 0.08123408
33 30 29.621212
33 13 0.84369564
33 11 1.834481
33 29 16.404316
33 5 2000.0
33 34 2000.0
33 20 1.5003008
33 2 4.0384603
33 14 0.37360448
33 7 2000.0
33 27 0.97369117
33 16 1971.0227
33 25 0.8014379
34 30 1.6020058
34 20 1.8401387
34 8 15.579545
34 37 2000.0
34 7 200.0
34 13 183.49965
34 27 1.39305
34 16 76.775215
34 11 2.3122547
34 29 8.62355
34 25 2.683551
34 5 2.3768826
35 21 0.03153735
35 31 1217.0454
36 28 0.032017007
36 3 0.3357324
36 9 0.5167661
37 30 10.388242
37 0 1.6819512
37 8 0.8862755
37 18 2.1393669
37 13 0.914792
37 11 1.9414027
37 29 0.7824111
37 5 6.425089
37 20 3.020177
37 2 1.0729296
37 7 114.28571
37 27 0.8524997
37 16 2000.0
37 23 1.6311171
37 25 28.84707
