0 8 8.736004
0 2 1.7237133
0 37 1.0587121
0 13 0.83232373
0 11 28.269466
0 29 9.323672
0 25 2000.0
1 3 0.27217743
1 12 1202.159
2 30 52.15273
2 0 1.7237133
2 8 1.0232884
2 18 14.066104
2 13 0.32977286
2 33 9.669849
2 11 0.8023874
2 29 0.81357294
2 20 2.3601189
2 37 1.0214452
2 27 1.1242627
2 16 2000.0
2 23 18.785454
2 25 3.0820441
3 36 0.25157085
3 28 0.12570186
3 24 416.6667
3 12 0.067453586
3 1 0.27217743
3 9 0.17093606
4 31 0.071888894
4 9 0.06560709
4 17 0.082416505
4 19 0.07933298
5 30 1.132444
5 8 0.78041565
5 18 0.44202414
5 13 2000.0
5 11 2.5992787
5 29 8.0144825
5 34 4.9288325
5 20 1.6588069
5 37 800.0
5 7 4.3524985
5 27 1.8532108
5 16 1.5451887
5 23 6.0903926
6 31 0.8113056
6 17 1.2369173
7 34 11.196117
7 30 1.7171493
7 20 1.3768436
7 8 50.0
7 37 18.569698
7 27 60.000004
7 16 2.038634
7 11 11.865209
7 23 1.4970608
7 25 8.178578
7 5 4.3524985
8 0 8.736004
8 30 0.6176693
8 18 1.249252
8 13 1.4762362
8 11 0.8435809
8 29 0.8081013
8 5 0.78041565
8 34 12.460718
8 2 1.0232884
8 37 1.3573515
8 7 50.0
8 27 1.1308151
8 16 2.0284092
8 23 0.7988836
9 36 1.5438383
9 26 2000.0
9 28 3.7614625
9 10 4.1881313
9 22 0.44286212
9 31 0.03622966
9 3 0.17093606
9 17 0.04363087
9 4 0.06560709
9 19 0.066452
10 26 0.032263815
10 28 0.22235578
10 24 0.049044967
10 31 0.04921639
10 12 6.684304
10 9 4.1881313
10 17 0.032928105
11 0 28.269466
11 30 0.40573254
11 8 0.8435809
11 18 7.2780733
11 13 0.5446183
11 33 3.8028696
11 29 0.73440605
11 5 2.5992787
11 34 2.9146607
11 20 1.0360727
11 2 0.8023874
11 37 1.3355807
11 7 11.865209
11 27 0.45832387
11 16 0.9633881
11 25 1.233118
12 26 1.0992789
12 28 5.4616165
12 32 0.56084317
12 10 6.684304
12 24 0.06885259
12 21 0.07562583
12 3 0.067453586
13 30 0.94391835
13 0 0.83232373
13 8 1.4762362
13 18 2000.0
13 33 0.85353535
13 11 0.5446183
13 29 1.1968532
13 34 14.951394
13 20 0.5076734
13 2 0.32977286
13 14 2.975904
13 37 2.0142093
13 7 2000.0
13 27 0.3894497
13 16 89.829956
13 25 1.0397874
14 20 0.7963503
14 13 2.975904
14 33 0.49364752
14 27 2.4179232
14 11 2000.0
14 25 1.6571708
15 32 0.06756886
15 21 2.6574798
16 0 2000.0
16 30 1.102431
16 8 2.0284092
16 18 1.1603508
16 13 89.829956
16 11 0.9633881
16 29 45.359306
16 5 1.5451887
16 20 5.4293447
16 37 35.645638
16 7 2.038634
16 27 1.4010688
16 23 17.727179
16 25 1.3489481
17 26 1.7652978
17 6 1.2369173
17 10 0.032928105
17 24 0.15452348
17 31 1.2249917
17 9 0.04363087
17 4 0.082416505
17 19 8.049946
18 30 0.73588365
18 2 14.066104
18 8 1.249252
18 37 0.9370016
18 13 2000.0
18 7 2000.0
18 27 4.7922864
18 16 1.1603508
18 23 1.2767037
18 11 7.2780733
18 29 1.2488201
18 5 0.44202414
19 22 111.52274
19 31 0.08653698
19 9 0.066452
19 17 8.049946
19 4 0.07933298
20 30 13.479021
20 13 0.5076734
20 33 2.0228062
20 11 1.0360727
20 29 2.7164445
20 5 1.6588069
20 34 0.79915756
20 2 2.3601189
20 14 0.7963503
20 37 2.3675754
20 7 1.3768436
20 27 0.48520118
20 16 5.4293447
20 25 0.6622371
21 10 2000.0
21 24 0.27440912
21 35 0.04939323
21 12 0.07562583
21 15 2.6574798
22 6 1612.4432
22 31 1207.8978
22 9 0.44286212
22 19 111.52274
23 0 2000.0
23 30 1.559099
23 2 18.785454
23 8 0.7988836
23 37 2.3530896
23 18 1.2767037
23 7 1.4970608
23 16 17.727179
23 11 2000.0
23 29 3.6870818
23 5 6.0903926
24 26 0.06484777
24 32 0.16322632
24 10 0.049044967
24 21 0.27440912
24 31 7.3344927
24 12 0.06885259
24 3 416.6667
24 15 2000.0
24 17 0.15452348
25 30 1.6167265
25 13 1.0397874
25 33 0.5310257
25 11 1.233118
25 29 3.39609
25 34 4.6219816
25 20 0.6622371
25 2 3.0820441
25 14 1.6571708
25 37 45.161285
25 7 8.178578
25 27 0.72559315
25 16 1.3489481
26 36 83.798294
26 32 36.528828
26 28 0.032354794
26 10 0.032263815
26 24 0.06484777
26 31 0.05174911
26 12 1.0992789
26 17 1.7652978
27 0 2000.0
27 30 0.27332824
27 8 1.1308151
27 18 4.7922864
27 13 0.3894497
27 33 0.98549765
27 11 0.45832387
27 29 0.5925133
27 5 1.8532108
27 34 1.8802167
27 20 0.48520118
27 2 1.1242627
27 14 2.4179232
27 37 1.3820971
27 7 60.000004
27 16 1.4010688
27 25 0.72559315
28 36 0.032377202
28 26 0.032354794
28 10 0.22235578
28 3 0.12570186
28 12 5.4616165
28 9 3.7614625
29 0 9.323672
29 30 6.0304294
29 8 0.8081013
29 18 1.2488201
29 13 1.1968532
29 11 0.73440605
29 5 8.0144825
29 34 5.1944685
29 20 2.7164445
29 2 0.81357294
29 37 0.99572957
29 7 2000.0
29 27 0.5925133
29 16 45.359306
29 23 3.6870818
29 25 3.39609
30 0 2000.0
30 8 0.6176693
30 18 0.73588365
30 13 0.94391835
30 33 7.014381
30 11 0.40573254
30 29 6.0304294
30 5 1.132444
30 34 2.2335289
30 20 13.479021
30 2 52.15273
30 14 2000.0
30 37 3.5744936
30 7 1.7171493
30 27 0.27332824
30 16 1.102431
30 23 1.559099
30 25 1.6167265
31 26 0.05174911
31 6 0.8113056
31 10 0.04921639
31 24 7.3344927
31 9 0.03622966
31 17 1.2249917
31 4 0.071888894
31 19 0.08653698
32 26 36.528828
32 24 0.16322632
32 12 0.56084317
32 15 0.06756886
33 30 7.014381
33 8 2000.0
33 13 0.85353535
33 11 3.8028696
33 29 1633.2386
33 34 2000.0
33 20 2.0228062
33 2 9.669849
33 14 0.49364752
33 7 2000.0
33 27 0.98549765
33 16 2000.0
33 25 0.5310257
34 30 2.2335289
34 20 0.79915756
34 8 12.460718
34 7 11.196117
34 13 14.951394
34 27 1.8802167
34 16 5535.0566
34 11 2.9146607
34 25 4.6219816
34 29 5.1944685
34 5 4.9288325
35 21 0.04939323
36 26 83.798294
36 28 0.032377202
36 3 0.25157085
36 9 1.5438383
37 30 3.5744936
37 0 1.0587121
37 8 1.3573515
37 18 0.9370016
37 13 2.0142093
37 11 1.3355807
37 29 0.99572957
37 5 800.0
37 20 2.3675754
37 2 1.0214452
37 7 18.569698
37 27 1.3820971
37 16 35.645638
37 23 2.3530896
37 25 45.161285
