0 8 3.388585
0 2 0.38706392
0 37 1.7768183
0 13 1.1435384
0 29 3.8863065
1 3 0.2174487
1 12 36.017326
2 30 19.52059
2 0 0.38706392
2 8 3.431435
2 18 23.872078
2 13 1.6821516
2 33 8.755508
2 11 1.598103
2 29 1.9125558
2 20 1.8354084
2 37 2.1690862
2 27 3.9803345
2 16 2000.0
2 23 84.210526
2 25 2.521282
3 36 0.36391613
3 28 0.1001148
3 24 600.0
3 12 0.061557867
3 1 0.2174487
3 9 0.46655795
4 31 0.08474268
4 9 0.067269005
4 17 0.098941445
4 19 0.0810802
5 30 0.7432452
5 8 1.8806919
5 18 1.428012
5 11 6.3796654
5 29 6.4664044
5 34 4.3983955
5 20 1.821272
5 37 2000.0
5 7 13.535002
5 27 7.3579254
5 16 1.99809
5 23 5.929163
5 25 2000.0
6 22 206.00764
6 31 0.9711584
6 17 1.3939615
7 34 16.126238
7 30 1.6004611
7 20 2.6666744
7 8 71.362015
7 37 22.617012
7 27 103.26307
7 16 1.0311891
7 11 24.197393
7 23 2.2216053
7 25 21.098719
7 5 13.535002
8 0 3.388585
8 30 0.6960228
8 18 1.6322212
8 13 15.760033
8 11 7.7498918
8 29 0.9339013
8 5 1.8806919
8 34 14.50819
8 2 3.431435
8 37 2.8117309
8 7 71.362015
8 27 2.3049986
8 16 1.6660851
8 23 2.1149554
9 36 1.5258609
9 26 2000.0
9 28 8.6816
9 10 2.9759114
9 22 0.34845382
9 31 0.031786174
9 3 0.46655795
9 17 0.064383976
9 4 0.067269005
9 19 0.06934463
10 26 0.046147786
10 28 0.76852643
10 24 0.06949278
10 31 0.031962693
10 12 3.5185492
10 9 2.9759114
10 17 0.030691288
11 0 2000.0
11 30 0.86395377
11 8 7.7498918
11 18 18.991138
11 13 1.7034558
11 33 3.7460513
11 29 1.1731832
11 5 6.3796654
11 34 4.2645316
11 20 2.4052718
11 2 1.598103
11 37 1.898824
11 7 24.197393
11 27 0.86443025
11 16 2.5873594
11 25 2.46485
12 26 0.675
12 28 3.073249
12 32 0.25153056
12 10 3.5185492
12 24 0.099468656
12 21 0.09835085
12 3 0.061557867
12 1 36.017326
13 0 1.1435384
13 30 9.907598
13 8 15.760033
13 18 699.99994
13 33 2.8396342
13 11 1.7034558
13 29 1.4448808
13 5 2000.0
13 34 5.5822477
13 20 0.60046667
13 2 1.6821516
13 14 5.665893
13 37 4.392263
13 27 0.18362495
13 16 167.76135
13 25 0.9405063
14 20 1.6590685
14 13 5.665893
14 33 1.1632661
14 27 2.1688669
14 11 2000.0
14 25 7.506713
15 32 0.070258945
15 21 5.8462977
16 30 1.1216061
16 20 9.259875
16 8 1.6660851
16 18 1.2709284
16 13 167.76135
16 7 1.0311891
16 27 1.8679293
16 23 6.792718
16 11 2.5873594
16 29 2000.0
16 25 4.991443
16 5 1.99809
17 26 2.068644
17 6 1.3939615
17 10 0.030691288
17 24 0.26178437
17 31 1.3032157
17 9 0.064383976
17 4 0.098941445
17 19 1.8735507
18 30 0.85308
18 2 23.872078
18 8 1.6322212
18 37 5.234588
18 13 699.99994
18 7 2000.0
18 27 2.955648
18 16 1.2709284
18 23 1.2630004
18 11 18.991138
18 29 3.4633226
18 5 1.428012
19 31 0.081093736
19 9 0.06934463
19 17 1.8735507
19 4 0.0810802
20 0 2000.0
20 30 8.90395
20 13 0.60046667
20 33 4.1750555
20 11 2.4052718
20 29 10.301814
20 5 1.821272
20 34 1.0621501
20 2 1.8354084
20 14 1.6590685
20 37 8.6784
20 7 2.6666744
20 27 0.86893934
20 16 9.259875
20 25 1.2367593
21 32 2000.0
21 24 0.06725037
21 35 0.055165987
21 12 0.09835085
21 15 5.8462977
22 6 206.00764
22 31 2000.0
22 9 0.34845382
22 19 1204.659
23 0 2000.0
23 30 3.6366446
23 2 84.210526
23 8 2.1149554
23 37 9.173331
23 18 1.2630004
23 7 2.2216053
23 16 6.792718
23 11 2000.0
23 29 10.516154
23 5 5.929163
24 26 0.09146692
24 32 0.08543364
24 10 0.06949278
24 21 0.06725037
24 31 10.000749
24 12 0.099468656
24 3 600.0
24 15 2000.0
24 17 0.26178437
25 0 2000.0
25 30 2.4783654
25 13 0.9405063
25 33 1.5661175
25 11 2.46485
25 29 10.454293
25 34 5.305601
25 20 1.2367593
25 2 2.521282
25 14 7.506713
25 37 156.25
25 7 21.098719
25 27 1.1072513
25 16 4.991443
26 32 67.70188
26 28 0.045052506
26 10 0.046147786
26 24 0.09146692
26 31 0.05242708
26 12 0.675
26 17 2.068644
27 0 2000.0
27 30 0.21093677
27 8 2.3049986
27 18 2.955648
27 13 0.18362495
27 33 1.3098408
27 11 0.86443025
27 29 1.0807221
27 5 7.3579254
27 34 1.7100034
27 20 0.86893934
27 2 3.9803345
27 14 2.1688669
27 37 3.4867082
27 7 103.26307
27 16 1.8679293
27 25 1.1072513
28 36 0.049147725
28 26 0.045052506
28 10 0.76852643
28 3 0.1001148
28 12 3.073249
28 9 8.6816
29 0 3.8863065
29 30 4.775138
29 8 0.9339013
29 18 3.4633226
29 13 1.4448808
29 11 1.1731832
29 5 6.4664044
29 34 5.879001
29 20 10.301814
29 2 1.9125558
29 37 1.8764246
29 7 2000.0
29 27 1.0807221
29 23 10.516154
29 25 10.454293
30 0 2000.0
30 8 0.6960228
30 18 0.85308
30 13 9.907598
30 33 3.5380685
30 11 0.86395377
30 29 4.775138
30 5 0.7432452
30 34 3.6884246
30 20 8.90395
30 2 19.52059
30 37 14.222585
30 7 1.6004611
30 27 0.21093677
30 16 1.1216061
30 23 3.6366446
30 25 2.4783654
31 26 0.05242708
31 6 0.9711584
31 10 0.031962693
31 24 10.000749
31 9 0.031786174
31 17 1.3032157
31 4 0.08474268
31 19 0.081093736
32 26 67.70188
32 24 0.08543364
32 12 0.25153056
32 15 0.070258945
33 30 3.5380685
33 8 2000.0
33 13 2.8396342
33 11 3.7460513
33 29 2000.0
33 34 2000.0
33 20 4.1750555
33 2 8.755508
33 14 1.1632661
33 7 2000.0
33 27 1.3098408
33 16 2000.0
33 25 1.5661175
34 30 3.6884246
34 20 1.0621501
34 8 14.50819
34 7 16.126238
34 13 5.5822477
34 27 1.7100034
34 16 2000.0
34 11 4.2645316
34 25 5.305601
34 29 5.879001
34 5 4.3983955
35 21 0.055165987
36 26 2000.0
36 28 0.049147725
36 3 0.36391613
36 9 1.5258609
37 0 1.7768183
37 30 14.222585
37 8 2.8117309
37 18 5.234588
37 13 4.392263
37 11 1.898824
37 29 1.8764246
37 20 8.6784
37 2 2.1690862
37 7 22.617012
37 27 3.4867082
37 16 4285.909
37 23 9.173331
37 25 156.25
