0 8 5.4479713
0 2 0.8258577
0 37 0.79830253
0 13 0.77313125
0 11 13.622011
0 29 4.2358055
0 25 2000.0
1 3 0.19088781
1 12 1201.4773
2 30 10.7082205
2 0 0.8258577
2 8 1.2407662
2 18 17.872305
2 13 0.3949263
2 33 1.4280683
2 11 0.773461
2 29 0.5878528
2 20 1.0764298
2 37 0.73614436
2 27 0.45825437
2 16 2000.0
2 25 0.79088295
3 36 0.3826063
3 28 0.09533279
3 24 266.6667
3 12 0.05856208
3 1 0.19088781
3 9 0.30784032
4 31 0.083216265
4 9 0.06654113
4 17 0.079327516
4 19 0.08110337
5 30 1.146572
5 8 0.6670052
5 18 0.41494808
5 13 122.86189
5 11 2.6543736
5 29 2.597381
5 34 1.5780114
5 20 2.897421
5 37 2000.0
5 7 8.501852
5 27 1.7233857
5 16 1.1202674
5 23 3.5996592
6 22 203.69318
6 31 0.35718444
6 17 0.8564263
7 34 10.044642
7 30 0.79676515
7 20 2.3675559
7 8 210.56657
7 37 23.396332
7 16 1.0344529
7 11 4.615408
7 23 0.9923815
7 25 4.0767455
7 5 8.501852
8 0 5.4479713
8 30 0.6698278
8 18 1.099376
8 13 3.5819187
8 11 0.91199064
8 29 0.5325982
8 5 0.6670052
8 34 3.8070767
8 2 1.2407662
8 37 0.95694846
8 7 210.56657
8 27 1.5210493
8 16 1.3929191
8 23 1.0535407
9 36 1.2728713
9 26 2000.0
9 28 2.502486
9 10 3.5672727
9 22 0.32848725
9 31 0.029205326
9 3 0.30784032
9 17 0.07773437
9 4 0.06654113
9 19 0.07205841
10 26 0.029389326
10 28 0.21567191
10 24 0.061648715
10 31 0.03383621
10 12 6.078449
10 9 3.5672727
10 17 0.035289768
11 0 13.622011
11 30 0.4538123
11 8 0.91199064
11 18 7.8987417
11 13 0.7111731
11 33 1.720617
11 29 0.72513115
11 5 2.6543736
11 34 1.543144
11 20 1.0608959
11 2 0.773461
11 37 0.95693153
11 7 4.615408
11 27 0.5175495
11 16 0.8230534
11 25 0.96562
12 26 1.5010922
12 28 2.4499068
12 32 0.248983
12 10 6.078449
12 24 0.06573549
12 21 0.14321642
12 3 0.05856208
13 0 0.77313125
13 30 0.97831196
13 8 3.5819187
13 18 794.65454
13 33 0.7387105
13 11 0.7111731
13 29 0.7239193
13 5 122.86189
13 34 10.376764
13 20 0.96647835
13 2 0.3949263
13 14 3.4691362
13 37 1.3824952
13 27 0.27599192
13 16 40.09656
13 25 0.41717798
14 20 1.549014
14 13 3.4691362
14 27 3.347561
14 33 0.42193484
14 11 2000.0
14 25 1.0563772
15 32 0.07663123
15 21 1.1538026
16 0 2000.0
16 30 1.1012762
16 8 1.3929191
16 18 0.82847965
16 13 40.09656
16 11 0.8230534
16 29 33.227695
16 5 1.1202674
16 20 13.957208
16 37 28.39941
16 7 1.0344529
16 27 1.5818735
16 23 7.2601004
16 25 1.0440224
17 26 1.9089135
17 6 0.8564263
17 10 0.035289768
17 24 0.29238465
17 31 1.3545077
17 9 0.07773437
17 4 0.079327516
17 19 2.1570165
18 30 0.6902571
18 2 17.872305
18 8 1.099376
18 37 1.0932832
18 7 2000.0
18 13 794.65454
18 27 3.9048324
18 16 0.82847965
18 23 1.3698585
18 11 7.8987417
18 29 1.1020765
18 5 0.41494808
19 31 0.08186033
19 9 0.07205841
19 17 2.1570165
19 4 0.08110337
20 30 12.574125
20 13 0.96647835
20 33 1.526613
20 11 1.0608959
20 29 6.1472836
20 5 2.897421
20 34 0.905178
20 2 1.0764298
20 14 1.549014
20 37 5.9736605
20 7 2.3675559
20 27 2.1932724
20 16 13.957208
20 25 0.56999344
21 32 2000.0
21 10 2000.0
21 24 0.34518805
21 35 0.04073595
21 12 0.14321642
21 15 1.1538026
22 6 203.69318
22 31 1246.1364
22 9 0.32848725
22 19 1318.8068
23 0 2000.0
23 30 1.3450282
23 2 1383.75
23 8 1.0535407
23 37 2.2688258
23 18 1.3698585
23 7 0.9923815
23 16 7.2601004
23 11 2000.0
23 29 2.1627889
23 5 3.5996592
24 26 0.054135107
24 28 2000.0
24 32 0.10611748
24 10 0.061648715
24 21 0.34518805
24 31 3.5738013
24 12 0.06573549
24 3 266.6667
24 15 2000.0
24 17 0.29238465
25 30 2.3080616
25 13 0.41717798
25 33 0.3664646
25 11 0.96562
25 29 1.0684568
25 5 2000.0
25 34 1.107808
25 20 0.56999344
25 2 0.79088295
25 14 1.0563772
25 37 40.944168
25 7 4.0767455
25 27 0.4213523
25 16 1.0440224
26 36 368.26367
26 32 39.046734
26 28 0.037912846
26 10 0.029389326
26 24 0.054135107
26 31 0.058410957
26 12 1.5010922
26 17 1.9089135
27 0 2000.0
27 30 0.15799513
27 8 1.5210493
27 18 3.9048324
27 13 0.27599192
27 33 1.1662371
27 11 0.5175495
27 29 0.6857862
27 5 1.7233857
27 34 1.4953204
27 20 2.1932724
27 2 0.45825437
27 14 3.347561
27 37 1.3057829
27 7 2708.5796
27 16 1.5818735
27 25 0.4213523
28 36 0.03472324
28 26 0.037912846
28 10 0.21567191
28 3 0.09533279
28 12 2.4499068
28 9 2.502486
29 0 4.2358055
29 30 3.491133
29 8 0.5325982
29 18 1.1020765
29 13 0.7239193
29 33 80.66414
29 11 0.72513115
29 5 2.597381
29 34 3.137492
29 20 6.1472836
29 2 0.5878528
29 37 0.6750932
29 7 2000.0
29 27 0.6857862
29 16 33.227695
29 23 2.1627889
29 25 1.0684568
30 0 2000.0
30 8 0.6698278
30 18 0.6902571
30 13 0.97831196
30 33 2.5914361
30 11 0.4538123
30 29 3.491133
30 5 1.146572
30 34 1.2375437
30 20 12.574125
30 2 10.7082205
30 37 6.175731
30 7 0.79676515
30 27 0.15799513
30 16 1.1012762
30 23 1.3450282
30 25 2.3080616
31 26 0.058410957
31 6 0.35718444
31 10 0.03383621
31 24 3.5738013
31 9 0.029205326
31 17 1.3545077
31 4 0.083216265
31 19 0.08186033
32 26 39.046734
32 24 0.10611748
32 12 0.248983
32 15 0.07663123
33 34 2000.0
33 30 2.5914361
33 20 1.526613
33 2 1.4280683
33 14 0.42193484
33 7 2000.0
33 13 0.7387105
33 27 1.1662371
33 16 2020.4546
33 11 1.720617
33 29 80.66414
33 25 0.3664646
34 30 1.2375437
34 20 0.905178
34 8 3.8070767
34 13 10.376764
34 7 10.044642
34 27 1.4953204
34 16 1215.0568
34 11 1.543144
34 25 1.107808
34 29 3.137492
34 5 1.5780114
35 21 0.04073595
36 26 368.26367
36 28 0.03472324
36 3 0.3826063
36 9 1.2728713
37 30 6.175731
37 0 0.79830253
37 8 0.95694846
37 18 1.0932832
37 13 1.3824952
37 11 0.95693153
37 29 0.6750932
37 20 5.9736605
37 2 0.73614436
37 7 23.396332
37 27 1.3057829
37 16 28.39941
37 23 2.2688258
37 25 40.944168
