0 2 1.1331738
0 37 1.5710588
0 13 0.8787619
0 29 59.389687
0 25 8.600409
1 3 0.67672414
1 12 36.496834
2 30 13.603511
2 0 1.1331738
2 8 1.0105578
2 18 2.4680078
2 13 0.5013079
2 33 3.5933564
2 11 1.4930319
2 29 0.9293483
2 5 2000.0
2 20 2.0897877
2 37 1.2650014
2 27 0.7445043
2 16 2000.0
2 23 9.97625
2 25 0.6664141
3 36 0.43455714
3 28 5.8676653
3 24 450.00003
3 12 0.0590129
3 1 0.67672414
3 9 0.34018257
4 31 0.068472356
4 9 0.099371746
4 17 0.13911961
4 19 0.10365187
5 30 0.51905686
5 8 0.42349562
5 18 0.9866348
5 13 28.805529
5 11 3.728148
5 29 7.515672
5 34 1.9763861
5 20 1.957319
5 37 7.9376984
5 7 9.838142
5 27 3.4438663
5 16 1.9707718
5 23 2.7428064
5 25 2000.0
6 31 0.18623112
6 17 4.1053324
7 30 0.6284402
7 20 58.392754
7 8 5.4535336
7 27 782.28406
7 16 1.3839602
7 23 1.3003582
7 11 214.93639
7 25 4.79527
7 5 9.838142
8 0 2000.0
8 30 0.35157627
8 18 1.379798
8 13 1.1657363
8 11 0.93896943
8 29 0.41708398
8 5 0.42349562
8 34 36.943966
8 2 1.0105578
8 37 0.885301
8 7 5.4535336
8 27 1.1265517
8 16 1.3224827
8 23 0.7915143
8 25 2000.0
9 36 0.62340486
9 26 2000.0
9 28 1.0076171
9 10 26.847055
9 22 0.05946053
9 31 0.030557428
9 3 0.34018257
9 4 0.099371746
9 17 0.03516357
9 19 0.07087843
10 26 0.02919544
10 28 0.36411533
10 24 0.16910411
10 31 13.816102
10 12 1301.0228
10 9 26.847055
10 17 0.034019962
11 0 2000.0
11 30 0.8994319
11 8 0.93896943
11 18 5.785082
11 13 1.5761284
11 33 2.7884798
11 29 0.6308263
11 5 3.728148
11 34 1.8844563
11 20 2.5370736
11 2 1.4930319
11 37 2.03687
11 7 214.93639
11 27 0.6074236
11 16 1.1073369
11 25 1.1205398
12 26 0.980193
12 32 3.7660248
12 24 0.07015588
12 21 0.25677028
12 3 0.0590129
12 1 36.496834
13 30 36.693073
13 0 0.8787619
13 8 1.1657363
13 18 201.58452
13 33 1.4521655
13 11 1.5761284
13 29 1.117669
13 5 28.805529
13 34 234.87956
13 20 1.2936813
13 2 0.5013079
13 14 8.420978
13 37 1.2317591
13 7 2000.0
13 27 0.29130062
13 16 22.334116
13 25 0.21294236
14 30 6.7772727
14 20 11.396213
14 13 8.420978
14 27 5.0741735
14 33 0.3439281
14 11 2000.0
14 25 3.17355
15 32 0.06861253
15 21 6.132336
16 0 2000.0
16 30 1.2699746
16 8 1.3224827
16 18 1.2402596
16 13 22.334116
16 11 1.1073369
16 29 64.28571
16 5 1.9707718
16 34 79.901985
16 20 41.586906
16 7 1.3839602
16 27 1.7381748
16 23 2.445978
16 25 2.495913
17 6 4.1053324
17 26 1.6007202
17 10 0.034019962
17 24 0.14195804
17 31 1.0171882
17 9 0.03516357
17 4 0.13911961
17 19 59.745617
18 0 2000.0
18 30 0.67207795
18 8 1.379798
18 13 201.58452
18 11 5.785082
18 29 1.7400551
18 5 0.9866348
18 2 2.4680078
18 37 2.7617652
18 7 2000.0
18 27 18.114803
18 16 1.2402596
18 23 1.2921013
19 31 0.0790231
19 9 0.07087843
19 17 59.745617
19 4 0.10365187
20 0 2000.0
20 30 1.8992121
20 13 1.2936813
20 33 2.6412508
20 11 2.5370736
20 29 10.5576315
20 5 1.957319
20 34 1.8518022
20 2 2.0897877
20 14 11.396213
20 37 5.789944
20 7 58.392754
20 27 1.9828658
20 16 41.586906
20 25 0.49114516
21 26 2000.0
21 32 800.0
21 24 0.6549925
21 35 0.031481437
21 31 2000.0
21 12 0.25677028
21 15 6.132336
22 31 171.42856
22 9 0.05946053
22 19 2000.0
23 0 2000.0
23 30 1.247772
23 8 0.7915143
23 2 9.97625
23 37 1.3072506
23 18 1.2921013
23 7 1.3003582
23 16 2.445978
23 11 2000.0
23 29 1.4182513
23 5 2.7428064
24 26 0.039985795
24 32 0.15103392
24 10 0.16910411
24 21 0.6549925
24 12 0.07015588
24 3 450.00003
24 15 2000.0
24 17 0.14195804
25 30 16.577274
25 0 8.600409
25 13 0.21294236
25 33 0.6963749
25 11 1.1205398
25 29 2.5397563
25 34 2.5527527
25 20 0.49114516
25 2 0.6664141
25 14 3.17355
25 37 25.123274
25 7 4.79527
25 27 0.22789031
25 16 2.495913
26 32 59.52381
26 28 0.10409071
26 10 0.02919544
26 24 0.039985795
26 31 0.1529541
26 12 0.980193
26 17 1.6007202
27 30 0.22655804
27 0 2000.0
27 8 1.1265517
27 18 18.114803
27 13 0.29130062
27 33 1.4598206
27 11 0.6074236
27 29 0.65148664
27 5 3.4438663
27 34 1.3071126
27 20 1.9828658
27 2 0.7445043
27 14 5.0741735
27 37 1.124563
27 7 782.28406
27 16 1.7381748
27 25 0.22789031
28 36 0.031889204
28 26 0.10409071
28 10 0.36411533
28 3 5.8676653
28 12 1181.25
28 9 1.0076171
28 19 1372.5568
29 0 59.389687
29 30 2.4654934
29 8 0.41708398
29 18 1.7400551
29 13 1.117669
29 33 24.209394
29 11 0.6308263
29 5 7.515672
29 34 2.5254056
29 20 10.5576315
29 2 0.9293483
29 37 1.2029047
29 27 0.65148664
29 16 64.28571
29 23 1.4182513
29 25 2.5397563
30 8 0.35157627
30 18 0.67207795
30 13 36.693073
30 33 9.6319
30 11 0.8994319
30 29 2.4654934
30 5 0.51905686
30 34 0.81872934
30 20 1.8992121
30 2 13.603511
30 14 6.7772727
30 37 12.806549
30 7 0.6284402
30 27 0.22655804
30 16 1.2699746
30 23 1.247772
30 25 16.577274
31 26 0.1529541
31 6 0.18623112
31 10 13.816102
31 22 171.42856
31 9 0.030557428
31 4 0.068472356
31 17 1.0171882
31 19 0.0790231
32 26 59.52381
32 24 0.15103392
32 21 800.0
32 12 3.7660248
32 15 0.06861253
33 30 9.6319
33 8 2000.0
33 13 1.4521655
33 11 2.7884798
33 29 24.209394
33 5 2000.0
33 34 2000.0
33 20 2.6412508
33 2 3.5933564
33 14 0.3439281
33 7 2000.0
33 27 1.4598206
33 16 1971.0227
33 25 0.6963749
34 30 0.81872934
34 20 1.8518022
34 8 36.943966
34 37 2000.0
34 7 2000.0
34 13 234.87956
34 27 1.3071126
34 16 79.901985
34 11 1.8844563
34 29 2.5254056
34 25 2.5527527
34 5 1.9763861
35 21 0.031481437
35 31 1217.0454
36 28 0.031889204
36 3 0.43455714
36 9 0.62340486
37 30 12.806549
37 0 1.5710588
37 8 0.885301
37 18 2.7617652
37 13 1.2317591
37 11 2.03687
37 29 1.2029047
37 5 7.9376984
37 20 5.789944
37 2 1.2650014
37 7 3071.4773
37 27 1.124563
37 16 2000.0
37 23 1.3072506
37 25 25.123274
