0 2 1.2999882
0 37 1.3791778
0 13 0.8739949
0 29 25.327549
0 25 13.029864
1 3 1.325816
1 12 72.64205
2 30 21.253107
2 0 1.2999882
2 8 1.1825517
2 18 2.0711782
2 13 0.70120156
2 33 2.6586046
2 11 2.101883
2 29 1.2424002
2 20 5.4826455
2 37 0.8598067
2 27 1.0775585
2 16 2000.0
2 23 4.9156055
2 25 0.47563958
3 36 0.25707093
3 28 17.84789
3 24 400.0
3 12 0.056653544
3 1 1.325816
3 9 0.33632445
4 31 0.063224405
4 9 0.086377494
4 17 0.25375062
4 19 0.08767007
5 30 0.5126489
5 8 0.58842707
5 18 0.49400255
5 13 8.638529
5 11 3.180011
5 29 3.0274868
5 34 2.632692
5 20 1.3088896
5 37 5.711045
5 7 6.84415
5 27 1.6069906
5 16 1.3160791
5 23 2.7400963
6 31 0.16325493
6 17 1.9543726
7 30 0.7791181
7 20 25.753014
7 8 4.8022304
7 16 0.8002658
7 11 215.72389
7 23 1.3888428
7 25 2.178862
7 5 6.84415
8 0 2000.0
8 30 0.47466475
8 18 1.1739153
8 13 1.1318125
8 11 0.84987605
8 29 0.7902757
8 5 0.58842707
8 34 54.386513
8 2 1.1825517
8 37 1.1027077
8 7 4.8022304
8 27 1.5757271
8 16 1.5006765
8 23 1.0846488
8 25 2000.0
9 36 0.52681124
9 26 2000.0
9 28 1.0614094
9 10 8.961818
9 22 0.04427028
9 31 0.034576617
9 12 2000.0
9 3 0.33632445
9 4 0.086377494
9 17 0.054930355
9 19 0.06848424
10 26 0.03020646
10 28 0.3246031
10 24 0.08632305
10 31 10.630292
10 12 1145.7954
10 9 8.961818
10 17 0.03129582
11 0 2000.0
11 30 0.75922626
11 8 0.84987605
11 18 6.6932383
11 13 0.8782524
11 33 2.0897233
11 29 0.9662268
11 5 3.180011
11 34 2.006758
11 20 0.6738604
11 2 2.101883
11 37 1.9114374
11 7 215.72389
11 27 0.9575913
11 16 1.1129774
11 25 0.9386504
12 26 0.43335906
12 32 11.805363
12 24 0.07036045
12 21 0.120837756
12 3 0.056653544
12 1 72.64205
13 30 112.89204
13 0 0.8739949
13 8 1.1318125
13 18 230.39641
13 33 0.8061036
13 11 0.8782524
13 29 0.87760353
13 5 8.638529
13 34 99.69035
13 20 1.3860459
13 2 0.70120156
13 14 7.3872304
13 37 1.4197426
13 7 2000.0
13 27 0.51216066
13 16 31.314934
13 25 0.21989569
14 30 4.440916
14 20 1.7954545
14 13 7.3872304
14 27 2.142979
14 33 0.3716308
14 25 3.3167486
15 32 0.06811873
15 24 144.11763
15 21 7.4319506
16 0 2000.0
16 30 1.0492444
16 8 1.5006765
16 18 1.2402534
16 13 31.314934
16 11 1.1129774
16 29 345.87988
16 5 1.3160791
16 34 44.61907
16 20 12.610228
16 7 0.8002658
16 27 1.358858
16 23 3.4170756
16 25 1.1350712
17 6 1.9543726
17 26 1.3915235
17 10 0.03129582
17 24 0.21448863
17 31 0.9215629
17 9 0.054930355
17 4 0.25375062
17 19 138.80945
18 0 2000.0
18 30 0.6982636
18 8 1.1739153
18 13 230.39641
18 11 6.6932383
18 29 1.2302068
18 5 0.49400255
18 2 2.0711782
18 37 2.5688531
18 7 2000.0
18 27 21.313461
18 16 1.2402534
18 23 1.3814772
19 31 0.098189384
19 9 0.06848424
19 4 0.08767007
19 17 138.80945
20 30 1.5122776
20 13 1.3860459
20 33 2.2591357
20 11 0.6738604
20 29 10.132761
20 5 1.3088896
20 34 1.144774
20 2 5.4826455
20 14 1.7954545
20 37 5.044001
20 7 25.753014
20 27 0.9075054
20 16 12.610228
20 25 0.88154995
21 26 2000.0
21 32 450.00003
21 24 0.49067608
21 35 0.03191782
21 31 2000.0
21 12 0.120837756
21 15 7.4319506
22 31 80.0
22 9 0.04427028
22 19 2000.0
23 0 2000.0
23 30 1.7727015
23 8 1.0846488
23 2 4.9156055
23 37 1.8927959
23 18 1.3814772
23 7 1.3888428
23 16 3.4170756
23 11 2000.0
23 29 1.4302645
23 5 2.7400963
24 26 0.04461077
24 32 0.14154474
24 10 0.08632305
24 21 0.49067608
24 12 0.07036045
24 3 400.0
24 15 144.11763
24 17 0.21448863
25 30 13.955429
25 0 13.029864
25 13 0.21989569
25 33 0.67125064
25 11 0.9386504
25 29 1.6259398
25 34 1.5261405
25 20 0.88154995
25 2 0.47563958
25 14 3.3167486
25 37 38.28315
25 7 2.178862
25 27 0.23582253
25 16 1.1350712
26 32 20.58961
26 28 0.041169506
26 10 0.03020646
26 24 0.04461077
26 31 0.11792507
26 12 0.43335906
26 17 1.3915235
27 30 0.2465962
27 0 2000.0
27 8 1.5757271
27 18 21.313461
27 13 0.51216066
27 33 0.70498025
27 11 0.9575913
27 29 1.0706359
27 5 1.6069906
27 34 0.9347606
27 20 0.9075054
27 2 1.0775585
27 14 2.142979
27 37 0.9035669
27 7 2781.4773
27 16 1.358858
27 25 0.23582253
28 36 0.03064609
28 26 0.041169506
28 10 0.3246031
28 3 17.84789
28 12 1594.9431
28 9 1.0614094
28 19 1364.5454
29 0 25.327549
29 30 1.0138224
29 8 0.7902757
29 18 1.2302068
29 13 0.87760353
29 33 12.67878
29 11 0.9662268
29 5 3.0274868
29 34 2.4168947
29 20 10.132761
29 2 1.2424002
29 37 0.6481441
29 7 2000.0
29 27 1.0706359
29 16 345.87988
29 23 1.4302645
29 25 1.6259398
30 8 0.47466475
30 18 0.6982636
30 13 112.89204
30 33 8.116679
30 11 0.75922626
30 29 1.0138224
30 5 0.5126489
30 34 0.86421305
30 20 1.5122776
30 2 21.253107
30 14 4.440916
30 37 34.52404
30 7 0.7791181
30 27 0.2465962
30 16 1.0492444
30 23 1.7727015
30 25 13.955429
31 26 0.11792507
31 6 0.16325493
31 10 10.630292
31 35 133.28523
31 22 80.0
31 9 0.034576617
31 4 0.063224405
31 17 0.9215629
31 19 0.098189384
32 26 20.58961
32 24 0.14154474
32 21 450.00003
32 12 11.805363
32 15 0.06811873
33 30 8.116679
33 8 2000.0
33 13 0.8061036
33 11 2.0897233
33 29 12.67878
33 5 2000.0
33 34 2000.0
33 20 2.2591357
33 2 2.6586046
33 14 0.3716308
33 7 2000.0
33 27 0.70498025
33 16 1971.0227
33 25 0.67125064
34 30 0.86421305
34 20 1.144774
34 8 54.386513
34 37 2000.0
34 13 99.69035
34 7 2066.941
34 27 0.9347606
34 16 44.61907
34 11 2.006758
34 29 2.4168947
34 25 1.5261405
34 5 2.632692
35 21 0.03191782
35 31 133.28523
36 28 0.03064609
36 3 0.25707093
36 9 0.52681124
37 30 34.52404
37 0 1.3791778
37 8 1.1027077
37 18 2.5688531
37 13 1.4197426
37 11 1.9114374
37 29 0.6481441
37 5 5.711045
37 20 5.044001
37 2 0.8598067
37 7 345.40784
37 27 0.9035669
37 16 2000.0
37 23 1.8927959
37 25 38.28315
