0 8 7.566589
0 2 1.4180945
0 37 1.3311958
0 13 0.7047485
0 11 72.72727
0 29 11.075787
1 3 0.22813483
1 12 73.35208
2 30 17.347727
2 0 1.4180945
2 8 1.6506281
2 18 40.778103
2 13 0.34426042
2 33 2.3284605
2 11 1.242702
2 29 0.9896381
2 20 2.5972908
2 37 0.96250993
2 27 0.84342355
2 16 2000.0
2 23 20.130684
2 25 2.1715736
3 36 0.3276095
3 28 0.07442219
3 24 180.00002
3 12 0.049964547
3 1 0.22813483
3 9 0.4497163
4 31 0.08248471
4 9 0.08764302
4 17 0.09805025
4 19 0.08849936
5 30 0.6960869
5 8 0.8803544
5 18 0.5310798
5 13 479.40005
5 11 3.6869407
5 29 4.0244536
5 34 0.97669935
5 20 2.3658867
5 37 2000.0
5 7 6.7637677
5 27 2.8753304
5 16 1.4144095
5 23 3.1792
6 22 200.0
6 31 0.55429536
6 17 1.8386605
7 34 11.748564
7 30 0.7472899
7 20 1.9172817
7 8 19.977882
7 37 18.687004
7 27 133.33334
7 16 0.99518836
7 11 9.634689
7 23 1.066485
7 25 5.2530107
7 5 6.7637677
8 0 7.566589
8 30 0.5978832
8 18 1.2054237
8 13 2.8617485
8 11 0.67922646
8 29 0.84604067
8 5 0.8803544
8 34 1.4611102
8 2 1.6506281
8 37 0.866528
8 7 19.977882
8 27 1.8034325
8 16 1.4284643
8 23 1.322034
9 36 1.6514653
9 26 2000.0
9 28 1.7502271
9 10 16.036139
9 22 0.29527125
9 31 0.032575756
9 3 0.4497163
9 12 2000.0
9 17 0.044006906
9 4 0.08764302
9 19 0.07333782
10 26 0.029550187
10 28 0.1551458
10 24 0.039462876
10 31 0.03615196
10 12 17.591904
10 9 16.036139
10 17 0.044345684
11 0 72.72727
11 30 0.34850717
11 8 0.67922646
11 18 5.5546837
11 13 0.7997064
11 33 2.139688
11 29 0.5795349
11 5 3.6869407
11 34 1.7501805
11 20 0.94390994
11 2 1.242702
11 37 1.6287807
11 7 9.634689
11 27 0.50142515
11 16 1.1494628
11 25 1.0518491
12 26 0.9170696
12 28 3.392557
12 32 0.16321652
12 10 17.591904
12 24 0.06834948
12 21 0.07798063
12 3 0.049964547
12 1 73.35208
13 30 0.60790485
13 0 0.7047485
13 8 2.8617485
13 18 200.0
13 33 0.8784871
13 11 0.7997064
13 29 0.96483016
13 5 479.40005
13 34 7.0900044
13 20 0.4296759
13 2 0.34426042
13 14 1.5254037
13 37 1.8313967
13 27 0.18460567
13 16 106.666664
13 25 0.5694834
14 34 2000.0
14 20 3.817712
14 13 1.5254037
14 27 1.663321
14 33 0.5274545
14 11 2000.0
14 25 1.8369277
15 32 0.06979532
15 21 1.6153485
16 30 1.1023473
16 0 2000.0
16 8 1.4284643
16 18 0.92610884
16 13 106.666664
16 11 1.1494628
16 29 22.07024
16 5 1.4144095
16 20 7.1471324
16 37 17.319221
16 7 0.99518836
16 27 1.2907773
16 23 11.542454
16 25 1.353558
17 26 1.8158485
17 6 1.8386605
17 10 0.044345684
17 24 0.1969333
17 31 1.2826048
17 9 0.044006906
17 4 0.09805025
17 19 2.227249
18 30 0.69020534
18 2 40.778103
18 8 1.2054237
18 37 1.7135047
18 13 200.0
18 7 2000.0
18 27 2.8361802
18 16 0.92610884
18 23 1.2769992
18 11 5.5546837
18 29 1.0023376
18 5 0.5310798
19 31 0.07706513
19 9 0.07333782
19 17 2.227249
19 4 0.08849936
20 30 7.8531046
20 13 0.4296759
20 33 1.1712
20 11 0.94390994
20 29 3.0920105
20 5 2.3658867
20 34 0.7842709
20 2 2.5972908
20 14 3.817712
20 37 2.6466942
20 7 1.9172817
20 27 0.4769668
20 16 7.1471324
20 25 0.51970845
21 32 2000.0
21 24 0.511481
21 35 0.03632576
21 12 0.07798063
21 15 1.6153485
22 6 200.0
22 31 1054.8296
22 9 0.29527125
22 19 1309.4886
23 0 2000.0
23 30 1.2140632
23 2 20.130684
23 8 1.322034
23 37 1.6451958
23 18 1.2769992
23 7 1.066485
23 16 11.542454
23 11 2000.0
23 29 1.7488488
23 5 3.1792
24 26 0.05321062
24 32 0.09508196
24 28 2000.0
24 10 0.039462876
24 21 0.511481
24 31 5.362675
24 12 0.06834948
24 3 180.00002
24 15 2000.0
24 17 0.1969333
25 30 1.6208366
25 13 0.5694834
25 33 0.42489582
25 11 1.0518491
25 29 3.8870609
25 34 1.3180804
25 20 0.51970845
25 2 2.1715736
25 14 1.8369277
25 37 95.96495
25 7 5.2530107
25 27 0.90646696
25 16 1.353558
26 32 44.818874
26 28 0.09522734
26 10 0.029550187
26 24 0.05321062
26 31 0.07778846
26 12 0.9170696
26 17 1.8158485
27 0 2000.0
27 30 0.1556057
27 8 1.8034325
27 18 2.8361802
27 13 0.18460567
27 33 0.90947753
27 11 0.50142515
27 29 0.4146886
27 5 2.8753304
27 34 1.0471238
27 20 0.4769668
27 2 0.84342355
27 14 1.663321
27 37 0.8655841
27 7 133.33334
27 16 1.2907773
27 25 0.90646696
28 36 0.044682343
28 26 0.09522734
28 10 0.1551458
28 3 0.07442219
28 12 3.392557
28 9 1.7502271
29 0 11.075787
29 30 7.7271843
29 8 0.84604067
29 18 1.0023376
29 13 0.96483016
29 33 62.980686
29 11 0.5795349
29 5 4.0244536
29 34 5.645455
29 20 3.0920105
29 2 0.9896381
29 37 0.9689319
29 7 2000.0
29 27 0.4146886
29 16 22.07024
29 23 1.7488488
29 25 3.8870609
30 0 2000.0
30 8 0.5978832
30 18 0.69020534
30 13 0.60790485
30 33 1.5742731
30 11 0.34850717
30 29 7.7271843
30 5 0.6960869
30 34 0.5314685
30 20 7.8531046
30 2 17.347727
30 37 3.965223
30 7 0.7472899
30 27 0.1556057
30 16 1.1023473
30 23 1.2140632
30 25 1.6208366
31 26 0.07778846
31 6 0.55429536
31 10 0.03615196
31 24 5.362675
31 9 0.032575756
31 17 1.2826048
31 4 0.08248471
31 19 0.07706513
32 26 44.818874
32 24 0.09508196
32 12 0.16321652
32 15 0.06979532
33 30 1.5742731
33 13 0.8784871
33 11 2.139688
33 29 62.980686
33 5 2000.0
33 34 2000.0
33 20 1.1712
33 2 2.3284605
33 14 0.5274545
33 7 2000.0
33 27 0.90947753
33 16 2000.0
33 25 0.42489582
34 30 0.5314685
34 20 0.7842709
34 8 1.4611102
34 13 7.0900044
34 7 11.748564
34 27 1.0471238
34 16 1215.0568
34 11 1.7501805
34 25 1.3180804
34 29 5.645455
34 5 0.97669935
35 21 0.03632576
36 26 2000.0
36 28 0.044682343
36 3 0.3276095
36 9 1.6514653
37 30 3.965223
37 0 1.3311958
37 8 0.866528
37 18 1.7135047
37 13 1.8313967
37 11 1.6287807
37 29 0.9689319
37 20 2.6466942
37 2 0.96250993
37 7 18.687004
37 27 0.8655841
37 16 17.319221
37 23 1.6451958
37 25 95.96495
