0 2 1.0275311
0 37 1.8456341
0 13 0.74319285
0 29 24.825943
0 25 4.746591
1 3 0.7891993
1 12 6.8913674
2 30 16.160166
2 0 1.0275311
2 8 1.52121
2 18 2.6879518
2 13 0.5477646
2 33 2.1062098
2 11 1.2651873
2 29 1.239715
2 20 1.6528252
2 37 0.8312501
2 27 0.9169821
2 16 2000.0
2 23 5.0272756
2 25 0.92934215
3 36 0.26818183
3 28 33.502274
3 24 2000.0
3 12 0.05321349
3 1 0.7891993
3 9 0.43614015
4 31 0.068001546
4 9 0.0862098
4 17 0.16416933
4 19 0.06858495
5 30 0.62609816
5 8 0.39120722
5 18 0.6273244
5 13 14.732098
5 11 2.9550948
5 29 1.6238699
5 34 2.1293669
5 20 2.9557076
5 37 8.849641
5 7 8.048734
5 27 1.1254721
5 16 2.05926
5 23 3.3680162
5 25 2000.0
6 31 0.14111401
6 17 4.019413
7 30 0.64738053
7 20 45.421925
7 8 4.487797
7 27 160.0
7 16 1.0586002
7 23 1.2561643
7 11 115.50953
7 25 1.9361159
7 5 8.048734
8 0 2000.0
8 30 0.5272914
8 18 1.3264555
8 13 2.1044118
8 11 1.1334623
8 29 0.2625373
8 5 0.39120722
8 34 35.407433
8 2 1.52121
8 37 0.90421915
8 7 4.487797
8 27 4.6059623
8 16 1.6080508
8 23 0.92775023
8 25 2000.0
9 36 0.2732476
9 26 2000.0
9 28 1.5297993
9 10 16.294737
9 22 0.05615531
9 31 0.02950645
9 3 0.43614015
9 12 2000.0
9 4 0.0862098
9 17 0.036860794
9 19 0.08212602
10 26 0.03100257
10 28 0.44267246
10 24 0.086595036
10 31 32.537846
10 12 1145.7954
10 9 16.294737
10 17 0.030545335
11 0 2000.0
11 30 0.8705478
11 8 1.1334623
11 18 7.610032
11 13 0.96838856
11 33 1.6880162
11 29 1.2175951
11 5 2.9550948
11 34 2.6500678
11 20 0.8515555
11 2 1.2651873
11 37 1.5545176
11 7 115.50953
11 27 0.69367164
11 16 0.90190685
11 25 0.85386235
12 26 1.052966
12 32 6.4395514
12 28 153.17987
12 24 0.07595098
12 21 0.10921311
12 3 0.05321349
12 1 6.8913674
13 30 12.4751425
13 0 0.74319285
13 8 2.1044118
13 18 144.87233
13 33 1.3294994
13 11 0.96838856
13 29 0.970906
13 5 14.732098
13 34 3409.896
13 20 1.1099117
13 2 0.5477646
13 14 9.212656
13 37 1.3455714
13 7 2000.0
13 27 0.37261564
13 16 37.57098
13 25 0.28326705
14 30 9.681707
14 20 2.2749286
14 13 9.212656
14 27 1.9602273
14 33 0.5721006
14 25 2.6683977
15 32 0.07253167
15 21 9.562282
16 30 1.1263926
16 8 1.6080508
16 18 1.1341547
16 13 37.57098
16 11 0.90190685
16 29 1250.0
16 5 2.05926
16 34 67.5694
16 20 17.88382
16 7 1.0586002
16 27 1.3964444
16 23 2.8532197
16 25 1.1442081
17 6 4.019413
17 26 1.6210846
17 10 0.030545335
17 24 0.14529952
17 31 1.0015525
17 9 0.036860794
17 4 0.16416933
17 19 136.38808
18 0 2000.0
18 30 0.798748
18 8 1.3264555
18 13 144.87233
18 11 7.610032
18 29 1.4440285
18 5 0.6273244
18 2 2.6879518
18 37 2.838617
18 7 2000.0
18 27 28.834518
18 16 1.1341547
18 23 1.8101672
19 31 0.08799943
19 9 0.08212602
19 4 0.06858495
20 30 1.2277611
20 13 1.1099117
20 33 1.5396446
20 11 0.8515555
20 29 5.064199
20 5 2.9557076
20 34 1.0057946
20 2 1.6528252
20 14 2.2749286
20 37 2.757562
20 7 45.421925
20 27 1.1526041
20 16 17.88382
20 25 0.5227284
21 26 2000.0
21 32 2000.0
21 10 2000.0
21 24 1.4712001
21 35 0.031789772
21 12 0.10921311
21 15 9.562282
22 31 150.0
22 9 0.05615531
22 19 2000.0
23 0 2000.0
23 30 1.4240559
23 8 0.92775023
23 2 5.0272756
23 37 1.4196941
23 18 1.8101672
23 7 1.2561643
23 16 2.8532197
23 11 2000.0
23 29 1.7027699
23 5 3.3680162
24 26 0.046509743
24 32 0.20412247
24 10 0.086595036
24 21 1.4712001
24 12 0.07595098
24 15 2000.0
24 17 0.14529952
25 0 4.746591
25 30 9.760758
25 13 0.28326705
25 33 0.7741204
25 11 0.85386235
25 29 1.8323724
25 34 2.0941763
25 20 0.5227284
25 2 0.92934215
25 14 2.6683977
25 37 40.42849
25 7 1.9361159
25 27 0.34329537
25 16 1.1442081
26 32 17.69858
26 28 0.050788194
26 10 0.03100257
26 24 0.046509743
26 31 0.3453061
26 12 1.052966
26 17 1.6210846
27 30 0.1986334
27 0 2000.0
27 8 4.6059623
27 18 28.834518
27 13 0.37261564
27 33 1.1021658
27 11 0.69367164
27 29 1.2898006
27 5 1.1254721
27 34 1.1034377
27 20 1.1526041
27 2 0.9169821
27 14 1.9602273
27 37 1.1631272
27 7 160.0
27 16 1.3964444
27 25 0.34329537
28 36 0.03040173
28 26 0.050788194
28 10 0.44267246
28 12 153.17987
28 3 33.502274
28 9 1.5297993
28 19 1238.2386
29 0 24.825943
29 30 1.3405575
29 8 0.2625373
29 18 1.4440285
29 13 0.970906
29 33 10.549488
29 11 1.2175951
29 5 1.6238699
29 34 4.1293583
29 20 5.064199
29 2 1.239715
29 37 0.8575963
29 7 2000.0
29 27 1.2898006
29 16 1250.0
29 23 1.7027699
29 25 1.8323724
30 8 0.5272914
30 18 0.798748
30 13 12.4751425
30 33 6.8177257
30 11 0.8705478
30 29 1.3405575
30 5 0.62609816
30 34 0.77410114
30 20 1.2277611
30 2 16.160166
30 14 9.681707
30 37 11.299201
30 7 0.64738053
30 27 0.1986334
30 16 1.1263926
30 23 1.4240559
30 25 9.760758
31 26 0.3453061
31 6 0.14111401
31 10 32.537846
31 35 133.40683
31 22 150.0
31 9 0.02950645
31 4 0.068001546
31 17 1.0015525
31 19 0.08799943
32 26 17.69858
32 24 0.20412247
32 21 2000.0
32 12 6.4395514
32 15 0.07253167
33 34 2000.0
33 30 6.8177257
33 20 1.5396446
33 2 2.1062098
33 14 0.5721006
33 13 1.3294994
33 7 2000.0
33 27 1.1021658
33 16 1971.0227
33 11 1.6880162
33 29 10.549488
33 25 0.7741204
34 30 0.77410114
34 20 1.0057946
34 8 35.407433
34 37 2000.0
34 7 2000.0
34 27 1.1034377
34 16 67.5694
34 11 2.6500678
34 29 4.1293583
34 25 2.0941763
34 5 2.1293669
35 21 0.031789772
35 31 133.40683
36 28 0.03040173
36 3 0.26818183
36 9 0.2732476
37 30 11.299201
37 0 1.8456341
37 8 0.90421915
37 18 2.838617
37 13 1.3455714
37 11 1.5545176
37 29 0.8575963
37 5 8.849641
37 20 2.757562
37 2 0.8312501
37 7 3190.1704
37 27 1.1631272
37 16 2000.0
37 23 1.4196941
37 25 40.42849
