0 8 12.423268
0 2 0.8214405
0 37 0.80198866
0 13 1.2597566
0 11 49.031326
0 29 22.566208
1 3 0.25363636
1 12 1213.8069
2 30 8.038627
2 0 0.8214405
2 8 0.88244534
2 18 10.763217
2 13 0.21954766
2 33 1.9051372
2 11 0.85367465
2 29 0.9195633
2 20 1.5557503
2 37 0.7150077
2 27 0.34515622
2 23 34.81138
2 25 1.2048295
3 36 0.20926043
3 28 0.08570805
3 24 333.33334
3 12 0.067701906
3 1 0.25363636
3 9 0.39938906
4 31 0.07973332
4 9 0.08161311
4 17 0.08496789
4 19 0.08113516
5 30 1.302864
5 8 0.51527536
5 18 0.386787
5 13 133.33334
5 11 3.2929738
5 29 3.9640303
5 34 1.7341381
5 20 2.4910903
5 37 2000.0
5 7 7.7348065
5 27 1.8285952
5 16 1.7706227
5 23 2.5101993
6 31 0.4621524
6 17 0.9664919
7 34 7.0996895
7 30 0.98029613
7 20 2.0677865
7 8 73.24061
7 37 14.524096
7 16 1.0816865
7 11 8.207527
7 23 1.1766553
7 25 3.1537182
7 5 7.7348065
8 0 12.423268
8 30 0.89716804
8 18 1.1033984
8 13 1.7158898
8 11 0.7206632
8 29 0.63870454
8 5 0.51527536
8 34 2.4489074
8 2 0.88244534
8 37 0.697627
8 7 73.24061
8 27 1.1425439
8 16 1.4587766
8 23 0.7577999
9 36 1.3519206
9 28 2.863998
9 10 4.189589
9 22 0.45618245
9 31 0.030489346
9 3 0.39938906
9 12 2000.0
9 17 0.070431806
9 4 0.08161311
9 19 0.07419597
10 26 0.034629162
10 28 0.3016199
10 24 0.09581105
10 31 0.031371407
10 12 19.087751
10 9 4.189589
10 17 0.052434225
11 0 49.031326
11 30 0.51698714
11 8 0.7206632
11 18 10.95296
11 13 0.73201936
11 33 3.2654002
11 29 0.5988029
11 5 3.2929738
11 34 1.6992961
11 20 0.7945585
11 2 0.85367465
11 37 0.97969055
11 7 8.207527
11 27 0.55391926
11 16 1.147695
11 25 0.9861088
12 26 1.3273027
12 28 3.9461637
12 32 0.17067604
12 10 19.087751
12 24 0.065422855
12 21 0.09399793
12 3 0.067701906
13 0 1.2597566
13 30 1.6923391
13 8 1.7158898
13 18 446.72955
13 33 0.99530303
13 11 0.73201936
13 29 1.0197716
13 5 133.33334
13 34 5.7558002
13 20 0.71291995
13 2 0.21954766
13 14 1.952719
13 37 1.7893188
13 27 0.23281658
13 16 28.381004
13 25 0.63049424
14 20 1.3537184
14 13 1.952719
14 27 3.8413196
14 33 0.34695217
14 11 2000.0
14 25 1.570971
15 32 0.1263024
15 21 2.3089619
16 0 2000.0
16 30 1.9536021
16 8 1.4587766
16 18 0.9968805
16 13 28.381004
16 11 1.147695
16 29 46.0762
16 5 1.7706227
16 20 13.672287
16 37 5.45255
16 7 1.0816865
16 27 2.9211645
16 23 4.312523
16 25 3.2200584
17 26 2.3889003
17 6 0.9664919
17 10 0.052434225
17 24 0.37862465
17 31 2.2758842
17 9 0.070431806
17 4 0.08496789
17 19 3.5114005
18 30 0.6766441
18 2 10.763217
18 8 1.1033984
18 37 1.0282248
18 7 2000.0
18 13 446.72955
18 27 3.9073186
18 16 0.9968805
18 23 1.2669559
18 11 10.95296
18 29 1.0177742
18 5 0.386787
19 31 0.0844851
19 9 0.07419597
19 17 3.5114005
19 4 0.08113516
20 30 18.89522
20 13 0.71291995
20 33 2.111947
20 11 0.7945585
20 29 3.7177293
20 5 2.4910903
20 34 0.85250074
20 2 1.5557503
20 14 1.3537184
20 37 2.7878509
20 7 2.0677865
20 27 0.34803194
20 16 13.672287
20 25 1.1044643
21 26 2000.0
21 32 2000.0
21 24 0.3400645
21 35 0.03603926
21 12 0.09399793
21 15 2.3089619
22 6 1191.591
22 31 1158.0114
22 9 0.45618245
22 19 1326.591
23 0 2000.0
23 30 0.8102757
23 2 34.81138
23 8 0.7577999
23 37 2.0963182
23 18 1.2669559
23 7 1.1766553
23 16 4.312523
23 11 2000.0
23 29 2.113936
23 5 2.5101993
24 26 0.06093132
24 32 0.13468954
24 10 0.09581105
24 21 0.3400645
24 31 3.7932098
24 12 0.065422855
24 3 333.33334
24 15 2000.0
24 17 0.37862465
25 0 2000.0
25 30 0.995617
25 13 0.63049424
25 33 0.41304174
25 11 0.9861088
25 29 2.90214
25 34 1.2225677
25 20 1.1044643
25 2 1.2048295
25 14 1.570971
25 37 32.604168
25 7 3.1537182
25 27 0.76856065
25 16 3.2200584
26 36 133.33334
26 32 35.30529
26 28 0.035852272
26 10 0.034629162
26 24 0.06093132
26 31 0.05597372
26 12 1.3273027
26 17 2.3889003
27 0 2000.0
27 30 0.15349196
27 8 1.1425439
27 18 3.9073186
27 13 0.23281658
27 33 0.8615439
27 11 0.55391926
27 29 0.5484812
27 5 1.8285952
27 34 0.9592621
27 20 0.34803194
27 2 0.34515622
27 14 3.8413196
27 37 1.0661297
27 7 4038.5793
27 16 2.9211645
27 25 0.76856065
28 36 0.032985885
28 26 0.035852272
28 10 0.3016199
28 3 0.08570805
28 12 3.9461637
28 9 2.863998
29 0 22.566208
29 30 5.752431
29 8 0.63870454
29 18 1.0177742
29 13 1.0197716
29 11 0.5988029
29 5 3.9640303
29 34 10.368695
29 20 3.7177293
29 2 0.9195633
29 37 0.53545696
29 7 2000.0
29 27 0.5484812
29 16 46.0762
29 23 2.113936
29 25 2.90214
30 0 2000.0
30 8 0.89716804
30 18 0.6766441
30 13 1.6923391
30 33 1.6311911
30 11 0.51698714
30 29 5.752431
30 5 1.302864
30 34 0.81687564
30 20 18.89522
30 2 8.038627
30 37 5.2297907
30 7 0.98029613
30 27 0.15349196
30 16 1.9536021
30 23 0.8102757
30 25 0.995617
31 26 0.05597372
31 6 0.4621524
31 10 0.031371407
31 24 3.7932098
31 9 0.030489346
31 17 2.2758842
31 4 0.07973332
31 19 0.0844851
32 26 35.30529
32 24 0.13468954
32 21 2000.0
32 12 0.17067604
32 15 0.1263024
33 34 2000.0
33 30 1.6311911
33 20 2.111947
33 2 1.9051372
33 14 0.34695217
33 7 2000.0
33 13 0.99530303
33 27 0.8615439
33 16 2020.4546
33 11 3.2654002
33 29 1363.9773
33 25 0.41304174
34 30 0.81687564
34 20 0.85250074
34 8 2.4489074
34 13 5.7558002
34 7 7.0996895
34 27 0.9592621
34 16 1215.0568
34 11 1.6992961
34 25 1.2225677
34 29 10.368695
34 5 1.7341381
35 21 0.03603926
36 26 133.33334
36 28 0.032985885
36 3 0.20926043
36 9 1.3519206
37 30 5.2297907
37 0 0.80198866
37 8 0.697627
37 18 1.0282248
37 13 1.7893188
37 11 0.97969055
37 29 0.53545696
37 20 2.7878509
37 2 0.7150077
37 7 14.524096
37 27 1.0661297
37 16 5.45255
37 23 2.0963182
37 25 32.604168
