0 2 1.0127482
0 37 1.3485461
0 13 1.6835219
0 29 26.318182
0 25 20.808096
1 3 0.84051716
1 12 22.705267
2 30 22.008581
2 0 1.0127482
2 8 1.2181985
2 18 1.8778076
2 13 0.47386366
2 33 3.6782427
2 11 1.5860397
2 29 1.2539573
2 20 2.3773673
2 37 0.80209297
2 27 1.0755512
2 16 2000.0
2 23 9.455358
2 25 0.46106902
3 36 0.70223147
3 28 12.959474
3 24 200.0
3 12 0.07584629
3 1 0.84051716
3 9 0.5180291
4 31 0.06672736
4 9 0.07938621
4 17 0.118052684
4 19 0.062488906
5 30 0.50455254
5 8 0.51020837
5 18 0.51706684
5 13 30.367819
5 11 1.345439
5 29 2.797063
5 34 1.9542677
5 20 1.837421
5 37 18.477633
5 7 4.958269
5 27 1.5108236
5 16 1.1595644
5 23 1.4244123
6 31 0.22700833
6 17 2.629934
7 30 0.6823756
7 20 63.60676
7 8 6.42696
7 27 227.27274
7 16 1.3121666
7 11 51.54376
7 23 1.2413785
7 25 1.952369
7 5 4.958269
8 0 2000.0
8 30 0.42523518
8 18 1.259522
8 13 1.1265863
8 11 1.5135524
8 29 0.44348422
8 5 0.51020837
8 34 34.12788
8 2 1.2181985
8 37 0.9223501
8 7 6.42696
8 27 1.3098894
8 16 1.661858
8 23 0.7922092
8 25 2000.0
9 36 0.77957535
9 26 2000.0
9 28 1.0851662
9 10 18.82823
9 22 0.053712256
9 31 0.02861011
9 3 0.5180291
9 12 2000.0
9 4 0.07938621
9 17 0.04340909
9 19 0.06524555
10 26 0.032484166
10 28 0.47731352
10 24 0.1558916
10 31 25.212786
10 12 1181.7045
10 9 18.82823
10 17 0.033605207
11 0 2000.0
11 30 1.1300014
11 8 1.5135524
11 18 10.024736
11 13 1.0416517
11 33 3.7941973
11 29 2.3730967
11 5 1.345439
11 34 1.8457249
11 20 2.0531747
11 2 1.5860397
11 37 1.8530762
11 7 51.54376
11 27 0.85266685
11 16 1.066056
11 25 0.9226383
12 26 0.37858856
12 32 3.6972404
12 24 0.06633064
12 21 0.100057885
12 3 0.07584629
12 1 22.705267
13 30 42.029873
13 0 1.6835219
13 8 1.1265863
13 18 2000.0
13 33 0.9143538
13 11 1.0416517
13 29 1.1197767
13 5 30.367819
13 34 288.00003
13 20 1.3101912
13 2 0.47386366
13 14 6.020251
13 37 0.9346357
13 7 2000.0
13 27 0.32970053
13 16 43.64475
13 25 0.30915582
14 30 11.096989
14 20 6.866268
14 13 6.020251
14 27 2.4924579
14 33 0.8205817
14 11 2000.0
14 25 2.1455908
15 32 0.07155306
15 21 0.8723075
16 0 2000.0
16 30 1.0889994
16 8 1.661858
16 18 1.1408417
16 13 43.64475
16 11 1.066056
16 5 1.1595644
16 34 587.41077
16 20 19.474558
16 7 1.3121666
16 27 1.965566
16 23 4.3053203
16 25 1.1229119
17 6 2.629934
17 26 2.5409613
17 10 0.033605207
17 24 0.13734724
17 31 1.6874982
17 9 0.04340909
17 4 0.118052684
17 19 1204.6023
18 0 2000.0
18 30 0.6671614
18 8 1.259522
18 13 2000.0
18 11 10.024736
18 29 1.625259
18 5 0.51706684
18 2 1.8778076
18 37 2.870447
18 7 2000.0
18 27 22.200966
18 16 1.1408417
18 23 1.5132265
19 31 0.08157031
19 9 0.06524555
19 4 0.062488906
20 30 1.1757005
20 13 1.3101912
20 33 1.4991119
20 11 2.0531747
20 29 16.597467
20 5 1.837421
20 34 1.0382149
20 2 2.3773673
20 14 6.866268
20 37 3.1795151
20 7 63.60676
20 27 1.5472714
20 16 19.474558
20 25 0.49626547
21 26 2000.0
21 32 2000.0
21 24 0.6404734
21 35 0.031130865
21 31 2000.0
21 12 0.100057885
21 15 0.8723075
22 31 150.0
22 9 0.053712256
22 19 2000.0
23 0 2000.0
23 30 1.2488892
23 8 0.7922092
23 2 9.455358
23 37 1.521822
23 18 1.5132265
23 7 1.2413785
23 16 4.3053203
23 11 2000.0
23 29 0.8466116
23 5 1.4244123
24 26 0.045604598
24 6 2000.0
24 32 0.26090345
24 10 0.1558916
24 21 0.6404734
24 12 0.06633064
24 3 200.0
24 15 2000.0
24 17 0.13734724
25 30 17.007767
25 0 20.808096
25 13 0.30915582
25 33 0.69525474
25 11 0.9226383
25 29 2.623169
25 34 1.626274
25 20 0.49626547
25 2 0.46106902
25 14 2.1455908
25 37 39.75386
25 7 1.952369
25 27 0.22530468
25 16 1.1229119
26 32 15.112215
26 28 0.06296769
26 10 0.032484166
26 24 0.045604598
26 31 0.18876404
26 12 0.37858856
26 17 2.5409613
27 30 0.27136362
27 0 2000.0
27 8 1.3098894
27 18 22.200966
27 13 0.32970053
27 33 1.3678479
27 11 0.85266685
27 29 1.5058613
27 5 1.5108236
27 34 1.2627006
27 20 1.5472714
27 2 1.0755512
27 14 2.4924579
27 37 1.0359759
27 7 227.27274
27 16 1.965566
27 25 0.22530468
28 36 0.030638695
28 26 0.06296769
28 10 0.47731352
28 3 12.959474
28 12 1146.591
28 9 1.0851662
28 19 1384.8295
29 0 26.318182
29 30 0.5512512
29 8 0.44348422
29 18 1.625259
29 13 1.1197767
29 33 20.789074
29 11 2.3730967
29 5 2.797063
29 34 7.0079546
29 20 16.597467
29 2 1.2539573
29 37 0.7850284
29 27 1.5058613
29 16 2000.0
29 23 0.8466116
29 25 2.623169
30 8 0.42523518
30 18 0.6671614
30 13 42.029873
30 33 5.527582
30 11 1.1300014
30 29 0.5512512
30 5 0.50455254
30 34 1.020817
30 20 1.1757005
30 2 22.008581
30 14 11.096989
30 37 14.420694
30 7 0.6823756
30 27 0.27136362
30 16 1.0889994
30 23 1.2488892
30 25 17.007767
31 26 0.18876404
31 6 0.22700833
31 10 25.212786
31 22 150.0
31 9 0.02861011
31 4 0.06672736
31 17 1.6874982
31 19 0.08157031
32 26 15.112215
32 24 0.26090345
32 12 3.6972404
32 15 0.07155306
33 30 5.527582
33 8 2000.0
33 13 0.9143538
33 11 3.7941973
33 29 20.789074
33 5 2000.0
33 34 2000.0
33 20 1.4991119
33 2 3.6782427
33 14 0.8205817
33 7 2000.0
33 27 1.3678479
33 16 3017.898
33 25 0.69525474
34 30 1.020817
34 20 1.0382149
34 8 34.12788
34 37 2000.0
34 7 3517.557
34 13 288.00003
34 27 1.2627006
34 16 587.41077
34 11 1.8457249
34 29 7.0079546
34 25 1.626274
34 5 1.9542677
35 21 0.031130865
35 31 1065.4546
36 28 0.030638695
36 3 0.70223147
36 9 0.77957535
37 30 14.420694
37 0 1.3485461
37 8 0.9223501
37 18 2.870447
37 13 0.9346357
37 11 1.8530762
37 29 0.7850284
37 5 18.477633
37 20 3.1795151
37 2 0.80209297
37 7 1600.6818
37 27 1.0359759
37 16 2000.0
37 23 1.521822
37 25 39.75386
