0 8 6.6853495
0 2 1.6417445
0 37 1.1000065
0 13 1.0713782
0 11 156.81961
0 25 2000.0
0 29 6.2033105
1 3 0.25506324
1 12 1202.159
2 30 115.53131
2 0 1.6417445
2 8 1.9798238
2 18 9.575099
2 13 0.4162642
2 33 1.8638923
2 11 1.4479344
2 29 1.3752751
2 20 1.61718
2 37 0.82592756
2 27 0.7810822
2 16 2000.0
2 23 161.13179
2 25 1.5597386
3 36 0.15408058
3 28 0.123617426
3 24 400.0
3 12 0.063478865
3 1 0.25506324
3 9 0.18448406
4 31 0.07188658
4 9 0.0712015
4 17 0.077744655
4 19 0.093392596
5 30 0.68022364
5 8 0.7477551
5 18 0.44537315
5 13 2000.0
5 11 6.4464207
5 29 2.0435905
5 34 3.3798392
5 20 2.3115118
5 37 2000.0
5 7 8.816028
5 27 1.6365227
5 16 1.457149
5 23 1.7620877
6 21 2000.0
6 31 1.56572
6 17 1.1348524
7 34 14.705066
7 30 1.7345041
7 20 1.6871114
7 8 35.248783
7 37 17.143103
7 27 44.80785
7 16 1.0459056
7 11 8.527894
7 23 1.0534395
7 25 7.3965034
7 5 8.816028
8 0 6.6853495
8 30 0.63796085
8 18 1.1345694
8 13 2.3786516
8 11 1.3368345
8 29 0.53744733
8 5 0.7477551
8 34 6.619444
8 2 1.9798238
8 37 0.8712616
8 7 35.248783
8 27 2.6452527
8 16 1.4493202
8 23 1.270782
9 36 1.0838424
9 26 2000.0
9 28 1.9693699
9 10 7.239074
9 22 0.4560192
9 31 0.0505006
9 3 0.18448406
9 12 2000.0
9 17 0.043951616
9 4 0.0712015
9 19 0.070163034
10 26 0.032802675
10 28 0.2355372
10 24 0.08235266
10 31 0.03226326
10 12 6.2384768
10 9 7.239074
10 17 0.032029513
11 0 156.81961
11 30 0.60069335
11 8 1.3368345
11 18 4.915222
11 13 0.41536754
11 33 2.0120566
11 29 0.6041289
11 5 6.4464207
11 34 1.6600411
11 20 0.7588742
11 2 1.4479344
11 37 1.3401095
11 7 8.527894
11 27 0.48521915
11 16 0.8023668
11 25 1.8745146
12 26 2.1408134
12 28 5.187216
12 32 0.64503336
12 10 6.2384768
12 24 0.08147727
12 21 0.08271693
12 3 0.063478865
13 30 6.135963
13 0 1.0713782
13 8 2.3786516
13 18 238.09521
13 33 0.74040186
13 11 0.41536754
13 29 0.9746672
13 34 6.958249
13 20 0.61021596
13 2 0.4162642
13 14 2.792202
13 37 1.9179069
13 27 0.5703988
13 16 1629.8864
13 25 0.5604434
14 20 0.94177496
14 13 2.792202
14 33 0.5535423
14 27 3.6074154
14 11 2000.0
14 25 3.4712968
15 32 0.09015702
15 21 2.0602064
16 0 2000.0
16 30 1.0491114
16 8 1.4493202
16 18 0.8617185
16 11 0.8023668
16 29 53.877186
16 5 1.457149
16 20 6.254126
16 37 46.631817
16 7 1.0459056
16 27 2.1077282
16 23 8.659334
16 25 1.5181304
17 26 1.8221955
17 6 1.1348524
17 10 0.032029513
17 24 0.1581834
17 31 1.236564
17 9 0.043951616
17 4 0.077744655
17 19 3.180676
18 30 0.7136174
18 2 9.575099
18 8 1.1345694
18 37 1.801751
18 13 238.09521
18 7 2000.0
18 27 3.6073124
18 16 0.8617185
18 23 1.1258917
18 11 4.915222
18 29 1.1133885
18 5 0.44537315
19 22 88.888885
19 31 0.07675112
19 9 0.070163034
19 17 3.180676
19 4 0.093392596
20 30 4.575893
20 13 0.61021596
20 33 1.1398056
20 11 0.7588742
20 29 1.1178524
20 5 2.3115118
20 34 0.8183779
20 2 1.61718
20 14 0.94177496
20 37 2.040759
20 7 1.6871114
20 27 0.27304292
20 16 6.254126
20 25 0.5879842
21 24 0.09619805
21 35 0.0569243
21 12 0.08271693
21 15 2.0602064
22 6 1684.7158
22 31 1677.841
22 9 0.4560192
22 19 88.888885
23 0 2000.0
23 30 1.3326167
23 2 161.13179
23 8 1.270782
23 37 2.5460763
23 18 1.1258917
23 7 1.0534395
23 16 8.659334
23 11 2000.0
23 29 1.2346963
23 5 1.7620877
24 26 0.05572442
24 32 0.10732873
24 28 2000.0
24 10 0.08235266
24 21 0.09619805
24 31 13.000642
24 12 0.08147727
24 3 400.0
24 15 2000.0
24 17 0.1581834
25 30 4.4169106
25 13 0.5604434
25 33 1.0009525
25 11 1.8745146
25 29 6.6287603
25 34 3.350505
25 20 0.5879842
25 2 1.5597386
25 14 3.4712968
25 37 49.83867
25 7 7.3965034
25 27 1.7564267
25 16 1.5181304
26 36 49.95978
26 32 79.65866
26 28 0.030622385
26 10 0.032802675
26 24 0.05572442
26 31 0.070612445
26 12 2.1408134
26 17 1.8221955
27 0 2000.0
27 30 0.68426865
27 8 2.6452527
27 18 3.6073124
27 13 0.5703988
27 33 1.0946292
27 11 0.48521915
27 29 0.4884094
27 5 1.6365227
27 34 1.0000998
27 20 0.27304292
27 2 0.7810822
27 14 3.6074154
27 37 0.6621894
27 7 44.80785
27 16 2.1077282
27 25 1.7564267
28 36 0.032432634
28 26 0.030622385
28 10 0.2355372
28 3 0.123617426
28 12 5.187216
28 9 1.9693699
29 0 6.2033105
29 30 6.513363
29 8 0.53744733
29 18 1.1133885
29 13 0.9746672
29 11 0.6041289
29 5 2.0435905
29 34 5.8280964
29 20 1.1178524
29 2 1.3752751
29 37 0.84929246
29 7 2000.0
29 27 0.4884094
29 16 53.877186
29 23 1.2346963
29 25 6.6287603
30 0 2000.0
30 8 0.63796085
30 18 0.7136174
30 13 6.135963
30 33 3.177934
30 11 0.60069335
30 29 6.513363
30 5 0.68022364
30 34 1.3710715
30 20 4.575893
30 2 115.53131
30 14 2000.0
30 37 4.38559
30 7 1.7345041
30 27 0.68426865
30 16 1.0491114
30 23 1.3326167
30 25 4.4169106
31 26 0.070612445
31 6 1.56572
31 10 0.03226326
31 24 13.000642
31 9 0.0505006
31 17 1.236564
31 4 0.07188658
31 19 0.07675112
32 26 79.65866
32 24 0.10732873
32 12 0.64503336
32 15 0.09015702
33 30 3.177934
33 8 2000.0
33 13 0.74040186
33 11 2.0120566
33 29 1436.875
33 34 2000.0
33 20 1.1398056
33 2 1.8638923
33 14 0.5535423
33 7 2000.0
33 27 1.0946292
33 16 1622.3296
33 25 1.0009525
34 30 1.3710715
34 20 0.8183779
34 8 6.619444
34 7 14.705066
34 13 6.958249
34 27 1.0000998
34 16 5535.0566
34 11 1.6600411
34 25 3.350505
34 29 5.8280964
34 5 3.3798392
35 21 0.0569243
36 26 49.95978
36 28 0.032432634
36 3 0.15408058
36 9 1.0838424
37 30 4.38559
37 0 1.1000065
37 8 0.8712616
37 18 1.801751
37 13 1.9179069
37 11 1.3401095
37 29 0.84929246
37 20 2.040759
37 2 0.82592756
37 7 17.143103
37 27 0.6621894
37 16 46.631817
37 23 2.5460763
37 25 49.83867
