0 8 5.7076497
0 2 1.1633134
0 37 0.7366369
0 13 0.45364013
0 11 419.0523
0 29 9.772401
1 3 0.24816716
1 12 72.12955
2 30 63.034725
2 0 1.1633134
2 20 1.39262
2 8 1.17662
2 37 0.9016053
2 18 6.4061837
2 13 0.46700543
2 33 2.1416001
2 27 0.38723958
2 11 0.84823555
2 29 1.0932748
2 25 2.6361957
3 36 0.2808337
3 28 0.071749
3 24 342.85715
3 12 0.05923206
3 1 0.24816716
3 9 0.1629773
4 31 0.08183171
4 9 0.049393233
4 17 0.10958266
4 19 0.087586425
5 30 0.6960782
5 8 0.6040057
5 18 0.4741606
5 13 2000.0
5 11 1.3759327
5 29 3.0230072
5 34 1.5789398
5 20 1.5823863
5 37 2000.0
5 7 4.3610516
5 27 1.9044231
5 16 1.5732388
5 23 7.032625
6 31 0.8712774
6 17 1.3307506
7 34 17.47873
7 30 0.9832859
7 20 1.9054785
7 8 23.189676
7 37 18.28392
7 27 67.43106
7 16 1.5964187
7 11 5.8693805
7 23 1.4387126
7 25 18.297308
7 5 4.3610516
8 0 5.7076497
8 30 0.64274263
8 18 1.2976301
8 13 1.7129816
8 11 0.44513297
8 29 0.7190389
8 5 0.6040057
8 34 2.646516
8 2 1.17662
8 37 1.3798473
8 7 23.189676
8 27 0.8347986
8 16 1.7644451
8 23 1.0866084
9 36 1.2121211
9 26 2000.0
9 28 1.4964486
9 10 4.7826705
9 22 0.5194837
9 31 0.029458348
9 12 2000.0
9 3 0.1629773
9 17 0.04183393
9 4 0.049393233
9 19 0.06677025
10 26 0.033010166
10 28 0.14279625
10 24 0.05619558
10 31 0.045779224
10 12 9.23131
10 9 4.7826705
10 17 0.0325055
11 0 419.0523
11 30 0.44956708
11 8 0.44513297
11 18 6.6159906
11 13 0.5905585
11 33 2.8247275
11 29 0.7969299
11 5 1.3759327
11 34 1.963369
11 20 0.7725363
11 2 0.84823555
11 37 1.5937146
11 7 5.8693805
11 27 0.47999454
11 16 1.2505893
11 25 1.2767096
12 26 0.9883325
12 28 5.2456255
12 32 0.2697156
12 10 9.23131
12 24 0.109916985
12 21 0.07812966
12 3 0.05923206
12 1 72.12955
13 30 5.451484
13 0 0.45364013
13 8 1.7129816
13 18 800.0
13 33 1.1363522
13 11 0.5905585
13 29 0.71934026
13 34 7.6101065
13 20 0.5551226
13 2 0.46700543
13 14 7.4746904
13 37 1.4917089
13 27 0.24854311
13 16 150.0
13 25 0.83680296
14 34 2000.0
14 20 2.1264856
14 13 7.4746904
14 27 2.684801
14 33 0.38784322
14 11 2000.0
14 25 2.1971712
15 32 0.07576776
15 24 400.0
15 21 1.0388485
16 0 2000.0
16 30 1.1590126
16 8 1.7644451
16 18 1.0031292
16 13 150.0
16 11 1.2505893
16 29 107.603485
16 5 1.5732388
16 20 10.407569
16 37 76.51676
16 7 1.5964187
16 27 1.3225824
16 23 9.207926
16 25 1.2232261
17 26 2.2237809
17 6 1.3307506
17 10 0.0325055
17 24 0.24225128
17 31 1.3615909
17 9 0.04183393
17 4 0.10958266
17 19 2.6362736
18 30 0.67238337
18 2 6.4061837
18 8 1.2976301
18 37 0.98758036
18 7 2000.0
18 13 800.0
18 27 2.3841176
18 16 1.0031292
18 23 1.2056397
18 11 6.6159906
18 29 0.89834243
18 5 0.4741606
19 31 0.07665506
19 9 0.06677025
19 17 2.6362736
19 4 0.087586425
20 30 15.686992
20 13 0.5551226
20 33 1.7723746
20 11 0.7725363
20 29 3.54842
20 5 1.5823863
20 34 0.8041268
20 2 1.39262
20 14 2.1264856
20 37 1.8639803
20 7 1.9054785
20 27 0.75542074
20 16 10.407569
20 25 0.37847432
21 32 400.0
21 24 0.3673235
21 35 0.046438407
21 12 0.07812966
21 15 1.0388485
22 6 1141.4205
22 31 1478.0114
22 9 0.5194837
22 19 1330.5114
23 0 2000.0
23 30 0.8509231
23 2 8954.488
23 8 1.0866084
23 37 1.7685248
23 18 1.2056397
23 7 1.4387126
23 16 9.207926
23 11 2000.0
23 29 2.4988835
23 5 7.032625
24 26 0.068586506
24 32 0.11530239
24 10 0.05619558
24 21 0.3673235
24 31 9.772893
24 12 0.109916985
24 3 342.85715
24 15 400.0
24 17 0.24225128
25 34 1.3440531
25 30 4.7238355
25 20 0.37847432
25 2 2.6361957
25 14 2.1971712
25 7 18.297308
25 13 0.83680296
25 33 0.36597285
25 27 0.5586913
25 16 1.2232261
25 11 1.2767096
25 29 1.7960069
26 36 61.200005
26 32 48.311363
26 28 0.05545877
26 10 0.033010166
26 24 0.068586506
26 31 0.076067075
26 12 0.9883325
26 17 2.2237809
27 0 2000.0
27 30 0.19585738
27 8 0.8347986
27 18 2.3841176
27 13 0.24854311
27 33 0.86605304
27 11 0.47999454
27 29 0.82453126
27 5 1.9044231
27 34 0.78643054
27 20 0.75542074
27 2 0.38723958
27 14 2.684801
27 37 0.90363765
27 7 67.43106
27 16 1.3225824
27 25 0.5586913
28 36 0.05879825
28 26 0.05545877
28 10 0.14279625
28 3 0.071749
28 12 5.2456255
28 9 1.4964486
29 0 9.772401
29 30 4.5839996
29 8 0.7190389
29 18 0.89834243
29 13 0.71934026
29 11 0.7969299
29 5 3.0230072
29 34 8.232937
29 20 3.54842
29 2 1.0932748
29 37 0.7308687
29 7 2000.0
29 27 0.82453126
29 16 107.603485
29 23 2.4988835
29 25 1.7960069
30 0 2000.0
30 8 0.64274263
30 18 0.67238337
30 13 5.451484
30 33 6.7596726
30 11 0.44956708
30 29 4.5839996
30 5 0.6960782
30 34 1.1814953
30 20 15.686992
30 2 63.034725
30 14 2000.0
30 37 7.379714
30 7 0.9832859
30 27 0.19585738
30 16 1.1590126
30 23 0.8509231
30 25 4.7238355
31 26 0.076067075
31 6 0.8712774
31 10 0.045779224
31 24 9.772893
31 9 0.029458348
31 17 1.3615909
31 4 0.08183171
31 19 0.07665506
32 26 48.311363
32 24 0.11530239
32 21 400.0
32 12 0.2697156
32 15 0.07576776
33 30 6.7596726
33 8 2000.0
33 13 1.1363522
33 11 2.8247275
33 29 5471.761
33 5 2000.0
33 34 2000.0
33 20 1.7723746
33 2 2.1416001
33 14 0.38784322
33 7 2000.0
33 27 0.86605304
33 16 2000.0
33 25 0.36597285
34 30 1.1814953
34 20 0.8041268
34 8 2.646516
34 13 7.6101065
34 7 17.47873
34 27 0.78643054
34 16 1215.0568
34 11 1.963369
34 25 1.3440531
34 29 8.232937
34 5 1.5789398
35 21 0.046438407
36 26 61.200005
36 28 0.05879825
36 3 0.2808337
36 9 1.2121211
37 30 7.379714
37 0 0.7366369
37 8 1.3798473
37 18 0.98758036
37 13 1.4917089
37 11 1.5937146
37 29 0.7308687
37 20 1.8639803
37 2 0.9016053
37 7 18.28392
37 27 0.90363765
37 16 76.51676
37 23 1.7685248
37 25 2598.2388
