0 2 0.8007912
0 37 2.2952664
0 13 1.2521788
0 29 37.84141
0 25 19.753195
1 3 1.583871
1 12 81.818184
2 30 21.75728
2 0 0.8007912
2 8 1.5298746
2 18 4.344806
2 13 0.58556473
2 33 5.606963
2 11 1.4831492
2 29 0.94675034
2 20 3.2773473
2 37 0.90646726
2 27 0.9677214
2 16 2000.0
2 23 11.138044
2 25 0.57579094
3 36 0.6253876
3 28 55.233166
3 24 2000.0
3 12 0.05265289
3 1 1.583871
3 9 0.27671218
4 31 0.06633715
4 9 0.06528418
4 17 0.16793032
4 19 0.06740662
5 30 0.5321871
5 8 0.73462623
5 18 0.54401565
5 13 43.05177
5 11 1.6512986
5 29 2.2925053
5 34 3.2074327
5 20 1.5966707
5 37 18.271935
5 7 6.255061
5 27 1.23162
5 16 1.1611319
5 23 1.8138974
6 31 0.11124103
6 17 1.077373
7 34 160.0
7 30 1.0775884
7 20 56.828484
7 8 4.6611457
7 37 280.20978
7 16 1.1424738
7 23 1.2796336
7 25 1.9041167
7 5 6.255061
8 0 2000.0
8 30 0.6390121
8 18 1.4998044
8 13 3.0816367
8 11 0.94700235
8 29 0.58474576
8 5 0.73462623
8 34 38.386147
8 2 1.5298746
8 37 0.9556239
8 7 4.6611457
8 27 1.4059056
8 16 1.2924795
8 23 1.2553489
8 25 2000.0
9 36 0.34935066
9 26 2000.0
9 28 1.4604762
9 10 16.81579
9 22 0.057057418
9 31 0.029268427
9 3 0.27671218
9 4 0.06528418
9 17 0.031461425
9 19 0.06957899
10 26 0.030467287
10 28 0.2307755
10 24 0.10057877
10 31 30.694733
10 12 80.0
10 9 16.81579
10 17 0.031043269
11 0 2000.0
11 30 0.76352984
11 8 0.94700235
11 18 5.9294796
11 13 0.9069908
11 33 2.9753716
11 29 0.9694771
11 5 1.6512986
11 34 2.9125023
11 20 0.6552816
11 2 1.4831492
11 37 1.4522893
11 7 1762.2158
11 27 1.0006522
11 16 0.98651665
11 25 0.8312925
12 26 1.7816821
12 32 2.144997
12 28 72.81307
12 10 80.0
12 24 0.06956112
12 21 0.21981412
12 3 0.05265289
12 1 81.818184
13 30 60.18855
13 0 1.2521788
13 8 3.0816367
13 18 147.33223
13 33 2.3965788
13 11 0.9069908
13 29 0.80515677
13 5 43.05177
13 34 100.0
13 20 1.3053908
13 2 0.58556473
13 14 5.475034
13 37 1.026003
13 7 2000.0
13 27 0.30737007
13 16 70.17954
13 25 0.30440658
14 30 9.245637
14 20 1.7337774
14 13 5.475034
14 27 2.0755556
14 33 0.37985146
14 11 2000.0
14 25 1.7466899
15 32 0.0748084
15 21 2.414397
16 0 2000.0
16 30 1.09012
16 8 1.2924795
16 18 1.2379208
16 13 70.17954
16 11 0.98651665
16 5 1.1611319
16 34 60.530125
16 20 48.165016
16 7 1.1424738
16 27 1.3023441
16 23 3.5434952
16 25 1.1814486
17 6 1.077373
17 26 1.5482885
17 10 0.031043269
17 24 0.0915478
17 31 0.98824966
17 9 0.031461425
17 4 0.16793032
17 19 1780.7386
18 0 2000.0
18 30 0.7128167
18 8 1.4998044
18 13 147.33223
18 11 5.9294796
18 29 1.1595991
18 5 0.54401565
18 2 4.344806
18 37 1.7773818
18 7 2000.0
18 27 15.262352
18 16 1.2379208
18 23 1.3513887
19 31 0.09302084
19 9 0.06957899
19 4 0.06740662
19 17 1780.7386
20 30 1.3982078
20 13 1.3053908
20 33 0.9584613
20 11 0.6552816
20 29 12.309811
20 5 1.5966707
20 34 0.9333928
20 2 3.2773473
20 14 1.7337774
20 37 2.3730817
20 7 56.828484
20 27 0.7740564
20 16 48.165016
20 25 0.3202021
21 24 0.7478651
21 35 0.03235842
21 12 0.21981412
21 15 2.414397
22 31 138.40057
22 9 0.057057418
22 19 2000.0
23 0 2000.0
23 30 1.9745103
23 8 1.2553489
23 2 11.138044
23 37 1.305159
23 18 1.3513887
23 7 1.2796336
23 16 3.5434952
23 11 2000.0
23 29 1.3628166
23 5 1.8138974
24 26 0.041783217
24 32 0.23967211
24 10 0.10057877
24 21 0.7478651
24 31 2000.0
24 12 0.06956112
24 15 2000.0
24 17 0.0915478
25 30 20.426428
25 0 19.753195
25 13 0.30440658
25 33 0.5692604
25 11 0.8312925
25 29 2.2150319
25 34 1.8776248
25 20 0.3202021
25 2 0.57579094
25 14 1.7466899
25 37 41.25019
25 7 1.9041167
25 27 0.26587018
25 16 1.1814486
26 32 74.19593
26 28 0.08406288
26 10 0.030467287
26 24 0.041783217
26 31 0.21554925
26 12 1.7816821
26 17 1.5482885
27 30 0.21725139
27 0 2000.0
27 8 1.4059056
27 18 15.262352
27 13 0.30737007
27 33 0.9462523
27 11 1.0006522
27 29 0.7537609
27 5 1.23162
27 34 1.0158519
27 20 0.7740564
27 2 0.9677214
27 14 2.0755556
27 37 0.9192194
27 7 3910.9092
27 16 1.3023441
27 25 0.26587018
28 36 0.03179131
28 26 0.08406288
28 10 0.2307755
28 3 55.233166
28 12 72.81307
28 9 1.4604762
28 19 1360.0569
29 0 37.84141
29 30 1.3990352
29 8 0.58474576
29 18 1.1595991
29 13 0.80515677
29 33 8.028322
29 11 0.9694771
29 5 2.2925053
29 34 3.0331693
29 20 12.309811
29 2 0.94675034
29 37 0.61839014
29 7 2000.0
29 27 0.7537609
29 16 2000.0
29 23 1.3628166
29 25 2.2150319
30 8 0.6390121
30 18 0.7128167
30 13 60.18855
30 33 7.7875233
30 11 0.76352984
30 29 1.3990352
30 5 0.5321871
30 34 0.83437234
30 20 1.3982078
30 2 21.75728
30 14 9.245637
30 37 14.255792
30 7 1.0775884
30 27 0.21725139
30 16 1.09012
30 23 1.9745103
30 25 20.426428
31 26 0.21554925
31 6 0.11124103
31 10 30.694733
31 35 72.27103
31 22 138.40057
31 9 0.029268427
31 4 0.06633715
31 17 0.98824966
31 19 0.09302084
32 26 74.19593
32 24 0.23967211
32 12 2.144997
32 15 0.0748084
33 30 7.7875233
33 8 2000.0
33 13 2.3965788
33 11 2.9753716
33 29 8.028322
33 5 2000.0
33 34 2000.0
33 20 0.9584613
33 2 5.606963
33 14 0.37985146
33 7 2000.0
33 27 0.9462523
33 16 3017.898
33 25 0.5692604
34 30 0.83437234
34 20 0.9333928
34 8 38.386147
34 37 2000.0
34 7 160.0
34 13 100.0
34 27 1.0158519
34 16 60.530125
34 11 2.9125023
34 29 3.0331693
34 25 1.8776248
34 5 3.2074327
35 21 0.03235842
35 31 72.27103
36 28 0.03179131
36 3 0.6253876
36 9 0.34935066
37 30 14.255792
37 0 2.2952664
37 8 0.9556239
37 18 1.7773818
37 13 1.026003
37 11 1.4522893
37 29 0.61839014
37 5 18.271935
37 20 2.3730817
37 2 0.90646726
37 7 280.20978
37 27 0.9192194
37 16 2000.0
37 23 1.305159
37 25 41.25019
