0 8 8.4789295
0 2 1.3389752
0 37 0.8108534
0 13 0.82450014
0 11 35.048077
0 29 8.52143
0 25 2000.0
1 3 0.27214074
1 12 1202.159
2 30 10.47054
2 0 1.3389752
2 8 1.2542741
2 18 7.8144045
2 13 0.5215717
2 33 1.998523
2 11 0.7586486
2 29 1.0599549
2 20 2.562899
2 37 0.87784094
2 27 0.62685823
2 16 2000.0
2 23 51.25379
2 25 2.2908375
3 36 0.2492835
3 28 0.121865205
3 24 243.31961
3 12 0.06143695
3 1 0.27214074
3 9 0.31076986
4 31 0.079595886
4 9 0.06698418
4 17 0.07101063
4 19 0.07813531
5 30 0.6261921
5 8 0.79471695
5 18 0.68175393
5 13 2000.0
5 11 3.6213603
5 29 6.3045588
5 34 3.459907
5 20 1.3079009
5 37 800.0
5 7 7.630997
5 27 3.480724
5 16 1.8330489
5 23 6.170584
6 31 0.87799734
6 17 1.1738513
7 34 26.543736
7 30 1.621468
7 20 2.4080431
7 8 15.296391
7 37 12.809092
7 16 2.0714455
7 11 11.968605
7 23 1.3380755
7 25 21.983772
7 5 7.630997
8 0 8.4789295
8 30 0.7453693
8 18 1.1206088
8 13 3.1841767
8 11 1.0042887
8 29 1.1965743
8 5 0.79471695
8 34 8.224518
8 2 1.2542741
8 37 1.1331449
8 7 15.296391
8 27 1.4129133
8 16 1.326229
8 23 1.0924871
9 36 0.6695621
9 26 2000.0
9 28 0.8046368
9 10 5.6395206
9 22 0.2974779
9 31 0.029445149
9 12 2000.0
9 3 0.31076986
9 17 0.04325758
9 4 0.06698418
9 19 0.078764245
10 26 0.054952238
10 28 0.17773572
10 24 0.04341373
10 31 0.11155881
10 12 17.76591
10 9 5.6395206
10 17 0.030633358
11 0 35.048077
11 30 0.51497763
11 8 1.0042887
11 18 9.25279
11 13 0.7839511
11 33 2.2170272
11 29 1.1584084
11 5 3.6213603
11 34 2.9225795
11 20 0.6518682
11 2 0.7586486
11 37 1.4712254
11 7 11.968605
11 27 0.45942453
11 16 0.88317573
11 25 1.0091248
12 26 0.83588296
12 28 6.8294225
12 32 0.30622715
12 10 17.76591
12 24 0.06592221
12 21 0.08988271
12 3 0.06143695
13 30 2.1051297
13 0 0.82450014
13 8 3.1841767
13 18 384.6154
13 33 0.9945585
13 11 0.7839511
13 29 2.054247
13 34 18.072195
13 20 0.5097241
13 2 0.5215717
13 14 3.6259372
13 37 2.0349264
13 27 0.38166535
13 16 133.33334
13 25 0.65888506
14 20 0.88921076
14 13 3.6259372
14 33 0.75841755
14 27 1.9908332
14 11 2000.0
14 25 1.2925824
15 32 0.0665148
15 21 1.2941241
16 0 2000.0
16 30 1.1026081
16 8 1.326229
16 18 1.3085285
16 13 133.33334
16 11 0.88317573
16 29 25.645336
16 5 1.8330489
16 20 8.971122
16 37 42.876194
16 7 2.0714455
16 27 2.7013786
16 23 12.751305
16 25 1.3907393
17 26 1.7724962
17 6 1.1738513
17 10 0.030633358
17 24 0.17549305
17 31 1.2447994
17 9 0.04325758
17 4 0.07101063
17 19 2.8393066
18 0 2000.0
18 30 0.7025774
18 8 1.1206088
18 13 384.6154
18 11 9.25279
18 29 1.5482416
18 5 0.68175393
18 2 7.8144045
18 37 1.5453663
18 7 2000.0
18 27 4.0396123
18 16 1.3085285
18 23 1.0254066
19 31 0.072815
19 9 0.078764245
19 17 2.8393066
19 4 0.07813531
20 30 10.148399
20 13 0.5097241
20 33 1.4067839
20 11 0.6518682
20 29 10.707845
20 5 1.3079009
20 34 0.7565433
20 2 2.562899
20 14 0.88921076
20 37 1.8829378
20 7 2.4080431
20 27 0.6755752
20 16 8.971122
20 25 0.5785694
21 26 2000.0
21 24 0.37434706
21 35 0.09587115
21 12 0.08988271
21 15 1.2941241
22 6 1612.4432
22 31 1207.8978
22 9 0.2974779
22 19 1394.0342
23 30 2.3502579
23 0 2000.0
23 2 51.25379
23 8 1.0924871
23 37 2.3121645
23 18 1.0254066
23 7 1.3380755
23 16 12.751305
23 11 2000.0
23 29 7.4980245
23 5 6.170584
24 26 0.055681825
24 32 0.10284058
24 28 2000.0
24 10 0.04341373
24 21 0.37434706
24 31 7.890848
24 12 0.06592221
24 3 243.31961
24 15 2000.0
24 17 0.17549305
25 0 2000.0
25 30 4.3766456
25 13 0.65888506
25 33 1.619143
25 11 1.0091248
25 29 3.8797512
25 5 2000.0
25 34 1.979027
25 20 0.5785694
25 2 2.2908375
25 14 1.2925824
25 37 49.296257
25 7 21.983772
25 27 0.685138
25 16 1.3907393
26 36 430.96265
26 32 61.41478
26 28 0.046674445
26 10 0.054952238
26 24 0.055681825
26 31 0.061559107
26 12 0.83588296
26 17 1.7724962
27 0 2000.0
27 30 0.58432287
27 8 1.4129133
27 18 4.0396123
27 13 0.38166535
27 33 3.3721685
27 11 0.45942453
27 29 1.4056432
27 5 3.480724
27 34 1.6968364
27 20 0.6755752
27 2 0.62685823
27 14 1.9908332
27 37 1.9676543
27 7 3437.4434
27 16 2.7013786
27 25 0.685138
28 36 0.03215585
28 26 0.046674445
28 10 0.17773572
28 3 0.121865205
28 12 6.8294225
28 9 0.8046368
29 0 8.52143
29 30 13.716116
29 8 1.1965743
29 18 1.5482416
29 13 2.054247
29 11 1.1584084
29 5 6.3045588
29 34 27.172256
29 20 10.707845
29 2 1.0599549
29 37 1.1722362
29 7 2000.0
29 27 1.4056432
29 16 25.645336
29 23 7.4980245
29 25 3.8797512
30 0 2000.0
30 8 0.7453693
30 18 0.7025774
30 13 2.1051297
30 33 2.2060616
30 11 0.51497763
30 29 13.716116
30 5 0.6261921
30 34 5.0225244
30 20 10.148399
30 2 10.47054
30 14 2000.0
30 37 6.4299207
30 7 1.621468
30 27 0.58432287
30 16 1.1026081
30 23 2.3502579
30 25 4.3766456
31 26 0.061559107
31 6 0.87799734
31 10 0.11155881
31 24 7.890848
31 9 0.029445149
31 17 1.2447994
31 4 0.079595886
31 19 0.072815
32 26 61.41478
32 24 0.10284058
32 12 0.30622715
32 15 0.0665148
33 30 2.2060616
33 8 2000.0
33 13 0.9945585
33 11 2.2170272
33 29 1601.7046
33 5 2000.0
33 34 2000.0
33 20 1.4067839
33 2 1.998523
33 14 0.75841755
33 7 2000.0
33 27 3.3721685
33 16 2000.0
33 25 1.619143
34 30 5.0225244
34 20 0.7565433
34 8 8.224518
34 7 26.543736
34 13 18.072195
34 27 1.6968364
34 16 5535.0566
34 11 2.9225795
34 25 1.979027
34 29 27.172256
34 5 3.459907
35 21 0.09587115
36 26 430.96265
36 28 0.03215585
36 3 0.2492835
36 9 0.6695621
37 30 6.4299207
37 0 0.8108534
37 8 1.1331449
37 18 1.5453663
37 13 2.0349264
37 11 1.4712254
37 29 1.1722362
37 5 800.0
37 20 1.8829378
37 2 0.87784094
37 7 12.809092
37 27 1.9676543
37 16 42.876194
37 23 2.3121645
37 25 49.296257
