0 2 1.2522027
0 37 3.0168824
0 13 0.8990409
0 25 7.486111
0 29 23.092356
1 3 2.2011056
1 12 36.79507
2 30 18.979822
2 0 1.2522027
2 8 1.3237028
2 18 1.3996276
2 13 0.66463965
2 33 1.5139455
2 11 1.9260045
2 29 0.91884774
2 5 2000.0
2 20 3.205188
2 37 0.85365456
2 27 1.8417065
2 16 2000.0
2 23 8.211422
2 25 0.46226916
3 36 0.23582701
3 28 19.58485
3 24 2000.0
3 12 0.05740294
3 1 2.2011056
3 9 0.2582347
4 31 0.057114415
4 9 0.071311474
4 17 0.09938524
4 19 0.07444847
5 30 0.45951003
5 8 0.28303838
5 18 0.7648001
5 13 10.445441
5 11 1.3803217
5 29 2.0283816
5 34 2.3455446
5 20 1.7571288
5 37 27.961939
5 7 12.365213
5 27 0.7998941
5 16 2.9970613
5 23 2.0130298
5 25 2000.0
6 31 0.2723848
6 17 18.276836
7 34 266.6667
7 30 1.2097429
7 20 35.671562
7 8 10.252217
7 27 2000.0
7 16 1.3563251
7 11 70.123405
7 23 1.4870819
7 25 2.2178793
7 5 12.365213
8 0 2000.0
8 30 0.29115096
8 18 1.2267526
8 13 0.8823674
8 11 0.85727704
8 29 0.29398334
8 5 0.28303838
8 34 2000.0
8 2 1.3237028
8 37 1.1089793
8 7 10.252217
8 27 0.8652182
8 16 1.6726589
8 23 0.86644405
8 25 2000.0
9 36 0.62304366
9 26 2000.0
9 28 0.6731305
9 10 1.8765677
9 22 0.05156054
9 31 0.031397354
9 12 2000.0
9 3 0.2582347
9 4 0.071311474
9 17 0.03594697
9 19 0.067210406
10 26 0.029232368
10 28 0.48587662
10 24 0.08258046
10 31 0.9681557
10 12 1156.7046
10 9 1.8765677
10 17 0.035966434
11 0 2000.0
11 30 0.5814916
11 8 0.85727704
11 18 18.096907
11 13 1.0795285
11 33 1.6581966
11 29 0.927435
11 5 1.3803217
11 34 2.3947065
11 20 1.534662
11 2 1.9260045
11 37 1.5958515
11 7 70.123405
11 27 0.6351347
11 16 1.4073133
11 25 0.7360244
12 26 0.41223425
12 32 1.1914657
12 24 0.073004305
12 21 0.16685303
12 3 0.05740294
12 1 36.79507
13 30 52.913322
13 0 0.8990409
13 8 0.8823674
13 18 67.35302
13 33 1.1171957
13 11 1.0795285
13 29 0.715512
13 5 10.445441
13 34 194.5925
13 20 0.9936315
13 2 0.66463965
13 14 9.332434
13 37 1.1557715
13 7 2000.0
13 27 1.4314178
13 16 3488.9204
13 25 0.22156423
14 30 6.143675
14 20 1.6988809
14 13 9.332434
14 27 2.480461
14 33 0.3686282
14 11 2000.0
14 25 1.7951393
15 32 0.088567175
15 21 11.747597
16 30 1.1019933
16 20 8.659635
16 8 1.6726589
16 18 0.9569875
16 7 1.3563251
16 27 1.2210543
16 11 1.4073133
16 23 7.4906454
16 25 0.6015651
16 5 2.9970613
17 6 18.276836
17 26 1.6354519
17 10 0.035966434
17 24 0.112648755
17 31 1.0169396
17 9 0.03594697
17 4 0.09938524
17 19 3.3923702
18 0 2000.0
18 30 0.8453486
18 8 1.2267526
18 13 67.35302
18 11 18.096907
18 29 1.3690419
18 5 0.7648001
18 2 1.3996276
18 37 2.5893207
18 7 2000.0
18 27 11.294231
18 16 0.9569875
18 23 1.5025365
19 31 0.07323912
19 9 0.067210406
19 17 3.3923702
19 4 0.07444847
20 0 2000.0
20 30 1.3366002
20 13 0.9936315
20 33 1.9479842
20 11 1.534662
20 29 28.966911
20 5 1.7571288
20 34 0.8874511
20 2 3.205188
20 14 1.6988809
20 37 3.027252
20 7 35.671562
20 27 1.6563734
20 16 8.659635
20 25 1.2227212
21 26 2000.0
21 32 2000.0
21 10 2000.0
21 24 0.32891414
21 35 0.028821591
21 31 2000.0
21 12 0.16685303
21 15 11.747597
22 31 12.588268
22 9 0.05156054
22 19 2000.0
23 0 2000.0
23 30 2.1505427
23 8 0.86644405
23 2 8.211422
23 37 2.4281592
23 18 1.5025365
23 7 1.4870819
23 16 7.4906454
23 11 2000.0
23 29 1.5909405
23 5 2.0130298
24 26 0.04135323
24 32 0.26549545
24 10 0.08258046
24 21 0.32891414
24 12 0.073004305
24 15 2000.0
24 17 0.112648755
25 30 20.164305
25 0 7.486111
25 13 0.22156423
25 33 0.70825857
25 11 0.7360244
25 29 1.6419604
25 34 1.2395161
25 20 1.2227212
25 2 0.46226916
25 14 1.7951393
25 37 100.0
25 7 2.2178793
25 27 0.21989426
25 16 0.6015651
26 32 14.686137
26 28 0.040087096
26 10 0.029232368
26 24 0.04135323
26 31 0.32295007
26 12 0.41223425
26 17 1.6354519
27 30 0.90654254
27 0 2000.0
27 8 0.8652182
27 18 11.294231
27 13 1.4314178
27 33 0.722546
27 11 0.6351347
27 29 0.6181257
27 5 0.7998941
27 34 0.9525009
27 20 1.6563734
27 2 1.8417065
27 14 2.480461
27 37 1.1481754
27 7 2000.0
27 16 1.2210543
27 25 0.21989426
28 36 0.030230882
28 26 0.040087096
28 10 0.48587662
28 3 19.58485
28 12 1594.9431
28 9 0.6731305
28 19 1239.7727
29 0 23.092356
29 30 0.95097196
29 8 0.29398334
29 18 1.3690419
29 13 0.715512
29 33 9.970475
29 11 0.927435
29 5 2.0283816
29 34 2.6145854
29 20 28.966911
29 2 0.91884774
29 37 1.0173899
29 7 2000.0
29 27 0.6181257
29 16 2000.0
29 23 1.5909405
29 25 1.6419604
30 8 0.29115096
30 18 0.8453486
30 13 52.913322
30 33 4.383593
30 11 0.5814916
30 29 0.95097196
30 5 0.45951003
30 34 0.9189965
30 20 1.3366002
30 2 18.979822
30 14 6.143675
30 37 24.879757
30 7 1.2097429
30 27 0.90654254
30 16 1.1019933
30 23 2.1505427
30 25 20.164305
31 26 0.32295007
31 6 0.2723848
31 10 0.9681557
31 22 12.588268
31 9 0.031397354
31 4 0.057114415
31 17 1.0169396
31 19 0.07323912
32 26 14.686137
32 24 0.26549545
32 12 1.1914657
32 15 0.088567175
33 30 4.383593
33 8 2000.0
33 13 1.1171957
33 11 1.6581966
33 29 9.970475
33 34 2000.0
33 20 1.9479842
33 2 1.5139455
33 14 0.3686282
33 7 2000.0
33 27 0.722546
33 16 1971.0227
33 25 0.70825857
34 30 0.9189965
34 20 0.8874511
34 37 2000.0
34 13 194.5925
34 7 266.6667
34 27 0.9525009
34 16 2000.0
34 11 2.3947065
34 29 2.6145854
34 25 1.2395161
34 5 2.3455446
35 21 0.028821591
35 31 1125.6819
36 28 0.030230882
36 3 0.23582701
36 9 0.62304366
37 30 24.879757
37 0 3.0168824
37 8 1.1089793
37 18 2.5893207
37 13 1.1557715
37 11 1.5958515
37 29 1.0173899
37 5 27.961939
37 20 3.027252
37 2 0.85365456
37 7 3426.875
37 27 1.1481754
37 16 2000.0
37 23 2.4281592
37 25 100.0
