0 8 4.8681235
0 2 1.3630875
0 37 0.8330183
0 13 0.7425815
0 11 20.043055
0 29 7.729842
1 3 0.20458092
1 12 72.12955
2 30 16.086132
2 0 1.3630875
2 8 0.98542005
2 18 7.1952667
2 13 0.33754689
2 33 3.3430338
2 11 1.2688634
2 29 1.2704482
2 20 3.6137648
2 37 0.8332823
2 27 0.5761212
2 16 2000.0
2 23 43.88603
2 25 2.6951132
3 36 0.31200284
3 28 0.10577652
3 24 141.17647
3 12 0.05794676
3 1 0.20458092
3 9 0.6425049
4 31 0.08829101
4 9 0.06538018
4 17 0.09065672
4 19 0.085699104
5 30 0.5244434
5 8 0.91097397
5 18 0.4574677
5 13 128.30557
5 11 4.5050125
5 29 5.6614103
5 34 1.374797
5 20 1.8418773
5 37 2000.0
5 7 17.353563
5 27 2.4586651
5 16 1.4592643
5 23 6.434707
6 22 83.09911
6 31 0.5963109
6 17 1.1503546
7 34 5.464123
7 30 0.7385978
7 20 1.5668626
7 8 33.57722
7 37 19.447443
7 16 1.1745726
7 11 3.5806968
7 23 0.89493537
7 25 4.1981993
7 5 17.353563
8 0 4.8681235
8 30 0.7482838
8 18 0.88495237
8 13 2.9749796
8 11 2.6498559
8 29 1.1096184
8 5 0.91097397
8 34 2.9994137
8 2 0.98542005
8 37 0.83768445
8 7 33.57722
8 27 2.0963273
8 16 1.6593952
8 23 1.2292242
9 36 1.9462191
9 26 2000.0
9 28 2.6799295
9 10 9.039241
9 22 0.43669814
9 31 0.033336762
9 3 0.6425049
9 12 2000.0
9 17 0.06017912
9 4 0.06538018
9 19 0.074695826
10 26 0.031224461
10 28 0.20964527
10 24 0.0919181
10 31 0.03587094
10 12 6.7639894
10 9 9.039241
10 17 0.029843519
11 0 20.043055
11 30 0.40339962
11 8 2.6498559
11 18 6.253581
11 13 0.4625408
11 33 2.6539683
11 29 0.9581031
11 5 4.5050125
11 34 2.290187
11 20 1.2795995
11 2 1.2688634
11 37 1.1091967
11 7 3.5806968
11 27 0.42793012
11 16 0.8661092
11 25 0.7747275
12 26 1.0016363
12 28 4.571811
12 32 0.26445502
12 10 6.7639894
12 24 0.0785941
12 21 0.09649338
12 3 0.05794676
12 1 72.12955
13 30 1.4921013
13 0 0.7425815
13 8 2.9749796
13 18 56.304543
13 33 0.73606706
13 11 0.4625408
13 29 0.82554716
13 5 128.30557
13 34 6.9033346
13 20 0.60053945
13 2 0.33754689
13 14 2.122981
13 37 0.76783293
13 27 0.2072242
13 16 2794.2046
13 25 0.78644365
14 20 1.3825902
14 13 2.122981
14 27 2.1319392
14 33 0.7394975
14 11 2000.0
14 25 9.521643
15 32 0.077819996
15 21 1.6153233
16 0 2000.0
16 30 1.1207103
16 8 1.6593952
16 18 0.9281454
16 11 0.8661092
16 29 17.192142
16 5 1.4592643
16 20 4.4039235
16 37 26.79877
16 7 1.1745726
16 27 1.36777
16 23 6.297862
16 25 1.7814174
17 26 2.0692043
17 6 1.1503546
17 10 0.029843519
17 24 0.15708862
17 31 1.2400769
17 9 0.06017912
17 4 0.09065672
17 19 2.9822729
18 30 0.6931818
18 2 7.1952667
18 8 0.88495237
18 37 1.1525608
18 7 2000.0
18 13 56.304543
18 27 1.449158
18 16 0.9281454
18 23 0.8774309
18 11 6.253581
18 29 0.9932929
18 5 0.4574677
19 31 0.08274818
19 9 0.074695826
19 17 2.9822729
19 4 0.085699104
20 30 16.695045
20 13 0.60053945
20 33 1.8067608
20 11 1.2795995
20 29 3.4522202
20 5 1.8418773
20 34 1.003557
20 2 3.6137648
20 14 1.3825902
20 37 2.1483243
20 7 1.5668626
20 27 0.5126152
20 16 4.4039235
20 25 0.7093955
21 26 2000.0
21 32 2000.0
21 10 2000.0
21 24 0.40360507
21 35 0.033849336
21 12 0.09649338
21 15 1.6153233
22 6 83.09911
22 31 1196.875
22 9 0.43669814
22 19 1462.216
23 30 1.0273603
23 0 2000.0
23 2 43.88603
23 8 1.2292242
23 37 2.1126893
23 18 0.8774309
23 7 0.89493537
23 16 6.297862
23 11 2000.0
23 29 2.5441048
23 5 6.434707
24 26 0.106060594
24 32 0.13440944
24 10 0.0919181
24 21 0.40360507
24 31 3.9521112
24 12 0.0785941
24 3 141.17647
24 15 2000.0
24 17 0.15708862
25 0 2000.0
25 30 1.1826477
25 13 0.78644365
25 33 0.41334748
25 11 0.7747275
25 29 4.3229
25 34 1.5445138
25 20 0.7093955
25 2 2.6951132
25 14 9.521643
25 37 133.38182
25 7 4.1981993
25 27 0.84556735
25 16 1.7814174
26 32 16.083332
26 28 0.13855521
26 10 0.031224461
26 24 0.106060594
26 31 0.11145202
26 12 1.0016363
26 17 2.0692043
27 0 2000.0
27 30 0.19683082
27 8 2.0963273
27 18 1.449158
27 13 0.2072242
27 33 1.1417336
27 11 0.42793012
27 29 0.59563106
27 5 2.4586651
27 34 0.8946505
27 20 0.5126152
27 2 0.5761212
27 14 2.1319392
27 37 0.37083718
27 7 2792.3296
27 16 1.36777
27 23 2000.0
27 25 0.84556735
28 36 0.035520148
28 26 0.13855521
28 10 0.20964527
28 3 0.10577652
28 12 4.571811
28 9 2.6799295
29 0 7.729842
29 30 1.7758908
29 8 1.1096184
29 18 0.9932929
29 13 0.82554716
29 11 0.9581031
29 5 5.6614103
29 34 7.24692
29 20 3.4522202
29 2 1.2704482
29 37 1.0678172
29 7 2000.0
29 27 0.59563106
29 16 17.192142
29 23 2.5441048
29 25 4.3229
30 0 2000.0
30 8 0.7482838
30 18 0.6931818
30 13 1.4921013
30 33 1.751143
30 11 0.40339962
30 29 1.7758908
30 5 0.5244434
30 34 1.1368749
30 20 16.695045
30 2 16.086132
30 37 4.262913
30 7 0.7385978
30 27 0.19683082
30 16 1.1207103
30 23 1.0273603
30 25 1.1826477
31 26 0.11145202
31 6 0.5963109
31 10 0.03587094
31 24 3.9521112
31 9 0.033336762
31 17 1.2400769
31 4 0.08829101
31 19 0.08274818
32 26 16.083332
32 24 0.13440944
32 12 0.26445502
32 15 0.077819996
33 34 2000.0
33 30 1.751143
33 20 1.8067608
33 2 3.3430338
33 14 0.7394975
33 7 2000.0
33 13 0.73606706
33 27 1.1417336
33 16 2226.3638
33 11 2.6539683
33 29 1349.034
33 25 0.41334748
34 30 1.1368749
34 20 1.003557
34 8 2.9994137
34 13 6.9033346
34 7 5.464123
34 27 0.8946505
34 16 1215.0568
34 11 2.290187
34 25 1.5445138
34 29 7.24692
34 5 1.374797
35 21 0.033849336
36 26 2000.0
36 28 0.035520148
36 10 2000.0
36 3 0.31200284
36 9 1.9462191
37 30 4.262913
37 0 0.8330183
37 8 0.83768445
37 18 1.1525608
37 13 0.76783293
37 11 1.1091967
37 29 1.0678172
37 20 2.1483243
37 2 0.8332823
37 7 19.447443
37 27 0.37083718
37 16 26.79877
37 23 2.1126893
37 25 133.38182
