0 2 0.8240151
0 37 2.799599
0 13 0.75194097
0 25 28.919323
0 29 14.783158
1 3 1.3739811
1 12 35.23625
2 30 23.513704
2 0 0.8240151
2 8 3.7395236
2 18 1.9037988
2 13 0.6395748
2 33 2.1697745
2 11 1.830375
2 29 1.3282874
2 20 4.0686464
2 37 0.99135935
2 27 692.89777
2 16 2000.0
2 23 6.614873
2 25 0.41621903
3 36 0.31784758
3 28 153.62776
3 24 225.00002
3 12 0.079599164
3 1 1.3739811
3 9 0.87815267
4 31 0.0850503
4 9 0.06958357
4 17 0.11855333
4 19 0.06961625
5 30 0.7326379
5 8 0.6537847
5 18 1.033537
5 13 34.26976
5 11 5.195911
5 29 3.8255904
5 34 2.9346335
5 20 4.4502664
5 37 13.084208
5 7 16.708147
5 27 779.5454
5 16 1.6776309
5 23 4.8097177
5 25 2000.0
6 31 0.27665743
6 17 5.7208977
7 30 1.4237136
7 20 100.0
7 8 21.82696
7 16 1.5917175
7 23 1.6174994
7 11 106.666664
7 25 4.4111185
7 5 16.708147
8 0 2000.0
8 30 0.5246817
8 18 0.9183764
8 13 1.2636592
8 11 0.881741
8 29 1.0860816
8 5 0.6537847
8 34 71.85154
8 2 3.7395236
8 37 1.8344536
8 7 21.82696
8 27 1067.7273
8 16 1.8717891
8 23 1.1726327
8 25 2000.0
9 36 0.91649884
9 26 2000.0
9 28 0.5746964
9 10 15.671178
9 22 0.05623434
9 31 0.030104473
9 3 0.87815267
9 12 2000.0
9 4 0.06958357
9 17 0.042547215
9 19 0.09681026
10 26 35.795452
10 28 0.28754058
10 24 0.06824429
10 31 4.429256
10 12 50.11596
10 9 15.671178
10 17 0.033771638
11 30 1.0128741
11 8 0.881741
11 18 3.0480258
11 13 0.84224653
11 33 2.0220642
11 29 0.7916499
11 5 5.195911
11 34 1.7692627
11 20 1.8462291
11 2 1.830375
11 37 1.8178064
11 7 106.666664
11 27 692.89777
11 16 1.3038906
11 25 0.45726678
12 26 2000.0
12 32 4.240512
12 10 50.11596
12 24 0.07974978
12 21 0.14604588
12 3 0.079599164
12 1 35.23625
13 30 71.71626
13 0 0.75194097
13 8 1.2636592
13 18 21.069546
13 33 1.8620399
13 11 0.84224653
13 29 1.1314616
13 5 34.26976
13 34 450.00003
13 20 1.0921812
13 2 0.6395748
13 14 4.0327425
13 37 1.2375363
13 7 2000.0
13 27 150.96591
13 16 120.24815
13 25 0.27469227
14 30 8.187264
14 20 4.36027
14 13 4.0327425
14 27 5234.1475
14 33 0.7686689
14 11 2000.0
14 25 2.0011508
15 32 0.06856316
15 21 13.884402
16 0 2000.0
16 30 1.1194209
16 8 1.8717891
16 18 0.97674483
16 13 120.24815
16 11 1.3038906
16 29 266.6667
16 5 1.6776309
16 34 34.05216
16 20 50.30088
16 7 1.5917175
16 27 1119.8296
16 23 3.0924394
16 25 2.4488122
17 6 5.7208977
17 26 1034.8864
17 10 0.033771638
17 24 0.068761766
17 31 0.9998292
17 9 0.042547215
17 4 0.11855333
17 19 47.131817
18 0 2000.0
18 30 0.3372433
18 8 0.9183764
18 2 1.9037988
18 37 3.1916323
18 13 21.069546
18 16 0.97674483
18 11 3.0480258
18 23 0.99523723
18 29 1.3776101
18 5 1.033537
19 28 140.978
19 31 0.07832389
19 9 0.09681026
19 4 0.06961625
19 17 47.131817
20 30 1.5024041
20 8 2000.0
20 13 1.0921812
20 33 0.9603654
20 11 1.8462291
20 29 4.8019733
20 5 4.4502664
20 34 1.0062865
20 2 4.0686464
20 14 4.36027
20 37 2.950405
20 7 100.0
20 27 957.6705
20 16 50.30088
20 25 0.505287
21 32 2000.0
21 24 1.018447
21 35 0.03338124
21 31 400.0
21 12 0.14604588
21 15 13.884402
22 31 56.250004
22 9 0.05623434
22 19 2000.0
23 0 2000.0
23 30 3.0116458
23 8 1.1726327
23 2 6.614873
23 37 1.5369568
23 18 0.99523723
23 7 1.6174994
23 16 3.0924394
23 11 2000.0
23 29 2.783254
23 5 4.8097177
24 26 37.045452
24 32 0.31671554
24 10 0.06824429
24 21 1.018447
24 12 0.07974978
24 15 2000.0
24 17 0.068761766
25 30 32.959698
25 0 28.919323
25 13 0.27469227
25 33 0.67184395
25 11 0.45726678
25 29 1.2813419
25 34 2.9259768
25 20 0.505287
25 2 0.41621903
25 14 2.0011508
25 37 31.179508
25 7 4.4111185
25 27 229.14774
25 16 2.4488122
28 36 0.03710158
28 26 51.81818
28 10 0.28754058
28 12 1274.3182
28 3 153.62776
28 9 0.5746964
28 19 140.978
29 0 14.783158
29 30 5.5163116
29 8 1.0860816
29 18 1.3776101
29 13 1.1314616
29 33 37.925034
29 11 0.7916499
29 5 3.8255904
29 34 3.6463633
29 20 4.8019733
29 2 1.3282874
29 37 0.8499536
29 7 2000.0
29 27 1898.9204
29 16 266.6667
29 23 2.783254
29 25 1.2813419
30 8 0.5246817
30 18 0.3372433
30 13 71.71626
30 33 10.462525
30 11 1.0128741
30 29 5.5163116
30 5 0.7326379
30 34 1.0110219
30 20 1.5024041
30 2 23.513704
30 14 8.187264
30 37 14.848529
30 7 1.4237136
30 27 147.78409
30 16 1.1194209
30 23 3.0116458
30 25 32.959698
31 26 79.88636
31 6 0.27665743
31 10 4.429256
31 35 47.052048
31 21 400.0
31 22 56.250004
31 9 0.030104473
31 4 0.0850503
31 17 0.9998292
31 19 0.07832389
32 24 0.31671554
32 12 4.240512
32 15 0.06856316
33 30 10.462525
33 8 2000.0
33 13 1.8620399
33 11 2.0220642
33 29 37.925034
33 5 2000.0
33 34 2000.0
33 20 0.9603654
33 2 2.1697745
33 14 0.7686689
33 7 2000.0
33 27 698.2386
33 16 2422.443
33 25 0.67184395
34 30 1.0110219
34 20 1.0062865
34 8 71.85154
34 37 2000.0
34 7 3249.1477
34 13 450.00003
34 27 716.8182
34 16 34.05216
34 11 1.7692627
34 29 3.6463633
34 25 2.9259768
34 5 2.9346335
35 21 0.03338124
35 31 47.052048
36 28 0.03710158
36 3 0.31784758
36 9 0.91649884
37 30 14.848529
37 0 2.799599
37 8 1.8344536
37 18 3.1916323
37 13 1.2375363
37 11 1.8178064
37 29 0.8499536
37 5 13.084208
37 20 2.950405
37 2 0.99135935
37 7 4445.682
37 27 725.7955
37 16 2000.0
37 23 1.5369568
37 25 31.179508
