0 2 0.78360593
0 37 1.5318412
0 13 0.7073863
0 29 37.918644
0 25 21.999372
1 3 1.1119725
1 12 17.132744
2 30 13.9583025
2 0 0.78360593
2 8 1.244887
2 18 2.6422231
2 13 0.55801046
2 33 1.7046661
2 11 1.8625779
2 29 0.85293484
2 20 3.1650262
2 37 0.7921827
2 27 0.97622156
2 16 2000.0
2 23 6.3766294
2 25 0.43748719
3 36 0.5755887
3 28 3.268466
3 24 2000.0
3 12 0.049703136
3 1 1.1119725
3 9 0.44149002
4 31 0.083403595
4 9 0.105492026
4 17 0.20833643
4 19 0.068479285
5 30 0.6914451
5 8 0.40964073
5 18 0.41042116
5 13 12.511278
5 11 1.7179214
5 29 1.1339734
5 34 3.754925
5 20 1.338771
5 37 6.998966
5 7 6.2015247
5 27 1.7340407
5 16 2.2549186
5 23 3.214391
6 31 0.13047348
6 17 4.572658
7 34 114.28571
7 30 0.80182445
7 20 104.20227
7 8 9.407027
7 37 104.29
7 27 551.07465
7 16 1.1273049
7 23 1.2585627
7 25 3.867086
7 5 6.2015247
8 0 2000.0
8 30 0.46041355
8 18 1.2484704
8 13 1.0915891
8 11 0.9521418
8 29 0.3225852
8 5 0.40964073
8 34 20.705423
8 2 1.244887
8 37 0.97958994
8 7 9.407027
8 27 2.9958346
8 16 1.7033224
8 23 0.789992
8 25 2000.0
9 36 0.5260617
9 26 2000.0
9 28 1.2214602
9 10 15.826704
9 22 0.053966522
9 31 0.030719679
9 3 0.44149002
9 12 2000.0
9 4 0.105492026
9 17 0.032183453
9 19 0.067320384
10 26 0.028310314
10 28 0.4754261
10 24 0.09298633
10 31 9.4446945
10 12 1489.8864
10 9 15.826704
10 17 0.03387795
11 0 2000.0
11 30 0.8443433
11 8 0.9521418
11 18 7.7008514
11 13 1.5057583
11 33 2.2103436
11 29 0.827248
11 5 1.7179214
11 34 2.0703301
11 20 0.8933155
11 2 1.8625779
11 37 1.3976654
11 7 1628.1818
11 27 2.1952808
11 16 0.8435968
11 25 1.0121844
12 26 2.5591695
12 32 3.6426916
12 24 0.09769683
12 21 0.1498703
12 3 0.049703136
12 1 17.132744
13 30 23.403587
13 0 0.7073863
13 8 1.0915891
13 18 208.21451
13 33 1.3086237
13 11 1.5057583
13 29 1.3968247
13 5 12.511278
13 34 160.01271
13 20 1.0809674
13 2 0.55801046
13 14 8.760734
13 37 1.2191958
13 7 2000.0
13 27 0.41880262
13 16 41.593575
13 25 0.22636524
14 30 11.142732
14 20 3.242127
14 13 8.760734
14 27 3.8782096
14 33 0.36485273
14 11 2000.0
14 25 2.602288
15 32 0.07014297
15 21 2.3524601
16 30 1.0886444
16 0 2000.0
16 8 1.7033224
16 18 1.550967
16 13 41.593575
16 11 0.8435968
16 5 2.2549186
16 34 37.866425
16 20 32.05914
16 7 1.1273049
16 27 1.3355561
16 23 2.4501038
16 25 0.87744933
17 6 4.572658
17 26 1.3567237
17 10 0.03387795
17 24 0.06966548
17 31 0.9737162
17 9 0.032183453
17 4 0.20833643
17 19 71.83043
18 0 2000.0
18 30 0.69533354
18 8 1.2484704
18 13 208.21451
18 11 7.7008514
18 29 1.5602546
18 5 0.41042116
18 2 2.6422231
18 37 3.9506764
18 7 2000.0
18 27 19.319992
18 16 1.550967
18 23 1.1050647
19 28 184.38416
19 31 0.078753196
19 9 0.067320384
19 17 71.83043
19 4 0.068479285
20 30 1.7918823
20 13 1.0809674
20 33 1.0223641
20 11 0.8933155
20 29 8.356053
20 5 1.338771
20 34 0.83764493
20 2 3.1650262
20 14 3.242127
20 37 2.0623865
20 7 104.20227
20 27 1.0427372
20 16 32.05914
20 25 0.35054326
21 32 2000.0
21 24 0.9514088
21 35 0.030989196
21 31 2000.0
21 12 0.1498703
21 15 2.3524601
22 31 171.42857
22 9 0.053966522
22 19 2000.0
23 0 2000.0
23 30 1.4664048
23 8 0.789992
23 2 6.3766294
23 37 1.2098569
23 18 1.1050647
23 7 1.2585627
23 16 2.4501038
23 11 2000.0
23 29 0.935145
23 5 3.214391
24 26 0.053150546
24 32 0.1578614
24 10 0.09298633
24 21 0.9514088
24 12 0.09769683
24 15 2000.0
24 17 0.06966548
25 30 15.845081
25 0 21.999372
25 13 0.22636524
25 33 0.6738801
25 11 1.0121844
25 29 1.6119117
25 34 1.4243054
25 20 0.35054326
25 2 0.43748719
25 14 2.602288
25 37 35.703815
25 7 3.867086
25 27 0.22657937
25 16 0.87744933
26 32 17.238781
26 28 0.097734205
26 10 0.028310314
26 24 0.053150546
26 31 0.14527078
26 12 2.5591695
26 17 1.3567237
27 30 0.22296831
27 0 2000.0
27 8 2.9958346
27 18 19.319992
27 13 0.41880262
27 33 0.76993
27 11 2.1952808
27 29 2.6217995
27 5 1.7340407
27 34 1.3863984
27 20 1.0427372
27 2 0.97622156
27 14 3.8782096
27 37 2.3178887
27 7 551.07465
27 16 1.3355561
27 25 0.22657937
28 36 0.0320786
28 26 0.097734205
28 10 0.4754261
28 3 3.268466
28 12 1208.6364
28 9 1.2214602
28 19 184.38416
29 0 37.918644
29 30 1.1291236
29 8 0.3225852
29 18 1.5602546
29 13 1.3968247
29 33 7.636503
29 11 0.827248
29 5 1.1339734
29 34 4.474289
29 20 8.356053
29 2 0.85293484
29 37 0.8698565
29 7 2000.0
29 27 2.6217995
29 16 2000.0
29 23 0.935145
29 25 1.6119117
30 8 0.46041355
30 18 0.69533354
30 13 23.403587
30 33 5.2686234
30 11 0.8443433
30 29 1.1291236
30 5 0.6914451
30 34 1.0031579
30 20 1.7918823
30 2 13.9583025
30 14 11.142732
30 37 20.107998
30 7 0.80182445
30 27 0.22296831
30 16 1.0886444
30 23 1.4664048
30 25 15.845081
31 26 0.14527078
31 6 0.13047348
31 10 9.4446945
31 35 41.840538
31 22 171.42857
31 9 0.030719679
31 4 0.083403595
31 17 0.9737162
31 19 0.078753196
32 26 17.238781
32 24 0.1578614
32 21 2000.0
32 12 3.6426916
32 15 0.07014297
33 30 5.2686234
33 8 2000.0
33 13 1.3086237
33 11 2.2103436
33 29 7.636503
33 5 2000.0
33 34 2000.0
33 20 1.0223641
33 2 1.7046661
33 14 0.36485273
33 7 2000.0
33 27 0.76993
33 16 3017.898
33 25 0.6738801
34 30 1.0031579
34 20 0.83764493
34 8 20.705423
34 37 2000.0
34 7 114.28571
34 13 160.01271
34 27 1.3863984
34 16 37.866425
34 11 2.0703301
34 29 4.474289
34 25 1.4243054
34 5 3.754925
35 21 0.030989196
35 31 41.840538
36 28 0.0320786
36 3 0.5755887
36 9 0.5260617
37 30 20.107998
37 0 1.5318412
37 8 0.97958994
37 18 3.9506764
37 13 1.2191958
37 11 1.3976654
37 29 0.8698565
37 5 6.998966
37 20 2.0623865
37 2 0.7921827
37 7 104.29
37 27 2.3178887
37 16 2000.0
37 23 1.2098569
37 25 35.703815
