0 8 4.4189577
0 2 1.3560518
0 37 0.7077743
0 13 0.5662604
0 11 266.6667
0 29 11.602069
0 25 2000.0
1 3 0.3050926
1 12 73.35208
2 30 16.025219
2 0 1.3560518
2 8 1.1743954
2 18 4.982234
2 13 0.2342014
2 33 3.14371
2 11 0.686572
2 29 0.80021816
2 20 2.826879
2 37 0.958124
2 27 0.27026457
2 23 32.903408
2 25 2.4928346
3 36 0.27671373
3 28 0.079691306
3 24 2000.0
3 12 0.05824741
3 1 0.3050926
3 9 0.16184714
4 31 0.080159344
4 9 0.050108768
4 17 0.090110265
4 19 0.07798904
5 30 0.7941064
5 8 0.6218567
5 18 0.3873845
5 13 2000.0
5 11 1.3721377
5 29 3.8535185
5 34 1.7773708
5 20 1.3726403
5 37 2000.0
5 7 3.3860934
5 27 2.1249585
5 16 1.1105958
5 23 4.6809926
6 22 98.80957
6 31 0.81175846
6 17 0.77417624
7 34 9.988899
7 30 0.7936454
7 20 1.2633312
7 8 30.45816
7 37 10.439519
7 27 2793.182
7 16 1.2762731
7 11 9.142385
7 23 1.0646532
7 25 10.445197
7 5 3.3860934
8 0 4.4189577
8 30 0.55567217
8 18 1.0473902
8 13 2.2878397
8 11 1.1738962
8 29 0.60267335
8 5 0.6218567
8 34 4.6338124
8 2 1.1743954
8 37 0.6985349
8 7 30.45816
8 27 1.1234155
8 16 1.4074202
8 23 0.78767335
9 36 1.4512272
9 26 2000.0
9 28 2.3706372
9 10 4.1003675
9 22 0.40410104
9 31 0.030784281
9 3 0.16184714
9 17 0.041990466
9 4 0.050108768
9 19 0.06511329
10 26 0.03457906
10 28 0.164956
10 24 0.048731018
10 31 0.05279276
10 12 12.30335
10 9 4.1003675
10 17 0.031882927
11 0 266.6667
11 30 0.39174637
11 8 1.1738962
11 18 5.170468
11 13 1.7416724
11 33 2.1701157
11 29 0.7092225
11 5 1.3721377
11 34 2.065066
11 20 0.6316396
11 2 0.686572
11 37 1.1521281
11 7 9.142385
11 27 0.32998323
11 16 0.80510235
11 25 1.0391529
12 26 1.2846591
12 28 3.8068776
12 32 0.29542896
12 10 12.30335
12 24 0.08372761
12 21 0.09501868
12 3 0.05824741
12 1 73.35208
13 30 3.5432997
13 0 0.5662604
13 8 2.2878397
13 18 266.6667
13 33 0.71182656
13 11 1.7416724
13 29 1.9156545
13 34 7.3232303
13 20 0.47270662
13 2 0.2342014
13 14 1.725075
13 37 2.841209
13 27 0.21703386
13 16 159.9633
13 25 0.51045936
14 20 1.3123065
14 13 1.725075
14 33 0.43117025
14 27 3.341555
14 11 2000.0
14 25 1.6792811
15 32 0.07365286
15 21 1.775153
16 0 2000.0
16 30 1.1800715
16 8 1.4074202
16 18 0.8279618
16 13 159.9633
16 11 0.80510235
16 29 74.25333
16 5 1.1105958
16 20 9.064675
16 37 38.865173
16 7 1.2762731
16 27 1.5085003
16 23 11.472519
16 25 1.400994
17 26 1.902617
17 6 0.77417624
17 10 0.031882927
17 24 0.20898803
17 31 1.4272807
17 9 0.041990466
17 4 0.090110265
17 19 3.4542038
18 30 0.740755
18 2 4.982234
18 8 1.0473902
18 37 1.2626762
18 7 2000.0
18 13 266.6667
18 27 3.3893332
18 16 0.8279618
18 23 1.3555306
18 11 5.170468
18 29 1.0324405
18 5 0.3873845
19 31 0.08315947
19 9 0.06511329
19 17 3.4542038
19 4 0.07798904
20 30 8.636857
20 13 0.47270662
20 33 1.0750539
20 11 0.6316396
20 29 2.450801
20 5 1.3726403
20 34 0.8707193
20 2 2.826879
20 14 1.3123065
20 37 2.005377
20 7 1.2633312
20 27 0.4613238
20 16 9.064675
20 25 0.6321887
21 24 0.7139625
21 35 0.044561032
21 12 0.09501868
21 15 1.775153
22 6 98.80957
22 31 1168.0114
22 9 0.40410104
22 19 1329.4886
23 0 2000.0
23 30 2.2611396
23 2 32.903408
23 8 0.78767335
23 37 3.0349998
23 18 1.3555306
23 7 1.0646532
23 16 11.472519
23 11 2000.0
23 29 1.1794534
23 5 4.6809926
24 26 0.06387134
24 32 0.08258365
24 28 2000.0
24 10 0.048731018
24 21 0.7139625
24 31 5.847173
24 12 0.08372761
24 15 2000.0
24 17 0.20898803
25 0 2000.0
25 30 1.541619
25 13 0.51045936
25 33 0.48238638
25 11 1.0391529
25 29 16.640518
25 34 0.9840243
25 20 0.6321887
25 2 2.4928346
25 14 1.6792811
25 37 67.83848
25 7 10.445197
25 27 0.6740892
25 16 1.400994
26 36 94.520454
26 32 42.67179
26 28 0.029859487
26 10 0.03457906
26 24 0.06387134
26 31 0.07789869
26 12 1.2846591
26 17 1.902617
27 0 2000.0
27 30 0.24442539
27 8 1.1234155
27 18 3.3893332
27 13 0.21703386
27 33 1.3861042
27 11 0.32998323
27 29 0.72002834
27 5 2.1249585
27 34 0.87962633
27 20 0.4613238
27 2 0.27026457
27 14 3.341555
27 37 0.5315113
27 7 2793.182
27 16 1.5085003
27 25 0.6740892
28 36 0.03052995
28 26 0.029859487
28 10 0.164956
28 3 0.079691306
28 12 3.8068776
28 9 2.3706372
29 0 11.602069
29 30 2.7803974
29 8 0.60267335
29 18 1.0324405
29 13 1.9156545
29 11 0.7092225
29 5 3.8535185
29 34 3.6649003
29 20 2.450801
29 2 0.80021816
29 37 0.9743589
29 7 2000.0
29 27 0.72002834
29 16 74.25333
29 23 1.1794534
29 25 16.640518
30 0 2000.0
30 8 0.55567217
30 18 0.740755
30 13 3.5432997
30 33 2.4665616
30 11 0.39174637
30 29 2.7803974
30 5 0.7941064
30 34 1.1206479
30 20 8.636857
30 2 16.025219
30 14 2000.0
30 37 5.0114264
30 7 0.7936454
30 27 0.24442539
30 16 1.1800715
30 23 2.2611396
30 25 1.541619
31 26 0.07789869
31 6 0.81175846
31 10 0.05279276
31 24 5.847173
31 9 0.030784281
31 17 1.4272807
31 4 0.080159344
31 19 0.08315947
32 26 42.67179
32 24 0.08258365
32 12 0.29542896
32 15 0.07365286
33 34 2000.0
33 30 2.4665616
33 20 1.0750539
33 2 3.14371
33 14 0.43117025
33 7 2000.0
33 13 0.71182656
33 27 1.3861042
33 16 2000.0
33 11 2.1701157
33 29 2000.0
33 25 0.48238638
34 30 1.1206479
34 20 0.8707193
34 8 4.6338124
34 13 7.3232303
34 7 9.988899
34 27 0.87962633
34 16 1215.0568
34 11 2.065066
34 25 0.9840243
34 29 3.6649003
34 5 1.7773708
35 21 0.044561032
36 26 94.520454
36 28 0.03052995
36 3 0.27671373
36 9 1.4512272
37 30 5.0114264
37 0 0.7077743
37 8 0.6985349
37 18 1.2626762
37 13 2.841209
37 11 1.1521281
37 29 0.9743589
37 20 2.005377
37 2 0.958124
37 7 10.439519
37 27 0.5315113
37 16 38.865173
37 23 3.0349998
37 25 67.83848
