0 2 1.3295454
0 37 2.0760512
0 13 0.9136726
0 25 27.869276
0 29 24.747816
1 3 0.66049165
1 12 1219.9431
2 30 33.222847
2 0 1.3295454
2 8 1.274707
2 18 2.215527
2 13 0.72571295
2 33 2.7898605
2 11 2.1623023
2 29 1.0712525
2 20 2.907497
2 37 0.8965827
2 27 1.1555786
2 16 2000.0
2 23 7.2538576
2 25 0.9190847
3 36 0.56085855
3 28 2.2724998
3 24 2000.0
3 12 0.06512607
3 1 0.66049165
3 9 0.5484591
4 31 0.075758606
4 9 0.079211764
4 17 0.17216435
4 19 0.073414184
5 30 0.68187505
5 8 0.5781058
5 18 1.3154259
5 13 44.03318
5 11 1.5436308
5 29 1.5401745
5 34 1.8507626
5 20 2.376894
5 37 24.774044
5 7 14.394372
5 27 1.3552073
5 16 2.2338617
5 23 2.0872395
5 25 2000.0
6 31 0.23771553
6 17 1.6569827
7 30 0.75296056
7 20 35.316105
7 8 4.7117934
7 37 200.0
7 16 1.2157058
7 11 142.22394
7 23 1.6932334
7 25 1.580396
7 5 14.394372
8 0 2000.0
8 30 0.36454344
8 18 1.2463657
8 13 1.0302415
8 11 0.87799394
8 29 0.6291736
8 5 0.5781058
8 34 15.9433975
8 2 1.274707
8 37 2.0121067
8 7 4.7117934
8 27 0.8491796
8 16 1.4161091
8 23 0.7197114
8 25 2000.0
9 36 0.90925574
9 26 2000.0
9 28 0.7420049
9 10 15.824283
9 22 0.050922524
9 31 0.029800253
9 3 0.5484591
9 12 2000.0
9 4 0.079211764
9 17 0.04155802
9 19 0.06981185
10 26 0.029904928
10 28 0.22661293
10 24 0.073224045
10 31 17.48996
10 12 1211.3068
10 9 15.824283
10 17 0.030156318
11 0 2000.0
11 30 0.7377682
11 8 0.87799394
11 18 6.363286
11 13 0.81838125
11 33 1.775186
11 29 1.3208334
11 5 1.5436308
11 34 1.5977029
11 20 0.9271882
11 2 2.1623023
11 37 1.3053617
11 7 142.22394
11 27 0.8283402
11 16 0.9020263
11 25 1.1474881
12 26 0.55656815
12 32 7.656332
12 24 0.07688605
12 21 0.106321655
12 3 0.06512607
12 1 1219.9431
13 30 62.08997
13 0 0.9136726
13 8 1.0302415
13 18 88.569405
13 33 1.2511344
13 11 0.81838125
13 29 1.2553502
13 5 44.03318
13 34 2000.0
13 20 0.8791755
13 2 0.72571295
13 14 5.295916
13 37 1.277024
13 7 2000.0
13 27 0.5021864
13 16 96.33722
13 25 0.253765
14 30 9.999899
14 20 4.0720167
14 13 5.295916
14 27 3.0071464
14 33 1.2268021
14 11 2000.0
14 25 1.8993044
15 32 0.07424823
15 21 7.8402686
16 30 1.0889333
16 0 2000.0
16 8 1.4161091
16 18 1.0609293
16 13 96.33722
16 11 0.9020263
16 5 2.2338617
16 34 30.883522
16 20 47.038113
16 7 1.2157058
16 27 1.4756259
16 23 2.1537519
16 25 0.80785197
17 6 1.6569827
17 26 1.633655
17 10 0.030156318
17 24 0.13792175
17 31 1.0021368
17 9 0.04155802
17 4 0.17216435
17 19 66.6753
18 0 2000.0
18 30 0.6957826
18 8 1.2463657
18 2 2.215527
18 37 2.6589541
18 13 88.569405
18 27 17.670055
18 16 1.0609293
18 11 6.363286
18 23 1.456003
18 29 1.2059711
18 5 1.3154259
19 31 0.06846636
19 9 0.06981185
19 17 66.6753
19 4 0.073414184
20 30 0.7934361
20 13 0.8791755
20 33 0.96375513
20 11 0.9271882
20 29 6.1319537
20 5 2.376894
20 34 0.830747
20 2 2.907497
20 14 4.0720167
20 37 1.9318941
20 7 35.316105
20 27 0.67547846
20 16 47.038113
20 25 0.49214718
21 32 2000.0
21 10 2000.0
21 24 0.49928567
21 35 0.02981513
21 31 2000.0
21 12 0.106321655
21 15 7.8402686
22 31 274.81366
22 9 0.050922524
22 19 2000.0
23 0 2000.0
23 30 1.6088823
23 8 0.7197114
23 2 7.2538576
23 37 4.878255
23 18 1.456003
23 7 1.6932334
23 16 2.1537519
23 11 2000.0
23 29 1.2804958
23 5 2.0872395
24 26 0.04479434
24 32 0.26703218
24 10 0.073224045
24 21 0.49928567
24 12 0.07688605
24 3 2000.0
24 15 2000.0
24 17 0.13792175
25 0 27.869276
25 30 16.83687
25 13 0.253765
25 33 0.84724855
25 11 1.1474881
25 29 3.2969666
25 34 2.1434243
25 20 0.49214718
25 2 0.9190847
25 14 1.8993044
25 37 103.0344
25 7 1.580396
25 27 0.23856111
25 16 0.80785197
26 32 46.71114
26 28 0.06466095
26 10 0.029904928
26 24 0.04479434
26 31 0.080537245
26 12 0.55656815
26 17 1.633655
27 30 0.5736918
27 0 2000.0
27 8 0.8491796
27 18 17.670055
27 13 0.5021864
27 33 0.8522084
27 11 0.8283402
27 29 1.380807
27 5 1.3552073
27 34 1.2047408
27 20 0.67547846
27 2 1.1555786
27 14 3.0071464
27 37 1.0550345
27 7 2000.0
27 16 1.4756259
27 25 0.23856111
28 36 0.033234585
28 26 0.06466095
28 10 0.22661293
28 3 2.2724998
28 12 1686.1932
28 9 0.7420049
28 19 1379.716
29 0 24.747816
29 30 0.96595174
29 8 0.6291736
29 18 1.2059711
29 13 1.2553502
29 33 17.699001
29 11 1.3208334
29 5 1.5401745
29 34 4.034254
29 20 6.1319537
29 2 1.0712525
29 37 1.0835937
29 7 2000.0
29 27 1.380807
29 16 2000.0
29 23 1.2804958
29 25 3.2969666
30 8 0.36454344
30 18 0.6957826
30 13 62.08997
30 33 7.54777
30 11 0.7377682
30 29 0.96595174
30 5 0.68187505
30 34 0.90228367
30 20 0.7934361
30 2 33.222847
30 14 9.999899
30 37 46.18756
30 7 0.75296056
30 27 0.5736918
30 16 1.0889333
30 23 1.6088823
30 25 16.83687
31 26 0.080537245
31 6 0.23771553
31 10 17.48996
31 35 44.474133
31 21 2000.0
31 22 274.81366
31 9 0.029800253
31 4 0.075758606
31 17 1.0021368
31 19 0.06846636
32 26 46.71114
32 24 0.26703218
32 12 7.656332
32 15 0.07424823
33 30 7.54777
33 8 2000.0
33 13 1.2511344
33 11 1.775186
33 29 17.699001
33 5 2000.0
33 34 2000.0
33 20 0.96375513
33 2 2.7898605
33 14 1.2268021
33 7 2000.0
33 27 0.8522084
33 16 3017.898
33 25 0.84724855
34 30 0.90228367
34 20 0.830747
34 8 15.9433975
34 37 2000.0
34 13 2000.0
34 7 3738.6362
34 27 1.2047408
34 16 30.883522
34 11 1.5977029
34 29 4.034254
34 25 2.1434243
34 5 1.8507626
35 21 0.02981513
35 31 44.474133
36 28 0.033234585
36 3 0.56085855
36 9 0.90925574
37 30 46.18756
37 0 2.0760512
37 8 2.0121067
37 18 2.6589541
37 13 1.277024
37 11 1.3053617
37 29 1.0835937
37 5 24.774044
37 20 1.9318941
37 2 0.8965827
37 7 200.0
37 27 1.0550345
37 16 2000.0
37 23 4.878255
37 25 103.0344
