0 2 1.0224822
0 37 1.3816785
0 13 0.80448776
0 29 10.158272
0 25 10.592662
1 3 0.3844318
1 12 11.886736
2 30 21.890108
2 0 1.0224822
2 8 1.3318797
2 18 2.2651305
2 13 0.5000532
2 33 4.9740086
2 11 1.5869602
2 29 1.488683
2 20 5.848923
2 37 0.9818347
2 27 0.8984684
2 16 2000.0
2 23 8.559096
2 25 0.7738639
3 36 0.27155432
3 28 10.801616
3 24 2000.0
3 12 0.05703637
3 1 0.3844318
3 9 0.42126352
4 31 0.06938502
4 9 0.065205626
4 17 0.15167615
4 19 0.07652878
5 30 0.9185645
5 8 0.4928386
5 18 0.80458224
5 13 41.14898
5 11 1.9970949
5 29 3.4892244
5 34 2.4143367
5 20 1.5681511
5 37 11.551019
5 7 12.9628525
5 27 2.2848232
5 16 1.3873427
5 23 4.3400135
5 25 2000.0
6 31 0.18448031
6 17 1.5370351
7 30 0.7735087
7 20 100.0
7 8 5.235394
7 16 2.2826836
7 23 1.4822075
7 11 43.680553
7 25 2.5255053
7 5 12.9628525
8 0 2000.0
8 30 0.43427786
8 18 1.295922
8 13 1.0314636
8 11 0.8837523
8 29 0.4585897
8 5 0.4928386
8 34 36.851482
8 2 1.3318797
8 37 0.9571808
8 7 5.235394
8 27 1.3925949
8 16 1.40111
8 23 0.9054144
8 25 2000.0
9 36 0.4184568
9 26 2000.0
9 28 1.0413065
9 10 30.547277
9 22 0.053198315
9 31 0.035497088
9 3 0.42126352
9 4 0.065205626
9 17 0.035394937
9 19 0.06504495
10 26 0.02943068
10 28 0.4800831
10 24 0.17485896
10 31 18.07635
10 12 50.90959
10 9 30.547277
10 17 0.033761088
11 0 2000.0
11 30 0.6800764
11 8 0.8837523
11 18 7.788289
11 13 1.1806334
11 33 3.1298196
11 29 0.80159867
11 5 1.9970949
11 34 3.5657263
11 20 2.5321562
11 2 1.5869602
11 37 2.3984282
11 7 43.680553
11 27 0.63424706
11 16 1.0099643
11 25 1.7504407
12 26 2.1578126
12 28 69.91762
12 32 5.1546736
12 10 50.90959
12 24 0.066088825
12 21 0.2725034
12 3 0.05703637
12 1 11.886736
13 30 33.72078
13 0 0.80448776
13 8 1.0314636
13 18 251.67403
13 33 0.9197093
13 11 1.1806334
13 29 1.2016666
13 5 41.14898
13 34 155.61891
13 20 1.0546534
13 2 0.5000532
13 14 9.6460905
13 37 0.93913513
13 7 2000.0
13 27 0.34641892
13 16 29.232384
13 25 0.27816218
14 30 8.848956
14 20 5.363673
14 13 9.6460905
14 27 5.1888747
14 33 0.44900155
14 25 3.2385564
15 32 0.08193894
15 21 8.247159
16 34 84.41455
16 30 1.2888231
16 20 108.594025
16 8 1.40111
16 18 0.9954342
16 13 29.232384
16 7 2.2826836
16 27 2.138805
16 11 1.0099643
16 23 3.0663924
16 25 2.508359
16 5 1.3873427
17 6 1.5370351
17 26 2.530003
17 10 0.033761088
17 24 0.11924169
17 31 1.0318832
17 9 0.035394937
17 4 0.15167615
17 19 54.545452
18 0 2000.0
18 30 0.68696904
18 8 1.295922
18 13 251.67403
18 11 7.788289
18 29 1.3152598
18 5 0.80458224
18 2 2.2651305
18 37 1.8384224
18 7 2000.0
18 27 18.964218
18 16 0.9954342
18 23 1.6835784
19 31 0.090517566
19 9 0.06504495
19 4 0.07652878
19 17 54.545452
20 30 4.671203
20 13 1.0546534
20 33 2.6849651
20 11 2.5321562
20 29 10.635818
20 5 1.5681511
20 34 1.5468289
20 2 5.848923
20 14 5.363673
20 37 3.0025997
20 7 100.0
20 27 1.626586
20 16 108.594025
20 25 0.7490437
21 26 2000.0
21 32 533.3334
21 24 0.9629733
21 35 0.031166166
21 12 0.2725034
21 15 8.247159
22 31 2000.0
22 9 0.053198315
22 19 2000.0
23 0 2000.0
23 30 1.7298006
23 8 0.9054144
23 2 8.559096
23 37 1.2400568
23 18 1.6835784
23 7 1.4822075
23 16 3.0663924
23 11 2000.0
23 29 1.4389646
23 5 4.3400135
24 26 0.03993845
24 32 0.25381082
24 10 0.17485896
24 21 0.9629733
24 12 0.066088825
24 15 2000.0
24 17 0.11924169
25 30 15.164855
25 0 10.592662
25 13 0.27816218
25 33 0.5040449
25 11 1.7504407
25 29 1.2499744
25 34 3.0310452
25 20 0.7490437
25 2 0.7738639
25 14 3.2385564
25 37 34.89891
25 7 2.5255053
25 27 0.25105855
25 16 2.508359
26 32 12.911547
26 28 0.06237087
26 10 0.02943068
26 24 0.03993845
26 31 0.3183024
26 12 2.1578126
26 17 2.530003
27 30 0.30755246
27 0 2000.0
27 8 1.3925949
27 18 18.964218
27 13 0.34641892
27 33 0.9915151
27 11 0.63424706
27 29 0.76096207
27 5 2.2848232
27 34 1.508072
27 20 1.626586
27 2 0.8984684
27 14 5.1888747
27 37 1.0067446
27 7 3911.4204
27 16 2.138805
27 25 0.25105855
28 36 0.03226528
28 26 0.06237087
28 10 0.4800831
28 3 10.801616
28 12 69.91762
28 9 1.0413065
28 19 1372.5568
29 0 10.158272
29 30 1.3986651
29 8 0.4585897
29 18 1.3152598
29 13 1.2016666
29 33 11.614146
29 11 0.80159867
29 5 3.4892244
29 34 2.272193
29 20 10.635818
29 2 1.488683
29 37 0.94059193
29 7 2000.0
29 27 0.76096207
29 16 2000.0
29 23 1.4389646
29 25 1.2499744
30 8 0.43427786
30 18 0.68696904
30 13 33.72078
30 33 16.045454
30 11 0.6800764
30 29 1.3986651
30 5 0.9185645
30 34 1.1400536
30 20 4.671203
30 2 21.890108
30 14 8.848956
30 37 20.575369
30 7 0.7735087
30 27 0.30755246
30 16 1.2888231
30 23 1.7298006
30 25 15.164855
31 26 0.3183024
31 6 0.18448031
31 10 18.07635
31 9 0.035497088
31 4 0.06938502
31 17 1.0318832
31 19 0.090517566
32 26 12.911547
32 24 0.25381082
32 21 533.3334
32 12 5.1546736
32 15 0.08193894
33 30 16.045454
33 8 2000.0
33 13 0.9197093
33 11 3.1298196
33 29 11.614146
33 34 2000.0
33 20 2.6849651
33 2 4.9740086
33 14 0.44900155
33 7 2000.0
33 27 0.9915151
33 16 1971.0227
33 25 0.5040449
34 30 1.1400536
34 20 1.5468289
34 8 36.851482
34 37 2000.0
34 13 155.61891
34 7 2000.0
34 27 1.508072
34 16 84.41455
34 11 3.5657263
34 29 2.272193
34 25 3.0310452
34 5 2.4143367
35 21 0.031166166
35 31 1217.0454
36 28 0.03226528
36 3 0.27155432
36 9 0.4184568
37 30 20.575369
37 0 1.3816785
37 8 0.9571808
37 18 1.8384224
37 13 0.93913513
37 11 2.3984282
37 29 0.94059193
37 5 11.551019
37 20 3.0025997
37 2 0.9818347
37 7 3071.4773
37 27 1.0067446
37 16 2000.0
37 23 1.2400568
37 25 34.89891
