0 2 1.0197572
0 37 1.6563433
0 13 0.8434776
0 29 33.365444
0 25 25.174828
1 3 0.6047678
1 12 35.208523
2 30 28.453789
2 0 1.0197572
2 8 2.19719
2 18 2.135186
2 13 0.60658187
2 33 1.7623738
2 11 1.3584019
2 29 1.2687275
2 20 4.338799
2 37 0.8191329
2 27 1.2200296
2 16 2000.0
2 23 10.830165
2 25 0.6120177
3 36 0.27782133
3 28 9.378221
3 24 2000.0
3 12 0.06638989
3 1 0.6047678
3 9 0.61632055
4 31 0.07079919
4 9 0.08739407
4 17 0.19136909
4 19 0.0662657
5 30 0.708067
5 8 0.99124086
5 18 1.3514723
5 13 38.459248
5 11 5.4061007
5 29 5.352568
5 34 3.560991
5 20 4.3039594
5 37 4.7311387
5 7 11.968635
5 27 6.0388594
5 16 1.236292
5 23 6.753685
5 25 2000.0
6 31 0.18788762
6 17 1.529631
7 34 200.0
7 30 0.8308155
7 20 40.27749
7 8 11.715999
7 37 100.0
7 16 1.1623355
7 23 1.2659405
7 11 95.34895
7 25 3.0315056
7 5 11.968635
8 0 2000.0
8 30 0.4721227
8 18 1.6676978
8 13 1.847256
8 11 1.084852
8 29 0.71837586
8 5 0.99124086
8 34 62.706837
8 2 2.19719
8 37 1.1889004
8 7 11.715999
8 27 1.4179707
8 16 1.369788
8 23 1.2633924
8 25 2000.0
9 36 1.0538034
9 26 2000.0
9 28 2.545236
9 10 20.822811
9 22 0.044984322
9 31 0.030002227
9 3 0.61632055
9 4 0.08739407
9 17 0.055
9 19 0.07082924
10 26 0.030188149
10 28 0.28666666
10 24 0.09583333
10 31 8.1569605
10 12 1770.5681
10 9 20.822811
10 17 0.038855493
11 0 2000.0
11 30 1.504054
11 8 1.084852
11 18 10.54737
11 13 0.87321675
11 33 2.507013
11 29 1.3344358
11 5 5.4061007
11 34 2.773825
11 20 1.343753
11 2 1.3584019
11 37 1.458894
11 7 95.34895
11 27 0.62395054
11 16 1.091386
11 25 0.90894943
12 26 0.37739754
12 32 2.765348
12 24 0.07118688
12 21 0.101887174
12 3 0.06638989
12 1 35.208523
13 30 68.68125
13 0 0.8434776
13 8 1.847256
13 18 85.77159
13 33 1.1333863
13 11 0.87321675
13 29 0.9496384
13 5 38.459248
13 34 576.4705
13 20 0.95381
13 2 0.60658187
13 14 7.787893
13 37 1.2066829
13 7 2000.0
13 27 0.43534255
13 16 49.780354
13 25 0.25947613
14 30 14.99233
14 20 5.291331
14 13 7.787893
14 27 4.839969
14 33 0.74173254
14 25 2.391362
15 32 0.07215909
15 21 5.913708
16 30 1.2677263
16 0 2000.0
16 8 1.369788
16 18 1.5162449
16 13 49.780354
16 11 1.091386
16 29 1915.0095
16 5 1.236292
16 34 152.12273
16 20 84.254265
16 7 1.1623355
16 27 1.563861
16 23 3.01881
16 25 1.2063556
17 6 1.529631
17 26 1.496921
17 10 0.038855493
17 24 0.12838297
17 31 0.9514763
17 9 0.055
17 4 0.19136909
17 19 1585.3408
18 0 2000.0
18 30 0.7477248
18 8 1.6676978
18 13 85.77159
18 11 10.54737
18 29 1.7510647
18 5 1.3514723
18 2 2.135186
18 37 1.8731867
18 7 2000.0
18 27 66.93339
18 16 1.5162449
18 23 1.4504035
19 31 0.10251225
19 9 0.07082924
19 4 0.0662657
19 17 1585.3408
20 0 2000.0
20 30 1.6752828
20 13 0.95381
20 33 2.301284
20 11 1.343753
20 29 6.053063
20 5 4.3039594
20 34 0.9486176
20 2 4.338799
20 14 5.291331
20 37 2.0126722
20 7 40.27749
20 27 1.400468
20 16 84.254265
20 25 0.5559939
21 26 2000.0
21 32 2000.0
21 24 0.9841498
21 35 0.030933686
21 31 2000.0
21 12 0.101887174
21 15 5.913708
22 31 34.025974
22 9 0.044984322
22 19 2000.0
23 0 2000.0
23 30 1.690026
23 8 1.2633924
23 2 10.830165
23 37 1.7212839
23 18 1.4504035
23 7 1.2659405
23 16 3.01881
23 11 2000.0
23 29 1.4004357
23 5 6.753685
24 26 0.04078274
24 32 0.29496112
24 10 0.09583333
24 21 0.9841498
24 12 0.07118688
24 17 0.12838297
25 30 9.055757
25 0 25.174828
25 13 0.25947613
25 33 0.5655385
25 11 0.90894943
25 29 6.5038567
25 34 2.7525535
25 20 0.5559939
25 2 0.6120177
25 14 2.391362
25 37 48.223766
25 7 3.0315056
25 27 0.25629106
25 16 1.2063556
26 32 27.93563
26 28 0.06879174
26 10 0.030188149
26 24 0.04078274
26 31 0.09156469
26 12 0.37739754
26 17 1.496921
27 30 0.23797224
27 0 2000.0
27 8 1.4179707
27 18 66.93339
27 13 0.43534255
27 33 0.88241935
27 11 0.62395054
27 29 0.84056944
27 5 6.0388594
27 34 1.0155843
27 20 1.400468
27 2 1.2200296
27 14 4.839969
27 37 0.7996209
27 7 2000.0
27 16 1.563861
27 25 0.25629106
28 36 0.029394625
28 26 0.06879174
28 10 0.28666666
28 3 9.378221
28 12 1200.3408
28 9 2.545236
28 19 1474.9431
29 0 33.365444
29 30 1.3736494
29 8 0.71837586
29 18 1.7510647
29 13 0.9496384
29 33 15.794634
29 11 1.3344358
29 5 5.352568
29 34 4.255245
29 20 6.053063
29 2 1.2687275
29 37 0.86001545
29 7 2000.0
29 27 0.84056944
29 16 1915.0095
29 23 1.4004357
29 25 6.5038567
30 8 0.4721227
30 18 0.7477248
30 13 68.68125
30 33 10.777015
30 11 1.504054
30 29 1.3736494
30 5 0.708067
30 34 1.4961444
30 20 1.6752828
30 2 28.453789
30 14 14.99233
30 37 17.981497
30 7 0.8308155
30 27 0.23797224
30 16 1.2677263
30 23 1.690026
30 25 9.055757
31 26 0.09156469
31 6 0.18788762
31 10 8.1569605
31 35 69.05279
31 22 34.025974
31 9 0.030002227
31 4 0.07079919
31 17 0.9514763
31 19 0.10251225
32 26 27.93563
32 24 0.29496112
32 12 2.765348
32 15 0.07215909
33 30 10.777015
33 8 2000.0
33 13 1.1333863
33 11 2.507013
33 29 15.794634
33 5 2000.0
33 34 2000.0
33 20 2.301284
33 2 1.7623738
33 14 0.74173254
33 7 2000.0
33 27 0.88241935
33 16 3017.898
33 25 0.5655385
34 30 1.4961444
34 20 0.9486176
34 8 62.706837
34 37 2000.0
34 7 200.0
34 13 576.4705
34 27 1.0155843
34 16 152.12273
34 11 2.773825
34 29 4.255245
34 25 2.7525535
34 5 3.560991
35 21 0.030933686
35 31 69.05279
36 28 0.029394625
36 3 0.27782133
36 9 1.0538034
37 30 17.981497
37 0 1.6563433
37 8 1.1889004
37 18 1.8731867
37 13 1.2066829
37 11 1.458894
37 29 0.86001545
37 5 4.7311387
37 20 2.0126722
37 2 0.8191329
37 7 100.0
37 27 0.7996209
37 16 2000.0
37 23 1.7212839
37 25 48.223766
