0 2 2.4677997
0 37 3.0127053
0 13 1.1763939
0 29 15.704446
0 25 75.46103
1 3 0.76849866
1 12 11.536233
2 30 17.760273
2 0 2.4677997
2 8 1.0530028
2 18 3.199341
2 13 0.8031757
2 33 2.0524552
2 11 1.5047194
2 29 1.203817
2 20 4.9229383
2 37 0.8943486
2 27 1.3508365
2 16 2000.0
2 23 8.89917
2 25 0.4894866
3 36 0.95246214
3 28 14.485227
3 24 2000.0
3 12 0.050627887
3 1 0.76849866
3 9 0.9660144
4 31 0.06822638
4 9 0.079926915
4 17 0.1874181
4 19 0.068429254
5 30 0.68786657
5 8 0.7201986
5 18 0.38231853
5 13 17.654827
5 11 1.2691811
5 29 0.9222876
5 34 2.4105563
5 20 1.8711832
5 37 12.427584
5 7 9.566899
5 27 1.6996187
5 16 1.2844156
5 23 4.6252484
6 31 0.16191398
6 17 4.2077007
7 34 479.1338
7 30 1.3224552
7 20 20.17647
7 8 14.088981
7 37 73.42803
7 16 1.4497399
7 23 1.675414
7 25 12.30911
7 5 9.566899
8 0 2000.0
8 30 0.4632124
8 18 1.2311522
8 13 0.9444476
8 11 0.9680852
8 29 0.3399018
8 5 0.7201986
8 34 11.258498
8 2 1.0530028
8 37 0.9369502
8 7 14.088981
8 27 1.2650715
8 16 1.5731574
8 23 0.8773043
8 25 2000.0
9 36 0.438893
9 26 2000.0
9 28 1.689511
9 10 14.392045
9 22 0.057925846
9 31 0.030647766
9 3 0.9660144
9 4 0.079926915
9 17 0.02956989
9 19 0.06857578
10 26 0.03590472
10 28 0.26761368
10 24 0.13126868
10 31 25.875486
10 12 111.74148
10 9 14.392045
10 17 0.03381471
11 0 2000.0
11 30 0.83150935
11 8 0.9680852
11 18 15.54533
11 13 0.9696901
11 33 2.2050545
11 29 1.2367696
11 5 1.2691811
11 34 1.90953
11 20 1.153691
11 2 1.5047194
11 37 1.4585935
11 7 1745.625
11 27 0.91472197
11 16 1.0463779
11 25 0.9611651
12 26 1.1363636
12 32 2.1607845
12 10 111.74148
12 24 0.07179155
12 21 0.16473883
12 3 0.050627887
12 1 11.536233
13 30 50.90422
13 0 1.1763939
13 8 0.9444476
13 18 204.38939
13 33 0.9225118
13 11 0.9696901
13 29 1.6017962
13 5 17.654827
13 34 160.0
13 20 0.87418675
13 2 0.8031757
13 14 5.8871403
13 37 1.1441551
13 7 2000.0
13 27 0.51387405
13 16 27.252611
13 25 0.26770082
14 30 10.181536
14 20 1.6318989
14 13 5.8871403
14 27 2.7829328
14 33 0.43466443
14 11 2000.0
14 25 2.62036
15 32 0.072652765
15 21 4.678828
16 0 2000.0
16 30 1.1051663
16 8 1.5731574
16 18 1.5540721
16 13 27.252611
16 11 1.0463779
16 5 1.2844156
16 34 81.95922
16 20 14.680728
16 7 1.4497399
16 27 1.4996495
16 23 3.455098
16 25 1.4131528
17 6 4.2077007
17 26 1.5344405
17 10 0.03381471
17 24 0.079588145
17 31 0.9871937
17 9 0.02956989
17 4 0.1874181
17 19 91.58665
18 0 2000.0
18 30 0.63728774
18 8 1.2311522
18 2 3.199341
18 37 2.2363112
18 13 204.38939
18 27 18.035835
18 16 1.5540721
18 11 15.54533
18 23 0.97077763
18 29 1.3253915
18 5 0.38231853
19 31 0.096674584
19 9 0.06857578
19 4 0.068429254
19 17 91.58665
20 30 1.9403226
20 13 0.87418675
20 33 1.0307817
20 11 1.153691
20 29 10.216503
20 5 1.8711832
20 34 0.8186839
20 2 4.9229383
20 14 1.6318989
20 37 2.6712275
20 7 20.17647
20 27 1.726823
20 16 14.680728
20 25 0.4763845
21 26 2000.0
21 32 2000.0
21 10 2000.0
21 24 0.8225842
21 35 0.032252803
21 31 2000.0
21 12 0.16473883
21 15 4.678828
22 31 63.157894
22 9 0.057925846
22 19 2000.0
23 0 2000.0
23 30 1.7871699
23 8 0.8773043
23 2 8.89917
23 37 0.9834174
23 18 0.97077763
23 7 1.675414
23 16 3.455098
23 11 2000.0
23 29 0.8852283
23 5 4.6252484
24 26 0.03897378
24 32 0.2425197
24 10 0.13126868
24 21 0.8225842
24 12 0.07179155
24 17 0.079588145
25 30 28.56386
25 0 75.46103
25 13 0.26770082
25 33 0.6297259
25 11 0.9611651
25 29 2.9077842
25 34 2.7968717
25 20 0.4763845
25 2 0.4894866
25 14 2.62036
25 37 46.30514
25 7 12.30911
25 27 0.3214942
25 16 1.4131528
26 32 31.114204
26 28 0.106874995
26 10 0.03590472
26 24 0.03897378
26 31 0.16677555
26 12 1.1363636
26 17 1.5344405
27 30 0.22799744
27 0 2000.0
27 8 1.2650715
27 18 18.035835
27 13 0.51387405
27 33 0.79597014
27 11 0.91472197
27 29 0.58730817
27 5 1.6996187
27 34 1.1129037
27 20 1.726823
27 2 1.3508365
27 14 2.7829328
27 37 0.97486955
27 7 2000.0
27 16 1.4996495
27 25 0.3214942
28 36 0.031363636
28 26 0.106874995
28 10 0.26761368
28 12 1213.3523
28 3 14.485227
28 9 1.689511
28 19 1370.0
29 0 15.704446
29 30 0.99127376
29 8 0.3399018
29 18 1.3253915
29 13 1.6017962
29 33 17.943626
29 11 1.2367696
29 5 0.9222876
29 34 3.127388
29 20 10.216503
29 2 1.203817
29 37 1.2398083
29 27 0.58730817
29 16 2000.0
29 23 0.8852283
29 25 2.9077842
30 8 0.4632124
30 18 0.63728774
30 13 50.90422
30 33 6.838743
30 11 0.83150935
30 29 0.99127376
30 5 0.68786657
30 34 1.0156187
30 20 1.9403226
30 2 17.760273
30 14 10.181536
30 37 21.58506
30 7 1.3224552
30 27 0.22799744
30 16 1.1051663
30 23 1.7871699
30 25 28.56386
31 26 0.16677555
31 6 0.16191398
31 10 25.875486
31 35 32.29344
31 22 63.157894
31 9 0.030647766
31 4 0.06822638
31 17 0.9871937
31 19 0.096674584
32 26 31.114204
32 24 0.2425197
32 12 2.1607845
32 15 0.072652765
33 30 6.838743
33 8 2000.0
33 13 0.9225118
33 11 2.2050545
33 29 17.943626
33 5 2000.0
33 34 2000.0
33 20 1.0307817
33 2 2.0524552
33 14 0.43466443
33 7 2000.0
33 27 0.79597014
33 16 3017.898
33 25 0.6297259
34 30 1.0156187
34 20 0.8186839
34 8 11.258498
34 37 2000.0
34 7 479.1338
34 13 160.0
34 27 1.1129037
34 16 81.95922
34 11 1.90953
34 29 3.127388
34 25 2.7968717
34 5 2.4105563
35 21 0.032252803
35 31 32.29344
36 28 0.031363636
36 3 0.95246214
36 9 0.438893
37 30 21.58506
37 0 3.0127053
37 8 0.9369502
37 18 2.2363112
37 13 1.1441551
37 11 1.4585935
37 29 1.2398083
37 5 12.427584
37 20 2.6712275
37 2 0.8943486
37 7 73.42803
37 27 0.97486955
37 16 2000.0
37 23 0.9834174
37 25 46.30514
