0 8 5.6025777
0 2 0.80834347
0 37 0.7723928
0 13 0.8805351
0 11 19.031961
0 29 13.091099
1 3 0.35887098
1 12 1201.4773
2 30 17.666311
2 0 0.80834347
2 8 1.2616959
2 18 14.899656
2 13 0.29003322
2 33 3.3170145
2 11 0.60459185
2 29 0.63426703
2 20 1.859692
2 37 0.551875
2 27 0.39483565
2 16 2000.0
2 23 21.991209
2 25 1.2450199
3 36 0.25503245
3 28 0.09711051
3 24 423.52942
3 12 0.068069786
3 1 0.35887098
3 9 0.4242315
4 31 0.083178535
4 9 0.063363224
4 17 0.09375
4 19 0.07537355
5 30 1.3607528
5 8 0.68134314
5 18 0.5911625
5 13 78.11424
5 11 2.1690893
5 29 5.1209593
5 34 1.2567369
5 20 3.1993194
5 37 2000.0
5 7 6.1901717
5 27 1.477363
5 16 1.5121435
5 23 3.9508295
6 22 47.60065
6 31 0.27365986
6 17 1.0064307
7 34 12.361111
7 30 1.4988729
7 20 1.4301946
7 8 20.681591
7 37 16.139578
7 16 1.051933
7 11 8.832577
7 23 1.1789683
7 25 2.4542124
7 5 6.1901717
8 0 5.6025777
8 30 0.5337982
8 18 1.248549
8 13 1.7220749
8 11 0.6508782
8 29 0.9621499
8 5 0.68134314
8 34 3.0333982
8 2 1.2616959
8 37 0.8883449
8 7 20.681591
8 27 0.8305
8 16 1.2856371
8 23 0.97973126
9 36 2.042365
9 26 2000.0
9 28 3.0856347
9 10 4.6089907
9 22 0.27452335
9 31 0.028505098
9 3 0.4242315
9 17 0.090110265
9 4 0.063363224
9 19 0.07740516
10 26 0.031054396
10 28 0.3667749
10 24 0.064749055
10 31 0.03843475
10 12 4.575508
10 9 4.6089907
10 17 0.035630085
11 0 19.031961
11 30 0.36755562
11 8 0.6508782
11 18 8.388672
11 13 0.66024387
11 33 1.5555329
11 29 0.51497614
11 5 2.1690893
11 34 2.1808403
11 20 1.0254481
11 2 0.60459185
11 37 0.97342664
11 7 8.832577
11 27 0.4087556
11 16 0.6270355
11 25 0.8236558
12 26 1.3735536
12 28 3.945902
12 32 0.22433905
12 10 4.575508
12 24 0.07264371
12 21 0.13138676
12 3 0.068069786
13 0 0.8805351
13 30 0.67449164
13 8 1.7220749
13 18 69.44368
13 33 1.1304768
13 11 0.66024387
13 29 0.6544334
13 5 78.11424
13 34 5.0000343
13 20 0.71019024
13 2 0.29003322
13 14 2.9352667
13 37 0.7265728
13 27 0.39001772
13 16 31.947784
13 25 0.376611
14 20 1.6338795
14 13 2.9352667
14 27 2.8474479
14 33 0.43806818
14 11 2000.0
14 25 2.4615188
15 32 0.08332532
15 21 1.0606855
16 30 1.1193641
16 0 2000.0
16 8 1.2856371
16 18 1.0847573
16 13 31.947784
16 11 0.6270355
16 29 22.465935
16 5 1.5121435
16 20 7.8341537
16 37 33.372097
16 7 1.051933
16 27 1.5435383
16 23 8.016037
16 25 1.2395903
17 26 1.7462499
17 6 1.0064307
17 10 0.035630085
17 24 0.29381415
17 31 1.1341574
17 9 0.090110265
17 4 0.09375
17 19 1.3880746
18 30 0.6790756
18 2 14.899656
18 8 1.248549
18 37 1.1464363
18 13 69.44368
18 7 2000.0
18 27 5.7371807
18 16 1.0847573
18 23 1.1942966
18 11 8.388672
18 29 0.9727439
18 5 0.5911625
19 31 0.08024254
19 9 0.07740516
19 17 1.3880746
19 4 0.07537355
20 30 25.259268
20 13 0.71019024
20 33 1.7232131
20 11 1.0254481
20 29 9.29438
20 5 3.1993194
20 34 0.9374696
20 2 1.859692
20 14 1.6338795
20 37 2.6773453
20 7 1.4301946
20 27 1.0778022
20 16 7.8341537
20 25 0.68943185
21 32 200.0
21 10 2000.0
21 24 0.44584832
21 35 0.037404187
21 12 0.13138676
21 15 1.0606855
22 6 47.60065
22 31 1246.1364
22 9 0.27452335
22 19 1318.8068
23 30 1.2577858
23 0 2000.0
23 2 21.991209
23 8 0.97973126
23 37 1.0204902
23 18 1.1942966
23 7 1.1789683
23 16 8.016037
23 11 2000.0
23 29 2.4921024
23 5 3.9508295
24 26 0.051899437
24 32 0.1246319
24 10 0.064749055
24 21 0.44584832
24 31 2.7754385
24 3 423.52942
24 12 0.07264371
24 15 2000.0
24 17 0.29381415
25 0 2000.0
25 30 5.300019
25 13 0.376611
25 33 0.4183465
25 11 0.8236558
25 29 5.5237093
25 34 1.4001048
25 20 0.68943185
25 2 1.2450199
25 14 2.4615188
25 37 49.63373
25 7 2.4542124
25 27 0.7569934
25 16 1.2395903
26 36 122.088066
26 32 10.344679
26 28 0.04336924
26 10 0.031054396
26 24 0.051899437
26 31 0.060225964
26 12 1.3735536
26 17 1.7462499
27 0 2000.0
27 30 0.22491194
27 8 0.8305
27 18 5.7371807
27 13 0.39001772
27 33 0.8747438
27 11 0.4087556
27 29 0.456875
27 5 1.477363
27 34 1.1000508
27 20 1.0778022
27 2 0.39483565
27 14 2.8474479
27 37 0.91421235
27 7 3685.8523
27 16 1.5435383
27 23 2000.0
27 25 0.7569934
28 36 0.036961026
28 26 0.04336924
28 10 0.3667749
28 3 0.09711051
28 12 3.945902
28 9 3.0856347
29 0 13.091099
29 30 6.801816
29 8 0.9621499
29 18 0.9727439
29 13 0.6544334
29 11 0.51497614
29 5 5.1209593
29 34 8.212915
29 20 9.29438
29 2 0.63426703
29 37 1.2251178
29 7 2000.0
29 27 0.456875
29 16 22.465935
29 23 2.4921024
29 25 5.5237093
30 0 2000.0
30 8 0.5337982
30 18 0.6790756
30 13 0.67449164
30 33 2.9508212
30 11 0.36755562
30 29 6.801816
30 5 1.3607528
30 34 2.4433577
30 20 25.259268
30 2 17.666311
30 37 9.112755
30 7 1.4988729
30 27 0.22491194
30 16 1.1193641
30 23 1.2577858
30 25 5.300019
31 26 0.060225964
31 6 0.27365986
31 10 0.03843475
31 24 2.7754385
31 9 0.028505098
31 17 1.1341574
31 4 0.083178535
31 19 0.08024254
32 26 10.344679
32 24 0.1246319
32 21 200.0
32 12 0.22433905
32 15 0.08332532
33 34 2000.0
33 30 2.9508212
33 20 1.7232131
33 2 3.3170145
33 14 0.43806818
33 7 2000.0
33 13 1.1304768
33 27 0.8747438
33 16 2020.4546
33 11 1.5555329
33 29 2580.5112
33 25 0.4183465
34 30 2.4433577
34 20 0.9374696
34 8 3.0333982
34 13 5.0000343
34 7 12.361111
34 27 1.1000508
34 16 1215.0568
34 11 2.1808403
34 25 1.4001048
34 29 8.212915
34 5 1.2567369
35 21 0.037404187
36 26 122.088066
36 28 0.036961026
36 3 0.25503245
36 9 2.042365
37 30 9.112755
37 0 0.7723928
37 8 0.8883449
37 18 1.1464363
37 13 0.7265728
37 11 0.97342664
37 29 1.2251178
37 20 2.6773453
37 2 0.551875
37 7 16.139578
37 27 0.91421235
37 16 33.372097
37 23 1.0204902
37 25 49.63373
