0 2 1.0924213
0 37 3.0364463
0 13 0.87065166
0 29 18.771816
0 25 20.381285
1 3 0.9043255
1 12 17.18381
2 30 14.829025
2 0 1.0924213
2 8 1.2957269
2 18 3.281024
2 13 0.65078235
2 33 3.1429043
2 11 1.7300557
2 29 1.0115794
2 20 6.7547665
2 37 1.0987046
2 27 692.89777
2 16 2000.0
2 23 20.92057
2 25 0.6053874
3 36 0.7646754
3 28 39.37841
3 24 2000.0
3 12 0.06486467
3 1 0.9043255
3 9 0.43811476
4 31 0.0677329
4 9 0.072872646
4 17 0.1495436
4 19 0.074968435
5 30 0.7843261
5 8 1.0440623
5 18 0.8740676
5 13 26.18529
5 11 2.8382704
5 29 4.3252277
5 34 3.0380054
5 20 2.81669
5 37 8.90097
5 7 10.074518
5 27 779.5454
5 16 1.8986927
5 23 3.688803
5 25 2000.0
6 31 0.118341625
6 17 7.107954
7 30 0.8141736
7 20 21.25413
7 8 9.612786
7 37 70.588234
7 16 1.1195204
7 23 1.2844859
7 11 51.847305
7 25 2.5514839
7 5 10.074518
8 0 2000.0
8 30 0.54074305
8 18 0.94380164
8 13 4.2513714
8 11 1.5886838
8 29 0.7824289
8 5 1.0440623
8 34 41.420746
8 2 1.2957269
8 37 1.6918254
8 7 9.612786
8 27 1067.7273
8 16 1.3422033
8 23 1.8247639
8 25 2000.0
9 36 1.1504471
9 26 2000.0
9 28 0.88835686
9 10 4.4857435
9 22 0.34905985
9 31 0.029565
9 12 2000.0
9 3 0.43811476
9 4 0.072872646
9 17 0.052954976
9 19 0.080216095
10 26 35.795452
10 28 0.60625875
10 24 0.09737903
10 31 2.2000527
10 12 1198.409
10 9 4.4857435
10 17 0.031509392
11 0 2000.0
11 30 1.0443393
11 8 1.5886838
11 18 6.3275833
11 13 1.4631509
11 33 2.021557
11 29 0.9513001
11 5 2.8382704
11 34 2.46335
11 20 1.4620569
11 2 1.7300557
11 37 2.2176447
11 7 51.847305
11 27 692.89777
11 16 1.0658643
11 25 0.7392544
12 26 2000.0
12 32 7.2015533
12 28 199.15639
12 24 0.080287464
12 21 0.0989392
12 3 0.06486467
12 1 17.18381
13 30 33.370884
13 0 0.87065166
13 8 4.2513714
13 18 25.436714
13 33 1.5712732
13 11 1.4631509
13 29 1.2473383
13 5 26.18529
13 34 3042.3296
13 20 1.3282846
13 2 0.65078235
13 14 2.893395
13 37 1.12755
13 7 2000.0
13 27 150.96591
13 16 54.330036
13 25 0.27846754
14 34 2000.0
14 30 10.937071
14 20 2.938915
14 13 2.893395
14 27 5234.1475
14 33 0.9273156
14 11 2000.0
14 25 5.992752
15 32 0.08749879
15 21 13.006548
16 0 2000.0
16 30 1.2210097
16 8 1.3422033
16 18 1.3749211
16 13 54.330036
16 11 1.0658643
16 29 400.0
16 5 1.8986927
16 34 46.723103
16 20 84.4345
16 7 1.1195204
16 27 1119.8296
16 23 2.9579031
16 25 1.192479
17 6 7.107954
17 26 1034.8864
17 10 0.031509392
17 24 0.066917166
17 31 0.999022
17 9 0.052954976
17 4 0.1495436
17 19 1302.8977
18 0 2000.0
18 30 0.6455764
18 8 0.94380164
18 13 25.436714
18 11 6.3275833
18 29 1.0311322
18 5 0.8740676
18 2 3.281024
18 37 1.8982754
18 7 2000.0
18 27 2000.0
18 16 1.3749211
18 23 1.2369993
19 28 48.936363
19 31 0.08851799
19 9 0.080216095
19 4 0.074968435
20 30 3.8913636
20 13 1.3282846
20 33 1.218056
20 11 1.4620569
20 29 13.556533
20 5 2.81669
20 34 0.9978912
20 2 6.7547665
20 14 2.938915
20 37 2.8779905
20 7 21.25413
20 27 957.6705
20 16 84.4345
20 25 0.523284
21 32 2000.0
21 24 1.2363188
21 35 0.03475224
21 12 0.0989392
21 15 13.006548
22 31 105.882355
22 9 0.34905985
22 19 2000.0
23 0 2000.0
23 30 2.301534
23 8 1.8247639
23 2 20.92057
23 37 1.409159
23 18 1.2369993
23 7 1.2844859
23 16 2.9579031
23 11 2000.0
23 29 1.8138963
23 5 3.688803
24 26 37.045452
24 32 0.21758562
24 10 0.09737903
24 21 1.2363188
24 12 0.080287464
24 3 2000.0
24 15 2000.0
24 17 0.066917166
25 0 20.381285
25 30 14.733861
25 13 0.27846754
25 33 0.6725954
25 11 0.7392544
25 29 2.2536702
25 34 2.920126
25 20 0.523284
25 2 0.6053874
25 14 5.992752
25 37 48.33321
25 7 2.5514839
25 27 229.14774
25 16 1.192479
28 36 0.033727646
28 26 51.81818
28 10 0.60625875
28 3 39.37841
28 12 199.15639
28 9 0.88835686
28 19 48.936363
29 0 18.771816
29 30 1.2366071
29 8 0.7824289
29 18 1.0311322
29 13 1.2473383
29 33 48.115818
29 11 0.9513001
29 5 4.3252277
29 34 5.1111636
29 20 13.556533
29 2 1.0115794
29 37 0.7328172
29 7 2000.0
29 27 1898.9204
29 16 400.0
29 23 1.8138963
29 25 2.2536702
30 8 0.54074305
30 18 0.6455764
30 13 33.370884
30 33 12.596774
30 11 1.0443393
30 29 1.2366071
30 5 0.7843261
30 34 0.91118425
30 20 3.8913636
30 2 14.829025
30 14 10.937071
30 37 4.5560927
30 7 0.8141736
30 27 147.78409
30 16 1.2210097
30 23 2.301534
30 25 14.733861
31 26 2000.0
31 6 0.118341625
31 10 2.2000527
31 35 19.440002
31 22 105.882355
31 9 0.029565
31 4 0.0677329
31 17 0.999022
31 19 0.08851799
32 26 2000.0
32 24 0.21758562
32 12 7.2015533
32 15 0.08749879
33 30 12.596774
33 13 1.5712732
33 11 2.021557
33 29 48.115818
33 5 2000.0
33 34 2000.0
33 20 1.218056
33 2 3.1429043
33 14 0.9273156
33 7 2000.0
33 27 698.2386
33 16 2619.6023
33 25 0.6725954
34 30 0.91118425
34 20 0.9978912
34 8 41.420746
34 37 2000.0
34 7 3277.909
34 27 716.8182
34 16 46.723103
34 11 2.46335
34 29 5.1111636
34 25 2.920126
34 5 3.0380054
35 21 0.03475224
35 31 19.440002
36 28 0.033727646
36 3 0.7646754
36 9 1.1504471
37 30 4.5560927
37 0 3.0364463
37 8 1.6918254
37 18 1.8982754
37 13 1.12755
37 11 2.2176447
37 29 0.7328172
37 5 8.90097
37 20 2.8779905
37 2 1.0987046
37 7 70.588234
37 27 725.7955
37 16 2000.0
37 23 1.409159
37 25 48.33321
