0 8 4.509229
0 2 1.442761
0 37 1.2980016
0 13 0.73196507
0 11 19.887722
0 25 2000.0
0 29 18.96526
1 3 0.29259408
1 12 1202.159
2 30 14.345985
2 0 1.442761
2 8 1.4376961
2 18 6.417979
2 13 0.58256245
2 33 2.7791486
2 11 0.8899469
2 29 1.1659049
2 20 3.4462974
2 37 0.73186916
2 27 0.8976293
2 16 2000.0
2 23 149.17207
2 25 1.3025515
3 36 0.22843626
3 28 0.13297151
3 24 400.0
3 12 0.066856064
3 1 0.29259408
3 9 0.28343436
4 31 0.06638149
4 9 0.06503264
4 17 0.0929405
4 19 0.09007035
5 30 1.2104464
5 8 0.8064998
5 18 0.45975116
5 13 2000.0
5 11 1.8411913
5 29 2.8939338
5 34 2.8323097
5 20 1.4543986
5 37 2000.0
5 7 3.243997
5 27 1.5521855
5 16 1.1670146
5 23 3.6888714
6 22 109.00758
6 31 1.0412812
6 17 1.8004711
7 34 12.4988985
7 30 1.3982835
7 20 1.3601482
7 8 28.937826
7 37 29.941225
7 27 279.16644
7 16 1.1770548
7 11 4.4532156
7 23 1.0928549
7 25 3.381112
7 5 3.243997
8 0 4.509229
8 30 0.6856015
8 18 1.0203106
8 13 3.0384815
8 11 0.6540523
8 29 0.61183196
8 5 0.8064998
8 34 3.3504164
8 2 1.4376961
8 37 1.2483678
8 7 28.937826
8 27 2.170817
8 16 1.3394564
8 23 2.4609892
9 36 2.0092776
9 28 3.0860674
9 10 2.4261982
9 22 0.28517562
9 31 0.028683031
9 3 0.28343436
9 17 0.049737867
9 4 0.06503264
9 19 0.07722268
10 26 0.03204729
10 28 0.25197887
10 24 0.08341148
10 31 0.0309375
10 12 7.37411
10 9 2.4261982
10 17 0.029169273
11 0 19.887722
11 30 0.50076294
11 8 0.6540523
11 18 9.17667
11 13 0.5149342
11 33 2.1637826
11 29 0.8880229
11 5 1.8411913
11 34 1.7196815
11 20 1.0005555
11 2 0.8899469
11 37 1.2859131
11 7 4.4532156
11 27 0.594094
11 16 0.78640354
11 25 1.030151
12 26 3.1795611
12 28 3.2433226
12 32 0.37741724
12 10 7.37411
12 24 0.07400679
12 21 0.07469098
12 3 0.066856064
13 30 1.1573036
13 0 0.73196507
13 8 3.0384815
13 18 2299.5566
13 33 0.7448243
13 11 0.5149342
13 29 0.8001057
13 34 3.5283008
13 20 0.53359157
13 2 0.58256245
13 14 1.853686
13 37 1.8807338
13 27 0.25315443
13 16 52.91513
13 25 0.53441
14 20 0.6671506
14 13 1.853686
14 33 0.40448955
14 27 2.3269951
14 11 2000.0
14 25 1.6878017
15 32 0.071778394
15 21 1.5625553
16 30 1.120046
16 0 2000.0
16 8 1.3394564
16 18 0.9472846
16 13 52.91513
16 11 0.78640354
16 29 54.81149
16 5 1.1670146
16 20 11.046846
16 37 163.63637
16 7 1.1770548
16 27 1.3285968
16 23 30.05712
16 25 2.1860757
17 26 1.8587465
17 6 1.8004711
17 10 0.029169273
17 24 0.20455682
17 31 1.1323601
17 9 0.049737867
17 4 0.0929405
17 19 3.0070212
18 30 0.6177219
18 2 6.417979
18 8 1.0203106
18 37 1.6593014
18 7 2000.0
18 27 19.77604
18 16 0.9472846
18 23 1.5620728
18 11 9.17667
18 29 1.464713
18 5 0.45975116
19 31 0.06237462
19 9 0.07722268
19 17 3.0070212
19 4 0.09007035
20 30 8.003163
20 13 0.53359157
20 33 0.96709615
20 11 1.0005555
20 29 1.4765047
20 5 1.4543986
20 34 0.79637617
20 2 3.4462974
20 14 0.6671506
20 37 2.3855891
20 7 1.3601482
20 27 0.49235567
20 16 11.046846
20 25 0.5261466
21 32 2000.0
21 10 2000.0
21 24 0.1289816
21 35 0.05408821
21 12 0.07469098
21 15 1.5625553
22 6 109.00758
22 31 1072.7273
22 9 0.28517562
22 19 1548.3523
23 0 2000.0
23 30 2.733727
23 2 149.17207
23 8 2.4609892
23 37 1.6204699
23 18 1.5620728
23 7 1.0928549
23 16 30.05712
23 11 2000.0
23 29 2.4571247
23 5 3.6888714
24 26 0.06286482
24 32 0.112583295
24 10 0.08341148
24 21 0.1289816
24 31 8.837963
24 12 0.07400679
24 3 400.0
24 15 2000.0
24 17 0.20455682
25 30 2.2871704
25 13 0.53441
25 33 0.3987244
25 11 1.030151
25 29 1.6611661
25 34 1.0086296
25 20 0.5261466
25 2 1.3025515
25 14 1.6878017
25 37 10.674489
25 7 3.381112
25 27 0.8196814
25 16 2.1860757
26 36 82.58409
26 32 101.413246
26 28 0.031152347
26 10 0.03204729
26 24 0.06286482
26 31 0.0774486
26 12 3.1795611
26 17 1.8587465
27 0 2000.0
27 30 0.96009743
27 8 2.170817
27 18 19.77604
27 13 0.25315443
27 33 1.6013947
27 11 0.594094
27 29 0.51889306
27 5 1.5521855
27 34 0.97561246
27 20 0.49235567
27 2 0.8976293
27 14 2.3269951
27 37 0.86768144
27 7 279.16644
27 16 1.3285968
27 25 0.8196814
28 36 0.032330476
28 26 0.031152347
28 10 0.25197887
28 3 0.13297151
28 12 3.2433226
28 9 3.0860674
29 0 18.96526
29 30 3.7177374
29 8 0.61183196
29 18 1.464713
29 13 0.8001057
29 11 0.8880229
29 5 2.8939338
29 34 3.8955295
29 20 1.4765047
29 2 1.1659049
29 37 0.8672224
29 7 2000.0
29 27 0.51889306
29 16 54.81149
29 23 2.4571247
29 25 1.6611661
30 0 2000.0
30 8 0.6856015
30 18 0.6177219
30 13 1.1573036
30 33 2.3371563
30 11 0.50076294
30 29 3.7177374
30 5 1.2104464
30 34 1.3572727
30 20 8.003163
30 2 14.345985
30 37 5.6953354
30 7 1.3982835
30 27 0.96009743
30 16 1.120046
30 23 2.733727
30 25 2.2871704
31 26 0.0774486
31 6 1.0412812
31 10 0.0309375
31 24 8.837963
31 9 0.028683031
31 17 1.1323601
31 4 0.06638149
31 19 0.06237462
32 26 101.413246
32 24 0.112583295
32 12 0.37741724
32 15 0.071778394
33 34 2000.0
33 30 2.3371563
33 20 0.96709615
33 2 2.7791486
33 14 0.40448955
33 7 2000.0
33 13 0.7448243
33 27 1.6013947
33 16 1622.3296
33 11 2.1637826
33 29 4032.443
33 25 0.3987244
34 30 1.3572727
34 20 0.79637617
34 8 3.3504164
34 7 12.4988985
34 13 3.5283008
34 27 0.97561246
34 16 5535.0566
34 11 1.7196815
34 25 1.0086296
34 29 3.8955295
34 5 2.8323097
35 21 0.05408821
36 26 82.58409
36 28 0.032330476
36 3 0.22843626
36 9 2.0092776
37 30 5.6953354
37 0 1.2980016
37 8 1.2483678
37 18 1.6593014
37 13 1.8807338
37 11 1.2859131
37 29 0.8672224
37 20 2.3855891
37 2 0.73186916
37 7 29.941225
37 27 0.86768144
37 16 163.63637
37 23 1.6204699
37 25 10.674489
