0 2 1.6298349
0 37 2.4262586
0 13 0.96399266
0 29 136.30214
0 25 57.142857
1 3 1.6739422
1 12 26.666666
2 30 31.644634
2 0 1.6298349
2 8 1.4279667
2 18 2.920575
2 13 0.50334495
2 33 5.4277973
2 11 1.3929
2 29 1.4685897
2 20 4.182494
2 37 1.6367164
2 27 1.3617593
2 16 2000.0
2 23 10.610822
2 25 2.740174
3 36 0.4788654
3 28 68.41144
3 24 2000.0
3 12 0.09448464
3 1 1.6739422
3 9 0.8088162
4 31 0.06824491
4 9 0.08696698
4 17 0.1685044
4 19 0.07050743
5 30 0.74235624
5 8 0.8126563
5 18 1.2564893
5 13 28.045376
5 11 4.461131
5 29 12.460127
5 34 4.5476255
5 20 5.3821807
5 37 14.718291
5 7 17.42864
5 27 4.1884217
5 16 1.3062094
5 23 3.917868
5 25 2000.0
6 31 0.14792642
6 17 2.4029882
7 30 2.4123926
7 8 4.5272574
7 37 359.94226
7 16 1.6694957
7 23 1.3088542
7 11 135.7629
7 25 3.092014
7 5 17.42864
8 0 2000.0
8 30 0.78382945
8 18 1.5606126
8 13 4.1933494
8 11 1.2529578
8 29 1.180303
8 5 0.8126563
8 34 35.990013
8 2 1.4279667
8 37 1.1628022
8 7 4.5272574
8 27 5.1869807
8 16 2.2998006
8 23 2.476702
8 25 2000.0
9 36 0.4279173
9 26 2000.0
9 28 0.8501066
9 10 10.889711
9 22 0.05016381
9 31 0.029313497
9 12 2000.0
9 3 0.8088162
9 4 0.08696698
9 17 0.033345755
9 19 0.0806031
10 26 0.030638553
10 28 0.4047078
10 24 0.07935607
10 31 0.72178435
10 12 1596.9886
10 9 10.889711
10 17 0.0291232
11 0 2000.0
11 30 1.0484188
11 8 1.2529578
11 18 9.7793
11 13 2.0723248
11 33 1.7879981
11 29 1.4473892
11 5 4.461131
11 34 2.7984848
11 20 1.3366287
11 2 1.3929
11 37 1.5410452
11 7 135.7629
11 27 0.7337793
11 16 1.3902273
11 25 0.71602106
12 26 0.27369124
12 32 5.6126966
12 24 0.06603507
12 21 0.090416946
12 3 0.09448464
12 1 26.666666
13 30 64.31911
13 0 0.96399266
13 8 4.1933494
13 18 50.07758
13 33 0.9397788
13 11 2.0723248
13 29 1.2044252
13 5 28.045376
13 34 259.03076
13 20 3.3411407
13 2 0.50334495
13 14 4.20704
13 37 1.4437271
13 7 2000.0
13 27 0.6700062
13 16 104.25605
13 25 0.26986352
14 30 10.096318
14 20 4.8533635
14 13 4.20704
14 27 1.7368039
14 33 0.45594287
14 11 2000.0
14 25 1.8715249
15 32 0.077212416
15 21 8.595096
16 0 2000.0
16 30 1.0853205
16 8 2.2998006
16 18 1.8060229
16 13 104.25605
16 11 1.3902273
16 5 1.3062094
16 34 202.87045
16 20 194.72998
16 7 1.6694957
16 27 1.4638954
16 23 4.115292
16 25 1.3164917
17 6 2.4029882
17 26 1.6388503
17 10 0.0291232
17 24 0.08777719
17 31 1.0156325
17 9 0.033345755
17 4 0.1685044
17 19 2000.0
18 0 2000.0
18 30 0.8335365
18 8 1.5606126
18 13 50.07758
18 11 9.7793
18 29 2.1271014
18 5 1.2564893
18 2 2.920575
18 37 4.292377
18 7 2000.0
18 27 91.11419
18 16 1.8060229
18 23 2.2118287
19 28 160.0
19 31 0.09210324
19 9 0.0806031
19 4 0.07050743
20 30 2.6598408
20 8 2000.0
20 13 3.3411407
20 33 1.005574
20 11 1.3366287
20 29 22.339703
20 5 5.3821807
20 34 1.073778
20 2 4.182494
20 14 4.8533635
20 37 8.440253
20 7 1707.9545
20 27 5.718171
20 16 194.72998
20 25 0.5414727
21 26 2000.0
21 32 2000.0
21 24 0.8498145
21 35 0.03510787
21 31 2000.0
21 12 0.090416946
21 15 8.595096
22 31 76.190475
22 9 0.05016381
22 19 2000.0
23 0 2000.0
23 30 3.5241704
23 8 2.476702
23 2 10.610822
23 37 1.577725
23 18 2.2118287
23 7 1.3088542
23 16 4.115292
23 11 2000.0
23 29 1.4083828
23 5 3.917868
24 26 0.04532705
24 32 0.4123623
24 10 0.07935607
24 21 0.8498145
24 12 0.06603507
24 15 2000.0
24 17 0.08777719
25 0 57.142857
25 30 17.820898
25 13 0.26986352
25 33 0.7297866
25 11 0.71602106
25 29 3.1753924
25 34 2.7381191
25 20 0.5414727
25 2 2.740174
25 14 1.8715249
25 37 61.538464
25 7 3.092014
25 27 0.26522508
25 16 1.3164917
26 36 2000.0
26 32 49.609715
26 28 0.07403951
26 10 0.030638553
26 24 0.04532705
26 31 0.34175822
26 12 0.27369124
26 17 1.6388503
27 30 0.20540747
27 0 2000.0
27 8 5.1869807
27 18 91.11419
27 13 0.6700062
27 33 0.75771433
27 11 0.7337793
27 29 1.4680878
27 5 4.1884217
27 34 1.6096127
27 20 5.718171
27 2 1.3617593
27 14 1.7368039
27 37 0.9658343
27 7 2000.0
27 16 1.4638954
27 25 0.26522508
28 36 0.036290325
28 26 0.07403951
28 10 0.4047078
28 3 68.41144
28 12 1208.8069
28 9 0.8501066
28 19 160.0
29 0 136.30214
29 30 1.9826066
29 8 1.180303
29 18 2.1271014
29 13 1.2044252
29 33 7.5013585
29 11 1.4473892
29 5 12.460127
29 34 4.3201747
29 20 22.339703
29 2 1.4685897
29 37 0.7500848
29 7 2000.0
29 27 1.4680878
29 16 2000.0
29 23 1.4083828
29 25 3.1753924
30 8 0.78382945
30 18 0.8335365
30 13 64.31911
30 33 7.6159835
30 11 1.0484188
30 29 1.9826066
30 5 0.74235624
30 34 0.87255365
30 20 2.6598408
30 2 31.644634
30 14 10.096318
30 37 11.703728
30 7 2.4123926
30 27 0.20540747
30 16 1.0853205
30 23 3.5241704
30 25 17.820898
31 26 0.34175822
31 6 0.14792642
31 10 0.72178435
31 35 36.38205
31 22 76.190475
31 9 0.029313497
31 4 0.06824491
31 17 1.0156325
31 19 0.09210324
32 26 49.609715
32 24 0.4123623
32 12 5.6126966
32 15 0.077212416
33 30 7.6159835
33 13 0.9397788
33 11 1.7879981
33 29 7.5013585
33 5 2000.0
33 34 2000.0
33 20 1.005574
33 2 5.4277973
33 14 0.45594287
33 7 2000.0
33 27 0.75771433
33 16 2738.6362
33 25 0.7297866
34 30 0.87255365
34 20 1.073778
34 8 35.990013
34 37 2000.0
34 13 259.03076
34 7 2000.0
34 27 1.6096127
34 16 202.87045
34 11 2.7984848
34 29 4.3201747
34 25 2.7381191
34 5 4.5476255
35 21 0.03510787
35 31 36.38205
36 28 0.036290325
36 3 0.4788654
36 9 0.4279173
37 30 11.703728
37 0 2.4262586
37 8 1.1628022
37 18 4.292377
37 13 1.4437271
37 11 1.5410452
37 29 0.7500848
37 5 14.718291
37 20 8.440253
37 2 1.6367164
37 7 359.94226
37 27 0.9658343
37 16 2000.0
37 23 1.577725
37 25 61.538464
