0 8 30.285574
0 2 0.5839028
0 37 0.9526533
0 13 0.751222
0 11 61.15076
0 29 16.588682
0 25 266.6667
1 3 0.3490836
1 12 71.426605
2 30 37.626778
2 0 0.5839028
2 8 1.2707372
2 18 7.068522
2 13 0.39927083
2 33 1.4875656
2 11 0.71300226
2 29 1.0551535
2 20 1.9554837
2 37 1.1560707
2 27 2.6272025
2 23 40.0
2 25 1.7789589
3 36 0.19300096
3 28 0.09075757
3 24 423.52942
3 12 0.06295932
3 1 0.3490836
3 9 0.19867103
4 31 0.07958821
4 9 0.06867759
4 17 0.07727077
4 19 0.08045916
5 30 0.96093524
5 8 0.8182577
5 18 0.34194982
5 13 2000.0
5 11 3.1588647
5 29 2.1182258
5 34 6.639668
5 20 2.2498295
5 37 2000.0
5 7 7.212959
5 27 1.5420699
5 16 1.2544681
5 23 6.534278
6 22 44.505688
6 31 1.2230207
6 17 1.6575853
7 34 6.617912
7 30 1.1656326
7 20 1.6022158
7 8 54.953026
7 37 20.268013
7 27 68.24014
7 16 1.1572777
7 11 5.771373
7 23 1.3859142
7 25 9.00232
7 5 7.212959
8 0 30.285574
8 30 0.7381264
8 18 0.89828587
8 13 2.2588382
8 11 0.5923191
8 29 0.58586156
8 5 0.8182577
8 34 2.722701
8 2 1.2707372
8 37 1.8360043
8 7 54.953026
8 27 1.1393529
8 16 1.4459424
8 23 0.98503685
9 36 2.2595074
9 26 2000.0
9 28 1.3158058
9 10 3.664526
9 22 0.46188813
9 31 0.03291995
9 3 0.19867103
9 17 0.04757824
9 4 0.06867759
9 19 0.07063019
10 26 0.034271188
10 28 0.16080616
10 24 0.06359931
10 31 0.030830847
10 12 8.20578
10 9 3.664526
10 17 0.030827846
11 0 61.15076
11 30 0.4294659
11 8 0.5923191
11 18 4.993737
11 13 0.66873485
11 33 5.296833
11 29 0.7923006
11 5 3.1588647
11 34 2.4201658
11 20 1.1336483
11 2 0.71300226
11 37 1.4607999
11 7 5.771373
11 27 0.5162102
11 16 1.0825477
11 25 1.1901174
12 26 0.8020321
12 28 1.6184016
12 32 0.188606
12 10 8.20578
12 24 0.065477274
12 21 0.06876881
12 3 0.06295932
12 1 71.426605
13 30 1.7524327
13 0 0.751222
13 8 2.2588382
13 18 213.33333
13 33 0.8571004
13 11 0.66873485
13 29 1.0030818
13 34 6.8101234
13 20 0.65530974
13 2 0.39927083
13 14 4.352015
13 37 2.621635
13 27 0.16176638
13 16 133.33334
13 25 0.50092036
14 20 1.8192425
14 13 4.352015
14 33 0.76197726
14 27 3.6423
14 11 2000.0
14 25 3.164004
15 32 0.08526394
15 21 1.3323032
16 30 1.0845051
16 0 2000.0
16 8 1.4459424
16 18 1.1401784
16 13 133.33334
16 11 1.0825477
16 29 37.281796
16 5 1.2544681
16 20 16.807747
16 37 44.977806
16 7 1.1572777
16 27 1.3453068
16 23 9.329752
16 25 1.6209238
17 26 1.9123579
17 6 1.6575853
17 10 0.030827846
17 24 0.15988734
17 31 1.2818159
17 9 0.04757824
17 4 0.07727077
17 19 2.44955
18 30 0.7388587
18 0 2000.0
18 8 0.89828587
18 13 213.33333
18 11 4.993737
18 29 0.96137005
18 5 0.34194982
18 2 7.068522
18 37 1.450938
18 7 2000.0
18 27 2.4730337
18 16 1.1401784
18 23 1.4667711
19 31 0.06625282
19 9 0.07063019
19 17 2.44955
19 4 0.08045916
20 30 9.975873
20 13 0.65530974
20 33 1.6364162
20 11 1.1336483
20 29 2.1753345
20 5 2.2498295
20 34 0.79802686
20 2 1.9554837
20 14 1.8192425
20 37 3.2668304
20 7 1.6022158
20 27 0.6095214
20 16 16.807747
20 25 0.55692595
21 32 2000.0
21 24 0.09086339
21 35 0.039273567
21 12 0.06876881
21 15 1.3323032
22 6 44.505688
22 31 1199.8864
22 9 0.46188813
22 19 1329.8296
23 0 2000.0
23 30 1.1704639
23 2 40.0
23 8 0.98503685
23 37 2.9278827
23 18 1.4667711
23 7 1.3859142
23 16 9.329752
23 11 2000.0
23 29 5.705051
23 5 6.534278
24 26 0.06408898
24 32 0.14074105
24 10 0.06359931
24 21 0.09086339
24 31 16.109762
24 3 423.52942
24 12 0.065477274
24 15 2000.0
24 17 0.15988734
25 0 266.6667
25 30 1.7400681
25 13 0.50092036
25 33 0.7597574
25 11 1.1901174
25 29 2.378408
25 34 1.2990931
25 20 0.55692595
25 2 1.7789589
25 14 3.164004
25 37 45.753307
25 7 9.00232
25 27 0.55729234
25 16 1.6209238
26 36 137.51468
26 32 134.23935
26 28 0.03666363
26 10 0.034271188
26 24 0.06408898
26 31 0.061421417
26 12 0.8020321
26 17 1.9123579
27 0 2000.0
27 30 0.15935299
27 8 1.1393529
27 18 2.4730337
27 13 0.16176638
27 33 0.92502826
27 11 0.5162102
27 29 0.8793446
27 5 1.5420699
27 34 0.99245524
27 20 0.6095214
27 2 2.6272025
27 14 3.6423
27 37 0.85831374
27 7 68.24014
27 16 1.3453068
27 25 0.55729234
28 36 0.041518435
28 26 0.03666363
28 10 0.16080616
28 3 0.09075757
28 12 1.6184016
28 9 1.3158058
29 0 16.588682
29 30 4.272696
29 8 0.58586156
29 18 0.96137005
29 13 1.0030818
29 11 0.7923006
29 5 2.1182258
29 34 1.579595
29 20 2.1753345
29 2 1.0551535
29 37 0.85599536
29 7 2000.0
29 27 0.8793446
29 16 37.281796
29 23 5.705051
29 25 2.378408
30 0 2000.0
30 8 0.7381264
30 18 0.7388587
30 13 1.7524327
30 33 1.5888696
30 11 0.4294659
30 29 4.272696
30 5 0.96093524
30 34 1.0690876
30 20 9.975873
30 2 37.626778
30 14 2000.0
30 37 5.7152534
30 7 1.1656326
30 27 0.15935299
30 16 1.0845051
30 23 1.1704639
30 25 1.7400681
31 26 0.061421417
31 6 1.2230207
31 10 0.030830847
31 24 16.109762
31 9 0.03291995
31 17 1.2818159
31 4 0.07958821
31 19 0.06625282
32 26 134.23935
32 24 0.14074105
32 12 0.188606
32 15 0.08526394
33 30 1.5888696
33 13 0.8571004
33 11 5.296833
33 29 3275.3408
33 5 2000.0
33 34 2000.0
33 20 1.6364162
33 2 1.4875656
33 14 0.76197726
33 7 2000.0
33 27 0.92502826
33 16 1998.8635
33 25 0.7597574
34 30 1.0690876
34 20 0.79802686
34 8 2.722701
34 7 6.617912
34 13 6.8101234
34 27 0.99245524
34 16 3216.9885
34 11 2.4201658
34 25 1.2990931
34 29 1.579595
34 5 6.639668
35 21 0.039273567
36 26 137.51468
36 28 0.041518435
36 3 0.19300096
36 9 2.2595074
37 30 5.7152534
37 0 0.9526533
37 8 1.8360043
37 18 1.450938
37 13 2.621635
37 11 1.4607999
37 29 0.85599536
37 20 3.2668304
37 2 1.1560707
37 7 20.268013
37 27 0.85831374
37 16 44.977806
37 23 2.9278827
37 25 45.753307
