0 8 5.090428
0 2 1.3287736
0 37 0.7756917
0 13 1.206621
0 11 33.12382
0 29 9.415697
1 3 0.23079546
1 12 73.35208
2 30 22.709173
2 0 1.3287736
2 8 1.2677231
2 18 9.218491
2 13 0.31366038
2 33 2.3523474
2 11 1.0207838
2 29 0.9540396
2 20 2.2510853
2 37 0.71510565
2 27 0.4342341
2 23 31.348768
2 25 1.4038112
3 36 0.35064104
3 28 0.06711648
3 24 314.89618
3 12 0.05074751
3 1 0.23079546
3 9 0.5105779
4 31 0.081116304
4 9 0.06870403
4 17 0.09857886
4 19 0.08962369
5 30 0.96447164
5 8 0.6589515
5 18 0.39107224
5 13 2000.0
5 11 3.3383524
5 29 2.5900102
5 34 1.1602998
5 20 3.192734
5 37 2000.0
5 7 4.5916514
5 27 4.0383763
5 16 1.7208793
5 23 2.0374608
6 31 0.74883145
6 17 1.0631864
7 34 6.024235
7 30 1.9795663
7 20 2.3554194
7 8 65.70103
7 37 21.74819
7 16 1.0700042
7 11 8.8188505
7 23 1.117238
7 25 5.735214
7 5 4.5916514
8 0 5.090428
8 30 0.9337344
8 18 1.3721591
8 13 3.7987418
8 11 0.8980567
8 29 0.6333985
8 5 0.6589515
8 34 2.1569686
8 2 1.2677231
8 37 1.3020806
8 7 65.70103
8 27 2.1289203
8 16 1.5753222
8 23 1.2763485
9 36 0.8523952
9 26 2000.0
9 28 1.9255302
9 10 11.073617
9 22 0.20463213
9 31 0.037664544
9 3 0.5105779
9 12 2000.0
9 17 0.102995135
9 4 0.06870403
9 19 0.06871269
10 26 0.029482612
10 28 0.21160038
10 24 0.036228072
10 31 0.049595535
10 12 3.3161461
10 9 11.073617
10 17 0.037173994
11 0 33.12382
11 30 0.43025807
11 8 0.8980567
11 18 10.129732
11 13 0.58087116
11 33 2.4198928
11 29 0.6450586
11 5 3.3383524
11 34 3.3461478
11 20 0.9815464
11 2 1.0207838
11 37 1.4699478
11 7 8.8188505
11 27 0.72216827
11 16 0.9043313
11 25 0.9511231
12 26 0.9264805
12 28 3.2305102
12 32 0.17170177
12 10 3.3161461
12 24 0.08713628
12 21 0.084180586
12 3 0.05074751
12 1 73.35208
13 30 1.4713546
13 0 1.206621
13 8 3.7987418
13 18 200.0
13 33 0.8798628
13 11 0.58087116
13 29 0.32978004
13 5 2000.0
13 34 16.498907
13 20 0.579393
13 2 0.31366038
13 14 2.2066336
13 37 2.001644
13 27 0.53515714
13 16 339.36264
13 25 0.4399858
14 20 1.635167
14 13 2.2066336
14 27 3.567184
14 33 0.366037
14 11 2000.0
14 25 2.0474517
15 32 0.069777295
15 21 100.0
16 0 2000.0
16 30 1.3732489
16 8 1.5753222
16 18 1.032043
16 13 339.36264
16 11 0.9043313
16 29 55.912884
16 5 1.7208793
16 20 12.271052
16 37 32.99025
16 7 1.0700042
16 27 1.3458408
16 23 4.931561
16 25 1.2518516
17 26 3.408339
17 6 1.0631864
17 10 0.037173994
17 24 0.15468991
17 31 1.3818902
17 9 0.102995135
17 4 0.09857886
17 19 2.3925092
18 30 0.71557206
18 2 9.218491
18 8 1.3721591
18 37 1.2057946
18 7 2000.0
18 13 200.0
18 27 4.0046597
18 16 1.032043
18 23 1.2474018
18 11 10.129732
18 29 1.0163258
18 5 0.39107224
19 31 0.08218192
19 9 0.06871269
19 17 2.3925092
19 4 0.08962369
20 0 2000.0
20 30 28.272839
20 13 0.579393
20 33 1.6780156
20 11 0.9815464
20 29 6.0847754
20 5 3.192734
20 34 0.88824457
20 2 2.2510853
20 14 1.635167
20 37 2.677745
20 7 2.3554194
20 27 0.5200523
20 16 12.271052
20 25 0.49713287
21 32 2000.0
21 24 0.19736688
21 35 0.038831297
21 12 0.084180586
21 15 100.0
22 6 1992.7842
22 31 1449.034
22 9 0.20463213
22 19 1377.7842
23 0 2000.0
23 30 2.2532392
23 2 31.348768
23 8 1.2763485
23 37 5.8549547
23 18 1.2474018
23 7 1.117238
23 27 2000.0
23 16 4.931561
23 11 2000.0
23 29 3.0115771
23 5 2.0374608
24 26 0.05058508
24 32 0.15428571
24 10 0.036228072
24 21 0.19736688
24 31 4.440702
24 12 0.08713628
24 3 314.89618
24 15 2000.0
24 17 0.15468991
25 30 1.762472
25 13 0.4399858
25 33 0.36971864
25 11 0.9511231
25 29 13.960355
25 34 1.4623255
25 20 0.49713287
25 2 1.4038112
25 14 2.0474517
25 37 116.10206
25 7 5.735214
25 27 0.49666837
25 16 1.2518516
26 32 29.411
26 28 0.08985139
26 10 0.029482612
26 24 0.05058508
26 31 0.06615727
26 12 0.9264805
26 17 3.408339
27 0 2000.0
27 30 0.17881669
27 8 2.1289203
27 18 4.0046597
27 13 0.53515714
27 33 0.8668498
27 11 0.72216827
27 29 0.46504158
27 5 4.0383763
27 34 1.2239958
27 20 0.5200523
27 2 0.4342341
27 14 3.567184
27 37 1.6760085
27 7 4054.659
27 16 1.3458408
27 23 2000.0
27 25 0.49666837
28 36 0.037554987
28 26 0.08985139
28 10 0.21160038
28 3 0.06711648
28 12 3.2305102
28 9 1.9255302
29 0 9.415697
29 30 7.1925726
29 8 0.6333985
29 18 1.0163258
29 13 0.32978004
29 11 0.6450586
29 5 2.5900102
29 34 10.58632
29 20 6.0847754
29 2 0.9540396
29 37 1.2873579
29 27 0.46504158
29 16 55.912884
29 23 3.0115771
29 25 13.960355
30 0 2000.0
30 8 0.9337344
30 18 0.71557206
30 13 1.4713546
30 33 4.5997634
30 11 0.43025807
30 29 7.1925726
30 5 0.96447164
30 34 2.138391
30 20 28.272839
30 2 22.709173
30 37 13.473672
30 7 1.9795663
30 27 0.17881669
30 16 1.3732489
30 23 2.2532392
30 25 1.762472
31 26 0.06615727
31 6 0.74883145
31 10 0.049595535
31 24 4.440702
31 9 0.037664544
31 17 1.3818902
31 4 0.081116304
31 19 0.08218192
32 26 29.411
32 24 0.15428571
32 12 0.17170177
32 15 0.069777295
33 34 2000.0
33 30 4.5997634
33 20 1.6780156
33 2 2.3523474
33 14 0.366037
33 7 2000.0
33 13 0.8798628
33 27 0.8668498
33 16 2000.0
33 11 2.4198928
33 29 9223.978
33 25 0.36971864
34 30 2.138391
34 20 0.88824457
34 8 2.1569686
34 13 16.498907
34 7 6.024235
34 27 1.2239958
34 16 1215.0568
34 11 3.3461478
34 25 1.4623255
34 29 10.58632
34 5 1.1602998
35 21 0.038831297
36 26 1836.2727
36 28 0.037554987
36 3 0.35064104
36 9 0.8523952
37 30 13.473672
37 0 0.7756917
37 8 1.3020806
37 18 1.2057946
37 13 2.001644
37 11 1.4699478
37 29 1.2873579
37 20 2.677745
37 2 0.71510565
37 7 21.74819
37 27 1.6760085
37 16 32.99025
37 23 5.8549547
37 25 116.10206
