0 8 7.061178
0 2 1.2258859
0 37 1.8207191
0 13 0.39044005
0 11 287.36658
0 29 5.9166074
1 3 0.35045278
1 12 25.308123
2 30 14.242328
2 0 1.2258859
2 8 1.2110361
2 18 4.8180923
2 13 0.6758838
2 33 3.4979358
2 11 1.8159797
2 29 0.9395224
2 20 4.1180882
2 37 1.3277369
2 27 1.547565
2 16 2000.0
2 23 52.829548
2 25 2.5279489
3 36 0.3924795
3 28 0.102727264
3 24 2000.0
3 12 0.07631851
3 1 0.35045278
3 9 0.4427603
4 31 0.07672058
4 9 0.06714655
4 17 0.08636363
4 19 0.09122042
5 30 0.56303436
5 8 0.7974313
5 18 0.48861018
5 13 177.77777
5 11 5.787781
5 29 2.1060936
5 34 3.5503104
5 20 2.2922394
5 37 2000.0
5 7 18.205584
5 27 3.589273
5 16 1.4042498
5 23 2.9750538
6 31 1.6970996
6 17 1.2118505
7 34 21.601442
7 30 0.99215794
7 20 3.6348157
7 8 150.0
7 37 13.266081
7 27 2000.0
7 16 1.7761629
7 11 24.655323
7 23 1.1365883
7 25 6.786741
7 5 18.205584
8 0 7.061178
8 30 0.58896786
8 18 1.0254934
8 13 2.1290877
8 11 1.1839514
8 29 0.52447784
8 5 0.7974313
8 34 12.492641
8 2 1.2110361
8 37 1.6798328
8 7 150.0
8 27 1.7921536
8 16 1.7486221
8 23 1.3746288
9 36 1.9044054
9 26 2000.0
9 28 14.51613
9 10 4.885552
9 22 0.33430672
9 31 0.02989039
9 3 0.4427603
9 17 0.053348932
9 4 0.06714655
9 19 0.07289334
10 26 0.04508643
10 28 1.0370398
10 24 0.082562424
10 31 0.031850647
10 12 4.1020265
10 9 4.885552
10 17 0.031510808
11 0 287.36658
11 30 0.5479051
11 8 1.1839514
11 18 15.532906
11 13 0.64335734
11 33 2.6296113
11 29 0.722036
11 5 5.787781
11 34 5.458369
11 20 0.97444785
11 2 1.8159797
11 37 1.6345564
11 7 24.655323
11 27 0.5040308
11 16 1.2479696
11 25 1.6408707
12 26 1.3401725
12 32 0.27727857
12 28 6.190388
12 10 4.1020265
12 24 0.0910461
12 21 0.07183522
12 3 0.07631851
12 1 25.308123
13 30 0.50898755
13 0 0.39044005
13 8 2.1290877
13 18 250.00002
13 33 0.7710954
13 11 0.64335734
13 29 0.66405594
13 5 177.77777
13 34 12.43428
13 20 0.5325251
13 2 0.6758838
13 14 2.5017
13 37 2.6289134
13 27 0.21199487
13 16 75.48561
13 25 0.8923579
14 20 1.7421277
14 13 2.5017
14 33 0.64650536
14 27 2.4321463
14 11 2000.0
14 25 2.8756096
15 32 0.074632384
15 21 12.146249
16 30 1.1414096
16 0 2000.0
16 8 1.7486221
16 18 0.8782343
16 13 75.48561
16 11 1.2479696
16 29 291.8155
16 5 1.4042498
16 20 6.38468
16 37 29.97646
16 7 1.7761629
16 27 1.3693527
16 23 4.820169
16 25 1.2073071
17 26 1.9046211
17 6 1.2118505
17 10 0.031510808
17 24 0.2901768
17 31 1.3032057
17 9 0.053348932
17 4 0.08636363
17 19 4.204092
18 30 0.65865177
18 2 4.8180923
18 8 1.0254934
18 37 1.4793973
18 13 250.00002
18 7 2000.0
18 27 2.5970542
18 16 0.8782343
18 23 1.5291982
18 11 15.532906
18 29 0.9991244
18 5 0.48861018
19 31 0.06699589
19 9 0.07289334
19 17 4.204092
19 4 0.09122042
20 30 12.801881
20 0 2000.0
20 13 0.5325251
20 33 2.3431284
20 11 0.97444785
20 29 3.885279
20 5 2.2922394
20 34 1.209115
20 2 4.1180882
20 14 1.7421277
20 37 12.110065
20 7 3.6348157
20 27 0.33311385
20 16 6.38468
20 25 1.1461445
21 32 2000.0
21 24 0.045352086
21 35 0.03767698
21 12 0.07183522
21 15 12.146249
22 6 1282.6705
22 31 1121.8182
22 9 0.33430672
22 19 1594.4319
23 30 1.0343789
23 0 2000.0
23 2 52.829548
23 8 1.3746288
23 37 2.4725826
23 18 1.5291982
23 7 1.1365883
23 16 4.820169
23 11 2000.0
23 29 1.7089844
23 5 2.9750538
24 26 0.07572654
24 32 0.12536596
24 10 0.082562424
24 21 0.045352086
24 31 27.738655
24 12 0.0910461
24 3 2000.0
24 15 2000.0
24 17 0.2901768
25 0 2000.0
25 30 2.3807075
25 13 0.8923579
25 33 0.9040929
25 11 1.6408707
25 29 5.7308364
25 34 9.451114
25 20 1.1461445
25 2 2.5279489
25 14 2.8756096
25 37 77.93305
25 7 6.786741
25 27 0.8277612
25 16 1.2073071
26 36 2000.0
26 32 43.68044
26 28 0.052393686
26 10 0.04508643
26 24 0.07572654
26 31 0.09256731
26 12 1.3401725
26 17 1.9046211
27 0 2000.0
27 30 0.16692683
27 8 1.7921536
27 18 2.5970542
27 13 0.21199487
27 33 0.9123363
27 11 0.5040308
27 29 0.8245566
27 5 3.589273
27 34 1.7542274
27 20 0.33311385
27 2 1.547565
27 14 2.4321463
27 37 1.8900195
27 7 2000.0
27 16 1.3693527
27 25 0.8277612
28 36 0.048918758
28 26 0.052393686
28 10 1.0370398
28 3 0.102727264
28 12 6.190388
28 9 14.51613
29 0 5.9166074
29 30 4.0803375
29 8 0.52447784
29 18 0.9991244
29 13 0.66405594
29 11 0.722036
29 5 2.1060936
29 34 2.907713
29 20 3.885279
29 2 0.9395224
29 37 1.5131944
29 7 2000.0
29 27 0.8245566
29 16 291.8155
29 23 1.7089844
29 25 5.7308364
30 0 2000.0
30 8 0.58896786
30 18 0.65865177
30 13 0.50898755
30 33 2.5717592
30 11 0.5479051
30 29 4.0803375
30 5 0.56303436
30 34 2.7746894
30 20 12.801881
30 2 14.242328
30 14 2000.0
30 37 14.591566
30 7 0.99215794
30 27 0.16692683
30 16 1.1414096
30 23 1.0343789
30 25 2.3807075
31 26 0.09256731
31 6 1.6970996
31 10 0.031850647
31 24 27.738655
31 9 0.02989039
31 17 1.3032057
31 4 0.07672058
31 19 0.06699589
32 26 43.68044
32 24 0.12536596
32 12 0.27727857
32 15 0.074632384
33 30 2.5717592
33 13 0.7710954
33 11 2.6296113
33 29 2382.1023
33 5 2000.0
33 34 2000.0
33 20 2.3431284
33 2 3.4979358
33 14 0.64650536
33 37 2000.0
33 7 2000.0
33 27 0.9123363
33 16 2000.0
33 25 0.9040929
34 30 2.7746894
34 20 1.209115
34 8 12.492641
34 7 21.601442
34 13 12.43428
34 27 1.7542274
34 16 2536.0227
34 11 5.458369
34 25 9.451114
34 29 2.907713
34 5 3.5503104
35 21 0.03767698
36 26 2000.0
36 28 0.048918758
36 3 0.3924795
36 9 1.9044054
37 30 14.591566
37 0 1.8207191
37 8 1.6798328
37 18 1.4793973
37 13 2.6289134
37 11 1.6345564
37 29 1.5131944
37 20 12.110065
37 2 1.3277369
37 7 13.266081
37 27 1.8900195
37 16 29.97646
37 23 2.4725826
37 25 77.93305
