0 8 9.430716
0 2 1.0165099
0 37 1.7044077
0 13 1.1232874
0 11 85.57182
0 25 200.0
0 29 4.8784904
1 3 0.341239
1 12 25.414392
2 30 10.834768
2 0 1.0165099
2 8 1.1480718
2 18 3.830761
2 13 0.6761663
2 33 4.735853
2 11 1.1801422
2 29 0.5939613
2 20 4.8421445
2 37 1.0064911
2 27 0.69495064
2 23 752.61365
2 25 1.4435261
3 36 0.22575544
3 28 0.08664532
3 24 53.333332
3 12 0.061601907
3 1 0.341239
3 9 0.2360704
4 31 0.075016506
4 9 0.06649634
4 17 0.0956403
4 19 0.08347462
5 30 0.6895746
5 8 0.63193935
5 18 0.60370386
5 13 2000.0
5 11 5.53688
5 29 6.7127414
5 34 5.8160176
5 20 2.3329327
5 37 2000.0
5 7 8.825655
5 27 2.117378
5 16 1.5414066
5 23 10.492483
6 31 1.0683949
6 17 1.5645564
7 34 14.087878
7 30 0.6097377
7 20 1.4932615
7 8 31.999996
7 37 13.809668
7 27 114.28571
7 16 1.3879554
7 11 38.860718
7 23 1.1006117
7 25 7.2898855
7 5 8.825655
8 0 9.430716
8 30 0.6464978
8 18 0.8958736
8 13 2.3228168
8 11 0.76349664
8 29 1.4968505
8 5 0.63193935
8 34 3.8335192
8 2 1.1480718
8 37 1.0857613
8 7 31.999996
8 27 1.6235094
8 16 1.3741533
8 23 0.94142574
9 36 0.964921
9 26 2000.0
9 28 4.9375634
9 10 3.6294434
9 22 0.5756334
9 31 0.029719576
9 3 0.2360704
9 17 0.06309336
9 4 0.06649634
9 19 0.0801524
10 26 0.035493035
10 28 0.35477924
10 24 0.07611848
10 31 0.034708936
10 12 35.63206
10 9 3.6294434
10 17 0.031066716
11 0 85.57182
11 30 0.49929705
11 8 0.76349664
11 18 9.222235
11 13 0.6425967
11 33 2.067657
11 29 2.6078715
11 5 5.53688
11 34 5.215573
11 20 0.7543461
11 2 1.1801422
11 37 1.3003843
11 7 38.860718
11 27 0.43161687
11 16 0.9286054
11 25 1.12876
12 26 1.3048981
12 28 6.3926797
12 32 0.20449308
12 10 35.63206
12 24 0.06814181
12 21 0.10438437
12 3 0.061601907
12 1 25.414392
13 30 2.296008
13 0 1.1232874
13 8 2.3228168
13 18 228.21658
13 33 0.7774394
13 11 0.6425967
13 29 0.75919706
13 5 2000.0
13 34 8.992911
13 20 0.68293226
13 2 0.6761663
13 14 2.4883292
13 37 3.456713
13 27 0.18066257
13 16 138.34471
13 25 0.65819335
14 20 3.0757987
14 13 2.4883292
14 33 0.31705683
14 27 1.3531096
14 11 2000.0
14 25 1.6594288
15 32 0.06769405
15 21 2.030398
16 0 2000.0
16 30 1.1218716
16 8 1.3741533
16 18 0.6202359
16 13 138.34471
16 11 0.9286054
16 29 2909.432
16 5 1.5414066
16 20 5.3909307
16 37 42.043266
16 7 1.3879554
16 27 1.2701272
16 23 4.695729
16 25 1.1339625
17 26 2.0721948
17 6 1.5645564
17 10 0.031066716
17 24 0.15899849
17 31 1.3320913
17 9 0.06309336
17 4 0.0956403
17 19 2.0329812
18 30 0.7506614
18 2 3.830761
18 8 0.8958736
18 37 1.3725489
18 7 2000.0
18 13 228.21658
18 27 2.5023286
18 16 0.6202359
18 23 1.445133
18 11 9.222235
18 29 1.0455074
18 5 0.60370386
19 31 0.077292256
19 9 0.0801524
19 17 2.0329812
19 4 0.08347462
20 30 14.34714
20 0 2000.0
20 13 0.68293226
20 33 2.48681
20 11 0.7543461
20 29 2.3673086
20 5 2.3329327
20 34 1.2613635
20 2 4.8421445
20 14 3.0757987
20 37 6.9008126
20 7 1.4932615
20 27 0.5756186
20 16 5.3909307
20 25 1.044581
21 32 2000.0
21 10 2000.0
21 24 0.16016632
21 35 0.036520112
21 12 0.10438437
21 15 2.030398
22 6 2000.0
22 31 138.38231
22 9 0.5756334
22 19 1248.466
23 0 2000.0
23 30 1.9546101
23 2 752.61365
23 8 0.94142574
23 37 2.8025506
23 18 1.445133
23 7 1.1006117
23 16 4.695729
23 11 2000.0
23 29 5.2566094
23 5 10.492483
24 26 0.091397226
24 32 0.10446089
24 28 2000.0
24 10 0.07611848
24 21 0.16016632
24 31 26.430216
24 12 0.06814181
24 3 53.333332
24 15 2000.0
24 17 0.15899849
25 0 200.0
25 30 3.6476948
25 13 0.65819335
25 33 0.46874207
25 11 1.12876
25 29 3.632401
25 34 1.9830161
25 20 1.044581
25 2 1.4435261
25 14 1.6594288
25 37 43.212822
25 7 7.2898855
25 27 0.6152668
25 16 1.1339625
26 32 38.07376
26 28 0.046767887
26 10 0.035493035
26 24 0.091397226
26 31 0.08429093
26 12 1.3048981
26 17 2.0721948
27 0 2000.0
27 30 0.17577377
27 8 1.6235094
27 18 2.5023286
27 13 0.18066257
27 33 1.0022619
27 11 0.43161687
27 29 0.4632481
27 5 2.117378
27 34 1.4884609
27 20 0.5756186
27 2 0.69495064
27 14 1.3531096
27 37 1.2453829
27 7 114.28571
27 16 1.2701272
27 25 0.6152668
28 36 0.041109156
28 26 0.046767887
28 10 0.35477924
28 3 0.08664532
28 12 6.3926797
28 9 4.9375634
29 0 4.8784904
29 30 2.1602645
29 8 1.4968505
29 18 1.0455074
29 13 0.75919706
29 11 2.6078715
29 5 6.7127414
29 34 5.009264
29 20 2.3673086
29 2 0.5939613
29 37 0.9816554
29 7 2000.0
29 27 0.4632481
29 16 2909.432
29 23 5.2566094
29 25 3.632401
30 0 2000.0
30 8 0.6464978
30 18 0.7506614
30 13 2.296008
30 33 1.9001554
30 11 0.49929705
30 29 2.1602645
30 5 0.6895746
30 34 2.8524377
30 20 14.34714
30 2 10.834768
30 37 4.877872
30 7 0.6097377
30 27 0.17577377
30 16 1.1218716
30 23 1.9546101
30 25 3.6476948
31 26 0.08429093
31 6 1.0683949
31 10 0.034708936
31 24 26.430216
31 22 138.38231
31 9 0.029719576
31 17 1.3320913
31 4 0.075016506
31 19 0.077292256
32 26 38.07376
32 24 0.10446089
32 12 0.20449308
32 15 0.06769405
33 30 1.9001554
33 13 0.7774394
33 11 2.067657
33 29 2287.557
33 5 2000.0
33 34 2000.0
33 20 2.48681
33 2 4.735853
33 14 0.31705683
33 7 2000.0
33 27 1.0022619
33 16 2000.0
33 25 0.46874207
34 30 2.8524377
34 20 1.2613635
34 8 3.8335192
34 7 14.087878
34 13 8.992911
34 27 1.4884609
34 33 2000.0
34 16 2536.0227
34 11 5.215573
34 25 1.9830161
34 29 5.009264
34 5 5.8160176
35 21 0.036520112
36 26 2000.0
36 28 0.041109156
36 3 0.22575544
36 9 0.964921
37 30 4.877872
37 0 1.7044077
37 8 1.0857613
37 18 1.3725489
37 13 3.456713
37 11 1.3003843
37 29 0.9816554
37 20 6.9008126
37 2 1.0064911
37 7 13.809668
37 27 1.2453829
37 16 42.043266
37 23 2.8025506
37 25 43.212822
