0 8 255.40509
0 2 0.97282
0 37 1.516351
0 13 0.87649333
0 25 12.110688
0 29 21.729546
1 3 0.74230206
1 12 17.490732
2 30 42.488506
2 0 0.97282
2 8 2.0711544
2 18 2.216987
2 13 0.5644244
2 33 5.129674
2 11 1.4232242
2 29 1.0558083
2 20 3.6165028
2 37 0.8260684
2 27 1.1776595
2 16 2000.0
2 23 9.500295
2 25 0.7281083
3 36 0.3824893
3 28 41.582096
3 24 2000.0
3 12 0.07097949
3 1 0.74230206
3 9 0.8565678
4 31 0.08051355
4 9 0.08649733
4 17 0.19666657
4 19 0.0808245
5 30 0.64051586
5 8 0.60942364
5 18 0.9242869
5 13 33.83679
5 11 1.628996
5 29 2.3286998
5 34 1.5914559
5 20 3.0246775
5 37 6.075135
5 7 10.723283
5 27 1.4121606
5 16 2.1313803
5 23 2.8113458
5 25 2000.0
6 31 0.1075947
6 17 3.4973238
7 34 180.00002
7 30 0.9091981
7 20 79.514435
7 8 13.960859
7 37 126.63127
7 16 1.5854104
7 11 32.96186
7 23 1.4526505
7 25 6.6055217
7 5 10.723283
8 0 255.40509
8 30 0.5065481
8 18 1.2223018
8 13 2.72172
8 11 1.2188996
8 29 1.7078545
8 5 0.60942364
8 34 22.278936
8 2 2.0711544
8 37 1.170151
8 7 13.960859
8 27 0.42411187
8 16 2.7896724
8 23 1.3184304
8 25 2000.0
9 36 0.5057305
9 28 1.224683
9 10 12.029832
9 22 0.05735565
9 31 0.038181815
9 3 0.8565678
9 12 2000.0
9 4 0.08649733
9 17 0.06624623
9 19 0.08465467
10 26 0.033532046
10 28 0.28918624
10 24 0.073839515
10 31 0.9297445
10 12 48.006393
10 9 12.029832
10 17 0.03149241
11 0 2000.0
11 30 0.70745987
11 8 1.2188996
11 18 5.0177937
11 13 0.7954643
11 33 1.8437998
11 29 0.82189995
11 5 1.628996
11 34 2.281553
11 20 1.1664426
11 2 1.4232242
11 37 1.7714359
11 7 32.96186
11 27 0.9148566
11 16 1.3108443
11 25 0.56104034
12 26 0.60424787
12 32 9.971169
12 28 160.0
12 10 48.006393
12 24 0.071433514
12 21 0.15010458
12 3 0.07097949
12 1 17.490732
12 15 2000.0
13 30 67.75217
13 0 0.87649333
13 8 2.72172
13 18 48.26828
13 33 1.0369318
13 11 0.7954643
13 29 1.2282045
13 5 33.83679
13 34 2000.0
13 20 0.89091474
13 2 0.5644244
13 14 6.0983396
13 37 1.5265157
13 7 2000.0
13 27 0.18733366
13 16 62.35663
13 25 0.28274253
14 30 8.933291
14 20 1.5232258
14 13 6.0983396
14 27 8.801105
14 33 0.4092338
14 11 2000.0
14 25 2.2272909
15 32 0.102781385
15 21 9.147411
16 0 2000.0
16 30 1.9037546
16 8 2.7896724
16 18 1.2949518
16 13 62.35663
16 11 1.3108443
16 29 100.0
16 5 2.1313803
16 34 70.525764
16 20 40.962036
16 7 1.5854104
16 27 2.42915
16 23 3.1476505
16 25 1.9251622
17 6 3.4973238
17 26 2.0401442
17 10 0.03149241
17 24 0.111991055
17 31 1.9672132
17 9 0.06624623
17 4 0.19666657
17 19 1693.5227
18 0 2000.0
18 30 0.64296734
18 8 1.2223018
18 2 2.216987
18 37 3.1155148
18 13 48.26828
18 27 121.34943
18 16 1.2949518
18 11 5.0177937
18 23 1.4437202
18 29 1.1815943
18 5 0.9242869
19 28 31.960558
19 31 0.106237076
19 9 0.08465467
19 4 0.0808245
20 30 1.4825866
20 13 0.89091474
20 33 1.1125832
20 11 1.1664426
20 29 8.092742
20 5 3.0246775
20 34 0.7580166
20 2 3.6165028
20 14 1.5232258
20 37 5.1805654
20 7 79.514435
20 27 1.3883255
20 16 40.962036
20 25 0.43783143
21 26 2000.0
21 32 2000.0
21 24 0.9688396
21 35 0.035612486
21 31 2000.0
21 12 0.15010458
21 15 9.147411
22 31 66.66667
22 9 0.05735565
22 19 2000.0
23 0 2000.0
23 30 2.0281808
23 8 1.3184304
23 2 9.500295
23 37 1.9949769
23 18 1.4437202
23 7 1.4526505
23 16 3.1476505
23 11 2000.0
23 29 1.3373109
23 5 2.8113458
24 26 0.045466382
24 32 0.19454336
24 10 0.073839515
24 21 0.9688396
24 12 0.071433514
24 17 0.111991055
25 30 42.893467
25 0 12.110688
25 13 0.28274253
25 33 1.330693
25 11 0.56104034
25 29 1.8528862
25 34 1.3619951
25 20 0.43783143
25 2 0.7281083
25 14 2.2272909
25 37 34.00239
25 7 6.6055217
25 27 0.2358844
25 16 1.9251622
26 32 73.060234
26 28 0.05190481
26 10 0.033532046
26 24 0.045466382
26 31 0.11176451
26 12 0.60424787
26 17 2.0401442
27 30 0.21473902
27 0 2000.0
27 8 0.42411187
27 18 121.34943
27 13 0.18733366
27 33 1.3411812
27 11 0.9148566
27 29 1.9880719
27 5 1.4121606
27 34 0.81123734
27 20 1.3883255
27 2 1.1776595
27 14 8.801105
27 37 1.627964
27 7 2000.0
27 16 2.42915
27 25 0.2358844
28 36 0.043695565
28 26 0.05190481
28 10 0.28918624
28 3 41.582096
28 12 160.0
28 9 1.224683
28 19 31.960558
29 0 21.729546
29 30 0.78614473
29 8 1.7078545
29 18 1.1815943
29 13 1.2282045
29 33 11.481572
29 11 0.82189995
29 5 2.3286998
29 34 3.0663471
29 20 8.092742
29 2 1.0558083
29 37 0.79478353
29 7 2000.0
29 27 1.9880719
29 16 100.0
29 23 1.3373109
29 25 1.8528862
30 8 0.5065481
30 18 0.64296734
30 13 67.75217
30 33 10.546675
30 11 0.70745987
30 29 0.78614473
30 5 0.64051586
30 34 0.8053358
30 20 1.4825866
30 2 42.488506
30 14 8.933291
30 37 22.291443
30 7 0.9091981
30 27 0.21473902
30 16 1.9037546
30 23 2.0281808
30 25 42.893467
31 26 0.11176451
31 6 0.1075947
31 10 0.9297445
31 35 14.254545
31 22 66.66667
31 9 0.038181815
31 4 0.08051355
31 17 1.9672132
31 19 0.106237076
32 26 73.060234
32 24 0.19454336
32 12 9.971169
32 15 0.102781385
33 30 10.546675
33 8 2000.0
33 13 1.0369318
33 11 1.8437998
33 29 11.481572
33 5 2000.0
33 34 2000.0
33 20 1.1125832
33 2 5.129674
33 14 0.4092338
33 7 2000.0
33 27 1.3411812
33 16 2422.443
33 25 1.330693
34 30 0.8053358
34 20 0.7580166
34 8 22.278936
34 37 2000.0
34 7 180.00002
34 13 2000.0
34 27 0.81123734
34 16 70.525764
34 11 2.281553
34 29 3.0663471
34 25 1.3619951
34 5 1.5914559
35 21 0.035612486
35 31 14.254545
36 28 0.043695565
36 3 0.3824893
36 9 0.5057305
37 30 22.291443
37 0 1.516351
37 8 1.170151
37 18 3.1155148
37 13 1.5265157
37 11 1.7714359
37 29 0.79478353
37 5 6.075135
37 20 5.1805654
37 2 0.8260684
37 7 126.63127
37 27 1.627964
37 16 2000.0
37 23 1.9949769
37 25 34.00239
