0 8 7.3599324
0 2 0.67840904
0 37 1.2709153
0 13 0.8410998
0 11 70.27955
0 29 10.189929
1 3 0.46670455
1 12 1144.659
2 30 22.370634
2 0 0.67840904
2 8 1.3028016
2 18 10.092878
2 13 0.58144933
2 33 2.6545177
2 11 1.5606484
2 29 1.1410096
2 20 4.352555
2 37 1.5579377
2 27 1.3561306
2 16 2000.0
2 23 57.298664
2 25 2.2264283
3 36 0.22039957
3 28 0.09054253
3 24 125.590904
3 12 0.063238636
3 1 0.46670455
3 9 0.25659224
4 31 0.06510804
4 9 0.07225357
4 17 0.080810085
4 19 0.082983516
5 30 1.1026706
5 8 0.9577965
5 18 0.48095134
5 13 2000.0
5 11 4.313453
5 29 5.0078626
5 34 3.2118447
5 20 1.4482591
5 37 2000.0
5 7 6.0118628
5 27 1.5951284
5 16 1.3667415
5 23 3.9604073
6 31 1.4341453
6 17 2.1381238
7 34 11.811688
7 30 0.83701056
7 20 1.765001
7 8 34.034092
7 37 10.86419
7 27 79.85114
7 16 1.2985489
7 11 5.787201
7 23 1.3660144
7 25 9.066119
7 5 6.0118628
8 0 7.3599324
8 30 0.6677026
8 18 0.90163624
8 13 1.8916669
8 11 1.042779
8 29 0.66147506
8 5 0.9577965
8 34 5.883692
8 2 1.3028016
8 37 1.1844009
8 7 34.034092
8 27 2.2457204
8 16 1.2754719
8 23 1.1850882
9 36 1.1764711
9 26 2000.0
9 28 1.8876262
9 10 5.82904
9 22 0.39325318
9 31 0.029889021
9 3 0.25659224
9 12 2000.0
9 17 0.048299406
9 4 0.07225357
9 19 0.08102356
10 26 0.03497428
10 28 0.28044522
10 24 0.06526148
10 31 0.028835231
10 12 7.173458
10 9 5.82904
10 17 0.029891692
11 0 70.27955
11 30 1.0333847
11 8 1.042779
11 18 6.261733
11 13 0.6120491
11 33 2.0827093
11 29 0.5855156
11 5 4.313453
11 34 4.276017
11 20 1.1736706
11 2 1.5606484
11 37 1.9637309
11 7 5.787201
11 27 0.52647114
11 16 1.2431767
11 25 1.1293008
12 26 1.6411179
12 28 2.5288026
12 32 0.32645753
12 10 7.173458
12 24 0.076596275
12 21 0.07650349
12 3 0.063238636
13 30 2.5626338
13 0 0.8410998
13 8 1.8916669
13 18 400.0
13 33 0.9315988
13 11 0.6120491
13 29 1.1003433
13 34 10.547818
13 20 0.8076894
13 2 0.58144933
13 14 3.2923114
13 37 1.5350596
13 27 0.19142851
13 16 206.64955
13 25 0.5370738
14 20 0.87665284
14 13 3.2923114
14 33 0.51552993
14 27 2.1092563
14 11 2000.0
14 25 2.308855
15 32 0.08749881
15 21 2.4036846
16 0 2000.0
16 30 1.0750319
16 8 1.2754719
16 18 0.709391
16 13 206.64955
16 11 1.2431767
16 29 113.21614
16 5 1.3667415
16 20 8.211956
16 37 22.902805
16 7 1.2985489
16 27 1.4013494
16 23 3.5164053
16 25 1.5808288
17 26 1.8991498
17 6 2.1381238
17 10 0.029891692
17 24 0.19760218
17 31 1.5060359
17 9 0.048299406
17 4 0.080810085
17 19 2.3599076
18 30 0.6777092
18 2 10.092878
18 8 0.90163624
18 37 1.144743
18 13 400.0
18 7 2000.0
18 27 3.218982
18 16 0.709391
18 23 1.3526845
18 11 6.261733
18 29 1.2387009
18 5 0.48095134
19 31 0.06864906
19 9 0.08102356
19 17 2.3599076
19 4 0.082983516
20 30 6.019855
20 13 0.8076894
20 33 1.4807959
20 11 1.1736706
20 29 2.5967324
20 5 1.4482591
20 34 0.88190097
20 2 4.352555
20 14 0.87665284
20 37 7.607169
20 7 1.765001
20 27 0.44286615
20 16 8.211956
20 25 0.4609473
21 24 0.09901993
21 35 0.045745336
21 12 0.07650349
21 15 2.4036846
22 6 1140.4546
22 31 1199.8864
22 9 0.39325318
22 19 1329.8296
23 0 2000.0
23 30 1.2013993
23 2 57.298664
23 8 1.1850882
23 37 5.1155953
23 18 1.3526845
23 7 1.3660144
23 16 3.5164053
23 11 2000.0
23 29 3.8404486
23 5 3.9604073
24 26 0.07691645
24 32 0.10177952
24 10 0.06526148
24 21 0.09901993
24 31 11.56925
24 12 0.076596275
24 3 125.590904
24 15 2000.0
24 17 0.19760218
25 30 1.9006845
25 13 0.5370738
25 33 0.37227207
25 11 1.1293008
25 29 2.4844327
25 34 4.892514
25 20 0.4609473
25 2 2.2264283
25 14 2.308855
25 37 67.82463
25 7 9.066119
25 27 0.6149625
25 16 1.5808288
26 36 69.17817
26 32 16.70681
26 28 0.034870766
26 10 0.03497428
26 24 0.07691645
26 31 0.08021104
26 12 1.6411179
26 17 1.8991498
27 0 2000.0
27 30 0.16904616
27 8 2.2457204
27 18 3.218982
27 13 0.19142851
27 33 1.0089418
27 11 0.52647114
27 29 0.6327763
27 5 1.5951284
27 34 1.1443028
27 20 0.44286615
27 2 1.3561306
27 14 2.1092563
27 37 0.8580906
27 7 79.85114
27 16 1.4013494
27 25 0.6149625
28 36 0.035226673
28 26 0.034870766
28 10 0.28044522
28 3 0.09054253
28 12 2.5288026
28 9 1.8876262
29 0 10.189929
29 30 5.0147405
29 8 0.66147506
29 18 1.2387009
29 13 1.1003433
29 11 0.5855156
29 5 5.0078626
29 34 5.0533814
29 20 2.5967324
29 2 1.1410096
29 37 0.9005084
29 7 2000.0
29 27 0.6327763
29 16 113.21614
29 23 3.8404486
29 25 2.4844327
30 0 2000.0
30 8 0.6677026
30 18 0.6777092
30 13 2.5626338
30 33 4.9229026
30 11 1.0333847
30 29 5.0147405
30 5 1.1026706
30 34 3.7239196
30 20 6.019855
30 2 22.370634
30 14 2000.0
30 37 8.464962
30 7 0.83701056
30 27 0.16904616
30 16 1.0750319
30 23 1.2013993
30 25 1.9006845
31 26 0.08021104
31 6 1.4341453
31 10 0.028835231
31 24 11.56925
31 9 0.029889021
31 17 1.5060359
31 4 0.06510804
31 19 0.06864906
32 26 16.70681
32 24 0.10177952
32 12 0.32645753
32 15 0.08749881
33 30 4.9229026
33 8 2000.0
33 13 0.9315988
33 11 2.0827093
33 29 3275.3408
33 5 2000.0
33 34 2000.0
33 20 1.4807959
33 2 2.6545177
33 14 0.51552993
33 7 2000.0
33 27 1.0089418
33 16 1998.8635
33 25 0.37227207
34 30 3.7239196
34 20 0.88190097
34 8 5.883692
34 7 11.811688
34 13 10.547818
34 27 1.1443028
34 16 5535.0566
34 11 4.276017
34 25 4.892514
34 29 5.0533814
34 5 3.2118447
35 21 0.045745336
36 26 69.17817
36 28 0.035226673
36 3 0.22039957
36 9 1.1764711
37 30 8.464962
37 0 1.2709153
37 8 1.1844009
37 18 1.144743
37 13 1.5350596
37 11 1.9637309
37 29 0.9005084
37 20 7.607169
37 2 1.5579377
37 7 10.86419
37 27 0.8580906
37 16 22.902805
37 23 5.1155953
37 25 67.82463
