0 8 5.964893
0 2 1.5569979
0 37 0.67552185
0 13 1.0788636
0 11 20.118458
0 29 19.108406
1 3 0.21385632
1 12 1202.159
2 30 10.2265625
2 0 1.5569979
2 8 1.2903268
2 18 12.241351
2 13 0.4272086
2 33 1.4527715
2 11 1.19655
2 29 0.9973197
2 20 2.379889
2 37 1.131072
2 27 1.0079092
2 16 2000.0
2 23 25.498423
2 25 1.8611827
3 36 0.3203917
3 28 0.16127105
3 24 400.0
3 12 0.056505818
3 1 0.21385632
3 9 0.57176566
4 31 0.08816117
4 9 0.08748138
4 17 0.10118379
4 19 0.09827683
5 30 0.76118463
5 8 1.0115814
5 18 0.50206256
5 13 68.23714
5 11 2.3907342
5 29 5.0464425
5 34 2.172526
5 20 2.0521293
5 37 2000.0
5 7 5.499395
5 27 3.7618313
5 16 1.027374
5 23 3.6774282
6 21 2000.0
6 22 105.56796
6 31 0.42068508
6 17 0.88636357
7 34 10.264906
7 30 0.6938176
7 20 1.6547312
7 8 27.46197
7 37 10.912863
7 27 314.1371
7 16 1.0977997
7 11 17.499134
7 23 0.98539263
7 25 3.962182
7 5 5.499395
8 0 5.964893
8 30 1.000056
8 18 0.9875727
8 13 2.0957751
8 11 0.92241526
8 29 0.9128337
8 5 1.0115814
8 34 4.3929462
8 2 1.2903268
8 37 1.1794438
8 7 27.46197
8 27 1.6552534
8 16 1.336049
8 23 0.989838
9 36 2.3589694
9 26 2000.0
9 28 1.8259983
9 10 7.291522
9 22 0.33933187
9 31 0.032634944
9 3 0.57176566
9 12 2000.0
9 17 0.038416423
9 4 0.08748138
9 19 0.07260769
10 26 0.031970765
10 28 0.13352099
10 24 0.04032931
10 31 0.03502886
10 12 6.3608475
10 9 7.291522
10 17 0.029462976
11 0 20.118458
11 30 0.46961242
11 8 0.92241526
11 18 11.949465
11 13 0.52333605
11 33 2.771405
11 29 1.1652262
11 5 2.3907342
11 34 2.0725727
11 20 0.6730401
11 2 1.19655
11 37 1.3111482
11 7 17.499134
11 27 0.4807936
11 16 1.0448005
11 25 1.250406
12 26 1.3831353
12 28 2.88375
12 32 0.2103018
12 10 6.3608475
12 24 0.07963625
12 21 0.09667209
12 3 0.056505818
13 30 0.63503784
13 0 1.0788636
13 8 2.0957751
13 18 164.12563
13 33 0.9071818
13 11 0.52333605
13 29 1.0650088
13 5 68.23714
13 34 4.9913588
13 20 0.62694824
13 2 0.4272086
13 14 4.130083
13 37 2.135615
13 27 0.27943864
13 16 133.33334
13 25 0.48263907
14 20 1.7483741
14 13 4.130083
14 27 7.25502
14 33 0.48194325
14 11 2000.0
14 25 4.7981906
15 32 0.07447853
15 21 1.3395351
16 0 2000.0
16 30 1.1389157
16 8 1.336049
16 18 0.9082681
16 13 133.33334
16 11 1.0448005
16 29 40.688972
16 5 1.027374
16 20 12.093992
16 37 19.527674
16 7 1.0977997
16 27 1.5631344
16 23 14.104725
16 25 1.9593458
17 26 2.0778642
17 6 0.88636357
17 10 0.029462976
17 24 0.21765363
17 31 1.223623
17 9 0.038416423
17 4 0.10118379
17 19 2.4962935
18 30 0.6966375
18 2 12.241351
18 8 0.9875727
18 37 0.8084284
18 13 164.12563
18 7 2000.0
18 27 3.5627682
18 16 0.9082681
18 23 1.0305086
18 11 11.949465
18 29 1.4909804
18 5 0.50206256
19 31 0.07591725
19 9 0.07260769
19 17 2.4962935
19 4 0.09827683
20 30 6.5470996
20 13 0.62694824
20 33 1.8897076
20 11 0.6730401
20 29 4.527138
20 5 2.0521293
20 34 0.8878837
20 2 2.379889
20 14 1.7483741
20 37 4.2326455
20 7 1.6547312
20 27 0.35528457
20 16 12.093992
20 25 1.0553311
21 32 2000.0
21 24 0.68194443
21 35 0.054442998
21 12 0.09667209
21 15 1.3395351
22 6 105.56796
22 31 1196.875
22 9 0.33933187
22 19 1462.216
23 30 1.3973863
23 0 2000.0
23 2 25.498423
23 8 0.989838
23 37 1.592811
23 18 1.0305086
23 7 0.98539263
23 16 14.104725
23 11 2000.0
23 29 2.238144
23 5 3.6774282
24 26 0.06413232
24 32 0.096939154
24 10 0.04032931
24 21 0.68194443
24 31 4.51504
24 12 0.07963625
24 3 400.0
24 15 2000.0
24 17 0.21765363
25 30 1.4139999
25 13 0.48263907
25 33 0.2579359
25 11 1.250406
25 29 2.7763147
25 34 1.5385854
25 20 1.0553311
25 2 1.8611827
25 14 4.7981906
25 37 46.97554
25 7 3.962182
25 27 0.6272078
25 16 1.9593458
26 36 211.76471
26 32 164.27191
26 28 0.078092396
26 10 0.031970765
26 24 0.06413232
26 31 0.09520751
26 12 1.3831353
26 17 2.0778642
27 0 2000.0
27 30 0.21076962
27 8 1.6552534
27 18 3.5627682
27 13 0.27943864
27 33 0.977263
27 11 0.4807936
27 29 0.5422813
27 5 3.7618313
27 34 0.8785735
27 20 0.35528457
27 2 1.0079092
27 14 7.25502
27 37 0.8113191
27 7 314.1371
27 16 1.5631344
27 25 0.6272078
28 36 0.039551232
28 26 0.078092396
28 10 0.13352099
28 3 0.16127105
28 12 2.88375
28 9 1.8259983
29 0 19.108406
29 30 1.4880834
29 8 0.9128337
29 18 1.4909804
29 13 1.0650088
29 11 1.1652262
29 5 5.0464425
29 34 5.3310165
29 20 4.527138
29 2 0.9973197
29 37 0.84131426
29 7 2000.0
29 27 0.5422813
29 16 40.688972
29 23 2.238144
29 25 2.7763147
30 0 2000.0
30 8 1.000056
30 18 0.6966375
30 13 0.63503784
30 33 1.9266235
30 11 0.46961242
30 29 1.4880834
30 5 0.76118463
30 34 0.9894292
30 20 6.5470996
30 2 10.2265625
30 37 4.576807
30 7 0.6938176
30 27 0.21076962
30 16 1.1389157
30 23 1.3973863
30 25 1.4139999
31 26 0.09520751
31 6 0.42068508
31 10 0.03502886
31 24 4.51504
31 9 0.032634944
31 17 1.223623
31 4 0.08816117
31 19 0.07591725
32 26 164.27191
32 24 0.096939154
32 12 0.2103018
32 15 0.07447853
33 34 2000.0
33 30 1.9266235
33 20 1.8897076
33 2 1.4527715
33 14 0.48194325
33 7 2000.0
33 13 0.9071818
33 27 0.977263
33 16 2226.3638
33 11 2.771405
33 29 1349.034
33 25 0.2579359
34 30 0.9894292
34 20 0.8878837
34 8 4.3929462
34 13 4.9913588
34 7 10.264906
34 27 0.8785735
34 16 1215.0568
34 11 2.0725727
34 25 1.5385854
34 29 5.3310165
34 5 2.172526
35 21 0.054442998
36 26 211.76471
36 28 0.039551232
36 3 0.3203917
36 9 2.3589694
37 30 4.576807
37 0 0.67552185
37 8 1.1794438
37 18 0.8084284
37 13 2.135615
37 11 1.3111482
37 29 0.84131426
37 20 4.2326455
37 2 1.131072
37 7 10.912863
37 27 0.8113191
37 16 19.527674
37 23 1.592811
37 25 46.97554
