0 2 1.1835346
0 37 2.4252498
0 13 1.1143306
0 29 18.784504
0 25 30.979267
1 3 0.7382018
1 12 24.16004
2 30 19.959734
2 0 1.1835346
2 8 1.4750599
2 18 2.9736853
2 13 0.59640825
2 33 1.756529
2 11 2.0155363
2 29 1.4315752
2 20 6.807647
2 37 0.866206
2 27 1.4873288
2 16 2000.0
2 23 13.402704
2 25 1.3820407
3 36 0.4101501
3 28 2.9580677
3 24 1134.375
3 12 0.070126444
3 1 0.7382018
3 9 0.4859091
4 31 0.06852998
4 9 0.0887555
4 17 0.16009428
4 19 0.06749676
5 30 0.66562045
5 8 0.66414475
5 18 0.8573597
5 13 50.424812
5 11 4.668696
5 29 1.46752
5 34 2.7248683
5 20 3.178018
5 37 18.764444
5 7 12.385228
5 27 1.7973111
5 16 1.5855722
5 23 2.2890651
5 25 2000.0
6 31 0.18287618
6 17 1.8803401
7 34 480.00003
7 30 0.97224957
7 20 48.314392
7 8 5.6727457
7 37 44.58766
7 16 1.3812511
7 23 1.3595983
7 11 146.7701
7 25 3.9140224
7 5 12.385228
8 0 2000.0
8 30 0.5260594
8 18 1.2389805
8 13 1.5205936
8 11 1.4230325
8 29 0.40000346
8 5 0.66414475
8 34 47.70372
8 2 1.4750599
8 37 0.94251645
8 7 5.6727457
8 27 1.9982871
8 16 1.8917884
8 23 1.1277415
8 25 2000.0
9 36 0.40088758
9 28 1.3639911
9 10 30.740835
9 22 0.044651233
9 31 0.030975377
9 12 2000.0
9 3 0.4859091
9 4 0.0887555
9 17 0.04540998
9 19 0.069700085
10 26 0.030578028
10 28 0.5016288
10 24 0.07826278
10 31 10.964488
10 12 1741.1931
10 9 30.740835
10 17 0.029124493
11 0 2000.0
11 30 1.064454
11 8 1.4230325
11 18 4.1636205
11 13 1.4312719
11 33 2.349713
11 29 1.9177705
11 5 4.668696
11 34 2.1948204
11 20 2.0710373
11 2 2.0155363
11 37 1.1911225
11 7 146.7701
11 27 0.8468856
11 16 1.2361245
11 25 1.4325727
12 26 1.5949461
12 32 7.142098
12 24 0.06924616
12 21 0.27908194
12 3 0.070126444
12 1 24.16004
13 30 54.254715
13 0 1.1143306
13 8 1.5205936
13 18 400.0
13 33 0.7914743
13 11 1.4312719
13 29 0.81311804
13 5 50.424812
13 34 300.0
13 20 2.9894843
13 2 0.59640825
13 14 5.5812874
13 37 0.99397635
13 7 2000.0
13 27 0.3258229
13 16 32.38188
13 25 0.48754114
14 30 12.401328
14 20 10.086143
14 13 5.5812874
14 27 6.732946
14 33 0.7115653
14 11 2000.0
14 25 2.727817
15 32 0.0722243
15 21 8.73736
16 30 1.495799
16 0 2000.0
16 8 1.8917884
16 18 1.1600456
16 13 32.38188
16 11 1.2361245
16 5 1.5855722
16 34 27.924616
16 20 61.41507
16 7 1.3812511
16 27 1.5454333
16 23 2.6726506
16 25 1.5002904
17 6 1.8803401
17 26 3.2943878
17 10 0.029124493
17 24 0.22081718
17 31 1.686865
17 9 0.04540998
17 4 0.16009428
17 19 1450.9092
18 0 2000.0
18 30 0.63779354
18 8 1.2389805
18 2 2.9736853
18 37 1.6709722
18 13 400.0
18 27 26.732832
18 16 1.1600456
18 11 4.1636205
18 23 1.2387637
18 29 1.0762131
18 5 0.8573597
19 31 0.083118
19 9 0.069700085
19 4 0.06749676
20 30 2.430555
20 13 2.9894843
20 33 1.0066121
20 11 2.0710373
20 29 7.395055
20 5 3.178018
20 34 0.94853777
20 2 6.807647
20 14 10.086143
20 37 2.1356888
20 7 48.314392
20 27 1.1578826
20 16 61.41507
20 25 0.58505386
21 26 2000.0
21 32 800.0
21 10 2000.0
21 24 1.6349095
21 35 0.06094878
21 12 0.27908194
21 15 8.73736
22 31 160.0
22 9 0.044651233
22 19 2000.0
23 0 2000.0
23 30 1.3969487
23 8 1.1277415
23 2 13.402704
23 37 1.4558473
23 18 1.2387637
23 7 1.3595983
23 16 2.6726506
23 11 2000.0
23 29 0.9848106
23 5 2.2890651
24 26 0.037589964
24 32 0.29164967
24 10 0.07826278
24 21 1.6349095
24 12 0.06924616
24 15 2000.0
24 17 0.22081718
25 0 30.979267
25 30 19.814373
25 13 0.48754114
25 33 0.6083366
25 11 1.4325727
25 29 2.1348398
25 34 1.7021056
25 20 0.58505386
25 2 1.3820407
25 14 2.727817
25 37 32.22554
25 7 3.9140224
25 27 0.2366381
25 16 1.5002904
26 32 66.810486
26 28 0.05637575
26 10 0.030578028
26 24 0.037589964
26 31 0.1363384
26 12 1.5949461
26 17 3.2943878
27 30 0.32013404
27 0 2000.0
27 8 1.9982871
27 18 26.732832
27 13 0.3258229
27 33 0.7399886
27 11 0.8468856
27 29 0.8728409
27 5 1.7973111
27 34 1.0992168
27 20 1.1578826
27 2 1.4873288
27 14 6.732946
27 37 1.3675268
27 7 2000.0
27 16 1.5454333
27 25 0.2366381
28 36 0.034888197
28 26 0.05637575
28 10 0.5016288
28 3 2.9580677
28 12 1209.4886
28 9 1.3639911
28 19 1381.1931
29 0 18.784504
29 30 0.79757625
29 8 0.40000346
29 18 1.0762131
29 13 0.81311804
29 33 10.900621
29 11 1.9177705
29 5 1.46752
29 34 4.323192
29 20 7.395055
29 2 1.4315752
29 37 0.68705046
29 7 2000.0
29 27 0.8728409
29 16 2000.0
29 23 0.9848106
29 25 2.1348398
30 8 0.5260594
30 18 0.63779354
30 13 54.254715
30 33 4.386608
30 11 1.064454
30 29 0.79757625
30 5 0.66562045
30 34 1.2013835
30 20 2.430555
30 2 19.959734
30 14 12.401328
30 37 14.050956
30 7 0.97224957
30 27 0.32013404
30 16 1.495799
30 23 1.3969487
30 25 19.814373
31 26 0.1363384
31 6 0.18287618
31 10 10.964488
31 22 160.0
31 9 0.030975377
31 4 0.06852998
31 17 1.686865
31 19 0.083118
32 26 66.810486
32 24 0.29164967
32 21 800.0
32 12 7.142098
32 15 0.0722243
33 30 4.386608
33 8 2000.0
33 13 0.7914743
33 11 2.349713
33 29 10.900621
33 5 2000.0
33 34 2000.0
33 20 1.0066121
33 2 1.756529
33 14 0.7115653
33 7 2000.0
33 27 0.7399886
33 16 3017.898
33 25 0.6083366
34 30 1.2013835
34 20 0.94853777
34 8 47.70372
34 37 2000.0
34 7 480.00003
34 13 300.0
34 27 1.0992168
34 16 27.924616
34 11 2.1948204
34 29 4.323192
34 25 1.7021056
34 5 2.7248683
35 21 0.06094878
35 31 1111.875
36 28 0.034888197
36 3 0.4101501
36 9 0.40088758
37 30 14.050956
37 0 2.4252498
37 8 0.94251645
37 18 1.6709722
37 13 0.99397635
37 11 1.1911225
37 29 0.68705046
37 5 18.764444
37 20 2.1356888
37 2 0.866206
37 7 44.58766
37 27 1.3675268
37 16 2000.0
37 23 1.4558473
37 25 32.22554
