0 2 0.8287985
0 37 1.0551088
0 13 0.7896029
0 29 88.927055
0 25 16.666668
1 3 1.2815756
1 12 14.583533
2 30 22.150318
2 0 0.8287985
2 8 1.3241739
2 18 5.3629303
2 13 0.6197153
2 33 2.4935727
2 11 1.8839182
2 29 1.2855916
2 20 2.3479624
2 37 0.80214286
2 27 0.8418582
2 16 2000.0
2 23 9.83363
2 25 1.8016443
3 36 0.2936039
3 28 4.724399
3 24 2000.0
3 12 0.08297193
3 1 1.2815756
3 9 0.5623434
4 31 0.07994552
4 9 0.103210226
4 17 0.09882266
4 19 0.06620412
5 30 0.69470155
5 8 0.8345598
5 18 0.9716562
5 13 33.349533
5 11 9.300487
5 29 4.0443287
5 34 3.9145575
5 20 1.743602
5 37 10.328445
5 7 29.048103
5 27 3.1592045
5 16 1.741908
5 23 2.3563454
5 25 2000.0
6 31 0.17869318
6 17 3.552352
7 34 528.2076
7 30 0.9678709
7 20 69.31917
7 8 4.4653716
7 37 95.071396
7 16 1.3662093
7 23 1.4830817
7 11 111.52596
7 25 5.04979
7 5 29.048103
8 0 2000.0
8 30 0.3660013
8 18 1.3202752
8 13 1.1162068
8 11 0.95122975
8 29 0.5480532
8 5 0.8345598
8 34 55.64497
8 2 1.3241739
8 37 1.7327985
8 7 4.4653716
8 27 1.2198557
8 16 1.8039987
8 23 1.1104695
8 25 2000.0
9 36 0.96457684
9 26 2000.0
9 28 1.5146694
9 10 7.4777513
9 22 0.05658931
9 31 0.029977283
9 3 0.5623434
9 12 2000.0
9 4 0.103210226
9 17 0.04758005
9 19 0.0675959
10 26 0.028979983
10 28 1.6464343
10 24 0.077739455
10 31 19.297812
10 12 1585.7386
10 9 7.4777513
10 17 0.0313777
11 0 2000.0
11 30 0.76373607
11 8 0.95122975
11 18 3.9725502
11 13 1.3929344
11 33 2.512452
11 29 0.9028008
11 5 9.300487
11 34 2.5973716
11 20 1.043528
11 2 1.8839182
11 37 1.1850159
11 7 111.52596
11 27 0.77034533
11 16 0.92823964
11 25 0.9779225
12 26 0.5816297
12 32 6.4166875
12 24 0.0738325
12 21 0.11794456
12 3 0.08297193
12 1 14.583533
13 30 49.82484
13 0 0.7896029
13 8 1.1162068
13 33 0.973823
13 11 1.3929344
13 29 1.1804001
13 5 33.349533
13 34 244.81534
13 20 1.1842325
13 2 0.6197153
13 14 4.4185376
13 37 0.9627381
13 7 2000.0
13 27 0.9695685
13 16 52.92174
13 25 0.32318398
14 30 8.928499
14 20 6.1907783
14 13 4.4185376
14 27 5.9941173
14 33 0.42837673
14 25 8.280042
15 32 0.09900336
15 21 7.964549
16 30 1.1024653
16 0 2000.0
16 8 1.8039987
16 18 1.0535532
16 13 52.92174
16 11 0.92823964
16 29 401.1417
16 5 1.741908
16 34 22.248156
16 20 16.73733
16 7 1.3662093
16 27 1.2960638
16 23 2.5069475
16 25 1.2908306
17 6 3.552352
17 26 1.5750583
17 10 0.0313777
17 24 0.30976585
17 31 0.98322946
17 9 0.04758005
17 4 0.09882266
17 19 114.28571
18 0 2000.0
18 30 0.7034303
18 8 1.3202752
18 13 2000.0
18 11 3.9725502
18 29 1.1667758
18 5 0.9716562
18 2 5.3629303
18 37 5.253088
18 7 2000.0
18 27 78.1593
18 16 1.0535532
18 23 1.4951018
19 31 0.09200289
19 9 0.0675959
19 4 0.06620412
19 17 114.28571
20 0 2000.0
20 30 2.1844187
20 13 1.1842325
20 33 1.0315617
20 11 1.043528
20 29 8.538336
20 5 1.743602
20 34 1.0527437
20 2 2.3479624
20 14 6.1907783
20 37 3.610559
20 7 69.31917
20 27 2.7373738
20 16 16.73733
20 25 1.1129034
21 26 2000.0
21 32 2000.0
21 24 0.6492716
21 35 0.032199044
21 31 2000.0
21 12 0.11794456
21 15 7.964549
22 31 294.11765
22 9 0.05658931
22 19 2000.0
23 0 2000.0
23 30 1.9519078
23 8 1.1104695
23 2 9.83363
23 37 2.324738
23 18 1.4951018
23 7 1.4830817
23 16 2.5069475
23 11 2000.0
23 29 1.1763899
23 5 2.3563454
24 26 0.044198073
24 32 0.5921376
24 10 0.077739455
24 21 0.6492716
24 12 0.0738325
24 15 2000.0
24 17 0.30976585
25 0 16.666668
25 30 33.13677
25 13 0.32318398
25 33 0.7982126
25 11 0.9779225
25 29 6.531409
25 34 4.3177776
25 20 1.1129034
25 2 1.8016443
25 14 8.280042
25 37 18.609844
25 7 5.04979
25 27 0.22549243
25 16 1.2908306
26 32 74.519684
26 28 0.05310922
26 10 0.028979983
26 24 0.044198073
26 31 0.14549512
26 12 0.5816297
26 17 1.5750583
27 30 0.56792444
27 0 2000.0
27 8 1.2198557
27 18 78.1593
27 13 0.9695685
27 33 0.79057205
27 11 0.77034533
27 29 0.8959149
27 5 3.1592045
27 34 0.87841284
27 20 2.7373738
27 2 0.8418582
27 14 5.9941173
27 37 1.2230548
27 7 2000.0
27 16 1.2960638
27 25 0.22549243
28 36 0.031269092
28 26 0.05310922
28 10 1.6464343
28 3 4.724399
28 12 1200.3408
28 9 1.5146694
28 19 1474.9431
29 0 88.927055
29 30 1.301271
29 8 0.5480532
29 18 1.1667758
29 13 1.1804001
29 33 24.527266
29 11 0.9028008
29 5 4.0443287
29 34 5.7215905
29 20 8.538336
29 2 1.2855916
29 37 0.88630486
29 7 2000.0
29 27 0.8959149
29 16 401.1417
29 23 1.1763899
29 25 6.531409
30 8 0.3660013
30 18 0.7034303
30 13 49.82484
30 33 5.091419
30 11 0.76373607
30 29 1.301271
30 5 0.69470155
30 34 1.1816038
30 20 2.1844187
30 2 22.150318
30 14 8.928499
30 37 25.205257
30 7 0.9678709
30 27 0.56792444
30 16 1.1024653
30 23 1.9519078
30 25 33.13677
31 26 0.14549512
31 6 0.17869318
31 10 19.297812
31 35 141.84319
31 22 294.11765
31 9 0.029977283
31 4 0.07994552
31 17 0.98322946
31 19 0.09200289
32 26 74.519684
32 24 0.5921376
32 21 2000.0
32 12 6.4166875
32 15 0.09900336
33 30 5.091419
33 13 0.973823
33 11 2.512452
33 29 24.527266
33 5 2000.0
33 34 2000.0
33 20 1.0315617
33 2 2.4935727
33 14 0.42837673
33 7 2000.0
33 27 0.79057205
33 16 3017.898
33 25 0.7982126
34 30 1.1816038
34 20 1.0527437
34 8 55.64497
34 37 2000.0
34 7 528.2076
34 13 244.81534
34 27 0.87841284
34 16 22.248156
34 11 2.5973716
34 29 5.7215905
34 25 4.3177776
34 5 3.9145575
35 21 0.032199044
35 31 141.84319
36 28 0.031269092
36 3 0.2936039
36 9 0.96457684
37 30 25.205257
37 0 1.0551088
37 8 1.7327985
37 18 5.253088
37 13 0.9627381
37 11 1.1850159
37 29 0.88630486
37 5 10.328445
37 20 3.610559
37 2 0.80214286
37 7 95.071396
37 27 1.2230548
37 16 2000.0
37 23 2.324738
37 25 18.609844
