0 8 8.268371
0 2 1.3242778
0 37 0.7569697
0 13 0.6468405
0 11 99.64501
0 29 10.772016
1 3 0.2352663
1 12 1202.159
2 30 7.6827393
2 0 1.3242778
2 8 1.7679695
2 18 6.97912
2 13 0.34824046
2 33 2.285811
2 11 1.6524442
2 29 1.4616008
2 20 2.5305882
2 37 0.71033555
2 27 0.5142064
2 16 2000.0
2 23 36.022728
2 25 0.6368108
3 36 0.16764206
3 28 0.07142405
3 24 200.0
3 12 0.058584563
3 1 0.2352663
3 9 0.15382823
4 31 0.07945381
4 9 0.06199597
4 17 0.10369835
4 19 0.09087004
5 30 0.57929236
5 8 0.50423205
5 18 0.35572034
5 13 2000.0
5 11 2.438623
5 29 3.234642
5 34 1.2331084
5 20 2.104538
5 37 2000.0
5 7 3.511776
5 27 1.7974366
5 16 1.9474779
5 23 7.3144097
6 22 200.0
6 31 1.1096455
6 17 0.7684056
7 34 8.605414
7 30 0.78350693
7 20 1.852066
7 8 38.885757
7 37 14.747493
7 16 1.3509351
7 11 5.297004
7 23 0.97838813
7 25 3.7815099
7 5 3.511776
8 0 8.268371
8 30 0.89196324
8 18 0.8871793
8 13 3.0361254
8 11 0.65170765
8 29 0.80057895
8 5 0.50423205
8 34 4.971198
8 2 1.7679695
8 37 1.3968358
8 7 38.885757
8 27 1.175101
8 16 1.786305
8 23 1.2536169
9 36 0.7081076
9 26 2000.0
9 28 2.3238373
9 10 2.0891395
9 22 0.06524002
9 31 0.027352208
9 12 2000.0
9 3 0.15382823
9 17 0.041229993
9 4 0.06199597
9 19 0.064167015
10 26 0.032992423
10 28 0.30398762
10 24 0.042165473
10 31 0.048435785
10 12 17.148827
10 9 2.0891395
10 17 0.03309659
11 0 99.64501
11 30 0.44120958
11 8 0.65170765
11 18 3.4012077
11 13 0.6696451
11 33 2.253179
11 29 0.78523785
11 5 2.438623
11 34 2.3475597
11 20 0.8348339
11 2 1.6524442
11 37 1.327573
11 7 5.297004
11 27 0.41033694
11 16 0.87107813
11 25 0.998312
12 26 1.0860564
12 28 4.5389657
12 32 0.25535464
12 10 17.148827
12 24 0.09043006
12 21 0.068704806
12 3 0.058584563
13 30 3.0637498
13 0 0.6468405
13 8 3.0361254
13 18 160.0
13 33 0.9487951
13 11 0.6696451
13 29 0.73662555
13 34 9.264467
13 20 0.60936207
13 2 0.34824046
13 14 1.5063193
13 37 1.3822631
13 27 0.17537017
13 16 56.14035
13 25 0.45625415
14 20 0.79721934
14 13 1.5063193
14 33 0.41474503
14 27 2.094929
14 11 2000.0
14 25 1.620254
15 32 0.07438259
15 21 1.4900203
16 0 2000.0
16 30 1.0666255
16 8 1.786305
16 18 0.90404826
16 13 56.14035
16 11 0.87107813
16 29 52.787502
16 5 1.9474779
16 20 10.565746
16 37 28.06005
16 7 1.3509351
16 27 1.4245713
16 23 4.4518404
16 25 1.648336
17 26 1.8583868
17 6 0.7684056
17 10 0.03309659
17 24 0.23339906
17 31 1.2489871
17 9 0.041229993
17 4 0.10369835
17 19 2.1512575
18 0 2000.0
18 30 0.6760166
18 8 0.8871793
18 13 160.0
18 11 3.4012077
18 29 1.0801163
18 5 0.35572034
18 2 6.97912
18 37 1.3645558
18 7 2000.0
18 27 2.9275756
18 16 0.90404826
18 23 1.4183955
19 31 0.07816824
19 9 0.064167015
19 17 2.1512575
19 4 0.09087004
20 30 8.559995
20 13 0.60936207
20 33 1.9522976
20 11 0.8348339
20 29 4.2947288
20 5 2.104538
20 34 0.8047592
20 2 2.5305882
20 14 0.79721934
20 37 2.2378438
20 7 1.852066
20 27 0.29869148
20 16 10.565746
20 25 0.6422597
21 10 2000.0
21 24 0.9421504
21 35 0.03259978
21 12 0.068704806
21 15 1.4900203
22 6 200.0
22 31 1478.0114
22 9 0.06524002
22 19 1330.5114
23 0 2000.0
23 30 1.6142229
23 2 36.022728
23 8 1.2536169
23 37 2.650568
23 18 1.4183955
23 7 0.97838813
23 16 4.4518404
23 11 2000.0
23 29 2.5176358
23 5 7.3144097
24 26 0.07296848
24 32 0.11515078
24 10 0.042165473
24 21 0.9421504
24 31 10.465285
24 3 200.0
24 12 0.09043006
24 15 2000.0
24 17 0.23339906
25 0 2000.0
25 30 2.9222662
25 13 0.45625415
25 33 1.1480875
25 11 0.998312
25 29 6.6861486
25 34 3.7756665
25 20 0.6422597
25 2 0.6368108
25 14 1.620254
25 37 67.04216
25 7 3.7815099
25 27 0.55032533
25 16 1.648336
26 32 51.27069
26 28 0.096371464
26 10 0.032992423
26 24 0.07296848
26 31 0.07405894
26 12 1.0860564
26 17 1.8583868
27 0 2000.0
27 30 0.21115714
27 8 1.175101
27 18 2.9275756
27 13 0.17537017
27 33 0.9070111
27 11 0.41033694
27 29 0.3636553
27 5 1.7974366
27 34 0.9133389
27 20 0.29869148
27 2 0.5142064
27 14 2.094929
27 37 0.48409536
27 7 2579.8293
27 16 1.4245713
27 25 0.55032533
28 36 0.06715422
28 26 0.096371464
28 10 0.30398762
28 3 0.07142405
28 12 4.5389657
28 9 2.3238373
29 0 10.772016
29 30 4.1846695
29 8 0.80057895
29 18 1.0801163
29 13 0.73662555
29 11 0.78523785
29 5 3.234642
29 34 12.579334
29 20 4.2947288
29 2 1.4616008
29 37 1.2669429
29 7 2000.0
29 27 0.3636553
29 16 52.787502
29 23 2.5176358
29 25 6.6861486
30 0 2000.0
30 8 0.89196324
30 18 0.6760166
30 13 3.0637498
30 33 1.5331695
30 11 0.44120958
30 29 4.1846695
30 5 0.57929236
30 34 1.0319749
30 20 8.559995
30 2 7.6827393
30 37 5.5143876
30 7 0.78350693
30 27 0.21115714
30 16 1.0666255
30 23 1.6142229
30 25 2.9222662
31 26 0.07405894
31 6 1.1096455
31 10 0.048435785
31 24 10.465285
31 9 0.027352208
31 17 1.2489871
31 4 0.07945381
31 19 0.07816824
32 26 51.27069
32 24 0.11515078
32 12 0.25535464
32 15 0.07438259
33 30 1.5331695
33 8 2000.0
33 13 0.9487951
33 11 2.253179
33 29 2000.0
33 34 2000.0
33 20 1.9522976
33 2 2.285811
33 14 0.41474503
33 7 2000.0
33 27 0.9070111
33 16 2000.0
33 25 1.1480875
34 30 1.0319749
34 20 0.8047592
34 8 4.971198
34 13 9.264467
34 7 8.605414
34 27 0.9133389
34 16 1215.0568
34 11 2.3475597
34 25 3.7756665
34 29 12.579334
34 5 1.2331084
35 21 0.03259978
36 26 2000.0
36 28 0.06715422
36 3 0.16764206
36 9 0.7081076
37 30 5.5143876
37 0 0.7569697
37 8 1.3968358
37 18 1.3645558
37 13 1.3822631
37 11 1.327573
37 29 1.2669429
37 20 2.2378438
37 2 0.71033555
37 7 14.747493
37 27 0.48409536
37 16 28.06005
37 23 2.650568
37 25 67.04216
