0 2 1.1166276
0 37 2.755615
0 13 1.0081958
0 29 11.098141
0 25 17.453396
1 3 0.9060118
1 12 33.5647
2 30 14.254269
2 0 1.1166276
2 8 1.2601473
2 18 1.359518
2 13 0.61489624
2 33 1.3325713
2 11 1.5209562
2 29 1.0347692
2 20 2.7784452
2 37 0.9634252
2 27 1.065043
2 16 2000.0
2 23 8.620871
2 25 0.5122183
3 36 0.4260503
3 28 149.11954
3 24 2000.0
3 12 0.08248048
3 1 0.9060118
3 9 1.0912821
4 31 0.06555473
4 9 0.06740661
4 17 0.14622934
4 19 0.07148649
5 30 0.65264887
5 8 0.6095314
5 18 0.9073451
5 13 21.36005
5 11 1.0791688
5 29 4.6638336
5 34 2.296164
5 20 1.6428212
5 37 11.94982
5 7 10.882577
5 27 1.2756536
5 16 1.2808584
5 23 5.5342236
5 25 2000.0
6 31 0.14982617
6 17 2.7595062
7 34 152.38095
7 30 0.8856439
7 20 109.19805
7 8 6.6713176
7 37 524.6866
7 16 1.1428838
7 23 1.3585082
7 25 4.32343
7 5 10.882577
8 0 2000.0
8 30 0.5316451
8 18 1.1725352
8 13 1.5173802
8 11 0.9762688
8 29 0.5583713
8 5 0.6095314
8 34 30.820314
8 2 1.2601473
8 37 0.9292291
8 7 6.6713176
8 27 0.40986806
8 16 2.2456238
8 23 1.3552206
8 25 2000.0
9 36 0.92483884
9 26 2000.0
9 28 0.8021517
9 10 7.5072317
9 22 0.051035076
9 31 0.028470183
9 3 1.0912821
9 12 2000.0
9 4 0.06740661
9 17 0.05168149
9 19 0.0801633
10 26 0.03320382
10 28 0.3571317
10 24 0.079089776
10 31 0.67799175
10 12 52.90057
10 9 7.5072317
10 17 0.029583914
11 0 2000.0
11 30 0.7214166
11 8 0.9762688
11 18 4.097642
11 13 0.77907884
11 33 3.8517368
11 29 0.7639303
11 5 1.0791688
11 34 1.4160541
11 20 1.0616057
11 2 1.5209562
11 37 1.3253222
11 7 4074.8862
11 27 0.7736144
11 16 0.8869806
11 25 0.5420131
12 26 0.75653005
12 32 6.5690503
12 10 52.90057
12 24 0.06690082
12 21 0.09658427
12 3 0.08248048
12 1 33.5647
12 15 2000.0
13 30 29.392235
13 0 1.0081958
13 8 1.5173802
13 18 18.620989
13 33 0.9657995
13 11 0.77907884
13 29 0.90880823
13 5 21.36005
13 34 104.077286
13 20 0.8944494
13 2 0.61489624
13 14 4.632222
13 37 0.89509004
13 7 2000.0
13 27 0.4149116
13 16 36.854786
13 25 0.31815132
14 30 10.228675
14 20 2.2029645
14 13 4.632222
14 27 6.875155
14 33 0.6947643
14 11 2000.0
14 25 2.2372973
15 32 0.0693266
15 21 12.17639
16 30 1.083882
16 0 2000.0
16 8 2.2456238
16 18 1.4345614
16 13 36.854786
16 11 0.8869806
16 5 1.2808584
16 34 69.721855
16 20 49.985954
16 7 1.1428838
16 27 1.4280045
16 23 2.083608
16 25 0.5891962
17 6 2.7595062
17 26 1.3651478
17 10 0.029583914
17 24 0.06485362
17 31 0.98307514
17 9 0.05168149
17 4 0.14622934
17 19 1302.3864
18 0 2000.0
18 30 0.7360266
18 8 1.1725352
18 13 18.620989
18 11 4.097642
18 29 0.90745646
18 5 0.9073451
18 2 1.359518
18 37 3.032456
18 7 2000.0
18 27 49.573235
18 16 1.4345614
18 23 1.3170763
19 31 0.08457827
19 9 0.0801633
19 4 0.07148649
20 30 0.92068
20 13 0.8944494
20 33 1.9561303
20 11 1.0616057
20 29 5.4062104
20 5 1.6428212
20 34 0.7722966
20 2 2.7784452
20 14 2.2029645
20 37 2.1769419
20 7 109.19805
20 27 0.98678035
20 16 49.985954
20 25 0.6095478
21 26 2000.0
21 32 1066.6667
21 24 1.7600595
21 35 0.031847853
21 31 2000.0
21 12 0.09658427
21 15 12.17639
22 31 72.00001
22 9 0.051035076
22 19 2000.0
23 0 2000.0
23 30 1.6293952
23 8 1.3552206
23 2 8.620871
23 37 1.0547992
23 18 1.3170763
23 7 1.3585082
23 16 2.083608
23 11 2000.0
23 29 0.9221385
23 5 5.5342236
24 26 0.036900487
24 32 0.2043324
24 10 0.079089776
24 21 1.7600595
24 12 0.06690082
24 15 2000.0
24 17 0.06485362
25 30 9.192445
25 0 17.453396
25 13 0.31815132
25 33 0.8498777
25 11 0.5420131
25 29 1.3649514
25 34 1.5330892
25 20 0.6095478
25 2 0.5122183
25 14 2.2372973
25 37 35.1719
25 7 4.32343
25 27 0.2165611
25 16 0.5891962
26 32 1217.6704
26 28 0.04970194
26 10 0.03320382
26 24 0.036900487
26 31 0.24390833
26 12 0.75653005
26 17 1.3651478
27 30 0.22411397
27 0 2000.0
27 8 0.40986806
27 18 49.573235
27 13 0.4149116
27 33 0.68575114
27 11 0.7736144
27 29 1.9776516
27 5 1.2756536
27 34 0.86405456
27 20 0.98678035
27 2 1.065043
27 14 6.875155
27 37 1.2584289
27 7 2000.0
27 16 1.4280045
27 25 0.2165611
28 36 0.035730865
28 26 0.04970194
28 10 0.3571317
28 3 149.11954
28 12 1192.9546
28 9 0.8021517
28 19 1384.2614
29 0 11.098141
29 30 0.7347622
29 8 0.5583713
29 18 0.90745646
29 13 0.90880823
29 33 5.979624
29 11 0.7639303
29 5 4.6638336
29 34 2.4311082
29 20 5.4062104
29 2 1.0347692
29 37 0.72897995
29 7 2000.0
29 27 1.9776516
29 16 2000.0
29 23 0.9221385
29 25 1.3649514
30 8 0.5316451
30 18 0.7360266
30 13 29.392235
30 33 10.329623
30 11 0.7214166
30 29 0.7347622
30 5 0.65264887
30 34 0.83815444
30 20 0.92068
30 2 14.254269
30 14 10.228675
30 37 7.0720234
30 7 0.8856439
30 27 0.22411397
30 16 1.083882
30 23 1.6293952
30 25 9.192445
31 26 0.24390833
31 6 0.14982617
31 10 0.67799175
31 35 17.228922
31 22 72.00001
31 9 0.028470183
31 4 0.06555473
31 17 0.98307514
31 19 0.08457827
32 24 0.2043324
32 21 1066.6667
32 12 6.5690503
32 15 0.0693266
33 30 10.329623
33 8 2000.0
33 13 0.9657995
33 11 3.8517368
33 29 5.979624
33 5 2000.0
33 34 2000.0
33 20 1.9561303
33 2 1.3325713
33 14 0.6947643
33 7 2000.0
33 27 0.68575114
33 16 2422.443
33 25 0.8498777
34 30 0.83815444
34 20 0.7722966
34 8 30.820314
34 37 2000.0
34 13 104.077286
34 7 152.38095
34 27 0.86405456
34 16 69.721855
34 11 1.4160541
34 29 2.4311082
34 25 1.5330892
34 5 2.296164
35 21 0.031847853
35 31 17.228922
36 28 0.035730865
36 3 0.4260503
36 9 0.92483884
37 30 7.0720234
37 0 2.755615
37 8 0.9292291
37 18 3.032456
37 13 0.89509004
37 11 1.3253222
37 29 0.72897995
37 5 11.94982
37 20 2.1769419
37 2 0.9634252
37 7 524.6866
37 27 1.2584289
37 16 2000.0
37 23 1.0547992
37 25 35.1719
