0 2 1.9276397
0 37 2.0414515
0 13 0.99625266
0 25 47.217617
0 29 59.45839
1 3 0.9009741
1 12 36.67443
2 30 18.703062
2 0 1.9276397
2 8 1.6615869
2 18 2.6913877
2 13 0.57536525
2 33 2.2196279
2 11 1.4429525
2 29 0.9432015
2 20 2.6281643
2 37 0.96029335
2 27 1.4174434
2 16 2000.0
2 23 12.542056
2 25 0.519962
3 36 0.89198565
3 28 160.0
3 24 2000.0
3 12 0.04895345
3 1 0.9009741
3 9 0.38482028
4 31 0.065342404
4 9 0.084266104
4 17 0.1305973
4 19 0.10078557
5 30 0.70229733
5 8 1.3968314
5 18 1.2924713
5 13 106.011856
5 11 3.8701084
5 29 12.4157295
5 34 4.898596
5 20 4.4538918
5 37 14.094548
5 7 47.20597
5 27 3.5047166
5 16 1.5821135
5 23 7.378431
5 25 2000.0
6 31 0.20599851
6 17 1.4598666
7 30 0.8907898
7 20 47.54778
7 8 9.361784
7 37 58.936066
7 16 1.3550731
7 23 1.4068005
7 11 116.8287
7 25 4.398915
7 5 47.20597
8 0 2000.0
8 30 0.7790025
8 18 1.4660252
8 13 1.95933
8 11 1.6111369
8 29 1.1215051
8 5 1.3968314
8 34 27.659348
8 20 2000.0
8 2 1.6615869
8 37 1.2498987
8 7 9.361784
8 27 1.9414704
8 16 1.8418602
8 23 1.4567667
8 25 2000.0
9 36 0.71215075
9 26 2000.0
9 28 1.4684004
9 10 12.640694
9 22 0.052859135
9 31 0.029073255
9 12 2000.0
9 3 0.38482028
9 4 0.084266104
9 17 0.04385081
9 19 0.07070455
10 26 0.03953536
10 28 0.25681818
10 24 0.08868923
10 31 0.6744849
10 12 43.257023
10 9 12.640694
10 17 0.030748107
11 0 2000.0
11 30 0.6420288
11 8 1.6111369
11 18 8.513053
11 13 0.5722301
11 33 1.9996464
11 29 1.6864017
11 5 3.8701084
11 34 5.9175653
11 20 8.803233
11 2 1.4429525
11 37 3.1428308
11 7 116.8287
11 27 0.979592
11 16 1.9023049
11 25 1.9690226
12 26 2.6240544
12 32 4.4275565
12 10 43.257023
12 24 0.07790382
12 21 0.08962121
12 3 0.04895345
12 1 36.67443
13 30 117.75139
13 0 0.99625266
13 8 1.95933
13 18 46.691994
13 33 0.87020653
13 11 0.5722301
13 29 1.1869456
13 5 106.011856
13 34 154.37227
13 20 1.0711836
13 2 0.57536525
13 14 2.9095235
13 37 0.96661824
13 7 2000.0
13 27 0.3254362
13 16 34.856785
13 25 0.25015277
14 30 15.854197
14 20 4.3981533
14 13 2.9095235
14 27 1.4462044
14 33 0.4151583
14 11 2000.0
14 25 1.9235456
15 32 0.08010565
15 21 11.738056
16 30 1.120747
16 8 1.8418602
16 18 1.7205389
16 13 34.856785
16 11 1.9023049
16 29 522.73486
16 5 1.5821135
16 34 72.72727
16 20 137.2963
16 7 1.3550731
16 27 1.6173756
16 23 3.546714
16 25 0.7435163
17 6 1.4598666
17 26 1.7407467
17 10 0.030748107
17 24 0.2568605
17 31 0.96697587
17 9 0.04385081
17 4 0.1305973
17 19 25.45769
18 0 2000.0
18 30 0.7301333
18 8 1.4660252
18 13 46.691994
18 11 8.513053
18 29 1.4475558
18 5 1.2924713
18 2 2.6913877
18 37 8.243585
18 7 2000.0
18 27 161.82759
18 16 1.7205389
18 23 1.2368041
19 31 0.09180329
19 9 0.07070455
19 17 25.45769
19 4 0.10078557
20 30 2.051417
20 8 2000.0
20 13 1.0711836
20 33 1.2570902
20 11 8.803233
20 29 24.31723
20 5 4.4538918
20 34 1.3087037
20 2 2.6281643
20 14 4.3981533
20 37 2.6760328
20 7 47.54778
20 27 2.5038059
20 16 137.2963
20 25 0.416991
21 26 2000.0
21 32 2000.0
21 24 0.5323909
21 35 0.034956712
21 12 0.08962121
21 15 11.738056
22 31 213.83522
22 9 0.052859135
22 19 2000.0
23 0 2000.0
23 30 7.591935
23 8 1.4567667
23 2 12.542056
23 37 0.3390132
23 18 1.2368041
23 7 1.4068005
23 16 3.546714
23 11 2000.0
23 29 2.157203
23 5 7.378431
24 26 0.045355927
24 32 0.30325133
24 10 0.08868923
24 21 0.5323909
24 12 0.07790382
24 15 2000.0
24 17 0.2568605
25 0 47.217617
25 30 13.575575
25 13 0.25015277
25 33 0.6204703
25 11 1.9690226
25 29 3.3752968
25 34 5.910714
25 20 0.416991
25 2 0.519962
25 14 1.9235456
25 37 63.941128
25 7 4.398915
25 27 0.23640284
25 16 0.7435163
26 32 1216.8182
26 28 0.050249446
26 10 0.03953536
26 24 0.045355927
26 31 0.3829407
26 12 2.6240544
26 17 1.7407467
27 30 0.33495528
27 0 2000.0
27 8 1.9414704
27 18 161.82759
27 13 0.3254362
27 33 0.82804537
27 11 0.979592
27 29 1.5048248
27 5 3.5047166
27 34 1.4083434
27 20 2.5038059
27 2 1.4174434
27 14 1.4462044
27 37 0.89253825
27 7 7259.886
27 16 1.6173756
27 25 0.23640284
28 36 0.035376303
28 26 0.050249446
28 10 0.25681818
28 3 160.0
28 12 1180.8523
28 9 1.4684004
28 19 1312.216
29 0 59.45839
29 30 1.4249613
29 8 1.1215051
29 18 1.4475558
29 13 1.1869456
29 33 6.677861
29 11 1.6864017
29 5 12.4157295
29 34 6.8228893
29 20 24.31723
29 2 0.9432015
29 37 1.0519218
29 7 2000.0
29 27 1.5048248
29 16 522.73486
29 23 2.157203
29 25 3.3752968
30 8 0.7790025
30 18 0.7301333
30 13 117.75139
30 33 8.587247
30 11 0.6420288
30 29 1.4249613
30 5 0.70229733
30 34 1.1171149
30 20 2.051417
30 2 18.703062
30 14 15.854197
30 37 13.012036
30 7 0.8907898
30 27 0.33495528
30 16 1.120747
30 23 7.591935
30 25 13.575575
31 26 0.3829407
31 6 0.20599851
31 10 0.6744849
31 35 23.98182
31 22 213.83522
31 9 0.029073255
31 4 0.065342404
31 17 0.96697587
31 19 0.09180329
32 24 0.30325133
32 12 4.4275565
32 15 0.08010565
33 30 8.587247
33 8 2000.0
33 13 0.87020653
33 11 1.9996464
33 29 6.677861
33 5 2000.0
33 34 2000.0
33 20 1.2570902
33 2 2.2196279
33 14 0.4151583
33 7 2000.0
33 27 0.82804537
33 16 2738.6362
33 25 0.6204703
34 30 1.1171149
34 20 1.3087037
34 8 27.659348
34 37 2000.0
34 7 2000.0
34 13 154.37227
34 27 1.4083434
34 16 72.72727
34 11 5.9175653
34 29 6.8228893
34 25 5.910714
34 5 4.898596
35 21 0.034956712
35 31 23.98182
36 28 0.035376303
36 3 0.89198565
36 9 0.71215075
37 30 13.012036
37 0 2.0414515
37 8 1.2498987
37 18 8.243585
37 13 0.96661824
37 11 3.1428308
37 29 1.0519218
37 5 14.094548
37 20 2.6760328
37 2 0.96029335
37 7 58.936066
37 27 0.89253825
37 16 2000.0
37 23 0.3390132
37 25 63.941128
