0 2 0.9625131
0 37 1.2439998
0 13 0.9735962
0 29 28.784374
0 25 13.634595
1 3 0.92049384
1 12 14.351827
2 30 13.317665
2 0 0.9625131
2 8 1.1137743
2 18 1.9385681
2 13 0.7071573
2 33 1.9675632
2 11 1.8249245
2 29 1.186862
2 20 3.1067646
2 37 0.766963
2 27 1.1041962
2 16 2000.0
2 23 8.847146
2 25 0.5792803
3 36 0.2407162
3 28 4.660266
3 24 2000.0
3 12 0.05045382
3 1 0.92049384
3 9 0.5747449
4 31 0.066721566
4 9 0.11381965
4 17 0.1320952
4 19 0.07625334
5 30 0.7519612
5 8 0.5989196
5 18 0.5887365
5 13 20.267231
5 11 1.4809477
5 29 2.1254878
5 34 1.46094
5 20 1.0982121
5 37 4.479106
5 7 8.02458
5 27 1.0572674
5 16 1.4437249
5 23 1.5452894
5 25 2000.0
6 31 0.17629008
6 17 2.199894
7 30 0.74651235
7 20 55.88258
7 8 2.1218436
7 27 160.0
7 16 1.1853681
7 23 1.2980547
7 25 2.1766272
7 5 8.02458
8 0 2000.0
8 30 0.4315206
8 18 1.1652548
8 13 0.81272715
8 11 0.93170446
8 29 0.7019068
8 5 0.5989196
8 34 16.819948
8 2 1.1137743
8 37 1.1967297
8 7 2.1218436
8 27 1.5330303
8 16 1.5325854
8 23 0.8728448
8 25 2000.0
9 36 0.8851011
9 26 2000.0
9 28 1.482639
9 10 23.00096
9 22 0.05555005
9 31 0.02937159
9 3 0.5747449
9 12 2000.0
9 4 0.11381965
9 17 0.046677716
9 19 0.07512627
10 26 0.03075603
10 32 2000.0
10 28 0.20852715
10 24 0.08349953
10 31 16.639145
10 12 1761.7046
10 9 23.00096
10 17 0.030656386
11 0 2000.0
11 30 0.6338931
11 8 0.93170446
11 18 5.2036357
11 13 0.8992999
11 33 1.2960892
11 29 0.93570375
11 5 1.4809477
11 34 2.1366563
11 20 1.4971079
11 2 1.8249245
11 37 1.2692341
11 7 1326.4204
11 27 0.6352856
11 16 1.2092063
11 25 0.40473175
12 26 0.6934821
12 32 7.979043
12 28 81.280685
12 24 0.06844758
12 21 0.098232575
12 3 0.05045382
12 1 14.351827
13 30 22.368885
13 0 0.9735962
13 8 0.81272715
13 18 175.26582
13 33 1.1218508
13 11 0.8992999
13 29 0.9847144
13 5 20.267231
13 34 87.53068
13 20 0.8187256
13 2 0.7071573
13 14 3.5535145
13 37 1.2400893
13 7 2000.0
13 27 0.3009832
13 16 16.423359
13 25 0.28744233
14 34 2000.0
14 30 3.9068627
14 20 3.2904296
14 13 3.5535145
14 27 8.171118
14 33 0.48597902
14 11 2000.0
14 25 1.9751656
15 32 0.08065108
15 21 8.189732
16 34 64.3868
16 30 1.0892488
16 20 39.800354
16 8 1.5325854
16 18 1.1597329
16 13 16.423359
16 7 1.1853681
16 27 1.3787366
16 11 1.2092063
16 23 3.948051
16 25 0.81343615
16 5 1.4437249
17 6 2.199894
17 26 1.7293419
17 10 0.030656386
17 24 0.15506427
17 31 0.97432286
17 9 0.046677716
17 4 0.1320952
17 19 133.33334
18 0 2000.0
18 30 0.6973361
18 8 1.1652548
18 13 175.26582
18 11 5.2036357
18 29 1.1687278
18 5 0.5887365
18 2 1.9385681
18 37 1.9180465
18 7 2000.0
18 27 17.417212
18 16 1.1597329
18 23 1.4949739
19 31 0.07275776
19 9 0.07512627
19 4 0.07625334
19 17 133.33334
20 30 1.4237112
20 13 0.8187256
20 33 1.0090226
20 11 1.4971079
20 29 15.785258
20 5 1.0982121
20 34 0.88189936
20 2 3.1067646
20 14 3.2904296
20 37 2.204545
20 7 55.88258
20 27 0.7736323
20 16 39.800354
20 25 0.52149475
21 26 2000.0
21 32 2000.0
21 24 0.96274346
21 35 0.029931534
21 12 0.098232575
21 15 8.189732
22 31 42.154957
22 9 0.05555005
22 19 2000.0
23 0 2000.0
23 30 1.4190755
23 8 0.8728448
23 2 8.847146
23 37 2.4681869
23 18 1.4949739
23 7 1.2980547
23 16 3.948051
23 11 2000.0
23 29 0.8700257
23 5 1.5452894
24 26 0.053966135
24 32 0.40781036
24 10 0.08349953
24 21 0.96274346
24 12 0.06844758
24 15 2000.0
24 17 0.15506427
25 0 13.634595
25 30 15.38109
25 13 0.28744233
25 33 0.6490592
25 11 0.40473175
25 29 4.0430355
25 34 2.4330168
25 20 0.52149475
25 2 0.5792803
25 14 1.9751656
25 37 45.714287
25 7 2.1766272
25 27 0.27002636
25 16 0.81343615
26 32 160.0
26 28 0.06178189
26 10 0.03075603
26 24 0.053966135
26 31 0.146043
26 12 0.6934821
26 17 1.7293419
27 30 0.21948713
27 0 2000.0
27 8 1.5330303
27 18 17.417212
27 13 0.3009832
27 33 0.70845413
27 11 0.6352856
27 29 0.706575
27 5 1.0572674
27 34 0.91170037
27 20 0.7736323
27 2 1.1041962
27 14 8.171118
27 37 0.8469967
27 7 160.0
27 16 1.3787366
27 25 0.27002636
28 36 0.033017807
28 26 0.06178189
28 10 0.20852715
28 3 4.660266
28 12 81.280685
28 9 1.482639
28 19 1360.7386
29 0 28.784374
29 30 2.229033
29 8 0.7019068
29 18 1.1687278
29 13 0.9847144
29 33 40.342545
29 11 0.93570375
29 5 2.1254878
29 34 2.5703878
29 20 15.785258
29 2 1.186862
29 37 1.3383132
29 7 2000.0
29 27 0.706575
29 16 2000.0
29 23 0.8700257
29 25 4.0430355
30 8 0.4315206
30 18 0.6973361
30 13 22.368885
30 33 7.122211
30 11 0.6338931
30 29 2.229033
30 5 0.7519612
30 34 0.8703263
30 20 1.4237112
30 2 13.317665
30 14 3.9068627
30 37 10.214639
30 7 0.74651235
30 27 0.21948713
30 16 1.0892488
30 23 1.4190755
30 25 15.38109
31 26 0.146043
31 6 0.17629008
31 10 16.639145
31 22 42.154957
31 9 0.02937159
31 4 0.066721566
31 17 0.97432286
31 19 0.07275776
32 26 160.0
32 24 0.40781036
32 21 2000.0
32 12 7.979043
32 15 0.08065108
33 30 7.122211
33 8 2000.0
33 13 1.1218508
33 11 1.2960892
33 29 40.342545
33 5 2000.0
33 34 2000.0
33 20 1.0090226
33 2 1.9675632
33 14 0.48597902
33 7 2000.0
33 27 0.70845413
33 16 3017.898
33 25 0.6490592
34 30 0.8703263
34 20 0.88189936
34 8 16.819948
34 37 2000.0
34 7 2000.0
34 13 87.53068
34 27 0.91170037
34 16 64.3868
34 11 2.1366563
34 29 2.5703878
34 25 2.4330168
34 5 1.46094
35 21 0.029931534
35 31 1205.5682
36 26 2000.0
36 28 0.033017807
36 3 0.2407162
36 9 0.8851011
37 30 10.214639
37 0 1.2439998
37 8 1.1967297
37 18 1.9180465
37 13 1.2400893
37 11 1.2692341
37 29 1.3383132
37 5 4.479106
37 20 2.204545
37 2 0.766963
37 7 2620.625
37 27 0.8469967
37 16 2000.0
37 23 2.4681869
37 25 45.714287
