0 2 2.7443576
0 37 1.2632676
0 13 1.6586094
0 29 89.82765
0 25 21.500404
1 3 0.6716725
1 12 13.437556
2 30 13.7299795
2 0 2.7443576
2 8 1.3439898
2 18 2.4798942
2 13 0.63710886
2 33 1.689289
2 11 1.961648
2 29 1.2065841
2 20 4.4278846
2 37 0.81818175
2 27 1.1663753
2 16 2000.0
2 23 10.342841
2 25 1.2447723
3 36 0.35121754
3 28 4.3118663
3 24 127.617195
3 12 0.075071305
3 1 0.6716725
3 9 0.77903354
4 31 0.08341547
4 9 0.099087186
4 17 0.16045724
4 19 0.068479285
5 30 0.59239286
5 8 0.29847538
5 18 0.6892697
5 13 23.605272
5 11 2.0623925
5 29 3.1008983
5 34 3.6555529
5 20 2.8372467
5 37 9.390743
5 7 22.446257
5 27 1.1807528
5 16 1.2395045
5 23 1.5082072
5 25 2000.0
6 31 0.16528593
6 17 3.242133
7 34 2000.0
7 30 0.6779282
7 8 6.2994075
7 37 2000.0
7 16 1.049528
7 23 1.3391968
7 25 3.838342
7 5 22.446257
8 0 2000.0
8 30 0.5116433
8 18 1.3440249
8 13 2.1955767
8 11 0.8323356
8 29 0.3712986
8 5 0.29847538
8 34 32.618088
8 2 1.3439898
8 37 1.0405785
8 7 6.2994075
8 27 1.6173803
8 16 1.5639532
8 23 0.9814452
8 25 2000.0
9 36 0.41998887
9 26 2000.0
9 28 1.6232051
9 10 48.177555
9 22 0.050952345
9 31 0.028182162
9 3 0.77903354
9 12 2000.0
9 4 0.099087186
9 17 0.032196973
9 19 0.06746971
10 26 0.029541312
10 28 0.19385533
10 24 0.07436662
10 31 7.70661
10 12 130.5895
10 9 48.177555
10 17 0.032757264
11 0 2000.0
11 30 0.6957707
11 8 0.8323356
11 18 18.793018
11 13 1.2432461
11 33 2.4933324
11 29 1.0469855
11 5 2.0623925
11 34 2.7787473
11 20 1.8293873
11 2 1.961648
11 37 1.3201805
11 7 1622.9545
11 27 0.9985618
11 16 1.3894839
11 25 0.9354852
12 26 0.6486903
12 32 2.8835993
12 10 130.5895
12 24 0.07675112
12 21 0.17865087
12 3 0.075071305
12 1 13.437556
13 30 21.411467
13 0 1.6586094
13 8 2.1955767
13 18 138.88889
13 33 0.8961877
13 11 1.2432461
13 29 1.301852
13 5 23.605272
13 34 300.0
13 20 1.4160724
13 2 0.63710886
13 14 11.673373
13 37 1.1514904
13 7 2000.0
13 27 0.7678844
13 16 15.596221
13 25 0.27112597
14 30 10.314012
14 20 4.3276324
14 13 11.673373
14 27 5.701272
14 33 0.4718824
14 11 2000.0
14 25 4.531035
15 32 0.07581357
15 21 13.00429
16 0 2000.0
16 30 1.1358447
16 8 1.5639532
16 18 1.4577538
16 13 15.596221
16 11 1.3894839
16 5 1.2395045
16 34 48.429966
16 20 49.090748
16 7 1.049528
16 27 1.3761382
16 23 2.7161584
16 25 1.4977031
17 6 3.242133
17 26 1.7474421
17 10 0.032757264
17 24 0.25118917
17 31 1.0156007
17 9 0.032196973
17 4 0.16045724
17 19 99.740906
18 0 2000.0
18 30 0.74193054
18 8 1.3440249
18 13 138.88889
18 11 18.793018
18 29 1.1199261
18 5 0.6892697
18 2 2.4798942
18 37 2.4098582
18 7 2000.0
18 27 20.326706
18 16 1.4577538
18 23 1.392986
19 31 0.081195444
19 9 0.06746971
19 4 0.068479285
19 17 99.740906
20 0 2000.0
20 30 1.4642106
20 13 1.4160724
20 33 1.1069008
20 11 1.8293873
20 29 20.95226
20 5 2.8372467
20 34 1.053083
20 2 4.4278846
20 14 4.3276324
20 37 3.4700537
20 7 13405.474
20 27 2.7899833
20 16 49.090748
20 25 0.7592029
21 26 2000.0
21 32 2000.0
21 24 0.98262036
21 35 0.061572146
21 31 2000.0
21 12 0.17865087
21 15 13.00429
22 31 100.0
22 9 0.050952345
22 19 2000.0
23 0 2000.0
23 30 1.2289829
23 8 0.9814452
23 2 10.342841
23 37 1.902829
23 18 1.392986
23 7 1.3391968
23 16 2.7161584
23 11 2000.0
23 29 1.8996036
23 5 1.5082072
24 26 0.03723174
24 32 0.26695105
24 10 0.07436662
24 21 0.98262036
24 12 0.07675112
24 3 127.617195
24 17 0.25118917
25 0 21.500404
25 30 28.436785
25 13 0.27112597
25 33 0.7948677
25 11 0.9354852
25 29 2.5670154
25 34 3.2542188
25 20 0.7592029
25 2 1.2447723
25 14 4.531035
25 37 29.516953
25 7 3.838342
25 27 0.33286336
25 16 1.4977031
26 32 38.765015
26 28 0.05814024
26 10 0.029541312
26 24 0.03723174
26 31 0.19420594
26 12 0.6486903
26 17 1.7474421
27 30 0.30661967
27 0 2000.0
27 8 1.6173803
27 18 20.326706
27 13 0.7678844
27 33 0.868707
27 11 0.9985618
27 29 0.92359966
27 5 1.1807528
27 34 0.85
27 20 2.7899833
27 2 1.1663753
27 14 5.701272
27 37 1.1188368
27 7 2000.0
27 16 1.3761382
27 25 0.33286336
28 36 0.03543219
28 26 0.05814024
28 10 0.19385533
28 3 4.3118663
28 12 1209.4886
28 9 1.6232051
28 19 1367.7273
29 0 89.82765
29 30 2.0582807
29 8 0.3712986
29 18 1.1199261
29 13 1.301852
29 33 6.3203707
29 11 1.0469855
29 5 3.1008983
29 34 3.8197258
29 20 20.95226
29 2 1.2065841
29 37 0.4595368
29 7 2000.0
29 27 0.92359966
29 16 2000.0
29 23 1.8996036
29 25 2.5670154
30 8 0.5116433
30 18 0.74193054
30 13 21.411467
30 33 4.474894
30 11 0.6957707
30 29 2.0582807
30 5 0.59239286
30 34 1.0401597
30 20 1.4642106
30 2 13.7299795
30 14 10.314012
30 37 17.530031
30 7 0.6779282
30 27 0.30661967
30 16 1.1358447
30 23 1.2289829
30 25 28.436785
31 26 0.19420594
31 6 0.16528593
31 10 7.70661
31 35 149.04901
31 22 100.0
31 9 0.028182162
31 4 0.08341547
31 17 1.0156007
31 19 0.081195444
32 26 38.765015
32 10 2000.0
32 24 0.26695105
32 12 2.8835993
32 15 0.07581357
33 30 4.474894
33 13 0.8961877
33 11 2.4933324
33 29 6.3203707
33 5 2000.0
33 34 2000.0
33 20 1.1069008
33 2 1.689289
33 14 0.4718824
33 7 2000.0
33 27 0.868707
33 16 3017.898
33 25 0.7948677
34 30 1.0401597
34 20 1.053083
34 8 32.618088
34 37 2000.0
34 7 2000.0
34 27 0.85
34 16 48.429966
34 11 2.7787473
34 29 3.8197258
34 25 3.2542188
34 5 3.6555529
35 21 0.061572146
35 31 149.04901
36 28 0.03543219
36 3 0.35121754
36 9 0.41998887
37 30 17.530031
37 0 1.2632676
37 8 1.0405785
37 18 2.4098582
37 13 1.1514904
37 11 1.3201805
37 29 0.4595368
37 5 9.390743
37 20 3.4700537
37 2 0.81818175
37 7 2000.0
37 27 1.1188368
37 16 2000.0
37 23 1.902829
37 25 29.516953
