0 8 5.568762
0 2 0.7739467
0 37 1.0241181
0 13 1.0583299
0 11 53.333332
0 29 18.78466
1 3 0.19860017
1 12 1208.2954
2 30 12.473164
2 0 0.7739467
2 8 0.972655
2 18 30.499525
2 13 0.29741988
2 33 1.7781508
2 11 0.94389784
2 29 0.98576766
2 20 0.9242008
2 37 0.56042665
2 27 0.48712024
2 16 2000.0
2 23 26.790651
2 25 1.0233446
3 36 0.28438994
3 28 0.09633045
3 24 355.85895
3 12 0.047496855
3 1 0.19860017
3 9 0.4470779
4 31 0.09103125
4 9 0.065999284
4 17 0.0885271
4 19 0.10227273
5 30 0.34027016
5 8 0.84942096
5 18 0.36799586
5 13 218.33788
5 11 2.8561788
5 29 5.349545
5 34 2.0574012
5 20 2.9089823
5 37 2000.0
5 7 6.0649858
5 27 2.3768666
5 16 1.4923346
5 23 4.794106
6 31 0.36458924
6 17 1.6779127
7 34 10.129557
7 30 0.973179
7 20 1.3126937
7 8 20.380327
7 37 12.238017
7 16 0.9789773
7 11 15.953036
7 23 0.98213214
7 25 5.758934
7 5 6.0649858
8 0 5.568762
8 30 0.8368332
8 18 0.9855449
8 13 1.472407
8 11 0.93893707
8 29 0.753447
8 5 0.84942096
8 34 3.8292077
8 2 0.972655
8 37 0.9770378
8 7 20.380327
8 27 0.9716012
8 16 1.3329585
8 23 0.8680555
9 36 1.370262
9 26 2000.0
9 28 2.2397234
9 10 3.2439704
9 22 0.27704656
9 31 0.02952082
9 12 2000.0
9 3 0.4470779
9 17 0.10699811
9 4 0.065999284
9 19 0.067677036
10 26 0.040526435
10 28 0.50026804
10 24 0.07135052
10 31 0.042440392
10 12 16.634129
10 9 3.2439704
10 17 0.042501863
11 0 53.333332
11 30 0.50590795
11 8 0.93893707
11 18 27.552866
11 13 0.96217597
11 33 2.4096406
11 29 0.9787649
11 5 2.8561788
11 34 3.324649
11 20 0.7094886
11 2 0.94389784
11 37 1.2939172
11 7 15.953036
11 27 0.6182229
11 16 0.6813297
11 25 0.86477894
12 26 1.3434145
12 28 5.2828364
12 32 0.2091179
12 10 16.634129
12 24 0.07772088
12 21 0.116550885
12 3 0.047496855
13 0 1.0583299
13 30 2.3042552
13 8 1.472407
13 18 215.17378
13 33 0.76579547
13 11 0.96217597
13 29 0.964748
13 5 218.33788
13 34 4.477272
13 20 0.43001032
13 2 0.29741988
13 14 2.8543172
13 37 0.9375556
13 27 0.30064395
13 16 62.15123
13 25 0.5303887
14 20 0.7168676
14 13 2.8543172
14 27 2.1785114
14 33 0.37406325
14 11 2000.0
14 25 2.1605818
15 32 0.0655872
15 21 0.99922884
16 30 1.0819397
16 0 2000.0
16 8 1.3329585
16 18 1.0439129
16 13 62.15123
16 11 0.6813297
16 29 26.358154
16 5 1.4923346
16 20 5.341668
16 37 14.178409
16 7 0.9789773
16 27 1.4588778
16 23 7.0658646
16 25 1.5665935
17 26 1.87053
17 6 1.6779127
17 10 0.042501863
17 24 0.24480641
17 31 1.2247479
17 9 0.10699811
17 4 0.0885271
17 19 3.963952
18 30 0.8435564
18 2 30.499525
18 8 0.9855449
18 37 1.0450413
18 13 215.17378
18 7 2000.0
18 27 5.6145864
18 16 1.0439129
18 23 1.6285446
18 11 27.552866
18 29 2.7210374
18 5 0.36799586
19 31 0.10364234
19 9 0.067677036
19 17 3.963952
19 4 0.10227273
20 30 47.69146
20 13 0.43001032
20 33 0.99788946
20 11 0.7094886
20 29 4.851863
20 5 2.9089823
20 34 0.8132642
20 2 0.9242008
20 14 0.7168676
20 37 1.2251983
20 7 1.3126937
20 27 0.53262043
20 16 5.341668
20 25 0.46436006
21 32 2000.0
21 24 0.7853634
21 35 0.038048245
21 12 0.116550885
21 15 0.99922884
22 6 1194.6023
22 31 1714.3181
22 9 0.27704656
22 19 1288.409
23 0 2000.0
23 30 1.3392304
23 2 26.790651
23 8 0.8680555
23 37 1.9041929
23 18 1.6285446
23 7 0.98213214
23 16 7.0658646
23 11 2000.0
23 29 3.0736532
23 5 4.794106
24 26 0.05485894
24 32 0.09760699
24 10 0.07135052
24 21 0.7853634
24 31 5.735847
24 12 0.07772088
24 3 355.85895
24 15 2000.0
24 17 0.24480641
25 30 2.4442587
25 13 0.5303887
25 33 0.31398267
25 11 0.86477894
25 29 2.1502755
25 34 1.6204143
25 20 0.46436006
25 2 1.0233446
25 14 2.1605818
25 37 96.54071
25 7 5.758934
25 27 0.6038223
25 16 1.5665935
26 32 38.7625
26 28 0.0720939
26 10 0.040526435
26 24 0.05485894
26 31 0.07626805
26 12 1.3434145
26 17 1.87053
27 0 2000.0
27 30 0.2787547
27 8 0.9716012
27 18 5.6145864
27 13 0.30064395
27 33 0.96388376
27 11 0.6182229
27 29 0.6770455
27 5 2.3768666
27 34 0.9238513
27 20 0.53262043
27 2 0.48712024
27 14 2.1785114
27 37 0.56905675
27 7 4293.636
27 16 1.4588778
27 25 0.6038223
28 36 0.035143442
28 26 0.0720939
28 10 0.50026804
28 3 0.09633045
28 12 5.2828364
28 9 2.2397234
29 0 18.78466
29 30 4.746061
29 8 0.753447
29 18 2.7210374
29 13 0.964748
29 33 146.15208
29 11 0.9787649
29 5 5.349545
29 34 6.838455
29 20 4.851863
29 2 0.98576766
29 37 0.8007608
29 7 2000.0
29 27 0.6770455
29 16 26.358154
29 23 3.0736532
29 25 2.1502755
30 0 2000.0
30 8 0.8368332
30 18 0.8435564
30 13 2.3042552
30 33 2.130259
30 11 0.50590795
30 29 4.746061
30 5 0.34027016
30 34 1.4537486
30 20 47.69146
30 2 12.473164
30 14 2000.0
30 37 6.7542367
30 7 0.973179
30 27 0.2787547
30 16 1.0819397
30 23 1.3392304
30 25 2.4442587
31 26 0.07626805
31 6 0.36458924
31 10 0.042440392
31 24 5.735847
31 9 0.02952082
31 17 1.2247479
31 4 0.09103125
31 19 0.10364234
32 26 38.7625
32 24 0.09760699
32 12 0.2091179
32 15 0.0655872
33 34 2000.0
33 30 2.130259
33 20 0.99788946
33 2 1.7781508
33 14 0.37406325
33 7 2000.0
33 13 0.76579547
33 27 0.96388376
33 16 1627.8408
33 11 2.4096406
33 29 146.15208
33 25 0.31398267
34 30 1.4537486
34 20 0.8132642
34 8 3.8292077
34 13 4.477272
34 7 10.129557
34 27 0.9238513
34 16 1215.0568
34 11 3.324649
34 25 1.6204143
34 29 6.838455
34 5 2.0574012
35 21 0.038048245
36 26 1215.4546
36 28 0.035143442
36 3 0.28438994
36 9 1.370262
37 0 1.0241181
37 30 6.7542367
37 8 0.9770378
37 18 1.0450413
37 13 0.9375556
37 11 1.2939172
37 29 0.8007608
37 20 1.2251983
37 2 0.56042665
37 7 12.238017
37 27 0.56905675
37 16 14.178409
37 23 1.9041929
37 25 96.54071
