0 2 0.8397619
0 8 800.0
0 37 2.2522864
0 13 0.80005145
0 29 50.59814
0 25 11.32283
1 3 1.4212383
1 12 1228.9773
2 30 12.531283
2 0 0.8397619
2 8 1.1995867
2 18 1.8822364
2 13 0.36530796
2 33 2.0674438
2 11 1.0521823
2 29 0.95288557
2 20 8.263603
2 37 0.85562843
2 27 0.69109625
2 16 2000.0
2 23 12.667924
2 25 0.922946
3 36 0.64217913
3 28 11.080303
3 24 2000.0
3 12 0.06601557
3 1 1.4212383
3 9 0.2858321
4 31 0.06728042
4 9 0.0829287
4 17 0.19918044
4 19 0.072803564
5 30 0.69407994
5 8 0.91534394
5 18 1.1423768
5 13 72.99207
5 11 2.5776246
5 29 1.6767905
5 34 3.4763134
5 20 1.1870067
5 37 17.11385
5 7 17.43498
5 27 2.5560374
5 16 2.655088
5 23 2.841717
5 25 2000.0
6 31 0.23884492
6 17 1.7090019
7 34 313.04352
7 30 0.9674096
7 20 67.37045
7 8 11.86878
7 16 1.7468064
7 23 1.9967209
7 11 122.7017
7 25 1.6164079
7 5 17.43498
8 0 800.0
8 30 0.62043595
8 18 1.4007109
8 13 3.0425158
8 11 1.4789282
8 29 0.741013
8 5 0.91534394
8 34 21.873316
8 2 1.1995867
8 37 1.030215
8 7 11.86878
8 27 3.3300776
8 16 2.2691836
8 23 1.4574564
8 25 2000.0
9 36 1.0320748
9 26 2000.0
9 28 0.8418495
9 10 22.50341
9 22 0.044113237
9 31 0.029922312
9 12 2000.0
9 3 0.2858321
9 4 0.0829287
9 17 0.038021304
9 19 0.08819289
10 26 0.030439641
10 28 0.44017768
10 24 0.08214713
10 31 9.034592
10 12 1264.2045
10 9 22.50341
10 17 0.03302083
11 0 2000.0
11 30 1.3817339
11 8 1.4789282
11 18 15.174808
11 13 0.77748734
11 33 2.0911646
11 29 0.89398366
11 5 2.5776246
11 34 3.4689434
11 20 2.1435823
11 2 1.0521823
11 37 1.6878968
11 7 122.7017
11 27 0.89777464
11 16 1.1756905
11 25 1.1082877
12 26 0.55127585
12 32 9.841186
12 28 133.78043
12 24 0.0687046
12 21 0.14316499
12 3 0.06601557
13 30 22.935184
13 0 0.80005145
13 8 3.0425158
13 18 217.30682
13 33 0.98374176
13 11 0.77748734
13 29 1.0350863
13 5 72.99207
13 34 906.33765
13 20 1.5777079
13 2 0.36530796
13 14 6.1360946
13 37 0.8438995
13 7 2000.0
13 27 0.5742158
13 16 34.760056
13 25 0.26399034
14 30 17.734648
14 20 7.103795
14 13 6.1360946
14 27 16.273783
14 33 0.6780183
14 25 3.9132102
15 32 0.0784366
15 21 7.551728
16 30 1.6539123
16 0 2000.0
16 8 2.2691836
16 18 0.9962007
16 13 34.760056
16 11 1.1756905
16 5 2.655088
16 34 79.95829
16 20 22.287153
16 7 1.7468064
16 27 2.9768941
16 23 2.9146943
16 25 1.61771
17 6 1.7090019
17 26 1.3526589
17 10 0.03302083
17 24 0.17367454
17 31 1.937169
17 9 0.038021304
17 4 0.19918044
17 19 1199.6023
18 30 0.71632576
18 0 2000.0
18 8 1.4007109
18 13 217.30682
18 11 15.174808
18 29 1.3282212
18 5 1.1423768
18 2 1.8822364
18 37 3.289727
18 7 2000.0
18 27 69.263916
18 16 0.9962007
18 23 2.1560745
19 28 164.33636
19 31 0.101071164
19 9 0.08819289
19 4 0.072803564
20 30 1.6504469
20 13 1.5777079
20 33 1.1554254
20 11 2.1435823
20 29 7.2612505
20 5 1.1870067
20 34 1.0595881
20 2 8.263603
20 14 7.103795
20 37 7.849046
20 7 67.37045
20 27 1.3147233
20 16 22.287153
20 25 1.0679361
21 26 2000.0
21 32 2000.0
21 24 1.016217
21 35 0.047317438
21 31 2000.0
21 12 0.14316499
21 15 7.551728
22 31 200.0
22 9 0.044113237
22 19 2000.0
23 0 2000.0
23 30 1.7327441
23 8 1.4574564
23 2 12.667924
23 37 2.37036
23 18 2.1560745
23 7 1.9967209
23 16 2.9146943
23 11 2000.0
23 29 1.5605115
23 5 2.841717
24 26 0.04313046
24 32 0.2693334
24 10 0.08214713
24 21 1.016217
24 12 0.0687046
24 17 0.17367454
25 0 11.32283
25 30 13.223984
25 13 0.26399034
25 33 0.81427085
25 11 1.1082877
25 29 2.2170002
25 34 1.0820466
25 20 1.0679361
25 2 0.922946
25 14 3.9132102
25 37 94.45783
25 7 1.6164079
25 27 0.22316504
25 16 1.61771
26 32 43.839016
26 28 0.062083665
26 10 0.030439641
26 24 0.04313046
26 31 0.115052864
26 12 0.55127585
26 17 1.3526589
27 30 0.19878091
27 0 2000.0
27 8 3.3300776
27 18 69.263916
27 13 0.5742158
27 33 0.9556576
27 11 0.89777464
27 29 1.2110307
27 5 2.5560374
27 34 1.2344131
27 20 1.3147233
27 2 0.69109625
27 14 16.273783
27 37 0.98716766
27 7 2000.0
27 16 2.9768941
27 25 0.22316504
28 36 0.032386363
28 26 0.062083665
28 10 0.44017768
28 3 11.080303
28 12 133.78043
28 9 0.8418495
28 19 164.33636
29 0 50.59814
29 30 1.077229
29 8 0.741013
29 18 1.3282212
29 13 1.0350863
29 33 46.894238
29 11 0.89398366
29 5 1.6767905
29 34 3.717411
29 20 7.2612505
29 2 0.95288557
29 37 0.8051467
29 7 2000.0
29 27 1.2110307
29 16 2807.5398
29 23 1.5605115
29 25 2.2170002
30 8 0.62043595
30 18 0.71632576
30 13 22.935184
30 33 12.013792
30 11 1.3817339
30 29 1.077229
30 5 0.69407994
30 34 0.97421426
30 20 1.6504469
30 2 12.531283
30 14 17.734648
30 37 18.586723
30 7 0.9674096
30 27 0.19878091
30 16 1.6539123
30 23 1.7327441
30 25 13.223984
31 26 0.115052864
31 6 0.23884492
31 10 9.034592
31 35 45.000004
31 22 200.0
31 9 0.029922312
31 4 0.06728042
31 17 1.937169
31 19 0.101071164
32 26 43.839016
32 24 0.2693334
32 12 9.841186
32 15 0.0784366
33 30 12.013792
33 8 2000.0
33 13 0.98374176
33 11 2.0911646
33 29 46.894238
33 34 2000.0
33 20 1.1554254
33 2 2.0674438
33 14 0.6780183
33 7 2000.0
33 27 0.9556576
33 16 3017.898
33 25 0.81427085
34 30 0.97421426
34 20 1.0595881
34 8 21.873316
34 37 2000.0
34 7 313.04352
34 27 1.2344131
34 16 79.95829
34 11 3.4689434
34 29 3.717411
34 25 1.0820466
34 5 3.4763134
35 21 0.047317438
35 31 45.000004
36 28 0.032386363
36 3 0.64217913
36 9 1.0320748
37 30 18.586723
37 0 2.2522864
37 8 1.030215
37 18 3.289727
37 13 0.8438995
37 11 1.6878968
37 29 0.8051467
37 5 17.11385
37 20 7.849046
37 2 0.85562843
37 7 3894.716
37 27 0.98716766
37 16 2000.0
37 23 2.37036
37 25 94.45783
