0 2 2.624443
0 37 3.0284362
0 13 1.1064869
0 25 15.642204
0 29 52.784676
1 3 0.5208059
1 12 22.628164
2 30 13.658245
2 0 2.624443
2 8 1.1168447
2 18 2.94368
2 13 0.7545549
2 33 2.191381
2 11 1.6457268
2 29 0.96860546
2 20 4.281663
2 37 0.79225004
2 27 1.1286497
2 16 2000.0
2 23 10.524825
2 25 0.39559558
3 36 0.6302577
3 28 3.8829308
3 24 2000.0
3 12 0.056971904
3 1 0.5208059
3 9 0.4588787
4 31 0.07907246
4 9 0.066631414
4 17 0.2631223
4 19 0.06968987
5 30 0.5325525
5 8 0.57784194
5 18 0.6533765
5 13 34.363903
5 11 2.3514335
5 29 4.560116
5 34 3.749199
5 20 2.3576279
5 37 22.554647
5 7 10.784091
5 27 1.7579423
5 16 1.6810478
5 23 3.0642436
5 25 2000.0
6 31 0.10784278
6 17 18.213068
7 34 843.2756
7 30 1.3141547
7 20 38.55
7 8 6.228799
7 37 40.829544
7 16 1.3183529
7 11 84.922295
7 23 1.5158279
7 25 4.414056
7 5 10.784091
8 0 2000.0
8 30 0.37095535
8 18 1.3058279
8 13 0.8624483
8 11 0.87104464
8 29 0.38471076
8 5 0.57784194
8 34 43.720142
8 2 1.1168447
8 37 0.94257325
8 7 6.228799
8 27 1.152007
8 16 1.968464
8 23 0.96045846
8 25 2000.0
9 36 0.6379356
9 26 2000.0
9 28 1.3667817
9 10 32.270454
9 22 0.062208224
9 31 0.031131664
9 12 2000.0
9 3 0.4588787
9 4 0.066631414
9 17 0.040248495
9 19 0.0750947
10 26 0.029374102
10 28 0.47401023
10 24 0.111295305
10 31 17.028715
10 12 1489.8864
10 9 32.270454
10 17 0.033815697
11 0 2000.0
11 30 0.67529625
11 8 0.87104464
11 18 5.131481
11 13 0.94457394
11 33 1.6035146
11 29 0.77907044
11 5 2.3514335
11 34 2.5557528
11 20 0.98810667
11 2 1.6457268
11 37 1.4804962
11 7 84.922295
11 27 0.6796549
11 16 0.9321281
11 25 0.62836176
12 26 2.760854
12 32 1.4004854
12 24 0.07650568
12 21 0.22192357
12 3 0.056971904
12 1 22.628164
13 30 40.828617
13 0 1.1064869
13 8 0.8624483
13 18 1643.9204
13 33 0.97870874
13 11 0.94457394
13 29 1.5022202
13 5 34.363903
13 34 999.18134
13 20 0.789851
13 2 0.7545549
13 14 10.129535
13 37 1.0760491
13 7 2000.0
13 27 0.9540903
13 16 26.29139
13 25 0.24178545
14 30 6.829962
14 20 1.4909238
14 13 10.129535
14 27 4.9981055
14 33 0.44001842
14 11 2000.0
14 25 1.8085544
15 32 0.080157556
15 21 1.73681
16 30 1.089615
16 0 2000.0
16 8 1.968464
16 18 1.3221734
16 13 26.29139
16 11 0.9321281
16 5 1.6810478
16 34 22.396935
16 20 13.838769
16 7 1.3183529
16 27 1.3092505
16 23 3.1051965
16 25 0.915875
17 6 18.213068
17 26 1.5048202
17 10 0.033815697
17 24 0.072204314
17 31 0.974564
17 9 0.040248495
17 4 0.2631223
17 19 146.66742
18 0 2000.0
18 30 0.68234974
18 8 1.3058279
18 13 1643.9204
18 11 5.131481
18 29 1.2855488
18 5 0.6533765
18 2 2.94368
18 37 2.5538118
18 7 2000.0
18 27 41.88151
18 16 1.3221734
18 23 1.2119906
19 31 0.0833486
19 9 0.0750947
19 4 0.06968987
19 17 146.66742
20 0 2000.0
20 30 2.1741621
20 13 0.789851
20 33 1.4512242
20 11 0.98810667
20 29 6.9377017
20 5 2.3576279
20 34 0.99953985
20 2 4.281663
20 14 1.4909238
20 37 1.8463546
20 7 38.55
20 27 1.5161086
20 16 13.838769
20 25 0.39325452
21 32 1800.0001
21 10 2000.0
21 24 0.9775915
21 35 0.028059978
21 31 2000.0
21 12 0.22192357
21 15 1.73681
22 31 46.334198
22 9 0.062208224
22 19 2000.0
23 30 1.6288085
23 0 2000.0
23 8 0.96045846
23 2 10.524825
23 37 1.2913008
23 18 1.2119906
23 7 1.5158279
23 16 3.1051965
23 11 2000.0
23 29 1.0355761
23 5 3.0642436
24 26 0.03607799
24 32 0.21132763
24 10 0.111295305
24 21 0.9775915
24 12 0.07650568
24 15 2000.0
24 17 0.072204314
25 0 15.642204
25 30 18.351692
25 13 0.24178545
25 33 0.50704426
25 11 0.62836176
25 29 2.8037279
25 34 6.359849
25 20 0.39325452
25 2 0.39559558
25 14 1.8085544
25 37 23.29947
25 7 4.414056
25 27 0.23041444
25 16 0.915875
26 32 11.395104
26 28 0.06579545
26 10 0.029374102
26 24 0.03607799
26 31 0.11740562
26 12 2.760854
26 17 1.5048202
27 30 0.27018744
27 0 2000.0
27 8 1.152007
27 18 41.88151
27 13 0.9540903
27 33 0.7266072
27 11 0.6796549
27 29 0.6256629
27 5 1.7579423
27 34 1.4534458
27 20 1.5161086
27 2 1.1286497
27 14 4.9981055
27 37 1.3190191
27 7 2000.0
27 16 1.3092505
27 25 0.23041444
28 36 0.029773207
28 26 0.06579545
28 10 0.47401023
28 3 3.8829308
28 12 1213.3523
28 9 1.3667817
28 19 1370.0
29 0 52.784676
29 30 1.2080787
29 8 0.38471076
29 18 1.2855488
29 13 1.5022202
29 33 12.457279
29 11 0.77907044
29 5 4.560116
29 34 4.206956
29 20 6.9377017
29 2 0.96860546
29 37 0.73358357
29 7 2000.0
29 27 0.6256629
29 16 2000.0
29 23 1.0355761
29 25 2.8037279
30 8 0.37095535
30 18 0.68234974
30 13 40.828617
30 33 6.634891
30 11 0.67529625
30 29 1.2080787
30 5 0.5325525
30 34 0.83051544
30 20 2.1741621
30 2 13.658245
30 14 6.829962
30 37 14.277389
30 7 1.3141547
30 27 0.27018744
30 16 1.089615
30 23 1.6288085
30 25 18.351692
31 26 0.11740562
31 6 0.10784278
31 10 17.028715
31 35 1042.3579
31 22 46.334198
31 9 0.031131664
31 4 0.07907246
31 17 0.974564
31 19 0.0833486
32 26 11.395104
32 24 0.21132763
32 21 1800.0001
32 12 1.4004854
32 15 0.080157556
33 34 2000.0
33 30 6.634891
33 20 1.4512242
33 2 2.191381
33 14 0.44001842
33 7 2000.0
33 13 0.97870874
33 27 0.7266072
33 16 3017.898
33 11 1.6035146
33 29 12.457279
33 25 0.50704426
34 30 0.83051544
34 20 0.99953985
34 8 43.720142
34 37 2000.0
34 13 999.18134
34 7 843.2756
34 27 1.4534458
34 16 22.396935
34 11 2.5557528
34 29 4.206956
34 25 6.359849
34 5 3.749199
35 21 0.028059978
35 31 1042.3579
36 28 0.029773207
36 3 0.6302577
36 9 0.6379356
37 30 14.277389
37 0 3.0284362
37 8 0.94257325
37 18 2.5538118
37 13 1.0760491
37 11 1.4804962
37 29 0.73358357
37 5 22.554647
37 20 1.8463546
37 2 0.79225004
37 7 40.829544
37 27 1.3190191
37 16 2000.0
37 23 1.2913008
37 25 23.29947
