0 8 21.77926
0 2 0.38880083
0 37 1.4033328
0 13 0.43671784
0 29 5.5283813
1 3 0.20626377
1 12 74.2997
2 30 23.283794
2 0 0.38880083
2 8 1.164558
2 18 9.312554
2 13 0.48964098
2 33 3.6838365
2 11 3.2704298
2 29 1.115074
2 20 2.3206825
2 37 1.7086884
2 27 1.5655466
2 16 2000.0
2 23 56.250004
2 25 5.536515
3 36 0.2190302
3 28 0.10618764
3 24 225.00002
3 12 0.06041176
3 1 0.20626377
3 9 0.2656541
4 31 0.06519819
4 9 0.06602748
4 17 0.07556431
4 19 0.09088248
5 30 0.50565434
5 8 0.6053414
5 18 0.41288215
5 13 1098.2535
5 11 1.1422195
5 29 3.9942758
5 34 4.0970345
5 20 1.7462356
5 37 2000.0
5 7 10.312035
5 27 4.6586695
5 16 1.2727582
5 23 11.217414
6 31 1.243742
6 17 0.8995887
7 34 11.958333
7 30 1.0068101
7 20 2.2202969
7 8 97.29571
7 37 18.14354
7 27 178.57144
7 16 1.1563636
7 11 13.407829
7 23 1.1911811
7 25 3.8878787
7 5 10.312035
8 0 21.77926
8 30 0.5546004
8 18 1.0748296
8 13 1.8773599
8 11 1.6427943
8 29 0.6767772
8 5 0.6053414
8 34 5.4306307
8 2 1.164558
8 37 1.6543385
8 7 97.29571
8 27 1.4671335
8 16 1.409091
8 23 1.4208308
9 36 1.6763518
9 26 2000.0
9 28 6.863182
9 10 2.2101088
9 22 0.38133085
9 31 0.02930847
9 3 0.2656541
9 17 0.07216718
9 4 0.06602748
9 19 0.07513258
10 26 0.043970246
10 28 0.5105924
10 24 0.08777384
10 31 0.0332344
10 12 5.5923953
10 9 2.2101088
10 17 0.035698332
11 0 1348.8636
11 30 0.4615875
11 8 1.6427943
11 18 6.89115
11 13 0.8873201
11 33 4.2306046
11 29 0.68259126
11 5 1.1422195
11 34 4.2815857
11 20 1.7128086
11 2 3.2704298
11 37 1.5058407
11 7 13.407829
11 27 0.48263222
11 16 1.5622045
11 25 1.3550318
12 26 0.42624635
12 28 4.7242136
12 32 0.31326863
12 10 5.5923953
12 24 0.104030974
12 21 0.09399008
12 3 0.06041176
12 1 74.2997
13 30 1.7287363
13 0 0.43671784
13 8 1.8773599
13 18 265.54572
13 33 1.3111519
13 11 0.8873201
13 29 1.0841391
13 5 1098.2535
13 34 10.986673
13 20 0.46501926
13 2 0.48964098
13 14 3.0439649
13 37 2.3685055
13 27 0.17140262
13 16 52.920063
13 25 0.6932607
14 20 1.5558035
14 13 3.0439649
14 33 0.47903085
14 27 2.1788392
14 11 2000.0
14 25 3.3866806
15 32 0.068088636
15 21 24.846594
16 0 2000.0
16 30 1.0672024
16 8 1.409091
16 18 0.6551562
16 13 52.920063
16 11 1.5622045
16 29 124.75797
16 5 1.2727582
16 20 9.26194
16 37 63.988632
16 7 1.1563636
16 27 1.281904
16 23 9.288072
16 25 1.1570709
17 26 1.7366148
17 6 0.8995887
17 10 0.035698332
17 24 0.18270533
17 31 1.2285672
17 9 0.07216718
17 4 0.07556431
17 19 1.90825
18 30 0.7157533
18 2 9.312554
18 8 1.0748296
18 37 1.1734707
18 13 265.54572
18 7 2000.0
18 27 3.0114715
18 16 0.6551562
18 23 1.502355
18 11 6.89115
18 29 1.1483781
18 5 0.41288215
19 31 0.0640125
19 9 0.07513258
19 17 1.90825
19 4 0.09088248
20 0 2000.0
20 30 9.957534
20 13 0.46501926
20 33 1.763017
20 11 1.7128086
20 29 3.7625
20 5 1.7462356
20 34 1.2796302
20 2 2.3206825
20 14 1.5558035
20 37 9.602746
20 7 2.2202969
20 27 0.3594916
20 16 9.26194
20 25 0.87754893
21 32 480.00003
21 10 2000.0
21 24 0.06728896
21 35 0.04051604
21 12 0.09399008
21 15 24.846594
22 6 1282.6705
22 31 130.27567
22 9 0.38133085
22 19 1594.4319
23 0 2000.0
23 30 3.5142198
23 2 56.250004
23 8 1.4208308
23 37 3.424901
23 18 1.502355
23 7 1.1911811
23 16 9.288072
23 11 2000.0
23 29 2.1588569
23 5 11.217414
24 26 0.07709146
24 28 2000.0
24 32 0.116687424
24 10 0.08777384
24 21 0.06728896
24 31 14.676413
24 3 225.00002
24 12 0.104030974
24 15 2000.0
24 17 0.18270533
25 0 2000.0
25 30 3.7497387
25 13 0.6932607
25 33 0.8102694
25 11 1.3550318
25 29 2.641635
25 34 3.2658784
25 20 0.87754893
25 2 5.536515
25 14 3.3866806
25 37 15.71173
25 7 3.8878787
25 27 0.67828995
25 16 1.1570709
26 32 18.477274
26 28 0.040303554
26 10 0.043970246
26 24 0.07709146
26 31 0.05687141
26 12 0.42624635
26 17 1.7366148
27 0 2000.0
27 30 0.21345809
27 8 1.4671335
27 18 3.0114715
27 13 0.17140262
27 33 0.8159632
27 11 0.48263222
27 29 0.47498468
27 5 4.6586695
27 34 2.7971387
27 20 0.3594916
27 2 1.5655466
27 14 2.1788392
27 37 1.2420648
27 7 178.57144
27 16 1.281904
27 25 0.67828995
28 36 0.04273368
28 26 0.040303554
28 10 0.5105924
28 3 0.10618764
28 12 4.7242136
28 9 6.863182
29 0 5.5283813
29 30 3.2402978
29 8 0.6767772
29 18 1.1483781
29 13 1.0841391
29 11 0.68259126
29 5 3.9942758
29 34 8.756088
29 20 3.7625
29 2 1.115074
29 37 1.3355726
29 7 2000.0
29 27 0.47498468
29 16 124.75797
29 23 2.1588569
29 25 2.641635
30 0 2000.0
30 8 0.5546004
30 18 0.7157533
30 13 1.7287363
30 33 2.6733165
30 11 0.4615875
30 29 3.2402978
30 5 0.50565434
30 34 2.939112
30 20 9.957534
30 2 23.283794
30 14 2000.0
30 37 9.477184
30 7 1.0068101
30 27 0.21345809
30 16 1.0672024
30 23 3.5142198
30 25 3.7497387
31 26 0.05687141
31 6 1.243742
31 10 0.0332344
31 24 14.676413
31 22 130.27567
31 9 0.02930847
31 17 1.2285672
31 4 0.06519819
31 19 0.0640125
32 26 18.477274
32 24 0.116687424
32 21 480.00003
32 12 0.31326863
32 15 0.068088636
33 30 2.6733165
33 8 2000.0
33 13 1.3111519
33 11 4.2306046
33 29 2382.1023
33 5 2000.0
33 34 2000.0
33 20 1.763017
33 2 3.6838365
33 14 0.47903085
33 7 2000.0
33 27 0.8159632
33 16 2000.0
33 25 0.8102694
34 30 2.939112
34 20 1.2796302
34 8 5.4306307
34 7 11.958333
34 13 10.986673
34 27 2.7971387
34 16 2536.0227
34 11 4.2815857
34 25 3.2658784
34 29 8.756088
34 5 4.0970345
35 21 0.04051604
36 26 2000.0
36 28 0.04273368
36 3 0.2190302
36 9 1.6763518
37 30 9.477184
37 0 1.4033328
37 8 1.6543385
37 18 1.1734707
37 13 2.3685055
37 11 1.5058407
37 29 1.3355726
37 20 9.602746
37 2 1.7086884
37 7 18.14354
37 27 1.2420648
37 16 63.988632
37 23 3.424901
37 25 15.71173
