0 8 6.3660483
0 2 0.826496
0 37 0.7021278
0 13 1.023822
0 11 18.336493
0 29 6.078198
0 25 2000.0
1 3 0.21676005
1 12 1201.4773
2 30 7.1345243
2 0 0.826496
2 8 1.3312687
2 18 12.514323
2 13 0.21005167
2 33 1.0107429
2 11 0.41279808
2 29 0.8192716
2 20 1.855696
2 37 0.6987169
2 27 0.2577871
2 23 23.27322
2 25 0.9960842
3 36 0.2633964
3 28 0.08521796
3 24 2000.0
3 12 0.048825495
3 1 0.21676005
3 9 0.43585777
4 31 0.08080096
4 9 0.06953242
4 17 0.08106563
4 19 0.10125
5 30 0.9692044
5 8 0.57642525
5 18 0.4088618
5 13 126.28505
5 11 2.2705023
5 29 2.7736435
5 34 1.4639225
5 20 1.6697699
5 37 2000.0
5 7 3.574745
5 27 1.3785355
5 16 1.6534195
5 23 3.7399712
6 22 206.66173
6 31 0.4077381
6 17 1.3722606
7 34 8.041954
7 30 0.73288906
7 20 2.4646912
7 8 38.596153
7 37 18.423418
7 16 0.9723908
7 11 4.9425044
7 23 1.5226716
7 25 7.65772
7 5 3.574745
8 0 6.3660483
8 30 0.64627975
8 18 1.9105355
8 13 2.1816797
8 11 1.2524701
8 29 0.8225383
8 5 0.57642525
8 34 3.0386887
8 2 1.3312687
8 37 1.093387
8 7 38.596153
8 27 1.0054574
8 16 1.3446361
8 23 1.156755
9 36 1.24624
9 26 2000.0
9 28 1.3703029
9 10 6.8483257
9 22 0.6296301
9 31 0.03472701
9 3 0.43585777
9 12 2000.0
9 17 0.07795268
9 4 0.06953242
9 19 0.070785984
10 26 0.03348468
10 28 0.30483654
10 24 0.06487054
10 31 0.03178945
10 12 7.793591
10 9 6.8483257
10 17 0.035383064
11 0 18.336493
11 30 0.31073916
11 8 1.2524701
11 18 7.59209
11 13 0.5345831
11 33 1.5417163
11 29 0.5837723
11 5 2.2705023
11 34 1.6769593
11 20 2.4141505
11 2 0.41279808
11 37 1.1534169
11 7 4.9425044
11 27 0.3517808
11 16 0.77771574
11 25 0.6084082
12 26 1.0003978
12 28 2.1074023
12 32 0.27500683
12 10 7.793591
12 24 0.06570437
12 21 0.10327894
12 3 0.048825495
13 0 1.023822
13 30 0.6904337
13 8 2.1816797
13 18 504.00003
13 33 1.3201591
13 11 0.5345831
13 29 1.2454338
13 5 126.28505
13 34 5.7590957
13 20 0.62812704
13 2 0.21005167
13 14 3.8956616
13 37 1.309385
13 27 0.23999561
13 16 45.622864
13 25 0.75632316
14 34 2000.0
14 20 1.0787891
14 13 3.8956616
14 27 4.165187
14 33 0.4405842
14 11 2000.0
14 25 2.7919066
15 32 0.079432465
15 21 1.2019073
16 30 1.0323976
16 0 2000.0
16 8 1.3446361
16 18 0.9987675
16 13 45.622864
16 11 0.77771574
16 29 22.14355
16 5 1.6534195
16 20 3.3100257
16 37 15.126302
16 7 0.9723908
16 27 1.6991938
16 23 3.7577755
16 25 0.9917355
17 26 1.8783818
17 6 1.3722606
17 10 0.035383064
17 24 0.27699405
17 31 1.1565682
17 9 0.07795268
17 4 0.08106563
17 19 2.063966
18 30 0.78711516
18 2 12.514323
18 8 1.9105355
18 37 1.1361791
18 13 504.00003
18 7 2000.0
18 27 5.111918
18 16 0.9987675
18 23 1.6110938
18 11 7.59209
18 29 1.1139888
18 5 0.4088618
19 31 0.11256707
19 9 0.070785984
19 17 2.063966
19 4 0.10125
20 30 28.014788
20 13 0.62812704
20 33 1.6480956
20 11 2.4141505
20 29 3.2010732
20 5 1.6697699
20 34 1.0213146
20 2 1.855696
20 14 1.0787891
20 37 3.046571
20 7 2.4646912
20 27 0.6046427
20 16 3.3100257
20 25 0.30916634
21 32 400.0
21 24 0.30492422
21 35 0.0434923
21 12 0.10327894
21 15 1.2019073
22 6 206.66173
22 31 1246.1364
22 9 0.6296301
22 19 1318.8068
23 0 2000.0
23 30 1.752457
23 2 23.27322
23 8 1.156755
23 37 2.2320688
23 18 1.6110938
23 7 1.5226716
23 16 3.7577755
23 11 2000.0
23 29 3.453616
23 5 3.7399712
24 26 0.050648727
24 32 0.11821281
24 28 2000.0
24 10 0.06487054
24 21 0.30492422
24 31 4.0571046
24 12 0.06570437
24 15 2000.0
24 17 0.27699405
25 30 4.625062
25 13 0.75632316
25 33 0.44407642
25 11 0.6084082
25 29 1.9715034
25 5 2000.0
25 34 0.70936364
25 20 0.30916634
25 2 0.9960842
25 14 2.7919066
25 37 150.0
25 7 7.65772
25 27 0.80034983
25 16 0.9917355
26 32 20.4049
26 28 0.035923265
26 10 0.03348468
26 24 0.050648727
26 31 0.061875932
26 12 1.0003978
26 17 1.8783818
27 0 2000.0
27 30 0.15780233
27 8 1.0054574
27 18 5.111918
27 13 0.23999561
27 33 0.87731403
27 11 0.3517808
27 29 0.66646904
27 5 1.3785355
27 34 0.8856751
27 20 0.6046427
27 2 0.2577871
27 14 4.165187
27 37 1.0673522
27 7 2708.5796
27 16 1.6991938
27 23 2000.0
27 25 0.80034983
28 36 0.03797594
28 26 0.035923265
28 10 0.30483654
28 3 0.08521796
28 12 2.1074023
28 9 1.3703029
29 0 6.078198
29 30 3.7592773
29 8 0.8225383
29 18 1.1139888
29 13 1.2454338
29 11 0.5837723
29 5 2.7736435
29 34 4.9989133
29 20 3.2010732
29 2 0.8192716
29 37 0.7155761
29 7 2000.0
29 27 0.66646904
29 16 22.14355
29 23 3.453616
29 25 1.9715034
30 0 2000.0
30 8 0.64627975
30 18 0.78711516
30 13 0.6904337
30 33 2.0510042
30 11 0.31073916
30 29 3.7592773
30 5 0.9692044
30 34 1.4304609
30 20 28.014788
30 2 7.1345243
30 37 7.592137
30 7 0.73288906
30 27 0.15780233
30 16 1.0323976
30 23 1.752457
30 25 4.625062
31 26 0.061875932
31 6 0.4077381
31 10 0.03178945
31 24 4.0571046
31 9 0.03472701
31 17 1.1565682
31 4 0.08080096
31 19 0.11256707
32 26 20.4049
32 24 0.11821281
32 21 400.0
32 12 0.27500683
32 15 0.079432465
33 34 2000.0
33 30 2.0510042
33 20 1.6480956
33 2 1.0107429
33 14 0.4405842
33 7 2000.0
33 13 1.3201591
33 27 0.87731403
33 16 2020.4546
33 11 1.5417163
33 29 3895.2273
33 25 0.44407642
34 30 1.4304609
34 20 1.0213146
34 8 3.0386887
34 13 5.7590957
34 7 8.041954
34 27 0.8856751
34 16 1215.0568
34 11 1.6769593
34 25 0.70936364
34 29 4.9989133
34 5 1.4639225
35 21 0.0434923
36 26 1534.4318
36 28 0.03797594
36 3 0.2633964
36 9 1.24624
37 30 7.592137
37 0 0.7021278
37 8 1.093387
37 18 1.1361791
37 13 1.309385
37 11 1.1534169
37 29 0.7155761
37 20 3.046571
37 2 0.6987169
37 7 18.423418
37 27 1.0673522
37 16 15.126302
37 23 2.2320688
37 25 150.0
