0 8 10.882003
0 2 1.3437877
0 37 0.7782044
0 13 0.7100042
0 11 100.0
0 29 9.9712515
0 25 2000.0
1 3 0.23093842
1 12 73.35208
2 30 23.436247
2 0 1.3437877
2 8 1.2396274
2 18 8.11209
2 13 0.27982876
2 33 2.1368203
2 11 0.9009438
2 29 1.0541122
2 20 2.8998616
2 37 0.9094565
2 27 0.5510957
2 23 66.66667
2 25 2.032211
3 36 0.4090909
3 28 0.0689004
3 24 2000.0
3 12 0.051186755
3 1 0.23093842
3 9 0.96379054
4 31 0.08548839
4 9 0.049576942
4 17 0.111784
4 19 0.099842735
5 30 0.69225043
5 8 1.4314951
5 18 0.38382655
5 13 533.3334
5 11 3.5014198
5 29 6.1170554
5 34 0.9790355
5 20 1.9716711
5 37 2000.0
5 7 15.188716
5 27 1.6023153
5 16 1.7178742
5 23 2.818426
6 24 2000.0
6 21 2000.0
6 31 0.58938724
6 17 1.1191189
7 34 14.544063
7 30 0.97164166
7 20 1.9034042
7 8 136.58438
7 37 11.187596
7 27 514.4215
7 16 1.2130773
7 11 6.3700423
7 23 1.4944694
7 25 3.8840332
7 5 15.188716
8 0 10.882003
8 30 3.0883071
8 18 0.9737239
8 13 3.7386072
8 11 2.8107355
8 29 1.7441297
8 5 1.4314951
8 34 4.5986114
8 2 1.2396274
8 37 1.1024306
8 7 136.58438
8 27 3.3024657
8 16 1.4704264
8 23 1.2579395
9 36 1.5882784
9 26 2000.0
9 28 3.4782057
9 10 10.045797
9 22 0.23736404
9 31 0.039939027
9 3 0.96379054
9 17 0.03931681
9 4 0.049576942
9 19 0.06573002
10 26 0.031341646
10 28 0.35927352
10 24 0.040740315
10 31 0.034975786
10 12 8.020446
10 9 10.045797
10 17 0.032955147
11 0 100.0
11 30 0.7046075
11 8 2.8107355
11 18 8.645317
11 13 0.70505786
11 33 1.9590775
11 29 1.3385104
11 5 3.5014198
11 34 2.181724
11 20 1.0247097
11 2 0.9009438
11 37 1.520335
11 7 6.3700423
11 27 0.6290814
11 16 0.8352425
11 25 0.81110597
12 26 2.137482
12 28 2.6359234
12 32 0.21484101
12 10 8.020446
12 24 0.08107819
12 21 0.06874084
12 3 0.051186755
12 1 73.35208
13 30 1.257225
13 0 0.7100042
13 8 3.7386072
13 18 2102.2917
13 33 0.764243
13 11 0.70505786
13 29 0.85967094
13 5 533.3334
13 34 17.979944
13 20 0.7073589
13 2 0.27982876
13 14 2.830509
13 37 1.6189709
13 27 0.51478577
13 16 462.01666
13 25 0.45331386
14 20 2.400422
14 13 2.830509
14 27 8.751862
14 33 0.5207111
14 11 2000.0
14 25 2.4312887
15 32 0.08348902
15 21 1.0369354
16 30 1.1220353
16 0 2000.0
16 8 1.4704264
16 18 0.8176603
16 13 462.01666
16 11 0.8352425
16 29 17.59044
16 5 1.7178742
16 20 9.929348
16 37 22.553253
16 7 1.2130773
16 27 1.5747852
16 23 5.8775425
16 25 1.1449406
17 26 1.8451707
17 6 1.1191189
17 10 0.032955147
17 24 0.29301086
17 31 1.3029993
17 9 0.03931681
17 4 0.111784
17 19 2.5619543
18 30 0.9749678
18 2 8.11209
18 8 0.9737239
18 37 1.0765661
18 7 2000.0
18 13 2102.2917
18 27 4.587024
18 16 0.8176603
18 23 1.0701424
18 11 8.645317
18 29 1.1111196
18 5 0.38382655
19 31 0.08184613
19 9 0.06573002
19 17 2.5619543
19 4 0.099842735
20 30 22.312895
20 13 0.7073589
20 33 1.1742289
20 11 1.0247097
20 29 3.977664
20 5 1.9716711
20 34 0.7977077
20 2 2.8998616
20 14 2.400422
20 37 3.3334773
20 7 1.9034042
20 27 0.6112139
20 16 9.929348
20 25 0.30300665
21 26 2000.0
21 32 2000.0
21 10 2000.0
21 24 0.47588408
21 35 0.04750967
21 12 0.06874084
21 15 1.0369354
22 6 1649.5454
22 31 1105.6818
22 9 0.23736404
22 19 1377.7842
23 0 2000.0
23 30 1.4229771
23 2 66.66667
23 8 1.2579395
23 37 2.4152868
23 18 1.0701424
23 7 1.4944694
23 16 5.8775425
23 11 2000.0
23 29 3.91619
23 5 2.818426
24 26 0.054514777
24 32 0.11065513
24 10 0.040740315
24 21 0.47588408
24 31 6.6953783
24 12 0.08107819
24 15 2000.0
24 17 0.29301086
25 30 1.3052044
25 13 0.45331386
25 33 0.43615338
25 11 0.81110597
25 29 3.8826218
25 34 3.6561449
25 20 0.30300665
25 2 2.032211
25 14 2.4312887
25 37 80.7048
25 7 3.8840332
25 27 0.49316075
25 16 1.1449406
26 32 22.004131
26 28 0.063001625
26 10 0.031341646
26 24 0.054514777
26 31 0.07512504
26 12 2.137482
26 17 1.8451707
27 0 2000.0
27 30 0.1474273
27 8 3.3024657
27 18 4.587024
27 13 0.51478577
27 33 0.79609257
27 11 0.6290814
27 29 0.6450544
27 5 1.6023153
27 34 1.268308
27 20 0.6112139
27 2 0.5510957
27 14 8.751862
27 37 1.9929578
27 7 514.4215
27 16 1.5747852
27 23 2000.0
27 25 0.49316075
28 36 0.057514403
28 26 0.063001625
28 10 0.35927352
28 3 0.0689004
28 12 2.6359234
28 9 3.4782057
29 0 9.9712515
29 30 9.948621
29 8 1.7441297
29 18 1.1111196
29 13 0.85967094
29 11 1.3385104
29 5 6.1170554
29 34 3.8926048
29 20 3.977664
29 2 1.0541122
29 37 1.4430358
29 7 2000.0
29 27 0.6450544
29 16 17.59044
29 23 3.91619
29 25 3.8826218
30 0 2000.0
30 8 3.0883071
30 18 0.9749678
30 13 1.257225
30 33 2.8447945
30 11 0.7046075
30 29 9.948621
30 5 0.69225043
30 34 2.660583
30 20 22.312895
30 2 23.436247
30 14 2000.0
30 37 8.480031
30 7 0.97164166
30 27 0.1474273
30 16 1.1220353
30 23 1.4229771
30 25 1.3052044
31 26 0.07512504
31 6 0.58938724
31 10 0.034975786
31 24 6.6953783
31 9 0.039939027
31 17 1.3029993
31 4 0.08548839
31 19 0.08184613
32 26 22.004131
32 24 0.11065513
32 12 0.21484101
32 15 0.08348902
33 34 2000.0
33 30 2.8447945
33 20 1.1742289
33 2 2.1368203
33 14 0.5207111
33 7 2000.0
33 13 0.764243
33 27 0.79609257
33 16 2000.0
33 11 1.9590775
33 29 1363.2386
33 25 0.43615338
34 30 2.660583
34 20 0.7977077
34 8 4.5986114
34 13 17.979944
34 7 14.544063
34 27 1.268308
34 16 1215.0568
34 11 2.181724
34 25 3.6561449
34 29 3.8926048
34 5 0.9790355
35 21 0.04750967
36 26 2000.0
36 28 0.057514403
36 3 0.4090909
36 9 1.5882784
37 30 8.480031
37 0 0.7782044
37 8 1.1024306
37 18 1.0765661
37 13 1.6189709
37 11 1.520335
37 29 1.4430358
37 20 3.3334773
37 2 0.9094565
37 7 11.187596
37 27 1.9929578
37 16 22.553253
37 23 2.4152868
37 25 80.7048
