0 8 6.4433546
0 2 1.6555408
0 37 1.010611
0 13 1.0441577
0 11 50.882576
0 29 10.97561
1 3 0.23391826
1 12 72.12955
2 30 11.314748
2 0 1.6555408
2 8 1.1123995
2 18 5.152628
2 13 0.25378168
2 33 1.7466048
2 11 0.9784711
2 29 0.93482924
2 20 1.8397975
2 37 0.90002
2 27 0.5610055
2 16 2000.0
2 23 32.91845
2 25 1.1845238
3 36 0.35724816
3 28 0.1436634
3 24 400.0
3 12 0.061202213
3 1 0.23391826
3 9 0.27193028
4 31 0.08029237
4 9 0.04780177
4 17 0.08757139
4 19 0.081059024
5 30 0.52956474
5 8 0.5862938
5 18 0.58921355
5 13 2000.0
5 11 3.3858352
5 29 3.7219481
5 34 1.6074293
5 20 2.177799
5 37 2000.0
5 7 3.8330307
5 27 1.8135146
5 16 1.8771845
5 23 3.8012543
6 31 1.653147
6 17 1.816984
7 34 18.125317
7 30 0.71475345
7 20 1.5862756
7 8 17.318544
7 37 13.752779
7 27 100.0
7 16 1.0440253
7 11 8.788519
7 23 1.1852783
7 25 12.253385
7 5 3.8330307
8 0 6.4433546
8 30 0.5770678
8 18 0.8562633
8 13 2.6690536
8 11 0.4455182
8 29 0.79320663
8 5 0.5862938
8 34 6.3287587
8 2 1.1123995
8 37 0.86714727
8 7 17.318544
8 27 1.1105304
8 16 1.1698868
8 23 1.221971
9 36 1.2330507
9 26 2000.0
9 28 1.1119157
9 10 12.941406
9 22 0.4400912
9 31 0.029759528
9 3 0.27193028
9 17 0.043244187
9 4 0.04780177
9 19 0.0667185
10 26 0.032479506
10 28 0.29327455
10 24 0.0488523
10 31 0.05198052
10 12 17.729185
10 9 12.941406
10 17 0.031207861
11 0 50.882576
11 30 0.44380814
11 8 0.4455182
11 18 6.761332
11 13 0.67594695
11 33 1.8177824
11 29 1.0738637
11 5 3.3858352
11 34 2.7431822
11 20 0.85963935
11 2 0.9784711
11 37 1.3263494
11 7 8.788519
11 27 0.5694768
11 16 0.9464894
11 25 0.93326765
12 26 0.9631995
12 28 6.6482353
12 32 0.16538957
12 10 17.729185
12 24 0.07358744
12 21 0.067512825
12 3 0.061202213
12 1 72.12955
13 30 2.1587553
13 0 1.0441577
13 8 2.6690536
13 18 485.45737
13 33 0.89265054
13 11 0.67594695
13 29 3.272928
13 34 8.689382
13 20 0.52928525
13 2 0.25378168
13 14 2.4290252
13 37 1.7109683
13 27 0.33972323
13 16 4408.8066
13 25 0.6217614
14 20 2.5271227
14 13 2.4290252
14 33 0.43229467
14 27 3.6436534
14 11 2000.0
14 25 1.2753677
15 32 0.06649735
15 21 1.081129
16 0 2000.0
16 30 1.0670038
16 8 1.1698868
16 18 0.82711184
16 11 0.9464894
16 29 34.172565
16 5 1.8771845
16 20 8.394944
16 37 37.174313
16 7 1.0440253
16 27 1.2173148
16 23 9.8407755
16 25 1.0801309
17 26 1.9989688
17 6 1.816984
17 10 0.031207861
17 24 0.2617695
17 31 1.3292243
17 9 0.043244187
17 4 0.08757139
17 19 2.444059
18 30 0.76963764
18 0 2000.0
18 8 0.8562633
18 13 485.45737
18 11 6.761332
18 29 1.1232795
18 5 0.58921355
18 2 5.152628
18 37 1.2153796
18 7 2000.0
18 27 3.1179585
18 16 0.82711184
18 23 1.1724491
19 31 0.082488365
19 9 0.0667185
19 17 2.444059
19 4 0.081059024
20 30 10.564097
20 13 0.52928525
20 33 1.6718571
20 11 0.85963935
20 29 3.5254235
20 5 2.177799
20 34 0.90095514
20 2 1.8397975
20 14 2.5271227
20 37 2.0092204
20 7 1.5862756
20 27 1.0548267
20 16 8.394944
20 25 0.56599057
21 10 2000.0
21 24 0.8118698
21 35 0.05946857
21 12 0.067512825
21 15 1.081129
22 6 1586.9319
22 31 137.99773
22 9 0.4400912
22 19 1329.4886
23 0 2000.0
23 30 1.4908589
23 2 32.91845
23 8 1.221971
23 37 2.4592428
23 18 1.1724491
23 7 1.1852783
23 16 9.8407755
23 11 2000.0
23 29 4.907705
23 5 3.8012543
24 26 0.067196205
24 32 0.09395037
24 10 0.0488523
24 21 0.8118698
24 31 13.031938
24 12 0.07358744
24 3 400.0
24 15 2000.0
24 17 0.2617695
25 30 2.5062776
25 13 0.6217614
25 33 0.3421405
25 11 0.93326765
25 29 4.7752895
25 5 2000.0
25 34 1.3036516
25 20 0.56599057
25 2 1.1845238
25 14 1.2753677
25 37 20.86089
25 7 12.253385
25 27 0.6457213
25 16 1.0801309
26 32 34.704823
26 28 0.03162605
26 10 0.032479506
26 24 0.067196205
26 31 0.081291914
26 12 0.9631995
26 17 1.9989688
27 0 2000.0
27 30 0.22388506
27 8 1.1105304
27 18 3.1179585
27 13 0.33972323
27 33 1.2624016
27 11 0.5694768
27 29 0.3269933
27 5 1.8135146
27 34 1.3477603
27 20 1.0548267
27 2 0.5610055
27 14 3.6436534
27 37 1.3944753
27 7 100.0
27 16 1.2173148
27 25 0.6457213
28 36 0.04539956
28 26 0.03162605
28 10 0.29327455
28 3 0.1436634
28 12 6.6482353
28 9 1.1119157
29 0 10.97561
29 30 1.7633913
29 8 0.79320663
29 18 1.1232795
29 13 3.272928
29 11 1.0738637
29 5 3.7219481
29 34 12.396023
29 20 3.5254235
29 2 0.93482924
29 37 0.8102572
29 7 2000.0
29 27 0.3269933
29 16 34.172565
29 23 4.907705
29 25 4.7752895
30 0 2000.0
30 8 0.5770678
30 18 0.76963764
30 13 2.1587553
30 33 3.0789275
30 11 0.44380814
30 29 1.7633913
30 5 0.52956474
30 34 1.2881894
30 20 10.564097
30 2 11.314748
30 14 2000.0
30 37 4.116216
30 7 0.71475345
30 27 0.22388506
30 16 1.0670038
30 23 1.4908589
30 25 2.5062776
31 26 0.081291914
31 6 1.653147
31 10 0.05198052
31 24 13.031938
31 22 137.99773
31 9 0.029759528
31 17 1.3292243
31 4 0.08029237
31 19 0.082488365
32 26 34.704823
32 24 0.09395037
32 12 0.16538957
32 15 0.06649735
33 30 3.0789275
33 8 2000.0
33 13 0.89265054
33 11 1.8177824
33 29 2000.0
33 34 2000.0
33 20 1.6718571
33 2 1.7466048
33 14 0.43229467
33 7 2000.0
33 27 1.2624016
33 16 2000.0
33 25 0.3421405
34 30 1.2881894
34 20 0.90095514
34 8 6.3287587
34 13 8.689382
34 7 18.125317
34 27 1.3477603
34 16 1215.0568
34 11 2.7431822
34 25 1.3036516
34 29 12.396023
34 5 1.6074293
35 21 0.05946857
36 26 2000.0
36 28 0.04539956
36 3 0.35724816
36 9 1.2330507
37 30 4.116216
37 0 1.010611
37 8 0.86714727
37 18 1.2153796
37 13 1.7109683
37 11 1.3263494
37 29 0.8102572
37 20 2.0092204
37 2 0.90002
37 7 13.752779
37 27 1.3944753
37 16 37.174313
37 23 2.4592428
37 25 20.86089
