0 2 1.1457038
0 37 2.1581597
0 13 1.0014166
0 29 20.434519
0 25 25.476738
1 3 0.99868894
1 12 22.688965
2 30 25.702898
2 0 1.1457038
2 8 1.2491562
2 18 2.011516
2 13 0.60860115
2 33 2.0868413
2 11 1.0940652
2 29 1.7786896
2 20 2.4802887
2 37 0.88243806
2 27 1.1385397
2 16 2000.0
2 23 12.613154
2 25 0.40037876
3 36 0.31779122
3 28 20.466516
3 24 225.00002
3 12 0.06190015
3 1 0.99868894
3 9 0.77104574
4 31 0.07195224
4 9 0.08585486
4 17 0.109433725
4 19 0.06665602
5 30 0.5393279
5 8 0.6422527
5 18 0.9693905
5 13 30.544044
5 11 3.19931
5 29 4.1634912
5 34 1.9787691
5 20 4.043443
5 37 10.825481
5 7 25.683218
5 27 2.7758994
5 16 1.4399143
5 23 2.0005014
5 25 2000.0
6 31 0.17876048
6 17 5.377622
7 34 128.57143
7 30 0.98759526
7 20 134.26224
7 8 6.2302055
7 37 91.99188
7 16 1.3282987
7 23 1.8991764
7 25 4.432573
7 5 25.683218
8 0 2000.0
8 30 0.3122624
8 18 1.2636727
8 13 0.8590026
8 11 0.7601828
8 29 0.521395
8 5 0.6422527
8 34 22.32564
8 2 1.2491562
8 37 1.0781296
8 7 6.2302055
8 27 1.2675816
8 16 1.5876235
8 23 0.9107985
8 25 2000.0
9 36 0.5569275
9 26 2000.0
9 28 1.2224432
9 10 25.082863
9 22 0.055792686
9 31 0.034429897
9 3 0.77104574
9 12 2000.0
9 4 0.08585486
9 17 0.043411683
9 19 0.0737196
10 26 0.04401427
10 28 0.26913175
10 24 0.11552017
10 31 23.312094
10 12 1761.7046
10 9 25.082863
10 17 0.030662037
11 0 2000.0
11 30 0.4865383
11 8 0.7601828
11 18 6.8666863
11 13 0.90687597
11 33 2.1506422
11 29 1.0459522
11 5 3.19931
11 34 1.92556
11 20 1.434213
11 2 1.0940652
11 37 1.3265778
11 7 1661.3636
11 27 0.60258555
11 16 1.2118044
11 25 0.5218329
12 26 0.73475605
12 32 6.60373
12 24 0.07172661
12 21 0.114590615
12 3 0.06190015
12 1 22.688965
13 30 89.59766
13 0 1.0014166
13 8 0.8590026
13 18 99.47018
13 33 1.1575844
13 11 0.90687597
13 29 1.0227273
13 5 30.544044
13 34 200.0
13 20 1.0411025
13 2 0.60860115
13 14 6.383295
13 37 1.6809013
13 7 2000.0
13 27 0.5208505
13 16 38.560486
13 25 0.23913534
14 30 8.253435
14 20 1.8730667
14 13 6.383295
14 27 12.73641
14 33 0.33930475
14 11 2000.0
14 25 3.341263
15 32 0.06984128
15 21 10.789015
16 0 2000.0
16 30 1.0886285
16 8 1.5876235
16 18 1.1021899
16 13 38.560486
16 11 1.2118044
16 5 1.4399143
16 34 104.09941
16 20 44.17365
16 7 1.3282987
16 27 1.4309437
16 23 2.5251532
16 25 0.82650447
17 6 5.377622
17 26 1.6597384
17 10 0.030662037
17 24 0.13550712
17 31 0.9471525
17 9 0.043411683
17 4 0.109433725
17 19 44.84301
18 0 2000.0
18 30 0.6524796
18 8 1.2636727
18 13 99.47018
18 11 6.8666863
18 29 0.94260097
18 5 0.9693905
18 2 2.011516
18 37 2.4106672
18 7 2000.0
18 27 17.880728
18 16 1.1021899
18 23 1.2683861
19 31 0.08005896
19 9 0.0737196
19 17 44.84301
19 4 0.06665602
20 30 1.574791
20 13 1.0411025
20 33 0.9759286
20 11 1.434213
20 29 9.285932
20 5 4.043443
20 34 0.80626
20 2 2.4802887
20 14 1.8730667
20 37 2.7411733
20 7 134.26224
20 27 1.6992332
20 16 44.17365
20 25 0.3156613
21 26 2000.0
21 32 2000.0
21 24 0.6614901
21 35 0.030499505
21 31 2000.0
21 12 0.114590615
21 15 10.789015
22 31 300.0
22 9 0.055792686
22 19 2000.0
23 0 2000.0
23 30 1.5457196
23 8 0.9107985
23 2 12.613154
23 37 2.7331
23 18 1.2683861
23 7 1.8991764
23 16 2.5251532
23 11 2000.0
23 29 1.3764665
23 5 2.0005014
24 26 0.054192156
24 32 0.41534272
24 10 0.11552017
24 21 0.6614901
24 3 225.00002
24 12 0.07172661
24 15 2000.0
24 17 0.13550712
25 30 20.60694
25 0 25.476738
25 13 0.23913534
25 33 0.8056324
25 11 0.5218329
25 29 1.4101101
25 34 2.5684395
25 20 0.3156613
25 2 0.40037876
25 14 3.341263
25 37 30.232141
25 7 4.432573
25 27 0.2507687
25 16 0.82650447
26 32 133.33334
26 28 0.08101881
26 10 0.04401427
26 24 0.054192156
26 31 0.0737818
26 12 0.73475605
26 17 1.6597384
27 30 0.2480694
27 0 2000.0
27 8 1.2675816
27 18 17.880728
27 13 0.5208505
27 33 0.8858808
27 11 0.60258555
27 29 0.8905681
27 5 2.7758994
27 34 1.0325131
27 20 1.6992332
27 2 1.1385397
27 14 12.73641
27 37 0.8669919
27 7 3010.4546
27 16 1.4309437
27 25 0.2507687
28 36 0.03765835
28 26 0.08101881
28 10 0.26913175
28 3 20.466516
28 12 1686.1932
28 9 1.2224432
28 19 1360.7386
29 0 20.434519
29 30 2.0968223
29 8 0.521395
29 18 0.94260097
29 13 1.0227273
29 33 22.575066
29 11 1.0459522
29 5 4.1634912
29 34 3.82528
29 20 9.285932
29 2 1.7786896
29 37 0.76315796
29 7 2000.0
29 27 0.8905681
29 16 2000.0
29 23 1.3764665
29 25 1.4101101
30 8 0.3122624
30 18 0.6524796
30 13 89.59766
30 33 7.6053653
30 11 0.4865383
30 29 2.0968223
30 5 0.5393279
30 34 0.8564
30 20 1.574791
30 2 25.702898
30 14 8.253435
30 37 20.545527
30 7 0.98759526
30 27 0.2480694
30 16 1.0886285
30 23 1.5457196
30 25 20.60694
31 26 0.0737818
31 6 0.17876048
31 10 23.312094
31 35 46.564514
31 22 300.0
31 9 0.034429897
31 4 0.07195224
31 17 0.9471525
31 19 0.08005896
32 26 133.33334
32 24 0.41534272
32 12 6.60373
32 15 0.06984128
33 30 7.6053653
33 8 2000.0
33 13 1.1575844
33 11 2.1506422
33 29 22.575066
33 5 2000.0
33 34 2000.0
33 20 0.9759286
33 2 2.0868413
33 14 0.33930475
33 7 2000.0
33 27 0.8858808
33 16 3017.898
33 25 0.8056324
34 30 0.8564
34 20 0.80626
34 8 22.32564
34 37 2000.0
34 7 128.57143
34 13 200.0
34 27 1.0325131
34 16 104.09941
34 11 1.92556
34 29 3.82528
34 25 2.5684395
34 5 1.9787691
35 21 0.030499505
35 31 46.564514
36 28 0.03765835
36 3 0.31779122
36 9 0.5569275
37 30 20.545527
37 0 2.1581597
37 8 1.0781296
37 18 2.4106672
37 13 1.6809013
37 11 1.3265778
37 29 0.76315796
37 5 10.825481
37 20 2.7411733
37 2 0.88243806
37 7 91.99188
37 27 0.8669919
37 16 2000.0
37 23 2.7331
37 25 30.232141
