0 2 1.354082
0 37 2.3777947
0 13 1.5072314
0 29 32.95386
0 25 11.32113
1 3 0.9590518
1 12 1365.5115
2 30 11.049284
2 0 1.354082
2 8 1.2713948
2 18 2.1702154
2 13 0.3686675
2 33 2.5246642
2 11 1.3423624
2 29 0.9224313
2 20 3.2342393
2 37 0.80103046
2 27 0.59389144
2 16 2000.0
2 23 6.0983014
2 25 0.48508522
3 36 0.35909554
3 28 11.021307
3 24 1247.2727
3 12 0.049703136
3 1 0.9590518
3 9 0.5606557
4 31 0.06828097
4 9 0.08633585
4 17 0.10907583
4 19 0.08192445
5 30 0.87336284
5 8 0.9057113
5 18 0.52487135
5 13 26.442566
5 11 2.136208
5 29 4.3365784
5 34 1.8640697
5 20 2.2866893
5 37 7.7785406
5 7 14.922439
5 27 1.4936869
5 16 1.2594831
5 23 2.502175
5 25 2000.0
6 31 0.17303886
6 17 1.0837971
7 34 150.0
7 30 0.7728738
7 20 52.63158
7 8 9.407608
7 37 100.0
7 16 1.2516117
7 23 1.2454168
7 25 7.2227454
7 5 14.922439
8 0 2000.0
8 30 0.95537966
8 18 1.2821465
8 13 2.5454736
8 11 1.3099704
8 29 1.4542024
8 5 0.9057113
8 34 56.988712
8 2 1.2713948
8 37 1.6242385
8 7 9.407608
8 27 2.3344584
8 16 1.5956179
8 23 1.1298044
8 25 2000.0
9 36 0.6439175
9 28 2.4504476
9 10 90.00001
9 22 0.048147295
9 31 0.029187296
9 3 0.5606557
9 12 2000.0
9 4 0.08633585
9 17 0.041958217
9 19 0.079269595
10 26 0.030792676
10 28 0.27227274
10 24 0.090752445
10 31 18.828083
10 12 1143.8636
10 9 90.00001
10 17 0.029409414
11 0 2000.0
11 30 0.7320121
11 8 1.3099704
11 18 6.711035
11 13 0.8647256
11 33 2.0839455
11 29 0.65074456
11 5 2.136208
11 34 2.7678375
11 20 1.3529528
11 2 1.3423624
11 37 1.3622539
11 7 5245.341
11 27 0.7219375
11 16 0.9663032
11 25 0.87048405
12 26 0.7884768
12 32 6.325
12 28 79.27091
12 24 0.071498394
12 21 0.124364436
12 3 0.049703136
12 1 1365.5115
13 30 89.56038
13 0 1.5072314
13 8 2.5454736
13 18 420.6891
13 33 0.96393895
13 11 0.8647256
13 29 1.0638639
13 5 26.442566
13 34 2177.2727
13 20 1.0327926
13 2 0.3686675
13 14 6.6104283
13 37 1.7054502
13 7 2000.0
13 27 0.34911358
13 16 51.135303
13 25 0.2592604
14 30 7.6591573
14 20 1.9826955
14 13 6.6104283
14 27 6.1650205
14 33 0.5115233
14 11 2000.0
14 25 1.5462058
15 32 0.06618315
15 21 11.35
16 30 1.1360343
16 0 2000.0
16 8 1.5956179
16 18 1.2512007
16 13 51.135303
16 11 0.9663032
16 5 1.2594831
16 34 41.209354
16 20 23.425135
16 7 1.2516117
16 27 1.3207988
16 23 2.26948
16 25 1.1566064
17 6 1.0837971
17 26 1.4321496
17 10 0.029409414
17 24 0.18766004
17 31 0.9877302
17 9 0.041958217
17 4 0.10907583
17 19 27.347822
18 0 2000.0
18 30 0.6441878
18 8 1.2821465
18 13 420.6891
18 11 6.711035
18 29 1.196408
18 5 0.52487135
18 2 2.1702154
18 37 2.4686558
18 7 2000.0
18 27 35.230198
18 16 1.2512007
18 23 1.211756
19 28 198.91042
19 31 0.095467165
19 9 0.079269595
19 4 0.08192445
19 17 27.347822
20 30 1.654858
20 13 1.0327926
20 33 1.6365249
20 11 1.3529528
20 29 7.6935782
20 5 2.2866893
20 34 0.9939761
20 2 3.2342393
20 14 1.9826955
20 37 3.6492157
20 7 52.63158
20 27 2.5977657
20 16 23.425135
20 25 0.9211035
21 32 2000.0
21 24 1.4883715
21 35 0.030020494
21 31 2000.0
21 12 0.124364436
21 15 11.35
22 31 95.99999
22 9 0.048147295
22 19 2000.0
23 0 2000.0
23 30 1.519853
23 8 1.1298044
23 2 6.0983014
23 37 1.4455743
23 18 1.211756
23 7 1.2454168
23 16 2.26948
23 11 2000.0
23 29 4.1137495
23 5 2.502175
24 26 0.041450493
24 32 0.40446192
24 10 0.090752445
24 21 1.4883715
24 12 0.071498394
24 15 2000.0
24 17 0.18766004
25 0 11.32113
25 30 18.990211
25 13 0.2592604
25 33 0.63002676
25 11 0.87048405
25 29 1.9461195
25 34 2.9168897
25 20 0.9211035
25 2 0.48508522
25 14 1.5462058
25 37 50.0
25 7 7.2227454
25 27 0.30188686
25 16 1.1566064
26 32 11.876007
26 28 0.07184157
26 10 0.030792676
26 24 0.041450493
26 31 0.12599453
26 12 0.7884768
26 17 1.4321496
27 30 0.27137136
27 0 2000.0
27 8 2.3344584
27 18 35.230198
27 13 0.34911358
27 33 0.746321
27 11 0.7219375
27 29 0.82812417
27 5 1.4936869
27 34 1.0440387
27 20 2.5977657
27 2 0.59389144
27 14 6.1650205
27 37 1.2101653
27 7 2000.0
27 16 1.3207988
27 25 0.30188686
28 36 0.034429982
28 26 0.07184157
28 10 0.27227274
28 3 11.021307
28 12 79.27091
28 9 2.4504476
28 19 198.91042
29 0 32.95386
29 30 3.2587173
29 8 1.4542024
29 18 1.196408
29 13 1.0638639
29 33 23.196085
29 11 0.65074456
29 5 4.3365784
29 34 4.096614
29 20 7.6935782
29 2 0.9224313
29 37 0.64262664
29 7 2000.0
29 27 0.82812417
29 16 2000.0
29 23 4.1137495
29 25 1.9461195
30 8 0.95537966
30 18 0.6441878
30 13 89.56038
30 33 7.9151783
30 11 0.7320121
30 29 3.2587173
30 5 0.87336284
30 34 1.2344471
30 20 1.654858
30 2 11.049284
30 14 7.6591573
30 37 28.764446
30 7 0.7728738
30 27 0.27137136
30 16 1.1360343
30 23 1.519853
30 25 18.990211
31 26 0.12599453
31 6 0.17303886
31 10 18.828083
31 35 71.8334
31 22 95.99999
31 9 0.029187296
31 4 0.06828097
31 17 0.9877302
31 19 0.095467165
32 26 11.876007
32 24 0.40446192
32 21 2000.0
32 12 6.325
32 15 0.06618315
33 30 7.9151783
33 8 2000.0
33 13 0.96393895
33 11 2.0839455
33 29 23.196085
33 5 2000.0
33 34 2000.0
33 20 1.6365249
33 2 2.5246642
33 14 0.5115233
33 7 2000.0
33 27 0.746321
33 16 3017.898
33 25 0.63002676
34 30 1.2344471
34 20 0.9939761
34 8 56.988712
34 37 2000.0
34 7 150.0
34 27 1.0440387
34 16 41.209354
34 11 2.7678375
34 29 4.096614
34 25 2.9168897
34 5 1.8640697
35 21 0.030020494
35 31 71.8334
36 28 0.034429982
36 3 0.35909554
36 9 0.6439175
37 30 28.764446
37 0 2.3777947
37 8 1.6242385
37 18 2.4686558
37 13 1.7054502
37 11 1.3622539
37 29 0.64262664
37 5 7.7785406
37 20 3.6492157
37 2 0.80103046
37 7 100.0
37 27 1.2101653
37 16 2000.0
37 23 1.4455743
37 25 50.0
