0 8 4.993881
0 2 1.3044596
0 37 0.8135845
0 13 0.528582
0 11 96.25717
0 29 15.781336
0 25 2000.0
1 3 0.24299854
1 12 1202.159
2 30 19.099274
2 0 1.3044596
2 8 1.3528597
2 18 11.05966
2 13 0.73309606
2 33 2.2684088
2 11 0.63008296
2 29 0.81831837
2 20 3.1822019
2 37 1.5119103
2 27 1.0010763
2 16 2000.0
2 23 19.615494
2 25 1.871427
3 36 0.35584676
3 28 0.0634044
3 24 261.93094
3 12 0.053095255
3 1 0.24299854
3 9 0.33832386
4 31 0.080558024
4 9 0.04871017
4 17 0.07967467
4 19 0.08644447
5 30 0.6769467
5 8 0.737345
5 18 0.5674824
5 13 2000.0
5 11 2.2116244
5 29 4.248268
5 34 1.5549442
5 20 1.253818
5 37 2000.0
5 7 6.9758854
5 27 1.5250517
5 16 1.3526949
5 23 7.9686275
6 31 1.0495845
6 17 1.2539681
7 34 6.0033765
7 30 0.7537229
7 20 1.02712
7 8 26.843023
7 37 9.349543
7 27 65.55266
7 16 0.9278028
7 11 4.2655063
7 23 1.2183614
7 25 8.547929
7 5 6.9758854
8 0 4.993881
8 30 0.8961908
8 18 0.97052735
8 13 2.1594884
8 11 0.55521953
8 29 0.59225076
8 5 0.737345
8 34 1.7320268
8 2 1.3528597
8 37 0.79888946
8 7 26.843023
8 27 2.2493687
8 16 1.3413857
8 23 1.0681239
9 36 1.3381276
9 26 2000.0
9 28 0.8315972
9 10 4.637839
9 22 0.30817267
9 31 0.029587397
9 3 0.33832386
9 17 0.043200146
9 4 0.04871017
9 19 0.063006215
10 26 0.03704359
10 28 0.1531941
10 24 0.046252478
10 31 0.051927306
10 12 9.267026
10 9 4.637839
10 17 0.0343566
11 0 96.25717
11 30 0.2917378
11 8 0.55521953
11 18 5.6504154
11 13 0.5347508
11 33 2.8779685
11 29 1.1576343
11 5 2.2116244
11 34 2.5142894
11 20 0.7209879
11 2 0.63008296
11 37 1.2450434
11 7 4.2655063
11 27 0.29591277
11 16 0.73797965
11 25 1.2419034
12 26 1.078704
12 28 5.8605347
12 32 0.21652947
12 10 9.267026
12 24 0.07783381
12 21 0.07244078
12 3 0.053095255
13 30 3.202404
13 0 0.528582
13 8 2.1594884
13 18 1000.00006
13 33 0.9659091
13 11 0.5347508
13 29 0.6524129
13 34 9.25581
13 20 0.6624725
13 2 0.73309606
13 14 3.8285575
13 37 1.8757046
13 27 0.18390152
13 16 55.950024
13 25 0.49636206
14 20 1.4565125
14 13 3.8285575
14 27 2.2362425
14 33 0.38070586
14 11 2000.0
14 25 1.1311167
15 32 0.076167785
15 24 266.6667
15 21 1.2365596
16 30 1.1025708
16 0 2000.0
16 8 1.3413857
16 18 0.8089396
16 13 55.950024
16 11 0.73797965
16 29 34.163216
16 5 1.3526949
16 20 5.383344
16 37 19.378307
16 7 0.9278028
16 27 1.6471432
16 23 6.752267
16 25 1.5323294
17 26 1.877889
17 6 1.2539681
17 10 0.0343566
17 24 0.2053456
17 31 1.3108597
17 9 0.043200146
17 4 0.07967467
17 19 1.9833492
18 30 0.6884288
18 2 11.05966
18 8 0.97052735
18 37 1.3562118
18 13 1000.00006
18 7 2000.0
18 27 4.1899056
18 16 0.8089396
18 23 1.2862238
18 11 5.6504154
18 29 1.024905
18 5 0.5674824
19 31 0.08489117
19 9 0.063006215
19 17 1.9833492
19 4 0.08644447
20 30 6.72629
20 13 0.6624725
20 33 1.5791104
20 11 0.7209879
20 29 2.1138463
20 5 1.253818
20 34 0.91788423
20 2 3.1822019
20 14 1.4565125
20 37 2.067998
20 7 1.02712
20 27 0.35989898
20 16 5.383344
20 25 0.6012895
21 32 2000.0
21 10 2000.0
21 24 0.5205797
21 35 0.044631418
21 12 0.07244078
21 15 1.2365596
22 6 1141.4205
22 31 1478.0114
22 9 0.30817267
22 19 1330.5114
23 0 2000.0
23 30 1.4130644
23 2 19.615494
23 8 1.0681239
23 37 1.9072229
23 18 1.2862238
23 7 1.2183614
23 16 6.752267
23 11 2000.0
23 29 2.5849442
23 5 7.9686275
24 26 0.08007218
24 32 0.09379193
24 10 0.046252478
24 21 0.5205797
24 31 7.4386554
24 12 0.07783381
24 3 261.93094
24 15 266.6667
24 17 0.2053456
25 0 2000.0
25 30 2.289368
25 13 0.49636206
25 33 0.33377752
25 11 1.2419034
25 29 2.1126635
25 34 1.5384345
25 20 0.6012895
25 2 1.871427
25 14 1.1311167
25 37 17.910105
25 7 8.547929
25 27 0.5013542
25 16 1.5323294
26 36 108.50598
26 32 20.556818
26 28 0.06215146
26 10 0.03704359
26 24 0.08007218
26 31 0.07545641
26 12 1.078704
26 17 1.877889
27 0 2000.0
27 30 0.21937484
27 8 2.2493687
27 18 4.1899056
27 13 0.18390152
27 33 0.7504092
27 11 0.29591277
27 29 0.68348485
27 5 1.5250517
27 34 1.3522304
27 20 0.35989898
27 2 1.0010763
27 14 2.2362425
27 37 0.7605808
27 7 65.55266
27 16 1.6471432
27 25 0.5013542
28 36 0.055469807
28 26 0.06215146
28 10 0.1531941
28 3 0.0634044
28 12 5.8605347
28 9 0.8315972
29 0 15.781336
29 30 3.011181
29 8 0.59225076
29 18 1.024905
29 13 0.6524129
29 11 1.1576343
29 5 4.248268
29 34 6.1013756
29 20 2.1138463
29 2 0.81831837
29 37 0.8652901
29 7 2000.0
29 27 0.68348485
29 16 34.163216
29 23 2.5849442
29 25 2.1126635
30 0 2000.0
30 8 0.8961908
30 18 0.6884288
30 13 3.202404
30 33 1.1414288
30 11 0.2917378
30 29 3.011181
30 5 0.6769467
30 34 1.2171061
30 20 6.72629
30 2 19.099274
30 37 3.0126202
30 7 0.7537229
30 27 0.21937484
30 16 1.1025708
30 23 1.4130644
30 25 2.289368
31 26 0.07545641
31 6 1.0495845
31 10 0.051927306
31 24 7.4386554
31 9 0.029587397
31 17 1.3108597
31 4 0.080558024
31 19 0.08489117
32 26 20.556818
32 24 0.09379193
32 12 0.21652947
32 15 0.076167785
33 30 1.1414288
33 13 0.9659091
33 11 2.8779685
33 29 5608.125
33 5 2000.0
33 34 2000.0
33 20 1.5791104
33 2 2.2684088
33 14 0.38070586
33 7 2000.0
33 27 0.7504092
33 16 2000.0
33 25 0.33377752
34 30 1.2171061
34 20 0.91788423
34 8 1.7320268
34 13 9.25581
34 7 6.0033765
34 27 1.3522304
34 16 1215.0568
34 11 2.5142894
34 25 1.5384345
34 29 6.1013756
34 5 1.5549442
35 21 0.044631418
36 26 108.50598
36 28 0.055469807
36 3 0.35584676
36 9 1.3381276
37 30 3.0126202
37 0 0.8135845
37 8 0.79888946
37 18 1.3562118
37 13 1.8757046
37 11 1.2450434
37 29 0.8652901
37 20 2.067998
37 2 1.5119103
37 7 9.349543
37 27 0.7605808
37 16 19.378307
37 23 1.9072229
37 25 17.910105
