0 2 0.98003244
0 37 1.7991961
0 13 1.5378596
0 29 24.826136
0 25 19.618452
1 3 0.7871347
1 12 13.771518
2 30 387.1275
2 0 0.98003244
2 8 1.3143151
2 18 1.5802289
2 13 0.8266906
2 33 3.6526587
2 11 1.896436
2 29 1.2650497
2 5 2000.0
2 20 3.7522035
2 37 0.7863389
2 27 1.6444942
2 16 2000.0
2 23 19.394026
2 25 1.4134854
3 36 0.6374633
3 28 4.2569923
3 24 213.78606
3 12 0.06704005
3 1 0.7871347
3 9 0.5017778
4 31 0.07663113
4 9 0.08360476
4 17 0.211627
4 19 0.076136366
5 30 0.6967702
5 8 0.53586406
5 18 1.0032805
5 13 28.47279
5 11 2.5255191
5 29 1.4250225
5 34 2.6608264
5 20 3.6561944
5 37 13.836489
5 7 11.350156
5 27 3.5378711
5 16 1.4849952
5 23 2.8431818
5 25 2000.0
6 31 0.18736029
6 17 2.0363662
7 34 313.04352
7 30 0.68645126
7 20 34.754566
7 8 3.2248514
7 37 57.899014
7 16 1.2737902
7 23 1.3348293
7 25 3.515969
7 5 11.350156
8 0 2000.0
8 30 0.445
8 18 1.3016521
8 13 1.0183789
8 11 1.0839496
8 29 0.32024884
8 5 0.53586406
8 34 65.7521
8 2 1.3143151
8 37 0.940648
8 7 3.2248514
8 27 0.97022724
8 16 1.778436
8 23 1.0401343
8 25 2000.0
9 36 0.46974018
9 28 0.5944701
9 10 19.606846
9 22 0.04768154
9 31 0.030252136
9 3 0.5017778
9 12 2000.0
9 4 0.08360476
9 17 0.036079545
9 19 0.08064182
10 26 0.030499127
10 28 0.23515399
10 24 0.06816451
10 31 17.19795
10 12 122.570854
10 9 19.606846
10 17 0.030361718
11 0 2000.0
11 30 2.0612
11 8 1.0839496
11 18 5.957083
11 13 2.4175656
11 33 2.08056
11 29 1.2861286
11 5 2.5255191
11 34 3.049819
11 20 1.4617922
11 2 1.896436
11 37 1.6150118
11 7 1767.5568
11 27 1.3394338
11 16 1.9493356
11 25 1.330498
12 26 0.71959615
12 32 7.4876833
12 10 122.570854
12 24 0.07381706
12 21 0.13523811
12 3 0.06704005
12 1 13.771518
13 30 144.5921
13 0 1.5378596
13 8 1.0183789
13 18 150.0
13 33 1.1565841
13 11 2.4175656
13 29 0.95621467
13 5 28.47279
13 34 99.89179
13 20 0.8854392
13 2 0.8266906
13 14 7.001712
13 37 1.0533862
13 7 2000.0
13 27 0.29632524
13 16 21.684736
13 25 0.28878883
14 30 10.5537405
14 20 3.8168964
14 13 7.001712
14 27 3.4881124
14 33 0.64566255
14 11 2000.0
14 25 3.3101816
15 32 0.06712718
15 21 5.1132455
16 30 1.1526152
16 0 2000.0
16 8 1.778436
16 18 1.0019974
16 13 21.684736
16 11 1.9493356
16 5 1.4849952
16 34 30.83104
16 20 67.21591
16 7 1.2737902
16 27 1.3427533
16 23 2.7155888
16 25 1.377298
17 6 2.0363662
17 26 1.439056
17 10 0.030361718
17 24 0.27283797
17 31 1.045828
17 9 0.036079545
17 4 0.211627
17 19 65.32219
18 30 0.74287367
18 0 2000.0
18 8 1.3016521
18 13 150.0
18 11 5.957083
18 29 0.9150662
18 5 1.0032805
18 2 1.5802289
18 37 2.3796437
18 7 2000.0
18 27 27.909327
18 16 1.0019974
18 23 1.1336987
19 31 0.081743665
19 9 0.08064182
19 4 0.076136366
19 17 65.32219
20 30 2.4461727
20 13 0.8854392
20 33 1.1579623
20 11 1.4617922
20 29 3.812911
20 5 3.6561944
20 34 1.0476373
20 2 3.7522035
20 14 3.8168964
20 37 3.3518527
20 7 34.754566
20 27 0.77919966
20 16 67.21591
20 25 0.52482665
21 32 2000.0
21 10 2000.0
21 24 0.9359241
21 35 0.06987287
21 12 0.13523811
21 15 5.1132455
22 31 2000.0
22 9 0.04768154
22 19 2000.0
23 0 2000.0
23 30 3.1537752
23 8 1.0401343
23 2 19.394026
23 37 1.5561092
23 18 1.1336987
23 7 1.3348293
23 16 2.7155888
23 11 2000.0
23 29 0.97337663
23 5 2.8431818
24 26 0.04022283
24 32 0.42976642
24 10 0.06816451
24 21 0.9359241
24 12 0.07381706
24 3 213.78606
24 15 2000.0
24 17 0.27283797
25 30 23.257528
25 0 19.618452
25 13 0.28878883
25 33 0.6161551
25 11 1.330498
25 29 3.8733647
25 34 2.7201705
25 20 0.52482665
25 2 1.4134854
25 14 3.3101816
25 37 43.343395
25 7 3.515969
25 27 0.31661293
25 16 1.377298
26 32 1210.2273
26 28 0.065249264
26 10 0.030499127
26 24 0.04022283
26 31 0.14271389
26 12 0.71959615
26 17 1.439056
27 0 2000.0
27 30 0.30631775
27 8 0.97022724
27 18 27.909327
27 13 0.29632524
27 33 0.9059364
27 11 1.3394338
27 29 0.7611984
27 5 3.5378711
27 34 1.7744539
27 20 0.77919966
27 2 1.6444942
27 14 3.4881124
27 37 1.0095617
27 7 2000.0
27 16 1.3427533
27 25 0.31661293
28 36 0.034036797
28 26 0.065249264
28 10 0.23515399
28 3 4.2569923
28 12 1209.4886
28 9 0.5944701
28 19 1368.1819
29 0 24.826136
29 30 2.602946
29 8 0.32024884
29 18 0.9150662
29 13 0.95621467
29 33 10.054274
29 11 1.2861286
29 5 1.4250225
29 34 2.7846205
29 20 3.812911
29 2 1.2650497
29 37 0.8639541
29 7 2000.0
29 27 0.7611984
29 16 2000.0
29 23 0.97337663
29 25 3.8733647
30 8 0.445
30 18 0.74287367
30 13 144.5921
30 33 8.556926
30 11 2.0612
30 29 2.602946
30 5 0.6967702
30 34 1.3829877
30 20 2.4461727
30 2 387.1275
30 14 10.5537405
30 37 37.929176
30 7 0.68645126
30 27 0.30631775
30 16 1.1526152
30 23 3.1537752
30 25 23.257528
31 26 0.14271389
31 6 0.18736029
31 10 17.19795
31 35 69.59375
31 22 2000.0
31 9 0.030252136
31 4 0.07663113
31 17 1.045828
31 19 0.081743665
32 24 0.42976642
32 12 7.4876833
32 15 0.06712718
33 30 8.556926
33 8 2000.0
33 13 1.1565841
33 11 2.08056
33 29 10.054274
33 5 2000.0
33 34 2000.0
33 20 1.1579623
33 2 3.6526587
33 14 0.64566255
33 7 2000.0
33 27 0.9059364
33 16 3017.898
33 25 0.6161551
34 30 1.3829877
34 20 1.0476373
34 8 65.7521
34 37 2000.0
34 7 313.04352
34 13 99.89179
34 27 1.7744539
34 16 30.83104
34 11 3.049819
34 29 2.7846205
34 25 2.7201705
34 5 2.6608264
35 21 0.06987287
35 31 69.59375
36 28 0.034036797
36 3 0.6374633
36 9 0.46974018
37 30 37.929176
37 0 1.7991961
37 8 0.940648
37 18 2.3796437
37 13 1.0533862
37 11 1.6150118
37 29 0.8639541
37 5 13.836489
37 20 3.3518527
37 2 0.7863389
37 7 57.899014
37 27 1.0095617
37 16 2000.0
37 23 1.5561092
37 25 43.343395
