0 8 5.6835694
0 2 1.3701968
0 37 0.9035536
0 13 0.6720663
0 11 200.0
0 29 10.859729
1 3 0.2219697
1 12 36.064774
2 30 5.1214414
2 0 1.3701968
2 8 1.9044168
2 18 15.496851
2 13 0.31365916
2 33 1.9828503
2 11 0.9691225
2 29 1.0510097
2 20 2.6576757
2 37 1.1733934
2 27 1.0106922
2 23 100.0
2 25 1.8509533
3 36 0.2825957
3 28 0.08862459
3 24 200.0
3 12 0.052884012
3 1 0.2219697
3 9 0.4305643
4 31 0.08417026
4 9 0.06648748
4 17 0.08842264
4 19 0.0873044
5 30 0.5333046
5 8 0.64500874
5 18 0.518925
5 13 238.26031
5 11 3.2722595
5 29 3.4988148
5 34 1.2597824
5 20 3.6190548
5 37 2000.0
5 7 3.1629977
5 27 2.6138499
5 16 1.8164485
5 23 4.7771363
6 31 0.5897055
6 17 1.3125869
7 34 9.386086
7 30 0.6119868
7 20 1.7416234
7 8 16.840586
7 37 19.292942
7 16 1.2272828
7 23 1.116383
7 11 6.584378
7 25 6.0496826
7 5 3.1629977
8 0 5.6835694
8 30 0.57773876
8 18 0.9627352
8 13 1.850893
8 11 0.73210776
8 29 0.58058614
8 5 0.64500874
8 34 3.3321624
8 2 1.9044168
8 37 0.6326865
8 7 16.840586
8 27 1.4404904
8 16 1.1207376
8 23 1.1036769
9 36 2.110412
9 26 2000.0
9 28 3.0860198
9 10 6.4491982
9 22 0.42437056
9 31 0.030104471
9 3 0.4305643
9 17 0.043125566
9 4 0.06648748
9 19 0.0664136
10 26 0.037921853
10 28 0.22951525
10 24 0.038553644
10 31 0.04981371
10 12 8.021872
10 9 6.4491982
10 17 0.02945527
11 0 200.0
11 30 0.5389701
11 8 0.73210776
11 18 5.735777
11 13 0.63348156
11 33 1.9497303
11 29 1.4822543
11 5 3.2722595
11 34 2.6839848
11 20 0.9352209
11 2 0.9691225
11 37 2.071789
11 7 6.584378
11 27 0.63011825
11 16 0.80911684
11 25 1.2754794
12 26 2.2005503
12 28 6.817583
12 32 0.41314387
12 10 8.021872
12 24 0.07262701
12 21 0.10003442
12 3 0.052884012
12 1 36.064774
13 30 0.82999265
13 0 0.6720663
13 8 1.850893
13 18 626.37067
13 33 1.1612233
13 11 0.63348156
13 29 0.76459056
13 5 238.26031
13 34 9.906666
13 20 0.52249444
13 2 0.31365916
13 14 2.1926045
13 37 1.9848399
13 27 0.19145498
13 16 122.18349
13 25 0.53542495
14 20 2.2144225
14 13 2.1926045
14 27 3.4563682
14 33 0.46554258
14 11 2000.0
14 25 2.1859503
15 32 0.07800707
15 24 266.6667
15 21 1.293144
16 30 1.0332705
16 0 2000.0
16 8 1.1207376
16 18 0.8655725
16 13 122.18349
16 11 0.80911684
16 29 60.660156
16 5 1.8164485
16 20 7.029575
16 37 53.10373
16 7 1.2272828
16 27 1.2024592
16 23 11.685061
16 25 1.306041
17 26 2.4357548
17 6 1.3125869
17 10 0.02945527
17 24 0.19155845
17 31 1.4645298
17 9 0.043125566
17 4 0.08842264
17 19 2.1395588
18 30 0.7352142
18 2 15.496851
18 8 0.9627352
18 37 1.0641334
18 13 626.37067
18 7 2000.0
18 27 2.896875
18 16 0.8655725
18 23 1.4374768
18 11 5.735777
18 29 0.7113205
18 5 0.518925
19 31 0.08768851
19 9 0.0664136
19 17 2.1395588
19 4 0.0873044
20 30 8.910014
20 13 0.52249444
20 33 1.4804397
20 11 0.9352209
20 29 2.9483166
20 5 3.6190548
20 34 0.8466007
20 2 2.6576757
20 14 2.2144225
20 37 1.6529039
20 7 1.7416234
20 27 0.423445
20 16 7.029575
20 25 0.5409122
21 32 2000.0
21 24 0.47388777
21 35 0.06204298
21 12 0.10003442
21 15 1.293144
22 6 1215.1136
22 31 131.19942
22 9 0.42437056
22 19 1374.2045
23 0 2000.0
23 30 1.4264464
23 2 100.0
23 8 1.1036769
23 37 1.9402015
23 18 1.4374768
23 7 1.116383
23 16 11.685061
23 11 2000.0
23 29 3.0535827
23 5 4.7771363
24 26 0.088494316
24 32 0.09990397
24 10 0.038553644
24 21 0.47388777
24 31 3.1010542
24 12 0.07262701
24 3 200.0
24 15 266.6667
24 17 0.19155845
25 0 2000.0
25 30 4.049203
25 13 0.53542495
25 33 0.48548597
25 11 1.2754794
25 29 1.4664965
25 34 2.063232
25 20 0.5409122
25 2 1.8509533
25 14 2.1859503
25 37 46.778095
25 7 6.0496826
25 27 0.8533884
25 16 1.306041
26 32 26.780327
26 28 0.18489021
26 10 0.037921853
26 24 0.088494316
26 31 0.07179252
26 12 2.2005503
26 17 2.4357548
27 0 2000.0
27 30 0.15841886
27 8 1.4404904
27 18 2.896875
27 13 0.19145498
27 33 0.841164
27 11 0.63011825
27 29 0.5502096
27 5 2.6138499
27 34 1.1950793
27 20 0.423445
27 2 1.0106922
27 14 3.4563682
27 37 0.48899415
27 7 2742.3862
27 16 1.2024592
27 25 0.8533884
28 36 0.051331967
28 26 0.18489021
28 10 0.22951525
28 3 0.08862459
28 12 6.817583
28 9 3.0860198
29 0 10.859729
29 30 3.7646263
29 8 0.58058614
29 18 0.7113205
29 13 0.76459056
29 33 339.042
29 11 1.4822543
29 5 3.4988148
29 34 7.4159393
29 20 2.9483166
29 2 1.0510097
29 37 0.93200123
29 7 2000.0
29 27 0.5502096
29 16 60.660156
29 23 3.0535827
29 25 1.4664965
30 0 2000.0
30 8 0.57773876
30 18 0.7352142
30 13 0.82999265
30 33 2.0947201
30 11 0.5389701
30 29 3.7646263
30 5 0.5333046
30 34 1.3098553
30 20 8.910014
30 2 5.1214414
30 37 3.3485925
30 7 0.6119868
30 27 0.15841886
30 16 1.0332705
30 23 1.4264464
30 25 4.049203
31 26 0.07179252
31 6 0.5897055
31 10 0.04981371
31 24 3.1010542
31 22 131.19942
31 9 0.030104471
31 17 1.4645298
31 4 0.08417026
31 19 0.08768851
32 26 26.780327
32 24 0.09990397
32 12 0.41314387
32 15 0.07800707
33 34 2000.0
33 30 2.0947201
33 20 1.4804397
33 2 1.9828503
33 14 0.46554258
33 7 2000.0
33 13 1.1612233
33 27 0.841164
33 16 2000.0
33 11 1.9497303
33 29 339.042
33 25 0.48548597
34 30 1.3098553
34 20 0.8466007
34 8 3.3321624
34 13 9.906666
34 7 9.386086
34 27 1.1950793
34 16 1215.0568
34 11 2.6839848
34 25 2.063232
34 29 7.4159393
34 5 1.2597824
35 21 0.06204298
36 26 2000.0
36 28 0.051331967
36 3 0.2825957
36 9 2.110412
37 30 3.3485925
37 0 0.9035536
37 8 0.6326865
37 18 1.0641334
37 13 1.9848399
37 11 2.071789
37 29 0.93200123
37 20 1.6529039
37 2 1.1733934
37 7 19.292942
37 27 0.48899415
37 16 53.10373
37 23 1.9402015
37 25 46.778095
