0 2 1.0790852
0 8 600.0
0 37 1.6321198
0 13 1.1150757
0 25 36.64037
0 29 48.805622
1 3 0.64434963
1 12 14.0661335
2 30 20.376314
2 0 1.0790852
2 8 1.9852078
2 18 2.2170236
2 13 0.59817296
2 33 1.7603152
2 11 1.0981016
2 29 1.3941456
2 20 3.630568
2 37 1.1447971
2 27 692.89777
2 16 2000.0
2 23 28.430895
2 25 0.579935
3 36 0.45080507
3 28 1227.2727
3 24 2000.0
3 12 0.07067321
3 1 0.64434963
3 9 0.81595314
4 31 0.067938454
4 9 0.07092045
4 17 0.14352143
4 19 0.07044318
5 30 0.70580447
5 8 0.9310475
5 18 0.9276415
5 13 28.593279
5 11 4.6918993
5 29 4.1713815
5 34 1.8067077
5 20 3.5899038
5 37 9.380873
5 7 16.158726
5 27 779.5454
5 16 2.0015693
5 23 2.6382575
5 25 2000.0
6 31 0.12574577
6 17 6.4711556
7 34 619.6329
7 30 2.3319952
7 20 62.280262
7 8 4.950521
7 37 411.99448
7 16 1.2270715
7 23 1.4577723
7 25 3.174453
7 5 16.158726
8 0 600.0
8 30 0.41419807
8 18 1.3120797
8 13 2.1251626
8 11 1.3192753
8 29 1.0338519
8 5 0.9310475
8 34 39.729397
8 2 1.9852078
8 37 1.6638386
8 7 4.950521
8 27 1067.7273
8 16 1.5577257
8 23 0.9904028
8 25 2000.0
9 36 1.2362326
9 26 2000.0
9 28 1.1587733
9 10 9.90363
9 22 0.14597012
9 31 0.029719124
9 12 2000.0
9 3 0.81595314
9 4 0.07092045
9 17 0.03242302
9 19 0.08560606
10 26 35.795452
10 28 0.56746215
10 24 0.082016386
10 31 1.4630989
10 12 1439.034
10 9 9.90363
10 17 0.03155738
11 0 2000.0
11 30 0.825064
11 8 1.3192753
11 18 2.3390834
11 13 1.4448291
11 33 2.1948988
11 29 1.1397315
11 5 4.6918993
11 34 2.7479439
11 20 1.528775
11 2 1.0981016
11 37 1.2116513
11 7 4195.511
11 27 692.89777
11 16 1.6443753
11 25 0.73684853
12 26 2000.0
12 32 16.785074
12 24 0.08563931
12 21 0.1526327
12 3 0.07067321
12 1 14.0661335
13 30 27.690536
13 0 1.1150757
13 8 2.1251626
13 18 27.596401
13 33 1.1718338
13 11 1.4448291
13 29 1.263619
13 5 28.593279
13 34 133.33334
13 20 0.92839193
13 2 0.59817296
13 14 6.2038684
13 37 1.8575585
13 7 2000.0
13 27 150.96591
13 16 139.16624
13 25 0.22983937
14 30 7.068139
14 20 4.0678687
14 13 6.2038684
14 27 5234.1475
14 33 1.330294
14 11 2000.0
14 25 2.4476886
15 32 0.069556095
15 21 17.625643
16 0 2000.0
16 30 1.0671123
16 8 1.5577257
16 18 1.2342181
16 13 139.16624
16 11 1.6443753
16 29 225.00002
16 5 2.0015693
16 34 64.17857
16 20 40.503063
16 7 1.2270715
16 27 1119.8296
16 23 2.7668266
16 25 1.5230956
17 6 6.4711556
17 26 1034.8864
17 10 0.03155738
17 24 0.06385086
17 31 0.98280954
17 9 0.03242302
17 4 0.14352143
17 19 29.245316
18 30 0.67744404
18 0 2000.0
18 8 1.3120797
18 13 27.596401
18 11 2.3390834
18 29 1.1301318
18 5 0.9276415
18 2 2.2170236
18 37 1.9816749
18 7 2000.0
18 27 2000.0
18 16 1.2342181
18 23 1.0491648
19 28 145.85455
19 31 0.08648201
19 9 0.08560606
19 17 29.245316
19 4 0.07044318
20 30 1.9523873
20 8 2000.0
20 13 0.92839193
20 33 1.0701336
20 11 1.528775
20 29 22.71032
20 5 3.5899038
20 34 0.8951238
20 2 3.630568
20 14 4.0678687
20 37 3.515708
20 7 62.280262
20 27 957.6705
20 16 40.503063
20 25 0.5919732
21 32 2000.0
21 24 0.9138042
21 35 0.034721885
21 31 2000.0
21 12 0.1526327
21 15 17.625643
22 31 2000.0
22 9 0.14597012
22 19 2000.0
23 0 2000.0
23 30 2.163725
23 8 0.9904028
23 2 28.430895
23 37 1.3520172
23 18 1.0491648
23 7 1.4577723
23 16 2.7668266
23 11 2000.0
23 29 1.7374735
23 5 2.6382575
24 26 37.045452
24 32 0.26369718
24 10 0.082016386
24 35 2000.0
24 21 0.9138042
24 12 0.08563931
24 17 0.06385086
25 0 36.64037
25 30 10.638798
25 13 0.22983937
25 33 0.62645835
25 11 0.73684853
25 29 1.5295181
25 34 3.3476646
25 20 0.5919732
25 2 0.579935
25 14 2.4476886
25 37 100.0
25 7 3.174453
25 27 229.14774
25 16 1.5230956
28 36 0.031324062
28 26 51.81818
28 10 0.56746215
28 12 1274.3182
28 9 1.1587733
28 19 145.85455
29 0 48.805622
29 30 2.3801734
29 8 1.0338519
29 18 1.1301318
29 13 1.263619
29 33 18.342012
29 11 1.1397315
29 5 4.1713815
29 34 3.7800062
29 20 22.71032
29 2 1.3941456
29 37 1.1228621
29 7 2000.0
29 27 1898.9204
29 16 225.00002
29 23 1.7374735
29 25 1.5295181
30 8 0.41419807
30 18 0.67744404
30 13 27.690536
30 33 9.224548
30 11 0.825064
30 29 2.3801734
30 5 0.70580447
30 34 0.85887647
30 20 1.9523873
30 2 20.376314
30 14 7.068139
30 37 12.781422
30 7 2.3319952
30 27 147.78409
30 16 1.0671123
30 23 2.163725
30 25 10.638798
31 26 79.88636
31 6 0.12574577
31 10 1.4630989
31 35 6.48607
31 22 2000.0
31 9 0.029719124
31 4 0.067938454
31 17 0.98280954
31 19 0.08648201
32 24 0.26369718
32 12 16.785074
32 15 0.069556095
33 30 9.224548
33 13 1.1718338
33 11 2.1948988
33 29 18.342012
33 5 2000.0
33 34 2000.0
33 20 1.0701336
33 2 1.7603152
33 14 1.330294
33 7 2000.0
33 27 698.2386
33 16 2422.443
33 25 0.62645835
34 30 0.85887647
34 20 0.8951238
34 8 39.729397
34 37 2000.0
34 13 133.33334
34 7 619.6329
34 27 716.8182
34 16 64.17857
34 11 2.7479439
34 29 3.7800062
34 25 3.3476646
34 5 1.8067077
35 21 0.034721885
35 31 6.48607
36 28 0.031324062
36 3 0.45080507
36 9 1.2362326
37 30 12.781422
37 0 1.6321198
37 8 1.6638386
37 18 1.9816749
37 13 1.8575585
37 11 1.2116513
37 29 1.1228621
37 5 9.380873
37 20 3.515708
37 2 1.1447971
37 7 411.99448
37 27 725.7955
37 16 2000.0
37 23 1.3520172
37 25 100.0
