0 2 0.8881035
0 37 2.2426348
0 13 0.87904257
0 29 24.357302
0 25 33.333336
1 3 0.97804254
1 12 12.375284
2 30 22.702652
2 0 0.8881035
2 8 1.6895963
2 18 1.4181533
2 13 0.21864541
2 33 2.7507718
2 11 1.1896855
2 29 1.4061213
2 20 1.7601167
2 37 1.0115771
2 27 1.2092711
2 23 5.4551835
2 25 0.8735715
3 36 0.43292543
3 28 11.397638
3 24 2000.0
3 12 0.066321485
3 1 0.97804254
3 9 0.20348981
4 31 0.0827765
4 9 0.06712929
4 17 0.21466157
4 19 0.081346035
5 30 0.54545456
5 8 0.54384
5 18 1.4909601
5 13 60.66674
5 11 2.1359532
5 29 5.4264235
5 34 1.695609
5 20 1.6489949
5 37 11.560779
5 7 11.065869
5 27 1.329531
5 16 1.2987751
5 23 3.3050208
5 25 2000.0
6 31 0.13966274
6 17 2.664833
7 30 1.0211841
7 20 50.647163
7 8 8.46738
7 16 1.3200094
7 23 1.5941736
7 11 39.894444
7 25 1.4613433
7 5 11.065869
8 0 2000.0
8 30 0.49056998
8 18 1.2880815
8 13 1.1799095
8 11 1.1490694
8 29 0.86696434
8 5 0.54384
8 34 50.052773
8 2 1.6895963
8 37 1.5021389
8 7 8.46738
8 27 0.42536455
8 16 1.3827516
8 23 1.2688547
8 25 2000.0
9 36 0.48224935
9 26 2000.0
9 28 1.0795797
9 10 7.3411813
9 22 0.09626376
9 31 0.02974106
9 12 2000.0
9 3 0.20348981
9 4 0.06712929
9 17 0.04152309
9 19 0.106761366
10 26 0.034424424
10 28 0.25007838
10 24 0.16632733
10 31 0.9342779
10 12 1491.6477
10 9 7.3411813
10 17 0.029087717
11 0 2000.0
11 30 0.7649821
11 8 1.1490694
11 18 3.741898
11 13 0.9828546
11 33 1.9405776
11 29 0.9717704
11 5 2.1359532
11 34 1.9685383
11 20 0.89960706
11 2 1.1896855
11 37 1.2150512
11 7 39.894444
11 27 0.7120881
11 16 0.98491395
11 25 0.6484165
12 26 0.6838343
12 32 9.310796
12 24 0.07900522
12 21 0.10391366
12 3 0.066321485
12 1 12.375284
13 30 156.53012
13 0 0.87904257
13 8 1.1799095
13 18 37.176556
13 33 0.9869795
13 11 0.9828546
13 29 0.9049813
13 5 60.66674
13 34 71.67698
13 20 1.0222497
13 2 0.21864541
13 14 3.3742216
13 37 0.93995935
13 7 2000.0
13 27 0.3202812
13 16 422.5702
13 25 0.36867577
14 30 14.28059
14 20 2.3297794
14 13 3.3742216
14 27 7.744121
14 33 1.1228122
14 11 2000.0
14 25 4.188568
15 32 0.07681459
15 21 11.198399
16 30 1.118731
16 8 1.3827516
16 18 1.3645366
16 13 422.5702
16 11 0.98491395
16 29 600.0
16 5 1.2987751
16 34 119.92686
16 20 42.765244
16 7 1.3200094
16 27 1.6125255
16 23 2.3569908
16 25 1.010496
17 6 2.664833
17 26 1.5655307
17 10 0.029087717
17 24 0.056347784
17 31 0.9671741
17 9 0.04152309
17 4 0.21466157
17 19 111.99092
18 0 2000.0
18 30 0.6942278
18 8 1.2880815
18 13 37.176556
18 11 3.741898
18 29 1.171293
18 5 1.4909601
18 2 1.4181533
18 37 3.262178
18 7 2000.0
18 27 62.061012
18 16 1.3645366
18 23 1.7481357
19 28 85.5294
19 31 0.07324021
19 9 0.106761366
19 17 111.99092
19 4 0.081346035
20 30 0.9153394
20 13 1.0222497
20 33 0.94162786
20 11 0.89960706
20 29 6.516835
20 5 1.6489949
20 34 0.7826701
20 2 1.7601167
20 14 2.3297794
20 37 2.8562593
20 7 50.647163
20 27 1.1691973
20 16 42.765244
20 25 0.65197814
21 32 2000.0
21 24 1.1739638
21 35 0.034622293
21 31 1066.6667
21 12 0.10391366
21 15 11.198399
22 31 89.155716
22 9 0.09626376
22 19 2000.0
23 0 2000.0
23 30 2.5742166
23 8 1.2688547
23 2 5.4551835
23 37 1.1587766
23 18 1.7481357
23 7 1.5941736
23 16 2.3569908
23 11 2000.0
23 29 1.1832747
23 5 3.3050208
24 26 0.056452237
24 32 0.46666667
24 10 0.16632733
24 21 1.1739638
24 12 0.07900522
24 15 2000.0
24 17 0.056347784
25 30 16.697948
25 0 33.333336
25 13 0.36867577
25 33 1.053466
25 11 0.6484165
25 29 1.8218113
25 34 1.7192163
25 20 0.65197814
25 2 0.8735715
25 14 4.188568
25 37 77.78875
25 7 1.4613433
25 27 0.22402199
25 16 1.010496
26 32 36.530117
26 28 0.055131227
26 10 0.034424424
26 24 0.056452237
26 31 0.11826313
26 12 0.6838343
26 17 1.5655307
27 30 0.20517676
27 0 2000.0
27 8 0.42536455
27 18 62.061012
27 13 0.3202812
27 33 0.67447764
27 11 0.7120881
27 29 2.0723643
27 5 1.329531
27 34 0.8788845
27 20 1.1691973
27 2 1.2092711
27 14 7.744121
27 37 0.91933286
27 7 2000.0
27 16 1.6125255
27 25 0.22402199
28 36 0.03405956
28 26 0.055131227
28 10 0.25007838
28 3 11.397638
28 12 1191.4204
28 9 1.0795797
28 19 85.5294
29 0 24.357302
29 30 1.2672274
29 8 0.86696434
29 18 1.171293
29 13 0.9049813
29 33 20.183418
29 11 0.9717704
29 5 5.4264235
29 34 2.4580054
29 20 6.516835
29 2 1.4061213
29 37 0.6523539
29 7 2000.0
29 27 2.0723643
29 16 600.0
29 23 1.1832747
29 25 1.8218113
30 8 0.49056998
30 18 0.6942278
30 13 156.53012
30 33 8.827534
30 11 0.7649821
30 29 1.2672274
30 5 0.54545456
30 34 0.8544705
30 20 0.9153394
30 2 22.702652
30 14 14.28059
30 37 15.172017
30 7 1.0211841
30 27 0.20517676
30 16 1.118731
30 23 2.5742166
30 25 16.697948
31 26 0.11826313
31 6 0.13966274
31 10 0.9342779
31 35 22.038342
31 22 89.155716
31 21 1066.6667
31 9 0.02974106
31 4 0.0827765
31 17 0.9671741
31 19 0.07324021
32 26 36.530117
32 24 0.46666667
32 12 9.310796
32 15 0.07681459
33 30 8.827534
33 8 2000.0
33 13 0.9869795
33 11 1.9405776
33 29 20.183418
33 5 2000.0
33 34 2000.0
33 20 0.94162786
33 2 2.7507718
33 14 1.1228122
33 7 2000.0
33 27 0.67447764
33 16 2422.443
33 25 1.053466
34 30 0.8544705
34 20 0.7826701
34 8 50.052773
34 37 2000.0
34 7 2000.0
34 13 71.67698
34 27 0.8788845
34 16 119.92686
34 11 1.9685383
34 29 2.4580054
34 25 1.7192163
34 5 1.695609
35 21 0.034622293
35 31 22.038342
36 28 0.03405956
36 3 0.43292543
36 9 0.48224935
37 30 15.172017
37 0 2.2426348
37 8 1.5021389
37 18 3.262178
37 13 0.93995935
37 11 1.2150512
37 29 0.6523539
37 5 11.560779
37 20 2.8562593
37 2 1.0115771
37 7 5462.159
37 27 0.91933286
37 16 2000.0
37 23 1.1587766
37 25 77.78875
