0 2 1.2322313
0 37 1.6191585
0 13 0.95583063
0 29 13.5089245
0 25 19.350433
1 3 0.6
1 12 25.795076
2 30 10.607142
2 0 1.2322313
2 8 1.2628856
2 18 3.0435088
2 13 0.39347014
2 33 1.6969622
2 11 1.9271097
2 29 1.1475017
2 20 2.2049599
2 37 0.8364403
2 27 0.70624685
2 16 2000.0
2 23 12.73112
2 25 0.91634387
3 36 0.4219294
3 28 4.152066
3 24 200.0
3 12 0.06454231
3 1 0.6
3 9 0.74409175
4 31 0.07176503
4 9 0.08364187
4 17 0.120167226
4 19 0.0740229
5 30 0.6317515
5 8 0.5206141
5 18 0.828602
5 13 18.166193
5 11 5.1058755
5 29 2.0525725
5 34 3.0496757
5 20 2.3768182
5 37 17.341694
5 7 14.810791
5 27 1.018001
5 16 1.9805037
5 23 2.434433
5 25 2000.0
6 31 0.17075312
6 17 6.5625005
7 30 1.1499931
7 20 48.543423
7 8 8.127736
7 37 59.427235
7 16 1.5453597
7 23 1.5293056
7 25 2.9514623
7 5 14.810791
8 0 2000.0
8 30 0.48368597
8 18 1.3468654
8 13 1.149815
8 11 1.0925937
8 29 0.26591107
8 5 0.5206141
8 34 35.319355
8 2 1.2628856
8 37 0.9230091
8 7 8.127736
8 27 2.0571172
8 16 1.4568223
8 23 0.8568982
8 25 2000.0
9 36 0.5834375
9 28 1.1720644
9 10 13.935655
9 22 0.05424187
9 31 0.029845327
9 12 2000.0
9 3 0.74409175
9 4 0.08364187
9 17 0.031947058
9 19 0.07281747
10 26 0.031301424
10 28 0.2875
10 24 0.07980627
10 31 11.759469
10 12 1726.875
10 9 13.935655
10 17 0.039362375
11 0 2000.0
11 30 1.1369835
11 8 1.0925937
11 18 7.968337
11 13 2.169727
11 33 1.7082711
11 29 1.359356
11 5 5.1058755
11 34 1.9894695
11 20 1.2892507
11 2 1.9271097
11 37 1.3852273
11 7 1669.6023
11 27 1.0718375
11 16 0.8835182
11 25 1.0755117
12 26 0.55649513
12 32 6.698937
12 24 0.0628994
12 21 0.16974153
12 3 0.06454231
12 1 25.795076
12 15 2000.0
13 30 122.05553
13 0 0.95583063
13 8 1.149815
13 18 91.3322
13 33 1.184775
13 11 2.169727
13 29 0.8239805
13 5 18.166193
13 34 163.45543
13 20 1.1564596
13 2 0.39347014
13 14 3.8588529
13 37 0.9218345
13 7 2000.0
13 27 0.4148122
13 16 38.024494
13 25 0.20058833
14 34 2000.0
14 30 10.394683
14 20 2.7471228
14 13 3.8588529
14 27 2.5924392
14 33 0.4749907
14 11 2000.0
14 25 2.6691847
15 32 0.069396816
15 21 10.487919
16 30 1.1364474
16 0 2000.0
16 8 1.4568223
16 18 1.501772
16 13 38.024494
16 11 0.8835182
16 5 1.9805037
16 34 43.738594
16 20 25.783192
16 7 1.5453597
16 27 1.4275602
16 23 2.1386194
16 25 1.4180653
17 6 6.5625005
17 26 1.7912152
17 10 0.039362375
17 24 0.16290447
17 31 0.973615
17 9 0.031947058
17 4 0.120167226
17 19 29.045607
18 0 2000.0
18 30 0.739006
18 8 1.3468654
18 13 91.3322
18 11 7.968337
18 29 1.3496566
18 5 0.828602
18 2 3.0435088
18 37 2.5060713
18 7 2000.0
18 27 29.725122
18 16 1.501772
18 23 1.3024466
19 31 0.0549583
19 9 0.07281747
19 17 29.045607
19 4 0.0740229
20 30 1.9808238
20 13 1.1564596
20 33 0.92387354
20 11 1.2892507
20 29 32.71825
20 5 2.3768182
20 34 0.8397286
20 2 2.2049599
20 14 2.7471228
20 37 2.134704
20 7 48.543423
20 27 3.0265296
20 16 25.783192
20 25 0.3824657
21 32 2000.0
21 24 1.3589164
21 35 0.032395363
21 31 2000.0
21 12 0.16974153
21 15 10.487919
22 31 266.6667
22 9 0.05424187
22 19 2000.0
23 0 2000.0
23 30 0.97012746
23 8 0.8568982
23 2 12.73112
23 37 1.859288
23 18 1.3024466
23 7 1.5293056
23 16 2.1386194
23 11 2000.0
23 29 1.326573
23 5 2.434433
24 26 0.041648805
24 32 0.31786
24 10 0.07980627
24 21 1.3589164
24 12 0.0628994
24 3 200.0
24 15 2000.0
24 17 0.16290447
25 30 50.858875
25 0 19.350433
25 13 0.20058833
25 33 0.52743983
25 11 1.0755117
25 29 1.9739174
25 34 2.799883
25 20 0.3824657
25 2 0.91634387
25 14 2.6691847
25 37 73.805786
25 7 2.9514623
25 27 0.21059301
25 16 1.4180653
26 32 114.16849
26 28 0.06470019
26 10 0.031301424
26 24 0.041648805
26 31 0.15854982
26 12 0.55649513
26 17 1.7912152
27 30 0.2525783
27 0 2000.0
27 8 2.0571172
27 18 29.725122
27 13 0.4148122
27 33 0.6250116
27 11 1.0718375
27 29 0.7581023
27 5 1.018001
27 34 1.4691204
27 20 3.0265296
27 2 0.70624685
27 14 2.5924392
27 37 0.87700677
27 7 2000.0
27 16 1.4275602
27 25 0.21059301
28 36 0.034723073
28 26 0.06470019
28 10 0.2875
28 3 4.152066
28 12 1209.4886
28 9 1.1720644
28 19 1368.1819
29 0 13.5089245
29 30 1.7041779
29 8 0.26591107
29 18 1.3496566
29 13 0.8239805
29 33 17.395939
29 11 1.359356
29 5 2.0525725
29 34 2.7890947
29 20 32.71825
29 2 1.1475017
29 37 1.057167
29 7 2000.0
29 27 0.7581023
29 16 2000.0
29 23 1.326573
29 25 1.9739174
30 8 0.48368597
30 18 0.739006
30 13 122.05553
30 33 5.923792
30 11 1.1369835
30 29 1.7041779
30 5 0.6317515
30 34 0.9035506
30 20 1.9808238
30 2 10.607142
30 14 10.394683
30 37 11.023718
30 7 1.1499931
30 27 0.2525783
30 16 1.1364474
30 23 0.97012746
30 25 50.858875
31 26 0.15854982
31 6 0.17075312
31 10 11.759469
31 35 84.23754
31 21 2000.0
31 22 266.6667
31 9 0.029845327
31 4 0.07176503
31 17 0.973615
31 19 0.0549583
32 26 114.16849
32 24 0.31786
32 12 6.698937
32 15 0.069396816
33 30 5.923792
33 8 2000.0
33 13 1.184775
33 11 1.7082711
33 29 17.395939
33 5 2000.0
33 34 2000.0
33 20 0.92387354
33 2 1.6969622
33 14 0.4749907
33 7 2000.0
33 27 0.6250116
33 16 3017.898
33 25 0.52743983
34 30 0.9035506
34 20 0.8397286
34 8 35.319355
34 37 2000.0
34 7 2000.0
34 13 163.45543
34 27 1.4691204
34 16 43.738594
34 11 1.9894695
34 29 2.7890947
34 25 2.799883
34 5 3.0496757
35 21 0.032395363
35 31 84.23754
36 28 0.034723073
36 3 0.4219294
36 9 0.5834375
37 30 11.023718
37 0 1.6191585
37 8 0.9230091
37 18 2.5060713
37 13 0.9218345
37 11 1.3852273
37 29 1.057167
37 5 17.341694
37 20 2.134704
37 2 0.8364403
37 7 59.427235
37 27 0.87700677
37 16 2000.0
37 23 1.859288
37 25 73.805786
