0 2 0.94961435
0 37 1.895778
0 13 0.74262255
0 25 30.983395
0 29 28.312832
1 3 0.65916336
1 12 11.302785
2 30 12.191592
2 0 0.94961435
2 8 1.199372
2 18 1.6030147
2 13 0.5112566
2 33 2.300366
2 11 1.6085889
2 29 1.1289392
2 20 2.0100272
2 37 0.8224952
2 27 1.3252435
2 16 2000.0
2 23 7.1951303
2 25 0.37512398
3 36 0.5147113
3 28 37.211052
3 24 1138.8636
3 12 0.0826404
3 1 0.65916336
3 9 0.2796404
4 31 0.06672736
4 9 0.06840537
4 17 0.17038955
4 19 0.07686034
5 30 0.68661785
5 8 0.38301545
5 18 1.001228
5 13 29.444714
5 11 1.1986111
5 29 2.9745903
5 34 2.0544543
5 20 2.2237256
5 37 8.89207
5 7 18.12493
5 27 1.4116436
5 16 1.2123692
5 23 1.7214916
5 25 2000.0
6 31 0.115829766
6 17 3.2645202
7 30 1.106617
7 20 44.054043
7 8 8.37629
7 37 155.56007
7 16 1.5826513
7 23 1.4843435
7 25 2.162296
7 5 18.12493
8 0 2000.0
8 30 0.37865484
8 18 1.2495444
8 13 3.3360686
8 11 0.9406958
8 29 0.95917815
8 5 0.38301545
8 34 27.310522
8 2 1.199372
8 37 1.1479006
8 7 8.37629
8 27 0.45130682
8 16 1.6507525
8 23 1.4064687
8 25 2000.0
9 36 0.4388208
9 28 1.3711447
9 10 7.1627846
9 22 0.05775454
9 31 0.028955987
9 3 0.2796404
9 12 2000.0
9 4 0.06840537
9 17 0.041644935
9 19 0.07991497
10 26 0.033922404
10 28 0.26942474
10 24 0.076811776
10 31 1.0623504
10 12 115.38367
10 9 7.1627846
10 17 0.029693263
11 0 2000.0
11 30 0.7495621
11 8 0.9406958
11 18 2.8967113
11 13 1.2096064
11 33 1.8351294
11 29 1.062664
11 5 1.1986111
11 34 1.4886403
11 20 1.4151949
11 2 1.6085889
11 37 1.0352479
11 7 2073.5227
11 27 0.6668746
11 16 0.83974993
11 25 0.38275483
12 26 2.2070563
12 32 2.3852048
12 10 115.38367
12 24 0.07015468
12 21 0.24996613
12 3 0.0826404
12 1 11.302785
13 30 96.297874
13 0 0.74262255
13 8 3.3360686
13 18 21.549938
13 33 0.9266174
13 11 1.2096064
13 29 0.8224525
13 5 29.444714
13 34 200.0
13 20 0.8657134
13 2 0.5112566
13 14 5.7979794
13 37 1.2824739
13 7 2000.0
13 27 0.2601844
13 16 51.428574
13 25 0.23362023
14 30 9.629992
14 20 1.4939605
14 13 5.7979794
14 27 6.9064307
14 33 0.639996
14 25 2.2354631
15 32 0.072418734
15 21 13.60712
16 34 77.698296
16 30 1.6276073
16 20 27.437351
16 8 1.6507525
16 18 2.4009387
16 7 1.5826513
16 13 51.428574
16 27 2.7210884
16 11 0.83974993
16 23 2.2661934
16 25 1.3170868
16 5 1.2123692
17 6 3.2645202
17 26 3.0264819
17 10 0.029693263
17 24 0.12776041
17 31 1.8721197
17 9 0.041644935
17 4 0.17038955
17 19 1292.9546
18 0 2000.0
18 30 0.6495339
18 8 1.2495444
18 13 21.549938
18 11 2.8967113
18 29 1.1608919
18 5 1.001228
18 2 1.6030147
18 37 3.2402234
18 7 2000.0
18 27 110.630974
18 16 2.4009387
18 23 1.7217932
19 31 0.08239483
19 9 0.07991497
19 4 0.07686034
20 0 2000.0
20 30 1.7057735
20 8 2000.0
20 13 0.8657134
20 33 1.3840984
20 11 1.4151949
20 29 8.775742
20 5 2.2237256
20 34 0.98096776
20 2 2.0100272
20 14 1.4939605
20 37 2.8761296
20 7 44.054043
20 27 1.398069
20 16 27.437351
20 25 0.41375196
21 32 2000.0
21 24 1.412989
21 35 0.033779413
21 12 0.24996613
21 15 13.60712
22 31 37.348137
22 9 0.05775454
22 19 2000.0
23 0 2000.0
23 30 1.4805558
23 8 1.4064687
23 2 7.1951303
23 37 1.8312325
23 18 1.7217932
23 7 1.4843435
23 16 2.2661934
23 11 2000.0
23 29 1.0951127
23 5 1.7214916
24 26 0.05
24 32 0.3279145
24 10 0.076811776
24 21 1.412989
24 12 0.07015468
24 15 2000.0
24 17 0.12776041
25 30 17.413961
25 0 30.983395
25 13 0.23362023
25 33 1.0195426
25 11 0.38275483
25 29 2.11242
25 34 1.56515
25 20 0.41375196
25 2 0.37512398
25 14 2.2354631
25 37 23.948103
25 7 2.162296
25 27 0.2540098
25 16 1.3170868
26 32 106.666664
26 28 0.059762616
26 10 0.033922404
26 24 0.05
26 31 0.15854917
26 12 2.2070563
26 17 3.0264819
27 30 0.22287019
27 0 2000.0
27 8 0.45130682
27 18 110.630974
27 13 0.2601844
27 33 0.74103963
27 11 0.6668746
27 29 2.0569687
27 5 1.4116436
27 34 0.92620957
27 20 1.398069
27 2 1.3252435
27 14 6.9064307
27 37 0.88060725
27 7 2000.0
27 16 2.7210884
27 25 0.2540098
28 36 0.034044426
28 26 0.059762616
28 10 0.26942474
28 3 37.211052
28 12 1191.4204
28 9 1.3711447
28 19 1379.8864
29 0 28.312832
29 30 1.5515662
29 8 0.95917815
29 18 1.1608919
29 13 0.8224525
29 33 13.055399
29 11 1.062664
29 5 2.9745903
29 34 2.6220455
29 20 8.775742
29 2 1.1289392
29 37 0.9973837
29 7 2000.0
29 27 2.0569687
29 16 1852.4716
29 23 1.0951127
29 25 2.11242
30 8 0.37865484
30 18 0.6495339
30 13 96.297874
30 33 8.649071
30 11 0.7495621
30 29 1.5515662
30 5 0.68661785
30 34 0.92856413
30 20 1.7057735
30 2 12.191592
30 14 9.629992
30 37 9.147838
30 7 1.106617
30 27 0.22287019
30 16 1.6276073
30 23 1.4805558
30 25 17.413961
31 26 0.15854917
31 6 0.115829766
31 10 1.0623504
31 35 15.387976
31 22 37.348137
31 9 0.028955987
31 4 0.06672736
31 17 1.8721197
31 19 0.08239483
32 26 106.666664
32 24 0.3279145
32 12 2.3852048
32 15 0.072418734
33 30 8.649071
33 8 2000.0
33 13 0.9266174
33 11 1.8351294
33 29 13.055399
33 5 2000.0
33 34 2000.0
33 20 1.3840984
33 2 2.300366
33 14 0.639996
33 7 2000.0
33 27 0.74103963
33 16 2422.443
33 25 1.0195426
34 30 0.92856413
34 20 0.98096776
34 8 27.310522
34 37 2000.0
34 7 2000.0
34 13 200.0
34 27 0.92620957
34 16 77.698296
34 11 1.4886403
34 29 2.6220455
34 25 1.56515
34 5 2.0544543
35 21 0.033779413
35 31 15.387976
36 28 0.034044426
36 3 0.5147113
36 9 0.4388208
37 30 9.147838
37 0 1.895778
37 8 1.1479006
37 18 3.2402234
37 13 1.2824739
37 11 1.0352479
37 29 0.9973837
37 5 8.89207
37 20 2.8761296
37 2 0.8224952
37 7 155.56007
37 27 0.88060725
37 16 2000.0
37 23 1.8312325
37 25 23.948103
