0 2 1.2072455
0 37 1.2442708
0 13 1.0981005
0 29 41.047462
0 25 40.093044
1 3 0.8728922
1 12 70.09258
2 30 11.662562
2 0 1.2072455
2 8 1.2319645
2 18 2.2932086
2 13 0.7078883
2 33 1.7338998
2 11 3.1133626
2 29 1.1189125
2 20 3.2874846
2 37 0.8915093
2 27 1.0646645
2 16 2000.0
2 23 9.723409
2 25 0.4569627
3 36 0.5158046
3 28 5.162532
3 24 2000.0
3 12 0.061343696
3 1 0.8728922
3 9 0.34640765
4 31 0.078259766
4 9 0.08529251
4 17 0.1959308
4 19 0.07399038
5 30 0.8024073
5 8 0.94427
5 18 1.4607744
5 13 68.62386
5 11 2.7220776
5 29 7.9779706
5 34 7.9394865
5 20 6.2484884
5 37 17.413788
5 7 24.464989
5 27 3.7818048
5 16 1.5907935
5 23 3.747753
5 25 2000.0
6 31 0.24228896
6 17 1.790562
7 34 266.6667
7 30 0.7098199
7 20 80.972496
7 8 5.342725
7 16 0.9489884
7 11 58.05286
7 23 1.4115287
7 25 2.5407183
7 5 24.464989
8 0 2000.0
8 30 0.37192184
8 18 1.1963587
8 13 2.0916424
8 11 0.9007681
8 29 0.90379786
8 5 0.94427
8 34 24.58364
8 2 1.2319645
8 37 0.98077565
8 7 5.342725
8 27 0.9966404
8 16 1.994215
8 23 0.97793525
8 25 2000.0
9 36 0.46880692
9 26 2000.0
9 28 3.7582903
9 10 13.783492
9 22 0.065621436
9 31 0.029116044
9 3 0.34640765
9 12 2000.0
9 4 0.08529251
9 17 0.035994317
9 19 0.06748774
10 26 0.029043075
10 28 0.41412878
10 24 0.080687776
10 31 5.747338
10 12 1269.2614
10 9 13.783492
10 17 0.029351048
11 0 2000.0
11 30 0.71626186
11 8 0.9007681
11 18 7.411469
11 13 0.92086387
11 33 2.531916
11 29 1.4356222
11 5 2.7220776
11 34 2.3999596
11 20 1.586745
11 2 3.1133626
11 37 2.0419688
11 7 58.05286
11 27 0.86125666
11 16 1.1426673
11 25 1.4121473
12 26 0.5195285
12 32 4.065025
12 24 0.06573549
12 21 0.09903775
12 3 0.061343696
12 1 70.09258
13 30 348.79358
13 0 1.0981005
13 8 2.0916424
13 18 73.14326
13 33 0.93268394
13 11 0.92086387
13 29 1.763607
13 5 68.62386
13 34 222.47247
13 20 0.9447503
13 2 0.7078883
13 14 14.230501
13 37 1.2985429
13 7 2000.0
13 27 0.3784623
13 16 31.000004
13 25 0.23776463
14 30 8.307756
14 20 3.4951348
14 13 14.230501
14 27 2.2869737
14 33 0.47804254
14 11 2000.0
14 25 1.9419945
15 32 0.08333028
15 21 13.5488825
16 0 2000.0
16 30 1.0831288
16 8 1.994215
16 18 1.5328635
16 13 31.000004
16 11 1.1426673
16 5 1.5907935
16 34 97.70199
16 20 40.760624
16 7 0.9489884
16 27 1.3532044
16 23 3.3696167
16 25 2.3859134
17 6 1.790562
17 26 1.3993666
17 10 0.029351048
17 24 0.10309561
17 31 0.95176893
17 9 0.035994317
17 4 0.1959308
17 19 66.08924
18 0 2000.0
18 30 0.6909174
18 8 1.1963587
18 13 73.14326
18 11 7.411469
18 29 1.2037495
18 5 1.4607744
18 2 2.2932086
18 37 2.6141417
18 7 2000.0
18 27 12.922975
18 16 1.5328635
18 23 1.413328
19 28 133.33334
19 31 0.09052862
19 9 0.06748774
19 4 0.07399038
19 17 66.08924
20 30 1.6541475
20 13 0.9447503
20 33 0.9515146
20 11 1.586745
20 29 8.932802
20 5 6.2484884
20 34 1.3764904
20 2 3.2874846
20 14 3.4951348
20 37 5.602776
20 7 80.972496
20 27 1.6910852
20 16 40.760624
20 25 0.69502354
21 26 2000.0
21 32 2000.0
21 24 1.1740783
21 35 0.032469276
21 31 2000.0
21 12 0.09903775
21 15 13.5488825
22 31 100.0
22 9 0.065621436
22 19 2000.0
23 0 2000.0
23 30 2.4550266
23 8 0.97793525
23 2 9.723409
23 37 1.3590909
23 18 1.413328
23 7 1.4115287
23 16 3.3696167
23 11 2000.0
23 29 1.5065923
23 5 3.747753
24 26 0.04571406
24 32 0.2837407
24 10 0.080687776
24 21 1.1740783
24 12 0.06573549
24 17 0.10309561
25 30 27.111181
25 0 40.093044
25 13 0.23776463
25 33 0.5733063
25 11 1.4121473
25 29 2.8268092
25 34 6.4648333
25 20 0.69502354
25 2 0.4569627
25 14 1.9419945
25 37 64.99605
25 7 2.5407183
25 27 0.28033006
25 16 2.3859134
26 32 76.306625
26 28 0.13331902
26 10 0.029043075
26 24 0.04571406
26 31 0.0942657
26 12 0.5195285
26 17 1.3993666
27 30 0.207496
27 0 2000.0
27 8 0.9966404
27 18 12.922975
27 13 0.3784623
27 33 0.71781343
27 11 0.86125666
27 29 1.536724
27 5 3.7818048
27 34 1.8400759
27 20 1.6910852
27 2 1.0646645
27 14 2.2869737
27 37 0.9106714
27 7 2000.0
27 16 1.3532044
27 25 0.28033006
28 36 0.03809928
28 26 0.13331902
28 10 0.41412878
28 3 5.162532
28 12 1203.8069
28 9 3.7582903
28 19 133.33334
29 0 41.047462
29 30 3.032387
29 8 0.90379786
29 18 1.2037495
29 13 1.763607
29 33 13.996761
29 11 1.4356222
29 5 7.9779706
29 34 3.1345372
29 20 8.932802
29 2 1.1189125
29 37 1.6296649
29 7 2000.0
29 27 1.536724
29 16 2000.0
29 23 1.5065923
29 25 2.8268092
30 8 0.37192184
30 18 0.6909174
30 13 348.79358
30 33 6.5036297
30 11 0.71626186
30 29 3.032387
30 5 0.8024073
30 34 0.847092
30 20 1.6541475
30 2 11.662562
30 14 8.307756
30 37 33.73909
30 7 0.7098199
30 27 0.207496
30 16 1.0831288
30 23 2.4550266
30 25 27.111181
31 26 0.0942657
31 6 0.24228896
31 10 5.747338
31 35 72.58693
31 22 100.0
31 9 0.029116044
31 4 0.078259766
31 17 0.95176893
31 19 0.09052862
32 26 76.306625
32 24 0.2837407
32 12 4.065025
32 15 0.08333028
33 30 6.5036297
33 8 2000.0
33 13 0.93268394
33 11 2.531916
33 29 13.996761
33 5 2000.0
33 34 2000.0
33 20 0.9515146
33 2 1.7338998
33 14 0.47804254
33 7 2000.0
33 27 0.71781343
33 16 3017.898
33 25 0.5733063
34 30 0.847092
34 20 1.3764904
34 8 24.58364
34 37 2000.0
34 7 266.6667
34 13 222.47247
34 27 1.8400759
34 16 97.70199
34 11 2.3999596
34 29 3.1345372
34 25 6.4648333
34 5 7.9394865
35 21 0.032469276
35 31 72.58693
36 28 0.03809928
36 3 0.5158046
36 9 0.46880692
37 30 33.73909
37 0 1.2442708
37 8 0.98077565
37 18 2.6141417
37 13 1.2985429
37 11 2.0419688
37 29 1.6296649
37 5 17.413788
37 20 5.602776
37 2 0.8915093
37 7 1456.9886
37 27 0.9106714
37 16 2000.0
37 23 1.3590909
37 25 64.99605
