0 2 0.8542689
0 37 1.7758147
0 13 0.7398682
0 29 18.132812
0 25 26.71275
1 3 0.30476543
1 12 1212.2727
2 30 11.611882
2 0 0.8542689
2 8 1.582712
2 18 2.170278
2 13 0.6352677
2 33 4.0623603
2 11 1.7122121
2 29 1.4101946
2 20 4.6077952
2 37 0.97419095
2 27 692.89777
2 16 2000.0
2 23 14.495122
2 25 0.7111964
3 36 0.5017046
3 28 50.179543
3 24 2000.0
3 12 0.08164406
3 1 0.30476543
3 9 0.5533284
4 31 0.06570312
4 9 0.06947698
4 17 0.10924369
4 19 0.06630167
5 30 0.6995637
5 8 1.1281632
5 18 1.1098906
5 13 47.285244
5 11 2.557184
5 29 2.7982905
5 34 1.5870646
5 20 4.921577
5 37 9.690756
5 7 17.10171
5 27 779.5454
5 16 2.0138268
5 23 1.9628178
5 25 2000.0
6 31 0.09228808
6 17 4.5734854
7 30 0.57715034
7 20 403.07578
7 8 14.085348
7 37 2000.0
7 16 1.0659955
7 23 1.2910287
7 11 1730.7765
7 25 7.048179
7 5 17.10171
8 0 2000.0
8 30 0.6502468
8 18 0.9094393
8 13 1.9389204
8 11 1.036439
8 29 0.6820473
8 5 1.1281632
8 34 22.23372
8 2 1.582712
8 37 1.4983914
8 7 14.085348
8 27 1067.7273
8 16 1.5210387
8 23 1.1256977
8 25 2000.0
9 36 0.729335
9 26 2000.0
9 28 0.8840269
9 10 11.207207
9 22 0.059064895
9 31 0.028897848
9 3 0.5533284
9 4 0.06947698
9 17 0.060141344
9 19 0.117003486
10 26 35.795452
10 28 0.38329545
10 24 0.07891494
10 31 9.165341
10 12 1591.3068
10 9 11.207207
10 17 0.031656522
11 0 2000.0
11 30 0.7264313
11 8 1.036439
11 18 3.3343277
11 13 1.7180681
11 33 1.9261463
11 29 1.3081222
11 5 2.557184
11 34 1.8556348
11 20 1.534541
11 2 1.7122121
11 37 2.0939543
11 7 1730.7765
11 27 692.89777
11 16 0.82896805
11 25 0.619455
12 26 2000.0
12 32 4.5163736
12 24 0.09060499
12 21 0.10713844
12 3 0.08164406
12 1 1212.2727
13 30 125.526825
13 0 0.7398682
13 8 1.9389204
13 18 22.270832
13 33 1.2867309
13 11 1.7180681
13 29 0.87965596
13 5 47.285244
13 34 91.08319
13 20 1.0837607
13 2 0.6352677
13 14 2.9026868
13 37 1.2172315
13 7 2000.0
13 27 150.96591
13 16 1683.1818
13 25 0.2504239
14 30 8.4076185
14 20 1.7497331
14 13 2.9026868
14 27 5234.1475
14 33 0.41020864
14 25 2.085128
15 32 0.0707301
15 21 6.8213835
16 34 22.744385
16 30 1.0328777
16 20 80.55159
16 8 1.5210387
16 18 1.0496039
16 7 1.0659955
16 27 1119.8296
16 11 0.82896805
16 23 4.062624
16 25 0.99340206
16 5 2.0138268
17 6 4.5734854
17 26 1034.8864
17 10 0.031656522
17 24 0.055403173
17 31 0.96712005
17 9 0.060141344
17 4 0.10924369
17 19 28.454279
18 0 2000.0
18 30 0.45948496
18 8 0.9094393
18 2 2.170278
18 37 3.8426979
18 13 22.270832
18 16 1.0496039
18 11 3.3343277
18 23 0.89121217
18 29 0.939987
18 5 1.1098906
19 28 38.865158
19 31 0.066913605
19 9 0.117003486
19 4 0.06630167
19 17 28.454279
20 30 1.9825476
20 8 2000.0
20 13 1.0837607
20 33 1.0392131
20 11 1.534541
20 29 6.8757644
20 5 4.921577
20 34 0.8483404
20 2 4.6077952
20 14 1.7497331
20 37 3.9183881
20 7 403.07578
20 27 957.6705
20 16 80.55159
20 25 0.43131617
21 32 2000.0
21 24 0.62313014
21 35 0.035511367
21 12 0.10713844
21 15 6.8213835
22 31 96.00001
22 9 0.059064895
22 19 2000.0
23 0 2000.0
23 30 1.4577037
23 8 1.1256977
23 2 14.495122
23 37 1.3001901
23 18 0.89121217
23 7 1.2910287
23 16 4.062624
23 11 2000.0
23 29 0.9478052
23 5 1.9628178
24 26 37.045452
24 32 0.42082077
24 10 0.07891494
24 21 0.62313014
24 12 0.09060499
24 15 2000.0
24 17 0.055403173
25 0 26.71275
25 30 15.001398
25 13 0.2504239
25 33 0.7601889
25 11 0.619455
25 29 1.3772997
25 34 1.5716325
25 20 0.43131617
25 2 0.7111964
25 14 2.085128
25 37 59.032207
25 7 7.048179
25 27 229.14774
25 16 0.99340206
28 36 0.03902156
28 26 51.81818
28 10 0.38329545
28 3 50.179543
28 12 1274.3182
28 9 0.8840269
28 19 38.865158
29 0 18.132812
29 30 1.0884778
29 8 0.6820473
29 18 0.939987
29 13 0.87965596
29 33 22.29974
29 11 1.3081222
29 5 2.7982905
29 34 5.299822
29 20 6.8757644
29 2 1.4101946
29 37 1.2568281
29 7 2000.0
29 27 1898.9204
29 16 2000.0
29 23 0.9478052
29 25 1.3772997
30 8 0.6502468
30 18 0.45948496
30 13 125.526825
30 33 15.785357
30 11 0.7264313
30 29 1.0884778
30 5 0.6995637
30 34 0.729639
30 20 1.9825476
30 2 11.611882
30 14 8.4076185
30 37 9.086299
30 7 0.57715034
30 27 147.78409
30 16 1.0328777
30 23 1.4577037
30 25 15.001398
31 26 79.88636
31 6 0.09228808
31 10 9.165341
31 35 45.000004
31 22 96.00001
31 9 0.028897848
31 4 0.06570312
31 17 0.96712005
31 19 0.066913605
32 26 2000.0
32 24 0.42082077
32 21 2000.0
32 12 4.5163736
32 15 0.0707301
33 30 15.785357
33 13 1.2867309
33 11 1.9261463
33 29 22.29974
33 5 2000.0
33 34 2000.0
33 20 1.0392131
33 2 4.0623603
33 14 0.41020864
33 7 2000.0
33 27 698.2386
33 16 2422.443
33 25 0.7601889
34 30 0.729639
34 20 0.8483404
34 8 22.23372
34 37 2000.0
34 13 91.08319
34 7 3249.1477
34 27 716.8182
34 16 22.744385
34 11 1.8556348
34 29 5.299822
34 25 1.5716325
34 5 1.5870646
35 21 0.035511367
35 31 45.000004
36 28 0.03902156
36 3 0.5017046
36 9 0.729335
37 30 9.086299
37 0 1.7758147
37 8 1.4983914
37 18 3.8426979
37 13 1.2172315
37 11 2.0939543
37 29 1.2568281
37 5 9.690756
37 20 3.9183881
37 2 0.97419095
37 7 2000.0
37 27 725.7955
37 16 2000.0
37 23 1.3001901
37 25 59.032207
