0 2 0.94663364
0 37 2.0902326
0 13 1.0102137
0 29 33.554783
0 25 6.448751
1 3 0.57786053
1 12 1223.8636
2 30 18.476082
2 0 0.94663364
2 8 1.5039917
2 18 6.3701973
2 13 0.4706326
2 33 1.5726284
2 11 1.7030075
2 29 0.94992584
2 20 3.1053028
2 37 0.8129217
2 27 0.6496516
2 16 2000.0
2 23 8.6335535
2 25 0.42966306
3 36 0.72152406
3 28 2.8977273
3 24 133.33334
3 12 0.051537104
3 1 0.57786053
3 9 0.50687313
4 31 0.068035185
4 9 0.076166995
4 17 0.15295018
4 19 0.069690764
5 30 0.7514358
5 8 0.51537824
5 18 0.5326653
5 13 16.3131
5 11 2.3676138
5 29 4.2188797
5 34 3.9251637
5 20 2.1482537
5 37 10.441054
5 7 45.986824
5 27 1.3395455
5 16 1.8673801
5 23 3.1611087
5 25 2000.0
6 31 0.15663725
6 17 0.9828408
7 30 0.84151196
7 20 192.21695
7 8 7.330151
7 37 86.08481
7 16 1.4031188
7 23 1.3906714
7 25 6.2154813
7 5 45.986824
8 0 2000.0
8 30 0.41697052
8 18 1.2112559
8 13 1.4345887
8 11 0.9058808
8 29 0.41474012
8 5 0.51537824
8 34 31.736221
8 2 1.5039917
8 37 0.88983595
8 7 7.330151
8 27 1.0519369
8 16 1.7400274
8 23 0.8293384
8 25 2000.0
9 36 0.7537779
9 26 2000.0
9 28 1.7514706
9 10 14.352871
9 22 0.05589694
9 31 0.031359974
9 12 2000.0
9 3 0.50687313
9 4 0.076166995
9 17 0.037747227
9 19 0.06979322
10 26 0.027587174
10 28 0.23228644
10 24 0.11302751
10 31 13.830136
10 12 1489.8864
10 9 14.352871
10 17 0.03322557
11 0 2000.0
11 30 0.715555
11 8 0.9058808
11 18 5.704047
11 13 0.8438997
11 33 1.867925
11 29 0.7193603
11 5 2.3676138
11 34 2.7027185
11 20 1.0296566
11 2 1.7030075
11 37 1.5697211
11 7 1745.625
11 27 0.6568129
11 16 1.2361977
11 25 0.92458403
12 26 2.2380452
12 32 3.500272
12 24 0.068328455
12 21 0.16270569
12 3 0.051537104
13 30 58.828735
13 0 1.0102137
13 8 1.4345887
13 18 44.444443
13 33 0.95404726
13 11 0.8438997
13 29 1.246847
13 5 16.3131
13 34 136.88338
13 20 1.1487536
13 2 0.4706326
13 14 4.3334956
13 37 1.2100079
13 7 2000.0
13 27 0.33197412
13 16 29.37551
13 25 0.24243872
14 30 13.145368
14 20 2.7794743
14 13 4.3334956
14 27 3.3147576
14 33 0.4909789
14 11 2000.0
14 25 1.8586763
15 32 0.0686866
15 21 1.6082433
16 0 2000.0
16 30 1.9682887
16 8 1.7400274
16 18 1.4924512
16 13 29.37551
16 11 1.2361977
16 5 1.8673801
16 34 80.13003
16 20 15.345966
16 7 1.4031188
16 27 1.8293076
16 23 3.9334526
16 25 0.8576796
17 6 0.9828408
17 26 1.8134111
17 10 0.03322557
17 24 0.10067538
17 31 1.3415416
17 9 0.037747227
17 4 0.15295018
17 19 53.333332
18 0 2000.0
18 30 0.75893795
18 8 1.2112559
18 13 44.444443
18 11 5.704047
18 29 1.2994555
18 5 0.5326653
18 2 6.3701973
18 37 3.5135427
18 7 2000.0
18 27 36.259357
18 16 1.4924512
18 23 1.0749016
19 31 0.08145042
19 9 0.06979322
19 17 53.333332
19 4 0.069690764
20 0 2000.0
20 30 1.3127902
20 13 1.1487536
20 33 1.1247199
20 11 1.0296566
20 29 7.934254
20 5 2.1482537
20 34 0.9954345
20 2 3.1053028
20 14 2.7794743
20 37 3.1886725
20 7 192.21695
20 27 1.6758299
20 16 15.345966
20 25 0.48658603
21 32 2000.0
21 24 1.2644119
21 35 0.045799635
21 12 0.16270569
21 15 1.6082433
22 31 1132.6136
22 9 0.05589694
22 19 2000.0
23 0 2000.0
23 30 2.3094037
23 8 0.8293384
23 2 8.6335535
23 37 0.89147794
23 18 1.0749016
23 7 1.3906714
23 16 3.9334526
23 11 2000.0
23 29 1.1063659
23 5 3.1611087
24 26 0.043163836
24 32 0.30150023
24 10 0.11302751
24 21 1.2644119
24 3 133.33334
24 12 0.068328455
24 15 2000.0
24 17 0.10067538
25 30 10.942746
25 0 6.448751
25 13 0.24243872
25 33 0.67347956
25 11 0.92458403
25 29 3.44682
25 34 1.911609
25 20 0.48658603
25 2 0.42966306
25 14 1.8586763
25 37 24.114164
25 7 6.2154813
25 27 0.24306326
25 16 0.8576796
26 32 46.609848
26 28 0.07723608
26 10 0.027587174
26 24 0.043163836
26 31 0.15131657
26 12 2.2380452
26 17 1.8134111
27 30 0.2230489
27 0 2000.0
27 8 1.0519369
27 18 36.259357
27 13 0.33197412
27 33 0.6284919
27 11 0.6568129
27 29 0.5478274
27 5 1.3395455
27 34 1.0686274
27 20 1.6758299
27 2 0.6496516
27 14 3.3147576
27 37 0.971146
27 7 2000.0
27 16 1.8293076
27 25 0.24306326
28 36 0.031085853
28 26 0.07723608
28 10 0.23228644
28 3 2.8977273
28 12 1213.3523
28 9 1.7514706
28 19 1755.1704
29 0 33.554783
29 30 2.333548
29 8 0.41474012
29 18 1.2994555
29 13 1.246847
29 33 19.305819
29 11 0.7193603
29 5 4.2188797
29 34 6.35172
29 20 7.934254
29 2 0.94992584
29 37 1.0890236
29 7 2000.0
29 27 0.5478274
29 16 2000.0
29 23 1.1063659
29 25 3.44682
30 8 0.41697052
30 18 0.75893795
30 13 58.828735
30 33 9.014095
30 11 0.715555
30 29 2.333548
30 5 0.7514358
30 34 0.95024985
30 20 1.3127902
30 2 18.476082
30 14 13.145368
30 37 21.63381
30 7 0.84151196
30 27 0.2230489
30 16 1.9682887
30 23 2.3094037
30 25 10.942746
31 26 0.15131657
31 6 0.15663725
31 10 13.830136
31 35 64.59205
31 9 0.031359974
31 4 0.068035185
31 17 1.3415416
31 19 0.08145042
32 26 46.609848
32 24 0.30150023
32 21 2000.0
32 12 3.500272
32 15 0.0686866
33 30 9.014095
33 8 2000.0
33 13 0.95404726
33 11 1.867925
33 29 19.305819
33 5 2000.0
33 34 2000.0
33 20 1.1247199
33 2 1.5726284
33 14 0.4909789
33 7 2000.0
33 27 0.6284919
33 16 3017.898
33 25 0.67347956
34 30 0.95024985
34 20 0.9954345
34 8 31.736221
34 37 2000.0
34 13 136.88338
34 7 2000.0
34 27 1.0686274
34 16 80.13003
34 11 2.7027185
34 29 6.35172
34 25 1.911609
34 5 3.9251637
35 21 0.045799635
35 31 64.59205
36 28 0.031085853
36 3 0.72152406
36 9 0.7537779
37 30 21.63381
37 0 2.0902326
37 8 0.88983595
37 18 3.5135427
37 13 1.2100079
37 11 1.5697211
37 29 1.0890236
37 5 10.441054
37 20 3.1886725
37 2 0.8129217
37 7 86.08481
37 27 0.971146
37 16 2000.0
37 23 0.89147794
37 25 24.114164
