0 2 1.083909
0 37 2.370747
0 13 1.2265289
0 25 13.15909
0 29 18.95348
1 3 0.75541705
1 12 14.6425495
2 30 19.31068
2 0 1.083909
2 8 1.3543514
2 18 2.9355698
2 13 0.49384686
2 33 2.1885457
2 11 2.7134275
2 29 0.99501497
2 20 3.3648431
2 37 1.0729271
2 27 0.86828816
2 16 2000.0
2 23 8.245079
2 25 0.52776706
3 36 0.3469697
3 28 3.3876624
3 24 264.12836
3 12 0.051713254
3 1 0.75541705
3 9 1.2155217
4 31 0.067296945
4 9 0.0951174
4 17 0.23009087
4 19 0.0663012
5 30 0.6346934
5 8 0.5183592
5 18 0.6943111
5 13 52.647724
5 11 1.546302
5 29 1.8440651
5 34 1.7399732
5 20 2.1319206
5 37 10.711052
5 7 6.851163
5 27 2.2072184
5 16 1.6919863
5 23 2.5714443
5 25 2000.0
6 31 0.19695394
6 17 2.8588912
7 30 0.6593802
7 20 43.890232
7 8 5.7921658
7 37 58.269012
7 16 1.1523643
7 23 1.6865156
7 11 100.0
7 25 2.4641926
7 29 2000.0
7 5 6.851163
8 0 2000.0
8 30 0.3949981
8 18 1.3022726
8 13 1.6260008
8 11 0.82574064
8 29 0.79379416
8 5 0.5183592
8 34 113.451706
8 2 1.3543514
8 37 1.0478828
8 7 5.7921658
8 27 1.1728041
8 16 2.1302292
8 23 0.9140931
8 25 2000.0
9 36 0.32681462
9 26 2000.0
9 28 1.0607377
9 10 50.308716
9 22 0.054930784
9 31 0.029262662
9 3 1.2155217
9 12 2000.0
9 4 0.0951174
9 17 0.032470193
9 19 0.06641697
10 26 0.03023307
10 28 0.19879861
10 24 0.07644271
10 31 12.378743
10 12 1741.1931
10 9 50.308716
10 17 0.03293769
11 0 2000.0
11 30 0.5371591
11 8 0.82574064
11 18 14.138959
11 13 0.7690877
11 33 1.7956505
11 29 1.0869402
11 5 1.546302
11 34 5.215334
11 20 5.04671
11 2 2.7134275
11 37 1.494039
11 7 100.0
11 27 0.67921317
11 16 1.481746
11 25 0.6405993
12 26 2.9627457
12 32 8.52283
12 28 138.12146
12 24 0.07094922
12 21 0.13809347
12 3 0.051713254
12 1 14.6425495
13 30 428.35062
13 0 1.2265289
13 8 1.6260008
13 18 81.29971
13 33 0.96014476
13 11 0.7690877
13 29 0.8251033
13 5 52.647724
13 34 2000.0
13 20 1.1335678
13 2 0.49384686
13 14 9.145412
13 37 1.5781958
13 7 2000.0
13 27 0.70498616
13 16 267.35342
13 25 0.5698647
14 30 5.376102
14 20 2.207072
14 13 9.145412
14 27 1.6222688
14 33 0.3780475
14 11 2000.0
14 25 1.3813471
15 32 0.07152602
15 21 8.550443
16 30 1.9333048
16 0 2000.0
16 8 2.1302292
16 18 0.95670193
16 13 267.35342
16 11 1.481746
16 5 1.6919863
16 34 87.20585
16 20 117.362335
16 7 1.1523643
16 27 2.4259055
16 23 2.4006839
16 25 0.875459
17 6 2.8588912
17 26 3.2821848
17 10 0.03293769
17 24 0.27512953
17 31 1.7350472
17 9 0.032470193
17 4 0.23009087
17 19 1161.8424
18 0 2000.0
18 30 0.68458366
18 8 1.3022726
18 13 81.29971
18 11 14.138959
18 29 0.89899415
18 5 0.6943111
18 2 2.9355698
18 37 1.8239143
18 7 2000.0
18 27 27.388805
18 16 0.95670193
18 23 1.3818833
19 31 0.08794951
19 9 0.06641697
19 4 0.0663012
19 17 1161.8424
20 30 1.7345945
20 13 1.1335678
20 33 1.4780782
20 11 5.04671
20 29 9.863991
20 5 2.1319206
20 34 1.2028525
20 2 3.3648431
20 14 2.207072
20 37 3.590953
20 7 43.890232
20 27 1.3255924
20 16 117.362335
20 25 0.50625145
21 26 2000.0
21 32 2000.0
21 24 0.42204338
21 35 0.032386824
21 31 2000.0
21 12 0.13809347
21 15 8.550443
22 31 114.28571
22 9 0.054930784
22 19 2000.0
23 0 2000.0
23 30 1.5778704
23 8 0.9140931
23 2 8.245079
23 37 1.5500945
23 18 1.3818833
23 7 1.6865156
23 16 2.4006839
23 11 2000.0
23 29 1.4085606
23 5 2.5714443
24 26 0.14030936
24 32 0.35930786
24 10 0.07644271
24 21 0.42204338
24 12 0.07094922
24 15 2000.0
24 17 0.27512953
25 30 30.919065
25 0 13.15909
25 13 0.5698647
25 33 0.58575594
25 11 0.6405993
25 29 1.4082477
25 34 1.0477203
25 20 0.50625145
25 2 0.52776706
25 14 1.3813471
25 37 56.730713
25 7 2.4641926
25 27 0.23744318
25 16 0.875459
26 32 36.979824
26 28 0.09756231
26 10 0.03023307
26 24 0.14030936
26 31 0.24708502
26 12 2.9627457
26 17 3.2821848
27 30 0.6855073
27 0 2000.0
27 8 1.1728041
27 18 27.388805
27 13 0.70498616
27 33 0.9288042
27 11 0.67921317
27 29 0.8914773
27 5 2.2072184
27 34 1.0440288
27 20 1.3255924
27 2 0.86828816
27 14 1.6222688
27 37 0.8813514
27 7 7065.0
27 16 2.4259055
27 25 0.23744318
28 36 0.035460133
28 26 0.09756231
28 10 0.19879861
28 3 3.3876624
28 12 138.12146
28 9 1.0607377
28 19 1358.8069
29 0 18.95348
29 30 1.2121556
29 8 0.79379416
29 18 0.89899415
29 13 0.8251033
29 33 14.93947
29 11 1.0869402
29 5 1.8440651
29 34 4.994627
29 20 9.863991
29 2 0.99501497
29 37 0.81166494
29 7 2000.0
29 27 0.8914773
29 16 2000.0
29 23 1.4085606
29 25 1.4082477
30 8 0.3949981
30 18 0.68458366
30 13 428.35062
30 33 10.729867
30 11 0.5371591
30 29 1.2121556
30 5 0.6346934
30 34 0.9751924
30 20 1.7345945
30 2 19.31068
30 14 5.376102
30 37 19.806515
30 7 0.6593802
30 27 0.6855073
30 16 1.9333048
30 23 1.5778704
30 25 30.919065
31 26 0.24708502
31 6 0.19695394
31 10 12.378743
31 35 34.354824
31 22 114.28571
31 9 0.029262662
31 4 0.067296945
31 17 1.7350472
31 19 0.08794951
32 26 36.979824
32 24 0.35930786
32 21 2000.0
32 12 8.52283
32 15 0.07152602
33 30 10.729867
33 8 2000.0
33 13 0.96014476
33 11 1.7956505
33 29 14.93947
33 5 2000.0
33 34 2000.0
33 20 1.4780782
33 2 2.1885457
33 14 0.3780475
33 7 2000.0
33 27 0.9288042
33 16 3017.898
33 25 0.58575594
34 30 0.9751924
34 20 1.2028525
34 8 113.451706
34 37 2000.0
34 7 2000.0
34 27 1.0440288
34 16 87.20585
34 11 5.215334
34 29 4.994627
34 25 1.0477203
34 5 1.7399732
35 21 0.032386824
35 31 34.354824
36 28 0.035460133
36 3 0.3469697
36 9 0.32681462
37 30 19.806515
37 0 2.370747
37 8 1.0478828
37 18 1.8239143
37 13 1.5781958
37 11 1.494039
37 29 0.81166494
37 5 10.711052
37 20 3.590953
37 2 1.0729271
37 7 58.269012
37 27 0.8813514
37 16 2000.0
37 23 1.5500945
37 25 56.730713
