0 2 1.347028
0 37 1.2426538
0 13 1.0811055
0 29 74.67267
0 25 23.447388
1 3 1.3368182
1 12 18.38031
2 30 24.669432
2 0 1.347028
2 8 1.2910243
2 18 3.2143972
2 13 0.6327473
2 33 1.6362135
2 11 1.1558266
2 29 1.3316939
2 20 4.841817
2 37 0.7931134
2 27 0.98132527
2 16 2000.0
2 23 7.3738103
2 25 0.6244345
3 36 0.42863324
3 28 8.224158
3 24 2000.0
3 12 0.06742102
3 1 1.3368182
3 9 0.46564475
4 31 0.07261671
4 9 0.089517936
4 17 0.1889086
4 19 0.07886339
5 30 0.6464443
5 8 0.6391927
5 18 0.8498414
5 13 20.147276
5 11 1.3411613
5 29 4.922257
5 34 2.3663018
5 20 1.5944762
5 37 7.0169587
5 7 11.315949
5 27 1.2284516
5 16 1.3628219
5 23 1.8487064
5 25 2000.0
6 31 0.16642272
6 17 4.101049
7 30 0.84764
7 20 104.905914
7 8 2.5898933
7 27 133.33334
7 16 0.977802
7 11 46.626324
7 23 1.320623
7 25 4.0298653
7 5 11.315949
8 0 2000.0
8 30 0.5254237
8 18 1.2762123
8 13 1.087893
8 11 1.1859193
8 29 0.85525817
8 5 0.6391927
8 34 9.577386
8 2 1.2910243
8 37 0.78920454
8 7 2.5898933
8 27 1.7145102
8 16 1.3586749
8 23 0.9075896
8 25 2000.0
9 36 0.5887365
9 26 2000.0
9 28 1.9309323
9 10 15.186723
9 22 0.053212065
9 31 0.030444534
9 3 0.46564475
9 4 0.089517936
9 17 0.03603294
9 19 0.07309444
10 26 0.029529834
10 28 0.21312317
10 24 0.20514819
10 31 10.55823
10 12 50.90959
10 9 15.186723
10 17 0.0334585
11 0 2000.0
11 30 0.66009486
11 8 1.1859193
11 18 15.940065
11 13 0.79343444
11 33 2.2162614
11 29 1.0191226
11 5 1.3411613
11 34 2.4934168
11 20 1.6017557
11 2 1.1558266
11 37 1.4909989
11 7 46.626324
11 27 0.58664036
11 16 0.9999677
11 25 0.9429019
12 26 1.3623736
12 32 6.275163
12 10 50.90959
12 24 0.06404271
12 21 0.3528605
12 3 0.06742102
12 1 18.38031
13 30 49.4072
13 0 1.0811055
13 8 1.087893
13 18 171.71465
13 33 1.500241
13 11 0.79343444
13 29 1.146351
13 5 20.147276
13 34 134.98824
13 20 1.2181475
13 2 0.6327473
13 14 4.9894853
13 37 0.86854494
13 7 2000.0
13 27 0.38582084
13 16 19.517868
13 25 0.27016258
14 30 16.355099
14 20 2.033238
14 13 4.9894853
14 27 3.0314574
14 33 0.4636567
14 11 2000.0
14 25 2.7338378
15 32 0.077765025
15 21 5.3509736
16 0 2000.0
16 30 1.0723311
16 8 1.3586749
16 18 1.4619832
16 13 19.517868
16 11 0.9999677
16 5 1.3628219
16 34 62.699722
16 20 16.220499
16 7 0.977802
16 27 1.3384073
16 23 2.7074993
16 25 1.1854188
17 6 4.101049
17 26 1.691559
17 10 0.0334585
17 24 0.1553077
17 31 0.9882193
17 9 0.03603294
17 4 0.1889086
17 19 80.17639
18 0 2000.0
18 30 0.7132379
18 8 1.2762123
18 13 171.71465
18 11 15.940065
18 29 1.5640087
18 5 0.8498414
18 2 3.2143972
18 37 2.0833304
18 7 2000.0
18 27 24.83124
18 16 1.4619832
18 23 1.5108881
19 31 0.08500467
19 9 0.07309444
19 4 0.07886339
19 17 80.17639
20 30 1.7941601
20 13 1.2181475
20 33 1.2609785
20 11 1.6017557
20 29 18.690062
20 5 1.5944762
20 34 0.9970112
20 2 4.841817
20 14 2.033238
20 37 5.4920983
20 7 104.905914
20 27 1.4638458
20 16 16.220499
20 25 0.31423497
21 32 2000.0
21 24 1.2211943
21 35 0.030681819
21 31 2000.0
21 12 0.3528605
21 15 5.3509736
22 31 360.00003
22 9 0.053212065
22 19 2000.0
23 0 2000.0
23 30 1.2064698
23 8 0.9075896
23 2 7.3738103
23 37 1.1494658
23 18 1.5108881
23 7 1.320623
23 16 2.7074993
23 11 2000.0
23 29 1.0447421
23 5 1.8487064
24 26 0.03905129
24 32 0.21107212
24 10 0.20514819
24 21 1.2211943
24 12 0.06404271
24 17 0.1553077
25 30 13.277515
25 0 23.447388
25 13 0.27016258
25 33 0.757187
25 11 0.9429019
25 29 2.6337497
25 34 1.5188464
25 20 0.31423497
25 2 0.6244345
25 14 2.7338378
25 37 53.333332
25 7 4.0298653
25 27 0.28424874
25 16 1.1854188
26 32 21.225416
26 28 0.07582289
26 10 0.029529834
26 24 0.03905129
26 31 0.19310276
26 12 1.3623736
26 17 1.691559
27 30 0.25270334
27 0 2000.0
27 8 1.7145102
27 18 24.83124
27 13 0.38582084
27 33 0.8267865
27 11 0.58664036
27 29 1.2914877
27 5 1.2284516
27 34 0.8200865
27 20 1.4638458
27 2 0.98132527
27 14 3.0314574
27 37 0.7953272
27 7 133.33334
27 16 1.3384073
27 25 0.28424874
28 36 0.031745497
28 26 0.07582289
28 10 0.21312317
28 3 8.224158
28 12 1144.5454
28 9 1.9309323
28 19 1367.5
29 0 74.67267
29 30 3.1763897
29 8 0.85525817
29 18 1.5640087
29 13 1.146351
29 33 6.31852
29 11 1.0191226
29 5 4.922257
29 34 4.1508217
29 20 18.690062
29 2 1.3316939
29 37 0.7434384
29 7 2000.0
29 27 1.2914877
29 16 2000.0
29 23 1.0447421
29 25 2.6337497
30 8 0.5254237
30 18 0.7132379
30 13 49.4072
30 33 14.881548
30 11 0.66009486
30 29 3.1763897
30 5 0.6464443
30 34 0.85532284
30 20 1.7941601
30 2 24.669432
30 14 16.355099
30 37 15.288658
30 7 0.84764
30 27 0.25270334
30 16 1.0723311
30 23 1.2064698
30 25 13.277515
31 26 0.19310276
31 6 0.16642272
31 10 10.55823
31 22 360.00003
31 9 0.030444534
31 4 0.07261671
31 17 0.9882193
31 19 0.08500467
32 26 21.225416
32 24 0.21107212
32 21 2000.0
32 12 6.275163
32 15 0.077765025
33 30 14.881548
33 8 2000.0
33 13 1.500241
33 11 2.2162614
33 29 6.31852
33 5 2000.0
33 34 2000.0
33 20 1.2609785
33 2 1.6362135
33 14 0.4636567
33 7 2000.0
33 27 0.8267865
33 16 3017.898
33 25 0.757187
34 30 0.85532284
34 20 0.9970112
34 8 9.577386
34 37 2000.0
34 13 134.98824
34 7 2000.0
34 27 0.8200865
34 16 62.699722
34 11 2.4934168
34 29 4.1508217
34 25 1.5188464
34 5 2.3663018
35 21 0.030681819
35 31 1157.216
36 28 0.031745497
36 3 0.42863324
36 9 0.5887365
37 30 15.288658
37 0 1.2426538
37 8 0.78920454
37 18 2.0833304
37 13 0.86854494
37 11 1.4909989
37 29 0.7434384
37 5 7.0169587
37 20 5.4920983
37 2 0.7931134
37 7 2652.6135
37 27 0.7953272
37 16 2000.0
37 23 1.1494658
37 25 53.333332
