0 2 1.139165
0 37 1.2857372
0 13 1.4543276
0 25 21.777777
0 29 14.870195
1 3 1.3922952
1 12 11.757576
2 30 24.1399
2 0 1.139165
2 8 1.4565381
2 18 3.4132714
2 13 0.72547734
2 33 4.2692165
2 11 1.786228
2 29 0.9834051
2 20 4.1281924
2 37 0.7883383
2 27 1.1337073
2 16 2000.0
2 23 5.770914
2 25 0.9386178
3 36 0.80485326
3 28 8.995621
3 24 2000.0
3 12 0.067269
3 1 1.3922952
3 9 0.21017268
4 31 0.066647165
4 9 0.06838013
4 17 0.22965543
4 19 0.0690522
5 30 0.8560667
5 8 2.0338755
5 18 0.57607543
5 13 30.270731
5 11 1.5186956
5 29 2.2975895
5 34 1.8467637
5 20 2.3182971
5 37 18.98383
5 7 6.0181117
5 27 5.2466826
5 16 1.8151239
5 23 2.0329616
5 25 2000.0
6 31 0.149759
6 17 4.7717366
7 30 0.73951536
7 20 43.364
7 8 3.5797632
7 16 1.1705687
7 23 1.1439214
7 11 24.242424
7 25 2.3598456
7 5 6.0181117
8 0 2000.0
8 30 0.5389495
8 18 1.2537256
8 13 1.5600239
8 11 1.1317647
8 29 0.32706362
8 5 2.0338755
8 34 22.718752
8 2 1.4565381
8 37 0.7603987
8 7 3.5797632
8 27 0.30492786
8 16 1.3549488
8 23 1.4730768
8 25 2000.0
9 36 0.46099836
9 28 0.64759743
9 10 6.4397736
9 22 0.05164201
9 31 0.029913796
9 3 0.21017268
9 4 0.06838013
9 17 0.039868735
9 19 0.068502486
10 26 0.030046826
10 28 0.22987664
10 24 0.09042585
10 31 22.89339
10 12 1215.7954
10 9 6.4397736
10 17 0.034551423
11 0 2000.0
11 30 0.8330486
11 8 1.1317647
11 18 6.726371
11 13 0.8616819
11 33 1.5834197
11 29 0.90624607
11 5 1.5186956
11 34 1.791017
11 20 1.2862256
11 2 1.786228
11 37 1.2319897
11 7 24.242424
11 27 0.6613583
11 16 0.9997571
11 25 0.62398094
12 26 0.54106325
12 32 5.0037665
12 24 0.06605573
12 21 0.1530706
12 3 0.067269
12 1 11.757576
13 30 115.91662
13 0 1.4543276
13 8 1.5600239
13 18 300.0
13 33 1.6007996
13 11 0.8616819
13 29 0.71108705
13 5 30.270731
13 34 134.34659
13 20 0.9293053
13 2 0.72547734
13 14 4.7515626
13 37 1.1631136
13 7 2000.0
13 27 0.4539284
13 16 37.98848
13 25 0.24617907
14 30 9.063447
14 20 3.483927
14 13 4.7515626
14 27 6.2944455
14 33 0.4727487
14 11 2000.0
14 25 2.1532252
15 32 0.0702911
15 21 3.083617
16 30 1.1378622
16 0 2000.0
16 8 1.3549488
16 18 1.1003156
16 13 37.98848
16 11 0.9997571
16 5 1.8151239
16 34 76.190475
16 20 60.243217
16 7 1.1705687
16 27 1.4022601
16 23 3.9387379
16 25 0.99634093
17 6 4.7717366
17 26 1.7179207
17 10 0.034551423
17 24 0.081454836
17 31 0.94691783
17 9 0.039868735
17 4 0.22965543
17 19 29.011995
18 0 2000.0
18 30 0.75905955
18 8 1.2537256
18 13 300.0
18 11 6.726371
18 29 0.97957844
18 5 0.57607543
18 2 3.4132714
18 37 2.4343014
18 7 2000.0
18 27 17.792614
18 16 1.1003156
18 23 1.5358065
19 31 0.065495655
19 9 0.068502486
19 17 29.011995
19 4 0.0690522
20 30 2.098279
20 13 0.9293053
20 33 2.3927243
20 11 1.2862256
20 29 14.269014
20 5 2.3182971
20 34 2.0415423
20 2 4.1281924
20 14 3.483927
20 37 5.7269497
20 7 43.364
20 27 1.4368392
20 16 60.243217
20 25 1.0357075
21 32 2000.0
21 10 2000.0
21 24 1.0031252
21 35 0.03175403
21 12 0.1530706
21 15 3.083617
22 31 47.368427
22 9 0.05164201
22 19 2000.0
23 0 2000.0
23 30 1.2390702
23 8 1.4730768
23 2 5.770914
23 37 1.1623905
23 18 1.5358065
23 7 1.1439214
23 16 3.9387379
23 11 2000.0
23 29 2.3689241
23 5 2.0329616
24 26 0.037801426
24 32 0.21333615
24 10 0.09042585
24 21 1.0031252
24 12 0.06605573
24 15 2000.0
24 17 0.081454836
25 30 8.522151
25 0 21.777777
25 13 0.24617907
25 33 0.647116
25 11 0.62398094
25 29 3.024397
25 34 4.9309297
25 20 1.0357075
25 2 0.9386178
25 14 2.1532252
25 37 37.843044
25 7 2.3598456
25 27 0.24869464
25 16 0.99634093
26 32 16.131008
26 28 0.086525984
26 10 0.030046826
26 24 0.037801426
26 31 0.123776235
26 12 0.54106325
26 17 1.7179207
27 30 0.41312307
27 0 2000.0
27 8 0.30492786
27 18 17.792614
27 13 0.4539284
27 33 0.70614755
27 11 0.6613583
27 29 0.5941834
27 5 5.2466826
27 34 1.419513
27 20 1.4368392
27 2 1.1337073
27 14 6.2944455
27 37 1.5365622
27 7 2000.0
27 16 1.4022601
27 25 0.24869464
28 36 0.036795113
28 26 0.086525984
28 10 0.22987664
28 3 8.995621
28 12 1206.6477
28 9 0.64759743
28 19 1378.2386
29 0 14.870195
29 30 1.5529965
29 8 0.32706362
29 18 0.97957844
29 13 0.71108705
29 33 10.062385
29 11 0.90624607
29 5 2.2975895
29 34 3.1395595
29 20 14.269014
29 2 0.9834051
29 37 0.98038864
29 7 2000.0
29 27 0.5941834
29 16 2000.0
29 23 2.3689241
29 25 3.024397
30 8 0.5389495
30 18 0.75905955
30 13 115.91662
30 33 20.6181
30 11 0.8330486
30 29 1.5529965
30 5 0.8560667
30 34 0.95871824
30 20 2.098279
30 2 24.1399
30 14 9.063447
30 37 14.302521
30 7 0.73951536
30 27 0.41312307
30 16 1.1378622
30 23 1.2390702
30 25 8.522151
31 26 0.123776235
31 6 0.149759
31 10 22.89339
31 35 47.04773
31 22 47.368427
31 9 0.029913796
31 4 0.066647165
31 17 0.94691783
31 19 0.065495655
32 26 16.131008
32 24 0.21333615
32 21 2000.0
32 12 5.0037665
32 15 0.0702911
33 30 20.6181
33 8 2000.0
33 13 1.6007996
33 11 1.5834197
33 29 10.062385
33 5 2000.0
33 34 2000.0
33 20 2.3927243
33 2 4.2692165
33 14 0.4727487
33 7 2000.0
33 27 0.70614755
33 16 3017.898
33 25 0.647116
34 30 0.95871824
34 20 2.0415423
34 8 22.718752
34 37 2000.0
34 13 134.34659
34 7 2000.0
34 27 1.419513
34 16 76.190475
34 11 1.791017
34 29 3.1395595
34 25 4.9309297
34 5 1.8467637
35 21 0.03175403
35 31 47.04773
36 28 0.036795113
36 3 0.80485326
36 9 0.46099836
37 30 14.302521
37 0 1.2857372
37 8 0.7603987
37 18 2.4343014
37 13 1.1631136
37 11 1.2319897
37 29 0.98038864
37 5 18.98383
37 20 5.7269497
37 2 0.7883383
37 7 1775.2273
37 27 1.5365622
37 16 2000.0
37 23 1.1623905
37 25 37.843044
