0 8 4.370795
0 2 0.5477116
0 37 1.8351319
0 13 2.9139242
0 11 399.0955
0 29 9.669391
1 3 0.27646628
1 12 71.84576
2 30 18.958334
2 0 0.5477116
2 8 3.9878972
2 18 13.69767
2 13 2.0428643
2 33 7.4928203
2 11 6.179982
2 29 1.3407842
2 20 5.8882895
2 37 1.5216128
2 27 2.7681284
2 23 64.28873
2 25 8.35694
3 36 0.48800796
3 28 0.13381918
3 24 266.6667
3 12 0.27615282
3 1 0.27646628
3 9 0.39841303
4 31 0.06956095
4 9 0.051844265
4 17 0.106186874
4 19 0.0815786
5 34 10.095692
5 30 1.5669092
5 20 1.7496059
5 8 1.9014876
5 37 2000.0
5 18 0.8002296
5 7 22.839434
5 27 14.613711
5 16 1.9123333
5 11 5.9335756
5 23 4.5612936
5 29 9.348235
6 31 0.9519076
6 17 1.6089681
7 34 19.306347
7 30 1.1912627
7 20 2.3402963
7 8 17.289995
7 37 63.825336
7 27 107.853065
7 16 1.1946579
7 11 46.267796
7 23 1.5959003
7 25 17.668407
7 5 22.839434
8 0 4.370795
8 30 1.0116351
8 18 1.6361161
8 13 24.890287
8 11 2.5530093
8 29 2.4146206
8 5 1.9014876
8 34 6.63933
8 2 3.9878972
8 37 3.0088933
8 7 17.289995
8 27 6.7168574
8 16 1.2996014
8 23 1.8874679
9 36 0.8339776
9 26 2000.0
9 28 1.071185
9 10 4.0453706
9 22 0.09256405
9 31 0.030911779
9 3 0.39841303
9 12 2000.0
9 17 0.07056048
9 4 0.051844265
9 19 0.07357284
10 26 0.0490561
10 28 0.8692265
10 24 0.087729454
10 31 0.030265246
10 12 4.862571
10 9 4.0453706
10 17 0.031456824
11 0 399.0955
11 30 0.99167985
11 8 2.5530093
11 18 7.9102845
11 13 1.1042467
11 33 2.8273807
11 29 2.0431614
11 5 5.9335756
11 34 4.1018324
11 20 3.3820055
11 2 6.179982
11 37 3.4304361
11 7 46.267796
11 27 0.8458176
11 16 2.3969944
11 25 1.894304
12 26 1.427906
12 28 4.4606
12 32 0.121454306
12 10 4.862571
12 24 0.1276972
12 21 0.108848125
12 3 0.27615282
12 1 71.84576
13 0 2.9139242
13 30 11.457209
13 8 24.890287
13 18 150.0
13 33 1.361765
13 11 1.1042467
13 29 2.5039546
13 5 2000.0
13 34 19.684923
13 20 0.53555816
13 2 2.0428643
13 14 5.639292
13 37 10.842251
13 27 0.20452353
13 16 2795.7388
13 25 1.0274875
14 34 2000.0
14 20 2.5847511
14 13 5.639292
14 33 0.86891097
14 27 2.2325842
14 11 2000.0
14 25 3.7000787
15 32 0.06669188
15 21 8.189124
16 0 2000.0
16 30 1.1789258
16 8 1.2996014
16 18 3.2274964
16 11 2.3969944
16 29 200.0
16 5 1.9123333
16 20 8.373559
16 37 258.74487
16 7 1.1946579
16 27 1.2900904
16 23 4.7607856
16 25 2.1300833
17 26 1.8465968
17 6 1.6089681
17 10 0.031456824
17 24 0.32085714
17 31 1.3454912
17 9 0.07056048
17 4 0.106186874
17 19 2.3098075
18 30 0.88790035
18 2 13.69767
18 8 1.6361161
18 37 2.2326856
18 13 150.0
18 7 2000.0
18 27 3.432064
18 16 3.2274964
18 23 1.6455073
18 11 7.9102845
18 29 2.035068
18 5 0.8002296
19 31 0.06417821
19 9 0.07357284
19 17 2.3098075
19 4 0.0815786
20 0 2000.0
20 30 11.58426
20 13 0.53555816
20 33 1.1993537
20 11 3.3820055
20 29 3.4054792
20 5 1.7496059
20 34 1.296681
20 2 5.8882895
20 14 2.5847511
20 37 13.324195
20 7 2.3402963
20 27 0.44853225
20 16 8.373559
20 25 1.6447165
21 32 2000.0
21 24 0.09130831
21 35 0.05340628
21 12 0.108848125
21 15 8.189124
22 6 1485.625
22 31 2000.0
22 9 0.09256405
22 19 2000.0
23 0 2000.0
23 30 8.811704
23 2 64.28873
23 8 1.8874679
23 37 3.5722225
23 18 1.6455073
23 7 1.5959003
23 16 4.7607856
23 11 2000.0
23 29 1.806634
23 5 4.5612936
24 26 0.09256715
24 32 0.13455047
24 10 0.087729454
24 21 0.09130831
24 31 13.45721
24 3 266.6667
24 12 0.1276972
24 15 2000.0
24 17 0.32085714
25 0 2000.0
25 30 5.990788
25 13 1.0274875
25 33 0.7505684
25 11 1.894304
25 29 64.281265
25 34 4.923824
25 20 1.6447165
25 2 8.35694
25 14 3.7000787
25 37 55.305138
25 7 17.668407
25 27 1.7526944
25 16 2.1300833
26 32 21.551723
26 28 0.0443939
26 10 0.0490561
26 24 0.09256715
26 31 0.05858862
26 12 1.427906
26 17 1.8465968
27 0 2000.0
27 30 0.3958153
27 8 6.7168574
27 18 3.432064
27 13 0.20452353
27 33 3.9342859
27 11 0.8458176
27 29 0.61823565
27 5 14.613711
27 34 1.7293658
27 20 0.44853225
27 2 2.7681284
27 14 2.2325842
27 37 2.5618885
27 7 107.853065
27 16 1.2900904
27 25 1.7526944
28 36 0.048154213
28 26 0.0443939
28 10 0.8692265
28 3 0.13381918
28 12 4.4606
28 9 1.071185
29 0 9.669391
29 30 4.519935
29 8 2.4146206
29 18 2.035068
29 13 2.5039546
29 11 2.0431614
29 5 9.348235
29 34 7.4416895
29 20 3.4054792
29 2 1.3407842
29 37 1.3554981
29 7 2000.0
29 27 0.61823565
29 16 200.0
29 23 1.806634
29 25 64.281265
30 0 2000.0
30 8 1.0116351
30 18 0.88790035
30 13 11.457209
30 33 2.1109898
30 11 0.99167985
30 29 4.519935
30 5 1.5669092
30 34 4.612054
30 20 11.58426
30 2 18.958334
30 37 5.77044
30 7 1.1912627
30 27 0.3958153
30 16 1.1789258
30 23 8.811704
30 25 5.990788
31 26 0.05858862
31 6 0.9519076
31 10 0.030265246
31 24 13.45721
31 9 0.030911779
31 17 1.3454912
31 4 0.06956095
31 19 0.06417821
32 26 21.551723
32 24 0.13455047
32 12 0.121454306
32 15 0.06669188
33 30 2.1109898
33 13 1.361765
33 11 2.8273807
33 29 2000.0
33 5 2000.0
33 34 2000.0
33 20 1.1993537
33 2 7.4928203
33 14 0.86891097
33 7 2000.0
33 27 3.9342859
33 16 2000.0
33 25 0.7505684
34 30 4.612054
34 20 1.296681
34 8 6.63933
34 7 19.306347
34 13 19.684923
34 27 1.7293658
34 16 2000.0
34 11 4.1018324
34 25 4.923824
34 29 7.4416895
34 5 10.095692
35 21 0.05340628
36 26 2000.0
36 28 0.048154213
36 3 0.48800796
36 9 0.8339776
37 0 1.8351319
37 30 5.77044
37 8 3.0088933
37 18 2.2326856
37 13 10.842251
37 11 3.4304361
37 29 1.3554981
37 20 13.324195
37 2 1.5216128
37 7 63.825336
37 27 2.5618885
37 16 258.74487
37 23 3.5722225
37 25 55.305138
