0 8 6.6916037
0 2 1.5253903
0 37 0.7263802
0 13 0.8430194
0 11 23.294058
0 29 16.703001
1 3 0.22897464
1 12 36.67604
2 30 32.06292
2 0 1.5253903
2 8 1.2799535
2 18 14.716293
2 13 0.35131356
2 33 1.5719788
2 11 0.94260395
2 29 1.2626814
2 20 2.449929
2 37 0.63782334
2 27 0.6809917
2 23 15.073772
2 25 1.2461568
3 36 0.46980286
3 28 0.13146552
3 24 2000.0
3 12 0.05545441
3 1 0.22897464
3 9 1.2814264
4 31 0.084491424
4 9 0.07704792
4 17 0.11495796
4 19 0.08213548
5 30 0.6489095
5 8 0.9565581
5 18 0.3852273
5 13 777.6004
5 11 2.2658768
5 29 1.7433897
5 34 2.418449
5 20 1.9646505
5 37 2000.0
5 7 5.887348
5 27 8.429667
5 16 1.4211818
5 23 4.8716373
6 22 124.76895
6 31 0.37808838
6 17 1.0594407
7 34 19.879787
7 30 1.2344675
7 20 2.0380383
7 8 42.36924
7 37 34.42179
7 16 1.7694207
7 11 3.6154976
7 23 1.4707717
7 25 8.100807
7 5 5.887348
8 0 6.6916037
8 30 0.88379765
8 18 1.181654
8 13 5.433463
8 11 3.6315606
8 29 0.85896313
8 5 0.9565581
8 34 2.2310948
8 2 1.2799535
8 37 0.83975905
8 7 42.36924
8 27 2.275696
8 16 1.3127306
8 23 1.3537699
9 36 1.1300926
9 26 2000.0
9 28 2.7929745
9 10 2.2597015
9 22 0.39923808
9 31 0.05711709
9 3 1.2814264
9 17 0.37391955
9 4 0.07704792
9 19 0.07869214
10 26 0.03070106
10 28 0.30904725
10 24 0.13732867
10 31 0.036466096
10 12 11.319721
10 9 2.2597015
10 17 0.029727556
11 0 23.294058
11 30 0.4131392
11 8 3.6315606
11 18 4.8761663
11 13 0.5043785
11 33 1.9107317
11 29 0.79689676
11 5 2.2658768
11 34 2.0409873
11 20 0.82814133
11 2 0.94260395
11 37 1.2906182
11 7 3.6154976
11 27 0.35764715
11 16 0.7908321
11 25 1.2907356
12 26 1.1596723
12 28 3.2908373
12 32 0.19116968
12 10 11.319721
12 24 0.064942434
12 21 0.09408188
12 3 0.05545441
12 1 36.67604
13 30 1.148192
13 0 0.8430194
13 8 5.433463
13 18 77.747955
13 33 0.7371964
13 11 0.5043785
13 29 1.0286654
13 5 777.6004
13 34 4.7907453
13 20 0.57859206
13 2 0.35131356
13 14 1.9530423
13 37 0.9498127
13 27 0.39764455
13 16 40.66391
13 25 0.78258604
14 20 2.5627882
14 13 1.9530423
14 27 6.646368
14 33 0.63503283
14 11 2000.0
14 25 3.9266026
15 32 0.08011044
15 21 1.4967221
16 0 2000.0
16 30 1.2820455
16 8 1.3127306
16 18 0.8758117
16 13 40.66391
16 11 0.7908321
16 29 33.303005
16 5 1.4211818
16 20 8.238272
16 37 25.884348
16 7 1.7694207
16 27 2.6785712
16 23 8.361462
16 25 1.386107
17 26 3.705888
17 6 1.0594407
17 10 0.029727556
17 24 0.35310543
17 31 2.6509142
17 9 0.37391955
17 4 0.11495796
17 19 3.1821427
18 30 0.6846591
18 2 14.716293
18 8 1.181654
18 37 1.0507447
18 13 77.747955
18 7 2000.0
18 27 4.6913652
18 16 0.8758117
18 23 1.2994835
18 11 4.8761663
18 29 1.5012382
18 5 0.3852273
19 31 0.07933213
19 9 0.07869214
19 17 3.1821427
19 4 0.08213548
20 30 9.067441
20 13 0.57859206
20 33 1.7491288
20 11 0.82814133
20 29 4.0746965
20 5 1.9646505
20 34 0.914799
20 2 2.449929
20 14 2.5627882
20 37 2.8079023
20 7 2.0380383
20 27 0.7490234
20 16 8.238272
20 25 1.1169406
21 32 2000.0
21 24 0.67784476
21 35 0.035193205
21 12 0.09408188
21 15 1.4967221
22 6 124.76895
22 31 1196.875
22 9 0.39923808
22 19 1462.216
23 0 2000.0
23 30 1.1079012
23 2 15.073772
23 8 1.3537699
23 37 1.6455582
23 18 1.2994835
23 7 1.4707717
23 16 8.361462
23 11 2000.0
23 29 2.569352
23 5 4.8716373
24 26 0.07294383
24 32 0.08504985
24 10 0.13732867
24 21 0.67784476
24 31 3.0781884
24 3 2000.0
24 12 0.064942434
24 15 2000.0
24 17 0.35310543
25 30 0.64859164
25 13 0.78258604
25 33 0.3048736
25 11 1.2907356
25 29 1.9593589
25 5 2000.0
25 34 0.83855975
25 20 1.1169406
25 2 1.2461568
25 14 3.9266026
25 37 53.333332
25 7 8.100807
25 27 0.7167097
25 16 1.386107
26 32 28.94682
26 28 0.13820516
26 10 0.03070106
26 24 0.07294383
26 31 0.101033315
26 12 1.1596723
26 17 3.705888
27 0 2000.0
27 30 1.3405081
27 8 2.275696
27 18 4.6913652
27 13 0.39764455
27 33 0.92949903
27 11 0.35764715
27 29 0.5174274
27 5 8.429667
27 34 0.93849957
27 20 0.7490234
27 2 0.6809917
27 14 6.646368
27 37 1.087074
27 7 2915.1138
27 16 2.6785712
27 25 0.7167097
28 36 0.038588215
28 26 0.13820516
28 10 0.30904725
28 3 0.13146552
28 12 3.2908373
28 9 2.7929745
29 0 16.703001
29 30 2.8408573
29 8 0.85896313
29 18 1.5012382
29 13 1.0286654
29 11 0.79689676
29 5 1.7433897
29 34 10.266936
29 20 4.0746965
29 2 1.2626814
29 37 0.97389257
29 7 2000.0
29 27 0.5174274
29 16 33.303005
29 23 2.569352
29 25 1.9593589
30 0 2000.0
30 8 0.88379765
30 18 0.6846591
30 13 1.148192
30 33 1.8016181
30 11 0.4131392
30 29 2.8408573
30 5 0.6489095
30 34 1.525763
30 20 9.067441
30 2 32.06292
30 37 12.090276
30 7 1.2344675
30 27 1.3405081
30 16 1.2820455
30 23 1.1079012
30 25 0.64859164
31 26 0.101033315
31 6 0.37808838
31 10 0.036466096
31 24 3.0781884
31 9 0.05711709
31 17 2.6509142
31 4 0.084491424
31 19 0.07933213
32 26 28.94682
32 24 0.08504985
32 12 0.19116968
32 15 0.08011044
33 34 2000.0
33 30 1.8016181
33 20 1.7491288
33 2 1.5719788
33 14 0.63503283
33 7 2000.0
33 13 0.7371964
33 27 0.92949903
33 16 2226.3638
33 11 1.9107317
33 29 1126.0796
33 25 0.3048736
34 30 1.525763
34 20 0.914799
34 8 2.2310948
34 13 4.7907453
34 7 19.879787
34 27 0.93849957
34 16 1215.0568
34 11 2.0409873
34 25 0.83855975
34 29 10.266936
34 5 2.418449
35 21 0.035193205
36 26 2000.0
36 28 0.038588215
36 3 0.46980286
36 9 1.1300926
37 30 12.090276
37 0 0.7263802
37 8 0.83975905
37 18 1.0507447
37 13 0.9498127
37 11 1.2906182
37 29 0.97389257
37 20 2.8079023
37 2 0.63782334
37 7 34.42179
37 27 1.087074
37 16 25.884348
37 23 1.6455582
37 25 53.333332
