0 8 16.518608
0 2 1.2566605
0 37 0.7493013
0 13 0.5235294
0 11 160.0
0 29 6.720401
1 3 0.23922417
1 12 1202.159
2 30 39.047264
2 0 1.2566605
2 8 1.7325954
2 18 5.3579693
2 13 0.93129903
2 33 3.1751568
2 11 1.0354518
2 29 2.0353386
2 20 1.8512738
2 37 0.79554915
2 27 3.3776054
2 16 2000.0
2 23 58.269764
2 25 2.3352423
3 36 0.22257054
3 28 0.067988895
3 24 114.28571
3 12 0.05562771
3 1 0.23922417
3 9 0.18626939
4 31 0.08061212
4 9 0.050499626
4 17 0.101184465
4 19 0.08487903
5 30 0.89888173
5 8 0.71254444
5 18 0.5536406
5 13 2000.0
5 11 1.7731154
5 29 6.6103935
5 34 1.3845621
5 20 2.1497803
5 37 2000.0
5 7 7.5626955
5 27 2.3326168
5 16 2.7971451
5 23 8.163108
6 31 0.43252844
6 17 1.611423
7 34 8.606908
7 30 0.91981524
7 20 1.4205891
7 8 58.148514
7 37 33.200214
7 27 112.50001
7 16 1.2485634
7 11 3.746005
7 23 1.0913591
7 25 12.729342
7 5 7.5626955
8 0 16.518608
8 30 0.7335502
8 18 1.1654482
8 13 2.3681068
8 11 1.3157779
8 29 0.9073885
8 5 0.71254444
8 34 2.843146
8 2 1.7325954
8 37 1.3386828
8 7 58.148514
8 27 1.2398618
8 16 1.9595819
8 23 0.9660828
9 36 1.0755991
9 26 2000.0
9 28 3.4888637
9 10 5.3029156
9 22 0.6027174
9 31 0.029673198
9 3 0.18626939
9 17 0.050769795
9 4 0.050499626
9 19 0.06947654
10 26 0.031990606
10 28 0.24372816
10 24 0.065247774
10 31 0.052706085
10 12 11.520076
10 9 5.3029156
10 17 0.032395676
11 0 160.0
11 30 0.3639672
11 8 1.3157779
11 18 9.700542
11 13 0.75809866
11 33 3.828861
11 29 1.1936095
11 5 1.7731154
11 34 2.376909
11 20 0.8221582
11 2 1.0354518
11 37 1.4269781
11 7 3.746005
11 27 0.39394403
11 16 1.1297861
11 25 1.0227176
12 26 1.3905501
12 28 8.190596
12 32 0.3019142
12 10 11.520076
12 24 0.14246583
12 21 0.077091314
12 3 0.05562771
13 30 3.1538472
13 0 0.5235294
13 8 2.3681068
13 18 416.6667
13 33 0.995057
13 11 0.75809866
13 29 1.1748084
13 34 6.672811
13 20 0.6888111
13 2 0.93129903
13 14 21.92704
13 37 3.0154305
13 27 0.340078
13 16 91.49252
13 25 1.1189615
14 34 2000.0
14 20 2.6843548
14 13 21.92704
14 27 7.9303536
14 33 0.37749425
14 11 2000.0
14 25 6.3670454
15 32 0.07346312
15 24 200.0
15 21 1.6433524
16 0 2000.0
16 30 1.2966601
16 8 1.9595819
16 18 0.68751156
16 13 91.49252
16 11 1.1297861
16 29 67.51094
16 5 2.7971451
16 20 8.577108
16 37 55.503983
16 7 1.2485634
16 27 1.5901119
16 23 6.8582153
16 25 1.3299394
17 26 3.5014005
17 6 1.611423
17 10 0.032395676
17 24 0.30087414
17 31 2.2698615
17 9 0.050769795
17 4 0.101184465
17 19 2.48247
18 30 0.6998882
18 2 5.3579693
18 8 1.1654482
18 37 1.1014668
18 13 416.6667
18 7 2000.0
18 27 3.189321
18 16 0.68751156
18 23 1.1564316
18 11 9.700542
18 29 0.89426655
18 5 0.5536406
19 31 0.0804503
19 9 0.06947654
19 17 2.48247
19 4 0.08487903
20 30 13.927025
20 13 0.6888111
20 33 1.5868413
20 11 0.8221582
20 29 4.455776
20 5 2.1497803
20 34 0.9092016
20 2 1.8512738
20 14 2.6843548
20 37 2.1313627
20 7 1.4205891
20 27 0.6493691
20 16 8.577108
20 25 0.3794432
21 32 2000.0
21 24 0.23714386
21 35 0.15917368
21 12 0.077091314
21 15 1.6433524
22 6 1141.4205
22 31 1478.0114
22 9 0.6027174
22 19 1330.5114
23 0 2000.0
23 30 1.2299693
23 2 58.269764
23 8 0.9660828
23 37 1.1665602
23 18 1.1564316
23 7 1.0913591
23 16 6.8582153
23 11 2000.0
23 29 2.4878407
23 5 8.163108
24 26 0.06717359
24 32 0.14398159
24 10 0.065247774
24 21 0.23714386
24 31 12.811365
24 12 0.14246583
24 3 114.28571
24 15 200.0
24 17 0.30087414
25 34 3.6909971
25 30 3.2185285
25 20 0.3794432
25 2 2.3352423
25 14 6.3670454
25 7 12.729342
25 13 1.1189615
25 33 0.39832538
25 27 0.8208523
25 16 1.3299394
25 11 1.0227176
25 29 4.043828
26 36 104.58694
26 32 52.3402
26 28 0.06404858
26 10 0.031990606
26 24 0.06717359
26 31 0.074657485
26 12 1.3905501
26 17 3.5014005
27 0 2000.0
27 30 0.23510149
27 8 1.2398618
27 18 3.189321
27 13 0.340078
27 33 0.86658496
27 11 0.39394403
27 29 0.8176252
27 5 2.3326168
27 34 0.7748518
27 20 0.6493691
27 2 3.3776054
27 14 7.9303536
27 37 1.047573
27 7 112.50001
27 16 1.5901119
27 25 0.8208523
28 36 0.032595694
28 26 0.06404858
28 10 0.24372816
28 3 0.067988895
28 12 8.190596
28 9 3.4888637
29 0 6.720401
29 30 7.946496
29 8 0.9073885
29 18 0.89426655
29 13 1.1748084
29 11 1.1936095
29 5 6.6103935
29 34 8.823841
29 20 4.455776
29 2 2.0353386
29 37 0.66861635
29 7 2000.0
29 27 0.8176252
29 16 67.51094
29 23 2.4878407
29 25 4.043828
30 0 2000.0
30 8 0.7335502
30 18 0.6998882
30 13 3.1538472
30 33 11.630576
30 11 0.3639672
30 29 7.946496
30 5 0.89888173
30 34 0.91882044
30 20 13.927025
30 2 39.047264
30 37 5.306234
30 7 0.91981524
30 27 0.23510149
30 16 1.2966601
30 23 1.2299693
30 25 3.2185285
31 26 0.074657485
31 6 0.43252844
31 10 0.052706085
31 24 12.811365
31 9 0.029673198
31 17 2.2698615
31 4 0.08061212
31 19 0.0804503
32 26 52.3402
32 24 0.14398159
32 12 0.3019142
32 15 0.07346312
33 30 11.630576
33 13 0.995057
33 11 3.828861
33 29 741.6894
33 5 2000.0
33 34 2000.0
33 20 1.5868413
33 2 3.1751568
33 14 0.37749425
33 7 2000.0
33 27 0.86658496
33 16 2000.0
33 25 0.39832538
34 30 0.91882044
34 20 0.9092016
34 8 2.843146
34 13 6.672811
34 7 8.606908
34 27 0.7748518
34 16 1215.0568
34 11 2.376909
34 25 3.6909971
34 29 8.823841
34 5 1.3845621
35 21 0.15917368
36 26 104.58694
36 28 0.032595694
36 3 0.22257054
36 9 1.0755991
37 30 5.306234
37 0 0.7493013
37 8 1.3386828
37 18 1.1014668
37 13 3.0154305
37 11 1.4269781
37 29 0.66861635
37 20 2.1313627
37 2 0.79554915
37 7 33.200214
37 27 1.047573
37 16 55.503983
37 23 1.1665602
37 25 2598.2388
