0 8 11.045102
0 2 0.95023763
0 37 0.6448748
0 13 0.98177516
0 11 14.825794
0 29 13.958948
1 3 0.26627564
1 12 80.0
2 30 28.752195
2 0 0.95023763
2 8 1.1123784
2 18 5.401694
2 13 0.6810641
2 33 2.4091158
2 11 1.4475604
2 29 1.0985239
2 20 6.091139
2 37 1.028463
2 27 1.614417
2 16 2000.0
2 23 22.265951
2 25 2.3399997
3 36 0.21958469
3 28 0.092476495
3 24 133.33334
3 12 0.06118036
3 1 0.26627564
3 9 0.17963082
4 31 0.09983386
4 9 0.06416701
4 17 0.0891738
4 19 0.090137325
5 30 1.1849481
5 8 0.8645864
5 18 0.4018978
5 13 2000.0
5 11 4.6794863
5 29 5.8522997
5 34 2.6844063
5 20 3.7557967
5 37 2000.0
5 7 5.791733
5 27 2.2121737
5 16 1.4969782
5 23 7.909372
6 31 1.0468988
6 17 1.1287122
7 34 5.5381527
7 30 0.6427559
7 20 1.9818466
7 8 21.698866
7 37 29.635664
7 27 297.38187
7 16 1.2772623
7 11 9.303809
7 23 1.0629792
7 25 13.426541
7 5 5.791733
8 0 11.045102
8 30 0.64253527
8 18 1.0496494
8 13 3.5329328
8 11 0.74139816
8 29 0.75481373
8 5 0.8645864
8 34 8.710405
8 2 1.1123784
8 37 1.6796181
8 7 21.698866
8 27 1.8587489
8 16 1.2078571
8 23 1.1874502
9 36 0.58958447
9 26 2000.0
9 28 0.8136463
9 10 7.1399994
9 22 0.4619039
9 31 0.029168837
9 3 0.17963082
9 17 0.044345677
9 4 0.06416701
9 19 0.07242212
10 26 0.038332634
10 28 0.30671367
10 24 0.06673666
10 31 0.032586604
10 12 9.617824
10 9 7.1399994
10 17 0.031687777
11 0 14.825794
11 30 0.43190026
11 8 0.74139816
11 18 4.6634884
11 13 0.530161
11 33 2.1163356
11 29 1.0100087
11 5 4.6794863
11 34 5.080949
11 20 0.7871113
11 2 1.4475604
11 37 1.1484485
11 7 9.303809
11 27 0.45516682
11 16 1.5018045
11 25 0.95246416
12 26 1.3092736
12 28 4.886224
12 32 0.30060756
12 10 9.617824
12 24 0.07334348
12 21 0.09242119
12 3 0.06118036
12 1 80.0
13 30 4.561168
13 0 0.98177516
13 8 3.5329328
13 18 704.8835
13 33 0.91648996
13 11 0.530161
13 29 1.2327077
13 34 13.827105
13 20 0.6005607
13 2 0.6810641
13 14 2.6056721
13 37 2.2744853
13 27 0.35140374
13 16 42.857143
13 25 0.61307484
14 34 2000.0
14 20 1.1001261
14 13 2.6056721
14 33 0.3895779
14 27 2.563256
14 11 2000.0
14 25 1.8455323
15 32 0.069741234
15 21 2.007944
16 30 1.120625
16 0 2000.0
16 8 1.2078571
16 18 1.8613322
16 13 42.857143
16 11 1.5018045
16 29 14.758123
16 5 1.4969782
16 20 6.8974695
16 37 148.6259
16 7 1.2772623
16 27 1.3906622
16 23 5.7213106
16 25 1.9440217
17 26 1.5732706
17 6 1.1287122
17 10 0.031687777
17 24 0.23917331
17 31 1.2651308
17 9 0.044345677
17 4 0.0891738
17 19 2.4419065
18 30 0.6998626
18 2 5.401694
18 8 1.0496494
18 37 1.1184344
18 7 2000.0
18 13 704.8835
18 27 3.974666
18 16 1.8613322
18 23 1.3327931
18 11 4.6634884
18 29 1.1620723
18 5 0.4018978
19 31 0.06641508
19 9 0.07242212
19 17 2.4419065
19 4 0.090137325
20 30 25.97746
20 13 0.6005607
20 33 0.9580948
20 11 0.7871113
20 29 5.4783974
20 5 3.7557967
20 34 0.8391871
20 2 6.091139
20 14 1.1001261
20 37 7.6210856
20 7 1.9818466
20 27 0.39468268
20 16 6.8974695
20 25 0.5978776
21 24 0.098481156
21 35 0.04064028
21 12 0.09242119
21 15 2.007944
22 6 1140.4546
22 31 1199.8864
22 9 0.4619039
22 19 1329.8296
23 0 2000.0
23 30 1.357183
23 2 22.265951
23 8 1.1874502
23 37 2.9223485
23 18 1.3327931
23 7 1.0629792
23 16 5.7213106
23 11 2000.0
23 29 2.3181303
23 5 7.909372
24 26 0.050436545
24 32 0.10364584
24 10 0.06673666
24 21 0.098481156
24 31 10.547132
24 12 0.07334348
24 3 133.33334
24 15 2000.0
24 17 0.23917331
25 30 2.7206252
25 13 0.61307484
25 33 0.39880842
25 11 0.95246416
25 29 6.2557325
25 34 4.256059
25 20 0.5978776
25 2 2.3399997
25 14 1.8455323
25 37 42.159805
25 7 13.426541
25 27 0.62638897
25 16 1.9440217
26 32 24.284761
26 28 0.03219216
26 10 0.038332634
26 24 0.050436545
26 31 0.060022358
26 12 1.3092736
26 17 1.5732706
27 0 2000.0
27 30 0.3287689
27 8 1.8587489
27 18 3.974666
27 13 0.35140374
27 33 1.2681881
27 11 0.45516682
27 29 0.7041818
27 5 2.2121737
27 34 3.2075174
27 20 0.39468268
27 2 1.614417
27 14 2.563256
27 37 1.6744248
27 7 297.38187
27 16 1.3906622
27 25 0.62638897
28 36 0.031150606
28 26 0.03219216
28 10 0.30671367
28 3 0.092476495
28 12 4.886224
28 9 0.8136463
29 0 13.958948
29 30 2.1232214
29 8 0.75481373
29 18 1.1620723
29 13 1.2327077
29 11 1.0100087
29 5 5.8522997
29 34 4.677492
29 20 5.4783974
29 2 1.0985239
29 37 0.7975302
29 7 2000.0
29 27 0.7041818
29 16 14.758123
29 23 2.3181303
29 25 6.2557325
30 0 2000.0
30 8 0.64253527
30 18 0.6998626
30 13 4.561168
30 33 6.539575
30 11 0.43190026
30 29 2.1232214
30 5 1.1849481
30 34 1.919643
30 20 25.97746
30 2 28.752195
30 14 2000.0
30 37 10.772014
30 7 0.6427559
30 27 0.3287689
30 16 1.120625
30 23 1.357183
30 25 2.7206252
31 26 0.060022358
31 6 1.0468988
31 10 0.032586604
31 24 10.547132
31 9 0.029168837
31 17 1.2651308
31 4 0.09983386
31 19 0.06641508
32 26 24.284761
32 24 0.10364584
32 12 0.30060756
32 15 0.069741234
33 30 6.539575
33 13 0.91648996
33 11 2.1163356
33 29 3275.3408
33 34 2000.0
33 20 0.9580948
33 2 2.4091158
33 14 0.3895779
33 37 2000.0
33 7 2000.0
33 27 1.2681881
33 16 1998.8635
33 25 0.39880842
34 30 1.919643
34 20 0.8391871
34 8 8.710405
34 7 5.5381527
34 13 13.827105
34 27 3.2075174
34 16 5535.0566
34 11 5.080949
34 25 4.256059
34 29 4.677492
34 5 2.6844063
35 21 0.04064028
36 26 327.3449
36 28 0.031150606
36 3 0.21958469
36 9 0.58958447
37 30 10.772014
37 0 0.6448748
37 8 1.6796181
37 18 1.1184344
37 13 2.2744853
37 11 1.1484485
37 29 0.7975302
37 20 7.6210856
37 2 1.028463
37 7 29.635664
37 27 1.6744248
37 16 148.6259
37 23 2.9223485
37 25 42.159805
