0 8 6.5424857
0 2 1.3419118
0 37 0.7734242
0 13 1.1147763
0 11 19.16104
0 29 8.299342
1 3 0.21055721
1 12 1202.159
2 30 9.942248
2 0 1.3419118
2 8 1.0130938
2 18 12.833513
2 13 0.32847428
2 33 1.8768862
2 11 0.7346181
2 29 0.58442867
2 20 1.6384089
2 37 0.65658313
2 27 0.7700267
2 16 2000.0
2 23 34.00802
2 25 1.24934
3 36 0.27210495
3 28 0.11293663
3 24 2000.0
3 12 0.051881928
3 1 0.21055721
3 9 0.7529807
4 31 0.08758384
4 9 0.06767779
4 17 0.09610685
4 19 0.087183304
5 30 0.69258475
5 8 0.59894484
5 18 0.45020846
5 13 191.57672
5 11 1.9890112
5 29 3.0840816
5 34 1.5332097
5 20 2.4157028
5 37 2000.0
5 7 5.810578
5 27 2.1531203
5 16 1.5939908
5 23 5.592485
5 25 2000.0
6 31 0.4759295
6 17 0.9738372
7 34 10.486467
7 30 0.8214436
7 20 1.2505752
7 8 21.906713
7 37 13.996816
7 27 295.8724
7 16 1.0564456
7 11 5.2319336
7 23 0.8799808
7 25 3.5921457
7 5 5.810578
8 0 6.5424857
8 30 0.7227552
8 18 1.2238097
8 13 3.3853347
8 11 0.9550199
8 29 0.9844642
8 5 0.59894484
8 34 6.7256327
8 2 1.0130938
8 37 1.1500492
8 7 21.906713
8 27 1.7023733
8 16 1.7062367
8 23 1.0846065
9 36 1.267686
9 26 2000.0
9 28 4.541407
9 10 3.1908526
9 22 0.34045422
9 31 0.13534506
9 12 2000.0
9 3 0.7529807
9 17 0.16053855
9 4 0.06767779
9 19 0.08185604
10 26 0.03470644
10 28 0.6465277
10 24 0.1071298
10 31 0.036126893
10 12 6.5694866
10 9 3.1908526
10 17 0.030458273
11 0 19.16104
11 30 0.34809744
11 8 0.9550199
11 18 7.03565
11 13 0.6714837
11 33 1.6885593
11 29 0.49859002
11 5 1.9890112
11 34 2.754192
11 20 0.8129045
11 2 0.7346181
11 37 1.156214
11 7 5.2319336
11 27 0.5758858
11 16 0.88223904
11 25 0.82193816
12 26 0.8222403
12 28 11.335337
12 32 0.23270686
12 10 6.5694866
12 24 0.07435836
12 21 0.1099961
12 3 0.051881928
13 30 6.9268365
13 0 1.1147763
13 8 3.3853347
13 18 560.92926
13 33 0.7754752
13 11 0.6714837
13 29 1.2732795
13 5 191.57672
13 34 17.31769
13 20 0.5840594
13 2 0.32847428
13 14 2.9600224
13 37 2.3790174
13 27 0.20428246
13 16 28.715296
13 25 0.80136544
14 20 1.0293449
14 13 2.9600224
14 27 3.6527975
14 33 0.45032054
14 11 2000.0
14 25 1.3743166
15 32 0.07084996
15 21 1.0513254
16 0 2000.0
16 30 1.0845858
16 8 1.7062367
16 18 1.0436368
16 13 28.715296
16 11 0.88223904
16 29 50.861973
16 5 1.5939908
16 20 14.151745
16 37 16.62285
16 7 1.0564456
16 27 1.4442788
16 23 5.2596984
16 25 1.2951269
17 26 1.9428748
17 6 0.9738372
17 10 0.030458273
17 24 0.24535052
17 31 1.2896574
17 9 0.16053855
17 4 0.09610685
17 19 4.329635
18 30 0.6541038
18 2 12.833513
18 8 1.2238097
18 37 1.1843574
18 13 560.92926
18 7 2000.0
18 27 7.5453315
18 16 1.0436368
18 23 1.2648537
18 11 7.03565
18 29 1.8745347
18 5 0.45020846
19 31 0.08279484
19 9 0.08185604
19 17 4.329635
19 4 0.087183304
20 30 10.818917
20 13 0.5840594
20 33 1.4896078
20 11 0.8129045
20 29 4.194586
20 5 2.4157028
20 34 0.79367167
20 2 1.6384089
20 14 1.0293449
20 37 2.257706
20 7 1.2505752
20 27 0.46002412
20 16 14.151745
20 25 0.33617106
21 32 2000.0
21 10 2000.0
21 24 0.34792072
21 35 0.037298802
21 12 0.1099961
21 15 1.0513254
22 6 1798.466
22 31 1181.1932
22 9 0.34045422
22 19 1288.409
23 0 2000.0
23 30 1.3802001
23 2 34.00802
23 8 1.0846065
23 37 2.044341
23 18 1.2648537
23 7 0.8799808
23 16 5.2596984
23 11 2000.0
23 29 3.6619003
23 5 5.592485
24 26 0.05048002
24 32 0.113642484
24 10 0.1071298
24 21 0.34792072
24 31 2.807456
24 12 0.07435836
24 15 2000.0
24 17 0.24535052
25 34 1.3443711
25 30 1.9046452
25 20 0.33617106
25 2 1.24934
25 14 1.3743166
25 7 3.5921457
25 13 0.80136544
25 33 0.2598449
25 27 0.88004756
25 16 1.2951269
25 11 0.82193816
25 29 4.7940507
26 32 28.084534
26 28 0.051174883
26 10 0.03470644
26 24 0.05048002
26 31 0.08696071
26 12 0.8222403
26 17 1.9428748
27 0 2000.0
27 30 0.37488398
27 8 1.7023733
27 18 7.5453315
27 13 0.20428246
27 33 0.7762684
27 11 0.5758858
27 29 0.565299
27 5 2.1531203
27 34 1.5513884
27 20 0.46002412
27 2 0.7700267
27 14 3.6527975
27 37 0.83734924
27 7 295.8724
27 16 1.4442788
27 25 0.88004756
28 36 0.037225377
28 26 0.051174883
28 10 0.6465277
28 3 0.11293663
28 12 11.335337
28 9 4.541407
29 0 8.299342
29 30 5.2046943
29 8 0.9844642
29 18 1.8745347
29 13 1.2732795
29 11 0.49859002
29 5 3.0840816
29 34 7.1093526
29 20 4.194586
29 2 0.58442867
29 37 1.0441649
29 7 2000.0
29 27 0.565299
29 16 50.861973
29 23 3.6619003
29 25 4.7940507
30 0 2000.0
30 8 0.7227552
30 18 0.6541038
30 13 6.9268365
30 33 2.531728
30 11 0.34809744
30 29 5.2046943
30 5 0.69258475
30 34 3.3131158
30 20 10.818917
30 2 9.942248
30 37 19.696507
30 7 0.8214436
30 27 0.37488398
30 16 1.0845858
30 23 1.3802001
30 25 1.9046452
31 26 0.08696071
31 6 0.4759295
31 10 0.036126893
31 24 2.807456
31 9 0.13534506
31 17 1.2896574
31 4 0.08758384
31 19 0.08279484
32 26 28.084534
32 24 0.113642484
32 12 0.23270686
32 15 0.07084996
33 34 2000.0
33 30 2.531728
33 20 1.4896078
33 2 1.8768862
33 14 0.45032054
33 7 2000.0
33 13 0.7754752
33 27 0.7762684
33 16 1249.4886
33 11 1.6885593
33 29 8077.4434
33 25 0.2598449
34 30 3.3131158
34 20 0.79367167
34 8 6.7256327
34 13 17.31769
34 7 10.486467
34 27 1.5513884
34 16 1215.0568
34 11 2.754192
34 25 1.3443711
34 29 7.1093526
34 5 1.5332097
35 21 0.037298802
36 26 2000.0
36 28 0.037225377
36 3 0.27210495
36 9 1.267686
37 30 19.696507
37 0 0.7734242
37 8 1.1500492
37 18 1.1843574
37 13 2.3790174
37 11 1.156214
37 29 1.0441649
37 20 2.257706
37 2 0.65658313
37 7 13.996816
37 27 0.83734924
37 16 16.62285
37 23 2.044341
37 25 3793.693
