0 2 0.9305481
0 37 2.1568346
0 13 0.83057714
0 25 17.568104
0 29 4.330079
1 3 1.0649242
1 12 54.545452
2 30 9.858394
2 0 0.9305481
2 8 1.6166903
2 18 1.2318311
2 13 0.506005
2 33 1.8247935
2 11 1.7098289
2 29 1.0383389
2 20 3.2947028
2 37 0.7859303
2 27 692.89777
2 16 2000.0
2 23 101.29349
2 25 0.3634868
3 36 0.56748533
3 28 0.42217022
3 24 2000.0
3 12 0.068461254
3 1 1.0649242
3 9 0.69387347
4 31 0.07315755
4 9 0.06392045
4 17 0.16006535
4 19 0.088119
5 30 0.58231276
5 8 0.44915354
5 18 1.1604025
5 13 15.71866
5 11 1.3706381
5 29 4.963824
5 34 1.5022814
5 20 3.5503488
5 37 17.658682
5 7 18.139061
5 27 779.5454
5 16 1.7762688
5 23 5.623309
5 25 2000.0
6 31 0.14459619
6 17 2.9075868
7 30 0.57223797
7 20 112.50001
7 8 6.5601506
7 16 1.1396683
7 23 1.1029018
7 25 1.9248655
7 5 18.139061
8 0 2000.0
8 30 0.66853696
8 18 1.2644603
8 13 2.6360133
8 11 0.9734049
8 29 1.4174849
8 5 0.44915354
8 34 20.100649
8 2 1.6166903
8 37 1.258339
8 7 6.5601506
8 27 1067.7273
8 16 1.5680423
8 23 1.3546467
8 25 2000.0
9 36 1.2751418
9 26 2000.0
9 28 0.4451446
9 10 9.707781
9 22 0.071022734
9 31 0.030481176
9 3 0.69387347
9 12 2000.0
9 4 0.06392045
9 17 0.032102272
9 19 0.096125215
10 26 35.795452
10 28 0.4594044
10 24 0.066532254
10 31 0.79367197
10 12 1189.2046
10 9 9.707781
10 17 0.04600432
11 0 2000.0
11 30 0.90639067
11 8 0.9734049
11 18 4.891944
11 13 1.0672835
11 33 1.5716597
11 29 0.37140882
11 5 1.3706381
11 34 2.8331773
11 20 3.7105422
11 2 1.7098289
11 37 1.5276834
11 7 1710.0
11 27 692.89777
11 16 1.3261623
11 25 0.7096625
12 26 2000.0
12 32 5.7201667
12 24 0.06771309
12 21 0.105951935
12 3 0.068461254
12 1 54.545452
13 30 27.322311
13 0 0.83057714
13 8 2.6360133
13 18 14.942795
13 33 1.2760743
13 11 1.0672835
13 29 1.06509
13 5 15.71866
13 34 197.60316
13 20 1.4601505
13 2 0.506005
13 14 1.7116569
13 37 1.8703185
13 7 2000.0
13 27 150.96591
13 16 40.346638
13 25 0.23493852
14 30 9.890219
14 20 5.662429
14 13 1.7116569
14 27 5234.1475
14 33 0.66511524
14 25 4.6566696
15 32 0.07911181
15 21 11.900826
16 30 1.1787664
16 0 2000.0
16 8 1.5680423
16 18 1.3315083
16 13 40.346638
16 11 1.3261623
16 5 1.7762688
16 34 206.57355
16 20 141.6708
16 7 1.1396683
16 27 1119.8296
16 23 5.6432333
16 25 0.85888374
17 6 2.9075868
17 26 1034.8864
17 10 0.04600432
17 24 0.051734984
17 31 0.9993108
17 9 0.032102272
17 4 0.16006535
17 19 60.000004
18 0 2000.0
18 30 0.741025
18 8 1.2644603
18 2 1.2318311
18 37 2.4282029
18 13 14.942795
18 27 2000.0
18 16 1.3315083
18 11 4.891944
18 23 1.3003542
18 29 1.1681173
18 5 1.1604025
19 28 1218.8636
19 31 0.095395066
19 9 0.096125215
19 4 0.088119
19 17 60.000004
20 30 4.9098873
20 8 2000.0
20 13 1.4601505
20 33 1.2030468
20 11 3.7105422
20 29 3.9957006
20 5 3.5503488
20 34 1.0215143
20 2 3.2947028
20 14 5.662429
20 37 7.5659814
20 7 112.50001
20 27 957.6705
20 16 141.6708
20 25 0.39438638
21 26 2000.0
21 32 2000.0
21 24 1.1414244
21 35 0.035208642
21 31 2000.0
21 12 0.105951935
21 15 11.900826
22 31 2000.0
22 9 0.071022734
22 19 2000.0
23 0 2000.0
23 30 3.7921858
23 8 1.3546467
23 2 101.29349
23 37 1.6859211
23 18 1.3003542
23 7 1.1029018
23 16 5.6432333
23 11 2000.0
23 29 2.10492
23 5 5.623309
24 26 37.045452
24 32 0.3392628
24 10 0.066532254
24 21 1.1414244
24 12 0.06771309
24 15 2000.0
24 17 0.051734984
25 0 17.568104
25 30 18.16692
25 13 0.23493852
25 33 0.557526
25 11 0.7096625
25 29 1.905267
25 34 3.0711784
25 20 0.39438638
25 2 0.3634868
25 14 4.6566696
25 7 1.9248655
25 27 229.14774
25 16 0.85888374
28 36 0.030645166
28 26 51.81818
28 10 0.4594044
28 3 0.42217022
28 12 1219.8296
28 9 0.4451446
28 19 1218.8636
29 0 4.330079
29 30 0.9904762
29 8 1.4174849
29 18 1.1681173
29 13 1.06509
29 11 0.37140882
29 5 4.963824
29 34 10.373726
29 20 3.9957006
29 2 1.0383389
29 37 0.9060835
29 7 2000.0
29 27 1898.9204
29 23 2.10492
29 25 1.905267
30 8 0.66853696
30 18 0.741025
30 13 27.322311
30 33 9.48811
30 11 0.90639067
30 29 0.9904762
30 5 0.58231276
30 34 0.8057887
30 20 4.9098873
30 2 9.858394
30 14 9.890219
30 37 10.602772
30 7 0.57223797
30 27 147.78409
30 16 1.1787664
30 23 3.7921858
30 25 18.16692
31 26 2000.0
31 6 0.14459619
31 10 0.79367197
31 35 7.7287884
31 22 2000.0
31 9 0.030481176
31 4 0.07315755
31 17 0.9993108
31 19 0.095395066
32 26 2000.0
32 24 0.3392628
32 12 5.7201667
32 15 0.07911181
33 30 9.48811
33 13 1.2760743
33 11 1.5716597
33 29 2034.6592
33 5 2000.0
33 34 2000.0
33 20 1.2030468
33 2 1.8247935
33 14 0.66511524
33 7 2000.0
33 27 698.2386
33 16 2619.6023
33 25 0.557526
34 30 0.8057887
34 20 1.0215143
34 8 20.100649
34 37 2000.0
34 7 2000.0
34 13 197.60316
34 27 716.8182
34 16 206.57355
34 11 2.8331773
34 29 10.373726
34 25 3.0711784
34 5 1.5022814
35 21 0.035208642
35 31 7.7287884
36 28 0.030645166
36 3 0.56748533
36 9 1.2751418
37 30 10.602772
37 0 2.1568346
37 8 1.258339
37 18 2.4282029
37 13 1.8703185
37 11 1.5276834
37 29 0.9060835
37 5 17.658682
37 20 7.5659814
37 2 0.7859303
37 7 3405.625
37 27 725.7955
37 16 2000.0
37 23 1.6859211
37 25 1772.8408
