0 2 2.9927454
0 37 1.5411388
0 13 0.79013795
0 29 32.776264
0 25 15.022875
1 3 1.2252743
1 12 9.344449
2 30 34.745113
2 0 2.9927454
2 8 1.8654771
2 18 1.8791744
2 13 0.5274231
2 33 1.4032656
2 11 1.826241
2 29 0.92992777
2 20 2.8501549
2 37 0.96148956
2 27 1.1675036
2 16 2000.0
2 23 7.178231
2 25 0.4220339
3 36 0.5621259
3 28 2.5924087
3 24 1247.2727
3 12 0.05856576
3 1 1.2252743
3 9 0.6668697
4 31 0.098326206
4 9 0.08754387
4 17 0.15982428
4 19 0.099789515
5 30 0.621302
5 8 0.78608733
5 18 0.8876816
5 13 35.798912
5 11 2.2013888
5 29 3.726477
5 34 2.109
5 20 2.4800084
5 37 12.572896
5 7 9.189303
5 27 1.4145072
5 16 1.4774344
5 23 2.288233
5 25 2000.0
6 31 0.1706781
6 17 1.9333333
7 34 378.94742
7 30 0.67287636
7 8 5.200312
7 16 1.1225744
7 23 1.3108515
7 25 4.294557
7 5 9.189303
8 0 2000.0
8 30 0.52050257
8 18 1.0202528
8 13 1.8657423
8 11 2.4917524
8 29 0.7527492
8 5 0.78608733
8 34 15.623064
8 2 1.8654771
8 37 1.0746572
8 7 5.200312
8 27 2.6508653
8 16 1.8073224
8 23 1.5145454
8 25 2000.0
9 36 0.45440054
9 26 2000.0
9 28 1.7187707
9 10 25.149353
9 22 0.057878595
9 31 0.029367583
9 3 0.6668697
9 4 0.08754387
9 17 0.032600354
9 19 0.07695287
10 26 0.030635245
10 28 0.39318186
10 24 0.091267295
10 31 54.573864
10 12 1741.1931
10 9 25.149353
10 17 0.029384559
11 0 2000.0
11 30 0.67950565
11 8 2.4917524
11 18 18.214027
11 13 0.8545584
11 33 2.0606487
11 29 1.07998
11 5 2.2013888
11 34 3.629803
11 20 2.4088192
11 2 1.826241
11 37 2.0136702
11 7 4995.909
11 27 0.78915715
11 16 1.5911891
11 25 1.1708151
12 26 2.3119724
12 32 7.349278
12 24 0.07286115
12 21 0.16752787
12 3 0.05856576
12 1 9.344449
13 30 56.717464
13 0 0.79013795
13 8 1.8657423
13 18 61.541992
13 33 0.81628674
13 11 0.8545584
13 29 0.86324865
13 5 35.798912
13 34 110.45455
13 20 1.258159
13 2 0.5274231
13 14 7.6541286
13 37 1.5395359
13 7 2000.0
13 27 1.1854787
13 16 51.429577
13 25 0.2247215
14 34 2000.0
14 30 10.951085
14 20 1.2809185
14 13 7.6541286
14 27 3.4930646
14 33 0.3441865
14 11 2000.0
14 25 1.7060934
15 32 0.070615605
15 21 7.292581
16 30 1.0294179
16 0 2000.0
16 8 1.8073224
16 18 1.1199846
16 13 51.429577
16 11 1.5911891
16 5 1.4774344
16 34 49.293556
16 20 33.180805
16 7 1.1225744
16 27 1.5791724
16 23 2.3822641
16 25 1.0048718
17 6 1.9333333
17 26 1.5013996
17 10 0.029384559
17 24 0.14969605
17 31 0.99068886
17 9 0.032600354
17 4 0.15982428
17 19 294.00793
18 0 2000.0
18 30 0.52951753
18 8 1.0202528
18 13 61.541992
18 11 18.214027
18 29 1.1873682
18 5 0.8876816
18 2 1.8791744
18 37 2.0026426
18 7 2000.0
18 27 20.741102
18 16 1.1199846
18 23 1.3894122
19 31 0.08944627
19 9 0.07695287
19 4 0.099789515
19 17 294.00793
20 30 1.3849473
20 13 1.258159
20 33 2.7112503
20 11 2.4088192
20 29 7.0597997
20 5 2.4800084
20 34 1.7702156
20 2 2.8501549
20 14 1.2809185
20 37 12.536736
20 7 4796.591
20 27 1.5719335
20 16 33.180805
20 25 1.1577731
21 32 2000.0
21 24 2.0273044
21 35 0.034718536
21 31 2000.0
21 12 0.16752787
21 15 7.292581
22 31 75.0
22 9 0.057878595
22 19 2000.0
23 0 2000.0
23 30 1.3715241
23 8 1.5145454
23 2 7.178231
23 37 1.6659756
23 18 1.3894122
23 7 1.3108515
23 16 2.3822641
23 11 2000.0
23 29 1.1252036
23 5 2.288233
24 26 0.04675261
24 32 0.4469469
24 10 0.091267295
24 21 2.0273044
24 12 0.07286115
24 15 2000.0
24 17 0.14969605
25 30 18.22596
25 0 15.022875
25 13 0.2247215
25 33 0.6434187
25 11 1.1708151
25 29 2.1579118
25 34 2.3733768
25 20 1.1577731
25 2 0.4220339
25 14 1.7060934
25 37 43.624626
25 7 4.294557
25 27 0.25247034
25 16 1.0048718
26 32 36.21307
26 28 0.07012148
26 10 0.030635245
26 24 0.04675261
26 31 0.20625001
26 12 2.3119724
26 17 1.5013996
27 30 0.60569936
27 0 2000.0
27 8 2.6508653
27 18 20.741102
27 13 1.1854787
27 33 0.8386835
27 11 0.78915715
27 29 0.9314651
27 5 1.4145072
27 34 1.0065229
27 20 1.5719335
27 2 1.1675036
27 14 3.4930646
27 37 0.9337554
27 7 6220.8335
27 16 1.5791724
27 25 0.25247034
28 36 0.034576483
28 26 0.07012148
28 10 0.39318186
28 3 2.5924087
28 12 1264.2614
28 9 1.7187707
28 19 1358.8069
29 0 32.776264
29 30 1.6426909
29 8 0.7527492
29 18 1.1873682
29 13 0.86324865
29 33 18.937365
29 11 1.07998
29 5 3.726477
29 34 3.2560747
29 20 7.0597997
29 2 0.92992777
29 37 0.65050197
29 7 2000.0
29 27 0.9314651
29 16 2000.0
29 23 1.1252036
29 25 2.1579118
30 8 0.52050257
30 18 0.52951753
30 13 56.717464
30 33 17.484415
30 11 0.67950565
30 29 1.6426909
30 5 0.621302
30 34 0.9162655
30 20 1.3849473
30 2 34.745113
30 14 10.951085
30 37 20.599243
30 7 0.67287636
30 27 0.60569936
30 16 1.0294179
30 23 1.3715241
30 25 18.22596
31 26 0.20625001
31 6 0.1706781
31 10 54.573864
31 35 144.38864
31 22 75.0
31 9 0.029367583
31 4 0.098326206
31 17 0.99068886
31 19 0.08944627
32 26 36.21307
32 24 0.4469469
32 12 7.349278
32 15 0.070615605
33 30 17.484415
33 13 0.81628674
33 11 2.0606487
33 29 18.937365
33 5 2000.0
33 34 2000.0
33 20 2.7112503
33 2 1.4032656
33 14 0.3441865
33 7 2000.0
33 27 0.8386835
33 16 3017.898
33 25 0.6434187
34 30 0.9162655
34 20 1.7702156
34 8 15.623064
34 37 2000.0
34 7 378.94742
34 27 1.0065229
34 16 49.293556
34 11 3.629803
34 29 3.2560747
34 25 2.3733768
34 5 2.109
35 21 0.034718536
35 31 144.38864
36 28 0.034576483
36 3 0.5621259
36 9 0.45440054
37 30 20.599243
37 0 1.5411388
37 8 1.0746572
37 18 2.0026426
37 13 1.5395359
37 11 2.0136702
37 29 0.65050197
37 5 12.572896
37 20 12.536736
37 2 0.96148956
37 7 1911.9886
37 27 0.9337554
37 16 2000.0
37 23 1.6659756
37 25 43.624626
