0 2 1.0085382
0 37 2.3331063
0 13 0.87898165
0 29 48.382248
0 25 39.676113
1 3 1.2690971
1 12 1187.2727
2 30 13.065082
2 0 1.0085382
2 8 1.284959
2 18 2.287175
2 13 0.46346873
2 33 1.9350293
2 11 1.2839136
2 29 1.1141267
2 20 3.4133246
2 37 0.9368575
2 27 0.6076612
2 16 2000.0
2 23 10.222402
2 25 0.3893022
3 36 0.62391496
3 28 12.415199
3 24 2000.0
3 12 0.050987337
3 1 1.2690971
3 9 0.5396306
4 31 0.07785382
4 9 0.08658838
4 17 0.13658087
4 19 0.07042341
5 30 0.7749326
5 8 0.5237308
5 18 0.5344616
5 13 42.305214
5 11 1.6574253
5 29 2.4792771
5 34 2.6213937
5 20 2.0388582
5 37 7.7359977
5 7 14.774885
5 27 1.6043228
5 16 1.8190391
5 23 2.784155
5 25 2000.0
6 31 0.16144404
6 17 2.3129885
7 30 0.8320862
7 20 36.929676
7 8 11.383396
7 37 73.896126
7 16 0.99416965
7 23 1.414669
7 25 3.4754415
7 5 14.774885
8 0 2000.0
8 30 0.3956036
8 18 1.2695408
8 13 0.893831
8 11 0.8744709
8 29 0.30636755
8 5 0.5237308
8 34 21.828278
8 2 1.284959
8 37 1.0619433
8 7 11.383396
8 27 0.7482331
8 16 1.7969795
8 23 0.7694215
8 25 2000.0
9 36 0.88621324
9 26 2000.0
9 28 0.86556625
9 10 11.887378
9 22 0.05758523
9 31 0.035777748
9 3 0.5396306
9 12 2000.0
9 4 0.08658838
9 17 0.04276569
9 19 0.097028695
10 26 0.030490335
10 28 0.28146553
10 24 0.089241564
10 31 20.026688
10 12 1761.7046
10 9 11.887378
10 17 0.029746307
11 0 2000.0
11 30 0.7339302
11 8 0.8744709
11 18 5.744032
11 13 0.9303089
11 33 2.1047306
11 29 1.0468317
11 5 1.6574253
11 34 3.1182332
11 20 0.9501753
11 2 1.2839136
11 37 1.5168988
11 7 1326.4204
11 27 0.61490107
11 16 1.1416243
11 25 0.74840313
12 26 0.36378527
12 32 4.660878
12 24 0.06818181
12 21 0.15756068
12 3 0.050987337
12 1 1187.2727
13 30 38.010685
13 0 0.87898165
13 8 0.893831
13 33 1.3491477
13 11 0.9303089
13 29 0.5680066
13 5 42.305214
13 34 964.5956
13 20 1.1121234
13 2 0.46346873
13 14 5.554852
13 37 1.5585577
13 7 2000.0
13 27 0.3327642
13 16 43.086975
13 25 0.22688782
14 34 2000.0
14 30 9.355931
14 20 2.4947274
14 13 5.554852
14 27 7.0814347
14 33 0.5338529
14 11 2000.0
14 25 4.286857
15 32 0.06634601
15 21 9.913721
15 12 2000.0
16 30 1.0889491
16 0 2000.0
16 8 1.7969795
16 18 1.3012542
16 13 43.086975
16 11 1.1416243
16 5 1.8190391
16 34 31.40656
16 20 50.983833
16 7 0.99416965
16 27 1.5067972
16 23 3.3420622
16 25 0.6695005
17 6 2.3129885
17 26 1.6457996
17 10 0.029746307
17 24 0.16842344
17 31 0.9739028
17 9 0.04276569
17 4 0.13658087
17 19 57.392876
18 0 2000.0
18 30 0.6679907
18 8 1.2695408
18 13 2180.341
18 11 5.744032
18 29 1.9310049
18 5 0.5344616
18 2 2.287175
18 37 1.9769629
18 7 2000.0
18 27 11.346546
18 16 1.3012542
18 23 1.5132008
19 28 84.45965
19 31 0.0813447
19 9 0.097028695
19 4 0.07042341
19 17 57.392876
20 0 2000.0
20 30 1.3986936
20 13 1.1121234
20 33 1.2822998
20 11 0.9501753
20 29 8.356322
20 5 2.0388582
20 34 0.89447755
20 2 3.4133246
20 14 2.4947274
20 37 4.692534
20 7 36.929676
20 27 1.1013277
20 16 50.983833
20 25 0.3853448
21 26 2000.0
21 32 2000.0
21 24 1.0717481
21 35 0.02989497
21 31 2000.0
21 12 0.15756068
21 15 9.913721
22 31 292.86606
22 9 0.05758523
22 19 2000.0
23 0 2000.0
23 30 0.9684659
23 8 0.7694215
23 2 10.222402
23 37 3.1379359
23 18 1.5132008
23 7 1.414669
23 16 3.3420622
23 11 2000.0
23 29 1.0351058
23 5 2.784155
24 26 0.05472709
24 32 0.5294967
24 10 0.089241564
24 21 1.0717481
24 12 0.06818181
24 17 0.16842344
25 0 39.676113
25 30 15.770014
25 13 0.22688782
25 33 0.5617155
25 11 0.74840313
25 29 2.7434344
25 34 3.8546402
25 20 0.3853448
25 2 0.3893022
25 14 4.286857
25 37 45.778816
25 7 3.4754415
25 27 0.23324266
25 16 0.6695005
26 32 27.53028
26 28 0.072787665
26 10 0.030490335
26 24 0.05472709
26 31 0.1189251
26 12 0.36378527
26 17 1.6457996
27 30 0.3243701
27 0 2000.0
27 8 0.7482331
27 18 11.346546
27 13 0.3327642
27 33 0.7990195
27 11 0.61490107
27 29 0.7080701
27 5 1.6043228
27 34 0.9469794
27 20 1.1013277
27 2 0.6076612
27 14 7.0814347
27 37 0.7996667
27 7 3979.1477
27 16 1.5067972
27 25 0.23324266
28 36 0.034500744
28 26 0.072787665
28 10 0.28146553
28 3 12.415199
28 12 1188.9205
28 9 0.86556625
28 19 84.45965
29 0 48.382248
29 30 1.0006789
29 8 0.30636755
29 18 1.9310049
29 13 0.5680066
29 33 16.793316
29 11 1.0468317
29 5 2.4792771
29 34 2.841338
29 20 8.356322
29 2 1.1141267
29 37 0.72938806
29 7 2000.0
29 27 0.7080701
29 16 2000.0
29 23 1.0351058
29 25 2.7434344
30 8 0.3956036
30 18 0.6679907
30 13 38.010685
30 33 8.488231
30 11 0.7339302
30 29 1.0006789
30 5 0.7749326
30 34 0.75387937
30 20 1.3986936
30 2 13.065082
30 14 9.355931
30 37 15.771097
30 7 0.8320862
30 27 0.3243701
30 16 1.0889491
30 23 0.9684659
30 25 15.770014
31 26 0.1189251
31 6 0.16144404
31 10 20.026688
31 35 144.6682
31 22 292.86606
31 9 0.035777748
31 4 0.07785382
31 17 0.9739028
31 19 0.0813447
32 26 27.53028
32 24 0.5294967
32 12 4.660878
32 15 0.06634601
33 30 8.488231
33 8 2000.0
33 13 1.3491477
33 11 2.1047306
33 29 16.793316
33 5 2000.0
33 34 2000.0
33 20 1.2822998
33 2 1.9350293
33 14 0.5338529
33 7 2000.0
33 27 0.7990195
33 16 3017.898
33 25 0.5617155
34 30 0.75387937
34 20 0.89447755
34 8 21.828278
34 37 2000.0
34 7 2000.0
34 13 964.5956
34 27 0.9469794
34 16 31.40656
34 11 3.1182332
34 29 2.841338
34 25 3.8546402
34 5 2.6213937
35 21 0.02989497
35 31 144.6682
36 28 0.034500744
36 3 0.62391496
36 9 0.88621324
37 30 15.771097
37 0 2.3331063
37 8 1.0619433
37 18 1.9769629
37 13 1.5585577
37 11 1.5168988
37 29 0.72938806
37 5 7.7359977
37 20 4.692534
37 2 0.9368575
37 7 73.896126
37 27 0.7996667
37 16 2000.0
37 23 3.1379359
37 25 45.778816
