0 8 12.629529
0 2 1.0116569
0 37 1.2813754
0 13 1.066871
0 11 53.380817
0 25 500.00003
0 29 16.843626
1 3 0.4014663
1 12 1305.7954
2 30 10.976749
2 0 1.0116569
2 8 1.590334
2 18 9.454165
2 13 0.49777463
2 33 1.3705058
2 11 0.58070725
2 29 1.2207451
2 20 3.4814856
2 37 0.9714119
2 27 0.7052532
2 16 2000.0
2 23 36.617424
2 25 2.6164343
3 36 0.22939624
3 28 0.091242455
3 24 225.00002
3 12 0.05905967
3 1 0.4014663
3 9 0.24129097
4 31 0.07400627
4 9 0.060640424
4 17 0.071409255
4 19 0.09081152
5 30 0.727102
5 8 0.98861533
5 18 0.42211244
5 13 2000.0
5 11 7.5454087
5 29 6.0185676
5 34 3.453654
5 20 3.2207341
5 37 2000.0
5 7 5.2488093
5 27 1.4198991
5 16 1.4002386
5 23 5.3009086
6 31 1.7451324
6 17 1.4365184
7 34 17.31844
7 30 1.2613302
7 20 2.007068
7 8 28.065344
7 37 10.720445
7 27 118.51876
7 16 1.0535387
7 11 8.00974
7 23 1.5831676
7 25 6.5214972
7 5 5.2488093
8 0 12.629529
8 30 0.91944456
8 18 1.1199143
8 13 1.8760393
8 11 1.1799921
8 29 0.6821088
8 5 0.98861533
8 34 2.227907
8 2 1.590334
8 37 1.649569
8 7 28.065344
8 27 1.3090069
8 16 1.6620809
8 23 1.0164005
9 36 0.60054713
9 26 2000.0
9 28 0.68939394
9 10 3.9066381
9 22 0.22734605
9 31 0.028546596
9 3 0.24129097
9 17 0.045944303
9 4 0.060640424
9 19 0.06556558
10 26 0.041630883
10 28 0.44515467
10 24 0.07235047
10 31 0.036280677
10 12 5.980355
10 9 3.9066381
10 17 0.031250004
11 0 53.380817
11 30 0.39615104
11 8 1.1799921
11 18 7.8509884
11 13 0.48218283
11 33 2.6325386
11 29 2.0591657
11 5 7.5454087
11 34 2.34214
11 20 0.6894597
11 2 0.58070725
11 37 1.3427476
11 7 8.00974
11 27 0.41447595
11 16 1.089869
11 25 0.78719264
12 26 2.278746
12 28 6.3918595
12 32 0.17418624
12 10 5.980355
12 24 0.067543805
12 21 0.06626701
12 3 0.05905967
13 30 1.5719056
13 0 1.066871
13 8 1.8760393
13 18 318.24127
13 33 0.8371604
13 11 0.48218283
13 29 0.66406125
13 5 2000.0
13 34 9.311312
13 20 0.4425775
13 2 0.49777463
13 14 2.848027
13 37 2.4560099
13 27 0.19876468
13 16 381.4754
13 25 0.6603553
14 20 2.2606866
14 13 2.848027
14 33 0.5547287
14 27 3.1715908
14 11 2000.0
14 25 1.7599698
15 32 0.06634897
15 21 1.4372361
16 30 1.1202544
16 0 2000.0
16 8 1.6620809
16 18 0.61400366
16 13 381.4754
16 11 1.089869
16 29 54.532265
16 5 1.4002386
16 20 4.095649
16 37 48.888203
16 7 1.0535387
16 27 1.3232415
16 23 7.611402
16 25 0.8755868
17 26 1.8482293
17 6 1.4365184
17 10 0.031250004
17 24 0.32411665
17 31 1.161039
17 9 0.045944303
17 4 0.071409255
17 19 2.0079153
18 30 0.79541725
18 2 9.454165
18 8 1.1199143
18 37 1.2629203
18 7 2000.0
18 13 318.24127
18 27 4.014198
18 16 0.61400366
18 23 1.3326199
18 11 7.8509884
18 29 1.1724678
18 5 0.42211244
19 22 1056.0795
19 31 0.068777494
19 9 0.06556558
19 17 2.0079153
19 4 0.09081152
20 30 14.019929
20 13 0.4425775
20 33 1.631041
20 11 0.6894597
20 29 2.3483582
20 5 3.2207341
20 34 1.0171487
20 2 3.4814856
20 14 2.2606866
20 37 6.3421645
20 7 2.007068
20 27 0.261266
20 16 4.095649
20 25 0.90750915
21 24 0.09069486
21 35 0.041302446
21 12 0.06626701
21 15 1.4372361
22 6 1634.659
22 31 60.542263
22 9 0.22734605
22 19 1056.0795
23 0 2000.0
23 30 1.3681722
23 2 36.617424
23 8 1.0164005
23 37 1.767354
23 18 1.3326199
23 7 1.5831676
23 16 7.611402
23 11 2000.0
23 29 3.1016154
23 5 5.3009086
24 26 0.08073453
24 32 0.09893785
24 10 0.07235047
24 21 0.09069486
24 31 10.317163
24 12 0.067543805
24 3 225.00002
24 15 2000.0
24 17 0.32411665
25 0 500.00003
25 30 5.0132947
25 13 0.6603553
25 33 0.8679774
25 11 0.78719264
25 29 3.2337604
25 34 4.8805413
25 20 0.90750915
25 2 2.6164343
25 14 1.7599698
25 37 21.770134
25 7 6.5214972
25 27 0.8971107
25 16 0.8755868
26 36 100.0
26 32 28.256466
26 28 0.03691998
26 10 0.041630883
26 24 0.08073453
26 31 0.07218704
26 12 2.278746
26 17 1.8482293
27 0 2000.0
27 30 0.51442707
27 8 1.3090069
27 18 4.014198
27 13 0.19876468
27 33 0.90014917
27 11 0.41447595
27 29 1.1816674
27 5 1.4198991
27 34 1.8686591
27 20 0.261266
27 2 0.7052532
27 14 3.1715908
27 37 1.3786439
27 7 118.51876
27 16 1.3232415
27 25 0.8971107
28 36 0.04026022
28 26 0.03691998
28 10 0.44515467
28 3 0.091242455
28 12 6.3918595
28 9 0.68939394
29 0 16.843626
29 30 5.162137
29 8 0.6821088
29 18 1.1724678
29 13 0.66406125
29 11 2.0591657
29 5 6.0185676
29 34 6.4320335
29 20 2.3483582
29 2 1.2207451
29 37 0.9349916
29 7 2000.0
29 27 1.1816674
29 16 54.532265
29 23 3.1016154
29 25 3.2337604
30 0 2000.0
30 8 0.91944456
30 18 0.79541725
30 13 1.5719056
30 33 2.5967627
30 11 0.39615104
30 29 5.162137
30 5 0.727102
30 34 3.0559876
30 20 14.019929
30 2 10.976749
30 14 2000.0
30 37 5.261469
30 7 1.2613302
30 27 0.51442707
30 16 1.1202544
30 23 1.3681722
30 25 5.0132947
31 26 0.07218704
31 6 1.7451324
31 10 0.036280677
31 24 10.317163
31 22 60.542263
31 9 0.028546596
31 17 1.161039
31 4 0.07400627
31 19 0.068777494
32 26 28.256466
32 24 0.09893785
32 12 0.17418624
32 15 0.06634897
33 30 2.5967627
33 8 2000.0
33 13 0.8371604
33 11 2.6325386
33 29 2287.557
33 5 2000.0
33 34 2000.0
33 20 1.631041
33 2 1.3705058
33 14 0.5547287
33 7 2000.0
33 27 0.90014917
33 16 2000.0
33 25 0.8679774
34 30 3.0559876
34 20 1.0171487
34 8 2.227907
34 7 17.31844
34 13 9.311312
34 27 1.8686591
34 16 2536.0227
34 11 2.34214
34 25 4.8805413
34 29 6.4320335
34 5 3.453654
35 21 0.041302446
36 26 100.0
36 28 0.04026022
36 3 0.22939624
36 9 0.60054713
37 30 5.261469
37 0 1.2813754
37 8 1.649569
37 18 1.2629203
37 13 2.4560099
37 11 1.3427476
37 29 0.9349916
37 20 6.3421645
37 2 0.9714119
37 7 10.720445
37 27 1.3786439
37 16 48.888203
37 23 1.767354
37 25 21.770134
