0 2 1.0800974
0 37 3.4061499
0 13 1.1782899
0 29 35.681725
0 25 51.41826
1 3 0.99390274
1 12 33.82396
2 30 10.644123
2 0 1.0800974
2 8 1.4389092
2 18 1.8658595
2 13 0.34429604
2 33 1.471412
2 11 0.9998783
2 29 1.2100749
2 20 3.5749702
2 37 0.8123728
2 27 0.9244653
2 23 10.245683
2 25 0.50286573
3 36 0.6473599
3 28 59.53291
3 24 2000.0
3 12 0.07379262
3 1 0.99390274
3 9 0.20759319
4 31 0.068539225
4 9 0.07742681
4 17 0.10412499
4 19 0.07287202
5 30 0.58650714
5 8 0.5330037
5 18 1.596732
5 13 38.43699
5 11 1.2981415
5 29 4.1411614
5 34 1.7634003
5 20 2.559366
5 37 5.094862
5 7 14.361372
5 27 1.1764958
5 16 1.5564024
5 23 17.654108
5 25 2000.0
6 31 0.11460777
6 17 6.882455
7 30 1.1126683
7 20 37.87029
7 8 9.136023
7 16 1.1923833
7 23 1.4741642
7 25 1.7484763
7 5 14.361372
8 0 2000.0
8 30 1.030132
8 18 1.4528322
8 13 4.5998073
8 11 0.8927583
8 29 1.0643868
8 5 0.5330037
8 34 68.71063
8 2 1.4389092
8 37 1.0299999
8 7 9.136023
8 27 0.4471585
8 16 1.6597624
8 23 1.0700009
8 25 2000.0
9 36 0.6934567
9 26 2000.0
9 28 1.0110122
9 10 4.1677685
9 22 0.11731376
9 31 0.030032253
9 3 0.20759319
9 12 2000.0
9 4 0.07742681
9 17 0.041229997
9 19 0.090596594
10 26 0.03443344
10 28 0.3533888
10 24 0.07970211
10 31 2.1501067
10 12 20.063131
10 9 4.1677685
10 17 0.028822958
11 0 2000.0
11 30 0.72972065
11 8 0.8927583
11 18 4.2807527
11 13 1.0239984
11 33 1.5538328
11 29 1.0262905
11 5 1.2981415
11 34 1.3897403
11 20 1.2775897
11 2 0.9998783
11 37 1.1732556
11 7 1684.4318
11 27 0.64703774
11 16 0.8605302
11 25 0.6038181
12 26 2.4159093
12 32 6.383999
12 10 20.063131
12 24 0.06721732
12 21 0.1312145
12 3 0.07379262
12 1 33.82396
13 30 78.06375
13 0 1.1782899
13 8 4.5998073
13 18 92.82879
13 33 0.95652837
13 11 1.0239984
13 29 0.8266918
13 5 38.43699
13 34 195.55254
13 20 0.96880764
13 2 0.34429604
13 14 5.401642
13 37 1.0210961
13 7 2000.0
13 27 0.2899479
13 16 316.0909
13 25 0.21983941
14 30 22.611095
14 20 1.8095537
14 13 5.401642
14 27 8.729508
14 33 0.98362744
14 11 2000.0
14 25 2.5623245
15 32 0.077601
15 21 10.531848
16 0 2000.0
16 30 1.1174686
16 8 1.6597624
16 18 2.2624044
16 13 316.0909
16 11 0.8605302
16 5 1.5564024
16 34 27.519436
16 20 123.69494
16 7 1.1923833
16 27 1.3659648
16 23 3.1855597
16 25 1.2549707
17 6 6.882455
17 26 1.5292683
17 10 0.028822958
17 24 0.10704024
17 31 0.951264
17 9 0.041229997
17 4 0.10412499
17 19 1399.8864
18 0 2000.0
18 30 0.88011366
18 8 1.4528322
18 13 92.82879
18 11 4.2807527
18 29 1.4296695
18 5 1.596732
18 2 1.8658595
18 37 2.943759
18 7 2000.0
18 27 38.730885
18 16 2.2624044
18 23 1.936674
19 31 0.086102225
19 9 0.090596594
19 4 0.07287202
20 30 1.8554158
20 13 0.96880764
20 33 1.1431742
20 11 1.2775897
20 29 17.33825
20 5 2.559366
20 34 0.86764526
20 2 3.5749702
20 14 1.8095537
20 37 12.752942
20 7 37.87029
20 27 1.3265209
20 16 123.69494
20 25 0.5449292
21 26 2000.0
21 32 2000.0
21 10 2000.0
21 24 1.3258853
21 35 0.0330264
21 31 2000.0
21 12 0.1312145
21 15 10.531848
22 31 128.20514
22 9 0.11731376
22 19 2000.0
23 0 2000.0
23 30 3.4212399
23 8 1.0700009
23 2 10.245683
23 37 1.735439
23 18 1.936674
23 7 1.4741642
23 16 3.1855597
23 11 2000.0
23 29 1.8872259
23 5 17.654108
24 26 0.040247936
24 32 0.28929427
24 10 0.07970211
24 21 1.3258853
24 12 0.06721732
24 15 2000.0
24 17 0.10704024
25 30 7.9453135
25 0 51.41826
25 13 0.21983941
25 33 0.8794367
25 11 0.6038181
25 29 1.6833587
25 34 1.8071325
25 20 0.5449292
25 2 0.50286573
25 14 2.5623245
25 37 29.125238
25 7 1.7484763
25 27 0.22452655
25 16 1.2549707
26 32 72.176704
26 28 0.05574614
26 10 0.03443344
26 24 0.040247936
26 31 0.20739056
26 12 2.4159093
26 17 1.5292683
27 30 0.18211384
27 0 2000.0
27 8 0.4471585
27 18 38.730885
27 13 0.2899479
27 33 0.76689976
27 11 0.64703774
27 29 2.1396482
27 5 1.1764958
27 34 0.9752572
27 20 1.3265209
27 2 0.9244653
27 14 8.729508
27 37 0.8396931
27 7 2000.0
27 16 1.3659648
27 25 0.22452655
28 36 0.035149276
28 26 0.05574614
28 10 0.3533888
28 12 1191.4204
28 3 59.53291
28 9 1.0110122
28 19 1374.2045
29 0 35.681725
29 30 2.160016
29 8 1.0643868
29 18 1.4296695
29 13 0.8266918
29 33 23.472305
29 11 1.0262905
29 5 4.1411614
29 34 5.1616187
29 20 17.33825
29 2 1.2100749
29 37 0.89174646
29 7 2000.0
29 27 2.1396482
29 16 2000.0
29 23 1.8872259
29 25 1.6833587
30 8 1.030132
30 18 0.88011366
30 13 78.06375
30 33 8.106866
30 11 0.72972065
30 29 2.160016
30 5 0.58650714
30 34 1.0769536
30 20 1.8554158
30 2 10.644123
30 14 22.611095
30 37 19.923353
30 7 1.1126683
30 27 0.18211384
30 16 1.1174686
30 23 3.4212399
30 25 7.9453135
31 26 0.20739056
31 6 0.11460777
31 10 2.1501067
31 35 9.4758835
31 21 2000.0
31 22 128.20514
31 9 0.030032253
31 4 0.068539225
31 17 0.951264
31 19 0.086102225
32 26 72.176704
32 24 0.28929427
32 12 6.383999
32 15 0.077601
33 30 8.106866
33 13 0.95652837
33 11 1.5538328
33 29 23.472305
33 5 2000.0
33 34 2000.0
33 20 1.1431742
33 2 1.471412
33 14 0.98362744
33 7 2000.0
33 27 0.76689976
33 16 2422.443
33 25 0.8794367
34 30 1.0769536
34 20 0.86764526
34 8 68.71063
34 37 2000.0
34 13 195.55254
34 7 6150.966
34 27 0.9752572
34 16 27.519436
34 11 1.3897403
34 29 5.1616187
34 25 1.8071325
34 5 1.7634003
35 21 0.0330264
35 31 9.4758835
36 28 0.035149276
36 3 0.6473599
36 9 0.6934567
37 30 19.923353
37 0 3.4061499
37 8 1.0299999
37 18 2.943759
37 13 1.0210961
37 11 1.1732556
37 29 0.89174646
37 5 5.094862
37 20 12.752942
37 2 0.8123728
37 7 637.25195
37 27 0.8396931
37 16 2000.0
37 23 1.735439
37 25 29.125238
