0 8 5.7899213
0 2 1.2110656
0 37 0.9375958
0 13 0.43135723
0 29 12.337162
1 3 0.22716278
1 12 1202.159
2 30 28.790897
2 0 1.2110656
2 8 1.8574834
2 18 19.760046
2 13 0.75012237
2 33 1.8601724
2 11 6.418343
2 29 1.6965829
2 20 3.1899347
2 37 1.7003269
2 27 3.4432168
2 16 2000.0
2 23 2000.0
2 25 2.6674306
3 36 0.2870779
3 28 0.072067454
3 24 2000.0
3 12 0.049364842
3 1 0.22716278
3 9 0.9443587
4 31 0.07471768
4 9 0.064368315
4 17 0.095819384
4 19 0.08200027
5 34 3.6664438
5 30 1.1506677
5 20 3.5655591
5 8 0.48655927
5 37 2000.0
5 18 0.35672188
5 7 5.7007427
5 27 2.4933872
5 16 1.4198079
5 23 2.9948294
5 11 5.3996215
5 29 5.986318
6 22 87.82853
6 31 0.7943405
6 17 1.7335966
7 34 9.425826
7 30 1.740676
7 20 2.0337415
7 8 100.0
7 37 21.132442
7 27 133.33334
7 16 1.6720583
7 11 21.297302
7 23 1.2452164
7 25 13.552163
7 5 5.7007427
8 0 5.7899213
8 30 0.6913181
8 18 1.3472887
8 13 2.5436175
8 11 2.2553186
8 29 1.0401236
8 5 0.48655927
8 34 4.063391
8 2 1.8574834
8 37 1.9202592
8 7 100.0
8 27 2.3593187
8 16 2.1636229
8 23 2.0971172
9 36 0.70708936
9 28 1.6272314
9 10 9.572593
9 22 0.4038045
9 31 0.03894751
9 3 0.9443587
9 17 0.052684072
9 4 0.064368315
9 19 0.06634897
10 26 0.041107807
10 28 0.44335017
10 24 0.036730204
10 31 0.03489468
10 12 3.8248682
10 9 9.572593
10 17 0.029884532
11 0 59.170456
11 30 1.0289114
11 8 2.2553186
11 18 9.998023
11 13 1.0736363
11 33 2.2291236
11 29 2.4479897
11 5 5.3996215
11 34 2.7248528
11 20 2.2863827
11 2 6.418343
11 37 1.5590672
11 7 21.297302
11 27 1.3407501
11 16 1.1071732
11 25 2.880697
12 26 7.177546
12 28 3.1910343
12 32 0.12491883
12 10 3.8248682
12 24 0.08542207
12 21 0.06643426
12 3 0.049364842
13 30 6.28625
13 0 0.43135723
13 8 2.5436175
13 18 392.50244
13 33 1.1961528
13 11 1.0736363
13 29 0.9869702
13 5 2000.0
13 34 9.390048
13 20 0.7663921
13 2 0.75012237
13 14 5.0053363
13 37 3.3209922
13 27 0.33409086
13 16 2375.8523
13 25 0.7573783
14 20 5.6378493
14 13 5.0053363
14 27 13.016512
14 33 0.4467285
14 11 2000.0
14 25 2.130992
15 32 0.06986686
15 21 6.034189
16 0 2000.0
16 30 1.15914
16 8 2.1636229
16 18 1.2230583
16 11 1.1071732
16 29 79.453926
16 5 1.4198079
16 20 11.763834
16 37 20.289486
16 7 1.6720583
16 27 2.239248
16 23 5.679478
16 25 3.2260811
17 26 1.7037988
17 6 1.7335966
17 10 0.029884532
17 24 0.17381997
17 31 1.2648777
17 9 0.052684072
17 4 0.095819384
17 19 4.851324
18 30 0.7302923
18 2 19.760046
18 8 1.3472887
18 37 0.9649334
18 7 2000.0
18 13 392.50244
18 27 9.837832
18 16 1.2230583
18 23 1.2718713
18 11 9.998023
18 29 1.5868014
18 5 0.35672188
19 31 0.08342572
19 9 0.06634897
19 17 4.851324
19 4 0.08200027
20 0 2000.0
20 30 33.451366
20 13 0.7663921
20 33 1.5466202
20 11 2.2863827
20 29 4.553488
20 5 3.5655591
20 34 1.0836935
20 2 3.1899347
20 14 5.6378493
20 37 4.332421
20 7 2.0337415
20 27 0.6185905
20 16 11.763834
20 25 1.6014215
21 32 333.33334
21 24 0.14411682
21 35 0.048962466
21 12 0.06643426
21 15 6.034189
22 6 87.82853
22 31 1093.9773
22 9 0.4038045
22 19 1377.7842
23 0 2000.0
23 30 3.834126
23 2 2000.0
23 8 2.0971172
23 37 9.01925
23 18 1.2718713
23 7 1.2452164
23 16 5.679478
23 11 2000.0
23 29 1.9960703
23 5 2.9948294
24 26 0.05230784
24 32 0.08311021
24 10 0.036730204
24 21 0.14411682
24 31 21.389309
24 12 0.08542207
24 15 2000.0
24 17 0.17381997
25 30 4.897254
25 13 0.7573783
25 33 0.44473946
25 11 2.880697
25 29 19.551117
25 34 6.346454
25 20 1.6014215
25 2 2.6674306
25 14 2.130992
25 37 88.3187
25 7 13.552163
25 27 0.67069787
25 16 3.2260811
26 36 72.639465
26 32 35.437218
26 28 0.07538399
26 10 0.041107807
26 24 0.05230784
26 31 0.08331946
26 12 7.177546
26 17 1.7037988
27 0 2000.0
27 30 0.873874
27 8 2.3593187
27 18 9.837832
27 13 0.33409086
27 33 1.0141346
27 11 1.3407501
27 29 0.44227248
27 5 2.4933872
27 34 1.2285683
27 20 0.6185905
27 2 3.4432168
27 14 13.016512
27 37 2.3403664
27 7 133.33334
27 16 2.239248
27 23 2000.0
27 25 0.67069787
28 36 0.03978238
28 26 0.07538399
28 10 0.44335017
28 3 0.072067454
28 12 3.1910343
28 9 1.6272314
29 0 12.337162
29 30 18.350544
29 8 1.0401236
29 18 1.5868014
29 13 0.9869702
29 11 2.4479897
29 5 5.986318
29 34 7.3332143
29 20 4.553488
29 2 1.6965829
29 37 1.1460607
29 7 2000.0
29 27 0.44227248
29 16 79.453926
29 23 1.9960703
29 25 19.551117
30 0 2000.0
30 8 0.6913181
30 18 0.7302923
30 13 6.28625
30 33 3.0919905
30 11 1.0289114
30 29 18.350544
30 5 1.1506677
30 34 3.2627385
30 20 33.451366
30 2 28.790897
30 37 8.444535
30 7 1.740676
30 27 0.873874
30 16 1.15914
30 23 3.834126
30 25 4.897254
31 26 0.08331946
31 6 0.7943405
31 10 0.03489468
31 24 21.389309
31 9 0.03894751
31 17 1.2648777
31 4 0.07471768
31 19 0.08342572
32 26 35.437218
32 24 0.08311021
32 21 333.33334
32 12 0.12491883
32 15 0.06986686
33 34 2000.0
33 30 3.0919905
33 20 1.5466202
33 2 1.8601724
33 14 0.4467285
33 7 2000.0
33 13 1.1961528
33 27 1.0141346
33 16 2226.3638
33 11 2.2291236
33 29 1836.5342
33 25 0.44473946
34 30 3.2627385
34 20 1.0836935
34 8 4.063391
34 13 9.390048
34 7 9.425826
34 27 1.2285683
34 16 1215.0568
34 11 2.7248528
34 25 6.346454
34 29 7.3332143
34 5 3.6664438
35 21 0.048962466
36 26 72.639465
36 28 0.03978238
36 3 0.2870779
36 9 0.70708936
37 30 8.444535
37 0 0.9375958
37 8 1.9202592
37 18 0.9649334
37 13 3.3209922
37 11 1.5590672
37 29 1.1460607
37 20 4.332421
37 2 1.7003269
37 7 21.132442
37 27 2.3403664
37 16 20.289486
37 23 9.01925
37 25 88.3187
