0 8 10.830402
0 2 0.8424324
0 37 1.0350451
0 13 0.56143063
0 11 160.0
0 25 2000.0
0 29 9.573796
1 3 0.39094576
1 12 1201.9885
2 30 8.348813
2 0 0.8424324
2 8 1.3474177
2 18 6.1299324
2 13 0.4672847
2 33 1.4581045
2 11 1.4331582
2 29 0.9442364
2 20 3.8805869
2 37 0.8248406
2 27 0.8096727
2 23 88.888885
2 25 0.91114265
3 36 0.19894694
3 28 0.11090264
3 24 266.6667
3 12 0.069718316
3 1 0.39094576
3 9 0.2383769
4 31 0.08174013
4 9 0.07241841
4 17 0.08232885
4 19 0.075478286
5 30 0.7181818
5 8 0.8179803
5 18 0.7952009
5 13 2000.0
5 11 2.175136
5 29 2.6246662
5 34 3.2107675
5 20 2.337747
5 37 2000.0
5 7 5.9860377
5 27 1.5033575
5 16 1.4671086
5 23 5.0827837
6 31 1.0116504
6 17 1.43008
7 34 10.833656
7 30 0.79667753
7 20 1.8126979
7 8 34.7166
7 37 18.047476
7 27 73.168655
7 16 1.0592961
7 11 13.710995
7 23 1.2165935
7 25 9.346501
7 5 5.9860377
8 0 10.830402
8 30 0.6694507
8 18 1.2318594
8 13 3.057415
8 11 0.66483355
8 29 0.9883192
8 5 0.8179803
8 34 2.767107
8 2 1.3474177
8 37 1.2058504
8 7 34.7166
8 27 1.2556305
8 16 1.4220196
8 23 0.9555874
9 36 1.6076658
9 26 2000.0
9 28 2.1433687
9 10 5.308053
9 22 0.4929927
9 31 0.030872913
9 3 0.2383769
9 17 0.04243787
9 4 0.07241841
9 19 0.06751118
10 26 0.03457767
10 28 0.23122418
10 24 0.06341177
10 31 0.031226184
10 12 2.283834
10 9 5.308053
10 17 0.030257938
11 0 160.0
11 30 0.41455695
11 8 0.66483355
11 18 6.168089
11 13 0.72694165
11 33 2.354366
11 29 0.6224933
11 5 2.175136
11 34 2.6284602
11 20 1.068535
11 2 1.4331582
11 37 1.2544826
11 7 13.710995
11 27 0.4887236
11 16 0.8828209
11 25 0.7905066
12 26 3.3833673
12 28 4.654549
12 32 0.30277184
12 10 2.283834
12 24 0.072621025
12 21 0.083955064
12 3 0.069718316
13 30 0.6674874
13 0 0.56143063
13 8 3.057415
13 18 261.60303
13 33 1.0640755
13 11 0.72694165
13 29 0.9108611
13 34 6.909044
13 20 0.77013326
13 2 0.4672847
13 14 3.0275242
13 37 1.8310906
13 27 0.1797684
13 16 126.22937
13 25 0.5395071
14 20 1.0324999
14 13 3.0275242
14 33 0.36095873
14 27 3.7592902
14 11 2000.0
14 25 2.1786919
15 32 0.06945003
15 21 0.97108585
16 30 1.1399364
16 0 2000.0
16 8 1.4220196
16 18 0.87084717
16 13 126.22937
16 11 0.8828209
16 29 44.226234
16 5 1.4671086
16 20 10.504057
16 37 32.69634
16 7 1.0592961
16 27 1.4501126
16 23 5.3524156
16 25 1.2532429
17 26 1.7407954
17 6 1.43008
17 10 0.030257938
17 24 0.20824842
17 31 1.1359972
17 9 0.04243787
17 4 0.08232885
17 19 2.902233
18 30 0.84623986
18 2 6.1299324
18 8 1.2318594
18 37 1.423532
18 13 261.60303
18 7 2000.0
18 27 3.563194
18 16 0.87084717
18 23 1.2614893
18 11 6.168089
18 29 1.2799745
18 5 0.7952009
19 22 88.42153
19 31 0.06891783
19 9 0.06751118
19 17 2.902233
19 4 0.075478286
20 0 2000.0
20 30 4.4290714
20 13 0.77013326
20 33 1.0460016
20 11 1.068535
20 29 2.0062697
20 5 2.337747
20 34 0.8858048
20 2 3.8805869
20 14 1.0324999
20 37 3.1528878
20 7 1.8126979
20 27 0.49019802
20 16 10.504057
20 25 0.65833956
21 10 2000.0
21 24 0.1586604
21 35 0.093777955
21 12 0.083955064
21 15 0.97108585
22 6 683.75
22 31 1290.3977
22 9 0.4929927
22 19 88.42153
23 0 2000.0
23 30 1.1837199
23 2 88.888885
23 8 0.9555874
23 37 4.8561726
23 18 1.2614893
23 7 1.2165935
23 16 5.3524156
23 11 2000.0
23 29 3.331952
23 5 5.0827837
24 26 0.05352837
24 32 0.111844
24 28 2000.0
24 10 0.06341177
24 21 0.1586604
24 31 14.516457
24 12 0.072621025
24 3 266.6667
24 15 2000.0
24 17 0.20824842
25 30 1.2108649
25 0 2000.0
25 13 0.5395071
25 33 0.57086724
25 11 0.7905066
25 29 1.9025038
25 34 1.7836974
25 20 0.65833956
25 2 0.91114265
25 14 2.1786919
25 37 61.320858
25 7 9.346501
25 27 0.6088996
25 16 1.2532429
26 36 87.03066
26 32 72.37445
26 28 0.036490187
26 10 0.03457767
26 24 0.05352837
26 31 0.05842454
26 12 3.3833673
26 17 1.7407954
27 0 2000.0
27 30 0.1852354
27 8 1.2556305
27 18 3.563194
27 13 0.1797684
27 33 0.8068183
27 11 0.4887236
27 29 0.76340246
27 5 1.5033575
27 34 2.6115716
27 20 0.49019802
27 2 0.8096727
27 14 3.7592902
27 37 5.392435
27 7 73.168655
27 16 1.4501126
27 25 0.6088996
28 36 0.031472817
28 26 0.036490187
28 10 0.23122418
28 3 0.11090264
28 12 4.654549
28 9 2.1433687
29 30 1.5476326
29 0 9.573796
29 8 0.9883192
29 18 1.2799745
29 13 0.9108611
29 11 0.6224933
29 5 2.6246662
29 34 8.821761
29 20 2.0062697
29 2 0.9442364
29 37 1.0881219
29 7 2000.0
29 27 0.76340246
29 16 44.226234
29 23 3.331952
29 25 1.9025038
30 0 2000.0
30 8 0.6694507
30 18 0.84623986
30 13 0.6674874
30 33 1.699605
30 11 0.41455695
30 29 1.5476326
30 5 0.7181818
30 34 3.7897863
30 20 4.4290714
30 2 8.348813
30 14 2000.0
30 37 8.48077
30 7 0.79667753
30 27 0.1852354
30 16 1.1399364
30 23 1.1837199
30 25 1.2108649
31 26 0.05842454
31 6 1.0116504
31 10 0.031226184
31 24 14.516457
31 9 0.030872913
31 17 1.1359972
31 4 0.08174013
31 19 0.06891783
32 26 72.37445
32 24 0.111844
32 12 0.30277184
32 15 0.06945003
33 30 1.699605
33 13 1.0640755
33 11 2.354366
33 29 3275.3408
33 5 2000.0
33 34 2000.0
33 20 1.0460016
33 2 1.4581045
33 14 0.36095873
33 7 2000.0
33 27 0.8068183
33 16 1998.8635
33 25 0.57086724
34 30 3.7897863
34 20 0.8858048
34 8 2.767107
34 7 10.833656
34 13 6.909044
34 27 2.6115716
34 16 5535.0566
34 11 2.6284602
34 25 1.7836974
34 29 8.821761
34 5 3.2107675
35 21 0.093777955
36 26 87.03066
36 28 0.031472817
36 3 0.19894694
36 9 1.6076658
37 30 8.48077
37 0 1.0350451
37 8 1.2058504
37 18 1.423532
37 13 1.8310906
37 11 1.2544826
37 29 1.0881219
37 20 3.1528878
37 2 0.8248406
37 7 18.047476
37 27 5.392435
37 16 32.69634
37 23 4.8561726
37 25 61.320858
