0 8 18.382416
0 2 1.1662499
0 37 1.1413165
0 13 1.4080167
0 11 145.0483
0 29 8.638419
0 25 416.6667
1 3 0.41197288
1 12 1202.3295
2 30 9.434257
2 0 1.1662499
2 8 0.9711144
2 18 4.969964
2 13 0.33680087
2 33 2.9263442
2 11 1.0311754
2 29 1.1481023
2 20 2.6965656
2 37 0.79067796
2 27 0.5181741
2 16 2000.0
2 25 1.3847321
3 36 0.3437395
3 28 0.09947553
3 24 171.42856
3 12 0.060113125
3 1 0.41197288
3 9 0.19583943
4 31 0.06685563
4 9 0.06538892
4 17 0.07630743
4 19 0.08180399
5 30 0.6984928
5 8 0.86430883
5 18 0.5478435
5 13 2000.0
5 11 5.4090905
5 29 2.3525445
5 34 5.5527678
5 20 8.067951
5 37 2000.0
5 7 5.4741845
5 27 2.2284396
5 16 2.1895368
5 23 4.216452
6 22 117.109085
6 31 1.31342
6 17 1.6288803
7 34 10.936411
7 30 1.1208489
7 20 2.877218
7 8 70.97228
7 37 25.804518
7 16 1.0898038
7 11 9.513807
7 23 1.1482377
7 25 10.349808
7 5 5.4741845
8 0 18.382416
8 30 0.9419891
8 18 1.2641582
8 13 1.9320396
8 11 0.69318956
8 29 0.6578558
8 5 0.86430883
8 34 7.330386
8 2 0.9711144
8 37 1.3834267
8 7 70.97228
8 27 1.4884195
8 16 1.6367842
8 23 1.0931365
9 36 2.157811
9 26 2000.0
9 28 23.874857
9 10 3.852015
9 22 0.08731939
9 31 0.02893491
9 3 0.19583943
9 17 0.059698034
9 4 0.06538892
9 19 0.08681475
10 26 0.03761756
10 28 0.52100956
10 24 0.06700396
10 31 0.029971512
10 12 3.24835
10 9 3.852015
10 17 0.028954655
11 0 145.0483
11 30 0.5551721
11 8 0.69318956
11 18 3.3591306
11 13 0.52845544
11 33 2.203641
11 29 0.88960576
11 5 5.4090905
11 34 2.0837293
11 20 0.62695163
11 2 1.0311754
11 37 1.2240998
11 7 9.513807
11 27 0.44200912
11 16 0.8193671
11 25 1.1374216
12 26 0.613026
12 28 4.7820044
12 32 0.20469537
12 10 3.24835
12 24 0.08636605
12 21 0.081281565
12 3 0.060113125
13 30 0.7613846
13 0 1.4080167
13 8 1.9320396
13 18 183.31033
13 33 0.872912
13 11 0.52845544
13 29 0.41827866
13 5 2000.0
13 34 5.4196887
13 20 0.48815584
13 2 0.33680087
13 14 2.940351
13 37 1.9831454
13 27 0.18964547
13 16 63.331657
13 25 0.72037566
14 20 0.841845
14 13 2.940351
14 33 0.6184899
14 27 2.1762903
14 11 2000.0
14 25 1.3825542
15 32 0.06882036
15 21 4.01593
16 30 1.0855939
16 0 2000.0
16 8 1.6367842
16 18 0.8202843
16 13 63.331657
16 11 0.8193671
16 29 2000.0
16 5 2.1895368
16 20 3.9334602
16 37 15.838256
16 7 1.0898038
16 27 1.3387804
16 23 8.451833
16 25 1.5148996
17 26 1.7654128
17 6 1.6288803
17 10 0.028954655
17 24 0.21032254
17 31 1.340455
17 9 0.059698034
17 4 0.07630743
17 19 3.1275623
18 30 0.76412404
18 2 4.969964
18 8 1.2641582
18 37 0.96444637
18 7 2000.0
18 13 183.31033
18 27 6.429709
18 16 0.8202843
18 23 1.2790486
18 11 3.3591306
18 29 1.2603862
18 5 0.5478435
19 31 0.06747874
19 9 0.08681475
19 17 3.1275623
19 4 0.08180399
20 30 11.65027
20 13 0.48815584
20 33 0.9880166
20 11 0.62695163
20 29 1.8980868
20 5 8.067951
20 34 0.9062925
20 2 2.6965656
20 14 0.841845
20 37 3.5806627
20 7 2.877218
20 27 0.5663383
20 16 3.9334602
20 25 0.5742312
21 32 2000.0
21 10 2000.0
21 24 0.13931984
21 35 0.044270832
21 12 0.081281565
21 15 4.01593
22 6 117.109085
22 31 1232.6136
22 9 0.08731939
22 19 1248.466
23 0 2000.0
23 30 1.8048326
23 2 1344.3181
23 8 1.0931365
23 37 2.30397
23 18 1.2790486
23 7 1.1482377
23 16 8.451833
23 11 2000.0
23 29 4.810259
23 5 4.216452
24 26 0.08130973
24 32 0.09567876
24 10 0.06700396
24 21 0.13931984
24 31 11.994986
24 3 171.42856
24 12 0.08636605
24 15 2000.0
24 17 0.21032254
25 0 416.6667
25 30 3.0047963
25 13 0.72037566
25 33 0.67685586
25 11 1.1374216
25 29 8.215125
25 34 1.6517817
25 20 0.5742312
25 2 1.3847321
25 14 1.3825542
25 37 17.66502
25 7 10.349808
25 27 0.7628713
25 16 1.5148996
26 32 20.289274
26 28 0.045464512
26 10 0.03761756
26 24 0.08130973
26 31 0.07170619
26 12 0.613026
26 17 1.7654128
27 0 2000.0
27 30 0.16017652
27 8 1.4884195
27 18 6.429709
27 13 0.18964547
27 33 0.6906711
27 11 0.44200912
27 29 0.27259994
27 5 2.2284396
27 34 1.4054763
27 20 0.5663383
27 2 0.5181741
27 14 2.1762903
27 37 2.0263739
27 7 3108.5796
27 16 1.3387804
27 25 0.7628713
28 36 0.044071145
28 26 0.045464512
28 10 0.52100956
28 3 0.09947553
28 12 4.7820044
28 9 23.874857
29 0 8.638419
29 30 3.398293
29 8 0.6578558
29 18 1.2603862
29 13 0.41827866
29 33 2382.1023
29 11 0.88960576
29 5 2.3525445
29 34 5.7338085
29 20 1.8980868
29 2 1.1481023
29 37 1.3714299
29 27 0.27259994
29 16 2000.0
29 23 4.810259
29 25 8.215125
30 0 2000.0
30 8 0.9419891
30 18 0.76412404
30 13 0.7613846
30 33 1.8311822
30 11 0.5551721
30 29 3.398293
30 5 0.6984928
30 34 1.8327422
30 20 11.65027
30 2 9.434257
30 14 2000.0
30 37 10.498585
30 7 1.1208489
30 27 0.16017652
30 16 1.0855939
30 23 1.8048326
30 25 3.0047963
31 26 0.07170619
31 6 1.31342
31 10 0.029971512
31 24 11.994986
31 9 0.02893491
31 17 1.340455
31 4 0.06685563
31 19 0.06747874
32 26 20.289274
32 24 0.09567876
32 12 0.20469537
32 15 0.06882036
33 30 1.8311822
33 13 0.872912
33 11 2.203641
33 29 2382.1023
33 5 2000.0
33 34 2000.0
33 20 0.9880166
33 2 2.9263442
33 14 0.6184899
33 7 2000.0
33 27 0.6906711
33 16 2000.0
33 25 0.67685586
34 30 1.8327422
34 20 0.9062925
34 8 7.330386
34 7 10.936411
34 13 5.4196887
34 27 1.4054763
34 16 2536.0227
34 11 2.0837293
34 25 1.6517817
34 29 5.7338085
34 5 5.5527678
35 21 0.044270832
36 26 2000.0
36 28 0.044071145
36 3 0.3437395
36 9 2.157811
37 30 10.498585
37 0 1.1413165
37 8 1.3834267
37 18 0.96444637
37 13 1.9831454
37 11 1.2240998
37 29 1.3714299
37 20 3.5806627
37 2 0.79067796
37 7 25.804518
37 27 2.0263739
37 16 15.838256
37 23 2.30397
37 25 17.66502
