0 8 10.1795225
0 2 0.93169653
0 37 1.4205331
0 13 0.9724651
0 11 211.00067
0 29 26.931082
0 25 2000.0
1 3 0.48802757
1 12 1218.2954
2 30 30.856234
2 0 0.93169653
2 8 1.2047179
2 18 8.206954
2 13 0.51346344
2 33 1.8421942
2 11 0.9787313
2 29 0.9882932
2 20 2.1664402
2 37 1.2601564
2 27 1.103812
2 23 57.97613
2 25 2.1197226
3 36 0.2524767
3 28 0.0916928
3 24 2000.0
3 12 0.06174553
3 1 0.48802757
3 9 0.30914772
4 31 0.06777619
4 9 0.07970125
4 17 0.07244078
4 19 0.0829689
5 34 2.6469696
5 30 1.3889296
5 20 1.6427648
5 8 0.7227947
5 18 0.5525889
5 13 2000.0
5 7 3.8820512
5 27 1.8184263
5 16 1.2809739
5 23 4.099788
5 11 2.3176785
5 29 1.8797178
6 22 160.0
6 31 1.5003551
6 17 1.7051739
7 34 9.482038
7 30 0.72291553
7 20 1.513004
7 8 24.101664
7 37 32.605103
7 27 62.745827
7 16 1.1915567
7 11 3.9090044
7 23 1.1211777
7 25 7.95733
7 5 3.8820512
8 0 10.1795225
8 30 0.6396008
8 18 0.8881395
8 13 2.5745742
8 11 0.48937201
8 29 1.1700487
8 5 0.7227947
8 34 3.220327
8 2 1.2047179
8 37 1.2394549
8 7 24.101664
8 27 1.1371734
8 16 1.5767875
8 23 1.0675343
9 36 1.2236996
9 26 2000.0
9 28 1.1070223
9 10 1.344791
9 22 0.39421436
9 31 0.030377148
9 3 0.30914772
9 17 0.04702651
9 4 0.07970125
9 19 0.06839259
10 26 0.04028409
10 28 0.18544278
10 24 0.06293431
10 31 0.032084487
10 12 4.832691
10 9 1.344791
10 17 0.037005134
11 0 211.00067
11 30 0.51127976
11 8 0.48937201
11 18 5.057282
11 13 0.6387991
11 33 4.565221
11 29 1.0571066
11 5 2.3176785
11 34 2.700017
11 20 0.7908258
11 2 0.9787313
11 37 1.4246615
11 7 3.9090044
11 27 0.56779313
11 16 0.8937656
11 25 1.1501349
12 26 3.0461776
12 28 1.5214515
12 32 0.28374445
12 10 4.832691
12 24 0.083435595
12 21 0.07585468
12 3 0.06174553
13 30 0.9667137
13 0 0.9724651
13 8 2.5745742
13 18 363.31537
13 33 1.1871048
13 11 0.6387991
13 29 0.74343926
13 34 7.67779
13 20 0.6974456
13 2 0.51346344
13 14 4.3057294
13 37 2.114875
13 27 0.16613661
13 16 69.434906
13 25 0.6311244
14 34 2000.0
14 20 1.6267933
14 13 4.3057294
14 33 0.43802908
14 27 1.9985232
14 11 2000.0
14 25 2.0600603
15 32 0.070042156
15 21 1.508076
16 30 1.0840286
16 0 2000.0
16 8 1.5767875
16 18 0.99096864
16 13 69.434906
16 11 0.8937656
16 29 40.19144
16 5 1.2809739
16 20 7.9593434
16 37 65.69414
16 7 1.1915567
16 27 1.3880055
16 23 4.5476246
16 25 1.1847309
17 26 1.8489497
17 6 1.7051739
17 10 0.037005134
17 24 0.22467473
17 31 1.2186589
17 9 0.04702651
17 4 0.07244078
17 19 3.0724432
18 30 0.70881796
18 2 8.206954
18 8 0.8881395
18 37 1.2465991
18 13 363.31537
18 7 2000.0
18 27 4.915631
18 16 0.99096864
18 23 1.3267385
18 11 5.057282
18 29 1.2070552
18 5 0.5525889
19 31 0.0747508
19 9 0.06839259
19 17 3.0724432
19 4 0.0829689
20 30 8.746709
20 13 0.6974456
20 33 1.1241817
20 11 0.7908258
20 29 1.4865204
20 5 1.6427648
20 34 0.84142846
20 2 2.1664402
20 14 1.6267933
20 37 6.358935
20 7 1.513004
20 27 0.805975
20 16 7.9593434
20 25 0.5425254
21 32 2000.0
21 24 0.10578776
21 35 0.060675684
21 12 0.07585468
21 15 1.508076
22 6 160.0
22 31 1199.8864
22 9 0.39421436
22 19 1329.8296
23 0 2000.0
23 30 1.3090286
23 2 57.97613
23 8 1.0675343
23 37 3.0558176
23 18 1.3267385
23 7 1.1211777
23 16 4.5476246
23 11 2000.0
23 29 3.133292
23 5 4.099788
24 26 0.07786235
24 32 0.11933542
24 10 0.06293431
24 21 0.10578776
24 31 15.674363
24 12 0.083435595
24 15 2000.0
24 17 0.22467473
25 0 2000.0
25 30 2.642311
25 13 0.6311244
25 33 0.755598
25 11 1.1501349
25 29 2.7226772
25 34 2.1133351
25 20 0.5425254
25 2 2.1197226
25 14 2.0600603
25 37 11.264322
25 7 7.95733
25 27 0.6116739
25 16 1.1847309
26 36 43.855904
26 32 85.679245
26 28 0.03792014
26 10 0.04028409
26 24 0.07786235
26 31 0.061407972
26 12 3.0461776
26 17 1.8489497
27 0 2000.0
27 30 0.18259875
27 8 1.1371734
27 18 4.915631
27 13 0.16613661
27 33 1.0152106
27 11 0.56779313
27 29 0.52700675
27 5 1.8184263
27 34 0.9622873
27 20 0.805975
27 2 1.103812
27 14 1.9985232
27 37 1.1555494
27 7 62.745827
27 16 1.3880055
27 25 0.6116739
28 36 0.0431433
28 26 0.03792014
28 10 0.18544278
28 3 0.0916928
28 12 1.5214515
28 9 1.1070223
29 0 26.931082
29 30 2.137757
29 8 1.1700487
29 18 1.2070552
29 13 0.74343926
29 11 1.0571066
29 5 1.8797178
29 34 1.6072263
29 20 1.4865204
29 2 0.9882932
29 37 0.8119351
29 7 2000.0
29 27 0.52700675
29 16 40.19144
29 23 3.133292
29 25 2.7226772
30 0 2000.0
30 8 0.6396008
30 18 0.70881796
30 13 0.9667137
30 33 1.7555603
30 11 0.51127976
30 29 2.137757
30 5 1.3889296
30 34 1.2097282
30 20 8.746709
30 2 30.856234
30 14 2000.0
30 37 4.953475
30 7 0.72291553
30 27 0.18259875
30 16 1.0840286
30 23 1.3090286
30 25 2.642311
31 26 0.061407972
31 6 1.5003551
31 10 0.032084487
31 24 15.674363
31 9 0.030377148
31 17 1.2186589
31 4 0.06777619
31 19 0.0747508
32 26 85.679245
32 24 0.11933542
32 12 0.28374445
32 15 0.070042156
33 30 1.7555603
33 8 2000.0
33 13 1.1871048
33 11 4.565221
33 29 3275.3408
33 34 2000.0
33 20 1.1241817
33 2 1.8421942
33 14 0.43802908
33 7 2000.0
33 27 1.0152106
33 16 1998.8635
33 25 0.755598
34 30 1.2097282
34 20 0.84142846
34 8 3.220327
34 7 9.482038
34 13 7.67779
34 27 0.9622873
34 16 3216.9885
34 11 2.700017
34 25 2.1133351
34 29 1.6072263
34 5 2.6469696
35 21 0.060675684
36 26 43.855904
36 28 0.0431433
36 3 0.2524767
36 9 1.2236996
37 30 4.953475
37 0 1.4205331
37 8 1.2394549
37 18 1.2465991
37 13 2.114875
37 11 1.4246615
37 29 0.8119351
37 20 6.358935
37 2 1.2601564
37 7 32.605103
37 27 1.1555494
37 16 65.69414
37 23 3.0558176
37 25 11.264322
