0 8 5.3039117
0 2 1.251836
0 37 0.6362023
0 13 0.71871036
0 11 10.076471
0 29 8.671188
1 3 0.24633433
1 12 72.12955
2 30 16.434343
2 0 1.251836
2 8 1.2227159
2 18 11.813483
2 13 0.3186277
2 33 2.331818
2 11 0.543882
2 29 0.9451178
2 20 2.75561
2 37 0.8115274
2 27 0.5306778
2 16 2000.0
2 23 47.959892
2 25 1.2800468
3 36 0.22748373
3 28 0.13123766
3 24 355.55554
3 12 0.060007334
3 1 0.24633433
3 9 0.3927011
4 31 0.0746426
4 9 0.0690021
4 17 0.114537634
4 19 0.08945543
5 30 0.39075428
5 8 0.414301
5 18 1.0045062
5 13 2000.0
5 11 2.5182807
5 29 5.0147076
5 34 2.9369822
5 20 3.9755242
5 37 2000.0
5 7 3.9996448
5 27 3.0999668
5 16 1.9212186
5 23 2.0002031
6 31 0.9988585
6 17 1.0172415
7 34 10.042878
7 30 0.95652956
7 20 1.4937774
7 8 19.289022
7 37 21.931818
7 27 88.888885
7 16 1.4547641
7 11 4.7884283
7 23 1.4937329
7 25 5.4168663
7 5 3.9996448
8 0 5.3039117
8 30 0.66346806
8 18 1.1206332
8 13 4.600203
8 11 0.59689
8 29 0.6728871
8 5 0.414301
8 34 5.336258
8 2 1.2227159
8 37 0.77676773
8 7 19.289022
8 27 1.1023793
8 16 1.3339257
8 23 0.8343268
9 36 1.5359612
9 26 2000.0
9 28 0.7215909
9 10 2.2677631
9 22 0.39404994
9 31 0.029461497
9 3 0.3927011
9 17 0.041750144
9 4 0.0690021
9 19 0.06874069
10 26 0.035775375
10 28 0.21820651
10 24 0.055258464
10 31 0.052180156
10 12 17.792103
10 9 2.2677631
10 17 0.04099248
11 0 10.076471
11 30 0.3409874
11 8 0.59689
11 18 3.168358
11 13 0.57831925
11 33 2.5568461
11 29 1.5496933
11 5 2.5182807
11 34 2.0025918
11 20 0.9446752
11 2 0.543882
11 37 1.3738855
11 7 4.7884283
11 27 0.3815442
11 16 1.0796845
11 25 1.289592
12 26 1.0093826
12 28 4.595067
12 32 0.591163
12 10 17.792103
12 24 0.09618742
12 21 0.07452652
12 3 0.060007334
12 1 72.12955
13 30 4.339359
13 0 0.71871036
13 8 4.600203
13 18 800.0
13 33 0.97302866
13 11 0.57831925
13 29 1.0958561
13 5 2000.0
13 34 13.243494
13 20 0.667587
13 2 0.3186277
13 14 2.276791
13 37 1.831032
13 27 1.0585994
13 16 184.86888
13 25 0.5503255
14 20 1.1872604
14 13 2.276791
14 33 0.49013188
14 27 2.2995803
14 11 2000.0
14 25 0.9874742
15 32 0.06843835
15 21 1.4151322
16 0 2000.0
16 30 1.0670402
16 8 1.3339257
16 18 1.4818859
16 13 184.86888
16 11 1.0796845
16 29 24.955597
16 5 1.9212186
16 20 19.31632
16 37 130.41412
16 7 1.4547641
16 27 1.3087524
16 23 11.422444
16 25 1.3187858
17 26 1.7606258
17 6 1.0172415
17 10 0.04099248
17 24 0.24974526
17 31 1.2321771
17 9 0.041750144
17 4 0.114537634
17 19 2.2623527
18 30 0.80621564
18 2 11.813483
18 8 1.1206332
18 37 1.0521535
18 7 2000.0
18 13 800.0
18 27 3.1659276
18 16 1.4818859
18 23 1.3116239
18 11 3.168358
18 29 1.2219914
18 5 1.0045062
19 31 0.06758689
19 9 0.06874069
19 17 2.2623527
19 4 0.08945543
20 30 44.048615
20 13 0.667587
20 33 1.2456571
20 11 0.9446752
20 29 21.777847
20 5 3.9755242
20 34 0.8638868
20 2 2.75561
20 14 1.1872604
20 37 1.6943581
20 7 1.4937774
20 27 1.2912259
20 16 19.31632
20 25 0.8095001
21 24 0.6935695
21 35 0.03917343
21 12 0.07452652
21 15 1.4151322
22 6 1612.4432
22 31 1207.8978
22 9 0.39404994
22 19 1394.0342
23 0 2000.0
23 30 1.8469998
23 2 47.959892
23 8 0.8343268
23 37 1.5634891
23 18 1.3116239
23 7 1.4937329
23 16 11.422444
23 11 2000.0
23 29 3.9889498
23 5 2.0002031
24 26 0.054292526
24 32 0.12991202
24 10 0.055258464
24 21 0.6935695
24 31 10.934827
24 12 0.09618742
24 3 355.55554
24 15 2000.0
24 17 0.24974526
25 30 3.2570908
25 13 0.5503255
25 33 0.40569922
25 11 1.289592
25 29 2.4892519
25 5 2000.0
25 34 1.3878889
25 20 0.8095001
25 2 1.2800468
25 14 0.9874742
25 37 15.070816
25 7 5.4168663
25 27 0.5524484
25 16 1.3187858
26 36 110.27191
26 32 33.90261
26 28 0.030654326
26 10 0.035775375
26 24 0.054292526
26 31 0.07612362
26 12 1.0093826
26 17 1.7606258
27 0 2000.0
27 30 0.44005635
27 8 1.1023793
27 18 3.1659276
27 13 1.0585994
27 33 0.9420414
27 11 0.3815442
27 29 0.6449036
27 5 3.0999668
27 34 1.451033
27 20 1.2912259
27 2 0.5306778
27 14 2.2995803
27 37 1.0588783
27 7 88.888885
27 16 1.3087524
27 25 0.5524484
28 36 0.031621076
28 26 0.030654326
28 10 0.21820651
28 3 0.13123766
28 12 4.595067
28 9 0.7215909
29 0 8.671188
29 30 8.196716
29 8 0.6728871
29 18 1.2219914
29 13 1.0958561
29 33 132.14285
29 11 1.5496933
29 5 5.0147076
29 34 9.551336
29 20 21.777847
29 2 0.9451178
29 37 0.93361163
29 7 2000.0
29 27 0.6449036
29 16 24.955597
29 23 3.9889498
29 25 2.4892519
30 0 2000.0
30 8 0.66346806
30 18 0.80621564
30 13 4.339359
30 33 5.9007444
30 11 0.3409874
30 29 8.196716
30 5 0.39075428
30 34 2.564284
30 20 44.048615
30 2 16.434343
30 37 19.339167
30 7 0.95652956
30 27 0.44005635
30 16 1.0670402
30 23 1.8469998
30 25 3.2570908
31 26 0.07612362
31 6 0.9988585
31 10 0.052180156
31 24 10.934827
31 9 0.029461497
31 17 1.2321771
31 4 0.0746426
31 19 0.06758689
32 26 33.90261
32 24 0.12991202
32 12 0.591163
32 15 0.06843835
33 30 5.9007444
33 8 2000.0
33 13 0.97302866
33 11 2.5568461
33 29 132.14285
33 34 2000.0
33 20 1.2456571
33 2 2.331818
33 14 0.49013188
33 7 2000.0
33 27 0.9420414
33 16 2000.0
33 25 0.40569922
34 30 2.564284
34 20 0.8638868
34 8 5.336258
34 7 10.042878
34 13 13.243494
34 27 1.451033
34 16 5535.0566
34 11 2.0025918
34 25 1.3878889
34 29 9.551336
34 5 2.9369822
35 21 0.03917343
36 26 110.27191
36 28 0.031621076
36 3 0.22748373
36 9 1.5359612
37 30 19.339167
37 0 0.6362023
37 8 0.77676773
37 18 1.0521535
37 13 1.831032
37 11 1.3738855
37 29 0.93361163
37 20 1.6943581
37 2 0.8115274
37 7 21.931818
37 27 1.0588783
37 16 130.41412
37 23 1.5634891
37 25 15.070816
