0 8 8.612649
0 2 1.1977571
0 37 0.899892
0 13 0.90823746
0 11 60.207024
0 29 8.434142
0 25 2000.0
1 3 0.41860908
1 12 1144.659
2 30 14.5823765
2 0 1.1977571
2 8 1.6018233
2 18 16.858143
2 13 0.6715073
2 33 3.2535946
2 11 1.1946627
2 29 1.1301655
2 20 2.9529998
2 37 1.557167
2 27 0.6337165
2 23 38.137203
2 25 1.3868041
3 36 0.22335526
3 28 0.124304116
3 24 225.00002
3 12 0.070193045
3 1 0.41860908
3 9 0.20605645
4 31 0.06664138
4 9 0.06725037
4 17 0.08075633
4 19 0.097915456
5 34 3.2779598
5 30 0.7345287
5 20 1.2921464
5 8 0.92722374
5 18 0.5262753
5 13 2000.0
5 7 8.007116
5 27 4.0725265
5 16 1.3040894
5 23 6.5842915
5 11 8.983425
5 29 3.9667666
6 31 2.138115
6 17 2.285357
7 34 27.05196
7 30 1.0276269
7 20 1.681638
7 8 103.44213
7 37 17.362041
7 27 160.0
7 16 1.7122462
7 11 7.4792356
7 23 1.0264852
7 25 4.2191854
7 5 8.007116
8 0 8.612649
8 30 0.61215496
8 18 1.4716588
8 13 2.8637252
8 11 1.1499857
8 29 0.44836494
8 5 0.92722374
8 34 5.3282104
8 2 1.6018233
8 37 1.1722337
8 7 103.44213
8 27 0.9402778
8 16 1.2678514
8 23 0.80551744
9 36 1.6028781
9 28 1.7645454
9 10 10.344427
9 22 0.23499537
9 31 0.029651722
9 3 0.20605645
9 17 0.046908703
9 4 0.06725037
9 19 0.069858424
10 26 0.035219017
10 28 0.20280033
10 24 0.062402256
10 31 0.02908397
10 12 6.4414697
10 9 10.344427
10 17 0.030449256
11 0 60.207024
11 30 0.3187071
11 8 1.1499857
11 18 6.1165423
11 13 0.5338021
11 33 2.5595863
11 29 0.95102274
11 5 8.983425
11 34 2.6331024
11 20 1.3711648
11 2 1.1946627
11 37 1.4045628
11 7 7.4792356
11 27 0.4146604
11 16 1.7482399
11 25 1.3887893
12 26 1.6821281
12 28 4.2703385
12 32 0.24634235
12 10 6.4414697
12 24 0.06926177
12 21 0.074427456
12 3 0.070193045
13 30 1.471599
13 0 0.90823746
13 8 2.8637252
13 18 184.15343
13 33 1.0117981
13 11 0.5338021
13 29 1.4314924
13 34 20.159824
13 20 0.64657027
13 2 0.6715073
13 14 3.6397262
13 37 4.685163
13 27 0.18834879
13 16 3692.6704
13 25 0.50659436
14 20 0.7316328
14 13 3.6397262
14 33 0.4584795
14 27 1.6909438
14 11 2000.0
14 25 1.932941
15 32 0.07622229
15 21 3.2362869
16 0 2000.0
16 30 1.0901304
16 8 1.2678514
16 18 1.1628726
16 11 1.7482399
16 29 78.34345
16 5 1.3040894
16 20 13.43851
16 37 30.14607
16 7 1.7122462
16 27 1.645678
16 23 10.15816
16 25 1.7631557
17 26 1.9395943
17 6 2.285357
17 10 0.030449256
17 24 0.23157547
17 31 1.1544589
17 9 0.046908703
17 4 0.08075633
17 19 2.132329
18 30 0.69627905
18 2 16.858143
18 8 1.4716588
18 37 1.4978693
18 7 2000.0
18 13 184.15343
18 27 3.0811658
18 16 1.1628726
18 23 1.4202516
18 11 6.1165423
18 29 1.2484578
18 5 0.5262753
19 31 0.06829108
19 9 0.069858424
19 17 2.132329
19 4 0.097915456
20 30 8.255477
20 13 0.64657027
20 33 1.0283699
20 11 1.3711648
20 29 2.6578674
20 5 1.2921464
20 34 0.7781073
20 2 2.9529998
20 14 0.7316328
20 37 7.6040087
20 7 1.681638
20 27 0.7673804
20 16 13.43851
20 25 0.50947815
21 24 0.09159756
21 35 0.049367916
21 12 0.074427456
21 15 3.2362869
22 6 1140.4546
22 31 1199.8864
22 9 0.23499537
22 19 1329.8296
23 0 2000.0
23 30 1.8269966
23 2 38.137203
23 8 0.80551744
23 37 2.2263458
23 18 1.4202516
23 7 1.0264852
23 16 10.15816
23 11 2000.0
23 29 4.429724
23 5 6.5842915
24 26 0.054206375
24 32 0.09506066
24 10 0.062402256
24 21 0.09159756
24 31 9.820692
24 3 225.00002
24 12 0.06926177
24 15 2000.0
24 17 0.23157547
25 0 2000.0
25 30 3.124698
25 13 0.50659436
25 33 0.43765873
25 11 1.3887893
25 29 3.1378086
25 34 2.5328512
25 20 0.50947815
25 2 1.3868041
25 14 1.932941
25 37 84.93362
25 7 4.2191854
25 27 0.5015161
25 16 1.7631557
26 36 22.336363
26 32 14.535749
26 28 0.03544545
26 10 0.035219017
26 24 0.054206375
26 31 0.06158767
26 12 1.6821281
26 17 1.9395943
27 0 2000.0
27 30 0.23148863
27 8 0.9402778
27 18 3.0811658
27 13 0.18834879
27 33 1.1743996
27 11 0.4146604
27 29 0.63885635
27 5 4.0725265
27 34 3.2532787
27 20 0.7673804
27 2 0.6337165
27 14 1.6909438
27 37 2.5264323
27 7 160.0
27 16 1.645678
27 25 0.5015161
28 36 0.033390153
28 26 0.03544545
28 10 0.20280033
28 3 0.124304116
28 12 4.2703385
28 9 1.7645454
29 0 8.434142
29 30 2.876867
29 8 0.44836494
29 18 1.2484578
29 13 1.4314924
29 11 0.95102274
29 5 3.9667666
29 34 5.216899
29 20 2.6578674
29 2 1.1301655
29 37 1.4145336
29 7 2000.0
29 27 0.63885635
29 16 78.34345
29 23 4.429724
29 25 3.1378086
30 0 2000.0
30 8 0.61215496
30 18 0.69627905
30 13 1.471599
30 33 4.0372186
30 11 0.3187071
30 29 2.876867
30 5 0.7345287
30 34 2.3428798
30 20 8.255477
30 2 14.5823765
30 37 4.070253
30 7 1.0276269
30 27 0.23148863
30 16 1.0901304
30 23 1.8269966
30 25 3.124698
31 26 0.06158767
31 6 2.138115
31 10 0.02908397
31 24 9.820692
31 9 0.029651722
31 17 1.1544589
31 4 0.06664138
31 19 0.06829108
32 26 14.535749
32 24 0.09506066
32 12 0.24634235
32 15 0.07622229
33 30 4.0372186
33 8 2000.0
33 13 1.0117981
33 11 2.5595863
33 29 3275.3408
33 34 2000.0
33 20 1.0283699
33 2 3.2535946
33 14 0.4584795
33 7 2000.0
33 27 1.1743996
33 16 1998.8635
33 25 0.43765873
34 30 2.3428798
34 20 0.7781073
34 8 5.3282104
34 7 27.05196
34 13 20.159824
34 27 3.2532787
34 16 5535.0566
34 11 2.6331024
34 25 2.5328512
34 29 5.216899
34 5 3.2779598
35 21 0.049367916
36 26 22.336363
36 28 0.033390153
36 3 0.22335526
36 9 1.6028781
37 30 4.070253
37 0 0.899892
37 8 1.1722337
37 18 1.4978693
37 13 4.685163
37 11 1.4045628
37 29 1.4145336
37 20 7.6040087
37 2 1.557167
37 7 17.362041
37 27 2.5264323
37 16 30.14607
37 23 2.2263458
37 25 84.93362
