0 2 0.9525958
0 37 1.461409
0 13 1.1191974
0 29 16.353325
0 25 30.000002
1 3 1.2204089
1 12 10.257452
2 30 11.535625
2 0 0.9525958
2 8 1.4107754
2 18 2.1267078
2 13 0.48277125
2 33 1.8644962
2 11 1.0361842
2 29 1.1113276
2 20 2.2055821
2 37 0.84086096
2 27 0.84831905
2 16 2000.0
2 23 11.2011385
2 25 0.6817683
3 36 0.56127805
3 28 38.257725
3 24 2000.0
3 12 0.06873963
3 1 1.2204089
3 9 0.6650765
4 31 0.065440714
4 9 0.09041934
4 17 0.1552388
4 19 0.06654113
5 30 0.64691186
5 8 0.47650898
5 18 0.7929529
5 13 35.78452
5 11 1.7889227
5 29 2.0076876
5 34 2.567322
5 20 2.5107625
5 37 4.5982094
5 7 5.5273395
5 27 3.5234113
5 16 1.6800817
5 23 2.9025054
5 25 2000.0
6 31 0.19639127
6 17 2.3016982
7 30 0.8787657
7 20 47.847706
7 8 7.1452465
7 37 269.26886
7 16 1.3036473
7 23 1.2885618
7 11 100.0
7 25 1.7139698
7 5 5.5273395
8 0 2000.0
8 30 0.41675818
8 18 1.2721572
8 13 1.3930665
8 11 1.0344968
8 29 0.48899886
8 5 0.47650898
8 34 50.732693
8 2 1.4107754
8 37 0.8844674
8 7 7.1452465
8 27 0.88191277
8 16 1.6410137
8 23 1.1334281
8 25 2000.0
9 36 0.8889522
9 26 2000.0
9 28 1.9326019
9 10 33.384377
9 22 0.049985044
9 31 0.029079134
9 12 2000.0
9 3 0.6650765
9 4 0.09041934
9 17 0.035313945
9 19 0.0693654
10 26 0.030318554
10 28 0.27626264
10 24 0.106638774
10 31 13.128078
10 12 37.877716
10 9 33.384377
10 17 0.046164773
11 0 2000.0
11 30 1.177101
11 8 1.0344968
11 18 5.9759817
11 13 1.6679653
11 33 1.6227704
11 29 2.5753486
11 5 1.7889227
11 34 2.6412625
11 20 1.2828431
11 2 1.0361842
11 37 1.5861664
11 7 100.0
11 27 0.756495
11 16 1.2303174
11 25 0.71974427
12 26 5.1809106
12 28 150.00941
12 32 4.705022
12 10 37.877716
12 24 0.066037394
12 21 0.19988039
12 3 0.06873963
12 1 10.257452
13 30 126.07549
13 0 1.1191974
13 8 1.3930665
13 18 189.26762
13 33 1.2655159
13 11 1.6679653
13 29 0.93905294
13 5 35.78452
13 34 376.9231
13 20 1.2521646
13 2 0.48277125
13 14 8.968414
13 37 1.0257676
13 7 2000.0
13 27 1.8423041
13 16 39.849747
13 25 0.26989108
14 30 20.191315
14 20 1.7532655
14 13 8.968414
14 27 1.9094918
14 33 0.4393276
14 25 2.52573
15 32 0.089030415
15 21 2.5950103
16 34 59.383533
16 30 1.904762
16 20 29.983902
16 8 1.6410137
16 18 1.0715207
16 7 1.3036473
16 13 39.849747
16 27 1.9585352
16 11 1.2303174
16 23 2.2340786
16 25 0.7863604
16 5 1.6800817
17 6 2.3016982
17 26 3.095787
17 10 0.046164773
17 24 0.103333615
17 31 1.9037548
17 9 0.035313945
17 4 0.1552388
17 19 1599.8296
18 0 2000.0
18 30 0.749492
18 8 1.2721572
18 13 189.26762
18 11 5.9759817
18 29 1.5313166
18 5 0.7929529
18 2 2.1267078
18 37 2.2717776
18 7 2000.0
18 27 20.457684
18 16 1.0715207
18 23 1.4467877
19 28 164.41136
19 31 0.06458023
19 9 0.0693654
19 4 0.06654113
20 30 2.2274518
20 13 1.2521646
20 33 1.1777438
20 11 1.2828431
20 29 6.097643
20 5 2.5107625
20 34 0.92474085
20 2 2.2055821
20 14 1.7532655
20 37 2.294311
20 7 47.847706
20 27 1.3120689
20 16 29.983902
20 25 0.49458274
21 26 2000.0
21 32 2000.0
21 10 2000.0
21 24 0.85653573
21 35 0.029933693
21 31 2000.0
21 12 0.19988039
21 15 2.5950103
22 31 62.828064
22 9 0.049985044
22 19 2000.0
23 0 2000.0
23 30 1.6459647
23 8 1.1334281
23 2 11.2011385
23 37 1.4154394
23 18 1.4467877
23 7 1.2885618
23 16 2.2340786
23 11 2000.0
23 29 1.1032089
23 5 2.9025054
24 26 0.04435336
24 32 0.22002256
24 10 0.106638774
24 21 0.85653573
24 12 0.066037394
24 15 2000.0
24 17 0.103333615
25 0 30.000002
25 30 32.230682
25 13 0.26989108
25 33 0.52316463
25 11 0.71974427
25 29 1.1030735
25 34 2.1138587
25 20 0.49458274
25 2 0.6817683
25 14 2.52573
25 37 37.499798
25 7 1.7139698
25 27 0.23945016
25 16 0.7863604
26 32 33.294567
26 28 0.06840112
26 10 0.030318554
26 24 0.04435336
26 31 0.11400919
26 12 5.1809106
26 17 3.095787
27 30 1.528709
27 0 2000.0
27 8 0.88191277
27 18 20.457684
27 13 1.8423041
27 33 0.58089685
27 11 0.756495
27 29 1.0225753
27 5 3.5234113
27 34 1.7315397
27 20 1.3120689
27 2 0.84831905
27 14 1.9094918
27 37 1.371462
27 7 2000.0
27 16 1.9585352
27 25 0.23945016
28 36 0.032386366
28 26 0.06840112
28 10 0.27626264
28 3 38.257725
28 12 150.00941
28 9 1.9326019
28 19 164.41136
29 0 16.353325
29 30 1.1968123
29 8 0.48899886
29 18 1.5313166
29 13 0.93905294
29 33 12.518648
29 11 2.5753486
29 5 2.0076876
29 34 3.2541687
29 20 6.097643
29 2 1.1113276
29 37 0.6193232
29 7 2000.0
29 27 1.0225753
29 16 2000.0
29 23 1.1032089
29 25 1.1030735
30 8 0.41675818
30 18 0.749492
30 13 126.07549
30 33 4.73892
30 11 1.177101
30 29 1.1968123
30 5 0.64691186
30 34 1.3580424
30 20 2.2274518
30 2 11.535625
30 14 20.191315
30 37 11.867523
30 7 0.8787657
30 27 1.528709
30 16 1.904762
30 23 1.6459647
30 25 32.230682
31 26 0.11400919
31 6 0.19639127
31 10 13.128078
31 35 70.1195
31 22 62.828064
31 9 0.029079134
31 4 0.065440714
31 17 1.9037548
31 19 0.06458023
32 26 33.294567
32 24 0.22002256
32 12 4.705022
32 15 0.089030415
33 30 4.73892
33 8 2000.0
33 13 1.2655159
33 11 1.6227704
33 29 12.518648
33 5 2000.0
33 34 2000.0
33 20 1.1777438
33 2 1.8644962
33 14 0.4393276
33 7 2000.0
33 27 0.58089685
33 16 3017.898
33 25 0.52316463
34 30 1.3580424
34 20 0.92474085
34 8 50.732693
34 37 2000.0
34 7 2000.0
34 27 1.7315397
34 16 59.383533
34 11 2.6412625
34 29 3.2541687
34 25 2.1138587
34 5 2.567322
35 21 0.029933693
35 31 70.1195
36 28 0.032386366
36 3 0.56127805
36 9 0.8889522
37 30 11.867523
37 0 1.461409
37 8 0.8844674
37 18 2.2717776
37 13 1.0257676
37 11 1.5861664
37 29 0.6193232
37 5 4.5982094
37 20 2.294311
37 2 0.84086096
37 7 269.26886
37 27 1.371462
37 16 2000.0
37 23 1.4154394
37 25 37.499798
