0 2 0.79916376
0 37 1.3969134
0 13 1.5214567
0 29 14.809787
0 25 16.819845
1 3 0.7905623
1 12 36.96307
2 30 19.494856
2 0 0.79916376
2 8 1.2806515
2 18 2.9294271
2 13 0.41539267
2 33 3.776594
2 11 1.5778284
2 29 1.3968705
2 20 2.0636482
2 37 0.8340916
2 27 0.8043078
2 16 2000.0
2 23 10.058313
2 25 1.1757712
3 36 0.7142737
3 28 6.557732
3 24 2000.0
3 12 0.0652012
3 1 0.7905623
3 9 0.2297716
4 31 0.06771309
4 9 0.111148305
4 17 0.11031504
4 19 0.07068741
5 30 0.7538201
5 8 1.0418006
5 18 0.8784736
5 13 53.15431
5 11 3.0992436
5 29 2.5656207
5 34 1.7448518
5 20 3.4945104
5 37 8.879031
5 7 8.349648
5 27 1.81766
5 16 1.311752
5 23 2.2098727
6 31 0.11537908
6 17 4.2142653
7 34 553.8462
7 30 0.9439533
7 20 80.05722
7 8 9.074787
7 37 108.20713
7 27 450.00003
7 16 1.4468998
7 23 1.7258524
7 11 166.24507
7 25 5.51632
7 5 8.349648
8 0 2000.0
8 30 0.6231558
8 18 1.3791091
8 13 2.4359326
8 11 0.8585228
8 29 0.696672
8 5 1.0418006
8 34 88.267624
8 2 1.2806515
8 37 0.806041
8 7 9.074787
8 27 0.8175599
8 16 1.7217153
8 23 1.273865
8 25 2000.0
9 36 0.49598518
9 26 2000.0
9 28 1.2173281
9 10 10.127121
9 22 0.061080858
9 31 0.031380404
9 3 0.2297716
9 12 2000.0
9 4 0.111148305
9 17 0.04028677
9 19 0.07172573
10 26 0.030391742
10 28 0.6196023
10 24 0.11481644
10 31 23.61219
10 12 1215.7954
10 9 10.127121
10 17 0.029806849
11 0 2000.0
11 30 0.73912215
11 8 0.8585228
11 18 8.864525
11 13 0.8642377
11 33 7.4125657
11 29 1.1573759
11 5 3.0992436
11 34 2.885129
11 20 0.9156144
11 2 1.5778284
11 37 1.6112084
11 7 166.24507
11 27 0.7391258
11 16 0.85049987
11 25 1.0539118
12 26 2.370185
12 28 140.12685
12 32 4.490559
12 24 0.06909825
12 21 0.21292827
12 3 0.0652012
12 1 36.96307
13 30 60.306583
13 0 1.5214567
13 8 2.4359326
13 18 64.45863
13 33 1.3731233
13 11 0.8642377
13 29 1.202003
13 5 53.15431
13 34 2000.0
13 20 1.6700056
13 2 0.41539267
13 14 5.2044535
13 37 0.9863619
13 7 2000.0
13 27 0.28311175
13 16 25.564287
13 25 0.34846196
14 30 10.262332
14 20 8.951643
14 13 5.2044535
14 27 7.039387
14 33 0.53400683
14 11 2000.0
14 25 2.4524345
15 32 0.07385033
15 21 1.5909791
15 12 2000.0
16 0 2000.0
16 30 1.1031451
16 8 1.7217153
16 18 1.3713495
16 13 25.564287
16 11 0.85049987
16 29 70.5632
16 5 1.311752
16 34 43.80098
16 20 19.721027
16 7 1.4468998
16 27 1.6625637
16 23 2.8365057
16 25 1.0608335
17 6 4.2142653
17 26 1.6656184
17 10 0.029806849
17 24 0.068098255
17 31 0.9738717
17 9 0.04028677
17 4 0.11031504
17 19 125.490654
18 0 2000.0
18 30 0.7453197
18 8 1.3791091
18 13 64.45863
18 11 8.864525
18 29 1.2718682
18 5 0.8784736
18 2 2.9294271
18 37 2.846792
18 7 2000.0
18 27 18.42299
18 16 1.3713495
18 23 1.2477255
19 31 0.10148674
19 9 0.07172573
19 4 0.07068741
20 0 2000.0
20 30 2.3176036
20 8 2000.0
20 13 1.6700056
20 33 1.8446317
20 11 0.9156144
20 29 7.1461453
20 5 3.4945104
20 34 1.2534047
20 2 2.0636482
20 14 8.951643
20 37 4.5933194
20 7 80.05722
20 27 1.8417058
20 16 19.721027
20 25 0.6860769
21 24 1.0838599
21 35 0.030673575
21 12 0.21292827
21 15 1.5909791
22 31 171.42857
22 9 0.061080858
22 19 2000.0
23 0 2000.0
23 30 1.4816489
23 8 1.273865
23 2 10.058313
23 37 1.2232685
23 18 1.2477255
23 7 1.7258524
23 16 2.8365057
23 11 2000.0
23 29 0.94439226
23 5 2.2098727
24 26 0.04653794
24 32 0.1665647
24 10 0.11481644
24 21 1.0838599
24 12 0.06909825
24 15 2000.0
24 17 0.068098255
25 30 29.716478
25 0 16.819845
25 13 0.34846196
25 33 0.7776453
25 11 1.0539118
25 29 1.9788626
25 34 1.879089
25 20 0.6860769
25 2 1.1757712
25 14 2.4524345
25 37 66.66667
25 7 5.51632
25 27 0.34406656
25 16 1.0608335
26 32 54.545452
26 28 0.086331174
26 10 0.030391742
26 24 0.04653794
26 31 0.1711108
26 12 2.370185
26 17 1.6656184
27 30 0.46549585
27 0 2000.0
27 8 0.8175599
27 18 18.42299
27 13 0.28311175
27 33 0.8885601
27 11 0.7391258
27 29 0.8632605
27 5 1.81766
27 34 1.3501093
27 20 1.8417058
27 2 0.8043078
27 14 7.039387
27 37 1.2211465
27 7 450.00003
27 16 1.6625637
27 25 0.34406656
28 36 0.03137903
28 26 0.086331174
28 10 0.6196023
28 3 6.557732
28 12 140.12685
28 9 1.2173281
28 19 1378.2386
29 0 14.809787
29 30 0.8992163
29 8 0.696672
29 18 1.2718682
29 13 1.202003
29 33 30.91544
29 11 1.1573759
29 5 2.5656207
29 34 3.3142529
29 20 7.1461453
29 2 1.3968705
29 37 0.7854072
29 27 0.8632605
29 16 70.5632
29 23 0.94439226
29 25 1.9788626
30 8 0.6231558
30 18 0.7453197
30 13 60.306583
30 33 3.3198013
30 11 0.73912215
30 29 0.8992163
30 5 0.7538201
30 34 0.850619
30 20 2.3176036
30 2 19.494856
30 14 10.262332
30 37 30.807812
30 7 0.9439533
30 27 0.46549585
30 16 1.1031451
30 23 1.4816489
30 25 29.716478
31 26 0.1711108
31 6 0.11537908
31 10 23.61219
31 35 44.50426
31 22 171.42857
31 9 0.031380404
31 4 0.06771309
31 17 0.9738717
31 19 0.10148674
32 26 54.545452
32 24 0.1665647
32 21 2000.0
32 12 4.490559
32 15 0.07385033
33 30 3.3198013
33 8 2000.0
33 13 1.3731233
33 11 7.4125657
33 29 30.91544
33 34 2000.0
33 20 1.8446317
33 2 3.776594
33 14 0.53400683
33 7 2000.0
33 27 0.8885601
33 16 3017.898
33 25 0.7776453
34 30 0.850619
34 20 1.2534047
34 8 88.267624
34 37 2000.0
34 7 553.8462
34 27 1.3501093
34 16 43.80098
34 11 2.885129
34 29 3.3142529
34 25 1.879089
34 5 1.7448518
35 21 0.030673575
35 31 44.50426
36 28 0.03137903
36 3 0.7142737
36 9 0.49598518
37 30 30.807812
37 0 1.3969134
37 8 0.806041
37 18 2.846792
37 13 0.9863619
37 11 1.6112084
37 29 0.7854072
37 5 8.879031
37 20 4.5933194
37 2 0.8340916
37 7 108.20713
37 27 1.2211465
37 16 2000.0
37 23 1.2232685
37 25 66.66667
