0 8 22.592215
0 2 1.3990601
0 37 1.0175958
0 13 0.99469084
0 11 21.790289
0 29 8.659911
1 3 0.2892229
1 12 1298.8068
2 30 7.6476974
2 0 1.3990601
2 8 1.2190595
2 18 10.183262
2 13 0.5682197
2 33 2.4694328
2 11 0.6624653
2 29 1.0295936
2 20 2.9101374
2 37 1.0066383
2 27 0.65776604
2 16 2000.0
2 23 40.0
2 25 0.95349574
3 36 0.16419244
3 28 0.097292915
3 24 266.6667
3 12 0.06358418
3 1 0.2892229
3 9 0.20712408
4 31 0.089021266
4 9 0.078766495
4 17 0.08433291
4 19 0.0869697
5 30 1.2816615
5 8 0.8017634
5 18 0.38626054
5 13 2000.0
5 11 3.9445302
5 29 2.6267276
5 34 4.077731
5 20 1.5783215
5 37 2000.0
5 7 7.149629
5 27 2.3742616
5 16 1.6605446
5 23 6.4757166
6 22 200.0
6 31 1.1734463
6 17 0.88710594
7 34 11.1251545
7 30 0.77807665
7 20 1.1450353
7 8 64.073135
7 37 28.125002
7 27 88.888885
7 16 1.0320431
7 11 3.9417
7 23 1.1787792
7 25 11.285281
7 5 7.149629
8 0 22.592215
8 30 0.6287709
8 18 1.0094495
8 13 2.9299011
8 11 1.2267829
8 29 0.7856534
8 5 0.8017634
8 34 1.6690187
8 2 1.2190595
8 37 1.168372
8 7 64.073135
8 27 1.7761494
8 16 1.6088363
8 23 1.2027144
9 36 1.2599542
9 26 2000.0
9 28 5.527826
9 10 3.9490907
9 22 0.5291687
9 31 0.02921205
9 3 0.20712408
9 12 2000.0
9 17 0.04922635
9 4 0.078766495
9 19 0.06843835
10 26 0.035163123
10 28 0.17183866
10 24 0.074201845
10 31 0.03197653
10 12 11.774218
10 9 3.9490907
10 17 0.030395173
11 0 21.790289
11 30 0.40968826
11 8 1.2267829
11 18 6.381865
11 13 0.48101327
11 33 2.0460658
11 29 1.1864474
11 5 3.9445302
11 34 2.2297018
11 20 0.7803607
11 2 0.6624653
11 37 1.9226351
11 7 3.9417
11 27 0.4867119
11 16 0.9945766
11 25 1.0003822
12 26 0.68841195
12 28 3.1715481
12 32 0.28428048
12 10 11.774218
12 24 0.06920549
12 21 0.07370185
12 3 0.06358418
13 30 0.7714179
13 0 0.99469084
13 8 2.9299011
13 18 416.6667
13 33 1.0453173
13 11 0.48101327
13 29 0.64285713
13 34 8.645812
13 20 0.450485
13 2 0.5682197
13 14 4.191712
13 37 2.7674491
13 27 0.175519
13 16 80.0
13 25 0.5606072
14 20 0.87263376
14 13 4.191712
14 33 0.37958536
14 27 3.5273566
14 11 2000.0
14 25 1.7454728
15 32 0.09002272
15 21 1.2468766
16 0 2000.0
16 30 1.1206061
16 8 1.6088363
16 18 0.63192147
16 13 80.0
16 11 0.9945766
16 29 48.475105
16 5 1.6605446
16 20 11.987596
16 37 22.33382
16 7 1.0320431
16 27 1.5815806
16 23 5.522727
16 25 0.9657676
17 26 1.7821592
17 6 0.88710594
17 10 0.030395173
17 24 0.15742435
17 31 1.3575314
17 9 0.04922635
17 4 0.08433291
17 19 2.7743802
18 30 0.7379933
18 2 10.183262
18 8 1.0094495
18 37 1.1528637
18 7 2000.0
18 13 416.6667
18 27 4.530709
18 16 0.63192147
18 23 1.4602755
18 11 6.381865
18 29 1.0734138
18 5 0.38626054
19 31 0.06840537
19 9 0.06843835
19 17 2.7743802
19 4 0.0869697
20 30 13.906378
20 13 0.450485
20 33 1.1254057
20 11 0.7803607
20 29 1.3461679
20 5 1.5783215
20 34 0.82220954
20 2 2.9101374
20 14 0.87263376
20 37 1.1794783
20 7 1.1450353
20 27 0.37590978
20 16 11.987596
20 25 0.37406537
21 32 2000.0
21 10 2000.0
21 24 0.072214074
21 35 0.042386986
21 12 0.07370185
21 15 1.2468766
22 6 200.0
22 31 1199.8864
22 9 0.5291687
22 19 1329.8296
23 0 2000.0
23 30 1.6514409
23 2 40.0
23 8 1.2027144
23 37 3.0646174
23 18 1.4602755
23 7 1.1787792
23 16 5.522727
23 11 2000.0
23 29 2.3605232
23 5 6.4757166
24 26 0.056759004
24 32 0.11523457
24 10 0.074201845
24 21 0.072214074
24 31 14.820439
24 12 0.06920549
24 3 266.6667
24 15 2000.0
24 17 0.15742435
25 30 2.7677116
25 13 0.5606072
25 33 1.0262809
25 11 1.0003822
25 29 2.8175871
25 34 2.5878332
25 20 0.37406537
25 2 0.95349574
25 14 1.7454728
25 37 22.243591
25 7 11.285281
25 27 0.5840437
25 16 0.9657676
26 36 63.68491
26 32 20.181345
26 28 0.033919647
26 10 0.035163123
26 24 0.056759004
26 31 0.060547125
26 12 0.68841195
26 17 1.7821592
27 0 2000.0
27 30 0.20078388
27 8 1.7761494
27 18 4.530709
27 13 0.175519
27 33 0.933319
27 11 0.4867119
27 29 0.48585406
27 5 2.3742616
27 34 0.76832646
27 20 0.37590978
27 2 0.65776604
27 14 3.5273566
27 37 1.6249495
27 7 88.888885
27 16 1.5815806
27 25 0.5840437
28 36 0.043461252
28 26 0.033919647
28 10 0.17183866
28 3 0.097292915
28 12 3.1715481
28 9 5.527826
29 0 8.659911
29 30 1.9230946
29 8 0.7856534
29 18 1.0734138
29 13 0.64285713
29 11 1.1864474
29 5 2.6267276
29 34 10.13737
29 20 1.3461679
29 2 1.0295936
29 37 0.95230997
29 7 2000.0
29 27 0.48585406
29 16 48.475105
29 23 2.3605232
29 25 2.8175871
30 0 2000.0
30 8 0.6287709
30 18 0.7379933
30 13 0.7714179
30 33 4.473925
30 11 0.40968826
30 29 1.9230946
30 5 1.2816615
30 34 2.3809142
30 20 13.906378
30 2 7.6476974
30 14 2000.0
30 37 6.8141065
30 7 0.77807665
30 27 0.20078388
30 16 1.1206061
30 23 1.6514409
30 25 2.7677116
31 26 0.060547125
31 6 1.1734463
31 10 0.03197653
31 24 14.820439
31 9 0.02921205
31 17 1.3575314
31 4 0.089021266
31 19 0.06840537
32 26 20.181345
32 24 0.11523457
32 12 0.28428048
32 15 0.09002272
33 30 4.473925
33 8 2000.0
33 13 1.0453173
33 11 2.0460658
33 29 3275.3408
33 5 2000.0
33 34 2000.0
33 20 1.1254057
33 2 2.4694328
33 14 0.37958536
33 7 2000.0
33 27 0.933319
33 16 1998.8635
33 25 1.0262809
34 30 2.3809142
34 20 0.82220954
34 8 1.6690187
34 7 11.1251545
34 13 8.645812
34 27 0.76832646
34 16 3216.9885
34 11 2.2297018
34 25 2.5878332
34 29 10.13737
34 5 4.077731
35 21 0.042386986
36 26 63.68491
36 28 0.043461252
36 3 0.16419244
36 9 1.2599542
37 30 6.8141065
37 0 1.0175958
37 8 1.168372
37 18 1.1528637
37 13 2.7674491
37 11 1.9226351
37 29 0.95230997
37 20 1.1794783
37 2 1.0066383
37 7 28.125002
37 27 1.6249495
37 16 22.33382
37 23 3.0646174
37 25 22.243591
