0 2 0.79436904
0 37 1.3165001
0 13 0.8525198
0 29 61.558716
0 25 29.77435
1 3 0.47305128
1 12 11.282414
2 30 16.378836
2 0 0.79436904
2 8 2.3502092
2 18 2.6411054
2 13 0.5176014
2 33 3.1664975
2 11 1.7385293
2 29 1.2516279
2 20 2.5289521
2 37 0.7561836
2 27 692.89777
2 16 2000.0
2 23 9.546791
2 25 0.51619697
3 36 0.69799465
3 28 55.869118
3 24 2000.0
3 12 0.06414555
3 1 0.47305128
3 9 1.1213202
4 31 0.06306731
4 9 0.07040741
4 17 0.15380551
4 19 0.06524053
5 30 0.5794447
5 8 0.66732556
5 18 0.64276755
5 13 31.293447
5 11 3.8813777
5 29 2.5185523
5 34 2.4437156
5 20 2.4108841
5 37 14.779972
5 7 10.906332
5 27 779.5454
5 16 1.3544749
5 23 1.7078764
5 25 2000.0
6 31 0.15580809
6 17 3.1376746
7 30 0.8252906
7 20 80.0
7 8 5.0755963
7 37 114.28571
7 16 1.4505016
7 23 1.2608453
7 25 2.2909093
7 5 10.906332
8 0 2000.0
8 30 0.47301137
8 18 0.9812479
8 13 3.7864537
8 11 1.2856013
8 29 1.6201156
8 5 0.66732556
8 34 18.032227
8 2 2.3502092
8 37 0.91930825
8 7 5.0755963
8 27 1067.7273
8 16 1.4852959
8 23 1.0403901
8 25 2000.0
9 36 0.43593585
9 26 2000.0
9 28 0.60684663
9 10 6.872799
9 22 0.071197145
9 31 0.029540133
9 3 1.1213202
9 4 0.07040741
9 17 0.04653923
9 19 0.066622436
10 26 35.795452
10 28 0.32894367
10 24 0.07692156
10 31 2.735307
10 12 1591.3068
10 9 6.872799
10 17 0.033026673
11 0 2000.0
11 30 0.75344765
11 8 1.2856013
11 18 3.2762659
11 13 1.4936033
11 33 1.9182507
11 29 0.8720416
11 5 3.8813777
11 34 1.731572
11 20 1.3234476
11 2 1.7385293
11 37 1.4291848
11 7 6117.1587
11 27 692.89777
11 16 0.8674525
11 25 0.9050255
12 26 2000.0
12 32 2.6457596
12 10 1591.3068
12 24 0.07993447
12 21 0.16001794
12 3 0.06414555
12 1 11.282414
13 30 42.91309
13 0 0.8525198
13 8 3.7864537
13 18 23.04722
13 33 2.0275934
13 11 1.4936033
13 29 1.0195504
13 5 31.293447
13 34 85.36553
13 20 0.9177948
13 2 0.5176014
13 14 6.4338717
13 37 1.2886614
13 7 2000.0
13 27 150.96591
13 16 48.275856
13 25 0.23324329
14 30 14.099234
14 20 1.2064464
14 13 6.4338717
14 27 5234.1475
14 33 0.4078545
14 11 2000.0
14 25 1.8783667
15 32 0.07191782
15 21 7.4863644
16 0 2000.0
16 30 1.1128699
16 8 1.4852959
16 18 1.1471174
16 13 48.275856
16 11 0.8674525
16 5 1.3544749
16 34 39.7424
16 20 30.518742
16 7 1.4505016
16 27 1119.8296
16 23 3.4364216
16 25 1.0090567
17 6 3.1376746
17 26 1034.8864
17 10 0.033026673
17 24 0.05389019
17 31 0.9516713
17 9 0.04653923
17 4 0.15380551
17 19 70.63637
18 0 2000.0
18 30 0.34106588
18 8 0.9812479
18 2 2.6411054
18 37 3.646826
18 13 23.04722
18 27 2000.0
18 16 1.1471174
18 11 3.2762659
18 23 0.829278
18 29 1.4569252
18 5 0.64276755
19 28 66.66667
19 31 0.07303018
19 9 0.066622436
19 17 70.63637
19 4 0.06524053
20 30 1.2829947
20 8 2000.0
20 13 0.9177948
20 33 1.0124402
20 11 1.3234476
20 29 10.78791
20 5 2.4108841
20 34 0.8836556
20 2 2.5289521
20 14 1.2064464
20 37 2.2267654
20 7 80.0
20 27 957.6705
20 16 30.518742
20 25 0.6334042
21 32 2000.0
21 10 2000.0
21 24 0.84657645
21 35 0.035254456
21 31 2000.0
21 12 0.16001794
21 15 7.4863644
22 31 160.0
22 9 0.071197145
22 19 2000.0
23 0 2000.0
23 30 6.7243214
23 8 1.0403901
23 2 9.546791
23 37 1.319464
23 18 0.829278
23 7 1.2608453
23 16 3.4364216
23 11 2000.0
23 29 1.9804658
23 5 1.7078764
24 26 37.045452
24 32 0.33821392
24 10 0.07692156
24 21 0.84657645
24 12 0.07993447
24 15 2000.0
24 17 0.05389019
25 0 29.77435
25 30 9.864675
25 13 0.23324329
25 33 0.6375598
25 11 0.9050255
25 29 2.1378818
25 34 2.8602617
25 20 0.6334042
25 2 0.51619697
25 14 1.8783667
25 37 42.857143
25 7 2.2909093
25 27 229.14774
25 16 1.0090567
28 36 0.033847533
28 26 51.81818
28 10 0.32894367
28 12 1222.3295
28 3 55.869118
28 9 0.60684663
28 19 66.66667
29 0 61.558716
29 30 3.1478517
29 8 1.6201156
29 18 1.4569252
29 13 1.0195504
29 33 11.414176
29 11 0.8720416
29 5 2.5185523
29 34 2.16302
29 20 10.78791
29 2 1.2516279
29 37 0.84879386
29 7 2000.0
29 27 1898.9204
29 16 2000.0
29 23 1.9804658
29 25 2.1378818
30 8 0.47301137
30 18 0.34106588
30 13 42.91309
30 33 22.973312
30 11 0.75344765
30 29 3.1478517
30 5 0.5794447
30 34 0.8558114
30 20 1.2829947
30 2 16.378836
30 14 14.099234
30 37 17.640532
30 7 0.8252906
30 27 147.78409
30 16 1.1128699
30 23 6.7243214
30 25 9.864675
31 26 79.88636
31 6 0.15580809
31 10 2.735307
31 35 10.811592
31 22 160.0
31 9 0.029540133
31 4 0.06306731
31 17 0.9516713
31 19 0.07303018
32 26 2000.0
32 24 0.33821392
32 12 2.6457596
32 15 0.07191782
33 30 22.973312
33 8 2000.0
33 13 2.0275934
33 11 1.9182507
33 29 11.414176
33 5 2000.0
33 34 2000.0
33 20 1.0124402
33 2 3.1664975
33 14 0.4078545
33 7 2000.0
33 27 698.2386
33 16 2422.443
33 25 0.6375598
34 30 0.8558114
34 20 0.8836556
34 8 18.032227
34 37 2000.0
34 7 3012.841
34 13 85.36553
34 27 716.8182
34 16 39.7424
34 11 1.731572
34 29 2.16302
34 25 2.8602617
34 5 2.4437156
35 21 0.035254456
35 31 10.811592
36 28 0.033847533
36 3 0.69799465
36 9 0.43593585
37 30 17.640532
37 0 1.3165001
37 8 0.91930825
37 18 3.646826
37 13 1.2886614
37 11 1.4291848
37 29 0.84879386
37 5 14.779972
37 20 2.2267654
37 2 0.7561836
37 7 114.28571
37 27 725.7955
37 16 2000.0
37 23 1.319464
37 25 42.857143
