0 2 0.94740856
0 37 1.2343056
0 13 0.9184633
0 29 17.504938
0 25 9.870994
1 3 1.3211735
1 12 12.317999
2 30 19.244778
2 0 0.94740856
2 8 1.2620045
2 18 2.728814
2 13 0.3707899
2 33 2.6590905
2 11 1.3775271
2 29 1.2545081
2 20 2.642972
2 37 0.86472994
2 27 0.8405983
2 16 2000.0
2 23 9.005654
2 25 0.39465243
3 36 0.6705546
3 28 6.98447
3 24 2000.0
3 12 0.07392624
3 1 1.3211735
3 9 0.42791864
4 31 0.06669761
4 9 0.09096017
4 17 0.11239916
4 19 0.06627507
5 30 0.61508566
5 8 1.2659903
5 18 0.5430576
5 13 14.331153
5 11 2.3446267
5 29 2.0722804
5 34 2.9667988
5 20 2.3092017
5 37 34.26574
5 7 4.7499714
5 27 1.321357
5 16 1.2873486
5 23 2.4781632
5 25 2000.0
6 31 0.16783911
6 17 5.5188313
7 34 160.0
7 30 0.8546446
7 20 58.592224
7 8 3.394281
7 16 1.0866206
7 11 83.42874
7 23 1.1839806
7 25 1.7383556
7 5 4.7499714
8 0 2000.0
8 30 0.62211174
8 18 1.4536247
8 13 0.86464614
8 11 1.0680546
8 29 0.7774793
8 5 1.2659903
8 34 50.61834
8 2 1.2620045
8 37 1.109933
8 7 3.394281
8 27 3.96019
8 16 1.4378428
8 23 1.292743
8 25 2000.0
9 36 0.38718766
9 26 2000.0
9 28 0.7377799
9 10 25.948118
9 22 0.056461256
9 31 0.029355075
9 3 0.42791864
9 4 0.09096017
9 17 0.034349885
9 19 0.06616268
10 26 0.14349799
10 28 0.38647175
10 24 0.1520532
10 31 38.222107
10 12 1383.6364
10 9 25.948118
10 17 0.03513738
11 0 2000.0
11 30 0.80677265
11 8 1.0680546
11 18 15.540167
11 13 0.97311515
11 33 3.8466825
11 29 0.92815536
11 5 2.3446267
11 34 4.323362
11 20 2.0750632
11 2 1.3775271
11 37 1.6758919
11 7 83.42874
11 27 0.6872754
11 16 1.3327335
11 25 1.7170575
12 26 2.0988045
12 32 2.3755903
12 24 0.08012547
12 21 0.17997126
12 3 0.07392624
12 1 12.317999
13 30 11.895402
13 0 0.9184633
13 8 0.86464614
13 18 149.74132
13 33 1.3565631
13 11 0.97311515
13 29 0.6445435
13 5 14.331153
13 34 400.0
13 20 2.4062462
13 2 0.3707899
13 14 14.686343
13 37 2.632181
13 7 2000.0
13 27 1.3946708
13 16 42.46193
13 25 0.32944712
14 30 4.0217886
14 20 3.0642614
14 13 14.686343
14 27 4.5001645
14 33 0.29275113
14 11 2000.0
14 25 2.1811328
15 32 0.06954172
15 21 1.3206195
16 30 1.0746106
16 0 2000.0
16 8 1.4378428
16 18 1.0792993
16 13 42.46193
16 11 1.3327335
16 5 1.2873486
16 34 83.42584
16 20 55.993217
16 7 1.0866206
16 27 1.5219015
16 23 2.9274476
16 25 1.2377641
17 6 5.5188313
17 26 1.6231146
17 10 0.03513738
17 24 0.12510778
17 31 0.973895
17 9 0.034349885
17 4 0.11239916
17 19 58.959934
18 0 2000.0
18 30 0.7265937
18 8 1.4536247
18 13 149.74132
18 11 15.540167
18 29 1.2973195
18 5 0.5430576
18 2 2.728814
18 37 2.2001793
18 7 2000.0
18 27 27.820179
18 16 1.0792993
18 23 1.5143231
19 31 0.08698175
19 9 0.06616268
19 4 0.06627507
19 17 58.959934
20 0 2000.0
20 30 1.407031
20 13 2.4062462
20 33 2.4258246
20 11 2.0750632
20 29 26.156776
20 5 2.3092017
20 34 1.1439329
20 2 2.642972
20 14 3.0642614
20 37 13.133838
20 7 58.592224
20 27 2.985425
20 16 55.993217
20 25 1.8661594
21 26 2000.0
21 32 2000.0
21 24 1.1741312
21 35 0.03142146
21 31 2000.0
21 12 0.17997126
21 15 1.3206195
22 31 300.0
22 9 0.056461256
22 19 2000.0
23 0 2000.0
23 30 2.0608222
23 8 1.292743
23 2 9.005654
23 37 1.8230703
23 18 1.5143231
23 7 1.1839806
23 16 2.9274476
23 11 2000.0
23 29 1.2658907
23 5 2.4781632
24 26 0.05385864
24 32 0.22922173
24 10 0.1520532
24 21 1.1741312
24 12 0.08012547
24 15 2000.0
24 17 0.12510778
25 30 19.406065
25 0 9.870994
25 13 0.32944712
25 33 0.56830347
25 11 1.7170575
25 29 2.0958521
25 34 7.094257
25 20 1.8661594
25 2 0.39465243
25 14 2.1811328
25 37 41.6625
25 7 1.7383556
25 27 0.32788402
25 16 1.2377641
26 32 30.509663
26 28 0.08872951
26 10 0.14349799
26 24 0.05385864
26 31 0.4985417
26 12 2.0988045
26 17 1.6231146
27 30 0.17606302
27 0 2000.0
27 8 3.96019
27 18 27.820179
27 13 1.3946708
27 33 2.56448
27 11 0.6872754
27 29 0.92430454
27 5 1.321357
27 34 1.5225729
27 20 2.985425
27 2 0.8405983
27 14 4.5001645
27 37 1.5701164
27 7 2000.0
27 16 1.5219015
27 25 0.32788402
28 36 0.031800468
28 26 0.08872951
28 10 0.38647175
28 3 6.98447
28 12 1199.7158
28 9 0.7377799
28 19 1384.8295
29 0 17.504938
29 30 1.6102585
29 8 0.7774793
29 18 1.2973195
29 13 0.6445435
29 33 8.5326395
29 11 0.92815536
29 5 2.0722804
29 34 8.451216
29 20 26.156776
29 2 1.2545081
29 37 1.0957994
29 27 0.92430454
29 16 2000.0
29 23 1.2658907
29 25 2.0958521
30 8 0.62211174
30 18 0.7265937
30 13 11.895402
30 33 54.434086
30 11 0.80677265
30 29 1.6102585
30 5 0.61508566
30 34 1.1459919
30 20 1.407031
30 2 19.244778
30 14 4.0217886
30 37 15.167186
30 7 0.8546446
30 27 0.17606302
30 16 1.0746106
30 23 2.0608222
30 25 19.406065
31 26 0.4985417
31 6 0.16783911
31 10 38.222107
31 22 300.0
31 9 0.029355075
31 4 0.06669761
31 17 0.973895
31 19 0.08698175
32 26 30.509663
32 24 0.22922173
32 21 2000.0
32 12 2.3755903
32 15 0.06954172
33 30 54.434086
33 8 2000.0
33 13 1.3565631
33 11 3.8466825
33 29 8.5326395
33 34 2000.0
33 20 2.4258246
33 2 2.6590905
33 14 0.29275113
33 7 2000.0
33 27 2.56448
33 16 3017.898
33 25 0.56830347
34 30 1.1459919
34 20 1.1439329
34 8 50.61834
34 37 2000.0
34 7 160.0
34 13 400.0
34 27 1.5225729
34 16 83.42584
34 11 4.323362
34 29 8.451216
34 25 7.094257
34 5 2.9667988
35 21 0.03142146
35 31 1195.966
36 28 0.031800468
36 3 0.6705546
36 9 0.38718766
37 30 15.167186
37 0 1.2343056
37 8 1.109933
37 18 2.2001793
37 13 2.632181
37 11 1.6758919
37 29 1.0957994
37 5 34.26574
37 20 13.133838
37 2 0.86472994
37 7 2966.932
37 27 1.5701164
37 16 2000.0
37 23 1.8230703
37 25 41.6625
