0 8 6.305892
0 2 0.6425693
0 37 0.6309549
0 13 0.8261341
0 11 24.353817
0 29 8.759202
1 3 0.20208946
1 12 1192.3864
2 30 6.9681664
2 0 0.6425693
2 8 1.1589189
2 18 25.125652
2 13 0.3198461
2 33 2.161816
2 11 0.62567353
2 29 0.8085527
2 20 5.443346
2 37 0.55573964
2 27 0.5269102
2 23 11.568276
2 25 3.5986807
3 36 0.23882063
3 28 0.09684088
3 24 200.0
3 12 0.061259605
3 1 0.20208946
3 9 0.55941886
4 31 0.08059601
4 9 0.070453346
4 17 0.08680809
4 19 0.08164983
5 30 1.0785401
5 8 0.57569337
5 18 0.31285533
5 13 301.92096
5 11 2.3398085
5 29 3.039328
5 34 1.1309538
5 20 3.0027318
5 37 2000.0
5 7 7.029075
5 27 3.1838965
5 16 1.2539761
5 23 3.0991035
6 31 0.6189906
6 17 0.93954307
7 34 8.831688
7 30 1.0437313
7 20 1.6882653
7 8 44.06889
7 37 15.559395
7 27 120.00001
7 16 1.1998498
7 11 4.9936438
7 23 1.0682558
7 25 3.6379879
7 5 7.029075
8 0 6.305892
8 30 0.5595791
8 18 1.2954332
8 13 2.679851
8 11 2.0838516
8 29 0.6247045
8 5 0.57569337
8 34 3.482459
8 2 1.1589189
8 37 0.89544207
8 7 44.06889
8 27 1.1626875
8 16 1.3879318
8 23 0.91164786
9 36 1.6506671
9 28 2.7917328
9 10 6.091699
9 22 0.6242052
9 31 0.0303128
9 3 0.55941886
9 17 0.09589785
9 4 0.070453346
9 19 0.066153675
10 26 0.03334861
10 28 0.2828099
10 24 0.049984515
10 31 0.035046708
10 12 7.3584094
10 9 6.091699
10 17 0.03159403
11 0 24.353817
11 30 0.33514062
11 8 2.0838516
11 18 4.686003
11 13 0.4365988
11 33 2.2100194
11 29 0.77930623
11 5 2.3398085
11 34 1.7602854
11 20 0.7193007
11 2 0.62567353
11 37 1.2005439
11 7 4.9936438
11 27 0.31278875
11 16 0.69041425
11 25 0.80754685
12 26 1.5470376
12 28 2.6218936
12 32 0.41907153
12 10 7.3584094
12 24 0.065955356
12 21 0.11043313
12 3 0.061259605
13 0 0.8261341
13 30 2.728034
13 8 2.679851
13 18 73.46914
13 33 0.82432187
13 11 0.4365988
13 29 0.96832347
13 5 301.92096
13 34 4.8357263
13 20 0.4894803
13 2 0.3198461
13 14 2.25617
13 37 0.98815894
13 27 0.18111886
13 16 28.648651
13 25 0.755422
14 20 1.0963215
14 13 2.25617
14 27 2.8120053
14 33 0.9282987
14 11 2000.0
14 25 1.8573301
15 32 0.08224823
15 21 0.8572484
16 30 1.066337
16 0 2000.0
16 8 1.3879318
16 18 1.0729103
16 13 28.648651
16 11 0.69041425
16 29 19.130283
16 5 1.2539761
16 20 6.1233354
16 37 19.867239
16 7 1.1998498
16 27 1.5439967
16 23 4.8591123
16 25 1.1811763
17 26 1.5320121
17 6 0.93954307
17 10 0.03159403
17 24 0.35737953
17 31 1.1565682
17 9 0.09589785
17 4 0.08680809
17 19 8.283578
18 30 0.6752889
18 2 25.125652
18 8 1.2954332
18 37 1.3820511
18 13 73.46914
18 7 2000.0
18 27 1.9183856
18 16 1.0729103
18 23 1.3506957
18 11 4.686003
18 29 0.8886749
18 5 0.31285533
19 31 0.06622228
19 9 0.066153675
19 17 8.283578
19 4 0.08164983
20 30 31.492327
20 13 0.4894803
20 33 1.0972308
20 11 0.7193007
20 29 6.3309693
20 5 3.0027318
20 34 0.80547965
20 2 5.443346
20 14 1.0963215
20 37 1.6952434
20 7 1.6882653
20 27 0.66135913
20 16 6.1233354
20 25 0.4850351
21 32 2000.0
21 24 0.24795377
21 35 0.036269575
21 12 0.11043313
21 15 0.8572484
22 6 1690.9092
22 31 1246.1364
22 9 0.6242052
22 19 1288.409
23 0 2000.0
23 30 0.9259552
23 2 11.568276
23 8 0.91164786
23 37 1.7459447
23 18 1.3506957
23 7 1.0682558
23 16 4.8591123
23 11 2000.0
23 29 2.9170027
23 5 3.0991035
24 26 0.046463937
24 32 0.10903076
24 10 0.049984515
24 21 0.24795377
24 31 3.2404234
24 12 0.065955356
24 3 200.0
24 15 2000.0
24 17 0.35737953
25 30 5.0302453
25 13 0.755422
25 33 0.40030417
25 11 0.80754685
25 29 7.0038114
25 34 1.265255
25 20 0.4850351
25 2 3.5986807
25 14 1.8573301
25 37 128.57143
25 7 3.6379879
25 27 0.77824974
25 16 1.1811763
26 36 263.08264
26 32 36.76029
26 28 0.048298415
26 10 0.03334861
26 24 0.046463937
26 31 0.045655858
26 12 1.5470376
26 17 1.5320121
27 0 2000.0
27 30 0.21121307
27 8 1.1626875
27 18 1.9183856
27 13 0.18111886
27 33 0.7710921
27 11 0.31278875
27 29 0.65065664
27 5 3.1838965
27 34 0.8344654
27 20 0.66135913
27 2 0.5269102
27 14 2.8120053
27 37 0.7794775
27 7 120.00001
27 16 1.5439967
27 25 0.77824974
28 36 0.034862682
28 26 0.048298415
28 10 0.2828099
28 3 0.09684088
28 12 2.6218936
28 9 2.7917328
29 0 8.759202
29 30 4.639015
29 8 0.6247045
29 18 0.8886749
29 13 0.96832347
29 11 0.77930623
29 5 3.039328
29 34 3.2073824
29 20 6.3309693
29 2 0.8085527
29 37 0.63855684
29 7 2000.0
29 27 0.65065664
29 16 19.130283
29 23 2.9170027
29 25 7.0038114
30 0 2000.0
30 8 0.5595791
30 18 0.6752889
30 13 2.728034
30 33 2.1513183
30 11 0.33514062
30 29 4.639015
30 5 1.0785401
30 34 1.5471127
30 20 31.492327
30 2 6.9681664
30 37 4.851843
30 7 1.0437313
30 27 0.21121307
30 16 1.066337
30 23 0.9259552
30 25 5.0302453
31 26 0.045655858
31 6 0.6189906
31 10 0.035046708
31 24 3.2404234
31 9 0.0303128
31 17 1.1565682
31 4 0.08059601
31 19 0.06622228
32 26 36.76029
32 24 0.10903076
32 12 0.41907153
32 15 0.08224823
33 34 2000.0
33 30 2.1513183
33 20 1.0972308
33 2 2.161816
33 14 0.9282987
33 7 2000.0
33 13 0.82432187
33 27 0.7710921
33 16 2270.3408
33 11 2.2100194
33 29 1419.8864
33 25 0.40030417
34 30 1.5471127
34 20 0.80547965
34 8 3.482459
34 13 4.8357263
34 7 8.831688
34 27 0.8344654
34 16 1215.0568
34 11 1.7602854
34 25 1.265255
34 29 3.2073824
34 5 1.1309538
35 21 0.036269575
36 26 263.08264
36 28 0.034862682
36 3 0.23882063
36 9 1.6506671
37 30 4.851843
37 0 0.6309549
37 8 0.89544207
37 18 1.3820511
37 13 0.98815894
37 11 1.2005439
37 29 0.63855684
37 20 1.6952434
37 2 0.55573964
37 7 15.559395
37 27 0.7794775
37 16 19.867239
37 23 1.7459447
37 25 128.57143
