0 2 1.2339278
0 37 1.1224748
0 13 1.5078583
0 29 34.40031
0 25 25.471155
1 3 0.58675545
1 12 14.255521
2 30 18.992702
2 0 1.2339278
2 8 0.9262011
2 18 1.5401952
2 13 0.29954344
2 33 1.4477012
2 11 2.1599026
2 29 1.1185036
2 20 1.9326237
2 37 0.76324517
2 27 0.49707934
2 16 2000.0
2 23 11.000803
2 25 0.5209989
3 36 0.753607
3 28 2.3419826
3 24 160.0
3 12 0.06631055
3 1 0.58675545
3 9 0.6752683
4 31 0.066297896
4 9 0.08320524
4 17 0.15924814
4 19 0.0674607
5 30 0.78272116
5 8 0.63793707
5 18 1.0239327
5 13 41.516434
5 11 1.9333333
5 29 2.632241
5 34 1.9153275
5 20 2.065006
5 37 8.681571
5 7 7.1506667
5 27 1.4033331
5 16 1.5281197
5 23 2.9465675
5 25 2000.0
6 31 0.19730355
6 17 1.5977746
7 34 160.0
7 30 0.9702148
7 20 38.775677
7 8 4.478084
7 37 50.0
7 16 1.2501241
7 23 1.3800511
7 11 63.31683
7 25 2.2061903
7 5 7.1506667
8 0 2000.0
8 30 0.2936596
8 18 1.0855953
8 13 0.8965909
8 11 0.95476973
8 29 0.36611745
8 5 0.63793707
8 34 18.878435
8 2 0.9262011
8 37 1.0232292
8 7 4.478084
8 27 0.603922
8 16 1.4848745
8 23 0.765576
8 25 2000.0
9 36 0.39888415
9 28 1.5541538
9 10 24.209938
9 22 0.052916154
9 31 0.028945785
9 3 0.6752683
9 12 2000.0
9 4 0.08320524
9 17 0.03280844
9 19 0.069755964
10 26 0.030765649
10 28 0.37268814
10 24 0.08904231
10 31 13.1356535
10 12 93.12137
10 9 24.209938
10 17 0.030700449
11 0 2000.0
11 30 0.7735879
11 8 0.95476973
11 18 4.800362
11 13 0.96293885
11 33 1.5800267
11 29 0.70222193
11 5 1.9333333
11 34 1.9682325
11 20 1.451014
11 2 2.1599026
11 37 1.3498551
11 7 63.31683
11 27 0.75176233
11 16 1.0173743
11 25 0.80244905
12 26 0.9490156
12 32 12.258559
12 10 93.12137
12 24 0.06603507
12 21 0.40429157
12 3 0.06631055
12 1 14.255521
13 30 45.06103
13 0 1.5078583
13 8 0.8965909
13 18 200.0
13 33 0.9180364
13 11 0.96293885
13 29 1.4430106
13 5 41.516434
13 34 304.00864
13 20 0.9253314
13 2 0.29954344
13 14 3.8536096
13 37 1.050075
13 7 2000.0
13 27 0.37450188
13 16 41.943512
13 25 0.28012154
14 30 11.139677
14 20 1.5913926
14 13 3.8536096
14 27 2.3579884
14 33 0.38590986
14 11 2000.0
14 25 2.1916647
15 32 0.071957484
15 21 5.8774133
16 30 1.0895834
16 0 2000.0
16 8 1.4848745
16 18 1.1786797
16 13 41.943512
16 11 1.0173743
16 5 1.5281197
16 34 24.238773
16 20 51.212795
16 7 1.2501241
16 27 1.2955091
16 23 2.8665383
16 25 1.0480022
17 6 1.5977746
17 26 1.2127028
17 10 0.030700449
17 24 0.20766862
17 31 0.9874383
17 9 0.03280844
17 4 0.15924814
17 19 1503.2954
18 0 2000.0
18 30 0.72260386
18 8 1.0855953
18 13 200.0
18 11 4.800362
18 29 1.033357
18 5 1.0239327
18 2 1.5401952
18 37 1.9654329
18 7 2000.0
18 27 15.332727
18 16 1.1786797
18 23 1.108244
19 31 0.07884688
19 9 0.069755964
19 4 0.0674607
20 30 1.2823311
20 13 0.9253314
20 33 1.064001
20 11 1.451014
20 29 20.306398
20 5 2.065006
20 34 0.85103077
20 2 1.9326237
20 14 1.5913926
20 37 2.3928545
20 7 38.775677
20 27 0.8954582
20 16 51.212795
20 25 0.3914773
21 26 2000.0
21 24 1.3036067
21 35 0.06019978
21 12 0.40429157
21 15 5.8774133
22 31 2000.0
22 9 0.052916154
22 19 2000.0
23 0 2000.0
23 30 2.494885
23 8 0.765576
23 2 11.000803
23 37 2.3018444
23 18 1.108244
23 7 1.3800511
23 16 2.8665383
23 11 2000.0
23 29 1.7662601
23 5 2.9465675
24 26 0.04861363
24 32 0.49753052
24 10 0.08904231
24 21 1.3036067
24 12 0.06603507
24 3 160.0
24 17 0.20766862
25 30 17.11999
25 0 25.471155
25 13 0.28012154
25 33 0.687943
25 11 0.80244905
25 29 2.452901
25 34 2.8923566
25 20 0.3914773
25 2 0.5209989
25 14 2.1916647
25 37 55.532223
25 7 2.2061903
25 27 0.3328871
25 16 1.0480022
26 32 65.76137
26 28 0.06310737
26 10 0.030765649
26 24 0.04861363
26 31 0.21168973
26 12 0.9490156
26 17 1.2127028
27 30 0.23359366
27 0 2000.0
27 8 0.603922
27 18 15.332727
27 13 0.37450188
27 33 0.8235964
27 11 0.75176233
27 29 0.65467066
27 5 1.4033331
27 34 0.9376362
27 20 0.8954582
27 2 0.49707934
27 14 2.3579884
27 37 1.0314234
27 7 7117.8975
27 16 1.2955091
27 25 0.3328871
28 36 0.0352279
28 26 0.06310737
28 10 0.37268814
28 3 2.3419826
28 12 1209.4886
28 9 1.5541538
28 19 1370.7955
29 0 34.40031
29 30 1.2685238
29 8 0.36611745
29 18 1.033357
29 13 1.4430106
29 33 26.371
29 11 0.70222193
29 5 2.632241
29 34 2.2906816
29 20 20.306398
29 2 1.1185036
29 37 0.82792205
29 7 2000.0
29 27 0.65467066
29 16 2000.0
29 23 1.7662601
29 25 2.452901
30 8 0.2936596
30 18 0.72260386
30 13 45.06103
30 33 6.0968084
30 11 0.7735879
30 29 1.2685238
30 5 0.78272116
30 34 1.0307559
30 20 1.2823311
30 2 18.992702
30 14 11.139677
30 37 24.056366
30 7 0.9702148
30 27 0.23359366
30 16 1.0895834
30 23 2.494885
30 25 17.11999
31 26 0.21168973
31 6 0.19730355
31 10 13.1356535
31 35 134.87857
31 9 0.028945785
31 4 0.066297896
31 17 0.9874383
31 19 0.07884688
32 26 65.76137
32 24 0.49753052
32 12 12.258559
32 15 0.071957484
33 30 6.0968084
33 8 2000.0
33 13 0.9180364
33 11 1.5800267
33 29 26.371
33 5 2000.0
33 34 2000.0
33 20 1.064001
33 2 1.4477012
33 14 0.38590986
33 7 2000.0
33 27 0.8235964
33 16 3017.898
33 25 0.687943
34 30 1.0307559
34 20 0.85103077
34 8 18.878435
34 37 2000.0
34 7 160.0
34 13 304.00864
34 27 0.9376362
34 16 24.238773
34 11 1.9682325
34 29 2.2906816
34 25 2.8923566
34 5 1.9153275
35 21 0.06019978
35 31 134.87857
36 28 0.0352279
36 3 0.753607
36 9 0.39888415
37 30 24.056366
37 0 1.1224748
37 8 1.0232292
37 18 1.9654329
37 13 1.050075
37 11 1.3498551
37 29 0.82792205
37 5 8.681571
37 20 2.3928545
37 2 0.76324517
37 7 50.0
37 27 1.0314234
37 16 2000.0
37 23 2.3018444
37 25 55.532223
