0 2 0.9730878
0 37 1.6830375
0 13 1.1508418
0 29 8.247781
0 25 7.557693
1 3 1.3401327
1 12 13.878408
2 30 48.743053
2 0 0.9730878
2 8 1.0809604
2 18 2.4102275
2 13 0.46943033
2 33 1.2017787
2 11 1.3486731
2 29 1.3448547
2 20 2.50706
2 37 0.84500295
2 27 0.8480238
2 16 2000.0
2 23 12.848469
2 25 0.80841494
3 36 1.5444643
3 28 43.66222
3 24 360.00003
3 12 0.078394674
3 1 1.3401327
3 9 0.4243368
4 31 0.06599822
4 9 0.097783156
4 17 0.11017561
4 19 0.06691991
5 30 0.7280242
5 8 0.38901195
5 18 0.84445786
5 13 19.964224
5 11 2.088214
5 29 2.0999682
5 34 3.054402
5 20 3.0329773
5 37 12.949381
5 7 7.7376165
5 27 1.2382662
5 16 1.9366311
5 23 2.7028942
5 25 2000.0
6 31 0.21855408
6 17 1.118907
7 30 1.3727373
7 20 63.830463
7 8 5.216372
7 37 174.77873
7 16 1.2530432
7 23 1.7872807
7 25 2.979748
7 5 7.7376165
8 0 2000.0
8 30 0.49122688
8 18 1.292955
8 13 0.7496213
8 11 0.94739765
8 29 0.47088203
8 5 0.38901195
8 34 25.277199
8 2 1.0809604
8 37 1.6041598
8 7 5.216372
8 27 0.99100614
8 16 1.8430047
8 23 1.0574292
8 25 2000.0
9 36 0.7153636
9 28 1.5424545
9 10 29.51671
9 22 0.043291777
9 31 0.031740483
9 3 0.4243368
9 12 2000.0
9 4 0.097783156
9 17 0.046029095
9 19 0.068228394
10 26 0.031305734
10 28 0.28523844
10 24 0.078774355
10 31 16.328308
10 12 1481.7614
10 9 29.51671
10 17 0.030467585
11 0 2000.0
11 30 0.7506296
11 8 0.94739765
11 18 7.331732
11 13 0.7427683
11 33 2.902295
11 29 0.71849155
11 5 2.088214
11 34 2.3602166
11 20 0.96426153
11 2 1.3486731
11 37 1.4317002
11 7 2372.5
11 27 0.71182525
11 16 1.5042737
11 25 0.66120285
12 26 1.2791549
12 32 9.406607
12 24 0.06976828
12 21 0.15754238
12 3 0.078394674
12 1 13.878408
13 30 34.35892
13 0 1.1508418
13 8 0.7496213
13 18 297.29593
13 33 0.8624064
13 11 0.7427683
13 29 0.9067203
13 5 19.964224
13 34 1991.25
13 20 1.7392777
13 2 0.46943033
13 14 9.477898
13 37 2.0063095
13 7 2000.0
13 27 0.33893886
13 16 34.631535
13 25 0.25565246
14 30 12.863258
14 20 1.5390716
14 13 9.477898
14 27 1.6511776
14 33 0.4027989
14 11 2000.0
14 25 2.0241418
15 32 0.072265156
15 21 9.453123
16 30 1.4493266
16 0 2000.0
16 8 1.8430047
16 18 1.2036709
16 13 34.631535
16 11 1.5042737
16 5 1.9366311
16 34 203.35382
16 20 17.147728
16 7 1.2530432
16 27 1.9187086
16 23 4.188816
16 25 1.334865
17 6 1.118907
17 26 2.2940888
17 10 0.030467585
17 24 0.16239208
17 31 1.2193556
17 9 0.046029095
17 4 0.11017561
17 19 67.1638
18 0 2000.0
18 30 0.6774892
18 8 1.292955
18 13 297.29593
18 11 7.331732
18 29 1.106737
18 5 0.84445786
18 2 2.4102275
18 37 2.2821367
18 7 2000.0
18 27 21.906925
18 16 1.2036709
18 23 1.4268991
19 31 0.09312581
19 9 0.068228394
19 17 67.1638
19 4 0.06691991
20 30 2.6991336
20 13 1.7392777
20 33 1.3878605
20 11 0.96426153
20 29 13.334056
20 5 3.0329773
20 34 0.8316089
20 2 2.50706
20 14 1.5390716
20 37 4.1436615
20 7 63.830463
20 27 1.9458457
20 16 17.147728
20 25 0.6108099
21 26 2000.0
21 32 2000.0
21 24 1.1760738
21 35 0.038341347
21 31 2000.0
21 12 0.15754238
21 15 9.453123
22 31 78.94602
22 9 0.043291777
22 19 2000.0
23 0 2000.0
23 30 1.6789324
23 8 1.0574292
23 2 12.848469
23 37 2.9529786
23 18 1.4268991
23 7 1.7872807
23 16 4.188816
23 11 2000.0
23 29 1.437539
23 5 2.7028942
24 26 0.046458844
24 32 0.2662101
24 10 0.078774355
24 21 1.1760738
24 12 0.06976828
24 3 360.00003
24 15 2000.0
24 17 0.16239208
25 0 7.557693
25 30 9.788584
25 13 0.25565246
25 33 0.6301466
25 11 0.66120285
25 29 1.3914235
25 34 1.5917424
25 20 0.6108099
25 2 0.80841494
25 14 2.0241418
25 37 152.88115
25 7 2.979748
25 27 0.21898207
25 16 1.334865
26 32 23.370455
26 28 0.06024687
26 10 0.031305734
26 24 0.046458844
26 31 0.11502252
26 12 1.2791549
26 17 2.2940888
27 30 0.252522
27 0 2000.0
27 8 0.99100614
27 18 21.906925
27 13 0.33893886
27 33 0.8329062
27 11 0.71182525
27 29 0.7926973
27 5 1.2382662
27 34 0.7863685
27 20 1.9458457
27 2 0.8480238
27 14 1.6511776
27 37 1.0308013
27 7 2000.0
27 16 1.9187086
27 25 0.21898207
28 36 0.02968307
28 26 0.06024687
28 10 0.28523844
28 3 43.66222
28 12 1205.3977
28 9 1.5424545
28 19 1377.3296
29 0 8.247781
29 30 1.620736
29 8 0.47088203
29 18 1.106737
29 13 0.9067203
29 33 69.84219
29 11 0.71849155
29 5 2.0999682
29 34 5.1183395
29 20 13.334056
29 2 1.3448547
29 37 1.1695014
29 7 2000.0
29 27 0.7926973
29 16 2000.0
29 23 1.437539
29 25 1.3914235
30 8 0.49122688
30 18 0.6774892
30 13 34.35892
30 33 8.698046
30 11 0.7506296
30 29 1.620736
30 5 0.7280242
30 34 1.7131932
30 20 2.6991336
30 2 48.743053
30 14 12.863258
30 37 29.3684
30 7 1.3727373
30 27 0.252522
30 16 1.4493266
30 23 1.6789324
30 25 9.788584
31 26 0.11502252
31 6 0.21855408
31 10 16.328308
31 35 160.0
31 22 78.94602
31 9 0.031740483
31 4 0.06599822
31 17 1.2193556
31 19 0.09312581
32 26 23.370455
32 24 0.2662101
32 12 9.406607
32 15 0.072265156
33 30 8.698046
33 8 2000.0
33 13 0.8624064
33 11 2.902295
33 29 69.84219
33 5 2000.0
33 34 2000.0
33 20 1.3878605
33 2 1.2017787
33 14 0.4027989
33 7 2000.0
33 27 0.8329062
33 16 3017.898
33 25 0.6301466
34 30 1.7131932
34 20 0.8316089
34 8 25.277199
34 37 2000.0
34 7 2000.0
34 27 0.7863685
34 16 203.35382
34 11 2.3602166
34 29 5.1183395
34 25 1.5917424
34 5 3.054402
35 21 0.038341347
35 31 160.0
36 26 2000.0
36 28 0.02968307
36 3 1.5444643
36 9 0.7153636
37 30 29.3684
37 0 1.6830375
37 8 1.6041598
37 18 2.2821367
37 13 2.0063095
37 11 1.4317002
37 29 1.1695014
37 5 12.949381
37 20 4.1436615
37 2 0.84500295
37 7 174.77873
37 27 1.0308013
37 16 2000.0
37 23 2.9529786
37 25 152.88115
