0 8 22.711622
0 2 1.8204924
0 37 0.917748
0 13 0.86315376
0 11 90.00001
0 29 14.814815
1 3 0.38031352
1 12 1202.159
2 30 18.36829
2 0 1.8204924
2 8 1.5128404
2 18 10.601404
2 13 0.53264713
2 33 1.9567829
2 11 1.0050976
2 29 0.93471444
2 20 1.7165514
2 37 2.048648
2 27 0.46674544
2 23 60.615726
2 25 4.482684
3 36 0.32222468
3 28 0.19156414
3 24 211.76471
3 12 0.060437124
3 1 0.38031352
3 9 0.48393682
4 31 0.082144186
4 9 0.07225615
4 17 0.13105181
4 19 0.08326223
5 30 0.55140305
5 8 0.9571602
5 18 0.384957
5 13 211.2145
5 11 2.6449826
5 29 3.7117186
5 34 1.970145
5 20 2.8287168
5 37 2000.0
5 7 30.942457
5 27 1.516272
5 16 1.8998362
5 23 9.944209
6 31 0.665085
6 17 1.8835075
7 34 18.830786
7 30 1.039033
7 20 1.4778409
7 8 2000.0
7 37 29.869661
7 16 1.3562714
7 11 14.544422
7 23 1.3988501
7 25 8.306943
7 5 30.942457
8 0 22.711622
8 30 1.1520132
8 18 0.95218897
8 13 2.6495771
8 11 0.57465696
8 29 0.91413695
8 5 0.9571602
8 34 8.78805
8 2 1.5128404
8 37 1.4150354
8 7 2000.0
8 27 2.3145301
8 16 1.4767162
8 23 0.97111195
9 36 2.9512386
9 28 4.58805
9 10 11.462292
9 22 0.37721118
9 31 0.04452605
9 3 0.48393682
9 17 0.06623051
9 4 0.07225615
9 19 0.074338384
10 26 0.03038158
10 28 0.3800682
10 24 0.053050216
10 31 0.050048154
10 12 6.457533
10 9 11.462292
10 17 0.029053543
11 0 90.00001
11 30 0.5590747
11 8 0.57465696
11 18 6.5207076
11 13 0.7420626
11 33 3.2158506
11 29 0.60704136
11 5 2.6449826
11 34 3.6400292
11 20 0.9001496
11 2 1.0050976
11 37 1.2385799
11 7 14.544422
11 27 0.6577217
11 16 0.99053264
11 25 1.1497179
12 26 1.0063939
12 28 3.3975677
12 32 0.15779959
12 10 6.457533
12 24 0.06333095
12 21 0.11940056
12 3 0.060437124
13 30 1.474178
13 0 0.86315376
13 8 2.6495771
13 18 166.31364
13 33 0.8794712
13 11 0.7420626
13 29 1.0021646
13 5 211.2145
13 34 14.504611
13 20 0.42047146
13 2 0.53264713
13 14 1.9371624
13 37 2.1559138
13 27 0.17433703
13 16 3651.25
13 25 0.47569627
14 20 0.9127263
14 13 1.9371624
14 27 1.8724601
14 33 0.42297235
14 11 2000.0
14 25 2.5397537
15 32 0.077801675
15 21 1.2866224
16 0 2000.0
16 30 1.0847965
16 8 1.4767162
16 18 1.3658295
16 11 0.99053264
16 29 71.26705
16 5 1.8998362
16 20 8.791415
16 37 43.880333
16 7 1.3562714
16 27 1.389646
16 23 8.554917
16 25 2.1091201
17 26 1.8187069
17 6 1.8835075
17 10 0.029053543
17 24 0.22672492
17 31 1.1987705
17 9 0.06623051
17 4 0.13105181
17 19 3.664899
18 30 0.7194138
18 0 2000.0
18 8 0.95218897
18 13 166.31364
18 11 6.5207076
18 29 1.0022496
18 5 0.384957
18 2 10.601404
18 37 1.4011803
18 7 2000.0
18 27 3.6004794
18 16 1.3658295
18 23 1.3620129
19 31 0.08075514
19 9 0.074338384
19 17 3.664899
19 4 0.08326223
20 30 16.800865
20 13 0.42047146
20 33 1.6516085
20 11 0.9001496
20 29 3.0328677
20 5 2.8287168
20 34 0.8762212
20 2 1.7165514
20 14 0.9127263
20 37 2.057738
20 7 1.4778409
20 27 0.33970204
20 16 8.791415
20 25 0.54293007
21 32 2000.0
21 10 2000.0
21 24 0.47264084
21 35 0.048038296
21 12 0.11940056
21 15 1.2866224
22 6 1215.1136
22 31 1076.6477
22 9 0.37721118
22 19 1339.5455
23 0 2000.0
23 30 1.0270605
23 2 60.615726
23 8 0.97111195
23 37 2.963177
23 18 1.3620129
23 7 1.3988501
23 16 8.554917
23 11 2000.0
23 29 2.6911798
23 5 9.944209
24 26 0.082775675
24 32 0.10032328
24 10 0.053050216
24 21 0.47264084
24 31 4.03141
24 3 211.76471
24 12 0.06333095
24 15 2000.0
24 17 0.22672492
25 30 1.0739033
25 13 0.47569627
25 33 0.29590058
25 11 1.1497179
25 29 4.752005
25 34 1.693704
25 20 0.54293007
25 2 4.482684
25 14 2.5397537
25 37 60.079002
25 7 8.306943
25 27 0.4534031
25 16 2.1091201
26 36 88.888885
26 32 17.285595
26 28 0.0980626
26 10 0.03038158
26 24 0.082775675
26 31 0.07677195
26 12 1.0063939
26 17 1.8187069
27 0 2000.0
27 30 0.1550937
27 8 2.3145301
27 18 3.6004794
27 13 0.17433703
27 33 0.8779806
27 11 0.6577217
27 29 0.67977214
27 5 1.516272
27 34 0.8151307
27 20 0.33970204
27 2 0.46674544
27 14 1.8724601
27 37 2.6528478
27 7 2892.3293
27 16 1.389646
27 25 0.4534031
28 36 0.064664654
28 26 0.0980626
28 10 0.3800682
28 3 0.19156414
28 12 3.3975677
28 9 4.58805
29 0 14.814815
29 30 15.375144
29 8 0.91413695
29 18 1.0022496
29 13 1.0021646
29 33 119.454544
29 11 0.60704136
29 5 3.7117186
29 34 15.594366
29 20 3.0328677
29 2 0.93471444
29 37 1.369034
29 27 0.67977214
29 16 71.26705
29 23 2.6911798
29 25 4.752005
30 0 2000.0
30 8 1.1520132
30 18 0.7194138
30 13 1.474178
30 33 1.9526318
30 11 0.5590747
30 29 15.375144
30 5 0.55140305
30 34 2.4868972
30 20 16.800865
30 2 18.36829
30 37 6.876323
30 7 1.039033
30 27 0.1550937
30 16 1.0847965
30 23 1.0270605
30 25 1.0739033
31 26 0.07677195
31 6 0.665085
31 10 0.050048154
31 24 4.03141
31 9 0.04452605
31 17 1.1987705
31 4 0.082144186
31 19 0.08075514
32 26 17.285595
32 24 0.10032328
32 12 0.15779959
32 15 0.077801675
33 34 2000.0
33 30 1.9526318
33 20 1.6516085
33 2 1.9567829
33 14 0.42297235
33 7 2000.0
33 13 0.8794712
33 27 0.8779806
33 16 2000.0
33 11 3.2158506
33 29 119.454544
33 25 0.29590058
34 30 2.4868972
34 20 0.8762212
34 8 8.78805
34 13 14.504611
34 7 18.830786
34 27 0.8151307
34 16 1215.0568
34 11 3.6400292
34 25 1.693704
34 29 15.594366
34 5 1.970145
35 21 0.048038296
36 26 88.888885
36 28 0.064664654
36 3 0.32222468
36 9 2.9512386
37 30 6.876323
37 0 0.917748
37 8 1.4150354
37 18 1.4011803
37 13 2.1559138
37 11 1.2385799
37 29 1.369034
37 20 2.057738
37 2 2.048648
37 7 29.869661
37 27 2.6528478
37 16 43.880333
37 23 2.963177
37 25 60.079002
