0 2 1.0356715
0 37 1.6220261
0 13 1.3157533
0 29 51.556446
0 25 12.894738
1 3 0.994724
1 12 13.774293
2 30 15.959533
2 0 1.0356715
2 8 1.3153087
2 18 1.7080241
2 13 0.5831546
2 33 2.560614
2 11 1.5165752
2 29 1.6398703
2 20 5.3449016
2 37 0.8359273
2 27 1.0421834
2 16 2000.0
2 23 7.313391
2 25 0.45805496
3 36 0.9127722
3 28 6.5786715
3 24 266.6667
3 12 0.06895887
3 1 0.994724
3 9 0.91141164
4 31 0.068566605
4 9 0.08574961
4 17 0.13524503
4 19 0.06874985
5 30 0.732727
5 8 0.44682398
5 18 0.97152853
5 13 59.599865
5 11 2.0130327
5 29 3.874631
5 34 1.4981725
5 20 2.7921937
5 37 9.430702
5 7 7.5593605
5 27 1.295266
5 16 1.477914
5 23 3.0558658
5 25 2000.0
6 31 0.16530427
6 17 1.8026913
7 34 200.0
7 30 0.67300594
7 8 4.657231
7 16 1.3250332
7 23 1.2895784
7 25 1.8010635
7 5 7.5593605
8 0 2000.0
8 30 0.32161397
8 18 1.2567087
8 13 0.93979686
8 11 0.9331676
8 29 0.30614075
8 5 0.44682398
8 34 18.37987
8 2 1.3153087
8 37 0.8812476
8 7 4.657231
8 27 0.8938346
8 16 1.4499658
8 23 0.87098515
8 25 2000.0
9 36 0.8272272
9 26 2000.0
9 28 1.3944957
9 10 39.687458
9 22 0.05924318
9 31 0.03028878
9 3 0.91141164
9 4 0.08574961
9 17 0.035488077
9 19 0.06747392
10 26 0.034851335
10 28 0.29287878
10 24 0.16782229
10 31 17.255758
10 12 47.268185
10 9 39.687458
10 17 0.033505004
11 0 2000.0
11 30 0.9569903
11 8 0.9331676
11 18 6.550946
11 13 0.973497
11 33 1.8670253
11 29 1.2616283
11 5 2.0130327
11 34 2.2719266
11 20 3.7186236
11 2 1.5165752
11 37 1.9840697
11 7 1238.2954
11 27 0.9475112
11 16 0.97227067
11 25 0.9892544
12 26 0.65725446
12 32 3.5732656
12 10 47.268185
12 24 0.077012464
12 21 0.12362013
12 3 0.06895887
12 1 13.774293
13 30 36.320606
13 0 1.3157533
13 8 0.93979686
13 18 84.569405
13 33 2.034065
13 11 0.973497
13 29 1.2388935
13 5 59.599865
13 34 276.9231
13 20 1.1064419
13 2 0.5831546
13 14 7.564286
13 37 1.3974667
13 7 2000.0
13 27 0.31395924
13 16 20.635653
13 25 0.23686384
14 30 10.967742
14 20 1.804033
14 13 7.564286
14 27 5.983772
14 33 0.5834435
14 11 2000.0
14 25 1.6272926
15 32 0.06927251
15 21 1.1094903
16 30 1.0744162
16 0 2000.0
16 8 1.4499658
16 18 0.9128764
16 13 20.635653
16 11 0.97227067
16 5 1.477914
16 34 108.07286
16 20 16.597263
16 7 1.3250332
16 27 1.2785141
16 23 1.7959597
16 25 0.84591895
17 6 1.8026913
17 26 1.5256647
17 10 0.033505004
17 24 0.18155107
17 31 0.97497654
17 9 0.035488077
17 4 0.13524503
17 19 1414.8864
18 0 2000.0
18 30 0.68593186
18 8 1.2567087
18 13 84.569405
18 11 6.550946
18 29 1.5540171
18 5 0.97152853
18 2 1.7080241
18 37 2.411319
18 7 2000.0
18 27 27.34571
18 16 0.9128764
18 23 1.152341
19 31 0.08885104
19 9 0.06747392
19 4 0.06874985
19 17 1414.8864
20 30 1.6634277
20 8 2000.0
20 13 1.1064419
20 33 2.0606983
20 11 3.7186236
20 29 23.966274
20 5 2.7921937
20 34 1.3545592
20 2 5.3449016
20 14 1.804033
20 37 4.2609963
20 7 3069.8865
20 27 2.5539386
20 16 16.597263
20 25 1.5519081
21 32 1800.0001
21 24 1.2383484
21 35 0.03121412
21 12 0.12362013
21 15 1.1094903
22 31 133.33334
22 9 0.05924318
22 19 2000.0
23 0 2000.0
23 30 1.3156565
23 8 0.87098515
23 2 7.313391
23 37 1.5777345
23 18 1.152341
23 7 1.2895784
23 16 1.7959597
23 11 2000.0
23 29 0.67862743
23 5 3.0558658
24 26 0.05672436
24 32 0.21283533
24 10 0.16782229
24 21 1.2383484
24 3 266.6667
24 12 0.077012464
24 15 2000.0
24 17 0.18155107
25 30 12.351501
25 0 12.894738
25 13 0.23686384
25 33 0.7679728
25 11 0.9892544
25 29 2.0651896
25 34 1.7823663
25 20 1.5519081
25 2 0.45805496
25 14 1.6272926
25 37 72.43797
25 7 1.8010635
25 27 0.28365803
25 16 0.84591895
26 32 30.826649
26 28 0.054313518
26 10 0.034851335
26 24 0.05672436
26 31 0.24429841
26 12 0.65725446
26 17 1.5256647
27 30 0.27764937
27 0 2000.0
27 8 0.8938346
27 18 27.34571
27 13 0.31395924
27 33 0.77457994
27 11 0.9475112
27 29 0.6434449
27 5 1.295266
27 34 1.7939423
27 20 2.5539386
27 2 1.0421834
27 14 5.983772
27 37 1.0121814
27 7 3911.4204
27 16 1.2785141
27 25 0.28365803
28 36 0.03292597
28 26 0.054313518
28 10 0.29287878
28 3 6.5786715
28 12 1146.591
28 9 1.3944957
28 19 1384.8295
29 0 51.556446
29 30 0.5091784
29 8 0.30614075
29 18 1.5540171
29 13 1.2388935
29 33 9.785523
29 11 1.2616283
29 5 3.874631
29 34 3.9246461
29 20 23.966274
29 2 1.6398703
29 37 1.4863548
29 7 2000.0
29 27 0.6434449
29 16 2000.0
29 23 0.67862743
29 25 2.0651896
30 8 0.32161397
30 18 0.68593186
30 13 36.320606
30 33 5.036827
30 11 0.9569903
30 29 0.5091784
30 5 0.732727
30 34 0.87973404
30 20 1.6634277
30 2 15.959533
30 14 10.967742
30 37 21.10912
30 7 0.67300594
30 27 0.27764937
30 16 1.0744162
30 23 1.3156565
30 25 12.351501
31 26 0.24429841
31 6 0.16530427
31 10 17.255758
31 22 133.33334
31 9 0.03028878
31 4 0.068566605
31 17 0.97497654
31 19 0.08885104
32 26 30.826649
32 24 0.21283533
32 21 1800.0001
32 12 3.5732656
32 15 0.06927251
33 30 5.036827
33 13 2.034065
33 11 1.8670253
33 29 9.785523
33 5 2000.0
33 34 2000.0
33 20 2.0606983
33 2 2.560614
33 14 0.5834435
33 7 2000.0
33 27 0.77457994
33 16 3017.898
33 25 0.7679728
34 30 0.87973404
34 20 1.3545592
34 8 18.37987
34 37 2000.0
34 7 200.0
34 13 276.9231
34 27 1.7939423
34 16 108.07286
34 11 2.2719266
34 29 3.9246461
34 25 1.7823663
34 5 1.4981725
35 21 0.03121412
35 31 1065.4546
36 28 0.03292597
36 3 0.9127722
36 9 0.8272272
37 30 21.10912
37 0 1.6220261
37 8 0.8812476
37 18 2.411319
37 13 1.3974667
37 11 1.9840697
37 29 1.4863548
37 5 9.430702
37 20 4.2609963
37 2 0.8359273
37 7 1600.6818
37 27 1.0121814
37 16 2000.0
37 23 1.5777345
37 25 72.43797
