0 8 12.77864
0 2 1.2137755
0 37 0.96811736
0 13 0.8379811
0 11 72.72727
0 25 2000.0
0 29 7.5147963
1 3 0.27650294
1 12 1202.2728
2 30 24.1014
2 0 1.2137755
2 8 1.343627
2 18 6.8527412
2 13 0.25852668
2 33 2.252907
2 11 1.2416785
2 29 1.0808208
2 20 2.0323794
2 37 0.8230563
2 27 1.1364368
2 23 19.676996
2 25 1.8789655
3 36 0.28354603
3 28 0.081919156
3 24 2000.0
3 12 0.06695076
3 1 0.27650294
3 9 0.24144673
4 31 0.08037005
4 9 0.077657625
4 17 0.08714369
4 19 0.07966564
5 30 0.6865467
5 8 0.7329643
5 18 0.3448592
5 13 2000.0
5 11 2.522878
5 29 3.1288383
5 34 5.7848673
5 20 3.7603571
5 37 2000.0
5 7 3.879266
5 27 2.893146
5 16 1.2489549
5 23 4.3180594
6 24 2000.0
6 22 192.40518
6 31 1.1990308
6 17 1.3523085
7 34 10.954207
7 30 0.66969347
7 20 1.9736289
7 8 14.657407
7 37 17.46038
7 27 159.49547
7 16 1.3096231
7 11 11.347274
7 23 1.0403714
7 25 7.8366084
7 5 3.879266
8 0 12.77864
8 30 0.6508563
8 18 1.0306509
8 13 2.7735963
8 11 0.47792664
8 29 0.7196791
8 5 0.7329643
8 34 5.149026
8 2 1.343627
8 37 1.2804763
8 7 14.657407
8 27 1.2691623
8 16 1.4057231
8 23 0.860492
9 36 1.2357023
9 26 2000.0
9 28 2.6468549
9 10 3.505911
9 22 0.42201778
9 31 0.029934397
9 3 0.24144673
9 17 0.05280303
9 4 0.077657625
9 19 0.0730043
10 26 0.034613725
10 28 0.17025727
10 24 0.065095805
10 31 0.031045295
10 12 6.2531447
10 9 3.505911
10 17 0.030386157
11 0 72.72727
11 30 0.37578917
11 8 0.47792664
11 18 6.127104
11 13 0.44884893
11 33 2.128564
11 29 0.80045587
11 5 2.522878
11 34 2.6241038
11 20 1.0228424
11 2 1.2416785
11 37 1.3440988
11 7 11.347274
11 27 0.53436106
11 16 0.82395995
11 25 1.4713452
12 26 1.6206579
12 28 6.555217
12 32 0.2236308
12 10 6.2531447
12 24 0.07332293
12 21 0.096403256
12 3 0.06695076
13 30 0.94066375
13 0 0.8379811
13 8 2.7735963
13 18 300.0
13 33 1.0095571
13 11 0.44884893
13 29 0.9532942
13 34 5.6762676
13 20 0.84426844
13 2 0.25852668
13 14 1.9302167
13 37 1.9067527
13 27 0.22303191
13 16 152.31544
13 25 0.68032974
14 20 0.87755024
14 13 1.9302167
14 33 0.36420548
14 27 1.8554986
14 11 2000.0
14 25 1.8771275
15 32 0.06626169
15 21 2.3595061
16 0 2000.0
16 30 1.1018257
16 8 1.4057231
16 18 1.0939701
16 13 152.31544
16 11 0.82395995
16 29 48.892506
16 5 1.2489549
16 20 11.33452
16 37 69.75
16 7 1.3096231
16 27 2.4088326
16 23 5.8961606
16 25 1.3100932
17 26 3.3723655
17 6 1.3523085
17 10 0.030386157
17 24 0.20202433
17 31 1.5594049
17 9 0.05280303
17 4 0.08714369
17 19 3.6102993
18 30 0.735665
18 2 6.8527412
18 8 1.0306509
18 37 0.91908383
18 7 2000.0
18 13 300.0
18 27 4.6626124
18 16 1.0939701
18 23 1.5224165
18 11 6.127104
18 29 0.7928478
18 5 0.3448592
19 31 0.0700586
19 9 0.0730043
19 17 3.6102993
19 4 0.07966564
20 30 14.861999
20 13 0.84426844
20 33 0.91365165
20 11 1.0228424
20 29 2.0269551
20 5 3.7603571
20 34 0.7772631
20 2 2.0323794
20 14 0.87755024
20 37 2.2380583
20 7 1.9736289
20 27 0.6790647
20 16 11.33452
20 25 0.63498867
21 26 2000.0
21 32 2000.0
21 24 0.08087911
21 35 0.046316136
21 12 0.096403256
21 15 2.3595061
22 6 192.40518
22 31 1199.8864
22 9 0.42201778
22 19 1329.8296
23 0 2000.0
23 30 1.0182557
23 2 19.676996
23 8 0.860492
23 37 1.7380568
23 18 1.5224165
23 7 1.0403714
23 16 5.8961606
23 11 2000.0
23 29 3.2178993
23 5 4.3180594
24 26 0.05645053
24 32 0.09878646
24 10 0.065095805
24 21 0.08087911
24 31 10.426546
24 12 0.07332293
24 3 2000.0
24 15 2000.0
24 17 0.20202433
25 0 2000.0
25 30 3.3150363
25 13 0.68032974
25 33 0.5904805
25 11 1.4713452
25 29 3.2782168
25 34 2.1471553
25 20 0.63498867
25 2 1.8789655
25 14 1.8771275
25 37 31.40896
25 7 7.8366084
25 27 0.86513716
25 16 1.3100932
26 36 180.00002
26 32 44.96378
26 28 0.035871707
26 10 0.034613725
26 24 0.05645053
26 31 0.06358123
26 12 1.6206579
26 17 3.3723655
27 0 2000.0
27 30 0.18288518
27 8 1.2691623
27 18 4.6626124
27 13 0.22303191
27 33 1.2275109
27 11 0.53436106
27 29 0.39161476
27 5 2.893146
27 34 0.86150616
27 20 0.6790647
27 2 1.1364368
27 14 1.8554986
27 37 0.52935225
27 7 159.49547
27 16 2.4088326
27 25 0.86513716
28 36 0.0414283
28 26 0.035871707
28 10 0.17025727
28 3 0.081919156
28 12 6.555217
28 9 2.6468549
29 0 7.5147963
29 30 2.9975321
29 8 0.7196791
29 18 0.7928478
29 13 0.9532942
29 11 0.80045587
29 5 3.1288383
29 34 6.292903
29 20 2.0269551
29 2 1.0808208
29 37 0.8826132
29 7 2000.0
29 27 0.39161476
29 16 48.892506
29 23 3.2178993
29 25 3.2782168
30 0 2000.0
30 8 0.6508563
30 18 0.735665
30 13 0.94066375
30 33 2.30507
30 11 0.37578917
30 29 2.9975321
30 5 0.6865467
30 34 1.7291635
30 20 14.861999
30 2 24.1014
30 37 4.548136
30 7 0.66969347
30 27 0.18288518
30 16 1.1018257
30 23 1.0182557
30 25 3.3150363
31 26 0.06358123
31 6 1.1990308
31 10 0.031045295
31 24 10.426546
31 9 0.029934397
31 17 1.5594049
31 4 0.08037005
31 19 0.0700586
32 26 44.96378
32 24 0.09878646
32 12 0.2236308
32 15 0.06626169
33 30 2.30507
33 13 1.0095571
33 11 2.128564
33 29 3275.3408
33 5 2000.0
33 34 2000.0
33 20 0.91365165
33 2 2.252907
33 14 0.36420548
33 7 2000.0
33 27 1.2275109
33 16 1998.8635
33 25 0.5904805
34 30 1.7291635
34 20 0.7772631
34 8 5.149026
34 7 10.954207
34 13 5.6762676
34 27 0.86150616
34 16 3216.9885
34 11 2.6241038
34 25 2.1471553
34 29 6.292903
34 5 5.7848673
35 21 0.046316136
36 26 180.00002
36 28 0.0414283
36 3 0.28354603
36 9 1.2357023
37 30 4.548136
37 0 0.96811736
37 8 1.2804763
37 18 0.91908383
37 13 1.9067527
37 11 1.3440988
37 29 0.8826132
37 20 2.2380583
37 2 0.8230563
37 7 17.46038
37 27 0.52935225
37 16 69.75
37 23 1.7380568
37 25 31.40896
