0 8 7.637311
0 2 1.5461997
0 37 0.6201231
0 13 1.1274163
0 11 13.316639
0 29 8.779995
1 3 0.22134444
1 12 1202.159
2 30 11.689111
2 0 1.5461997
2 8 1.4972363
2 18 19.951061
2 13 0.4250957
2 33 1.7416139
2 11 0.95082694
2 29 0.8382779
2 20 2.5764909
2 37 0.7482772
2 27 0.83907175
2 16 2000.0
2 23 17.438978
2 25 0.67258984
3 36 0.24639717
3 28 0.17028093
3 24 2000.0
3 12 0.059474308
3 1 0.22134444
3 9 1.6831611
4 31 0.079231784
4 9 0.073413186
4 17 0.09041554
4 19 0.10089847
5 30 1.4223816
5 8 1.0390356
5 18 0.42675924
5 13 223.9235
5 11 2.6199405
5 29 7.0145407
5 34 1.3975595
5 20 1.6069417
5 37 2000.0
5 7 7.4859195
5 27 3.3380005
5 16 1.5978839
5 23 4.2789
6 31 0.35733384
6 17 1.3404547
7 34 22.97117
7 30 1.0985848
7 20 6.209048
7 8 140.09659
7 37 14.721452
7 27 200.0
7 16 1.270078
7 11 5.374008
7 23 1.4623138
7 25 11.160797
7 5 7.4859195
8 0 7.637311
8 30 0.83915603
8 18 1.0426137
8 13 4.3410387
8 11 1.4385347
8 29 0.8821297
8 5 1.0390356
8 34 2.2484727
8 2 1.4972363
8 37 1.1360656
8 7 140.09659
8 27 1.7664088
8 16 1.505626
8 23 1.0922878
9 36 1.304069
9 28 6.013008
9 10 6.4903603
9 22 0.47918206
9 31 0.070099786
9 3 1.6831611
9 12 2000.0
9 17 0.11628788
9 4 0.073413186
9 19 0.06651423
10 26 0.031128913
10 28 0.14662868
10 24 0.14378779
10 31 0.04131648
10 12 12.057576
10 9 6.4903603
10 17 0.029980533
11 0 13.316639
11 30 0.4597169
11 8 1.4385347
11 18 6.6397257
11 13 0.6753841
11 33 2.2428699
11 29 0.73387
11 5 2.6199405
11 34 2.3555243
11 20 0.75602823
11 2 0.95082694
11 37 0.9216338
11 7 5.374008
11 27 0.5397448
11 16 0.62807226
11 25 1.0899234
12 26 2.1399298
12 28 3.598097
12 32 0.14642325
12 10 12.057576
12 24 0.064632624
12 21 0.13266791
12 3 0.059474308
13 30 0.62676394
13 0 1.1274163
13 8 4.3410387
13 18 1112.6819
13 33 1.1146696
13 11 0.6753841
13 29 0.90076405
13 5 223.9235
13 34 13.259618
13 20 0.55621785
13 2 0.4250957
13 14 2.1501536
13 37 1.0057544
13 27 0.30187252
13 16 54.443413
13 25 0.80313474
14 20 1.9571584
14 13 2.1501536
14 27 3.2197595
14 33 0.702733
14 11 2000.0
14 25 1.872856
15 32 0.07838989
15 21 1.8602076
16 30 1.1020305
16 0 2000.0
16 8 1.505626
16 18 0.9980614
16 13 54.443413
16 11 0.62807226
16 29 27.510378
16 5 1.5978839
16 20 7.4026113
16 37 8.929404
16 7 1.270078
16 27 2.2964778
16 23 4.003891
16 25 1.8128859
17 26 1.8570076
17 6 1.3404547
17 10 0.029980533
17 24 0.35531434
17 31 1.2290713
17 9 0.11628788
17 4 0.09041554
17 19 2.3753374
18 30 0.6840582
18 2 19.951061
18 8 1.0426137
18 37 1.0729905
18 7 2000.0
18 13 1112.6819
18 27 5.017562
18 16 0.9980614
18 23 1.4786378
18 11 6.6397257
18 29 1.4503517
18 5 0.42675924
19 31 0.082834356
19 9 0.06651423
19 17 2.3753374
19 4 0.10089847
20 30 8.956245
20 13 0.55621785
20 33 1.9309468
20 11 0.75602823
20 29 4.451401
20 5 1.6069417
20 34 1.1921957
20 2 2.5764909
20 14 1.9571584
20 37 3.6441324
20 7 6.209048
20 27 0.8584116
20 16 7.4026113
20 25 1.1627842
21 32 2000.0
21 24 1.3433712
21 35 0.035140626
21 12 0.13266791
21 15 1.8602076
22 6 1871.534
22 31 1196.875
22 9 0.47918206
22 19 1462.216
23 0 2000.0
23 30 1.3913137
23 2 17.438978
23 8 1.0922878
23 37 3.4128654
23 18 1.4786378
23 7 1.4623138
23 16 4.003891
23 11 2000.0
23 29 3.0525734
23 5 4.2789
24 26 0.05023923
24 32 0.102038756
24 10 0.14378779
24 21 1.3433712
24 31 1.6329051
24 12 0.064632624
24 3 2000.0
24 15 2000.0
24 17 0.35531434
25 30 1.1806643
25 13 0.80313474
25 33 0.2712339
25 11 1.0899234
25 29 5.6025314
25 34 1.3332475
25 20 1.1627842
25 2 0.67258984
25 14 1.872856
25 37 35.385445
25 7 11.160797
25 27 0.57886064
25 16 1.8128859
26 36 514.2857
26 32 45.895157
26 28 0.29279992
26 10 0.031128913
26 24 0.05023923
26 31 0.07781099
26 12 2.1399298
26 17 1.8570076
27 0 2000.0
27 30 0.22960745
27 8 1.7664088
27 18 5.017562
27 13 0.30187252
27 33 1.5541881
27 11 0.5397448
27 29 1.0635607
27 5 3.3380005
27 34 0.99843544
27 20 0.8584116
27 2 0.83907175
27 14 3.2197595
27 37 0.7350615
27 7 200.0
27 16 2.2964778
27 25 0.57886064
28 36 0.035316814
28 26 0.29279992
28 10 0.14662868
28 3 0.17028093
28 12 3.598097
28 9 6.013008
29 0 8.779995
29 30 4.5750494
29 8 0.8821297
29 18 1.4503517
29 13 0.90076405
29 33 67.796875
29 11 0.73387
29 5 7.0145407
29 34 9.922644
29 20 4.451401
29 2 0.8382779
29 37 1.1377255
29 7 2000.0
29 27 1.0635607
29 16 27.510378
29 23 3.0525734
29 25 5.6025314
30 0 2000.0
30 8 0.83915603
30 18 0.6840582
30 13 0.62676394
30 33 3.234376
30 11 0.4597169
30 29 4.5750494
30 5 1.4223816
30 34 0.9135252
30 20 8.956245
30 2 11.689111
30 37 5.404789
30 7 1.0985848
30 27 0.22960745
30 16 1.1020305
30 23 1.3913137
30 25 1.1806643
31 26 0.07781099
31 6 0.35733384
31 10 0.04131648
31 24 1.6329051
31 9 0.070099786
31 17 1.2290713
31 4 0.079231784
31 19 0.082834356
32 26 45.895157
32 24 0.102038756
32 12 0.14642325
32 15 0.07838989
33 34 2000.0
33 30 3.234376
33 20 1.9309468
33 2 1.7416139
33 14 0.702733
33 7 2000.0
33 13 1.1146696
33 27 1.5541881
33 16 2226.3638
33 11 2.2428699
33 29 67.796875
33 25 0.2712339
34 30 0.9135252
34 20 1.1921957
34 8 2.2484727
34 13 13.259618
34 7 22.97117
34 27 0.99843544
34 16 1215.0568
34 11 2.3555243
34 25 1.3332475
34 29 9.922644
34 5 1.3975595
35 21 0.035140626
36 26 514.2857
36 28 0.035316814
36 3 0.24639717
36 9 1.304069
37 30 5.404789
37 0 0.6201231
37 8 1.1360656
37 18 1.0729905
37 13 1.0057544
37 11 0.9216338
37 29 1.1377255
37 20 3.6441324
37 2 0.7482772
37 7 14.721452
37 27 0.7350615
37 16 8.929404
37 23 3.4128654
37 25 35.385445
