0 8 35.057945
0 2 0.80705935
0 37 2.6835337
0 13 0.5051619
0 11 369.0537
0 29 5.670773
0 25 2000.0
1 3 0.21955329
1 12 74.20147
2 30 17.931993
2 0 0.80705935
2 8 1.6415628
2 18 4.2924075
2 13 1.0567315
2 33 1.8281167
2 11 1.2324547
2 29 0.8542836
2 20 4.7953343
2 37 1.0636756
2 27 0.8705838
2 23 24.777872
2 25 4.0691514
3 36 0.18715036
3 28 0.08964575
3 24 400.0
3 12 0.059397556
3 1 0.21955329
3 9 0.36129296
4 31 0.07568686
4 9 0.06311723
4 17 0.08060587
4 19 0.08408249
5 34 5.106618
5 30 0.56834185
5 20 1.3601261
5 8 0.52668494
5 37 2000.0
5 18 0.59384096
5 7 7.362399
5 27 3.189789
5 16 1.5708503
5 23 3.9070354
5 11 2.3288057
5 29 5.0059047
6 31 1.2462384
6 17 1.4847358
7 34 11.240926
7 30 0.8365764
7 20 1.7111073
7 8 29.097404
7 37 19.628605
7 27 72.72727
7 16 1.3828679
7 11 7.0983434
7 23 1.5577383
7 25 19.850096
7 5 7.362399
8 0 35.057945
8 30 0.74730504
8 18 1.0872977
8 13 5.1003118
8 11 3.338516
8 29 0.7011138
8 5 0.52668494
8 34 3.7623987
8 2 1.6415628
8 37 1.4000638
8 7 29.097404
8 27 1.1309836
8 16 1.2950623
8 23 1.1577405
9 36 1.426403
9 26 2000.0
9 28 4.486877
9 10 5.9227476
9 22 0.100993276
9 31 0.031313106
9 3 0.36129296
9 12 2000.0
9 17 0.04987702
9 4 0.06311723
9 19 0.089571595
10 26 0.045754425
10 28 0.80103475
10 24 0.07141737
10 31 0.031618122
10 12 5.0417247
10 9 5.9227476
10 17 0.034933407
11 0 369.0537
11 30 0.47581518
11 8 3.338516
11 18 10.976481
11 13 0.55510026
11 33 2.1285188
11 29 0.7908973
11 5 2.3288057
11 34 4.726161
11 20 1.1668832
11 2 1.2324547
11 37 1.6066531
11 7 7.0983434
11 27 0.43107915
11 16 1.0768623
11 25 1.1987505
12 26 1.0084574
12 28 8.790789
12 32 0.26099107
12 10 5.0417247
12 24 0.09225831
12 21 0.09666945
12 3 0.059397556
12 1 74.20147
13 30 2.2233274
13 0 0.5051619
13 8 5.1003118
13 18 266.6667
13 33 1.0082387
13 11 0.55510026
13 29 0.78471076
13 5 2000.0
13 34 9.307859
13 20 0.3931048
13 2 1.0567315
13 14 3.3427095
13 37 2.171219
13 27 0.2783552
13 16 166.63797
13 25 0.68413836
14 20 1.3772444
14 13 3.3427095
14 33 0.57706064
14 27 2.8289664
14 11 2000.0
14 25 1.9861846
15 32 0.06978631
15 21 10.342253
16 0 2000.0
16 30 1.1020305
16 8 1.2950623
16 18 0.66102695
16 13 166.63797
16 11 1.0768623
16 29 134.39449
16 5 1.5708503
16 20 4.5647826
16 37 59.448925
16 7 1.3828679
16 27 1.3185159
16 23 16.302801
16 25 1.4982895
17 26 1.8800777
17 6 1.4847358
17 10 0.034933407
17 24 0.3087408
17 31 1.2484864
17 9 0.04987702
17 4 0.08060587
17 19 4.147846
18 30 0.6948171
18 2 4.2924075
18 8 1.0872977
18 37 1.1258477
18 13 266.6667
18 7 2000.0
18 27 4.860648
18 16 0.66102695
18 23 4.4630356
18 11 10.976481
18 29 1.1190197
18 5 0.59384096
19 31 0.06601547
19 9 0.089571595
19 17 4.147846
19 4 0.08408249
20 0 2000.0
20 30 6.8506923
20 13 0.3931048
20 33 1.5349443
20 11 1.1668832
20 29 1.1831825
20 5 1.3601261
20 34 1.1965512
20 2 4.7953343
20 14 1.3772444
20 37 6.7939444
20 7 1.7111073
20 27 0.3111571
20 16 4.5647826
20 25 1.387164
21 32 2000.0
21 10 2000.0
21 24 0.066755995
21 35 0.038790688
21 12 0.09666945
21 15 10.342253
22 6 1282.6705
22 31 1121.8182
22 9 0.100993276
22 19 1594.4319
23 0 2000.0
23 30 1.4426453
23 2 24.777872
23 8 1.1577405
23 37 3.2452748
23 18 4.4630356
23 7 1.5577383
23 16 16.302801
23 11 2000.0
23 29 5.4634643
23 5 3.9070354
24 26 0.08133576
24 32 0.09448523
24 10 0.07141737
24 21 0.066755995
24 31 24.96479
24 12 0.09225831
24 3 400.0
24 15 2000.0
24 17 0.3087408
25 0 2000.0
25 30 1.622113
25 13 0.68413836
25 33 0.63158375
25 11 1.1987505
25 29 5.8081856
25 34 6.595245
25 20 1.387164
25 2 4.0691514
25 14 1.9861846
25 37 22.528736
25 7 19.850096
25 27 0.8506576
25 16 1.4982895
26 32 27.24716
26 28 0.0381804
26 10 0.045754425
26 24 0.08133576
26 31 0.065305844
26 12 1.0084574
26 17 1.8800777
27 0 2000.0
27 30 0.19312423
27 8 1.1309836
27 18 4.860648
27 13 0.2783552
27 33 0.97512424
27 11 0.43107915
27 29 0.67583925
27 5 3.189789
27 34 0.99781
27 20 0.3111571
27 2 0.8705838
27 14 2.8289664
27 37 1.9105012
27 7 72.72727
27 16 1.3185159
27 25 0.8506576
28 36 0.043234345
28 26 0.0381804
28 10 0.80103475
28 3 0.08964575
28 12 8.790789
28 9 4.486877
29 0 5.670773
29 30 3.8419223
29 8 0.7011138
29 18 1.1190197
29 13 0.78471076
29 11 0.7908973
29 5 5.0059047
29 34 7.1311126
29 20 1.1831825
29 2 0.8542836
29 37 0.9762381
29 7 2000.0
29 27 0.67583925
29 16 134.39449
29 23 5.4634643
29 25 5.8081856
30 0 2000.0
30 8 0.74730504
30 18 0.6948171
30 13 2.2233274
30 33 1.3859228
30 11 0.47581518
30 29 3.8419223
30 5 0.56834185
30 34 2.5748217
30 20 6.8506923
30 2 17.931993
30 14 2000.0
30 37 4.141466
30 7 0.8365764
30 27 0.19312423
30 16 1.1020305
30 23 1.4426453
30 25 1.622113
31 26 0.065305844
31 6 1.2462384
31 10 0.031618122
31 24 24.96479
31 9 0.031313106
31 17 1.2484864
31 4 0.07568686
31 19 0.06601547
32 26 27.24716
32 24 0.09448523
32 12 0.26099107
32 15 0.06978631
33 30 1.3859228
33 8 2000.0
33 13 1.0082387
33 11 2.1285188
33 29 2382.1023
33 5 2000.0
33 34 2000.0
33 20 1.5349443
33 2 1.8281167
33 14 0.57706064
33 7 2000.0
33 27 0.97512424
33 16 2000.0
33 25 0.63158375
34 30 2.5748217
34 20 1.1965512
34 8 3.7623987
34 7 11.240926
34 13 9.307859
34 27 0.99781
34 16 2536.0227
34 11 4.726161
34 25 6.595245
34 29 7.1311126
34 5 5.106618
35 21 0.038790688
36 26 2000.0
36 28 0.043234345
36 3 0.18715036
36 9 1.426403
37 30 4.141466
37 0 2.6835337
37 8 1.4000638
37 18 1.1258477
37 13 2.171219
37 11 1.6066531
37 29 0.9762381
37 20 6.7939444
37 2 1.0636756
37 7 19.628605
37 27 1.9105012
37 16 59.448925
37 23 3.2452748
37 25 22.528736
