0 2 0.9885187
0 37 3.1617684
0 13 0.9483686
0 25 22.062588
0 29 2.3855424
1 3 0.87096775
1 12 35.824516
2 30 9.159418
2 0 0.9885187
2 8 1.2316808
2 18 2.3727307
2 13 0.5215503
2 33 2.2144964
2 11 1.2131844
2 29 1.2070154
2 20 5.3608966
2 37 0.90565664
2 27 692.89777
2 16 2000.0
2 23 128.57143
2 25 0.44093183
3 36 0.31081378
3 28 0.4585619
3 24 360.00003
3 12 0.074401475
3 1 0.87096775
3 9 0.71898293
4 31 0.066443115
4 9 0.06632494
4 17 0.18619226
4 19 0.06857589
5 30 0.64331883
5 8 0.5540598
5 18 1.2695518
5 13 42.07382
5 11 2.4830897
5 29 2.179307
5 34 2.3245595
5 20 3.5668943
5 37 16.296095
5 7 7.0227695
5 27 779.5454
5 16 1.531635
5 23 3.7259958
5 25 2000.0
6 31 0.12334719
6 17 1.7481761
7 30 0.6187993
7 20 63.04688
7 8 5.675236
7 37 114.28571
7 16 1.0873107
7 23 1.3314307
7 25 2.052734
7 5 7.0227695
8 0 2000.0
8 30 0.57629436
8 18 1.1838329
8 13 1.1075219
8 11 0.80999297
8 29 0.6156395
8 5 0.5540598
8 34 25.594292
8 2 1.2316808
8 37 1.7132546
8 7 5.675236
8 27 1067.7273
8 16 1.5318391
8 23 1.0981647
8 25 2000.0
9 36 0.8325527
9 26 2000.0
9 28 0.80852276
9 10 8.08246
9 22 0.07779434
9 31 0.026701765
9 12 2000.0
9 3 0.71898293
9 4 0.06632494
9 17 0.031572226
9 19 0.10993118
10 26 35.795452
10 28 0.3673198
10 24 0.07534548
10 31 0.72191256
10 12 1427.5569
10 9 8.08246
10 17 0.03045827
11 0 2000.0
11 30 0.7374652
11 8 0.80999297
11 18 4.4887714
11 13 1.0001746
11 33 1.7237107
11 29 0.42342404
11 5 2.4830897
11 34 2.6317205
11 20 0.9986459
11 2 1.2131844
11 37 1.6562886
11 7 2563.807
11 27 692.89777
11 16 1.1708947
11 25 1.0944455
12 26 2000.0
12 32 7.5996504
12 24 0.08211296
12 21 0.119618356
12 3 0.074401475
12 1 35.824516
13 30 17.401539
13 0 0.9483686
13 8 1.1075219
13 18 14.967987
13 33 1.106829
13 11 1.0001746
13 29 0.62605214
13 5 42.07382
13 34 53.293568
13 20 1.1191955
13 2 0.5215503
13 14 4.217676
13 37 1.0704197
13 7 2000.0
13 27 150.96591
13 16 62.217987
13 25 0.23592821
14 30 12.17186
14 20 1.5223275
14 13 4.217676
14 27 5234.1475
14 33 0.6529509
14 11 2000.0
14 25 2.4180098
15 32 0.07562421
15 21 15.854377
16 0 2000.0
16 30 1.1207565
16 8 1.5318391
16 18 1.6767979
16 13 62.217987
16 11 1.1708947
16 5 1.531635
16 34 55.244717
16 20 32.624695
16 7 1.0873107
16 27 1119.8296
16 23 2.7617517
16 25 1.2025803
17 6 1.7481761
17 26 1034.8864
17 10 0.03045827
17 24 0.09476484
17 31 0.9675236
17 9 0.031572226
17 4 0.18619226
17 19 25.350403
18 0 2000.0
18 30 0.6757758
18 8 1.1838329
18 13 14.967987
18 11 4.4887714
18 29 1.008648
18 5 1.2695518
18 2 2.3727307
18 37 2.1709924
18 7 2000.0
18 27 2000.0
18 16 1.6767979
18 23 1.3527385
19 28 72.871025
19 31 0.06454318
19 9 0.10993118
19 4 0.06857589
19 17 25.350403
20 30 1.4185193
20 8 2000.0
20 13 1.1191955
20 33 1.0082597
20 11 0.9986459
20 29 5.275315
20 5 3.5668943
20 34 0.8936051
20 2 5.3608966
20 14 1.5223275
20 37 2.933783
20 7 63.04688
20 27 957.6705
20 16 32.624695
20 25 0.32710138
21 26 2000.0
21 32 2000.0
21 24 1.0649523
21 35 0.036117986
21 31 2000.0
21 12 0.119618356
21 15 15.854377
22 31 81.818184
22 9 0.07779434
22 19 2000.0
23 0 2000.0
23 30 5.6344824
23 8 1.0981647
23 2 128.57143
23 37 1.8188041
23 18 1.3527385
23 7 1.3314307
23 16 2.7617517
23 11 2000.0
23 29 4.252394
23 5 3.7259958
24 26 37.045452
24 32 0.27312043
24 10 0.07534548
24 21 1.0649523
24 12 0.08211296
24 15 2000.0
24 17 0.09476484
25 30 13.949724
25 0 22.062588
25 13 0.23592821
25 33 0.5752142
25 11 1.0944455
25 29 1.9318554
25 34 6.1257505
25 20 0.32710138
25 2 0.44093183
25 14 2.4180098
25 7 2.052734
25 27 229.14774
25 16 1.2025803
28 36 0.03190341
28 26 51.81818
28 10 0.3673198
28 3 0.4585619
28 12 1219.8296
28 9 0.80852276
28 19 72.871025
29 0 2.3855424
29 30 1.812987
29 8 0.6156395
29 18 1.008648
29 13 0.62605214
29 11 0.42342404
29 5 2.179307
29 34 7.18062
29 20 5.275315
29 2 1.2070154
29 37 1.0166503
29 7 2000.0
29 27 1898.9204
29 16 2000.0
29 23 4.252394
29 25 1.9318554
30 8 0.57629436
30 18 0.6757758
30 13 17.401539
30 33 8.8702965
30 11 0.7374652
30 29 1.812987
30 5 0.64331883
30 34 0.95902276
30 20 1.4185193
30 2 9.159418
30 14 12.17186
30 37 7.6392694
30 7 0.6187993
30 27 147.78409
30 16 1.1207565
30 23 5.6344824
30 25 13.949724
31 26 2000.0
31 6 0.12334719
31 10 0.72191256
31 35 45.04875
31 22 81.818184
31 9 0.026701765
31 4 0.066443115
31 17 0.9675236
31 19 0.06454318
32 24 0.27312043
32 12 7.5996504
32 15 0.07562421
33 30 8.8702965
33 8 2000.0
33 13 1.106829
33 11 1.7237107
33 29 2034.6592
33 5 2000.0
33 34 2000.0
33 20 1.0082597
33 2 2.2144964
33 14 0.6529509
33 7 2000.0
33 27 698.2386
33 16 2619.6023
33 25 0.5752142
34 30 0.95902276
34 20 0.8936051
34 8 25.594292
34 37 2000.0
34 13 53.293568
34 7 2000.0
34 27 716.8182
34 16 55.244717
34 11 2.6317205
34 29 7.18062
34 25 6.1257505
34 5 2.3245595
35 21 0.036117986
35 31 45.04875
36 28 0.03190341
36 3 0.31081378
36 9 0.8325527
37 30 7.6392694
37 0 3.1617684
37 8 1.7132546
37 18 2.1709924
37 13 1.0704197
37 11 1.6562886
37 29 1.0166503
37 5 16.296095
37 20 2.933783
37 2 0.90565664
37 7 114.28571
37 27 725.7955
37 16 2000.0
37 23 1.8188041
37 25 1772.8408
