0 2 0.9655849
0 37 2.5718305
0 13 0.81868845
0 29 10.115249
0 25 46.519764
1 3 1.2795748
1 12 21.586578
2 30 10.880806
2 0 0.9655849
2 8 2.7522728
2 18 3.08561
2 13 0.3546329
2 33 2.0476274
2 11 2.112886
2 29 1.051006
2 20 3.5667887
2 37 0.8446381
2 27 0.593542
2 16 2000.0
2 23 11.853237
2 25 0.45550412
3 36 0.551353
3 28 146.75114
3 24 2000.0
3 12 0.06336361
3 1 1.2795748
3 9 0.20090127
4 31 0.06695795
4 9 0.08200928
4 17 0.1483793
4 19 0.09209157
5 30 0.89550376
5 8 1.0416856
5 18 1.2665603
5 13 58.962788
5 11 1.4316443
5 29 7.1354675
5 34 3.9451175
5 20 2.3728726
5 37 10.403216
5 7 7.5956306
5 27 4.471421
5 16 2.4472558
5 23 7.2487507
5 25 2000.0
6 31 0.12443182
6 17 1.0787266
7 30 1.7141111
7 20 68.60912
7 8 9.896815
7 16 1.2435812
7 23 1.9549885
7 11 56.4379
7 25 2.6136906
7 5 7.5956306
8 0 2000.0
8 30 0.5381798
8 18 1.2861384
8 13 1.8756654
8 11 1.7411449
8 29 1.3594006
8 5 1.0416856
8 34 51.86991
8 2 2.7522728
8 37 1.1007731
8 7 9.896815
8 27 1.0298522
8 16 2.2645826
8 23 1.4019544
8 25 2000.0
9 36 0.5211317
9 26 2000.0
9 28 1.1352522
9 10 11.285636
9 22 0.05483288
9 31 0.028413529
9 12 2000.0
9 3 0.20090127
9 4 0.08200928
9 17 0.029277444
9 19 0.06476552
10 26 0.030512353
10 28 0.50795805
10 24 0.07436746
10 31 0.5153317
10 12 1187.1023
10 9 11.285636
10 17 0.030629536
11 0 2000.0
11 30 1.0479717
11 8 1.7411449
11 18 4.177581
11 13 1.0453956
11 33 2.035214
11 29 1.2387086
11 5 1.4316443
11 34 1.8376395
11 20 3.400016
11 2 2.112886
11 37 1.5922233
11 7 56.4379
11 27 0.6883714
11 16 0.921509
11 25 1.4489022
12 26 0.84082395
12 32 2.6923897
12 24 0.08496831
12 21 0.14786471
12 3 0.06336361
12 1 21.586578
12 15 2000.0
13 30 14.731195
13 0 0.81868845
13 8 1.8756654
13 18 49.012653
13 33 1.1083566
13 11 1.0453956
13 29 0.8797421
13 5 58.962788
13 34 1581.7614
13 20 1.5968919
13 2 0.3546329
13 14 3.9280794
13 37 1.3166281
13 7 2000.0
13 27 0.3580013
13 16 3481.7046
13 25 0.2923445
14 30 6.008076
14 20 2.478279
14 13 3.9280794
14 27 4.1172433
14 33 0.33742344
14 11 2000.0
14 25 1.6870888
15 32 0.07764239
15 21 9.7242155
16 34 58.048767
16 30 1.1648114
16 0 2000.0
16 20 38.747726
16 8 2.2645826
16 18 3.8214004
16 7 1.2435812
16 27 1.4462881
16 11 0.921509
16 23 2.994146
16 25 0.5510814
16 5 2.4472558
17 6 1.0787266
17 26 1.762635
17 10 0.030629536
17 24 0.07164624
17 31 0.96657914
17 9 0.029277444
17 4 0.1483793
17 19 1805.341
18 0 2000.0
18 30 0.82564795
18 8 1.2861384
18 13 49.012653
18 11 4.177581
18 29 1.3749769
18 5 1.2665603
18 2 3.08561
18 37 4.0353284
18 7 2000.0
18 27 346.5985
18 16 3.8214004
18 23 1.583366
19 28 1371.4867
19 31 0.090490155
19 9 0.06476552
19 4 0.09209157
20 30 1.7664081
20 13 1.5968919
20 33 1.3896863
20 11 3.400016
20 29 22.03489
20 5 2.3728726
20 34 1.4920248
20 2 3.5667887
20 14 2.478279
20 37 6.4895267
20 7 68.60912
20 27 3.2145042
20 16 38.747726
20 25 0.38923344
21 32 2000.0
21 24 0.81691414
21 35 0.032982044
21 12 0.14786471
21 15 9.7242155
22 31 112.50001
22 9 0.05483288
22 19 2000.0
23 0 2000.0
23 30 2.1852245
23 8 1.4019544
23 2 11.853237
23 37 1.3432506
23 18 1.583366
23 7 1.9549885
23 16 2.994146
23 11 2000.0
23 29 1.6083535
23 5 7.2487507
24 26 0.04259446
24 32 0.43981665
24 10 0.07436746
24 21 0.81691414
24 12 0.08496831
24 17 0.07164624
25 0 46.519764
25 30 14.83553
25 13 0.2923445
25 33 0.6685863
25 11 1.4489022
25 29 2.571483
25 34 3.3820763
25 20 0.38923344
25 2 0.45550412
25 14 1.6870888
25 37 39.525707
25 7 2.6136906
25 27 0.39238417
25 16 0.5510814
26 32 74.62148
26 28 0.061007123
26 10 0.030512353
26 24 0.04259446
26 31 0.21712095
26 12 0.84082395
26 17 1.762635
27 30 0.2697111
27 0 2000.0
27 8 1.0298522
27 18 346.5985
27 13 0.3580013
27 33 0.76675653
27 11 0.6883714
27 29 0.80699766
27 5 4.471421
27 34 1.2752889
27 20 3.2145042
27 2 0.593542
27 14 4.1172433
27 37 0.77942485
27 7 2000.0
27 16 1.4462881
27 25 0.39238417
28 36 0.03567542
28 26 0.061007123
28 10 0.50795805
28 12 1340.6724
28 3 146.75114
28 9 1.1352522
28 19 1371.4867
29 0 10.115249
29 30 2.5523138
29 8 1.3594006
29 18 1.3749769
29 13 0.8797421
29 33 9.336421
29 11 1.2387086
29 5 7.1354675
29 34 3.1130154
29 20 22.03489
29 2 1.051006
29 37 0.69881713
29 7 2000.0
29 27 0.80699766
29 16 2000.0
29 23 1.6083535
29 25 2.571483
30 8 0.5381798
30 18 0.82564795
30 13 14.731195
30 33 12.503465
30 11 1.0479717
30 29 2.5523138
30 5 0.89550376
30 34 1.0104512
30 20 1.7664081
30 2 10.880806
30 14 6.008076
30 37 13.649127
30 7 1.7141111
30 27 0.2697111
30 16 1.1648114
30 23 2.1852245
30 25 14.83553
31 26 0.21712095
31 6 0.12443182
31 10 0.5153317
31 35 18.208115
31 22 112.50001
31 9 0.028413529
31 4 0.06695795
31 17 0.96657914
31 19 0.090490155
32 26 74.62148
32 24 0.43981665
32 12 2.6923897
32 15 0.07764239
33 30 12.503465
33 8 2000.0
33 13 1.1083566
33 11 2.035214
33 29 9.336421
33 5 2000.0
33 34 2000.0
33 20 1.3896863
33 2 2.0476274
33 14 0.33742344
33 7 2000.0
33 27 0.76675653
33 16 2738.6362
33 25 0.6685863
34 30 1.0104512
34 20 1.4920248
34 8 51.86991
34 37 2000.0
34 7 2000.0
34 27 1.2752889
34 16 58.048767
34 11 1.8376395
34 29 3.1130154
34 25 3.3820763
34 5 3.9451175
35 21 0.032982044
35 31 18.208115
36 28 0.03567542
36 3 0.551353
36 9 0.5211317
37 30 13.649127
37 0 2.5718305
37 8 1.1007731
37 18 4.0353284
37 13 1.3166281
37 11 1.5922233
37 29 0.69881713
37 5 10.403216
37 20 6.4895267
37 2 0.8446381
37 7 3014.8865
37 27 0.77942485
37 16 2000.0
37 23 1.3432506
37 25 39.525707
