0 2 0.99727833
0 37 3.2235894
0 13 1.0776107
0 29 11.139561
0 25 66.41754
1 3 0.7010581
1 12 34.446667
2 30 15.645576
2 0 0.99727833
2 8 1.3032964
2 18 2.602525
2 13 0.6145771
2 33 2.6468616
2 11 3.1876829
2 29 1.2286339
2 20 4.5752993
2 37 0.9936266
2 27 0.87148523
2 16 2000.0
2 23 8.205546
2 25 0.49688476
3 36 0.21151026
3 28 6.6119843
3 24 2000.0
3 12 0.08316975
3 1 0.7010581
3 9 0.37055704
4 31 0.08339444
4 9 0.082694046
4 17 0.13969521
4 19 0.0806725
5 30 0.6895585
5 8 0.45829305
5 18 1.1409982
5 13 49.095314
5 11 1.794731
5 29 2.0208151
5 34 1.5963429
5 20 2.1420994
5 37 14.628044
5 7 17.081837
5 27 1.7443472
5 16 1.816856
5 23 1.513783
5 25 2000.0
6 31 0.1913931
6 17 2.5870352
7 30 0.84729886
7 20 48.44595
7 8 3.8296654
7 37 58.01977
7 16 1.2815067
7 23 1.2913017
7 29 2000.0
7 25 3.5030503
7 5 17.081837
8 0 2000.0
8 30 0.30422768
8 18 1.3808471
8 13 0.8077651
8 11 0.94443417
8 29 0.6594828
8 5 0.45829305
8 34 38.982533
8 2 1.3032964
8 37 1.1324171
8 7 3.8296654
8 27 0.98458946
8 16 1.6580975
8 23 0.8660806
8 25 2000.0
9 36 0.54235053
9 28 1.7218354
9 10 21.052631
9 22 0.062273793
9 31 0.029876502
9 3 0.37055704
9 12 2000.0
9 4 0.082694046
9 17 0.031959638
9 19 0.06892392
10 26 0.02988566
10 28 0.27705163
10 24 0.085601084
10 31 15.805021
10 12 1287.5568
10 9 21.052631
10 17 0.031538747
11 0 2000.0
11 30 0.7450703
11 8 0.94443417
11 18 8.591714
11 13 1.2200857
11 33 1.7042671
11 29 1.3805019
11 5 1.794731
11 34 2.8323994
11 20 1.2353585
11 2 3.1876829
11 37 1.6102728
11 7 1630.625
11 27 0.8872864
11 16 1.677295
11 25 0.96926284
12 26 0.45771107
12 32 9.997349
12 24 0.067605644
12 21 0.093552046
12 3 0.08316975
12 1 34.446667
13 30 34.923786
13 0 1.0776107
13 8 0.8077651
13 18 59.678165
13 33 1.0979624
13 11 1.2200857
13 29 0.8209924
13 5 49.095314
13 34 236.53323
13 20 1.0933514
13 2 0.6145771
13 14 4.8365993
13 37 1.4554908
13 7 2000.0
13 27 0.25318316
13 16 20.787521
13 25 0.23922114
14 30 13.057727
14 20 1.0687463
14 13 4.8365993
14 27 2.340128
14 33 0.38306007
14 11 2000.0
14 25 2.1157963
15 32 0.0702216
15 21 11.953606
16 30 1.0597286
16 0 2000.0
16 8 1.6580975
16 18 1.1992775
16 13 20.787521
16 11 1.677295
16 5 1.816856
16 34 28.196907
16 20 39.690105
16 7 1.2815067
16 27 1.307218
16 23 2.296525
16 25 1.4424613
17 6 2.5870352
17 26 1.5044746
17 10 0.031538747
17 24 0.16848095
17 31 1.0015286
17 9 0.031959638
17 4 0.13969521
17 19 82.00748
18 0 2000.0
18 30 0.84455895
18 8 1.3808471
18 13 59.678165
18 11 8.591714
18 29 1.0955774
18 5 1.1409982
18 2 2.602525
18 37 1.9921438
18 7 2000.0
18 27 16.149641
18 16 1.1992775
18 23 1.3795259
19 31 0.093302906
19 9 0.06892392
19 4 0.0806725
19 17 82.00748
20 30 1.933347
20 13 1.0933514
20 33 0.8636469
20 11 1.2353585
20 29 3.9046829
20 5 2.1420994
20 34 0.8338068
20 2 4.5752993
20 14 1.0687463
20 37 3.8875813
20 7 48.44595
20 27 1.2742052
20 16 39.690105
20 25 0.42670456
21 26 2000.0
21 32 2000.0
21 10 2000.0
21 24 1.137018
21 35 0.049063146
21 31 2000.0
21 12 0.093552046
21 15 11.953606
22 31 86.6126
22 9 0.062273793
22 19 2000.0
23 0 2000.0
23 30 1.1962277
23 8 0.8660806
23 2 8.205546
23 37 1.8749449
23 18 1.3795259
23 7 1.2913017
23 16 2.296525
23 11 2000.0
23 29 1.0087273
23 5 1.513783
24 26 0.040434245
24 32 0.43833554
24 10 0.085601084
24 21 1.137018
24 12 0.067605644
24 15 2000.0
24 17 0.16848095
25 30 20.423996
25 0 66.41754
25 13 0.23922114
25 33 0.5674376
25 11 0.96926284
25 29 1.8684084
25 34 2.8624408
25 20 0.42670456
25 2 0.49688476
25 14 2.1157963
25 37 37.764416
25 7 3.5030503
25 27 0.24741362
25 16 1.4424613
26 32 50.0
26 28 0.08792997
26 10 0.02988566
26 24 0.040434245
26 31 0.13421458
26 12 0.45771107
26 17 1.5044746
27 30 0.9139119
27 0 2000.0
27 8 0.98458946
27 18 16.149641
27 13 0.25318316
27 33 0.7547404
27 11 0.8872864
27 29 0.7573088
27 5 1.7443472
27 34 1.4759129
27 20 1.2742052
27 2 0.87148523
27 14 2.340128
27 37 1.1616769
27 7 3972.7273
27 16 1.307218
27 25 0.24741362
28 36 0.030161373
28 26 0.08792997
28 10 0.27705163
28 3 6.6119843
28 12 1203.8636
28 9 1.7218354
28 19 1545.284
29 0 11.139561
29 30 1.1306714
29 8 0.6594828
29 18 1.0955774
29 13 0.8209924
29 33 19.792093
29 11 1.3805019
29 5 2.0208151
29 34 2.1278517
29 20 3.9046829
29 2 1.2286339
29 37 1.5296972
29 7 2000.0
29 27 0.7573088
29 16 2000.0
29 23 1.0087273
29 25 1.8684084
30 8 0.30422768
30 18 0.84455895
30 13 34.923786
30 33 9.344495
30 11 0.7450703
30 29 1.1306714
30 5 0.6895585
30 34 0.99489
30 20 1.933347
30 2 15.645576
30 14 13.057727
30 37 16.880033
30 7 0.84729886
30 27 0.9139119
30 16 1.0597286
30 23 1.1962277
30 25 20.423996
31 26 0.13421458
31 6 0.1913931
31 10 15.805021
31 35 1166.8181
31 22 86.6126
31 9 0.029876502
31 4 0.08339444
31 17 1.0015286
31 19 0.093302906
32 26 50.0
32 24 0.43833554
32 12 9.997349
32 15 0.0702216
33 30 9.344495
33 13 1.0979624
33 11 1.7042671
33 29 19.792093
33 5 2000.0
33 34 2000.0
33 20 0.8636469
33 2 2.6468616
33 14 0.38306007
33 7 2000.0
33 27 0.7547404
33 16 3017.898
33 25 0.5674376
34 30 0.99489
34 20 0.8338068
34 8 38.982533
34 37 2000.0
34 7 2000.0
34 13 236.53323
34 27 1.4759129
34 16 28.196907
34 11 2.8323994
34 29 2.1278517
34 25 2.8624408
34 5 1.5963429
35 21 0.049063146
35 31 1166.8181
36 28 0.030161373
36 3 0.21151026
36 9 0.54235053
37 30 16.880033
37 0 3.2235894
37 8 1.1324171
37 18 1.9921438
37 13 1.4554908
37 11 1.6102728
37 29 1.5296972
37 5 14.628044
37 20 3.8875813
37 2 0.9936266
37 7 58.01977
37 27 1.1616769
37 16 2000.0
37 23 1.8749449
37 25 37.764416
