0 2 0.87914175
0 37 1.3156122
0 13 1.0603331
0 29 74.9202
0 25 26.071606
1 3 0.9501466
1 12 71.458466
2 30 13.240939
2 0 0.87914175
2 8 1.1249446
2 18 2.0356612
2 13 0.5627525
2 33 1.5694447
2 11 2.2714205
2 29 1.0789444
2 20 3.4367304
2 37 0.7162756
2 27 1.1727273
2 16 2000.0
2 23 12.784767
2 25 0.6568739
3 36 0.4306484
3 28 9.154829
3 24 400.0
3 12 0.06486853
3 1 0.9501466
3 9 0.3101326
4 31 0.071795836
4 9 0.08920806
4 17 0.1547763
4 19 0.06720831
5 30 0.88833207
5 8 0.9822721
5 18 1.002503
5 13 36.38272
5 11 4.811854
5 29 6.571461
5 34 9.2184725
5 20 5.9991
5 37 7.0225143
5 7 14.6859455
5 27 3.104755
5 16 1.5176299
5 23 4.8435435
5 25 2000.0
6 31 0.17870235
6 17 4.0789213
7 30 0.6216595
7 20 54.159943
7 8 5.8297796
7 27 200.0
7 16 1.1769044
7 23 1.1649071
7 11 72.17143
7 25 2.9807794
7 5 14.6859455
8 0 2000.0
8 30 0.44030368
8 18 1.3044825
8 13 0.6007096
8 11 0.90660304
8 29 0.569937
8 5 0.9822721
8 34 32.085213
8 2 1.1249446
8 37 1.044941
8 7 5.8297796
8 27 1.7971615
8 16 1.588329
8 23 1.0802189
8 25 2000.0
9 36 0.43111706
9 26 2000.0
9 28 1.6157182
9 10 27.461086
9 22 0.05113637
9 31 0.028663324
9 12 2000.0
9 3 0.3101326
9 4 0.08920806
9 17 0.034759898
9 19 0.07646726
10 26 0.029308474
10 28 0.39183384
10 24 0.08583027
10 31 9.496119
10 12 108.36039
10 9 27.461086
10 17 0.03165713
11 0 2000.0
11 30 1.2921741
11 8 0.90660304
11 18 10.523093
11 13 0.89845586
11 33 2.7179737
11 29 1.320726
11 5 4.811854
11 34 2.7895582
11 20 1.6639385
11 2 2.2714205
11 37 1.5965647
11 7 72.17143
11 27 0.622215
11 16 1.1176565
11 25 1.5811598
12 26 0.5065835
12 32 5.7430067
12 10 108.36039
12 24 0.07299447
12 21 0.14572403
12 3 0.06486853
12 1 71.458466
13 30 11.173951
13 0 1.0603331
13 8 0.6007096
13 18 213.17844
13 33 0.7897985
13 11 0.89845586
13 29 1.0029149
13 5 36.38272
13 34 160.0
13 20 1.3033425
13 2 0.5627525
13 14 6.8470907
13 37 0.9807283
13 7 2000.0
13 27 0.2906803
13 16 87.32133
13 25 0.22178663
14 30 13.592951
14 20 8.559774
14 13 6.8470907
14 27 2.7636068
14 33 0.3445644
14 25 3.7082047
15 32 0.067424655
15 21 7.841876
16 30 1.1024218
16 0 2000.0
16 8 1.588329
16 18 1.3075873
16 13 87.32133
16 11 1.1176565
16 5 1.5176299
16 34 78.411255
16 20 50.84588
16 7 1.1769044
16 27 1.3105396
16 23 2.7217443
16 25 0.56866246
17 6 4.0789213
17 26 1.5145142
17 10 0.03165713
17 24 0.12423059
17 31 0.9829287
17 9 0.034759898
17 4 0.1547763
17 19 100.0
18 0 2000.0
18 30 0.7482766
18 8 1.3044825
18 13 213.17844
18 11 10.523093
18 29 1.5696255
18 5 1.002503
18 2 2.0356612
18 37 2.802879
18 7 2000.0
18 27 34.669468
18 16 1.3075873
18 23 1.3498122
19 31 0.0760858
19 9 0.07646726
19 4 0.06720831
19 17 100.0
20 30 3.5062292
20 13 1.3033425
20 33 1.2869145
20 11 1.6639385
20 29 17.692478
20 5 5.9991
20 34 0.9274319
20 2 3.4367304
20 14 8.559774
20 37 1.6281145
20 7 54.159943
20 27 2.0734105
20 16 50.84588
20 25 0.69252187
21 26 2000.0
21 32 2000.0
21 24 1.0363142
21 35 0.04115127
21 31 2000.0
21 12 0.14572403
21 15 7.841876
22 31 75.0
22 9 0.05113637
22 19 2000.0
23 0 2000.0
23 30 1.3910565
23 8 1.0802189
23 2 12.784767
23 37 1.2896606
23 18 1.3498122
23 7 1.1649071
23 16 2.7217443
23 11 2000.0
23 29 1.2850763
23 5 4.8435435
24 26 0.04520371
24 32 0.29487222
24 10 0.08583027
24 21 1.0363142
24 12 0.07299447
24 3 400.0
24 15 2000.0
24 17 0.12423059
25 30 32.021416
25 0 26.071606
25 13 0.22178663
25 33 0.6185581
25 11 1.5811598
25 29 4.5660024
25 34 2.5185585
25 20 0.69252187
25 2 0.6568739
25 14 3.7082047
25 37 10.069221
25 7 2.9807794
25 27 0.22527431
25 16 0.56866246
26 32 1163.5796
26 28 0.064840615
26 10 0.029308474
26 24 0.04520371
26 31 0.08875109
26 12 0.5065835
26 17 1.5145142
27 30 0.2842795
27 0 2000.0
27 8 1.7971615
27 18 34.669468
27 13 0.2906803
27 33 0.76828617
27 11 0.622215
27 29 0.523388
27 5 3.104755
27 34 1.4643052
27 20 2.0734105
27 2 1.1727273
27 14 2.7636068
27 37 0.78404117
27 7 200.0
27 16 1.3105396
27 25 0.22527431
28 36 0.031035164
28 26 0.064840615
28 10 0.39183384
28 12 1200.3408
28 3 9.154829
28 9 1.6157182
28 19 1367.8977
29 0 74.9202
29 30 1.0234246
29 8 0.569937
29 18 1.5696255
29 13 1.0029149
29 33 15.070511
29 11 1.320726
29 5 6.571461
29 34 3.8694866
29 20 17.692478
29 2 1.0789444
29 37 0.6199168
29 7 2000.0
29 27 0.523388
29 16 2000.0
29 23 1.2850763
29 25 4.5660024
30 8 0.44030368
30 18 0.7482766
30 13 11.173951
30 33 9.189615
30 11 1.2921741
30 29 1.0234246
30 5 0.88833207
30 34 1.8256899
30 20 3.5062292
30 2 13.240939
30 14 13.592951
30 37 11.171187
30 7 0.6216595
30 27 0.2842795
30 16 1.1024218
30 23 1.3910565
30 25 32.021416
31 26 0.08875109
31 6 0.17870235
31 10 9.496119
31 35 1148.9867
31 22 75.0
31 9 0.028663324
31 4 0.071795836
31 17 0.9829287
31 19 0.0760858
32 24 0.29487222
32 12 5.7430067
32 15 0.067424655
33 30 9.189615
33 8 2000.0
33 13 0.7897985
33 11 2.7179737
33 29 15.070511
33 5 2000.0
33 34 2000.0
33 20 1.2869145
33 2 1.5694447
33 14 0.3445644
33 7 2000.0
33 27 0.76828617
33 16 3017.898
33 25 0.6185581
34 30 1.8256899
34 20 0.9274319
34 8 32.085213
34 37 2000.0
34 7 2000.0
34 13 160.0
34 27 1.4643052
34 16 78.411255
34 11 2.7895582
34 29 3.8694866
34 25 2.5185585
34 5 9.2184725
35 21 0.04115127
35 31 1148.9867
36 28 0.031035164
36 3 0.4306484
36 9 0.43111706
37 30 11.171187
37 0 1.3156122
37 8 1.044941
37 18 2.802879
37 13 0.9807283
37 11 1.5965647
37 29 0.6199168
37 5 7.0225143
37 20 1.6281145
37 2 0.7162756
37 7 3849.8865
37 27 0.78404117
37 16 2000.0
37 23 1.2896606
37 25 10.069221
