0 2 1.0217326
0 8 400.0
0 37 3.9085653
0 13 1.2357954
0 29 30.708052
0 25 18.821732
1 3 0.9439393
1 12 17.142838
2 30 17.940475
2 0 1.0217326
2 8 1.6726443
2 18 1.6390573
2 13 0.47245148
2 33 2.529797
2 11 2.2881339
2 29 1.3147329
2 20 6.276063
2 37 0.951341
2 27 0.74433154
2 16 2000.0
2 23 17.261173
2 25 0.42033422
3 36 0.9955278
3 28 157.82047
3 24 2000.0
3 12 0.05021307
3 1 0.9439393
3 9 0.34967256
4 31 0.06956439
4 9 0.08179956
4 17 0.14240658
4 19 0.06737056
5 30 0.7730287
5 8 1.3422443
5 18 1.4797546
5 13 45.898937
5 11 3.8319633
5 29 8.65205
5 34 3.3822224
5 20 3.3030097
5 37 11.221603
5 7 39.08859
5 27 3.1552608
5 16 2.3896883
5 23 12.664991
5 25 2000.0
6 31 0.12587138
6 17 1.8128045
7 30 1.9607718
7 20 76.441154
7 8 7.497679
7 37 132.53943
7 16 1.1824495
7 11 91.84659
7 23 2.0356543
7 25 3.0343516
7 5 39.08859
8 0 400.0
8 30 0.5979566
8 18 1.5748276
8 13 4.8981957
8 11 1.4181358
8 29 1.3098888
8 5 1.3422443
8 34 24.607712
8 2 1.6726443
8 37 1.0346202
8 7 7.497679
8 27 1.642028
8 16 1.966433
8 23 1.2188027
8 25 2000.0
9 36 0.6371288
9 26 2000.0
9 28 0.6159516
9 10 7.336502
9 22 0.052110605
9 31 0.029421667
9 3 0.34967256
9 12 2000.0
9 4 0.08179956
9 17 0.029205326
9 19 0.0660528
10 26 0.03058447
10 28 0.33612007
10 24 0.0721701
10 31 0.5310139
10 12 27.086796
10 9 7.336502
10 17 0.030050576
11 0 2000.0
11 30 2.4357553
11 8 1.4181358
11 18 6.0953074
11 13 1.5449107
11 33 1.9610796
11 29 1.4688454
11 5 3.8319633
11 34 5.625945
11 20 2.7177012
11 2 2.2881339
11 37 2.0517843
11 7 91.84659
11 27 0.9366569
11 16 1.3088121
11 25 0.48826018
12 26 0.56958234
12 28 135.85568
12 32 3.7765372
12 10 27.086796
12 24 0.06755341
12 21 0.16159016
12 3 0.05021307
12 1 17.142838
13 30 60.560192
13 0 1.2357954
13 8 4.8981957
13 18 34.793648
13 33 0.89752066
13 11 1.5449107
13 29 1.2942622
13 5 45.898937
13 34 228.57143
13 20 1.4697042
13 2 0.47245148
13 14 5.1719003
13 37 0.9022928
13 7 2000.0
13 27 0.29263085
13 16 80.785095
13 25 0.21980834
14 30 12.45497
14 20 2.916929
14 13 5.1719003
14 27 2.233961
14 33 0.39716488
14 11 2000.0
14 25 1.5086486
15 32 0.084594965
15 21 10.701722
16 34 36.475918
16 30 1.1394165
16 20 457.7765
16 8 1.966433
16 18 1.3577272
16 13 80.785095
16 7 1.1824495
16 27 1.4536757
16 11 1.3088121
16 23 4.0079517
16 25 0.8497846
16 5 2.3896883
17 6 1.8128045
17 26 1.6306391
17 10 0.030050576
17 24 0.13513726
17 31 1.0179452
17 9 0.029205326
17 4 0.14240658
17 19 1584.034
18 0 2000.0
18 30 0.59517676
18 8 1.5748276
18 13 34.793648
18 11 6.0953074
18 29 1.3813514
18 5 1.4797546
18 2 1.6390573
18 37 4.388884
18 7 2000.0
18 27 144.15341
18 16 1.3577272
18 23 1.522795
19 28 1362.7273
19 31 0.08280252
19 9 0.0660528
19 4 0.06737056
20 30 0.9842275
20 8 2000.0
20 13 1.4697042
20 33 1.5266234
20 11 2.7177012
20 29 16.947096
20 5 3.3030097
20 34 1.4424915
20 2 6.276063
20 14 2.916929
20 37 14.802094
20 7 76.441154
20 27 3.190974
20 16 457.7765
20 25 0.5125402
21 32 2000.0
21 10 2000.0
21 24 1.1821136
21 35 0.03542889
21 31 2000.0
21 12 0.16159016
21 15 10.701722
22 31 225.00002
22 9 0.052110605
22 19 2000.0
23 0 2000.0
23 30 2.4008558
23 8 1.2188027
23 2 17.261173
23 37 1.7904677
23 18 1.522795
23 7 2.0356543
23 16 4.0079517
23 11 2000.0
23 29 2.0474553
23 5 12.664991
24 26 0.046489745
24 6 2000.0
24 32 0.21308371
24 10 0.0721701
24 21 1.1821136
24 12 0.06755341
24 17 0.13513726
25 30 10.872342
25 0 18.821732
25 13 0.21980834
25 33 0.5657349
25 11 0.48826018
25 29 1.9317322
25 34 1.9431137
25 20 0.5125402
25 2 0.42033422
25 14 1.5086486
25 37 58.838406
25 7 3.0343516
25 27 0.22412476
25 16 0.8497846
26 32 143.64546
26 28 0.045812745
26 10 0.03058447
26 24 0.046489745
26 31 0.23877358
26 12 0.56958234
26 17 1.6306391
27 30 0.25407138
27 0 2000.0
27 8 1.642028
27 18 144.15341
27 13 0.29263085
27 33 0.6795928
27 11 0.9366569
27 29 1.1790545
27 5 3.1552608
27 34 1.2294644
27 20 3.190974
27 2 0.74433154
27 14 2.233961
27 37 0.9986308
27 7 7259.886
27 16 1.4536757
27 25 0.22412476
28 36 0.03435232
28 26 0.045812745
28 10 0.33612007
28 12 135.85568
28 9 0.6159516
28 19 1362.7273
29 0 30.708052
29 30 2.010229
29 8 1.3098888
29 18 1.3813514
29 13 1.2942622
29 33 11.507869
29 11 1.4688454
29 5 8.65205
29 34 4.4993334
29 20 16.947096
29 2 1.3147329
29 37 0.79248345
29 7 2000.0
29 27 1.1790545
29 16 2000.0
29 23 2.0474553
29 25 1.9317322
30 8 0.5979566
30 18 0.59517676
30 13 60.560192
30 33 6.626157
30 11 2.4357553
30 29 2.010229
30 5 0.7730287
30 34 1.0709234
30 20 0.9842275
30 2 17.940475
30 14 12.45497
30 37 15.414494
30 7 1.9607718
30 27 0.25407138
30 16 1.1394165
30 23 2.4008558
30 25 10.872342
31 26 0.23877358
31 6 0.12587138
31 10 0.5310139
31 35 4.6761365
31 21 2000.0
31 22 225.00002
31 9 0.029421667
31 4 0.06956439
31 17 1.0179452
31 19 0.08280252
32 26 143.64546
32 24 0.21308371
32 12 3.7765372
32 15 0.084594965
33 30 6.626157
33 8 2000.0
33 13 0.89752066
33 11 1.9610796
33 29 11.507869
33 34 2000.0
33 20 1.5266234
33 2 2.529797
33 14 0.39716488
33 7 2000.0
33 27 0.6795928
33 16 2738.6362
33 25 0.5657349
34 30 1.0709234
34 20 1.4424915
34 8 24.607712
34 37 2000.0
34 7 2000.0
34 13 228.57143
34 27 1.2294644
34 16 36.475918
34 11 5.625945
34 29 4.4993334
34 25 1.9431137
34 5 3.3822224
35 21 0.03542889
35 31 4.6761365
36 28 0.03435232
36 3 0.9955278
36 9 0.6371288
37 30 15.414494
37 0 3.9085653
37 8 1.0346202
37 18 4.388884
37 13 0.9022928
37 11 2.0517843
37 29 0.79248345
37 5 11.221603
37 20 14.802094
37 2 0.951341
37 7 132.53943
37 27 0.9986308
37 16 4120.1704
37 23 1.7904677
37 25 58.838406
