0 2 2.5857306
0 37 2.4831452
0 13 0.8968815
0 29 44.025974
0 25 14.185064
1 3 1.3827347
1 12 9.893668
2 30 15.274229
2 0 2.5857306
2 8 2.0404022
2 18 2.4663913
2 13 0.59731746
2 33 3.3990874
2 11 1.7797008
2 29 1.9072055
2 20 3.0656536
2 37 1.0458283
2 27 0.74815196
2 16 2000.0
2 23 10.46698
2 25 0.48940295
3 36 0.7847974
3 28 9.471388
3 24 266.6667
3 12 0.04683354
3 1 1.3827347
3 9 0.41832057
4 31 0.06609959
4 9 0.09661193
4 17 0.15484099
4 19 0.06996025
5 30 0.7320412
5 8 1.9179894
5 18 0.83235383
5 13 30.826414
5 11 5.524296
5 29 8.583131
5 34 6.023643
5 20 4.3342957
5 37 11.790582
5 7 14.931818
5 27 3.730929
5 16 1.8882107
5 23 5.7445183
5 25 2000.0
6 31 0.113636374
6 17 2.1570432
7 30 0.8080757
7 20 167.08084
7 8 19.57657
7 37 160.0
7 16 0.7154175
7 23 1.3615382
7 11 39.037067
7 25 2.8535933
7 5 14.931818
8 0 2000.0
8 30 0.67164123
8 18 1.3914188
8 13 8.032758
8 11 1.7538555
8 29 2.7904558
8 5 1.9179894
8 34 147.34235
8 2 2.0404022
8 37 0.9091502
8 7 19.57657
8 27 3.078949
8 16 1.5872686
8 23 2.1158822
8 25 2000.0
9 36 1.1101539
9 26 2000.0
9 28 2.2395954
9 10 36.92308
9 22 0.066891894
9 31 0.044299852
9 3 0.41832057
9 4 0.09661193
9 17 0.035692994
9 19 0.07565983
10 26 0.029903987
10 28 0.6828722
10 24 0.09060151
10 31 9.073807
10 12 1291.3069
10 9 36.92308
10 17 0.030554475
11 0 2000.0
11 30 0.8692541
11 8 1.7538555
11 18 15.45
11 13 1.5310838
11 33 2.013813
11 29 1.3724025
11 5 5.524296
11 34 9.506156
11 20 4.6708207
11 2 1.7797008
11 37 2.2048175
11 7 39.037067
11 27 1.0908428
11 16 2.6067278
11 25 0.5617216
12 26 0.50083745
12 32 11.212814
12 24 0.07213824
12 21 0.12226827
12 3 0.04683354
12 1 9.893668
13 30 86.66942
13 0 0.8968815
13 8 8.032758
13 18 100.0
13 33 0.93379056
13 11 1.5310838
13 29 1.704034
13 5 30.826414
13 34 266.6667
13 20 1.8486189
13 2 0.59731746
13 14 4.6446056
13 37 2.1461742
13 7 2000.0
13 27 1.1520257
13 16 99.725105
13 25 0.26969415
14 30 9.046022
14 20 1.9197842
14 13 4.6446056
14 27 1.8896308
14 33 0.42195076
14 11 2000.0
14 25 2.178015
15 32 0.06869423
15 21 9.171899
16 0 2000.0
16 30 1.1190419
16 8 1.5872686
16 18 1.5654763
16 13 99.725105
16 11 2.6067278
16 29 133.33334
16 5 1.8882107
16 34 39.290203
16 20 159.7445
16 7 0.7154175
16 27 1.4008099
16 23 4.1315684
16 25 1.3203185
17 6 2.1570432
17 26 1.4237185
17 10 0.030554475
17 24 0.10701602
17 31 0.9830295
17 9 0.035692994
17 4 0.15484099
17 19 1199.6023
18 0 2000.0
18 30 0.84814966
18 8 1.3914188
18 13 100.0
18 11 15.45
18 29 1.9553118
18 5 0.83235383
18 2 2.4663913
18 37 2.997065
18 7 2000.0
18 27 48.609093
18 16 1.5654763
18 23 1.6834215
19 31 0.08461327
19 9 0.07565983
19 4 0.06996025
20 30 4.000569
20 13 1.8486189
20 33 2.0032704
20 11 4.6708207
20 29 27.326439
20 5 4.3342957
20 34 1.3385267
20 2 3.0656536
20 14 1.9197842
20 37 12.033037
20 7 167.08084
20 27 1.3340715
20 16 159.7445
20 25 0.45324144
21 26 2000.0
21 32 2000.0
21 24 1.5614519
21 35 0.032948248
21 31 2000.0
21 12 0.12226827
21 15 9.171899
22 31 84.40864
22 9 0.066891894
22 19 2000.0
23 0 2000.0
23 30 3.3508866
23 8 2.1158822
23 2 10.46698
23 37 1.7774549
23 18 1.6834215
23 7 1.3615382
23 16 4.1315684
23 11 2000.0
23 29 1.5797821
23 5 5.7445183
24 26 0.035000287
24 32 0.32871726
24 10 0.09060151
24 21 1.5614519
24 12 0.07213824
24 3 266.6667
24 15 2000.0
24 17 0.10701602
25 30 13.947533
25 0 14.185064
25 13 0.26969415
25 33 0.6619887
25 11 0.5617216
25 29 1.7398989
25 34 5.7410364
25 20 0.45324144
25 2 0.48940295
25 14 2.178015
25 37 82.16419
25 7 2.8535933
25 27 0.2439071
25 16 1.3203185
26 32 66.158356
26 28 0.09400825
26 10 0.029903987
26 24 0.035000287
26 31 0.7980463
26 12 0.50083745
26 17 1.4237185
27 30 0.27902266
27 0 2000.0
27 8 3.078949
27 18 48.609093
27 13 1.1520257
27 33 0.71843904
27 11 1.0908428
27 29 1.9295273
27 5 3.730929
27 34 2.1711266
27 20 1.3340715
27 2 0.74815196
27 14 1.8896308
27 37 1.4449607
27 7 2000.0
27 16 1.4008099
27 25 0.2439071
28 36 0.039554883
28 26 0.09400825
28 10 0.6828722
28 12 1145.4545
28 3 9.471388
28 9 2.2395954
28 19 1372.6704
29 0 44.025974
29 30 2.7319655
29 8 2.7904558
29 18 1.9553118
29 13 1.704034
29 33 24.132812
29 11 1.3724025
29 5 8.583131
29 34 5.493615
29 20 27.326439
29 2 1.9072055
29 37 1.0147249
29 7 2000.0
29 27 1.9295273
29 16 133.33334
29 23 1.5797821
29 25 1.7398989
30 8 0.67164123
30 18 0.84814966
30 13 86.66942
30 33 8.154124
30 11 0.8692541
30 29 2.7319655
30 5 0.7320412
30 34 1.0097452
30 20 4.000569
30 2 15.274229
30 14 9.046022
30 37 18.875946
30 7 0.8080757
30 27 0.27902266
30 16 1.1190419
30 23 3.3508866
30 25 13.947533
31 26 0.7980463
31 6 0.113636374
31 10 9.073807
31 35 30.603739
31 22 84.40864
31 9 0.044299852
31 4 0.06609959
31 17 0.9830295
31 19 0.08461327
32 26 66.158356
32 24 0.32871726
32 12 11.212814
32 15 0.06869423
33 30 8.154124
33 13 0.93379056
33 11 2.013813
33 29 24.132812
33 5 2000.0
33 34 2000.0
33 20 2.0032704
33 2 3.3990874
33 14 0.42195076
33 7 2000.0
33 27 0.71843904
33 16 3017.898
33 25 0.6619887
34 30 1.0097452
34 20 1.3385267
34 8 147.34235
34 37 2000.0
34 7 4130.4546
34 13 266.6667
34 27 2.1711266
34 16 39.290203
34 11 9.506156
34 29 5.493615
34 25 5.7410364
34 5 6.023643
35 21 0.032948248
35 31 30.603739
36 28 0.039554883
36 3 0.7847974
36 9 1.1101539
37 30 18.875946
37 0 2.4831452
37 8 0.9091502
37 18 2.997065
37 13 2.1461742
37 11 2.2048175
37 29 1.0147249
37 5 11.790582
37 20 12.033037
37 2 1.0458283
37 7 160.0
37 27 1.4449607
37 16 2000.0
37 23 1.7774549
37 25 82.16419
