0 8 6.9031124
0 2 1.4576029
0 37 0.7783043
0 13 0.87087786
0 11 50.265675
0 29 9.518462
1 3 0.22078447
1 12 1202.159
2 30 11.726539
2 0 1.4576029
2 8 1.2391846
2 18 27.03097
2 13 0.49433202
2 33 2.2833333
2 11 0.8718957
2 29 0.8715061
2 20 3.6499264
2 37 0.57599044
2 27 0.7670324
2 16 2000.0
2 23 15.195599
2 25 1.9314971
3 36 0.33735797
3 28 0.22668852
3 24 2000.0
3 12 0.061595943
3 1 0.22078447
3 9 1.2630403
4 31 0.08043052
4 9 0.06730746
4 17 0.07784091
4 19 0.08417339
5 30 0.6312873
5 8 0.52900475
5 18 0.3757571
5 13 184.06927
5 11 2.3534884
5 29 3.2915485
5 34 1.4969707
5 20 1.479565
5 37 2000.0
5 7 4.471704
5 27 1.3432791
5 16 2.6236677
5 23 4.4127383
6 22 280.7301
6 21 2000.0
6 31 0.41202435
6 17 1.0967748
7 34 14.179699
7 30 1.676373
7 20 1.6144904
7 8 80.0
7 37 41.77579
7 16 0.9604339
7 11 5.9754996
7 23 1.4003723
7 25 8.705747
7 5 4.471704
8 0 6.9031124
8 30 0.78058356
8 18 1.1635234
8 13 3.7589328
8 11 1.4427125
8 29 0.9976866
8 5 0.52900475
8 34 2.8467093
8 2 1.2391846
8 37 1.218092
8 7 80.0
8 27 2.4009333
8 16 1.502202
8 23 1.4773817
9 36 2.1157534
9 26 2000.0
9 28 2.21748
9 10 3.5509598
9 22 0.32369596
9 31 0.035082873
9 3 1.2630403
9 12 2000.0
9 17 0.24083953
9 4 0.06730746
9 19 0.08073484
10 26 0.035796423
10 28 0.17793103
10 24 0.08951049
10 31 0.036341358
10 12 6.5961637
10 9 3.5509598
10 17 0.031212742
11 0 50.265675
11 30 0.48146778
11 8 1.4427125
11 18 6.943209
11 13 0.62610525
11 33 2.5126648
11 29 0.74541473
11 5 2.3534884
11 34 2.1492913
11 20 0.76089454
11 2 0.8718957
11 37 1.1440238
11 7 5.9754996
11 27 0.37208852
11 16 0.79745275
11 25 1.4787344
12 26 1.5705028
12 28 3.6912074
12 32 0.28225598
12 10 6.5961637
12 24 0.08584281
12 21 0.124546446
12 3 0.061595943
12 1 1202.159
13 30 1.2045538
13 0 0.87087786
13 8 3.7589328
13 18 164.84178
13 33 0.8837557
13 11 0.62610525
13 29 0.9910139
13 5 184.06927
13 34 7.093544
13 20 0.5143276
13 2 0.49433202
13 14 3.5291872
13 37 1.0104166
13 27 0.4340575
13 16 35.17973
13 25 0.6664616
14 20 0.8183963
14 13 3.5291872
14 27 2.4357553
14 33 0.43865973
14 11 2000.0
14 25 2.429771
15 32 0.06908322
15 21 1.4575961
16 0 2000.0
16 30 1.3310097
16 8 1.502202
16 18 1.770863
16 13 35.17973
16 11 0.79745275
16 29 28.39266
16 5 2.6236677
16 20 9.704428
16 37 16.69949
16 7 0.9604339
16 27 1.7821053
16 23 7.2245016
16 25 3.9762022
17 26 1.9782308
17 6 1.0967748
17 10 0.031212742
17 24 0.4463466
17 31 1.8662688
17 9 0.24083953
17 4 0.07784091
17 19 3.6728356
18 30 0.6966583
18 2 27.03097
18 8 1.1635234
18 37 1.1888262
18 7 2000.0
18 13 164.84178
18 27 8.244653
18 16 1.770863
18 23 1.1769929
18 11 6.943209
18 29 1.726449
18 5 0.3757571
19 31 0.07511484
19 9 0.08073484
19 17 3.6728356
19 4 0.08417339
20 30 11.077784
20 13 0.5143276
20 33 1.4286394
20 11 0.76089454
20 29 3.0014918
20 5 1.479565
20 34 1.629078
20 2 3.6499264
20 14 0.8183963
20 37 3.003139
20 7 1.6144904
20 27 1.0584698
20 16 9.704428
20 25 1.2184998
21 26 2000.0
21 32 2000.0
21 24 1.0801558
21 35 0.03772425
21 12 0.124546446
21 15 1.4575961
22 6 280.7301
22 31 1196.875
22 9 0.32369596
22 19 1462.216
23 0 2000.0
23 30 1.2570794
23 2 15.195599
23 8 1.4773817
23 37 1.2824672
23 18 1.1769929
23 7 1.4003723
23 16 7.2245016
23 11 2000.0
23 29 3.7998466
23 5 4.4127383
24 26 0.052762922
24 32 0.09319876
24 10 0.08951049
24 21 1.0801558
24 31 1.931935
24 12 0.08584281
24 3 2000.0
24 15 2000.0
24 17 0.4463466
25 30 1.3913909
25 13 0.6664616
25 33 0.27792674
25 11 1.4787344
25 29 6.282419
25 34 1.5752425
25 20 1.2184998
25 2 1.9314971
25 14 2.429771
25 37 27.878962
25 7 8.705747
25 27 0.48771995
25 16 3.9762022
26 32 29.083677
26 28 0.1429676
26 10 0.035796423
26 24 0.052762922
26 31 0.08051385
26 12 1.5705028
26 17 1.9782308
27 0 2000.0
27 30 0.20712623
27 8 2.4009333
27 18 8.244653
27 13 0.4340575
27 33 1.0621132
27 11 0.37208852
27 29 0.8505691
27 5 1.3432791
27 34 1.1248969
27 20 1.0584698
27 2 0.7670324
27 14 2.4357553
27 37 0.98874635
27 7 2915.1138
27 16 1.7821053
27 25 0.48771995
28 36 0.034126393
28 26 0.1429676
28 10 0.17793103
28 3 0.22668852
28 12 3.6912074
28 9 2.21748
29 0 9.518462
29 30 11.447556
29 8 0.9976866
29 18 1.726449
29 13 0.9910139
29 11 0.74541473
29 5 3.2915485
29 34 8.6960125
29 20 3.0014918
29 2 0.8715061
29 37 1.4739984
29 7 2000.0
29 27 0.8505691
29 16 28.39266
29 23 3.7998466
29 25 6.282419
30 0 2000.0
30 8 0.78058356
30 18 0.6966583
30 13 1.2045538
30 33 2.4846776
30 11 0.48146778
30 29 11.447556
30 5 0.6312873
30 34 1.2383621
30 20 11.077784
30 2 11.726539
30 37 7.571226
30 7 1.676373
30 27 0.20712623
30 16 1.3310097
30 23 1.2570794
30 25 1.3913909
31 26 0.08051385
31 6 0.41202435
31 10 0.036341358
31 24 1.931935
31 9 0.035082873
31 17 1.8662688
31 4 0.08043052
31 19 0.07511484
32 26 29.083677
32 24 0.09319876
32 12 0.28225598
32 15 0.06908322
33 34 2000.0
33 30 2.4846776
33 20 1.4286394
33 2 2.2833333
33 14 0.43865973
33 7 2000.0
33 13 0.8837557
33 27 1.0621132
33 16 2226.3638
33 11 2.5126648
33 29 1126.0796
33 25 0.27792674
34 30 1.2383621
34 20 1.629078
34 8 2.8467093
34 13 7.093544
34 7 14.179699
34 27 1.1248969
34 16 1215.0568
34 11 2.1492913
34 25 1.5752425
34 29 8.6960125
34 5 1.4969707
35 21 0.03772425
36 26 2000.0
36 28 0.034126393
36 3 0.33735797
36 9 2.1157534
37 30 7.571226
37 0 0.7783043
37 8 1.218092
37 18 1.1888262
37 13 1.0104166
37 11 1.1440238
37 29 1.4739984
37 20 3.003139
37 2 0.57599044
37 7 41.77579
37 27 0.98874635
37 16 16.69949
37 23 1.2824672
37 25 27.878962
