0 2 1.3448975
0 37 2.0483615
0 13 1.0280533
0 29 36.120193
0 25 11.434529
1 3 0.863566
1 12 33.08998
2 30 18.863163
2 0 1.3448975
2 8 1.1934916
2 18 1.5380869
2 13 0.69878787
2 33 1.9655724
2 11 1.5326128
2 29 1.0582292
2 20 1.9544021
2 37 0.81760305
2 27 1.3264803
2 16 2000.0
2 23 12.431763
2 25 0.48669425
3 36 0.5889935
3 28 8.886039
3 24 200.0
3 12 0.09962442
3 1 0.863566
3 9 0.630772
4 31 0.067595474
4 9 0.089864366
4 17 0.27202547
4 19 0.07579524
5 30 0.65278596
5 8 0.7225556
5 18 1.1271352
5 13 33.535686
5 11 2.2237065
5 29 15.597081
5 34 2.1395745
5 20 1.2364944
5 37 9.060166
5 7 14.96712
5 27 1.6788734
5 16 1.4686981
5 23 2.3318453
5 25 2000.0
6 31 0.18321115
6 17 6.32721
7 34 266.6667
7 30 0.7967067
7 20 132.20378
7 8 8.341844
7 37 88.888885
7 16 2.013136
7 23 1.670337
7 25 6.29278
7 5 14.96712
8 0 2000.0
8 30 0.3623627
8 18 1.3317715
8 13 0.7988676
8 11 0.93395436
8 29 0.29018822
8 5 0.7225556
8 34 14.120916
8 2 1.1934916
8 37 1.0797595
8 7 8.341844
8 27 1.600626
8 16 1.3353779
8 23 0.90056825
8 25 2000.0
9 36 0.52698356
9 26 2000.0
9 28 1.0853189
9 10 28.305635
9 22 0.05909396
9 31 0.029549
9 3 0.630772
9 4 0.089864366
9 17 0.040254105
9 19 0.06845667
10 26 0.030320508
10 28 0.21208334
10 24 0.100495644
10 31 15.995785
10 12 1153.2386
10 9 28.305635
10 17 0.03467742
11 0 2000.0
11 30 0.5375237
11 8 0.93395436
11 18 7.8488555
11 13 0.9181433
11 33 2.278921
11 29 0.89101154
11 5 2.2237065
11 34 2.2687705
11 20 1.0923555
11 2 1.5326128
11 37 1.5814022
11 7 1372.8408
11 27 0.52303916
11 16 0.9923262
11 25 0.6752387
12 26 1.5043831
12 32 4.8077154
12 24 0.08841282
12 21 0.12719607
12 3 0.09962442
12 1 33.08998
13 30 40.351837
13 0 1.0280533
13 8 0.7988676
13 18 219.6337
13 33 0.8438706
13 11 0.9181433
13 29 0.7764362
13 5 33.535686
13 34 132.27626
13 20 1.0973785
13 2 0.69878787
13 14 4.3367968
13 37 1.346064
13 7 2000.0
13 27 0.36899668
13 16 23.740135
13 25 0.19537455
14 30 13.2033615
14 20 2.1570764
14 13 4.3367968
14 27 2.4047475
14 33 0.44901997
14 11 2000.0
14 25 2.0893562
15 32 0.07047258
15 21 1.5717474
15 12 2000.0
16 30 1.1234435
16 0 2000.0
16 8 1.3353779
16 18 1.9366746
16 13 23.740135
16 11 0.9923262
16 5 1.4686981
16 34 44.522667
16 20 22.933603
16 7 2.013136
16 27 1.4278969
16 23 2.6497884
16 25 0.9542299
17 6 6.32721
17 26 1.7047455
17 10 0.03467742
17 24 0.094276085
17 31 0.98595893
17 9 0.040254105
17 4 0.27202547
17 19 80.0
18 0 2000.0
18 30 0.84874064
18 8 1.3317715
18 2 1.5380869
18 37 2.0495152
18 13 219.6337
18 27 14.176899
18 16 1.9366746
18 11 7.8488555
18 23 1.3124002
18 29 1.5204775
18 5 1.1271352
19 28 164.32161
19 31 0.06778787
19 9 0.06845667
19 4 0.07579524
19 17 80.0
20 30 0.7416193
20 13 1.0973785
20 33 0.9687414
20 11 1.0923555
20 29 11.982734
20 5 1.2364944
20 34 0.82026845
20 2 1.9544021
20 14 2.1570764
20 37 2.2284808
20 7 132.20378
20 27 1.0504906
20 16 22.933603
20 25 0.38220775
21 26 2000.0
21 32 2000.0
21 24 0.786633
21 35 0.031186633
21 31 2000.0
21 12 0.12719607
21 15 1.5717474
22 31 64.44071
22 9 0.05909396
22 19 2000.0
23 0 2000.0
23 30 1.509679
23 8 0.90056825
23 2 12.431763
23 37 2.1904836
23 18 1.3124002
23 7 1.670337
23 16 2.6497884
23 11 2000.0
23 29 1.2486537
23 5 2.3318453
24 26 0.047071677
24 32 0.22249047
24 10 0.100495644
24 21 0.786633
24 12 0.08841282
24 3 200.0
24 15 2000.0
24 17 0.094276085
25 30 21.916855
25 0 11.434529
25 13 0.19537455
25 33 0.5743998
25 11 0.6752387
25 29 1.7233356
25 34 1.8279713
25 20 0.38220775
25 2 0.48669425
25 14 2.0893562
25 37 41.48736
25 7 6.29278
25 27 0.23963672
25 16 0.9542299
26 32 22.749342
26 28 0.077807486
26 10 0.030320508
26 24 0.047071677
26 31 0.14027308
26 12 1.5043831
26 17 1.7047455
27 30 0.22258052
27 0 2000.0
27 8 1.600626
27 18 14.176899
27 13 0.36899668
27 33 0.77504116
27 11 0.52303916
27 29 0.955851
27 5 1.6788734
27 34 0.8523539
27 20 1.0504906
27 2 1.3264803
27 14 2.4047475
27 37 1.0956066
27 7 4868.125
27 16 1.4278969
27 25 0.23963672
28 36 0.030609446
28 26 0.077807486
28 10 0.21208334
28 3 8.886039
28 12 1137.2727
28 9 1.0853189
28 19 164.32161
29 0 36.120193
29 30 0.6338966
29 8 0.29018822
29 18 1.5204775
29 13 0.7764362
29 33 35.530186
29 11 0.89101154
29 5 15.597081
29 34 2.8973389
29 20 11.982734
29 2 1.0582292
29 37 1.0380148
29 27 0.955851
29 16 2000.0
29 23 1.2486537
29 25 1.7233356
30 8 0.3623627
30 18 0.84874064
30 13 40.351837
30 33 7.9966607
30 11 0.5375237
30 29 0.6338966
30 5 0.65278596
30 34 0.9438266
30 20 0.7416193
30 2 18.863163
30 14 13.2033615
30 37 35.122982
30 7 0.7967067
30 27 0.22258052
30 16 1.1234435
30 23 1.509679
30 25 21.916855
31 26 0.14027308
31 6 0.18321115
31 10 15.995785
31 35 34.072445
31 22 64.44071
31 9 0.029549
31 4 0.067595474
31 17 0.98595893
31 19 0.06778787
32 26 22.749342
32 24 0.22249047
32 12 4.8077154
32 15 0.07047258
33 34 2000.0
33 30 7.9966607
33 20 0.9687414
33 2 1.9655724
33 14 0.44901997
33 7 2000.0
33 13 0.8438706
33 27 0.77504116
33 16 3017.898
33 11 2.278921
33 29 35.530186
33 25 0.5743998
34 30 0.9438266
34 20 0.82026845
34 8 14.120916
34 37 2000.0
34 13 132.27626
34 7 266.6667
34 27 0.8523539
34 16 44.522667
34 11 2.2687705
34 29 2.8973389
34 25 1.8279713
34 5 2.1395745
35 21 0.031186633
35 31 34.072445
36 28 0.030609446
36 3 0.5889935
36 9 0.52698356
37 30 35.122982
37 0 2.0483615
37 8 1.0797595
37 18 2.0495152
37 13 1.346064
37 11 1.5814022
37 29 1.0380148
37 5 9.060166
37 20 2.2284808
37 2 0.81760305
37 7 88.888885
37 27 1.0956066
37 16 2000.0
37 23 2.1904836
37 25 41.48736
