0 8 21.45758
0 2 0.7134857
0 37 1.7383354
0 13 0.60792667
0 29 2.9426255
0 25 2000.0
1 3 0.28166667
1 12 35.160927
2 30 16.240755
2 0 0.7134857
2 8 1.4750304
2 18 9.000535
2 13 1.0393994
2 33 1.4407976
2 11 1.0819806
2 29 1.1564662
2 20 9.808141
2 37 1.2762377
2 27 1.7270871
2 16 2000.0
2 23 50.0
2 25 2.1032977
3 36 0.19262943
3 28 0.102189735
3 24 225.00002
3 12 0.06085235
3 1 0.28166667
3 9 0.36994946
4 31 0.069920525
4 9 0.06647018
4 17 0.0807456
4 19 0.08187407
5 30 0.6741386
5 8 0.766943
5 18 0.49678612
5 13 119.59461
5 11 5.4433255
5 29 3.54924
5 34 6.1231923
5 20 2.2081385
5 37 2000.0
5 7 14.012759
5 27 2.646993
5 16 3.0147905
5 23 8.442253
6 31 0.9919757
6 17 2.0537236
7 34 10.103188
7 30 0.86333215
7 20 5.3040433
7 8 58.903152
7 37 34.690407
7 27 87.29944
7 16 2.0268605
7 11 17.237455
7 23 1.3291433
7 25 4.6490173
7 5 14.012759
8 0 21.45758
8 30 0.53562814
8 18 1.0276326
8 13 2.8336973
8 11 2.4967916
8 29 0.9345395
8 5 0.766943
8 34 4.7265077
8 2 1.4750304
8 37 1.5773388
8 7 58.903152
8 27 1.5413294
8 16 1.5449166
8 23 1.201398
9 36 1.070535
9 26 2000.0
9 28 9.536277
9 10 6.6019287
9 22 0.37801155
9 31 0.029922668
9 3 0.36994946
9 17 0.051553223
9 4 0.06647018
9 19 0.08188733
10 26 0.043509204
10 28 0.7419488
10 24 0.06999881
10 31 0.031089252
10 12 7.294462
10 9 6.6019287
10 17 0.031203428
11 0 3706.0227
11 30 0.8197395
11 8 2.4967916
11 18 7.9302816
11 13 0.61896294
11 33 4.60052
11 29 1.0010666
11 5 5.4433255
11 34 5.5520244
11 20 1.259295
11 2 1.0819806
11 37 1.6733953
11 7 17.237455
11 27 0.6292306
11 16 1.3973897
11 25 2.4893901
12 26 1.2063065
12 28 5.057151
12 32 0.24526514
12 10 7.294462
12 24 0.08965203
12 21 0.077698864
12 3 0.06085235
12 1 35.160927
13 30 1.2872596
13 0 0.60792667
13 8 2.8336973
13 18 114.34027
13 33 0.83908755
13 11 0.61896294
13 29 0.96884716
13 5 119.59461
13 34 11.039723
13 20 1.0831368
13 2 1.0393994
13 14 2.6515503
13 37 3.156791
13 27 0.18403691
13 16 101.21079
13 25 0.7833498
14 20 1.8405217
14 13 2.6515503
14 33 0.55797917
14 27 2.4378984
14 11 2000.0
14 25 1.7178459
15 32 0.08345882
15 21 21.672838
16 0 2000.0
16 30 1.1610323
16 8 1.5449166
16 18 0.82746863
16 13 101.21079
16 11 1.3973897
16 29 128.3256
16 5 3.0147905
16 20 15.094901
16 37 133.33334
16 7 2.0268605
16 27 1.8613387
16 23 7.045264
16 25 2.0205274
17 26 2.0336175
17 6 2.0537236
17 10 0.031203428
17 24 0.6290186
17 31 1.2229387
17 9 0.051553223
17 4 0.0807456
17 19 3.748196
18 30 0.71895593
18 0 2000.0
18 8 1.0276326
18 13 114.34027
18 11 7.9302816
18 29 0.9125091
18 5 0.49678612
18 2 9.000535
18 37 1.3217478
18 7 2000.0
18 27 3.1092725
18 16 0.82746863
18 23 2.0549076
19 31 0.07971907
19 9 0.08188733
19 17 3.748196
19 4 0.08187407
20 0 2000.0
20 30 6.779889
20 13 1.0831368
20 33 2.3229108
20 11 1.259295
20 29 3.1156032
20 5 2.2081385
20 34 1.1894885
20 2 9.808141
20 14 1.8405217
20 37 8.055885
20 7 5.3040433
20 27 0.47212163
20 16 15.094901
20 25 2.7251685
21 26 2000.0
21 32 2000.0
21 10 2000.0
21 24 0.063174024
21 35 0.036696654
21 12 0.077698864
21 15 21.672838
22 6 1282.6705
22 31 1121.8182
22 9 0.37801155
22 19 1594.4319
23 0 2000.0
23 30 1.5988635
23 2 50.0
23 8 1.201398
23 37 1.9939933
23 18 2.0549076
23 7 1.3291433
23 16 7.045264
23 11 2000.0
23 29 5.1472735
23 5 8.442253
24 26 0.07690124
24 32 0.18789892
24 10 0.06999881
24 21 0.063174024
24 31 13.828168
24 3 225.00002
24 12 0.08965203
24 15 2000.0
24 17 0.6290186
25 30 2.3217163
25 13 0.7833498
25 33 0.5320101
25 11 2.4893901
25 29 3.3041716
25 34 7.96741
25 20 2.7251685
25 2 2.1032977
25 14 1.7178459
25 37 45.356647
25 7 4.6490173
25 27 0.807191
25 16 2.0205274
26 32 17.288628
26 28 0.052207526
26 10 0.043509204
26 24 0.07690124
26 31 0.0658892
26 12 1.2063065
26 17 2.0336175
27 0 2000.0
27 30 0.15945846
27 8 1.5413294
27 18 3.1092725
27 13 0.18403691
27 33 0.9641281
27 11 0.6292306
27 29 0.6197466
27 5 2.646993
27 34 2.20757
27 20 0.47212163
27 2 1.7270871
27 14 2.4378984
27 37 1.4909661
27 7 87.29944
27 16 1.8613387
27 25 0.807191
28 36 0.041239
28 26 0.052207526
28 10 0.7419488
28 3 0.102189735
28 12 5.057151
28 9 9.536277
29 0 2.9426255
29 30 6.7909904
29 8 0.9345395
29 18 0.9125091
29 13 0.96884716
29 11 1.0010666
29 5 3.54924
29 34 6.9253244
29 20 3.1156032
29 2 1.1564662
29 37 1.225368
29 7 2000.0
29 27 0.6197466
29 16 128.3256
29 23 5.1472735
29 25 3.3041716
30 0 2000.0
30 8 0.53562814
30 18 0.71895593
30 13 1.2872596
30 33 2.2617598
30 11 0.8197395
30 29 6.7909904
30 5 0.6741386
30 34 4.207692
30 20 6.779889
30 2 16.240755
30 14 2000.0
30 37 15.441135
30 7 0.86333215
30 27 0.15945846
30 16 1.1610323
30 23 1.5988635
30 25 2.3217163
31 26 0.0658892
31 6 0.9919757
31 10 0.031089252
31 24 13.828168
31 9 0.029922668
31 17 1.2229387
31 4 0.069920525
31 19 0.07971907
32 26 17.288628
32 24 0.18789892
32 12 0.24526514
32 15 0.08345882
33 34 2000.0
33 30 2.2617598
33 20 2.3229108
33 2 1.4407976
33 14 0.55797917
33 7 2000.0
33 13 0.83908755
33 27 0.9641281
33 16 2000.0
33 11 4.60052
33 29 2382.1023
33 25 0.5320101
34 30 4.207692
34 20 1.1894885
34 8 4.7265077
34 7 10.103188
34 13 11.039723
34 27 2.20757
34 16 2536.0227
34 11 5.5520244
34 25 7.96741
34 29 6.9253244
34 5 6.1231923
35 21 0.036696654
36 26 2000.0
36 28 0.041239
36 3 0.19262943
36 9 1.070535
37 30 15.441135
37 0 1.7383354
37 8 1.5773388
37 18 1.3217478
37 13 3.156791
37 11 1.6733953
37 29 1.225368
37 20 8.055885
37 2 1.2762377
37 7 34.690407
37 27 1.4909661
37 16 133.33334
37 23 1.9939933
37 25 45.356647
