0 2 0.9277414
0 37 1.4616226
0 13 0.70167017
0 29 20.894745
0 25 16.012205
1 3 1.4193574
1 12 13.7231
2 30 13.6974535
2 0 0.9277414
2 8 1.5172069
2 18 3.497714
2 13 0.21205291
2 33 1.4736363
2 11 1.2521966
2 29 1.5569305
2 20 3.008877
2 37 0.8731821
2 27 0.48815283
2 16 2000.0
2 23 17.750374
2 25 0.35971677
3 36 0.860909
3 28 13.309801
3 24 2000.0
3 12 0.083740525
3 1 1.4193574
3 9 0.8760472
4 31 0.064198785
4 9 0.09308102
4 17 0.12988636
4 19 0.0686866
5 30 0.705534
5 8 0.39657035
5 18 0.7921323
5 13 27.39318
5 11 1.3704071
5 29 1.6245608
5 34 2.2290497
5 20 2.8926058
5 37 12.36394
5 7 11.057814
5 27 1.9295053
5 16 1.6774644
5 23 3.9803562
5 25 2000.0
6 31 0.16957118
6 17 2.2262962
7 30 0.92874086
7 20 25.069948
7 8 6.2110624
7 16 1.0173858
7 23 1.4499196
7 11 114.28571
7 25 2.4450285
7 29 800.0
7 5 11.057814
8 0 2000.0
8 30 0.355
8 18 1.2420963
8 13 0.95845443
8 11 0.8283112
8 29 0.6383334
8 5 0.39657035
8 34 23.953928
8 2 1.5172069
8 37 1.0059311
8 7 6.2110624
8 27 0.6256666
8 16 1.6161658
8 23 0.9400674
8 25 2000.0
9 36 1.2433339
9 28 3.172971
9 10 44.3108
9 22 0.044838
9 31 0.029160257
9 12 2000.0
9 3 0.8760472
9 4 0.09308102
9 17 0.04058309
9 19 0.082844295
10 26 0.02997152
10 28 0.42387572
10 24 0.083403364
10 31 11.245601
10 12 1481.7614
10 9 44.3108
10 17 0.02984511
11 0 2000.0
11 30 0.89771765
11 8 0.8283112
11 18 6.787409
11 13 0.8655999
11 33 2.2021165
11 29 0.78490525
11 5 1.3704071
11 34 2.040394
11 20 1.5371327
11 2 1.2521966
11 37 1.1997309
11 7 114.28571
11 27 0.6554397
11 16 1.2040416
11 25 0.7426589
12 26 0.44644403
12 28 154.57056
12 32 2.6320007
12 24 0.0696943
12 21 0.113853
12 3 0.083740525
12 1 13.7231
13 30 22.922886
13 0 0.70167017
13 8 0.95845443
13 18 263.4263
13 33 1.0776474
13 11 0.8655999
13 29 0.775754
13 5 27.39318
13 34 187.65237
13 20 1.0470625
13 2 0.21205291
13 14 3.6876383
13 37 0.85275584
13 7 2000.0
13 27 0.22639318
13 16 39.47176
13 25 0.20991953
14 30 10.507644
14 20 1.2974612
14 13 3.6876383
14 27 4.0233955
14 33 0.452262
14 25 2.4627793
15 32 0.07990902
15 21 4.308999
16 0 2000.0
16 30 1.0596291
16 8 1.6161658
16 18 1.4503052
16 13 39.47176
16 11 1.2040416
16 5 1.6774644
16 34 36.413662
16 20 42.733856
16 7 1.0173858
16 27 1.530367
16 23 4.053591
16 25 1.2263327
17 6 2.2262962
17 26 1.3695804
17 10 0.02984511
17 24 0.13901031
17 31 0.98932326
17 9 0.04058309
17 4 0.12988636
17 19 800.0
18 0 2000.0
18 30 0.6995439
18 8 1.2420963
18 13 263.4263
18 11 6.787409
18 29 1.1928653
18 5 0.7921323
18 2 3.497714
18 37 2.37078
18 7 2000.0
18 27 19.545717
18 16 1.4503052
18 23 1.2531351
19 31 0.0732567
19 9 0.082844295
19 17 800.0
19 4 0.0686866
20 30 2.116534
20 8 2000.0
20 13 1.0470625
20 33 1.5839564
20 11 1.5371327
20 29 6.53933
20 5 2.8926058
20 34 0.9383772
20 2 3.008877
20 14 1.2974612
20 37 1.411695
20 7 25.069948
20 27 0.8695533
20 16 42.733856
20 25 0.34306756
21 32 2000.0
21 24 0.98836035
21 35 0.031745497
21 12 0.113853
21 15 4.308999
22 31 1600.284
22 9 0.044838
22 19 2000.0
23 0 2000.0
23 30 2.171269
23 8 0.9400674
23 2 17.750374
23 37 1.8558534
23 18 1.2531351
23 7 1.4499196
23 16 4.053591
23 11 2000.0
23 29 1.4178916
23 5 3.9803562
24 26 0.04051194
24 32 0.24148244
24 10 0.083403364
24 21 0.98836035
24 12 0.0696943
24 17 0.13901031
25 0 16.012205
25 30 17.729635
25 13 0.20991953
25 33 0.47757697
25 11 0.7426589
25 29 1.2051349
25 34 1.5837324
25 20 0.34306756
25 2 0.35971677
25 14 2.4627793
25 37 67.69816
25 7 2.4450285
25 27 0.22391447
25 16 1.2263327
26 32 68.76137
26 28 0.06714176
26 10 0.02997152
26 24 0.04051194
26 31 0.124092884
26 12 0.44644403
26 17 1.3695804
27 30 0.20322968
27 0 2000.0
27 8 0.6256666
27 18 19.545717
27 13 0.22639318
27 33 0.7493067
27 11 0.6554397
27 29 0.71241623
27 5 1.9295053
27 34 0.8664886
27 20 0.8695533
27 2 0.48815283
27 14 4.0233955
27 37 0.9622508
27 7 2000.0
27 16 1.530367
27 25 0.22391447
28 36 0.030728392
28 26 0.06714176
28 10 0.42387572
28 12 154.57056
28 3 13.309801
28 9 3.172971
28 19 1377.3296
29 0 20.894745
29 30 2.3634129
29 8 0.6383334
29 18 1.1928653
29 13 0.775754
29 33 42.991756
29 11 0.78490525
29 5 1.6245608
29 34 2.6612852
29 20 6.53933
29 2 1.5569305
29 37 1.0509263
29 7 800.0
29 27 0.71241623
29 16 2000.0
29 23 1.4178916
29 25 1.2051349
30 8 0.355
30 18 0.6995439
30 13 22.922886
30 33 8.786305
30 11 0.89771765
30 29 2.3634129
30 5 0.705534
30 34 1.4481062
30 20 2.116534
30 2 13.6974535
30 14 10.507644
30 37 15.928936
30 7 0.92874086
30 27 0.20322968
30 16 1.0596291
30 23 2.171269
30 25 17.729635
31 26 0.124092884
31 6 0.16957118
31 10 11.245601
31 22 1600.284
31 9 0.029160257
31 4 0.064198785
31 17 0.98932326
31 19 0.0732567
32 26 68.76137
32 24 0.24148244
32 12 2.6320007
32 15 0.07990902
33 30 8.786305
33 13 1.0776474
33 11 2.2021165
33 29 42.991756
33 5 2000.0
33 34 2000.0
33 20 1.5839564
33 2 1.4736363
33 14 0.452262
33 7 2000.0
33 27 0.7493067
33 16 3017.898
33 25 0.47757697
34 30 1.4481062
34 20 0.9383772
34 8 23.953928
34 37 2000.0
34 7 2000.0
34 13 187.65237
34 27 0.8664886
34 16 36.413662
34 11 2.040394
34 29 2.6612852
34 25 1.5837324
34 5 2.2290497
35 21 0.031745497
35 31 1199.659
36 28 0.030728392
36 3 0.860909
36 9 1.2433339
37 30 15.928936
37 0 1.4616226
37 8 1.0059311
37 18 2.37078
37 13 0.85275584
37 11 1.1997309
37 29 1.0509263
37 5 12.36394
37 20 1.411695
37 2 0.8731821
37 7 1844.8865
37 27 0.9622508
37 16 2000.0
37 23 1.8558534
37 25 67.69816
