0 2 2.5005984
0 37 1.3230691
0 13 1.3297787
0 25 20.039772
0 29 73.7178
1 3 0.55642635
1 12 11.341468
2 30 12.853121
2 0 2.5005984
2 8 1.2067697
2 18 2.0284626
2 13 0.5660425
2 33 2.175777
2 11 2.4156294
2 29 1.0006588
2 20 6.8009887
2 37 0.8228143
2 27 0.9478283
2 16 2000.0
2 23 13.449473
2 25 0.6181704
3 36 0.48750004
3 28 6.6957846
3 24 2000.0
3 12 0.04845921
3 1 0.55642635
3 9 0.3987121
4 31 0.09995418
4 9 0.08530268
4 17 0.2423071
4 19 0.07321031
5 30 0.95175046
5 8 1.9898324
5 18 1.3738315
5 13 52.46087
5 11 3.3007305
5 29 4.772377
5 34 6.084153
5 20 5.1414986
5 37 5.1706314
5 7 13.579956
5 27 5.2574496
5 16 1.9912533
5 23 7.6298404
5 25 2000.0
6 31 0.10794863
6 17 2.4983852
7 34 2000.0
7 30 1.0792893
7 20 50.0
7 8 10.896444
7 37 177.77777
7 16 1.2032791
7 23 1.6130458
7 25 1.5969425
7 5 13.579956
8 0 2000.0
8 30 0.36290327
8 18 1.2964627
8 13 1.7438066
8 11 1.8368372
8 29 1.4348729
8 5 1.9898324
8 34 58.199833
8 2 1.2067697
8 37 1.390031
8 7 10.896444
8 27 4.929105
8 16 1.6186845
8 23 1.0557845
8 25 2000.0
9 36 0.73068786
9 26 2000.0
9 28 1.4763565
9 10 23.957815
9 22 0.07424467
9 31 0.02867965
9 12 2000.0
9 3 0.3987121
9 4 0.08530268
9 17 0.034920197
9 19 0.063870266
10 26 0.029710414
10 28 0.8235287
10 24 0.081398815
10 31 5.5559945
10 12 80.0
10 9 23.957815
10 17 0.03514234
11 0 2000.0
11 30 1.0725492
11 8 1.8368372
11 18 7.761537
11 13 1.3907653
11 33 2.3471596
11 29 1.4306711
11 5 3.3007305
11 34 2.5915656
11 20 3.0210423
11 2 2.4156294
11 37 1.8842009
11 7 1435.0568
11 27 0.8643105
11 16 1.5183172
11 25 0.7897764
12 26 1.263225
12 32 13.628267
12 10 80.0
12 24 0.073183686
12 21 0.19899425
12 3 0.04845921
12 1 11.341468
13 30 70.09243
13 0 1.3297787
13 8 1.7438066
13 18 100.58588
13 33 1.0374842
13 11 1.3907653
13 29 1.067212
13 5 52.46087
13 34 277.75003
13 20 2.1251342
13 2 0.5660425
13 14 3.0700521
13 37 0.9113607
13 7 2000.0
13 27 0.58960396
13 16 120.73031
13 25 0.28607193
14 30 15.180397
14 20 4.8279524
14 13 3.0700521
14 27 1.9099156
14 33 0.3946121
14 25 2.7388673
15 32 0.09980776
15 21 11.274369
16 0 2000.0
16 30 1.1399654
16 8 1.6186845
16 18 1.3892288
16 13 120.73031
16 11 1.5183172
16 5 1.9912533
16 34 24.630886
16 20 18.277245
16 7 1.2032791
16 27 1.474957
16 23 2.831691
16 25 1.0168145
17 6 2.4983852
17 26 1.4782115
17 10 0.03514234
17 24 0.10826868
17 31 0.9830845
17 9 0.034920197
17 4 0.2423071
17 19 129.86015
18 0 2000.0
18 30 0.69674927
18 8 1.2964627
18 13 100.58588
18 11 7.761537
18 29 3.093805
18 5 1.3738315
18 2 2.0284626
18 37 2.7327197
18 7 2000.0
18 27 33.464394
18 16 1.3892288
18 23 1.3635587
19 31 0.07949816
19 9 0.063870266
19 4 0.07321031
20 0 2000.0
20 30 1.5443411
20 13 2.1251342
20 33 1.4058348
20 11 3.0210423
20 29 6.0868773
20 5 5.1414986
20 34 1.7092028
20 2 6.8009887
20 14 4.8279524
20 37 4.659477
20 7 50.0
20 27 1.9795659
20 16 18.277245
20 25 0.7205823
21 26 2000.0
21 32 2000.0
21 10 2000.0
21 24 0.79515636
21 35 0.03535912
21 31 2000.0
21 12 0.19899425
21 15 11.274369
22 31 88.82387
22 9 0.07424467
22 19 2000.0
23 0 2000.0
23 30 2.4868996
23 8 1.0557845
23 2 13.449473
23 37 2.0566676
23 18 1.3635587
23 7 1.6130458
23 16 2.831691
23 11 2000.0
23 29 2.3761966
23 5 7.6298404
24 26 0.04580172
24 32 0.49017203
24 10 0.081398815
24 21 0.79515636
24 12 0.073183686
24 15 2000.0
24 17 0.10826868
25 30 27.678797
25 0 20.039772
25 13 0.28607193
25 33 0.6534401
25 11 0.7897764
25 29 3.026653
25 34 5.388217
25 20 0.7205823
25 2 0.6181704
25 14 2.7388673
25 37 21.395184
25 7 1.5969425
25 27 0.25385872
25 16 1.0168145
26 32 37.19289
26 28 0.051088706
26 10 0.029710414
26 24 0.04580172
26 31 0.09030875
26 12 1.263225
26 17 1.4782115
27 30 0.29152238
27 0 2000.0
27 8 4.929105
27 18 33.464394
27 13 0.58960396
27 33 0.7773329
27 11 0.8643105
27 29 0.7302172
27 5 5.2574496
27 34 1.1678673
27 20 1.9795659
27 2 0.9478283
27 14 1.9099156
27 37 1.212682
27 7 2000.0
27 16 1.474957
27 25 0.25385872
28 36 0.05496159
28 26 0.051088706
28 10 0.8235287
28 3 6.6957846
28 12 1209.2046
28 9 1.4763565
28 19 1378.6932
29 0 73.7178
29 30 1.896875
29 8 1.4348729
29 18 3.093805
29 13 1.067212
29 33 23.018826
29 11 1.4306711
29 5 4.772377
29 34 9.223791
29 20 6.0868773
29 2 1.0006588
29 37 1.0451702
29 7 2000.0
29 27 0.7302172
29 16 2000.0
29 23 2.3761966
29 25 3.026653
30 8 0.36290327
30 18 0.69674927
30 13 70.09243
30 33 11.85992
30 11 1.0725492
30 29 1.896875
30 5 0.95175046
30 34 1.2632686
30 20 1.5443411
30 2 12.853121
30 14 15.180397
30 37 16.575726
30 7 1.0792893
30 27 0.29152238
30 16 1.1399654
30 23 2.4868996
30 25 27.678797
31 26 0.09030875
31 6 0.10794863
31 10 5.5559945
31 35 144.31934
31 22 88.82387
31 9 0.02867965
31 4 0.09995418
31 17 0.9830845
31 19 0.07949816
32 26 37.19289
32 24 0.49017203
32 12 13.628267
32 15 0.09980776
33 30 11.85992
33 13 1.0374842
33 11 2.3471596
33 29 23.018826
33 5 2000.0
33 34 2000.0
33 20 1.4058348
33 2 2.175777
33 14 0.3946121
33 7 2000.0
33 27 0.7773329
33 16 3017.898
33 25 0.6534401
34 30 1.2632686
34 20 1.7092028
34 8 58.199833
34 37 2000.0
34 7 2000.0
34 13 277.75003
34 27 1.1678673
34 16 24.630886
34 11 2.5915656
34 29 9.223791
34 25 5.388217
34 5 6.084153
35 21 0.03535912
35 31 144.31934
36 28 0.05496159
36 3 0.48750004
36 9 0.73068786
37 30 16.575726
37 0 1.3230691
37 8 1.390031
37 18 2.7327197
37 13 0.9113607
37 11 1.8842009
37 29 1.0451702
37 5 5.1706314
37 20 4.659477
37 2 0.8228143
37 7 177.77777
37 27 1.212682
37 16 2000.0
37 23 2.0566676
37 25 21.395184
