0 2 0.99484426
0 37 4.53672
0 13 0.8256838
0 29 12.90414
0 25 30.210545
1 3 0.5203762
1 12 17.31165
2 30 25.6024
2 0 0.99484426
2 8 1.5811825
2 18 1.6630552
2 13 0.58196855
2 33 3.5594742
2 11 1.4977499
2 29 1.2972431
2 20 3.7341769
2 37 0.8726349
2 27 692.89777
2 16 2000.0
2 23 18.642462
2 25 0.4422846
3 36 0.77685606
3 28 83.43467
3 24 2000.0
3 12 0.0732253
3 1 0.5203762
3 9 0.5924191
4 31 0.060640443
4 9 0.08504137
4 17 0.11356534
4 19 0.06734308
5 30 0.6908457
5 8 0.87468934
5 18 1.2037791
5 13 13.748486
5 11 2.6539776
5 29 2.8290563
5 34 2.6140735
5 20 5.481493
5 37 17.732794
5 7 13.535093
5 27 779.5454
5 16 1.471599
5 23 6.4858685
5 25 2000.0
6 31 0.33694297
6 17 5.348545
7 30 1.1916447
7 20 236.1925
7 8 16.220818
7 27 2000.0
7 16 2.0219111
7 23 2.6833558
7 25 1.3579816
7 5 13.535093
8 0 2000.0
8 30 0.67126185
8 18 1.0579163
8 13 5.9390073
8 11 1.2549295
8 29 1.458752
8 5 0.87468934
8 34 29.46599
8 2 1.5811825
8 37 1.0145535
8 7 16.220818
8 27 1067.7273
8 16 1.7160724
8 23 1.4621521
8 25 2000.0
9 36 0.71499103
9 26 2000.0
9 28 0.48887986
9 10 12.087896
9 22 0.053773306
9 31 0.029376594
9 3 0.5924191
9 12 2000.0
9 4 0.08504137
9 17 0.045007452
9 19 0.0813019
10 26 35.795452
10 28 0.24417156
10 24 0.07699374
10 31 30.421402
10 12 103.610466
10 9 12.087896
10 17 0.04270828
11 0 2000.0
11 30 1.4050119
11 8 1.2549295
11 18 7.0904937
11 13 1.1156402
11 33 1.7799066
11 29 2.4213564
11 5 2.6539776
11 34 1.7460871
11 20 2.7848935
11 2 1.4977499
11 37 1.9816942
11 7 4195.511
11 27 692.89777
11 16 2.0091977
11 25 0.46539444
12 26 2000.0
12 32 9.244513
12 10 103.610466
12 24 0.084472395
12 21 0.17106909
12 3 0.0732253
12 1 17.31165
13 30 35.252888
13 0 0.8256838
13 8 5.9390073
13 18 23.75762
13 33 1.4938142
13 11 1.1156402
13 29 0.92343426
13 5 13.748486
13 34 69.92311
13 20 1.3647838
13 2 0.58196855
13 14 5.992785
13 37 0.93572754
13 7 2000.0
13 27 150.96591
13 16 92.141426
13 25 0.2549919
14 30 5.6816
14 20 3.85836
14 13 5.992785
14 27 5234.1475
14 33 0.7365855
14 11 2000.0
14 25 1.5724254
15 32 0.07015467
15 21 12.587695
16 30 1.0665354
16 0 2000.0
16 8 1.7160724
16 18 2.2183955
16 13 92.141426
16 11 2.0091977
16 5 1.471599
16 34 84.8547
16 20 81.37554
16 7 2.0219111
16 27 1119.8296
16 23 2.970121
16 25 1.2059282
17 6 5.348545
17 26 1034.8864
17 10 0.04270828
17 24 0.067140155
17 31 0.98307514
17 9 0.045007452
17 4 0.11356534
17 19 100.0
18 0 2000.0
18 30 0.5188649
18 8 1.0579163
18 2 1.6630552
18 37 2.3980973
18 13 23.75762
18 27 2000.0
18 16 2.2183955
18 11 7.0904937
18 23 1.2031181
18 29 1.2311722
18 5 1.2037791
19 28 50.088947
19 31 0.071376204
19 9 0.0813019
19 17 100.0
19 4 0.06734308
20 30 1.3379437
20 13 1.3647838
20 33 1.0197726
20 11 2.7848935
20 29 11.908687
20 5 5.481493
20 34 0.9633534
20 2 3.7341769
20 14 3.85836
20 37 2.8726306
20 7 236.1925
20 27 957.6705
20 16 81.37554
20 25 0.56387794
21 26 2000.0
21 32 2000.0
21 24 0.89430034
21 35 0.037101585
21 12 0.17106909
21 15 12.587695
21 4 2000.0
22 31 145.77095
22 9 0.053773306
22 19 2000.0
23 0 2000.0
23 30 4.1749396
23 8 1.4621521
23 2 18.642462
23 37 1.3002317
23 18 1.2031181
23 7 2.6833558
23 16 2.970121
23 11 2000.0
23 29 1.8498685
23 5 6.4858685
24 26 37.045452
24 32 0.50932217
24 10 0.07699374
24 21 0.89430034
24 31 2000.0
24 12 0.084472395
24 17 0.067140155
25 0 30.210545
25 30 10.863689
25 13 0.2549919
25 33 0.59825987
25 11 0.46539444
25 29 2.2387354
25 34 2.4280725
25 20 0.56387794
25 2 0.4422846
25 14 1.5724254
25 37 25.79621
25 7 1.3579816
25 27 229.14774
25 16 1.2059282
28 36 0.030021995
28 26 51.81818
28 10 0.24417156
28 3 83.43467
28 12 1274.3182
28 9 0.48887986
28 19 50.088947
29 0 12.90414
29 30 1.9607574
29 8 1.458752
29 18 1.2311722
29 13 0.92343426
29 33 30.091858
29 11 2.4213564
29 5 2.8290563
29 34 3.1761487
29 20 11.908687
29 2 1.2972431
29 37 1.0541832
29 7 2000.0
29 27 1898.9204
29 16 2000.0
29 23 1.8498685
29 25 2.2387354
30 8 0.67126185
30 18 0.5188649
30 13 35.252888
30 33 6.9028897
30 11 1.4050119
30 29 1.9607574
30 5 0.6908457
30 34 0.8616931
30 20 1.3379437
30 2 25.6024
30 14 5.6816
30 37 8.805086
30 7 1.1916447
30 27 147.78409
30 16 1.0665354
30 23 4.1749396
30 25 10.863689
31 26 79.88636
31 6 0.33694297
31 10 30.421402
31 35 15.004168
31 22 145.77095
31 9 0.029376594
31 4 0.060640443
31 17 0.98307514
31 19 0.071376204
32 26 2000.0
32 24 0.50932217
32 12 9.244513
32 15 0.07015467
33 30 6.9028897
33 13 1.4938142
33 11 1.7799066
33 29 30.091858
33 5 2000.0
33 34 2000.0
33 20 1.0197726
33 2 3.5594742
33 14 0.7365855
33 7 2000.0
33 27 698.2386
33 16 2422.443
33 25 0.59825987
34 30 0.8616931
34 20 0.9633534
34 8 29.46599
34 37 2000.0
34 13 69.92311
34 7 3249.1477
34 27 716.8182
34 16 84.8547
34 11 1.7460871
34 29 3.1761487
34 25 2.4280725
34 5 2.6140735
35 21 0.037101585
35 31 15.004168
36 28 0.030021995
36 3 0.77685606
36 9 0.71499103
37 30 8.805086
37 0 4.53672
37 8 1.0145535
37 18 2.3980973
37 13 0.93572754
37 11 1.9816942
37 29 1.0541832
37 5 17.732794
37 20 2.8726306
37 2 0.8726349
37 7 4445.682
37 27 725.7955
37 16 2000.0
37 23 1.3002317
37 25 25.79621
