0 2 0.8160031
0 37 1.6585511
0 13 0.83552694
0 25 12.504318
0 29 10.079656
1 3 0.52323234
1 12 34.50531
2 30 11.11894
2 0 0.8160031
2 8 1.2359018
2 18 2.37996
2 13 0.5476705
2 33 2.5625167
2 11 2.111983
2 29 1.0992774
2 20 3.600257
2 37 0.8197161
2 27 0.6755306
2 16 2000.0
2 23 11.27739
2 25 0.50220084
3 36 0.7351948
3 28 1.5566725
3 24 2000.0
3 12 0.06388138
3 1 0.52323234
3 9 0.5002692
4 31 0.06420868
4 9 0.07750272
4 17 0.14730221
4 19 0.06780047
5 30 0.89490527
5 8 0.4055672
5 18 0.59197694
5 13 30.03586
5 11 2.0434484
5 29 2.7425811
5 34 1.8258071
5 20 1.9558523
5 37 14.5830965
5 7 28.212275
5 27 1.3931508
5 16 1.1304417
5 23 1.9755074
5 25 2000.0
6 31 0.23085818
6 17 1.0187027
7 30 0.9756851
7 20 14.305196
7 8 4.8620605
7 37 214.09093
7 16 1.2820368
7 23 2.2289848
7 11 35.431953
7 25 5.1495028
7 5 28.212275
8 0 2000.0
8 30 0.3971866
8 18 1.3016275
8 13 1.1601835
8 11 1.26878
8 29 0.4098886
8 5 0.4055672
8 34 16.17603
8 2 1.2359018
8 37 1.1381465
8 7 4.8620605
8 27 0.7753561
8 16 1.4226116
8 23 0.80380577
8 25 2000.0
9 36 0.25191748
9 28 1.6352178
9 10 29.752062
9 22 0.060719293
9 31 0.028496366
9 12 2000.0
9 3 0.5002692
9 4 0.07750272
9 17 0.03137109
9 19 0.07606004
10 26 0.028743139
10 28 0.3192574
10 24 0.08117589
10 31 15.575285
10 12 1400.0
10 9 29.752062
10 17 0.035279613
11 0 2000.0
11 30 0.5124348
11 8 1.26878
11 18 9.744994
11 13 0.8816615
11 33 1.4489039
11 29 0.70270306
11 5 2.0434484
11 34 2.4721897
11 20 1.6886142
11 2 2.111983
11 37 1.6032983
11 7 35.431953
11 27 0.5047386
11 16 1.161257
11 25 0.5994902
12 26 0.71884805
12 32 5.4692607
12 24 0.08044174
12 21 0.1451426
12 3 0.06388138
12 1 34.50531
13 30 202.28712
13 0 0.83552694
13 8 1.1601835
13 18 43.75094
13 33 0.8830454
13 11 0.8816615
13 29 0.8703655
13 5 30.03586
13 34 156.8255
13 20 1.3115463
13 2 0.5476705
13 14 7.1283417
13 37 1.3593583
13 7 2000.0
13 27 0.5089747
13 16 45.43177
13 25 0.26519647
14 34 2000.0
14 30 60.17756
14 20 1.4618444
14 13 7.1283417
14 27 2.2004502
14 33 0.580141
14 11 2000.0
14 25 2.8780675
15 32 0.100195475
15 21 9.054423
16 0 2000.0
16 30 1.5377451
16 8 1.4226116
16 18 1.040952
16 13 45.43177
16 11 1.161257
16 29 834.313
16 5 1.1304417
16 34 46.031147
16 20 39.72853
16 7 1.2820368
16 27 2.1365383
16 23 3.7395859
16 25 0.9814153
17 6 1.0187027
17 26 3.2258065
17 10 0.035279613
17 24 0.20150597
17 31 1.7596728
17 9 0.03137109
17 4 0.14730221
17 19 1169.4318
18 0 2000.0
18 30 0.701909
18 8 1.3016275
18 13 43.75094
18 11 9.744994
18 29 1.0212582
18 5 0.59197694
18 2 2.37996
18 37 2.5012834
18 7 2000.0
18 27 20.065151
18 16 1.040952
18 23 1.2176896
19 28 76.992195
19 31 0.08112591
19 9 0.07606004
19 4 0.06780047
20 30 1.6476642
20 13 1.3115463
20 33 0.99849266
20 11 1.6886142
20 29 6.5093346
20 5 1.9558523
20 34 0.7414146
20 2 3.600257
20 14 1.4618444
20 37 3.0043616
20 7 14.305196
20 27 1.5228691
20 16 39.72853
20 25 0.74691164
21 32 2000.0
21 24 1.6607009
21 35 0.040146835
21 31 2000.0
21 12 0.1451426
21 15 9.054423
22 31 86.62074
22 9 0.060719293
22 19 2000.0
23 0 2000.0
23 30 1.5627226
23 8 0.80380577
23 2 11.27739
23 37 1.9797437
23 18 1.2176896
23 7 2.2289848
23 16 3.7395859
23 11 2000.0
23 29 1.2006649
23 5 1.9755074
24 26 0.037050743
24 32 0.66220415
24 10 0.08117589
24 21 1.6607009
24 12 0.08044174
24 15 2000.0
24 17 0.20150597
25 0 12.504318
25 30 11.383915
25 13 0.26519647
25 33 0.72370136
25 11 0.5994902
25 29 2.210966
25 34 3.2754765
25 20 0.74691164
25 2 0.50220084
25 14 2.8780675
25 7 5.1495028
25 27 0.5268741
25 16 0.9814153
26 32 15.982575
26 28 0.06011672
26 10 0.028743139
26 24 0.037050743
26 31 0.23423922
26 12 0.71884805
26 17 3.2258065
27 30 0.3950395
27 0 2000.0
27 8 0.7753561
27 18 20.065151
27 13 0.5089747
27 33 0.82966375
27 11 0.5047386
27 29 0.70347774
27 5 1.3931508
27 34 0.99377775
27 20 1.5228691
27 2 0.6755306
27 14 2.2004502
27 37 1.4202186
27 7 2000.0
27 16 2.1365383
27 25 0.5268741
28 36 0.035739098
28 26 0.06011672
28 10 0.3192574
28 3 1.5566725
28 12 1211.9319
28 9 1.6352178
28 19 76.992195
29 0 10.079656
29 30 1.4676526
29 8 0.4098886
29 18 1.0212582
29 13 0.8703655
29 33 46.21972
29 11 0.70270306
29 5 2.7425811
29 34 3.9066207
29 20 6.5093346
29 2 1.0992774
29 37 1.5155913
29 7 1800.0001
29 27 0.70347774
29 16 834.313
29 23 1.2006649
29 25 2.210966
30 8 0.3971866
30 18 0.701909
30 13 202.28712
30 33 39.84727
30 11 0.5124348
30 29 1.4676526
30 5 0.89490527
30 34 0.7907328
30 20 1.6476642
30 2 11.11894
30 14 60.17756
30 37 27.278376
30 7 0.9756851
30 27 0.3950395
30 16 1.5377451
30 23 1.5627226
30 25 11.383915
31 26 0.23423922
31 6 0.23085818
31 10 15.575285
31 35 141.49046
31 22 86.62074
31 9 0.028496366
31 4 0.06420868
31 17 1.7596728
31 19 0.08112591
32 26 15.982575
32 24 0.66220415
32 12 5.4692607
32 15 0.100195475
33 30 39.84727
33 8 2000.0
33 13 0.8830454
33 11 1.4489039
33 29 46.21972
33 5 2000.0
33 34 2000.0
33 20 0.99849266
33 2 2.5625167
33 14 0.580141
33 7 2000.0
33 27 0.82966375
33 16 3017.898
33 25 0.72370136
34 30 0.7907328
34 20 0.7414146
34 8 16.17603
34 37 2000.0
34 7 2000.0
34 13 156.8255
34 27 0.99377775
34 16 46.031147
34 11 2.4721897
34 29 3.9066207
34 25 3.2754765
34 5 1.8258071
35 21 0.040146835
35 31 141.49046
36 28 0.035739098
36 3 0.7351948
36 12 2000.0
36 9 0.25191748
37 30 27.278376
37 0 1.6585511
37 8 1.1381465
37 18 2.5012834
37 13 1.3593583
37 11 1.6032983
37 29 1.5155913
37 5 14.5830965
37 20 3.0043616
37 2 0.8197161
37 7 214.09093
37 27 1.4202186
37 16 2000.0
37 23 1.9797437
37 25 1345.1136
