0 8 7.7903523
0 2 1.1196707
0 37 0.8800009
0 13 0.8379201
0 11 285.24414
0 29 10.803031
0 25 2000.0
1 3 0.3839443
1 12 74.98603
2 30 11.248874
2 0 1.1196707
2 8 1.065603
2 18 8.590416
2 13 0.6795369
2 33 3.062158
2 11 1.9945301
2 29 0.77638674
2 20 4.1188283
2 37 1.0151515
2 27 1.5779294
2 23 56.435207
2 25 1.7451816
3 36 0.2589769
3 28 0.10316021
3 24 133.33334
3 12 0.06157619
3 1 0.3839443
3 9 0.2645202
4 31 0.065147966
4 9 0.07897728
4 17 0.07951311
4 19 0.09934934
5 30 0.61714625
5 8 0.65709764
5 18 0.50039583
5 13 2000.0
5 11 4.3741493
5 29 4.658551
5 34 3.2956283
5 20 1.5333773
5 37 2000.0
5 7 5.2860136
5 27 3.7283528
5 16 1.2809556
5 23 4.804056
6 31 1.5099027
6 17 0.44574782
7 34 11.314718
7 30 1.0507215
7 20 2.0100126
7 8 30.324812
7 37 11.836364
7 16 1.4098037
7 11 6.7289777
7 23 1.1440316
7 25 5.0547714
7 5 5.2860136
8 0 7.7903523
8 30 0.5937752
8 18 0.7799516
8 13 2.3885357
8 11 0.61708194
8 29 0.5354508
8 5 0.65709764
8 34 5.59893
8 2 1.065603
8 37 1.4052402
8 7 30.324812
8 27 0.78742546
8 16 1.2202471
8 23 0.9873551
9 36 1.6831362
9 28 1.4105114
9 10 3.4313369
9 22 0.30247754
9 31 0.031347018
9 3 0.2645202
9 12 2000.0
9 17 0.04531856
9 4 0.07897728
9 19 0.06652296
10 26 0.03738914
10 28 0.23778412
10 24 0.07365492
10 31 0.031659834
10 12 5.4471693
10 9 3.4313369
10 17 0.03300923
11 0 285.24414
11 30 0.53687245
11 8 0.61708194
11 18 4.3965573
11 13 0.66462743
11 33 2.5490706
11 29 0.7691288
11 5 4.3741493
11 34 2.1532822
11 20 1.3262827
11 2 1.9945301
11 37 1.515387
11 7 6.7289777
11 27 0.54463047
11 16 0.88190323
11 25 1.106766
12 26 2.2226377
12 28 4.195443
12 32 0.21988256
12 10 5.4471693
12 24 0.07043053
12 21 0.0752608
12 3 0.06157619
12 1 74.98603
13 30 0.78378385
13 0 0.8379201
13 8 2.3885357
13 18 360.00003
13 33 0.8043519
13 11 0.66462743
13 29 0.57263255
13 34 7.5578732
13 20 0.6910688
13 2 0.6795369
13 14 3.5150645
13 37 1.8052398
13 27 0.20113349
13 16 95.92913
13 25 0.54596364
14 20 0.8186775
14 13 3.5150645
14 33 0.38679755
14 27 2.7538521
14 11 2000.0
14 25 2.414053
15 32 0.074807115
15 21 1.1837215
16 30 1.1033694
16 0 2000.0
16 8 1.2202471
16 18 0.97336894
16 13 95.92913
16 11 0.88190323
16 29 59.995625
16 5 1.2809556
16 20 30.841599
16 37 39.287003
16 7 1.4098037
16 27 1.5275825
16 23 5.907106
16 25 1.2064517
17 26 1.687296
17 6 0.44574782
17 10 0.03300923
17 24 0.18242595
17 31 1.0343322
17 9 0.04531856
17 4 0.07951311
17 19 5.4759326
18 30 0.7136684
18 2 8.590416
18 8 0.7799516
18 37 1.039624
18 7 2000.0
18 13 360.00003
18 27 3.9100852
18 16 0.97336894
18 23 1.4005368
18 11 4.3965573
18 29 0.7713828
18 5 0.50039583
19 22 74.54679
19 31 0.06739761
19 9 0.06652296
19 17 5.4759326
19 4 0.09934934
20 30 16.44359
20 13 0.6910688
20 33 0.98261714
20 11 1.3262827
20 29 1.1144419
20 5 1.5333773
20 34 0.8355985
20 2 4.1188283
20 14 0.8186775
20 37 6.8802333
20 7 2.0100126
20 27 0.73588294
20 16 30.841599
20 25 0.52211094
21 10 2000.0
21 24 0.12508667
21 35 0.04477148
21 12 0.0752608
21 15 1.1837215
22 6 2000.3977
22 31 1199.8864
22 9 0.30247754
22 19 74.54679
23 0 2000.0
23 30 1.4816897
23 2 56.435207
23 8 0.9873551
23 37 2.2784834
23 18 1.4005368
23 7 1.1440316
23 16 5.907106
23 11 2000.0
23 29 2.3898065
23 5 4.804056
24 26 0.079555124
24 32 0.11775306
24 10 0.07365492
24 21 0.12508667
24 31 9.013664
24 12 0.07043053
24 3 133.33334
24 15 2000.0
24 17 0.18242595
25 0 2000.0
25 30 2.901867
25 13 0.54596364
25 33 0.555269
25 11 1.106766
25 29 2.2371345
25 34 1.4104532
25 20 0.52211094
25 2 1.7451816
25 14 2.414053
25 37 28.61813
25 7 5.0547714
25 27 0.5115498
25 16 1.2064517
26 36 107.62655
26 32 28.555002
26 28 0.03528322
26 10 0.03738914
26 24 0.079555124
26 31 0.095942706
26 12 2.2226377
26 17 1.687296
27 0 2000.0
27 30 0.18379793
27 8 0.78742546
27 18 3.9100852
27 13 0.20113349
27 33 1.1444339
27 11 0.54463047
27 29 0.32307944
27 5 3.7283528
27 34 1.1044732
27 20 0.73588294
27 2 1.5779294
27 14 2.7538521
27 37 1.3996743
27 7 3413.807
27 16 1.5275825
27 25 0.5115498
28 36 0.03994685
28 26 0.03528322
28 10 0.23778412
28 3 0.10316021
28 12 4.195443
28 9 1.4105114
29 0 10.803031
29 30 1.7249248
29 8 0.5354508
29 18 0.7713828
29 13 0.57263255
29 11 0.7691288
29 5 4.658551
29 34 3.3210285
29 20 1.1144419
29 2 0.77638674
29 37 0.9178828
29 7 2000.0
29 27 0.32307944
29 16 59.995625
29 23 2.3898065
29 25 2.2371345
30 0 2000.0
30 8 0.5937752
30 18 0.7136684
30 13 0.78378385
30 33 2.6341403
30 11 0.53687245
30 29 1.7249248
30 5 0.61714625
30 34 2.9237254
30 20 16.44359
30 2 11.248874
30 14 2000.0
30 37 6.460631
30 7 1.0507215
30 27 0.18379793
30 16 1.1033694
30 23 1.4816897
30 25 2.901867
31 26 0.095942706
31 6 1.5099027
31 10 0.031659834
31 24 9.013664
31 9 0.031347018
31 17 1.0343322
31 4 0.065147966
31 19 0.06739761
32 26 28.555002
32 24 0.11775306
32 12 0.21988256
32 15 0.074807115
33 34 2000.0
33 30 2.6341403
33 20 0.98261714
33 2 3.062158
33 14 0.38679755
33 7 2000.0
33 13 0.8043519
33 27 1.1444339
33 16 2000.0
33 11 2.5490706
33 29 3275.3408
33 25 0.555269
34 30 2.9237254
34 20 0.8355985
34 8 5.59893
34 7 11.314718
34 13 7.5578732
34 27 1.1044732
34 16 2536.0227
34 11 2.1532822
34 25 1.4104532
34 29 3.3210285
34 5 3.2956283
35 21 0.04477148
36 26 107.62655
36 28 0.03994685
36 3 0.2589769
36 9 1.6831362
37 30 6.460631
37 0 0.8800009
37 8 1.4052402
37 18 1.039624
37 13 1.8052398
37 11 1.515387
37 29 0.9178828
37 20 6.8802333
37 2 1.0151515
37 7 11.836364
37 27 1.3996743
37 16 39.287003
37 23 2.2784834
37 25 28.61813
