0 8 20.406664
0 2 1.0813844
0 37 1.0831667
0 13 0.83471406
0 11 275.10532
0 29 14.728326
0 25 1066.6667
1 3 0.30813783
1 12 35.593704
2 30 18.957039
2 0 1.0813844
2 8 1.4587165
2 18 8.304013
2 13 0.40488636
2 33 2.7824388
2 11 0.95872205
2 29 0.53655404
2 20 6.8449397
2 37 1.1514453
2 27 2.046454
2 16 2000.0
2 23 10.815804
2 25 2.187107
3 36 0.2715378
3 28 0.15611646
3 24 514.2857
3 12 0.060438808
3 1 0.30813783
3 9 0.25969386
4 31 0.08627572
4 9 0.08938279
4 17 0.084938206
4 19 0.08590909
5 30 0.7306473
5 8 0.97557646
5 18 0.7641151
5 13 2000.0
5 11 6.487943
5 29 7.2920885
5 34 9.172861
5 20 2.4843335
5 37 2000.0
5 7 7.788296
5 27 2.2773197
5 16 1.5115702
5 23 8.419981
6 22 179.90561
6 31 1.0987313
6 17 1.5596027
7 34 18.960592
7 30 0.84335583
7 20 1.6891506
7 8 21.940554
7 37 15.244987
7 27 200.0
7 16 1.2392892
7 11 11.400234
7 23 1.2225212
7 25 12.050012
7 5 7.788296
8 0 20.406664
8 30 0.7074131
8 18 1.5175987
8 13 2.748281
8 11 0.81284064
8 29 1.0276166
8 5 0.97557646
8 34 9.090752
8 2 1.4587165
8 37 1.8440433
8 7 21.940554
8 27 1.3146545
8 16 1.4520706
8 23 1.2813984
9 36 0.4934862
9 26 2000.0
9 28 1.2006629
9 10 4.2448993
9 22 0.27554312
9 31 0.02966583
9 3 0.25969386
9 17 0.04799049
9 4 0.08938279
9 19 0.07091856
10 26 0.03500709
10 28 0.17919879
10 24 0.06585032
10 31 0.032699417
10 12 6.6668534
10 9 4.2448993
10 17 0.029421667
11 0 275.10532
11 30 0.40665722
11 8 0.81284064
11 18 4.878224
11 13 0.56275004
11 33 3.4784095
11 29 0.7441523
11 5 6.487943
11 34 3.8229241
11 20 1.3645701
11 2 0.95872205
11 37 1.5035573
11 7 11.400234
11 27 0.5087184
11 16 0.8736784
11 25 1.2125661
12 26 0.68365204
12 28 6.934612
12 32 0.22012506
12 10 6.6668534
12 24 0.079319835
12 21 0.081809446
12 3 0.060438808
12 1 35.593704
13 30 1.2326585
13 0 0.83471406
13 8 2.748281
13 18 360.00003
13 33 1.118486
13 11 0.56275004
13 29 0.717452
13 34 9.992185
13 20 0.9845755
13 2 0.40488636
13 14 4.0293326
13 37 2.0925663
13 27 0.15751019
13 16 809.86554
13 25 0.72345126
14 20 0.7215202
14 13 4.0293326
14 33 0.42967874
14 27 4.2134953
14 11 2000.0
14 25 1.5300577
15 32 0.07297342
15 21 4.252319
16 0 2000.0
16 30 1.066995
16 8 1.4520706
16 18 0.8508856
16 11 0.8736784
16 29 2909.432
16 5 1.5115702
16 20 15.682044
16 37 38.24561
16 7 1.2392892
16 27 1.7185087
16 23 4.3665257
16 25 2.0843635
17 26 1.6404569
17 6 1.5596027
17 10 0.029421667
17 24 0.19270325
17 31 1.2821505
17 9 0.04799049
17 4 0.084938206
17 19 1.597018
18 30 0.7025294
18 2 8.304013
18 8 1.5175987
18 37 1.1949588
18 7 2000.0
18 13 360.00003
18 27 2.731243
18 16 0.8508856
18 23 1.3597511
18 11 4.878224
18 29 1.2433186
18 5 0.7641151
19 31 0.069849096
19 9 0.07091856
19 17 1.597018
19 4 0.08590909
20 30 21.233637
20 13 0.9845755
20 33 0.89214015
20 11 1.3645701
20 29 2.6421626
20 5 2.4843335
20 34 0.79216313
20 2 6.8449397
20 14 0.7215202
20 37 6.363563
20 7 1.6891506
20 27 2.3465228
20 16 15.682044
20 25 0.5474169
21 32 2000.0
21 10 2000.0
21 24 0.09823864
21 35 0.04843805
21 12 0.081809446
21 15 4.252319
22 6 179.90561
22 31 1232.6136
22 9 0.27554312
22 19 1248.466
23 0 2000.0
23 30 1.5147785
23 2 10.815804
23 8 1.2813984
23 37 2.4544435
23 18 1.3597511
23 7 1.2225212
23 16 4.3665257
23 11 2000.0
23 29 3.5159235
23 5 8.419981
24 26 0.07739995
24 32 0.11792356
24 10 0.06585032
24 21 0.09823864
24 31 5.8641095
24 12 0.079319835
24 3 514.2857
24 15 2000.0
24 17 0.19270325
25 0 1066.6667
25 30 4.399802
25 13 0.72345126
25 33 0.70258564
25 11 1.2125661
25 29 3.782313
25 34 1.5613031
25 20 0.5474169
25 2 2.187107
25 14 1.5300577
25 37 41.862328
25 7 12.050012
25 27 0.8063586
25 16 2.0843635
26 32 47.527275
26 28 0.039183814
26 10 0.03500709
26 24 0.07739995
26 31 0.06498294
26 12 0.68365204
26 17 1.6404569
27 0 2000.0
27 30 0.28910556
27 8 1.3146545
27 18 2.731243
27 13 0.15751019
27 33 1.0585614
27 11 0.5087184
27 29 0.6613312
27 5 2.2773197
27 34 1.0134507
27 20 2.3465228
27 2 2.046454
27 14 4.2134953
27 37 1.5167705
27 7 200.0
27 16 1.7185087
27 25 0.8063586
28 36 0.044078108
28 26 0.039183814
28 10 0.17919879
28 3 0.15611646
28 12 6.934612
28 9 1.2006629
29 0 14.728326
29 30 1.6168237
29 8 1.0276166
29 18 1.2433186
29 13 0.717452
29 33 100.0
29 11 0.7441523
29 5 7.2920885
29 34 9.392212
29 20 2.6421626
29 2 0.53655404
29 37 0.9945075
29 7 2000.0
29 27 0.6613312
29 23 3.5159235
29 25 3.782313
30 0 2000.0
30 8 0.7074131
30 18 0.7025294
30 13 1.2326585
30 33 3.0458317
30 11 0.40665722
30 29 1.6168237
30 5 0.7306473
30 34 4.2114
30 20 21.233637
30 2 18.957039
30 14 2000.0
30 37 9.302724
30 7 0.84335583
30 27 0.28910556
30 16 1.066995
30 23 1.5147785
30 25 4.399802
31 26 0.06498294
31 6 1.0987313
31 10 0.032699417
31 24 5.8641095
31 9 0.02966583
31 17 1.2821505
31 4 0.08627572
31 19 0.069849096
32 26 47.527275
32 24 0.11792356
32 12 0.22012506
32 15 0.07297342
33 30 3.0458317
33 8 2000.0
33 13 1.118486
33 11 3.4784095
33 29 100.0
33 5 2000.0
33 34 2000.0
33 20 0.89214015
33 2 2.7824388
33 14 0.42967874
33 7 2000.0
33 27 1.0585614
33 16 2000.0
33 25 0.70258564
34 30 4.2114
34 20 0.79216313
34 8 9.090752
34 7 18.960592
34 13 9.992185
34 27 1.0134507
34 16 2536.0227
34 11 3.8229241
34 25 1.5613031
34 29 9.392212
34 5 9.172861
35 21 0.04843805
36 26 2000.0
36 28 0.044078108
36 3 0.2715378
36 9 0.4934862
37 30 9.302724
37 0 1.0831667
37 8 1.8440433
37 18 1.1949588
37 13 2.0925663
37 11 1.5035573
37 29 0.9945075
37 20 6.363563
37 2 1.1514453
37 7 15.244987
37 27 1.5167705
37 16 38.24561
37 23 2.4544435
37 25 41.862328
