0 2 1.1227198
0 37 1.0724825
0 13 0.8794832
0 29 25.442955
0 25 9.664191
1 3 0.71971947
1 12 13.838051
2 30 12.780844
2 0 1.1227198
2 8 1.2582047
2 18 2.5575123
2 13 0.48079643
2 33 7.164063
2 11 1.5011512
2 29 1.3337696
2 20 2.627516
2 37 0.80943674
2 27 1.0125204
2 16 2000.0
2 23 6.3912783
2 25 0.8119513
3 36 0.75471175
3 28 29.742542
3 24 2000.0
3 12 0.05084777
3 1 0.71971947
3 9 1.1260054
4 31 0.0777096
4 9 0.08967027
4 17 0.24853408
4 19 0.077399
5 30 0.7505229
5 8 0.54811287
5 18 0.59321785
5 13 17.539938
5 11 1.700276
5 29 5.0109363
5 34 4.534719
5 20 1.2051123
5 37 20.765438
5 7 7.822195
5 27 1.7179741
5 16 1.5464232
5 23 3.8980336
6 31 0.11163797
6 17 10.192223
7 34 180.00002
7 30 0.7374066
7 20 75.7057
7 8 8.196381
7 16 1.0651848
7 23 1.178234
7 25 2.7940876
7 5 7.822195
8 0 2000.0
8 30 0.34261364
8 18 1.3891371
8 13 1.2311989
8 11 0.8516139
8 29 0.6693672
8 5 0.54811287
8 34 19.48581
8 2 1.2582047
8 37 1.0542077
8 7 8.196381
8 27 1.1019887
8 16 1.8276911
8 23 0.8742988
8 25 2000.0
9 36 0.4288885
9 28 1.756419
9 10 23.253942
9 22 0.058484714
9 31 0.02952983
9 3 1.1260054
9 4 0.08967027
9 17 0.033544842
9 19 0.065982416
10 26 0.031589076
10 28 0.26924488
10 24 0.13908564
10 31 15.855612
10 12 44.444443
10 9 23.253942
10 17 0.030691514
11 0 2000.0
11 30 0.75056857
11 8 0.8516139
11 18 4.2138085
11 13 0.8054903
11 33 1.552091
11 29 0.92556524
11 5 1.700276
11 34 1.6531478
11 20 1.0650624
11 2 1.5011512
11 37 1.272012
11 7 2643.977
11 27 0.6845585
11 16 1.3951973
11 25 0.7357135
12 26 0.8135779
12 32 3.156549
12 10 44.444443
12 24 0.07135764
12 21 0.19738394
12 3 0.05084777
12 1 13.838051
13 30 16.720928
13 0 0.8794832
13 8 1.2311989
13 18 795.3068
13 33 1.0630032
13 11 0.8054903
13 29 0.69540626
13 5 17.539938
13 34 97.8568
13 20 1.1822293
13 2 0.48079643
13 14 7.7838597
13 37 1.2596391
13 7 2000.0
13 27 0.45815608
13 16 25.869135
13 25 0.22857213
14 30 9.4237
14 20 2.6511068
14 13 7.7838597
14 27 2.2748666
14 33 0.61582243
14 11 2000.0
14 25 3.1127062
15 32 0.06866085
15 21 1.5170248
15 12 2000.0
16 30 1.2534947
16 0 2000.0
16 8 1.8276911
16 18 1.132073
16 13 25.869135
16 11 1.3951973
16 5 1.5464232
16 34 24.47934
16 20 28.675877
16 7 1.0651848
16 27 1.8894619
16 23 2.321397
16 25 0.9589457
17 6 10.192223
17 26 3.0654833
17 10 0.030691514
17 24 0.059935298
17 31 0.9887864
17 9 0.033544842
17 4 0.24853408
17 19 1515.974
18 0 2000.0
18 30 0.5188084
18 8 1.3891371
18 13 795.3068
18 11 4.2138085
18 29 1.1876215
18 5 0.59321785
18 2 2.5575123
18 37 2.3118358
18 7 2000.0
18 27 20.136227
18 16 1.132073
18 23 1.1143218
19 31 0.08089383
19 9 0.065982416
19 4 0.077399
19 17 1515.974
20 0 2000.0
20 30 2.6304543
20 13 1.1822293
20 33 1.4591937
20 11 1.0650624
20 29 6.672112
20 5 1.2051123
20 34 0.8899347
20 2 2.627516
20 14 2.6511068
20 37 2.556499
20 7 75.7057
20 27 1.4168142
20 16 28.675877
20 25 0.5262647
21 24 0.94728774
21 35 0.030259391
21 12 0.19738394
21 15 1.5170248
22 31 1142.2727
22 9 0.058484714
22 19 2000.0
23 0 2000.0
23 30 1.9572152
23 8 0.8742988
23 2 6.3912783
23 37 1.6601399
23 18 1.1143218
23 7 1.178234
23 16 2.321397
23 11 2000.0
23 29 1.4584452
23 5 3.8980336
24 26 0.057768364
24 32 0.26738638
24 10 0.13908564
24 21 0.94728774
24 12 0.07135764
24 15 2000.0
24 17 0.059935298
25 30 15.563101
25 0 9.664191
25 13 0.22857213
25 33 0.52948236
25 11 0.7357135
25 29 1.539397
25 34 1.2317791
25 20 0.5262647
25 2 0.8119513
25 14 3.1127062
25 37 31.682482
25 7 2.7940876
25 27 0.22202359
25 16 0.9589457
26 32 17.313848
26 28 0.09331339
26 10 0.031589076
26 24 0.057768364
26 31 0.17501765
26 12 0.8135779
26 17 3.0654833
27 30 0.21405156
27 0 2000.0
27 8 1.1019887
27 18 20.136227
27 13 0.45815608
27 33 0.81635386
27 11 0.6845585
27 29 0.75819165
27 5 1.7179741
27 34 0.89763576
27 20 1.4168142
27 2 1.0125204
27 14 2.2748666
27 37 0.9192842
27 7 4402.386
27 16 1.8894619
27 25 0.22202359
28 36 0.032482397
28 26 0.09331339
28 10 0.26924488
28 3 29.742542
28 12 1193.8636
28 9 1.756419
28 19 1369.9431
29 0 25.442955
29 30 0.938646
29 8 0.6693672
29 18 1.1876215
29 13 0.69540626
29 33 8.3441725
29 11 0.92556524
29 5 5.0109363
29 34 2.5882764
29 20 6.672112
29 2 1.3337696
29 37 0.7741359
29 27 0.75819165
29 16 2000.0
29 23 1.4584452
29 25 1.539397
30 8 0.34261364
30 18 0.5188084
30 13 16.720928
30 33 8.253109
30 11 0.75056857
30 29 0.938646
30 5 0.7505229
30 34 0.97210175
30 20 2.6304543
30 2 12.780844
30 14 9.4237
30 37 20.123833
30 7 0.7374066
30 27 0.21405156
30 16 1.2534947
30 23 1.9572152
30 25 15.563101
31 26 0.17501765
31 6 0.11163797
31 10 15.855612
31 35 68.57442
31 9 0.02952983
31 4 0.0777096
31 17 0.9887864
31 19 0.08089383
32 26 17.313848
32 24 0.26738638
32 12 3.156549
32 15 0.06866085
33 30 8.253109
33 8 2000.0
33 13 1.0630032
33 11 1.552091
33 29 8.3441725
33 5 2000.0
33 34 2000.0
33 20 1.4591937
33 2 7.164063
33 14 0.61582243
33 7 2000.0
33 27 0.81635386
33 16 3017.898
33 25 0.52948236
34 30 0.97210175
34 20 0.8899347
34 8 19.48581
34 37 2000.0
34 7 180.00002
34 13 97.8568
34 27 0.89763576
34 16 24.47934
34 11 1.6531478
34 29 2.5882764
34 25 1.2317791
34 5 4.534719
35 21 0.030259391
35 31 68.57442
36 28 0.032482397
36 3 0.75471175
36 9 0.4288885
37 30 20.123833
37 0 1.0724825
37 8 1.0542077
37 18 2.3118358
37 13 1.2596391
37 11 1.272012
37 29 0.7741359
37 5 20.765438
37 20 2.556499
37 2 0.80943674
37 7 3086.12
37 27 0.9192842
37 16 2000.0
37 23 1.6601399
37 25 31.682482
