0 2 1.0575532
0 37 1.1599803
0 13 1.0442535
0 29 18.632868
0 25 11.059474
1 3 1.08375
1 12 10.040144
2 30 14.851674
2 0 1.0575532
2 8 1.2451115
2 18 2.719396
2 13 0.73150533
2 33 2.2240098
2 11 1.6713865
2 29 1.6065544
2 20 4.15789
2 37 0.9062439
2 27 1.6014204
2 16 2000.0
2 23 12.829845
2 25 0.47686523
3 36 0.64394885
3 28 16.791735
3 24 2000.0
3 12 0.06800733
3 1 1.08375
3 9 0.79173833
4 31 0.06702703
4 9 0.08274789
4 17 0.113692924
4 19 0.06215539
5 30 0.61366993
5 8 0.66452414
5 18 0.5478832
5 13 29.688131
5 11 7.022589
5 29 3.5498695
5 34 2.350746
5 20 1.9980469
5 37 10.500387
5 7 3.8765628
5 27 1.2259359
5 16 1.2926981
5 23 2.3856394
6 31 0.19245692
6 17 1.8275567
7 30 1.2064236
7 20 54.943375
7 8 8.085203
7 37 183.29926
7 16 1.2062646
7 23 1.6571563
7 11 66.87057
7 25 6.5149655
7 5 3.8765628
8 0 2000.0
8 30 0.40498203
8 18 1.2037709
8 13 2.3963873
8 11 1.6271088
8 29 0.716049
8 5 0.66452414
8 34 35.51151
8 2 1.2451115
8 37 1.116807
8 7 8.085203
8 27 1.415833
8 16 1.35078
8 23 0.9417112
8 25 2000.0
9 36 0.70166457
9 26 2000.0
9 28 0.9594602
9 10 19.727165
9 22 0.04834824
9 31 0.029869458
9 3 0.79173833
9 12 2000.0
9 4 0.08274789
9 17 0.04517224
9 19 0.07209389
10 26 0.032362796
10 28 0.36230016
10 24 0.17573448
10 31 16.136868
10 12 1181.7045
10 9 19.727165
10 17 0.033960868
11 0 2000.0
11 30 1.2186847
11 8 1.6271088
11 18 5.417961
11 13 1.0115072
11 33 2.9578025
11 29 1.5755162
11 5 7.022589
11 34 2.635638
11 20 2.2007537
11 2 1.6713865
11 37 1.7735443
11 7 66.87057
11 27 0.9420881
11 16 0.9699082
11 25 1.0669948
12 26 1.3216107
12 28 70.66341
12 32 3.1251194
12 24 0.10444518
12 21 0.23549113
12 3 0.06800733
12 1 10.040144
13 30 62.055508
13 0 1.0442535
13 8 2.3963873
13 18 162.57198
13 33 1.4139975
13 11 1.0115072
13 29 0.8773554
13 5 29.688131
13 34 300.0
13 20 2.8170242
13 2 0.73150533
13 14 8.323728
13 37 1.3487786
13 7 2000.0
13 27 0.70571536
13 16 51.89198
13 25 0.53045994
14 30 15.182453
14 20 4.4402227
14 13 8.323728
14 27 5.930921
14 33 0.5227066
14 11 2000.0
14 25 2.1352847
15 32 0.069299564
15 21 1.9314884
16 30 1.1217127
16 0 2000.0
16 8 1.35078
16 18 1.1855861
16 13 51.89198
16 11 0.9699082
16 29 2000.0
16 5 1.2926981
16 34 76.76689
16 20 24.586594
16 7 1.2062646
16 27 1.3808432
16 23 2.770495
16 25 1.2410554
17 6 1.8275567
17 26 1.6565138
17 10 0.033960868
17 24 0.1715199
17 31 1.0027449
17 9 0.04517224
17 4 0.113692924
17 19 1207.3864
18 0 2000.0
18 30 0.703654
18 8 1.2037709
18 13 162.57198
18 11 5.417961
18 29 1.1506605
18 5 0.5478832
18 2 2.719396
18 37 1.8425804
18 7 2000.0
18 27 10.619482
18 16 1.1855861
18 23 1.5053251
19 31 0.109204486
19 9 0.07209389
19 4 0.06215539
19 17 1207.3864
20 30 1.5988826
20 13 2.8170242
20 33 3.7860389
20 11 2.2007537
20 29 9.642568
20 5 1.9980469
20 34 1.0482687
20 2 4.15789
20 14 4.4402227
20 37 5.773289
20 7 54.943375
20 27 2.1045573
20 16 24.586594
20 25 1.2988538
21 32 2000.0
21 10 2000.0
21 24 0.66238517
21 35 0.059416916
21 31 2000.0
21 12 0.23549113
21 15 1.9314884
22 31 2000.0
22 9 0.04834824
22 19 2000.0
23 0 2000.0
23 30 2.2879777
23 8 0.9417112
23 2 12.829845
23 37 1.663389
23 18 1.5053251
23 7 1.6571563
23 16 2.770495
23 11 2000.0
23 29 1.3479404
23 5 2.3856394
24 26 0.046076834
24 32 0.2413546
24 10 0.17573448
24 21 0.66238517
24 31 2000.0
24 12 0.10444518
24 15 2000.0
24 17 0.1715199
25 30 20.319128
25 0 11.059474
25 13 0.53045994
25 33 1.6986921
25 11 1.0669948
25 29 2.8954713
25 34 1.3021326
25 20 1.2988538
25 2 0.47686523
25 14 2.1352847
25 37 47.61866
25 7 6.5149655
25 27 0.2705303
25 16 1.2410554
26 32 50.14042
26 28 0.08645146
26 10 0.032362796
26 24 0.046076834
26 31 0.21304114
26 12 1.3216107
26 17 1.6565138
27 30 0.19381127
27 0 2000.0
27 8 1.415833
27 18 10.619482
27 13 0.70571536
27 33 0.9179857
27 11 0.9420881
27 29 0.6821788
27 5 1.2259359
27 34 1.2321614
27 20 2.1045573
27 2 1.6014204
27 14 5.930921
27 37 1.3184503
27 7 1939.4318
27 16 1.3808432
27 25 0.2705303
28 36 0.030525729
28 26 0.08645146
28 10 0.36230016
28 12 70.66341
28 3 16.791735
28 9 0.9594602
28 19 1384.8295
29 0 18.632868
29 30 1.3149588
29 8 0.716049
29 18 1.1506605
29 13 0.8773554
29 33 28.814121
29 11 1.5755162
29 5 3.5498695
29 34 2.4238498
29 20 9.642568
29 2 1.6065544
29 37 0.9168636
29 7 2000.0
29 27 0.6821788
29 16 2000.0
29 23 1.3479404
29 25 2.8954713
30 8 0.40498203
30 18 0.703654
30 13 62.055508
30 33 9.570091
30 11 1.2186847
30 29 1.3149588
30 5 0.61366993
30 34 1.1191323
30 20 1.5988826
30 2 14.851674
30 14 15.182453
30 37 13.788035
30 7 1.2064236
30 27 0.19381127
30 16 1.1217127
30 23 2.2879777
30 25 20.319128
31 26 0.21304114
31 6 0.19245692
31 10 16.136868
31 22 2000.0
31 9 0.029869458
31 4 0.06702703
31 17 1.0027449
31 19 0.109204486
32 26 50.14042
32 24 0.2413546
32 12 3.1251194
32 15 0.069299564
33 30 9.570091
33 13 1.4139975
33 11 2.9578025
33 29 28.814121
33 5 2000.0
33 34 2000.0
33 20 3.7860389
33 2 2.2240098
33 14 0.5227066
33 7 2000.0
33 27 0.9179857
33 16 3017.898
33 25 1.6986921
34 30 1.1191323
34 20 1.0482687
34 8 35.51151
34 37 2000.0
34 13 300.0
34 7 2000.0
34 27 1.2321614
34 16 76.76689
34 11 2.635638
34 29 2.4238498
34 25 1.3021326
34 5 2.350746
35 21 0.059416916
35 31 1065.5114
36 28 0.030525729
36 3 0.64394885
36 9 0.70166457
37 30 13.788035
37 0 1.1599803
37 8 1.116807
37 18 1.8425804
37 13 1.3487786
37 11 1.7735443
37 29 0.9168636
37 5 10.500387
37 20 5.773289
37 2 0.9062439
37 7 183.29926
37 27 1.3184503
37 16 2000.0
37 23 1.663389
37 25 47.61866
