0 8 5.6587534
0 2 0.89776856
0 37 0.8881095
0 13 0.64605635
0 11 52.34608
0 29 10.83326
0 25 800.0
1 3 0.3392962
1 12 1314.6592
2 30 21.447586
2 0 0.89776856
2 8 1.2677674
2 18 8.117452
2 13 0.5473186
2 33 2.7499607
2 11 0.913801
2 29 1.8017664
2 20 1.785117
2 37 1.2195886
2 27 1.6099644
2 16 2000.0
2 23 18.256752
2 25 1.6011959
3 36 0.20534398
3 28 0.13118912
3 24 257.14285
3 12 0.06011175
3 1 0.3392962
3 9 0.31330895
4 31 0.07159091
4 9 0.07369318
4 17 0.08284469
4 19 0.10057658
5 34 6.540246
5 30 0.84433144
5 20 1.3927804
5 8 1.0793628
5 18 0.32630014
5 7 8.3466425
5 13 2000.0
5 27 2.9763052
5 16 1.4521291
5 23 3.622539
5 11 3.8737292
5 29 3.090957
6 31 2.2541637
6 17 1.4393321
7 34 26.835865
7 30 1.098419
7 20 1.9556072
7 8 40.081127
7 37 46.760376
7 27 198.87053
7 16 1.0812001
7 11 6.6500072
7 23 1.1121247
7 25 6.5954013
7 5 8.3466425
8 0 5.6587534
8 30 0.73717993
8 18 1.0660739
8 13 2.7370954
8 11 1.5540603
8 29 0.6398414
8 5 1.0793628
8 34 8.788943
8 2 1.2677674
8 37 1.2394923
8 7 40.081127
8 27 1.7763004
8 16 1.427994
8 23 1.1453091
9 36 1.281159
9 26 2000.0
9 28 3.0632129
9 10 2.464309
9 22 0.14265417
9 31 0.031119598
9 3 0.31330895
9 17 0.041840535
9 4 0.07369318
9 19 0.0706195
10 26 0.034961276
10 28 0.16907026
10 24 0.06771578
10 31 0.030540163
10 12 5.138565
10 9 2.464309
10 17 0.03102172
11 0 52.34608
11 30 0.63142484
11 8 1.5540603
11 18 5.9860463
11 13 0.57449174
11 33 2.2074814
11 29 0.6751176
11 5 3.8737292
11 34 2.8543177
11 20 1.7474703
11 2 0.913801
11 37 1.5766625
11 7 6.6500072
11 27 0.64831513
11 16 0.9747408
11 25 1.0491782
12 26 1.8359495
12 28 4.964642
12 32 0.26195222
12 10 5.138565
12 24 0.08644656
12 21 0.07036194
12 3 0.06011175
13 30 1.32411
13 0 0.64605635
13 8 2.7370954
13 18 381.5796
13 33 0.9378458
13 11 0.57449174
13 29 1.0293841
13 34 6.726461
13 20 0.59199834
13 2 0.5473186
13 14 2.2764618
13 37 2.421542
13 27 0.24695094
13 16 45.04066
13 25 0.59714335
14 20 1.2363302
14 13 2.2764618
14 33 0.44441146
14 27 4.2418494
14 11 2000.0
14 25 2.1561167
15 32 0.08017779
15 21 2.7930624
16 30 1.1392336
16 0 2000.0
16 8 1.427994
16 18 0.9762813
16 13 45.04066
16 11 0.9747408
16 29 47.361183
16 5 1.4521291
16 20 9.057142
16 37 21.100323
16 7 1.0812001
16 27 1.4416192
16 23 9.149286
16 25 1.6659882
17 26 1.6867304
17 6 1.4393321
17 10 0.03102172
17 24 0.20000547
17 31 1.2296224
17 9 0.041840535
17 4 0.08284469
17 19 4.3271527
18 30 0.6754457
18 2 8.117452
18 8 1.0660739
18 37 1.6240839
18 13 381.5796
18 7 2000.0
18 27 4.0609307
18 16 0.9762813
18 23 1.3336091
18 11 5.9860463
18 29 0.9020987
18 5 0.32630014
19 31 0.06861253
19 9 0.0706195
19 17 4.3271527
19 4 0.10057658
20 30 10.639479
20 13 0.59199834
20 33 0.98612064
20 11 1.7474703
20 29 5.6675434
20 5 1.3927804
20 34 0.9762696
20 2 1.785117
20 14 1.2363302
20 37 1.9388876
20 7 1.9556072
20 27 0.277535
20 16 9.057142
20 25 0.530006
21 24 0.13953409
21 35 0.072224855
21 12 0.07036194
21 15 2.7930624
22 6 1636.534
22 31 1290.3977
22 9 0.14265417
22 19 1466.6477
23 0 2000.0
23 30 1.1254671
23 2 18.256752
23 8 1.1453091
23 37 2.896407
23 18 1.3336091
23 7 1.1121247
23 16 9.149286
23 11 2000.0
23 29 2.8751762
23 5 3.622539
24 26 0.062407237
24 32 0.101918586
24 10 0.06771578
24 21 0.13953409
24 31 12.788716
24 12 0.08644656
24 3 257.14285
24 15 2000.0
24 17 0.20000547
25 0 800.0
25 30 0.58988845
25 13 0.59714335
25 33 0.69172513
25 11 1.0491782
25 29 2.3342905
25 34 2.6218998
25 20 0.530006
25 2 1.6011959
25 14 2.1561167
25 37 13.243243
25 7 6.5954013
25 27 0.57495266
25 16 1.6659882
26 36 76.92308
26 32 24.272348
26 28 0.036863245
26 10 0.034961276
26 24 0.062407237
26 31 0.0608038
26 12 1.8359495
26 17 1.6867304
27 0 2000.0
27 30 0.20362535
27 8 1.7763004
27 18 4.0609307
27 13 0.24695094
27 33 0.7730689
27 11 0.64831513
27 29 0.4702951
27 5 2.9763052
27 34 1.1859694
27 20 0.277535
27 2 1.6099644
27 14 4.2418494
27 37 1.6107377
27 7 198.87053
27 16 1.4416192
27 25 0.57495266
28 36 0.03271237
28 26 0.036863245
28 10 0.16907026
28 3 0.13118912
28 12 4.964642
28 9 3.0632129
29 30 2.655778
29 0 10.83326
29 8 0.6398414
29 18 0.9020987
29 13 1.0293841
29 11 0.6751176
29 5 3.090957
29 34 8.252973
29 20 5.6675434
29 2 1.8017664
29 37 0.99922615
29 7 2000.0
29 27 0.4702951
29 16 47.361183
29 23 2.8751762
29 25 2.3342905
30 0 2000.0
30 8 0.73717993
30 18 0.6754457
30 13 1.32411
30 33 2.6763997
30 11 0.63142484
30 29 2.655778
30 5 0.84433144
30 34 2.775769
30 20 10.639479
30 2 21.447586
30 14 2000.0
30 37 2.672232
30 7 1.098419
30 27 0.20362535
30 16 1.1392336
30 23 1.1254671
30 25 0.58988845
31 26 0.0608038
31 6 2.2541637
31 10 0.030540163
31 24 12.788716
31 9 0.031119598
31 17 1.2296224
31 4 0.07159091
31 19 0.06861253
32 26 24.272348
32 24 0.101918586
32 12 0.26195222
32 15 0.08017779
33 30 2.6763997
33 8 2000.0
33 13 0.9378458
33 11 2.2074814
33 29 3275.3408
33 5 2000.0
33 34 2000.0
33 20 0.98612064
33 2 2.7499607
33 14 0.44441146
33 7 2000.0
33 27 0.7730689
33 16 1998.8635
33 25 0.69172513
34 30 2.775769
34 20 0.9762696
34 8 8.788943
34 7 26.835865
34 13 6.726461
34 27 1.1859694
34 16 5535.0566
34 11 2.8543177
34 25 2.6218998
34 29 8.252973
34 5 6.540246
35 21 0.072224855
36 26 76.92308
36 28 0.03271237
36 3 0.20534398
36 9 1.281159
37 30 2.672232
37 0 0.8881095
37 8 1.2394923
37 18 1.6240839
37 13 2.421542
37 11 1.5766625
37 29 0.99922615
37 20 1.9388876
37 2 1.2195886
37 7 46.760376
37 27 1.6107377
37 16 21.100323
37 23 2.896407
37 25 13.243243
