0 2 2.3568695
0 37 1.6389464
0 13 1.492292
0 29 40.21706
0 25 53.041626
1 3 1.3617905
1 12 73.231255
2 30 20.279526
2 0 2.3568695
2 8 1.167408
2 18 2.8970146
2 13 0.48292565
2 33 1.9264989
2 11 1.4155046
2 29 1.1101637
2 20 2.2044132
2 37 0.77451706
2 27 0.86835337
2 16 2000.0
2 23 6.9044385
2 25 0.451555
3 36 0.6774517
3 28 7.7724023
3 24 450.00003
3 12 0.06642229
3 1 1.3617905
3 9 1.034765
4 31 0.0534169
4 9 0.08064488
4 17 0.21041726
4 19 0.06644358
5 30 0.8636624
5 8 1.1148498
5 18 0.7667569
5 13 30.956476
5 11 5.4232554
5 29 5.5922394
5 34 6.0462656
5 20 4.147838
5 37 26.688477
5 7 7.9627333
5 27 2.8327596
5 16 2.3373015
5 23 3.59138
5 25 2000.0
6 31 0.11275254
6 17 3.387885
7 30 0.87521863
7 20 84.74608
7 8 4.9366884
7 16 1.283979
7 23 1.8510481
7 11 77.61452
7 25 2.0245388
7 5 7.9627333
8 0 2000.0
8 30 0.6229252
8 18 1.257835
8 13 3.2642996
8 11 1.2442592
8 29 1.0077325
8 5 1.1148498
8 34 48.655296
8 2 1.167408
8 37 1.6746215
8 7 4.9366884
8 27 1.3414266
8 16 2.0367763
8 23 1.3459741
8 25 2000.0
9 36 0.8926871
9 26 2000.0
9 28 1.4876033
9 10 55.327473
9 22 0.049801003
9 31 0.028862936
9 3 1.034765
9 12 2000.0
9 4 0.08064488
9 17 0.03312212
9 19 0.060240492
10 26 0.028617555
10 28 0.78075516
10 24 0.07943679
10 31 11.396834
10 12 1506.3636
10 9 55.327473
10 17 0.029591274
11 0 2000.0
11 30 0.95602554
11 8 1.2442592
11 18 10.830075
11 13 1.2988669
11 33 1.7465582
11 29 1.4251585
11 5 5.4232554
11 34 2.1909423
11 20 2.2726655
11 2 1.4155046
11 37 1.3496647
11 7 77.61452
11 27 0.66578233
11 16 1.1571763
11 25 0.9500135
12 26 0.52870613
12 32 2.389889
12 24 0.07741183
12 21 0.20295925
12 3 0.06642229
12 1 73.231255
13 30 74.180756
13 0 1.492292
13 8 3.2642996
13 18 146.2354
13 33 1.0736511
13 11 1.2988669
13 29 0.9484126
13 5 30.956476
13 34 100.0
13 20 1.013351
13 2 0.48292565
13 14 10.80718
13 37 1.0943793
13 7 2000.0
13 27 0.3804297
13 16 118.51852
13 25 0.25612998
14 34 2000.0
14 30 13.64681
14 20 4.6856785
14 13 10.80718
14 27 11.49181
14 33 0.40689886
14 25 2.1274052
15 32 0.066757046
15 21 10.051056
16 34 24.052238
16 30 1.1594633
16 20 34.467705
16 8 2.0367763
16 18 1.8086244
16 13 118.51852
16 7 1.283979
16 27 1.360064
16 11 1.1571763
16 23 3.4804435
16 25 1.2435911
16 5 2.3373015
17 6 3.387885
17 26 1.5842723
17 10 0.029591274
17 24 0.11878163
17 31 0.9517956
17 9 0.03312212
17 4 0.21041726
17 19 80.0
18 0 2000.0
18 30 0.67065054
18 8 1.257835
18 13 146.2354
18 11 10.830075
18 29 1.5027851
18 5 0.7667569
18 2 2.8970146
18 37 2.1023543
18 7 2000.0
18 27 12.438015
18 16 1.8086244
18 23 1.4115809
19 31 0.0880475
19 9 0.060240492
19 4 0.06644358
19 17 80.0
20 30 2.557051
20 13 1.013351
20 33 1.2339542
20 11 2.2726655
20 29 6.9025354
20 5 4.147838
20 34 1.4368912
20 2 2.2044132
20 14 4.6856785
20 37 12.05827
20 7 84.74608
20 27 1.4831114
20 16 34.467705
20 25 0.40309078
21 26 2000.0
21 32 2000.0
21 24 1.0783502
21 35 0.046962887
21 31 2000.0
21 12 0.20295925
21 15 10.051056
22 31 65.454544
22 9 0.049801003
22 19 2000.0
23 0 2000.0
23 30 4.203951
23 8 1.3459741
23 2 6.9044385
23 37 4.0580235
23 18 1.4115809
23 7 1.8510481
23 16 3.4804435
23 11 2000.0
23 29 0.7821414
23 5 3.59138
24 26 0.041774157
24 32 0.32293713
24 10 0.07943679
24 21 1.0783502
24 12 0.07741183
24 3 450.00003
24 15 2000.0
24 17 0.11878163
25 0 53.041626
25 30 21.677818
25 13 0.25612998
25 33 0.7834023
25 11 0.9500135
25 29 2.039465
25 34 1.5675541
25 20 0.40309078
25 2 0.451555
25 14 2.1274052
25 37 71.56149
25 7 2.0245388
25 27 0.22769722
25 16 1.2435911
26 32 1204.2046
26 28 0.04714592
26 10 0.028617555
26 24 0.041774157
26 31 0.11478101
26 12 0.52870613
26 17 1.5842723
27 30 0.16804595
27 0 2000.0
27 8 1.3414266
27 18 12.438015
27 13 0.3804297
27 33 0.7465561
27 11 0.66578233
27 29 0.74066424
27 5 2.8327596
27 34 1.5765315
27 20 1.4831114
27 2 0.86835337
27 14 11.49181
27 37 0.8979086
27 7 2000.0
27 16 1.360064
27 25 0.22769722
28 36 0.036792103
28 26 0.04714592
28 10 0.78075516
28 3 7.7724023
28 12 1211.1364
28 9 1.4876033
28 19 1372.6136
29 0 40.21706
29 30 1.6212869
29 8 1.0077325
29 18 1.5027851
29 13 0.9484126
29 33 14.07476
29 11 1.4251585
29 5 5.5922394
29 34 4.7414083
29 20 6.9025354
29 2 1.1101637
29 37 0.93399096
29 7 2000.0
29 27 0.74066424
29 16 1622.1875
29 23 0.7821414
29 25 2.039465
30 8 0.6229252
30 18 0.67065054
30 13 74.180756
30 33 8.083291
30 11 0.95602554
30 29 1.6212869
30 5 0.8636624
30 34 0.917921
30 20 2.557051
30 2 20.279526
30 14 13.64681
30 37 27.58724
30 7 0.87521863
30 27 0.16804595
30 16 1.1594633
30 23 4.203951
30 25 21.677818
31 26 0.11478101
31 6 0.11275254
31 10 11.396834
31 35 160.0
31 22 65.454544
31 9 0.028862936
31 4 0.0534169
31 17 0.9517956
31 19 0.0880475
32 24 0.32293713
32 12 2.389889
32 15 0.066757046
33 30 8.083291
33 8 2000.0
33 13 1.0736511
33 11 1.7465582
33 29 14.07476
33 5 2000.0
33 34 2000.0
33 20 1.2339542
33 2 1.9264989
33 14 0.40689886
33 7 2000.0
33 27 0.7465561
33 16 3017.898
33 25 0.7834023
34 30 0.917921
34 20 1.4368912
34 8 48.655296
34 37 2000.0
34 7 2000.0
34 13 100.0
34 27 1.5765315
34 16 24.052238
34 11 2.1909423
34 29 4.7414083
34 25 1.5675541
34 5 6.0462656
35 21 0.046962887
35 31 160.0
36 28 0.036792103
36 3 0.6774517
36 9 0.8926871
37 30 27.58724
37 0 1.6389464
37 8 1.6746215
37 18 2.1023543
37 13 1.0943793
37 11 1.3496647
37 29 0.93399096
37 5 26.688477
37 20 12.05827
37 2 0.77451706
37 7 1691.9886
37 27 0.8979086
37 16 2000.0
37 23 4.0580235
37 25 71.56149
