0 2 1.2943957
0 37 1.9316528
0 13 0.6772523
0 29 35.841328
0 25 5.2465963
1 3 0.5469544
1 12 35.15152
2 30 34.399952
2 0 1.2943957
2 8 1.878633
2 18 2.1649275
2 13 0.47869313
2 33 1.9514031
2 11 1.1902039
2 29 1.3611487
2 20 2.9748366
2 37 0.8492252
2 27 0.8970328
2 16 2000.0
2 23 5.386504
2 25 0.6969121
3 36 0.65902424
3 28 22.942005
3 24 2000.0
3 12 0.08053778
3 1 0.5469544
3 9 0.51328284
4 31 0.09350828
4 9 0.08232477
4 17 0.16260892
4 19 0.06445312
5 30 0.60520756
5 8 0.482516
5 18 0.6608743
5 13 18.644972
5 11 1.3604798
5 29 3.061181
5 34 4.182171
5 20 3.5588903
5 37 9.573623
5 7 8.719869
5 27 1.2651867
5 16 2.0826416
5 23 2.547698
5 25 2000.0
6 31 0.24338701
6 17 2.7132418
7 34 2000.0
7 30 1.4137787
7 20 72.39659
7 8 4.3213387
7 37 342.2665
7 16 1.2018243
7 11 72.515526
7 23 1.241518
7 25 3.5187335
7 5 8.719869
8 0 2000.0
8 30 0.4074901
8 18 1.1591004
8 13 0.917841
8 11 0.9451679
8 29 0.4877805
8 5 0.482516
8 34 155.62024
8 2 1.878633
8 37 1.0001692
8 7 4.3213387
8 27 1.0391234
8 16 1.6287775
8 23 0.8150026
8 25 2000.0
9 36 0.55819935
9 26 2000.0
9 28 2.5820196
9 10 28.498228
9 22 0.054933377
9 31 0.028760878
9 3 0.51328284
9 12 2000.0
9 4 0.08232477
9 17 0.039805785
9 19 0.06503106
10 26 0.029304482
10 28 0.23695143
10 24 0.080923595
10 31 2.7405305
10 12 1481.7614
10 9 28.498228
10 17 0.029230917
11 0 2000.0
11 30 0.73678976
11 8 0.9451679
11 18 8.121143
11 13 1.0871973
11 33 1.7628917
11 29 0.83570546
11 5 1.3604798
11 34 3.1863565
11 20 1.2194324
11 2 1.1902039
11 37 1.3776209
11 7 72.515526
11 27 0.8120995
11 16 1.1893144
11 25 0.7727725
12 26 0.49336192
12 32 3.8184416
12 24 0.081626125
12 21 0.10545642
12 3 0.08053778
12 1 35.15152
13 30 202.8166
13 0 0.6772523
13 8 0.917841
13 33 1.1940365
13 11 1.0871973
13 29 0.83959395
13 5 18.644972
13 34 200.0
13 20 1.4323367
13 2 0.47869313
13 14 3.9766293
13 37 0.9963093
13 7 2000.0
13 27 0.3027212
13 16 36.024025
13 25 0.37463817
14 30 9.535981
14 20 2.6691701
14 13 3.9766293
14 27 1.7097784
14 33 0.57111293
14 11 2000.0
14 25 1.6613361
15 32 0.06781826
15 21 4.6036096
16 30 1.2813743
16 8 1.6287775
16 18 1.2120062
16 13 36.024025
16 11 1.1893144
16 29 800.0
16 5 2.0826416
16 34 233.34299
16 20 22.821257
16 7 1.2018243
16 27 1.6508915
16 23 2.614319
16 25 0.90244573
17 6 2.7132418
17 26 1.5961378
17 10 0.029230917
17 24 0.13713841
17 31 1.1155095
17 9 0.039805785
17 4 0.16260892
17 19 55.722076
18 0 2000.0
18 30 0.6586342
18 8 1.1591004
18 2 2.1649275
18 37 2.93902
18 13 2218.068
18 27 21.383583
18 16 1.2120062
18 11 8.121143
18 23 1.3223969
18 29 1.0692782
18 5 0.6608743
19 28 158.57222
19 31 0.071792156
19 9 0.06503106
19 4 0.06445312
19 17 55.722076
20 0 2000.0
20 30 3.035166
20 13 1.4323367
20 33 1.1583707
20 11 1.2194324
20 29 11.741806
20 5 3.5588903
20 34 1.5607656
20 2 2.9748366
20 14 2.6691701
20 37 2.2098696
20 7 72.39659
20 27 1.3385602
20 16 22.821257
20 25 0.48484027
21 32 2000.0
21 24 1.1096592
21 35 0.04664366
21 12 0.10545642
21 15 4.6036096
22 31 43.602634
22 9 0.054933377
22 19 2000.0
23 0 2000.0
23 30 2.12983
23 8 0.8150026
23 2 5.386504
23 37 1.3571534
23 18 1.3223969
23 7 1.241518
23 16 2.614319
23 11 2000.0
23 29 0.79611176
23 5 2.547698
24 26 0.041750003
24 32 0.19048528
24 10 0.080923595
24 21 1.1096592
24 12 0.081626125
24 17 0.13713841
25 30 15.072231
25 0 5.2465963
25 13 0.37463817
25 33 0.49634874
25 11 0.7727725
25 29 2.99962
25 34 5.3172135
25 20 0.48484027
25 2 0.6969121
25 14 1.6613361
25 37 22.06166
25 7 3.5187335
25 27 0.25960538
25 16 0.90244573
26 32 1198.2955
26 28 0.05934981
26 10 0.029304482
26 24 0.041750003
26 31 0.15450834
26 12 0.49336192
26 17 1.5961378
27 30 0.21644199
27 0 2000.0
27 8 1.0391234
27 18 21.383583
27 13 0.3027212
27 33 1.0941794
27 11 0.8120995
27 29 0.79735845
27 5 1.2651867
27 34 2.9756203
27 20 1.3385602
27 2 0.8970328
27 14 1.7097784
27 37 0.9797422
27 7 2000.0
27 16 1.6508915
27 25 0.25960538
28 36 0.029475747
28 26 0.05934981
28 10 0.23695143
28 3 22.942005
28 12 1205.3977
28 9 2.5820196
28 19 158.57222
29 0 35.841328
29 30 0.871789
29 8 0.4877805
29 18 1.0692782
29 13 0.83959395
29 33 20.605886
29 11 0.83570546
29 5 3.061181
29 34 4.671601
29 20 11.741806
29 2 1.3611487
29 37 0.7756198
29 7 2000.0
29 27 0.79735845
29 16 800.0
29 23 0.79611176
29 25 2.99962
30 8 0.4074901
30 18 0.6586342
30 13 202.8166
30 33 8.156083
30 11 0.73678976
30 29 0.871789
30 5 0.60520756
30 34 0.97677714
30 20 3.035166
30 2 34.399952
30 14 9.535981
30 37 10.043307
30 7 1.4137787
30 27 0.21644199
30 16 1.2813743
30 23 2.12983
30 25 15.072231
31 26 0.15450834
31 6 0.24338701
31 10 2.7405305
31 35 67.66386
31 22 43.602634
31 9 0.028760878
31 4 0.09350828
31 17 1.1155095
31 19 0.071792156
32 24 0.19048528
32 12 3.8184416
32 15 0.06781826
33 30 8.156083
33 8 2000.0
33 13 1.1940365
33 11 1.7628917
33 29 20.605886
33 5 2000.0
33 34 2000.0
33 20 1.1583707
33 2 1.9514031
33 14 0.57111293
33 7 2000.0
33 27 1.0941794
33 16 3017.898
33 25 0.49634874
34 30 0.97677714
34 20 1.5607656
34 8 155.62024
34 37 2000.0
34 7 2000.0
34 13 200.0
34 27 2.9756203
34 16 233.34299
34 11 3.1863565
34 29 4.671601
34 25 5.3172135
34 5 4.182171
35 21 0.04664366
35 31 67.66386
36 28 0.029475747
36 3 0.65902424
36 9 0.55819935
37 30 10.043307
37 0 1.9316528
37 8 1.0001692
37 18 2.93902
37 13 0.9963093
37 11 1.3776209
37 29 0.7756198
37 5 9.573623
37 20 2.2098696
37 2 0.8492252
37 7 342.2665
37 27 0.9797422
37 16 2000.0
37 23 1.3571534
37 25 22.06166
