0 8 10.318489
0 2 1.2244067
0 37 0.87108517
0 13 0.43193182
0 11 166.5019
0 29 25.826319
1 3 0.28087118
1 12 1202.159
2 30 12.628789
2 0 1.2244067
2 8 1.3289818
2 18 5.7534094
2 13 0.6247777
2 33 1.430413
2 11 0.9161126
2 29 0.67111903
2 20 1.908154
2 37 1.060483
2 27 0.5637655
2 16 2000.0
2 23 125.08025
2 25 1.1950178
3 36 0.33418304
3 28 0.13035451
3 24 2000.0
3 12 0.076482214
3 1 0.28087118
3 9 0.22394203
4 31 0.07972874
4 9 0.104536146
4 17 0.09517527
4 19 0.091807775
5 30 0.6241569
5 8 0.63861865
5 18 0.33607736
5 13 2000.0
5 11 3.6658716
5 29 3.5740492
5 34 2.2088068
5 20 4.1618195
5 37 2000.0
5 7 6.2740235
5 27 4.832128
5 16 1.3641415
5 23 4.9112406
6 22 196.99846
6 31 0.94206274
6 17 1.339332
7 34 6.489431
7 30 0.98998666
7 20 1.5016645
7 8 22.94567
7 37 12.974447
7 27 2000.0
7 16 1.2359776
7 11 9.434211
7 23 1.0990231
7 25 4.4180293
7 5 6.2740235
8 0 10.318489
8 30 0.6083615
8 18 0.75541896
8 13 1.8727553
8 11 4.3763914
8 29 4.469485
8 5 0.63861865
8 34 2.000898
8 2 1.3289818
8 37 1.1140856
8 7 22.94567
8 27 1.0098189
8 16 1.8168541
8 23 0.8730851
9 36 0.4313275
9 26 2000.0
9 28 3.3601532
9 10 3.7115605
9 22 0.21116683
9 31 0.028388398
9 3 0.22394203
9 12 2000.0
9 17 0.044119317
9 4 0.104536146
9 19 0.07767356
10 26 0.03447634
10 28 0.14609802
10 24 0.043102644
10 31 0.050534867
10 12 24.031971
10 9 3.7115605
10 17 0.032861404
11 0 166.5019
11 30 0.4741792
11 8 4.3763914
11 18 6.543863
11 13 0.85570663
11 33 1.8006971
11 29 0.77607125
11 5 3.6658716
11 34 2.5685613
11 20 1.062492
11 2 0.9161126
11 37 1.4630257
11 7 9.434211
11 27 0.38719335
11 16 1.3262856
11 25 0.86343145
12 26 0.6214834
12 28 5.1417866
12 32 0.29766175
12 10 24.031971
12 24 0.07000641
12 21 0.07681007
12 3 0.076482214
13 30 1.2084736
13 0 0.43193182
13 8 1.8727553
13 18 163.33334
13 33 0.7136718
13 11 0.85570663
13 29 1.2080104
13 5 2000.0
13 34 9.968935
13 20 0.6837134
13 2 0.6247777
13 14 2.558533
13 37 1.7097181
13 27 0.27860245
13 16 237.48929
13 25 0.7549479
14 20 2.6059458
14 13 2.558533
14 33 0.46150252
14 27 3.3087661
14 11 2000.0
14 25 1.9199615
15 32 0.06997561
15 21 1.4052601
16 0 2000.0
16 30 1.1213826
16 8 1.8168541
16 18 0.9484577
16 13 237.48929
16 11 1.3262856
16 29 8.777493
16 5 1.3641415
16 20 15.00594
16 37 19.994051
16 7 1.2359776
16 27 1.4003906
16 23 10.526748
16 25 1.3721592
17 26 1.8532711
17 6 1.339332
17 10 0.032861404
17 24 0.12991141
17 31 1.2042013
17 9 0.044119317
17 4 0.09517527
17 19 1.7562325
18 30 0.6359551
18 2 5.7534094
18 8 0.75541896
18 37 1.4209886
18 13 163.33334
18 7 2000.0
18 27 2.7727695
18 16 0.9484577
18 23 1.550371
18 11 6.543863
18 29 0.8805252
18 5 0.33607736
19 31 0.08904077
19 9 0.07767356
19 17 1.7562325
19 4 0.091807775
20 30 14.948864
20 13 0.6837134
20 33 1.8277916
20 11 1.062492
20 29 3.4827824
20 5 4.1618195
20 34 0.80345726
20 2 1.908154
20 14 2.6059458
20 37 3.8106246
20 7 1.5016645
20 27 0.5695805
20 16 15.00594
20 25 0.76753783
21 32 2000.0
21 24 0.61097676
21 35 0.04352738
21 12 0.07681007
21 15 1.4052601
22 6 196.99846
22 31 1244.1478
22 9 0.21116683
22 19 1329.4886
23 0 2000.0
23 30 1.5451349
23 2 125.08025
23 8 0.8730851
23 37 2.6961496
23 18 1.550371
23 7 1.0990231
23 16 10.526748
23 11 2000.0
23 29 4.0042353
23 5 4.9112406
24 26 0.0637854
24 32 0.10678475
24 10 0.043102644
24 21 0.61097676
24 31 10.278201
24 12 0.07000641
24 3 2000.0
24 15 2000.0
24 17 0.12991141
25 0 2000.0
25 30 3.4882724
25 13 0.7549479
25 33 0.36942065
25 11 0.86343145
25 29 2.6079218
25 34 1.2333974
25 20 0.76753783
25 2 1.1950178
25 14 1.9199615
25 37 19.108953
25 7 4.4180293
25 27 0.8192078
25 16 1.3721592
26 36 178.57144
26 32 57.29202
26 28 0.030341092
26 10 0.03447634
26 24 0.0637854
26 31 0.08874814
26 12 0.6214834
26 17 1.8532711
27 0 2000.0
27 30 0.24195312
27 8 1.0098189
27 18 2.7727695
27 13 0.27860245
27 33 0.80167574
27 11 0.38719335
27 29 0.5268195
27 5 4.832128
27 34 0.8515922
27 20 0.5695805
27 2 0.5637655
27 14 3.3087661
27 37 0.59606487
27 7 2000.0
27 16 1.4003906
27 25 0.8192078
28 36 0.030034617
28 26 0.030341092
28 10 0.14609802
28 3 0.13035451
28 12 5.1417866
28 9 3.3601532
29 0 25.826319
29 30 4.9900465
29 8 4.469485
29 18 0.8805252
29 13 1.2080104
29 11 0.77607125
29 5 3.5740492
29 34 4.270086
29 20 3.4827824
29 2 0.67111903
29 37 1.2169954
29 7 2000.0
29 27 0.5268195
29 16 8.777493
29 23 4.0042353
29 25 2.6079218
30 0 2000.0
30 8 0.6083615
30 18 0.6359551
30 13 1.2084736
30 33 1.9325128
30 11 0.4741792
30 29 4.9900465
30 5 0.6241569
30 34 1.0100957
30 20 14.948864
30 2 12.628789
30 37 4.444107
30 7 0.98998666
30 27 0.24195312
30 16 1.1213826
30 23 1.5451349
30 25 3.4882724
31 26 0.08874814
31 6 0.94206274
31 10 0.050534867
31 24 10.278201
31 9 0.028388398
31 17 1.2042013
31 4 0.07972874
31 19 0.08904077
32 26 57.29202
32 24 0.10678475
32 12 0.29766175
32 15 0.06997561
33 30 1.9325128
33 13 0.7136718
33 11 1.8006971
33 29 2000.0
33 5 2000.0
33 34 2000.0
33 20 1.8277916
33 2 1.430413
33 14 0.46150252
33 7 2000.0
33 27 0.80167574
33 16 2000.0
33 25 0.36942065
34 30 1.0100957
34 20 0.80345726
34 8 2.000898
34 13 9.968935
34 7 6.489431
34 27 0.8515922
34 16 1215.0568
34 11 2.5685613
34 25 1.2333974
34 29 4.270086
34 5 2.2088068
35 21 0.04352738
36 26 178.57144
36 28 0.030034617
36 3 0.33418304
36 9 0.4313275
37 30 4.444107
37 0 0.87108517
37 8 1.1140856
37 18 1.4209886
37 13 1.7097181
37 11 1.4630257
37 29 1.2169954
37 20 3.8106246
37 2 1.060483
37 7 12.974447
37 27 0.59606487
37 16 19.994051
37 23 2.6961496
37 25 19.108953
