0 8 12.4073
0 2 1.4010026
0 37 1.2141335
0 13 0.55181533
0 11 18.75
0 29 17.105171
1 3 1.5743402
1 12 73.35208
2 30 26.615139
2 0 1.4010026
2 8 1.3290986
2 18 7.959659
2 13 0.2713835
2 33 4.455386
2 11 0.93130916
2 29 0.7281918
2 20 2.777258
2 37 0.9330526
2 27 0.5511119
2 23 60.296936
2 25 2.681418
3 36 0.29268196
3 28 0.13420145
3 24 266.6667
3 12 0.06089949
3 1 1.5743402
3 9 0.18746075
4 31 0.06841093
4 9 0.08619869
4 17 0.08343517
4 19 0.08319282
5 30 0.6859229
5 8 0.40178642
5 18 0.6888617
5 13 2000.0
5 11 3.8628244
5 29 5.165322
5 34 3.9178312
5 20 0.85274345
5 37 2000.0
5 7 6.846747
5 27 2.6717067
5 16 1.6678203
5 23 4.334234
6 31 0.9885672
6 17 1.0612559
7 34 14.04405
7 30 0.8189428
7 20 3.3902767
7 8 13.136544
7 37 40.751514
7 27 114.28571
7 16 1.3013048
7 11 7.9441905
7 23 1.3833165
7 25 4.2808642
7 5 6.846747
8 0 12.4073
8 30 0.61145496
8 18 1.3318182
8 13 2.0509827
8 11 1.2317797
8 29 0.4755001
8 5 0.40178642
8 34 4.123884
8 2 1.3290986
8 37 1.533418
8 7 13.136544
8 27 1.3074615
8 16 2.2278414
8 23 0.7757176
9 36 0.91239095
9 28 4.6188087
9 10 4.6292257
9 22 0.45250311
9 31 0.029745294
9 3 0.18746075
9 17 0.043493405
9 4 0.08619869
9 19 0.0795755
10 26 0.0317022
10 28 0.2645672
10 24 0.049956292
10 31 0.049621213
10 12 1.727835
10 9 4.6292257
10 17 0.029448705
11 0 18.75
11 30 0.4345653
11 8 1.2317797
11 18 5.7477465
11 13 0.9653515
11 33 3.508602
11 29 0.88138884
11 5 3.8628244
11 34 2.801256
11 20 1.0582186
11 2 0.93130916
11 37 1.4103434
11 7 7.9441905
11 27 0.5141631
11 16 1.0224797
11 25 1.2525266
12 26 5.2348275
12 28 6.600854
12 32 0.42685172
12 10 1.727835
12 24 0.068749994
12 21 0.08541688
12 3 0.06089949
12 1 73.35208
13 30 1.004444
13 0 0.55181533
13 8 2.0509827
13 18 1200.0
13 33 1.711013
13 11 0.9653515
13 29 0.69728714
13 34 14.472411
13 20 0.70914245
13 2 0.2713835
13 14 2.6829202
13 37 1.8393677
13 7 2000.0
13 27 0.2357086
13 16 45.43926
13 25 0.59193677
14 20 1.292005
14 13 2.6829202
14 33 0.6162629
14 27 5.3423758
14 11 2000.0
14 25 2.8898392
15 32 0.083848126
15 21 4.3825397
16 30 1.1402351
16 0 2000.0
16 8 2.2278414
16 18 1.00572
16 13 45.43926
16 11 1.0224797
16 29 57.95651
16 5 1.6678203
16 20 7.965231
16 37 26.792742
16 7 1.3013048
16 27 1.60149
16 23 9.011043
16 25 1.208388
17 26 1.595734
17 6 1.0612559
17 10 0.029448705
17 24 0.31235343
17 31 1.2053796
17 9 0.043493405
17 4 0.08343517
17 19 3.4111247
18 30 0.76391566
18 2 7.959659
18 8 1.3318182
18 37 1.1992227
18 7 2000.0
18 13 1200.0
18 27 6.3805256
18 16 1.00572
18 23 1.2992125
18 11 5.7477465
18 29 1.0304352
18 5 0.6888617
19 22 1386.4772
19 31 0.070795454
19 9 0.0795755
19 17 3.4111247
19 4 0.08319282
20 30 29.159632
20 13 0.70914245
20 33 1.2492291
20 11 1.0582186
20 29 2.281753
20 5 0.85274345
20 34 0.9593302
20 2 2.777258
20 14 1.292005
20 37 7.8687205
20 7 3.3902767
20 27 1.0644746
20 16 7.965231
20 25 0.60533184
21 32 2000.0
21 24 0.12975913
21 35 0.03857273
21 12 0.08541688
21 15 4.3825397
22 6 1612.4432
22 31 1207.8978
22 9 0.45250311
22 19 1386.4772
23 0 2000.0
23 30 1.8413949
23 2 60.296936
23 8 0.7757176
23 37 3.3032572
23 18 1.2992125
23 7 1.3833165
23 16 9.011043
23 11 2000.0
23 29 4.118324
23 5 4.334234
24 26 0.05519216
24 32 0.15018862
24 10 0.049956292
24 21 0.12975913
24 31 9.069201
24 12 0.068749994
24 3 266.6667
24 15 2000.0
24 17 0.31235343
25 0 2000.0
25 30 3.4010572
25 13 0.59193677
25 33 0.46589413
25 11 1.2525266
25 29 5.2956953
25 34 1.7627261
25 20 0.60533184
25 2 2.681418
25 14 2.8898392
25 37 37.894737
25 7 4.2808642
25 27 0.5312966
25 16 1.208388
26 36 103.50853
26 32 114.941284
26 28 0.029877232
26 10 0.0317022
26 24 0.05519216
26 31 0.05052236
26 12 5.2348275
26 17 1.595734
27 0 2000.0
27 30 0.41274202
27 8 1.3074615
27 18 6.3805256
27 13 0.2357086
27 33 1.3104581
27 11 0.5141631
27 29 0.5605345
27 5 2.6717067
27 34 1.13129
27 20 1.0644746
27 2 0.5511119
27 14 5.3423758
27 37 2.2873597
27 7 114.28571
27 16 1.60149
27 25 0.5312966
28 36 0.03028585
28 26 0.029877232
28 10 0.2645672
28 3 0.13420145
28 12 6.600854
28 9 4.6188087
29 0 17.105171
29 30 4.0656967
29 8 0.4755001
29 18 1.0304352
29 13 0.69728714
29 11 0.88138884
29 5 5.165322
29 34 2.6443305
29 20 2.281753
29 2 0.7281918
29 37 0.8101653
29 7 2000.0
29 27 0.5605345
29 16 57.95651
29 23 4.118324
29 25 5.2956953
30 0 2000.0
30 8 0.61145496
30 18 0.76391566
30 13 1.004444
30 33 7.9729376
30 11 0.4345653
30 29 4.0656967
30 5 0.6859229
30 34 3.1196086
30 20 29.159632
30 2 26.615139
30 14 2000.0
30 37 6.00285
30 7 0.8189428
30 27 0.41274202
30 16 1.1402351
30 23 1.8413949
30 25 3.4010572
31 26 0.05052236
31 6 0.9885672
31 10 0.049621213
31 24 9.069201
31 9 0.029745294
31 17 1.2053796
31 4 0.06841093
31 19 0.070795454
32 26 114.941284
32 24 0.15018862
32 12 0.42685172
32 15 0.083848126
33 30 7.9729376
33 8 2000.0
33 13 1.711013
33 11 3.508602
33 29 1633.2386
33 5 2000.0
33 34 2000.0
33 20 1.2492291
33 2 4.455386
33 14 0.6162629
33 7 2000.0
33 27 1.3104581
33 16 2000.0
33 25 0.46589413
34 30 3.1196086
34 20 0.9593302
34 8 4.123884
34 7 14.04405
34 13 14.472411
34 27 1.13129
34 16 5535.0566
34 11 2.801256
34 25 1.7627261
34 29 2.6443305
34 5 3.9178312
35 21 0.03857273
36 26 103.50853
36 28 0.03028585
36 3 0.29268196
36 9 0.91239095
37 30 6.00285
37 0 1.2141335
37 8 1.533418
37 18 1.1992227
37 13 1.8393677
37 11 1.4103434
37 29 0.8101653
37 20 7.8687205
37 2 0.9330526
37 7 40.751514
37 27 2.2873597
37 16 26.792742
37 23 3.3032572
37 25 37.894737
