0 8 11.80215
0 2 1.3916018
0 37 1.5787199
0 13 0.60365474
0 11 128.57143
0 25 2000.0
0 29 12.776615
1 3 0.28162602
1 12 1202.159
2 0 1.3916018
2 30 33.883408
2 8 1.6466901
2 18 7.4832163
2 13 0.8439421
2 33 1.711006
2 11 2.79122
2 29 1.4503038
2 20 2.9631784
2 37 1.6368896
2 27 2.0724466
2 16 2000.0
2 23 28.504581
2 25 2.2380767
3 36 0.2965261
3 28 0.12918758
3 24 188.46155
3 12 0.06298927
3 1 0.28162602
3 9 0.24531178
4 31 0.066567324
4 9 0.06862158
4 17 0.06984085
4 19 0.07970171
5 34 1.94401
5 30 1.2156923
5 20 1.6585423
5 8 0.37570596
5 37 2000.0
5 18 0.3741532
5 7 10.805297
5 27 1.7896432
5 16 1.506986
5 23 3.9819021
5 11 9.257583
5 29 3.1809373
6 22 25.609577
6 31 1.3670822
6 17 1.1677039
7 34 13.852534
7 30 1.9292691
7 20 1.6797376
7 8 43.908875
7 37 10.897917
7 27 108.76055
7 16 1.9303814
7 11 12.269074
7 23 1.3507427
7 25 23.592957
7 5 10.805297
8 0 11.80215
8 30 0.5611036
8 18 1.1862992
8 13 2.4010317
8 11 0.9842885
8 29 0.678429
8 5 0.37570596
8 34 5.654272
8 2 1.6466901
8 37 1.476545
8 7 43.908875
8 27 1.9802549
8 16 1.8135719
8 23 0.9799783
9 36 1.1158895
9 28 2.3671372
9 10 5.0266337
9 22 0.13590941
9 31 0.029470367
9 3 0.24531178
9 12 2000.0
9 17 0.042315573
9 4 0.06862158
9 19 0.06807366
10 26 0.031809017
10 28 0.46617037
10 24 0.050804034
10 31 0.030874267
10 12 7.624447
10 9 5.0266337
10 17 0.028698796
11 0 128.57143
11 30 0.88035715
11 8 0.9842885
11 18 8.493851
11 13 1.5995842
11 33 2.7448437
11 29 2.4425654
11 5 9.257583
11 34 2.6264255
11 20 1.9465955
11 2 2.79122
11 37 1.555037
11 7 12.269074
11 27 1.0129141
11 16 1.5611515
11 25 1.5539969
12 26 1.0097377
12 28 7.2182393
12 32 0.38070193
12 10 7.624447
12 24 0.075074114
12 21 0.070601135
12 3 0.06298927
13 30 2.1828837
13 0 0.60365474
13 8 2.4010317
13 18 533.3334
13 33 0.83881676
13 11 1.5995842
13 29 0.7479861
13 34 12.026959
13 20 0.5980541
13 2 0.8439421
13 14 4.185665
13 37 3.665248
13 27 0.77740765
13 16 151.73434
13 25 0.9020058
14 20 1.5659593
14 13 4.185665
14 33 0.46087557
14 27 5.223609
14 11 2000.0
14 25 5.3845234
15 32 0.070164904
15 21 8.979389
16 30 1.0845968
16 0 2000.0
16 8 1.8135719
16 18 0.8294792
16 13 151.73434
16 11 1.5611515
16 29 106.16051
16 5 1.506986
16 20 12.054923
16 37 67.402115
16 7 1.9303814
16 27 2.0130384
16 23 16.499458
16 25 1.6458544
17 26 1.8502237
17 6 1.1677039
17 10 0.028698796
17 24 0.13117018
17 31 1.0735438
17 9 0.042315573
17 4 0.06984085
17 19 2.5883355
18 30 0.5808373
18 0 2000.0
18 8 1.1862992
18 13 533.3334
18 11 8.493851
18 29 0.98236173
18 5 0.3741532
18 2 7.4832163
18 37 1.34065
18 7 2000.0
18 27 3.1117089
18 16 0.8294792
18 23 1.2822969
19 31 0.06603566
19 9 0.06807366
19 17 2.5883355
19 4 0.07970171
20 0 2000.0
20 30 5.571074
20 13 0.5980541
20 33 1.2364683
20 11 1.9465955
20 29 1.7700698
20 5 1.6585423
20 34 1.1314836
20 2 2.9631784
20 14 1.5659593
20 37 1.7828171
20 7 1.6797376
20 27 0.3147006
20 16 12.054923
20 25 0.8116358
21 32 2000.0
21 24 0.063126676
21 35 0.045552306
21 12 0.070601135
21 15 8.979389
22 6 25.609577
22 31 1677.841
22 9 0.13590941
22 19 1386.4772
23 0 2000.0
23 30 3.351575
23 2 28.504581
23 8 0.9799783
23 37 2.4203424
23 18 1.2822969
23 7 1.3507427
23 16 16.499458
23 11 2000.0
23 29 6.3958244
23 5 3.9819021
24 26 0.06769013
24 32 0.104968
24 10 0.050804034
24 21 0.063126676
24 31 37.060604
24 12 0.075074114
24 3 188.46155
24 15 2000.0
24 17 0.13117018
25 0 2000.0
25 30 3.0147212
25 13 0.9020058
25 33 0.710823
25 11 1.5539969
25 29 2.111308
25 34 3.3733668
25 20 0.8116358
25 2 2.2380767
25 14 5.3845234
25 37 45.330162
25 7 23.592957
25 27 0.9431219
25 16 1.6458544
26 36 69.65029
26 32 43.533558
26 28 0.045006853
26 10 0.031809017
26 24 0.06769013
26 31 0.08339035
26 12 1.0097377
26 17 1.8502237
27 0 2000.0
27 30 1.8820088
27 8 1.9802549
27 18 3.1117089
27 13 0.77740765
27 33 1.2194953
27 11 1.0129141
27 29 0.58477414
27 5 1.7896432
27 34 1.5150445
27 20 0.3147006
27 2 2.0724466
27 14 5.223609
27 37 0.761699
27 7 108.76055
27 16 2.0130384
27 25 0.9431219
28 36 0.07681322
28 26 0.045006853
28 10 0.46617037
28 3 0.12918758
28 12 7.2182393
28 9 2.3671372
29 0 12.776615
29 30 3.109332
29 8 0.678429
29 18 0.98236173
29 13 0.7479861
29 11 2.4425654
29 5 3.1809373
29 34 4.10476
29 20 1.7700698
29 2 1.4503038
29 37 0.9897449
29 7 2000.0
29 27 0.58477414
29 16 106.16051
29 23 6.3958244
29 25 2.111308
30 0 2000.0
30 8 0.5611036
30 18 0.5808373
30 13 2.1828837
30 33 2.075266
30 11 0.88035715
30 29 3.109332
30 5 1.2156923
30 34 4.3083014
30 20 5.571074
30 2 33.883408
30 14 2000.0
30 37 4.894428
30 7 1.9292691
30 27 1.8820088
30 16 1.0845968
30 23 3.351575
30 25 3.0147212
31 26 0.08339035
31 6 1.3670822
31 10 0.030874267
31 24 37.060604
31 9 0.029470367
31 17 1.0735438
31 4 0.066567324
31 19 0.06603566
32 26 43.533558
32 24 0.104968
32 12 0.38070193
32 15 0.070164904
33 30 2.075266
33 8 2000.0
33 13 0.83881676
33 11 2.7448437
33 29 1436.875
33 5 2000.0
33 34 2000.0
33 20 1.2364683
33 2 1.711006
33 14 0.46087557
33 7 2000.0
33 27 1.2194953
33 16 1622.3296
33 25 0.710823
34 30 4.3083014
34 20 1.1314836
34 8 5.654272
34 7 13.852534
34 13 12.026959
34 27 1.5150445
34 16 5535.0566
34 11 2.6264255
34 25 3.3733668
34 29 4.10476
34 5 1.94401
35 21 0.045552306
36 26 69.65029
36 28 0.07681322
36 3 0.2965261
36 9 1.1158895
37 30 4.894428
37 0 1.5787199
37 8 1.476545
37 18 1.34065
37 13 3.665248
37 11 1.555037
37 29 0.9897449
37 20 1.7828171
37 2 1.6368896
37 7 10.897917
37 27 0.761699
37 16 67.402115
37 23 2.4203424
37 25 45.330162
