0 2 2.6337934
0 37 4.514823
0 13 0.99329144
0 25 20.87987
0 29 148.34927
1 3 0.85514253
1 12 14.302648
2 30 17.954374
2 0 2.6337934
2 8 1.5846977
2 18 4.8119016
2 13 0.58574677
2 33 2.0670402
2 11 3.8946197
2 29 1.218363
2 20 7.4485383
2 37 0.7981178
2 27 2.042081
2 16 2000.0
2 23 7.438474
2 25 0.48345935
3 36 0.5999054
3 28 56.646942
3 24 2000.0
3 12 0.05555556
3 1 0.85514253
3 9 1.0570265
4 31 0.0699495
4 9 0.084369875
4 17 0.13859949
4 19 0.06737013
5 30 1.4801323
5 8 1.21986
5 18 1.3707763
5 13 35.265816
5 11 5.758205
5 29 17.294853
5 34 4.0539904
5 20 2.636764
5 37 19.443842
5 7 44.05702
5 27 5.77967
5 16 3.394893
5 23 4.7426324
5 25 2000.0
6 31 0.20304914
6 17 3.613861
7 34 719.804
7 30 0.81206924
7 20 16962.387
7 8 29.195337
7 37 109.92918
7 16 1.4059669
7 23 1.5804573
7 11 49.959415
7 25 3.898315
7 5 44.05702
8 0 2000.0
8 30 0.6885401
8 18 1.193466
8 13 5.0686193
8 11 2.302273
8 29 1.853567
8 5 1.21986
8 34 28.14595
8 2 1.5846977
8 37 1.1390226
8 7 29.195337
8 27 6.962401
8 16 2.0098228
8 23 1.8762008
8 25 2000.0
9 36 0.5121789
9 26 2000.0
9 28 1.856606
9 10 9.108352
9 22 0.071982116
9 31 0.03395348
9 12 2000.0
9 3 1.0570265
9 4 0.084369875
9 17 0.03363624
9 19 0.081715725
10 26 0.030279618
10 28 0.27765697
10 24 0.08744715
10 31 0.62259555
10 12 44.506004
10 9 9.108352
10 17 0.03117424
11 0 2000.0
11 30 1.0601847
11 8 2.302273
11 18 7.115354
11 13 1.8907828
11 33 1.9126683
11 29 1.686196
11 5 5.758205
11 34 6.137356
11 20 2.339831
11 2 3.8946197
11 37 1.4198486
11 7 49.959415
11 27 2.0229576
11 16 1.1342735
11 25 0.5248311
12 26 0.4477014
12 32 4.4032745
12 10 44.506004
12 24 0.070426136
12 21 0.11161318
12 3 0.05555556
12 1 14.302648
13 30 90.25228
13 0 0.99329144
13 8 5.0686193
13 18 34.650703
13 33 1.2447002
13 11 1.8907828
13 29 0.9958435
13 5 35.265816
13 34 1575.2273
13 20 1.926204
13 2 0.58574677
13 14 3.5726166
13 37 1.3046377
13 7 2000.0
13 27 0.3092196
13 16 91.66766
13 25 0.3229471
14 30 14.042468
14 20 2.9999156
14 13 3.5726166
14 27 2.6530821
14 33 0.46265152
14 11 2000.0
14 25 2.784193
15 32 0.07597379
15 21 15.384616
16 0 2000.0
16 30 1.1017232
16 8 2.0098228
16 18 1.793377
16 13 91.66766
16 11 1.1342735
16 5 3.394893
16 34 23.69213
16 20 88.79349
16 7 1.4059669
16 27 1.5277362
16 23 1.8294891
16 25 1.2124336
17 6 3.613861
17 26 2.3744733
17 10 0.03117424
17 24 0.17754814
17 31 0.98276377
17 9 0.03363624
17 4 0.13859949
17 19 1311.9319
18 0 2000.0
18 30 0.62147105
18 8 1.193466
18 13 34.650703
18 11 7.115354
18 29 2.0672503
18 5 1.3707763
18 2 4.8119016
18 37 7.225799
18 7 2000.0
18 27 65.155525
18 16 1.793377
18 23 1.3400617
19 31 0.08396261
19 9 0.081715725
19 4 0.06737013
20 30 3.8715987
20 13 1.926204
20 33 0.96764463
20 11 2.339831
20 29 13.907487
20 5 2.636764
20 34 1.2041166
20 2 7.4485383
20 14 2.9999156
20 37 2.727221
20 7 16962.387
20 27 1.4272444
20 16 88.79349
20 25 0.5037365
21 26 2000.0
21 32 2000.0
21 10 2000.0
21 24 0.77745485
21 35 0.033928655
21 31 2000.0
21 12 0.11161318
21 15 15.384616
22 31 200.0
22 9 0.071982116
22 19 2000.0
23 0 2000.0
23 30 1.3705485
23 8 1.8762008
23 2 7.438474
23 37 0.3809963
23 18 1.3400617
23 7 1.5804573
23 16 1.8294891
23 11 2000.0
23 29 1.9268371
23 5 4.7426324
24 26 0.04111803
24 32 0.2422705
24 10 0.08744715
24 21 0.77745485
24 12 0.070426136
24 17 0.17754814
25 30 12.850833
25 0 20.87987
25 13 0.3229471
25 33 0.63119984
25 11 0.5248311
25 29 2.1481462
25 34 3.8380573
25 20 0.5037365
25 2 0.48345935
25 14 2.784193
25 37 51.637466
25 7 3.898315
25 27 0.34578058
25 16 1.2124336
26 32 48.90321
26 28 0.038879875
26 10 0.030279618
26 24 0.04111803
26 31 0.29918295
26 12 0.4477014
26 17 2.3744733
27 30 0.18233179
27 0 2000.0
27 8 6.962401
27 18 65.155525
27 13 0.3092196
27 33 0.823077
27 11 2.0229576
27 29 0.8241433
27 5 5.77967
27 34 1.060212
27 20 1.4272444
27 2 2.042081
27 14 2.6530821
27 37 0.930798
27 7 7259.886
27 16 1.5277362
27 25 0.34578058
28 36 0.03508038
28 26 0.038879875
28 10 0.27765697
28 3 56.646942
28 12 1180.8523
28 9 1.856606
28 19 1312.216
29 0 148.34927
29 30 3.1223192
29 8 1.853567
29 18 2.0672503
29 13 0.9958435
29 33 19.698582
29 11 1.686196
29 5 17.294853
29 34 2.8661616
29 20 13.907487
29 2 1.218363
29 37 1.1672919
29 7 2000.0
29 27 0.8241433
29 16 2000.0
29 23 1.9268371
29 25 2.1481462
30 8 0.6885401
30 18 0.62147105
30 13 90.25228
30 33 7.495389
30 11 1.0601847
30 29 3.1223192
30 5 1.4801323
30 34 0.89083683
30 20 3.8715987
30 2 17.954374
30 14 14.042468
30 37 13.894789
30 7 0.81206924
30 27 0.18233179
30 16 1.1017232
30 23 1.3705485
30 25 12.850833
31 26 0.29918295
31 6 0.20304914
31 10 0.62259555
31 35 20.451893
31 22 200.0
31 9 0.03395348
31 4 0.0699495
31 17 0.98276377
31 19 0.08396261
32 26 48.90321
32 24 0.2422705
32 12 4.4032745
32 15 0.07597379
33 30 7.495389
33 13 1.2447002
33 11 1.9126683
33 29 19.698582
33 5 2000.0
33 34 2000.0
33 20 0.96764463
33 2 2.0670402
33 14 0.46265152
33 7 2000.0
33 27 0.823077
33 16 3017.898
33 25 0.63119984
34 30 0.89083683
34 20 1.2041166
34 8 28.14595
34 37 2000.0
34 7 719.804
34 27 1.060212
34 16 23.69213
34 11 6.137356
34 29 2.8661616
34 25 3.8380573
34 5 4.0539904
35 21 0.033928655
35 31 20.451893
36 28 0.03508038
36 3 0.5999054
36 9 0.5121789
37 30 13.894789
37 0 4.514823
37 8 1.1390226
37 18 7.225799
37 13 1.3046377
37 11 1.4198486
37 29 1.1672919
37 5 19.443842
37 20 2.727221
37 2 0.7981178
37 7 109.92918
37 27 0.930798
37 16 2000.0
37 23 0.3809963
37 25 51.637466
