0 8 5.612121
0 2 1.2582408
0 37 0.70713246
0 13 0.6333792
0 11 200.0
0 29 13.6834
1 3 0.22134444
1 12 1202.159
2 30 10.528735
2 0 1.2582408
2 8 1.1722056
2 18 10.850379
2 13 0.6053558
2 33 2.1115909
2 11 2.122209
2 29 1.1830121
2 20 2.6538622
2 37 1.0460099
2 27 0.8415046
2 23 35.670845
2 25 1.6915504
3 36 0.3234624
3 28 0.073716335
3 24 400.0
3 12 0.05076063
3 1 0.22134444
3 9 0.7861641
4 31 0.08080096
4 9 0.08236802
4 17 0.10122934
4 19 0.084251545
5 30 0.70699763
5 8 0.94040024
5 18 0.36745784
5 13 228.57143
5 11 4.439519
5 29 3.644166
5 34 1.2049241
5 20 2.678371
5 37 2000.0
5 7 7.9095125
5 27 1.9687198
5 16 1.5797559
5 23 5.884171
6 31 0.65501875
6 17 1.0698617
7 34 8.598717
7 30 0.9019967
7 20 1.4388674
7 8 58.698425
7 37 7.989524
7 27 51.476643
7 16 0.9276027
7 11 10.820857
7 23 1.2592323
7 25 8.412299
7 5 7.9095125
8 0 5.612121
8 30 1.4165756
8 18 0.9459463
8 13 4.4336414
8 11 0.7738307
8 29 0.9480961
8 5 0.94040024
8 34 4.5762963
8 2 1.1722056
8 37 1.4354941
8 7 58.698425
8 27 2.2399325
8 16 1.2550175
8 23 0.9740509
9 36 1.4352851
9 26 2000.0
9 28 2.1840475
9 10 6.38549
9 22 0.37182245
9 31 0.037066642
9 3 0.7861641
9 17 0.043451466
9 4 0.08236802
9 19 0.07347731
10 26 0.045643892
10 28 0.21700177
10 24 0.036568247
10 31 0.03818574
10 12 8.21108
10 9 6.38549
10 17 0.03761556
11 0 200.0
11 30 0.59939003
11 8 0.7738307
11 18 7.654819
11 13 0.8613467
11 33 2.4137158
11 29 1.2510353
11 5 4.439519
11 34 2.9504166
11 20 0.8169897
11 2 2.122209
11 37 2.3933845
11 7 10.820857
11 27 0.63571167
11 16 0.6920465
11 25 1.0054114
12 26 2.2391593
12 28 4.723452
12 32 0.41706488
12 10 8.21108
12 24 0.08351484
12 21 0.2737445
12 3 0.05076063
13 30 0.9841919
13 0 0.6333792
13 8 4.4336414
13 18 104.69034
13 33 0.91987246
13 11 0.8613467
13 29 0.67495096
13 5 228.57143
13 34 14.232902
13 20 0.86728567
13 2 0.6053558
13 14 8.431985
13 37 1.4676322
13 27 1.6849122
13 16 4930.3975
13 25 0.6479933
14 34 2000.0
14 20 0.7313512
14 13 8.431985
14 27 3.1990194
14 33 0.49148962
14 11 2000.0
14 25 1.2103521
15 32 0.07334683
15 24 245.00002
15 21 0.5903593
16 0 2000.0
16 30 1.0830117
16 8 1.2550175
16 18 1.0541556
16 11 0.6920465
16 29 35.644302
16 5 1.5797559
16 20 10.320989
16 37 136.65909
16 7 0.9276027
16 27 1.2881292
16 23 7.9927335
16 25 1.1020309
17 26 1.7271283
17 6 1.0698617
17 10 0.03761556
17 24 0.21828105
17 31 1.1724323
17 9 0.043451466
17 4 0.10122934
17 19 2.9530036
18 30 0.69685173
18 2 10.850379
18 8 0.9459463
18 37 1.5627666
18 13 104.69034
18 7 2000.0
18 27 4.566799
18 16 1.0541556
18 23 1.3388184
18 11 7.654819
18 29 0.9475534
18 5 0.36745784
19 31 0.08044084
19 9 0.07347731
19 17 2.9530036
19 4 0.084251545
20 30 17.80844
20 13 0.86728567
20 33 1.6633234
20 11 0.8169897
20 29 7.337996
20 5 2.678371
20 34 0.8305785
20 2 2.6538622
20 14 0.7313512
20 37 3.062713
20 7 1.4388674
20 27 0.8600713
20 16 10.320989
20 25 0.3703475
21 26 2000.0
21 32 2000.0
21 10 2000.0
21 24 1.0928955
21 35 0.034778044
21 12 0.2737445
21 15 0.5903593
22 6 1146.591
22 31 1246.0796
22 9 0.37182245
22 19 1462.216
23 0 2000.0
23 30 2.3225424
23 2 35.670845
23 8 0.9740509
23 37 2.079778
23 18 1.3388184
23 7 1.2592323
23 16 7.9927335
23 11 2000.0
23 29 3.7046542
23 5 5.884171
24 26 0.047209818
24 32 0.2569413
24 10 0.036568247
24 21 1.0928955
24 31 4.501274
24 3 400.0
24 12 0.08351484
24 15 245.00002
24 17 0.21828105
25 30 2.2117157
25 13 0.6479933
25 33 0.5865558
25 11 1.0054114
25 29 2.4188242
25 34 0.8670587
25 20 0.3703475
25 2 1.6915504
25 14 1.2103521
25 37 36.432415
25 7 8.412299
25 27 0.61123043
25 16 1.1020309
26 36 167.48865
26 32 21.240147
26 28 0.116654254
26 10 0.045643892
26 24 0.047209818
26 31 0.07778172
26 12 2.2391593
26 17 1.7271283
27 0 2000.0
27 30 0.19163136
27 8 2.2399325
27 18 4.566799
27 13 1.6849122
27 33 0.8726577
27 11 0.63571167
27 29 0.9652584
27 5 1.9687198
27 34 2.240893
27 20 0.8600713
27 2 0.8415046
27 14 3.1990194
27 37 0.9462032
27 7 51.476643
27 16 1.2881292
27 25 0.61123043
28 36 0.04755961
28 26 0.116654254
28 10 0.21700177
28 3 0.073716335
28 12 4.723452
28 9 2.1840475
29 0 13.6834
29 30 8.781792
29 8 0.9480961
29 18 0.9475534
29 13 0.67495096
29 11 1.2510353
29 5 3.644166
29 34 7.8900886
29 20 7.337996
29 2 1.1830121
29 37 1.3767598
29 7 2000.0
29 27 0.9652584
29 16 35.644302
29 23 3.7046542
29 25 2.4188242
30 0 2000.0
30 8 1.4165756
30 18 0.69685173
30 13 0.9841919
30 33 2.0847554
30 11 0.59939003
30 29 8.781792
30 5 0.70699763
30 34 1.7105886
30 20 17.80844
30 2 10.528735
30 37 13.053874
30 7 0.9019967
30 27 0.19163136
30 16 1.0830117
30 23 2.3225424
30 25 2.2117157
31 26 0.07778172
31 6 0.65501875
31 10 0.03818574
31 24 4.501274
31 9 0.037066642
31 17 1.1724323
31 4 0.08080096
31 19 0.08044084
32 26 21.240147
32 24 0.2569413
32 12 0.41706488
32 15 0.07334683
33 34 2000.0
33 30 2.0847554
33 20 1.6633234
33 2 2.1115909
33 14 0.49148962
33 7 2000.0
33 13 0.91987246
33 27 0.8726577
33 16 2226.3638
33 11 2.4137158
33 29 1349.034
33 25 0.5865558
34 30 1.7105886
34 20 0.8305785
34 8 4.5762963
34 13 14.232902
34 7 8.598717
34 27 2.240893
34 16 1215.0568
34 11 2.9504166
34 25 0.8670587
34 29 7.8900886
34 5 1.2049241
35 21 0.034778044
36 26 167.48865
36 28 0.04755961
36 3 0.3234624
36 9 1.4352851
37 30 13.053874
37 0 0.70713246
37 8 1.4354941
37 18 1.5627666
37 13 1.4676322
37 11 2.3933845
37 29 1.3767598
37 20 3.062713
37 2 1.0460099
37 7 7.989524
37 27 0.9462032
37 16 136.65909
37 23 2.079778
37 25 36.432415
