0 8 7.5965166
0 2 1.4758182
0 37 0.73840165
0 13 0.74603695
0 11 111.11111
0 29 5.603974
1 3 0.2599138
1 12 1202.159
2 30 9.860472
2 0 1.4758182
2 8 1.3117326
2 18 9.814817
2 13 0.7801361
2 33 6.2843766
2 11 1.0159745
2 29 1.3826215
2 20 3.1683967
2 37 1.0831085
2 27 1.637552
2 16 2000.0
2 23 40.0
2 25 1.7649388
3 36 0.24532086
3 28 0.08095442
3 24 300.0
3 12 0.04963811
3 1 0.2599138
3 9 0.46135303
4 31 0.076193735
4 9 0.054517046
4 17 0.08493805
4 19 0.07934985
5 30 0.6653718
5 8 0.86445606
5 18 0.36786562
5 13 2000.0
5 11 4.7145066
5 29 3.4254627
5 34 1.4314003
5 20 2.673579
5 37 2000.0
5 7 5.9233546
5 27 1.5222675
5 16 1.438005
5 23 8.487332
6 22 64.80256
6 31 0.84960485
6 17 2.2091887
7 34 12.822017
7 30 1.0664581
7 20 1.4834296
7 8 137.4815
7 37 40.69197
7 27 151.66801
7 16 1.4801253
7 11 11.755568
7 23 1.7284753
7 25 8.47289
7 5 5.9233546
8 0 7.5965166
8 30 0.71623003
8 18 1.0112197
8 13 2.2268724
8 11 0.72860175
8 29 0.5364305
8 5 0.86445606
8 34 4.0464463
8 2 1.3117326
8 37 0.87975436
8 7 137.4815
8 27 1.7989671
8 16 1.6638459
8 23 1.016254
9 36 0.99582136
9 26 2000.0
9 28 0.80889034
9 10 3.4007797
9 22 0.85289276
9 31 0.028814327
9 3 0.46135303
9 12 2000.0
9 17 0.0476778
9 4 0.054517046
9 19 0.06899723
10 26 0.031576008
10 28 0.6797184
10 24 0.052861948
10 31 0.049739257
10 12 9.645648
10 9 3.4007797
10 17 0.031576004
11 0 111.11111
11 30 0.27724138
11 8 0.72860175
11 18 5.216856
11 13 0.45654267
11 33 2.1559765
11 29 0.8710025
11 5 4.7145066
11 34 3.561265
11 20 0.70529234
11 2 1.0159745
11 37 1.2119123
11 7 11.755568
11 27 0.28860462
11 16 0.8609401
11 25 0.9583785
12 26 0.9354237
12 28 6.6203613
12 32 0.26253688
12 10 9.645648
12 24 0.09396307
12 21 0.074996404
12 3 0.04963811
13 30 5.857412
13 0 0.74603695
13 8 2.2268724
13 18 842.85046
13 33 0.86038053
13 11 0.45654267
13 29 0.98434734
13 34 25.765911
13 20 0.6601368
13 2 0.7801361
13 14 4.628775
13 37 2.2281127
13 27 0.22803858
13 16 134.21309
13 25 0.93458813
14 34 2000.0
14 20 1.2958113
14 13 4.628775
14 27 2.1477675
14 33 0.33465722
14 11 2000.0
14 25 2.2985067
15 32 0.07266313
15 21 1.5627768
16 0 2000.0
16 30 1.016722
16 8 1.6638459
16 18 0.7740266
16 13 134.21309
16 11 0.8609401
16 29 43.382465
16 5 1.438005
16 20 15.085687
16 37 30.765846
16 7 1.4801253
16 27 1.5684726
16 23 6.779829
16 25 1.2153748
17 26 1.6927083
17 6 2.2091887
17 10 0.031576004
17 24 0.14909728
17 31 1.301668
17 9 0.0476778
17 4 0.08493805
17 19 2.556169
18 30 0.7473959
18 2 9.814817
18 8 1.0112197
18 37 1.2035952
18 7 2000.0
18 13 842.85046
18 27 3.1915655
18 16 0.7740266
18 23 1.3856574
18 11 5.216856
18 29 1.185537
18 5 0.36786562
19 31 0.08237792
19 9 0.06899723
19 17 2.556169
19 4 0.07934985
20 30 17.831974
20 13 0.6601368
20 33 1.1783133
20 11 0.70529234
20 29 2.5484796
20 5 2.673579
20 34 0.8549716
20 2 3.1683967
20 14 1.2958113
20 37 2.466031
20 7 1.4834296
20 27 0.43285728
20 16 15.085687
20 25 0.4858901
21 32 2000.0
21 24 0.7088699
21 35 0.046395414
21 12 0.074996404
21 15 1.5627768
22 6 64.80256
22 31 1478.0114
22 9 0.85289276
22 19 1330.5114
23 0 2000.0
23 30 2.3784323
23 2 40.0
23 8 1.016254
23 37 3.298663
23 18 1.3856574
23 7 1.7284753
23 16 6.779829
23 11 2000.0
23 29 4.535625
23 5 8.487332
24 26 0.06754133
24 32 0.11037143
24 10 0.052861948
24 21 0.7088699
24 31 6.413352
24 12 0.09396307
24 3 300.0
24 15 2000.0
24 17 0.14909728
25 30 2.566275
25 13 0.93458813
25 33 0.84634435
25 11 0.9583785
25 29 3.985233
25 34 4.4841604
25 20 0.4858901
25 2 1.7649388
25 14 2.2985067
25 37 96.201454
25 7 8.47289
25 27 0.9441549
25 16 1.2153748
26 36 214.77272
26 32 15.07438
26 28 0.0974104
26 10 0.031576008
26 24 0.06754133
26 31 0.06643267
26 12 0.9354237
26 17 1.6927083
27 0 2000.0
27 30 0.19381627
27 8 1.7989671
27 18 3.1915655
27 13 0.22803858
27 33 0.9273883
27 11 0.28860462
27 29 1.0990578
27 5 1.5222675
27 34 1.170441
27 20 0.43285728
27 2 1.637552
27 14 2.1477675
27 37 0.7732837
27 7 151.66801
27 16 1.5684726
27 25 0.9441549
28 36 0.034482118
28 26 0.0974104
28 10 0.6797184
28 3 0.08095442
28 12 6.6203613
28 9 0.80889034
29 0 5.603974
29 30 3.1222527
29 8 0.5364305
29 18 1.185537
29 13 0.98434734
29 11 0.8710025
29 5 3.4254627
29 34 13.869113
29 20 2.5484796
29 2 1.3826215
29 37 1.0677632
29 7 2000.0
29 27 1.0990578
29 16 43.382465
29 23 4.535625
29 25 3.985233
30 0 2000.0
30 8 0.71623003
30 18 0.7473959
30 13 5.857412
30 33 1.4501108
30 11 0.27724138
30 29 3.1222527
30 5 0.6653718
30 34 0.8525039
30 20 17.831974
30 2 9.860472
30 37 3.183349
30 7 1.0664581
30 27 0.19381627
30 16 1.016722
30 23 2.3784323
30 25 2.566275
31 26 0.06643267
31 6 0.84960485
31 10 0.049739257
31 24 6.413352
31 9 0.028814327
31 17 1.301668
31 4 0.076193735
31 19 0.08237792
32 26 15.07438
32 24 0.11037143
32 12 0.26253688
32 15 0.07266313
33 34 2000.0
33 30 1.4501108
33 20 1.1783133
33 2 6.2843766
33 14 0.33465722
33 7 2000.0
33 13 0.86038053
33 27 0.9273883
33 16 2000.0
33 11 2.1559765
33 29 5608.125
33 25 0.84634435
34 30 0.8525039
34 20 0.8549716
34 8 4.0464463
34 13 25.765911
34 7 12.822017
34 27 1.170441
34 16 1215.0568
34 11 3.561265
34 25 4.4841604
34 29 13.869113
34 5 1.4314003
35 21 0.046395414
36 26 214.77272
36 28 0.034482118
36 3 0.24532086
36 9 0.99582136
37 30 3.183349
37 0 0.73840165
37 8 0.87975436
37 18 1.2035952
37 13 2.2281127
37 11 1.2119123
37 29 1.0677632
37 20 2.466031
37 2 1.0831085
37 7 40.69197
37 27 0.7732837
37 16 30.765846
37 23 3.298663
37 25 96.201454
