0 8 34.180965
0 2 0.42567062
0 37 7.0925303
0 13 0.45351943
0 29 4.208747
1 3 0.21313167
1 12 72.813324
2 30 12.7152
2 0 0.42567062
2 8 2.169427
2 18 15.1782
2 13 0.7599546
2 33 11.993814
2 11 1.8056006
2 29 2.1550355
2 20 21.428204
2 37 1.5878241
2 27 1.8483179
2 16 2000.0
2 23 70.31179
2 25 1.5660315
3 36 0.19478936
3 28 0.09227037
3 24 2000.0
3 12 0.06459939
3 1 0.21313167
3 9 0.37027827
4 31 0.06642752
4 9 0.0646934
4 17 0.09002149
4 19 0.09342449
5 30 0.7634129
5 8 1.3066255
5 18 1.687621
5 13 286.4546
5 11 5.646005
5 29 18.681059
5 34 4.3543754
5 20 3.1956515
5 37 2000.0
5 7 11.942133
5 27 7.2884574
5 16 1.4135543
5 23 8.931723
5 25 2000.0
6 31 0.82250583
6 17 3.2987072
7 34 17.184818
7 30 1.4786932
7 20 2.9170673
7 8 85.950935
7 37 9.905447
7 27 402.11008
7 16 1.4604664
7 11 12.195463
7 23 1.634409
7 25 25.719782
7 5 11.942133
8 0 34.180965
8 30 0.71549505
8 18 1.6384603
8 13 11.372669
8 11 2.4301243
8 29 1.1107714
8 5 1.3066255
8 34 12.41637
8 2 2.169427
8 37 1.9775058
8 7 85.950935
8 27 1.9238619
8 16 1.5142045
8 23 1.5471885
9 36 1.950588
9 26 2000.0
9 28 1.1795275
9 10 4.3865275
9 22 0.3547104
9 31 0.03392508
9 3 0.37027827
9 17 0.050272305
9 4 0.0646934
9 19 0.07239136
10 26 0.046871807
10 28 0.7137959
10 24 0.06404716
10 31 0.029996397
10 12 1.5295784
10 9 4.3865275
10 17 0.03541407
11 0 2000.0
11 30 1.6084071
11 8 2.4301243
11 18 17.075232
11 13 1.162697
11 33 2.8207977
11 29 1.2292182
11 5 5.646005
11 34 9.577033
11 20 2.2152736
11 2 1.8056006
11 37 1.899575
11 7 12.195463
11 27 1.4552383
11 16 1.9977413
11 25 1.5609502
12 26 1.1284007
12 28 4.5154514
12 32 0.4242425
12 10 1.5295784
12 24 0.086618915
12 21 0.091901004
12 3 0.06459939
12 1 72.813324
13 30 22.9138
13 0 0.45351943
13 8 11.372669
13 18 533.3334
13 33 0.9029815
13 11 1.162697
13 29 1.8284824
13 5 286.4546
13 34 6.7753243
13 20 0.8632015
13 2 0.7599546
13 14 2.8690755
13 37 5.1606274
13 27 0.36786422
13 16 129.46835
13 25 0.941703
14 20 0.90623724
14 13 2.8690755
14 33 0.7436028
14 27 2.934423
14 11 2000.0
14 25 2.7226608
15 32 0.077077135
15 21 12.182781
16 0 2000.0
16 30 1.2160889
16 8 1.5142045
16 18 0.82296854
16 13 129.46835
16 11 1.9977413
16 29 2205.3784
16 5 1.4135543
16 20 34.773083
16 37 109.30949
16 7 1.4604664
16 27 2.9267716
16 23 8.2364435
16 25 1.0668702
17 26 2.6149435
17 6 3.2987072
17 10 0.03541407
17 24 0.28978178
17 31 1.2090886
17 9 0.050272305
17 4 0.09002149
17 19 2.5802288
18 30 0.71319854
18 2 15.1782
18 8 1.6384603
18 37 1.9738185
18 7 2000.0
18 13 533.3334
18 27 10.594812
18 16 0.82296854
18 23 2.0126052
18 11 17.075232
18 29 1.7720563
18 5 1.687621
19 31 0.06638149
19 9 0.07239136
19 17 2.5802288
19 4 0.09342449
20 0 2000.0
20 30 4.329716
20 13 0.8632015
20 33 1.6211107
20 11 2.2152736
20 29 3.0193415
20 5 3.1956515
20 34 1.2164773
20 2 21.428204
20 14 0.90623724
20 37 54.907734
20 7 2.9170673
20 27 0.67896533
20 16 34.773083
20 25 0.59281874
21 32 2000.0
21 24 0.055729605
21 35 0.051924072
21 12 0.091901004
21 15 12.182781
22 6 1069.8296
22 31 1121.8182
22 9 0.3547104
22 19 1594.4319
23 0 2000.0
23 30 1.0192834
23 2 70.31179
23 8 1.5471885
23 37 7.5094824
23 18 2.0126052
23 7 1.634409
23 16 8.2364435
23 11 2000.0
23 29 6.0956774
23 5 8.931723
24 26 0.06909767
24 32 0.11472615
24 10 0.06404716
24 21 0.055729605
24 31 17.608187
24 12 0.086618915
24 3 2000.0
24 15 2000.0
24 17 0.28978178
25 30 3.3372095
25 0 2000.0
25 13 0.941703
25 33 0.9205587
25 11 1.5609502
25 29 6.6188993
25 34 2.426986
25 20 0.59281874
25 2 1.5660315
25 14 2.7226608
25 37 2000.0
25 7 25.719782
25 27 0.878022
25 16 1.0668702
26 32 26.195454
26 28 0.039137144
26 10 0.046871807
26 24 0.06909767
26 31 0.06834407
26 12 1.1284007
26 17 2.6149435
27 0 2000.0
27 30 0.17985539
27 8 1.9238619
27 18 10.594812
27 13 0.36786422
27 33 1.4017991
27 11 1.4552383
27 29 0.59283507
27 5 7.2884574
27 34 1.951084
27 20 0.67896533
27 2 1.8483179
27 14 2.934423
27 37 3.1923516
27 7 402.11008
27 16 2.9267716
27 25 0.878022
28 36 0.0412043
28 26 0.039137144
28 10 0.7137959
28 3 0.09227037
28 12 4.5154514
28 9 1.1795275
29 0 4.208747
29 30 6.0540733
29 8 1.1107714
29 18 1.7720563
29 13 1.8284824
29 11 1.2292182
29 5 18.681059
29 34 3.9802594
29 20 3.0193415
29 2 2.1550355
29 37 1.3243428
29 7 2000.0
29 27 0.59283507
29 16 2205.3784
29 23 6.0956774
29 25 6.6188993
30 0 2000.0
30 8 0.71549505
30 18 0.71319854
30 13 22.9138
30 33 1.9350389
30 11 1.6084071
30 29 6.0540733
30 5 0.7634129
30 34 4.609082
30 20 4.329716
30 2 12.7152
30 14 2000.0
30 37 8.143479
30 7 1.4786932
30 27 0.17985539
30 16 1.2160889
30 23 1.0192834
30 25 3.3372095
31 26 0.06834407
31 6 0.82250583
31 10 0.029996397
31 24 17.608187
31 9 0.03392508
31 17 1.2090886
31 4 0.06642752
31 19 0.06638149
32 26 26.195454
32 24 0.11472615
32 12 0.4242425
32 15 0.077077135
33 30 1.9350389
33 8 2000.0
33 13 0.9029815
33 11 2.8207977
33 29 2382.1023
33 34 2000.0
33 20 1.6211107
33 2 11.993814
33 14 0.7436028
33 7 2000.0
33 27 1.4017991
33 16 2000.0
33 25 0.9205587
34 30 4.609082
34 20 1.2164773
34 8 12.41637
34 7 17.184818
34 13 6.7753243
34 27 1.951084
34 16 2536.0227
34 11 9.577033
34 25 2.426986
34 29 3.9802594
34 5 4.3543754
35 21 0.051924072
36 26 2000.0
36 28 0.0412043
36 3 0.19478936
36 9 1.950588
37 30 8.143479
37 0 7.0925303
37 8 1.9775058
37 18 1.9738185
37 13 5.1606274
37 11 1.899575
37 29 1.3243428
37 20 54.907734
37 2 1.5878241
37 7 9.905447
37 27 3.1923516
37 16 109.30949
37 23 7.5094824
37 25 2000.0
