0 8 6.980815
0 2 0.47622883
0 37 1.2966219
0 13 0.40095812
0 25 800.0
0 29 12.762344
1 3 0.3948733
1 12 18.21142
2 30 23.510958
2 0 0.47622883
2 8 3.5392997
2 18 11.609703
2 13 0.8983596
2 33 6.447851
2 11 2.4878218
2 29 1.8050035
2 20 5.6679955
2 37 1.707946
2 27 4.2819805
2 16 2000.0
2 25 4.605646
3 36 0.42322615
3 28 0.096632235
3 24 111.11111
3 12 0.20503913
3 1 0.3948733
3 9 1.2432975
4 31 0.076136366
4 9 0.047796465
4 17 0.09051655
4 19 0.081141286
5 30 0.94100934
5 8 1.8336865
5 18 1.7574986
5 13 80.0
5 11 11.616907
5 29 9.493427
5 34 11.266625
5 20 2.6327908
5 37 2000.0
5 7 19.910326
5 27 17.5836
5 16 2.3241255
5 23 6.327694
6 31 0.69260633
6 17 1.3017812
7 34 8.531033
7 30 1.3318161
7 20 2.8370237
7 8 46.977703
7 37 14.247983
7 27 63.483845
7 16 1.3427427
7 11 8.237237
7 23 1.8744599
7 25 15.028268
7 5 19.910326
8 0 6.980815
8 30 0.75343704
8 18 2.0257897
8 13 34.157173
8 11 2.529633
8 29 3.0412123
8 5 1.8336865
8 34 8.151295
8 2 3.5392997
8 37 2.2013223
8 7 46.977703
8 27 12.147867
8 16 1.9515889
8 23 1.3940932
9 36 1.628755
9 26 2000.0
9 28 0.9462376
9 10 6.238204
9 22 0.27779287
9 31 0.029935462
9 3 1.2432975
9 12 2000.0
9 17 0.26830143
9 4 0.047796465
9 19 0.06696304
10 26 0.05451691
10 28 0.68287885
10 24 0.11722232
10 31 0.031029044
10 12 2.462269
10 9 6.238204
10 17 0.033452958
11 0 1324.8864
11 30 0.6982679
11 8 2.529633
11 18 16.007069
11 13 2.488153
11 33 5.2490487
11 29 1.5694721
11 5 11.616907
11 34 7.01983
11 20 2.0567853
11 2 2.4878218
11 37 3.6563778
11 7 8.237237
11 27 0.5578266
11 16 1.9471726
11 25 2.8319466
12 26 1.192696
12 28 7.0599165
12 32 0.15170453
12 10 2.462269
12 24 0.10751262
12 21 0.057424434
12 3 0.20503913
12 1 18.21142
13 0 0.40095812
13 30 10.3761425
13 8 34.157173
13 18 266.6667
13 33 2.1502807
13 11 2.488153
13 29 1.3324373
13 5 80.0
13 34 11.339857
13 20 0.5261125
13 2 0.8983596
13 14 7.2118363
13 37 5.7152777
13 27 0.22932613
13 16 41.520954
13 25 0.96971923
14 20 5.2765765
14 13 7.2118363
14 33 0.86982214
14 27 2.7459166
14 11 2000.0
14 25 5.427922
15 32 0.07793592
15 21 13.3586235
16 0 2000.0
16 30 1.1596591
16 8 1.9515889
16 18 1.5850838
16 13 41.520954
16 11 1.9471726
16 29 3293.2385
16 5 2.3241255
16 20 5.883164
16 37 170.03978
16 7 1.3427427
16 27 1.4412539
16 23 17.56689
16 25 2.0358946
17 26 1.9362229
17 6 1.3017812
17 10 0.033452958
17 24 0.2896237
17 31 1.0919172
17 9 0.26830143
17 4 0.09051655
17 19 2.2544785
18 30 0.67791814
18 2 11.609703
18 8 2.0257897
18 37 3.1797419
18 13 266.6667
18 7 2000.0
18 27 6.7421145
18 16 1.5850838
18 23 1.6254855
18 11 16.007069
18 29 2.110685
18 5 1.7574986
19 31 0.06690167
19 9 0.06696304
19 17 2.2544785
19 4 0.081141286
20 0 2000.0
20 30 17.005907
20 13 0.5261125
20 33 2.436034
20 11 2.0567853
20 29 3.2139533
20 5 2.6327908
20 34 1.4505157
20 2 5.6679955
20 14 5.2765765
20 37 4.8652043
20 7 2.8370237
20 27 0.97593915
20 16 5.883164
20 25 1.7685577
21 32 2000.0
21 10 2000.0
21 24 0.05289869
21 35 0.0472666
21 12 0.057424434
21 15 13.3586235
22 6 1485.625
22 31 2000.0
22 9 0.27779287
22 19 2000.0
23 0 2000.0
23 30 6.554268
23 2 1474.716
23 8 1.3940932
23 37 5.1176763
23 18 1.6254855
23 7 1.8744599
23 16 17.56689
23 11 2000.0
23 29 2.5159993
23 5 6.327694
24 26 0.16466758
24 32 0.10377841
24 10 0.11722232
24 35 2000.0
24 21 0.05289869
24 31 9.009411
24 3 111.11111
24 12 0.10751262
24 15 2000.0
24 17 0.2896237
25 0 800.0
25 30 6.631997
25 13 0.96971923
25 33 1.0650101
25 11 2.8319466
25 29 30.822117
25 34 6.032711
25 20 1.7685577
25 2 4.605646
25 14 5.427922
25 37 31.339584
25 7 15.028268
25 27 1.64535
25 16 2.0358946
26 32 24.077375
26 28 0.047188826
26 10 0.05451691
26 24 0.16466758
26 31 0.07525608
26 12 1.192696
26 17 1.9362229
27 0 2000.0
27 30 0.5155618
27 8 12.147867
27 18 6.7421145
27 13 0.22932613
27 33 1.1263067
27 11 0.5578266
27 29 0.7348374
27 5 17.5836
27 34 4.6137857
27 20 0.97593915
27 2 4.2819805
27 14 2.7459166
27 37 2.0114071
27 7 63.483845
27 16 1.4412539
27 25 1.64535
28 36 0.045791067
28 26 0.047188826
28 10 0.68287885
28 3 0.096632235
28 12 7.0599165
28 9 0.9462376
29 0 12.762344
29 30 24.225632
29 8 3.0412123
29 18 2.110685
29 13 1.3324373
29 11 1.5694721
29 5 9.493427
29 34 6.5137935
29 20 3.2139533
29 2 1.8050035
29 37 1.4185011
29 7 2000.0
29 27 0.7348374
29 23 2.5159993
29 25 30.822117
30 0 2000.0
30 8 0.75343704
30 18 0.67791814
30 13 10.3761425
30 33 3.979957
30 11 0.6982679
30 29 24.225632
30 5 0.94100934
30 34 9.451814
30 20 17.005907
30 2 23.510958
30 37 10.377256
30 7 1.3318161
30 27 0.5155618
30 16 1.1596591
30 23 6.554268
30 25 6.631997
31 26 0.07525608
31 6 0.69260633
31 10 0.031029044
31 24 9.009411
31 9 0.029935462
31 17 1.0919172
31 4 0.076136366
31 19 0.06690167
32 26 24.077375
32 24 0.10377841
32 12 0.15170453
32 15 0.07793592
33 30 3.979957
33 8 2000.0
33 13 2.1502807
33 11 5.2490487
33 29 2000.0
33 5 2000.0
33 34 2000.0
33 20 2.436034
33 2 6.447851
33 14 0.86982214
33 7 2000.0
33 27 1.1263067
33 16 2000.0
33 25 1.0650101
34 30 9.451814
34 20 1.4505157
34 8 8.151295
34 7 8.531033
34 13 11.339857
34 27 4.6137857
34 16 2000.0
34 11 7.01983
34 25 6.032711
34 29 6.5137935
34 5 11.266625
35 21 0.0472666
36 26 2000.0
36 28 0.045791067
36 3 0.42322615
36 9 1.628755
37 0 1.2966219
37 30 10.377256
37 8 2.2013223
37 18 3.1797419
37 13 5.7152777
37 11 3.6563778
37 29 1.4185011
37 20 4.8652043
37 2 1.707946
37 7 14.247983
37 27 2.0114071
37 16 170.03978
37 23 5.1176763
37 25 31.339584
