0 2 0.9109889
0 37 1.4538027
0 13 1.8095651
0 25 8.201326
0 29 71.734146
1 3 1.0572492
1 12 12.280923
2 30 31.84279
2 0 0.9109889
2 8 1.4067409
2 18 2.442014
2 13 0.58903736
2 33 2.985735
2 11 1.724735
2 29 1.1662971
2 20 5.306819
2 37 0.835349
2 27 1.1240047
2 16 2000.0
2 23 19.142775
2 25 0.8594961
3 36 0.9962121
3 28 10.118095
3 24 2000.0
3 12 0.07659674
3 1 1.0572492
3 9 0.52651757
4 31 0.0679114
4 9 0.07784747
4 17 0.10190123
4 19 0.07933122
5 30 0.7075545
5 8 0.64323646
5 18 0.80752075
5 13 18.852
5 11 2.8405032
5 29 2.0616503
5 34 2.524764
5 20 1.8158286
5 37 8.397689
5 7 14.897331
5 27 3.3344123
5 16 1.5184727
5 23 2.7358828
5 25 2000.0
6 31 0.19488636
6 17 5.119056
7 34 795.8425
7 30 1.0322611
7 20 48.345673
7 8 5.935894
7 16 1.1846229
7 23 3.015305
7 25 4.2988725
7 5 14.897331
8 0 2000.0
8 30 0.5589544
8 18 1.1873188
8 13 1.2585613
8 11 0.8995725
8 29 0.30396765
8 5 0.64323646
8 34 32.539402
8 2 1.4067409
8 37 1.0953723
8 7 5.935894
8 27 1.2213447
8 16 1.3885456
8 23 1.1164774
8 25 2000.0
9 36 0.49894205
9 26 2000.0
9 28 1.7432185
9 10 14.385226
9 22 0.05287248
9 31 0.030078059
9 3 0.52651757
9 4 0.07784747
9 17 0.034081895
9 19 0.08752841
10 26 0.04454173
10 28 0.2197884
10 24 0.08198179
10 31 15.227015
10 12 1481.7614
10 9 14.385226
10 17 0.02926639
11 0 2000.0
11 30 0.7202479
11 8 0.8995725
11 18 9.778953
11 13 1.2427943
11 33 2.714246
11 29 0.8832998
11 5 2.8405032
11 34 1.5641301
11 20 1.2282975
11 2 1.724735
11 37 1.3903508
11 7 2542.5
11 27 1.2950377
11 16 1.0603915
11 25 0.76693517
12 26 3.9710014
12 32 12.331343
12 24 0.072923176
12 21 0.14754847
12 3 0.07659674
12 1 12.280923
13 30 124.93253
13 0 1.8095651
13 8 1.2585613
13 18 142.60796
13 33 2.9425406
13 11 1.2427943
13 29 0.7005764
13 5 18.852
13 34 133.33334
13 20 0.98235637
13 2 0.58903736
13 14 6.4233403
13 37 0.9958269
13 7 2000.0
13 27 1.6434361
13 16 45.220417
13 25 0.3113806
14 30 23.461864
14 20 1.2018046
14 13 6.4233403
14 27 3.0045981
14 33 0.41820154
14 11 2000.0
14 25 1.3164953
15 32 0.07477133
15 21 5.866392
16 30 1.0679594
16 0 2000.0
16 8 1.3885456
16 18 0.9948244
16 13 45.220417
16 11 1.0603915
16 5 1.5184727
16 34 35.526054
16 20 18.554607
16 7 1.1846229
16 27 1.2643025
16 23 2.6666834
16 25 0.5938965
17 6 5.119056
17 26 1.633849
17 10 0.02926639
17 24 0.12344628
17 31 0.9511754
17 9 0.034081895
17 4 0.10190123
17 19 53.18431
18 0 2000.0
18 30 0.73452634
18 8 1.1873188
18 13 142.60796
18 11 9.778953
18 29 0.917676
18 5 0.80752075
18 2 2.442014
18 37 1.9663076
18 7 2000.0
18 27 24.73406
18 16 0.9948244
18 23 1.4239961
19 31 0.096032046
19 9 0.08752841
19 4 0.07933122
19 17 53.18431
20 0 2000.0
20 30 1.684489
20 13 0.98235637
20 33 1.0883422
20 11 1.2282975
20 29 6.3416142
20 5 1.8158286
20 34 0.95113015
20 2 5.306819
20 14 1.2018046
20 37 2.4078925
20 7 48.345673
20 27 2.239153
20 16 18.554607
20 25 0.51517916
21 26 2000.0
21 32 2000.0
21 10 2000.0
21 24 0.57138336
21 35 0.031557977
21 31 2000.0
21 12 0.14754847
21 15 5.866392
22 31 2000.0
22 9 0.05287248
22 19 2000.0
23 0 2000.0
23 30 1.7421733
23 8 1.1164774
23 2 19.142775
23 37 1.5649947
23 18 1.4239961
23 7 3.015305
23 16 2.6666834
23 11 2000.0
23 29 0.9279661
23 5 2.7358828
24 26 0.049805142
24 32 0.261956
24 10 0.08198179
24 21 0.57138336
24 12 0.072923176
24 15 2000.0
24 17 0.12344628
25 30 12.607933
25 0 8.201326
25 13 0.3113806
25 33 0.5218277
25 11 0.76693517
25 29 2.0980208
25 34 1.5223042
25 20 0.51517916
25 2 0.8594961
25 14 1.3164953
25 37 40.492966
25 7 4.2988725
25 27 0.25370267
25 16 0.5938965
26 32 67.59603
26 28 0.06596377
26 10 0.04454173
26 24 0.049805142
26 31 0.27177507
26 12 3.9710014
26 17 1.633849
27 30 0.8862736
27 0 2000.0
27 8 1.2213447
27 18 24.73406
27 13 1.6434361
27 33 1.046036
27 11 1.2950377
27 29 2.1741843
27 5 3.3344123
27 34 1.0356914
27 20 2.239153
27 2 1.1240047
27 14 3.0045981
27 37 1.3928477
27 7 2000.0
27 16 1.2643025
27 25 0.25370267
28 36 0.029574163
28 26 0.06596377
28 10 0.2197884
28 3 10.118095
28 12 1141.0227
28 9 1.7432185
28 19 1370.909
29 0 71.734146
29 30 1.144021
29 8 0.30396765
29 18 0.917676
29 13 0.7005764
29 33 17.738045
29 11 0.8832998
29 5 2.0616503
29 34 2.9746852
29 20 6.3416142
29 2 1.1662971
29 37 0.73725927
29 7 2000.0
29 27 2.1741843
29 16 2000.0
29 23 0.9279661
29 25 2.0980208
30 8 0.5589544
30 18 0.73452634
30 13 124.93253
30 33 8.574147
30 11 0.7202479
30 29 1.144021
30 5 0.7075545
30 34 1.062234
30 20 1.684489
30 2 31.84279
30 14 23.461864
30 37 16.997229
30 7 1.0322611
30 27 0.8862736
30 16 1.0679594
30 23 1.7421733
30 25 12.607933
31 26 0.27177507
31 6 0.19488636
31 10 15.227015
31 35 48.93691
31 22 2000.0
31 9 0.030078059
31 4 0.0679114
31 17 0.9511754
31 19 0.096032046
32 26 67.59603
32 24 0.261956
32 12 12.331343
32 15 0.07477133
33 30 8.574147
33 13 2.9425406
33 11 2.714246
33 29 17.738045
33 5 2000.0
33 34 2000.0
33 20 1.0883422
33 2 2.985735
33 14 0.41820154
33 7 2000.0
33 27 1.046036
33 16 3017.898
33 25 0.5218277
34 30 1.062234
34 20 0.95113015
34 8 32.539402
34 37 2000.0
34 7 795.8425
34 13 133.33334
34 27 1.0356914
34 16 35.526054
34 11 1.5641301
34 29 2.9746852
34 25 1.5223042
34 5 2.524764
35 21 0.031557977
35 31 48.93691
36 28 0.029574163
36 3 0.9962121
36 9 0.49894205
37 30 16.997229
37 0 1.4538027
37 8 1.0953723
37 18 1.9663076
37 13 0.9958269
37 11 1.3903508
37 29 0.73725927
37 5 8.397689
37 20 2.4078925
37 2 0.835349
37 7 2896.0227
37 27 1.3928477
37 16 2000.0
37 23 1.5649947
37 25 40.492966
