0 2 0.8320549
0 37 3.695689
0 13 1.6798664
0 29 30.159575
0 25 11.4986105
1 3 0.5625
1 12 14.827813
2 30 10.472201
2 0 0.8320549
2 8 1.4154487
2 18 1.7705001
2 13 0.5348882
2 33 1.5581396
2 11 1.3341755
2 29 1.0702031
2 5 2000.0
2 20 5.999138
2 37 0.83942014
2 27 0.7918196
2 16 2000.0
2 23 8.603245
2 25 0.4856781
3 36 0.3367257
3 28 4.2950144
3 24 327.27274
3 12 0.05818388
3 1 0.5625
3 9 0.27606305
4 31 0.06757714
4 9 0.073455
4 17 0.17265804
4 19 0.0754471
5 30 1.0819582
5 8 0.7980387
5 18 0.8557976
5 13 45.23077
5 11 2.8104289
5 29 2.989886
5 34 2.1225264
5 20 3.4446857
5 37 9.219874
5 7 8.933027
5 27 1.7808045
5 16 4.0254464
5 23 2.947236
5 25 2000.0
6 31 0.17166667
6 17 5.9305725
7 30 1.5030202
7 20 57.964985
7 8 4.9320498
7 37 41.603596
7 16 1.3392217
7 23 1.4415106
7 25 1.9789349
7 5 8.933027
8 0 2000.0
8 30 0.546392
8 18 1.1408617
8 13 2.6314206
8 11 0.9372509
8 29 0.39378953
8 5 0.7980387
8 34 37.335308
8 2 1.4154487
8 37 0.9872931
8 7 4.9320498
8 27 3.0184047
8 16 1.9549671
8 23 0.8897101
8 25 2000.0
9 36 0.46093458
9 26 2000.0
9 28 1.6000947
9 10 32.727272
9 22 0.060543958
9 31 0.031305887
9 12 2000.0
9 3 0.27606305
9 4 0.073455
9 17 0.034995202
9 19 0.06863075
10 26 0.02945772
10 28 0.27752933
10 24 0.114861235
10 31 14.389577
10 12 1489.8864
10 9 32.727272
10 17 0.03459389
11 0 2000.0
11 30 0.8529988
11 8 0.9372509
11 18 7.2512736
11 13 0.99720037
11 33 2.049895
11 29 0.9666795
11 5 2.8104289
11 34 2.3198318
11 20 0.9598138
11 2 1.3341755
11 37 3.0117843
11 7 1745.625
11 27 0.7454558
11 16 0.87958014
11 25 0.7174558
12 26 0.60038525
12 32 1.820631
12 24 0.069602676
12 21 0.23071907
12 3 0.05818388
12 1 14.827813
13 30 72.071976
13 0 1.6798664
13 8 2.6314206
13 18 112.50001
13 33 0.9037418
13 11 0.99720037
13 29 1.1794106
13 5 45.23077
13 34 2000.0
13 20 1.4155318
13 2 0.5348882
13 14 2.747682
13 37 0.7672327
13 7 2000.0
13 27 0.61422515
13 16 20.9418
13 25 0.28811902
14 30 8.439292
14 20 2.5564966
14 13 2.747682
14 27 8.182333
14 33 0.42345917
14 11 2000.0
14 25 1.9851865
15 32 0.069441155
15 21 1.1789223
16 30 1.1527575
16 0 2000.0
16 8 1.9549671
16 18 1.604498
16 13 20.9418
16 11 0.87958014
16 5 4.0254464
16 34 43.332645
16 20 20.77476
16 7 1.3392217
16 27 1.3690363
16 23 3.2244
16 25 0.8525075
17 6 5.9305725
17 26 1.4447807
17 10 0.03459389
17 24 0.06881364
17 31 1.0306818
17 9 0.034995202
17 4 0.17265804
17 19 181.37885
18 30 0.6743933
18 0 2000.0
18 8 1.1408617
18 13 112.50001
18 11 7.2512736
18 29 1.0904322
18 5 0.8557976
18 2 1.7705001
18 37 1.6766918
18 7 2000.0
18 27 15.080579
18 16 1.604498
18 23 1.2805998
19 31 0.0711383
19 9 0.06863075
19 4 0.0754471
19 17 181.37885
20 0 2000.0
20 30 1.1165403
20 8 2000.0
20 13 1.4155318
20 33 1.1546074
20 11 0.9598138
20 29 8.236324
20 5 3.4446857
20 34 1.125668
20 2 5.999138
20 14 2.5564966
20 37 1.315275
20 7 57.964985
20 27 1.8102095
20 16 20.77476
20 25 0.591034
21 26 2000.0
21 24 1.1074082
21 35 0.030889254
21 12 0.23071907
21 15 1.1789223
22 31 226.52274
22 9 0.060543958
22 19 2000.0
23 0 2000.0
23 30 1.5702995
23 8 0.8897101
23 2 8.603245
23 37 1.4035473
23 18 1.2805998
23 7 1.4415106
23 16 3.2244
23 11 2000.0
23 29 0.6724287
23 5 2.947236
24 26 0.04404756
24 32 0.18164797
24 10 0.114861235
24 21 1.1074082
24 12 0.069602676
24 3 327.27274
24 15 2000.0
24 17 0.06881364
25 30 21.668055
25 0 11.4986105
25 13 0.28811902
25 33 0.661808
25 11 0.7174558
25 29 2.5127244
25 34 3.5595083
25 20 0.591034
25 2 0.4856781
25 14 1.9851865
25 37 20.030737
25 7 1.9789349
25 27 0.25358245
25 16 0.8525075
26 32 23.008245
26 28 0.06538673
26 10 0.02945772
26 24 0.04404756
26 31 0.16812418
26 12 0.60038525
26 17 1.4447807
27 30 0.2770202
27 0 2000.0
27 8 3.0184047
27 18 15.080579
27 13 0.61422515
27 33 0.82638556
27 11 0.7454558
27 29 0.6323997
27 5 1.7808045
27 34 0.9303342
27 20 1.8102095
27 2 0.7918196
27 14 8.182333
27 37 0.80930746
27 7 2000.0
27 16 1.3690363
27 25 0.25358245
28 36 0.028635303
28 26 0.06538673
28 10 0.27752933
28 3 4.2950144
28 12 1213.3523
28 9 1.6000947
28 19 1370.0
29 0 30.159575
29 30 0.7893854
29 8 0.39378953
29 18 1.0904322
29 13 1.1794106
29 33 13.840675
29 11 0.9666795
29 5 2.989886
29 34 4.685715
29 20 8.236324
29 2 1.0702031
29 37 0.7214586
29 27 0.6323997
29 16 2000.0
29 23 0.6724287
29 25 2.5127244
30 8 0.546392
30 18 0.6743933
30 13 72.071976
30 33 4.2231436
30 11 0.8529988
30 29 0.7893854
30 5 1.0819582
30 34 0.810531
30 20 1.1165403
30 2 10.472201
30 14 8.439292
30 37 16.180103
30 7 1.5030202
30 27 0.2770202
30 16 1.1527575
30 23 1.5702995
30 25 21.668055
31 26 0.16812418
31 6 0.17166667
31 10 14.389577
31 35 30.411291
31 22 226.52274
31 9 0.031305887
31 4 0.06757714
31 17 1.0306818
31 19 0.0711383
32 26 23.008245
32 24 0.18164797
32 21 2000.0
32 12 1.820631
32 15 0.069441155
33 30 4.2231436
33 8 2000.0
33 13 0.9037418
33 11 2.049895
33 29 13.840675
33 34 2000.0
33 20 1.1546074
33 2 1.5581396
33 14 0.42345917
33 7 2000.0
33 27 0.82638556
33 16 3017.898
33 25 0.661808
34 30 0.810531
34 20 1.125668
34 8 37.335308
34 37 2000.0
34 7 5856.0796
34 13 2000.0
34 27 0.9303342
34 16 43.332645
34 11 2.3198318
34 29 4.685715
34 25 3.5595083
34 5 2.1225264
35 21 0.030889254
35 31 30.411291
36 28 0.028635303
36 3 0.3367257
36 9 0.46093458
37 30 16.180103
37 0 3.695689
37 8 0.9872931
37 18 1.6766918
37 13 0.7672327
37 11 3.0117843
37 29 0.7214586
37 5 9.219874
37 20 1.315275
37 2 0.83942014
37 7 41.603596
37 27 0.80930746
37 16 2000.0
37 23 1.4035473
37 25 20.030737
