0 2 0.90178627
0 37 3.2541645
0 13 0.9462707
0 29 38.100224
0 25 22.967476
1 3 1.8295959
1 12 13.427462
2 30 20.838346
2 0 0.90178627
2 8 1.1261114
2 18 2.3041425
2 13 0.69524366
2 33 2.81661
2 11 1.728028
2 29 0.8210228
2 5 2000.0
2 20 4.360103
2 37 1.010186
2 27 0.99859625
2 16 2000.0
2 23 3.5890372
2 25 1.1407999
3 36 0.3820901
3 28 35.864204
3 24 600.0
3 12 0.059578225
3 1 1.8295959
3 9 0.4277521
4 31 0.06670351
4 9 0.08161775
4 17 0.115156546
4 19 0.06680755
5 30 0.7082899
5 8 0.6534242
5 18 1.1694844
5 13 25.451216
5 11 1.800481
5 29 4.6843686
5 34 2.8967009
5 20 3.1670327
5 37 64.36982
5 7 36.83013
5 27 2.9669945
5 16 2.0523987
5 23 2.8151486
5 25 2000.0
6 31 0.3658712
6 17 10.561023
7 34 384.08383
7 30 1.279676
7 20 73.70771
7 8 7.910454
7 37 257.01562
7 16 1.030991
7 11 32.08935
7 23 1.3322972
7 29 900.00006
7 25 2.7738836
7 5 36.83013
8 0 2000.0
8 30 0.4753748
8 18 1.3571795
8 13 1.4541171
8 11 1.1859186
8 29 1.0075345
8 5 0.6534242
8 34 3867.557
8 2 1.1261114
8 37 1.120676
8 7 7.910454
8 27 1.1034893
8 16 2.436621
8 23 1.2298183
8 25 2000.0
9 36 0.35160282
9 26 2000.0
9 28 1.04515
9 10 2.8311715
9 22 0.052858274
9 31 0.031404737
9 3 0.4277521
9 4 0.08161775
9 17 0.03362087
9 19 0.066056296
10 26 0.030040326
10 28 0.68649197
10 24 0.07764272
10 31 0.9241162
10 12 90.52471
10 9 2.8311715
10 17 0.034961276
11 0 2000.0
11 30 1.3766835
11 8 1.1859186
11 18 23.910355
11 13 0.8806874
11 33 3.2794092
11 29 1.0523425
11 5 1.800481
11 34 3.8016875
11 20 1.5730119
11 2 1.728028
11 37 1.3671875
11 7 32.08935
11 27 0.69467217
11 16 0.94475657
11 25 0.9147817
12 26 0.6798419
12 32 2.3350096
12 24 0.06690689
12 21 0.16008677
12 3 0.059578225
12 1 13.427462
13 30 68.43174
13 0 0.9462707
13 8 1.4541171
13 18 116.402054
13 33 1.6070241
13 11 0.8806874
13 29 1.1311599
13 5 25.451216
13 34 74.05682
13 20 1.4299092
13 2 0.69524366
13 14 12.153375
13 37 1.2140151
13 7 2000.0
13 27 0.7002304
13 16 110.39439
13 25 0.2327385
14 30 8.0321045
14 20 1.0698823
14 13 12.153375
14 27 2.0006118
14 33 0.4800418
14 11 2000.0
14 25 2.0751214
15 32 0.068749405
15 24 163.33333
15 21 13.793104
16 30 1.650935
16 0 2000.0
16 20 19.08879
16 8 2.436621
16 18 1.2773985
16 7 1.030991
16 13 110.39439
16 27 1.6394678
16 11 0.94475657
16 23 3.9086256
16 25 1.0814846
16 5 2.0523987
17 6 10.561023
17 26 1.8421649
17 10 0.034961276
17 24 0.08089368
17 31 1.204639
17 9 0.03362087
17 4 0.115156546
17 19 3.4561415
18 0 2000.0
18 30 0.80729145
18 8 1.3571795
18 13 116.402054
18 11 23.910355
18 29 1.6092236
18 5 1.1694844
18 2 2.3041425
18 37 2.737185
18 7 2000.0
18 27 42.153408
18 16 1.2773985
18 23 1.4298992
19 28 160.0
19 31 0.076723166
19 9 0.066056296
19 17 3.4561415
19 4 0.06680755
20 0 2000.0
20 30 1.5611331
20 13 1.4299092
20 33 3.5274825
20 11 1.5730119
20 29 113.84889
20 5 3.1670327
20 34 1.5925689
20 2 4.360103
20 14 1.0698823
20 37 5.795864
20 7 73.70771
20 27 1.3923932
20 16 19.08879
20 25 0.6324836
21 26 2000.0
21 32 400.0
21 24 0.33054006
21 35 0.031827953
21 31 2000.0
21 12 0.16008677
21 15 13.793104
22 31 62.146244
22 9 0.052858274
22 19 2000.0
23 0 2000.0
23 30 1.326603
23 8 1.2298183
23 2 3.5890372
23 37 1.7882825
23 18 1.4298992
23 7 1.3322972
23 16 3.9086256
23 11 2000.0
23 29 1.0625
23 5 2.8151486
24 26 0.040294442
24 32 0.16400006
24 10 0.07764272
24 21 0.33054006
24 31 2000.0
24 12 0.06690689
24 3 600.0
24 15 163.33333
24 17 0.08089368
25 30 25.623362
25 0 22.967476
25 13 0.2327385
25 33 0.8929951
25 11 0.9147817
25 29 1.7790753
25 34 1.2937526
25 20 0.6324836
25 2 1.1407999
25 14 2.0751214
25 37 100.0
25 7 2.7738836
25 27 0.21835475
25 16 1.0814846
26 32 1096.0227
26 28 0.051816367
26 10 0.030040326
26 24 0.040294442
26 31 0.40367094
26 12 0.6798419
26 17 1.8421649
27 30 0.20683002
27 0 2000.0
27 8 1.1034893
27 18 42.153408
27 13 0.7002304
27 33 1.0213385
27 11 0.69467217
27 29 0.68985075
27 5 2.9669945
27 34 1.5432955
27 20 1.3923932
27 2 0.99859625
27 14 2.0006118
27 37 0.85794127
27 7 2781.4773
27 16 1.6394678
27 25 0.21835475
28 36 0.036686216
28 26 0.051816367
28 10 0.68649197
28 12 1594.9431
28 3 35.864204
28 9 1.04515
28 19 160.0
29 0 38.100224
29 30 1.0808452
29 8 1.0075345
29 18 1.6092236
29 13 1.1311599
29 33 11.535724
29 11 1.0523425
29 5 4.6843686
29 34 7.864454
29 20 113.84889
29 2 0.8210228
29 37 1.063591
29 7 900.00006
29 27 0.68985075
29 16 2000.0
29 23 1.0625
29 25 1.7790753
30 8 0.4753748
30 18 0.80729145
30 13 68.43174
30 33 7.3026376
30 11 1.3766835
30 29 1.0808452
30 5 0.7082899
30 34 1.0015775
30 20 1.5611331
30 2 20.838346
30 14 8.0321045
30 37 25.016386
30 7 1.279676
30 27 0.20683002
30 16 1.650935
30 23 1.326603
30 25 25.623362
31 26 0.40367094
31 6 0.3658712
31 10 0.9241162
31 22 62.146244
31 9 0.031404737
31 4 0.06670351
31 17 1.204639
31 19 0.076723166
32 26 1096.0227
32 24 0.16400006
32 21 400.0
32 12 2.3350096
32 15 0.068749405
33 30 7.3026376
33 8 2000.0
33 13 1.6070241
33 11 3.2794092
33 29 11.535724
33 34 2000.0
33 20 3.5274825
33 2 2.81661
33 14 0.4800418
33 7 2000.0
33 27 1.0213385
33 16 1971.0227
33 25 0.8929951
34 30 1.0015775
34 20 1.5925689
34 37 2000.0
34 13 74.05682
34 7 384.08383
34 27 1.5432955
34 16 2000.0
34 11 3.8016875
34 29 7.864454
34 25 1.2937526
34 5 2.8967009
35 21 0.031827953
35 31 1125.6819
36 28 0.036686216
36 3 0.3820901
36 9 0.35160282
37 30 25.016386
37 0 3.2541645
37 8 1.120676
37 18 2.737185
37 13 1.2140151
37 11 1.3671875
37 29 1.063591
37 5 64.36982
37 20 5.795864
37 2 1.010186
37 7 257.01562
37 27 0.85794127
37 16 2000.0
37 23 1.7882825
37 25 100.0
