0 2 0.8318577
0 8 400.0
0 37 1.5059496
0 13 0.8215619
0 25 51.338024
0 29 2.1169937
1 3 0.88189155
1 12 18.19253
2 30 17.55962
2 0 0.8318577
2 8 1.2119321
2 18 1.1723484
2 13 0.54510784
2 33 1.5013719
2 11 2.670627
2 29 0.81426543
2 20 3.5810711
2 37 0.89340734
2 27 692.89777
2 16 2000.0
2 23 62.45419
2 25 0.6032822
3 36 0.49714077
3 28 0.40510705
3 24 327.27274
3 12 0.0678595
3 1 0.88189155
3 9 0.335517
4 31 0.06412781
4 9 0.085687
4 17 0.13976333
4 19 0.084587075
5 30 0.6883872
5 8 0.70297027
5 18 1.1162859
5 13 52.84625
5 11 2.8431551
5 29 3.8555906
5 34 1.7859138
5 20 1.6205628
5 37 13.825811
5 7 12.686598
5 27 779.5454
5 16 1.8096356
5 23 8.376179
5 25 2000.0
6 31 0.122727275
6 17 1.0083528
7 30 0.6612982
7 20 26.480707
7 8 9.704503
7 16 1.0710428
7 23 1.4161968
7 11 74.00487
7 25 2.6310554
7 5 12.686598
8 0 400.0
8 30 0.7150309
8 18 1.0790832
8 13 2.6161819
8 11 0.81652737
8 29 0.5106694
8 5 0.70297027
8 34 18.415577
8 2 1.2119321
8 37 1.1655438
8 7 9.704503
8 27 1067.7273
8 16 1.4056723
8 23 1.7752551
8 25 2000.0
9 36 0.98313785
9 28 0.70747244
9 10 5.7430077
9 22 0.03674017
9 31 0.029204307
9 12 2000.0
9 3 0.335517
9 4 0.085687
9 17 0.048396114
9 19 0.08526516
10 26 35.795452
10 28 0.3416296
10 24 0.064727
10 31 9.525162
10 12 1427.5569
10 9 5.7430077
10 17 0.03083761
11 0 2000.0
11 30 0.9776516
11 8 0.81652737
11 18 3.537578
11 13 1.2716006
11 33 2.4202378
11 29 0.8568361
11 5 2.8431551
11 34 2.5866795
11 20 1.0807763
11 2 2.670627
11 37 1.6756675
11 7 74.00487
11 27 692.89777
11 16 1.225226
11 25 0.91421205
12 26 2000.0
12 32 8.212505
12 10 1427.5569
12 24 0.08426359
12 21 0.16661586
12 3 0.0678595
12 1 18.19253
13 30 322.27377
13 0 0.8215619
13 8 2.6161819
13 18 27.017218
13 33 1.4267614
13 11 1.2716006
13 29 0.82488096
13 5 52.84625
13 34 396.19247
13 20 1.2859199
13 2 0.54510784
13 14 5.5428452
13 37 0.99073744
13 7 2000.0
13 27 150.96591
13 16 65.21212
13 25 0.29253045
14 30 20.812254
14 20 1.3964429
14 13 5.5428452
14 27 5234.1475
14 33 0.4132395
14 11 2000.0
14 25 2.7442768
15 32 0.07319666
15 21 26.368338
16 34 56.646843
16 30 1.1033626
16 20 79.03421
16 8 1.4056723
16 18 1.2024213
16 7 1.0710428
16 13 65.21212
16 27 1119.8296
16 11 1.225226
16 23 3.2278335
16 25 1.3031185
16 5 1.8096356
17 6 1.0083528
17 26 1034.8864
17 10 0.03083761
17 24 0.051746637
17 31 0.9832112
17 9 0.048396114
17 4 0.13976333
17 19 65.34608
18 0 2000.0
18 30 0.6394792
18 8 1.0790832
18 13 27.017218
18 11 3.537578
18 29 0.87793785
18 5 1.1162859
18 2 1.1723484
18 37 2.4471972
18 7 2000.0
18 27 2000.0
18 16 1.2024213
18 23 1.1765648
19 28 69.67742
19 31 0.07917456
19 9 0.08526516
19 17 65.34608
19 4 0.084587075
20 30 2.948341
20 8 2000.0
20 13 1.2859199
20 33 1.2969272
20 11 1.0807763
20 29 4.247465
20 5 1.6205628
20 34 0.7927956
20 2 3.5810711
20 14 1.3964429
20 37 2.8867402
20 7 26.480707
20 27 957.6705
20 16 79.03421
20 25 0.8047699
21 24 0.93158156
21 35 0.034463488
21 12 0.16661586
21 15 26.368338
22 31 75.0
22 9 0.03674017
22 19 2000.0
23 0 2000.0
23 30 3.7487185
23 8 1.7752551
23 2 62.45419
23 37 3.7430394
23 18 1.1765648
23 7 1.4161968
23 16 3.2278335
23 11 2000.0
23 29 2.5295582
23 5 8.376179
24 26 37.045452
24 32 0.16310295
24 10 0.064727
24 21 0.93158156
24 3 327.27274
24 12 0.08426359
24 15 2000.0
24 17 0.051746637
25 30 13.030587
25 0 51.338024
25 13 0.29253045
25 33 0.6529694
25 11 0.91421205
25 29 1.682444
25 34 5.153487
25 20 0.8047699
25 2 0.6032822
25 14 2.7442768
25 7 2.6310554
25 27 229.14774
25 16 1.3031185
28 36 0.031473547
28 26 51.81818
28 10 0.3416296
28 3 0.40510705
28 12 1219.8296
28 9 0.70747244
28 19 69.67742
29 0 2.1169937
29 30 1.775106
29 8 0.5106694
29 18 0.87793785
29 13 0.82488096
29 11 0.8568361
29 5 3.8555906
29 34 5.511538
29 20 4.247465
29 2 0.81426543
29 37 1.0096004
29 7 2000.0
29 27 1898.9204
29 16 2000.0
29 23 2.5295582
29 25 1.682444
30 8 0.7150309
30 18 0.6394792
30 13 322.27377
30 33 8.872659
30 11 0.9776516
30 29 1.775106
30 5 0.6883872
30 34 0.7756241
30 20 2.948341
30 2 17.55962
30 14 20.812254
30 37 13.261533
30 7 0.6612982
30 27 147.78409
30 16 1.1033626
30 23 3.7487185
30 25 13.030587
31 26 2000.0
31 6 0.122727275
31 10 9.525162
31 35 27.728664
31 22 75.0
31 9 0.029204307
31 4 0.06412781
31 17 0.9832112
31 19 0.07917456
32 26 2000.0
32 24 0.16310295
32 21 2000.0
32 12 8.212505
32 15 0.07319666
33 30 8.872659
33 13 1.4267614
33 11 2.4202378
33 29 2034.6592
33 5 2000.0
33 34 2000.0
33 20 1.2969272
33 2 1.5013719
33 14 0.4132395
33 7 2000.0
33 27 698.2386
33 16 2619.6023
33 25 0.6529694
34 30 0.7756241
34 20 0.7927956
34 8 18.415577
34 37 2000.0
34 7 2000.0
34 13 396.19247
34 27 716.8182
34 16 56.646843
34 11 2.5866795
34 29 5.511538
34 25 5.153487
34 5 1.7859138
35 21 0.034463488
35 31 27.728664
36 28 0.031473547
36 3 0.49714077
36 9 0.98313785
37 30 13.261533
37 0 1.5059496
37 8 1.1655438
37 18 2.4471972
37 13 0.99073744
37 11 1.6756675
37 29 1.0096004
37 5 13.825811
37 20 2.8867402
37 2 0.89340734
37 7 2232.7273
37 27 725.7955
37 16 2000.0
37 23 3.7430394
37 25 1772.8408
