0 8 5.8449273
0 2 1.4729974
0 37 0.8569795
0 13 0.71208483
0 11 36.85756
0 29 8.700311
1 3 0.21400294
1 12 1202.159
2 30 19.8792
2 0 1.4729974
2 8 1.1413311
2 18 13.995239
2 13 0.29747102
2 33 1.2471492
2 11 0.76914644
2 29 1.0144193
2 20 4.5935965
2 37 0.58280236
2 27 0.5709271
2 16 2000.0
2 23 31.323324
2 25 3.4984272
3 36 0.2884243
3 28 0.09521943
3 24 90.00001
3 12 0.050701182
3 1 0.21400294
3 9 0.50082856
4 31 0.080580115
4 9 0.07911579
4 17 0.09154585
4 19 0.07850487
5 30 1.1267807
5 8 0.8220389
5 18 0.32078043
5 13 142.16298
5 11 3.028183
5 29 2.9496536
5 34 1.6535311
5 20 2.0752566
5 37 2000.0
5 7 5.7678223
5 27 5.285464
5 16 1.5382168
5 23 4.6987123
6 22 78.80996
6 31 0.7974433
6 17 0.7186575
7 34 8.809312
7 30 1.3757906
7 20 3.2869318
7 37 35.122124
7 27 226.30719
7 16 1.22692
7 11 6.0849433
7 23 1.0831553
7 25 8.727898
7 5 5.7678223
8 0 5.8449273
8 30 1.7044108
8 18 1.1837295
8 13 4.607764
8 11 5.617107
8 29 1.0669395
8 5 0.8220389
8 34 6.751099
8 2 1.1413311
8 37 1.1227894
8 7 2121.25
8 27 3.2633076
8 16 1.3640894
8 23 0.9470645
9 36 0.8143343
9 26 2000.0
9 28 1.7159563
9 10 33.4954
9 22 0.5469244
9 31 0.048646457
9 3 0.50082856
9 12 2000.0
9 17 0.32596228
9 4 0.07911579
9 19 0.083919376
10 26 0.047890987
10 28 1.8787183
10 24 0.29916266
10 31 0.04590517
10 12 10.135663
10 9 33.4954
10 17 0.031147541
11 0 36.85756
11 30 0.33946967
11 8 5.617107
11 18 10.160382
11 13 1.2624365
11 33 2.3077433
11 29 0.41366574
11 5 3.028183
11 34 2.0388358
11 20 2.6031327
11 2 0.76914644
11 37 1.1294192
11 7 6.0849433
11 27 1.141103
11 16 0.8901451
11 25 1.0055184
12 26 0.9736576
12 28 4.5817604
12 32 0.31484944
12 10 10.135663
12 24 0.06945617
12 21 0.12232965
12 3 0.050701182
13 30 1.607438
13 0 0.71208483
13 8 4.607764
13 18 132.01454
13 33 1.6775353
13 11 1.2624365
13 29 1.5067761
13 5 142.16298
13 34 8.622269
13 20 1.4882635
13 2 0.29747102
13 14 3.6766527
13 37 1.0167313
13 27 1.0077934
13 16 83.865555
13 25 0.65591246
14 20 1.4839847
14 13 3.6766527
14 27 4.380429
14 33 0.36755797
14 11 2000.0
14 25 1.8130575
15 32 0.07239623
15 21 0.9195906
16 0 2000.0
16 30 1.0643089
16 8 1.3640894
16 18 1.0610741
16 13 83.865555
16 11 0.8901451
16 29 39.723083
16 5 1.5382168
16 20 17.77775
16 37 25.833998
16 7 1.22692
16 27 1.3942499
16 23 5.323347
16 25 1.5542377
17 26 2.0571184
17 6 0.7186575
17 10 0.031147541
17 24 0.18011196
17 31 1.2033935
17 9 0.32596228
17 4 0.09154585
17 19 2.3152554
18 30 0.99390686
18 2 13.995239
18 8 1.1837295
18 37 1.0971862
18 7 2000.0
18 13 132.01454
18 27 6.317029
18 16 1.0610741
18 23 1.4260901
18 11 10.160382
18 29 1.6563996
18 5 0.32078043
19 31 0.09621334
19 9 0.083919376
19 17 2.3152554
19 4 0.07850487
20 30 33.772213
20 13 1.4882635
20 33 1.9888155
20 11 2.6031327
20 29 2.685235
20 5 2.0752566
20 34 1.6255101
20 2 4.5935965
20 14 1.4839847
20 37 4.993231
20 7 3.2869318
20 27 1.4786776
20 16 17.77775
20 25 0.7721835
21 26 2000.0
21 32 2000.0
21 10 2000.0
21 24 0.9162992
21 35 0.03459803
21 12 0.12232965
21 15 0.9195906
22 6 78.80996
22 31 1181.1932
22 9 0.5469244
22 19 1288.409
23 0 2000.0
23 30 0.91192585
23 2 31.323324
23 8 0.9470645
23 37 2.0379417
23 18 1.4260901
23 7 1.0831553
23 27 2000.0
23 16 5.323347
23 11 2000.0
23 29 2.4342802
23 5 4.6987123
24 26 0.08122696
24 32 0.1188607
24 28 2000.0
24 10 0.29916266
24 21 0.9162992
24 31 2.1969044
24 12 0.06945617
24 3 90.00001
24 15 2000.0
24 17 0.18011196
25 30 5.7380567
25 13 0.65591246
25 33 0.31797886
25 11 1.0055184
25 29 6.7902336
25 34 0.8542782
25 20 0.7721835
25 2 3.4984272
25 14 1.8130575
25 37 57.414207
25 7 8.727898
25 27 0.81841516
25 16 1.5542377
26 32 17.926641
26 28 0.05307602
26 10 0.047890987
26 24 0.08122696
26 31 0.07025231
26 12 0.9736576
26 17 2.0571184
27 0 2000.0
27 30 0.2406772
27 8 3.2633076
27 18 6.317029
27 13 1.0077934
27 33 1.4463834
27 11 1.141103
27 29 0.5474384
27 5 5.285464
27 34 1.1783655
27 20 1.4786776
27 2 0.5709271
27 14 4.380429
27 37 0.6633742
27 7 226.30719
27 16 1.3942499
27 25 0.81841516
28 36 0.036726903
28 26 0.05307602
28 10 1.8787183
28 3 0.09521943
28 12 4.5817604
28 9 1.7159563
29 0 8.700311
29 30 5.304204
29 8 1.0669395
29 18 1.6563996
29 13 1.5067761
29 11 0.41366574
29 5 2.9496536
29 34 6.1200275
29 20 2.685235
29 2 1.0144193
29 37 0.9989313
29 7 2000.0
29 27 0.5474384
29 16 39.723083
29 23 2.4342802
29 25 6.7902336
30 0 2000.0
30 8 1.7044108
30 18 0.99390686
30 13 1.607438
30 33 5.438329
30 11 0.33946967
30 29 5.304204
30 5 1.1267807
30 34 2.090324
30 20 33.772213
30 2 19.8792
30 37 11.629984
30 7 1.3757906
30 27 0.2406772
30 16 1.0643089
30 23 0.91192585
30 25 5.7380567
31 26 0.07025231
31 6 0.7974433
31 10 0.04590517
31 24 2.1969044
31 9 0.048646457
31 17 1.2033935
31 4 0.080580115
31 19 0.09621334
32 26 17.926641
32 24 0.1188607
32 12 0.31484944
32 15 0.07239623
33 34 2000.0
33 30 5.438329
33 20 1.9888155
33 2 1.2471492
33 14 0.36755797
33 7 2000.0
33 13 1.6775353
33 27 1.4463834
33 16 1249.4886
33 11 2.3077433
33 29 8077.4434
33 25 0.31797886
34 30 2.090324
34 20 1.6255101
34 8 6.751099
34 13 8.622269
34 7 8.809312
34 27 1.1783655
34 16 1215.0568
34 11 2.0388358
34 25 0.8542782
34 29 6.1200275
34 5 1.6535311
35 21 0.03459803
36 26 2000.0
36 28 0.036726903
36 3 0.2884243
36 9 0.8143343
37 30 11.629984
37 0 0.8569795
37 8 1.1227894
37 18 1.0971862
37 13 1.0167313
37 11 1.1294192
37 29 0.9989313
37 20 4.993231
37 2 0.58280236
37 7 35.122124
37 27 0.6633742
37 16 25.833998
37 23 2.0379417
37 25 57.414207
