0 2 1.2096244
0 37 3.5849411
0 13 1.381125
0 29 24.936804
0 25 8.482737
1 3 1.1707249
1 12 36.599842
2 30 14.848205
2 0 1.2096244
2 8 1.3415464
2 18 2.107936
2 13 0.70702046
2 33 2.0647373
2 11 1.6374533
2 29 1.295076
2 20 7.990893
2 37 1.0631976
2 27 0.98927885
2 16 2000.0
2 23 17.32197
2 25 0.61000544
3 36 0.25959846
3 28 16.20559
3 24 183.862
3 12 0.052542847
3 1 1.1707249
3 9 0.62270254
4 31 0.07651827
4 9 0.08184702
4 17 0.16928661
4 19 0.069137305
5 30 0.63741475
5 8 0.49011996
5 18 0.66457945
5 13 16.441887
5 11 3.072852
5 29 2.5572944
5 34 2.6593456
5 20 2.2319584
5 37 7.4764132
5 7 9.082528
5 27 2.474026
5 16 1.3623563
5 23 1.1279134
5 25 2000.0
6 22 2000.0
6 31 0.15683651
6 17 4.259107
7 34 180.00002
7 30 0.794029
7 20 521.6696
7 8 7.4043336
7 16 1.2719666
7 23 1.499029
7 11 206.85124
7 25 4.684512
7 5 9.082528
8 0 2000.0
8 30 0.4878758
8 18 1.2192724
8 13 1.3212311
8 11 0.91436124
8 29 0.34277198
8 5 0.49011996
8 34 30.342268
8 2 1.3415464
8 37 0.970504
8 7 7.4043336
8 27 1.1664187
8 16 1.5627712
8 23 0.7506658
8 25 2000.0
9 36 0.78495896
9 28 1.7151524
9 10 19.274689
9 22 0.112091735
9 31 0.03321655
9 3 0.62270254
9 4 0.08184702
9 17 0.049430314
9 19 0.07170088
10 26 0.030828547
10 28 0.6301363
10 24 0.15343077
10 31 16.663824
10 12 1145.7954
10 9 19.274689
10 17 0.038394734
11 0 2000.0
11 30 0.7093768
11 8 0.91436124
11 18 11.595233
11 13 0.6528156
11 33 2.2155845
11 29 0.9773786
11 5 3.072852
11 34 2.239163
11 20 1.6005803
11 2 1.6374533
11 37 1.6333408
11 7 206.85124
11 27 0.6077045
11 16 1.3473451
11 25 0.97474676
12 26 0.6797348
12 32 9.915368
12 24 0.06879949
12 21 0.11111789
12 3 0.052542847
12 1 36.599842
13 30 28.707636
13 0 1.381125
13 8 1.3212311
13 18 343.40765
13 33 0.88891757
13 11 0.6528156
13 29 0.64566475
13 5 16.441887
13 34 61.797344
13 20 1.6563584
13 2 0.70702046
13 14 8.646096
13 37 1.1930948
13 7 2000.0
13 27 0.27116612
13 16 24.014988
13 25 0.22815773
14 30 5.3635283
14 20 2.8351855
14 13 8.646096
14 27 3.2233775
14 33 0.6316753
14 25 3.5458608
15 32 0.06538018
15 24 168.96553
15 21 3.0661364
16 30 1.3292085
16 0 2000.0
16 8 1.5627712
16 18 1.3991513
16 13 24.014988
16 11 1.3473451
16 29 514.2857
16 5 1.3623563
16 34 83.08966
16 20 37.757576
16 7 1.2719666
16 27 1.4901875
16 23 6.11397
16 25 1.3812541
17 6 4.259107
17 26 1.795642
17 10 0.038394734
17 24 0.16616608
17 31 1.1306674
17 9 0.049430314
17 4 0.16928661
17 19 75.55114
18 0 2000.0
18 30 0.72379214
18 8 1.2192724
18 13 343.40765
18 11 11.595233
18 29 1.4645413
18 5 0.66457945
18 2 2.107936
18 37 2.3970592
18 7 2000.0
18 27 16.857033
18 16 1.3991513
18 23 1.4794481
19 31 0.10221589
19 9 0.07170088
19 17 75.55114
19 4 0.069137305
20 30 1.2161734
20 13 1.6563584
20 33 1.144799
20 11 1.6005803
20 29 7.1541767
20 5 2.2319584
20 34 0.7928016
20 2 7.990893
20 14 2.8351855
20 37 1.7903707
20 7 521.6696
20 27 0.75650024
20 16 37.757576
20 25 0.54207754
21 26 2000.0
21 32 900.00006
21 24 0.90905356
21 35 0.030268976
21 31 2000.0
21 12 0.11111789
21 15 3.0661364
22 31 2000.0
22 9 0.112091735
22 17 2000.0
22 19 2000.0
23 0 2000.0
23 30 3.21055
23 8 0.7506658
23 2 17.32197
23 37 2.1469784
23 18 1.4794481
23 7 1.499029
23 16 6.11397
23 29 0.87432474
23 5 1.1279134
24 26 0.04305447
24 32 0.2043193
24 10 0.15343077
24 21 0.90905356
24 31 2000.0
24 12 0.06879949
24 3 183.862
24 15 168.96553
24 17 0.16616608
25 30 12.590437
25 0 8.482737
25 13 0.22815773
25 33 1.0822368
25 11 0.97474676
25 29 1.8441277
25 34 1.6150012
25 20 0.54207754
25 2 0.61000544
25 14 3.5458608
25 37 209.70251
25 7 4.684512
25 27 0.23020455
25 16 1.3812541
26 32 15.282167
26 28 0.049889985
26 10 0.030828547
26 24 0.04305447
26 31 0.23513545
26 12 0.6797348
26 17 1.795642
27 30 0.17029685
27 0 2000.0
27 8 1.1664187
27 18 16.857033
27 13 0.27116612
27 33 0.8650105
27 11 0.6077045
27 29 0.663668
27 5 2.474026
27 34 1.0677477
27 20 0.75650024
27 2 0.98927885
27 14 3.2233775
27 37 0.9876988
27 7 2000.0
27 16 1.4901875
27 25 0.23020455
28 36 0.029650055
28 26 0.049889985
28 10 0.6301363
28 3 16.20559
28 12 1095.7955
28 9 1.7151524
28 19 1253.75
29 0 24.936804
29 30 0.81285214
29 8 0.34277198
29 18 1.4645413
29 13 0.64566475
29 33 7.859861
29 11 0.9773786
29 5 2.5572944
29 34 3.6866806
29 20 7.1541767
29 2 1.295076
29 37 0.98125577
29 7 2000.0
29 27 0.663668
29 16 514.2857
29 23 0.87432474
29 25 1.8441277
30 8 0.4878758
30 18 0.72379214
30 13 28.707636
30 33 9.47381
30 11 0.7093768
30 29 0.81285214
30 5 0.63741475
30 34 0.8904777
30 20 1.2161734
30 2 14.848205
30 14 5.3635283
30 37 15.111631
30 7 0.794029
30 27 0.17029685
30 16 1.3292085
30 23 3.21055
30 25 12.590437
31 26 0.23513545
31 6 0.15683651
31 10 16.663824
31 22 2000.0
31 9 0.03321655
31 4 0.07651827
31 17 1.1306674
31 19 0.10221589
32 26 15.282167
32 24 0.2043193
32 21 900.00006
32 12 9.915368
32 15 0.06538018
33 30 9.47381
33 8 2000.0
33 13 0.88891757
33 11 2.2155845
33 29 7.859861
33 34 2000.0
33 20 1.144799
33 2 2.0647373
33 14 0.6316753
33 7 2000.0
33 27 0.8650105
33 16 1971.0227
33 25 1.0822368
34 30 0.8904777
34 20 0.7928016
34 8 30.342268
34 37 2000.0
34 7 180.00002
34 13 61.797344
34 27 1.0677477
34 16 83.08966
34 11 2.239163
34 29 3.6866806
34 25 1.6150012
34 5 2.6593456
35 21 0.030268976
35 31 1075.1704
36 28 0.029650055
36 3 0.25959846
36 9 0.78495896
37 30 15.111631
37 0 3.5849411
37 8 0.970504
37 18 2.3970592
37 13 1.1930948
37 11 1.6333408
37 29 0.98125577
37 5 7.4764132
37 20 1.7903707
37 2 1.0631976
37 7 2977.443
37 27 0.9876988
37 16 2000.0
37 23 2.1469784
37 25 209.70251
