0 8 7.064579
0 2 1.3245339
0 37 0.7399955
0 13 0.68146133
0 11 51.53551
0 29 6.4820867
1 3 0.25125
1 12 1202.159
2 30 28.518171
2 0 1.3245339
2 8 1.5178543
2 18 6.3756766
2 13 1.1226104
2 33 1.5792134
2 11 1.5268973
2 29 1.3320204
2 20 4.2343326
2 37 0.9355627
2 27 0.4340314
2 23 28.13321
2 25 1.6158794
3 36 0.25990787
3 28 0.07864421
3 24 112.50001
3 12 0.053416986
3 1 0.25125
3 9 0.21509051
4 31 0.0834596
4 9 0.049748216
4 17 0.10328448
4 19 0.079651915
5 30 0.99732774
5 8 0.8353939
5 18 0.41983202
5 13 2000.0
5 11 2.1917934
5 29 2.958289
5 34 2.0604978
5 20 1.5455638
5 37 2000.0
5 7 3.8047633
5 27 1.6950068
5 16 1.4063883
5 23 11.040662
6 31 0.62970406
6 17 1.2940851
7 34 11.464941
7 30 0.863507
7 20 1.6499888
7 8 27.459091
7 37 17.234425
7 27 64.0
7 16 1.1988842
7 11 5.3163056
7 23 1.3128716
7 25 8.996617
7 5 3.8047633
8 0 7.064579
8 30 0.81653625
8 18 1.0011145
8 13 3.267449
8 11 1.3565584
8 29 1.2491087
8 5 0.8353939
8 34 2.5362785
8 2 1.5178543
8 37 0.88417757
8 7 27.459091
8 27 2.1403816
8 16 1.4491426
8 23 1.1708779
9 36 0.7691413
9 26 2000.0
9 28 1.0963119
9 10 4.428896
9 22 0.086914316
9 31 0.03021078
9 3 0.21509051
9 17 0.04055395
9 4 0.049748216
9 19 0.08069752
10 26 0.045836136
10 28 0.17481102
10 24 0.046815816
10 31 0.050416667
10 12 12.126273
10 9 4.428896
10 17 0.0323685
11 0 51.53551
11 30 0.34007686
11 8 1.3565584
11 18 9.720627
11 13 0.42331147
11 33 2.0208173
11 29 1.2468
11 5 2.1917934
11 34 1.8722976
11 20 0.5733482
11 2 1.5268973
11 37 1.2028003
11 7 5.3163056
11 27 0.35896263
11 16 0.8690292
11 25 0.77103233
12 26 0.58014643
12 28 3.0895832
12 32 0.29398203
12 10 12.126273
12 24 0.08007485
12 21 0.06949969
12 3 0.053416986
13 30 4.917495
13 0 0.68146133
13 8 3.267449
13 18 160.0
13 33 0.8194428
13 11 0.42331147
13 29 1.0546465
13 34 6.4213786
13 20 0.5752635
13 2 1.1226104
13 14 3.7707677
13 37 1.8332185
13 27 0.19654784
13 16 68.92592
13 25 0.9967847
14 20 1.6429925
14 13 3.7707677
14 27 3.8631392
14 33 0.4180927
14 11 2000.0
14 25 2.6217687
15 32 0.08548447
15 21 1.7236844
16 30 1.0671662
16 0 2000.0
16 8 1.4491426
16 18 0.749383
16 13 68.92592
16 11 0.8690292
16 29 74.41356
16 5 1.4063883
16 20 7.104167
16 37 60.699417
16 7 1.1988842
16 27 1.3823284
16 23 9.2980175
16 25 1.1370573
17 26 1.8233029
17 6 1.2940851
17 10 0.0323685
17 24 0.29019362
17 31 1.1626914
17 9 0.04055395
17 4 0.10328448
17 19 1.4990261
18 30 0.67797256
18 2 6.3756766
18 8 1.0011145
18 37 1.2215618
18 13 160.0
18 7 2000.0
18 27 3.53356
18 16 0.749383
18 23 1.7409544
18 11 9.720627
18 29 1.4269172
18 5 0.41983202
19 31 0.08147497
19 9 0.08069752
19 17 1.4990261
19 4 0.079651915
20 30 13.990946
20 13 0.5752635
20 33 1.5322732
20 11 0.5733482
20 29 6.149466
20 5 1.5455638
20 34 0.8690818
20 2 4.2343326
20 14 1.6429925
20 37 4.4145427
20 7 1.6499888
20 27 0.7191116
20 16 7.104167
20 25 0.465859
21 32 2000.0
21 10 2000.0
21 24 0.43346992
21 35 0.043883786
21 12 0.06949969
21 15 1.7236844
22 6 1141.4205
22 31 1478.0114
22 9 0.086914316
22 19 1330.5114
23 0 2000.0
23 30 1.2024288
23 2 28.13321
23 8 1.1708779
23 37 7.67385
23 18 1.7409544
23 7 1.3128716
23 16 9.2980175
23 11 2000.0
23 29 3.2576902
23 5 11.040662
24 26 0.069164865
24 32 0.11980111
24 10 0.046815816
24 21 0.43346992
24 31 10.757847
24 12 0.08007485
24 3 112.50001
24 15 515.7895
24 17 0.29019362
25 30 2.6294374
25 13 0.9967847
25 33 0.49673915
25 11 0.77103233
25 29 3.6515772
25 34 2.3771362
25 20 0.465859
25 2 1.6158794
25 14 2.6217687
25 37 84.32091
25 7 8.996617
25 27 0.95147127
25 16 1.1370573
26 36 326.16138
26 32 96.36179
26 28 0.056747157
26 10 0.045836136
26 24 0.069164865
26 31 0.081237175
26 12 0.58014643
26 17 1.8233029
27 0 2000.0
27 30 0.24913886
27 8 2.1403816
27 18 3.53356
27 13 0.19654784
27 33 0.8960228
27 11 0.35896263
27 29 0.97751856
27 5 1.6950068
27 34 0.9512931
27 20 0.7191116
27 2 0.4340314
27 14 3.8631392
27 37 0.92528903
27 7 64.0
27 16 1.3823284
27 25 0.95147127
28 36 0.029537518
28 26 0.056747157
28 10 0.17481102
28 3 0.07864421
28 12 3.0895832
28 9 1.0963119
29 0 6.4820867
29 30 4.1053843
29 8 1.2491087
29 18 1.4269172
29 13 1.0546465
29 11 1.2468
29 5 2.958289
29 34 3.2354317
29 20 6.149466
29 2 1.3320204
29 37 0.83708197
29 7 2000.0
29 27 0.97751856
29 16 74.41356
29 23 3.2576902
29 25 3.6515772
30 0 2000.0
30 8 0.81653625
30 18 0.67797256
30 13 4.917495
30 33 2.5402098
30 11 0.34007686
30 29 4.1053843
30 5 0.99732774
30 34 1.4029791
30 20 13.990946
30 2 28.518171
30 37 5.929645
30 7 0.863507
30 27 0.24913886
30 16 1.0671662
30 23 1.2024288
30 25 2.6294374
31 26 0.081237175
31 6 0.62970406
31 10 0.050416667
31 24 10.757847
31 9 0.03021078
31 17 1.1626914
31 4 0.0834596
31 19 0.08147497
32 26 96.36179
32 24 0.11980111
32 12 0.29398203
32 15 0.08548447
33 30 2.5402098
33 13 0.8194428
33 11 2.0208173
33 29 5608.125
33 5 2000.0
33 34 2000.0
33 20 1.5322732
33 2 1.5792134
33 14 0.4180927
33 7 2000.0
33 27 0.8960228
33 16 2000.0
33 25 0.49673915
34 30 1.4029791
34 20 0.8690818
34 8 2.5362785
34 13 6.4213786
34 7 11.464941
34 27 0.9512931
34 16 1215.0568
34 11 1.8722976
34 25 2.3771362
34 29 3.2354317
34 5 2.0604978
35 21 0.043883786
36 26 326.16138
36 28 0.029537518
36 3 0.25990787
36 9 0.7691413
37 30 5.929645
37 0 0.7399955
37 8 0.88417757
37 18 1.2215618
37 13 1.8332185
37 11 1.2028003
37 29 0.83708197
37 20 4.4145427
37 2 0.9355627
37 7 17.234425
37 27 0.92528903
37 16 60.699417
37 23 7.67385
37 25 84.32091
