0 2 1.0720351
0 37 3.0898438
0 13 0.88669425
0 29 21.370224
0 25 166.66667
1 3 1.0448681
1 12 1192.216
2 30 14.343213
2 0 1.0720351
2 8 1.2305211
2 18 2.1909964
2 13 0.6479731
2 33 1.9852033
2 11 1.6778462
2 29 1.2033039
2 20 3.3978274
2 37 1.025814
2 27 1.2712499
2 16 2000.0
2 23 21.657234
2 25 0.5262161
3 36 0.93805283
3 28 86.27697
3 24 2000.0
3 12 0.06901204
3 1 1.0448681
3 9 1.1178731
4 31 0.06550973
4 9 0.12059819
4 17 0.19338933
4 19 0.084181644
5 30 0.89833665
5 8 0.99843264
5 18 0.99215484
5 13 32.96326
5 11 4.020616
5 29 2.8139622
5 34 3.0000281
5 20 2.9370797
5 37 21.78502
5 7 26.450106
5 27 3.997582
5 16 2.2189415
5 23 11.297466
5 25 2000.0
6 31 0.15220295
6 17 6.684026
7 34 266.6667
7 30 1.5349294
7 20 34.042404
7 8 6.814909
7 37 41.37931
7 16 1.1987197
7 11 41.386368
7 23 2.1242826
7 25 2.9409351
7 29 800.0
7 5 26.450106
8 0 2000.0
8 30 0.3572262
8 18 1.7386558
8 13 1.9891481
8 11 1.4891312
8 29 0.4682896
8 5 0.99843264
8 34 35.841167
8 2 1.2305211
8 37 0.99106306
8 7 6.814909
8 27 1.6013514
8 16 1.5545056
8 23 1.2700629
8 25 2000.0
9 36 0.40726018
9 26 2000.0
9 28 1.434008
9 10 6.4419417
9 22 0.05477273
9 31 0.029502789
9 12 2000.0
9 3 1.1178731
9 4 0.12059819
9 17 0.033626895
9 19 0.09950514
10 26 0.03096591
10 28 0.30865988
10 24 0.07906576
10 31 3.9609108
10 12 120.941765
10 9 6.4419417
10 17 0.03077496
11 0 2000.0
11 30 0.6614678
11 8 1.4891312
11 18 10.464666
11 13 1.6047466
11 33 1.656997
11 29 0.9343599
11 5 4.020616
11 34 3.3333197
11 20 1.0990711
11 2 1.6778462
11 37 1.3259856
11 7 41.386368
11 27 0.7170455
11 16 1.0132178
11 25 0.47107533
12 26 0.6346592
12 32 3.1969695
12 28 160.48297
12 10 120.941765
12 24 0.06942996
12 21 0.2466896
12 3 0.06901204
13 30 30.675732
13 0 0.88669425
13 8 1.9891481
13 18 127.15768
13 33 1.1599634
13 11 1.6047466
13 29 0.9227986
13 5 32.96326
13 34 100.0
13 20 0.9563297
13 2 0.6479731
13 14 4.8854995
13 37 1.0475049
13 7 2000.0
13 27 0.3163641
13 16 4746.307
13 25 0.30188566
14 30 9.39722
14 20 1.1907774
14 13 4.8854995
14 27 3.449222
14 33 0.54643226
14 11 2000.0
14 25 1.5716268
15 32 0.07430003
15 21 15.658383
16 30 1.0845858
16 0 2000.0
16 8 1.5545056
16 18 3.4998405
16 13 4746.307
16 11 1.0132178
16 29 80.0
16 5 2.2189415
16 34 50.12116
16 20 48.10646
16 7 1.1987197
16 27 1.5253016
16 23 2.4163327
16 25 0.6985141
17 6 6.684026
17 26 1.9488635
17 10 0.03077496
17 24 0.07233324
17 31 0.9889479
17 9 0.033626895
17 4 0.19338933
17 19 2000.0
18 0 2000.0
18 30 0.7540759
18 8 1.7386558
18 13 127.15768
18 11 10.464666
18 29 1.4476731
18 5 0.99215484
18 2 2.1909964
18 37 4.3185563
18 7 2000.0
18 27 156.54631
18 16 3.4998405
18 23 1.6601669
19 28 159.32552
19 31 0.11122115
19 9 0.09950514
19 4 0.084181644
20 30 3.0955272
20 13 0.9563297
20 33 1.0837934
20 11 1.0990711
20 29 4.228372
20 5 2.9370797
20 34 0.9929447
20 2 3.3978274
20 14 1.1907774
20 37 3.3853521
20 7 34.042404
20 27 0.8061991
20 16 48.10646
20 25 0.4123386
21 32 2000.0
21 10 2000.0
21 24 0.55368555
21 35 0.035413567
21 31 2000.0
21 12 0.2466896
21 15 15.658383
22 31 294.11765
22 9 0.05477273
22 19 2000.0
23 0 2000.0
23 30 1.8811172
23 8 1.2700629
23 2 21.657234
23 37 1.0688654
23 18 1.6601669
23 7 2.1242826
23 16 2.4163327
23 11 2000.0
23 29 1.250332
23 5 11.297466
24 26 0.066403165
24 32 0.24676573
24 10 0.07906576
24 21 0.55368555
24 12 0.06942996
24 15 2000.0
24 17 0.07233324
25 0 166.66667
25 30 7.528662
25 13 0.30188566
25 33 0.48339358
25 11 0.47107533
25 29 1.2956785
25 34 2.7990339
25 20 0.4123386
25 2 0.5262161
25 14 1.5716268
25 37 126.70763
25 7 2.9409351
25 27 0.62510246
25 16 0.6985141
26 32 28.099928
26 28 0.058061413
26 10 0.03096591
26 24 0.066403165
26 31 0.1109504
26 12 0.6346592
26 17 1.9488635
27 30 0.2903926
27 0 2000.0
27 8 1.6013514
27 18 156.54631
27 13 0.3163641
27 33 0.79657733
27 11 0.7170455
27 29 1.357805
27 5 3.997582
27 34 1.2123271
27 20 0.8061991
27 2 1.2712499
27 14 3.449222
27 37 1.2528876
27 7 2000.0
27 16 1.5253016
27 25 0.62510246
28 36 0.03573189
28 26 0.058061413
28 10 0.30865988
28 3 86.27697
28 12 160.48297
28 9 1.434008
28 19 159.32552
29 0 21.370224
29 30 1.4768617
29 8 0.4682896
29 18 1.4476731
29 13 0.9227986
29 33 21.223715
29 11 0.9343599
29 5 2.8139622
29 34 3.2506266
29 20 4.228372
29 2 1.2033039
29 37 0.75602937
29 7 800.0
29 27 1.357805
29 16 80.0
29 23 1.250332
29 25 1.2956785
30 8 0.3572262
30 18 0.7540759
30 13 30.675732
30 33 6.3607183
30 11 0.6614678
30 29 1.4768617
30 5 0.89833665
30 34 0.83669156
30 20 3.0955272
30 2 14.343213
30 14 9.39722
30 37 8.578035
30 7 1.5349294
30 27 0.2903926
30 16 1.0845858
30 23 1.8811172
30 25 7.528662
31 26 0.1109504
31 6 0.15220295
31 10 3.9609108
31 22 294.11765
31 9 0.029502789
31 4 0.06550973
31 17 0.9889479
31 19 0.11122115
32 26 28.099928
32 24 0.24676573
32 21 2000.0
32 12 3.1969695
32 15 0.07430003
33 30 6.3607183
33 13 1.1599634
33 11 1.656997
33 29 21.223715
33 5 2000.0
33 34 2000.0
33 20 1.0837934
33 2 1.9852033
33 14 0.54643226
33 7 2000.0
33 27 0.79657733
33 16 2738.6362
33 25 0.48339358
34 30 0.83669156
34 20 0.9929447
34 8 35.841167
34 37 2000.0
34 7 266.6667
34 13 100.0
34 27 1.2123271
34 16 50.12116
34 11 3.3333197
34 29 3.2506266
34 25 2.7990339
34 5 3.0000281
35 21 0.035413567
35 31 1202.9546
36 28 0.03573189
36 3 0.93805283
36 9 0.40726018
37 30 8.578035
37 0 3.0898438
37 8 0.99106306
37 18 4.3185563
37 13 1.0475049
37 11 1.3259856
37 29 0.75602937
37 5 21.78502
37 20 3.3853521
37 2 1.025814
37 7 41.37931
37 27 1.2528876
37 16 1956.6316
37 23 1.0688654
37 25 126.70763
