0 8 8.294809
0 2 0.70134
0 37 0.70784956
0 13 0.89601994
0 11 35.544212
0 29 21.40445
1 3 0.35421556
1 12 1307.0454
2 30 11.161874
2 0 0.70134
2 8 1.0151453
2 18 16.898357
2 13 0.26366705
2 33 1.1676168
2 11 0.85396093
2 29 1.1480067
2 20 1.1901796
2 37 0.69682074
2 27 0.32165384
2 23 17.171791
2 25 1.5927508
3 36 0.24711938
3 28 0.10138525
3 24 180.00002
3 12 0.08739795
3 1 0.35421556
3 9 0.5513722
4 31 0.076577984
4 9 0.06487297
4 17 0.07503998
4 19 0.091113426
5 30 0.9166625
5 8 0.45682594
5 18 1.5431678
5 13 146.11952
5 11 2.590859
5 29 2.6184409
5 34 3.3805323
5 20 4.033276
5 37 2000.0
5 7 4.0762258
5 27 2.1050074
5 16 1.7900584
5 23 3.7075224
6 21 2000.0
6 31 0.33567074
6 17 0.95607376
7 34 8.691853
7 30 1.1054726
7 20 1.734288
7 8 37.341766
7 37 11.670226
7 27 80.0
7 16 1.0576655
7 11 6.5194926
7 23 0.9929396
7 25 5.269091
7 5 4.0762258
8 0 8.294809
8 30 0.6150987
8 18 1.0661951
8 13 6.6683755
8 11 2.905208
8 29 0.585384
8 5 0.45682594
8 34 4.8887596
8 2 1.0151453
8 37 1.1257223
8 7 37.341766
8 27 1.1804417
8 16 1.6349283
8 23 1.0768669
9 36 1.7738637
9 26 2000.0
9 28 1.3965603
9 10 14.906834
9 22 0.39407438
9 31 0.029803205
9 3 0.5513722
9 17 0.26894143
9 4 0.06487297
9 19 0.07791161
10 26 0.027990155
10 28 0.28718948
10 24 0.13426365
10 31 0.03645678
10 12 9.157966
10 9 14.906834
10 17 0.028612016
11 0 35.544212
11 30 0.40648115
11 8 2.905208
11 18 10.862759
11 13 0.44131252
11 33 2.2370093
11 29 0.8139379
11 5 2.590859
11 34 1.5954975
11 20 0.7222263
11 2 0.85396093
11 37 1.1756823
11 7 6.5194926
11 27 0.41244933
11 16 0.84944195
11 25 1.1295785
12 26 1.0499291
12 28 2.6827748
12 32 0.20575659
12 10 9.157966
12 24 0.08555665
12 21 0.0876304
12 3 0.08739795
13 0 0.89601994
13 30 2.8725653
13 8 6.6683755
13 18 177.22372
13 33 0.7932309
13 11 0.44131252
13 29 0.9553153
13 5 146.11952
13 34 6.622955
13 20 0.6115103
13 2 0.26366705
13 14 2.0823302
13 37 0.9713515
13 27 0.27167833
13 16 44.350212
13 25 0.67155516
14 20 0.7686282
14 13 2.0823302
14 27 3.10432
14 33 0.41863024
14 11 2000.0
14 25 1.7180872
15 32 0.07245235
15 21 0.93870914
16 30 1.1207861
16 0 2000.0
16 8 1.6349283
16 18 1.0067369
16 13 44.350212
16 11 0.84944195
16 29 10.354165
16 5 1.7900584
16 20 8.586448
16 37 16.986654
16 7 1.0576655
16 27 1.537087
16 23 4.60268
16 25 1.4533452
17 26 1.7456712
17 6 0.95607376
17 10 0.028612016
17 24 0.4951362
17 31 1.1562771
17 9 0.26894143
17 4 0.07503998
17 19 3.3374486
18 30 0.82059145
18 2 16.898357
18 8 1.0661951
18 37 1.0900819
18 13 177.22372
18 7 2000.0
18 27 4.875058
18 16 1.0067369
18 23 1.4651287
18 11 10.862759
18 29 1.0713178
18 5 1.5431678
19 31 0.06718517
19 9 0.07791161
19 17 3.3374486
19 4 0.091113426
20 30 68.1266
20 13 0.6115103
20 33 1.4278237
20 11 0.7222263
20 29 4.0234284
20 5 4.033276
20 34 0.858268
20 2 1.1901796
20 14 0.7686282
20 37 1.8309975
20 7 1.734288
20 27 0.6704369
20 16 8.586448
20 25 0.6159196
21 26 2000.0
21 32 2000.0
21 10 2000.0
21 24 0.91681945
21 35 0.035228603
21 12 0.0876304
21 15 0.93870914
22 6 1690.9092
22 31 1205.2842
22 9 0.39407438
22 19 1288.409
23 0 2000.0
23 30 0.98492646
23 2 17.171791
23 8 1.0768669
23 37 1.6217622
23 18 1.4651287
23 7 0.9929396
23 16 4.60268
23 11 2000.0
23 29 3.192023
23 5 3.7075224
24 26 0.04946566
24 32 0.08928031
24 10 0.13426365
24 21 0.91681945
24 31 2.0659153
24 3 180.00002
24 12 0.08555665
24 15 2000.0
24 17 0.4951362
25 30 6.302483
25 13 0.67155516
25 33 0.299152
25 11 1.1295785
25 29 4.9863296
25 34 0.8889632
25 20 0.6159196
25 2 1.5927508
25 14 1.7180872
25 37 123.463646
25 7 5.269091
25 27 0.7288224
25 16 1.4533452
26 36 100.0
26 32 16.904812
26 28 0.064425506
26 10 0.027990155
26 24 0.04946566
26 31 0.06402886
26 12 1.0499291
26 17 1.7456712
27 0 2000.0
27 30 0.6422503
27 8 1.1804417
27 18 4.875058
27 13 0.27167833
27 33 1.0690238
27 11 0.41244933
27 29 0.58562046
27 5 2.1050074
27 34 1.3318183
27 20 0.6704369
27 2 0.32165384
27 14 3.10432
27 37 0.7181129
27 7 80.0
27 16 1.537087
27 25 0.7288224
28 36 0.037744775
28 26 0.064425506
28 10 0.28718948
28 3 0.10138525
28 12 2.6827748
28 9 1.3965603
29 0 21.40445
29 30 2.6791582
29 8 0.585384
29 18 1.0713178
29 13 0.9553153
29 11 0.8139379
29 5 2.6184409
29 34 11.694969
29 20 4.0234284
29 2 1.1480067
29 37 0.9844704
29 7 2000.0
29 27 0.58562046
29 16 10.354165
29 23 3.192023
29 25 4.9863296
30 0 2000.0
30 8 0.6150987
30 18 0.82059145
30 13 2.8725653
30 33 1.4296057
30 11 0.40648115
30 29 2.6791582
30 5 0.9166625
30 34 1.1843208
30 20 68.1266
30 2 11.161874
30 37 10.368656
30 7 1.1054726
30 27 0.6422503
30 16 1.1207861
30 23 0.98492646
30 25 6.302483
31 26 0.06402886
31 6 0.33567074
31 10 0.03645678
31 24 2.0659153
31 9 0.029803205
31 17 1.1562771
31 4 0.076577984
31 19 0.06718517
32 26 16.904812
32 24 0.08928031
32 12 0.20575659
32 15 0.07245235
33 34 2000.0
33 30 1.4296057
33 20 1.4278237
33 2 1.1676168
33 14 0.41863024
33 7 2000.0
33 13 0.7932309
33 27 1.0690238
33 16 2270.3408
33 11 2.2370093
33 29 1419.8864
33 25 0.299152
34 30 1.1843208
34 20 0.858268
34 8 4.8887596
34 13 6.622955
34 7 8.691853
34 27 1.3318183
34 16 1215.0568
34 11 1.5954975
34 25 0.8889632
34 29 11.694969
34 5 3.3805323
35 21 0.035228603
36 26 100.0
36 28 0.037744775
36 3 0.24711938
36 9 1.7738637
37 30 10.368656
37 0 0.70784956
37 8 1.1257223
37 18 1.0900819
37 13 0.9713515
37 11 1.1756823
37 29 0.9844704
37 20 1.8309975
37 2 0.69682074
37 7 11.670226
37 27 0.7181129
37 16 16.986654
37 23 1.6217622
37 25 123.463646
