0 2 0.87751687
0 37 1.5056176
0 13 0.90735567
0 29 11.56603
0 25 13.31423
1 3 1.2428166
1 12 22.500002
2 30 14.632762
2 0 0.87751687
2 8 1.5958092
2 18 1.5371008
2 13 0.5464973
2 33 2.3945134
2 11 1.6886519
2 29 0.95183414
2 20 3.2615724
2 37 0.72252685
2 27 0.9464832
2 16 2000.0
2 23 7.778667
2 25 0.67564934
3 36 0.24153559
3 28 8.811039
3 24 2000.0
3 12 0.048689697
3 1 1.2428166
3 9 0.40306213
4 31 0.07270599
4 9 0.0966016
4 17 0.3412597
4 19 0.06872267
5 30 0.6013606
5 8 0.74532723
5 18 0.88713765
5 13 22.519985
5 11 1.1061016
5 29 3.7013588
5 34 7.7865157
5 20 1.9314204
5 37 8.285812
5 7 5.622633
5 27 0.9896437
5 16 1.6327862
5 23 2.110737
6 31 0.15275106
6 17 2.4031103
7 30 0.646962
7 20 70.790634
7 8 6.425275
7 37 291.71268
7 16 1.5638636
7 23 1.2558172
7 25 3.3802009
7 29 900.00006
7 5 5.622633
8 0 2000.0
8 30 0.50364834
8 18 1.1949422
8 13 2.1136181
8 11 1.0031859
8 29 0.30984205
8 5 0.74532723
8 34 15.9330845
8 2 1.5958092
8 37 0.9143006
8 7 6.425275
8 27 2.1035652
8 16 2.0553198
8 23 0.84865284
8 25 2000.0
9 36 0.32097405
9 26 2000.0
9 28 1.3889742
9 10 18.529263
9 22 0.06361497
9 31 0.0348571
9 3 0.40306213
9 12 2000.0
9 4 0.0966016
9 17 0.045729302
9 19 0.067433655
10 26 0.030091168
10 28 0.61271995
10 24 0.09474845
10 31 19.560638
10 12 1145.7954
10 9 18.529263
10 17 0.03355953
11 0 2000.0
11 30 1.1894561
11 8 1.0031859
11 18 5.919646
11 13 1.5403818
11 33 2.9041367
11 29 0.81033903
11 5 1.1061016
11 34 1.9081786
11 20 0.59310824
11 2 1.6886519
11 37 1.4521828
11 7 1631.4205
11 27 0.79829836
11 16 1.0468445
11 25 0.9635043
12 26 0.41387773
12 32 6.7464023
12 24 0.066917494
12 21 0.15574618
12 3 0.048689697
12 1 22.500002
13 30 52.97666
13 0 0.90735567
13 8 2.1136181
13 33 0.8830967
13 11 1.5403818
13 29 0.8149491
13 5 22.519985
13 34 150.0
13 20 1.9178865
13 2 0.5464973
13 14 6.9885154
13 37 0.9455741
13 7 2000.0
13 27 0.37661394
13 16 65.57481
13 25 0.27932006
14 30 9.80023
14 20 2.6005147
14 13 6.9885154
14 27 2.4509597
14 33 0.60660124
14 25 2.749366
15 32 0.06654126
15 24 88.888885
15 21 7.110215
16 30 2.0350482
16 0 2000.0
16 8 2.0553198
16 18 1.5107708
16 13 65.57481
16 11 1.0468445
16 5 1.6327862
16 34 95.49791
16 20 28.167665
16 7 1.5638636
16 27 1.5846472
16 23 3.7884367
16 25 1.1324761
17 6 2.4031103
17 26 1.831303
17 10 0.03355953
17 24 0.14473794
17 31 1.0301713
17 9 0.045729302
17 4 0.3412597
17 19 200.0
18 0 2000.0
18 30 0.6893604
18 8 1.1949422
18 13 2688.807
18 11 5.919646
18 29 0.9100224
18 5 0.88713765
18 2 1.5371008
18 37 1.7596507
18 7 2000.0
18 27 16.625452
18 16 1.5107708
18 23 1.1238163
19 31 0.096593924
19 9 0.067433655
19 4 0.06872267
19 17 200.0
20 30 2.306318
20 13 1.9178865
20 33 1.7767546
20 11 0.59310824
20 29 12.423777
20 5 1.9314204
20 34 1.0002143
20 2 3.2615724
20 14 2.6005147
20 37 2.2945218
20 7 70.790634
20 27 1.3810215
20 16 28.167665
20 25 0.5201902
21 26 2000.0
21 32 2000.0
21 10 2000.0
21 24 0.26427764
21 35 0.03058447
21 12 0.15574618
21 15 7.110215
22 31 114.28571
22 9 0.06361497
22 19 2000.0
23 0 2000.0
23 30 1.7392598
23 8 0.84865284
23 2 7.778667
23 37 1.208734
23 18 1.1238163
23 7 1.2558172
23 16 3.7884367
23 11 2000.0
23 29 1.3251774
23 5 2.110737
24 26 0.041284695
24 32 0.21703859
24 10 0.09474845
24 21 0.26427764
24 12 0.066917494
24 15 88.888885
24 17 0.14473794
25 30 22.563736
25 0 13.31423
25 13 0.27932006
25 33 0.87437415
25 11 0.9635043
25 29 1.0580579
25 34 1.4861581
25 20 0.5201902
25 2 0.67564934
25 14 2.749366
25 37 54.697517
25 7 3.3802009
25 27 0.28705022
25 16 1.1324761
26 32 15.849584
26 28 0.04268232
26 10 0.030091168
26 24 0.041284695
26 31 0.3342034
26 12 0.41387773
26 17 1.831303
27 30 0.19706269
27 0 2000.0
27 8 2.1035652
27 18 16.625452
27 13 0.37661394
27 33 1.1860887
27 11 0.79829836
27 29 0.83278817
27 5 0.9896437
27 34 0.86348414
27 20 1.3810215
27 2 0.9464832
27 14 2.4509597
27 37 0.80930513
27 7 2916.9885
27 16 1.5846472
27 25 0.28705022
28 36 0.03845209
28 26 0.04268232
28 10 0.61271995
28 3 8.811039
28 12 1095.7955
28 9 1.3889742
28 19 1238.2386
29 0 11.56603
29 30 1.7725097
29 8 0.30984205
29 18 0.9100224
29 13 0.8149491
29 33 8.172546
29 11 0.81033903
29 5 3.7013588
29 34 1.5945264
29 20 12.423777
29 2 0.95183414
29 37 0.71320796
29 7 900.00006
29 27 0.83278817
29 16 2000.0
29 23 1.3251774
29 25 1.0580579
30 8 0.50364834
30 18 0.6893604
30 13 52.97666
30 33 6.2101107
30 11 1.1894561
30 29 1.7725097
30 5 0.6013606
30 34 0.8846281
30 20 2.306318
30 2 14.632762
30 14 9.80023
30 37 11.342011
30 7 0.646962
30 27 0.19706269
30 16 2.0350482
30 23 1.7392598
30 25 22.563736
31 26 0.3342034
31 6 0.15275106
31 10 19.560638
31 35 25.745016
31 22 114.28571
31 9 0.0348571
31 4 0.07270599
31 17 1.0301713
31 19 0.096593924
32 26 15.849584
32 24 0.21703859
32 21 2000.0
32 12 6.7464023
32 15 0.06654126
33 34 2000.0
33 30 6.2101107
33 20 1.7767546
33 2 2.3945134
33 14 0.60660124
33 13 0.8830967
33 7 2000.0
33 27 1.1860887
33 16 1971.0227
33 11 2.9041367
33 29 8.172546
33 25 0.87437415
34 30 0.8846281
34 20 1.0002143
34 8 15.9330845
34 37 2000.0
34 13 150.0
34 7 2000.0
34 27 0.86348414
34 16 95.49791
34 11 1.9081786
34 29 1.5945264
34 25 1.4861581
34 5 7.7865157
35 21 0.03058447
35 31 25.745016
36 28 0.03845209
36 3 0.24153559
36 9 0.32097405
37 30 11.342011
37 0 1.5056176
37 8 0.9143006
37 18 1.7596507
37 13 0.9455741
37 11 1.4521828
37 29 0.71320796
37 5 8.285812
37 20 2.2945218
37 2 0.72252685
37 7 291.71268
37 27 0.80930513
37 16 2000.0
37 23 1.208734
37 25 54.697517
