0 8 7.534534
0 2 1.4752007
0 37 0.81005275
0 13 0.68238485
0 11 66.13784
0 29 31.503906
1 3 0.2427786
1 12 1202.159
2 30 59.56041
2 0 1.4752007
2 8 2.898979
2 18 5.5594316
2 13 0.4013068
2 33 7.0907574
2 11 0.5983957
2 29 1.0849388
2 20 1.8859708
2 37 0.7589022
2 27 0.42556697
2 23 171.3352
2 25 1.1686553
3 36 0.32849652
3 28 0.07406025
3 24 2000.0
3 12 0.0490561
3 1 0.2427786
3 9 0.1815707
4 31 0.07939522
4 9 0.06919905
4 17 0.0956905
4 19 0.09035624
5 30 0.651342
5 8 0.5980847
5 18 0.3377729
5 13 400.0
5 11 1.8207791
5 29 2.0292466
5 34 0.9341816
5 20 1.6837401
5 37 2000.0
5 7 4.7111473
5 27 1.2836221
5 16 1.3624827
5 23 6.908188
6 24 2000.0
6 22 71.98722
6 31 0.5687533
6 17 1.8406439
7 34 6.943363
7 30 1.0040096
7 20 1.5036417
7 8 67.52856
7 37 16.054667
7 27 100.0
7 16 1.2066426
7 11 6.505134
7 23 1.124807
7 25 11.194605
7 5 4.7111473
8 0 7.534534
8 30 0.8376323
8 18 0.9334459
8 13 2.2206738
8 11 0.7836556
8 29 0.3543864
8 5 0.5980847
8 34 1.6722809
8 2 2.898979
8 37 0.7004386
8 7 67.52856
8 27 1.1605604
8 16 1.3152658
8 23 1.0805075
9 36 0.8597962
9 26 2000.0
9 28 0.90345913
9 10 6.0257406
9 22 0.62600046
9 31 0.029587345
9 3 0.1815707
9 12 2000.0
9 17 0.04249053
9 4 0.06919905
9 19 0.06735253
10 26 0.033638287
10 28 0.15261932
10 24 0.04235432
10 31 0.04984095
10 12 10.417809
10 9 6.0257406
10 17 0.030942554
11 0 66.13784
11 30 0.3447901
11 8 0.7836556
11 18 6.127383
11 13 0.41045812
11 33 3.930355
11 29 0.73082614
11 5 1.8207791
11 34 1.8354765
11 20 0.7108118
11 2 0.5983957
11 37 1.271012
11 7 6.505134
11 27 0.42031744
11 16 1.1115793
11 25 1.0326179
12 26 1.3484279
12 28 4.1064014
12 32 0.2223248
12 10 10.417809
12 24 0.08324579
12 21 0.09090034
12 3 0.0490561
12 1 1202.159
13 30 4.176305
13 0 0.68238485
13 8 2.2206738
13 18 213.33333
13 33 1.2816108
13 11 0.41045812
13 29 0.7725118
13 5 400.0
13 34 7.1359925
13 20 0.5562418
13 2 0.4013068
13 14 7.914773
13 37 1.9456953
13 27 0.23886038
13 16 45.005257
13 25 0.72847617
14 20 1.9578782
14 13 7.914773
14 33 0.41520905
14 27 5.134513
14 11 2000.0
14 25 5.882468
15 32 0.07779974
15 21 1.3950821
16 0 2000.0
16 30 1.1020305
16 8 1.3152658
16 18 0.90163314
16 13 45.005257
16 11 1.1115793
16 29 22.381893
16 5 1.3624827
16 20 5.8721194
16 37 79.908104
16 7 1.2066426
16 27 1.2646979
16 23 9.383312
16 25 1.8196851
17 26 1.684908
17 6 1.8406439
17 10 0.030942554
17 24 0.21630819
17 31 1.2381874
17 9 0.04249053
17 4 0.0956905
17 19 2.9054651
18 30 0.65436167
18 2 5.5594316
18 8 0.9334459
18 37 1.1050665
18 13 213.33333
18 7 2000.0
18 27 2.203822
18 16 0.90163314
18 23 1.2232487
18 11 6.127383
18 29 1.3346978
18 5 0.3377729
19 31 0.08683249
19 9 0.06735253
19 17 2.9054651
19 4 0.09035624
20 30 11.480536
20 13 0.5562418
20 33 3.7334208
20 11 0.7108118
20 29 4.6268797
20 5 1.6837401
20 34 0.903346
20 2 1.8859708
20 14 1.9578782
20 37 1.8438603
20 7 1.5036417
20 27 0.3763447
20 16 5.8721194
20 25 0.53401387
21 32 2000.0
21 24 0.20249926
21 35 0.031720236
21 12 0.09090034
21 15 1.3950821
22 6 71.98722
22 31 1478.0114
22 9 0.62600046
22 19 1330.5114
23 0 2000.0
23 30 1.7444179
23 2 171.3352
23 8 1.0805075
23 37 2.1110356
23 18 1.2232487
23 7 1.124807
23 16 9.383312
23 11 2000.0
23 29 3.3650725
23 5 6.908188
24 26 0.06438951
24 32 0.13476913
24 10 0.04235432
24 21 0.20249926
24 31 8.793187
24 12 0.08324579
24 3 2000.0
24 15 2000.0
24 17 0.21630819
25 30 4.2608256
25 13 0.72847617
25 33 1.4200219
25 11 1.0326179
25 29 3.0224166
25 34 2.4668028
25 20 0.53401387
25 2 1.1686553
25 14 5.882468
25 37 114.069016
25 7 11.194605
25 27 0.7905517
25 16 1.8196851
26 32 19.294083
26 28 0.06523064
26 10 0.033638287
26 24 0.06438951
26 31 0.07294426
26 12 1.3484279
26 17 1.684908
27 0 2000.0
27 30 0.23521478
27 8 1.1605604
27 18 2.203822
27 13 0.23886038
27 33 1.0888171
27 11 0.42031744
27 29 0.5174361
27 5 1.2836221
27 34 0.97140497
27 20 0.3763447
27 2 0.42556697
27 14 5.134513
27 37 0.83176595
27 7 100.0
27 16 1.2646979
27 25 0.7905517
28 36 0.029490406
28 26 0.06523064
28 10 0.15261932
28 3 0.07406025
28 12 4.1064014
28 9 0.90345913
29 0 31.503906
29 30 2.6915793
29 8 0.3543864
29 18 1.3346978
29 13 0.7725118
29 33 2000.0
29 11 0.73082614
29 5 2.0292466
29 34 6.3426685
29 20 4.6268797
29 2 1.0849388
29 37 1.035302
29 7 2000.0
29 27 0.5174361
29 16 22.381893
29 23 3.3650725
29 25 3.0224166
30 0 2000.0
30 8 0.8376323
30 18 0.65436167
30 13 4.176305
30 33 5.4412875
30 11 0.3447901
30 29 2.6915793
30 5 0.651342
30 34 1.2622082
30 20 11.480536
30 2 59.56041
30 14 2000.0
30 37 3.2775278
30 7 1.0040096
30 27 0.23521478
30 16 1.1020305
30 23 1.7444179
30 25 4.2608256
31 26 0.07294426
31 6 0.5687533
31 10 0.04984095
31 24 8.793187
31 9 0.029587345
31 17 1.2381874
31 4 0.07939522
31 19 0.08683249
32 26 19.294083
32 24 0.13476913
32 12 0.2223248
32 15 0.07779974
33 34 2000.0
33 30 5.4412875
33 20 3.7334208
33 2 7.0907574
33 14 0.41520905
33 7 2000.0
33 13 1.2816108
33 27 1.0888171
33 16 2000.0
33 11 3.930355
33 29 2000.0
33 25 1.4200219
34 30 1.2622082
34 20 0.903346
34 8 1.6722809
34 13 7.1359925
34 7 6.943363
34 27 0.97140497
34 33 2000.0
34 16 1215.0568
34 11 1.8354765
34 25 2.4668028
34 29 6.3426685
34 5 0.9341816
35 21 0.031720236
36 26 1530.0
36 28 0.029490406
36 3 0.32849652
36 9 0.8597962
37 30 3.2775278
37 0 0.81005275
37 8 0.7004386
37 18 1.1050665
37 13 1.9456953
37 11 1.271012
37 29 1.035302
37 20 1.8438603
37 2 0.7589022
37 7 16.054667
37 27 0.83176595
37 16 79.908104
37 23 2.1110356
37 25 114.069016
