0 8 4.9950595
0 2 0.7885619
0 37 0.722891
0 13 0.83590025
0 11 29.280912
0 29 23.937176
1 3 0.20590177
1 12 1190.2273
2 0 0.7885619
2 30 10.909432
2 8 1.0864595
2 18 25.21524
2 13 0.38018042
2 33 1.2055354
2 11 1.3296558
2 29 0.9373266
2 20 2.6673255
2 37 0.7044112
2 27 0.53589803
2 16 2000.0
2 23 24.291227
2 25 1.3463469
3 36 0.24660921
3 28 0.09071617
3 24 360.00003
3 12 0.060250625
3 1 0.20590177
3 9 0.42926136
4 31 0.0795804
4 9 0.060483877
4 17 0.08080807
4 19 0.08399304
5 30 0.6244976
5 8 0.6786851
5 18 0.38188377
5 13 152.14146
5 11 3.0907912
5 29 4.5750937
5 34 0.7848722
5 20 4.046952
5 37 2000.0
5 7 7.3010416
5 27 1.4936384
5 16 1.7762756
5 23 2.30448
6 31 0.68975973
6 17 0.74989665
7 34 7.140792
7 30 1.5881488
7 20 1.4631054
7 8 41.10968
7 37 14.416753
7 16 0.79111683
7 11 3.5649865
7 23 1.0630487
7 25 3.5371547
7 5 7.3010416
8 0 4.9950595
8 30 1.1001397
8 18 1.0863392
8 13 3.4413078
8 11 1.8279352
8 29 0.7640454
8 5 0.6786851
8 34 3.1868443
8 2 1.0864595
8 37 0.8493784
8 7 41.10968
8 27 1.2306553
8 16 1.3005971
8 23 1.0507672
9 36 1.8912872
9 26 2000.0
9 28 1.6437271
9 10 3.912266
9 22 0.22032738
9 31 0.03150149
9 3 0.42926136
9 17 0.20407808
9 4 0.060483877
9 19 0.06747873
10 26 0.03313752
10 28 0.2298885
10 24 0.06652543
10 31 0.036391582
10 12 6.8855686
10 9 3.912266
10 17 0.031315204
11 0 29.280912
11 30 0.60514396
11 8 1.8279352
11 18 3.8892307
11 13 0.87611663
11 33 2.4967275
11 29 0.860113
11 5 3.0907912
11 34 2.2477977
11 20 1.9886639
11 2 1.3296558
11 37 1.1686763
11 7 3.5649865
11 27 0.67807376
11 16 0.6767648
11 25 0.8813348
12 26 1.9400606
12 28 3.7926137
12 32 0.26140627
12 10 6.8855686
12 24 0.07491198
12 21 0.09290584
12 3 0.060250625
13 0 0.83590025
13 30 1.6521097
13 8 3.4413078
13 18 81.24783
13 33 0.875104
13 11 0.87611663
13 29 0.77128714
13 5 152.14146
13 34 7.38426
13 20 0.56198853
13 2 0.38018042
13 14 3.1217606
13 37 0.8008003
13 27 0.19347072
13 16 44.24411
13 25 0.62755495
14 34 2000.0
14 20 1.1987672
14 13 3.1217606
14 27 2.1190972
14 33 0.5847202
14 11 2000.0
14 25 1.6904701
15 32 0.07998217
15 21 1.5117624
16 30 1.1032509
16 0 2000.0
16 8 1.3005971
16 18 0.9928386
16 13 44.24411
16 11 0.6767648
16 29 11.9857435
16 5 1.7762756
16 20 6.3881593
16 37 15.07152
16 7 0.79111683
16 27 1.6120236
16 23 5.6107078
16 25 1.2443359
17 26 1.9659091
17 6 0.74989665
17 10 0.031315204
17 24 0.30783436
17 31 1.2395685
17 9 0.20407808
17 4 0.08080807
17 19 3.7711391
18 30 0.736663
18 2 25.21524
18 8 1.0863392
18 37 1.2612879
18 7 2000.0
18 13 81.24783
18 27 3.898251
18 16 0.9928386
18 23 1.3158995
18 11 3.8892307
18 29 1.0799278
18 5 0.38188377
19 31 0.0835322
19 9 0.06747873
19 17 3.7711391
19 4 0.08399304
20 30 12.639269
20 13 0.56198853
20 33 1.6782947
20 11 1.9886639
20 29 2.120284
20 5 4.046952
20 34 0.9550134
20 2 2.6673255
20 14 1.1987672
20 37 2.7574434
20 7 1.4631054
20 27 0.8337227
20 16 6.3881593
20 25 1.7383561
21 32 2000.0
21 10 2000.0
21 24 0.28292763
21 35 0.05503447
21 12 0.09290584
21 15 1.5117624
22 6 1193.0681
22 31 1181.1932
22 9 0.22032738
22 19 1288.409
23 0 2000.0
23 30 0.9287426
23 2 24.291227
23 8 1.0507672
23 37 1.6720395
23 18 1.3158995
23 7 1.0630487
23 16 5.6107078
23 11 2000.0
23 29 2.1688817
23 5 2.30448
24 26 0.09735707
24 32 0.09811777
24 10 0.06652543
24 21 0.28292763
24 31 8.306124
24 3 360.00003
24 12 0.07491198
24 15 2000.0
24 17 0.30783436
25 30 10.824134
25 13 0.62755495
25 33 0.37697673
25 11 0.8813348
25 29 4.6357436
25 34 1.9778538
25 20 1.7383561
25 2 1.3463469
25 14 1.6904701
25 37 133.33334
25 7 3.5371547
25 27 0.72034526
25 16 1.2443359
26 36 423.52942
26 32 16.758247
26 28 0.051676735
26 10 0.03313752
26 24 0.09735707
26 31 0.06407736
26 12 1.9400606
26 17 1.9659091
27 0 2000.0
27 30 0.41894832
27 8 1.2306553
27 18 3.898251
27 13 0.19347072
27 33 1.0189232
27 11 0.67807376
27 29 0.67894936
27 5 1.4936384
27 34 0.9756586
27 20 0.8337227
27 2 0.53589803
27 14 2.1190972
27 37 0.67528445
27 7 353.6648
27 16 1.6120236
27 25 0.72034526
28 36 0.03810806
28 26 0.051676735
28 10 0.2298885
28 3 0.09071617
28 12 3.7926137
28 9 1.6437271
29 0 23.937176
29 30 2.7119434
29 8 0.7640454
29 18 1.0799278
29 13 0.77128714
29 11 0.860113
29 5 4.5750937
29 34 3.9771883
29 20 2.120284
29 2 0.9373266
29 37 0.7450125
29 7 2000.0
29 27 0.67894936
29 16 11.9857435
29 23 2.1688817
29 25 4.6357436
30 0 2000.0
30 8 1.1001397
30 18 0.736663
30 13 1.6521097
30 33 2.5146646
30 11 0.60514396
30 29 2.7119434
30 5 0.6244976
30 34 1.4793212
30 20 12.639269
30 2 10.909432
30 37 11.302388
30 7 1.5881488
30 27 0.41894832
30 16 1.1032509
30 23 0.9287426
30 25 10.824134
31 26 0.06407736
31 6 0.68975973
31 10 0.036391582
31 24 8.306124
31 9 0.03150149
31 17 1.2395685
31 4 0.0795804
31 19 0.0835322
32 26 16.758247
32 24 0.09811777
32 12 0.26140627
32 15 0.07998217
33 34 2000.0
33 30 2.5146646
33 20 1.6782947
33 2 1.2055354
33 14 0.5847202
33 7 2000.0
33 13 0.875104
33 27 1.0189232
33 16 1249.4886
33 11 2.4967275
33 29 8077.4434
33 25 0.37697673
34 30 1.4793212
34 20 0.9550134
34 8 3.1868443
34 13 7.38426
34 7 7.140792
34 27 0.9756586
34 16 1215.0568
34 11 2.2477977
34 25 1.9778538
34 29 3.9771883
34 5 0.7848722
35 21 0.05503447
36 26 423.52942
36 28 0.03810806
36 3 0.24660921
36 9 1.8912872
37 0 0.722891
37 30 11.302388
37 8 0.8493784
37 18 1.2612879
37 13 0.8008003
37 11 1.1686763
37 29 0.7450125
37 20 2.7574434
37 2 0.7044112
37 7 14.416753
37 27 0.67528445
37 16 15.07152
37 23 1.6720395
37 25 133.33334
