0 2 1.1097007
0 37 1.7982749
0 13 1.0054489
0 29 25.791842
0 25 23.382875
1 3 0.905497
1 12 13.373967
2 30 13.758556
2 0 1.1097007
2 8 1.2206831
2 18 1.9611772
2 13 0.5099922
2 33 3.084822
2 11 1.2630806
2 29 1.4914647
2 20 6.646029
2 37 0.830387
2 27 0.94530845
2 16 2000.0
2 23 11.29966
2 25 1.1761713
3 36 0.4856663
3 28 21.990307
3 24 2000.0
3 12 0.07957747
3 1 0.905497
3 9 0.19330233
4 31 0.08291847
4 9 0.06826166
4 17 0.15361804
4 19 0.077941716
5 30 0.84093666
5 8 0.8362
5 18 0.640682
5 13 22.329828
5 11 1.57565
5 29 2.046794
5 34 4.130122
5 20 1.4047247
5 37 8.769525
5 7 9.5933275
5 27 1.204247
5 16 1.3213345
5 23 1.5269096
5 25 2000.0
6 31 0.1879471
6 17 8.070327
7 34 143.50911
7 30 0.6891157
7 20 103.85228
7 8 5.156456
7 16 1.1922429
7 23 1.2600665
7 25 2.35417
7 5 9.5933275
8 0 2000.0
8 30 0.533541
8 18 1.2186552
8 13 1.658429
8 11 1.1437783
8 29 0.56272066
8 5 0.8362
8 34 21.868565
8 2 1.2206831
8 37 0.84223485
8 7 5.156456
8 27 0.6758616
8 16 1.6381772
8 23 1.2860225
8 25 2000.0
9 36 0.44533744
9 26 2000.0
9 28 0.8787608
9 10 25.281353
9 22 0.04901591
9 31 0.029930457
9 3 0.19330233
9 12 2000.0
9 4 0.06826166
9 17 0.04189675
9 19 0.06746069
10 26 0.030865971
10 28 0.22936219
10 24 0.095532104
10 31 12.019353
10 12 103.47274
10 9 25.281353
10 17 0.031020895
11 0 2000.0
11 30 0.5347988
11 8 1.1437783
11 18 5.7917633
11 13 0.92702025
11 33 4.4725895
11 29 0.84154594
11 5 1.57565
11 34 1.9784135
11 20 1.2257407
11 2 1.2630806
11 37 1.4016565
11 7 1391.4772
11 27 0.5214418
11 16 1.2220379
11 25 0.86933583
12 26 4.2545257
12 28 133.89952
12 32 2.199495
12 10 103.47274
12 24 0.06492852
12 21 0.4228813
12 3 0.07957747
12 1 13.373967
13 30 66.58719
13 0 1.0054489
13 8 1.658429
13 18 127.2047
13 33 0.91138667
13 11 0.92702025
13 29 1.3142564
13 5 22.329828
13 34 250.36366
13 20 1.5984468
13 2 0.5099922
13 14 5.4258184
13 37 1.6108406
13 7 2000.0
13 27 0.22847602
13 16 25.875246
13 25 0.27448195
14 30 5.784645
14 20 3.3060064
14 13 5.4258184
14 27 3.9597387
14 33 0.41722673
14 11 2000.0
14 25 2.461084
15 32 0.073045716
15 21 1.2142671
16 30 1.0741516
16 0 2000.0
16 8 1.6381772
16 18 1.3570955
16 13 25.875246
16 11 1.2220379
16 5 1.3213345
16 34 45.923992
16 20 22.568369
16 7 1.1922429
16 27 1.402094
16 23 3.0170162
16 25 0.8706019
17 6 8.070327
17 26 1.6042167
17 10 0.031020895
17 24 0.07064194
17 31 0.9732026
17 9 0.04189675
17 4 0.15361804
17 19 68.59757
18 0 2000.0
18 30 0.65986663
18 8 1.2186552
18 13 127.2047
18 11 5.7917633
18 29 1.3911004
18 5 0.640682
18 2 1.9611772
18 37 2.6580594
18 7 2000.0
18 27 14.93866
18 16 1.3570955
18 23 1.1345938
19 31 0.12225991
19 9 0.06746069
19 4 0.077941716
19 17 68.59757
20 0 2000.0
20 30 1.2056389
20 13 1.5984468
20 33 1.5599358
20 11 1.2257407
20 29 5.6519413
20 5 1.4047247
20 34 1.2031009
20 2 6.646029
20 14 3.3060064
20 37 4.019508
20 7 103.85228
20 27 1.899105
20 16 22.568369
20 25 0.55462676
21 24 1.1872101
21 35 0.0302943
21 31 2000.0
21 12 0.4228813
21 15 1.2142671
22 31 156.25
22 9 0.04901591
22 19 2000.0
23 30 1.0825573
23 0 2000.0
23 8 1.2860225
23 2 11.29966
23 37 1.3528929
23 18 1.1345938
23 7 1.2600665
23 16 3.0170162
23 11 2000.0
23 29 0.8374738
23 5 1.5269096
24 26 0.044412844
24 32 0.20857628
24 10 0.095532104
24 21 1.1872101
24 12 0.06492852
24 3 2000.0
24 15 2000.0
24 17 0.07064194
25 30 15.773285
25 0 23.382875
25 13 0.27448195
25 33 0.5270087
25 11 0.86933583
25 29 1.3384933
25 34 2.4847558
25 20 0.55462676
25 2 1.1761713
25 14 2.461084
25 37 60.9002
25 7 2.35417
25 27 0.2521051
25 16 0.8706019
26 32 28.461819
26 28 0.086811
26 10 0.030865971
26 24 0.044412844
26 31 0.23902287
26 12 4.2545257
26 17 1.6042167
27 30 0.3110218
27 0 2000.0
27 8 0.6758616
27 18 14.93866
27 13 0.22847602
27 33 0.7673449
27 11 0.5214418
27 29 0.5913596
27 5 1.204247
27 34 0.8719611
27 20 1.899105
27 2 0.94530845
27 14 3.9597387
27 37 0.9726726
27 7 2000.0
27 16 1.402094
27 25 0.2521051
28 36 0.032506406
28 26 0.086811
28 10 0.22936219
28 3 21.990307
28 12 133.89952
28 9 0.8787608
28 19 1375.625
29 0 25.791842
29 30 1.2423376
29 8 0.56272066
29 18 1.3911004
29 13 1.3142564
29 33 6.5680103
29 11 0.84154594
29 5 2.046794
29 34 4.378329
29 20 5.6519413
29 2 1.4914647
29 37 0.9910575
29 7 2000.0
29 27 0.5913596
29 16 2000.0
29 23 0.8374738
29 25 1.3384933
30 8 0.533541
30 18 0.65986663
30 13 66.58719
30 33 3.4366648
30 11 0.5347988
30 29 1.2423376
30 5 0.84093666
30 34 0.86575764
30 20 1.2056389
30 2 13.758556
30 14 5.784645
30 37 12.690303
30 7 0.6891157
30 27 0.3110218
30 16 1.0741516
30 23 1.0825573
30 25 15.773285
31 26 0.23902287
31 6 0.1879471
31 10 12.019353
31 35 28.597277
31 22 156.25
31 9 0.029930457
31 4 0.08291847
31 17 0.9732026
31 19 0.12225991
32 26 28.461819
32 24 0.20857628
32 12 2.199495
32 15 0.073045716
33 30 3.4366648
33 8 2000.0
33 13 0.91138667
33 11 4.4725895
33 29 6.5680103
33 5 2000.0
33 34 2000.0
33 20 1.5599358
33 2 3.084822
33 14 0.41722673
33 7 2000.0
33 27 0.7673449
33 16 3017.898
33 25 0.5270087
34 30 0.86575764
34 20 1.2031009
34 8 21.868565
34 37 2000.0
34 13 250.36366
34 7 143.50911
34 27 0.8719611
34 16 45.923992
34 11 1.9784135
34 29 4.378329
34 25 2.4847558
34 5 4.130122
35 21 0.0302943
35 31 28.597277
36 28 0.032506406
36 3 0.4856663
36 9 0.44533744
37 30 12.690303
37 0 1.7982749
37 8 0.84223485
37 18 2.6580594
37 13 1.6108406
37 11 1.4016565
37 29 0.9910575
37 5 8.769525
37 20 4.019508
37 2 0.830387
37 7 3187.1592
37 27 0.9726726
37 16 2000.0
37 23 1.3528929
37 25 60.9002
