0 2 0.94144034
0 37 7.2300353
0 13 0.9910322
0 29 23.097425
0 25 274.74637
1 3 1.1924465
1 12 30.000002
2 30 24.276308
2 0 0.94144034
2 8 1.9502949
2 18 3.458588
2 13 0.35602233
2 33 1.5966659
2 11 1.4203835
2 29 1.5075352
2 20 2.176341
2 37 0.8345373
2 27 0.5139351
2 16 2000.0
2 23 6.515673
2 25 0.50126266
3 36 0.60676676
3 28 44.76752
3 24 2000.0
3 12 0.06713594
3 1 1.1924465
3 9 0.31525093
4 31 0.06869489
4 9 0.06970722
4 17 0.18303382
4 19 0.09248323
5 30 0.88889205
5 8 1.3065435
5 18 1.4587578
5 13 31.439096
5 11 4.6423244
5 29 21.250484
5 34 1.9015784
5 20 2.9431627
5 37 17.945244
5 7 20.22474
5 27 3.3296733
5 16 1.7181818
5 23 8.202603
5 25 2000.0
6 31 0.21715909
6 17 7.8715034
7 30 1.8617551
7 20 19.345068
7 8 8.4718895
7 37 96.94068
7 16 1.3558358
7 23 1.4778467
7 11 115.1556
7 25 1.790881
7 5 20.22474
8 0 2000.0
8 30 0.49850845
8 18 1.5519923
8 13 3.6856997
8 11 1.5619898
8 29 0.6777049
8 5 1.3065435
8 34 53.15162
8 2 1.9502949
8 37 1.0348009
8 7 8.4718895
8 27 1.2060971
8 16 2.3350472
8 23 2.0692952
8 25 2000.0
9 36 0.45264715
9 26 2000.0
9 28 0.60474706
9 10 4.9111056
9 22 0.05339687
9 31 0.029647017
9 3 0.31525093
9 12 2000.0
9 4 0.06970722
9 17 0.03192641
9 19 0.07445044
10 26 0.04477249
10 28 0.81956005
10 24 0.0722226
10 31 0.44520295
10 12 44.392155
10 9 4.9111056
10 17 0.057365034
11 0 2000.0
11 30 0.74645734
11 8 1.5619898
11 18 3.8333135
11 13 0.99192315
11 33 2.2220073
11 29 1.5127536
11 5 4.6423244
11 34 1.2899277
11 20 1.4910907
11 2 1.4203835
11 37 1.4939332
11 7 115.1556
11 27 0.7908321
11 16 0.8993123
11 25 0.79904
12 26 1.3526884
12 32 4.6703196
12 10 44.392155
12 24 0.066754706
12 21 0.15527093
12 3 0.06713594
12 1 30.000002
13 30 24.451193
13 0 0.9910322
13 8 3.6856997
13 18 41.978935
13 33 0.84777415
13 11 0.99192315
13 29 0.8333725
13 5 31.439096
13 34 149.21288
13 20 1.2332381
13 2 0.35602233
13 14 3.800365
13 37 1.2746469
13 7 2000.0
13 27 0.3778515
13 16 97.07177
13 25 0.24288909
14 30 13.903791
14 20 1.7414368
14 13 3.800365
14 27 1.5636773
14 33 0.3923609
14 11 2000.0
14 25 1.5370456
15 32 0.074764214
15 21 7.590299
16 30 1.1296318
16 0 2000.0
16 8 2.3350472
16 18 5.8347
16 13 97.07177
16 11 0.8993123
16 5 1.7181818
16 34 124.47034
16 20 55.12052
16 7 1.3558358
16 27 1.542696
16 23 2.1569934
16 25 1.0618162
17 26 1.7424241
17 6 7.8715034
17 10 0.057365034
17 24 0.05776842
17 31 0.9988916
17 9 0.03192641
17 4 0.18303382
17 19 225.00002
18 0 2000.0
18 30 1.0614976
18 8 1.5519923
18 2 3.458588
18 37 4.889792
18 13 41.978935
18 27 82.62886
18 16 5.8347
18 11 3.8333135
18 23 1.6067889
18 29 1.9565477
18 5 1.4587578
19 28 62.138042
19 31 0.1066641
19 9 0.07445044
19 4 0.09248323
19 17 225.00002
20 30 4.120532
20 13 1.2332381
20 33 1.2115027
20 11 1.4910907
20 29 18.987114
20 5 2.9431627
20 34 0.8503783
20 2 2.176341
20 14 1.7414368
20 37 2.72702
20 7 19.345068
20 27 1.8289484
20 16 55.12052
20 25 0.5931289
21 26 2000.0
21 32 2000.0
21 24 0.8263326
21 35 0.036131892
21 31 2000.0
21 12 0.15527093
21 15 7.590299
22 31 102.00812
22 9 0.05339687
22 19 2000.0
23 0 2000.0
23 30 5.057593
23 8 2.0692952
23 2 6.515673
23 37 1.2066994
23 18 1.6067889
23 7 1.4778467
23 16 2.1569934
23 11 2000.0
23 29 1.7584599
23 5 8.202603
24 26 0.051974665
24 32 0.43977937
24 10 0.0722226
24 21 0.8263326
24 12 0.066754706
24 15 2000.0
24 17 0.05776842
25 30 14.463568
25 0 274.74637
25 13 0.24288909
25 33 0.4990885
25 11 0.79904
25 29 2.7030232
25 34 4.8564973
25 20 0.5931289
25 2 0.50126266
25 14 1.5370456
25 37 23.053907
25 7 1.790881
25 27 0.23831756
25 16 1.0618162
26 32 20.585714
26 28 0.05722854
26 10 0.04477249
26 24 0.051974665
26 31 0.16127126
26 12 1.3526884
26 17 1.7424241
27 30 0.2606912
27 0 2000.0
27 8 1.2060971
27 18 82.62886
27 13 0.3778515
27 33 1.0060863
27 11 0.7908321
27 29 0.7607578
27 5 3.3296733
27 34 0.92539173
27 20 1.8289484
27 2 0.5139351
27 14 1.5636773
27 37 1.0154915
27 7 2000.0
27 16 1.542696
27 25 0.23831756
28 36 0.042479485
28 26 0.05722854
28 10 0.81956005
28 3 44.76752
28 12 1204.8296
28 9 0.60474706
28 19 62.138042
29 0 23.097425
29 30 3.05337
29 8 0.6777049
29 18 1.9565477
29 13 0.8333725
29 33 38.68396
29 11 1.5127536
29 5 21.250484
29 34 3.2462454
29 20 18.987114
29 2 1.5075352
29 37 1.7074637
29 7 2000.0
29 27 0.7607578
29 16 2000.0
29 23 1.7584599
29 25 2.7030232
30 8 0.49850845
30 18 1.0614976
30 13 24.451193
30 33 7.712883
30 11 0.74645734
30 29 3.05337
30 5 0.88889205
30 34 0.8966485
30 20 4.120532
30 2 24.276308
30 14 13.903791
30 37 20.07764
30 7 1.8617551
30 27 0.2606912
30 16 1.1296318
30 23 5.057593
30 25 14.463568
31 26 0.16127126
31 6 0.21715909
31 10 0.44520295
31 35 118.34275
31 22 102.00812
31 21 2000.0
31 9 0.029647017
31 4 0.06869489
31 17 0.9988916
31 19 0.1066641
32 26 20.585714
32 24 0.43977937
32 12 4.6703196
32 15 0.074764214
33 30 7.712883
33 13 0.84777415
33 11 2.2220073
33 29 38.68396
33 5 2000.0
33 34 2000.0
33 20 1.2115027
33 2 1.5966659
33 14 0.3923609
33 7 2000.0
33 27 1.0060863
33 16 2738.6362
33 25 0.4990885
34 30 0.8966485
34 20 0.8503783
34 8 53.15162
34 37 2000.0
34 7 2000.0
34 13 149.21288
34 27 0.92539173
34 16 124.47034
34 11 1.2899277
34 29 3.2462454
34 25 4.8564973
34 5 1.9015784
35 21 0.036131892
35 31 118.34275
36 28 0.042479485
36 3 0.60676676
36 9 0.45264715
37 30 20.07764
37 0 7.2300353
37 8 1.0348009
37 18 4.889792
37 13 1.2746469
37 11 1.4939332
37 29 1.7074637
37 5 17.945244
37 20 2.72702
37 2 0.8345373
37 7 96.94068
37 27 1.0154915
37 16 2000.0
37 23 1.2066994
37 25 23.053907
