0 8 22.540356
0 2 0.90363574
0 37 0.77880096
0 13 0.7047834
0 11 103.61079
0 29 19.241776
0 25 200.0
1 3 0.3350558
1 12 69.42274
2 30 10.770291
2 0 0.90363574
2 8 1.1006002
2 18 9.69533
2 13 0.47813484
2 33 3.2984536
2 11 0.7896261
2 29 1.557985
2 20 2.1401255
2 37 0.9751072
2 27 0.47938436
2 16 2000.0
2 23 62.739586
2 25 1.7297704
3 36 0.25327983
3 28 0.10173796
3 24 553.8462
3 12 0.065099135
3 1 0.3350558
3 9 0.38654628
4 31 0.06830096
4 9 0.07605254
4 17 0.07050439
4 19 0.083601065
5 30 0.7392664
5 8 0.56871367
5 18 0.731779
5 13 2000.0
5 11 9.109877
5 29 2.0257874
5 34 1.7994462
5 20 2.0539734
5 37 2000.0
5 7 6.560404
5 27 1.4525901
5 16 1.2847503
5 23 4.619544
6 22 218.00769
6 31 1.4099739
6 17 1.7502812
7 34 10.268737
7 30 0.78860205
7 20 1.1745266
7 8 13.361707
7 37 23.139774
7 16 1.1092958
7 11 5.8296356
7 23 0.9256229
7 25 7.7346168
7 5 6.560404
8 0 22.540356
8 30 0.716468
8 18 1.2604133
8 13 1.5750935
8 11 1.1365019
8 29 0.3083432
8 5 0.56871367
8 34 7.689536
8 2 1.1006002
8 37 1.7208151
8 7 13.361707
8 27 0.78664553
8 16 1.6350243
8 23 0.988002
9 36 1.1218066
9 26 2000.0
9 28 2.7175395
9 10 7.0635676
9 22 0.3220055
9 31 0.03009501
9 3 0.38654628
9 17 0.04842875
9 4 0.07605254
9 19 0.0839678
10 26 0.03592586
10 28 0.30686194
10 24 0.08505364
10 31 0.039387513
10 12 9.840265
10 9 7.0635676
10 17 0.036969077
11 0 103.61079
11 30 0.511637
11 8 1.1365019
11 18 4.1986284
11 13 0.51766694
11 33 3.2265563
11 29 1.6821948
11 5 9.109877
11 34 2.5348127
11 20 0.7693268
11 2 0.7896261
11 37 1.5272408
11 7 5.8296356
11 27 0.58158207
11 16 0.8928861
11 25 1.1505009
12 26 2.3643882
12 28 4.588225
12 32 0.20389116
12 10 9.840265
12 24 0.06852082
12 21 0.067889035
12 3 0.065099135
12 1 69.42274
13 30 1.0477159
13 0 0.7047834
13 8 1.5750935
13 18 1151.166
13 33 0.7964359
13 11 0.51766694
13 29 0.9119821
13 34 7.708264
13 20 0.66487235
13 2 0.47813484
13 14 3.4082167
13 37 1.7881013
13 27 0.3276743
13 16 121.20816
13 25 0.50672436
14 34 2000.0
14 20 0.93453664
14 13 3.4082167
14 33 0.45574993
14 27 1.8551995
14 11 2000.0
14 25 2.6047273
15 32 0.06645021
15 21 1.8862604
16 30 1.1029993
16 0 2000.0
16 8 1.6350243
16 18 0.7858656
16 13 121.20816
16 11 0.8928861
16 29 56.737335
16 5 1.2847503
16 20 9.486953
16 37 60.62882
16 7 1.1092958
16 27 1.4024265
16 23 10.728918
16 25 1.4505786
17 26 1.9137574
17 6 1.7502812
17 10 0.036969077
17 24 0.22682555
17 31 1.1751229
17 9 0.04842875
17 4 0.07050439
17 19 1.9144677
18 30 0.7219088
18 2 9.69533
18 8 1.2604133
18 37 1.1938477
18 7 2000.0
18 13 1151.166
18 27 3.358613
18 16 0.7858656
18 23 1.7155839
18 11 4.1986284
18 29 1.0053818
18 5 0.731779
19 31 0.07490032
19 9 0.0839678
19 17 1.9144677
19 4 0.083601065
20 30 23.871023
20 13 0.66487235
20 33 1.0237414
20 11 0.7693268
20 29 2.4887245
20 5 2.0539734
20 34 0.7400935
20 2 2.1401255
20 14 0.93453664
20 37 6.980683
20 7 1.1745266
20 27 0.4350095
20 16 9.486953
20 25 0.43326643
21 32 2000.0
21 10 2000.0
21 24 0.09580722
21 35 0.036675222
21 12 0.067889035
21 15 1.8862604
22 6 218.00769
22 31 1076.3068
22 9 0.3220055
22 19 1056.0795
23 0 2000.0
23 30 2.6981156
23 2 62.739586
23 8 0.988002
23 37 2.247628
23 18 1.7155839
23 7 0.9256229
23 16 10.728918
23 11 2000.0
23 29 4.4762573
23 5 4.619544
24 26 0.079977274
24 32 0.1041837
24 28 2000.0
24 10 0.08505364
24 21 0.09580722
24 31 32.800087
24 3 553.8462
24 12 0.06852082
24 15 2000.0
24 17 0.22682555
25 0 200.0
25 30 1.7315032
25 13 0.50672436
25 33 0.6677053
25 11 1.1505009
25 29 3.1920202
25 34 1.5220532
25 20 0.43326643
25 2 1.7297704
25 14 2.6047273
25 37 8.317795
25 7 7.7346168
25 27 0.60711104
25 16 1.4505786
26 32 24.205303
26 28 0.036305856
26 10 0.03592586
26 24 0.079977274
26 31 0.08372635
26 12 2.3643882
26 17 1.9137574
27 0 2000.0
27 30 0.34305713
27 8 0.78664553
27 18 3.358613
27 13 0.3276743
27 33 1.3066223
27 11 0.58158207
27 29 0.8483195
27 5 1.4525901
27 34 1.9934173
27 20 0.4350095
27 2 0.47938436
27 14 1.8551995
27 37 1.4696254
27 7 3881.9885
27 16 1.4024265
27 25 0.60711104
28 36 0.042217392
28 26 0.036305856
28 10 0.30686194
28 3 0.10173796
28 12 4.588225
28 9 2.7175395
29 0 19.241776
29 30 6.097034
29 8 0.3083432
29 18 1.0053818
29 13 0.9119821
29 11 1.6821948
29 5 2.0257874
29 34 11.209972
29 20 2.4887245
29 2 1.557985
29 37 0.8015505
29 7 2000.0
29 27 0.8483195
29 16 56.737335
29 23 4.4762573
29 25 3.1920202
30 0 2000.0
30 8 0.716468
30 18 0.7219088
30 13 1.0477159
30 33 3.569575
30 11 0.511637
30 29 6.097034
30 5 0.7392664
30 34 1.7813194
30 20 23.871023
30 2 10.770291
30 14 2000.0
30 37 4.024127
30 7 0.78860205
30 27 0.34305713
30 16 1.1029993
30 23 2.6981156
30 25 1.7315032
31 26 0.08372635
31 6 1.4099739
31 10 0.039387513
31 24 32.800087
31 9 0.03009501
31 17 1.1751229
31 4 0.06830096
31 19 0.07490032
32 26 24.205303
32 24 0.1041837
32 12 0.20389116
32 15 0.06645021
33 30 3.569575
33 8 2000.0
33 13 0.7964359
33 11 3.2265563
33 29 3275.3408
33 34 2000.0
33 20 1.0237414
33 2 3.2984536
33 14 0.45574993
33 7 2000.0
33 27 1.3066223
33 16 2000.0
33 25 0.6677053
34 30 1.7813194
34 20 0.7400935
34 8 7.689536
34 7 10.268737
34 13 7.708264
34 27 1.9934173
34 16 2536.0227
34 11 2.5348127
34 25 1.5220532
34 29 11.209972
34 5 1.7994462
35 21 0.036675222
36 26 2000.0
36 28 0.042217392
36 3 0.25327983
36 9 1.1218066
37 30 4.024127
37 0 0.77880096
37 8 1.7208151
37 18 1.1938477
37 13 1.7881013
37 11 1.5272408
37 29 0.8015505
37 20 6.980683
37 2 0.9751072
37 7 23.139774
37 27 1.4696254
37 16 60.62882
37 23 2.247628
37 25 8.317795
