0 2 0.80033356
0 37 2.4772837
0 13 0.6948412
0 29 56.961037
0 25 26.11997
1 3 1.046701
1 12 22.11472
2 30 21.44252
2 0 0.80033356
2 8 1.281865
2 18 2.468559
2 13 0.49279675
2 33 1.65393
2 11 1.6708668
2 29 0.9860542
2 20 3.7417624
2 37 0.9738371
2 27 0.778584
2 16 2000.0
2 23 7.88125
2 25 0.67205256
3 36 0.6072155
3 28 11.467862
3 24 2000.0
3 12 0.057648692
3 1 1.046701
3 9 0.35536513
4 31 0.06850512
4 9 0.08922048
4 17 0.23390152
4 19 0.077565394
5 30 0.48647365
5 8 0.6632441
5 18 0.7948761
5 13 29.971548
5 11 3.513631
5 29 15.635537
5 34 2.7758424
5 20 1.9213661
5 37 42.623203
5 7 13.086158
5 27 1.9917502
5 16 1.1702096
5 23 2.6699302
5 25 2000.0
6 31 0.10879439
6 17 6.2499595
7 34 114.28571
7 30 0.96341604
7 20 19.04865
7 8 9.726011
7 16 1.1055993
7 23 1.7679307
7 11 114.28571
7 25 3.859126
7 5 13.086158
8 0 2000.0
8 30 0.3538497
8 18 1.2465411
8 13 2.0127468
8 11 1.1015145
8 29 0.98650885
8 5 0.6632441
8 34 26.110613
8 2 1.281865
8 37 0.9932588
8 7 9.726011
8 27 2.955569
8 16 1.6802154
8 23 1.2483243
8 25 2000.0
9 36 0.6936831
9 28 2.0777457
9 10 17.130028
9 22 0.07971303
9 31 0.03033645
9 12 2000.0
9 3 0.35536513
9 4 0.08922048
9 17 0.03858889
9 19 0.06861243
10 26 0.029367583
10 28 1.275771
10 24 0.069196425
10 31 6.2965198
10 12 1849.716
10 9 17.130028
10 17 0.029884532
11 0 2000.0
11 30 0.68694395
11 8 1.1015145
11 18 12.022509
11 13 1.4586513
11 33 1.8563747
11 29 0.6413935
11 5 3.513631
11 34 3.2348826
11 20 1.8994457
11 2 1.6708668
11 37 1.7010189
11 7 114.28571
11 27 0.68804824
11 16 1.2297235
11 25 0.9022429
12 26 0.9714292
12 32 5.2077556
12 28 144.78069
12 24 0.07624578
12 21 0.10290812
12 3 0.057648692
12 1 22.11472
13 30 78.56733
13 0 0.6948412
13 8 2.0127468
13 18 247.97804
13 33 1.0333799
13 11 1.4586513
13 29 0.6068838
13 5 29.971548
13 34 2000.0
13 20 1.5632892
13 2 0.49279675
13 14 5.7229085
13 37 1.4350436
13 7 2000.0
13 27 0.26419386
13 16 78.32415
13 25 0.23937987
14 30 8.471288
14 20 5.02503
14 13 5.7229085
14 27 1.1146153
14 33 0.4728788
14 25 1.9371955
15 32 0.079991885
15 21 6.0858054
16 0 2000.0
16 30 1.1394935
16 8 1.6802154
16 18 1.0230427
16 13 78.32415
16 11 1.2297235
16 29 533.3334
16 5 1.1702096
16 34 57.540447
16 20 41.22597
16 7 1.1055993
16 27 1.4872278
16 23 2.1758857
16 25 0.7222428
17 6 6.2499595
17 26 1.5494734
17 10 0.029884532
17 24 0.09798728
17 31 0.98291034
17 9 0.03858889
17 4 0.23390152
17 19 31.988804
18 0 2000.0
18 30 0.72172344
18 8 1.2465411
18 13 247.97804
18 11 12.022509
18 29 1.3866584
18 5 0.7948761
18 2 2.468559
18 37 3.0818424
18 7 2000.0
18 27 29.292828
18 16 1.0230427
18 23 1.3532008
19 31 0.09273094
19 9 0.06861243
19 17 31.988804
19 4 0.077565394
20 30 3.1417572
20 13 1.5632892
20 33 1.5076996
20 11 1.8994457
20 29 8.824352
20 5 1.9213661
20 34 1.008258
20 2 3.7417624
20 14 5.02503
20 37 2.6118207
20 7 19.04865
20 27 2.08178
20 16 41.22597
20 25 0.5495048
21 32 2000.0
21 24 1.1155256
21 35 0.043321535
21 31 2000.0
21 12 0.10290812
21 15 6.0858054
22 31 75.78948
22 9 0.07971303
22 19 2000.0
23 0 2000.0
23 30 1.6136075
23 8 1.2483243
23 2 7.88125
23 37 1.4468635
23 18 1.3532008
23 7 1.7679307
23 16 2.1758857
23 11 2000.0
23 29 1.3653527
23 5 2.6699302
24 26 0.03913497
24 32 0.28238147
24 10 0.069196425
24 21 1.1155256
24 12 0.07624578
24 15 2000.0
24 17 0.09798728
25 0 26.11997
25 30 8.059659
25 13 0.23937987
25 33 0.58763254
25 11 0.9022429
25 29 2.081163
25 34 2.5772083
25 20 0.5495048
25 2 0.67205256
25 14 1.9371955
25 37 28.43495
25 7 3.859126
25 27 0.3886912
25 16 0.7222428
26 32 140.89546
26 28 0.05418831
26 10 0.029367583
26 24 0.03913497
26 31 0.13862646
26 12 0.9714292
26 17 1.5494734
27 30 0.19811046
27 0 2000.0
27 8 2.955569
27 18 29.292828
27 13 0.26419386
27 33 0.72038484
27 11 0.68804824
27 29 0.87128407
27 5 1.9917502
27 34 1.5570574
27 20 2.08178
27 2 0.778584
27 14 1.1146153
27 37 1.1085672
27 7 2000.0
27 16 1.4872278
27 25 0.3886912
28 36 0.037314165
28 26 0.05418831
28 10 1.275771
28 3 11.467862
28 12 144.78069
28 9 2.0777457
28 19 1378.6932
29 0 56.961037
29 30 1.2792842
29 8 0.98650885
29 18 1.3866584
29 13 0.6068838
29 33 25.530201
29 11 0.6413935
29 5 15.635537
29 34 5.424107
29 20 8.824352
29 2 0.9860542
29 37 1.3716745
29 27 0.87128407
29 16 533.3334
29 23 1.3653527
29 25 2.081163
30 8 0.3538497
30 18 0.72172344
30 13 78.56733
30 33 6.7674026
30 11 0.68694395
30 29 1.2792842
30 5 0.48647365
30 34 0.87635493
30 20 3.1417572
30 2 21.44252
30 14 8.471288
30 37 26.502005
30 7 0.96341604
30 27 0.19811046
30 16 1.1394935
30 23 1.6136075
30 25 8.059659
31 26 0.13862646
31 6 0.10879439
31 10 6.2965198
31 35 64.76503
31 22 75.78948
31 9 0.03033645
31 4 0.06850512
31 17 0.98291034
31 19 0.09273094
32 26 140.89546
32 24 0.28238147
32 12 5.2077556
32 15 0.079991885
33 30 6.7674026
33 13 1.0333799
33 11 1.8563747
33 29 25.530201
33 5 2000.0
33 34 2000.0
33 20 1.5076996
33 2 1.65393
33 14 0.4728788
33 7 2000.0
33 27 0.72038484
33 16 3017.898
33 25 0.58763254
34 30 0.87635493
34 20 1.008258
34 8 26.110613
34 37 2000.0
34 7 114.28571
34 27 1.5570574
34 16 57.540447
34 11 3.2348826
34 29 5.424107
34 25 2.5772083
34 5 2.7758424
35 21 0.043321535
35 31 64.76503
36 28 0.037314165
36 3 0.6072155
36 9 0.6936831
37 30 26.502005
37 0 2.4772837
37 8 0.9932588
37 18 3.0818424
37 13 1.4350436
37 11 1.7010189
37 29 1.3716745
37 5 42.623203
37 20 2.6118207
37 2 0.9738371
37 7 2921.0227
37 27 1.1085672
37 16 2000.0
37 23 1.4468635
37 25 28.43495
