0 2 1.4754208
0 37 1.8274587
0 13 1.6940109
0 29 17.23666
0 25 18.360102
1 3 0.63957685
1 12 8.061652
2 30 66.67752
2 0 1.4754208
2 8 1.566215
2 18 3.485044
2 13 0.6178818
2 33 3.9093273
2 11 2.189357
2 29 1.3024379
2 20 7.803872
2 37 0.8310862
2 27 1.0351641
2 16 2000.0
2 23 34.922024
2 25 1.0796703
3 36 0.64077926
3 28 6.9794416
3 24 112.50001
3 12 0.06711259
3 1 0.63957685
3 9 0.5817772
4 31 0.06585148
4 9 0.08175078
4 17 0.1304537
4 19 0.073866546
5 30 0.53678036
5 8 0.4747785
5 18 1.0858071
5 13 28.945906
5 11 1.6830889
5 29 3.4064832
5 34 2.4478695
5 20 2.3782263
5 37 13.649706
5 7 8.16968
5 27 1.7323914
5 16 1.2963427
5 23 1.984653
5 25 2000.0
6 31 0.194406
6 17 1.6974975
7 34 360.00003
7 30 0.7341421
7 20 36.395855
7 8 5.828027
7 37 95.483986
7 16 1.1891205
7 23 1.4496539
7 25 3.6827934
7 5 8.16968
8 0 2000.0
8 30 0.43963918
8 18 1.3400928
8 13 1.3191483
8 11 1.4555186
8 29 0.21298738
8 5 0.4747785
8 34 29.31013
8 2 1.566215
8 37 0.791928
8 7 5.828027
8 27 1.4323206
8 16 1.3380234
8 23 0.91155404
8 25 2000.0
9 36 0.4852418
9 26 2000.0
9 28 0.9233568
9 10 52.380688
9 22 0.11440004
9 31 0.030536147
9 3 0.5817772
9 12 2000.0
9 4 0.08175078
9 17 0.03381917
9 19 0.06750541
10 26 0.031800468
10 28 0.2899832
10 24 0.07459893
10 31 12.198562
10 12 1741.1931
10 9 52.380688
10 17 0.031221896
11 0 2000.0
11 30 1.0930024
11 8 1.4555186
11 18 7.1529527
11 13 0.7674789
11 33 4.3743396
11 29 2.0073195
11 5 1.6830889
11 34 2.8715816
11 20 1.3323364
11 2 2.189357
11 37 1.8988689
11 7 1767.5568
11 27 1.0289314
11 16 1.3442006
11 25 1.0715005
12 26 4.3675323
12 32 4.4212985
12 24 0.07692248
12 21 0.38312674
12 3 0.06711259
12 1 8.061652
13 30 112.62338
13 0 1.6940109
13 8 1.3191483
13 18 218.18181
13 33 1.0490528
13 11 0.7674789
13 29 1.2153088
13 5 28.945906
13 34 86.50646
13 20 1.0408548
13 2 0.6178818
13 14 7.887267
13 37 1.0089728
13 7 2000.0
13 27 0.440488
13 16 32.998306
13 25 0.2844472
14 30 13.442938
14 20 2.572137
14 13 7.887267
14 27 5.7957125
14 33 0.3367775
14 11 2000.0
14 25 5.26232
15 32 0.06878535
15 21 7.9710736
16 30 1.0743694
16 0 2000.0
16 8 1.3380234
16 18 1.3982008
16 13 32.998306
16 11 1.3442006
16 5 1.2963427
16 34 54.924324
16 20 88.99766
16 7 1.1891205
16 27 1.2910917
16 23 2.9465911
16 25 1.3618622
17 6 1.6974975
17 26 1.3452688
17 10 0.031221896
17 24 0.17063491
17 31 0.947354
17 9 0.03381917
17 4 0.1304537
17 19 50.511368
18 0 2000.0
18 30 0.7747275
18 8 1.3400928
18 13 218.18181
18 11 7.1529527
18 29 1.1406082
18 5 1.0858071
18 2 3.485044
18 37 2.1392045
18 7 2000.0
18 27 14.486064
18 16 1.3982008
18 23 1.2069275
19 28 171.45848
19 31 0.07713332
19 9 0.06750541
19 17 50.511368
19 4 0.073866546
20 30 1.6326581
20 13 1.0408548
20 33 1.1551479
20 11 1.3323364
20 29 17.417057
20 5 2.3782263
20 34 0.9319695
20 2 7.803872
20 14 2.572137
20 37 2.01148
20 7 36.395855
20 27 0.99988514
20 16 88.99766
20 25 0.4105087
21 32 2000.0
21 24 0.9961813
21 35 0.05955663
21 12 0.38312674
21 15 7.9710736
22 31 66.66667
22 9 0.11440004
22 19 2000.0
23 30 2.035823
23 0 2000.0
23 8 0.91155404
23 2 34.922024
23 37 1.4087275
23 18 1.2069275
23 7 1.4496539
23 16 2.9465911
23 11 2000.0
23 29 1.3997144
23 5 1.984653
24 26 0.044886366
24 32 0.35201442
24 10 0.07459893
24 21 0.9961813
24 3 112.50001
24 12 0.07692248
24 15 2000.0
24 17 0.17063491
25 30 29.959442
25 0 18.360102
25 13 0.2844472
25 33 0.64304125
25 11 1.0715005
25 29 2.6264992
25 34 2.037192
25 20 0.4105087
25 2 1.0796703
25 14 5.26232
25 37 42.519318
25 7 3.6827934
25 27 0.37944493
25 16 1.3618622
26 32 69.21885
26 28 0.09754133
26 10 0.031800468
26 24 0.044886366
26 31 0.14005427
26 12 4.3675323
26 17 1.3452688
27 30 0.25393224
27 0 2000.0
27 8 1.4323206
27 18 14.486064
27 13 0.440488
27 33 0.99027234
27 11 1.0289314
27 29 0.6735266
27 5 1.7323914
27 34 1.1190063
27 20 0.99988514
27 2 1.0351641
27 14 5.7957125
27 37 1.0184883
27 7 2000.0
27 16 1.2910917
27 25 0.37944493
28 36 0.035364393
28 26 0.09754133
28 10 0.2899832
28 3 6.9794416
28 12 1209.4886
28 9 0.9233568
28 19 171.45848
29 0 17.23666
29 30 1.7312489
29 8 0.21298738
29 18 1.1406082
29 13 1.2153088
29 33 60.452274
29 11 2.0073195
29 5 3.4064832
29 34 2.3645895
29 20 17.417057
29 2 1.3024379
29 37 0.8726155
29 7 2000.0
29 27 0.6735266
29 16 2000.0
29 23 1.3997144
29 25 2.6264992
30 8 0.43963918
30 18 0.7747275
30 13 112.62338
30 33 9.606207
30 11 1.0930024
30 29 1.7312489
30 5 0.53678036
30 34 0.9315831
30 20 1.6326581
30 2 66.67752
30 14 13.442938
30 37 20.114513
30 7 0.7341421
30 27 0.25393224
30 16 1.0743694
30 23 2.035823
30 25 29.959442
31 26 0.14005427
31 6 0.194406
31 10 12.198562
31 22 66.66667
31 9 0.030536147
31 4 0.06585148
31 17 0.947354
31 19 0.07713332
32 26 69.21885
32 24 0.35201442
32 12 4.4212985
32 15 0.06878535
33 30 9.606207
33 8 2000.0
33 13 1.0490528
33 11 4.3743396
33 29 60.452274
33 34 2000.0
33 20 1.1551479
33 2 3.9093273
33 14 0.3367775
33 7 2000.0
33 27 0.99027234
33 16 3017.898
33 25 0.64304125
34 30 0.9315831
34 20 0.9319695
34 8 29.31013
34 37 2000.0
34 13 86.50646
34 7 360.00003
34 27 1.1190063
34 16 54.924324
34 11 2.8715816
34 29 2.3645895
34 25 2.037192
34 5 2.4478695
35 21 0.05955663
35 31 1111.875
36 28 0.035364393
36 3 0.64077926
36 9 0.4852418
37 30 20.114513
37 0 1.8274587
37 8 0.791928
37 18 2.1392045
37 13 1.0089728
37 11 1.8988689
37 29 0.8726155
37 5 13.649706
37 20 2.01148
37 2 0.8310862
37 7 95.483986
37 27 1.0184883
37 16 2000.0
37 23 1.4087275
37 25 42.519318
