0 8 13.514736
0 2 1.8162931
0 37 0.8477167
0 13 0.84301776
0 11 15.155256
0 29 10.159892
0 25 2000.0
1 3 0.28125
1 12 73.35208
2 30 16.21809
2 0 1.8162931
2 8 1.6506445
2 18 16.39666
2 13 0.42970407
2 33 2.1355908
2 11 0.7815414
2 29 1.215475
2 20 2.2258341
2 37 0.7338208
2 27 0.4469641
2 16 2000.0
2 23 30.439089
2 25 1.5937905
3 36 0.22194056
3 28 0.197325
3 24 450.00003
3 12 0.07072519
3 1 0.28125
3 9 0.39976665
4 31 0.08852638
4 9 0.067803234
4 17 0.0712319
4 19 0.07662472
5 30 0.66573423
5 8 0.81041026
5 18 0.64306605
5 13 2000.0
5 11 2.2590587
5 29 4.7659883
5 34 2.9614286
5 20 4.15812
5 37 2000.0
5 7 5.360625
5 27 2.9074674
5 16 1.4516776
5 23 18.171131
6 31 1.2477771
6 17 1.0358589
7 34 10.818256
7 30 0.8414341
7 20 2.2166102
7 8 44.444443
7 37 12.960391
7 27 60.416035
7 16 1.4052925
7 11 7.8114395
7 23 1.4625578
7 25 9.89941
7 5 5.360625
8 0 13.514736
8 30 0.6684418
8 18 1.6411816
8 13 4.387362
8 11 1.0215348
8 29 1.1392254
8 5 0.81041026
8 34 5.16511
8 2 1.6506445
8 37 1.091935
8 7 44.444443
8 27 1.0515966
8 16 1.4757969
8 23 1.1278602
9 36 1.1641377
9 26 2000.0
9 28 1.9441437
9 10 34.858395
9 22 0.33180168
9 31 0.029714465
9 3 0.39976665
9 17 0.043814152
9 4 0.067803234
9 19 0.11017687
10 26 0.033317808
10 28 0.18478721
10 24 0.043220732
10 31 0.047951307
10 12 13.851557
10 9 34.858395
10 17 0.040972944
11 0 15.155256
11 30 0.35630414
11 8 1.0215348
11 18 6.712607
11 13 1.415934
11 33 2.2804556
11 29 1.366683
11 5 2.2590587
11 34 2.4393275
11 20 1.211192
11 2 0.7815414
11 37 1.0560625
11 7 7.8114395
11 27 0.3554894
11 16 0.99700946
11 25 1.0187876
12 26 0.7276874
12 28 4.4503765
12 32 0.4473611
12 10 13.851557
12 24 0.078180246
12 21 0.103871346
12 3 0.07072519
12 1 73.35208
13 30 2.584203
13 0 0.84301776
13 8 4.387362
13 18 600.0
13 33 0.6907127
13 11 1.415934
13 29 1.4188654
13 5 2000.0
13 34 16.862928
13 20 0.92400825
13 2 0.42970407
13 14 2.4948065
13 37 2.5691955
13 27 0.54525566
13 16 227.18893
13 25 0.68445396
14 20 1.1598834
14 13 2.4948065
14 33 0.38998395
14 27 2.2120807
14 11 2000.0
14 25 2.1620705
15 32 0.07531403
15 21 1.1524633
16 30 1.0663099
16 0 2000.0
16 8 1.4757969
16 18 1.3674285
16 13 227.18893
16 11 0.99700946
16 29 32.13416
16 5 1.4516776
16 20 5.664339
16 37 189.54546
16 7 1.4052925
16 27 1.4138677
16 23 10.466685
16 25 1.3622096
17 26 1.9390287
17 6 1.0358589
17 10 0.040972944
17 24 0.13793157
17 31 1.3203497
17 9 0.043814152
17 4 0.0712319
17 19 1.9836497
18 30 0.7295135
18 0 2000.0
18 8 1.6411816
18 13 600.0
18 11 6.712607
18 29 1.0229387
18 5 0.64306605
18 2 16.39666
18 37 1.1838374
18 7 2000.0
18 27 3.5326753
18 16 1.3674285
18 23 1.48351
19 31 0.07483996
19 9 0.11017687
19 17 1.9836497
19 4 0.07662472
20 30 16.7737
20 13 0.92400825
20 33 1.1725472
20 11 1.211192
20 29 7.7759104
20 5 4.15812
20 34 0.87142265
20 2 2.2258341
20 14 1.1598834
20 37 2.0102673
20 7 2.2166102
20 27 0.5059843
20 16 5.664339
20 25 0.63011366
21 24 0.33455372
21 35 0.07069318
21 12 0.103871346
21 15 1.1524633
22 6 1612.4432
22 31 1207.8978
22 9 0.33180168
22 19 1394.0342
23 0 2000.0
23 30 1.1184642
23 2 30.439089
23 8 1.1278602
23 37 1.8956407
23 18 1.48351
23 7 1.4625578
23 16 10.466685
23 11 2000.0
23 29 5.8580275
23 5 18.171131
24 26 0.053430136
24 32 0.15792984
24 10 0.043220732
24 21 0.33455372
24 31 12.657546
24 12 0.078180246
24 3 450.00003
24 15 2000.0
24 17 0.13793157
25 30 4.033128
25 13 0.68445396
25 33 0.3730812
25 11 1.0187876
25 29 2.4969676
25 34 2.05572
25 20 0.63011366
25 2 1.5937905
25 14 2.1620705
25 37 23.104008
25 7 9.89941
25 27 0.65472674
25 16 1.3622096
26 32 70.87619
26 28 0.031705867
26 10 0.033317808
26 24 0.053430136
26 31 0.07676975
26 12 0.7276874
26 17 1.9390287
27 0 2000.0
27 30 0.26421487
27 8 1.0515966
27 18 3.5326753
27 13 0.54525566
27 33 1.0341365
27 11 0.3554894
27 29 0.88918597
27 5 2.9074674
27 34 1.6017884
27 20 0.5059843
27 2 0.4469641
27 14 2.2120807
27 37 0.7602079
27 7 60.416035
27 16 1.4138677
27 25 0.65472674
28 36 0.03319318
28 26 0.031705867
28 10 0.18478721
28 3 0.197325
28 12 4.4503765
28 9 1.9441437
29 0 10.159892
29 30 7.900188
29 8 1.1392254
29 18 1.0229387
29 13 1.4188654
29 11 1.366683
29 5 4.7659883
29 34 4.252607
29 20 7.7759104
29 2 1.215475
29 37 0.7705323
29 7 2000.0
29 27 0.88918597
29 16 32.13416
29 23 5.8580275
29 25 2.4969676
30 0 2000.0
30 8 0.6684418
30 18 0.7295135
30 13 2.584203
30 33 3.4323866
30 11 0.35630414
30 29 7.900188
30 5 0.66573423
30 34 1.951216
30 20 16.7737
30 2 16.21809
30 37 10.940332
30 7 0.8414341
30 27 0.26421487
30 16 1.0663099
30 23 1.1184642
30 25 4.033128
31 26 0.07676975
31 6 1.2477771
31 10 0.047951307
31 24 12.657546
31 9 0.029714465
31 17 1.3203497
31 4 0.08852638
31 19 0.07483996
32 26 70.87619
32 24 0.15792984
32 12 0.4473611
32 15 0.07531403
33 30 3.4323866
33 8 2000.0
33 13 0.6907127
33 11 2.2804556
33 29 1421.591
33 34 2000.0
33 20 1.1725472
33 2 2.1355908
33 14 0.38998395
33 7 2000.0
33 27 1.0341365
33 16 2000.0
33 25 0.3730812
34 30 1.951216
34 20 0.87142265
34 8 5.16511
34 13 16.862928
34 7 10.818256
34 27 1.6017884
34 16 5535.0566
34 11 2.4393275
34 25 2.05572
34 29 4.252607
34 5 2.9614286
35 21 0.07069318
36 26 1857.6704
36 28 0.03319318
36 3 0.22194056
36 9 1.1641377
37 30 10.940332
37 0 0.8477167
37 8 1.091935
37 18 1.1838374
37 13 2.5691955
37 11 1.0560625
37 29 0.7705323
37 20 2.0102673
37 2 0.7338208
37 7 12.960391
37 27 0.7602079
37 16 189.54546
37 23 1.8956407
37 25 23.104008
