0 8 10.227273
0 2 0.60780376
0 37 2.2772348
0 13 0.7723738
0 29 4.4290023
0 25 2000.0
1 3 0.21704546
1 12 14.807957
2 30 51.2394
2 0 0.60780376
2 8 2.4309704
2 18 8.595731
2 13 0.80535865
2 33 4.831053
2 11 1.7910106
2 29 0.8352571
2 20 2.4247003
2 37 1.3628428
2 27 2.46416
2 23 48.2303
2 25 2.3290348
3 36 0.22884813
3 28 0.095545106
3 24 411.22156
3 12 0.06759216
3 1 0.21704546
3 9 0.4444196
4 31 0.0777308
4 9 0.06687919
4 17 0.086474255
4 19 0.09992898
5 30 1.046641
5 8 1.5685983
5 18 1.3828211
5 13 252.75569
5 11 13.573116
5 29 6.6157727
5 34 6.0394745
5 20 4.1901793
5 37 2000.0
5 7 32.69457
5 27 2.8411558
5 16 1.6882133
5 23 8.3903885
6 22 73.09354
6 31 1.1892245
6 17 1.0236259
7 34 25.775667
7 30 1.199198
7 20 7.352613
7 8 71.360085
7 37 13.793789
7 27 128.20514
7 16 1.3699969
7 11 6.6534333
7 23 2.0469413
7 25 15.8171625
7 5 32.69457
8 0 10.227273
8 30 0.7048485
8 18 2.115504
8 13 8.011589
8 11 3.6901248
8 29 1.3794643
8 5 1.5685983
8 34 12.195105
8 2 2.4309704
8 37 1.2871563
8 7 71.360085
8 27 4.2259107
8 16 1.4992902
8 23 1.3367409
9 36 0.9425947
9 26 2000.0
9 28 1.2789588
9 10 7.342742
9 22 0.3144391
9 31 0.031530093
9 3 0.4444196
9 12 2000.0
9 17 0.053642258
9 4 0.06687919
9 19 0.05376954
10 26 0.049770378
10 28 0.4617847
10 24 0.06858046
10 31 0.033119235
10 12 2.4459364
10 9 7.342742
10 17 0.040561717
11 0 2000.0
11 30 1.6610659
11 8 3.6901248
11 18 11.487483
11 13 1.2926956
11 33 2.4753897
11 29 1.2222137
11 5 13.573116
11 34 5.8155093
11 20 1.8024276
11 2 1.7910106
11 37 1.6713293
11 7 6.6534333
11 27 0.7867119
11 16 1.9463383
11 25 2.095035
12 26 3.0281398
12 28 5.1303864
12 32 0.32138154
12 10 2.4459364
12 24 0.08709492
12 21 0.080166906
12 3 0.06759216
12 1 14.807957
13 30 17.598845
13 0 0.7723738
13 8 8.011589
13 18 1028.5714
13 33 0.7327706
13 11 1.2926956
13 29 1.1678792
13 5 252.75569
13 34 10.056701
13 20 0.78938264
13 2 0.80535865
13 14 4.386064
13 37 5.295752
13 27 0.41562283
13 16 531.11176
13 25 0.6306041
14 20 1.5966761
14 13 4.386064
14 33 0.6250852
14 27 2.2845707
14 11 2000.0
14 25 3.6576848
15 32 0.080317296
15 21 11.358338
16 0 2000.0
16 30 1.1217605
16 8 1.4992902
16 18 1.2509384
16 11 1.9463383
16 29 266.6667
16 5 1.6882133
16 34 367.50928
16 20 19.559998
16 37 181.48148
16 7 1.3699969
16 27 1.7100348
16 23 7.293877
16 25 1.893648
17 26 1.9389929
17 6 1.0236259
17 10 0.040561717
17 24 0.2177497
17 31 1.3851628
17 9 0.053642258
17 4 0.086474255
17 19 3.7793832
18 30 1.116177
18 2 8.595731
18 8 2.115504
18 37 1.5689098
18 13 1028.5714
18 7 2000.0
18 27 5.93334
18 16 1.2509384
18 23 1.5402973
18 11 11.487483
18 29 1.1116288
18 5 1.3828211
19 31 0.08432729
19 9 0.05376954
19 17 3.7793832
19 4 0.09992898
20 30 7.7491417
20 0 2000.0
20 13 0.78938264
20 33 3.208722
20 11 1.8024276
20 29 1.7740294
20 5 4.1901793
20 34 1.3782289
20 2 2.4247003
20 14 1.5966761
20 37 19.991934
20 7 7.352613
20 27 0.7049734
20 16 19.559998
20 25 0.9165436
21 26 2000.0
21 32 2000.0
21 10 2000.0
21 24 0.05445076
21 35 0.046780616
21 12 0.080166906
21 15 11.358338
22 6 73.09354
22 31 1121.8182
22 9 0.3144391
22 19 1594.4319
23 0 2000.0
23 30 1.0346459
23 2 48.2303
23 8 1.3367409
23 37 6.2937
23 18 1.5402973
23 7 2.0469413
23 16 7.293877
23 11 2000.0
23 29 3.2441697
23 5 8.3903885
24 26 0.068574384
24 32 0.089508645
24 28 2000.0
24 10 0.06858046
24 21 0.05445076
24 31 9.263577
24 3 411.22156
24 12 0.08709492
24 15 2000.0
24 17 0.2177497
25 0 2000.0
25 30 13.16443
25 13 0.6306041
25 33 0.8192622
25 11 2.095035
25 29 7.5750403
25 34 7.6820636
25 20 0.9165436
25 2 2.3290348
25 14 3.6576848
25 37 73.69344
25 7 15.8171625
25 27 0.7803694
25 16 1.893648
26 32 33.361687
26 28 0.08506232
26 10 0.049770378
26 24 0.068574384
26 31 0.0800313
26 12 3.0281398
26 17 1.9389929
27 0 2000.0
27 30 0.21856092
27 8 4.2259107
27 18 5.93334
27 13 0.41562283
27 33 1.1265993
27 11 0.7867119
27 29 0.5063174
27 5 2.8411558
27 34 2.055093
27 20 0.7049734
27 2 2.46416
27 14 2.2845707
27 37 5.569163
27 7 128.20514
27 16 1.7100348
27 25 0.7803694
28 36 0.04144633
28 26 0.08506232
28 10 0.4617847
28 3 0.095545106
28 12 5.1303864
28 9 1.2789588
29 0 4.4290023
29 30 13.586821
29 8 1.3794643
29 18 1.1116288
29 13 1.1678792
29 11 1.2222137
29 5 6.6157727
29 34 4.1131754
29 20 1.7740294
29 2 0.8352571
29 37 0.9542011
29 7 2000.0
29 27 0.5063174
29 16 266.6667
29 23 3.2441697
29 25 7.5750403
30 0 2000.0
30 8 0.7048485
30 18 1.116177
30 13 17.598845
30 33 2.5220716
30 11 1.6610659
30 29 13.586821
30 5 1.046641
30 34 4.403079
30 20 7.7491417
30 2 51.2394
30 14 2000.0
30 37 11.692093
30 7 1.199198
30 27 0.21856092
30 16 1.1217605
30 23 1.0346459
30 25 13.16443
31 26 0.0800313
31 6 1.1892245
31 10 0.033119235
31 24 9.263577
31 9 0.031530093
31 17 1.3851628
31 4 0.0777308
31 19 0.08432729
32 26 33.361687
32 24 0.089508645
32 12 0.32138154
32 15 0.080317296
33 34 2000.0
33 30 2.5220716
33 20 3.208722
33 2 4.831053
33 14 0.6250852
33 7 2000.0
33 13 0.7327706
33 27 1.1265993
33 16 2000.0
33 11 2.4753897
33 29 1351.0227
33 25 0.8192622
34 30 4.403079
34 20 1.3782289
34 8 12.195105
34 7 25.775667
34 13 10.056701
34 27 2.055093
34 16 367.50928
34 11 5.8155093
34 25 7.6820636
34 29 4.1131754
34 5 6.0394745
35 21 0.046780616
36 26 2000.0
36 28 0.04144633
36 3 0.22884813
36 9 0.9425947
37 30 11.692093
37 0 2.2772348
37 8 1.2871563
37 18 1.5689098
37 13 5.295752
37 11 1.6713293
37 29 0.9542011
37 20 19.991934
37 2 1.3628428
37 7 13.793789
37 27 5.569163
37 16 181.48148
37 23 6.2937
37 25 73.69344
