0 8 6.1517835
0 2 1.4036809
0 37 0.89037097
0 13 0.6282182
0 11 119.5241
0 29 14.362262
1 3 0.22060604
1 12 1202.159
2 30 9.274757
2 0 1.4036809
2 8 1.7111357
2 18 13.388256
2 13 0.28330967
2 33 1.6233952
2 11 0.6792912
2 29 1.5413164
2 20 1.1953942
2 37 0.7400491
2 27 0.40538085
2 16 2000.0
2 23 27.191414
2 25 1.3321444
3 36 0.31198347
3 28 0.069827
3 24 200.0
3 12 0.053040978
3 1 0.22060604
3 9 0.5133893
4 31 0.086826004
4 9 0.055011224
4 17 0.113651276
4 19 0.08389424
5 30 0.49428502
5 8 0.9295693
5 18 0.55744725
5 13 235.98523
5 11 3.7528214
5 29 2.0866258
5 34 1.3265427
5 20 2.5880306
5 37 2000.0
5 7 4.192506
5 27 2.0324037
5 16 1.3712571
5 23 3.4603176
6 31 0.36864567
6 17 0.74076456
7 34 6.518275
7 30 1.3885787
7 20 1.4412436
7 8 61.85184
7 37 13.967246
7 27 153.60057
7 16 0.9840123
7 11 4.1031017
7 23 1.2758622
7 25 4.8819165
7 5 4.192506
8 0 6.1517835
8 30 1.1200786
8 18 1.0178965
8 13 5.040887
8 11 0.55142087
8 29 1.9751594
8 5 0.9295693
8 34 1.6070557
8 2 1.7111357
8 37 0.8512828
8 7 61.85184
8 27 2.1537397
8 16 1.2852329
8 23 1.5389731
9 36 1.8337666
9 28 1.4551333
9 10 7.466468
9 22 0.5039228
9 31 0.03404356
9 3 0.5133893
9 17 0.03653477
9 4 0.055011224
9 19 0.06746701
10 26 0.047260568
10 28 0.39769065
10 24 0.040556133
10 31 0.037082087
10 12 13.950896
10 9 7.466468
10 17 0.031185854
11 0 119.5241
11 30 0.5698906
11 8 0.55142087
11 18 5.1964087
11 13 0.8696969
11 33 3.3651674
11 29 1.1902573
11 5 3.7528214
11 34 2.773649
11 20 0.9601549
11 2 0.6792912
11 37 1.4708343
11 7 4.1031017
11 27 1.0536801
11 16 0.96051145
11 25 0.88719213
12 26 1.0771726
12 28 1.909988
12 32 0.20595114
12 10 13.950896
12 24 0.065026835
12 21 0.06816294
12 3 0.053040978
13 30 1.164873
13 0 0.6282182
13 8 5.040887
13 18 208.58734
13 33 0.771446
13 11 0.8696969
13 29 0.8566624
13 5 235.98523
13 34 8.153526
13 20 0.5365997
13 2 0.28330967
13 14 1.8546631
13 37 0.72919273
13 27 0.28125212
13 16 2472.102
13 25 0.37002057
14 20 0.80135876
14 13 1.8546631
14 27 6.8894424
14 33 0.40682602
14 11 2000.0
14 25 1.3496245
15 32 0.07725003
15 21 1.0193596
16 0 2000.0
16 30 1.3263755
16 8 1.2852329
16 18 1.1088607
16 11 0.96051145
16 29 18.151745
16 5 1.3712571
16 20 6.551274
16 37 22.15641
16 7 0.9840123
16 27 1.3498471
16 23 5.097385
16 25 1.119954
17 26 1.9059839
17 6 0.74076456
17 10 0.031185854
17 24 0.15772758
17 31 1.6666149
17 9 0.03653477
17 4 0.113651276
17 19 3.6243699
18 30 0.7389913
18 2 13.388256
18 8 1.0178965
18 37 1.343374
18 13 208.58734
18 7 2000.0
18 27 4.1583066
18 16 1.1088607
18 23 1.1265836
18 11 5.1964087
18 29 1.2966093
18 5 0.55744725
19 31 0.11054803
19 9 0.06746701
19 17 3.6243699
19 4 0.08389424
20 30 23.026316
20 13 0.5365997
20 33 1.4454545
20 11 0.9601549
20 29 5.0127096
20 5 2.5880306
20 34 0.8235934
20 2 1.1953942
20 14 0.80135876
20 37 1.2202983
20 7 1.4412436
20 27 0.592123
20 16 6.551274
20 25 0.39284506
21 32 2000.0
21 24 0.416909
21 35 0.04944753
21 12 0.06816294
21 15 1.0193596
22 6 1365.6818
22 31 1449.034
22 9 0.5039228
22 19 1377.7842
23 30 1.163207
23 0 2000.0
23 2 27.191414
23 8 1.5389731
23 37 2.1770551
23 18 1.1265836
23 7 1.2758622
23 27 2000.0
23 16 5.097385
23 11 2000.0
23 29 3.3986807
23 5 3.4603176
24 26 0.0577476
24 32 0.093687385
24 10 0.040556133
24 21 0.416909
24 31 3.7521043
24 12 0.065026835
24 3 200.0
24 15 2000.0
24 17 0.15772758
25 30 2.0555732
25 13 0.37002057
25 33 0.28415406
25 11 0.88719213
25 29 2.537632
25 34 1.1960047
25 20 0.39284506
25 2 1.3321444
25 14 1.3496245
25 37 107.478424
25 7 4.8819165
25 27 0.50456625
25 16 1.119954
26 36 278.73932
26 32 74.45985
26 28 0.06115422
26 10 0.047260568
26 24 0.0577476
26 31 0.07411115
26 12 1.0771726
26 17 1.9059839
27 0 2000.0
27 30 0.19165842
27 8 2.1537397
27 18 4.1583066
27 13 0.28125212
27 33 1.3682314
27 11 1.0536801
27 29 1.0329387
27 5 2.0324037
27 34 0.9224842
27 20 0.592123
27 2 0.40538085
27 14 6.8894424
27 37 1.535694
27 7 153.60057
27 16 1.3498471
27 25 0.50456625
28 36 0.03632638
28 26 0.06115422
28 10 0.39769065
28 3 0.069827
28 12 1.909988
28 9 1.4551333
29 0 14.362262
29 30 9.978912
29 8 1.9751594
29 18 1.2966093
29 13 0.8566624
29 11 1.1902573
29 5 2.0866258
29 34 9.47759
29 20 5.0127096
29 2 1.5413164
29 37 0.891875
29 7 2000.0
29 27 1.0329387
29 16 18.151745
29 23 3.3986807
29 25 2.537632
30 0 2000.0
30 8 1.1200786
30 18 0.7389913
30 13 1.164873
30 33 2.861215
30 11 0.5698906
30 29 9.978912
30 5 0.49428502
30 34 1.0731871
30 20 23.026316
30 2 9.274757
30 37 6.2692432
30 7 1.3885787
30 27 0.19165842
30 16 1.3263755
30 23 1.163207
30 25 2.0555732
31 26 0.07411115
31 6 0.36864567
31 10 0.037082087
31 24 3.7521043
31 9 0.03404356
31 17 1.6666149
31 4 0.086826004
31 19 0.11054803
32 26 74.45985
32 24 0.093687385
32 12 0.20595114
32 15 0.07725003
33 34 2000.0
33 30 2.861215
33 20 1.4454545
33 2 1.6233952
33 14 0.40682602
33 7 2000.0
33 13 0.771446
33 27 1.3682314
33 16 2000.0
33 11 3.3651674
33 29 9223.978
33 25 0.28415406
34 30 1.0731871
34 20 0.8235934
34 8 1.6070557
34 13 8.153526
34 7 6.518275
34 27 0.9224842
34 16 1215.0568
34 11 2.773649
34 25 1.1960047
34 29 9.47759
34 5 1.3265427
35 21 0.04944753
36 26 278.73932
36 28 0.03632638
36 3 0.31198347
36 9 1.8337666
37 30 6.2692432
37 0 0.89037097
37 8 0.8512828
37 18 1.343374
37 13 0.72919273
37 11 1.4708343
37 29 0.891875
37 20 1.2202983
37 2 0.7400491
37 7 13.967246
37 27 1.535694
37 16 22.15641
37 23 2.1770551
37 25 107.478424
