0 8 8.665571
0 2 1.6076477
0 37 1.0746627
0 13 0.9374249
0 11 23.607046
0 25 277.77777
0 29 9.733706
1 3 0.24794722
1 12 1202.159
2 30 14.25726
2 0 1.6076477
2 8 1.1522225
2 18 4.4559884
2 13 0.3544457
2 33 1.8276383
2 11 1.2270701
2 29 0.9861874
2 20 3.7668953
2 37 0.7885319
2 27 0.58844537
2 16 2000.0
2 23 47.738228
2 25 1.3363928
3 36 0.24096891
3 28 0.07934253
3 24 123.07693
3 12 0.055787712
3 1 0.24794722
3 9 0.15809956
4 31 0.081264034
4 9 0.049703136
4 17 0.09659092
4 19 0.08475545
5 34 1.6832995
5 30 0.6628322
5 20 1.399859
5 8 0.54978454
5 18 0.42365608
5 13 2000.0
5 7 5.0895543
5 27 2.5008605
5 16 1.6276861
5 23 3.8300714
5 11 1.4992275
5 29 2.5681667
6 31 1.0550822
6 17 1.1904985
7 34 8.389057
7 30 0.7997497
7 20 1.4946308
7 8 15.326704
7 37 31.78273
7 27 53.042324
7 16 1.1214412
7 11 4.236603
7 23 1.2416055
7 25 2.6569674
7 5 5.0895543
8 0 8.665571
8 30 0.4414869
8 18 1.0653943
8 13 6.298954
8 11 1.4627081
8 29 0.8348355
8 5 0.54978454
8 34 3.037997
8 2 1.1522225
8 37 1.068504
8 7 15.326704
8 27 0.8717512
8 16 1.628621
8 23 0.9853746
9 36 1.5627165
9 26 2000.0
9 28 0.90846777
9 10 6.821901
9 22 0.28195006
9 31 0.0297011
9 3 0.15809956
9 17 0.043257575
9 4 0.049703136
9 19 0.07012854
10 26 0.032554023
10 28 0.14678086
10 24 0.044254165
10 31 0.050911054
10 12 23.229507
10 9 6.821901
10 17 0.05077581
11 0 23.607046
11 30 0.41331488
11 8 1.4627081
11 18 4.926382
11 13 0.6530379
11 33 1.6214232
11 29 1.0575277
11 5 1.4992275
11 34 2.3516748
11 20 0.6195899
11 2 1.2270701
11 37 1.3674179
11 7 4.236603
11 27 0.47902265
11 16 0.86604893
11 25 1.27606
12 26 0.6640611
12 28 5.2053957
12 32 0.25302437
12 10 23.229507
12 24 0.080408104
12 21 0.06560503
12 3 0.055787712
13 30 0.9750742
13 0 0.9374249
13 8 6.298954
13 18 342.70453
13 33 0.7643443
13 11 0.6530379
13 29 2.362745
13 34 9.367654
13 20 0.5863637
13 2 0.3544457
13 14 4.1719613
13 37 4.3491907
13 27 0.29506937
13 16 106.14744
13 25 0.57574385
14 34 2000.0
14 20 1.1889278
14 13 4.1719613
14 33 0.37296233
14 27 1.8106607
14 11 2000.0
14 25 2.4484174
15 32 0.08660582
15 21 1.466093
16 0 2000.0
16 30 1.6650991
16 8 1.628621
16 18 1.0750445
16 13 106.14744
16 11 0.86604893
16 29 107.75214
16 5 1.6276861
16 20 7.4723606
16 37 42.0258
16 7 1.1214412
16 27 2.3391812
16 23 7.373438
16 25 1.5764935
17 26 3.8709679
17 6 1.1904985
17 10 0.05077581
17 24 0.33189797
17 31 1.8198506
17 9 0.043257575
17 4 0.09659092
17 19 4.1753106
18 30 0.7824442
18 2 4.4559884
18 8 1.0653943
18 37 1.3048608
18 7 2000.0
18 13 342.70453
18 27 5.0753555
18 16 1.0750445
18 23 1.3979477
18 11 4.926382
18 29 1.405756
18 5 0.42365608
19 31 0.083896995
19 9 0.07012854
19 17 4.1753106
19 4 0.08475545
20 30 8.215211
20 13 0.5863637
20 33 1.1706611
20 11 0.6195899
20 29 1.3777486
20 5 1.399859
20 34 0.85540766
20 2 3.7668953
20 14 1.1889278
20 37 2.2662714
20 7 1.4946308
20 27 0.39801604
20 16 7.4723606
20 25 0.5525424
21 24 0.5788699
21 35 0.057481967
21 12 0.06560503
21 15 1.466093
22 6 1591.9318
22 31 1168.0114
22 9 0.28195006
22 19 1329.4886
23 0 2000.0
23 30 1.8580096
23 2 47.738228
23 8 0.9853746
23 37 4.560541
23 18 1.3979477
23 7 1.2416055
23 16 7.373438
23 11 2000.0
23 29 2.0069604
23 5 3.8300714
24 26 0.06431817
24 32 0.083999276
24 28 2000.0
24 10 0.044254165
24 21 0.5788699
24 31 8.102864
24 12 0.080408104
24 3 123.07693
24 15 2000.0
24 17 0.33189797
25 0 277.77777
25 30 0.91878736
25 13 0.57574385
25 33 0.52788347
25 11 1.27606
25 29 4.3914165
25 34 1.4457248
25 20 0.5525424
25 2 1.3363928
25 14 2.4484174
25 37 38.109226
25 7 2.6569674
25 27 1.1017895
25 16 1.5764935
26 32 16.137304
26 28 0.04348172
26 10 0.032554023
26 24 0.06431817
26 31 0.07795709
26 12 0.6640611
26 17 3.8709679
27 0 2000.0
27 30 0.22043903
27 8 0.8717512
27 18 5.0753555
27 13 0.29506937
27 33 0.7680751
27 11 0.47902265
27 29 0.51205146
27 5 2.5008605
27 34 0.9714028
27 20 0.39801604
27 2 0.58844537
27 14 1.8106607
27 37 0.661134
27 7 53.042324
27 16 2.3391812
27 25 1.1017895
28 36 0.03878788
28 26 0.04348172
28 10 0.14678086
28 3 0.07934253
28 12 5.2053957
28 9 0.90846777
29 0 9.733706
29 30 4.483371
29 8 0.8348355
29 18 1.405756
29 13 2.362745
29 11 1.0575277
29 5 2.5681667
29 34 2.397688
29 20 1.3777486
29 2 0.9861874
29 37 0.8931014
29 7 2000.0
29 27 0.51205146
29 16 107.75214
29 23 2.0069604
29 25 4.3914165
30 0 2000.0
30 8 0.4414869
30 18 0.7824442
30 13 0.9750742
30 33 2.7330399
30 11 0.41331488
30 29 4.483371
30 5 0.6628322
30 34 1.2751824
30 20 8.215211
30 2 14.25726
30 14 2000.0
30 37 5.468684
30 7 0.7997497
30 27 0.22043903
30 16 1.6650991
30 23 1.8580096
30 25 0.91878736
31 26 0.07795709
31 6 1.0550822
31 10 0.050911054
31 24 8.102864
31 9 0.0297011
31 17 1.8198506
31 4 0.081264034
31 19 0.083896995
32 26 16.137304
32 24 0.083999276
32 12 0.25302437
32 15 0.08660582
33 34 2000.0
33 30 2.7330399
33 20 1.1706611
33 2 1.8276383
33 14 0.37296233
33 7 2000.0
33 13 0.7643443
33 27 0.7680751
33 16 2000.0
33 11 1.6214232
33 29 2000.0
33 25 0.52788347
34 30 1.2751824
34 20 0.85540766
34 8 3.037997
34 13 9.367654
34 7 8.389057
34 27 0.9714028
34 16 1215.0568
34 11 2.3516748
34 25 1.4457248
34 29 2.397688
34 5 1.6832995
35 21 0.057481967
36 26 378.08182
36 28 0.03878788
36 3 0.24096891
36 9 1.5627165
37 30 5.468684
37 0 1.0746627
37 8 1.068504
37 18 1.3048608
37 13 4.3491907
37 11 1.3674179
37 29 0.8931014
37 20 2.2662714
37 2 0.7885319
37 7 31.78273
37 27 0.661134
37 16 42.0258
37 23 4.560541
37 25 38.109226
