0 2 0.9087871
0 8 416.6667
0 37 2.5052726
0 13 0.879593
0 29 9.659578
0 25 34.30331
1 3 0.67907524
1 12 22.729258
2 30 19.806896
2 0 0.9087871
2 8 1.1003897
2 18 2.1316645
2 13 0.53042924
2 33 4.9409065
2 11 1.2107701
2 29 1.5708477
2 20 2.5140617
2 37 0.8851038
2 27 692.89777
2 16 2000.0
2 23 13.0752735
2 25 0.7276345
3 36 0.4717286
3 28 79.42184
3 24 2000.0
3 12 0.06885063
3 1 0.67907524
3 9 0.8908793
4 31 0.0752578
4 9 0.074485116
4 17 0.17074934
4 19 0.06776614
5 30 0.73674953
5 8 0.572444
5 18 0.7812874
5 13 37.876698
5 11 1.6579804
5 29 5.338396
5 34 1.8109123
5 20 2.524082
5 37 10.461019
5 7 7.527031
5 27 779.5454
5 16 1.4524661
5 23 6.3135943
5 25 2000.0
6 31 0.09882073
6 17 2.7334402
7 34 449.88202
7 30 0.7116031
7 20 128.57143
7 8 5.641335
7 37 372.1967
7 16 1.3198025
7 11 66.02563
7 23 1.4180031
7 25 4.3331604
7 5 7.527031
8 0 416.6667
8 30 0.42195404
8 18 0.97080696
8 13 1.2278887
8 11 1.0643501
8 29 1.203988
8 5 0.572444
8 34 36.0733
8 2 1.1003897
8 37 0.9994845
8 7 5.641335
8 27 1067.7273
8 16 1.5148076
8 23 0.86931825
8 25 2000.0
9 36 0.66357327
9 28 0.5879529
9 10 12.430784
9 22 0.05324198
9 31 0.029376592
9 3 0.8908793
9 12 2000.0
9 4 0.074485116
9 17 0.043759312
9 19 0.08137626
10 26 35.795452
10 28 0.32644987
10 24 0.07092642
10 31 7.0154834
10 12 47.874786
10 9 12.430784
10 17 0.030371236
11 0 2000.0
11 30 0.6558049
11 8 1.0643501
11 18 4.2124677
11 13 1.5467174
11 33 1.8540324
11 29 1.2540092
11 5 1.6579804
11 34 1.5609884
11 20 1.1408755
11 2 1.2107701
11 37 1.2278703
11 7 66.02563
11 27 692.89777
11 16 1.0301452
11 25 0.8549769
12 26 2000.0
12 32 4.7573876
12 10 47.874786
12 24 0.0942761
12 21 0.16932468
12 3 0.06885063
12 1 22.729258
13 30 104.877335
13 0 0.879593
13 8 1.2278887
13 18 34.196926
13 33 1.5301344
13 11 1.5467174
13 29 1.0840762
13 5 37.876698
13 34 400.0
13 20 0.8588823
13 2 0.53042924
13 14 8.795182
13 37 1.6620837
13 7 2000.0
13 27 150.96591
13 16 165.33134
13 25 0.24819277
14 30 14.222066
14 20 1.7238002
14 13 8.795182
14 27 5234.1475
14 33 0.39052853
14 11 2000.0
14 25 3.1099296
15 32 0.077288955
15 21 11.698896
16 34 36.85245
16 30 1.0841019
16 20 31.33229
16 8 1.5148076
16 18 3.0182061
16 7 1.3198025
16 13 165.33134
16 27 1119.8296
16 11 1.0301452
16 23 2.3358164
16 25 0.99850315
16 5 1.4524661
17 6 2.7334402
17 26 1034.8864
17 10 0.030371236
17 24 0.11800955
17 31 1.0165135
17 9 0.043759312
17 4 0.17074934
17 19 1692.0454
18 0 2000.0
18 30 0.4165945
18 8 0.97080696
18 2 2.1316645
18 37 2.5584948
18 13 34.196926
18 16 3.0182061
18 11 4.2124677
18 23 1.0198287
18 29 1.2158114
18 5 0.7812874
19 28 73.08409
19 31 0.07050239
19 9 0.08137626
19 4 0.06776614
20 30 4.627358
20 13 0.8588823
20 33 1.3278794
20 11 1.1408755
20 29 11.015518
20 5 2.524082
20 34 0.8735512
20 2 2.5140617
20 14 1.7238002
20 37 2.1987357
20 7 128.57143
20 27 957.6705
20 16 31.33229
20 25 0.5365158
21 32 800.0
21 10 2000.0
21 24 0.7056302
21 35 0.038877334
21 12 0.16932468
21 15 11.698896
22 31 80.0
22 9 0.05324198
22 19 2000.0
23 0 2000.0
23 30 2.0788405
23 8 0.86931825
23 2 13.0752735
23 37 2.545775
23 18 1.0198287
23 7 1.4180031
23 16 2.3358164
23 11 2000.0
23 29 1.4029636
23 5 6.3135943
24 26 37.045452
24 32 0.38278604
24 10 0.07092642
24 21 0.7056302
24 31 2000.0
24 12 0.0942761
24 17 0.11800955
25 30 8.862896
25 0 34.30331
25 13 0.24819277
25 33 0.6655528
25 11 0.8549769
25 29 2.3152714
25 34 3.2432973
25 20 0.5365158
25 2 0.7276345
25 14 3.1099296
25 37 74.58902
25 7 4.3331604
25 27 229.14774
25 16 0.99850315
28 36 0.030635245
28 26 51.81818
28 10 0.32644987
28 12 1274.3182
28 3 79.42184
28 9 0.5879529
28 19 73.08409
29 0 9.659578
29 30 1.8910755
29 8 1.203988
29 18 1.2158114
29 13 1.0840762
29 33 11.602776
29 11 1.2540092
29 5 5.338396
29 34 4.3520155
29 20 11.015518
29 2 1.5708477
29 37 0.68597305
29 7 2000.0
29 27 1898.9204
29 16 2000.0
29 23 1.4029636
29 25 2.3152714
30 8 0.42195404
30 18 0.4165945
30 13 104.877335
30 33 12.78474
30 11 0.6558049
30 29 1.8910755
30 5 0.73674953
30 34 0.81432074
30 20 4.627358
30 2 19.806896
30 14 14.222066
30 37 8.127865
30 7 0.7116031
30 27 147.78409
30 16 1.0841019
30 23 2.0788405
30 25 8.862896
31 26 79.88636
31 6 0.09882073
31 10 7.0154834
31 35 24.367046
31 22 80.0
31 21 2000.0
31 9 0.029376592
31 4 0.0752578
31 17 1.0165135
31 19 0.07050239
32 26 2000.0
32 24 0.38278604
32 21 800.0
32 12 4.7573876
32 15 0.077288955
33 30 12.78474
33 8 2000.0
33 13 1.5301344
33 11 1.8540324
33 29 11.602776
33 5 2000.0
33 34 2000.0
33 20 1.3278794
33 2 4.9409065
33 14 0.39052853
33 7 2000.0
33 27 698.2386
33 16 2422.443
33 25 0.6655528
34 30 0.81432074
34 20 0.8735512
34 8 36.0733
34 37 2000.0
34 7 449.88202
34 13 400.0
34 27 716.8182
34 16 36.85245
34 11 1.5609884
34 29 4.3520155
34 25 3.2432973
34 5 1.8109123
35 21 0.038877334
35 31 24.367046
36 28 0.030635245
36 3 0.4717286
36 9 0.66357327
37 30 8.127865
37 0 2.5052726
37 8 0.9994845
37 18 2.5584948
37 13 1.6620837
37 11 1.2278703
37 29 0.68597305
37 5 10.461019
37 20 2.1987357
37 2 0.8851038
37 7 372.1967
37 27 725.7955
37 16 2000.0
37 23 2.545775
37 25 74.58902
