0 2 1.2563211
0 37 2.0866647
0 13 1.5605936
0 29 45.09715
0 25 22.13052
1 3 0.49039972
1 12 14.06334
2 30 9.477779
2 0 1.2563211
2 8 1.2213155
2 18 2.6343176
2 13 0.5506212
2 33 1.9771922
2 11 1.8320355
2 29 1.1577026
2 20 10.777657
2 37 0.91389936
2 27 0.7282319
2 16 2000.0
2 23 8.176725
2 25 1.7824284
3 36 0.4213961
3 28 9.977013
3 24 1134.375
3 12 0.074744
3 1 0.49039972
3 9 0.7296554
4 31 0.06757789
4 9 0.08021965
4 17 0.18787442
4 19 0.069759265
5 30 0.5577004
5 8 0.63598174
5 18 0.6453152
5 13 28.686935
5 11 1.484383
5 29 2.0083015
5 34 3.868961
5 20 4.08351
5 37 10.151762
5 7 21.962934
5 27 1.462837
5 16 1.4162276
5 23 2.285778
5 25 2000.0
6 31 0.25680047
6 17 3.316842
7 34 200.0
7 30 0.9096864
7 20 1056.8042
7 8 9.579619
7 37 77.60654
7 27 124.13795
7 16 1.2451653
7 23 2.155384
7 11 149.53467
7 25 3.3396351
7 5 21.962934
8 0 2000.0
8 30 0.37345383
8 18 0.99801195
8 13 0.7934641
8 11 0.8447156
8 29 0.69911116
8 5 0.63598174
8 34 51.857162
8 2 1.2213155
8 37 0.9225553
8 7 9.579619
8 27 1.3127068
8 16 1.5537766
8 23 1.0845822
8 25 2000.0
9 36 0.30849475
9 28 1.1088425
9 10 19.850945
9 22 0.044574782
9 31 0.03005865
9 3 0.7296554
9 12 2000.0
9 4 0.08021965
9 17 0.032571826
9 19 0.07182926
10 26 0.03164406
10 28 0.2041789
10 24 0.07720354
10 31 12.656705
10 12 1741.1931
10 9 19.850945
10 17 0.030186951
11 0 2000.0
11 30 0.6916351
11 8 0.8447156
11 18 7.560424
11 13 0.8448548
11 33 1.6405727
11 29 0.9095653
11 5 1.484383
11 34 2.9814124
11 20 2.130479
11 2 1.8320355
11 37 1.4471796
11 7 149.53467
11 27 0.7409695
11 16 1.231665
11 25 1.1605316
12 26 1.2429653
12 32 8.571428
12 24 0.06700664
12 21 0.60932237
12 3 0.074744
12 1 14.06334
13 30 37.136616
13 0 1.5605936
13 8 0.7934641
13 18 2679.0454
13 33 1.0401816
13 11 0.8448548
13 29 0.90415406
13 5 28.686935
13 34 166.66667
13 20 1.6647727
13 2 0.5506212
13 14 14.150327
13 37 1.1131172
13 7 2000.0
13 27 0.74103135
13 16 14.861604
13 25 0.27072543
14 30 19.370857
14 20 3.5288448
14 13 14.150327
14 27 3.7850893
14 33 0.40296653
14 11 2000.0
14 25 4.3319974
15 32 0.097567484
15 21 41.625004
16 30 1.2705177
16 0 2000.0
16 8 1.5537766
16 18 1.5748405
16 13 14.861604
16 11 1.231665
16 5 1.4162276
16 34 63.799156
16 20 30.622608
16 7 1.2451653
16 27 1.5368247
16 23 2.3111546
16 25 1.1251789
17 6 3.316842
17 26 2.261312
17 10 0.030186951
17 24 0.17082843
17 31 1.4021734
17 9 0.032571826
17 4 0.18787442
17 19 65.828285
18 0 2000.0
18 30 0.46472114
18 8 0.99801195
18 13 2679.0454
18 11 7.560424
18 29 1.0678086
18 5 0.6453152
18 2 2.6343176
18 37 2.4262717
18 7 2000.0
18 27 19.880228
18 16 1.5748405
18 23 1.0121448
19 28 158.83286
19 31 0.07156627
19 9 0.07182926
19 4 0.069759265
19 17 65.828285
20 30 2.7627428
20 13 1.6647727
20 33 0.95942324
20 11 2.130479
20 29 12.681818
20 5 4.08351
20 34 1.061736
20 2 10.777657
20 14 3.5288448
20 37 2.3878825
20 7 1056.8042
20 27 2.9211025
20 16 30.622608
20 25 0.5599696
21 26 2000.0
21 32 2000.0
21 24 1.1818763
21 35 0.08224517
21 12 0.60932237
21 15 41.625004
22 31 200.0
22 9 0.044574782
22 19 2000.0
23 0 2000.0
23 30 2.3773396
23 8 1.0845822
23 2 8.176725
23 37 1.2368561
23 18 1.0121448
23 7 2.155384
23 16 2.3111546
23 11 2000.0
23 29 1.4516052
23 5 2.285778
24 26 0.0409338
24 32 0.37883067
24 10 0.07720354
24 21 1.1818763
24 12 0.06700664
24 15 2000.0
24 17 0.17082843
25 0 22.13052
25 30 16.999407
25 13 0.27072543
25 33 0.6391889
25 11 1.1605316
25 29 2.0499299
25 34 2.3825455
25 20 0.5599696
25 2 1.7824284
25 14 4.3319974
25 37 110.241615
25 7 3.3396351
25 27 0.46153408
25 16 1.1251789
26 32 40.0
26 28 0.062689394
26 10 0.03164406
26 24 0.0409338
26 31 0.1840625
26 12 1.2429653
26 17 2.261312
27 30 0.5499271
27 0 2000.0
27 8 1.3127068
27 18 19.880228
27 13 0.74103135
27 33 0.64215016
27 11 0.7409695
27 29 0.7402326
27 5 1.462837
27 34 0.9209687
27 20 2.9211025
27 2 0.7282319
27 14 3.7850893
27 37 1.267121
27 7 124.13795
27 16 1.5368247
27 25 0.46153408
28 36 0.035795
28 26 0.062689394
28 10 0.2041789
28 3 9.977013
28 12 1209.4886
28 9 1.1088425
28 19 158.83286
29 0 45.09715
29 30 1.098409
29 8 0.69911116
29 18 1.0678086
29 13 0.90415406
29 33 14.078652
29 11 0.9095653
29 5 2.0083015
29 34 4.4217896
29 20 12.681818
29 2 1.1577026
29 37 0.74976283
29 7 2000.0
29 27 0.7402326
29 16 2000.0
29 23 1.4516052
29 25 2.0499299
30 8 0.37345383
30 18 0.46472114
30 13 37.136616
30 33 4.412534
30 11 0.6916351
30 29 1.098409
30 5 0.5577004
30 34 0.93597245
30 20 2.7627428
30 2 9.477779
30 14 19.370857
30 37 18.559065
30 7 0.9096864
30 27 0.5499271
30 16 1.2705177
30 23 2.3773396
30 25 16.999407
31 26 0.1840625
31 6 0.25680047
31 10 12.656705
31 35 49.74735
31 22 200.0
31 9 0.03005865
31 4 0.06757789
31 17 1.4021734
31 19 0.07156627
32 26 40.0
32 24 0.37883067
32 12 8.571428
32 15 0.097567484
33 30 4.412534
33 8 2000.0
33 13 1.0401816
33 11 1.6405727
33 29 14.078652
33 5 2000.0
33 34 2000.0
33 20 0.95942324
33 2 1.9771922
33 14 0.40296653
33 7 2000.0
33 27 0.64215016
33 16 3017.898
33 25 0.6391889
34 30 0.93597245
34 20 1.061736
34 8 51.857162
34 37 2000.0
34 13 166.66667
34 7 200.0
34 27 0.9209687
34 16 63.799156
34 11 2.9814124
34 29 4.4217896
34 25 2.3825455
34 5 3.868961
35 21 0.08224517
35 31 49.74735
36 28 0.035795
36 3 0.4213961
36 9 0.30849475
37 30 18.559065
37 0 2.0866647
37 8 0.9225553
37 18 2.4262717
37 13 1.1131172
37 11 1.4471796
37 29 0.74976283
37 5 10.151762
37 20 2.3878825
37 2 0.91389936
37 7 77.60654
37 27 1.267121
37 16 2000.0
37 23 1.2368561
37 25 110.241615
