0 2 0.9328977
0 37 1.7573829
0 13 0.9018091
0 29 16.535318
0 25 9.929297
1 3 1.2308441
1 12 11.807283
2 30 15.304384
2 0 0.9328977
2 8 1.2056755
2 18 2.1455176
2 13 0.47341305
2 33 2.822865
2 11 1.1876992
2 29 1.0141736
2 20 3.0815644
2 37 0.857473
2 27 1.0010128
2 16 2000.0
2 23 13.283833
2 25 0.4371935
3 36 0.35195708
3 28 24.096365
3 24 2000.0
3 12 0.065145254
3 1 1.2308441
3 9 0.3553745
4 31 0.06670963
4 9 0.08155858
4 17 0.12273887
4 19 0.067379564
5 30 0.7595917
5 8 0.3008079
5 18 0.5498371
5 13 40.78755
5 11 1.7674018
5 29 2.9270284
5 34 1.9993777
5 20 1.8938432
5 37 13.112162
5 7 11.18296
5 27 1.4347717
5 16 3.3111415
5 23 3.225707
5 25 2000.0
6 31 0.15073568
6 17 1.5900095
7 34 624.78235
7 30 0.8471117
7 20 92.50346
7 8 6.6143003
7 16 1.183716
7 23 1.2467088
7 25 2.9891427
7 5 11.18296
8 0 2000.0
8 30 0.42720532
8 18 1.4653414
8 13 3.1512263
8 11 0.7915832
8 29 0.81355935
8 5 0.3008079
8 34 39.945724
8 2 1.2056755
8 37 0.8741771
8 7 6.6143003
8 27 1.198668
8 16 1.7982429
8 23 0.87669414
8 25 2000.0
9 36 0.98912525
9 28 1.354912
9 10 24.91856
9 22 0.046047203
9 31 0.029232368
9 3 0.3553745
9 12 2000.0
9 4 0.08155858
9 17 0.033288665
9 19 0.06842008
10 26 0.02691296
10 28 0.34481496
10 24 0.08510547
10 31 9.101158
10 12 88.888885
10 9 24.91856
10 17 0.029716812
11 0 2000.0
11 30 0.47646627
11 8 0.7915832
11 18 12.323723
11 13 1.1100852
11 33 2.1063936
11 29 0.9069778
11 5 1.7674018
11 34 2.161435
11 20 1.2728641
11 2 1.1876992
11 37 1.2747185
11 7 2542.5
11 27 0.62044203
11 16 1.4344765
11 25 0.8855311
12 26 0.83139217
12 32 7.2852764
12 28 133.75183
12 10 88.888885
12 24 0.07041377
12 21 0.14229105
12 3 0.065145254
12 1 11.807283
13 30 270.6848
13 0 0.9018091
13 8 3.1512263
13 18 198.57468
13 33 1.0499978
13 11 1.1100852
13 29 0.91761
13 5 40.78755
13 34 2000.0
13 20 1.2152094
13 2 0.47341305
13 14 9.027239
13 37 2.1556225
13 7 2000.0
13 27 0.99782866
13 16 64.376396
13 25 0.21572894
14 30 14.818697
14 20 3.0254872
14 13 9.027239
14 27 4.249276
14 33 0.35488394
14 25 1.5828093
15 32 0.07021573
15 21 4.809893
16 30 1.1376348
16 0 2000.0
16 8 1.7982429
16 18 0.8684958
16 13 64.376396
16 11 1.4344765
16 5 3.3111415
16 34 46.083527
16 20 27.687069
16 7 1.183716
16 27 1.3736862
16 23 3.2189124
16 25 1.0089719
17 6 1.5900095
17 26 1.6066418
17 10 0.029716812
17 24 0.1023387
17 31 0.95145917
17 9 0.033288665
17 4 0.12273887
17 19 75.19162
18 0 2000.0
18 30 0.7323767
18 8 1.4653414
18 13 198.57468
18 11 12.323723
18 29 1.3018221
18 5 0.5498371
18 2 2.1455176
18 37 1.962013
18 7 2000.0
18 27 25.32852
18 16 0.8684958
18 23 1.3279204
19 31 0.092158146
19 9 0.06842008
19 4 0.067379564
19 17 75.19162
20 30 1.1720994
20 8 2000.0
20 13 1.2152094
20 33 1.0458925
20 11 1.2728641
20 29 13.508651
20 5 1.8938432
20 34 0.9081879
20 2 3.0815644
20 14 3.0254872
20 37 1.5888944
20 7 92.50346
20 27 1.2519547
20 16 27.687069
20 25 0.5369024
21 26 2000.0
21 32 900.00006
21 10 2000.0
21 24 0.7717296
21 35 0.031386714
21 31 2000.0
21 12 0.14229105
21 15 4.809893
22 31 62.6087
22 9 0.046047203
22 19 2000.0
23 0 2000.0
23 30 2.0815985
23 8 0.87669414
23 2 13.283833
23 37 1.0775034
23 18 1.3279204
23 7 1.2467088
23 16 3.2189124
23 11 2000.0
23 29 2.0892138
23 5 3.225707
24 26 0.04362374
24 32 0.21710229
24 10 0.08510547
24 21 0.7717296
24 12 0.07041377
24 15 2000.0
24 17 0.1023387
25 0 9.929297
25 30 10.921035
25 13 0.21572894
25 33 0.61097807
25 11 0.8855311
25 29 2.3768487
25 34 1.3469698
25 20 0.5369024
25 2 0.4371935
25 14 1.5828093
25 37 50.233467
25 7 2.9891427
25 27 0.21264665
25 16 1.0089719
26 32 17.715813
26 28 0.06590909
26 10 0.02691296
26 24 0.04362374
26 31 0.16174802
26 12 0.83139217
26 17 1.6066418
27 30 0.3358936
27 0 2000.0
27 8 1.198668
27 18 25.32852
27 13 0.99782866
27 33 1.1207768
27 11 0.62044203
27 29 0.7812667
27 5 1.4347717
27 34 1.0125346
27 20 1.2519547
27 2 1.0010128
27 14 4.249276
27 37 1.0626059
27 7 385.73862
27 16 1.3736862
27 25 0.21264665
28 36 0.03263065
28 26 0.06590909
28 10 0.34481496
28 12 133.75183
28 3 24.096365
28 9 1.354912
28 19 1370.909
29 0 16.535318
29 30 1.2743163
29 8 0.81355935
29 18 1.3018221
29 13 0.91761
29 33 23.53119
29 11 0.9069778
29 5 2.9270284
29 34 4.842017
29 20 13.508651
29 2 1.0141736
29 37 0.8256206
29 7 2000.0
29 27 0.7812667
29 16 2000.0
29 23 2.0892138
29 25 2.3768487
30 8 0.42720532
30 18 0.7323767
30 13 270.6848
30 33 31.83929
30 11 0.47646627
30 29 1.2743163
30 5 0.7595917
30 34 0.96593666
30 20 1.1720994
30 2 15.304384
30 14 14.818697
30 37 17.310104
30 7 0.8471117
30 27 0.3358936
30 16 1.1376348
30 23 2.0815985
30 25 10.921035
31 26 0.16174802
31 6 0.15073568
31 10 9.101158
31 35 48.868183
31 22 62.6087
31 9 0.029232368
31 4 0.06670963
31 17 0.95145917
31 19 0.092158146
32 26 17.715813
32 24 0.21710229
32 21 900.00006
32 12 7.2852764
32 15 0.07021573
33 30 31.83929
33 13 1.0499978
33 11 2.1063936
33 29 23.53119
33 5 2000.0
33 34 2000.0
33 20 1.0458925
33 2 2.822865
33 14 0.35488394
33 7 2000.0
33 27 1.1207768
33 16 3017.898
33 25 0.61097807
34 30 0.96593666
34 20 0.9081879
34 8 39.945724
34 37 2000.0
34 7 624.78235
34 27 1.0125346
34 16 46.083527
34 11 2.161435
34 29 4.842017
34 25 1.3469698
34 5 1.9993777
35 21 0.031386714
35 31 48.868183
36 28 0.03263065
36 3 0.35195708
36 9 0.98912525
37 30 17.310104
37 0 1.7573829
37 8 0.8741771
37 18 1.962013
37 13 2.1556225
37 11 1.2747185
37 29 0.8256206
37 5 13.112162
37 20 1.5888944
37 2 0.857473
37 7 2896.0227
37 27 1.0626059
37 16 2000.0
37 23 1.0775034
37 25 50.233467
