0 8 4.326947
0 2 1.5150956
0 37 0.85508114
0 13 0.92971355
0 11 142.85715
0 29 9.523809
1 3 0.23101427
1 12 1202.159
2 30 16.69874
2 0 1.5150956
2 8 1.8483061
2 18 29.483767
2 13 0.6444091
2 33 2.2146537
2 11 3.3619182
2 29 1.1287969
2 20 4.8558736
2 37 1.0647218
2 27 2.7434068
2 16 2000.0
2 23 55.709557
2 25 2.7176301
3 36 0.32097402
3 28 0.10139641
3 24 225.00002
3 12 0.05656255
3 1 0.23101427
3 9 0.13938925
4 31 0.08535839
4 9 0.07031483
4 17 0.10779373
4 19 0.0863991
5 30 0.68850267
5 8 0.82596004
5 18 0.46055624
5 13 266.6667
5 11 5.8660192
5 29 7.9465914
5 34 1.4363331
5 20 1.5792277
5 37 2000.0
5 7 10.30276
5 27 2.4048686
5 16 1.6810919
5 23 5.394008
6 21 2000.0
6 31 0.373046
6 17 1.2088132
7 34 7.0619316
7 30 0.891829
7 20 1.5859383
7 8 29.79027
7 37 43.492332
7 27 97.9512
7 16 1.1248181
7 11 5.4622154
7 23 1.212926
7 25 4.970747
7 5 10.30276
8 0 4.326947
8 30 0.9803811
8 18 1.2025294
8 13 2.162086
8 11 0.64003015
8 29 0.7248342
8 5 0.82596004
8 34 2.4578788
8 2 1.8483061
8 37 1.2010584
8 7 29.79027
8 27 2.377172
8 16 1.4565545
8 23 0.956765
9 36 1.5482472
9 26 2000.0
9 28 1.7005303
9 10 6.241915
9 22 0.3758637
9 31 0.036589947
9 3 0.13938925
9 12 2000.0
9 17 0.05285054
9 4 0.07031483
9 19 0.067803234
10 26 0.031186635
10 28 0.2107204
10 24 0.045386907
10 31 0.03925353
10 12 16.333334
10 9 6.241915
10 17 0.038430646
11 0 142.85715
11 30 0.2619386
11 8 0.64003015
11 18 8.535377
11 13 0.5843031
11 33 3.8204856
11 29 1.4135115
11 5 5.8660192
11 34 3.3442307
11 20 1.4088339
11 2 3.3619182
11 37 4.735474
11 7 5.4622154
11 27 0.6146423
11 16 1.4879997
11 25 1.8875159
12 26 2.8804893
12 28 2.803689
12 32 0.25418136
12 10 16.333334
12 24 0.08216488
12 21 0.07410715
12 3 0.05656255
13 30 2.966653
13 0 0.92971355
13 8 2.162086
13 18 307.94586
13 33 0.91182965
13 11 0.5843031
13 29 0.7478522
13 5 266.6667
13 34 9.03825
13 20 0.521646
13 2 0.6444091
13 14 5.250857
13 37 3.4357228
13 7 2000.0
13 27 0.53219754
13 16 61.263363
13 25 0.70885086
14 20 1.2304323
14 13 5.250857
14 27 6.0261874
14 33 0.39995107
14 11 2000.0
14 25 3.9176397
15 32 0.07870715
15 21 3.175605
16 0 2000.0
16 30 2.0008004
16 8 1.4565545
16 18 0.9814703
16 13 61.263363
16 11 1.4879997
16 29 19.564491
16 5 1.6810919
16 20 5.3058157
16 37 44.323006
16 7 1.1248181
16 27 2.4590166
16 23 5.0070405
16 25 2.7021549
17 26 3.5294118
17 6 1.2088132
17 10 0.038430646
17 24 0.23898132
17 31 2.3008358
17 9 0.05285054
17 4 0.10779373
17 19 3.002034
18 30 0.6571074
18 2 29.483767
18 8 1.2025294
18 37 2.7827075
18 13 307.94586
18 7 2000.0
18 27 6.0691743
18 16 0.9814703
18 23 1.1667149
18 11 8.535377
18 29 2.0843132
18 5 0.46055624
19 31 0.07820149
19 9 0.067803234
19 17 3.002034
19 4 0.0863991
20 30 18.871435
20 13 0.521646
20 33 1.184375
20 11 1.4088339
20 29 3.6737647
20 5 1.5792277
20 34 0.7550582
20 2 4.8558736
20 14 1.2304323
20 37 4.255712
20 7 1.5859383
20 27 0.39432886
20 16 5.3058157
20 25 0.6893014
21 32 2000.0
21 10 2000.0
21 24 0.483478
21 35 0.034924854
21 12 0.07410715
21 15 3.175605
22 6 1217.1023
22 31 74.76478
22 9 0.3758637
22 19 1462.216
23 30 2.0401778
23 0 2000.0
23 2 55.709557
23 8 0.956765
23 37 1.8619169
23 18 1.1667149
23 7 1.212926
23 16 5.0070405
23 11 2000.0
23 29 2.3504305
23 5 5.394008
24 26 0.046146482
24 32 0.084174745
24 28 2000.0
24 10 0.045386907
24 21 0.483478
24 31 23.853468
24 3 225.00002
24 12 0.08216488
24 15 2000.0
24 17 0.23898132
25 0 2000.0
25 30 4.3661304
25 13 0.70885086
25 33 0.53418726
25 11 1.8875159
25 29 6.2449946
25 34 2.3132293
25 20 0.6893014
25 2 2.7176301
25 14 3.9176397
25 37 116.961426
25 7 4.970747
25 27 0.7746865
25 16 2.7021549
26 36 1274.8864
26 32 65.63246
26 28 0.0696535
26 10 0.031186635
26 24 0.046146482
26 31 0.079256006
26 12 2.8804893
26 17 3.5294118
27 0 2000.0
27 30 1.9913214
27 8 2.377172
27 18 6.0691743
27 13 0.53219754
27 33 1.353213
27 11 0.6146423
27 29 0.5091282
27 5 2.4048686
27 34 1.0422481
27 20 0.39432886
27 2 2.7434068
27 14 6.0261874
27 37 3.4189184
27 7 97.9512
27 16 2.4590166
27 23 2000.0
27 25 0.7746865
28 36 0.042685907
28 26 0.0696535
28 10 0.2107204
28 3 0.10139641
28 12 2.803689
28 9 1.7005303
29 0 9.523809
29 30 10.590765
29 8 0.7248342
29 18 2.0843132
29 13 0.7478522
29 11 1.4135115
29 5 7.9465914
29 34 5.816299
29 20 3.6737647
29 2 1.1287969
29 37 1.0681884
29 7 2000.0
29 27 0.5091282
29 16 19.564491
29 23 2.3504305
29 25 6.2449946
30 0 2000.0
30 8 0.9803811
30 18 0.6571074
30 13 2.966653
30 33 2.6923065
30 11 0.2619386
30 29 10.590765
30 5 0.68850267
30 34 1.0549754
30 20 18.871435
30 2 16.69874
30 14 2000.0
30 37 26.555056
30 7 0.891829
30 27 1.9913214
30 16 2.0008004
30 23 2.0401778
30 25 4.3661304
31 26 0.079256006
31 6 0.373046
31 10 0.03925353
31 24 23.853468
31 22 74.76478
31 9 0.036589947
31 17 2.3008358
31 4 0.08535839
31 19 0.07820149
32 26 65.63246
32 24 0.084174745
32 12 0.25418136
32 15 0.07870715
33 34 2000.0
33 30 2.6923065
33 20 1.184375
33 2 2.2146537
33 14 0.39995107
33 7 2000.0
33 13 0.91182965
33 27 1.353213
33 16 2226.3638
33 11 3.8204856
33 29 1349.034
33 25 0.53418726
34 30 1.0549754
34 20 0.7550582
34 8 2.4578788
34 13 9.03825
34 7 7.0619316
34 27 1.0422481
34 16 1215.0568
34 11 3.3442307
34 25 2.3132293
34 29 5.816299
34 5 1.4363331
35 21 0.034924854
36 26 1274.8864
36 28 0.042685907
36 3 0.32097402
36 9 1.5482472
37 30 26.555056
37 0 0.85508114
37 8 1.2010584
37 18 2.7827075
37 13 3.4357228
37 11 4.735474
37 29 1.0681884
37 20 4.255712
37 2 1.0647218
37 7 43.492332
37 27 3.4189184
37 16 44.323006
37 23 1.8619169
37 25 116.961426
