0 2 1.3450341
0 8 8.5561495
0 37 0.9410067
0 13 0.8096539
0 11 160.0
0 29 14.357185
1 3 0.23841643
1 12 1202.159
2 0 1.3450341
2 30 23.704742
2 8 1.1270185
2 18 5.993894
2 13 0.49909434
2 33 2.3326871
2 11 1.3569682
2 29 1.0880145
2 20 1.5350379
2 37 1.0648562
2 27 0.6423175
2 23 20.689655
2 25 2.1637952
3 36 0.2928131
3 28 0.07447669
3 24 2000.0
3 12 0.048666384
3 1 0.23841643
3 9 0.26278406
4 31 0.08033127
4 9 0.07875554
4 17 0.0901254
4 19 0.08229773
5 30 0.7213349
5 8 1.0314989
5 18 0.42696375
5 13 2000.0
5 11 3.3333604
5 29 5.8003535
5 34 3.1918545
5 20 2.2062852
5 37 2000.0
5 7 7.1813674
5 27 4.9005213
5 16 1.5087386
5 23 6.7909937
6 31 1.3139697
6 17 1.0650433
7 34 5.92706
7 30 0.68866795
7 20 1.1811767
7 8 54.279118
7 37 23.114695
7 16 1.0169604
7 11 5.643042
7 23 0.8466528
7 25 11.436217
7 5 7.1813674
8 0 8.5561495
8 30 0.57962775
8 18 0.9376678
8 13 4.7242966
8 11 1.0350279
8 29 0.568942
8 5 1.0314989
8 34 4.304826
8 2 1.1270185
8 37 1.5351378
8 7 54.279118
8 27 1.7334037
8 16 1.2661954
8 23 1.0381131
9 36 0.8249444
9 26 2000.0
9 28 1.2279412
9 10 13.75101
9 22 0.57276714
9 31 0.030886993
9 3 0.26278406
9 17 0.04605847
9 4 0.07875554
9 19 0.073373884
10 26 0.048747208
10 28 0.20035478
10 24 0.054951172
10 31 0.049518626
10 12 23.1184
10 9 13.75101
10 17 0.03227688
11 0 160.0
11 30 0.4210471
11 8 1.0350279
11 18 4.78125
11 13 0.9737783
11 33 2.9015584
11 29 1.12304
11 5 3.3333604
11 34 3.9656844
11 20 1.0509609
11 2 1.3569682
11 37 1.5600953
11 7 5.643042
11 27 0.44409534
11 16 1.0405198
11 25 1.3988974
12 26 1.2361757
12 28 10.06849
12 32 0.18748692
12 10 23.1184
12 24 0.086840145
12 21 0.069237456
12 3 0.048666384
13 30 2.854075
13 0 0.8096539
13 8 4.7242966
13 18 378.96512
13 33 1.1156224
13 11 0.9737783
13 29 1.9767158
13 34 11.256503
13 20 0.57571906
13 2 0.49909434
13 14 7.3938656
13 37 3.0019343
13 27 0.5294164
13 16 164.2955
13 25 0.81795305
14 20 1.3988227
14 13 7.3938656
14 33 0.35030594
14 27 1.7457805
14 11 2000.0
14 25 2.1193447
15 32 0.078334585
15 21 1.1115819
16 0 2000.0
16 30 1.1026546
16 8 1.2661954
16 18 1.0920249
16 13 164.2955
16 11 1.0405198
16 29 15.656681
16 5 1.5087386
16 20 5.624935
16 37 57.90044
16 7 1.0169604
16 27 1.303043
16 23 9.487768
16 25 1.1800594
17 26 1.776194
17 6 1.0650433
17 10 0.03227688
17 24 0.25281027
17 31 1.3850336
17 9 0.04605847
17 4 0.0901254
17 19 2.2863615
18 30 0.6825032
18 2 5.993894
18 8 0.9376678
18 37 1.0466274
18 13 378.96512
18 7 2000.0
18 27 3.8887424
18 16 1.0920249
18 23 1.2574043
18 11 4.78125
18 29 0.94154227
18 5 0.42696375
19 31 0.08328957
19 9 0.073373884
19 17 2.2863615
19 4 0.08229773
20 30 9.800702
20 13 0.57571906
20 33 0.9874957
20 11 1.0509609
20 29 2.8887608
20 5 2.2062852
20 34 0.82488644
20 2 1.5350379
20 14 1.3988227
20 37 3.185495
20 7 1.1811767
20 27 0.89631903
20 16 5.624935
20 25 0.43612853
21 32 2000.0
21 10 2000.0
21 24 0.6659795
21 35 0.038629737
21 12 0.069237456
21 15 1.1115819
22 6 1591.9318
22 31 1168.0114
22 9 0.57276714
22 19 1330.5114
23 0 2000.0
23 30 1.6071972
23 2 20.689655
23 8 1.0381131
23 37 3.6750386
23 18 1.2574043
23 7 0.8466528
23 16 9.487768
23 11 2000.0
23 29 4.411118
23 5 6.7909937
24 26 0.06722193
24 32 0.08601821
24 10 0.054951172
24 21 0.6659795
24 31 9.570718
24 12 0.086840145
24 15 2000.0
24 17 0.25281027
25 30 13.704228
25 13 0.81795305
25 33 0.44282568
25 11 1.3988974
25 29 2.4159791
25 34 1.8929888
25 20 0.43612853
25 2 2.1637952
25 14 2.1193447
25 37 46.08536
25 7 11.436217
25 27 1.1527036
25 16 1.1800594
26 36 128.0
26 32 72.547165
26 28 0.060822513
26 10 0.048747208
26 24 0.06722193
26 31 0.07908919
26 12 1.2361757
26 17 1.776194
27 0 2000.0
27 30 0.22876178
27 8 1.7334037
27 18 3.8887424
27 13 0.5294164
27 33 1.1107833
27 11 0.44409534
27 29 1.0773438
27 5 4.9005213
27 34 1.2249132
27 20 0.89631903
27 2 0.6423175
27 14 1.7457805
27 37 0.60590655
27 7 2792.1023
27 16 1.303043
27 25 1.1527036
28 36 0.031708855
28 26 0.060822513
28 10 0.20035478
28 3 0.07447669
28 12 10.06849
28 9 1.2279412
29 0 14.357185
29 30 4.878021
29 8 0.568942
29 18 0.94154227
29 13 1.9767158
29 11 1.12304
29 5 5.8003535
29 34 4.084612
29 20 2.8887608
29 2 1.0880145
29 37 1.1487876
29 7 2000.0
29 27 1.0773438
29 16 15.656681
29 23 4.411118
29 25 2.4159791
30 0 2000.0
30 8 0.57962775
30 18 0.6825032
30 13 2.854075
30 33 4.7805343
30 11 0.4210471
30 29 4.878021
30 5 0.7213349
30 34 1.5216502
30 20 9.800702
30 2 23.704742
30 14 2000.0
30 37 3.0893674
30 7 0.68866795
30 27 0.22876178
30 16 1.1026546
30 23 1.6071972
30 25 13.704228
31 26 0.07908919
31 6 1.3139697
31 10 0.049518626
31 24 9.570718
31 9 0.030886993
31 17 1.3850336
31 4 0.08033127
31 19 0.08328957
32 26 72.547165
32 24 0.08601821
32 12 0.18748692
32 15 0.078334585
33 34 2000.0
33 30 4.7805343
33 20 0.9874957
33 2 2.3326871
33 14 0.35030594
33 7 2000.0
33 13 1.1156224
33 27 1.1107833
33 16 2000.0
33 11 2.9015584
33 29 2000.0
33 25 0.44282568
34 30 1.5216502
34 20 0.82488644
34 8 4.304826
34 13 11.256503
34 7 5.92706
34 27 1.2249132
34 16 1215.0568
34 11 3.9656844
34 25 1.8929888
34 29 4.084612
34 5 3.1918545
35 21 0.038629737
36 26 128.0
36 28 0.031708855
36 3 0.2928131
36 9 0.8249444
37 30 3.0893674
37 0 0.9410067
37 8 1.5351378
37 18 1.0466274
37 13 3.0019343
37 11 1.5600953
37 29 1.1487876
37 20 3.185495
37 2 1.0648562
37 7 23.114695
37 27 0.60590655
37 16 57.90044
37 23 3.6750386
37 25 46.08536
