0 8 8.734402
0 2 1.532212
0 37 0.8416535
0 13 0.8365384
0 11 65.04282
0 29 12.857143
1 3 0.23498249
1 12 70.94709
2 30 8.649286
2 0 1.532212
2 8 1.7430698
2 18 23.817833
2 13 0.8841693
2 33 3.92053
2 11 1.5419035
2 29 0.9737431
2 20 3.8099287
2 37 1.3068671
2 27 0.9175537
2 23 59.76387
2 25 1.4846984
3 36 0.22876957
3 28 0.06403959
3 24 2000.0
3 12 0.050316386
3 1 0.23498249
3 9 0.24670847
4 31 0.08348902
4 9 0.11399378
4 17 0.086526394
4 19 0.087681055
5 30 0.42803556
5 8 0.5181439
5 18 0.4715364
5 13 2000.0
5 11 3.420566
5 29 2.1436265
5 34 0.73336
5 20 3.7828352
5 37 2000.0
5 7 4.395019
5 27 1.6036644
5 16 1.3136736
5 23 4.0266495
6 31 0.42532375
6 17 1.322192
7 34 10.013732
7 30 0.77632624
7 20 1.4355932
7 8 36.373344
7 37 35.13627
7 16 1.2733546
7 11 10.373233
7 23 1.1840125
7 25 4.7203536
7 5 4.395019
8 0 8.734402
8 30 1.042466
8 18 1.1974458
8 13 2.1003249
8 11 0.67518497
8 29 0.7160983
8 5 0.5181439
8 34 2.944183
8 2 1.7430698
8 37 0.93227434
8 7 36.373344
8 27 1.2713716
8 16 1.3131287
8 23 0.9476826
9 36 1.8807749
9 26 2000.0
9 28 2.3612375
9 10 10.761283
9 22 0.29573742
9 31 0.029754162
9 3 0.24670847
9 17 0.05850379
9 4 0.11399378
9 19 0.07073597
10 26 0.03127069
10 28 0.43413514
10 24 0.037235912
10 31 0.048125695
10 12 4.915439
10 9 10.761283
10 17 0.029025624
11 0 65.04282
11 30 0.49256024
11 8 0.67518497
11 18 10.950788
11 13 0.51163757
11 33 2.186534
11 29 0.7619278
11 5 3.420566
11 34 2.5205233
11 20 0.8078634
11 2 1.5419035
11 37 1.5907308
11 7 10.373233
11 27 0.5831241
11 16 0.911553
11 25 0.94131666
12 26 1.3741087
12 28 3.4231026
12 32 0.29986024
12 10 4.915439
12 24 0.084106915
12 21 0.072450176
12 3 0.050316386
12 1 70.94709
13 30 3.3926332
13 0 0.8365384
13 8 2.1003249
13 18 128.18712
13 33 0.95302624
13 11 0.51163757
13 29 1.1637727
13 5 2000.0
13 34 12.323013
13 20 0.5161248
13 2 0.8841693
13 14 3.3261492
13 37 1.6269851
13 27 0.27485797
13 16 2000.0
13 25 0.58671767
14 20 0.7838213
14 13 3.3261492
14 27 2.3907914
14 33 0.40592143
14 11 2000.0
14 25 1.5257301
15 32 0.06987588
15 21 1.7465249
16 0 2000.0
16 30 1.320693
16 8 1.3131287
16 18 1.1269723
16 13 2000.0
16 11 0.911553
16 29 44.42374
16 5 1.3136736
16 20 5.2905636
16 37 14.175533
16 7 1.2733546
16 27 1.3485926
16 23 9.071631
16 25 2.0206165
17 26 1.7706131
17 6 1.322192
17 10 0.029025624
17 24 0.21695513
17 31 1.5290846
17 9 0.05850379
17 4 0.086526394
17 19 1.4402435
18 30 0.68521726
18 0 2000.0
18 8 1.1974458
18 13 128.18712
18 11 10.950788
18 29 1.2013888
18 5 0.4715364
18 2 23.817833
18 37 1.6155857
18 7 2000.0
18 27 3.2830732
18 16 1.1269723
18 23 1.51132
19 31 0.08292144
19 9 0.07073597
19 17 1.4402435
19 4 0.087681055
20 30 11.3482
20 13 0.5161248
20 33 1.5282524
20 11 0.8078634
20 29 4.3775887
20 5 3.7828352
20 34 0.7993535
20 2 3.8099287
20 14 0.7838213
20 37 2.7007656
20 7 1.4355932
20 27 0.4166904
20 16 5.2905636
20 25 0.5458236
21 26 2000.0
21 32 2000.0
21 24 0.4631239
21 35 0.041801352
21 12 0.072450176
21 15 1.7465249
22 6 1215.1136
22 31 1506.9886
22 9 0.29573742
22 19 1339.5455
23 0 2000.0
23 30 0.9566339
23 2 59.76387
23 8 0.9476826
23 37 2.679994
23 18 1.51132
23 7 1.1840125
23 16 9.071631
23 11 2000.0
23 29 3.8901114
23 5 4.0266495
24 26 0.087215655
24 32 0.13347314
24 10 0.037235912
24 21 0.4631239
24 31 6.6453705
24 12 0.084106915
24 15 2000.0
24 17 0.21695513
25 30 1.7196969
25 13 0.58671767
25 33 0.27174634
25 11 0.94131666
25 29 1.7267802
25 34 1.0203254
25 20 0.5458236
25 2 1.4846984
25 14 1.5257301
25 37 23.955158
25 7 4.7203536
25 27 0.47604507
25 16 2.0206165
26 32 22.63086
26 28 0.09349851
26 10 0.03127069
26 24 0.087215655
26 31 0.06953872
26 12 1.3741087
26 17 1.7706131
27 0 2000.0
27 30 0.14754084
27 8 1.2713716
27 18 3.2830732
27 13 0.27485797
27 33 0.78897727
27 11 0.5831241
27 29 0.7996151
27 5 1.6036644
27 34 1.0195806
27 20 0.4166904
27 2 0.9175537
27 14 2.3907914
27 37 1.445816
27 7 2892.3293
27 16 1.3485926
27 25 0.47604507
28 36 0.046798274
28 26 0.09349851
28 10 0.43413514
28 3 0.06403959
28 12 3.4231026
28 9 2.3612375
29 0 12.857143
29 30 3.349384
29 8 0.7160983
29 18 1.2013888
29 13 1.1637727
29 11 0.7619278
29 5 2.1436265
29 34 3.002341
29 20 4.3775887
29 2 0.9737431
29 37 1.3217897
29 7 2000.0
29 27 0.7996151
29 16 44.42374
29 23 3.8901114
29 25 1.7267802
30 0 2000.0
30 8 1.042466
30 18 0.68521726
30 13 3.3926332
30 33 1.9570484
30 11 0.49256024
30 29 3.349384
30 5 0.42803556
30 34 1.2433324
30 20 11.3482
30 2 8.649286
30 37 4.3636694
30 7 0.77632624
30 27 0.14754084
30 16 1.320693
30 23 0.9566339
30 25 1.7196969
31 26 0.06953872
31 6 0.42532375
31 10 0.048125695
31 24 6.6453705
31 22 1506.9886
31 9 0.029754162
31 17 1.5290846
31 4 0.08348902
31 19 0.08292144
32 26 22.63086
32 24 0.13347314
32 12 0.29986024
32 15 0.06987588
33 34 2000.0
33 30 1.9570484
33 20 1.5282524
33 2 3.92053
33 14 0.40592143
33 7 2000.0
33 13 0.95302624
33 27 0.78897727
33 16 2000.0
33 11 2.186534
33 29 1406.7614
33 25 0.27174634
34 30 1.2433324
34 20 0.7993535
34 8 2.944183
34 13 12.323013
34 7 10.013732
34 27 1.0195806
34 16 1215.0568
34 11 2.5205233
34 25 1.0203254
34 29 3.002341
34 5 0.73336
35 21 0.041801352
36 26 1250.3977
36 28 0.046798274
36 3 0.22876957
36 9 1.8807749
37 30 4.3636694
37 0 0.8416535
37 8 0.93227434
37 18 1.6155857
37 13 1.6269851
37 11 1.5907308
37 29 1.3217897
37 20 2.7007656
37 2 1.3068671
37 7 35.13627
37 27 1.445816
37 16 14.175533
37 23 2.679994
37 25 23.955158
