0 2 1.0749347
0 37 2.837145
0 13 0.7920825
0 29 26.265173
0 25 39.68254
1 3 0.67305195
1 12 11.332935
2 30 32.41533
2 0 1.0749347
2 8 2.237651
2 18 2.2903981
2 13 0.44894227
2 33 1.5317891
2 11 1.4847357
2 29 1.1776719
2 20 2.4418955
2 37 0.8303321
2 27 0.620861
2 16 2000.0
2 23 20.111742
2 25 0.4416326
3 36 0.76480013
3 28 96.17898
3 24 372.61743
3 12 0.066211164
3 1 0.67305195
3 9 0.32786605
4 31 0.07559567
4 9 0.07753865
4 17 0.12790698
4 19 0.14222875
5 30 1.4775134
5 8 0.743589
5 18 0.80169374
5 13 42.302357
5 11 1.8454766
5 29 4.6075516
5 34 2.1591237
5 20 2.5970125
5 37 14.6284075
5 7 18.472092
5 27 1.901606
5 16 1.4454982
5 23 3.4895895
5 25 2000.0
6 31 0.14196035
6 17 4.3472333
7 30 2.3158598
7 20 75.84855
7 8 22.16113
7 37 88.23783
7 16 1.9296753
7 23 1.3829341
7 25 3.7388637
7 5 18.472092
8 0 2000.0
8 30 0.6410227
8 18 1.1055369
8 13 1.3213458
8 11 1.5062665
8 29 1.2283453
8 5 0.743589
8 34 186.67598
8 2 2.237651
8 37 1.1983199
8 7 22.16113
8 27 1.0550537
8 16 2.085195
8 23 1.5906316
8 25 2000.0
9 36 0.48245147
9 26 2000.0
9 28 1.3036834
9 10 4.519571
9 22 0.06877508
9 31 0.034682024
9 12 2000.0
9 3 0.32786605
9 4 0.07753865
9 17 0.04499634
9 19 0.08144812
10 26 0.034009784
10 28 0.3037374
10 24 0.08375721
10 31 1.6053194
10 12 1632.1023
10 9 4.519571
10 17 0.03529878
11 0 2000.0
11 30 0.7605664
11 8 1.5062665
11 18 5.7113285
11 13 1.1847128
11 33 1.5723485
11 29 0.9797414
11 5 1.8454766
11 34 2.425737
11 20 1.146893
11 2 1.4847357
11 37 1.5525062
11 7 2215.2842
11 27 0.73810583
11 16 1.1991014
11 25 0.4449621
12 26 0.43331453
12 28 142.1309
12 32 6.7173634
12 24 0.07344661
12 21 0.1397763
12 3 0.066211164
12 1 11.332935
13 30 65.427345
13 0 0.7920825
13 8 1.3213458
13 18 27.133839
13 33 0.7728908
13 11 1.1847128
13 29 1.1596345
13 5 42.302357
13 34 4077.4998
13 20 0.8421717
13 2 0.44894227
13 14 6.989569
13 37 1.2140301
13 7 2000.0
13 27 0.37592235
13 16 125.54924
13 25 0.23071592
14 30 19.989262
14 20 5.3448095
14 13 6.989569
14 27 4.240408
14 33 0.3274292
14 11 2000.0
14 25 2.429048
15 32 0.07533634
15 21 18.996412
16 0 2000.0
16 30 1.3466878
16 8 2.085195
16 18 2.034408
16 13 125.54924
16 33 101.88008
16 11 1.1991014
16 5 1.4454982
16 34 90.453125
16 20 24.11749
16 7 1.9296753
16 27 1.661831
16 23 7.871852
16 25 1.0126516
17 6 4.3472333
17 26 3.3723655
17 10 0.03529878
17 24 0.06513601
17 31 0.9991431
17 9 0.04499634
17 4 0.12790698
17 19 2000.0
18 0 2000.0
18 30 1.0487095
18 8 1.1055369
18 13 27.133839
18 11 5.7113285
18 29 1.1435896
18 5 0.80169374
18 2 2.2903981
18 37 4.32956
18 7 2000.0
18 27 73.13892
18 16 2.034408
18 23 1.4526796
19 31 0.11673116
19 9 0.08144812
19 4 0.14222875
20 30 2.9652534
20 13 0.8421717
20 33 0.9637763
20 11 1.146893
20 29 6.5273166
20 5 2.5970125
20 34 0.886578
20 2 2.4418955
20 14 5.3448095
20 37 5.065757
20 7 75.84855
20 27 1.4779168
20 16 24.11749
20 25 0.49591935
21 26 2000.0
21 32 555.55554
21 24 1.1591539
21 35 0.035558715
21 31 2000.0
21 12 0.1397763
21 15 18.996412
22 31 1140.5681
22 9 0.06877508
22 19 2000.0
23 0 2000.0
23 30 2.5939925
23 8 1.5906316
23 2 20.111742
23 37 2.5370119
23 18 1.4526796
23 7 1.3829341
23 16 7.871852
23 11 2000.0
23 29 2.3230243
23 5 3.4895895
24 26 0.05243928
24 32 0.27358896
24 10 0.08375721
24 21 1.1591539
24 12 0.07344661
24 3 372.61743
24 15 2000.0
24 17 0.06513601
25 0 39.68254
25 30 33.889744
25 13 0.23071592
25 33 0.86064565
25 11 0.4449621
25 29 2.1990848
25 34 2.9273374
25 20 0.49591935
25 2 0.4416326
25 14 2.429048
25 37 76.72882
25 7 3.7388637
25 27 0.21947801
25 16 1.0126516
26 32 48.80341
26 28 0.06284787
26 10 0.034009784
26 24 0.05243928
26 31 0.12277947
26 12 0.43331453
26 17 3.3723655
27 30 0.25259194
27 0 2000.0
27 8 1.0550537
27 18 73.13892
27 13 0.37592235
27 33 0.7691079
27 11 0.73810583
27 29 1.6141778
27 5 1.901606
27 34 0.9564594
27 20 1.4779168
27 2 0.620861
27 14 4.240408
27 37 1.2064793
27 7 2000.0
27 16 1.661831
27 25 0.21947801
28 36 0.037859693
28 26 0.06284787
28 10 0.3037374
28 12 142.1309
28 3 96.17898
28 9 1.3036834
28 19 1373.5227
29 0 26.265173
29 30 1.715311
29 8 1.2283453
29 18 1.1435896
29 13 1.1596345
29 33 13.442476
29 11 0.9797414
29 5 4.6075516
29 34 4.588746
29 20 6.5273166
29 2 1.1776719
29 37 0.41550046
29 7 2000.0
29 27 1.6141778
29 16 2000.0
29 23 2.3230243
29 25 2.1990848
30 8 0.6410227
30 18 1.0487095
30 13 65.427345
30 33 8.91299
30 11 0.7605664
30 29 1.715311
30 5 1.4775134
30 34 0.964483
30 20 2.9652534
30 2 32.41533
30 14 19.989262
30 37 13.655909
30 7 2.3158598
30 27 0.25259194
30 16 1.3466878
30 23 2.5939925
30 25 33.889744
31 26 0.12277947
31 6 0.14196035
31 10 1.6053194
31 35 27.73378
31 9 0.034682024
31 4 0.07559567
31 17 0.9991431
31 19 0.11673116
32 26 48.80341
32 24 0.27358896
32 21 555.55554
32 12 6.7173634
32 15 0.07533634
33 30 8.91299
33 8 2000.0
33 13 0.7728908
33 11 1.5723485
33 29 13.442476
33 5 2000.0
33 34 2000.0
33 20 0.9637763
33 2 1.5317891
33 14 0.3274292
33 7 2000.0
33 27 0.7691079
33 16 101.88008
33 25 0.86064565
34 30 0.964483
34 20 0.886578
34 8 186.67598
34 37 2000.0
34 7 2000.0
34 27 0.9564594
34 16 90.453125
34 11 2.425737
34 29 4.588746
34 25 2.9273374
34 5 2.1591237
35 21 0.035558715
35 31 27.73378
36 28 0.037859693
36 3 0.76480013
36 9 0.48245147
37 30 13.655909
37 0 2.837145
37 8 1.1983199
37 18 4.32956
37 13 1.2140301
37 11 1.5525062
37 29 0.41550046
37 5 14.6284075
37 20 5.065757
37 2 0.8303321
37 7 88.23783
37 27 1.2064793
37 16 2000.0
37 23 2.5370119
37 25 76.72882
