0 2 1.6629858
0 37 3.0321214
0 13 0.77289975
0 29 11.418284
0 25 35.439537
1 3 1.2641149
1 12 34.938152
2 30 25.10178
2 0 1.6629858
2 8 1.5076531
2 18 3.6653767
2 13 0.57722455
2 33 5.1008186
2 11 2.976345
2 29 1.4670982
2 20 5.0250297
2 37 1.8180171
2 27 0.9267938
2 16 2000.0
2 23 20.412577
2 25 0.59296083
3 36 1.0443182
3 28 12.453479
3 24 2000.0
3 12 0.06546732
3 1 1.2641149
3 9 0.5588929
4 31 0.06790239
4 9 0.07741604
4 17 0.12087663
4 19 0.068886496
5 30 1.7026578
5 8 0.41275236
5 18 0.68314636
5 13 33.026485
5 11 1.8726784
5 29 2.9772727
5 34 1.799013
5 20 2.1235538
5 37 7.500772
5 7 9.746385
5 27 1.9103847
5 16 1.590311
5 23 3.4296086
5 25 2000.0
6 31 0.18445748
6 17 6.151343
7 34 641.95447
7 30 1.2074475
7 20 75.14963
7 8 3.290103
7 37 1784.2424
7 16 1.4775996
7 23 1.5186675
7 25 1.7782354
7 5 9.746385
8 0 2000.0
8 30 0.32894164
8 18 1.1105237
8 13 0.7385574
8 11 0.81542206
8 29 0.5646686
8 5 0.41275236
8 34 21.180353
8 2 1.5076531
8 37 1.1355866
8 7 3.290103
8 27 1.0960538
8 16 1.3556863
8 23 0.963955
8 25 2000.0
9 36 0.7351301
9 28 1.3139977
9 10 31.357641
9 22 0.049445674
9 31 0.029313497
9 3 0.5588929
9 12 2000.0
9 4 0.07741604
9 17 0.040648285
9 19 0.06864906
10 26 0.03320198
10 28 0.19337122
10 24 0.10020058
10 31 18.39318
10 12 48.45228
10 9 31.357641
10 17 0.03783971
11 0 2000.0
11 30 0.7134092
11 8 0.81542206
11 18 7.734792
11 13 0.7625627
11 33 2.660949
11 29 0.9540541
11 5 1.8726784
11 34 3.2616506
11 20 1.2779759
11 2 2.976345
11 37 1.6579871
11 7 1619.7727
11 27 0.6566417
11 16 1.1361412
11 25 1.2944057
12 26 0.60470086
12 32 6.4036365
12 10 48.45228
12 24 0.072763234
12 21 0.095228896
12 3 0.06546732
12 1 34.938152
13 30 48.350063
13 0 0.77289975
13 8 0.7385574
13 18 122.87121
13 33 1.3020284
13 11 0.7625627
13 29 0.81596667
13 5 33.026485
13 34 203.993
13 20 0.8851574
13 2 0.57722455
13 14 3.1636424
13 37 1.0535481
13 7 2000.0
13 27 0.70676064
13 16 26.140167
13 25 0.257771
14 30 7.7075763
14 20 6.2596946
14 13 3.1636424
14 27 6.2307563
14 33 0.5630344
14 11 2000.0
14 25 4.0978236
15 32 0.06850632
15 21 6.048906
15 12 2000.0
16 30 1.0892568
16 0 2000.0
16 8 1.3556863
16 18 1.2586427
16 13 26.140167
16 11 1.1361412
16 5 1.590311
16 34 70.35507
16 20 30.847254
16 7 1.4775996
16 27 1.5619843
16 23 2.5124152
16 25 1.026781
17 6 6.151343
17 26 1.5927018
17 10 0.03783971
17 24 0.14445826
17 31 0.98749346
17 9 0.040648285
17 4 0.12087663
17 19 33.333336
18 0 2000.0
18 30 0.6346507
18 8 1.1105237
18 13 122.87121
18 11 7.734792
18 29 1.3545628
18 5 0.68314636
18 2 3.6653767
18 37 2.368343
18 7 2000.0
18 27 26.670435
18 16 1.2586427
18 23 1.2366122
19 31 0.09653374
19 9 0.06864906
19 4 0.068886496
19 17 33.333336
20 30 1.6595736
20 13 0.8851574
20 33 0.8947744
20 11 1.2779759
20 29 5.2719994
20 5 2.1235538
20 34 0.9564801
20 2 5.0250297
20 14 6.2596946
20 37 4.602273
20 7 75.14963
20 27 1.3803765
20 16 30.847254
20 25 0.43650365
21 26 2000.0
21 32 2000.0
21 24 1.0109137
21 35 0.035938777
21 31 2000.0
21 12 0.095228896
21 15 6.048906
21 4 2000.0
22 31 128.57143
22 9 0.049445674
22 19 2000.0
23 0 2000.0
23 30 1.7726635
23 8 0.963955
23 2 20.412577
23 37 2.6518757
23 18 1.2366122
23 7 1.5186675
23 16 2.5124152
23 11 2000.0
23 29 1.6877466
23 5 3.4296086
24 26 0.04511973
24 32 0.32877505
24 10 0.10020058
24 21 1.0109137
24 12 0.072763234
24 15 2000.0
24 17 0.14445826
25 0 35.439537
25 30 14.430319
25 13 0.257771
25 33 1.0734228
25 11 1.2944057
25 29 1.4872217
25 34 1.9248853
25 20 0.43650365
25 2 0.59296083
25 14 4.0978236
25 37 29.087154
25 7 1.7782354
25 27 0.23699313
25 16 1.026781
26 32 69.39589
26 28 0.17035809
26 10 0.03320198
26 24 0.04511973
26 31 0.15636836
26 12 0.60470086
26 17 1.5927018
27 30 1.5210826
27 0 2000.0
27 8 1.0960538
27 18 26.670435
27 13 0.70676064
27 33 1.0222903
27 11 0.6566417
27 29 0.79060954
27 5 1.9103847
27 34 0.9128487
27 20 1.3803765
27 2 0.9267938
27 14 6.2307563
27 37 1.7093642
27 7 2000.0
27 16 1.5619843
27 25 0.23699313
28 36 0.034989003
28 26 0.17035809
28 10 0.19337122
28 3 12.453479
28 12 1686.1932
28 9 1.3139977
28 19 1379.716
29 0 11.418284
29 30 1.7978922
29 8 0.5646686
29 18 1.3545628
29 13 0.81596667
29 33 21.064833
29 11 0.9540541
29 5 2.9772727
29 34 2.9659417
29 20 5.2719994
29 2 1.4670982
29 37 0.72863054
29 7 2000.0
29 27 0.79060954
29 16 2000.0
29 23 1.6877466
29 25 1.4872217
30 8 0.32894164
30 18 0.6346507
30 13 48.350063
30 33 6.975217
30 11 0.7134092
30 29 1.7978922
30 5 1.7026578
30 34 0.88991207
30 20 1.6595736
30 2 25.10178
30 14 7.7075763
30 37 26.218668
30 7 1.2074475
30 27 1.5210826
30 16 1.0892568
30 23 1.7726635
30 25 14.430319
31 26 0.15636836
31 6 0.18445748
31 10 18.39318
31 35 44.785988
31 22 128.57143
31 21 2000.0
31 9 0.029313497
31 4 0.06790239
31 17 0.98749346
31 19 0.09653374
32 26 69.39589
32 24 0.32877505
32 21 2000.0
32 12 6.4036365
32 15 0.06850632
33 30 6.975217
33 8 2000.0
33 13 1.3020284
33 11 2.660949
33 29 21.064833
33 5 2000.0
33 34 2000.0
33 20 0.8947744
33 2 5.1008186
33 14 0.5630344
33 7 2000.0
33 27 1.0222903
33 16 3017.898
33 25 1.0734228
34 30 0.88991207
34 20 0.9564801
34 8 21.180353
34 37 2000.0
34 13 203.993
34 7 641.95447
34 27 0.9128487
34 16 70.35507
34 11 3.2616506
34 29 2.9659417
34 25 1.9248853
34 5 1.799013
35 21 0.035938777
35 31 44.785988
36 28 0.034989003
36 3 1.0443182
36 9 0.7351301
37 30 26.218668
37 0 3.0321214
37 8 1.1355866
37 18 2.368343
37 13 1.0535481
37 11 1.6579871
37 29 0.72863054
37 5 7.500772
37 20 4.602273
37 2 1.8180171
37 7 1784.2424
37 27 1.7093642
37 16 2000.0
37 23 2.6518757
37 25 29.087154
