0 2 0.9692769
0 37 1.3323282
0 13 0.790341
0 29 108.16339
0 25 71.203125
1 3 0.7115103
1 12 14.289093
2 30 25.087376
2 0 0.9692769
2 8 1.0266172
2 18 2.7521307
2 13 0.56614184
2 33 3.0193067
2 11 1.2736526
2 29 1.0154803
2 20 2.0437078
2 37 0.83482957
2 27 1.1529254
2 16 2000.0
2 23 7.4162326
2 25 1.4051617
3 36 1.281223
3 28 29.000494
3 24 200.0
3 12 0.07849796
3 1 0.7115103
3 9 0.2835822
4 31 0.066468254
4 9 0.08147746
4 17 0.101382956
4 19 0.08399367
5 30 1.0431558
5 8 0.5532692
5 18 0.51331615
5 13 13.554248
5 11 1.1538105
5 29 2.8596258
5 34 1.8861473
5 20 1.5184658
5 37 10.689347
5 7 7.1655383
5 27 1.2981011
5 16 1.7168126
5 23 2.3951323
5 25 2000.0
6 31 0.19492424
6 17 1.2280729
7 34 2000.0
7 30 1.117292
7 20 56.979263
7 8 7.8475847
7 16 1.3267189
7 23 1.3754029
7 25 3.5403118
7 5 7.1655383
8 0 2000.0
8 30 0.27158973
8 18 1.2594236
8 13 0.6651028
8 11 0.88421935
8 29 0.4087522
8 5 0.5532692
8 34 36.029167
8 2 1.0266172
8 37 1.0716673
8 7 7.8475847
8 27 0.5545213
8 16 1.4150922
8 23 1.0061858
8 25 2000.0
9 36 0.6432364
9 28 0.81235003
9 10 19.42561
9 22 0.06444439
9 31 0.028662197
9 3 0.2835822
9 12 2000.0
9 4 0.08147746
9 17 0.04083807
9 19 0.06278802
10 26 0.03139903
10 28 0.29261363
10 24 0.07814907
10 31 12.897511
10 12 1275.625
10 9 19.42561
10 17 0.030326705
11 0 2000.0
11 30 0.7063699
11 8 0.88421935
11 18 8.09469
11 13 0.78526855
11 33 1.9475604
11 29 0.7676085
11 5 1.1538105
11 34 1.3679698
11 20 1.1415939
11 2 1.2736526
11 37 1.1722183
11 7 1651.9886
11 27 0.69915724
11 16 1.1926049
11 25 0.8505133
12 26 1.9658483
12 28 173.27048
12 32 7.8322735
12 24 0.076375164
12 21 0.120694526
12 3 0.07849796
12 1 14.289093
13 30 36.105377
13 0 0.790341
13 8 0.6651028
13 18 103.22262
13 33 1.0716771
13 11 0.78526855
13 29 0.822295
13 5 13.554248
13 34 105.19011
13 20 0.98066753
13 2 0.56614184
13 14 5.5511904
13 37 0.85184765
13 7 2000.0
13 27 0.36419147
13 16 37.09165
13 25 0.25305513
14 30 25.945389
14 20 3.0189211
14 13 5.5511904
14 27 2.4814327
14 33 0.45023617
14 25 2.1475606
15 32 0.07172742
15 21 4.256957
16 30 1.0583204
16 0 2000.0
16 8 1.4150922
16 18 1.1112541
16 13 37.09165
16 11 1.1926049
16 5 1.7168126
16 34 40.81713
16 20 17.715145
16 7 1.3267189
16 27 1.4718565
16 23 3.5173616
16 25 1.2285593
17 6 1.2280729
17 26 1.5432206
17 10 0.030326705
17 24 0.124506794
17 31 0.97411263
17 9 0.04083807
17 4 0.101382956
17 19 46.97592
18 0 2000.0
18 30 0.65951854
18 8 1.2594236
18 13 103.22262
18 11 8.09469
18 29 0.95784295
18 5 0.51331615
18 2 2.7521307
18 37 2.5749564
18 7 2000.0
18 27 30.552914
18 16 1.1112541
18 23 1.3886598
19 31 0.10098574
19 9 0.06278802
19 4 0.08399367
19 17 46.97592
20 30 1.1463319
20 13 0.98066753
20 33 1.4405222
20 11 1.1415939
20 29 10.250001
20 5 1.5184658
20 34 0.9348953
20 2 2.0437078
20 14 3.0189211
20 37 2.2650867
20 7 56.979263
20 27 0.89719737
20 16 17.715145
20 25 0.6147443
21 26 2000.0
21 32 2000.0
21 24 1.1971537
21 35 0.07331355
21 31 2000.0
21 12 0.120694526
21 15 4.256957
22 31 63.157894
22 9 0.06444439
22 19 2000.0
23 0 2000.0
23 30 1.3848836
23 8 1.0061858
23 2 7.4162326
23 37 1.7698544
23 18 1.3886598
23 7 1.3754029
23 16 3.5173616
23 11 2000.0
23 29 1.4223274
23 5 2.3951323
24 26 0.048805855
24 32 0.31783596
24 10 0.07814907
24 21 1.1971537
24 12 0.076375164
24 3 200.0
24 15 2000.0
24 17 0.124506794
25 30 8.441713
25 0 71.203125
25 13 0.25305513
25 33 0.5634743
25 11 0.8505133
25 29 1.3223015
25 34 1.7931354
25 20 0.6147443
25 2 1.4051617
25 14 2.1475606
25 37 35.30623
25 7 3.5403118
25 27 0.23942786
25 16 1.2285593
26 32 160.0
26 28 0.06596345
26 10 0.03139903
26 24 0.048805855
26 31 0.27219066
26 12 1.9658483
26 17 1.5432206
27 30 0.25569448
27 0 2000.0
27 8 0.5545213
27 18 30.552914
27 13 0.36419147
27 33 0.79652786
27 11 0.69915724
27 29 1.1847032
27 5 1.2981011
27 34 2.4325545
27 20 0.89719737
27 2 1.1529254
27 14 2.4814327
27 37 1.4839095
27 7 2000.0
27 16 1.4718565
27 25 0.23942786
28 36 0.038690116
28 26 0.06596345
28 10 0.29261363
28 3 29.000494
28 12 173.27048
28 9 0.81235003
28 19 1377.3296
29 0 108.16339
29 30 1.4237676
29 8 0.4087522
29 18 0.95784295
29 13 0.822295
29 33 30.246223
29 11 0.7676085
29 5 2.8596258
29 34 3.2131357
29 20 10.250001
29 2 1.0154803
29 37 0.8362833
29 7 2000.0
29 27 1.1847032
29 16 2000.0
29 23 1.4223274
29 25 1.3223015
30 8 0.27158973
30 18 0.65951854
30 13 36.105377
30 33 13.853306
30 11 0.7063699
30 29 1.4237676
30 5 1.0431558
30 34 0.71296
30 20 1.1463319
30 2 25.087376
30 14 25.945389
30 37 8.369637
30 7 1.117292
30 27 0.25569448
30 16 1.0583204
30 23 1.3848836
30 25 8.441713
31 26 0.27219066
31 6 0.19492424
31 10 12.897511
31 35 49.252434
31 22 63.157894
31 9 0.028662197
31 4 0.066468254
31 17 0.97411263
31 19 0.10098574
32 26 160.0
32 24 0.31783596
32 12 7.8322735
32 15 0.07172742
33 30 13.853306
33 8 2000.0
33 13 1.0716771
33 11 1.9475604
33 29 30.246223
33 5 2000.0
33 34 2000.0
33 20 1.4405222
33 2 3.0193067
33 14 0.45023617
33 7 2000.0
33 27 0.79652786
33 16 3017.898
33 25 0.5634743
34 30 0.71296
34 20 0.9348953
34 8 36.029167
34 37 2000.0
34 13 105.19011
34 7 2000.0
34 27 2.4325545
34 16 40.81713
34 11 1.3679698
34 29 3.2131357
34 25 1.7931354
34 5 1.8861473
35 21 0.07331355
35 31 49.252434
36 28 0.038690116
36 3 1.281223
36 9 0.6432364
37 30 8.369637
37 0 1.3323282
37 8 1.0716673
37 18 2.5749564
37 13 0.85184765
37 11 1.1722183
37 29 0.8362833
37 5 10.689347
37 20 2.2650867
37 2 0.83482957
37 7 2593.3523
37 27 1.4839095
37 16 2000.0
37 23 1.7698544
37 25 35.30623
