0 2 1.0040648
0 37 1.6219811
0 13 0.74990547
0 29 9.586421
0 25 34.43403
1 3 0.83840907
1 12 10.052828
2 30 15.136068
2 0 1.0040648
2 8 1.017135
2 18 3.0914135
2 13 0.6207203
2 33 1.8428868
2 11 1.7708157
2 29 1.02638
2 20 4.513584
2 37 1.5249856
2 27 692.89777
2 16 2000.0
2 23 15.26443
2 25 1.0998998
3 36 0.79576194
3 28 29.75878
3 24 171.42857
3 12 0.068010576
3 1 0.83840907
3 9 0.37109414
4 31 0.07597893
4 9 0.08966101
4 17 0.10289585
4 19 0.085046746
5 30 0.74402624
5 8 1.2452472
5 18 0.81544757
5 13 31.996307
5 11 1.1225787
5 29 2.142792
5 34 3.3823555
5 20 2.8690467
5 37 8.488556
5 7 10.271158
5 27 779.5454
5 16 1.4562992
5 23 2.794657
5 25 2000.0
6 31 0.12571482
6 17 4.663075
7 30 0.7912057
7 20 143.34943
7 8 14.850936
7 37 78.43182
7 16 1.3969499
7 23 1.5945816
7 11 32.42316
7 25 3.3591666
7 5 10.271158
8 0 2000.0
8 30 0.43257242
8 18 0.91499823
8 13 0.9615037
8 11 1.0734041
8 29 0.46848166
8 5 1.2452472
8 34 30.05797
8 2 1.017135
8 37 1.290974
8 7 14.850936
8 27 1067.7273
8 16 1.4673645
8 23 0.930711
8 25 2000.0
9 36 0.86430115
9 26 2000.0
9 28 0.498421
9 10 2.0813308
9 22 0.07255315
9 31 0.029353432
9 3 0.37109414
9 12 2000.0
9 4 0.08966101
9 17 0.042492554
9 19 0.07858795
10 26 35.795452
10 28 0.44741383
10 24 0.11223882
10 31 1.3147323
10 12 39.747623
10 9 2.0813308
10 17 0.033830103
11 0 2000.0
11 30 1.0265185
11 8 1.0734041
11 18 3.323512
11 13 1.0936126
11 33 1.5753808
11 29 1.3412722
11 5 1.1225787
11 34 2.9597893
11 20 1.2635349
11 2 1.7708157
11 37 1.566543
11 7 32.42316
11 27 692.89777
11 16 0.8938643
11 25 0.90174854
12 26 2000.0
12 32 5.335513
12 10 39.747623
12 24 0.08296025
12 21 0.073239565
12 3 0.068010576
12 1 10.052828
13 30 37.29356
13 0 0.74990547
13 8 0.9615037
13 18 39.467094
13 33 0.911755
13 11 1.0936126
13 29 0.8459317
13 5 31.996307
13 34 130.57791
13 20 2.388452
13 2 0.6207203
13 14 7.545553
13 37 1.2031801
13 7 2000.0
13 27 150.96591
13 16 49.81682
13 25 0.21462828
14 30 8.280552
14 20 6.385013
14 13 7.545553
14 27 5234.1475
14 33 0.8330454
14 11 2000.0
14 25 3.4415157
15 32 0.082880035
15 21 8.037135
16 34 126.82282
16 30 1.1211838
16 20 110.102715
16 8 1.4673645
16 18 1.278933
16 13 49.81682
16 7 1.3969499
16 27 1119.8296
16 11 0.8938643
16 23 3.0020292
16 25 1.5458678
16 5 1.4562992
17 6 4.663075
17 26 1034.8864
17 10 0.033830103
17 24 0.06021097
17 31 0.9519641
17 9 0.042492554
17 4 0.10289585
17 19 1302.8977
18 0 2000.0
18 30 0.5458194
18 8 0.91499823
18 13 39.467094
18 11 3.323512
18 29 1.1081533
18 5 0.81544757
18 2 3.0914135
18 37 2.5901618
18 7 2000.0
18 27 2000.0
18 16 1.278933
18 23 1.0711695
19 28 47.204544
19 31 0.084085725
19 9 0.07858795
19 4 0.085046746
20 30 2.2249913
20 8 2000.0
20 13 2.388452
20 33 1.2410247
20 11 1.2635349
20 29 8.205802
20 5 2.8690467
20 34 0.9200232
20 2 4.513584
20 14 6.385013
20 37 2.5946915
20 7 143.34943
20 27 957.6705
20 16 110.102715
20 25 0.52514553
21 26 2000.0
21 32 2000.0
21 24 0.82630336
21 35 0.033099376
21 12 0.073239565
21 15 8.037135
22 31 126.31579
22 9 0.07255315
22 19 2000.0
23 0 2000.0
23 30 2.116447
23 8 0.930711
23 2 15.26443
23 37 2.2955604
23 18 1.0711695
23 7 1.5945816
23 16 3.0020292
23 11 2000.0
23 29 1.4603925
23 5 2.794657
24 26 37.045452
24 32 0.32914472
24 10 0.11223882
24 21 0.82630336
24 3 171.42857
24 12 0.08296025
24 15 2000.0
24 17 0.06021097
25 0 34.43403
25 30 12.10792
25 13 0.21462828
25 33 0.6918831
25 11 0.90174854
25 29 2.9053984
25 34 2.8823528
25 20 0.52514553
25 2 1.0998998
25 14 3.4415157
25 37 60.322487
25 7 3.3591666
25 27 229.14774
25 16 1.5458678
28 36 0.03433309
28 26 51.81818
28 10 0.44741383
28 12 1404.7727
28 3 29.75878
28 9 0.498421
28 19 47.204544
29 0 9.586421
29 30 1.5816139
29 8 0.46848166
29 18 1.1081533
29 13 0.8459317
29 33 18.20502
29 11 1.3412722
29 5 2.142792
29 34 4.283872
29 20 8.205802
29 2 1.02638
29 37 0.82594705
29 7 2000.0
29 27 1898.9204
29 16 2000.0
29 23 1.4603925
29 25 2.9053984
30 8 0.43257242
30 18 0.5458194
30 13 37.29356
30 33 12.0268955
30 11 1.0265185
30 29 1.5816139
30 5 0.74402624
30 34 0.97446275
30 20 2.2249913
30 2 15.136068
30 14 8.280552
30 37 10.914526
30 7 0.7912057
30 27 147.78409
30 16 1.1211838
30 23 2.116447
30 25 12.10792
31 26 2000.0
31 6 0.12571482
31 10 1.3147323
31 35 15.986279
31 22 126.31579
31 9 0.029353432
31 4 0.07597893
31 17 0.9519641
31 19 0.084085725
32 26 2000.0
32 24 0.32914472
32 12 5.335513
32 15 0.082880035
33 30 12.0268955
33 13 0.911755
33 11 1.5753808
33 29 18.20502
33 5 2000.0
33 34 2000.0
33 20 1.2410247
33 2 1.8428868
33 14 0.8330454
33 7 2000.0
33 27 698.2386
33 16 2619.6023
33 25 0.6918831
34 30 0.97446275
34 20 0.9200232
34 8 30.05797
34 37 2000.0
34 7 2000.0
34 13 130.57791
34 27 716.8182
34 16 126.82282
34 11 2.9597893
34 29 4.283872
34 25 2.8823528
34 5 3.3823555
35 21 0.033099376
35 31 15.986279
36 28 0.03433309
36 3 0.79576194
36 9 0.86430115
37 30 10.914526
37 0 1.6219811
37 8 1.290974
37 18 2.5901618
37 13 1.2031801
37 11 1.566543
37 29 0.82594705
37 5 8.488556
37 20 2.5946915
37 2 1.5249856
37 7 78.43182
37 27 725.7955
37 16 2000.0
37 23 2.2955604
37 25 60.322487
