0 2 1.0694247
0 37 3.3209333
0 13 0.94059926
0 29 37.363907
0 25 37.239204
1 3 0.9617302
1 12 9.872153
2 30 18.652609
2 0 1.0694247
2 8 1.4119455
2 18 3.2323089
2 13 0.540066
2 33 1.2842941
2 11 1.5792458
2 29 1.318466
2 20 2.8088732
2 37 0.88989234
2 27 0.9957218
2 16 2000.0
2 23 8.1315565
2 25 0.4195731
3 36 0.8345209
3 28 10.279703
3 24 2000.0
3 12 0.050742306
3 1 0.9617302
3 9 0.76313543
4 31 0.06315708
4 9 0.08131799
4 17 0.22220162
4 19 0.09987825
5 30 0.7227813
5 8 1.0079676
5 18 1.1457053
5 13 18.946024
5 11 1.3130772
5 29 2.9455297
5 34 2.061685
5 20 2.4975903
5 37 10.026303
5 7 13.162809
5 27 4.7702384
5 16 1.3850267
5 23 7.344192
5 25 2000.0
6 31 0.24614525
6 17 2.487155
7 34 144.00002
7 30 2.073121
7 20 67.6579
7 8 5.8973045
7 37 114.28571
7 16 2.362636
7 23 1.7149436
7 25 0.9247132
7 5 13.162809
8 0 2000.0
8 30 0.3839058
8 18 1.9437513
8 13 1.0788845
8 11 1.2105992
8 29 0.41528112
8 5 1.0079676
8 34 44.932762
8 2 1.4119455
8 37 0.82230633
8 7 5.8973045
8 27 1.0805533
8 16 1.5711709
8 23 0.7902512
8 25 2000.0
9 36 0.6788002
9 26 2000.0
9 28 1.1164336
9 10 16.335876
9 22 0.049393937
9 31 0.028901428
9 12 2000.0
9 3 0.76313543
9 4 0.08131799
9 17 0.030810121
9 19 0.06520197
10 26 0.02943723
10 28 0.28181818
10 24 0.12567557
10 31 12.141049
10 12 1496.4773
10 9 16.335876
10 17 0.037387967
11 0 2000.0
11 30 0.7711249
11 8 1.2105992
11 18 5.7821174
11 13 0.9182815
11 33 1.5830295
11 29 0.48344302
11 5 1.3130772
11 34 2.6324763
11 20 1.2669544
11 2 1.5792458
11 37 1.388044
11 7 2106.9888
11 27 0.6837928
11 16 1.1558082
11 25 1.1246265
12 26 1.1155938
12 32 3.7878535
12 24 0.0756242
12 21 0.25574496
12 3 0.050742306
12 1 9.872153
13 30 40.009754
13 0 0.94059926
13 8 1.0788845
13 18 75.24969
13 33 1.4864267
13 11 0.9182815
13 29 1.0481967
13 5 18.946024
13 34 221.58026
13 20 1.0507548
13 2 0.540066
13 14 6.307981
13 37 1.1633754
13 7 2000.0
13 27 0.72893673
13 16 38.441326
13 25 0.24977645
14 30 10.453402
14 20 1.8584316
14 13 6.307981
14 27 2.6307411
14 33 0.4172246
14 11 2000.0
14 25 2.602337
15 32 0.07729874
15 21 4.5428386
16 0 2000.0
16 30 1.137294
16 8 1.5711709
16 18 1.2113564
16 13 38.441326
16 11 1.1558082
16 5 1.3850267
16 34 43.46607
16 20 21.062223
16 7 2.362636
16 27 1.5238447
16 23 3.3459892
16 25 1.5157013
17 6 2.487155
17 26 1.4873936
17 10 0.037387967
17 24 0.14199002
17 31 0.9739807
17 9 0.030810121
17 4 0.22220162
17 19 41.649624
18 0 2000.0
18 30 0.65803534
18 8 1.9437513
18 13 75.24969
18 11 5.7821174
18 29 1.1553748
18 5 1.1457053
18 2 3.2323089
18 37 3.2317884
18 7 2000.0
18 27 21.023865
18 16 1.2113564
18 23 1.4145634
19 28 159.49266
19 31 0.07992946
19 9 0.06520197
19 4 0.09987825
19 17 41.649624
20 0 2000.0
20 30 2.0161076
20 13 1.0507548
20 33 1.3124816
20 11 1.2669544
20 29 9.258417
20 5 2.4975903
20 34 0.8470255
20 2 2.8088732
20 14 1.8584316
20 37 3.3819082
20 7 67.6579
20 27 1.676444
20 16 21.062223
20 25 0.5421697
21 26 2000.0
21 32 2000.0
21 10 2000.0
21 24 0.8163054
21 35 0.05080823
21 31 2000.0
21 12 0.25574496
21 15 4.5428386
22 31 82.34091
22 9 0.049393937
22 19 2000.0
23 0 2000.0
23 30 1.7003524
23 8 0.7902512
23 2 8.1315565
23 37 1.3392168
23 18 1.4145634
23 7 1.7149436
23 16 3.3459892
23 11 2000.0
23 29 1.4477754
23 5 7.344192
24 26 0.03615846
24 32 0.22689694
24 10 0.12567557
24 21 0.8163054
24 12 0.0756242
24 15 2000.0
24 17 0.14199002
25 30 17.325
25 0 37.239204
25 13 0.24977645
25 33 0.5554272
25 11 1.1246265
25 29 1.3232713
25 34 5.1255536
25 20 0.5421697
25 2 0.4195731
25 14 2.602337
25 37 23.863354
25 7 0.9247132
25 27 0.29446396
25 16 1.5157013
26 32 95.68523
26 28 0.07575758
26 10 0.02943723
26 24 0.03615846
26 31 0.22646107
26 12 1.1155938
26 17 1.4873936
27 30 1.8377842
27 0 2000.0
27 8 1.0805533
27 18 21.023865
27 13 0.72893673
27 33 0.72290206
27 11 0.6837928
27 29 0.4633592
27 5 4.7702384
27 34 1.5952553
27 20 1.676444
27 2 0.9957218
27 14 2.6307411
27 37 1.0485207
27 7 2000.0
27 16 1.5238447
27 25 0.29446396
28 36 0.032125562
28 26 0.07575758
28 10 0.28181818
28 12 1203.8636
28 3 10.279703
28 9 1.1164336
28 19 159.49266
29 0 37.363907
29 30 1.6592572
29 8 0.41528112
29 18 1.1553748
29 13 1.0481967
29 33 10.378801
29 11 0.48344302
29 5 2.9455297
29 34 3.0932388
29 20 9.258417
29 2 1.318466
29 37 0.902642
29 7 2000.0
29 27 0.4633592
29 16 2000.0
29 23 1.4477754
29 25 1.3232713
30 8 0.3839058
30 18 0.65803534
30 13 40.009754
30 33 7.254261
30 11 0.7711249
30 29 1.6592572
30 5 0.7227813
30 34 1.0016632
30 20 2.0161076
30 2 18.652609
30 14 10.453402
30 37 12.464337
30 7 2.073121
30 27 1.8377842
30 16 1.137294
30 23 1.7003524
30 25 17.325
31 26 0.22646107
31 6 0.24614525
31 10 12.141049
31 35 1094.7633
31 22 82.34091
31 9 0.028901428
31 4 0.06315708
31 17 0.9739807
31 19 0.07992946
32 26 95.68523
32 24 0.22689694
32 12 3.7878535
32 15 0.07729874
33 30 7.254261
33 8 2000.0
33 13 1.4864267
33 11 1.5830295
33 29 10.378801
33 5 2000.0
33 34 2000.0
33 20 1.3124816
33 2 1.2842941
33 14 0.4172246
33 7 2000.0
33 27 0.72290206
33 16 3017.898
33 25 0.5554272
34 30 1.0016632
34 20 0.8470255
34 8 44.932762
34 37 2000.0
34 7 144.00002
34 13 221.58026
34 27 1.5952553
34 16 43.46607
34 11 2.6324763
34 29 3.0932388
34 25 5.1255536
34 5 2.061685
35 21 0.05080823
35 31 1094.7633
36 28 0.032125562
36 3 0.8345209
36 9 0.6788002
37 30 12.464337
37 0 3.3209333
37 8 0.82230633
37 18 3.2317884
37 13 1.1633754
37 11 1.388044
37 29 0.902642
37 5 10.026303
37 20 3.3819082
37 2 0.88989234
37 7 114.28571
37 27 1.0485207
37 16 2000.0
37 23 1.3392168
37 25 23.863354
