0 8 5.5891685
0 2 1.4923228
0 37 0.7165196
0 13 0.76273
0 11 33.526707
0 29 13.714313
0 25 2000.0
1 3 0.24319164
1 12 1202.159
2 30 8.74034
2 0 1.4923228
2 8 1.7651976
2 18 14.017348
2 13 0.7554345
2 33 3.202553
2 11 1.024754
2 29 0.9770703
2 20 1.8543317
2 37 0.8918543
2 27 1.8487215
2 16 2000.0
2 23 97.48593
2 25 1.6895891
3 36 0.18709877
3 28 0.20259434
3 24 78.60767
3 12 0.04866408
3 1 0.24319164
3 9 0.5658332
4 31 0.07967016
4 9 0.07356689
4 17 0.0810209
4 19 0.080276065
5 30 0.5890554
5 8 0.6156536
5 18 0.3661729
5 13 300.0
5 11 4.0603914
5 29 3.2004418
5 34 1.2245855
5 20 3.4122307
5 37 2000.0
5 7 3.8486342
5 27 1.7190156
5 16 1.2679447
5 23 5.938189
6 22 187.29022
6 31 0.9594595
6 17 0.9138345
7 34 10.340846
7 30 0.96018815
7 20 1.7740763
7 8 20.807745
7 37 11.984256
7 16 1.9130675
7 11 4.3744836
7 23 0.98085654
7 25 3.6045852
7 5 3.8486342
8 0 5.5891685
8 30 0.8563593
8 18 0.8779506
8 13 2.6157987
8 11 0.75160545
8 29 0.6115376
8 5 0.6156536
8 34 2.2656715
8 2 1.7651976
8 37 1.3486753
8 7 20.807745
8 27 1.7188537
8 16 1.4096591
8 23 1.2516564
9 36 1.155154
9 26 2000.0
9 28 1.5146027
9 10 3.7583005
9 22 0.32002002
9 31 0.030811
9 3 0.5658332
9 17 0.042437274
9 4 0.07356689
9 19 0.062567994
10 26 0.03306818
10 28 0.2469554
10 24 0.0390654
10 31 0.04883614
10 12 6.94608
10 9 3.7583005
10 17 0.02890143
11 0 33.526707
11 30 0.53082156
11 8 0.75160545
11 18 14.247024
11 13 1.2131245
11 33 2.4844513
11 29 0.6179731
11 5 4.0603914
11 34 1.780763
11 20 1.3771341
11 2 1.024754
11 37 1.9436752
11 7 4.3744836
11 27 0.4645746
11 16 1.5092549
11 25 1.4001204
12 26 0.95327127
12 28 3.8822627
12 32 0.30595577
12 10 6.94608
12 24 0.088474646
12 21 0.06827498
12 3 0.04866408
13 30 2.612241
13 0 0.76273
13 8 2.6157987
13 18 355.55554
13 33 1.0266329
13 11 1.2131245
13 29 1.0460137
13 5 300.0
13 34 12.447809
13 20 0.78928304
13 2 0.7554345
13 14 2.762756
13 37 4.200562
13 27 0.6471751
13 16 3831.477
13 25 0.6136929
14 20 1.017945
14 13 2.762756
14 27 2.971134
14 33 0.40083873
14 11 2000.0
14 25 2.6703758
15 32 0.08076636
15 21 0.8948437
16 30 1.0842943
16 0 2000.0
16 8 1.4096591
16 18 0.7439178
16 11 1.5092549
16 29 26.618078
16 5 1.2679447
16 20 9.474051
16 37 31.513685
16 7 1.9130675
16 27 1.4451343
16 23 6.6141677
16 25 1.3413224
17 26 2.1792252
17 6 0.9138345
17 10 0.02890143
17 24 0.14231169
17 31 1.3264948
17 9 0.042437274
17 4 0.0810209
17 19 4.689457
18 30 0.7832328
18 0 2000.0
18 8 0.8779506
18 13 355.55554
18 11 14.247024
18 29 1.0435141
18 5 0.3661729
18 2 14.017348
18 37 2.0995932
18 7 2000.0
18 27 3.605295
18 16 0.7439178
18 23 1.3301528
19 31 0.0847028
19 9 0.062567994
19 17 4.689457
19 4 0.080276065
20 30 14.366022
20 13 0.78928304
20 33 1.6173784
20 11 1.3771341
20 29 3.429689
20 5 3.4122307
20 34 0.8202677
20 2 1.8543317
20 14 1.017945
20 37 1.7114791
20 7 1.7740763
20 27 0.73056936
20 16 9.474051
20 25 0.40843222
21 32 2000.0
21 10 2000.0
21 24 0.62784094
21 35 0.04572512
21 12 0.06827498
21 15 0.8948437
22 6 187.29022
22 31 70.50471
22 9 0.32002002
22 19 1339.5455
23 30 1.0800955
23 0 2000.0
23 2 97.48593
23 8 1.2516564
23 37 2.6042616
23 18 1.3301528
23 7 0.98085654
23 16 6.6141677
23 11 2000.0
23 29 2.4871233
23 5 5.938189
24 26 0.07099524
24 32 0.100719705
24 10 0.0390654
24 21 0.62784094
24 31 4.5052557
24 3 78.60767
24 12 0.088474646
24 15 2000.0
24 17 0.14231169
25 30 2.2252781
25 13 0.6136929
25 33 0.53723276
25 11 1.4001204
25 29 4.6774454
25 34 1.5380101
25 20 0.40843222
25 2 1.6895891
25 14 2.6703758
25 37 280.82065
25 7 3.6045852
25 27 0.5955278
25 16 1.3413224
26 36 156.56737
26 32 13.757026
26 28 0.09676136
26 10 0.03306818
26 24 0.07099524
26 31 0.073629186
26 12 0.95327127
26 17 2.1792252
27 0 2000.0
27 30 0.15283962
27 8 1.7188537
27 18 3.605295
27 13 0.6471751
27 33 1.0441481
27 11 0.4645746
27 29 0.5137495
27 5 1.7190156
27 34 0.91175526
27 20 0.73056936
27 2 1.8487215
27 14 2.971134
27 37 1.4282492
27 7 2000.0
27 16 1.4451343
27 25 0.5955278
28 36 0.0333788
28 26 0.09676136
28 10 0.2469554
28 3 0.20259434
28 12 3.8822627
28 9 1.5146027
29 0 13.714313
29 30 4.103607
29 8 0.6115376
29 18 1.0435141
29 13 1.0460137
29 11 0.6179731
29 5 3.2004418
29 34 6.8041387
29 20 3.429689
29 2 0.9770703
29 37 0.9028651
29 7 2000.0
29 27 0.5137495
29 16 26.618078
29 23 2.4871233
29 25 4.6774454
30 0 2000.0
30 8 0.8563593
30 18 0.7832328
30 13 2.612241
30 33 2.2211964
30 11 0.53082156
30 29 4.103607
30 5 0.5890554
30 34 0.8795201
30 20 14.366022
30 2 8.74034
30 14 2000.0
30 37 4.024406
30 7 0.96018815
30 27 0.15283962
30 16 1.0842943
30 23 1.0800955
30 25 2.2252781
31 26 0.073629186
31 6 0.9594595
31 10 0.04883614
31 24 4.5052557
31 22 70.50471
31 9 0.030811
31 17 1.3264948
31 4 0.07967016
31 19 0.0847028
32 26 13.757026
32 24 0.100719705
32 12 0.30595577
32 15 0.08076636
33 34 2000.0
33 30 2.2211964
33 20 1.6173784
33 2 3.202553
33 14 0.40083873
33 7 2000.0
33 13 1.0266329
33 27 1.0441481
33 16 2000.0
33 11 2.4844513
33 29 1820.3408
33 25 0.53723276
34 30 0.8795201
34 20 0.8202677
34 8 2.2656715
34 13 12.447809
34 7 10.340846
34 27 0.91175526
34 16 1215.0568
34 11 1.780763
34 25 1.5380101
34 29 6.8041387
34 5 1.2245855
35 21 0.04572512
36 26 156.56737
36 28 0.0333788
36 3 0.18709877
36 9 1.155154
37 30 4.024406
37 0 0.7165196
37 8 1.3486753
37 18 2.0995932
37 13 4.200562
37 11 1.9436752
37 29 0.9028651
37 20 1.7114791
37 2 0.8918543
37 7 11.984256
37 27 1.4282492
37 16 31.513685
37 23 2.6042616
37 25 280.82065
