0 8 6.9122586
0 2 1.8291981
0 37 1.9467825
0 13 0.8617503
0 11 99.12784
0 29 9.565404
1 3 0.2607727
1 12 1202.159
2 30 6.9643874
2 0 1.8291981
2 8 1.1704082
2 18 6.665194
2 13 0.6419401
2 33 2.426933
2 11 1.4954962
2 29 1.2002376
2 20 1.6412183
2 37 1.1664284
2 27 0.8065155
2 23 41.893913
2 25 0.9066833
3 36 0.33088025
3 28 0.10187647
3 24 225.00002
3 12 0.059627824
3 1 0.2607727
3 9 0.57468766
4 31 0.07897127
4 9 0.06300299
4 17 0.10760076
4 19 0.102403134
5 30 0.4880123
5 8 1.0651718
5 18 0.42531767
5 13 600.0
5 11 5.3939686
5 29 2.658737
5 34 1.6295042
5 20 2.2161863
5 37 2000.0
5 7 6.0078454
5 27 2.1284976
5 16 1.9247903
5 23 3.4954307
6 31 0.5667396
6 17 1.0889055
7 34 9.827651
7 30 0.87591565
7 20 1.4991478
7 8 29.989128
7 37 12.72686
7 27 177.77777
7 16 1.1626999
7 11 16.797777
7 23 0.9912025
7 25 3.553069
7 5 6.0078454
8 0 6.9122586
8 30 0.7099057
8 18 1.06443
8 13 3.1942463
8 11 0.43980315
8 29 1.1652677
8 5 1.0651718
8 34 2.014794
8 2 1.1704082
8 37 1.2120732
8 7 29.989128
8 27 1.3395375
8 16 1.4005982
8 23 1.2264436
9 36 1.5571525
9 26 2000.0
9 28 2.4772332
9 10 27.570301
9 22 0.24822034
9 31 0.031864602
9 3 0.57468766
9 17 0.04523037
9 4 0.06300299
9 19 0.06868586
10 26 0.031395722
10 28 0.25497934
10 24 0.042718858
10 31 0.03818694
10 12 6.406652
10 9 27.570301
10 17 0.033801686
11 0 99.12784
11 30 0.5185725
11 8 0.43980315
11 18 8.493016
11 13 0.6180764
11 33 1.9542432
11 29 1.2583939
11 5 5.3939686
11 34 3.179237
11 20 0.769187
11 2 1.4954962
11 37 1.4068276
11 7 16.797777
11 27 0.64103
11 16 0.83212024
11 25 0.98102176
12 26 0.47317514
12 28 3.5776243
12 32 0.18707728
12 10 6.406652
12 24 0.08017566
12 21 0.071819045
12 3 0.059627824
13 30 1.079232
13 0 0.8617503
13 8 3.1942463
13 18 408.33334
13 33 0.78634626
13 11 0.6180764
13 29 1.236106
13 5 600.0
13 34 9.62488
13 20 0.49052855
13 2 0.6419401
13 14 2.8668323
13 37 2.077311
13 27 0.17711492
13 16 110.76925
13 25 0.376749
14 20 1.4604751
14 13 2.8668323
14 27 1.5718282
14 33 0.26866552
14 11 2000.0
14 25 2.3054922
15 32 0.075915836
15 21 1.8430277
16 30 1.1022263
16 0 2000.0
16 8 1.4005982
16 18 1.075878
16 13 110.76925
16 11 0.83212024
16 29 19.317509
16 5 1.9247903
16 20 8.065563
16 37 19.913637
16 7 1.1626999
16 27 1.3364861
16 23 9.628462
16 25 1.3495975
17 26 1.7893895
17 6 1.0889055
17 10 0.033801686
17 24 0.20089239
17 31 1.2034047
17 9 0.04523037
17 4 0.10760076
17 19 2.8211083
18 30 0.73107666
18 2 6.665194
18 8 1.06443
18 37 1.0132778
18 13 408.33334
18 7 2000.0
18 27 2.8968923
18 16 1.075878
18 23 1.125823
18 11 8.493016
18 29 0.7946435
18 5 0.42531767
19 31 0.085900374
19 9 0.06868586
19 17 2.8211083
19 4 0.102403134
20 30 11.170297
20 13 0.49052855
20 33 1.1456822
20 11 0.769187
20 29 4.161321
20 5 2.2161863
20 34 0.80365807
20 2 1.6412183
20 14 1.4604751
20 37 1.5529674
20 7 1.4991478
20 27 0.2857906
20 16 8.065563
20 25 0.62510204
21 26 2000.0
21 32 2000.0
21 24 0.5756338
21 35 0.06706267
21 12 0.071819045
21 15 1.8430277
22 6 1649.5454
22 31 1105.6818
22 9 0.24822034
22 19 1377.7842
23 30 1.2630448
23 0 2000.0
23 2 41.893913
23 8 1.2264436
23 37 1.951343
23 18 1.125823
23 7 0.9912025
23 16 9.628462
23 11 2000.0
23 29 3.0931294
23 5 3.4954307
24 26 0.05191714
24 32 0.10779277
24 10 0.042718858
24 21 0.5756338
24 31 2.1226494
24 12 0.08017566
24 3 225.00002
24 15 2000.0
24 17 0.20089239
25 30 1.5702009
25 13 0.376749
25 33 0.38894415
25 11 0.98102176
25 29 1.8771441
25 34 1.3844886
25 20 0.62510204
25 2 0.9066833
25 14 2.3054922
25 37 64.65761
25 7 3.553069
25 27 0.36150336
25 16 1.3495975
26 36 150.0
26 32 24.78115
26 28 0.06502421
26 10 0.031395722
26 24 0.05191714
26 31 0.0704764
26 12 0.47317514
26 17 1.7893895
27 0 2000.0
27 30 0.1656511
27 8 1.3395375
27 18 2.8968923
27 13 0.17711492
27 33 0.7833985
27 11 0.64103
27 29 0.58306354
27 5 2.1284976
27 34 0.98833823
27 20 0.2857906
27 2 0.8065155
27 14 1.5718282
27 37 1.1969018
27 7 177.77777
27 16 1.3364861
27 25 0.36150336
28 36 0.038610894
28 26 0.06502421
28 10 0.25497934
28 3 0.10187647
28 12 3.5776243
28 9 2.4772332
29 30 7.1796436
29 0 9.565404
29 8 1.1652677
29 18 0.7946435
29 13 1.236106
29 33 131.83116
29 11 1.2583939
29 5 2.658737
29 34 7.6782384
29 20 4.161321
29 2 1.2002376
29 37 0.9388228
29 7 2000.0
29 27 0.58306354
29 16 19.317509
29 23 3.0931294
29 25 1.8771441
30 0 2000.0
30 8 0.7099057
30 18 0.73107666
30 13 1.079232
30 33 2.9012215
30 11 0.5185725
30 29 7.1796436
30 5 0.4880123
30 34 2.4281328
30 20 11.170297
30 2 6.9643874
30 37 6.288104
30 7 0.87591565
30 27 0.1656511
30 16 1.1022263
30 23 1.2630448
30 25 1.5702009
31 26 0.0704764
31 6 0.5667396
31 10 0.03818694
31 24 2.1226494
31 9 0.031864602
31 17 1.2034047
31 4 0.07897127
31 19 0.085900374
32 26 24.78115
32 24 0.10779277
32 12 0.18707728
32 15 0.075915836
33 34 2000.0
33 30 2.9012215
33 20 1.1456822
33 2 2.426933
33 14 0.26866552
33 7 2000.0
33 13 0.78634626
33 27 0.7833985
33 16 2000.0
33 11 1.9542432
33 29 131.83116
33 25 0.38894415
34 30 2.4281328
34 20 0.80365807
34 8 2.014794
34 13 9.62488
34 7 9.827651
34 27 0.98833823
34 16 1215.0568
34 11 3.179237
34 25 1.3844886
34 29 7.6782384
34 5 1.6295042
35 21 0.06706267
36 26 150.0
36 28 0.038610894
36 3 0.33088025
36 9 1.5571525
37 30 6.288104
37 0 1.9467825
37 8 1.2120732
37 18 1.0132778
37 13 2.077311
37 11 1.4068276
37 29 0.9388228
37 20 1.5529674
37 2 1.1664284
37 7 12.72686
37 27 1.1969018
37 16 19.913637
37 23 1.951343
37 25 64.65761
