0 2 0.9182588
0 37 0.9708778
0 13 1.6258016
0 29 24.988735
0 25 16.341652
1 3 1.1417208
1 12 71.11532
2 30 16.432543
2 0 0.9182588
2 8 1.1759934
2 18 3.4772725
2 13 0.47899565
2 33 3.0651631
2 11 1.7090375
2 29 0.9702199
2 20 2.8494315
2 37 0.7743012
2 27 0.80678236
2 16 2000.0
2 23 16.61948
2 25 0.61702627
3 36 0.7751638
3 28 5.5708137
3 24 2000.0
3 12 0.07581967
3 1 1.1417208
3 9 0.528898
4 31 0.06368698
4 9 0.11633455
4 17 0.19184054
4 19 0.07270481
5 30 0.61900866
5 8 0.46987227
5 18 0.7367397
5 13 35.704243
5 11 5.453424
5 29 3.0816057
5 34 2.9570255
5 20 3.4189198
5 37 34.996666
5 7 15.572105
5 27 2.1057706
5 16 1.9878551
5 23 4.008027
5 25 2000.0
6 31 0.1584293
6 17 1.7154634
7 30 0.9926018
7 20 28.522491
7 8 3.7217805
7 37 99.76163
7 16 1.1968522
7 11 48.01474
7 23 1.6434057
7 25 3.846615
7 5 15.572105
8 0 2000.0
8 30 0.314756
8 18 1.2173848
8 13 0.979609
8 11 1.4262218
8 29 0.66327924
8 5 0.46987227
8 34 21.962465
8 2 1.1759934
8 37 1.4788892
8 7 3.7217805
8 27 0.5752576
8 16 1.5436902
8 23 1.1172422
8 25 2000.0
9 36 0.42151
9 26 2000.0
9 28 1.4288019
9 10 24.350525
9 22 0.07128233
9 31 0.033416893
9 12 2000.0
9 3 0.528898
9 4 0.11633455
9 17 0.03533691
9 19 0.06757789
10 26 0.02980926
10 28 0.29536605
10 24 0.07750089
10 31 10.666296
10 12 51.717457
10 9 24.350525
10 17 0.0340235
11 0 2000.0
11 30 0.73791295
11 8 1.4262218
11 18 16.798494
11 13 0.63015425
11 33 1.9100165
11 29 2.059667
11 5 5.453424
11 34 2.8914468
11 20 1.3468443
11 2 1.7090375
11 37 2.6544003
11 7 48.01474
11 27 0.6433867
11 16 1.1946459
11 25 1.0077757
12 26 0.41854057
12 32 8.058034
12 10 51.717457
12 24 0.069690764
12 21 0.15658705
12 3 0.07581967
12 1 71.11532
13 30 10.620739
13 0 1.6258016
13 8 0.979609
13 18 102.52096
13 33 0.91483814
13 11 0.63015425
13 29 0.8588547
13 5 35.704243
13 34 162.53926
13 20 0.9886598
13 2 0.47899565
13 14 13.743307
13 37 1.4385482
13 7 2000.0
13 27 0.31030846
13 16 96.280174
13 25 0.26008728
14 30 15.756601
14 20 11.992864
14 13 13.743307
14 27 3.3693578
14 33 0.42831382
14 11 2000.0
14 25 10.709864
15 32 0.069122136
15 21 14.251082
16 0 2000.0
16 30 1.0678692
16 8 1.5436902
16 18 1.4957501
16 13 96.280174
16 11 1.1946459
16 5 1.9878551
16 34 36.181126
16 20 28.289097
16 7 1.1968522
16 27 1.4940428
16 23 3.566288
16 25 1.3742125
17 6 1.7154634
17 26 1.3366355
17 10 0.0340235
17 24 0.12317056
17 31 0.9513616
17 9 0.03533691
17 4 0.19184054
17 19 141.8147
18 0 2000.0
18 30 0.7746392
18 8 1.2173848
18 13 102.52096
18 11 16.798494
18 29 1.3526075
18 5 0.7367397
18 2 3.4772725
18 37 1.9962684
18 7 2000.0
18 27 25.865866
18 16 1.4957501
18 23 1.4036933
19 31 0.07350908
19 9 0.06757789
19 4 0.07270481
19 17 141.8147
20 30 5.2923665
20 13 0.9886598
20 33 1.542438
20 11 1.3468443
20 29 12.160412
20 5 3.4189198
20 34 0.9654348
20 2 2.8494315
20 14 11.992864
20 37 2.621326
20 7 28.522491
20 27 1.6960093
20 16 28.289097
20 25 0.9095344
21 26 2000.0
21 32 2000.0
21 24 1.0025996
21 35 0.04242119
21 31 2000.0
21 12 0.15658705
21 15 14.251082
22 31 120.00001
22 9 0.07128233
22 19 2000.0
23 0 2000.0
23 30 2.123938
23 8 1.1172422
23 2 16.61948
23 37 4.231971
23 18 1.4036933
23 7 1.6434057
23 16 3.566288
23 11 2000.0
23 29 1.8087263
23 5 4.008027
24 26 0.048919525
24 32 0.24878487
24 10 0.07750089
24 21 1.0025996
24 12 0.069690764
24 15 2000.0
24 17 0.12317056
25 0 16.341652
25 30 43.823612
25 13 0.26008728
25 33 0.54665613
25 11 1.0077757
25 29 5.7077746
25 34 3.2267938
25 20 0.9095344
25 2 0.61702627
25 14 10.709864
25 37 33.678722
25 7 3.846615
25 27 0.28981832
25 16 1.3742125
26 32 138.28262
26 28 0.055410065
26 10 0.02980926
26 24 0.048919525
26 31 0.10206171
26 12 0.41854057
26 17 1.3366355
27 30 0.24937697
27 0 2000.0
27 8 0.5752576
27 18 25.865866
27 13 0.31030846
27 33 0.70489943
27 11 0.6433867
27 29 0.6849129
27 5 2.1057706
27 34 1.1028216
27 20 1.6960093
27 2 0.80678236
27 14 3.3693578
27 37 1.0563542
27 7 2000.0
27 16 1.4940428
27 25 0.28981832
28 36 0.035914104
28 26 0.055410065
28 10 0.29536605
28 3 5.5708137
28 12 1200.3408
28 9 1.4288019
28 19 1367.8977
29 0 24.988735
29 30 1.2224692
29 8 0.66327924
29 18 1.3526075
29 13 0.8588547
29 33 33.805115
29 11 2.059667
29 5 3.0816057
29 34 3.7220724
29 20 12.160412
29 2 0.9702199
29 37 0.7410714
29 7 2000.0
29 27 0.6849129
29 16 2000.0
29 23 1.8087263
29 25 5.7077746
30 8 0.314756
30 18 0.7746392
30 13 10.620739
30 33 7.2529864
30 11 0.73791295
30 29 1.2224692
30 5 0.61900866
30 34 1.2795025
30 20 5.2923665
30 2 16.432543
30 14 15.756601
30 37 32.568268
30 7 0.9926018
30 27 0.24937697
30 16 1.0678692
30 23 2.123938
30 25 43.823612
31 26 0.10206171
31 6 0.1584293
31 10 10.666296
31 35 22.501467
31 22 120.00001
31 9 0.033416893
31 4 0.06368698
31 17 0.9513616
31 19 0.07350908
32 26 138.28262
32 24 0.24878487
32 12 8.058034
32 15 0.069122136
33 30 7.2529864
33 8 2000.0
33 13 0.91483814
33 11 1.9100165
33 29 33.805115
33 5 2000.0
33 34 2000.0
33 20 1.542438
33 2 3.0651631
33 14 0.42831382
33 7 2000.0
33 27 0.70489943
33 16 3017.898
33 25 0.54665613
34 30 1.2795025
34 20 0.9654348
34 8 21.962465
34 37 2000.0
34 13 162.53926
34 7 4491.4204
34 27 1.1028216
34 16 36.181126
34 11 2.8914468
34 29 3.7220724
34 25 3.2267938
34 5 2.9570255
35 21 0.04242119
35 31 22.501467
36 28 0.035914104
36 3 0.7751638
36 9 0.42151
37 30 32.568268
37 0 0.9708778
37 8 1.4788892
37 18 1.9962684
37 13 1.4385482
37 11 2.6544003
37 29 0.7410714
37 5 34.996666
37 20 2.621326
37 2 0.7743012
37 7 99.76163
37 27 1.0563542
37 16 2000.0
37 23 4.231971
37 25 33.678722
