0 2 1.0519416
0 37 1.846186
0 13 1.1397841
0 29 13.623771
0 25 9.978943
1 3 1.1632333
1 12 8.840303
2 30 17.688824
2 0 1.0519416
2 8 1.4672151
2 18 2.5897682
2 13 0.705679
2 33 3.8758206
2 11 1.3024864
2 29 1.1582543
2 20 3.5916445
2 37 0.8191722
2 27 1.1096146
2 16 2000.0
2 23 12.5361395
2 25 0.8569274
3 36 0.35923663
3 28 17.823408
3 24 2000.0
3 12 0.07371642
3 1 1.1632333
3 9 0.3759091
4 31 0.09636181
4 9 0.07869953
4 17 0.21106432
4 19 0.06748773
5 30 0.63693833
5 8 0.964714
5 18 0.72351235
5 13 42.852806
5 11 1.3341224
5 29 3.1200793
5 34 2.8135242
5 20 1.4752117
5 37 22.001646
5 7 6.5494437
5 27 1.2776744
5 16 1.2301891
5 23 1.8527166
6 31 0.115222715
6 17 1.6360613
7 34 257.14285
7 30 0.9214421
7 8 9.74761
7 37 88.53538
7 16 1.2087815
7 23 1.2668114
7 25 2.8782198
7 5 6.5494437
8 0 2000.0
8 30 0.6500945
8 18 1.2261924
8 13 1.3523923
8 11 1.2711293
8 29 0.6312754
8 5 0.964714
8 34 36.585037
8 2 1.4672151
8 37 1.060117
8 7 9.74761
8 27 2.7679207
8 16 1.6709793
8 23 1.3264289
8 25 2000.0
9 36 0.3303677
9 26 2000.0
9 28 1.2159301
9 10 16.008152
9 22 0.057412293
9 31 0.030206325
9 3 0.3759091
9 12 2000.0
9 4 0.07869953
9 17 0.035023037
9 19 0.072724864
10 26 0.03196605
10 28 0.23167154
10 24 0.10361232
10 31 11.351872
10 12 1293.409
10 9 16.008152
10 17 0.031548064
11 0 2000.0
11 30 0.60874635
11 8 1.2711293
11 18 8.664546
11 13 0.85615855
11 33 5.05775
11 29 0.99075437
11 5 1.3341224
11 34 2.5802367
11 20 1.2149777
11 2 1.3024864
11 37 1.5957859
11 7 3986.7046
11 27 0.59541726
11 16 1.0614598
11 25 0.77394354
12 26 7.8964953
12 32 3.6879015
12 28 143.56364
12 24 0.079940714
12 21 0.57069665
12 3 0.07371642
12 1 8.840303
13 30 102.86649
13 0 1.1397841
13 8 1.3523923
13 18 244.95866
13 33 1.3116478
13 11 0.85615855
13 29 0.77074003
13 5 42.852806
13 34 2000.0
13 20 1.0444722
13 2 0.705679
13 14 5.786805
13 37 1.0448742
13 7 2000.0
13 27 0.39812532
13 16 35.263718
13 25 0.23169246
14 30 8.713294
14 20 3.8146942
14 13 5.786805
14 27 3.2692711
14 33 0.39385903
14 11 2000.0
14 25 1.8047698
15 32 0.06583694
15 21 2.2527578
15 12 2000.0
16 0 2000.0
16 30 1.1875639
16 8 1.6709793
16 18 1.8198907
16 13 35.263718
16 11 1.0614598
16 5 1.2301891
16 34 38.61486
16 20 52.738075
16 7 1.2087815
16 27 1.4551909
16 23 2.5846164
16 25 1.0061296
17 6 1.6360613
17 26 1.5323548
17 10 0.031548064
17 24 0.12795067
17 31 0.9887232
17 9 0.035023037
17 4 0.21106432
17 19 207.22462
18 0 2000.0
18 30 0.6750289
18 8 1.2261924
18 13 244.95866
18 11 8.664546
18 29 1.4062557
18 5 0.72351235
18 2 2.5897682
18 37 2.5499742
18 7 2000.0
18 27 20.645159
18 16 1.8198907
18 23 1.5668517
19 28 159.28152
19 31 0.08558784
19 9 0.072724864
19 4 0.06748773
19 17 207.22462
20 30 1.15112
20 13 1.0444722
20 33 1.585939
20 11 1.2149777
20 29 13.378047
20 5 1.4752117
20 34 1.3419867
20 2 3.5916445
20 14 3.8146942
20 37 3.7721043
20 7 2227.1023
20 27 1.0952653
20 16 52.738075
20 25 1.0175102
21 26 2000.0
21 32 2000.0
21 24 1.0505538
21 35 0.03157075
21 31 2000.0
21 12 0.57069665
21 15 2.2527578
22 31 160.0
22 9 0.057412293
22 19 2000.0
23 0 2000.0
23 30 1.6290188
23 8 1.3264289
23 2 12.5361395
23 37 1.4423579
23 18 1.5668517
23 7 1.2668114
23 16 2.5846164
23 11 2000.0
23 29 0.947389
23 5 1.8527166
24 26 0.0394938
24 32 0.20457529
24 10 0.10361232
24 21 1.0505538
24 12 0.079940714
24 15 2000.0
24 17 0.12795067
25 30 25.031033
25 0 9.978943
25 13 0.23169246
25 33 0.6035411
25 11 0.77394354
25 29 1.7119597
25 34 0.81814975
25 20 1.0175102
25 2 0.8569274
25 14 1.8047698
25 37 31.856754
25 7 2.8782198
25 27 0.22980236
25 16 1.0061296
26 32 34.9554
26 28 0.08795587
26 10 0.03196605
26 24 0.0394938
26 31 0.15772727
26 12 7.8964953
26 17 1.5323548
27 30 0.20509237
27 0 2000.0
27 8 2.7679207
27 18 20.645159
27 13 0.39812532
27 33 0.73638487
27 11 0.59541726
27 29 0.61967915
27 5 1.2776744
27 34 1.1380224
27 20 1.0952653
27 2 1.1096146
27 14 3.2692711
27 37 0.9687729
27 7 2000.0
27 16 1.4551909
27 25 0.22980236
28 36 0.03134164
28 26 0.08795587
28 10 0.23167154
28 3 17.823408
28 12 143.56364
28 9 1.2159301
28 19 159.28152
29 0 13.623771
29 30 1.1570967
29 8 0.6312754
29 18 1.4062557
29 13 0.77074003
29 33 17.254456
29 11 0.99075437
29 5 3.1200793
29 34 3.9008138
29 20 13.378047
29 2 1.1582543
29 37 0.6198573
29 27 0.61967915
29 16 2000.0
29 23 0.947389
29 25 1.7119597
30 8 0.6500945
30 18 0.6750289
30 13 102.86649
30 33 3.4996183
30 11 0.60874635
30 29 1.1570967
30 5 0.63693833
30 34 1.0490475
30 20 1.15112
30 2 17.688824
30 14 8.713294
30 37 17.462112
30 7 0.9214421
30 27 0.20509237
30 16 1.1875639
30 23 1.6290188
30 25 25.031033
31 26 0.15772727
31 6 0.115222715
31 10 11.351872
31 22 160.0
31 9 0.030206325
31 4 0.09636181
31 17 0.9887232
31 19 0.08558784
32 26 34.9554
32 24 0.20457529
32 12 3.6879015
32 15 0.06583694
33 30 3.4996183
33 8 2000.0
33 13 1.3116478
33 11 5.05775
33 29 17.254456
33 5 2000.0
33 34 2000.0
33 20 1.585939
33 2 3.8758206
33 14 0.39385903
33 7 2000.0
33 27 0.73638487
33 16 3017.898
33 25 0.6035411
34 30 1.0490475
34 20 1.3419867
34 8 36.585037
34 37 2000.0
34 7 257.14285
34 13 2000.0
34 27 1.1380224
34 16 38.61486
34 11 2.5802367
34 29 3.9008138
34 25 0.81814975
34 5 2.8135242
35 21 0.03157075
35 31 1089.659
36 28 0.03134164
36 3 0.35923663
36 9 0.3303677
37 30 17.462112
37 0 1.846186
37 8 1.060117
37 18 2.5499742
37 13 1.0448742
37 11 1.5957859
37 29 0.6198573
37 5 22.001646
37 20 3.7721043
37 2 0.8191722
37 7 88.53538
37 27 0.9687729
37 16 2000.0
37 23 1.4423579
37 25 31.856754
