0 8 6.720893
0 2 1.3988352
0 37 0.71780586
0 13 0.9172261
0 11 25.890495
0 29 20.02161
1 3 0.20511363
1 12 1202.159
2 30 10.628197
2 0 1.3988352
2 8 1.288397
2 18 8.169757
2 13 0.24637173
2 33 3.067272
2 11 0.674551
2 29 0.7098651
2 20 2.6132493
2 37 0.6696466
2 27 0.54858255
2 23 17.51952
2 25 1.2248876
3 36 0.27922738
3 28 0.10166319
3 24 400.0
3 12 0.061584815
3 1 0.20511363
3 9 0.654
4 31 0.076860934
4 9 0.0483871
4 17 0.07660272
4 19 0.08857074
5 30 1.2795565
5 8 1.2168838
5 18 0.5506906
5 13 318.53125
5 11 2.7664666
5 29 3.7395089
5 34 2.0700703
5 20 2.8207572
5 37 2000.0
5 7 3.5014656
5 27 4.027513
5 16 1.5913749
5 23 2.4753664
6 31 0.9576159
6 17 2.0829742
7 34 13.945293
7 30 1.5434366
7 20 2.9995635
7 8 18.992796
7 37 16.23359
7 16 1.0760292
7 11 6.1467667
7 23 0.90459895
7 25 10.639474
7 5 3.5014656
8 0 6.720893
8 30 0.76209414
8 18 1.0433208
8 13 2.65727
8 11 3.0084531
8 29 0.91187406
8 5 1.2168838
8 34 3.9443796
8 2 1.288397
8 37 0.8419484
8 7 18.992796
8 27 3.033332
8 16 1.5674199
8 23 0.9848691
9 36 1.2878082
9 28 2.0883744
9 10 15.25136
9 22 0.36677667
9 31 0.0364674
9 3 0.654
9 12 2000.0
9 17 0.0646536
9 4 0.0483871
9 19 0.07000746
10 26 0.05110842
10 28 0.59258014
10 24 0.30988637
10 31 0.036965907
10 12 8.097136
10 9 15.25136
10 17 0.030975077
11 0 25.890495
11 30 0.43870714
11 8 3.0084531
11 18 9.539965
11 13 0.4984827
11 33 2.9335227
11 29 0.84626615
11 5 2.7664666
11 34 2.0432644
11 20 1.1642128
11 2 0.674551
11 37 1.4563617
11 7 6.1467667
11 27 0.5452123
11 16 0.9136875
11 25 1.0690626
12 26 0.9683237
12 28 4.3739014
12 32 0.21580537
12 10 8.097136
12 24 0.067501605
12 21 0.09422348
12 3 0.061584815
13 30 2.6426768
13 0 0.9172261
13 8 2.65727
13 18 218.92148
13 33 1.5660691
13 11 0.4984827
13 29 0.73942995
13 5 318.53125
13 34 6.3667192
13 20 1.5472049
13 2 0.24637173
13 14 5.7318335
13 37 1.1387521
13 27 2.1988153
13 16 33.221664
13 25 0.6823762
14 20 1.780866
14 13 5.7318335
14 27 2.2322707
14 33 0.31531844
14 11 2000.0
14 25 1.9220531
15 32 0.069323264
15 21 1.1639078
16 30 1.0856503
16 0 2000.0
16 8 1.5674199
16 18 1.0318666
16 13 33.221664
16 11 0.9136875
16 29 49.22434
16 5 1.5913749
16 20 8.493095
16 37 10.403249
16 7 1.0760292
16 27 1.6040144
16 23 4.1533666
16 25 1.5790253
17 26 1.950164
17 6 2.0829742
17 10 0.030975077
17 24 0.17684196
17 31 1.1157801
17 9 0.0646536
17 4 0.07660272
17 19 3.268788
18 30 0.6972928
18 2 8.169757
18 8 1.0433208
18 37 1.1742563
18 13 218.92148
18 7 2000.0
18 27 8.285535
18 16 1.0318666
18 23 1.3546803
18 11 9.539965
18 29 1.3235035
18 5 0.5506906
19 31 0.08481061
19 9 0.07000746
19 17 3.268788
19 4 0.08857074
20 30 37.4962
20 13 1.5472049
20 33 2.0231783
20 11 1.1642128
20 29 2.582799
20 5 2.8207572
20 34 1.0834079
20 2 2.6132493
20 14 1.780866
20 37 12.842981
20 7 2.9995635
20 27 1.1347833
20 16 8.493095
20 25 1.6962203
21 32 2000.0
21 10 2000.0
21 24 0.6170995
21 35 0.0494868
21 12 0.09422348
21 15 1.1639078
22 6 1269.716
22 31 1181.1932
22 9 0.36677667
22 19 1288.409
23 0 2000.0
23 30 2.026404
23 2 17.51952
23 8 0.9848691
23 37 1.582886
23 18 1.3546803
23 7 0.90459895
23 16 4.1533666
23 11 2000.0
23 29 2.9126425
23 5 2.4753664
24 26 0.0670983
24 32 0.09176025
24 10 0.30988637
24 21 0.6170995
24 31 3.5932176
24 12 0.067501605
24 3 400.0
24 15 2000.0
24 17 0.17684196
25 0 2000.0
25 30 1.765898
25 13 0.6823762
25 33 0.39557013
25 11 1.0690626
25 29 6.4390254
25 34 0.98787796
25 20 1.6962203
25 2 1.2248876
25 14 1.9220531
25 37 39.794403
25 7 10.639474
25 27 0.79227275
25 16 1.5790253
26 36 220.12842
26 32 81.84376
26 28 0.05142527
26 10 0.05110842
26 24 0.0670983
26 31 0.061465777
26 12 0.9683237
26 17 1.950164
27 0 2000.0
27 30 1.4674139
27 8 3.033332
27 18 8.285535
27 13 2.1988153
27 33 0.8867071
27 11 0.5452123
27 29 0.6974851
27 5 4.027513
27 34 1.2513936
27 20 1.1347833
27 2 0.54858255
27 14 2.2322707
27 37 2.3057652
27 7 4160.7383
27 16 1.6040144
27 25 0.79227275
28 36 0.034460332
28 26 0.05142527
28 10 0.59258014
28 3 0.10166319
28 12 4.3739014
28 9 2.0883744
29 0 20.02161
29 30 8.902426
29 8 0.91187406
29 18 1.3235035
29 13 0.73942995
29 11 0.84626615
29 5 3.7395089
29 34 9.314462
29 20 2.582799
29 2 0.7098651
29 37 1.0345834
29 7 2000.0
29 27 0.6974851
29 16 49.22434
29 23 2.9126425
29 25 6.4390254
30 0 2000.0
30 8 0.76209414
30 18 0.6972928
30 13 2.6426768
30 33 3.4480267
30 11 0.43870714
30 29 8.902426
30 5 1.2795565
30 34 2.7522383
30 20 37.4962
30 2 10.628197
30 37 6.99957
30 7 1.5434366
30 27 1.4674139
30 16 1.0856503
30 23 2.026404
30 25 1.765898
31 26 0.061465777
31 6 0.9576159
31 10 0.036965907
31 24 3.5932176
31 9 0.0364674
31 17 1.1157801
31 4 0.076860934
31 19 0.08481061
32 26 81.84376
32 24 0.09176025
32 12 0.21580537
32 15 0.069323264
33 34 2000.0
33 30 3.4480267
33 20 2.0231783
33 2 3.067272
33 14 0.31531844
33 7 2000.0
33 13 1.5660691
33 27 0.8867071
33 16 1249.4886
33 11 2.9335227
33 29 8077.4434
33 25 0.39557013
34 30 2.7522383
34 20 1.0834079
34 8 3.9443796
34 13 6.3667192
34 7 13.945293
34 27 1.2513936
34 16 1215.0568
34 11 2.0432644
34 25 0.98787796
34 29 9.314462
34 5 2.0700703
35 21 0.0494868
36 26 220.12842
36 28 0.034460332
36 3 0.27922738
36 9 1.2878082
37 30 6.99957
37 0 0.71780586
37 8 0.8419484
37 18 1.1742563
37 13 1.1387521
37 11 1.4563617
37 29 1.0345834
37 20 12.842981
37 2 0.6696466
37 7 16.23359
37 27 2.3057652
37 16 10.403249
37 23 1.582886
37 25 39.794403
