0 8 6.9167194
0 2 0.74571806
0 37 0.8353931
0 13 0.80224806
0 11 36.767273
0 29 6.8159733
1 3 0.24175219
1 12 1308.2386
2 30 8.9916935
2 0 0.74571806
2 8 0.9864738
2 18 10.06847
2 13 0.3343215
2 33 2.3582015
2 11 0.9167955
2 29 0.7332846
2 20 3.1400344
2 37 0.81943357
2 27 0.76330376
2 16 2000.0
2 23 24.607798
2 25 1.3712518
3 36 0.27547655
3 28 0.091888726
3 24 2000.0
3 12 0.04939667
3 1 0.24175219
3 9 0.39752567
4 31 0.08295058
4 9 0.063889414
4 17 0.08087478
4 19 0.085859604
5 30 0.5606029
5 8 0.6122109
5 18 0.5019159
5 13 216.30606
5 11 4.0911474
5 29 2.9406092
5 34 0.7625631
5 20 2.1910257
5 37 2000.0
5 7 9.996365
5 27 2.3432088
5 16 1.6602271
5 23 4.890958
6 24 2000.0
6 31 0.2976371
6 17 0.9681007
7 34 8.271375
7 30 0.84573746
7 20 1.1961473
7 8 51.07133
7 37 7.145485
7 27 81.76622
7 16 0.93199766
7 11 3.0605845
7 23 1.103479
7 25 3.6392117
7 5 9.996365
8 0 6.9167194
8 30 0.5314643
8 18 1.1400708
8 13 2.632247
8 11 1.9561405
8 29 0.49370053
8 5 0.6122109
8 34 3.7737746
8 2 0.9864738
8 37 0.795259
8 7 51.07133
8 27 1.0265535
8 16 1.3881198
8 23 1.063386
9 36 1.6766798
9 28 2.4509845
9 10 12.432293
9 22 0.57934666
9 31 0.029930454
9 3 0.39752567
9 17 0.052291665
9 4 0.063889414
9 19 0.075730965
10 26 0.031088183
10 28 0.27259257
10 24 0.058938205
10 31 0.03730408
10 12 14.3935375
10 9 12.432293
10 17 0.03100257
11 0 36.767273
11 30 0.3526826
11 8 1.9561405
11 18 7.718632
11 13 0.64293545
11 33 2.7692034
11 29 0.7222852
11 5 4.0911474
11 34 2.161082
11 20 0.76628256
11 2 0.9167955
11 37 1.391465
11 7 3.0605845
11 27 0.3517325
11 16 0.7902426
11 25 0.84390414
12 26 0.95667523
12 28 3.4439335
12 32 0.34730121
12 10 14.3935375
12 24 0.07800304
12 21 0.09887943
12 3 0.04939667
13 0 0.80224806
13 30 2.3332622
13 8 2.632247
13 18 76.02652
13 33 0.9208459
13 11 0.64293545
13 29 0.9561966
13 5 216.30606
13 34 8.194631
13 20 0.6419956
13 2 0.3343215
13 14 1.9036335
13 37 1.6376082
13 27 0.2629735
13 16 27.790155
13 25 0.54416955
14 20 1.5371504
14 13 1.9036335
14 27 3.1331477
14 33 0.47293502
14 11 2000.0
14 25 2.387788
15 32 0.06976527
15 21 0.72307616
16 30 1.1217519
16 0 2000.0
16 8 1.3881198
16 18 0.9780966
16 13 27.790155
16 11 0.7902426
16 29 19.35179
16 5 1.6602271
16 20 6.368211
16 37 18.569399
16 7 0.93199766
16 27 1.5023631
16 23 3.8629627
16 25 1.2485352
17 26 1.8330746
17 6 0.9681007
17 10 0.03100257
17 24 0.32640406
17 31 1.1845018
17 9 0.052291665
17 4 0.08087478
17 19 5.2796006
18 30 0.6697575
18 2 10.06847
18 8 1.1400708
18 37 0.9351991
18 13 76.02652
18 7 2000.0
18 27 3.630947
18 16 0.9780966
18 23 1.0320473
18 11 7.718632
18 29 0.9773638
18 5 0.5019159
19 31 0.08326086
19 9 0.075730965
19 17 5.2796006
19 4 0.085859604
20 30 7.595327
20 13 0.6419956
20 33 2.7305152
20 11 0.76628256
20 29 1.5806962
20 5 2.1910257
20 34 0.82060456
20 2 3.1400344
20 14 1.5371504
20 37 1.7312272
20 7 1.1961473
20 27 1.1272287
20 16 6.368211
20 25 0.40606958
21 32 2000.0
21 10 2000.0
21 24 0.38921344
21 35 0.037225712
21 12 0.09887943
21 15 0.72307616
22 6 554.2614
22 31 1181.1932
22 9 0.57934666
22 19 1288.409
23 30 0.99540854
23 0 2000.0
23 2 24.607798
23 8 1.063386
23 37 1.5876719
23 18 1.0320473
23 7 1.103479
23 16 3.8629627
23 11 2000.0
23 29 2.1716545
23 5 4.890958
24 26 0.05691868
24 32 0.10325423
24 10 0.058938205
24 21 0.38921344
24 31 2.712403
24 12 0.07800304
24 15 2000.0
24 17 0.32640406
25 30 3.0019152
25 13 0.54416955
25 33 0.84079194
25 11 0.84390414
25 29 1.9641668
25 34 1.0347834
25 20 0.40606958
25 2 1.3712518
25 14 2.387788
25 37 42.84277
25 7 3.6392117
25 27 0.7705444
25 16 1.2485352
26 36 132.36967
26 32 63.88135
26 28 0.049787376
26 10 0.031088183
26 24 0.05691868
26 31 0.07425607
26 12 0.95667523
26 17 1.8330746
27 0 2000.0
27 30 0.24669234
27 8 1.0265535
27 18 3.630947
27 13 0.2629735
27 33 1.1423678
27 11 0.3517325
27 29 0.6116245
27 5 2.3432088
27 34 0.8010312
27 20 1.1272287
27 2 0.76330376
27 14 3.1331477
27 37 0.9043517
27 7 81.76622
27 16 1.5023631
27 23 2000.0
27 25 0.7705444
28 36 0.03418105
28 26 0.049787376
28 10 0.27259257
28 3 0.091888726
28 12 3.4439335
28 9 2.4509845
29 0 6.8159733
29 30 2.853482
29 8 0.49370053
29 18 0.9773638
29 13 0.9561966
29 11 0.7222852
29 5 2.9406092
29 34 3.6714187
29 20 1.5806962
29 2 0.7332846
29 37 0.7952453
29 7 2000.0
29 27 0.6116245
29 16 19.35179
29 23 2.1716545
29 25 1.9641668
30 0 2000.0
30 8 0.5314643
30 18 0.6697575
30 13 2.3332622
30 33 1.5316606
30 11 0.3526826
30 29 2.853482
30 5 0.5606029
30 34 0.7571707
30 20 7.595327
30 2 8.9916935
30 37 4.4370403
30 7 0.84573746
30 27 0.24669234
30 16 1.1217519
30 23 0.99540854
30 25 3.0019152
31 26 0.07425607
31 6 0.2976371
31 10 0.03730408
31 24 2.712403
31 9 0.029930454
31 17 1.1845018
31 4 0.08295058
31 19 0.08326086
32 24 0.10325423
32 12 0.34730121
32 15 0.06976527
33 34 2000.0
33 30 1.5316606
33 20 2.7305152
33 2 2.3582015
33 14 0.47293502
33 7 2000.0
33 13 0.9208459
33 27 1.1423678
33 16 1627.8408
33 11 2.7692034
33 29 1898.4092
33 25 0.84079194
34 30 0.7571707
34 20 0.82060456
34 8 3.7737746
34 13 8.194631
34 7 8.271375
34 27 0.8010312
34 16 1215.0568
34 11 2.161082
34 25 1.0347834
34 29 3.6714187
34 5 0.7625631
35 21 0.037225712
36 26 132.36967
36 28 0.03418105
36 3 0.27547655
36 9 1.6766798
37 0 0.8353931
37 30 4.4370403
37 8 0.795259
37 18 0.9351991
37 13 1.6376082
37 11 1.391465
37 29 0.7952453
37 20 1.7312272
37 2 0.81943357
37 7 7.145485
37 27 0.9043517
37 16 18.569399
37 23 1.5876719
37 25 42.84277
