0 2 0.95815676
0 37 1.7014278
0 13 1.1926949
0 29 15.383468
0 25 14.269308
1 3 1.3913038
1 12 11.928372
2 30 18.0662
2 0 0.95815676
2 8 1.4780529
2 18 1.847364
2 13 0.5783794
2 33 2.1924064
2 11 2.6086986
2 29 1.015282
2 20 3.2199492
2 37 0.77451193
2 27 1.2080275
2 16 2000.0
2 23 10.035251
2 25 0.62498796
3 36 0.22128297
3 28 23.749811
3 24 2000.0
3 12 0.06521341
3 1 1.3913038
3 9 0.3784091
4 31 0.07980205
4 9 0.08625487
4 17 0.12601729
4 19 0.06901969
5 30 0.72552085
5 8 0.5541711
5 18 0.80422866
5 13 92.97197
5 11 1.403864
5 29 3.0635848
5 34 2.2080064
5 20 2.3502808
5 37 10.2488365
5 7 11.300936
5 27 1.7737584
5 16 1.4408902
5 23 2.6085854
5 25 2000.0
6 31 0.19320507
6 17 22.098253
7 34 282.00974
7 30 0.7995062
7 20 274.2151
7 8 6.798431
7 27 297.89584
7 16 1.4779918
7 11 110.524445
7 23 1.4029182
7 25 1.9608126
7 5 11.300936
8 0 2000.0
8 30 0.4932928
8 18 1.3333546
8 13 1.1249447
8 11 1.4019979
8 29 0.36149114
8 5 0.5541711
8 34 30.3351
8 2 1.4780529
8 37 0.79666173
8 7 6.798431
8 27 1.2166344
8 16 1.4695623
8 23 0.94260305
8 25 2000.0
9 36 0.30947766
9 28 2.0071187
9 10 25.384
9 22 0.063507654
9 31 0.031501494
9 3 0.3784091
9 4 0.08625487
9 17 0.043357283
9 19 0.07208578
10 26 0.030948427
10 28 0.28936478
10 24 0.0842141
10 31 66.66667
10 12 1145.7954
10 9 25.384
10 17 0.038110256
11 0 2000.0
11 30 1.7092305
11 8 1.4019979
11 18 5.544164
11 13 1.4175442
11 33 2.0322855
11 29 1.2839868
11 5 1.403864
11 34 1.9536388
11 20 1.1806921
11 2 2.6086986
11 37 1.4031373
11 7 110.524445
11 27 0.7801596
11 16 0.9632548
11 25 0.95700467
12 26 1.1589489
12 32 13.016438
12 24 0.0669344
12 21 0.13450834
12 3 0.06521341
12 1 11.928372
13 30 136.35
13 0 1.1926949
13 8 1.1249447
13 33 0.89097875
13 11 1.4175442
13 29 0.99055463
13 5 92.97197
13 34 244.72206
13 20 1.3465594
13 2 0.5783794
13 14 7.1394806
13 37 0.9880188
13 7 2000.0
13 27 0.40881577
13 16 65.35103
13 25 0.22109152
14 30 4.71447
14 20 1.8683798
14 13 7.1394806
14 27 2.1925082
14 33 0.9351378
14 25 2.737517
15 32 0.07557329
15 21 7.952536
16 34 45.000004
16 30 1.6015307
16 20 28.746096
16 8 1.4695623
16 18 1.0592732
16 13 65.35103
16 7 1.4779918
16 27 1.8629636
16 11 0.9632548
16 23 2.7343283
16 25 0.8760033
16 5 1.4408902
17 6 22.098253
17 26 1.6604549
17 10 0.038110256
17 24 0.098370485
17 31 1.2051328
17 9 0.043357283
17 4 0.12601729
17 19 1686.0227
18 0 2000.0
18 30 0.71742105
18 8 1.3333546
18 13 2688.807
18 11 5.544164
18 29 1.4065608
18 5 0.80422866
18 2 1.847364
18 37 1.9838353
18 7 2000.0
18 27 12.721308
18 16 1.0592732
18 23 1.7250164
19 28 153.11992
19 31 0.116898015
19 9 0.07208578
19 4 0.06901969
20 30 1.5706904
20 13 1.3465594
20 33 1.0858763
20 11 1.1806921
20 29 7.37332
20 5 2.3502808
20 34 0.8108106
20 2 3.2199492
20 14 1.8683798
20 37 1.8968663
20 7 274.2151
20 27 1.0189521
20 16 28.746096
20 25 0.4468748
21 26 2000.0
21 32 2000.0
21 10 2000.0
21 24 0.2980152
21 35 0.031389717
21 31 2000.0
21 12 0.13450834
21 15 7.952536
22 31 75.78948
22 9 0.063507654
22 19 2000.0
23 0 2000.0
23 30 2.1960392
23 8 0.94260305
23 2 10.035251
23 37 1.0089629
23 18 1.7250164
23 7 1.4029182
23 16 2.7343283
23 11 2000.0
23 29 1.3010039
23 5 2.6085854
24 26 0.04099766
24 32 0.17888756
24 10 0.0842141
24 21 0.2980152
24 12 0.0669344
24 15 2000.0
24 17 0.098370485
25 30 19.146885
25 0 14.269308
25 13 0.22109152
25 33 0.7802866
25 11 0.95700467
25 29 2.0888438
25 34 1.7087747
25 20 0.4468748
25 2 0.62498796
25 14 2.737517
25 37 53.970615
25 7 1.9608126
25 27 0.3147455
25 16 0.8760033
26 32 26.454138
26 28 0.057373308
26 10 0.030948427
26 24 0.04099766
26 31 0.2246703
26 12 1.1589489
26 17 1.6604549
27 30 0.27160934
27 0 2000.0
27 8 1.2166344
27 18 12.721308
27 13 0.40881577
27 33 0.831415
27 11 0.7801596
27 29 1.2131798
27 5 1.7737584
27 34 1.1826787
27 20 1.0189521
27 2 1.2080275
27 14 2.1925082
27 37 0.8896646
27 7 297.89584
27 16 1.8629636
27 25 0.3147455
28 36 0.030519478
28 26 0.057373308
28 10 0.28936478
28 3 23.749811
28 12 1095.7955
28 9 2.0071187
28 19 153.11992
29 0 15.383468
29 30 1.0083863
29 8 0.36149114
29 18 1.4065608
29 13 0.99055463
29 33 14.871613
29 11 1.2839868
29 5 3.0635848
29 34 1.6495084
29 20 7.37332
29 2 1.015282
29 37 0.8087013
29 7 2000.0
29 27 1.2131798
29 16 2000.0
29 23 1.3010039
29 25 2.0888438
30 8 0.4932928
30 18 0.71742105
30 13 136.35
30 33 9.212454
30 11 1.7092305
30 29 1.0083863
30 5 0.72552085
30 34 0.8290867
30 20 1.5706904
30 2 18.0662
30 14 4.71447
30 37 14.117392
30 7 0.7995062
30 27 0.27160934
30 16 1.6015307
30 23 2.1960392
30 25 19.146885
31 26 0.2246703
31 6 0.19320507
31 10 66.66667
31 22 75.78948
31 9 0.031501494
31 4 0.07980205
31 17 1.2051328
31 19 0.116898015
32 26 26.454138
32 24 0.17888756
32 21 2000.0
32 12 13.016438
32 15 0.07557329
33 30 9.212454
33 8 2000.0
33 13 0.89097875
33 11 2.0322855
33 29 14.871613
33 34 2000.0
33 20 1.0858763
33 2 2.1924064
33 14 0.9351378
33 7 2000.0
33 27 0.831415
33 16 1971.0227
33 25 0.7802866
34 30 0.8290867
34 20 0.8108106
34 8 30.3351
34 37 2000.0
34 13 244.72206
34 7 282.00974
34 27 1.1826787
34 16 45.000004
34 11 1.9536388
34 29 1.6495084
34 25 1.7087747
34 5 2.2080064
35 21 0.031389717
35 31 1119.214
36 28 0.030519478
36 3 0.22128297
36 9 0.30947766
37 30 14.117392
37 0 1.7014278
37 8 0.79666173
37 18 1.9838353
37 13 0.9880188
37 11 1.4031373
37 29 0.8087013
37 5 10.2488365
37 20 1.8968663
37 2 0.77451193
37 7 2553.068
37 27 0.8896646
37 16 2000.0
37 23 1.0089629
37 25 53.970615
