0 8 14.550696
0 2 0.6688985
0 37 2.0831244
0 13 0.5274311
0 11 156.1634
0 25 2000.0
0 29 17.269407
1 3 0.3259531
1 12 1201.591
2 30 16.267391
2 0 0.6688985
2 8 1.5437744
2 18 8.026685
2 13 0.33662558
2 33 3.6509945
2 11 1.0114973
2 29 1.3132161
2 20 3.5780146
2 37 1.054679
2 27 0.6720439
2 16 2000.0
2 23 29.0717
2 25 3.609095
3 36 0.21207388
3 28 0.109476924
3 24 200.0
3 12 0.06147541
3 1 0.3259531
3 9 0.30746675
4 31 0.08138732
4 9 0.066434704
4 17 0.086516246
4 19 0.07794785
5 30 0.67246825
5 8 0.775644
5 18 0.30086023
5 13 5072.0454
5 11 2.388008
5 29 2.767848
5 34 4.275568
5 20 3.5100398
5 37 2000.0
5 7 10.862111
5 27 1.7027892
5 16 1.3072611
5 23 4.5804753
6 31 1.7369497
6 17 1.5605838
7 34 8.912122
7 30 0.687985
7 20 2.0389326
7 8 74.520294
7 37 19.939207
7 27 424.76056
7 16 1.1039284
7 11 6.154989
7 23 1.5292019
7 25 8.005109
7 5 10.862111
8 0 14.550696
8 30 0.6325748
8 18 1.3950684
8 13 2.195696
8 11 1.5530922
8 29 0.78062403
8 5 0.775644
8 34 6.3197412
8 2 1.5437744
8 37 1.1152159
8 7 74.520294
8 27 1.2441021
8 16 1.4037659
8 23 1.0671157
9 36 1.5582299
9 26 2000.0
9 28 11.288637
9 10 4.4504075
9 22 0.4045696
9 31 0.028619418
9 3 0.30746675
9 17 0.0881116
9 4 0.066434704
9 19 0.07062462
10 26 0.044342916
10 28 0.9721485
10 24 0.07315725
10 31 0.032084465
10 12 11.706934
10 9 4.4504075
10 17 0.041836098
11 0 156.1634
11 30 0.65858036
11 8 1.5530922
11 18 3.7252467
11 13 0.78128195
11 33 2.3010297
11 29 0.92367697
11 5 2.388008
11 34 5.0012617
11 20 0.8586062
11 2 1.0114973
11 37 1.8400936
11 7 6.154989
11 27 0.6401409
11 16 0.87070054
11 25 1.1744416
12 26 0.80689967
12 28 4.044306
12 32 0.37846893
12 10 11.706934
12 24 0.08262202
12 21 0.11844187
12 3 0.06147541
13 30 1.3922064
13 0 0.5274311
13 8 2.195696
13 18 400.0
13 33 0.95791173
13 11 0.78128195
13 29 0.95684654
13 34 7.2932787
13 20 0.9289365
13 2 0.33662558
13 14 2.582131
13 37 3.8973038
13 27 0.31782362
13 16 4026.7043
13 25 0.6848897
14 20 0.9421965
14 13 2.582131
14 33 0.5335513
14 27 2.7993138
14 11 2000.0
14 25 2.3160002
15 32 0.07281123
15 21 1.8708931
16 30 1.1601784
16 0 2000.0
16 8 1.4037659
16 18 0.34796658
16 11 0.87070054
16 29 168.48674
16 5 1.3072611
16 20 5.1845756
16 37 152.07047
16 7 1.1039284
16 27 1.3460681
16 23 7.4881816
16 25 0.9234614
17 26 1.8362442
17 6 1.5605838
17 10 0.041836098
17 24 0.3060625
17 31 1.2229387
17 9 0.0881116
17 4 0.086516246
17 19 2.8634574
18 30 0.69758695
18 2 8.026685
18 8 1.3950684
18 37 1.0575738
18 13 400.0
18 7 2000.0
18 27 1.6678584
18 16 0.34796658
18 23 1.127046
18 11 3.7252467
18 29 1.1903753
18 5 0.30086023
19 31 0.06516212
19 9 0.07062462
19 17 2.8634574
19 4 0.07794785
20 30 5.442273
20 13 0.9289365
20 33 1.7789694
20 11 0.8586062
20 29 4.7846737
20 5 3.5100398
20 34 0.96463794
20 2 3.5780146
20 14 0.9421965
20 37 6.0382633
20 7 2.0389326
20 27 0.30024
20 16 5.1845756
20 25 0.7582747
21 24 0.113691606
21 35 0.037071116
21 12 0.11844187
21 15 1.8708931
22 6 1220.7955
22 31 1121.8182
22 9 0.4045696
22 19 1203.9772
23 30 1.1724954
23 0 2000.0
23 2 29.0717
23 8 1.0671157
23 37 2.4955857
23 18 1.127046
23 7 1.5292019
23 16 7.4881816
23 11 2000.0
23 29 3.717947
23 5 4.5804753
24 26 0.11386842
24 32 0.10209123
24 10 0.07315725
24 21 0.113691606
24 31 12.054427
24 12 0.08262202
24 3 200.0
24 15 2000.0
24 17 0.3060625
25 0 2000.0
25 30 5.733943
25 13 0.6848897
25 33 0.8531595
25 11 1.1744416
25 29 1.7911124
25 34 5.197884
25 20 0.7582747
25 2 3.609095
25 14 2.3160002
25 37 71.111115
25 7 8.005109
25 27 0.69906986
25 16 0.9234614
26 32 26.372265
26 28 0.041281667
26 10 0.044342916
26 24 0.11386842
26 31 0.06369194
26 12 0.80689967
26 17 1.8362442
27 0 2000.0
27 30 0.18753365
27 8 1.2441021
27 18 1.6678584
27 13 0.31782362
27 33 1.5607644
27 11 0.6401409
27 29 0.5897254
27 5 1.7027892
27 34 0.9647816
27 20 0.30024
27 2 0.6720439
27 14 2.7993138
27 37 1.0825065
27 7 424.76056
27 16 1.3460681
27 25 0.69906986
28 36 0.042155426
28 26 0.041281667
28 10 0.9721485
28 3 0.109476924
28 12 4.044306
28 9 11.288637
29 0 17.269407
29 30 1.9925568
29 8 0.78062403
29 18 1.1903753
29 13 0.95684654
29 11 0.92367697
29 5 2.767848
29 34 2.637016
29 20 4.7846737
29 2 1.3132161
29 37 1.2267245
29 7 2000.0
29 27 0.5897254
29 16 168.48674
29 23 3.717947
29 25 1.7911124
30 0 2000.0
30 8 0.6325748
30 18 0.69758695
30 13 1.3922064
30 33 2.6510353
30 11 0.65858036
30 29 1.9925568
30 5 0.67246825
30 34 3.390722
30 20 5.442273
30 2 16.267391
30 14 2000.0
30 37 6.5252275
30 7 0.687985
30 27 0.18753365
30 16 1.1601784
30 23 1.1724954
30 25 5.733943
31 26 0.06369194
31 6 1.7369497
31 10 0.032084465
31 24 12.054427
31 9 0.028619418
31 17 1.2229387
31 4 0.08138732
31 19 0.06516212
32 26 26.372265
32 24 0.10209123
32 12 0.37846893
32 15 0.07281123
33 30 2.6510353
33 13 0.95791173
33 11 2.3010297
33 29 2382.1023
33 5 2000.0
33 34 2000.0
33 20 1.7789694
33 2 3.6509945
33 14 0.5335513
33 7 2000.0
33 27 1.5607644
33 16 2000.0
33 25 0.8531595
34 30 3.390722
34 20 0.96463794
34 8 6.3197412
34 7 8.912122
34 13 7.2932787
34 27 0.9647816
34 16 2536.0227
34 11 5.0012617
34 25 5.197884
34 29 2.637016
34 5 4.275568
35 21 0.037071116
36 26 2000.0
36 28 0.042155426
36 3 0.21207388
36 9 1.5582299
37 30 6.5252275
37 0 2.0831244
37 8 1.1152159
37 18 1.0575738
37 13 3.8973038
37 11 1.8400936
37 29 1.2267245
37 20 6.0382633
37 2 1.054679
37 7 19.939207
37 27 1.0825065
37 16 152.07047
37 23 2.4955857
37 25 71.111115
