0 2 0.7986099
0 37 1.347779
0 13 0.68773913
0 29 4.3042073
0 25 9.238765
1 3 0.7067776
1 12 16.903643
2 30 26.424612
2 0 0.7986099
2 8 1.0959483
2 18 1.8069549
2 13 0.7297043
2 33 2.2783391
2 11 1.8329295
2 29 1.2507266
2 20 2.2941637
2 37 0.8097488
2 27 1.0532235
2 16 2000.0
2 23 7.236015
2 25 0.7689522
3 36 0.5248997
3 28 3.2858937
3 24 342.85715
3 12 0.05672504
3 1 0.7067776
3 9 0.5021734
4 31 0.07163262
4 9 0.08634501
4 17 0.30513394
4 19 0.08006706
5 30 1.7170331
5 8 0.6188695
5 18 0.61248076
5 13 13.510663
5 11 1.9237322
5 29 2.5582068
5 34 5.660443
5 20 2.106331
5 37 19.008879
5 7 22.216236
5 27 1.8309369
5 16 1.4916352
5 23 2.9898727
6 31 0.17601527
6 17 1.9449666
7 34 617.6609
7 30 1.1214576
7 20 143.34375
7 8 9.866952
7 16 1.3767518
7 23 1.5217781
7 25 5.3588386
7 5 22.216236
8 0 2000.0
8 30 0.3204293
8 18 1.2845243
8 13 0.8893908
8 11 0.89289784
8 29 0.3059116
8 5 0.6188695
8 34 35.22384
8 2 1.0959483
8 37 1.2646886
8 7 9.866952
8 27 0.892288
8 16 1.5227199
8 23 0.8680178
8 25 2000.0
9 36 0.32508114
9 26 2000.0
9 28 1.9927019
9 10 15.060162
9 22 0.060575016
9 31 0.032567542
9 3 0.5021734
9 12 2000.0
9 4 0.08634501
9 17 0.031792205
9 19 0.06717376
10 26 0.028803848
10 28 0.39351764
10 24 0.11521021
10 31 15.252109
10 12 1757.3864
10 9 15.060162
10 17 0.034746893
11 0 2000.0
11 30 0.79536897
11 8 0.89289784
11 18 5.556725
11 13 1.0623403
11 33 2.1036224
11 29 0.9177855
11 5 1.9237322
11 34 1.5854235
11 20 0.6846308
11 2 1.8329295
11 37 1.3914711
11 7 164.98053
11 27 0.7206641
11 16 0.9155302
11 25 1.0793124
12 26 0.8088843
12 32 2.9071198
12 24 0.070644625
12 21 0.19144098
12 3 0.05672504
12 1 16.903643
13 30 24.736872
13 0 0.68773913
13 8 0.8893908
13 33 0.85317373
13 11 1.0623403
13 29 0.92825985
13 5 13.510663
13 34 2273.6362
13 20 0.8537669
13 2 0.7297043
13 14 4.7164884
13 37 3.5606432
13 7 2000.0
13 27 1.2128578
13 16 31.281517
13 25 0.28429967
14 30 10.732165
14 20 1.6471535
14 13 4.7164884
14 27 3.1497495
14 33 0.4252168
14 11 2000.0
14 25 2.4460776
15 32 0.07291416
15 21 1.3250688
16 30 1.1047341
16 0 2000.0
16 8 1.5227199
16 18 1.2519711
16 13 31.281517
16 11 0.9155302
16 5 1.4916352
16 34 93.936226
16 20 19.716232
16 7 1.3767518
16 27 1.3600686
16 23 3.6189976
16 25 1.6516911
17 6 1.9449666
17 26 1.4474689
17 10 0.034746893
17 24 0.11417786
17 31 1.0025529
17 9 0.031792205
17 4 0.30513394
17 19 70.42363
18 0 2000.0
18 30 0.737745
18 8 1.2845243
18 13 3767.443
18 11 5.556725
18 29 1.0295947
18 5 0.61248076
18 2 1.8069549
18 37 3.473209
18 7 2000.0
18 27 30.241812
18 16 1.2519711
18 23 1.1660446
19 28 160.0
19 31 0.076053895
19 9 0.06717376
19 4 0.08006706
19 17 70.42363
20 0 2000.0
20 30 1.1867322
20 13 0.8537669
20 33 1.0340908
20 11 0.6846308
20 29 8.741856
20 5 2.106331
20 34 0.90095407
20 2 2.2941637
20 14 1.6471535
20 37 3.5646567
20 7 143.34375
20 27 1.1025282
20 16 19.716232
20 25 0.74018955
21 26 2000.0
21 32 2000.0
21 10 2000.0
21 24 1.142223
21 35 0.029692082
21 31 2000.0
21 12 0.19144098
21 15 1.3250688
22 31 360.00003
22 9 0.060575016
22 19 2000.0
23 0 2000.0
23 30 2.3865526
23 8 0.8680178
23 2 7.236015
23 37 1.4538636
23 18 1.1660446
23 7 1.5217781
23 16 3.6189976
23 11 2000.0
23 29 1.2431426
23 5 2.9898727
24 26 0.03703981
24 32 0.2380909
24 10 0.11521021
24 21 1.142223
24 12 0.070644625
24 3 342.85715
24 15 2000.0
24 17 0.11417786
25 30 36.675365
25 0 9.238765
25 13 0.28429967
25 33 0.5592968
25 11 1.0793124
25 29 1.4576756
25 34 2.1531045
25 20 0.74018955
25 2 0.7689522
25 14 2.4460776
25 37 18.780844
25 7 5.3588386
25 27 0.2603003
25 16 1.6516911
26 32 17.73511
26 28 0.11546822
26 10 0.028803848
26 24 0.03703981
26 31 0.1304293
26 12 0.8088843
26 17 1.4474689
27 30 0.6450563
27 0 2000.0
27 8 0.892288
27 18 30.241812
27 13 1.2128578
27 33 0.75666064
27 11 0.7206641
27 29 1.0146517
27 5 1.8309369
27 34 2.0515244
27 20 1.1025282
27 2 1.0532235
27 14 3.1497495
27 37 0.8536722
27 7 2000.0
27 16 1.3600686
27 25 0.2603003
28 36 0.030151794
28 26 0.11546822
28 10 0.39351764
28 3 3.2858937
28 12 1192.1023
28 9 1.9927019
28 19 160.0
29 0 4.3042073
29 30 1.5577174
29 8 0.3059116
29 18 1.0295947
29 13 0.92825985
29 33 18.953049
29 11 0.9177855
29 5 2.5582068
29 34 4.1501184
29 20 8.741856
29 2 1.2507266
29 37 0.89045066
29 7 2000.0
29 27 1.0146517
29 16 2000.0
29 23 1.2431426
29 25 1.4576756
30 8 0.3204293
30 18 0.737745
30 13 24.736872
30 33 14.920818
30 11 0.79536897
30 29 1.5577174
30 5 1.7170331
30 34 0.79152715
30 20 1.1867322
30 2 26.424612
30 14 10.732165
30 37 21.68455
30 7 1.1214576
30 27 0.6450563
30 16 1.1047341
30 23 2.3865526
30 25 36.675365
31 26 0.1304293
31 6 0.17601527
31 10 15.252109
31 22 360.00003
31 9 0.032567542
31 4 0.07163262
31 17 1.0025529
31 19 0.076053895
32 26 17.73511
32 24 0.2380909
32 12 2.9071198
32 15 0.07291416
33 30 14.920818
33 8 2000.0
33 13 0.85317373
33 11 2.1036224
33 29 18.953049
33 34 2000.0
33 20 1.0340908
33 2 2.2783391
33 14 0.4252168
33 7 2000.0
33 27 0.75666064
33 16 3017.898
33 25 0.5592968
34 30 0.79152715
34 20 0.90095407
34 8 35.22384
34 37 2000.0
34 7 617.6609
34 27 2.0515244
34 16 93.936226
34 11 1.5854235
34 29 4.1501184
34 25 2.1531045
34 5 5.660443
35 21 0.029692082
35 31 1096.1932
36 28 0.030151794
36 3 0.5248997
36 9 0.32508114
37 30 21.68455
37 0 1.347779
37 8 1.2646886
37 18 3.473209
37 13 3.5606432
37 11 1.3914711
37 29 0.89045066
37 5 19.008879
37 20 3.5646567
37 2 0.8097488
37 7 1637.2158
37 27 0.8536722
37 16 2000.0
37 23 1.4538636
37 25 18.780844
