0 2 1.0858558
0 37 1.4034427
0 13 1.1640941
0 29 10.234291
0 25 6.454127
1 3 0.76866883
1 12 10.395812
2 30 48.410686
2 0 1.0858558
2 8 1.4211363
2 18 2.6053152
2 13 0.65792686
2 33 1.9742602
2 11 1.9537383
2 29 1.2207439
2 20 4.134612
2 37 0.92715436
2 27 0.9960926
2 16 2000.0
2 23 8.311163
2 25 1.0321205
3 36 0.4605657
3 28 48.964336
3 24 327.27274
3 12 0.06683345
3 1 0.76866883
3 9 0.26079544
4 31 0.088501886
4 9 0.08020764
4 17 0.14583698
4 19 0.07337488
5 30 0.97135884
5 8 1.1610422
5 18 0.6035509
5 13 16.826706
5 11 3.4476306
5 29 5.6816673
5 34 2.2395241
5 20 1.4179653
5 37 6.7804546
5 7 11.4834795
5 27 1.5742624
5 16 1.6203923
5 23 2.2956655
5 25 2000.0
6 31 0.11850227
6 17 3.4513214
7 30 0.89785224
7 20 51.40696
7 8 4.624662
7 37 128.57143
7 16 1.1493316
7 23 1.4314485
7 25 3.9457753
7 5 11.4834795
8 0 2000.0
8 30 0.66156596
8 18 1.3335524
8 13 1.6452055
8 11 1.9392303
8 29 1.1149377
8 5 1.1610422
8 34 30.273323
8 2 1.4211363
8 37 0.9031409
8 7 4.624662
8 27 12.990068
8 16 1.5283
8 23 1.541289
8 25 2000.0
9 36 0.2374608
9 26 2000.0
9 28 1.821664
9 10 25.882578
9 22 0.05604852
9 31 0.030530386
9 12 2000.0
9 3 0.26079544
9 4 0.08020764
9 17 0.038387846
9 19 0.07107532
10 26 0.0317623
10 28 0.24396555
10 24 0.114251904
10 31 17.264572
10 12 1247.0454
10 9 25.882578
10 17 0.03101215
11 0 2000.0
11 30 0.88365614
11 8 1.9392303
11 18 5.1273484
11 13 1.611302
11 33 5.7278867
11 29 1.1792976
11 5 3.4476306
11 34 2.2976618
11 20 0.84860957
11 2 1.9537383
11 37 1.674486
11 7 1619.9431
11 27 0.8897728
11 16 0.93807095
11 25 0.8615711
12 26 0.86098456
12 32 5.4662213
12 24 0.07935016
12 21 0.13483074
12 3 0.06683345
12 1 10.395812
13 30 15.808658
13 0 1.1640941
13 8 1.6452055
13 18 152.38095
13 33 1.4344478
13 11 1.611302
13 29 0.77629787
13 5 16.826706
13 34 2000.0
13 20 0.9896988
13 2 0.65792686
13 14 2.8700123
13 37 1.6224444
13 7 2000.0
13 27 0.6742176
13 16 24.793858
13 25 0.35622737
14 30 30.709558
14 20 7.2121673
14 13 2.8700123
14 27 5.152019
14 33 1.1310766
14 11 2000.0
14 25 6.4823027
15 32 0.0651358
15 21 2.1391609
16 0 2000.0
16 30 1.0746186
16 8 1.5283
16 18 1.3064623
16 13 24.793858
16 11 0.93807095
16 29 200.0
16 5 1.6203923
16 34 89.85257
16 20 24.476097
16 7 1.1493316
16 27 1.4597799
16 23 2.3012125
16 25 1.1562064
17 6 3.4513214
17 26 1.5502164
17 10 0.03101215
17 24 0.08563403
17 31 0.94734156
17 9 0.038387846
17 4 0.14583698
17 19 73.719696
18 0 2000.0
18 30 0.6828171
18 8 1.3335524
18 13 152.38095
18 11 5.1273484
18 29 0.94451094
18 5 0.6035509
18 2 2.6053152
18 37 2.5193553
18 7 2000.0
18 27 17.727
18 16 1.3064623
18 23 1.1648326
19 31 0.09296013
19 9 0.07107532
19 4 0.07337488
19 17 73.719696
20 30 1.859888
20 13 0.9896988
20 33 3.1750286
20 11 0.84860957
20 29 12.726293
20 5 1.4179653
20 34 1.7469605
20 2 4.134612
20 14 7.2121673
20 37 6.948139
20 7 51.40696
20 27 1.0985583
20 16 24.476097
20 25 1.8768036
21 24 0.8806957
21 35 0.03128756
21 31 2000.0
21 12 0.13483074
21 15 2.1391609
22 31 80.0
22 9 0.05604852
22 19 2000.0
23 0 2000.0
23 30 2.043558
23 8 1.541289
23 2 8.311163
23 37 1.2468017
23 18 1.1648326
23 7 1.4314485
23 16 2.3012125
23 11 2000.0
23 29 1.128612
23 5 2.2956655
24 26 0.042020496
24 32 0.23051791
24 10 0.114251904
24 21 0.8806957
24 12 0.07935016
24 3 327.27274
24 15 2000.0
24 17 0.08563403
25 30 10.045523
25 0 6.454127
25 13 0.35622737
25 33 0.8197094
25 11 0.8615711
25 29 2.6337879
25 34 3.5742352
25 20 1.8768036
25 2 1.0321205
25 14 6.4823027
25 37 45.720554
25 7 3.9457753
25 27 0.37357166
25 16 1.1562064
26 32 9.190954
26 28 0.06339423
26 10 0.0317623
26 24 0.042020496
26 31 0.12916985
26 12 0.86098456
26 17 1.5502164
27 30 0.1914006
27 0 2000.0
27 8 12.990068
27 18 17.727
27 13 0.6742176
27 33 1.2119216
27 11 0.8897728
27 29 0.682017
27 5 1.5742624
27 34 1.4013948
27 20 1.0985583
27 2 0.9960926
27 14 5.152019
27 37 1.6095926
27 7 2000.0
27 16 1.4597799
27 25 0.37357166
28 36 0.032143123
28 26 0.06339423
28 10 0.24396555
28 12 1213.409
28 3 48.964336
28 9 1.821664
28 19 1369.4319
29 0 10.234291
29 30 2.0507603
29 8 1.1149377
29 18 0.94451094
29 13 0.77629787
29 33 7.6768465
29 11 1.1792976
29 5 5.6816673
29 34 2.5197635
29 20 12.726293
29 2 1.2207439
29 37 0.6055725
29 7 2000.0
29 27 0.682017
29 16 200.0
29 23 1.128612
29 25 2.6337879
30 8 0.66156596
30 18 0.6828171
30 13 15.808658
30 33 31.410326
30 11 0.88365614
30 29 2.0507603
30 5 0.97135884
30 34 0.8607281
30 20 1.859888
30 2 48.410686
30 14 30.709558
30 37 12.349314
30 7 0.89785224
30 27 0.1914006
30 16 1.0746186
30 23 2.043558
30 25 10.045523
31 26 0.12916985
31 6 0.11850227
31 10 17.264572
31 22 80.0
31 9 0.030530386
31 4 0.088501886
31 17 0.94734156
31 19 0.09296013
32 26 9.190954
32 24 0.23051791
32 21 2000.0
32 12 5.4662213
32 15 0.0651358
33 30 31.410326
33 8 2000.0
33 13 1.4344478
33 11 5.7278867
33 29 7.6768465
33 34 2000.0
33 20 3.1750286
33 2 1.9742602
33 14 1.1310766
33 7 2000.0
33 27 1.2119216
33 16 3017.898
33 25 0.8197094
34 30 0.8607281
34 20 1.7469605
34 8 30.273323
34 37 2000.0
34 7 2000.0
34 13 2000.0
34 27 1.4013948
34 16 89.85257
34 11 2.2976618
34 29 2.5197635
34 25 3.5742352
34 5 2.2395241
35 21 0.03128756
35 31 149.6349
36 28 0.032143123
36 3 0.4605657
36 9 0.2374608
37 30 12.349314
37 0 1.4034427
37 8 0.9031409
37 18 2.5193553
37 13 1.6224444
37 11 1.674486
37 29 0.6055725
37 5 6.7804546
37 20 6.948139
37 2 0.92715436
37 7 128.57143
37 27 1.6095926
37 16 2071.951
37 23 1.2468017
37 25 45.720554
