0 2 0.98185176
0 37 2.818355
0 13 1.1449957
0 29 73.788414
0 25 16.577217
1 3 0.96656084
1 12 32.531673
2 30 15.463022
2 0 0.98185176
2 8 1.0871042
2 18 4.5869145
2 13 0.44469392
2 33 2.1081767
2 11 1.7460206
2 29 1.4158124
2 20 2.2573183
2 37 1.0908885
2 27 0.8970514
2 16 2000.0
2 23 15.0780945
2 25 0.43478975
3 36 1.2372589
3 28 3.9094465
3 24 2000.0
3 12 0.0720939
3 1 0.96656084
3 9 0.491105
4 31 0.08052347
4 9 0.07962486
4 17 0.14817584
4 19 0.06937285
5 30 0.72215915
5 8 0.5581255
5 18 1.5264682
5 13 23.008966
5 11 2.5890791
5 29 1.972137
5 34 2.4415963
5 20 2.9157457
5 37 9.882717
5 7 13.049321
5 27 1.7228787
5 16 2.2156398
5 23 3.4974473
5 25 2000.0
6 31 0.25540236
6 17 1.5086976
7 34 189.47371
7 30 0.6290824
7 8 5.093503
7 16 1.0906758
7 23 1.3617631
7 11 45.815956
7 25 2.581556
7 5 13.049321
8 0 2000.0
8 30 0.3674528
8 18 1.4872578
8 13 0.7231534
8 11 0.86286
8 29 0.76040065
8 5 0.5581255
8 34 59.121414
8 2 1.0871042
8 37 1.0360845
8 7 5.093503
8 27 1.271913
8 16 1.445172
8 23 0.9061796
8 25 2000.0
9 36 0.5089606
9 26 2000.0
9 28 1.4623961
9 10 21.846203
9 22 0.06290219
9 31 0.043795824
9 12 2000.0
9 3 0.491105
9 4 0.07962486
9 17 0.030002482
9 19 0.06732548
10 26 0.028822958
10 28 0.35857534
10 24 0.112252094
10 31 12.101055
10 12 1287.5568
10 9 21.846203
10 17 0.029212052
11 0 2000.0
11 30 0.5867808
11 8 0.86286
11 18 4.692966
11 13 1.1603957
11 33 2.5542178
11 29 0.9642398
11 5 2.5890791
11 34 2.1289756
11 20 1.185935
11 2 1.7460206
11 37 1.4432064
11 7 45.815956
11 27 0.60821974
11 16 1.3624716
11 25 0.54325026
12 26 2.0105438
12 32 2.4519916
12 24 0.06815433
12 21 0.22331764
12 3 0.0720939
12 1 32.531673
13 30 36.15384
13 0 1.1449957
13 8 0.7231534
13 18 156.53639
13 33 1.0159942
13 11 1.1603957
13 29 0.815352
13 5 23.008966
13 34 600.0
13 20 1.168983
13 2 0.44469392
13 14 7.1500654
13 37 1.3793579
13 7 2000.0
13 27 0.6086316
13 16 25.511055
13 25 0.2694284
14 30 7.241093
14 20 1.6583842
14 13 7.1500654
14 27 2.7383268
14 33 0.43896604
14 11 2000.0
14 25 2.9151816
15 32 0.073562436
15 21 5.42155
16 0 2000.0
16 30 1.2694498
16 8 1.445172
16 18 4.1007686
16 13 25.511055
16 11 1.3624716
16 5 2.2156398
16 34 85.38957
16 20 31.516317
16 7 1.0906758
16 27 1.4453624
16 23 2.4636598
16 25 1.3882321
17 6 1.5086976
17 26 1.488618
17 10 0.029212052
17 24 0.12426346
17 31 0.97345155
17 9 0.030002482
17 4 0.14817584
17 19 103.643425
18 0 2000.0
18 30 0.81288195
18 8 1.4872578
18 13 156.53639
18 11 4.692966
18 29 1.2497886
18 5 1.5264682
18 2 4.5869145
18 37 3.0789933
18 7 2000.0
18 27 11.936266
18 16 4.1007686
18 23 1.4140042
19 28 160.0
19 31 0.08353204
19 9 0.06732548
19 4 0.06937285
19 17 103.643425
20 30 1.6599789
20 13 1.168983
20 33 1.0801082
20 11 1.185935
20 29 19.281168
20 5 2.9157457
20 34 0.8785377
20 2 2.2573183
20 14 1.6583842
20 37 2.733135
20 7 2460.7388
20 27 2.049332
20 16 31.516317
20 25 0.3760346
21 32 2000.0
21 10 2000.0
21 24 1.0393888
21 35 0.034696966
21 31 2000.0
21 12 0.22331764
21 15 5.42155
21 4 2000.0
22 31 54.030685
22 9 0.06290219
22 19 2000.0
23 0 2000.0
23 30 1.6256739
23 8 0.9061796
23 2 15.0780945
23 37 2.0890152
23 18 1.4140042
23 7 1.3617631
23 16 2.4636598
23 11 2000.0
23 29 1.13767
23 5 3.4974473
24 26 0.04186646
24 32 0.33177862
24 10 0.112252094
24 21 1.0393888
24 12 0.06815433
24 15 2000.0
24 17 0.12426346
25 0 16.577217
25 30 17.238636
25 13 0.2694284
25 33 0.5435149
25 11 0.54325026
25 29 1.3443877
25 34 4.096422
25 20 0.3760346
25 2 0.43478975
25 14 2.9151816
25 37 75.0
25 7 2.581556
25 27 0.3064196
25 16 1.3882321
26 32 76.52191
26 28 0.07464609
26 10 0.028822958
26 24 0.04186646
26 31 0.09931333
26 12 2.0105438
26 17 1.488618
27 30 0.23574947
27 0 2000.0
27 8 1.271913
27 18 11.936266
27 13 0.6086316
27 33 0.8359718
27 11 0.60821974
27 29 0.77991414
27 5 1.7228787
27 34 1.6062232
27 20 2.049332
27 2 0.8970514
27 14 2.7383268
27 37 1.1195052
27 7 2000.0
27 16 1.4453624
27 25 0.3064196
28 36 0.031693194
28 26 0.07464609
28 10 0.35857534
28 3 3.9094465
28 12 1203.8636
28 9 1.4623961
28 19 160.0
29 0 73.788414
29 30 0.7993881
29 8 0.76040065
29 18 1.2497886
29 13 0.815352
29 33 13.0050745
29 11 0.9642398
29 5 1.972137
29 34 3.66916
29 20 19.281168
29 2 1.4158124
29 37 0.4751233
29 7 2000.0
29 27 0.77991414
29 16 2000.0
29 23 1.13767
29 25 1.3443877
30 8 0.3674528
30 18 0.81288195
30 13 36.15384
30 33 7.410674
30 11 0.5867808
30 29 0.7993881
30 5 0.72215915
30 34 0.8656718
30 20 1.6599789
30 2 15.463022
30 14 7.241093
30 37 10.6591835
30 7 0.6290824
30 27 0.23574947
30 16 1.2694498
30 23 1.6256739
30 25 17.238636
31 26 0.09931333
31 6 0.25540236
31 10 12.101055
31 35 47.06894
31 22 54.030685
31 9 0.043795824
31 4 0.08052347
31 17 0.97345155
31 19 0.08353204
32 24 0.33177862
32 12 2.4519916
32 15 0.073562436
33 30 7.410674
33 8 2000.0
33 13 1.0159942
33 11 2.5542178
33 29 13.0050745
33 34 2000.0
33 20 1.0801082
33 2 2.1081767
33 14 0.43896604
33 7 2000.0
33 27 0.8359718
33 16 3017.898
33 25 0.5435149
34 30 0.8656718
34 20 0.8785377
34 8 59.121414
34 37 2000.0
34 7 189.47371
34 13 600.0
34 27 1.6062232
34 16 85.38957
34 11 2.1289756
34 29 3.66916
34 25 4.096422
34 5 2.4415963
35 21 0.034696966
35 31 47.06894
36 28 0.031693194
36 3 1.2372589
36 9 0.5089606
37 30 10.6591835
37 0 2.818355
37 8 1.0360845
37 18 3.0789933
37 13 1.3793579
37 11 1.4432064
37 29 0.4751233
37 5 9.882717
37 20 2.733135
37 2 1.0908885
37 7 2299.318
37 27 1.1195052
37 16 2000.0
37 23 2.0890152
37 25 75.0
