0 8 4.7639985
0 2 1.6773189
0 37 0.8024535
0 13 1.1249238
0 11 10.220577
0 29 9.691822
1 3 0.21618105
1 12 17.736773
2 30 10.39308
2 0 1.6773189
2 8 1.0125382
2 18 25.918833
2 13 0.33136523
2 33 2.6663432
2 11 0.57552177
2 29 0.76637655
2 20 0.9756221
2 37 0.6299785
2 27 0.7353177
2 16 2000.0
2 23 31.211405
2 25 1.2598113
3 36 0.2612672
3 28 0.20737326
3 24 2000.0
3 12 0.07245596
3 1 0.21618105
3 9 0.5698864
4 31 0.0826923
4 9 0.07164589
4 17 0.10340772
4 19 0.08640456
5 30 0.45829695
5 8 1.1677771
5 18 0.33692035
5 13 389.67615
5 11 3.4499998
5 29 2.969977
5 34 2.4540987
5 20 2.3626828
5 37 2000.0
5 7 6.9350185
5 27 1.3883413
5 16 1.5819358
5 23 7.1294193
6 31 0.50077564
6 17 1.1522571
7 34 11.210607
7 30 0.9566088
7 20 1.7092123
7 8 60.527813
7 37 30.685555
7 27 2000.0
7 16 1.0997487
7 11 5.8035903
7 23 1.0412129
7 25 4.7172413
7 5 6.9350185
8 0 4.7639985
8 30 0.9983182
8 18 1.0076565
8 13 5.97766
8 11 2.3141851
8 29 0.95884174
8 5 1.1677771
8 34 3.3800075
8 2 1.0125382
8 37 1.2019436
8 7 60.527813
8 27 2.4759643
8 16 1.5636677
8 23 1.5576388
9 36 1.5388412
9 26 2000.0
9 28 3.752295
9 10 3.5111814
9 22 0.32122892
9 31 0.030682731
9 3 0.5698864
9 17 0.035005778
9 4 0.07164589
9 19 0.07563033
10 26 0.03190485
10 28 0.3270328
10 24 0.13308568
10 31 0.034108646
10 12 5.62274
10 9 3.5111814
10 17 0.033077374
11 0 10.220577
11 30 0.484275
11 8 2.3141851
11 18 4.7413855
11 13 0.45050323
11 33 2.1303387
11 29 2.0304801
11 5 3.4499998
11 34 1.7998575
11 20 0.8021203
11 2 0.57552177
11 37 1.0158632
11 7 5.8035903
11 27 0.45377192
11 16 0.5852473
11 25 2.0914655
12 26 1.0133766
12 28 4.0124187
12 32 0.23674864
12 10 5.62274
12 24 0.065992765
12 21 0.09947786
12 3 0.07245596
12 1 17.736773
13 30 0.729695
13 0 1.1249238
13 8 5.97766
13 18 214.97102
13 33 1.398835
13 11 0.45050323
13 29 0.8123608
13 5 389.67615
13 34 7.2726784
13 20 0.53512913
13 2 0.33136523
13 14 5.496733
13 37 1.6214669
13 27 0.26186156
13 16 67.80687
13 25 0.8583865
14 20 1.9212989
14 13 5.496733
14 27 1.7360705
14 33 0.4535291
14 11 2000.0
14 25 1.8439566
15 32 0.08215351
15 21 1.76246
16 0 2000.0
16 30 1.3231744
16 8 1.5636677
16 18 1.3426886
16 13 67.80687
16 11 0.5852473
16 29 31.606537
16 5 1.5819358
16 20 10.103822
16 37 19.912449
16 7 1.0997487
16 27 1.429763
16 23 7.615636
16 25 2.3087742
17 26 3.3333333
17 6 1.1522571
17 10 0.033077374
17 24 0.65674293
17 31 1.49397
17 9 0.035005778
17 4 0.10340772
17 19 5.7276053
18 30 0.7173893
18 2 25.918833
18 8 1.0076565
18 37 1.430744
18 7 2000.0
18 13 214.97102
18 27 2.5070243
18 16 1.3426886
18 23 1.2758738
18 11 4.7413855
18 29 0.78453994
18 5 0.33692035
19 31 0.08294226
19 9 0.07563033
19 17 5.7276053
19 4 0.08640456
20 30 14.066245
20 13 0.53512913
20 33 1.4214692
20 11 0.8021203
20 29 3.0430138
20 5 2.3626828
20 34 1.0638204
20 2 0.9756221
20 14 1.9212989
20 37 2.6833065
20 7 1.7092123
20 27 0.3694207
20 16 10.103822
20 25 0.59556633
21 32 2000.0
21 10 2000.0
21 24 0.5077779
21 35 0.034004096
21 12 0.09947786
21 15 1.76246
22 6 1601.3068
22 31 1196.875
22 9 0.32122892
22 19 1462.216
23 0 2000.0
23 30 1.2798729
23 2 31.211405
23 8 1.5576388
23 37 2.2214274
23 18 1.2758738
23 7 1.0412129
23 16 7.615636
23 11 2000.0
23 29 4.509844
23 5 7.1294193
24 26 0.06411363
24 32 0.09783843
24 10 0.13308568
24 21 0.5077779
24 31 3.7881403
24 12 0.065992765
24 3 2000.0
24 15 2000.0
24 17 0.65674293
25 0 2000.0
25 30 1.9609637
25 13 0.8583865
25 33 0.45500162
25 11 2.0914655
25 29 5.09607
25 34 1.4885774
25 20 0.59556633
25 2 1.2598113
25 14 1.8439566
25 37 39.050648
25 7 4.7172413
25 27 0.9097199
25 16 2.3087742
26 36 2000.0
26 32 44.04132
26 28 0.78682
26 10 0.03190485
26 24 0.06411363
26 31 0.083077654
26 12 1.0133766
26 17 3.3333333
27 0 2000.0
27 30 0.1938837
27 8 2.4759643
27 18 2.5070243
27 13 0.26186156
27 33 1.318707
27 11 0.45377192
27 29 0.586327
27 5 1.3883413
27 34 1.2073559
27 20 0.3694207
27 2 0.7353177
27 14 1.7360705
27 37 1.7312882
27 7 2000.0
27 16 1.429763
27 25 0.9097199
28 36 0.045476645
28 26 0.78682
28 10 0.3270328
28 3 0.20737326
28 12 4.0124187
28 9 3.752295
29 0 9.691822
29 30 5.080981
29 8 0.95884174
29 18 0.78453994
29 13 0.8123608
29 11 2.0304801
29 5 2.969977
29 34 10.978195
29 20 3.0430138
29 2 0.76637655
29 37 1.0031695
29 7 2000.0
29 27 0.586327
29 16 31.606537
29 23 4.509844
29 25 5.09607
30 0 2000.0
30 8 0.9983182
30 18 0.7173893
30 13 0.729695
30 33 2.2634757
30 11 0.484275
30 29 5.080981
30 5 0.45829695
30 34 1.0562015
30 20 14.066245
30 2 10.39308
30 37 6.5727744
30 7 0.9566088
30 27 0.1938837
30 16 1.3231744
30 23 1.2798729
30 25 1.9609637
31 26 0.083077654
31 6 0.50077564
31 10 0.034108646
31 24 3.7881403
31 9 0.030682731
31 17 1.49397
31 4 0.0826923
31 19 0.08294226
32 26 44.04132
32 24 0.09783843
32 21 2000.0
32 12 0.23674864
32 15 0.08215351
33 34 2000.0
33 30 2.2634757
33 20 1.4214692
33 2 2.6663432
33 14 0.4535291
33 7 2000.0
33 13 1.398835
33 27 1.318707
33 16 2226.3638
33 11 2.1303387
33 29 3775.9092
33 25 0.45500162
34 30 1.0562015
34 20 1.0638204
34 8 3.3800075
34 13 7.2726784
34 7 11.210607
34 27 1.2073559
34 16 1215.0568
34 11 1.7998575
34 25 1.4885774
34 29 10.978195
34 5 2.4540987
35 21 0.034004096
36 26 2000.0
36 28 0.045476645
36 3 0.2612672
36 9 1.5388412
37 30 6.5727744
37 0 0.8024535
37 8 1.2019436
37 18 1.430744
37 13 1.6214669
37 11 1.0158632
37 29 1.0031695
37 20 2.6833065
37 2 0.6299785
37 7 30.685555
37 27 1.7312882
37 16 19.912449
37 23 2.2214274
37 25 39.050648
