0 8 24.635355
0 2 0.9047107
0 37 1.1444412
0 13 0.62376344
0 11 145.45454
0 25 1028.5714
0 29 5.062685
1 3 0.4045724
1 12 24.053465
2 30 9.394487
2 0 0.9047107
2 20 2.765347
2 8 1.370567
2 37 0.9206131
2 18 6.2620087
2 13 0.4694627
2 33 3.679555
2 27 0.99455684
2 11 1.7979697
2 29 0.84028816
2 25 2.522471
3 36 0.49140495
3 28 0.10921443
3 24 2000.0
3 12 0.059691105
3 1 0.4045724
3 9 0.8864205
4 31 0.07366088
4 9 0.061487753
4 17 0.0774495
4 19 0.09181394
5 30 0.6275015
5 8 0.8129433
5 18 0.5063226
5 13 2000.0
5 11 4.5423675
5 29 2.1466894
5 34 2.7427168
5 20 4.2624326
5 37 2000.0
5 7 8.066354
5 27 2.2880077
5 16 1.8759924
5 23 5.8484173
6 24 2000.0
6 31 1.6346977
6 17 1.2576135
7 34 8.050491
7 30 0.80880374
7 20 2.0056362
7 8 53.13926
7 37 29.525951
7 27 75.03856
7 16 1.1507818
7 11 9.703476
7 23 1.145632
7 25 10.5159445
7 5 8.066354
8 0 24.635355
8 30 0.701383
8 18 0.8640626
8 13 1.4110276
8 11 0.758767
8 29 0.58300525
8 5 0.8129433
8 34 5.6469293
8 2 1.370567
8 37 1.2294598
8 7 53.13926
8 27 1.7001241
8 16 1.3888668
8 23 0.958742
9 36 2.0603755
9 26 2000.0
9 28 4.6823344
9 10 9.676677
9 22 0.23475516
9 31 0.028440611
9 3 0.8864205
9 17 0.051031142
9 4 0.061487753
9 19 0.06540502
10 26 0.043977104
10 28 0.45910066
10 24 0.08109202
10 31 0.030553114
10 12 5.020994
10 9 9.676677
10 17 0.030090129
11 0 145.45454
11 30 0.3976953
11 8 0.758767
11 18 6.211413
11 13 0.5233658
11 33 2.8344996
11 29 0.4761792
11 5 4.5423675
11 34 4.7016816
11 20 1.139044
11 2 1.7979697
11 37 2.0649168
11 7 9.703476
11 27 0.46369663
11 16 0.8980258
11 25 1.9639691
12 26 1.4162172
12 28 10.6661625
12 32 0.44528884
12 10 5.020994
12 24 0.08937027
12 21 0.08734063
12 3 0.059691105
12 1 24.053465
13 30 0.5495571
13 0 0.62376344
13 8 1.4110276
13 18 417.821
13 33 0.8926069
13 11 0.5233658
13 29 1.0555421
13 34 3.9468534
13 20 0.6577911
13 2 0.4694627
13 14 2.28729
13 37 3.2405784
13 27 0.22141825
13 16 87.42802
13 25 0.55991846
14 20 0.6030237
14 13 2.28729
14 33 0.60119337
14 27 1.8553221
14 11 2000.0
14 25 3.988684
15 32 0.08098996
15 21 1.965214
16 0 2000.0
16 30 1.1040031
16 8 1.3888668
16 18 0.6573696
16 13 87.42802
16 11 0.8980258
16 29 129.78677
16 5 1.8759924
16 20 5.5530705
16 37 134.33397
16 7 1.1507818
16 27 1.4524503
16 23 4.794479
16 25 1.2511935
17 26 1.8354368
17 6 1.2576135
17 10 0.030090129
17 24 0.28892678
17 31 1.1158946
17 9 0.051031142
17 4 0.0774495
17 19 2.5418434
18 30 0.68779457
18 2 6.2620087
18 8 0.8640626
18 37 1.0948839
18 13 417.821
18 7 2000.0
18 27 3.705459
18 16 0.6573696
18 23 1.3896503
18 11 6.211413
18 29 1.183207
18 5 0.5063226
19 31 0.07933243
19 9 0.06540502
19 17 2.5418434
19 4 0.09181394
20 0 2000.0
20 30 21.26453
20 13 0.6577911
20 33 1.1370535
20 11 1.139044
20 29 2.8531272
20 5 4.2624326
20 34 0.99745876
20 2 2.765347
20 14 0.6030237
20 37 12.1608715
20 7 2.0056362
20 27 0.38945207
20 16 5.5530705
20 25 0.538465
21 32 2000.0
21 10 2000.0
21 24 0.096933626
21 35 0.0806562
21 12 0.08734063
21 15 1.965214
22 6 1669.8864
22 31 1121.8182
22 9 0.23475516
22 19 1203.9772
23 0 2000.0
23 30 1.734851
23 2 4494.886
23 8 0.958742
23 37 2.6542008
23 18 1.3896503
23 7 1.145632
23 16 4.794479
23 11 2000.0
23 29 5.235183
23 5 5.8484173
24 26 0.08024492
24 32 0.11080509
24 10 0.08109202
24 21 0.096933626
24 31 27.281532
24 3 2000.0
24 12 0.08937027
24 15 2000.0
24 17 0.28892678
25 0 1028.5714
25 30 3.2701674
25 13 0.55991846
25 33 0.6132414
25 11 1.9639691
25 29 10.030519
25 34 3.1527328
25 20 0.538465
25 2 2.522471
25 14 3.988684
25 37 42.589066
25 7 10.5159445
25 27 0.9202864
25 16 1.2511935
26 32 25.969765
26 28 0.061290324
26 10 0.043977104
26 24 0.08024492
26 31 0.06361669
26 12 1.4162172
26 17 1.8354368
27 0 2000.0
27 30 0.16494995
27 8 1.7001241
27 18 3.705459
27 13 0.22141825
27 33 1.2992451
27 11 0.46369663
27 29 0.41278216
27 5 2.2880077
27 34 0.7356388
27 20 0.38945207
27 2 0.99455684
27 14 1.8553221
27 37 1.6438903
27 7 75.03856
27 16 1.4524503
27 25 0.9202864
28 36 0.043445323
28 26 0.061290324
28 10 0.45910066
28 3 0.10921443
28 12 10.6661625
28 9 4.6823344
29 0 5.062685
29 30 3.657041
29 8 0.58300525
29 18 1.183207
29 13 1.0555421
29 11 0.4761792
29 5 2.1466894
29 34 10.463004
29 20 2.8531272
29 2 0.84028816
29 37 1.0183389
29 7 2000.0
29 27 0.41278216
29 16 129.78677
29 23 5.235183
29 25 10.030519
30 0 2000.0
30 8 0.701383
30 18 0.68779457
30 13 0.5495571
30 33 2.9558825
30 11 0.3976953
30 29 3.657041
30 5 0.6275015
30 34 1.5997396
30 20 21.26453
30 2 9.394487
30 14 2000.0
30 37 6.0241194
30 7 0.80880374
30 27 0.16494995
30 16 1.1040031
30 23 1.734851
30 25 3.2701674
31 26 0.06361669
31 6 1.6346977
31 10 0.030553114
31 24 27.281532
31 9 0.028440611
31 17 1.1158946
31 4 0.07366088
31 19 0.07933243
32 26 25.969765
32 24 0.11080509
32 12 0.44528884
32 15 0.08098996
33 30 2.9558825
33 13 0.8926069
33 11 2.8344996
33 29 2382.1023
33 5 2000.0
33 34 2000.0
33 20 1.1370535
33 2 3.679555
33 14 0.60119337
33 7 2000.0
33 27 1.2992451
33 16 2000.0
33 25 0.6132414
34 30 1.5997396
34 20 0.99745876
34 8 5.6469293
34 7 8.050491
34 13 3.9468534
34 27 0.7356388
34 16 2536.0227
34 11 4.7016816
34 25 3.1527328
34 29 10.463004
34 5 2.7427168
35 21 0.0806562
36 26 2000.0
36 28 0.043445323
36 3 0.49140495
36 9 2.0603755
37 30 6.0241194
37 0 1.1444412
37 8 1.2294598
37 18 1.0948839
37 13 3.2405784
37 11 2.0649168
37 29 1.0183389
37 20 12.1608715
37 2 0.9206131
37 7 29.525951
37 27 1.6438903
37 16 134.33397
37 23 2.6542008
37 25 42.589066
