0 2 0.97964567
0 37 1.4492263
0 13 0.98712677
0 29 52.6143
0 25 35.372646
1 3 0.71440744
1 12 14.379547
2 30 19.966362
2 0 0.97964567
2 8 1.5530779
2 18 6.454976
2 13 0.31281
2 33 1.709933
2 11 1.9120542
2 29 1.1951412
2 20 1.9976449
2 37 0.91570884
2 27 0.48398462
2 16 2000.0
2 23 11.344005
2 25 1.5055925
3 36 0.24321733
3 28 14.087307
3 24 2000.0
3 12 0.08238637
3 1 0.71440744
3 9 0.70046794
4 31 0.07806737
4 9 0.09170922
4 17 0.11622475
4 19 0.06957899
5 30 0.7082292
5 8 0.9899848
5 18 1.2071704
5 13 67.97639
5 11 5.95253
5 29 4.9893336
5 34 5.7956595
5 20 4.4037356
5 37 21.909332
5 7 7.2112446
5 27 3.6305118
5 16 2.0721118
5 23 5.642206
5 25 2000.0
6 31 0.1874267
6 17 0.9246796
7 30 0.78156596
7 20 60.746758
7 8 9.505465
7 37 50.793655
7 27 128.57143
7 16 1.0897112
7 23 1.2977024
7 11 88.888885
7 25 3.515856
7 5 7.2112446
8 0 2000.0
8 30 0.4004616
8 18 1.2845664
8 13 1.9499431
8 11 1.2165473
8 29 0.81821966
8 5 0.9899848
8 34 58.33313
8 2 1.5530779
8 37 1.2497159
8 7 9.505465
8 27 3.0933769
8 16 1.892267
8 23 1.1654779
8 25 2000.0
9 36 0.38825148
9 26 2000.0
9 28 2.200416
9 10 65.7214
9 22 0.043994635
9 31 0.02880522
9 3 0.70046794
9 12 2000.0
9 4 0.09170922
9 17 0.038693715
9 19 0.08034793
10 26 0.029325077
10 28 0.28132576
10 24 0.08546286
10 31 14.771391
10 12 88.888885
10 9 65.7214
10 17 0.042604767
11 0 2000.0
11 30 1.1971214
11 8 1.2165473
11 18 10.397033
11 13 0.8394
11 33 2.1098893
11 29 1.5038455
11 5 5.95253
11 34 3.0220888
11 20 1.6824077
11 2 1.9120542
11 37 1.541977
11 7 88.888885
11 27 0.8303519
11 16 0.99339825
11 25 1.4613637
12 26 0.40078413
12 32 3.3180306
12 10 88.888885
12 24 0.06403331
12 21 0.14471969
12 3 0.08238637
12 1 14.379547
13 30 66.240425
13 0 0.98712677
13 8 1.9499431
13 18 90.497635
13 33 0.91549397
13 11 0.8394
13 29 1.5753789
13 5 67.97639
13 34 414.0251
13 20 0.85836416
13 2 0.31281
13 14 2.477957
13 37 0.9441047
13 7 2000.0
13 27 0.44273794
13 16 155.28409
13 25 0.2543721
14 30 12.51507
14 20 11.085933
14 13 2.477957
14 27 0.71566206
14 33 0.4039866
14 25 5.6465187
15 32 0.069189884
15 21 5.954631
16 30 1.0845417
16 0 2000.0
16 8 1.892267
16 18 2.603988
16 13 155.28409
16 11 0.99339825
16 5 2.0721118
16 34 52.65874
16 20 34.44537
16 7 1.0897112
16 27 1.5454677
16 23 2.3904648
16 25 1.7475193
17 6 0.9246796
17 26 1.479867
17 10 0.042604767
17 24 0.19274843
17 31 0.9991617
17 9 0.038693715
17 4 0.11622475
17 19 1308.6364
18 0 2000.0
18 30 0.73251873
18 8 1.2845664
18 13 90.497635
18 11 10.397033
18 29 1.5779634
18 5 1.2071704
18 2 6.454976
18 37 3.5300055
18 7 2000.0
18 27 10.035813
18 16 2.603988
18 23 1.4759909
19 31 0.10139717
19 9 0.08034793
19 4 0.06957899
19 17 1308.6364
20 30 1.349195
20 8 2000.0
20 13 0.85836416
20 33 1.1238202
20 11 1.6824077
20 29 32.031796
20 5 4.4037356
20 34 0.9532532
20 2 1.9976449
20 14 11.085933
20 37 3.593715
20 7 60.746758
20 27 1.6605363
20 16 34.44537
20 25 0.8741599
21 26 2000.0
21 32 2000.0
21 24 1.5702703
21 35 0.034887984
21 31 2000.0
21 12 0.14471969
21 15 5.954631
22 31 138.88889
22 9 0.043994635
22 19 2000.0
23 0 2000.0
23 30 1.6658207
23 8 1.1654779
23 2 11.344005
23 37 1.5462239
23 18 1.4759909
23 7 1.2977024
23 16 2.3904648
23 11 2000.0
23 29 1.0844135
23 5 5.642206
24 26 0.042925224
24 32 0.2813119
24 10 0.08546286
24 21 1.5702703
24 12 0.06403331
24 15 2000.0
24 17 0.19274843
25 30 23.619234
25 0 35.372646
25 13 0.2543721
25 33 0.7779738
25 11 1.4613637
25 29 5.003783
25 34 3.0884857
25 20 0.8741599
25 2 1.5055925
25 14 5.6465187
25 37 92.972275
25 7 3.515856
25 27 0.30976674
25 16 1.7475193
26 32 1252.3296
26 28 0.057928715
26 10 0.029325077
26 24 0.042925224
26 31 0.10493088
26 12 0.40078413
26 17 1.479867
27 30 0.6470046
27 0 2000.0
27 8 3.0933769
27 18 10.035813
27 13 0.44273794
27 33 0.7484931
27 11 0.8303519
27 29 1.3051745
27 5 3.6305118
27 34 0.9478117
27 20 1.6605363
27 2 0.48398462
27 14 0.71566206
27 37 0.9556795
27 7 128.57143
27 16 1.5454677
27 25 0.30976674
28 36 0.04515832
28 26 0.057928715
28 10 0.28132576
28 3 14.087307
28 12 1200.3408
28 9 2.200416
28 19 1474.9431
29 0 52.6143
29 30 0.9384091
29 8 0.81821966
29 18 1.5779634
29 13 1.5753789
29 33 20.770742
29 11 1.5038455
29 5 4.9893336
29 34 4.802315
29 20 32.031796
29 2 1.1951412
29 37 1.8515393
29 7 2000.0
29 27 1.3051745
29 16 1601.0511
29 23 1.0844135
29 25 5.003783
30 8 0.4004616
30 18 0.73251873
30 13 66.240425
30 33 6.490083
30 11 1.1971214
30 29 0.9384091
30 5 0.7082292
30 34 1.2592245
30 20 1.349195
30 2 19.966362
30 14 12.51507
30 37 13.935511
30 7 0.78156596
30 27 0.6470046
30 16 1.0845417
30 23 1.6658207
30 25 23.619234
31 26 0.10493088
31 6 0.1874267
31 10 14.771391
31 35 46.02456
31 22 138.88889
31 9 0.02880522
31 4 0.07806737
31 17 0.9991617
31 19 0.10139717
32 24 0.2813119
32 21 2000.0
32 12 3.3180306
32 15 0.069189884
33 30 6.490083
33 13 0.91549397
33 11 2.1098893
33 29 20.770742
33 5 2000.0
33 34 2000.0
33 20 1.1238202
33 2 1.709933
33 14 0.4039866
33 7 2000.0
33 27 0.7484931
33 16 3017.898
33 25 0.7779738
34 30 1.2592245
34 20 0.9532532
34 8 58.33313
34 37 2000.0
34 7 3374.6592
34 13 414.0251
34 27 0.9478117
34 16 52.65874
34 11 3.0220888
34 29 4.802315
34 25 3.0884857
34 5 5.7956595
35 21 0.034887984
35 31 46.02456
36 28 0.04515832
36 3 0.24321733
36 9 0.38825148
37 30 13.935511
37 0 1.4492263
37 8 1.2497159
37 18 3.5300055
37 13 0.9441047
37 11 1.541977
37 29 1.8515393
37 5 21.909332
37 20 3.593715
37 2 0.91570884
37 7 50.793655
37 27 0.9556795
37 16 2000.0
37 23 1.5462239
37 25 92.972275
