0 8 7.5202723
0 2 0.67386365
0 37 0.78881156
0 13 0.87639713
0 11 27.378935
0 29 15.011181
1 3 0.23406018
1 12 1190.2273
2 30 12.518515
2 0 0.67386365
2 8 1.271156
2 18 8.307955
2 13 0.474338
2 33 2.1518373
2 11 1.0055683
2 29 0.62692153
2 20 3.0528078
2 37 0.57023185
2 27 1.1784528
2 16 2000.0
2 23 24.030487
2 25 1.9923863
3 36 0.26443237
3 28 0.08653409
3 24 276.9231
3 12 0.049731474
3 1 0.23406018
3 9 0.43142632
4 31 0.08248471
4 9 0.06847501
4 17 0.09371061
4 19 0.09470339
5 30 0.5954232
5 8 0.48862702
5 18 0.5253719
5 13 281.4034
5 11 2.113348
5 29 3.7933886
5 34 1.4649068
5 20 2.3844213
5 37 2000.0
5 7 8.156821
5 27 2.318596
5 16 1.7072634
5 23 2.9175007
6 22 80.12879
6 31 0.5414147
6 17 1.285093
7 34 7.2192473
7 30 0.612205
7 20 1.6118516
7 8 59.919144
7 37 29.690939
7 16 0.93605775
7 11 6.3880982
7 23 0.84901595
7 25 4.2460885
7 5 8.156821
8 0 7.5202723
8 30 0.7243425
8 18 1.1718086
8 13 2.357438
8 11 2.0461397
8 29 0.6211641
8 5 0.48862702
8 34 3.4378278
8 2 1.271156
8 37 1.174513
8 7 59.919144
8 27 1.6417313
8 16 1.54722
8 23 1.0074357
9 36 3.5542052
9 26 2000.0
9 28 2.318746
9 10 7.3562317
9 22 0.74447715
9 31 0.03056644
9 3 0.43142632
9 17 0.12197426
9 4 0.06847501
9 19 0.067557745
10 26 0.029944478
10 28 0.25753134
10 24 0.057205494
10 31 0.03354979
10 12 7.3399158
10 9 7.3562317
10 17 0.030655246
11 0 27.378935
11 30 0.40336365
11 8 2.0461397
11 18 10.350504
11 13 0.6058951
11 33 2.042295
11 29 0.67028475
11 5 2.113348
11 34 2.6822605
11 20 1.6073517
11 2 1.0055683
11 37 1.1992283
11 7 6.3880982
11 27 0.4165246
11 16 0.86723554
11 25 0.63271767
12 26 1.2743543
12 28 4.6052284
12 32 0.3850093
12 10 7.3399158
12 24 0.07065691
12 21 0.117815875
12 3 0.049731474
13 0 0.87639713
13 30 1.7269689
13 8 2.357438
13 18 172.21504
13 33 0.8219102
13 11 0.6058951
13 29 0.657556
13 5 281.4034
13 34 8.180042
13 20 1.089844
13 2 0.474338
13 14 3.0331025
13 37 0.66574645
13 27 0.56027544
13 16 70.94689
13 25 0.60358924
14 34 2000.0
14 20 2.0549269
14 13 3.0331025
14 27 2.30558
14 33 1.5748765
14 11 2000.0
14 25 2.691265
15 32 0.07119039
15 21 2.0240126
16 0 2000.0
16 30 1.0849066
16 8 1.54722
16 18 1.0152072
16 13 70.94689
16 11 0.86723554
16 29 24.798368
16 5 1.7072634
16 20 13.675665
16 37 22.796183
16 7 0.93605775
16 27 1.5473434
16 23 4.7833066
16 25 1.2846985
17 26 1.7923887
17 6 1.285093
17 10 0.030655246
17 24 0.25092646
17 31 1.1802162
17 9 0.12197426
17 4 0.09371061
17 19 6.5442224
18 30 0.78735405
18 2 8.307955
18 8 1.1718086
18 37 1.2151552
18 7 2000.0
18 13 172.21504
18 27 3.4391181
18 16 1.0152072
18 23 1.4169891
18 11 10.350504
18 29 1.2367566
18 5 0.5253719
19 31 0.08938988
19 9 0.067557745
19 17 6.5442224
19 4 0.09470339
20 30 28.172297
20 13 1.089844
20 33 1.3301435
20 11 1.6073517
20 29 2.2077343
20 5 2.3844213
20 34 1.0510447
20 2 3.0528078
20 14 2.0549269
20 37 2.0087178
20 7 1.6118516
20 27 0.6897694
20 16 13.675665
20 25 0.68538445
21 32 640.0
21 10 2000.0
21 24 0.7764454
21 35 0.07183367
21 12 0.117815875
21 15 2.0240126
22 6 80.12879
22 31 1181.1932
22 9 0.74447715
22 19 1288.409
23 0 2000.0
23 30 1.4153715
23 2 24.030487
23 8 1.0074357
23 37 2.072689
23 18 1.4169891
23 7 0.84901595
23 16 4.7833066
23 11 2000.0
23 29 2.5073607
23 5 2.9175007
24 26 0.06329163
24 32 0.09624294
24 10 0.057205494
24 21 0.7764454
24 31 9.418264
24 12 0.07065691
24 3 276.9231
24 15 2000.0
24 17 0.25092646
25 30 11.234081
25 0 2000.0
25 13 0.60358924
25 33 0.6060634
25 11 0.63271767
25 29 3.2005484
25 34 1.5515428
25 20 0.68538445
25 2 1.9923863
25 14 2.691265
25 7 4.2460885
25 27 0.65174305
25 16 1.2846985
26 36 266.6667
26 32 19.833452
26 28 0.0490193
26 10 0.029944478
26 24 0.06329163
26 31 0.063001886
26 12 1.2743543
26 17 1.7923887
27 0 2000.0
27 30 0.2780874
27 8 1.6417313
27 18 3.4391181
27 13 0.56027544
27 33 0.770124
27 11 0.4165246
27 29 0.46611133
27 5 2.318596
27 34 1.294473
27 20 0.6897694
27 2 1.1784528
27 14 2.30558
27 37 0.70305514
27 7 3536.6477
27 16 1.5473434
27 25 0.65174305
28 36 0.03530179
28 26 0.0490193
28 10 0.25753134
28 3 0.08653409
28 12 4.6052284
28 9 2.318746
29 0 15.011181
29 30 2.5295005
29 8 0.6211641
29 18 1.2367566
29 13 0.657556
29 33 2000.0
29 11 0.67028475
29 5 3.7933886
29 34 12.252672
29 20 2.2077343
29 2 0.62692153
29 37 0.70096004
29 7 2000.0
29 27 0.46611133
29 16 24.798368
29 23 2.5073607
29 25 3.2005484
30 0 2000.0
30 8 0.7243425
30 18 0.78735405
30 13 1.7269689
30 33 4.4044843
30 11 0.40336365
30 29 2.5295005
30 5 0.5954232
30 34 1.7636834
30 20 28.172297
30 2 12.518515
30 37 5.894738
30 7 0.612205
30 27 0.2780874
30 16 1.0849066
30 23 1.4153715
30 25 11.234081
31 26 0.063001886
31 6 0.5414147
31 10 0.03354979
31 24 9.418264
31 9 0.03056644
31 17 1.1802162
31 4 0.08248471
31 19 0.08938988
32 26 19.833452
32 24 0.09624294
32 21 640.0
32 12 0.3850093
32 15 0.07119039
33 34 2000.0
33 30 4.4044843
33 20 1.3301435
33 2 2.1518373
33 14 1.5748765
33 7 2000.0
33 13 0.8219102
33 27 0.770124
33 16 1249.4886
33 11 2.042295
33 29 2000.0
33 25 0.6060634
34 30 1.7636834
34 20 1.0510447
34 8 3.4378278
34 13 8.180042
34 7 7.2192473
34 27 1.294473
34 16 1215.0568
34 11 2.6822605
34 25 1.5515428
34 29 12.252672
34 5 1.4649068
35 21 0.07183367
36 26 266.6667
36 28 0.03530179
36 3 0.26443237
36 9 3.5542052
37 0 0.78881156
37 30 5.894738
37 8 1.174513
37 18 1.2151552
37 13 0.66574645
37 11 1.1992283
37 29 0.70096004
37 20 2.0087178
37 2 0.57023185
37 7 29.690939
37 27 0.70305514
37 16 22.796183
37 23 2.072689
37 25 1237.6136
