0 8 5.2503443
0 2 0.8158234
0 37 0.86960393
0 13 0.90893334
0 11 51.428574
0 29 7.0785127
0 25 2000.0
1 3 0.34844697
1 12 38.86942
2 30 10.745525
2 0 0.8158234
2 8 1.0340246
2 18 9.716772
2 13 0.37656656
2 33 1.9508554
2 11 0.98494184
2 29 1.0387466
2 20 2.4566777
2 37 0.7211413
2 27 0.62847334
2 16 2000.0
2 23 32.338467
2 25 0.79376686
3 36 0.21494491
3 28 0.09496901
3 24 266.6667
3 12 0.06113468
3 1 0.34844697
3 9 0.32052904
4 31 0.07666527
4 9 0.065964945
4 17 0.09362624
4 19 0.07807428
5 30 1.7497438
5 8 0.6552819
5 18 0.3333712
5 13 81.53409
5 11 4.213689
5 29 2.4444118
5 34 1.144668
5 20 3.5312252
5 37 2000.0
5 7 5.259575
5 27 1.6213555
5 16 3.3584747
5 23 3.2762926
6 31 0.5106972
6 17 0.629143
7 34 5.279966
7 30 1.1307068
7 20 1.3037364
7 8 52.464825
7 37 9.894697
7 27 133.33334
7 16 1.0075965
7 11 7.027948
7 23 1.034256
7 25 4.372823
7 5 5.259575
8 0 5.2503443
8 30 0.5618633
8 18 0.87161803
8 13 1.8706621
8 11 0.7398325
8 29 0.8983758
8 5 0.6552819
8 34 2.70988
8 2 1.0340246
8 37 0.92679435
8 7 52.464825
8 27 0.7291025
8 16 1.269786
8 23 0.9056396
9 36 1.1565882
9 26 2000.0
9 28 2.8874953
9 10 9.416636
9 22 0.108877525
9 31 0.029803205
9 3 0.32052904
9 17 0.075384006
9 4 0.065964945
9 19 0.06762296
10 26 0.0469578
10 28 0.46824595
10 24 0.062036313
10 31 0.043745827
10 12 12.975412
10 9 9.416636
10 17 0.03585134
11 0 51.428574
11 30 0.47597554
11 8 0.7398325
11 18 8.907583
11 13 0.5978652
11 33 2.2577622
11 29 0.86909217
11 5 4.213689
11 34 1.6654329
11 20 0.7117588
11 2 0.98494184
11 37 1.3337435
11 7 7.027948
11 27 1.2333689
11 16 0.6076721
11 25 1.0202713
12 26 3.0077538
12 28 4.0160613
12 32 0.27461594
12 10 12.975412
12 24 0.06779726
12 21 0.12745951
12 3 0.06113468
12 1 38.86942
13 0 0.90893334
13 30 1.5593284
13 8 1.8706621
13 18 133.57954
13 33 0.8143996
13 11 0.5978652
13 29 1.3979993
13 5 81.53409
13 34 7.1055503
13 20 0.45561028
13 2 0.37656656
13 14 3.497177
13 37 1.7196764
13 27 0.44647682
13 16 30.852974
13 25 0.35494608
14 20 0.72978055
14 13 3.497177
14 27 5.719632
14 33 0.39894068
14 11 2000.0
14 25 1.5837625
15 32 0.07365416
15 21 1.5474728
16 30 1.0649216
16 0 2000.0
16 8 1.269786
16 18 0.8302335
16 13 30.852974
16 11 0.6076721
16 29 45.783443
16 5 3.3584747
16 20 6.0268197
16 37 15.845887
16 7 1.0075965
16 27 1.2635552
16 23 9.422565
16 25 0.9341214
17 26 1.789237
17 6 0.629143
17 10 0.03585134
17 24 0.3189165
17 31 1.1729873
17 9 0.075384006
17 4 0.09362624
17 19 2.571711
18 30 0.6699676
18 2 9.716772
18 8 0.87161803
18 37 1.04029
18 13 133.57954
18 7 2000.0
18 27 4.5378823
18 16 0.8302335
18 23 1.2747146
18 11 8.907583
18 29 1.978575
18 5 0.3333712
19 31 0.08042368
19 9 0.06762296
19 17 2.571711
19 4 0.07807428
20 30 21.40737
20 13 0.45561028
20 33 1.1454802
20 11 0.7117588
20 29 13.145507
20 5 3.5312252
20 34 0.8145592
20 2 2.4566777
20 14 0.72978055
20 37 2.1087747
20 7 1.3037364
20 27 0.3873266
20 16 6.0268197
20 25 0.36882576
21 32 2000.0
21 24 1.3141719
21 35 0.035147674
21 12 0.12745951
21 15 1.5474728
22 6 1301.3069
22 31 1246.1364
22 9 0.108877525
22 19 1318.8068
23 0 2000.0
23 30 1.198784
23 2 32.338467
23 8 0.9056396
23 37 1.5740963
23 18 1.2747146
23 7 1.034256
23 27 2000.0
23 16 9.422565
23 11 2000.0
23 29 4.1263165
23 5 3.2762926
24 26 0.062548935
24 32 0.09787509
24 28 2000.0
24 10 0.062036313
24 21 1.3141719
24 31 4.8790913
24 12 0.06779726
24 3 266.6667
24 15 2000.0
24 17 0.3189165
25 30 1.0514785
25 13 0.35494608
25 33 0.3989194
25 11 1.0202713
25 29 9.2921715
25 34 0.9082144
25 20 0.36882576
25 2 0.79376686
25 14 1.5837625
25 37 19.65529
25 7 4.372823
25 27 0.48749387
25 16 0.9341214
26 36 131.10634
26 32 66.75374
26 28 0.05177648
26 10 0.0469578
26 24 0.062548935
26 31 0.05831847
26 12 3.0077538
26 17 1.789237
27 0 2000.0
27 30 0.1636775
27 8 0.7291025
27 18 4.5378823
27 13 0.44647682
27 33 0.99625087
27 11 1.2333689
27 29 1.1083188
27 5 1.6213555
27 34 1.018621
27 20 0.3873266
27 2 0.62847334
27 14 5.719632
27 37 1.4924147
27 7 133.33334
27 16 1.2635552
27 25 0.48749387
28 36 0.037074693
28 26 0.05177648
28 10 0.46824595
28 3 0.09496901
28 12 4.0160613
28 9 2.8874953
29 0 7.0785127
29 30 3.4040115
29 8 0.8983758
29 18 1.978575
29 13 1.3979993
29 11 0.86909217
29 5 2.4444118
29 34 15.643221
29 20 13.145507
29 2 1.0387466
29 37 1.3717132
29 7 2000.0
29 27 1.1083188
29 16 45.783443
29 23 4.1263165
29 25 9.2921715
30 0 2000.0
30 8 0.5618633
30 18 0.6699676
30 13 1.5593284
30 33 2.3184717
30 11 0.47597554
30 29 3.4040115
30 5 1.7497438
30 34 1.0329545
30 20 21.40737
30 2 10.745525
30 37 8.645938
30 7 1.1307068
30 27 0.1636775
30 16 1.0649216
30 23 1.198784
30 25 1.0514785
31 26 0.05831847
31 6 0.5106972
31 10 0.043745827
31 24 4.8790913
31 9 0.029803205
31 17 1.1729873
31 4 0.07666527
31 19 0.08042368
32 26 66.75374
32 24 0.09787509
32 12 0.27461594
32 15 0.07365416
33 34 2000.0
33 30 2.3184717
33 20 1.1454802
33 2 1.9508554
33 14 0.39894068
33 7 2000.0
33 13 0.8143996
33 27 0.99625087
33 16 2020.4546
33 11 2.2577622
33 29 2580.5112
33 25 0.3989194
34 30 1.0329545
34 20 0.8145592
34 8 2.70988
34 13 7.1055503
34 7 5.279966
34 27 1.018621
34 16 1215.0568
34 11 1.6654329
34 25 0.9082144
34 29 15.643221
34 5 1.144668
35 21 0.035147674
36 26 131.10634
36 28 0.037074693
36 3 0.21494491
36 9 1.1565882
37 30 8.645938
37 0 0.86960393
37 8 0.92679435
37 18 1.04029
37 13 1.7196764
37 11 1.3337435
37 29 1.3717132
37 20 2.1087747
37 2 0.7211413
37 7 9.894697
37 27 1.4924147
37 16 15.845887
37 23 1.5740963
37 25 19.65529
