0 8 6.810535
0 2 0.73950535
0 37 1.1706399
0 13 0.91487795
0 11 106.666664
0 29 10.493352
1 3 0.22543989
1 12 1206.9886
2 30 12.515113
2 0 0.73950535
2 8 1.2927071
2 18 5.5786233
2 13 0.5601793
2 33 1.3883975
2 11 1.0353386
2 29 1.8991892
2 20 2.551954
2 37 0.85693324
2 27 1.1227013
2 16 2000.0
2 23 43.93451
2 25 1.889638
3 36 0.21314053
3 28 0.08943967
3 24 2000.0
3 12 0.067797475
3 1 0.22543989
3 9 0.49503234
4 31 0.07779122
4 9 0.053299718
4 17 0.076280326
4 19 0.0945721
5 30 0.69829726
5 8 0.7736201
5 18 0.654065
5 13 2000.0
5 11 2.8225713
5 29 3.517585
5 34 4.4152203
5 20 3.247638
5 37 2000.0
5 7 14.942614
5 27 1.5443549
5 16 1.6058514
5 23 4.85876
6 22 1676.591
6 31 1.8636607
6 17 0.5637429
7 34 12.101779
7 30 1.1457617
7 20 1.3720523
7 8 74.750656
7 37 17.68466
7 27 241.88635
7 16 1.6682811
7 11 8.437685
7 23 1.089952
7 25 4.4113984
7 5 14.942614
8 0 6.810535
8 30 0.63443017
8 18 1.4585283
8 13 1.4870529
8 11 1.6464823
8 29 0.67644536
8 5 0.7736201
8 34 12.758701
8 2 1.2927071
8 37 1.5806061
8 7 74.750656
8 27 1.0467118
8 16 1.3899654
8 23 1.0567341
9 36 1.88492
9 26 2000.0
9 28 11.43998
9 10 2.9376516
9 22 0.22317196
9 31 0.02952082
9 3 0.49503234
9 12 2000.0
9 17 0.05266875
9 4 0.053299718
9 19 0.06709113
10 26 0.04589443
10 28 0.49314123
10 24 0.08444894
10 31 0.03482042
10 12 4.5658345
10 9 2.9376516
10 17 0.029859819
11 0 106.666664
11 30 0.45278367
11 8 1.6464823
11 18 5.7528744
11 13 0.74423563
11 33 2.6059856
11 29 1.166973
11 5 2.8225713
11 34 1.5994349
11 20 1.0860527
11 2 1.0353386
11 37 1.3159174
11 7 8.437685
11 27 0.4953378
11 16 0.65046304
11 25 1.4396574
12 26 0.7941177
12 28 4.36387
12 32 0.49543765
12 10 4.5658345
12 24 0.10460859
12 21 0.07355154
12 3 0.067797475
13 30 1.6410187
13 0 0.91487795
13 8 1.4870529
13 18 369.95798
13 33 0.83615947
13 11 0.74423563
13 29 1.1087403
13 34 7.7142887
13 20 0.4942693
13 2 0.5601793
13 14 2.9389975
13 37 1.9380525
13 27 0.24917501
13 16 75.768974
13 25 0.64616877
14 20 0.87010086
14 13 2.9389975
14 33 0.46210766
14 27 2.414206
14 11 2000.0
14 25 1.7443264
15 32 0.09581775
15 21 1.5661364
16 30 1.1592084
16 0 2000.0
16 8 1.3899654
16 18 0.978665
16 13 75.768974
16 11 0.65046304
16 29 493.01706
16 5 1.6058514
16 20 3.0115795
16 37 33.084484
16 7 1.6682811
16 27 1.1820545
16 23 3.5701063
16 25 1.5078394
17 26 2.068509
17 6 0.5637429
17 10 0.029859819
17 24 0.26503438
17 31 1.0344383
17 9 0.05266875
17 4 0.076280326
17 19 3.3203373
18 30 0.59931064
18 0 2000.0
18 8 1.4585283
18 13 369.95798
18 11 5.7528744
18 29 1.0562893
18 5 0.654065
18 2 5.5786233
18 37 1.5824281
18 7 2000.0
18 27 3.2432466
18 16 0.978665
18 23 1.0169945
19 31 0.06724454
19 9 0.06709113
19 17 3.3203373
19 4 0.0945721
20 30 9.073665
20 13 0.4942693
20 33 1.3041015
20 11 1.0860527
20 29 1.6357177
20 5 3.247638
20 34 0.7940909
20 2 2.551954
20 14 0.87010086
20 37 9.757793
20 7 1.3720523
20 27 0.30974194
20 16 3.0115795
20 25 0.6387403
21 24 0.10661301
21 35 0.047381047
21 12 0.07355154
21 15 1.5661364
22 6 1676.591
22 31 1121.8182
22 9 0.22317196
22 19 1203.9772
23 0 2000.0
23 30 1.2177005
23 2 43.93451
23 8 1.0567341
23 37 2.804346
23 18 1.0169945
23 7 1.089952
23 16 3.5701063
23 11 2000.0
23 29 4.6514893
23 5 4.85876
24 26 0.09324884
24 32 0.122114435
24 28 2000.0
24 10 0.08444894
24 21 0.10661301
24 31 7.430605
24 12 0.10460859
24 3 2000.0
24 15 2000.0
24 17 0.26503438
25 0 2000.0
25 30 3.3952053
25 13 0.64616877
25 33 0.5843505
25 11 1.4396574
25 29 2.36379
25 34 3.3773482
25 20 0.6387403
25 2 1.889638
25 14 1.7443264
25 37 54.07603
25 7 4.4113984
25 27 0.67415756
25 16 1.5078394
26 32 71.321594
26 28 0.04389445
26 10 0.04589443
26 24 0.09324884
26 31 0.093982436
26 12 0.7941177
26 17 2.068509
27 0 2000.0
27 30 0.16784294
27 8 1.0467118
27 18 3.2432466
27 13 0.24917501
27 33 1.1328952
27 11 0.4953378
27 29 0.41365528
27 5 1.5443549
27 34 1.0927603
27 20 0.30974194
27 2 1.1227013
27 14 2.414206
27 37 0.88772964
27 7 241.88635
27 16 1.1820545
27 25 0.67415756
28 36 0.04404351
28 26 0.04389445
28 10 0.49314123
28 3 0.08943967
28 12 4.36387
28 9 11.43998
29 0 10.493352
29 30 3.1660683
29 8 0.67644536
29 18 1.0562893
29 13 1.1087403
29 11 1.166973
29 5 3.517585
29 34 3.1568317
29 20 1.6357177
29 2 1.8991892
29 37 1.0602356
29 7 2000.0
29 27 0.41365528
29 16 493.01706
29 23 4.6514893
29 25 2.36379
30 0 2000.0
30 8 0.63443017
30 18 0.59931064
30 13 1.6410187
30 33 2.6682074
30 11 0.45278367
30 29 3.1660683
30 5 0.69829726
30 34 3.0000646
30 20 9.073665
30 2 12.515113
30 14 2000.0
30 37 9.313554
30 7 1.1457617
30 27 0.16784294
30 16 1.1592084
30 23 1.2177005
30 25 3.3952053
31 26 0.093982436
31 6 1.8636607
31 10 0.03482042
31 24 7.430605
31 9 0.02952082
31 17 1.0344383
31 4 0.07779122
31 19 0.06724454
32 26 71.321594
32 24 0.122114435
32 12 0.49543765
32 15 0.09581775
33 34 2000.0
33 30 2.6682074
33 20 1.3041015
33 2 1.3883975
33 14 0.46210766
33 7 2000.0
33 13 0.83615947
33 27 1.1328952
33 16 2000.0
33 11 2.6059856
33 29 2382.1023
33 25 0.5843505
34 30 3.0000646
34 20 0.7940909
34 8 12.758701
34 7 12.101779
34 13 7.7142887
34 27 1.0927603
34 16 2536.0227
34 11 1.5994349
34 25 3.3773482
34 29 3.1568317
34 5 4.4152203
35 21 0.047381047
36 26 1487.3864
36 28 0.04404351
36 3 0.21314053
36 9 1.88492
37 30 9.313554
37 0 1.1706399
37 8 1.5806061
37 18 1.5824281
37 13 1.9380525
37 11 1.3159174
37 29 1.0602356
37 20 9.757793
37 2 0.85693324
37 7 17.68466
37 27 0.88772964
37 16 33.084484
37 23 2.804346
37 25 54.07603
