0 8 8.160923
0 2 0.5852922
0 37 2.108479
0 13 0.66929376
0 11 1672.2727
0 29 3.8575263
1 3 0.23611765
1 12 36.51648
2 30 10.973108
2 0 0.5852922
2 8 2.6124606
2 18 10.613969
2 13 1.34786
2 33 6.053684
2 11 2.0735924
2 29 1.8972788
2 20 3.0778842
2 37 1.8003256
2 27 0.9948634
2 16 2000.0
2 23 85.390465
2 25 1.7228783
3 36 0.4629656
3 28 0.10033725
3 24 2000.0
3 12 0.062323034
3 1 0.23611765
3 9 0.40493938
4 31 0.06410226
4 9 0.067926235
4 17 0.09501821
4 19 0.08204931
5 34 4.8124847
5 30 0.9096523
5 20 5.927747
5 8 1.2525532
5 37 2000.0
5 18 0.91768974
5 7 10.172759
5 27 4.290871
5 16 2.3760905
5 23 4.9943457
5 11 2.7784178
5 29 9.957098
6 31 1.596655
6 17 0.88276726
7 34 18.238686
7 30 1.1940913
7 20 1.7565174
7 8 47.444603
7 37 82.8865
7 27 152.38095
7 16 1.242558
7 11 31.902117
7 23 1.8748835
7 25 8.660873
7 5 10.172759
8 0 8.160923
8 30 0.7769437
8 18 0.7884168
8 13 2.5092616
8 11 1.5499172
8 29 0.6937974
8 5 1.2525532
8 34 10.744095
8 2 2.6124606
8 37 2.6204536
8 7 47.444603
8 27 3.015634
8 16 2.7262628
8 23 1.8088926
9 36 0.87042516
9 26 2000.0
9 28 9.20903
9 10 1.6181699
9 22 0.2738928
9 31 0.027629698
9 3 0.40493938
9 12 2000.0
9 17 0.052277777
9 4 0.067926235
9 19 0.06308073
10 26 0.045066744
10 28 0.8235451
10 24 0.07014077
10 31 0.032870986
10 12 1.006681
10 9 1.6181699
10 17 0.035509143
11 0 1672.2727
11 30 1.2079029
11 8 1.5499172
11 18 8.808309
11 13 2.1417258
11 33 2.2018147
11 29 1.5141494
11 5 2.7784178
11 34 3.0667136
11 20 3.462728
11 2 2.0735924
11 37 2.6971955
11 7 31.902117
11 27 0.9425903
11 16 1.3840823
11 25 2.799928
12 26 2.8963318
12 28 4.220501
12 32 0.2261428
12 10 1.006681
12 24 0.07790494
12 21 0.14857887
12 3 0.062323034
12 1 36.51648
13 0 0.66929376
13 30 1.2815679
13 8 2.5092616
13 18 250.00002
13 33 1.1020453
13 11 2.1417258
13 29 1.2814795
13 5 2000.0
13 34 35.498425
13 20 0.7378101
13 2 1.34786
13 14 9.355532
13 37 6.2546268
13 27 0.2696121
13 16 33.333336
13 25 0.6519269
14 20 2.973703
14 13 9.355532
14 33 0.56843764
14 27 5.087577
14 11 2000.0
14 25 3.9749525
15 32 0.07288733
15 21 9.554897
16 30 1.1791648
16 0 2000.0
16 8 2.7262628
16 18 0.67301965
16 13 33.333336
16 11 1.3840823
16 29 2932.9546
16 5 2.3760905
16 20 6.320268
16 37 132.62334
16 7 1.242558
16 27 1.3671957
16 23 6.876085
16 25 2.6286235
17 26 1.8452566
17 6 0.88276726
17 10 0.035509143
17 24 0.3299292
17 31 1.2283725
17 9 0.052277777
17 4 0.09501821
17 19 1.8541353
18 30 0.92801434
18 2 10.613969
18 8 0.7884168
18 37 1.5330442
18 7 2000.0
18 13 250.00002
18 27 3.9758153
18 16 0.67301965
18 23 1.9365983
18 11 8.808309
18 29 1.2627734
18 5 0.91768974
19 31 0.06890783
19 9 0.06308073
19 17 1.8541353
19 4 0.08204931
20 0 2000.0
20 30 9.278268
20 13 0.7378101
20 33 1.7312939
20 11 3.462728
20 29 1.9062154
20 5 5.927747
20 34 1.3607972
20 2 3.0778842
20 14 2.973703
20 37 10.785059
20 7 1.7565174
20 27 0.42725867
20 16 6.320268
20 25 1.4717393
21 32 2000.0
21 24 0.072890185
21 35 0.08720999
21 12 0.14857887
21 15 9.554897
22 6 1055.7954
22 31 2000.0
22 9 0.2738928
22 19 1753.125
23 0 2000.0
23 30 2.134187
23 2 85.390465
23 8 1.8088926
23 37 3.0387719
23 18 1.9365983
23 7 1.8748835
23 16 6.876085
23 11 2000.0
23 29 1.3854983
23 5 4.9943457
24 26 0.08280886
24 32 0.09189412
24 10 0.07014077
24 21 0.072890185
24 31 13.61825
24 12 0.07790494
24 15 2000.0
24 17 0.3299292
25 0 2000.0
25 30 1.690466
25 13 0.6519269
25 33 0.8989117
25 11 2.799928
25 29 4.5349174
25 5 2000.0
25 34 9.629784
25 20 1.4717393
25 2 1.7228783
25 14 3.9749525
25 37 50.648014
25 7 8.660873
25 27 1.5499748
25 16 2.6286235
26 32 21.104546
26 28 0.04509699
26 10 0.045066744
26 24 0.08280886
26 31 0.06568676
26 12 2.8963318
26 17 1.8452566
27 0 2000.0
27 30 0.18930382
27 8 3.015634
27 18 3.9758153
27 13 0.2696121
27 33 1.3075196
27 11 0.9425903
27 29 0.6109936
27 5 4.290871
27 34 2.3953083
27 20 0.42725867
27 2 0.9948634
27 14 5.087577
27 37 1.2824119
27 7 152.38095
27 16 1.3671957
27 25 1.5499748
28 36 0.038153894
28 26 0.04509699
28 10 0.8235451
28 3 0.10033725
28 12 4.220501
28 9 9.20903
29 0 3.8575263
29 30 5.136657
29 8 0.6937974
29 18 1.2627734
29 13 1.2814795
29 11 1.5141494
29 5 9.957098
29 34 4.762631
29 20 1.9062154
29 2 1.8972788
29 37 0.9989033
29 7 2000.0
29 27 0.6109936
29 23 1.3854983
29 25 4.5349174
30 0 2000.0
30 8 0.7769437
30 18 0.92801434
30 13 1.2815679
30 33 1.866609
30 11 1.2079029
30 29 5.136657
30 5 0.9096523
30 34 3.592254
30 20 9.278268
30 2 10.973108
30 14 2000.0
30 37 19.544886
30 7 1.1940913
30 27 0.18930382
30 16 1.1791648
30 23 2.134187
30 25 1.690466
31 26 0.06568676
31 6 1.596655
31 10 0.032870986
31 24 13.61825
31 9 0.027629698
31 17 1.2283725
31 4 0.06410226
31 19 0.06890783
32 26 21.104546
32 24 0.09189412
32 12 0.2261428
32 15 0.07288733
33 34 2000.0
33 30 1.866609
33 20 1.7312939
33 2 6.053684
33 14 0.56843764
33 7 2000.0
33 13 1.1020453
33 27 1.3075196
33 16 2000.0
33 11 2.2018147
33 29 2000.0
33 25 0.8989117
34 30 3.592254
34 20 1.3607972
34 8 10.744095
34 7 18.238686
34 13 35.498425
34 27 2.3953083
34 16 2000.0
34 11 3.0667136
34 25 9.629784
34 29 4.762631
34 5 4.8124847
35 21 0.08720999
36 26 2000.0
36 28 0.038153894
36 3 0.4629656
36 9 0.87042516
37 30 19.544886
37 0 2.108479
37 8 2.6204536
37 18 1.5330442
37 13 6.2546268
37 11 2.6971955
37 29 0.9989033
37 20 10.785059
37 2 1.8003256
37 7 82.8865
37 27 1.2824119
37 16 132.62334
37 23 3.0387719
37 25 50.648014
