0 2 1.1016948
0 37 6.1677804
0 13 0.87783796
0 29 20.178682
0 25 24.3709
1 3 1.1803571
1 12 16.936584
2 30 9.011729
2 0 1.1016948
2 8 1.4448543
2 18 2.0161161
2 13 0.41325852
2 33 1.58908
2 11 1.3633227
2 29 1.1655475
2 20 2.5573864
2 37 0.83040404
2 27 0.7050222
2 16 2000.0
2 23 7.0338154
2 25 0.4169819
3 36 0.7397236
3 28 108.33522
3 24 2000.0
3 12 0.068948865
3 1 1.1803571
3 9 0.8479958
4 31 0.08650336
4 9 0.0839473
4 17 0.1169426
4 19 0.06616623
5 30 0.96803033
5 8 1.6859422
5 18 1.3434758
5 13 26.99834
5 11 3.3846855
5 29 10.503471
5 34 2.3444924
5 20 1.9170401
5 37 8.478434
5 7 6.0863914
5 27 2.4146235
5 16 1.613363
5 23 10.158972
5 25 2000.0
6 31 0.09886364
6 17 3.0633266
7 30 0.8870869
7 20 114.89021
7 8 6.945616
7 37 2000.0
7 16 1.094625
7 23 1.7757862
7 11 311.63068
7 25 3.045272
7 5 6.0863914
8 0 2000.0
8 30 0.66706586
8 18 1.357678
8 13 1.212718
8 11 1.7258521
8 29 1.5972548
8 5 1.6859422
8 34 36.16458
8 2 1.4448543
8 37 1.10577
8 7 6.945616
8 27 1.833227
8 16 1.7415186
8 23 1.3207769
8 25 2000.0
9 36 0.48401067
9 26 2000.0
9 28 0.6876833
9 10 4.0652475
9 22 0.06374633
9 31 0.030402385
9 3 0.8479958
9 12 2000.0
9 4 0.0839473
9 17 0.031047758
9 19 0.070579536
10 26 0.037701376
10 28 0.2656656
10 24 0.07770504
10 31 0.43704045
10 12 55.956955
10 9 4.0652475
10 17 0.030765649
11 0 2000.0
11 30 0.82456625
11 8 1.7258521
11 18 7.0870047
11 13 1.1876596
11 33 2.3328044
11 29 1.0480697
11 5 3.3846855
11 34 2.1822727
11 20 1.4500221
11 2 1.3633227
11 37 1.6108342
11 7 311.63068
11 27 0.7270774
11 16 1.4201713
11 25 0.71931815
12 26 0.39797622
12 32 5.4805794
12 10 55.956955
12 24 0.07717545
12 21 0.20680715
12 3 0.068948865
12 1 16.936584
13 30 46.040073
13 0 0.87783796
13 8 1.212718
13 18 32.850857
13 33 1.0900723
13 11 1.1876596
13 29 0.761028
13 5 26.99834
13 34 2000.0
13 20 0.9407025
13 2 0.41325852
13 14 4.8832793
13 37 1.1926575
13 7 2000.0
13 27 0.29281965
13 16 200.0
13 25 0.22187033
14 30 13.257194
14 20 1.3004344
14 13 4.8832793
14 27 1.8073612
14 33 0.46068737
14 11 2000.0
14 25 2.005156
15 32 0.09222442
15 21 7.8941355
16 30 1.1206428
16 0 2000.0
16 8 1.7415186
16 18 2.5769484
16 13 200.0
16 11 1.4201713
16 5 1.613363
16 34 62.802975
16 20 66.67425
16 7 1.094625
16 27 1.5312126
16 23 5.2095594
16 25 1.3406855
17 6 3.0633266
17 26 1.5991912
17 10 0.030765649
17 24 0.07388068
17 31 1.0153599
17 9 0.031047758
17 4 0.1169426
17 19 2000.0
18 0 2000.0
18 30 0.749403
18 8 1.357678
18 2 2.0161161
18 37 5.6140685
18 13 32.850857
18 27 184.67636
18 16 2.5769484
18 11 7.0870047
18 23 1.3251529
18 29 1.4491179
18 5 1.3434758
19 28 225.00002
19 31 0.09925485
19 9 0.070579536
19 4 0.06616623
20 30 1.5254091
20 8 2000.0
20 13 0.9407025
20 33 1.2147503
20 11 1.4500221
20 29 46.977596
20 5 1.9170401
20 34 0.8940447
20 2 2.5573864
20 14 1.3004344
20 37 4.907818
20 7 114.89021
20 27 1.4281752
20 16 66.67425
20 25 0.5070572
21 32 2000.0
21 24 1.134362
21 35 0.03613251
21 31 2000.0
21 12 0.20680715
21 15 7.8941355
22 31 62.6087
22 9 0.06374633
22 19 2000.0
23 0 2000.0
23 30 1.0948186
23 8 1.3207769
23 2 7.0338154
23 37 1.7178229
23 18 1.3251529
23 7 1.7757862
23 16 5.2095594
23 11 2000.0
23 29 1.7212274
23 5 10.158972
24 26 0.048511088
24 32 0.27842417
24 10 0.07770504
24 21 1.134362
24 12 0.07717545
24 15 2000.0
24 17 0.07388068
25 0 24.3709
25 30 20.078253
25 13 0.22187033
25 33 0.68713224
25 11 0.71931815
25 29 2.9296842
25 34 3.0432932
25 20 0.5070572
25 2 0.4169819
25 14 2.005156
25 37 1619.7727
25 7 3.045272
25 27 0.20072353
25 16 1.3406855
26 32 148.73984
26 28 0.08885397
26 10 0.037701376
26 24 0.048511088
26 31 0.13179412
26 12 0.39797622
26 17 1.5991912
27 30 0.31389427
27 0 2000.0
27 8 1.833227
27 18 184.67636
27 13 0.29281965
27 33 0.78885245
27 11 0.7270774
27 29 1.363673
27 5 2.4146235
27 34 1.1622443
27 20 1.4281752
27 2 0.7050222
27 14 1.8073612
27 37 1.6261283
27 7 2000.0
27 16 1.5312126
27 25 0.20072353
28 36 0.042857457
28 26 0.08885397
28 10 0.2656656
28 3 108.33522
28 12 1204.8296
28 9 0.6876833
28 19 225.00002
29 0 20.178682
29 30 0.7697742
29 8 1.5972548
29 18 1.4491179
29 13 0.761028
29 33 15.903751
29 11 1.0480697
29 5 10.503471
29 34 5.8738084
29 20 46.977596
29 2 1.1655475
29 37 0.94194317
29 7 2000.0
29 27 1.363673
29 16 2000.0
29 23 1.7212274
29 25 2.9296842
30 8 0.66706586
30 18 0.749403
30 13 46.040073
30 33 8.366627
30 11 0.82456625
30 29 0.7697742
30 5 0.96803033
30 34 0.79249406
30 20 1.5254091
30 2 9.011729
30 14 13.257194
30 37 13.90341
30 7 0.8870869
30 27 0.31389427
30 16 1.1206428
30 23 1.0948186
30 25 20.078253
31 26 0.13179412
31 6 0.09886364
31 10 0.43704045
31 35 23.19375
31 22 62.6087
31 9 0.030402385
31 4 0.08650336
31 17 1.0153599
31 19 0.09925485
32 26 148.73984
32 24 0.27842417
32 12 5.4805794
32 15 0.09222442
33 30 8.366627
33 13 1.0900723
33 11 2.3328044
33 29 15.903751
33 5 2000.0
33 34 2000.0
33 20 1.2147503
33 2 1.58908
33 14 0.46068737
33 7 2000.0
33 27 0.78885245
33 16 2738.6362
33 25 0.68713224
34 30 0.79249406
34 20 0.8940447
34 8 36.16458
34 37 2000.0
34 7 2582.216
34 27 1.1622443
34 16 62.802975
34 11 2.1822727
34 29 5.8738084
34 25 3.0432932
34 5 2.3444924
35 21 0.03613251
35 31 23.19375
36 28 0.042857457
36 3 0.7397236
36 9 0.48401067
37 30 13.90341
37 0 6.1677804
37 8 1.10577
37 18 5.6140685
37 13 1.1926575
37 11 1.6108342
37 29 0.94194317
37 5 8.478434
37 20 4.907818
37 2 0.83040404
37 7 2000.0
37 27 1.6261283
37 16 2000.0
37 23 1.7178229
37 25 1619.7727
