0 2 1.871316
0 37 1.3926569
0 13 1.2143247
0 29 19.865057
0 25 18.291445
1 3 0.86673814
1 12 7.807315
2 30 39.39169
2 0 1.871316
2 8 1.0171679
2 18 6.5719295
2 13 0.67295843
2 33 2.3837473
2 11 2.2764156
2 29 1.0459921
2 20 5.0283747
2 37 1.3833861
2 27 0.9813311
2 16 2000.0
2 23 5.209044
2 25 1.1325511
3 36 0.6198005
3 28 10.776027
3 24 400.0
3 12 0.050577346
3 1 0.86673814
3 9 0.46838343
4 31 0.07286008
4 9 0.085428
4 17 0.13025418
4 19 0.070905484
5 30 0.9159011
5 8 0.50850093
5 18 0.6253047
5 13 25.229237
5 11 1.2349433
5 29 2.7638843
5 34 1.7479392
5 20 1.867133
5 37 11.13965
5 7 6.5182886
5 27 1.7395136
5 16 1.2476375
5 23 2.678903
5 25 2000.0
6 31 0.19781756
6 17 4.171842
7 34 112.50001
7 30 0.8086424
7 20 132.66873
7 8 4.6784177
7 16 1.1780725
7 23 1.2703283
7 11 178.52557
7 25 3.6691358
7 29 2000.0
7 5 6.5182886
8 0 2000.0
8 30 0.3742612
8 18 1.1261563
8 13 0.78074855
8 11 0.9293802
8 29 0.40173876
8 5 0.50850093
8 34 23.287338
8 2 1.0171679
8 37 1.0563352
8 7 4.6784177
8 27 0.8500379
8 16 1.5327215
8 23 0.9807016
8 25 2000.0
9 36 0.4060374
9 28 1.2170753
9 10 23.345238
9 22 0.049421098
9 31 0.029692085
9 3 0.46838343
9 4 0.085428
9 17 0.041733872
9 19 0.07849273
10 26 0.03072869
10 28 0.23541057
10 24 0.08224057
10 31 7.764463
10 12 1284.5454
10 9 23.345238
10 17 0.03034944
11 0 2000.0
11 30 0.45471844
11 8 0.9293802
11 18 7.1113267
11 13 0.6280696
11 33 1.3770453
11 29 0.66878855
11 5 1.2349433
11 34 1.9878387
11 20 1.8658646
11 2 2.2764156
11 37 1.7076437
11 7 178.52557
11 27 0.47567865
11 16 1.6614728
11 25 0.82571024
12 26 0.7565726
12 32 2.5647075
12 24 0.06694299
12 21 0.12647936
12 3 0.050577346
12 1 7.807315
13 30 122.14584
13 0 1.2143247
13 8 0.78074855
13 18 186.9905
13 33 1.2622561
13 11 0.6280696
13 29 0.78881145
13 5 25.229237
13 34 900.00006
13 20 1.2996093
13 2 0.67295843
13 14 3.1746438
13 37 1.2388391
13 7 2000.0
13 27 0.41463566
13 16 51.794743
13 25 0.2234424
14 30 5.995199
14 20 2.3173516
14 13 3.1746438
14 27 2.8074856
14 33 0.41925654
14 11 2000.0
14 25 2.2985704
15 32 0.076280825
15 21 16.867386
16 30 1.1461349
16 0 2000.0
16 8 1.5327215
16 18 1.3579981
16 13 51.794743
16 11 1.6614728
16 5 1.2476375
16 34 39.270596
16 20 50.0
16 7 1.1780725
16 27 1.612994
16 23 2.122862
16 25 1.3034048
17 6 4.171842
17 26 1.8293414
17 10 0.03034944
17 24 0.12465564
17 31 0.987792
17 9 0.041733872
17 4 0.13025418
17 19 83.900566
18 0 2000.0
18 30 0.7596363
18 8 1.1261563
18 13 186.9905
18 11 7.1113267
18 29 0.9228388
18 5 0.6253047
18 2 6.5719295
18 37 2.414718
18 7 2000.0
18 27 15.497766
18 16 1.3579981
18 23 1.1153028
19 31 0.10222174
19 9 0.07849273
19 4 0.070905484
19 17 83.900566
20 0 2000.0
20 30 1.2879882
20 13 1.2996093
20 33 1.2183242
20 11 1.8658646
20 29 5.5247574
20 5 1.867133
20 34 0.983348
20 2 5.0283747
20 14 2.3173516
20 37 2.288434
20 7 132.66873
20 27 1.0853649
20 16 50.0
20 25 0.5037354
21 26 2000.0
21 32 2000.0
21 10 2000.0
21 24 0.9382484
21 35 0.030002482
21 31 2000.0
21 12 0.12647936
21 15 16.867386
22 31 1543.6932
22 9 0.049421098
22 19 2000.0
23 0 2000.0
23 30 1.0855349
23 8 0.9807016
23 2 5.209044
23 37 1.3620884
23 18 1.1153028
23 7 1.2703283
23 16 2.122862
23 11 2000.0
23 29 1.1568629
23 5 2.678903
24 26 0.045640837
24 32 0.35720664
24 10 0.08224057
24 21 0.9382484
24 3 400.0
24 12 0.06694299
24 15 2000.0
24 17 0.12465564
25 30 28.891382
25 0 18.291445
25 13 0.2234424
25 33 0.6951079
25 11 0.82571024
25 29 1.3494318
25 34 1.9220111
25 20 0.5037354
25 2 1.1325511
25 14 2.2985704
25 37 16.66504
25 7 3.6691358
25 27 0.23261924
25 16 1.3034048
26 32 48.55564
26 28 0.21238247
26 10 0.03072869
26 24 0.045640837
26 31 0.20690584
26 12 0.7565726
26 17 1.8293414
27 30 0.30261573
27 0 2000.0
27 8 0.8500379
27 18 15.497766
27 13 0.41463566
27 33 0.7046165
27 11 0.47567865
27 29 1.0213166
27 5 1.7395136
27 34 1.1615404
27 20 1.0853649
27 2 0.9813311
27 14 2.8074856
27 37 0.8019988
27 7 3010.4546
27 16 1.612994
27 25 0.23261924
28 36 0.034640767
28 26 0.21238247
28 10 0.23541057
28 3 10.776027
28 12 1686.1932
28 9 1.2170753
28 19 1360.7386
29 0 19.865057
29 30 1.0301715
29 8 0.40173876
29 18 0.9228388
29 13 0.78881145
29 33 22.193888
29 11 0.66878855
29 5 2.7638843
29 34 3.6998782
29 20 5.5247574
29 2 1.0459921
29 37 0.74126875
29 7 2000.0
29 27 1.0213166
29 16 2000.0
29 23 1.1568629
29 25 1.3494318
30 8 0.3742612
30 18 0.7596363
30 13 122.14584
30 33 11.136819
30 11 0.45471844
30 29 1.0301715
30 5 0.9159011
30 34 1.1513836
30 20 1.2879882
30 2 39.39169
30 14 5.995199
30 37 22.151688
30 7 0.8086424
30 27 0.30261573
30 16 1.1461349
30 23 1.0855349
30 25 28.891382
31 26 0.20690584
31 6 0.19781756
31 10 7.764463
31 35 46.383064
31 21 2000.0
31 22 1543.6932
31 9 0.029692085
31 4 0.07286008
31 17 0.987792
31 19 0.10222174
32 26 48.55564
32 24 0.35720664
32 12 2.5647075
32 15 0.076280825
33 30 11.136819
33 8 2000.0
33 13 1.2622561
33 11 1.3770453
33 29 22.193888
33 5 2000.0
33 34 2000.0
33 20 1.2183242
33 2 2.3837473
33 14 0.41925654
33 7 2000.0
33 27 0.7046165
33 16 3017.898
33 25 0.6951079
34 30 1.1513836
34 20 0.983348
34 8 23.287338
34 37 2000.0
34 7 112.50001
34 13 900.00006
34 27 1.1615404
34 16 39.270596
34 11 1.9878387
34 29 3.6998782
34 25 1.9220111
34 5 1.7479392
35 21 0.030002482
35 31 46.383064
36 28 0.034640767
36 3 0.6198005
36 9 0.4060374
37 30 22.151688
37 0 1.3926569
37 8 1.0563352
37 18 2.414718
37 13 1.2388391
37 11 1.7076437
37 29 0.74126875
37 5 11.13965
37 20 2.288434
37 2 1.3833861
37 7 1198.1819
37 27 0.8019988
37 16 2000.0
37 23 1.3620884
37 25 16.66504
