0 8 40.55079
0 2 1.2967014
0 37 1.7852614
0 13 1.036514
0 11 23.259508
0 29 12.223637
0 25 2000.0
1 3 0.45520532
1 12 77.92841
2 30 22.429688
2 0 1.2967014
2 8 1.9891655
2 18 10.448615
2 13 0.5853358
2 33 3.8149552
2 11 1.5146732
2 29 0.87077326
2 20 6.576547
2 37 1.5988426
2 27 0.9806676
2 16 2000.0
2 23 30.207684
2 25 1.9037844
3 36 0.16643357
3 28 0.092685945
3 24 153.40341
3 12 0.061290324
3 1 0.45520532
3 9 0.19331439
4 31 0.09125734
4 9 0.0892591
4 17 0.076281324
4 19 0.0907228
5 30 1.4586933
5 8 1.5643106
5 18 0.74922436
5 13 2000.0
5 11 7.589585
5 29 3.3725963
5 34 5.090758
5 20 1.8436712
5 37 2000.0
5 7 5.441989
5 27 2.0422103
5 16 3.5317914
5 23 6.173415
6 31 1.07927
6 17 1.3062384
7 34 11.867008
7 30 0.59066635
7 20 1.5840408
7 8 74.865486
7 37 15.688892
7 27 75.119316
7 16 1.1868579
7 11 8.324868
7 23 1.0691687
7 25 14.660654
7 5 5.441989
8 0 40.55079
8 30 0.8569487
8 18 1.0178745
8 13 2.3969696
8 11 1.3078798
8 29 0.634715
8 5 1.5643106
8 34 2.6958997
8 2 1.9891655
8 37 1.7358509
8 7 74.865486
8 27 1.3644142
8 16 1.4296117
8 23 1.109859
9 36 1.3310125
9 26 2000.0
9 28 1.2032542
9 10 2.3326719
9 22 0.51345176
9 31 0.035306934
9 3 0.19331439
9 12 2000.0
9 17 0.045081966
9 4 0.0892591
9 19 0.069457896
10 26 0.0338926
10 28 0.16812606
10 24 0.059715617
10 31 0.030994318
10 12 6.9591036
10 9 2.3326719
10 17 0.030312883
11 0 23.259508
11 30 0.44173664
11 8 1.3078798
11 18 6.8363123
11 13 0.49456725
11 33 3.5251956
11 29 1.145355
11 5 7.589585
11 34 6.1145487
11 20 1.4343305
11 2 1.5146732
11 37 1.6882976
11 7 8.324868
11 27 0.71288186
11 16 0.9312115
11 25 1.0739698
12 26 1.6067942
12 28 3.4718988
12 32 0.27441373
12 10 6.9591036
12 24 0.075095996
12 21 0.07649742
12 3 0.061290324
12 1 77.92841
13 30 2.9707212
13 0 1.036514
13 8 2.3969696
13 18 533.3334
13 33 0.90736836
13 11 0.49456725
13 29 0.502779
13 34 4.929404
13 20 0.6719663
13 2 0.5853358
13 14 3.059107
13 37 3.0748286
13 27 0.16843298
13 16 102.990105
13 25 0.64575624
14 20 0.87490034
14 13 3.059107
14 33 0.68208027
14 27 2.1748328
14 11 2000.0
14 25 2.0318468
15 32 0.07710777
15 21 1.5428864
16 0 2000.0
16 30 1.1213152
16 8 1.4296117
16 18 0.59300846
16 13 102.990105
16 11 0.9312115
16 29 35.44731
16 5 3.5317914
16 20 12.283087
16 37 95.51137
16 7 1.1868579
16 27 1.2846366
16 23 8.403344
16 25 0.7897991
17 26 1.6409966
17 6 1.3062384
17 10 0.030312883
17 24 0.20308973
17 31 1.1870234
17 9 0.045081966
17 4 0.076281324
17 19 2.9213395
18 30 0.882839
18 2 10.448615
18 8 1.0178745
18 37 1.4949749
18 13 533.3334
18 7 2000.0
18 27 2.9259326
18 16 0.59300846
18 23 1.6089904
18 11 6.8363123
18 29 1.2503489
18 5 0.74922436
19 31 0.06981186
19 9 0.069457896
19 17 2.9213395
19 4 0.0907228
20 30 12.474185
20 13 0.6719663
20 33 1.3663707
20 11 1.4343305
20 29 1.1188346
20 5 1.8436712
20 34 0.78892183
20 2 6.576547
20 14 0.87490034
20 37 1.2724663
20 7 1.5840408
20 27 0.37247065
20 16 12.283087
20 25 0.67103595
21 32 2000.0
21 24 0.10506707
21 35 0.04425211
21 12 0.07649742
21 15 1.5428864
22 6 1134.1477
22 31 1199.8864
22 9 0.51345176
22 19 1329.8296
23 0 2000.0
23 30 1.5176656
23 2 30.207684
23 8 1.109859
23 37 2.723768
23 18 1.6089904
23 7 1.0691687
23 16 8.403344
23 11 2000.0
23 29 2.5533495
23 5 6.173415
24 26 0.06370472
24 32 0.12311185
24 10 0.059715617
24 21 0.10506707
24 31 26.666666
24 12 0.075095996
24 3 153.40341
24 15 2000.0
24 17 0.20308973
25 0 2000.0
25 30 7.356241
25 13 0.64575624
25 33 1.1646283
25 11 1.0739698
25 29 4.6397386
25 34 3.0524797
25 20 0.67103595
25 2 1.9037844
25 14 2.0318468
25 37 11.233607
25 7 14.660654
25 27 0.7331124
25 16 0.7897991
26 32 21.445688
26 28 0.037042756
26 10 0.0338926
26 24 0.06370472
26 31 0.0664185
26 12 1.6067942
26 17 1.6409966
27 0 2000.0
27 30 0.19978373
27 8 1.3644142
27 18 2.9259326
27 13 0.16843298
27 33 0.77822775
27 11 0.71288186
27 29 0.644253
27 5 2.0422103
27 34 1.3165396
27 20 0.37247065
27 2 0.9806676
27 14 2.1748328
27 37 1.2854819
27 7 75.119316
27 16 1.2846366
27 25 0.7331124
28 36 0.031800468
28 26 0.037042756
28 10 0.16812606
28 3 0.092685945
28 12 3.4718988
28 9 1.2032542
29 0 12.223637
29 30 3.4887054
29 8 0.634715
29 18 1.2503489
29 13 0.502779
29 11 1.145355
29 5 3.3725963
29 34 4.3025117
29 20 1.1188346
29 2 0.87077326
29 37 0.9094768
29 7 2000.0
29 27 0.644253
29 16 35.44731
29 23 2.5533495
29 25 4.6397386
30 0 2000.0
30 8 0.8569487
30 18 0.882839
30 13 2.9707212
30 33 6.591747
30 11 0.44173664
30 29 3.4887054
30 5 1.4586933
30 34 3.274554
30 20 12.474185
30 2 22.429688
30 14 2000.0
30 37 8.01598
30 7 0.59066635
30 27 0.19978373
30 16 1.1213152
30 23 1.5176656
30 25 7.356241
31 26 0.0664185
31 6 1.07927
31 10 0.030994318
31 24 26.666666
31 9 0.035306934
31 17 1.1870234
31 4 0.09125734
31 19 0.06981186
32 26 21.445688
32 24 0.12311185
32 12 0.27441373
32 15 0.07710777
33 30 6.591747
33 8 2000.0
33 13 0.90736836
33 11 3.5251956
33 29 3275.3408
33 34 2000.0
33 20 1.3663707
33 2 3.8149552
33 14 0.68208027
33 7 2000.0
33 27 0.77822775
33 16 1998.8635
33 25 1.1646283
34 30 3.274554
34 20 0.78892183
34 8 2.6958997
34 7 11.867008
34 13 4.929404
34 27 1.3165396
34 16 3216.9885
34 11 6.1145487
34 25 3.0524797
34 29 4.3025117
34 5 5.090758
35 21 0.04425211
36 26 1167.5568
36 28 0.031800468
36 3 0.16643357
36 9 1.3310125
37 30 8.01598
37 0 1.7852614
37 8 1.7358509
37 18 1.4949749
37 13 3.0748286
37 11 1.6882976
37 29 0.9094768
37 20 1.2724663
37 2 1.5988426
37 7 15.688892
37 27 1.2854819
37 16 95.51137
37 23 2.723768
37 25 11.233607
