0 2 1.0216677
0 37 2.0913882
0 13 1.2095209
0 29 65.78925
0 25 70.588234
1 3 1.411442
1 12 35.421574
2 30 27.758074
2 0 1.0216677
2 8 1.8619007
2 18 3.3908553
2 13 0.6781022
2 33 1.971189
2 11 2.347056
2 29 1.0780209
2 5 2000.0
2 20 3.72407
2 37 0.9163996
2 27 1.5730041
2 16 2000.0
2 23 4.5474253
2 25 1.1308498
3 36 0.19196352
3 28 66.80389
3 24 2000.0
3 12 0.051605098
3 1 1.411442
3 9 0.5971591
4 31 0.07826847
4 9 0.08283147
4 17 0.09642858
4 19 0.08015241
5 30 0.62757146
5 8 0.6525718
5 18 0.71620256
5 13 23.77882
5 11 0.55490035
5 29 2.2572558
5 34 2.135233
5 20 3.3511815
5 37 16.555567
5 7 28.988008
5 27 2.1680903
5 16 1.3933805
5 23 2.351537
5 25 2000.0
6 31 0.34792605
6 17 1.3702612
7 34 892.841
7 30 0.8975729
7 20 65.01015
7 8 12.5428705
7 16 1.1865028
7 23 1.231962
7 25 2.3215044
7 5 28.988008
8 0 2000.0
8 30 0.24454494
8 18 1.3916383
8 13 0.4609196
8 11 1.049569
8 29 0.33206803
8 5 0.6525718
8 34 2000.0
8 2 1.8619007
8 37 1.3166145
8 7 12.5428705
8 27 0.58764213
8 16 1.54298
8 23 0.7632036
8 25 2000.0
9 36 0.41753843
9 28 0.7936972
9 10 2.638156
9 22 0.056293182
9 31 0.03686722
9 3 0.5971591
9 12 2000.0
9 4 0.08283147
9 17 0.03950551
9 19 0.07063784
10 26 0.03023381
10 28 0.66678333
10 24 0.08650102
10 31 2.0556374
10 12 1184.9432
10 9 2.638156
10 17 0.029538846
11 0 2000.0
11 30 0.75925416
11 8 1.049569
11 18 59.902596
11 13 0.70597064
11 33 1.8440857
11 29 1.7799335
11 5 0.55490035
11 34 3.031874
11 20 2.0680015
11 2 2.347056
11 37 1.4905694
11 7 2419.602
11 27 0.64339155
11 16 1.4371605
11 25 0.90644234
12 26 0.9294313
12 32 2.907794
12 24 0.09863157
12 21 0.15370297
12 3 0.051605098
12 1 35.421574
13 30 49.32017
13 0 1.2095209
13 8 0.4609196
13 18 189.24773
13 33 1.2043418
13 11 0.70597064
13 29 1.2107699
13 5 23.77882
13 34 189.32729
13 20 1.0126944
13 2 0.6781022
13 14 16.385233
13 37 1.4747933
13 7 2000.0
13 27 0.87037927
13 16 14.641477
13 25 0.27754706
14 30 6.918735
14 20 10.972554
14 13 16.385233
14 27 8.7028055
14 33 0.6225266
14 11 2000.0
14 25 6.042321
15 32 0.06915533
15 24 116.66667
15 21 24.839018
16 0 2000.0
16 30 1.1217511
16 8 1.54298
16 18 0.9636726
16 13 14.641477
16 11 1.4371605
16 29 264.06564
16 5 1.3933805
16 34 17.972075
16 20 25.966156
16 7 1.1865028
16 27 1.4262861
16 23 3.0241728
16 25 1.2762991
17 6 1.3702612
17 26 1.7301098
17 10 0.029538846
17 24 0.08140237
17 22 2000.0
17 31 0.97340286
17 9 0.03950551
17 4 0.09642858
17 19 0.7668617
18 0 2000.0
18 30 0.7390478
18 8 1.3916383
18 13 189.24773
18 11 59.902596
18 29 1.0217028
18 5 0.71620256
18 2 3.3908553
18 37 2.7968574
18 7 2000.0
18 27 7.3226056
18 16 0.9636726
18 23 1.3588482
19 31 0.05146316
19 9 0.07063784
19 17 0.7668617
19 4 0.08015241
20 30 1.4679738
20 13 1.0126944
20 33 1.5249139
20 11 2.0680015
20 29 53.46091
20 5 3.3511815
20 34 2.4940348
20 2 3.72407
20 14 10.972554
20 37 4.746845
20 7 65.01015
20 27 2.0527718
20 16 25.966156
20 25 1.3500102
21 26 2000.0
21 32 600.0
21 24 0.42216522
21 35 0.047573958
21 12 0.15370297
21 15 24.839018
22 6 2000.0
22 31 2000.0
22 9 0.056293182
22 19 2000.0
23 0 2000.0
23 30 1.1451854
23 8 0.7632036
23 2 4.5474253
23 37 2.0470448
23 18 1.3588482
23 7 1.231962
23 16 3.0241728
23 11 2000.0
23 29 1.4418532
23 5 2.351537
24 26 0.042644184
24 32 0.21713161
24 10 0.08650102
24 21 0.42216522
24 12 0.09863157
24 15 116.66667
24 17 0.08140237
25 0 70.588234
25 30 26.667986
25 13 0.27754706
25 33 1.3461101
25 11 0.90644234
25 29 1.6758434
25 34 1.3224124
25 20 1.3500102
25 2 1.1308498
25 14 6.042321
25 37 62.7689
25 7 2.3215044
25 27 0.21377149
25 16 1.2762991
26 32 15.00012
26 28 0.048073724
26 10 0.03023381
26 24 0.042644184
26 31 0.2680928
26 12 0.9294313
26 17 1.7301098
27 30 0.40735748
27 0 2000.0
27 8 0.58764213
27 18 7.3226056
27 13 0.87037927
27 33 0.62579006
27 11 0.64339155
27 29 2.3590422
27 5 2.1680903
27 34 1.255677
27 20 2.0527718
27 2 1.5730041
27 14 8.7028055
27 37 1.2342509
27 7 2000.0
27 16 1.4262861
27 25 0.21377149
28 36 0.029876502
28 26 0.048073724
28 10 0.66678333
28 12 1376.875
28 9 0.7936972
28 19 1232.0454
29 0 65.78925
29 30 1.435697
29 8 0.33206803
29 18 1.0217028
29 13 1.2107699
29 33 14.090303
29 11 1.7799335
29 5 2.2572558
29 34 2.807261
29 20 53.46091
29 2 1.0780209
29 37 0.78769904
29 7 2000.0
29 27 2.3590422
29 16 264.06564
29 23 1.4418532
29 25 1.6758434
30 8 0.24454494
30 18 0.7390478
30 13 49.32017
30 33 6.9444957
30 11 0.75925416
30 29 1.435697
30 5 0.62757146
30 34 0.93829125
30 20 1.4679738
30 2 27.758074
30 14 6.918735
30 37 53.89996
30 7 0.8975729
30 27 0.40735748
30 16 1.1217511
30 23 1.1451854
30 25 26.667986
31 26 0.2680928
31 6 0.34792605
31 10 2.0556374
31 9 0.03686722
31 4 0.07826847
31 17 0.97340286
31 19 0.05146316
32 26 15.00012
32 24 0.21713161
32 21 600.0
32 12 2.907794
32 15 0.06915533
33 34 2000.0
33 30 6.9444957
33 20 1.5249139
33 2 1.971189
33 14 0.6225266
33 13 1.2043418
33 7 2000.0
33 27 0.62579006
33 16 1608.466
33 11 1.8440857
33 29 14.090303
33 25 1.3461101
34 30 0.93829125
34 20 2.4940348
34 37 2000.0
34 13 189.32729
34 7 892.841
34 27 1.255677
34 16 17.972075
34 11 3.031874
34 29 2.807261
34 25 1.3224124
34 5 2.135233
35 21 0.047573958
35 31 1086.4204
36 28 0.029876502
36 3 0.19196352
36 9 0.41753843
37 30 53.89996
37 0 2.0913882
37 8 1.3166145
37 18 2.7968574
37 13 1.4747933
37 11 1.4905694
37 29 0.78769904
37 5 16.555567
37 20 4.746845
37 2 0.9163996
37 7 2395.4546
37 27 1.2342509
37 16 2000.0
37 23 2.0470448
37 25 62.7689
