0 2 1.311516
0 37 4.183703
0 13 1.0489997
0 29 60.69365
0 25 12.693266
1 3 0.7280058
1 12 1226.4204
2 30 24.224674
2 0 1.311516
2 8 1.5350775
2 18 2.7729456
2 13 0.8245222
2 33 2.6207752
2 11 1.5880052
2 29 0.9846232
2 20 4.7998223
2 37 0.98181415
2 27 3.0980732
2 16 2000.0
2 23 11.948863
2 25 0.63325006
3 36 0.2992202
3 28 6.8293486
3 24 400.0
3 12 0.07541239
3 1 0.7280058
3 9 0.37465635
4 31 0.06645199
4 9 0.12301292
4 17 0.13829051
4 19 0.066567324
5 30 0.6638874
5 8 0.65586805
5 18 0.5732308
5 13 22.634275
5 11 7.3415904
5 29 3.102059
5 34 2.8334727
5 20 1.1010778
5 37 7.975995
5 7 5.8498836
5 27 1.520202
5 16 1.4902191
5 23 2.3256385
6 31 0.19448586
6 17 3.8496506
7 34 2000.0
7 30 0.83144957
7 20 256.59042
7 8 6.1273184
7 16 1.223066
7 23 1.5309601
7 11 88.74952
7 25 2.0089602
7 5 5.8498836
8 0 2000.0
8 30 0.35488456
8 18 1.3161132
8 13 4.2851233
8 11 0.9789833
8 29 0.31626797
8 5 0.65586805
8 34 69.743256
8 2 1.5350775
8 37 0.8945029
8 7 6.1273184
8 27 0.98115295
8 16 1.7114325
8 23 1.0278068
8 25 2000.0
9 36 0.68102044
9 26 2000.0
9 28 1.2289376
9 10 26.1505
9 22 0.06740702
9 31 0.030116746
9 3 0.37465635
9 4 0.12301292
9 17 0.03447236
9 19 0.06857578
10 26 0.031538747
10 28 0.42263258
10 24 0.15785854
10 31 29.496674
10 12 1355.284
10 9 26.1505
10 17 0.02958207
11 0 2000.0
11 30 1.0929829
11 8 0.9789833
11 18 11.1265955
11 13 0.692502
11 33 2.265468
11 29 1.2929741
11 5 7.3415904
11 34 3.2435346
11 20 1.1287506
11 2 1.5880052
11 37 2.3155134
11 7 88.74952
11 27 0.6698405
11 16 0.9812474
11 25 0.9915005
12 26 0.8021017
12 32 1.4694165
12 24 0.07606459
12 21 0.18097553
12 3 0.07541239
13 30 63.4394
13 0 1.0489997
13 8 4.2851233
13 18 370.2235
13 33 1.3308734
13 11 0.692502
13 29 0.8204781
13 5 22.634275
13 34 173.0745
13 20 1.3630735
13 2 0.8245222
13 14 4.349661
13 37 1.718655
13 7 2000.0
13 27 0.39347813
13 16 51.714066
13 25 0.4214698
14 30 6.3293185
14 20 2.9578853
14 13 4.349661
14 27 2.7373967
14 33 0.36734936
14 11 2000.0
14 25 2.4137266
15 32 0.07206439
15 24 70.00001
15 21 8.431997
16 34 54.298874
16 30 1.1055778
16 20 27.879314
16 8 1.7114325
16 18 1.1100303
16 13 51.714066
16 7 1.223066
16 27 1.2826235
16 11 0.9812474
16 23 3.0141945
16 25 1.1468472
16 5 1.4902191
17 6 3.8496506
17 26 1.5294282
17 10 0.02958207
17 24 0.17474836
17 31 0.9602548
17 9 0.03447236
17 4 0.13829051
17 19 59.25926
18 0 2000.0
18 30 0.72608984
18 8 1.3161132
18 13 370.2235
18 11 11.1265955
18 29 1.1093196
18 5 0.5732308
18 2 2.7729456
18 37 2.0735295
18 7 2000.0
18 27 19.264204
18 16 1.1100303
18 23 1.5410886
19 31 0.066808335
19 9 0.06857578
19 4 0.066567324
19 17 59.25926
20 0 2000.0
20 30 2.0477772
20 13 1.3630735
20 33 1.0291814
20 11 1.1287506
20 29 6.331058
20 5 1.1010778
20 34 2.2103796
20 2 4.7998223
20 14 2.9578853
20 37 3.3933012
20 7 256.59042
20 27 1.7548871
20 16 27.879314
20 25 0.8121669
21 32 2000.0
21 24 1.1412183
21 35 0.031397562
21 12 0.18097553
21 15 8.431997
22 31 2000.0
22 9 0.06740702
22 19 2000.0
23 0 2000.0
23 30 1.2558239
23 8 1.0278068
23 2 11.948863
23 37 1.0161743
23 18 1.5410886
23 7 1.5309601
23 16 3.0141945
23 11 2000.0
23 29 1.1200981
23 5 2.3256385
24 26 0.03997988
24 32 0.37478375
24 10 0.15785854
24 21 1.1412183
24 12 0.07606459
24 3 400.0
24 15 70.00001
24 17 0.17474836
25 30 15.842945
25 0 12.693266
25 13 0.4214698
25 33 1.4710599
25 11 0.9915005
25 29 1.3504872
25 34 4.0360417
25 20 0.8121669
25 2 0.63325006
25 14 2.4137266
25 37 60.226463
25 7 2.0089602
25 27 0.25077403
25 16 1.1468472
26 32 71.114204
26 28 0.053624075
26 10 0.031538747
26 24 0.03997988
26 31 0.14038672
26 12 0.8021017
26 17 1.5294282
27 30 0.20235735
27 0 2000.0
27 8 0.98115295
27 18 19.264204
27 13 0.39347813
27 33 1.0285658
27 11 0.6698405
27 29 0.49284425
27 5 1.520202
27 34 1.0840684
27 20 1.7548871
27 2 3.0980732
27 14 2.7373967
27 37 0.96640074
27 7 3469.9434
27 16 1.2826235
27 25 0.25077403
28 36 0.06416509
28 26 0.053624075
28 10 0.42263258
28 3 6.8293486
28 12 1470.5682
28 9 1.2289376
28 19 1469.8865
29 0 60.69365
29 30 0.6757171
29 8 0.31626797
29 18 1.1093196
29 13 0.8204781
29 33 22.2034
29 11 1.2929741
29 5 3.102059
29 34 4.3046975
29 20 6.331058
29 2 0.9846232
29 37 0.7471537
29 7 2000.0
29 27 0.49284425
29 16 2000.0
29 23 1.1200981
29 25 1.3504872
30 8 0.35488456
30 18 0.72608984
30 13 63.4394
30 33 7.805095
30 11 1.0929829
30 29 0.6757171
30 5 0.6638874
30 34 0.89623994
30 20 2.0477772
30 2 24.224674
30 14 6.3293185
30 37 8.171574
30 7 0.83144957
30 27 0.20235735
30 16 1.1055778
30 23 1.2558239
30 25 15.842945
31 26 0.14038672
31 6 0.19448586
31 10 29.496674
31 35 124.82882
31 22 2000.0
31 9 0.030116746
31 4 0.06645199
31 17 0.9602548
31 19 0.066808335
32 26 71.114204
32 10 2000.0
32 24 0.37478375
32 12 1.4694165
32 15 0.07206439
33 30 7.805095
33 13 1.3308734
33 11 2.265468
33 29 22.2034
33 5 2000.0
33 34 2000.0
33 20 1.0291814
33 2 2.6207752
33 14 0.36734936
33 7 2000.0
33 27 1.0285658
33 16 1971.0227
33 25 1.4710599
34 30 0.89623994
34 20 2.2103796
34 8 69.743256
34 37 2000.0
34 7 2000.0
34 13 173.0745
34 27 1.0840684
34 16 54.298874
34 11 3.2435346
34 29 4.3046975
34 25 4.0360417
34 5 2.8334727
35 21 0.031397562
35 31 124.82882
36 26 2000.0
36 28 0.06416509
36 3 0.2992202
36 12 2000.0
36 9 0.68102044
37 30 8.171574
37 0 4.183703
37 8 0.8945029
37 18 2.0735295
37 13 1.718655
37 11 2.3155134
37 29 0.7471537
37 5 7.975995
37 20 3.3933012
37 2 0.98181415
37 7 3036.8184
37 27 0.96640074
37 16 2000.0
37 23 1.0161743
37 25 60.226463
