0 2 0.84133494
0 37 2.5278554
0 13 1.3545563
0 29 24.105143
0 25 16.425423
1 3 0.3879482
1 12 23.196663
2 30 12.30971
2 0 0.84133494
2 8 1.603428
2 18 3.4962602
2 13 0.268537
2 33 1.911851
2 11 0.950118
2 29 0.9359258
2 20 3.0066967
2 37 0.9067576
2 27 0.4450425
2 23 13.7051525
2 25 0.39151224
3 36 0.2646933
3 28 9.067728
3 24 123.28978
3 12 0.07150712
3 1 0.3879482
3 9 0.7905631
4 31 0.06638149
4 9 0.10457806
4 17 0.104108304
4 19 0.0643424
5 30 0.9011917
5 8 0.374333
5 18 0.88970226
5 13 14.146857
5 11 3.0121658
5 29 2.399979
5 34 3.9077
5 20 1.724257
5 37 13.747179
5 7 8.146801
5 27 2.978788
5 16 1.514661
5 23 2.1106136
5 25 2000.0
6 31 0.19067498
6 17 3.322462
7 30 2.1350498
7 20 94.117645
7 8 5.0820327
7 37 94.275635
7 16 1.3667216
7 23 1.3804622
7 25 2.699171
7 29 800.0
7 5 8.146801
8 0 2000.0
8 30 0.35194904
8 18 1.2772604
8 13 0.8263132
8 11 0.93110794
8 29 0.668342
8 5 0.374333
8 34 24.231487
8 2 1.603428
8 37 1.1819948
8 7 5.0820327
8 27 1.0878654
8 16 1.3770685
8 23 0.8831335
8 25 2000.0
9 36 0.7713271
9 26 2000.0
9 28 1.519469
9 10 16.391697
9 22 0.05430023
9 31 0.029792888
9 3 0.7905631
9 4 0.10457806
9 17 0.039190356
9 19 0.06738453
10 26 0.030296922
10 28 0.2134233
10 24 0.096280746
10 31 11.7862215
10 12 92.78095
10 9 16.391697
10 17 0.029097885
11 0 2000.0
11 30 0.87368804
11 8 0.93110794
11 18 4.524344
11 13 0.7797711
11 33 1.542458
11 29 1.4485029
11 5 3.0121658
11 34 2.917707
11 20 0.96351683
11 2 0.950118
11 37 1.9833698
11 7 4498.352
11 27 0.85072225
11 16 1.0984374
11 25 0.6968975
12 26 0.47440022
12 32 10.066521
12 10 92.78095
12 24 0.065014906
12 21 0.12571351
12 3 0.07150712
12 1 23.196663
13 30 40.03438
13 0 1.3545563
13 8 0.8263132
13 18 67.99401
13 33 0.88624185
13 11 0.7797711
13 29 0.7692979
13 5 14.146857
13 34 424.69888
13 20 0.98242694
13 2 0.268537
13 14 4.3357134
13 37 0.9999176
13 7 2000.0
13 27 0.7120614
13 16 23.95194
13 25 0.23133394
14 30 13.1931095
14 20 1.8279307
14 13 4.3357134
14 27 2.4280388
14 33 0.8220228
14 25 2.2033882
15 32 0.08675065
15 21 12.405786
16 30 1.0308443
16 0 2000.0
16 8 1.3770685
16 18 1.1678497
16 13 23.95194
16 11 1.0984374
16 5 1.514661
16 34 78.66788
16 20 27.661028
16 7 1.3667216
16 27 1.422678
16 23 2.9251444
16 25 0.89934003
17 6 3.322462
17 26 1.4312885
17 10 0.029097885
17 24 0.21525843
17 31 0.97332716
17 9 0.039190356
17 4 0.104108304
17 19 69.84306
18 0 2000.0
18 30 0.7631999
18 8 1.2772604
18 13 67.99401
18 11 4.524344
18 29 1.0816898
18 5 0.88970226
18 2 3.4962602
18 37 2.3983507
18 7 2000.0
18 27 19.863052
18 16 1.1678497
18 23 1.3458364
19 28 79.619316
19 31 0.07933539
19 9 0.06738453
19 17 69.84306
19 4 0.0643424
20 30 3.8181436
20 13 0.98242694
20 33 0.98330575
20 11 0.96351683
20 29 6.7942333
20 5 1.724257
20 34 0.9345607
20 2 3.0066967
20 14 1.8279307
20 37 3.3698523
20 7 94.117645
20 27 1.1368922
20 16 27.661028
20 25 0.37265736
21 26 2000.0
21 32 2000.0
21 24 1.7155845
21 35 0.03647685
21 31 2000.0
21 12 0.12571351
21 15 12.405786
22 31 171.42857
22 9 0.05430023
22 19 2000.0
23 0 2000.0
23 30 1.1121463
23 8 0.8831335
23 2 13.7051525
23 37 2.0335317
23 18 1.3458364
23 7 1.3804622
23 16 2.9251444
23 11 2000.0
23 29 1.5087259
23 5 2.1106136
24 26 0.040768627
24 32 0.1769955
24 10 0.096280746
24 21 1.7155845
24 12 0.065014906
24 3 123.28978
24 15 2000.0
24 17 0.21525843
25 0 16.425423
25 30 20.797201
25 13 0.23133394
25 33 0.80742586
25 11 0.6968975
25 29 1.7603451
25 34 2.82015
25 20 0.37265736
25 2 0.39151224
25 14 2.2033882
25 37 17.467813
25 7 2.699171
25 27 0.22512704
25 16 0.89934003
26 32 28.215616
26 28 0.064975895
26 10 0.030296922
26 24 0.040768627
26 31 0.11058372
26 12 0.47440022
26 17 1.4312885
27 30 2.3136683
27 0 2000.0
27 8 1.0878654
27 18 19.863052
27 13 0.7120614
27 33 0.80185324
27 11 0.85072225
27 29 0.8133401
27 5 2.978788
27 34 1.0452808
27 20 1.1368922
27 2 0.4450425
27 14 2.4280388
27 37 1.5685934
27 7 2000.0
27 16 1.422678
27 25 0.22512704
28 36 0.03312641
28 26 0.064975895
28 10 0.2134233
28 3 9.067728
28 12 1686.1932
28 9 1.519469
28 19 79.619316
29 0 24.105143
29 30 1.1968603
29 8 0.668342
29 18 1.0816898
29 13 0.7692979
29 33 13.946201
29 11 1.4485029
29 5 2.399979
29 34 4.9164934
29 20 6.7942333
29 2 0.9359258
29 37 0.75310546
29 7 800.0
29 27 0.8133401
29 16 1828.75
29 23 1.5087259
29 25 1.7603451
30 8 0.35194904
30 18 0.7631999
30 13 40.03438
30 33 10.366224
30 11 0.87368804
30 29 1.1968603
30 5 0.9011917
30 34 1.4723806
30 20 3.8181436
30 2 12.30971
30 14 13.1931095
30 37 13.840437
30 7 2.1350498
30 27 2.3136683
30 16 1.0308443
30 23 1.1121463
30 25 20.797201
31 26 0.11058372
31 6 0.19067498
31 10 11.7862215
31 35 1234.4033
31 22 171.42857
31 9 0.029792888
31 4 0.06638149
31 17 0.97332716
31 19 0.07933539
32 26 28.215616
32 24 0.1769955
32 12 10.066521
32 15 0.08675065
33 30 10.366224
33 8 2000.0
33 13 0.88624185
33 11 1.542458
33 29 13.946201
33 5 2000.0
33 34 2000.0
33 20 0.98330575
33 2 1.911851
33 14 0.8220228
33 7 2000.0
33 27 0.80185324
33 16 3017.898
33 25 0.80742586
34 30 1.4723806
34 20 0.9345607
34 8 24.231487
34 37 2000.0
34 7 2000.0
34 13 424.69888
34 27 1.0452808
34 16 78.66788
34 11 2.917707
34 29 4.9164934
34 25 2.82015
34 5 3.9077
35 21 0.03647685
35 31 1234.4033
36 28 0.03312641
36 3 0.2646933
36 9 0.7713271
37 30 13.840437
37 0 2.5278554
37 8 1.1819948
37 18 2.3983507
37 13 0.9999176
37 11 1.9833698
37 29 0.75310546
37 5 13.747179
37 20 3.3698523
37 2 0.9067576
37 7 94.275635
37 27 1.5685934
37 16 2000.0
37 23 2.0335317
37 25 17.467813
