0 8 6.17801
0 2 1.3515965
0 37 0.69745207
0 13 0.6005313
0 11 160.0
0 29 9.890585
1 3 0.23047726
1 12 72.12955
2 30 14.759469
2 0 1.3515965
2 8 1.6663017
2 18 17.263975
2 13 0.5788961
2 33 3.480378
2 11 1.6603167
2 29 1.439089
2 20 3.5088072
2 37 0.99579304
2 27 0.7962608
2 16 2000.0
2 23 88.4386
2 25 2.5400002
3 36 0.24746224
3 28 0.06760401
3 24 90.00001
3 12 0.051920615
3 1 0.23047726
3 9 0.32630438
4 31 0.08456996
4 9 0.10669951
4 17 0.11439396
4 19 0.084333085
5 30 0.5325339
5 8 0.74972576
5 18 0.50262326
5 13 1440.0001
5 11 4.543389
5 29 6.4927387
5 34 0.9427316
5 20 1.5777272
5 37 2000.0
5 7 6.3465624
5 27 1.8095248
5 16 1.5807142
5 23 2.570268
6 22 80.91794
6 31 0.68030417
6 17 1.3643411
7 34 9.066334
7 30 0.66369325
7 20 1.555128
7 8 28.467127
7 37 69.230774
7 16 1.0973097
7 11 5.9061146
7 23 0.96584815
7 25 10.264108
7 5 6.3465624
8 0 6.17801
8 30 0.6441956
8 18 1.1478933
8 13 2.6250381
8 11 1.1128689
8 29 0.64704984
8 5 0.74972576
8 34 2.6004515
8 2 1.6663017
8 37 0.87283856
8 7 28.467127
8 27 0.9132734
8 16 1.3132643
8 23 1.2433391
9 36 1.4910303
9 26 2000.0
9 28 3.269028
9 10 14.208807
9 22 0.8812068
9 31 0.030852273
9 3 0.32630438
9 17 0.045389343
9 4 0.10669951
9 19 0.07092803
10 26 0.031116297
10 28 0.37481815
10 24 0.048206653
10 31 0.050987337
10 12 5.7698393
10 9 14.208807
10 17 0.02957295
11 0 160.0
11 30 0.45712763
11 8 1.1128689
11 18 13.2705965
11 13 0.5723481
11 33 1.7290783
11 29 1.2982988
11 5 4.543389
11 34 2.4867108
11 20 1.0468538
11 2 1.6603167
11 37 1.9934584
11 7 5.9061146
11 27 0.33337966
11 16 1.0582893
11 25 1.1056056
12 26 0.97542745
12 28 6.3172183
12 32 0.22474612
12 10 5.7698393
12 24 0.07972951
12 21 0.068777345
12 3 0.051920615
12 1 72.12955
13 30 1.1153016
13 0 0.6005313
13 8 2.6250381
13 18 987.6039
13 33 0.7818159
13 11 0.5723481
13 29 0.68737817
13 5 1440.0001
13 34 16.261595
13 20 0.5742343
13 2 0.5788961
13 14 2.9647741
13 37 1.7369694
13 27 0.32056707
13 16 2648.8635
13 25 0.6196496
14 20 1.1501781
14 13 2.9647741
14 27 2.7886214
14 33 0.4351957
14 11 2000.0
14 25 1.871536
15 32 0.083692685
15 21 1.8709155
16 0 2000.0
16 30 1.3506455
16 8 1.3132643
16 18 0.93378484
16 11 1.0582893
16 29 28.501684
16 5 1.5807142
16 20 6.6561594
16 37 44.256416
16 7 1.0973097
16 27 1.3644481
16 23 7.360882
16 25 1.1384852
17 26 3.2786884
17 6 1.3643411
17 10 0.02957295
17 24 0.13691351
17 31 1.987389
17 9 0.045389343
17 4 0.11439396
17 19 1.4617621
18 30 0.7459204
18 2 17.263975
18 8 1.1478933
18 37 1.6948465
18 13 987.6039
18 7 2000.0
18 27 2.1219983
18 16 0.93378484
18 23 1.2859848
18 11 13.2705965
18 29 1.5314153
18 5 0.50262326
19 31 0.084012926
19 9 0.07092803
19 17 1.4617621
19 4 0.084333085
20 30 12.613935
20 13 0.5742343
20 33 1.1203527
20 11 1.0468538
20 29 3.4045415
20 5 1.5777272
20 34 0.83338785
20 2 3.5088072
20 14 1.1501781
20 37 4.6031666
20 7 1.555128
20 27 0.36580208
20 16 6.6561594
20 25 0.522886
21 26 2000.0
21 32 2000.0
21 24 0.35692638
21 35 0.05079816
21 12 0.068777345
21 15 1.8709155
22 6 80.91794
22 31 1506.9886
22 9 0.8812068
22 19 1339.5455
23 0 2000.0
23 30 1.5431497
23 2 88.4386
23 8 1.2433391
23 37 2.6178977
23 18 1.2859848
23 7 0.96584815
23 16 7.360882
23 11 2000.0
23 29 2.306663
23 5 2.570268
24 26 0.0867146
24 32 0.13407513
24 10 0.048206653
24 21 0.35692638
24 31 5.3076363
24 3 90.00001
24 12 0.07972951
24 15 2000.0
24 17 0.13691351
25 30 2.6187646
25 13 0.6196496
25 33 0.50512207
25 11 1.1056056
25 29 2.426369
25 34 4.2188106
25 20 0.522886
25 2 2.5400002
25 14 1.871536
25 37 70.6388
25 7 10.264108
25 27 0.5334059
25 16 1.1384852
26 36 236.91748
26 32 18.144886
26 28 0.0884696
26 10 0.031116297
26 24 0.0867146
26 31 0.076163866
26 12 0.97542745
26 17 3.2786884
27 0 2000.0
27 30 0.15742762
27 8 0.9132734
27 18 2.1219983
27 13 0.32056707
27 33 1.1752663
27 11 0.33337966
27 29 0.40034422
27 5 1.8095248
27 34 1.1761364
27 20 0.36580208
27 2 0.7962608
27 14 2.7886214
27 37 1.5138582
27 7 2892.3293
27 16 1.3644481
27 25 0.5334059
28 36 0.045460764
28 26 0.0884696
28 10 0.37481815
28 3 0.06760401
28 12 6.3172183
28 9 3.269028
29 0 9.890585
29 30 1.6972302
29 8 0.64704984
29 18 1.5314153
29 13 0.68737817
29 33 3444.3184
29 11 1.2982988
29 5 6.4927387
29 34 9.418521
29 20 3.4045415
29 2 1.439089
29 37 1.110271
29 7 2000.0
29 27 0.40034422
29 16 28.501684
29 23 2.306663
29 25 2.426369
30 0 2000.0
30 8 0.6441956
30 18 0.7459204
30 13 1.1153016
30 33 3.4909759
30 11 0.45712763
30 29 1.6972302
30 5 0.5325339
30 34 1.3412442
30 20 12.613935
30 2 14.759469
30 37 4.970794
30 7 0.66369325
30 27 0.15742762
30 16 1.3506455
30 23 1.5431497
30 25 2.6187646
31 26 0.076163866
31 6 0.68030417
31 10 0.050987337
31 24 5.3076363
31 9 0.030852273
31 17 1.987389
31 4 0.08456996
31 19 0.084012926
32 26 18.144886
32 24 0.13407513
32 12 0.22474612
32 15 0.083692685
33 34 2000.0
33 30 3.4909759
33 20 1.1203527
33 2 3.480378
33 14 0.4351957
33 7 2000.0
33 13 0.7818159
33 27 1.1752663
33 16 2000.0
33 11 1.7290783
33 29 3444.3184
33 25 0.50512207
34 30 1.3412442
34 20 0.83338785
34 8 2.6004515
34 13 16.261595
34 7 9.066334
34 27 1.1761364
34 16 1215.0568
34 11 2.4867108
34 25 4.2188106
34 29 9.418521
34 5 0.9427316
35 21 0.05079816
36 26 236.91748
36 28 0.045460764
36 3 0.24746224
36 9 1.4910303
37 30 4.970794
37 0 0.69745207
37 8 0.87283856
37 18 1.6948465
37 13 1.7369694
37 11 1.9934584
37 29 1.110271
37 20 4.6031666
37 2 0.99579304
37 7 69.230774
37 27 1.5138582
37 16 44.256416
37 23 2.6178977
37 25 70.6388
