0 2 1.0283933
0 37 2.784632
0 13 1.0428348
0 25 13.993393
0 29 42.902058
1 3 1.2783724
1 12 11.819281
2 30 15.795209
2 0 1.0283933
2 8 1.3374702
2 18 1.9829395
2 13 0.5926695
2 33 2.0455909
2 11 2.440411
2 29 1.0363059
2 20 6.2848363
2 37 0.74347055
2 27 0.7773893
2 16 2000.0
2 23 11.241661
2 25 0.45345268
3 36 0.21950728
3 28 3.1656682
3 24 2000.0
3 12 0.05020971
3 1 1.2783724
3 9 0.84439844
4 31 0.08217152
4 9 0.076586716
4 17 0.13887587
4 19 0.069721
5 30 0.5826155
5 8 0.5284723
5 18 1.0499071
5 13 32.432945
5 11 1.5125914
5 29 2.745433
5 34 2.5015583
5 20 1.7484252
5 37 9.349032
5 7 7.2976937
5 27 1.3715639
5 16 2.6319704
5 23 2.4388032
5 25 2000.0
6 31 0.22242516
6 17 1.9834019
7 34 80.0
7 30 0.6268005
7 20 46.885227
7 8 6.817049
7 16 1.2226232
7 23 1.2526126
7 25 3.0767815
7 5 7.2976937
8 0 2000.0
8 30 0.5189625
8 18 1.2455018
8 13 0.79589564
8 11 1.1659048
8 29 0.27810693
8 5 0.5284723
8 34 12.159173
8 2 1.3374702
8 37 1.0917221
8 7 6.817049
8 27 1.149192
8 16 2.00324
8 23 0.8986368
8 25 2000.0
9 36 0.26633757
9 26 2000.0
9 28 0.744704
9 10 36.96212
9 22 0.05550962
9 31 0.029159967
9 3 0.84439844
9 4 0.076586716
9 17 0.038494572
9 19 0.0697941
10 26 0.028191322
10 28 0.24826826
10 24 0.12789965
10 31 11.607955
10 12 50.382664
10 9 36.96212
10 17 0.031201849
11 0 2000.0
11 30 0.91960233
11 8 1.1659048
11 18 6.1109624
11 13 0.9789322
11 33 1.8032318
11 29 1.5071445
11 5 1.5125914
11 34 2.0616155
11 20 0.8174619
11 2 2.440411
11 37 2.4925034
11 7 1630.625
11 27 0.7280975
11 16 1.2192382
11 25 0.5396598
12 26 1.4349082
12 32 2.220009
12 10 50.382664
12 24 0.06831944
12 21 0.14512312
12 3 0.05020971
12 1 11.819281
13 30 68.65485
13 0 1.0428348
13 8 0.79589564
13 18 33.801624
13 33 0.8565619
13 11 0.9789322
13 29 0.7715525
13 5 32.432945
13 34 2450.3977
13 20 1.1358361
13 2 0.5926695
13 14 9.092388
13 37 0.99925184
13 7 2000.0
13 27 0.7347049
13 16 36.386536
13 25 0.3004352
14 30 21.987825
14 20 3.3589387
14 13 9.092388
14 27 3.0353084
14 33 0.4152791
14 11 2000.0
14 25 2.343844
15 32 0.0795034
15 21 7.8309097
16 30 1.2477632
16 0 2000.0
16 8 2.00324
16 18 1.1007833
16 13 36.386536
16 11 1.2192382
16 5 2.6319704
16 34 50.08105
16 20 36.291054
16 7 1.2226232
16 27 1.6723881
16 23 6.5416226
16 25 1.8765849
17 6 1.9834019
17 26 1.3539925
17 10 0.031201849
17 24 0.13449351
17 31 1.3483405
17 9 0.038494572
17 4 0.13887587
17 19 114.28571
18 0 2000.0
18 30 0.7584493
18 8 1.2455018
18 13 33.801624
18 11 6.1109624
18 29 1.1460431
18 5 1.0499071
18 2 1.9829395
18 37 2.8751748
18 7 2000.0
18 27 22.875141
18 16 1.1007833
18 23 1.5038295
19 31 0.098833814
19 9 0.0697941
19 17 114.28571
19 4 0.069721
20 0 2000.0
20 30 3.5426316
20 13 1.1358361
20 33 1.6101282
20 11 0.8174619
20 29 17.153976
20 5 1.7484252
20 34 0.87021255
20 2 6.2848363
20 14 3.3589387
20 37 3.5801044
20 7 46.885227
20 27 1.5453652
20 16 36.291054
20 25 0.4808893
21 26 2000.0
21 32 2000.0
21 24 1.2523613
21 35 0.03269848
21 12 0.14512312
21 15 7.8309097
22 31 54.21539
22 9 0.05550962
22 19 2000.0
23 0 2000.0
23 30 2.1752746
23 8 0.8986368
23 2 11.241661
23 37 2.0971098
23 18 1.5038295
23 7 1.2526126
23 16 6.5416226
23 11 2000.0
23 29 1.529375
23 5 2.4388032
24 26 0.039010532
24 32 0.33586845
24 10 0.12789965
24 21 1.2523613
24 31 2000.0
24 12 0.06831944
24 15 2000.0
24 17 0.13449351
25 30 15.996039
25 0 13.993393
25 13 0.3004352
25 33 0.5535374
25 11 0.5396598
25 29 1.7976999
25 34 2.0661924
25 20 0.4808893
25 2 0.45345268
25 14 2.343844
25 37 41.506695
25 7 3.0767815
25 27 0.24592572
25 16 1.8765849
26 32 29.331165
26 28 0.07511933
26 10 0.028191322
26 24 0.039010532
26 31 0.10169224
26 12 1.4349082
26 17 1.3539925
27 30 0.5840305
27 0 2000.0
27 8 1.149192
27 18 22.875141
27 13 0.7347049
27 33 0.7828202
27 11 0.7280975
27 29 0.6034092
27 5 1.3715639
27 34 1.1412036
27 20 1.5453652
27 2 0.7773893
27 14 3.0353084
27 37 3.0722408
27 7 3972.7273
27 16 1.6723881
27 25 0.24592572
28 36 0.035539772
28 26 0.07511933
28 10 0.24826826
28 3 3.1656682
28 12 1203.8636
28 9 0.744704
28 19 1545.284
29 0 42.902058
29 30 1.1434478
29 8 0.27810693
29 18 1.1460431
29 13 0.7715525
29 33 23.132324
29 11 1.5071445
29 5 2.745433
29 34 2.8106167
29 20 17.153976
29 2 1.0363059
29 37 0.935002
29 7 2000.0
29 27 0.6034092
29 16 2000.0
29 23 1.529375
29 25 1.7976999
30 8 0.5189625
30 18 0.7584493
30 13 68.65485
30 33 10.577974
30 11 0.91960233
30 29 1.1434478
30 5 0.5826155
30 34 1.2224988
30 20 3.5426316
30 2 15.795209
30 14 21.987825
30 37 27.171404
30 7 0.6268005
30 27 0.5840305
30 16 1.2477632
30 23 2.1752746
30 25 15.996039
31 26 0.10169224
31 6 0.22242516
31 10 11.607955
31 35 140.35655
31 22 54.21539
31 9 0.029159967
31 4 0.08217152
31 17 1.3483405
31 19 0.098833814
32 26 29.331165
32 24 0.33586845
32 12 2.220009
32 15 0.0795034
33 30 10.577974
33 8 2000.0
33 13 0.8565619
33 11 1.8032318
33 29 23.132324
33 5 2000.0
33 34 2000.0
33 20 1.6101282
33 2 2.0455909
33 14 0.4152791
33 7 2000.0
33 27 0.7828202
33 16 3017.898
33 25 0.5535374
34 30 1.2224988
34 20 0.87021255
34 8 12.159173
34 37 2000.0
34 7 80.0
34 13 2450.3977
34 27 1.1412036
34 16 50.08105
34 11 2.0616155
34 29 2.8106167
34 25 2.0661924
34 5 2.5015583
35 21 0.03269848
35 31 140.35655
36 28 0.035539772
36 3 0.21950728
36 9 0.26633757
37 30 27.171404
37 0 2.784632
37 8 1.0917221
37 18 2.8751748
37 13 0.99925184
37 11 2.4925034
37 29 0.935002
37 5 9.349032
37 20 3.5801044
37 2 0.74347055
37 7 3155.9658
37 27 3.0722408
37 16 2000.0
37 23 2.0971098
37 25 41.506695
