0 2 0.82757
0 37 1.9256439
0 13 0.8147118
0 25 9.313342
0 29 25.537558
1 3 1.3770376
1 12 22.167337
2 30 35.606735
2 0 0.82757
2 8 1.6405008
2 18 3.2061913
2 13 0.38604695
2 33 2.4927387
2 11 2.273502
2 29 1.500124
2 20 3.3613048
2 37 0.90918213
2 27 1.2041771
2 23 9.999569
2 25 0.41016462
3 36 0.6823195
3 28 15.152558
3 24 2000.0
3 12 0.06834285
3 1 1.3770376
3 9 0.75960416
4 31 0.07084379
4 9 0.08346242
4 17 0.10947966
4 19 0.06716831
5 30 0.6825196
5 8 0.43767318
5 18 0.81041807
5 13 21.500263
5 11 3.999545
5 29 2.5119784
5 34 2.1797016
5 20 2.6799648
5 37 10.037337
5 7 11.427691
5 27 1.6038483
5 16 1.8660733
5 23 1.7779515
5 25 2000.0
6 31 0.18412232
6 17 1.3508474
7 34 400.0
7 30 1.091757
7 20 96.6081
7 8 4.494683
7 16 1.3978226
7 23 1.4594554
7 25 2.7077866
7 5 11.427691
8 0 2000.0
8 30 0.39481342
8 18 1.1692361
8 13 0.9216306
8 11 0.96550614
8 29 0.37418142
8 5 0.43767318
8 34 21.916725
8 2 1.6405008
8 37 1.1061652
8 7 4.494683
8 27 0.6959237
8 16 1.5493422
8 23 0.7888029
8 25 2000.0
9 36 0.77342767
9 26 2000.0
9 28 1.7387552
9 10 28.592
9 22 0.04764205
9 31 0.028470183
9 3 0.75960416
9 12 2000.0
9 4 0.08346242
9 17 0.041129783
9 19 0.070326366
10 26 0.030303031
10 28 0.21901514
10 24 0.09216903
10 31 18.72627
10 12 1481.7614
10 9 28.592
10 17 0.029019866
11 0 2000.0
11 30 0.66796875
11 8 0.96550614
11 18 4.3265057
11 13 1.3102888
11 33 4.7300725
11 29 0.79887897
11 5 3.999545
11 34 2.5628023
11 20 1.133286
11 2 2.273502
11 37 1.2817595
11 7 4375.0
11 27 0.6191152
11 16 1.1774336
11 25 0.71064013
12 26 0.3590811
12 32 2.6798553
12 24 0.07527209
12 21 0.14536786
12 3 0.06834285
12 1 22.167337
13 30 29.081495
13 0 0.8147118
13 8 0.9216306
13 18 131.35849
13 33 0.98317754
13 11 1.3102888
13 29 0.7505174
13 5 21.500263
13 34 1614.2614
13 20 1.1469768
13 2 0.38604695
13 14 5.5210395
13 37 1.4801502
13 7 2000.0
13 27 0.23015562
13 16 36.124622
13 25 0.26877892
14 30 9.519626
14 20 2.7285063
14 13 5.5210395
14 27 2.3089826
14 33 0.3604825
14 11 2000.0
14 25 2.599804
15 32 0.07430002
15 21 4.220499
16 0 2000.0
16 30 1.0746887
16 8 1.5493422
16 18 1.3351684
16 13 36.124622
16 11 1.1774336
16 5 1.8660733
16 34 65.09085
16 20 33.715755
16 7 1.3978226
16 27 1.5082144
16 23 2.3918676
16 25 0.78350145
17 6 1.3508474
17 26 1.6200581
17 10 0.029019866
17 24 0.118148394
17 31 0.94643354
17 9 0.041129783
17 4 0.10947966
17 19 169.41194
18 0 2000.0
18 30 0.68460965
18 8 1.1692361
18 13 131.35849
18 11 4.3265057
18 29 0.9543565
18 5 0.81041807
18 2 3.2061913
18 37 2.087437
18 7 2000.0
18 27 17.475027
18 16 1.3351684
18 23 1.2517451
19 31 0.07390039
19 9 0.070326366
19 4 0.06716831
19 17 169.41194
20 30 2.2624617
20 13 1.1469768
20 33 1.317946
20 11 1.133286
20 29 11.310146
20 5 2.6799648
20 34 0.814043
20 2 3.3613048
20 14 2.7285063
20 37 1.7433932
20 7 96.6081
20 27 1.3373301
20 16 33.715755
20 25 0.2994652
21 24 1.5156132
21 35 0.032637853
21 12 0.14536786
21 15 4.220499
22 31 116.90976
22 9 0.04764205
22 19 2000.0
23 0 2000.0
23 30 1.334968
23 8 0.7888029
23 2 9.999569
23 37 2.351689
23 18 1.2517451
23 7 1.4594554
23 16 2.3918676
23 11 2000.0
23 29 1.1329366
23 5 1.7779515
24 26 0.0396096
24 32 0.33186966
24 10 0.09216903
24 21 1.5156132
24 12 0.07527209
24 3 2000.0
24 15 2000.0
24 17 0.118148394
25 0 9.313342
25 30 12.212961
25 13 0.26877892
25 33 0.50547713
25 11 0.71064013
25 29 2.449256
25 34 1.3944175
25 20 0.2994652
25 2 0.41016462
25 14 2.599804
25 37 72.05006
25 7 2.7077866
25 27 0.24989797
25 16 0.78350145
26 32 24.159456
26 28 0.06354472
26 10 0.030303031
26 24 0.0396096
26 31 0.105936
26 12 0.3590811
26 17 1.6200581
27 30 0.39361733
27 0 2000.0
27 8 0.6959237
27 18 17.475027
27 13 0.23015562
27 33 0.8824629
27 11 0.6191152
27 29 0.85351086
27 5 1.6038483
27 34 0.90621525
27 20 1.3373301
27 2 1.2041771
27 14 2.3089826
27 37 0.88273317
27 7 2000.0
27 16 1.5082144
27 25 0.24989797
28 36 0.029601943
28 26 0.06354472
28 10 0.21901514
28 3 15.152558
28 12 1205.3977
28 9 1.7387552
28 19 1377.3296
29 0 25.537558
29 30 1.4132115
29 8 0.37418142
29 18 0.9543565
29 13 0.7505174
29 33 13.483855
29 11 0.79887897
29 5 2.5119784
29 34 4.2303824
29 20 11.310146
29 2 1.500124
29 37 0.52608794
29 7 2000.0
29 27 0.85351086
29 16 2000.0
29 23 1.1329366
29 25 2.449256
30 8 0.39481342
30 18 0.68460965
30 13 29.081495
30 33 11.39614
30 11 0.66796875
30 29 1.4132115
30 5 0.6825196
30 34 1.0217367
30 20 2.2624617
30 2 35.606735
30 14 9.519626
30 37 22.290337
30 7 1.091757
30 27 0.39361733
30 16 1.0746887
30 23 1.334968
30 25 12.212961
31 26 0.105936
31 6 0.18412232
31 10 18.72627
31 35 33.80004
31 22 116.90976
31 9 0.028470183
31 4 0.07084379
31 17 0.94643354
31 19 0.07390039
32 26 24.159456
32 24 0.33186966
32 21 2000.0
32 12 2.6798553
32 15 0.07430002
33 30 11.39614
33 8 2000.0
33 13 0.98317754
33 11 4.7300725
33 29 13.483855
33 5 2000.0
33 34 2000.0
33 20 1.317946
33 2 2.4927387
33 14 0.3604825
33 7 2000.0
33 27 0.8824629
33 16 3017.898
33 25 0.50547713
34 30 1.0217367
34 20 0.814043
34 8 21.916725
34 37 2000.0
34 7 400.0
34 27 0.90621525
34 16 65.09085
34 11 2.5628023
34 29 4.2303824
34 25 1.3944175
34 5 2.1797016
35 21 0.032637853
35 31 33.80004
36 28 0.029601943
36 3 0.6823195
36 9 0.77342767
37 30 22.290337
37 0 1.9256439
37 8 1.1061652
37 18 2.087437
37 13 1.4801502
37 11 1.2817595
37 29 0.52608794
37 5 10.037337
37 20 1.7433932
37 2 0.90918213
37 7 1844.8865
37 27 0.88273317
37 16 2000.0
37 23 2.351689
37 25 72.05006
