0 2 0.82154554
0 37 1.4212041
0 13 0.89416236
0 16 2000.0
0 29 39.363148
0 25 9.344252
1 3 0.48052508
1 12 1221.5342
2 30 11.837502
2 0 0.82154554
2 8 1.0441452
2 18 2.4881127
2 13 0.45843127
2 33 2.011878
2 11 1.4615847
2 29 1.1279802
2 20 3.2414224
2 37 0.7750618
2 27 0.6708013
2 16 2000.0
2 23 6.0381265
2 25 0.77449256
3 36 0.88057524
3 28 4.0959597
3 24 2000.0
3 12 0.07752
3 1 0.48052508
3 9 0.45947495
4 31 0.07454569
4 9 0.094392695
4 17 0.17570513
4 19 0.07101405
5 30 0.6615406
5 8 0.46023697
5 18 0.6714079
5 13 24.986313
5 11 3.3003047
5 29 2.4526377
5 34 2.5195363
5 20 1.9735315
5 37 10.40825
5 7 19.306768
5 27 1.4395812
5 16 1.5477405
5 23 6.0142035
5 25 2000.0
6 31 0.15730253
6 17 1.060606
7 30 0.7754235
7 20 122.693985
7 8 4.629798
7 16 1.2170005
7 23 1.2781452
7 25 2.8943834
7 5 19.306768
8 0 2000.0
8 30 0.33580965
8 18 1.3202144
8 13 1.0955235
8 11 0.93351865
8 29 0.5362533
8 5 0.46023697
8 34 41.343678
8 2 1.0441452
8 37 1.0995481
8 7 4.629798
8 27 1.0546097
8 16 1.5840681
8 23 0.94360447
8 25 2000.0
9 36 0.6169897
9 28 1.4638145
9 10 28.370834
9 22 0.04889142
9 31 0.029439695
9 12 2000.0
9 3 0.45947495
9 4 0.094392695
9 17 0.034594942
9 19 0.06822922
10 26 0.029922312
10 28 0.22515151
10 24 0.08233351
10 31 23.883318
10 12 1481.7614
10 9 28.370834
10 17 0.030946968
11 0 2000.0
11 30 1.1424382
11 8 0.93351865
11 18 9.673775
11 13 2.3150096
11 33 1.6031526
11 29 1.2919499
11 5 3.3003047
11 34 2.1210487
11 20 0.7829233
11 2 1.4615847
11 37 1.7118838
11 7 2542.5
11 27 1.2990426
11 16 0.9214622
11 25 0.7629325
12 26 0.59290963
12 32 5.8577814
12 24 0.07535191
12 21 0.1020568
12 3 0.07752
13 30 89.908134
13 0 0.89416236
13 8 1.0955235
13 18 78.13101
13 33 0.9674203
13 11 2.3150096
13 29 0.7062449
13 5 24.986313
13 34 200.0
13 20 1.0630988
13 2 0.45843127
13 14 14.192709
13 37 1.1543897
13 7 2000.0
13 27 2.3060055
13 16 36.444855
13 25 0.2462513
14 30 18.557375
14 20 1.6885654
14 13 14.192709
14 27 2.9989674
14 33 0.38837627
14 11 2000.0
14 25 2.1156383
15 32 0.078751214
15 21 4.857244
16 30 1.1212869
16 0 2000.0
16 8 1.5840681
16 18 1.4957818
16 13 36.444855
16 11 0.9214622
16 5 1.5477405
16 34 68.327034
16 20 29.9268
16 7 1.2170005
16 27 1.3390484
16 23 3.3209457
16 25 0.94990736
17 6 1.060606
17 26 1.4128875
17 10 0.030946968
17 24 0.23109022
17 31 0.9828995
17 9 0.034594942
17 4 0.17570513
17 19 59.52381
18 0 2000.0
18 30 0.72933865
18 8 1.3202144
18 13 78.13101
18 11 9.673775
18 29 1.4266695
18 5 0.6714079
18 2 2.4881127
18 37 2.3433344
18 7 2000.0
18 27 73.82239
18 16 1.4957818
18 23 1.5430574
19 31 0.07615935
19 9 0.06822922
19 17 59.52381
19 4 0.07101405
20 30 1.792443
20 13 1.0630988
20 33 0.9937445
20 11 0.7829233
20 29 7.6854467
20 5 1.9735315
20 34 0.99073094
20 2 3.2414224
20 14 1.6885654
20 37 1.8556129
20 7 122.693985
20 27 2.3659565
20 16 29.9268
20 25 0.386796
21 10 2000.0
21 24 1.1877891
21 35 0.031054689
21 12 0.1020568
21 15 4.857244
22 31 54.545452
22 9 0.04889142
22 19 2000.0
23 0 2000.0
23 30 1.7908099
23 8 0.94360447
23 2 6.0381265
23 37 1.4241374
23 18 1.5430574
23 7 1.2781452
23 16 3.3209457
23 11 2000.0
23 29 1.823066
23 5 6.0142035
24 26 0.044645883
24 32 0.24281609
24 10 0.08233351
24 21 1.1877891
24 12 0.07535191
24 15 2000.0
24 17 0.23109022
25 30 19.975815
25 0 9.344252
25 13 0.2462513
25 33 0.5376533
25 11 0.7629325
25 29 2.8790872
25 34 1.50474
25 20 0.386796
25 2 0.77449256
25 14 2.1156383
25 37 20.964912
25 7 2.8943834
25 27 0.26708466
25 16 0.94990736
26 32 33.315067
26 28 0.080383755
26 10 0.029922312
26 24 0.044645883
26 31 0.10345566
26 12 0.59290963
26 17 1.4128875
27 30 0.76769006
27 0 2000.0
27 8 1.0546097
27 18 73.82239
27 13 2.3060055
27 33 0.7142962
27 11 1.2990426
27 29 0.65543485
27 5 1.4395812
27 34 1.1257837
27 20 2.3659565
27 2 0.6708013
27 14 2.9989674
27 37 1.7578989
27 7 2000.0
27 16 1.3390484
27 25 0.26708466
28 36 0.030514158
28 26 0.080383755
28 10 0.22515151
28 3 4.0959597
28 12 1141.0227
28 9 1.4638145
28 19 1370.909
29 0 39.363148
29 30 0.9325602
29 8 0.5362533
29 18 1.4266695
29 13 0.7062449
29 33 20.44812
29 11 1.2919499
29 5 2.4526377
29 34 2.3743675
29 20 7.6854467
29 2 1.1279802
29 37 0.9384993
29 7 2000.0
29 27 0.65543485
29 16 2000.0
29 23 1.823066
29 25 2.8790872
30 8 0.33580965
30 18 0.72933865
30 13 89.908134
30 33 5.286883
30 11 1.1424382
30 29 0.9325602
30 5 0.6615406
30 34 1.0780456
30 20 1.792443
30 2 11.837502
30 14 18.557375
30 37 19.149689
30 7 0.7754235
30 27 0.76769006
30 16 1.1212869
30 23 1.7908099
30 25 19.975815
31 26 0.10345566
31 6 0.15730253
31 10 23.883318
31 35 33.11479
31 22 54.545452
31 9 0.029439695
31 4 0.07454569
31 17 0.9828995
31 19 0.07615935
32 26 33.315067
32 24 0.24281609
32 21 2000.0
32 12 5.8577814
32 15 0.078751214
33 30 5.286883
33 8 2000.0
33 13 0.9674203
33 11 1.6031526
33 29 20.44812
33 5 2000.0
33 34 2000.0
33 20 0.9937445
33 2 2.011878
33 14 0.38837627
33 7 2000.0
33 27 0.7142962
33 16 3017.898
33 25 0.5376533
34 30 1.0780456
34 20 0.99073094
34 8 41.343678
34 37 2000.0
34 7 2000.0
34 13 200.0
34 27 1.1257837
34 16 68.327034
34 11 2.1210487
34 29 2.3743675
34 25 1.50474
34 5 2.5195363
35 21 0.031054689
35 31 33.11479
36 28 0.030514158
36 3 0.88057524
36 9 0.6169897
37 30 19.149689
37 0 1.4212041
37 8 1.0995481
37 18 2.3433344
37 13 1.1543897
37 11 1.7118838
37 29 0.9384993
37 5 10.40825
37 20 1.8556129
37 2 0.7750618
37 7 2896.0227
37 27 1.7578989
37 16 2000.0
37 23 1.4241374
37 25 20.964912
