0 8 11.269727
0 2 1.4028066
0 37 0.8499691
0 13 0.6699268
0 11 37.787457
0 29 9.26959
1 3 0.27007574
1 12 1202.159
2 30 20.439732
2 0 1.4028066
2 8 1.851179
2 18 37.90728
2 13 1.2386639
2 33 4.909131
2 11 1.8486462
2 29 1.0776241
2 20 6.578532
2 37 0.96578264
2 27 1.5411693
2 16 2000.0
2 25 2.712036
3 36 0.22148004
3 28 0.071688876
3 24 262.69653
3 12 0.050496366
3 1 0.27007574
3 9 0.23947813
4 31 0.08109908
4 9 0.08294673
4 17 0.08749038
4 19 0.0942978
5 30 0.48953873
5 8 0.4328274
5 18 0.40040517
5 13 1600.0
5 11 2.9157863
5 29 3.5637896
5 34 1.0417993
5 20 2.5536284
5 37 2000.0
5 7 4.0746984
5 27 1.542484
5 16 1.3244454
5 23 4.0559635
6 22 51.68445
6 31 0.58444446
6 17 0.7874087
7 34 8.750669
7 30 0.9098244
7 20 1.845482
7 8 46.675056
7 37 41.126583
7 16 1.8911022
7 11 14.364475
7 23 1.025522
7 25 12.520972
7 5 4.0746984
8 0 11.269727
8 30 0.7616878
8 18 1.1595755
8 13 3.8525546
8 11 0.4083984
8 29 1.388127
8 5 0.4328274
8 34 2.638021
8 2 1.851179
8 37 1.6670953
8 7 46.675056
8 27 1.6417539
8 16 2.148821
8 23 1.7107383
9 36 1.0111889
9 26 2000.0
9 28 1.417957
9 10 15.852273
9 22 0.39115265
9 31 0.030703671
9 3 0.23947813
9 12 2000.0
9 17 0.046562478
9 4 0.08294673
9 19 0.07675269
10 26 0.034947842
10 28 0.2722643
10 24 0.03784108
10 31 0.048762515
10 12 13.411472
10 9 15.852273
10 17 0.04109538
11 0 37.787457
11 30 0.46180165
11 8 0.4083984
11 18 3.8478115
11 13 0.6860479
11 33 2.6547403
11 29 0.8758393
11 5 2.9157863
11 34 2.9753988
11 20 2.913466
11 2 1.8486462
11 37 2.4703414
11 7 14.364475
11 27 0.91103023
11 16 1.7334865
11 25 2.0851195
12 26 2.416335
12 28 5.5538063
12 32 0.375625
12 10 13.411472
12 24 0.07662563
12 21 0.0688128
12 3 0.050496366
13 30 11.805797
13 0 0.6699268
13 8 3.8525546
13 18 150.0
13 33 1.4837662
13 11 0.6860479
13 29 1.6690711
13 5 1600.0
13 34 8.45673
13 20 0.8214614
13 2 1.2386639
13 14 2.850193
13 37 3.446657
13 27 0.9569723
13 16 324.4097
13 25 0.7416655
14 20 0.6455872
14 13 2.850193
14 27 2.9020152
14 33 0.3967759
14 11 2000.0
14 25 2.201876
15 32 0.08023278
15 21 2.008953
16 0 2000.0
16 30 1.5752743
16 8 2.148821
16 18 0.71222556
16 13 324.4097
16 11 1.7334865
16 29 49.908752
16 5 1.3244454
16 20 9.464923
16 37 83.423294
16 7 1.8911022
16 27 1.7474617
16 23 9.119363
16 25 1.1352688
17 26 2.6824677
17 6 0.7874087
17 10 0.04109538
17 24 0.117321275
17 31 1.8509889
17 9 0.046562478
17 4 0.08749038
17 19 5.838895
18 0 2000.0
18 30 0.715152
18 8 1.1595755
18 13 150.0
18 11 3.8478115
18 29 1.0119324
18 5 0.40040517
18 2 37.90728
18 37 1.3131194
18 7 2000.0
18 27 4.568752
18 16 0.71222556
18 23 1.2748196
19 31 0.08107174
19 9 0.07675269
19 17 5.838895
19 4 0.0942978
20 30 32.93328
20 13 0.8214614
20 33 1.1960977
20 11 2.913466
20 29 3.9265373
20 5 2.5536284
20 34 0.8668476
20 2 6.578532
20 14 0.6455872
20 37 1.981383
20 7 1.845482
20 27 0.5831877
20 16 9.464923
20 25 0.6364677
21 32 2000.0
21 10 2000.0
21 24 0.16085
21 35 0.040179
21 12 0.0688128
21 15 2.008953
22 6 51.68445
22 31 82.24707
22 9 0.39115265
22 19 1339.5455
23 0 2000.0
23 30 1.7632302
23 2 1388.6932
23 8 1.7107383
23 37 5.0714717
23 18 1.2748196
23 7 1.025522
23 16 9.119363
23 11 2000.0
23 29 9.869485
23 5 4.0559635
24 26 0.06816379
24 32 0.10039721
24 10 0.03784108
24 21 0.16085
24 31 6.03674
24 12 0.07662563
24 3 262.69653
24 15 2000.0
24 17 0.117321275
25 30 3.6834536
25 13 0.7416655
25 33 0.96739453
25 11 2.0851195
25 29 4.4143896
25 34 1.3592961
25 20 0.6364677
25 2 2.712036
25 14 2.201876
25 37 126.52942
25 7 12.520972
25 27 0.6571815
25 16 1.1352688
26 36 61.91208
26 32 18.557865
26 28 0.076862894
26 10 0.034947842
26 24 0.06816379
26 31 0.07516233
26 12 2.416335
26 17 2.6824677
27 0 2000.0
27 30 0.18666033
27 8 1.6417539
27 18 4.568752
27 13 0.9569723
27 33 1.1094569
27 11 0.91103023
27 29 0.49392825
27 5 1.542484
27 34 0.82840914
27 20 0.5831877
27 2 1.5411693
27 14 2.9020152
27 37 2.174277
27 7 2000.0
27 16 1.7474617
27 25 0.6571815
28 36 0.03219915
28 26 0.076862894
28 10 0.2722643
28 3 0.071688876
28 12 5.5538063
28 9 1.417957
29 0 9.26959
29 30 7.696479
29 8 1.388127
29 18 1.0119324
29 13 1.6690711
29 11 0.8758393
29 5 3.5637896
29 34 28.530813
29 20 3.9265373
29 2 1.0776241
29 37 2.8896081
29 7 2000.0
29 27 0.49392825
29 16 49.908752
29 23 9.869485
29 25 4.4143896
30 0 2000.0
30 8 0.7616878
30 18 0.715152
30 13 11.805797
30 33 7.634803
30 11 0.46180165
30 29 7.696479
30 5 0.48953873
30 34 1.8192146
30 20 32.93328
30 2 20.439732
30 37 8.684269
30 7 0.9098244
30 27 0.18666033
30 16 1.5752743
30 23 1.7632302
30 25 3.6834536
31 26 0.07516233
31 6 0.58444446
31 10 0.048762515
31 24 6.03674
31 22 82.24707
31 9 0.030703671
31 17 1.8509889
31 4 0.08109908
31 19 0.08107174
32 26 18.557865
32 24 0.10039721
32 12 0.375625
32 15 0.08023278
33 34 2000.0
33 30 7.634803
33 20 1.1960977
33 2 4.909131
33 14 0.3967759
33 7 2000.0
33 13 1.4837662
33 27 1.1094569
33 16 2000.0
33 11 2.6547403
33 29 1820.3408
33 25 0.96739453
34 30 1.8192146
34 20 0.8668476
34 8 2.638021
34 13 8.45673
34 7 8.750669
34 27 0.82840914
34 16 1215.0568
34 11 2.9753988
34 25 1.3592961
34 29 28.530813
34 5 1.0417993
35 21 0.040179
36 26 61.91208
36 28 0.03219915
36 3 0.22148004
36 9 1.0111889
37 30 8.684269
37 0 0.8499691
37 8 1.6670953
37 18 1.3131194
37 13 3.446657
37 11 2.4703414
37 29 2.8896081
37 20 1.981383
37 2 0.96578264
37 7 41.126583
37 27 2.174277
37 16 83.423294
37 23 5.0714717
37 25 126.52942
