0 2 1.2098224
0 37 2.0166068
0 13 1.438122
0 29 7.017718
0 25 10.648512
1 3 1.4100074
1 12 33.03904
2 30 26.423346
2 0 1.2098224
2 8 1.4474967
2 18 3.8043344
2 13 0.39827397
2 33 3.3952029
2 11 1.2765402
2 29 1.1095247
2 20 2.3190444
2 37 0.868061
2 27 0.9106299
2 16 2000.0
2 23 11.355585
2 25 1.2343482
3 36 0.2530887
3 28 12.85644
3 24 160.0
3 12 0.07044331
3 1 1.4100074
3 9 0.2571128
4 31 0.07817934
4 9 0.09226326
4 17 0.10742845
4 19 0.07065616
5 30 0.6502367
5 8 0.87831473
5 18 0.931274
5 13 18.147156
5 11 3.5796165
5 29 3.722956
5 34 2.7866116
5 20 1.319562
5 37 11.570448
5 7 3.3333075
5 27 0.9250391
5 16 1.3760158
5 23 2.1281242
5 25 2000.0
6 31 0.26487765
6 17 4.698122
7 34 266.6667
7 30 0.89905405
7 20 56.08225
7 8 7.9588842
7 16 1.1071718
7 23 1.6596841
7 11 61.660717
7 25 5.351141
7 5 3.3333075
8 0 2000.0
8 30 0.75844306
8 18 1.4550377
8 13 2.2301438
8 11 1.106176
8 29 0.7629208
8 5 0.87831473
8 34 37.225254
8 2 1.4474967
8 37 0.8658056
8 7 7.9588842
8 27 1.2412589
8 16 1.5147057
8 23 1.3410016
8 25 2000.0
9 36 0.38387743
9 26 2000.0
9 28 1.2587863
9 10 13.33718
9 22 0.100728445
9 31 0.030819282
9 12 2000.0
9 3 0.2571128
9 4 0.09226326
9 17 0.03369172
9 19 0.10927278
10 26 0.032369953
10 28 0.26400292
10 24 0.18966784
10 31 11.338907
10 12 1383.6364
10 9 13.33718
10 17 0.03251909
11 0 2000.0
11 30 1.2171031
11 8 1.106176
11 18 14.481568
11 13 0.8382718
11 33 2.8219085
11 29 1.0692986
11 5 3.5796165
11 34 3.6323674
11 20 1.7512509
11 2 1.2765402
11 37 1.74605
11 7 61.660717
11 27 0.88169914
11 16 1.3345013
11 25 1.1520419
12 26 0.38055885
12 32 1.7763959
12 24 0.064494476
12 21 0.19441131
12 3 0.07044331
12 1 33.03904
13 30 38.96733
13 0 1.438122
13 8 2.2301438
13 18 595.4114
13 33 1.4042481
13 11 0.8382718
13 29 1.1612617
13 5 18.147156
13 34 335.33313
13 20 1.8582649
13 2 0.39827397
13 14 14.108914
13 37 0.9570708
13 7 2000.0
13 27 0.97746027
13 16 21.781778
13 25 0.35683873
14 30 5.3044615
14 20 4.568334
14 13 14.108914
14 27 5.48854
14 33 0.48488227
14 11 2000.0
14 25 2.8479528
15 32 0.069822215
15 21 1.308027
15 12 2000.0
16 30 1.089899
16 0 2000.0
16 8 1.5147057
16 18 1.1579882
16 13 21.781778
16 11 1.3345013
16 5 1.3760158
16 34 75.27502
16 20 12.653606
16 7 1.1071718
16 27 1.9093364
16 23 2.7963438
16 25 1.0724132
17 6 4.698122
17 26 1.7582836
17 10 0.03251909
17 24 0.08709415
17 31 0.93420374
17 9 0.03369172
17 4 0.10742845
17 19 108.739204
18 0 2000.0
18 30 0.8942419
18 8 1.4550377
18 13 595.4114
18 11 14.481568
18 29 1.2624657
18 5 0.931274
18 2 3.8043344
18 37 3.1831627
18 7 2000.0
18 27 42.82226
18 16 1.1579882
18 23 1.3454545
19 31 0.077780955
19 9 0.10927278
19 17 108.739204
19 4 0.07065616
20 30 1.9216243
20 13 1.8582649
20 33 1.4305122
20 11 1.7512509
20 29 8.097781
20 5 1.319562
20 34 2.5275722
20 2 2.3190444
20 14 4.568334
20 37 3.583561
20 7 56.08225
20 27 1.0739397
20 16 12.653606
20 25 0.938683
21 26 2000.0
21 10 2000.0
21 24 0.9487074
21 35 0.03165713
21 12 0.19441131
21 15 1.308027
22 31 423.52942
22 9 0.100728445
22 19 2000.0
23 0 2000.0
23 30 1.7536296
23 8 1.3410016
23 2 11.355585
23 37 1.2493706
23 18 1.3454545
23 7 1.6596841
23 16 2.7963438
23 11 2000.0
23 29 0.9402286
23 5 2.1281242
24 26 0.04442535
24 32 0.18279238
24 10 0.18966784
24 21 0.9487074
24 12 0.064494476
24 3 160.0
24 15 2000.0
24 17 0.08709415
25 30 10.1917
25 0 10.648512
25 13 0.35683873
25 33 0.642047
25 11 1.1520419
25 29 2.7566383
25 34 6.7890277
25 20 0.938683
25 2 1.2343482
25 14 2.8479528
25 37 76.9046
25 7 5.351141
25 27 0.22823417
25 16 1.0724132
26 32 22.294353
26 28 0.0555147
26 10 0.032369953
26 24 0.04442535
26 31 0.085764855
26 12 0.38055885
26 17 1.7582836
27 30 0.22920258
27 0 2000.0
27 8 1.2412589
27 18 42.82226
27 13 0.97746027
27 33 2.1852834
27 11 0.88169914
27 29 0.5760539
27 5 0.9250391
27 34 1.5636604
27 20 1.0739397
27 2 0.9106299
27 14 5.48854
27 37 1.5969236
27 7 2000.0
27 16 1.9093364
27 25 0.22823417
28 36 0.031197416
28 26 0.0555147
28 10 0.26400292
28 3 12.85644
28 12 1199.5455
28 9 1.2587863
28 19 1369.4319
29 0 7.017718
29 30 1.083636
29 8 0.7629208
29 18 1.2624657
29 13 1.1612617
29 33 7.8388634
29 11 1.0692986
29 5 3.722956
29 34 6.5882235
29 20 8.097781
29 2 1.1095247
29 37 0.77152246
29 7 2000.0
29 27 0.5760539
29 16 2000.0
29 23 0.9402286
29 25 2.7566383
30 8 0.75844306
30 18 0.8942419
30 13 38.96733
30 33 9.407726
30 11 1.2171031
30 29 1.083636
30 5 0.6502367
30 34 0.9863251
30 20 1.9216243
30 2 26.423346
30 14 5.3044615
30 37 18.98632
30 7 0.89905405
30 27 0.22920258
30 16 1.089899
30 23 1.7536296
30 25 10.1917
31 26 0.085764855
31 6 0.26487765
31 10 11.338907
31 22 423.52942
31 9 0.030819282
31 4 0.07817934
31 17 0.93420374
31 19 0.077780955
32 26 22.294353
32 24 0.18279238
32 21 2000.0
32 12 1.7763959
32 15 0.069822215
33 34 2000.0
33 30 9.407726
33 20 1.4305122
33 2 3.3952029
33 14 0.48488227
33 7 2000.0
33 13 1.4042481
33 27 2.1852834
33 16 3017.898
33 11 2.8219085
33 29 7.8388634
33 25 0.642047
34 30 0.9863251
34 20 2.5275722
34 8 37.225254
34 37 2000.0
34 13 335.33313
34 7 266.6667
34 27 1.5636604
34 16 75.27502
34 11 3.6323674
34 29 6.5882235
34 25 6.7890277
34 5 2.7866116
35 21 0.03165713
35 31 1095.6818
36 28 0.031197416
36 3 0.2530887
36 9 0.38387743
37 30 18.98632
37 0 2.0166068
37 8 0.8658056
37 18 3.1831627
37 13 0.9570708
37 11 1.74605
37 29 0.77152246
37 5 11.570448
37 20 3.583561
37 2 0.868061
37 7 2966.932
37 27 1.5969236
37 16 2000.0
37 23 1.2493706
37 25 76.9046
