0 8 5.5733027
0 2 1.5997889
0 37 0.83733946
0 13 0.7254352
0 11 24.575684
0 29 18.666721
1 3 0.22453207
1 12 1202.159
2 30 12.469884
2 0 1.5997889
2 8 1.3579645
2 18 12.887166
2 13 0.21216014
2 33 1.7950714
2 11 0.86102575
2 29 0.6971677
2 20 1.5237608
2 37 0.7566282
2 27 0.37558725
2 23 21.767395
2 25 0.81062853
3 36 0.3699846
3 28 0.4191472
3 24 1156.7614
3 12 0.05249844
3 1 0.22453207
3 9 0.57704306
4 31 0.08479656
4 9 0.06583523
4 17 0.091024265
4 19 0.1140462
5 30 0.49549305
5 8 0.7572314
5 18 0.54835373
5 13 2000.0
5 11 4.2814736
5 29 5.2222133
5 34 1.9886415
5 20 4.2555976
5 37 2000.0
5 7 4.380378
5 27 4.6483555
5 16 1.5979884
5 23 5.036609
6 22 44.22708
6 31 0.66376656
6 17 0.94354063
7 34 9.287743
7 30 1.3838779
7 20 1.5487369
7 8 72.59001
7 37 25.769245
7 27 160.0
7 16 1.2995012
7 11 5.2426505
7 23 1.1177382
7 25 4.2884746
7 5 4.380378
8 0 5.5733027
8 30 0.84838104
8 18 1.4198401
8 13 1.8340721
8 11 1.4340417
8 29 1.0277418
8 5 0.7572314
8 34 2.2848608
8 2 1.3579645
8 37 2.0161953
8 7 72.59001
8 27 1.6042625
8 16 2.104994
8 23 1.0488849
9 36 1.2139819
9 28 1.6478063
9 10 10.867768
9 22 0.06408705
9 31 0.054197352
9 12 2000.0
9 3 0.57704306
9 17 0.08927445
9 4 0.06583523
9 19 0.066936485
10 26 0.10963115
10 28 0.60492426
10 24 0.040512968
10 31 0.049385436
10 12 6.8048396
10 9 10.867768
10 17 0.033969756
11 0 24.575684
11 30 0.7025837
11 8 1.4340417
11 18 4.246126
11 13 0.5449795
11 33 2.6034029
11 29 1.2299954
11 5 4.2814736
11 34 2.4385812
11 20 0.7936998
11 2 0.86102575
11 37 1.3925947
11 7 5.2426505
11 27 0.49992496
11 16 0.78848046
11 25 1.1065582
12 26 0.81938374
12 28 5.1531534
12 32 0.2819051
12 10 6.8048396
12 24 0.07637111
12 21 0.07169209
12 3 0.05249844
13 30 3.0135007
13 0 0.7254352
13 8 1.8340721
13 18 163.63637
13 33 0.7731026
13 11 0.5449795
13 29 0.7064766
13 5 2000.0
13 34 8.660026
13 20 0.48831037
13 2 0.21216014
13 14 3.196123
13 37 1.1538167
13 27 0.3393907
13 16 145.46086
13 25 0.4982155
14 20 1.8916835
14 13 3.196123
14 27 9.475091
14 33 0.4073356
14 11 2000.0
14 25 2.372798
15 32 0.07815375
15 21 72.59152
16 0 2000.0
16 30 1.1215806
16 8 2.104994
16 18 0.8226121
16 11 0.78848046
16 29 15.853188
16 5 1.5979884
16 20 8.014401
16 37 21.29132
16 7 1.2995012
16 27 1.4372369
16 23 11.14798
16 25 1.3221313
17 26 2.2516346
17 6 0.94354063
17 10 0.033969756
17 24 0.17956784
17 31 1.2544963
17 9 0.08927445
17 4 0.091024265
17 19 1.9665105
18 30 0.6889068
18 2 12.887166
18 8 1.4198401
18 37 1.3642876
18 13 163.63637
18 7 2000.0
18 27 5.7891846
18 16 0.8226121
18 23 0.9744215
18 11 4.246126
18 29 1.379076
18 5 0.54835373
19 31 0.107320555
19 9 0.066936485
19 17 1.9665105
19 4 0.1140462
20 30 61.80434
20 13 0.48831037
20 33 1.5281566
20 11 0.7936998
20 29 15.922125
20 5 4.2555976
20 34 0.75964147
20 2 1.5237608
20 14 1.8916835
20 37 3.8187962
20 7 1.5487369
20 27 0.9173004
20 16 8.014401
20 25 0.5032693
21 32 2000.0
21 24 0.20212856
21 35 0.03889089
21 12 0.07169209
21 15 72.59152
22 6 44.22708
22 31 1449.034
22 9 0.06408705
22 19 1377.7842
23 30 1.529798
23 0 2000.0
23 2 21.767395
23 8 1.0488849
23 37 1.2081325
23 18 0.9744215
23 7 1.1177382
23 16 11.14798
23 11 2000.0
23 29 2.325734
23 5 5.036609
24 26 0.05253036
24 32 0.15203266
24 10 0.040512968
24 21 0.20212856
24 31 5.9757876
24 12 0.07637111
24 15 2000.0
24 17 0.17956784
25 0 2000.0
25 30 1.8495476
25 13 0.4982155
25 33 0.42090032
25 11 1.1065582
25 29 3.1614223
25 34 1.0250597
25 20 0.5032693
25 2 0.81062853
25 14 2.372798
25 37 57.31478
25 7 4.2884746
25 27 0.3681798
25 16 1.3221313
26 32 33.045456
26 28 0.1013323
26 10 0.10963115
26 24 0.05253036
26 31 0.07535897
26 12 0.81938374
26 17 2.2516346
27 0 2000.0
27 30 0.15457824
27 8 1.6042625
27 18 5.7891846
27 13 0.3393907
27 33 0.94945246
27 11 0.49992496
27 29 1.0299102
27 5 4.6483555
27 34 1.0817019
27 20 0.9173004
27 2 0.37558725
27 14 9.475091
27 37 1.3185582
27 7 160.0
27 16 1.4372369
27 25 0.3681798
28 36 0.100284085
28 26 0.1013323
28 10 0.60492426
28 3 0.4191472
28 12 5.1531534
28 9 1.6478063
29 0 18.666721
29 30 4.1126456
29 8 1.0277418
29 18 1.379076
29 13 0.7064766
29 11 1.2299954
29 5 5.2222133
29 34 21.739
29 20 15.922125
29 2 0.6971677
29 37 1.244558
29 7 2000.0
29 27 1.0299102
29 16 15.853188
29 23 2.325734
29 25 3.1614223
30 0 2000.0
30 8 0.84838104
30 18 0.6889068
30 13 3.0135007
30 33 9.56743
30 11 0.7025837
30 29 4.1126456
30 5 0.49549305
30 34 1.265051
30 20 61.80434
30 2 12.469884
30 14 2000.0
30 37 12.418042
30 7 1.3838779
30 27 0.15457824
30 16 1.1215806
30 23 1.529798
30 25 1.8495476
31 26 0.07535897
31 6 0.66376656
31 10 0.049385436
31 24 5.9757876
31 9 0.054197352
31 17 1.2544963
31 4 0.08479656
31 19 0.107320555
32 26 33.045456
32 24 0.15203266
32 12 0.2819051
32 15 0.07815375
33 34 2000.0
33 30 9.56743
33 20 1.5281566
33 2 1.7950714
33 14 0.4073356
33 7 2000.0
33 13 0.7731026
33 27 0.94945246
33 16 2000.0
33 11 2.6034029
33 29 9223.978
33 25 0.42090032
34 30 1.265051
34 20 0.75964147
34 8 2.2848608
34 13 8.660026
34 7 9.287743
34 27 1.0817019
34 16 1215.0568
34 11 2.4385812
34 25 1.0250597
34 29 21.739
34 5 1.9886415
35 21 0.03889089
36 26 1181.3635
36 28 0.100284085
36 3 0.3699846
36 9 1.2139819
37 30 12.418042
37 0 0.83733946
37 8 2.0161953
37 18 1.3642876
37 13 1.1538167
37 11 1.3925947
37 29 1.244558
37 20 3.8187962
37 2 0.7566282
37 7 25.769245
37 27 1.3185582
37 16 21.29132
37 23 1.2081325
37 25 57.31478
