0 2 0.9780454
0 37 1.4717666
0 13 0.88640666
0 29 22.49342
0 25 34.409462
1 3 0.71359974
1 12 34.945892
2 30 23.413044
2 0 0.9780454
2 8 2.3408155
2 18 1.894543
2 13 0.43432522
2 33 1.8976923
2 11 1.1265736
2 29 1.2259588
2 20 1.6995323
2 37 0.82403904
2 27 0.8463674
2 16 2000.0
2 23 9.583239
2 25 0.43341282
3 36 0.8228655
3 28 58.887928
3 24 2000.0
3 12 0.06943058
3 1 0.71359974
3 9 0.46254048
4 31 0.07416968
4 9 0.073689364
4 17 0.14313635
4 19 0.07107285
5 30 0.54540795
5 8 0.68073744
5 18 0.9555353
5 13 42.97595
5 11 1.4026834
5 29 2.1736777
5 34 1.645947
5 20 2.3484883
5 37 17.813316
5 7 6.9630036
5 27 1.2699456
5 16 1.4411178
5 23 2.8691049
5 25 2000.0
6 31 0.17134874
6 17 2.3212256
7 34 238.09525
7 30 0.50822693
7 20 78.91212
7 8 7.522573
7 16 1.8539166
7 23 1.369883
7 11 160.62766
7 25 3.823473
7 5 6.9630036
8 0 2000.0
8 30 0.42206374
8 18 1.2656343
8 13 1.2426062
8 11 1.0682386
8 29 0.37858856
8 5 0.68073744
8 34 38.175167
8 2 2.3408155
8 37 0.8168781
8 7 7.522573
8 27 0.5487751
8 16 1.5785519
8 23 1.0383017
8 25 2000.0
9 36 1.1976157
9 28 0.7151393
9 10 9.002047
9 22 0.061903253
9 31 0.031039223
9 3 0.46254048
9 12 2000.0
9 4 0.073689364
9 17 0.043256335
9 19 0.0928787
10 26 0.03367398
10 28 0.31434172
10 24 0.07190207
10 31 1.9153471
10 12 1516.25
10 9 9.002047
10 17 0.030653875
11 0 2000.0
11 30 0.84698415
11 8 1.0682386
11 18 3.0511415
11 13 1.0744317
11 33 1.8820661
11 29 1.0277572
11 5 1.4026834
11 34 1.6073551
11 20 1.0603553
11 2 1.1265736
11 37 1.0036343
11 7 160.62766
11 27 0.67278624
11 16 0.8913136
11 25 0.7892767
12 26 0.9303035
12 32 7.359185
12 24 0.100780964
12 21 0.10866223
12 3 0.06943058
12 1 34.945892
13 30 158.47223
13 0 0.88640666
13 8 1.2426062
13 18 35.76832
13 33 1.1548554
13 11 1.0744317
13 29 0.85890824
13 5 42.97595
13 34 200.0
13 20 0.9618593
13 2 0.43432522
13 14 4.6284313
13 37 1.1102543
13 7 2000.0
13 27 0.22172669
13 16 50.290306
13 25 0.26680908
14 30 12.513144
14 20 1.452809
14 13 4.6284313
14 27 8.040333
14 33 0.8756726
14 11 2000.0
14 25 2.3624418
15 32 0.068235934
15 21 10.730253
16 30 1.1836903
16 8 1.5785519
16 18 1.1891265
16 13 50.290306
16 11 0.8913136
16 29 266.6667
16 5 1.4411178
16 34 51.245266
16 20 23.346006
16 7 1.8539166
16 27 1.3435774
16 23 2.408562
16 25 1.3517464
17 6 2.3212256
17 26 1.3932691
17 10 0.030653875
17 24 0.07270317
17 31 1.015642
17 9 0.043256335
17 4 0.14313635
17 19 1302.3864
18 0 2000.0
18 30 0.69398946
18 8 1.2656343
18 13 35.76832
18 11 3.0511415
18 29 1.2375789
18 5 0.9555353
18 2 1.894543
18 37 2.506501
18 7 2000.0
18 27 82.684975
18 16 1.1891265
18 23 1.1365501
19 28 53.718834
19 31 0.07873546
19 9 0.0928787
19 4 0.07107285
20 30 2.2970939
20 8 2000.0
20 13 0.9618593
20 33 1.0285082
20 11 1.0603553
20 29 5.7583823
20 5 2.3484883
20 34 0.97893894
20 2 1.6995323
20 14 1.452809
20 37 2.3982322
20 7 78.91212
20 27 1.3709748
20 16 23.346006
20 25 0.7543013
21 32 200.0
21 24 0.8862785
21 35 0.03250343
21 12 0.10866223
21 15 10.730253
22 31 189.47371
22 9 0.061903253
22 19 2000.0
23 0 2000.0
23 30 1.822111
23 8 1.0383017
23 2 9.583239
23 37 0.9818181
23 18 1.1365501
23 7 1.369883
23 16 2.408562
23 11 2000.0
23 29 1.6931642
23 5 2.8691049
24 26 0.04404573
24 32 0.26634037
24 10 0.07190207
24 21 0.8862785
24 12 0.100780964
24 15 2000.0
24 17 0.07270317
25 0 34.409462
25 30 15.478174
25 13 0.26680908
25 33 0.7073141
25 11 0.7892767
25 29 1.6271744
25 34 1.450856
25 20 0.7543013
25 2 0.43341282
25 14 2.3624418
25 37 61.18182
25 7 3.823473
25 27 0.2203171
25 16 1.3517464
26 32 64.35341
26 28 0.05095939
26 10 0.03367398
26 24 0.04404573
26 31 0.13975714
26 12 0.9303035
26 17 1.3932691
27 30 0.23035716
27 0 2000.0
27 8 0.5487751
27 18 82.684975
27 13 0.22172669
27 33 0.7764776
27 11 0.67278624
27 29 1.9962507
27 5 1.2699456
27 34 0.8136357
27 20 1.3709748
27 2 0.8463674
27 14 8.040333
27 37 0.92058825
27 7 2000.0
27 16 1.3435774
27 25 0.2203171
28 36 0.039545715
28 26 0.05095939
28 10 0.31434172
28 3 58.887928
28 12 1192.9546
28 9 0.7151393
28 19 53.718834
29 0 22.49342
29 30 1.1630388
29 8 0.37858856
29 18 1.2375789
29 13 0.85890824
29 33 21.801222
29 11 1.0277572
29 5 2.1736777
29 34 2.158549
29 20 5.7583823
29 2 1.2259588
29 37 0.9367707
29 7 2000.0
29 27 1.9962507
29 16 266.6667
29 23 1.6931642
29 25 1.6271744
30 8 0.42206374
30 18 0.69398946
30 13 158.47223
30 33 11.435922
30 11 0.84698415
30 29 1.1630388
30 5 0.54540795
30 34 0.8207387
30 20 2.2970939
30 2 23.413044
30 14 12.513144
30 37 10.9456215
30 7 0.50822693
30 27 0.23035716
30 16 1.1836903
30 23 1.822111
30 25 15.478174
31 26 0.13975714
31 6 0.17134874
31 10 1.9153471
31 35 39.71144
31 22 189.47371
31 9 0.031039223
31 4 0.07416968
31 17 1.015642
31 19 0.07873546
32 26 64.35341
32 24 0.26634037
32 21 200.0
32 12 7.359185
32 15 0.068235934
33 30 11.435922
33 13 1.1548554
33 11 1.8820661
33 29 21.801222
33 5 2000.0
33 34 2000.0
33 20 1.0285082
33 2 1.8976923
33 14 0.8756726
33 7 2000.0
33 27 0.7764776
33 16 2422.443
33 25 0.7073141
34 30 0.8207387
34 20 0.97893894
34 8 38.175167
34 37 2000.0
34 7 238.09525
34 13 200.0
34 27 0.8136357
34 16 51.245266
34 11 1.6073551
34 29 2.158549
34 25 1.450856
34 5 1.645947
35 21 0.03250343
35 31 39.71144
36 28 0.039545715
36 3 0.8228655
36 9 1.1976157
37 30 10.9456215
37 0 1.4717666
37 8 0.8168781
37 18 2.506501
37 13 1.1102543
37 11 1.0036343
37 29 0.9367707
37 5 17.813316
37 20 2.3982322
37 2 0.82403904
37 7 5460.739
37 27 0.92058825
37 16 2000.0
37 23 0.9818181
37 25 61.18182
