0 8 7.7196703
0 2 0.8108468
0 37 0.9295421
0 13 0.6337314
0 11 1793.6932
0 25 2000.0
0 29 8.337096
1 3 0.34236506
1 12 73.81318
2 30 18.829449
2 0 0.8108468
2 8 1.113275
2 18 7.4899526
2 13 0.3952046
2 33 2.5438802
2 11 1.5496048
2 29 0.83178884
2 20 5.3488197
2 37 0.9043655
2 27 0.48962992
2 23 40.82974
2 25 1.2694868
3 36 0.23432437
3 28 0.12939282
3 24 372.93845
3 12 0.11207894
3 1 0.34236506
3 9 0.3939082
4 31 0.07798033
4 9 0.07324512
4 17 0.07905977
4 19 0.08933495
5 30 0.905917
5 8 0.80946475
5 18 0.38522628
5 13 2000.0
5 11 5.4301267
5 29 2.8335803
5 34 2.851605
5 20 2.263026
5 37 2000.0
5 7 15.829596
5 27 3.3080173
5 16 1.7075921
5 23 11.912961
6 22 237.26344
6 31 1.1391667
6 17 1.4245623
7 34 22.081947
7 30 1.351385
7 20 1.9019289
7 8 58.876568
7 37 22.55416
7 16 1.3627268
7 11 17.330618
7 23 1.4682406
7 25 4.5607038
7 5 15.829596
8 0 7.7196703
8 30 0.79312664
8 18 1.3472891
8 13 2.3146327
8 11 1.2906439
8 29 0.8220434
8 5 0.80946475
8 34 10.408264
8 2 1.113275
8 37 1.9573177
8 7 58.876568
8 27 1.5839854
8 16 1.7792797
8 23 1.3739828
9 36 0.8220598
9 26 2000.0
9 28 2.4309678
9 10 3.1358373
9 22 0.5145926
9 31 0.029195033
9 3 0.3939082
9 17 0.041981503
9 4 0.07324512
9 19 0.066899575
10 26 0.034594808
10 28 0.39378473
10 24 0.07357394
10 31 0.035971053
10 12 3.333542
10 9 3.1358373
10 17 0.028400363
11 0 1793.6932
11 30 0.52343315
11 8 1.2906439
11 18 4.0390906
11 13 0.75227344
11 33 2.1919458
11 29 0.7414341
11 5 5.4301267
11 34 3.4767542
11 20 0.8244038
11 2 1.5496048
11 37 1.3318987
11 7 17.330618
11 27 0.79482853
11 16 0.8750686
11 25 0.9486316
12 26 1.3131843
12 28 4.6170793
12 32 0.4542298
12 10 3.333542
12 24 0.068071336
12 21 0.097174086
12 3 0.11207894
12 1 73.81318
13 30 2.1854105
13 0 0.6337314
13 8 2.3146327
13 18 213.33333
13 33 1.0199621
13 11 0.75227344
13 29 0.86324114
13 34 13.136655
13 20 0.7423184
13 2 0.3952046
13 14 7.832268
13 37 1.1765481
13 27 0.2862103
13 16 100.0
13 25 0.44445762
14 20 0.9521352
14 13 7.832268
14 33 0.40346077
14 27 3.3218727
14 11 2000.0
14 25 1.5657738
15 32 0.07962794
15 21 1.990651
16 0 2000.0
16 30 1.1308209
16 8 1.7792797
16 18 0.8010787
16 13 100.0
16 11 0.8750686
16 29 66.2095
16 5 1.7075921
16 20 11.361373
16 37 71.38084
16 7 1.3627268
16 27 1.6973736
16 23 13.469771
16 25 0.9767646
17 26 1.9500074
17 6 1.4245623
17 10 0.028400363
17 24 0.2588126
17 31 1.259796
17 9 0.041981503
17 4 0.07905977
17 19 2.0566728
18 30 0.7830297
18 2 7.4899526
18 8 1.3472891
18 37 1.194068
18 7 2000.0
18 13 213.33333
18 27 6.9611573
18 16 0.8010787
18 23 1.4384462
18 11 4.0390906
18 29 1.0646039
18 5 0.38522628
19 31 0.086569294
19 9 0.066899575
19 17 2.0566728
19 4 0.08933495
20 30 7.489137
20 13 0.7423184
20 33 1.2337408
20 11 0.8244038
20 29 2.9653294
20 5 2.263026
20 34 0.9470339
20 2 5.3488197
20 14 0.9521352
20 37 3.4325502
20 7 1.9019289
20 27 1.3259072
20 16 11.361373
20 25 0.5169351
21 10 2000.0
21 24 0.18088752
21 35 0.06412268
21 12 0.097174086
21 15 1.990651
22 6 237.26344
22 31 1072.7273
22 9 0.5145926
22 19 1289.6592
23 0 2000.0
23 30 2.7463102
23 2 40.82974
23 8 1.3739828
23 37 1.9485161
23 18 1.4384462
23 7 1.4682406
23 16 13.469771
23 11 2000.0
23 29 3.9866047
23 5 11.912961
24 26 0.059811283
24 32 0.121022
24 10 0.07357394
24 21 0.18088752
24 31 25.310133
24 12 0.068071336
24 3 372.93845
24 15 2000.0
24 17 0.2588126
25 30 1.8471911
25 13 0.44445762
25 33 0.35199624
25 11 0.9486316
25 29 2.8845022
25 34 2.1100523
25 20 0.5169351
25 2 1.2694868
25 14 1.5657738
25 37 24.821634
25 7 4.5607038
25 27 0.55505246
25 16 0.9767646
26 36 73.06301
26 32 78.25438
26 28 0.045558713
26 10 0.034594808
26 24 0.059811283
26 31 0.05571189
26 12 1.3131843
26 17 1.9500074
27 0 2000.0
27 30 0.62400275
27 8 1.5839854
27 18 6.9611573
27 13 0.2862103
27 33 1.0779992
27 11 0.79482853
27 29 0.5644935
27 5 3.3080173
27 34 0.8070753
27 20 1.3259072
27 2 0.48962992
27 14 3.3218727
27 37 1.0014864
27 7 2062.1023
27 16 1.6973736
27 25 0.55505246
28 36 0.031485867
28 26 0.045558713
28 10 0.39378473
28 3 0.12939282
28 12 4.6170793
28 9 2.4309678
29 0 8.337096
29 30 8.865951
29 8 0.8220434
29 18 1.0646039
29 13 0.86324114
29 11 0.7414341
29 5 2.8335803
29 34 4.473968
29 20 2.9653294
29 2 0.83178884
29 37 0.8896113
29 7 2000.0
29 27 0.5644935
29 16 66.2095
29 23 3.9866047
29 25 2.8845022
30 0 2000.0
30 8 0.79312664
30 18 0.7830297
30 13 2.1854105
30 33 2.8557427
30 11 0.52343315
30 29 8.865951
30 5 0.905917
30 34 4.028054
30 20 7.489137
30 2 18.829449
30 14 2000.0
30 37 5.2206182
30 7 1.351385
30 27 0.62400275
30 16 1.1308209
30 23 2.7463102
30 25 1.8471911
31 26 0.05571189
31 6 1.1391667
31 10 0.035971053
31 24 25.310133
31 9 0.029195033
31 17 1.259796
31 4 0.07798033
31 19 0.086569294
32 26 78.25438
32 24 0.121022
32 12 0.4542298
32 15 0.07962794
33 34 2000.0
33 30 2.8557427
33 20 1.2337408
33 2 2.5438802
33 14 0.40346077
33 7 2000.0
33 13 1.0199621
33 27 1.0779992
33 16 1622.3296
33 11 2.1919458
33 29 4032.443
33 25 0.35199624
34 30 4.028054
34 20 0.9470339
34 8 10.408264
34 7 22.081947
34 13 13.136655
34 27 0.8070753
34 16 5535.0566
34 11 3.4767542
34 25 2.1100523
34 29 4.473968
34 5 2.851605
35 21 0.06412268
36 26 73.06301
36 28 0.031485867
36 3 0.23432437
36 9 0.8220598
37 30 5.2206182
37 0 0.9295421
37 8 1.9573177
37 18 1.194068
37 13 1.1765481
37 11 1.3318987
37 29 0.8896113
37 20 3.4325502
37 2 0.9043655
37 7 22.55416
37 27 1.0014864
37 16 71.38084
37 23 1.9485161
37 25 24.821634
