0 8 7.96172
0 2 0.7969472
0 37 1.1641806
0 13 0.91589475
0 11 15.949532
0 29 15.560438
1 3 0.26787877
1 12 1208.2954
2 30 10.326193
2 0 0.7969472
2 8 0.94313383
2 18 8.037594
2 13 0.37267467
2 33 1.6335073
2 11 0.8646087
2 29 1.01686
2 20 1.5184774
2 37 0.9041472
2 27 1.0302258
2 16 2000.0
2 23 100.0
2 25 0.6266512
3 36 0.322013
3 28 0.08959815
3 24 140.41335
3 12 0.054171704
3 1 0.26787877
3 9 0.47249085
4 31 0.08590138
4 9 0.06738859
4 17 0.099521846
4 19 0.08305491
5 30 0.519994
5 8 0.91715044
5 18 0.35156706
5 13 142.15561
5 11 3.6472695
5 29 7.449321
5 34 1.3193152
5 20 3.793933
5 37 2000.0
5 7 7.238427
5 27 1.7942601
5 16 1.3909732
5 23 3.0813284
6 31 0.3458605
6 17 1.022595
7 34 14.909876
7 30 0.7998873
7 20 1.848293
7 8 21.405684
7 37 22.005716
7 27 417.7592
7 16 1.1782911
7 11 14.427014
7 23 0.97095436
7 25 5.673556
7 5 7.238427
8 0 7.96172
8 30 0.7525239
8 18 0.77994984
8 13 2.9002361
8 11 0.4952197
8 29 0.9113656
8 5 0.91715044
8 34 3.5453496
8 2 0.94313383
8 37 0.98510844
8 7 21.405684
8 27 1.5334378
8 16 1.294667
8 23 0.99704117
9 36 0.98884594
9 26 2000.0
9 28 1.8802873
9 10 6.6225967
9 22 0.27901307
9 31 0.028867302
9 3 0.47249085
9 12 2000.0
9 17 0.110297896
9 4 0.06738859
9 19 0.06961853
10 26 0.03870892
10 28 0.3614801
10 24 0.13989963
10 31 0.037717804
10 12 9.427936
10 9 6.6225967
10 17 0.029747069
11 0 15.949532
11 30 0.38905266
11 8 0.4952197
11 18 9.661948
11 13 0.6256204
11 33 2.5120156
11 29 0.9818753
11 5 3.6472695
11 34 2.206481
11 20 0.5996303
11 2 0.8646087
11 37 1.2811348
11 7 14.427014
11 27 0.40342116
11 16 0.8162956
11 25 0.7172964
12 26 1.9785887
12 28 2.8748624
12 32 0.34678653
12 10 9.427936
12 24 0.072652146
12 21 0.114778906
12 3 0.054171704
13 0 0.91589475
13 30 1.1251023
13 8 2.9002361
13 18 320.70074
13 33 0.7718802
13 11 0.6256204
13 29 1.1511781
13 5 142.15561
13 34 7.4194355
13 20 0.7212754
13 2 0.37267467
13 14 3.3330715
13 37 1.215378
13 27 0.27441463
13 16 159.36136
13 25 0.46859452
14 20 1.2090183
14 13 3.3330715
14 27 3.460678
14 33 0.42076722
14 11 2000.0
14 25 1.6890117
15 32 0.0816319
15 21 2.8509886
16 30 1.1026174
16 0 2000.0
16 8 1.294667
16 18 0.882411
16 13 159.36136
16 11 0.8162956
16 29 21.950094
16 5 1.3909732
16 20 4.6142116
16 37 16.801275
16 7 1.1782911
16 27 1.5392369
16 23 3.820924
16 25 1.2042453
17 26 1.8831768
17 6 1.022595
17 10 0.029747069
17 24 0.25620177
17 31 1.2094194
17 9 0.110297896
17 4 0.099521846
17 19 3.5268533
18 30 0.67832977
18 2 8.037594
18 8 0.77994984
18 37 1.3324153
18 13 320.70074
18 7 2000.0
18 27 3.1098378
18 16 0.882411
18 23 1.2091953
18 11 9.661948
18 29 1.1194074
18 5 0.35156706
19 31 0.07799049
19 9 0.06961853
19 17 3.5268533
19 4 0.08305491
20 30 17.790485
20 13 0.7212754
20 33 1.4320662
20 11 0.5996303
20 29 5.1083813
20 5 3.793933
20 34 0.7814798
20 2 1.5184774
20 14 1.2090183
20 37 1.8241758
20 7 1.848293
20 27 0.5639751
20 16 4.6142116
20 25 0.4352946
21 32 2000.0
21 24 0.59401476
21 35 0.042682126
21 12 0.114778906
21 15 2.8509886
22 6 1194.6023
22 31 1714.3181
22 9 0.27901307
22 19 1288.409
23 0 2000.0
23 30 1.4965582
23 2 100.0
23 8 0.99704117
23 37 1.5896624
23 18 1.2091953
23 7 0.97095436
23 16 3.820924
23 11 2000.0
23 29 2.2367115
23 5 3.0813284
24 26 0.051341224
24 32 0.11666972
24 10 0.13989963
24 21 0.59401476
24 31 7.2240057
24 3 140.41335
24 12 0.072652146
24 15 2000.0
24 17 0.25620177
25 30 1.3899909
25 0 2000.0
25 13 0.46859452
25 33 0.45632386
25 11 0.7172964
25 29 3.3795009
25 34 1.4448763
25 20 0.4352946
25 2 0.6266512
25 14 1.6890117
25 37 200.0
25 7 5.673556
25 27 0.55062175
25 16 1.2042453
26 36 1215.4546
26 32 21.471914
26 28 0.05094076
26 10 0.03870892
26 24 0.051341224
26 31 0.06162959
26 12 1.9785887
26 17 1.8831768
27 0 2000.0
27 30 0.2079565
27 8 1.5334378
27 18 3.1098378
27 13 0.27441463
27 33 0.83192253
27 11 0.40342116
27 29 0.52742314
27 5 1.7942601
27 34 0.78961045
27 20 0.5639751
27 2 1.0302258
27 14 3.460678
27 37 0.748342
27 7 417.7592
27 16 1.5392369
27 25 0.55062175
28 36 0.035511363
28 26 0.05094076
28 10 0.3614801
28 3 0.08959815
28 12 2.8748624
28 9 1.8802873
29 0 15.560438
29 30 6.290548
29 8 0.9113656
29 18 1.1194074
29 13 1.1511781
29 11 0.9818753
29 5 7.449321
29 34 7.142382
29 20 5.1083813
29 2 1.01686
29 37 0.82807785
29 7 2000.0
29 27 0.52742314
29 16 21.950094
29 23 2.2367115
29 25 3.3795009
30 0 2000.0
30 8 0.7525239
30 18 0.67832977
30 13 1.1251023
30 33 1.9903647
30 11 0.38905266
30 29 6.290548
30 5 0.519994
30 34 1.4302251
30 20 17.790485
30 2 10.326193
30 37 8.887596
30 7 0.7998873
30 27 0.2079565
30 16 1.1026174
30 23 1.4965582
30 25 1.3899909
31 26 0.06162959
31 6 0.3458605
31 10 0.037717804
31 24 7.2240057
31 9 0.028867302
31 17 1.2094194
31 4 0.08590138
31 19 0.07799049
32 26 21.471914
32 24 0.11666972
32 12 0.34678653
32 15 0.0816319
33 34 2000.0
33 30 1.9903647
33 20 1.4320662
33 2 1.6335073
33 14 0.42076722
33 7 2000.0
33 13 0.7718802
33 27 0.83192253
33 16 1627.8408
33 11 2.5120156
33 29 4592.9546
33 25 0.45632386
34 30 1.4302251
34 20 0.7814798
34 8 3.5453496
34 13 7.4194355
34 7 14.909876
34 27 0.78961045
34 16 1215.0568
34 11 2.206481
34 25 1.4448763
34 29 7.142382
34 5 1.3193152
35 21 0.042682126
36 26 1215.4546
36 28 0.035511363
36 3 0.322013
36 9 0.98884594
37 0 1.1641806
37 30 8.887596
37 8 0.98510844
37 18 1.3324153
37 13 1.215378
37 11 1.2811348
37 29 0.82807785
37 20 1.8241758
37 2 0.9041472
37 7 22.005716
37 27 0.748342
37 16 16.801275
37 23 1.5896624
37 25 200.0
