0 2 1.1440581
0 8 654.5455
0 37 1.787021
0 13 0.8326003
0 29 27.513208
0 25 12.587414
1 3 0.6958198
1 12 69.91661
2 30 16.686508
2 0 1.1440581
2 8 1.4916247
2 18 2.2455013
2 13 0.48549187
2 33 2.3941696
2 11 1.8211391
2 29 1.1317185
2 20 2.8232453
2 37 0.92319995
2 27 0.7647022
2 16 2000.0
2 23 6.2683206
2 25 0.6819971
3 36 0.26519105
3 28 8.691904
3 24 2000.0
3 12 0.07082482
3 1 0.6958198
3 9 0.49960527
4 31 0.07407284
4 9 0.0820183
4 17 0.17552419
4 19 0.0782964
5 30 0.6567579
5 8 0.9037426
5 18 0.9348777
5 13 33.058186
5 11 3.6483426
5 29 1.8155695
5 34 2.56059
5 20 3.127124
5 37 9.061593
5 7 13.089828
5 27 4.726026
5 16 2.014511
5 23 3.1930504
6 31 0.16193181
6 17 2.8673882
7 30 0.8289204
7 20 39.735863
7 8 8.974261
7 37 100.7103
7 16 1.1239899
7 11 188.61731
7 23 2.0216181
7 25 4.137646
7 5 13.089828
8 0 654.5455
8 30 0.7565622
8 18 1.1816727
8 13 2.7181315
8 11 0.8769362
8 29 0.8020865
8 5 0.9037426
8 34 36.938828
8 2 1.4916247
8 37 1.3997786
8 7 8.974261
8 27 0.9495962
8 16 1.83719
8 23 1.7303215
8 25 2000.0
9 36 0.4936196
9 26 2000.0
9 28 0.61913496
9 10 24.634619
9 22 0.051272728
9 31 0.0294459
9 3 0.49960527
9 12 2000.0
9 4 0.0820183
9 17 0.03528194
9 19 0.08176589
10 26 0.029052086
10 28 0.2861892
10 24 0.07833492
10 31 9.351258
10 12 25.557667
10 9 24.634619
10 17 0.030871607
11 0 2000.0
11 30 1.0729266
11 8 0.8769362
11 18 9.0454855
11 13 0.9765505
11 33 1.6911765
11 29 1.385054
11 5 3.6483426
11 34 3.7105405
11 20 1.7270458
11 2 1.8211391
11 37 1.5027213
11 7 188.61731
11 27 0.796422
11 16 0.9760518
11 25 0.7349691
12 26 0.57279885
12 32 5.2571993
12 10 25.557667
12 24 0.07329907
12 21 0.13708854
12 3 0.07082482
12 1 69.91661
13 30 25.171251
13 0 0.8326003
13 8 2.7181315
13 18 177.77777
13 33 1.1852753
13 11 0.9765505
13 29 0.9526405
13 5 33.058186
13 34 2000.0
13 20 0.8661725
13 2 0.48549187
13 14 4.8283024
13 37 1.2637205
13 7 2000.0
13 27 0.44063768
13 16 61.729702
13 25 0.37386194
14 30 11.427061
14 20 5.3392305
14 13 4.8283024
14 27 4.7606344
14 33 0.52988636
14 25 3.142645
15 32 0.08368351
15 21 6.656859
16 30 1.0665352
16 0 2000.0
16 8 1.83719
16 18 1.456996
16 13 61.729702
16 11 0.9760518
16 5 2.014511
16 34 63.99148
16 20 62.821274
16 7 1.1239899
16 27 1.3179142
16 23 3.3353598
16 25 1.2432486
17 6 2.8673882
17 26 1.3804672
17 10 0.030871607
17 24 0.13414377
17 31 0.99944115
17 9 0.03528194
17 4 0.17552419
17 19 149.25002
18 0 2000.0
18 30 0.670759
18 8 1.1816727
18 2 2.2455013
18 37 3.4426284
18 13 177.77777
18 27 28.130411
18 16 1.456996
18 11 9.0454855
18 23 1.4201871
18 29 1.8909233
18 5 0.9348777
19 31 0.09128788
19 9 0.08176589
19 4 0.0782964
19 17 149.25002
20 30 2.4214876
20 13 0.8661725
20 33 0.9463069
20 11 1.7270458
20 29 8.176759
20 5 3.127124
20 34 0.78611445
20 2 2.8232453
20 14 5.3392305
20 37 2.0563502
20 7 39.735863
20 27 0.8215544
20 16 62.821274
20 25 0.39523306
21 32 2000.0
21 24 0.6700894
21 35 0.03235842
21 31 2000.0
21 12 0.13708854
21 15 6.656859
22 31 60.000004
22 9 0.051272728
22 19 2000.0
23 0 2000.0
23 30 2.3073833
23 8 1.7303215
23 2 6.2683206
23 37 1.5552794
23 18 1.4201871
23 7 2.0216181
23 16 3.3353598
23 11 2000.0
23 29 1.3803056
23 5 3.1930504
24 26 0.04325633
24 32 0.2310397
24 10 0.07833492
24 21 0.6700894
24 12 0.07329907
24 17 0.13414377
25 30 17.941446
25 0 12.587414
25 13 0.37386194
25 33 0.59751445
25 11 0.7349691
25 29 4.5978484
25 34 2.1558707
25 20 0.39523306
25 2 0.6819971
25 14 3.142645
25 37 12.574479
25 7 4.137646
25 27 0.45656782
25 16 1.2432486
26 32 67.27159
26 28 0.06008523
26 10 0.029052086
26 24 0.04325633
26 31 0.16655013
26 12 0.57279885
26 17 1.3804672
27 30 0.6748154
27 0 2000.0
27 8 0.9495962
27 18 28.130411
27 13 0.44063768
27 33 0.7510687
27 11 0.796422
27 29 0.76169366
27 5 4.726026
27 34 1.1850468
27 20 0.8215544
27 2 0.7647022
27 14 4.7606344
27 37 0.85561013
27 7 2000.0
27 16 1.3179142
27 25 0.45656782
28 36 0.029796943
28 26 0.06008523
28 10 0.2861892
28 3 8.691904
28 12 1200.3408
28 9 0.61913496
28 19 1474.9431
29 0 27.513208
29 30 1.7617203
29 8 0.8020865
29 18 1.8909233
29 13 0.9526405
29 33 11.399518
29 11 1.385054
29 5 1.8155695
29 34 3.7593956
29 20 8.176759
29 2 1.1317185
29 37 0.8516275
29 7 2000.0
29 27 0.76169366
29 16 2000.0
29 23 1.3803056
29 25 4.5978484
30 8 0.7565622
30 18 0.670759
30 13 25.171251
30 33 5.177904
30 11 1.0729266
30 29 1.7617203
30 5 0.6567579
30 34 0.8556711
30 20 2.4214876
30 2 16.686508
30 14 11.427061
30 37 23.908255
30 7 0.8289204
30 27 0.6748154
30 16 1.0665352
30 23 2.3073833
30 25 17.941446
31 26 0.16655013
31 6 0.16193181
31 10 9.351258
31 35 45.30485
31 22 60.000004
31 9 0.0294459
31 4 0.07407284
31 17 0.99944115
31 19 0.09128788
32 26 67.27159
32 24 0.2310397
32 12 5.2571993
32 15 0.08368351
33 30 5.177904
33 13 1.1852753
33 11 1.6911765
33 29 11.399518
33 5 2000.0
33 34 2000.0
33 20 0.9463069
33 2 2.3941696
33 14 0.52988636
33 7 2000.0
33 27 0.7510687
33 16 3017.898
33 25 0.59751445
34 30 0.8556711
34 20 0.78611445
34 8 36.938828
34 37 2000.0
34 7 2000.0
34 27 1.1850468
34 16 63.99148
34 11 3.7105405
34 29 3.7593956
34 25 2.1558707
34 5 2.56059
35 21 0.03235842
35 31 45.30485
36 28 0.029796943
36 3 0.26519105
36 9 0.4936196
37 30 23.908255
37 0 1.787021
37 8 1.3997786
37 18 3.4426284
37 13 1.2637205
37 11 1.5027213
37 29 0.8516275
37 5 9.061593
37 20 2.0563502
37 2 0.92319995
37 7 100.7103
37 27 0.85561013
37 16 2000.0
37 23 1.5552794
37 25 12.574479
