0 2 1.5808234
0 37 1.3687594
0 13 0.8575371
0 29 23.659481
0 25 12.742742
1 3 1.1288011
1 12 34.480755
2 0 1.5808234
2 30 23.574968
2 8 1.1922737
2 18 2.4457521
2 13 0.7863444
2 33 1.6137363
2 11 1.4953681
2 29 1.5490526
2 20 3.3548272
2 37 1.2422837
2 27 1.0661129
2 16 2000.0
2 23 13.6050415
2 25 0.51280093
3 36 0.3633981
3 28 13.399988
3 24 1232.8977
3 12 0.083702676
3 1 1.1288011
3 9 0.8923546
4 31 0.0809808
4 9 0.082709454
4 17 0.14706825
4 19 0.07560086
5 30 0.76848865
5 8 0.7140303
5 18 0.49363315
5 13 17.720266
5 11 3.9036334
5 29 4.2609067
5 34 3.3280327
5 20 1.7079462
5 37 28.932419
5 7 11.041849
5 27 2.868954
5 16 1.484301
5 23 2.3480597
5 25 2000.0
6 31 0.14120589
6 17 1.6094844
7 34 327.27274
7 30 1.0828964
7 20 28.570833
7 8 5.0014696
7 37 57.94754
7 16 1.3459669
7 23 1.683583
7 11 78.83879
7 25 2.9843035
7 5 11.041849
8 0 1807.7614
8 30 0.31896
8 18 0.9925916
8 13 0.60523295
8 11 1.0488222
8 29 0.75378793
8 5 0.7140303
8 34 246.92899
8 2 1.1922737
8 37 1.0565441
8 7 5.0014696
8 27 3.602254
8 16 2.1395068
8 23 0.821469
8 25 2000.0
9 36 0.82613647
9 26 2000.0
9 28 0.83855236
9 10 62.76069
9 22 0.05075453
9 31 0.028698796
9 3 0.8923546
9 12 2000.0
9 4 0.082709454
9 17 0.041157883
9 19 0.064290866
10 26 0.029894827
10 28 0.95679325
10 24 0.08657316
10 31 16.42566
10 12 1211.3068
10 9 62.76069
10 17 0.05321471
11 0 2000.0
11 30 1.0139866
11 8 1.0488222
11 18 13.770876
11 13 1.4405403
11 33 2.4359658
11 29 0.6116394
11 5 3.9036334
11 34 3.1309345
11 20 1.2832903
11 2 1.4953681
11 37 1.5970093
11 7 78.83879
11 27 1.5954671
11 16 1.8623474
11 25 0.82679737
12 26 1.9441408
12 32 16.310606
12 24 0.073430166
12 21 0.18647575
12 3 0.083702676
12 1 34.480755
13 30 41.98419
13 0 0.8575371
13 8 0.60523295
13 18 214.88542
13 33 1.0204982
13 11 1.4405403
13 29 0.8110647
13 5 17.720266
13 34 2000.0
13 20 1.0834391
13 2 0.7863444
13 14 5.470772
13 37 1.9858057
13 7 2000.0
13 27 0.7817167
13 16 73.94927
13 25 0.27075696
14 30 25.133972
14 20 1.6660607
14 13 5.470772
14 27 4.808694
14 33 1.3694731
14 11 2000.0
14 25 2.864459
15 32 0.06467192
15 21 4.329677
16 0 2000.0
16 30 1.7912645
16 8 2.1395068
16 18 1.2668489
16 13 73.94927
16 11 1.8623474
16 29 40.203304
16 5 1.484301
16 34 156.65227
16 20 23.048796
16 7 1.3459669
16 27 2.3990688
16 23 4.861368
16 25 1.0838283
17 6 1.6094844
17 26 2.751365
17 10 0.05321471
17 24 0.20551932
17 31 1.3554138
17 9 0.041157883
17 4 0.14706825
17 19 193.8145
18 0 2000.0
18 30 0.70647836
18 8 0.9925916
18 13 214.88542
18 11 13.770876
18 29 1.175026
18 5 0.49363315
18 2 2.4457521
18 37 2.4027822
18 7 2000.0
18 27 18.811224
18 16 1.2668489
18 23 1.0772247
19 28 80.0
19 31 0.083874464
19 9 0.064290866
19 4 0.07560086
19 17 193.8145
20 0 2000.0
20 30 2.4865754
20 13 1.0834391
20 33 1.434972
20 11 1.2832903
20 29 4.977146
20 5 1.7079462
20 34 0.95883226
20 2 3.3548272
20 14 1.6660607
20 37 2.5067108
20 7 28.570833
20 27 1.4806935
20 16 23.048796
20 25 0.58019066
21 32 2000.0
21 24 0.8658009
21 35 0.054876897
21 12 0.18647575
21 15 4.329677
22 31 125.00001
22 9 0.05075453
22 19 2000.0
23 0 2000.0
23 30 1.9295924
23 8 0.821469
23 2 13.6050415
23 37 3.3693795
23 18 1.0772247
23 7 1.683583
23 16 4.861368
23 11 2000.0
23 29 1.072496
23 5 2.3480597
24 26 0.050614566
24 32 0.32854402
24 10 0.08657316
24 21 0.8658009
24 12 0.073430166
24 15 2000.0
24 17 0.20551932
25 0 12.742742
25 30 18.686249
25 13 0.27075696
25 33 0.7842304
25 11 0.82679737
25 29 1.975768
25 34 2.562553
25 20 0.58019066
25 2 0.51280093
25 14 2.864459
25 37 77.04591
25 7 2.9843035
25 27 0.24799138
25 16 1.0838283
26 32 144.6716
26 28 0.06902675
26 10 0.029894827
26 24 0.050614566
26 31 0.11644628
26 12 1.9441408
26 17 2.751365
27 30 0.8660638
27 0 2000.0
27 8 3.602254
27 18 18.811224
27 13 0.7817167
27 33 0.7725842
27 11 1.5954671
27 29 0.50108373
27 5 2.868954
27 34 1.4441068
27 20 1.4806935
27 2 1.0661129
27 14 4.808694
27 37 0.9885845
27 7 2000.0
27 16 2.3990688
27 25 0.24799138
28 36 0.033351757
28 26 0.06902675
28 10 0.95679325
28 3 13.399988
28 12 1686.1932
28 9 0.83855236
28 19 80.0
29 0 23.659481
29 30 3.0963864
29 8 0.75378793
29 18 1.175026
29 13 0.8110647
29 33 33.300594
29 11 0.6116394
29 5 4.2609067
29 34 9.428254
29 20 4.977146
29 2 1.5490526
29 37 0.8111677
29 7 2000.0
29 27 0.50108373
29 16 40.203304
29 23 1.072496
29 25 1.975768
30 8 0.31896
30 18 0.70647836
30 13 41.98419
30 33 7.940317
30 11 1.0139866
30 29 3.0963864
30 5 0.76848865
30 34 2.0382617
30 20 2.4865754
30 2 23.574968
30 14 25.133972
30 37 28.227776
30 7 1.0828964
30 27 0.8660638
30 16 1.7912645
30 23 1.9295924
30 25 18.686249
31 26 0.11644628
31 6 0.14120589
31 10 16.42566
31 35 51.70227
31 22 125.00001
31 9 0.028698796
31 4 0.0809808
31 17 1.3554138
31 19 0.083874464
32 26 144.6716
32 24 0.32854402
32 12 16.310606
32 15 0.06467192
33 30 7.940317
33 8 2000.0
33 13 1.0204982
33 11 2.4359658
33 29 33.300594
33 5 2000.0
33 34 2000.0
33 20 1.434972
33 2 1.6137363
33 14 1.3694731
33 37 2000.0
33 7 2000.0
33 27 0.7725842
33 16 3017.898
33 25 0.7842304
34 30 2.0382617
34 20 0.95883226
34 8 246.92899
34 37 2000.0
34 7 327.27274
34 13 2000.0
34 27 1.4441068
34 16 156.65227
34 11 3.1309345
34 29 9.428254
34 25 2.562553
34 5 3.3280327
35 21 0.054876897
35 31 51.70227
36 26 2000.0
36 28 0.033351757
36 10 2000.0
36 3 0.3633981
36 9 0.82613647
37 30 28.227776
37 0 1.3687594
37 8 1.0565441
37 18 2.4027822
37 13 1.9858057
37 11 1.5970093
37 29 0.8111677
37 5 28.932419
37 20 2.5067108
37 2 1.2422837
37 7 57.94754
37 27 0.9885845
37 16 2000.0
37 23 3.3693795
37 25 77.04591
