0 2 1.6553599
0 37 1.2766635
0 13 1.5555348
0 25 39.313225
0 29 32.031303
1 3 0.46085298
1 12 34.3631
2 30 16.658524
2 0 1.6553599
2 8 1.7320708
2 18 2.2973115
2 13 0.6748536
2 33 1.6628648
2 11 1.4333038
2 29 0.9783801
2 20 11.695836
2 37 0.8082295
2 27 0.9853293
2 16 2000.0
2 23 7.5388665
2 25 0.43258265
3 36 0.43609065
3 28 7.3633914
3 24 2000.0
3 12 0.069492504
3 1 0.46085298
3 9 0.29231343
4 31 0.06644357
4 9 0.090965256
4 17 0.1325231
4 19 0.07532075
5 30 0.71758574
5 8 0.90074456
5 18 1.2595537
5 13 53.556824
5 11 9.203552
5 29 3.5537667
5 34 3.7709627
5 20 3.2680655
5 37 9.070923
5 7 6.8174767
5 27 4.831543
5 16 1.8411572
5 23 3.6640103
5 25 2000.0
6 31 0.14835732
6 17 0.8815058
7 30 0.7062062
7 20 1325.1704
7 8 5.1610217
7 37 375.37717
7 16 1.1273576
7 11 1395.7386
7 23 1.2394009
7 25 2.673578
7 5 6.8174767
8 0 2000.0
8 30 0.47770134
8 18 2.3263948
8 13 0.7250885
8 11 1.1968402
8 29 0.45808077
8 5 0.90074456
8 34 74.95094
8 2 1.7320708
8 37 0.9577633
8 7 5.1610217
8 27 1.2099192
8 16 1.9822915
8 23 1.2238337
8 25 2000.0
9 36 0.85190624
9 28 1.8941029
9 10 66.576706
9 22 0.04737067
9 31 0.02982153
9 12 2000.0
9 3 0.29231343
9 4 0.090965256
9 17 0.05392522
9 19 0.070035405
10 26 0.028184421
10 28 0.67889833
10 24 0.094991036
10 31 13.8678465
10 12 52.941177
10 9 66.576706
10 17 0.035190612
11 0 2000.0
11 30 0.7973984
11 8 1.1968402
11 18 5.605204
11 13 0.601465
11 33 1.5527855
11 29 0.9583708
11 5 9.203552
11 34 1.9943182
11 20 1.3726374
11 2 1.4333038
11 37 1.5167041
11 7 1395.7386
11 27 0.59238136
11 16 1.5981356
11 25 0.6958405
12 26 1.3661524
12 32 3.1187818
12 10 52.941177
12 24 0.06863163
12 21 0.12184457
12 3 0.069492504
12 1 34.3631
13 30 55.354362
13 0 1.5555348
13 8 0.7250885
13 18 400.0
13 33 0.8520007
13 11 0.601465
13 29 1.0747736
13 5 53.556824
13 34 160.0
13 20 0.87795854
13 2 0.6748536
13 14 8.858894
13 37 1.4982527
13 7 2000.0
13 27 0.60623944
13 16 75.0
13 25 0.23235291
14 30 7.674431
14 20 11.316166
14 13 8.858894
14 27 5.176754
14 33 0.41033795
14 25 4.5561957
15 32 0.06907755
15 21 9.133264
16 30 1.3718808
16 0 2000.0
16 8 1.9822915
16 18 1.3505533
16 13 75.0
16 11 1.5981356
16 5 1.8411572
16 34 79.37386
16 20 37.711933
16 7 1.1273576
16 27 1.5876362
16 23 2.3470197
16 25 1.035189
17 6 0.8815058
17 26 1.6931869
17 10 0.035190612
17 24 0.12200758
17 31 1.1159986
17 9 0.05392522
17 4 0.1325231
17 19 172.12865
18 0 2000.0
18 30 0.92873955
18 8 2.3263948
18 13 400.0
18 11 5.605204
18 29 1.973086
18 5 1.2595537
18 2 2.2973115
18 37 2.3451996
18 7 2000.0
18 27 39.467804
18 16 1.3505533
18 23 1.4050348
19 31 0.08773005
19 9 0.070035405
19 4 0.07532075
19 17 172.12865
20 30 2.462842
20 13 0.87795854
20 33 0.9161443
20 11 1.3726374
20 29 5.9534316
20 5 3.2680655
20 34 0.8626499
20 2 11.695836
20 14 11.316166
20 37 7.610365
20 7 1325.1704
20 27 0.7339914
20 16 37.711933
20 25 0.6848311
21 32 2000.0
21 24 1.1589016
21 35 0.046761625
21 12 0.12184457
21 15 9.133264
22 31 93.2016
22 9 0.04737067
22 19 2000.0
23 0 2000.0
23 30 1.590919
23 8 1.2238337
23 2 7.5388665
23 37 1.6021287
23 18 1.4050348
23 7 1.2394009
23 16 2.3470197
23 11 2000.0
23 29 1.8491096
23 5 3.6640103
24 26 0.04057765
24 32 0.30966574
24 10 0.094991036
24 21 1.1589016
24 12 0.06863163
24 17 0.12200758
25 30 30.304707
25 0 39.313225
25 13 0.23235291
25 33 0.6872159
25 11 0.6958405
25 29 4.5171995
25 34 2.4670496
25 20 0.6848311
25 2 0.43258265
25 14 4.5561957
25 37 43.65682
25 7 2.673578
25 27 0.25919682
25 16 1.035189
26 32 71.82217
26 28 0.05941749
26 10 0.028184421
26 24 0.04057765
26 31 0.08511517
26 12 1.3661524
26 17 1.6931869
27 30 0.19162351
27 0 2000.0
27 8 1.2099192
27 18 39.467804
27 13 0.60623944
27 33 0.73170894
27 11 0.59238136
27 29 1.0558712
27 5 4.831543
27 34 1.1010088
27 20 0.7339914
27 2 0.9853293
27 14 5.176754
27 37 1.529972
27 7 2000.0
27 16 1.5876362
27 25 0.25919682
28 36 0.030747017
28 26 0.05941749
28 10 0.67889833
28 3 7.3633914
28 12 1200.3408
28 9 1.8941029
28 19 1474.9431
29 0 32.031303
29 30 1.4661478
29 8 0.45808077
29 18 1.973086
29 13 1.0747736
29 33 16.741735
29 11 0.9583708
29 5 3.5537667
29 34 4.464066
29 20 5.9534316
29 2 0.9783801
29 37 1.2625393
29 7 2000.0
29 27 1.0558712
29 16 2000.0
29 23 1.8491096
29 25 4.5171995
30 8 0.47770134
30 18 0.92873955
30 13 55.354362
30 33 5.6155443
30 11 0.7973984
30 29 1.4661478
30 5 0.71758574
30 34 0.8245434
30 20 2.462842
30 2 16.658524
30 14 7.674431
30 37 29.280775
30 7 0.7062062
30 27 0.19162351
30 16 1.3718808
30 23 1.590919
30 25 30.304707
31 26 0.08511517
31 6 0.14835732
31 10 13.8678465
31 35 142.70229
31 22 93.2016
31 21 2000.0
31 9 0.02982153
31 4 0.06644357
31 17 1.1159986
31 19 0.08773005
32 26 71.82217
32 24 0.30966574
32 12 3.1187818
32 15 0.06907755
33 30 5.6155443
33 8 2000.0
33 13 0.8520007
33 11 1.5527855
33 29 16.741735
33 5 2000.0
33 34 2000.0
33 20 0.9161443
33 2 1.6628648
33 14 0.41033795
33 7 2000.0
33 27 0.73170894
33 16 3017.898
33 25 0.6872159
34 30 0.8245434
34 20 0.8626499
34 8 74.95094
34 37 2000.0
34 13 160.0
34 7 2000.0
34 27 1.1010088
34 16 79.37386
34 11 1.9943182
34 29 4.464066
34 25 2.4670496
34 5 3.7709627
35 21 0.046761625
35 31 142.70229
36 28 0.030747017
36 3 0.43609065
36 9 0.85190624
37 30 29.280775
37 0 1.2766635
37 8 0.9577633
37 18 2.3451996
37 13 1.4982527
37 11 1.5167041
37 29 1.2625393
37 5 9.070923
37 20 7.610365
37 2 0.8082295
37 7 375.37717
37 27 1.529972
37 16 2000.0
37 23 1.6021287
37 25 43.65682
