0 8 5.576414
0 2 1.628651
0 37 1.2512462
0 13 0.7621028
0 11 215.71642
0 29 12.2405615
1 3 0.20901302
1 12 35.473545
2 30 17.223042
2 0 1.628651
2 8 1.2653673
2 18 55.194626
2 13 0.36456758
2 33 3.1621268
2 11 1.8548499
2 29 0.8718898
2 20 2.7878637
2 37 1.204586
2 27 0.4839572
2 16 2000.0
2 23 33.695225
2 25 1.2256249
3 36 0.26847705
3 28 0.06638258
3 24 360.00003
3 12 0.04937807
3 1 0.20901302
3 9 0.31022727
4 31 0.08180916
4 9 0.06936134
4 17 0.08580036
4 19 0.08231185
5 30 0.58770835
5 8 1.2057204
5 18 0.48767334
5 13 1793.1818
5 11 4.8927712
5 29 2.8648226
5 34 2.3629684
5 20 1.920635
5 37 2000.0
5 7 5.400737
5 27 2.4031818
5 16 1.3930227
5 23 4.9594007
6 31 0.5463286
6 17 0.7512267
7 34 7.531053
7 30 0.85701764
7 20 1.2483865
7 8 48.076706
7 37 11.634057
7 16 1.0459663
7 11 4.4962187
7 23 0.81425977
7 25 3.207922
7 5 5.400737
8 0 5.576414
8 30 0.7079713
8 18 0.7771665
8 13 3.5404134
8 11 0.46876603
8 29 0.93311024
8 5 1.2057204
8 34 3.0746312
8 2 1.2653673
8 37 0.88708335
8 7 48.076706
8 27 2.1825738
8 16 1.253927
8 23 1.5047396
9 36 1.0426278
9 26 2000.0
9 28 1.2174873
9 10 14.244372
9 22 0.2821772
9 31 0.031548966
9 3 0.31022727
9 17 0.03409992
9 4 0.06936134
9 19 0.07203996
10 26 0.03287879
10 28 0.30711633
10 24 0.043610636
10 31 0.0640803
10 12 8.562197
10 9 14.244372
10 17 0.03474576
11 0 215.71642
11 30 0.70162624
11 8 0.46876603
11 18 5.9040976
11 13 0.68182325
11 33 1.8295306
11 29 0.7814099
11 5 4.8927712
11 34 2.397996
11 20 0.6854377
11 2 1.8548499
11 37 1.627175
11 7 4.4962187
11 27 0.49713057
11 16 0.83750176
11 25 0.84822124
12 26 0.7820325
12 28 4.317347
12 32 0.204822
12 10 8.562197
12 24 0.07642993
12 21 0.0698198
12 3 0.04937807
12 1 35.473545
13 30 0.9049121
13 0 0.7621028
13 8 3.5404134
13 18 600.0
13 33 0.76667005
13 11 0.68182325
13 29 0.94922537
13 5 1793.1818
13 34 15.603653
13 20 0.6451924
13 2 0.36456758
13 14 3.2250197
13 37 1.3589811
13 27 0.27401802
13 16 4746.875
13 25 0.390515
14 20 0.88641715
14 13 3.2250197
14 27 3.6783884
14 33 0.41001996
14 11 2000.0
14 25 0.94693744
15 32 0.07555527
15 21 1.2321429
16 0 2000.0
16 30 1.1733807
16 8 1.253927
16 18 0.9082515
16 11 0.83750176
16 29 16.258492
16 5 1.3930227
16 20 5.2817736
16 37 18.75301
16 7 1.0459663
16 27 1.2013798
16 23 5.4021006
16 25 1.0075203
17 26 1.8491218
17 6 0.7512267
17 10 0.03474576
17 24 0.31645605
17 31 1.243924
17 9 0.03409992
17 4 0.08580036
17 19 1.9541396
18 30 0.7353525
18 2 55.194626
18 8 0.7771665
18 37 1.1194284
18 7 2000.0
18 13 600.0
18 27 2.898105
18 16 0.9082515
18 23 1.2545657
18 11 5.9040976
18 29 1.2526472
18 5 0.48767334
19 31 0.08210522
19 9 0.07203996
19 17 1.9541396
19 4 0.08231185
20 30 13.721386
20 13 0.6451924
20 33 1.3934826
20 11 0.6854377
20 29 1.6367867
20 5 1.920635
20 34 0.8268263
20 2 2.7878637
20 14 0.88641715
20 37 1.544995
20 7 1.2483865
20 27 0.7498129
20 16 5.2817736
20 25 0.34239748
21 32 800.0
21 10 2000.0
21 24 0.3505206
21 35 0.042537156
21 12 0.0698198
21 15 1.2321429
22 6 1952.3864
22 31 1105.6818
22 9 0.2821772
22 19 1377.7842
23 0 2000.0
23 30 1.565491
23 2 33.695225
23 8 1.5047396
23 37 1.9663899
23 18 1.2545657
23 7 0.81425977
23 16 5.4021006
23 11 2000.0
23 29 2.9337978
23 5 4.9594007
24 26 0.082435355
24 32 0.1311825
24 10 0.043610636
24 21 0.3505206
24 31 2.793053
24 12 0.07642993
24 3 360.00003
24 15 2000.0
24 17 0.31645605
25 30 1.3731611
25 13 0.390515
25 33 0.37994558
25 11 0.84822124
25 29 1.7705363
25 34 1.5579773
25 20 0.34239748
25 2 1.2256249
25 14 0.94693744
25 37 30.647936
25 7 3.207922
25 27 0.578214
25 16 1.0075203
26 36 2000.0
26 32 41.711086
26 28 0.09908514
26 10 0.03287879
26 24 0.082435355
26 31 0.0755134
26 12 0.7820325
26 17 1.8491218
27 0 2000.0
27 30 0.17750312
27 8 2.1825738
27 18 2.898105
27 13 0.27401802
27 33 1.0143099
27 11 0.49713057
27 29 0.53919715
27 5 2.4031818
27 34 0.9416703
27 20 0.7498129
27 2 0.4839572
27 14 3.6783884
27 37 0.6727794
27 7 2889.943
27 16 1.2013798
27 25 0.578214
28 36 0.0394967
28 26 0.09908514
28 10 0.30711633
28 3 0.06638258
28 12 4.317347
28 9 1.2174873
29 0 12.2405615
29 30 4.1829357
29 8 0.93311024
29 18 1.2526472
29 13 0.94922537
29 33 1589.9431
29 11 0.7814099
29 5 2.8648226
29 34 8.486819
29 20 1.6367867
29 2 0.8718898
29 37 1.1098436
29 7 2000.0
29 27 0.53919715
29 16 16.258492
29 23 2.9337978
29 25 1.7705363
30 0 2000.0
30 8 0.7079713
30 18 0.7353525
30 13 0.9049121
30 33 1.7538667
30 11 0.70162624
30 29 4.1829357
30 5 0.58770835
30 34 1.6076202
30 20 13.721386
30 2 17.223042
30 37 6.948641
30 7 0.85701764
30 27 0.17750312
30 16 1.1733807
30 23 1.565491
30 25 1.3731611
31 26 0.0755134
31 6 0.5463286
31 10 0.0640803
31 24 2.793053
31 9 0.031548966
31 17 1.243924
31 4 0.08180916
31 19 0.08210522
32 26 41.711086
32 24 0.1311825
32 21 800.0
32 12 0.204822
32 15 0.07555527
33 34 2000.0
33 30 1.7538667
33 20 1.3934826
33 2 3.1621268
33 14 0.41001996
33 7 2000.0
33 13 0.76667005
33 27 1.0143099
33 16 2000.0
33 11 1.8295306
33 29 1589.9431
33 25 0.37994558
34 30 1.6076202
34 20 0.8268263
34 8 3.0746312
34 13 15.603653
34 7 7.531053
34 27 0.9416703
34 16 1215.0568
34 11 2.397996
34 25 1.5579773
34 29 8.486819
34 5 2.3629684
35 21 0.042537156
36 26 2000.0
36 28 0.0394967
36 3 0.26847705
36 9 1.0426278
37 30 6.948641
37 0 1.2512462
37 8 0.88708335
37 18 1.1194284
37 13 1.3589811
37 11 1.627175
37 29 1.1098436
37 20 1.544995
37 2 1.204586
37 7 11.634057
37 27 0.6727794
37 16 18.75301
37 23 1.9663899
37 25 30.647936
