0 2 1.0223345
0 37 1.183952
0 13 1.0508823
0 29 14.966811
0 25 25.64066
1 3 0.6609091
1 12 23.642225
2 30 28.979168
2 0 1.0223345
2 8 1.5467283
2 18 2.349698
2 13 0.72879523
2 33 1.7159283
2 11 1.4955182
2 29 1.440527
2 20 3.1623936
2 37 0.8498738
2 27 1.4324044
2 16 2000.0
2 23 9.979141
2 25 0.4029834
3 36 0.44963843
3 28 17.135788
3 24 156.52176
3 12 0.066221856
3 1 0.6609091
3 9 0.24961144
4 31 0.0652702
4 9 0.081955194
4 17 0.11724105
4 19 0.066841215
5 30 0.81677276
5 8 0.38615528
5 18 0.577176
5 13 15.328306
5 11 1.2310141
5 29 2.7856512
5 34 2.650021
5 20 1.4600297
5 37 8.038048
5 7 13.8341055
5 27 1.0434235
5 16 1.2052037
5 23 2.9756787
5 25 2000.0
6 31 0.29604107
6 17 2.6778965
7 34 403.755
7 30 0.7935124
7 20 40.57802
7 8 8.755773
7 37 61.312504
7 16 1.2556641
7 23 1.2974905
7 25 2.411772
7 5 13.8341055
8 0 2000.0
8 30 0.45300856
8 18 1.3091714
8 13 1.2452354
8 11 0.89794284
8 29 0.74259055
8 5 0.38615528
8 34 20.43649
8 2 1.5467283
8 37 0.9765788
8 7 8.755773
8 27 1.2601135
8 16 1.6648508
8 23 0.8630145
8 25 2000.0
9 36 0.5907039
9 28 0.90892667
9 10 19.533216
9 22 0.03905129
9 31 0.029097885
9 3 0.24961144
9 12 2000.0
9 4 0.081955194
9 17 0.04170638
9 19 0.07201265
10 26 0.029984746
10 28 0.2333464
10 24 0.07943723
10 31 6.2739487
10 12 1211.3068
10 9 19.533216
10 17 0.029913146
11 0 2000.0
11 30 0.6538906
11 8 0.89794284
11 18 10.711562
11 13 0.68895835
11 33 2.0066805
11 29 1.2455066
11 5 1.2310141
11 34 3.4710312
11 20 1.0240164
11 2 1.4955182
11 37 1.5000952
11 7 110.05941
11 27 0.66986865
11 16 1.0534438
11 25 0.9037921
12 26 1.9636364
12 32 9.746507
12 24 0.07459078
12 21 0.096615344
12 3 0.066221856
12 1 23.642225
13 30 149.18143
13 0 1.0508823
13 8 1.2452354
13 18 121.14263
13 33 1.0522735
13 11 0.68895835
13 29 0.77041465
13 5 15.328306
13 34 391.45557
13 20 1.0847107
13 2 0.72879523
13 14 5.204932
13 37 0.9635758
13 7 2000.0
13 27 0.28006974
13 16 24.539352
13 25 0.2351188
14 30 11.052586
14 20 3.0561473
14 13 5.204932
14 27 4.7748876
14 33 2.103835
14 11 2000.0
14 25 1.7960554
15 32 0.07734004
15 21 3.2535558
16 30 1.0736148
16 0 2000.0
16 8 1.6648508
16 18 0.96666664
16 13 24.539352
16 11 1.0534438
16 5 1.2052037
16 34 24.800589
16 20 16.642237
16 7 1.2556641
16 27 1.3201612
16 23 2.7754843
16 25 0.79220486
17 6 2.6778965
17 26 1.2410083
17 10 0.029913146
17 24 0.13869147
17 31 0.96012324
17 9 0.04170638
17 4 0.11724105
17 19 42.206192
18 30 0.79069114
18 0 2000.0
18 8 1.3091714
18 13 121.14263
18 11 10.711562
18 29 1.2993335
18 5 0.577176
18 2 2.349698
18 37 1.8028846
18 7 2000.0
18 27 21.378012
18 16 0.96666664
18 23 1.6451759
19 31 0.096707664
19 9 0.07201265
19 4 0.066841215
19 17 42.206192
20 30 1.4737217
20 13 1.0847107
20 33 0.91933405
20 11 1.0240164
20 29 9.097617
20 5 1.4600297
20 34 0.86489004
20 2 3.1623936
20 14 3.0561473
20 37 1.7368401
20 7 40.57802
20 27 0.8673337
20 16 16.642237
20 25 0.46137226
21 32 2000.0
21 24 0.5070115
21 35 0.030268976
21 12 0.096615344
21 15 3.2535558
22 31 1145.0569
22 9 0.03905129
22 19 2000.0
23 0 2000.0
23 30 1.9018039
23 8 0.8630145
23 2 9.979141
23 37 1.7147663
23 18 1.6451759
23 7 1.2974905
23 16 2.7754843
23 11 2000.0
23 29 0.9589382
23 5 2.9756787
24 26 0.047983993
24 32 0.37578428
24 10 0.07943723
24 21 0.5070115
24 12 0.07459078
24 3 156.52176
24 17 0.13869147
25 30 28.809538
25 0 25.64066
25 13 0.2351188
25 33 1.3323829
25 11 0.9037921
25 29 1.9011458
25 34 1.5296844
25 20 0.46137226
25 2 0.4029834
25 14 1.7960554
25 37 41.851303
25 7 2.411772
25 27 0.3957052
25 16 0.79220486
26 32 22.705645
26 28 0.064179614
26 10 0.029984746
26 24 0.047983993
26 31 0.13659555
26 12 1.9636364
26 17 1.2410083
27 30 0.67383975
27 0 2000.0
27 8 1.2601135
27 18 21.378012
27 13 0.28006974
27 33 0.770109
27 11 0.66986865
27 29 0.75402313
27 5 1.0434235
27 34 1.0120322
27 20 0.8673337
27 2 1.4324044
27 14 4.7748876
27 37 1.0660744
27 7 2000.0
27 16 1.3201612
27 25 0.3957052
28 36 0.033477962
28 26 0.064179614
28 10 0.2333464
28 3 17.135788
28 12 1686.1932
28 9 0.90892667
28 19 1379.716
29 0 14.966811
29 30 1.0718222
29 8 0.74259055
29 18 1.2993335
29 13 0.77041465
29 33 9.834711
29 11 1.2455066
29 5 2.7856512
29 34 2.2075117
29 20 9.097617
29 2 1.440527
29 37 0.8546557
29 7 2000.0
29 27 0.75402313
29 16 2000.0
29 23 0.9589382
29 25 1.9011458
30 8 0.45300856
30 18 0.79069114
30 13 149.18143
30 33 35.43149
30 11 0.6538906
30 29 1.0718222
30 5 0.81677276
30 34 0.8859576
30 20 1.4737217
30 2 28.979168
30 14 11.052586
30 37 19.824106
30 7 0.7935124
30 27 0.67383975
30 16 1.0736148
30 23 1.9018039
30 25 28.809538
31 26 0.13659555
31 6 0.29604107
31 10 6.2739487
31 35 63.922104
31 9 0.029097885
31 4 0.0652702
31 17 0.96012324
31 19 0.096707664
32 26 22.705645
32 24 0.37578428
32 12 9.746507
32 15 0.07734004
33 30 35.43149
33 8 2000.0
33 13 1.0522735
33 11 2.0066805
33 29 9.834711
33 5 2000.0
33 34 2000.0
33 20 0.91933405
33 2 1.7159283
33 14 2.103835
33 7 2000.0
33 27 0.770109
33 16 3017.898
33 25 1.3323829
34 30 0.8859576
34 20 0.86489004
34 8 20.43649
34 37 2000.0
34 7 403.755
34 13 391.45557
34 27 1.0120322
34 16 24.800589
34 11 3.4710312
34 29 2.2075117
34 25 1.5296844
34 5 2.650021
35 21 0.030268976
35 31 63.922104
36 28 0.033477962
36 3 0.44963843
36 9 0.5907039
37 30 19.824106
37 0 1.183952
37 8 0.9765788
37 18 1.8028846
37 13 0.9635758
37 11 1.5000952
37 29 0.8546557
37 5 8.038048
37 20 1.7368401
37 2 0.8498738
37 7 61.312504
37 27 1.0660744
37 16 2000.0
37 23 1.7147663
37 25 41.851303
