0 2 0.7890707
0 37 1.0184711
0 13 0.8462234
0 29 11.409607
0 25 30.130556
1 3 1.3453585
1 12 8.674418
2 30 17.600044
2 0 0.7890707
2 8 1.1597837
2 18 1.952317
2 13 0.66303
2 33 2.0653753
2 11 1.7253184
2 29 1.1560471
2 20 4.6301007
2 37 0.8647247
2 27 1.2541217
2 16 2000.0
2 23 15.919659
2 25 0.4310332
3 36 0.6884519
3 28 11.157645
3 24 2000.0
3 12 0.07423021
3 1 1.3453585
3 9 0.45722118
4 31 0.054933917
4 9 0.08701565
4 17 0.23654239
4 19 0.06854839
5 30 0.73349977
5 8 1.0401528
5 18 0.8288184
5 13 26.481773
5 11 4.499366
5 29 4.13808
5 34 2.5151286
5 20 4.6774025
5 37 22.369963
5 7 19.1971
5 27 2.7285612
5 16 2.316467
5 23 20.03712
5 25 2000.0
6 31 0.10725807
6 17 2.4660761
7 30 0.93404955
7 20 34.155437
7 8 10.022837
7 27 232.25807
7 16 1.417734
7 23 1.3053596
7 11 63.30286
7 29 1028.5714
7 25 3.8904135
7 5 19.1971
8 0 2000.0
8 30 0.7247869
8 18 1.1919968
8 13 2.1320295
8 11 1.2809263
8 29 0.8910176
8 5 1.0401528
8 34 42.804066
8 2 1.1597837
8 37 1.0495296
8 7 10.022837
8 27 2.0131838
8 16 1.785202
8 23 1.1473547
8 25 2000.0
9 36 0.5481284
9 26 2000.0
9 28 0.80901515
9 10 25.226366
9 22 0.045714553
9 31 0.030188153
9 3 0.45722118
9 12 2000.0
9 4 0.08701565
9 17 0.035493035
9 19 0.07950702
10 26 0.03024404
10 28 0.420088
10 24 0.1209826
10 31 35.30114
10 12 1506.3636
10 9 25.226366
10 17 0.030879792
11 0 2000.0
11 30 0.6983638
11 8 1.2809263
11 18 19.512817
11 13 0.95103055
11 33 1.9598253
11 29 1.3892928
11 5 4.499366
11 34 4.8312454
11 20 2.514258
11 2 1.7253184
11 37 1.8863007
11 7 63.30286
11 27 0.6384501
11 16 1.4902289
11 25 1.3400794
12 26 0.5649302
12 32 7.023348
12 24 0.074976
12 21 0.128317
12 3 0.07423021
12 1 8.674418
13 30 41.46363
13 0 0.8462234
13 8 2.1320295
13 18 293.60065
13 33 1.3809725
13 11 0.95103055
13 29 1.0967913
13 5 26.481773
13 34 459.03033
13 20 1.3228307
13 2 0.66303
13 14 6.449268
13 37 0.7846267
13 7 2000.0
13 27 0.37397283
13 16 126.84603
13 25 0.25682694
14 30 10.0664
14 20 3.039808
14 13 6.449268
14 27 12.256197
14 33 0.3717379
14 11 2000.0
14 25 3.70705
15 32 0.07583742
15 21 5.9709888
16 0 2000.0
16 30 1.1217794
16 8 1.785202
16 18 1.1859155
16 13 126.84603
16 11 1.4902289
16 29 667.7868
16 5 2.316467
16 34 44.32065
16 20 67.51408
16 7 1.417734
16 27 1.4721197
16 23 2.8755465
16 25 1.073808
17 6 2.4660761
17 26 1.4490765
17 10 0.030879792
17 24 0.10202646
17 31 1.016504
17 9 0.035493035
17 4 0.23654239
17 19 1376.875
18 0 2000.0
18 30 0.7439516
18 8 1.1919968
18 13 293.60065
18 11 19.512817
18 29 1.944261
18 5 0.8288184
18 2 1.952317
18 37 2.21934
18 7 2000.0
18 27 19.375925
18 16 1.1859155
18 23 1.4030617
19 28 176.45454
19 31 0.0950345
19 9 0.07950702
19 4 0.06854839
20 30 1.4862467
20 13 1.3228307
20 33 0.94753796
20 11 2.514258
20 29 13.522028
20 5 4.6774025
20 34 1.2208117
20 2 4.6301007
20 14 3.039808
20 37 4.486522
20 7 34.155437
20 27 2.8796067
20 16 67.51408
20 25 0.64711016
21 26 2000.0
21 32 2000.0
21 24 0.81678694
21 35 0.03279046
21 31 2000.0
21 12 0.128317
21 15 5.9709888
22 31 75.0
22 9 0.045714553
22 19 2000.0
23 0 2000.0
23 30 1.6555259
23 8 1.1473547
23 2 15.919659
23 37 1.3105689
23 18 1.4030617
23 7 1.3053596
23 16 2.8755465
23 11 2000.0
23 29 2.3651981
23 5 20.03712
24 26 0.04824483
24 32 0.37809774
24 10 0.1209826
24 21 0.81678694
24 12 0.074976
24 15 2000.0
24 17 0.10202646
25 0 30.130556
25 30 29.683922
25 13 0.25682694
25 33 0.6886294
25 11 1.3400794
25 29 4.045915
25 34 2.4938374
25 20 0.64711016
25 2 0.4310332
25 14 3.70705
25 37 52.997932
25 7 3.8904135
25 27 0.2269475
25 16 1.073808
26 32 70.5591
26 28 0.060257543
26 10 0.03024404
26 24 0.04824483
26 31 0.12489074
26 12 0.5649302
26 17 1.4490765
27 30 0.21561496
27 0 2000.0
27 8 2.0131838
27 18 19.375925
27 13 0.37397283
27 33 0.8369541
27 11 0.6384501
27 29 0.77536523
27 5 2.7285612
27 34 1.6786487
27 20 2.8796067
27 2 1.2541217
27 14 12.256197
27 37 1.1159422
27 7 232.25807
27 16 1.4721197
27 25 0.2269475
28 36 0.037471592
28 26 0.060257543
28 10 0.420088
28 3 11.157645
28 12 1211.1364
28 9 0.80901515
28 19 176.45454
29 0 11.409607
29 30 2.482843
29 8 0.8910176
29 18 1.944261
29 13 1.0967913
29 33 29.690908
29 11 1.3892928
29 5 4.13808
29 34 9.33988
29 20 13.522028
29 2 1.1560471
29 37 0.85487765
29 7 1028.5714
29 27 0.77536523
29 16 667.7868
29 23 2.3651981
29 25 4.045915
30 8 0.7247869
30 18 0.7439516
30 13 41.46363
30 33 10.83642
30 11 0.6983638
30 29 2.482843
30 5 0.73349977
30 34 1.0646226
30 20 1.4862467
30 2 17.600044
30 14 10.0664
30 37 24.471815
30 7 0.93404955
30 27 0.21561496
30 16 1.1217794
30 23 1.6555259
30 25 29.683922
31 26 0.12489074
31 6 0.10725807
31 10 35.30114
31 22 75.0
31 9 0.030188153
31 4 0.054933917
31 17 1.016504
31 19 0.0950345
32 26 70.5591
32 24 0.37809774
32 12 7.023348
32 15 0.07583742
33 30 10.83642
33 8 2000.0
33 13 1.3809725
33 11 1.9598253
33 29 29.690908
33 34 2000.0
33 20 0.94753796
33 2 2.0653753
33 14 0.3717379
33 7 2000.0
33 27 0.8369541
33 16 3017.898
33 25 0.6886294
34 30 1.0646226
34 20 1.2208117
34 8 42.804066
34 37 2000.0
34 7 2000.0
34 13 459.03033
34 27 1.6786487
34 16 44.32065
34 11 4.8312454
34 29 9.33988
34 25 2.4938374
34 5 2.5151286
35 21 0.03279046
35 31 1204.1477
36 28 0.037471592
36 3 0.6884519
36 9 0.5481284
37 30 24.471815
37 0 1.0184711
37 8 1.0495296
37 18 2.21934
37 13 0.7846267
37 11 1.8863007
37 29 0.85487765
37 5 22.369963
37 20 4.486522
37 2 0.8647247
37 7 1691.9886
37 27 1.1159422
37 16 2000.0
37 23 1.3105689
37 25 52.997932
