0 8 5.2874627
0 2 1.1497514
0 37 0.8829545
0 13 0.9636963
0 11 87.392914
0 25 266.6667
0 29 4.966622
1 3 0.41845614
1 12 72.46353
2 30 24.75674
2 0 1.1497514
2 8 1.5771025
2 18 9.4531145
2 13 0.35745725
2 33 1.94253
2 11 0.7846877
2 29 0.83303803
2 20 5.370983
2 37 0.85876846
2 27 1.5983105
2 16 2000.0
2 23 27.606178
2 25 1.8693665
3 36 0.2256392
3 28 0.09735578
3 24 480.00003
3 12 0.06140399
3 1 0.41845614
3 9 0.30063573
4 31 0.08464472
4 9 0.070938274
4 17 0.08380124
4 19 0.08720194
5 30 0.74248105
5 8 0.8429733
5 18 0.5707156
5 13 2000.0
5 11 3.6973135
5 29 2.3381472
5 34 4.219164
5 20 2.398852
5 37 2000.0
5 7 11.597752
5 27 2.002672
5 16 1.4463834
5 23 4.125064
6 31 1.0153394
6 17 1.1996047
7 34 13.150416
7 30 1.224624
7 20 1.7029148
7 8 87.37841
7 37 15.684485
7 16 1.4356894
7 11 30.568356
7 23 1.2208599
7 25 15.037974
7 5 11.597752
8 0 5.2874627
8 30 1.3392603
8 18 0.9276548
8 13 3.7169166
8 11 0.813629
8 29 0.80958337
8 5 0.8429733
8 34 5.462551
8 2 1.5771025
8 37 1.3899146
8 7 87.37841
8 27 1.1125604
8 16 1.4761953
8 23 0.92801595
9 36 1.538003
9 26 2000.0
9 28 8.799837
9 10 2.2939272
9 22 0.38962767
9 31 0.03006486
9 3 0.30063573
9 12 2000.0
9 17 0.052542377
9 4 0.070938274
9 19 0.068667404
10 26 0.043807354
10 28 1.1369044
10 24 0.07355289
10 31 0.029286452
10 12 4.281085
10 9 2.2939272
10 17 0.029976172
11 0 87.392914
11 30 0.4460176
11 8 0.813629
11 18 4.7271185
11 13 0.48082116
11 33 2.4673522
11 29 0.29264158
11 5 3.6973135
11 34 3.9648993
11 20 0.5661794
11 2 0.7846877
11 37 1.3950422
11 7 30.568356
11 27 0.46404085
11 16 0.9307018
11 25 1.2334031
12 26 0.5986804
12 28 5.717995
12 32 0.18955101
12 10 4.281085
12 24 0.09308345
12 21 0.10681387
12 3 0.06140399
12 1 72.46353
13 30 1.9433618
13 0 0.9636963
13 8 3.7169166
13 18 900.00006
13 33 0.84572506
13 11 0.48082116
13 29 0.61501783
13 34 11.010462
13 20 0.5885121
13 2 0.35745725
13 14 3.8693302
13 37 3.0104864
13 27 0.4026216
13 16 86.69524
13 25 0.59519863
14 20 1.1428477
14 13 3.8693302
14 33 0.77293456
14 27 2.078997
14 11 2000.0
14 25 1.5351967
15 32 0.07121953
15 21 2.1830032
16 0 2000.0
16 30 1.2002333
16 8 1.4761953
16 18 1.1048733
16 13 86.69524
16 11 0.9307018
16 29 4632.6704
16 5 1.4463834
16 20 11.418191
16 37 199.03693
16 7 1.4356894
16 27 1.6129456
16 23 18.136185
16 25 3.1582778
17 26 1.9462267
17 6 1.1996047
17 10 0.029976172
17 24 0.17435928
17 31 1.3034973
17 9 0.052542377
17 4 0.08380124
17 19 2.0360582
18 30 0.7601754
18 2 9.4531145
18 8 0.9276548
18 37 1.1082612
18 7 2000.0
18 13 900.00006
18 27 2.3520093
18 16 1.1048733
18 23 1.4181737
18 11 4.7271185
18 29 1.1402502
18 5 0.5707156
19 31 0.0664136
19 9 0.068667404
19 17 2.0360582
19 4 0.08720194
20 30 9.940559
20 13 0.5885121
20 33 1.1992112
20 11 0.5661794
20 29 0.6847403
20 5 2.398852
20 34 1.0014416
20 2 5.370983
20 14 1.1428477
20 37 4.373042
20 7 1.7029148
20 27 0.35953337
20 16 11.418191
20 25 0.752913
21 32 2000.0
21 24 0.11624126
21 35 0.040871177
21 12 0.10681387
21 15 2.1830032
22 6 1684.2046
22 31 1121.8182
22 9 0.38962767
22 19 1203.9772
23 0 2000.0
23 30 1.1675868
23 2 27.606178
23 8 0.92801595
23 37 2.3756716
23 18 1.4181737
23 7 1.2208599
23 16 18.136185
23 11 2000.0
23 29 2.2676902
23 5 4.125064
24 26 0.08108112
24 32 0.1299407
24 28 2000.0
24 10 0.07355289
24 21 0.11624126
24 31 12.07514
24 3 480.00003
24 12 0.09308345
24 15 2000.0
24 17 0.17435928
25 0 266.6667
25 30 3.5872667
25 13 0.59519863
25 33 0.7888782
25 11 1.2334031
25 29 6.0449953
25 34 3.9984806
25 20 0.752913
25 2 1.8693665
25 14 1.5351967
25 37 46.59611
25 7 15.037974
25 27 0.6139643
25 16 3.1582778
26 32 32.162308
26 28 0.041630883
26 10 0.043807354
26 24 0.08108112
26 31 0.072298236
26 12 0.5986804
26 17 1.9462267
27 0 2000.0
27 30 0.18855987
27 8 1.1125604
27 18 2.3520093
27 13 0.4026216
27 33 0.86838627
27 11 0.46404085
27 29 0.41220674
27 5 2.002672
27 34 1.7150375
27 20 0.35953337
27 2 1.5983105
27 14 2.078997
27 37 1.8217576
27 7 2989.2046
27 16 1.6129456
27 25 0.6139643
28 36 0.043150254
28 26 0.041630883
28 10 1.1369044
28 3 0.09735578
28 12 5.717995
28 9 8.799837
29 0 4.966622
29 30 1.9817119
29 8 0.80958337
29 18 1.1402502
29 13 0.61501783
29 11 0.29264158
29 5 2.3381472
29 34 3.3464649
29 20 0.6847403
29 2 0.83303803
29 37 0.8579578
29 7 2000.0
29 27 0.41220674
29 23 2.2676902
29 25 6.0449953
30 0 2000.0
30 8 1.3392603
30 18 0.7601754
30 13 1.9433618
30 33 3.3616877
30 11 0.4460176
30 29 1.9817119
30 5 0.74248105
30 34 3.5448112
30 20 9.940559
30 2 24.75674
30 14 2000.0
30 37 13.604543
30 7 1.224624
30 27 0.18855987
30 16 1.2002333
30 23 1.1675868
30 25 3.5872667
31 26 0.072298236
31 6 1.0153394
31 10 0.029286452
31 24 12.07514
31 9 0.03006486
31 17 1.3034973
31 4 0.08464472
31 19 0.0664136
32 26 32.162308
32 24 0.1299407
32 12 0.18955101
32 15 0.07121953
33 30 3.3616877
33 8 2000.0
33 13 0.84572506
33 11 2.4673522
33 29 2382.1023
33 5 2000.0
33 34 2000.0
33 20 1.1992112
33 2 1.94253
33 14 0.77293456
33 7 2000.0
33 27 0.86838627
33 16 2000.0
33 25 0.7888782
34 30 3.5448112
34 20 1.0014416
34 8 5.462551
34 7 13.150416
34 13 11.010462
34 27 1.7150375
34 16 2536.0227
34 11 3.9648993
34 25 3.9984806
34 29 3.3464649
34 5 4.219164
35 21 0.040871177
36 26 2000.0
36 28 0.043150254
36 3 0.2256392
36 9 1.538003
37 30 13.604543
37 0 0.8829545
37 8 1.3899146
37 18 1.1082612
37 13 3.0104864
37 11 1.3950422
37 29 0.8579578
37 20 4.373042
37 2 0.85876846
37 7 15.684485
37 27 1.8217576
37 16 199.03693
37 23 2.3756716
37 25 46.59611
