0 8 15.306585
0 2 1.3594449
0 37 1.0127045
0 13 0.69530565
0 11 71.42827
0 29 17.157866
0 25 2000.0
1 3 0.26339284
1 12 1202.159
2 30 20.059784
2 0 1.3594449
2 8 0.92968506
2 18 4.91323
2 13 0.3144129
2 33 1.9814347
2 11 0.8816036
2 29 1.1743832
2 20 1.1422192
2 37 0.8186401
2 27 0.58891654
2 16 2000.0
2 23 15.840527
2 25 1.3831775
3 36 0.31165108
3 28 0.07179781
3 24 276.9231
3 12 0.055486243
3 1 0.26339284
3 9 0.17005132
4 31 0.07835108
4 9 0.050195836
4 17 0.0850127
4 19 0.08911988
5 30 0.69095576
5 8 0.5894245
5 18 0.3605547
5 13 2000.0
5 11 2.2457476
5 29 3.0271606
5 34 1.1778497
5 20 1.2429428
5 37 2000.0
5 7 3.7861283
5 27 1.7905595
5 16 1.6166252
5 23 5.8810806
6 31 1.7587116
6 17 1.5954546
7 34 10.81946
7 30 0.9346501
7 20 2.104765
7 8 23.954414
7 37 10.427206
7 27 61.671402
7 16 1.3141847
7 11 6.334362
7 23 1.5143087
7 25 19.261045
7 5 3.7861283
8 0 15.306585
8 30 0.61870956
8 18 0.8529601
8 13 4.4609046
8 11 0.5145971
8 29 0.5800523
8 5 0.5894245
8 34 1.3968133
8 2 0.92968506
8 37 0.9491807
8 7 23.954414
8 27 1.4022555
8 16 1.2744001
8 23 0.7675668
9 36 2.702765
9 26 2000.0
9 28 3.8754766
9 10 4.0080986
9 22 0.74410284
9 31 0.029319601
9 3 0.17005132
9 12 2000.0
9 17 0.040687487
9 4 0.050195836
9 19 0.06532159
10 26 0.032450512
10 28 0.14475206
10 24 0.043889552
10 31 0.05139163
10 12 16.86373
10 9 4.0080986
10 17 0.0317022
11 0 71.42827
11 30 0.38540336
11 8 0.5145971
11 18 7.8674426
11 13 0.5958538
11 33 2.676498
11 29 0.6932549
11 5 2.2457476
11 34 2.1611922
11 20 0.72928226
11 2 0.8816036
11 37 1.3095317
11 7 6.334362
11 27 0.43385324
11 16 0.9084437
11 25 0.897463
12 26 1.0642362
12 28 0.7267671
12 32 0.19587134
12 10 16.86373
12 24 0.07788048
12 21 0.08751833
12 3 0.055486243
13 30 3.7573736
13 0 0.69530565
13 8 4.4609046
13 18 396.6103
13 33 0.9228483
13 11 0.5958538
13 29 0.64863056
13 5 2000.0
13 34 7.342814
13 20 0.53988636
13 2 0.3144129
13 14 2.1789312
13 37 3.6519048
13 27 0.2157374
13 16 96.79383
13 25 0.6479083
14 20 1.0896106
14 13 2.1789312
14 33 0.42187977
14 27 2.284764
14 11 2000.0
14 25 1.6509405
15 32 0.07540086
15 21 1.0019243
16 30 1.0675415
16 0 2000.0
16 8 1.2744001
16 18 1.0593708
16 13 96.79383
16 11 0.9084437
16 29 34.01258
16 5 1.6166252
16 20 9.38583
16 37 37.915913
16 7 1.3141847
16 27 1.658791
16 23 5.610877
16 25 1.5219886
17 26 2.4312367
17 6 1.5954546
17 10 0.0317022
17 24 0.14114095
17 31 1.1856817
17 9 0.040687487
17 4 0.0850127
17 19 2.7035158
18 30 0.7683511
18 2 4.91323
18 8 0.8529601
18 37 0.92349833
18 7 2000.0
18 13 396.6103
18 27 3.557891
18 16 1.0593708
18 23 1.1182746
18 11 7.8674426
18 29 0.9461573
18 5 0.3605547
19 31 0.07842506
19 9 0.06532159
19 17 2.7035158
19 4 0.08911988
20 30 12.769533
20 13 0.53988636
20 33 1.7670455
20 11 0.72928226
20 29 3.2757215
20 5 1.2429428
20 34 0.8197019
20 2 1.1422192
20 14 1.0896106
20 37 2.4959595
20 7 2.104765
20 27 0.55857384
20 16 9.38583
20 25 0.46947706
21 32 2000.0
21 10 2000.0
21 24 0.70813006
21 35 0.043881074
21 12 0.08751833
21 15 1.0019243
22 6 1970.5114
22 31 1168.0114
22 9 0.74410284
22 19 1329.4886
23 0 2000.0
23 30 3.2286465
23 2 15.840527
23 8 0.7675668
23 37 1.909861
23 18 1.1182746
23 7 1.5143087
23 16 5.610877
23 11 2000.0
23 29 13.7969885
23 5 5.8810806
24 26 0.0597571
24 32 0.116536625
24 10 0.043889552
24 21 0.70813006
24 31 16.191689
24 12 0.07788048
24 3 276.9231
24 15 2000.0
24 17 0.14114095
25 0 2000.0
25 30 0.91700065
25 13 0.6479083
25 33 0.5843663
25 11 0.897463
25 29 3.3904932
25 5 2000.0
25 34 1.3051614
25 20 0.46947706
25 2 1.3831775
25 14 1.6509405
25 37 23.732279
25 7 19.261045
25 27 0.6802931
25 16 1.5219886
26 36 182.03694
26 32 19.8398
26 28 0.03738087
26 10 0.032450512
26 24 0.0597571
26 31 0.07089818
26 12 1.0642362
26 17 2.4312367
27 0 2000.0
27 30 0.23216282
27 8 1.4022555
27 18 3.557891
27 13 0.2157374
27 33 1.1887009
27 11 0.43385324
27 29 0.42973793
27 5 1.7905595
27 34 0.933543
27 20 0.55857384
27 2 0.58891654
27 14 2.284764
27 37 0.5829388
27 7 61.671402
27 16 1.658791
27 25 0.6802931
28 36 0.032838278
28 26 0.03738087
28 10 0.14475206
28 3 0.07179781
28 12 0.7267671
28 9 3.8754766
29 0 17.157866
29 30 2.6178074
29 8 0.5800523
29 18 0.9461573
29 13 0.64863056
29 11 0.6932549
29 5 3.0271606
29 34 6.7109323
29 20 3.2757215
29 2 1.1743832
29 37 0.8328924
29 7 2000.0
29 27 0.42973793
29 16 34.01258
29 23 13.7969885
29 25 3.3904932
30 0 2000.0
30 8 0.61870956
30 18 0.7683511
30 13 3.7573736
30 33 1.7319304
30 11 0.38540336
30 29 2.6178074
30 5 0.69095576
30 34 1.4539382
30 20 12.769533
30 2 20.059784
30 14 2000.0
30 37 2.7942502
30 7 0.9346501
30 27 0.23216282
30 16 1.0675415
30 23 3.2286465
30 25 0.91700065
31 26 0.07089818
31 6 1.7587116
31 10 0.05139163
31 24 16.191689
31 9 0.029319601
31 17 1.1856817
31 4 0.07835108
31 19 0.07842506
32 26 19.8398
32 24 0.116536625
32 12 0.19587134
32 15 0.07540086
33 30 1.7319304
33 8 2000.0
33 13 0.9228483
33 11 2.676498
33 29 2000.0
33 5 2000.0
33 34 2000.0
33 20 1.7670455
33 2 1.9814347
33 14 0.42187977
33 7 2000.0
33 27 1.1887009
33 16 2000.0
33 25 0.5843663
34 30 1.4539382
34 20 0.8197019
34 8 1.3968133
34 13 7.342814
34 7 10.81946
34 27 0.933543
34 16 1215.0568
34 11 2.1611922
34 25 1.3051614
34 29 6.7109323
34 5 1.1778497
35 21 0.043881074
36 26 182.03694
36 28 0.032838278
36 3 0.31165108
36 9 2.702765
37 30 2.7942502
37 0 1.0127045
37 8 0.9491807
37 18 0.92349833
37 13 3.6519048
37 11 1.3095317
37 29 0.8328924
37 20 2.4959595
37 2 0.8186401
37 7 10.427206
37 27 0.5829388
37 16 37.915913
37 23 1.909861
37 25 23.732279
