0 2 2.3052137
0 37 1.0207336
0 13 0.6289571
0 29 25.917938
0 25 18.339182
1 3 0.92684174
1 12 23.20341
2 30 21.738256
2 0 2.3052137
2 8 1.124371
2 18 2.303958
2 13 0.70946527
2 33 2.228242
2 11 2.009634
2 29 1.3097885
2 20 2.5495906
2 37 0.96589404
2 27 1.3048228
2 16 2000.0
2 23 7.7899885
2 25 0.98053396
3 36 0.5147475
3 28 12.624308
3 24 2000.0
3 12 0.04893194
3 1 0.92684174
3 9 0.54255486
4 31 0.06537934
4 9 0.088673025
4 17 0.163954
4 19 0.0671362
5 30 0.66389847
5 8 0.4503016
5 18 2.10051
5 13 26.330223
5 11 1.407882
5 29 3.3699484
5 34 3.3011932
5 20 1.6048609
5 37 13.339531
5 7 13.121591
5 27 2.2338727
5 16 1.3108767
5 23 2.5768473
6 31 0.11846681
6 17 5.6726637
7 34 200.0
7 30 0.73511344
7 20 76.78598
7 8 6.7045064
7 37 247.34163
7 16 1.1349051
7 23 1.4565939
7 29 2000.0
7 25 2.3305254
7 5 13.121591
8 0 2000.0
8 30 0.47940177
8 18 1.2172308
8 13 0.9717998
8 11 0.8060209
8 29 0.28679058
8 5 0.4503016
8 34 38.321465
8 2 1.124371
8 37 0.8631307
8 7 6.7045064
8 27 1.212673
8 16 1.5023192
8 23 0.8022877
8 25 2000.0
9 36 0.48972315
9 26 2000.0
9 28 1.8586301
9 10 7.764118
9 22 0.05331773
9 31 0.02988566
9 3 0.54255486
9 12 2000.0
9 4 0.088673025
9 17 0.032578427
9 19 0.0662945
10 26 0.030332081
10 28 0.3119375
10 24 0.08608936
10 31 11.950783
10 12 1463.5796
10 9 7.764118
10 17 0.030006006
11 0 2000.0
11 30 0.9045562
11 8 0.8060209
11 18 4.7903857
11 13 1.0075606
11 33 2.0651906
11 29 1.2294693
11 5 1.407882
11 34 1.6608411
11 20 0.9817184
11 2 2.009634
11 37 1.5800215
11 7 2643.977
11 27 0.7327216
11 16 0.9280123
11 25 0.7906083
12 26 0.67680305
12 32 3.8079004
12 24 0.07128612
12 21 0.09710745
12 3 0.04893194
12 1 23.20341
13 30 18.791729
13 0 0.6289571
13 8 0.9717998
13 18 587.4944
13 33 0.9425825
13 11 1.0075606
13 29 0.76118916
13 5 26.330223
13 34 3229.2615
13 20 0.8250588
13 2 0.70946527
13 14 7.0259295
13 37 1.5538667
13 7 2000.0
13 27 0.27644986
13 16 19.641132
13 25 0.25642097
14 30 11.809659
14 20 2.101719
14 13 7.0259295
14 27 2.475771
14 33 0.9811849
14 11 2000.0
14 25 1.9831123
15 32 0.09682002
15 21 2.541506
16 34 80.18369
16 30 1.0741594
16 20 19.74314
16 8 1.5023192
16 18 1.2219169
16 13 19.641132
16 7 1.1349051
16 27 1.5608412
16 11 0.9280123
16 23 3.073111
16 25 2.080479
16 5 1.3108767
17 6 5.6726637
17 26 1.9008075
17 10 0.030006006
17 24 0.058513563
17 31 0.9746887
17 9 0.032578427
17 4 0.163954
17 19 1152.9546
18 0 2000.0
18 30 0.8582188
18 8 1.2172308
18 13 587.4944
18 11 4.7903857
18 29 1.5219696
18 5 2.10051
18 2 2.303958
18 37 2.7563553
18 7 2000.0
18 27 13.459447
18 16 1.2219169
18 23 1.0748953
19 31 0.10021134
19 9 0.0662945
19 4 0.0671362
20 30 1.0074137
20 8 2000.0
20 13 0.8250588
20 33 1.0233036
20 11 0.9817184
20 29 10.895082
20 5 1.6048609
20 34 0.8335008
20 2 2.5495906
20 14 2.101719
20 37 2.3272057
20 7 76.78598
20 27 1.4588765
20 16 19.74314
20 25 0.42976066
21 26 2000.0
21 24 0.5855435
21 35 0.030674605
21 31 2000.0
21 12 0.09710745
21 15 2.541506
22 31 40.614143
22 9 0.05331773
22 19 2000.0
23 0 2000.0
23 30 3.0001128
23 8 0.8022877
23 2 7.7899885
23 37 1.1671983
23 18 1.0748953
23 7 1.4565939
23 16 3.073111
23 11 2000.0
23 29 1.2434863
23 5 2.5768473
24 26 0.040617906
24 32 0.2011968
24 10 0.08608936
24 21 0.5855435
24 12 0.07128612
24 15 2000.0
24 17 0.058513563
25 30 32.284874
25 0 18.339182
25 13 0.25642097
25 33 0.6687994
25 11 0.7906083
25 29 3.0114806
25 34 1.6288592
25 20 0.42976066
25 2 0.98053396
25 14 1.9831123
25 37 34.892704
25 7 2.3305254
25 27 0.23278706
25 16 2.080479
26 32 18.018377
26 28 0.094315425
26 10 0.030332081
26 24 0.040617906
26 31 0.1162634
26 12 0.67680305
26 17 1.9008075
27 30 0.22867826
27 0 2000.0
27 8 1.212673
27 18 13.459447
27 13 0.27644986
27 33 0.7806549
27 11 0.7327216
27 29 0.73691314
27 5 2.2338727
27 34 1.0082915
27 20 1.4588765
27 2 1.3048228
27 14 2.475771
27 37 0.9470318
27 7 4402.386
27 16 1.5608412
27 25 0.23278706
28 36 0.0311952
28 26 0.094315425
28 10 0.3119375
28 3 12.624308
28 12 1193.8636
28 9 1.8586301
28 19 1369.9431
29 0 25.917938
29 30 0.781047
29 8 0.28679058
29 18 1.5219696
29 13 0.76118916
29 33 21.471542
29 11 1.2294693
29 5 3.3699484
29 34 2.6635523
29 20 10.895082
29 2 1.3097885
29 37 0.76312315
29 27 0.73691314
29 16 2000.0
29 23 1.2434863
29 25 3.0114806
30 8 0.47940177
30 18 0.8582188
30 13 18.791729
30 33 8.231884
30 11 0.9045562
30 29 0.781047
30 5 0.66389847
30 34 1.0539395
30 20 1.0074137
30 2 21.738256
30 14 11.809659
30 37 20.906841
30 7 0.73511344
30 27 0.22867826
30 16 1.0741594
30 23 3.0001128
30 25 32.284874
31 26 0.1162634
31 6 0.11846681
31 10 11.950783
31 22 40.614143
31 9 0.02988566
31 4 0.06537934
31 17 0.9746887
31 19 0.10021134
32 26 18.018377
32 24 0.2011968
32 12 3.8079004
32 15 0.09682002
33 34 2000.0
33 30 8.231884
33 20 1.0233036
33 2 2.228242
33 14 0.9811849
33 7 2000.0
33 13 0.9425825
33 27 0.7806549
33 16 3017.898
33 11 2.0651906
33 29 21.471542
33 25 0.6687994
34 30 1.0539395
34 20 0.8335008
34 8 38.321465
34 37 2000.0
34 7 200.0
34 27 1.0082915
34 16 80.18369
34 11 1.6608411
34 29 2.6635523
34 25 1.6288592
34 5 3.3011932
35 21 0.030674605
35 31 1160.0569
36 28 0.0311952
36 3 0.5147475
36 9 0.48972315
37 30 20.906841
37 0 1.0207336
37 8 0.8631307
37 18 2.7563553
37 13 1.5538667
37 11 1.5800215
37 29 0.76312315
37 5 13.339531
37 20 2.3272057
37 2 0.96589404
37 7 247.34163
37 27 0.9470318
37 16 2000.0
37 23 1.1671983
37 25 34.892704
