0 8 8.938445
0 2 1.364032
0 37 0.7898488
0 13 0.6569944
0 11 24.853275
0 29 8.465609
1 3 0.20073085
1 12 1202.159
2 30 10.704926
2 0 1.364032
2 8 1.0890127
2 18 7.2712436
2 13 0.28225648
2 33 1.8016055
2 11 0.672507
2 29 1.253453
2 20 2.3662553
2 37 0.7778382
2 27 0.5473312
2 23 33.260475
2 25 1.7222769
3 36 0.2554653
3 28 0.07230823
3 24 352.05032
3 12 0.050019346
3 1 0.20073085
3 9 0.4005682
4 31 0.079990156
4 9 0.0701006
4 17 0.10745777
4 19 0.096848965
5 34 1.9978695
5 30 0.8304311
5 20 2.4655013
5 8 0.39138132
5 37 2000.0
5 18 0.36055467
5 7 4.0967364
5 27 2.6292562
5 16 1.75725
5 23 1.8743912
5 11 2.0597286
5 29 2.0029905
6 22 266.6667
6 31 0.30171305
6 17 1.040368
7 34 6.6509047
7 30 1.0148578
7 20 1.3091514
7 8 43.754593
7 37 17.661743
7 27 57.142857
7 16 1.5708075
7 11 6.0288386
7 23 1.1538224
7 25 4.329901
7 5 4.0967364
8 0 8.938445
8 30 0.79502326
8 18 1.77836
8 13 3.5256262
8 11 0.6176892
8 29 1.1079123
8 5 0.39138132
8 34 5.24284
8 2 1.0890127
8 37 0.8556529
8 7 43.754593
8 27 0.8258013
8 16 1.765457
8 23 1.1609329
9 36 1.7052794
9 26 2000.0
9 28 0.76969695
9 10 13.299253
9 22 0.36627305
9 31 0.03912697
9 3 0.4005682
9 17 0.046233766
9 4 0.0701006
9 19 0.07836971
10 26 0.030107876
10 28 0.18923752
10 24 0.059736624
10 31 0.043877695
10 12 3.4545784
10 9 13.299253
10 17 0.030664412
11 0 24.853275
11 30 0.32619414
11 8 0.6176892
11 18 7.176504
11 13 0.379079
11 33 2.939797
11 29 0.9886714
11 5 2.0597286
11 34 2.876876
11 20 0.744674
11 2 0.672507
11 37 1.5276693
11 7 6.0288386
11 27 0.8698149
11 16 0.8848737
11 25 1.1037203
12 26 1.9226031
12 28 1.6532775
12 32 0.22366728
12 10 3.4545784
12 24 0.07770081
12 21 0.07739033
12 3 0.050019346
13 30 2.1204753
13 0 0.6569944
13 8 3.5256262
13 18 150.45758
13 33 1.0237435
13 11 0.379079
13 29 0.86344796
13 5 2000.0
13 34 13.165326
13 20 0.59869593
13 2 0.28225648
13 14 3.4291832
13 37 1.6073512
13 27 0.5309887
13 16 421.52887
13 25 0.50550044
14 20 3.4595575
14 13 3.4291832
14 27 6.9183245
14 33 0.45501533
14 11 2000.0
14 25 1.3469731
15 32 0.07626112
16 0 2000.0
16 30 1.6598642
16 8 1.765457
16 18 0.92449284
16 13 421.52887
16 11 0.8848737
16 29 59.88287
16 5 1.75725
16 20 20.0106
16 37 36.58523
16 7 1.5708075
16 27 2.7906978
16 23 7.433523
16 25 1.3343948
17 26 3.6885247
17 6 1.040368
17 10 0.030664412
17 24 0.17235936
17 31 2.4654834
17 9 0.046233766
17 4 0.10745777
17 19 4.231484
18 30 0.6999554
18 2 7.2712436
18 8 1.77836
18 37 1.1009971
18 13 150.45758
18 7 2000.0
18 27 5.8334246
18 16 0.92449284
18 23 1.4280767
18 11 7.176504
18 29 2.458669
18 5 0.36055467
19 31 0.08389038
19 9 0.07836971
19 17 4.231484
19 4 0.096848965
20 0 2000.0
20 30 44.470306
20 13 0.59869593
20 33 1.7603863
20 11 0.744674
20 29 5.9615693
20 5 2.4655013
20 34 0.8639426
20 2 2.3662553
20 14 3.4595575
20 37 3.1946146
20 7 1.3091514
20 27 0.65801865
20 16 20.0106
20 25 0.57671267
21 32 2000.0
21 24 0.13429569
21 35 0.040288303
21 12 0.07739033
21 15 1492.1592
22 6 266.6667
22 31 1449.034
22 9 0.36627305
22 19 1377.7842
23 0 2000.0
23 30 2.5782568
23 2 33.260475
23 8 1.1609329
23 37 1.6073865
23 18 1.4280767
23 7 1.1538224
23 16 7.433523
23 11 2000.0
23 29 7.958613
23 5 1.8743912
24 26 0.08550202
24 32 0.11999567
24 10 0.059736624
24 21 0.13429569
24 31 4.679924
24 12 0.07770081
24 3 352.05032
24 15 2000.0
24 17 0.17235936
25 30 4.8946614
25 13 0.50550044
25 33 0.36168477
25 11 1.1037203
25 29 6.648237
25 34 0.9364839
25 20 0.57671267
25 2 1.7222769
25 14 1.3469731
25 37 32.173172
25 7 4.329901
25 27 0.4999175
25 16 1.3343948
26 32 37.51237
26 28 0.13735098
26 10 0.030107876
26 24 0.08550202
26 31 0.05273655
26 12 1.9226031
26 17 3.6885247
27 0 2000.0
27 30 0.77412623
27 8 0.8258013
27 18 5.8334246
27 13 0.5309887
27 33 1.4124718
27 11 0.8698149
27 29 0.45718512
27 5 2.6292562
27 34 1.197908
27 20 0.65801865
27 2 0.5473312
27 14 6.9183245
27 37 0.8250879
27 7 57.142857
27 16 2.7906978
27 25 0.4999175
28 36 0.038953055
28 26 0.13735098
28 10 0.18923752
28 3 0.07230823
28 12 1.6532775
28 9 0.76969695
29 0 8.465609
29 30 1.7342964
29 8 1.1079123
29 18 2.458669
29 13 0.86344796
29 11 0.9886714
29 5 2.0029905
29 34 13.329444
29 20 5.9615693
29 2 1.253453
29 37 0.9374805
29 7 2000.0
29 27 0.45718512
29 16 59.88287
29 23 7.958613
29 25 6.648237
30 0 2000.0
30 8 0.79502326
30 18 0.6999554
30 13 2.1204753
30 33 5.203575
30 11 0.32619414
30 29 1.7342964
30 5 0.8304311
30 34 2.945996
30 20 44.470306
30 2 10.704926
30 37 12.836792
30 7 1.0148578
30 27 0.77412623
30 16 1.6598642
30 23 2.5782568
30 25 4.8946614
31 26 0.05273655
31 6 0.30171305
31 10 0.043877695
31 24 4.679924
31 9 0.03912697
31 17 2.4654834
31 4 0.079990156
31 19 0.08389038
32 26 37.51237
32 24 0.11999567
32 12 0.22366728
32 15 0.07626112
33 34 2000.0
33 30 5.203575
33 20 1.7603863
33 2 1.8016055
33 14 0.45501533
33 7 2000.0
33 13 1.0237435
33 27 1.4124718
33 16 2000.0
33 11 2.939797
33 29 132.23047
33 25 0.36168477
34 30 2.945996
34 20 0.8639426
34 8 5.24284
34 13 13.165326
34 7 6.6509047
34 27 1.197908
34 16 1215.0568
34 11 2.876876
34 25 0.9364839
34 29 13.329444
34 5 1.9978695
35 21 0.040288303
36 26 2000.0
36 28 0.038953055
36 3 0.2554653
36 9 1.7052794
37 30 12.836792
37 0 0.7898488
37 8 0.8556529
37 18 1.1009971
37 13 1.6073512
37 11 1.5276693
37 29 0.9374805
37 20 3.1946146
37 2 0.7778382
37 7 17.661743
37 27 0.8250879
37 16 36.58523
37 23 1.6073865
37 25 32.173172
