0 8 7.300794
0 2 0.753849
0 37 1.9718028
0 13 1.2216709
0 11 133.33334
0 29 7.318676
1 3 0.21385631
1 12 71.04657
2 30 7.996379
2 0 0.753849
2 8 0.9600641
2 18 24.342937
2 13 0.35026437
2 33 1.2217579
2 11 0.8421613
2 29 0.78297836
2 20 2.0625203
2 37 0.67397445
2 27 0.6818301
2 16 2000.0
2 23 27.956022
2 25 1.7019563
3 36 0.3260766
3 28 0.104770765
3 24 327.27274
3 12 0.061421502
3 1 0.21385631
3 9 0.35580355
4 31 0.08295455
4 9 0.08096591
4 17 0.07446698
4 19 0.08795677
5 30 0.45022726
5 8 0.65598315
5 18 0.38725144
5 13 318.25183
5 11 3.677707
5 29 1.9041495
5 34 1.8870091
5 20 2.8697667
5 37 2000.0
5 7 5.3142304
5 27 1.650473
5 16 1.5986547
5 23 3.9448767
6 31 0.39379987
6 17 1.1207385
7 34 8.637408
7 30 1.0189177
7 20 1.2801518
7 8 39.424717
7 37 16.471548
7 27 53.333332
7 16 1.3006455
7 11 8.827103
7 23 1.0331279
7 25 4.808609
7 5 5.3142304
8 0 7.300794
8 30 0.58586174
8 18 1.1403576
8 13 1.6766776
8 11 0.88403636
8 29 0.7548956
8 5 0.65598315
8 34 4.6643496
8 2 0.9600641
8 37 1.1467372
8 7 39.424717
8 27 1.2793642
8 16 1.4045016
8 23 0.8351538
9 36 1.6474757
9 26 2000.0
9 28 0.8819603
9 10 11.4288025
9 22 0.26924863
9 31 0.034312952
9 3 0.35580355
9 17 0.10136473
9 4 0.08096591
9 19 0.09683065
10 26 0.032369237
10 28 0.29822993
10 24 0.0628957
10 31 0.036174245
10 12 24.500002
10 9 11.4288025
10 17 0.03560314
11 0 133.33334
11 30 0.46950227
11 8 0.88403636
11 18 16.037086
11 13 0.6727896
11 33 2.224808
11 29 0.9914186
11 5 3.677707
11 34 1.9156082
11 20 1.0375061
11 2 0.8421613
11 37 1.2631339
11 7 8.827103
11 27 0.51253635
11 16 1.5973129
11 25 0.77017117
12 26 0.9140475
12 28 4.3921876
12 32 0.25925586
12 10 24.500002
12 24 0.07479949
12 21 0.09987821
12 3 0.061421502
12 1 71.04657
13 0 1.2216709
13 30 0.983747
13 8 1.6766776
13 18 107.87148
13 33 0.9461836
13 11 0.6727896
13 29 0.59780025
13 5 318.25183
13 34 7.113873
13 20 0.7188791
13 2 0.35026437
13 14 2.3253903
13 37 0.970785
13 27 0.27429268
13 16 52.385365
13 25 0.6520687
14 20 0.7614607
14 13 2.3253903
14 27 1.4492694
14 33 0.39817882
14 11 2000.0
14 25 0.8182517
15 32 0.07489754
15 21 0.70985717
16 0 2000.0
16 30 1.3484671
16 8 1.4045016
16 18 1.0715425
16 13 52.385365
16 11 1.5973129
16 29 12.009978
16 5 1.5986547
16 20 3.5491815
16 37 28.78095
16 7 1.3006455
16 27 2.1077282
16 23 3.73919
16 25 1.028858
17 26 3.6511157
17 6 1.1207385
17 10 0.03560314
17 24 0.39223552
17 31 2.5454545
17 9 0.10136473
17 4 0.07446698
17 19 8.425197
18 30 0.7127915
18 2 24.342937
18 8 1.1403576
18 37 1.4155825
18 7 2000.0
18 13 107.87148
18 27 5.869083
18 16 1.0715425
18 23 1.6560893
18 11 16.037086
18 29 0.8175731
18 5 0.38725144
19 31 0.08140782
19 9 0.09683065
19 17 8.425197
19 4 0.08795677
20 30 23.214369
20 13 0.7188791
20 33 1.4367507
20 11 1.0375061
20 29 3.1443124
20 5 2.8697667
20 34 0.91116464
20 2 2.0625203
20 14 0.7614607
20 37 1.8372545
20 7 1.2801518
20 27 0.40615293
20 16 3.5491815
20 25 0.3565282
21 26 2000.0
21 32 2000.0
21 24 0.50157154
21 35 0.03769593
21 12 0.09987821
21 15 0.70985717
22 6 1194.6023
22 31 160.0
22 9 0.26924863
22 19 1288.409
23 0 2000.0
23 30 0.9514142
23 2 27.956022
23 8 0.8351538
23 37 2.2023306
23 18 1.6560893
23 7 1.0331279
23 16 3.73919
23 11 2000.0
23 29 1.8935368
23 5 3.9448767
24 26 0.055557016
24 32 0.08490718
24 10 0.0628957
24 21 0.50157154
24 31 5.3158226
24 3 327.27274
24 12 0.07479949
24 15 2000.0
24 17 0.39223552
25 30 1.7049797
25 13 0.6520687
25 33 0.42994943
25 11 0.77017117
25 29 2.2737362
25 34 1.1461507
25 20 0.3565282
25 2 1.7019563
25 14 0.8182517
25 37 79.75227
25 7 4.808609
25 27 0.8164712
25 16 1.028858
26 32 19.902008
26 28 0.04825407
26 10 0.032369237
26 24 0.055557016
26 31 0.05930398
26 12 0.9140475
26 17 3.6511157
27 0 2000.0
27 30 0.23273748
27 8 1.2793642
27 18 5.869083
27 13 0.27429268
27 33 0.92487407
27 11 0.51253635
27 29 0.5046447
27 5 1.650473
27 34 0.71533227
27 20 0.40615293
27 2 0.6818301
27 14 1.4492694
27 37 1.5954268
27 7 53.333332
27 16 2.1077282
27 23 2000.0
27 25 0.8164712
28 36 0.036056258
28 26 0.04825407
28 10 0.29822993
28 3 0.104770765
28 12 4.3921876
28 9 0.8819603
29 0 7.318676
29 30 6.032994
29 8 0.7548956
29 18 0.8175731
29 13 0.59780025
29 11 0.9914186
29 5 1.9041495
29 34 3.6173875
29 20 3.1443124
29 2 0.78297836
29 37 0.91914874
29 7 2000.0
29 27 0.5046447
29 16 12.009978
29 23 1.8935368
29 25 2.2737362
30 0 2000.0
30 8 0.58586174
30 18 0.7127915
30 13 0.983747
30 33 1.372133
30 11 0.46950227
30 29 6.032994
30 5 0.45022726
30 34 1.1748221
30 20 23.214369
30 2 7.996379
30 37 7.6461396
30 7 1.0189177
30 27 0.23273748
30 16 1.3484671
30 23 0.9514142
30 25 1.7049797
31 26 0.05930398
31 6 0.39379987
31 10 0.036174245
31 24 5.3158226
31 22 160.0
31 9 0.034312952
31 17 2.5454545
31 4 0.08295455
31 19 0.08140782
32 26 19.902008
32 24 0.08490718
32 12 0.25925586
32 15 0.07489754
33 34 2000.0
33 30 1.372133
33 20 1.4367507
33 2 1.2217579
33 14 0.39817882
33 7 2000.0
33 13 0.9461836
33 27 0.92487407
33 16 1627.8408
33 11 2.224808
33 29 1898.4092
33 25 0.42994943
34 30 1.1748221
34 20 0.91116464
34 8 4.6643496
34 13 7.113873
34 7 8.637408
34 27 0.71533227
34 16 1215.0568
34 11 1.9156082
34 25 1.1461507
34 29 3.6173875
34 5 1.8870091
35 21 0.03769593
36 26 1239.4319
36 28 0.036056258
36 3 0.3260766
36 9 1.6474757
37 0 1.9718028
37 30 7.6461396
37 8 1.1467372
37 18 1.4155825
37 13 0.970785
37 11 1.2631339
37 29 0.91914874
37 20 1.8372545
37 2 0.67397445
37 7 16.471548
37 27 1.5954268
37 16 28.78095
37 23 2.2023306
37 25 79.75227
