0 2 0.822809
0 37 1.6488378
0 13 0.7219134
0 25 54.833904
0 29 3.1685846
1 3 1.3449148
1 12 16.536291
2 30 10.597459
2 0 0.822809
2 8 1.4272641
2 18 3.3711193
2 13 0.6990944
2 33 2.4408185
2 11 1.8470958
2 29 0.95026785
2 20 5.408369
2 37 0.95172185
2 27 692.89777
2 16 2000.0
2 23 15.521166
2 25 0.58955675
3 36 0.6764663
3 28 0.37438017
3 24 2000.0
3 12 0.08001761
3 1 1.3449148
3 9 0.31519428
4 31 0.06657733
4 9 0.065264046
4 17 0.11973563
4 19 0.098130025
5 30 0.6135339
5 8 0.9781709
5 18 1.1587358
5 13 44.95752
5 11 1.9317741
5 29 1.6423105
5 34 2.0827122
5 20 2.9057977
5 37 22.384678
5 7 7.975451
5 27 779.5454
5 16 1.300449
5 23 4.960622
5 25 2000.0
6 31 0.32914224
6 17 5.4268465
7 30 0.6338268
7 20 24.079657
7 8 6.1465907
7 16 1.2350209
7 23 1.2776628
7 11 43.842022
7 25 1.4621679
7 5 7.975451
8 0 2000.0
8 30 0.58630687
8 18 1.3065481
8 13 1.6264437
8 11 0.80985844
8 29 0.82031655
8 5 0.9781709
8 34 38.25408
8 2 1.4272641
8 37 0.9109539
8 7 6.1465907
8 27 1067.7273
8 16 1.6454127
8 23 1.5181352
8 25 2000.0
9 36 0.67774963
9 26 2000.0
9 28 0.8673454
9 10 6.7445283
9 22 0.052299056
9 31 0.030521376
9 12 2000.0
9 3 0.31519428
9 4 0.065264046
9 17 0.046367668
9 19 0.077678576
10 26 35.795452
10 28 0.3747565
10 24 0.07562229
10 31 1.3766668
10 12 90.663734
10 9 6.7445283
10 17 0.030774357
11 0 2000.0
11 30 0.9291092
11 8 0.80985844
11 18 6.9098797
11 13 1.1653702
11 33 2.3289363
11 29 0.6748745
11 5 1.9317741
11 34 2.86634
11 20 1.8574091
11 2 1.8470958
11 37 1.3937192
11 7 43.842022
11 27 692.89777
11 16 1.3923838
11 25 1.1826862
12 26 2000.0
12 32 5.884204
12 10 90.663734
12 24 0.08383505
12 21 0.16167833
12 3 0.08001761
12 1 16.536291
13 30 67.109535
13 0 0.7219134
13 8 1.6264437
13 18 24.033318
13 33 1.5213012
13 11 1.1653702
13 29 0.83712494
13 5 44.95752
13 34 881.16473
13 20 1.5056163
13 2 0.6990944
13 14 6.7874
13 37 1.9752684
13 7 2000.0
13 27 150.96591
13 16 73.6454
13 25 0.24621171
14 30 13.147192
14 20 3.0235517
14 13 6.7874
14 27 5234.1475
14 33 0.51501375
14 11 2000.0
14 25 2.0887225
15 32 0.07622223
15 21 10.549641
16 0 2000.0
16 30 1.1601093
16 8 1.6454127
16 18 1.3781512
16 13 73.6454
16 11 1.3923838
16 5 1.300449
16 34 113.956535
16 20 144.00002
16 7 1.2350209
16 27 1119.8296
16 23 2.827793
16 25 1.6445633
17 6 5.4268465
17 26 1034.8864
17 10 0.030774357
17 24 0.07748713
17 31 0.9826446
17 9 0.046367668
17 4 0.11973563
17 19 41.022076
18 0 2000.0
18 30 0.68060374
18 8 1.3065481
18 13 24.033318
18 11 6.9098797
18 29 0.98879427
18 5 1.1587358
18 2 3.3711193
18 37 2.3756258
18 7 2000.0
18 27 2000.0
18 16 1.3781512
18 23 1.2571132
19 28 35.75662
19 31 0.07633798
19 9 0.077678576
19 4 0.098130025
19 17 41.022076
20 30 3.317073
20 8 2000.0
20 13 1.5056163
20 33 1.0924871
20 11 1.8574091
20 29 2.758677
20 5 2.9057977
20 34 0.8604149
20 2 5.408369
20 14 3.0235517
20 37 4.422562
20 7 24.079657
20 27 957.6705
20 16 144.00002
20 25 0.59101874
21 26 2000.0
21 32 2000.0
21 24 1.6630243
21 35 0.06479256
21 12 0.16167833
21 15 10.549641
22 31 1217.5569
22 9 0.052299056
22 19 2000.0
23 0 2000.0
23 30 3.1377687
23 8 1.5181352
23 2 15.521166
23 37 1.4440957
23 18 1.2571132
23 7 1.2776628
23 16 2.827793
23 11 2000.0
23 29 1.1883966
23 5 4.960622
24 26 37.045452
24 32 0.25139174
24 10 0.07562229
24 21 1.6630243
24 12 0.08383505
24 15 2000.0
24 17 0.07748713
25 0 54.833904
25 30 17.822159
25 13 0.24621171
25 33 0.62374204
25 11 1.1826862
25 29 2.8561358
25 34 3.7692788
25 20 0.59101874
25 2 0.58955675
25 14 2.0887225
25 7 1.4621679
25 27 229.14774
25 16 1.6445633
28 36 0.03080986
28 26 51.81818
28 10 0.3747565
28 3 0.37438017
28 12 1219.8296
28 9 0.8673454
28 19 35.75662
29 0 3.1685846
29 30 0.9657251
29 8 0.82031655
29 18 0.98879427
29 13 0.83712494
29 11 0.6748745
29 5 1.6423105
29 34 7.4676166
29 20 2.758677
29 2 0.95026785
29 37 0.93409914
29 7 2000.0
29 27 1898.9204
29 23 1.1883966
29 25 2.8561358
30 8 0.58630687
30 18 0.68060374
30 13 67.109535
30 33 8.156411
30 11 0.9291092
30 29 0.9657251
30 5 0.6135339
30 34 1.0198045
30 20 3.317073
30 2 10.597459
30 14 13.147192
30 37 7.994893
30 7 0.6338268
30 27 147.78409
30 16 1.1601093
30 23 3.1377687
30 25 17.822159
31 26 2000.0
31 6 0.32914224
31 10 1.3766668
31 35 10.1145525
31 21 2000.0
31 22 1217.5569
31 9 0.030521376
31 4 0.06657733
31 17 0.9826446
31 19 0.07633798
32 26 2000.0
32 24 0.25139174
32 12 5.884204
32 15 0.07622223
33 30 8.156411
33 8 2000.0
33 13 1.5213012
33 11 2.3289363
33 29 2034.6592
33 5 2000.0
33 34 2000.0
33 20 1.0924871
33 2 2.4408185
33 14 0.51501375
33 7 2000.0
33 27 698.2386
33 16 2619.6023
33 25 0.62374204
34 30 1.0198045
34 20 0.8604149
34 8 38.25408
34 37 2000.0
34 7 2961.7615
34 13 881.16473
34 27 716.8182
34 16 113.956535
34 11 2.86634
34 29 7.4676166
34 25 3.7692788
34 5 2.0827122
35 21 0.06479256
35 31 10.1145525
36 28 0.03080986
36 3 0.6764663
36 9 0.67774963
37 30 7.994893
37 0 1.6488378
37 8 0.9109539
37 18 2.3756258
37 13 1.9752684
37 11 1.3937192
37 29 0.93409914
37 5 22.384678
37 20 4.422562
37 2 0.95172185
37 7 2232.7273
37 27 725.7955
37 16 2000.0
37 23 1.4440957
37 25 1772.8408
