0 2 0.95952284
0 37 1.107345
0 13 1.1961073
0 29 87.989136
0 25 13.404072
1 3 1.5873319
1 12 33.874268
2 30 14.861472
2 0 0.95952284
2 8 1.1263304
2 18 2.4986038
2 13 0.5987903
2 33 2.0674162
2 11 1.7336649
2 29 0.9549156
2 20 3.5393496
2 37 0.93272173
2 27 1.1599116
2 16 2000.0
2 23 7.31393
2 25 0.43886426
3 36 0.46968454
3 28 13.171264
3 24 653.3333
3 12 0.07770378
3 1 1.5873319
3 9 0.62362283
4 31 0.06515195
4 9 0.083759695
4 17 0.13253137
4 19 0.0745671
5 30 0.63073754
5 8 0.35715312
5 18 0.92900825
5 13 30.862364
5 11 1.3315216
5 29 4.9329944
5 34 2.4465978
5 20 2.9951158
5 37 8.76048
5 7 4.3274145
5 27 1.6112703
5 16 1.359154
5 23 2.7204623
5 25 2000.0
6 31 0.18395834
6 17 2.2820299
7 34 333.90268
7 30 0.7265429
7 20 84.89181
7 8 4.1256146
7 37 76.100876
7 16 1.3547829
7 23 1.1226674
7 11 96.457466
7 25 1.5175973
7 5 4.3274145
8 0 2000.0
8 30 0.44414386
8 18 1.3780519
8 13 0.7490827
8 11 0.882366
8 29 0.78688526
8 5 0.35715312
8 34 22.452414
8 2 1.1263304
8 37 0.8729991
8 7 4.1256146
8 27 1.4246348
8 16 1.3013777
8 23 0.8523451
8 25 2000.0
9 36 0.5104211
9 26 2000.0
9 28 1.0295454
9 10 10.148012
9 22 0.058605548
9 31 0.028857073
9 3 0.62362283
9 12 2000.0
9 4 0.083759695
9 17 0.06295399
9 19 0.068075374
10 26 0.029683067
10 28 0.4114394
10 24 0.2211516
10 31 25.527714
10 12 122.19291
10 9 10.148012
10 17 0.03508756
11 0 2000.0
11 30 0.67754257
11 8 0.882366
11 18 8.734938
11 13 1.9763095
11 33 3.0070603
11 29 1.2518009
11 5 1.3315216
11 34 2.808408
11 20 1.6589458
11 2 1.7336649
11 37 2.022581
11 7 96.457466
11 27 0.70426893
11 16 1.2240291
11 25 0.69843453
12 26 0.5395901
12 32 10.810811
12 10 122.19291
12 24 0.08024193
12 21 0.31401628
12 3 0.07770378
12 1 33.874268
13 30 17.905756
13 0 1.1961073
13 8 0.7490827
13 18 102.76024
13 33 0.8960709
13 11 1.9763095
13 29 0.95937806
13 5 30.862364
13 34 108.74054
13 20 1.4054418
13 2 0.5987903
13 14 4.331871
13 37 0.9814691
13 7 2000.0
13 27 0.2248151
13 16 38.01435
13 25 0.38132206
14 30 8.83612
14 20 5.414968
14 13 4.331871
14 27 4.40188
14 33 0.4331784
14 11 2000.0
14 25 3.1692278
15 32 0.06818181
15 21 1.4697582
15 12 2000.0
16 34 80.03197
16 30 1.938165
16 20 24.21789
16 8 1.3013777
16 18 0.96581554
16 13 38.01435
16 7 1.3547829
16 27 1.7794124
16 11 1.2240291
16 23 2.9476287
16 25 0.8194755
16 5 1.359154
17 6 2.2820299
17 26 2.1455402
17 10 0.03508756
17 24 0.24096337
17 31 1.219048
17 9 0.06295399
17 4 0.13253137
17 19 88.12507
18 0 2000.0
18 30 0.74106586
18 8 1.3780519
18 13 102.76024
18 11 8.734938
18 29 1.1458299
18 5 0.92900825
18 2 2.4986038
18 37 2.130492
18 7 2000.0
18 27 21.860125
18 16 0.96581554
18 23 1.319842
19 31 0.07644794
19 9 0.068075374
19 4 0.0745671
19 17 88.12507
20 30 1.390659
20 13 1.4054418
20 33 2.2154782
20 11 1.6589458
20 29 10.253127
20 5 2.9951158
20 34 0.91448337
20 2 3.5393496
20 14 5.414968
20 37 4.807165
20 7 84.89181
20 27 3.9380553
20 16 24.21789
20 25 0.9399408
21 26 2000.0
21 32 2000.0
21 10 2000.0
21 24 1.109696
21 35 0.03034836
21 12 0.31401628
21 15 1.4697582
22 31 66.66667
22 9 0.058605548
22 19 2000.0
23 0 2000.0
23 30 1.424637
23 8 0.8523451
23 2 7.31393
23 37 1.0478053
23 18 1.319842
23 7 1.1226674
23 16 2.9476287
23 11 2000.0
23 29 1.3683743
23 5 2.7204623
24 26 0.0401103
24 32 0.1633229
24 10 0.2211516
24 21 1.109696
24 31 2000.0
24 3 653.3333
24 12 0.08024193
24 15 2000.0
24 17 0.24096337
25 30 14.34307
25 0 13.404072
25 13 0.38132206
25 33 0.6180096
25 11 0.69843453
25 29 1.3699864
25 34 1.0771095
25 20 0.9399408
25 2 0.43886426
25 14 3.1692278
25 37 24.967846
25 7 1.5175973
25 27 0.27675855
25 16 0.8194755
26 32 20.590908
26 28 0.07189633
26 10 0.029683067
26 24 0.0401103
26 31 0.34813485
26 12 0.5395901
26 17 2.1455402
27 30 0.17052011
27 0 2000.0
27 8 1.4246348
27 18 21.860125
27 13 0.2248151
27 33 1.1314714
27 11 0.70426893
27 29 0.9651824
27 5 1.6112703
27 34 1.028163
27 20 3.9380553
27 2 1.1599116
27 14 4.40188
27 37 0.85842973
27 7 3911.4204
27 16 1.7794124
27 25 0.27675855
28 36 0.031377822
28 26 0.07189633
28 10 0.4114394
28 3 13.171264
28 12 1144.5454
28 9 1.0295454
28 19 159.83578
29 0 87.989136
29 30 3.295895
29 8 0.78688526
29 18 1.1458299
29 13 0.95937806
29 33 8.439373
29 11 1.2518009
29 5 4.9329944
29 34 3.5216749
29 20 10.253127
29 2 0.9549156
29 37 0.86863744
29 7 2000.0
29 27 0.9651824
29 16 2000.0
29 23 1.3683743
29 25 1.3699864
30 8 0.44414386
30 18 0.74106586
30 13 17.905756
30 33 14.993926
30 11 0.67754257
30 29 3.295895
30 5 0.63073754
30 34 0.9543171
30 20 1.390659
30 2 14.861472
30 14 8.83612
30 37 16.330103
30 7 0.7265429
30 27 0.17052011
30 16 1.938165
30 23 1.424637
30 25 14.34307
31 26 0.34813485
31 6 0.18395834
31 10 25.527714
31 22 66.66667
31 9 0.028857073
31 4 0.06515195
31 17 1.219048
31 19 0.07644794
32 26 20.590908
32 24 0.1633229
32 12 10.810811
32 15 0.06818181
33 30 14.993926
33 8 2000.0
33 13 0.8960709
33 11 3.0070603
33 29 8.439373
33 34 2000.0
33 20 2.2154782
33 2 2.0674162
33 14 0.4331784
33 7 2000.0
33 27 1.1314714
33 16 3017.898
33 25 0.6180096
34 30 0.9543171
34 20 0.91448337
34 8 22.452414
34 37 2000.0
34 7 333.90268
34 13 108.74054
34 27 1.028163
34 16 80.03197
34 11 2.808408
34 29 3.5216749
34 25 1.0771095
34 5 2.4465978
35 21 0.03034836
35 31 1065.4546
36 28 0.031377822
36 3 0.46968454
36 9 0.5104211
37 30 16.330103
37 0 1.107345
37 8 0.8729991
37 18 2.130492
37 13 0.9814691
37 11 2.022581
37 29 0.86863744
37 5 8.76048
37 20 4.807165
37 2 0.93272173
37 7 76.100876
37 27 0.85842973
37 16 2000.0
37 23 1.0478053
37 25 24.967846
