0 2 1.1162905
0 37 1.4833671
0 13 1.0669541
0 29 31.665968
0 25 11.081441
1 3 1.5142727
1 12 11.595399
2 30 9.150687
2 0 1.1162905
2 8 1.0431597
2 18 3.127098
2 13 0.65354395
2 33 1.5571977
2 11 1.6666774
2 29 1.2158254
2 20 3.4365184
2 37 0.9419378
2 27 0.8344331
2 16 2000.0
2 23 15.177714
2 25 0.48094404
3 36 0.69051343
3 28 11.845605
3 24 2000.0
3 12 0.07019374
3 1 1.5142727
3 9 1.0183351
4 31 0.07695075
4 9 0.08272138
4 17 0.13945667
4 19 0.06773828
5 30 0.61779994
5 8 0.63144654
5 18 0.8516648
5 13 63.969063
5 11 1.4592047
5 29 3.5406072
5 34 1.9631201
5 20 2.0201871
5 37 26.879265
5 7 6.5953927
5 27 1.3012573
5 16 1.4797137
5 23 2.0468864
6 31 0.18626755
6 17 2.44384
7 34 329.71915
7 30 0.6838953
7 20 93.61809
7 8 5.0086703
7 37 100.0
7 16 1.2815217
7 23 1.1874136
7 11 67.0899
7 25 3.9070563
7 5 6.5953927
8 0 2000.0
8 30 0.35214144
8 18 1.4749817
8 13 0.7348979
8 11 1.0701481
8 29 0.64003575
8 5 0.63144654
8 34 26.901356
8 2 1.0431597
8 37 0.95911753
8 7 5.0086703
8 27 1.4497466
8 16 1.342809
8 23 0.9899655
8 25 2000.0
9 36 0.9003507
9 26 2000.0
9 28 0.91875
9 10 22.551136
9 22 0.078076065
9 31 0.029337341
9 3 1.0183351
9 4 0.08272138
9 17 0.04665814
9 19 0.064392984
10 26 0.04414089
10 28 0.25547326
10 24 0.18126108
10 31 33.540665
10 12 1369.034
10 9 22.551136
10 17 0.03299062
11 0 2000.0
11 30 0.6717485
11 8 1.0701481
11 18 9.487728
11 13 0.835976
11 33 1.8990821
11 29 1.0298008
11 5 1.4592047
11 34 3.4093258
11 20 1.9030238
11 2 1.6666774
11 37 2.2380607
11 7 67.0899
11 27 0.5936569
11 16 1.2346591
11 25 0.9957324
12 26 0.9071339
12 32 4.4924746
12 24 0.0649438
12 21 0.22939563
12 3 0.07019374
12 1 11.595399
13 30 19.04695
13 0 1.0669541
13 8 0.7348979
13 33 1.5526922
13 11 0.835976
13 29 1.2550116
13 5 63.969063
13 34 66.66667
13 20 1.4052985
13 2 0.65354395
13 14 6.7296877
13 37 1.0546288
13 7 2000.0
13 27 0.338793
13 16 21.622097
13 25 0.22286475
14 30 8.325007
14 20 8.115276
14 13 6.7296877
14 27 4.1774197
14 33 0.4002631
14 11 2000.0
14 25 2.189569
15 32 0.07328127
15 21 1.3974191
15 12 2000.0
16 30 1.0742216
16 0 2000.0
16 8 1.342809
16 18 1.0996552
16 13 21.622097
16 11 1.2346591
16 5 1.4797137
16 34 58.0662
16 20 26.845524
16 7 1.2815217
16 27 1.3459407
16 23 2.5997217
16 25 0.9696673
17 6 2.44384
17 26 1.5390981
17 10 0.03299062
17 24 0.12728055
17 31 1.0025481
17 9 0.04665814
17 4 0.13945667
17 19 46.227512
18 0 2000.0
18 30 0.66683024
18 8 1.4749817
18 13 1792.0074
18 11 9.487728
18 29 1.4571394
18 5 0.8516648
18 2 3.127098
18 37 2.661928
18 7 2000.0
18 27 10.66747
18 16 1.0996552
18 23 1.473269
19 28 160.0
19 31 0.089581035
19 9 0.064392984
19 4 0.06773828
19 17 46.227512
20 30 1.5600799
20 13 1.4052985
20 33 3.60983
20 11 1.9030238
20 29 6.43612
20 5 2.0201871
20 34 1.4686731
20 2 3.4365184
20 14 8.115276
20 37 3.8112226
20 7 93.61809
20 27 0.91107625
20 16 26.845524
20 25 0.5673986
21 26 2000.0
21 32 2000.0
21 10 2000.0
21 24 1.5043955
21 35 0.040201195
21 31 2000.0
21 12 0.22939563
21 15 1.3974191
22 31 2000.0
22 9 0.078076065
22 19 2000.0
23 0 2000.0
23 30 1.9592934
23 8 0.9899655
23 2 15.177714
23 37 1.429929
23 18 1.473269
23 7 1.1874136
23 16 2.5997217
23 11 2000.0
23 29 0.8889031
23 5 2.0468864
24 26 0.038115535
24 32 0.13954028
24 10 0.18126108
24 21 1.5043955
24 12 0.0649438
24 3 2000.0
24 15 2000.0
24 17 0.12728055
25 30 29.350649
25 0 11.081441
25 13 0.22286475
25 33 0.7438284
25 11 0.9957324
25 29 2.4832723
25 34 1.9414793
25 20 0.5673986
25 2 0.48094404
25 14 2.189569
25 37 119.83395
25 7 3.9070563
25 27 0.22258003
25 16 0.9696673
26 32 26.455763
26 28 0.051415797
26 10 0.04414089
26 24 0.038115535
26 31 0.26395035
26 12 0.9071339
26 17 1.5390981
27 30 0.19304164
27 0 2000.0
27 8 1.4497466
27 18 10.66747
27 13 0.338793
27 33 1.4151666
27 11 0.5936569
27 29 1.1051277
27 5 1.3012573
27 34 0.8754324
27 20 0.91107625
27 2 0.8344331
27 14 4.1774197
27 37 1.0972856
27 7 3911.4204
27 16 1.3459407
27 25 0.22258003
28 36 0.03172654
28 26 0.051415797
28 10 0.25547326
28 3 11.845605
28 12 1144.5454
28 9 0.91875
28 19 160.0
29 0 31.665968
29 30 0.9813076
29 8 0.64003575
29 18 1.4571394
29 13 1.2550116
29 33 45.752003
29 11 1.0298008
29 5 3.5406072
29 34 3.7241116
29 20 6.43612
29 2 1.2158254
29 37 0.71045965
29 27 1.1051277
29 16 2000.0
29 23 0.8889031
29 25 2.4832723
30 8 0.35214144
30 18 0.66683024
30 13 19.04695
30 33 8.065914
30 11 0.6717485
30 29 0.9813076
30 5 0.61779994
30 34 0.86056566
30 20 1.5600799
30 2 9.150687
30 14 8.325007
30 37 12.348315
30 7 0.6838953
30 27 0.19304164
30 16 1.0742216
30 23 1.9592934
30 25 29.350649
31 26 0.26395035
31 6 0.18626755
31 10 33.540665
31 22 2000.0
31 9 0.029337341
31 4 0.07695075
31 17 1.0025481
31 19 0.089581035
32 26 26.455763
32 24 0.13954028
32 21 2000.0
32 12 4.4924746
32 15 0.07328127
33 30 8.065914
33 8 2000.0
33 13 1.5526922
33 11 1.8990821
33 29 45.752003
33 34 2000.0
33 20 3.60983
33 2 1.5571977
33 14 0.4002631
33 7 2000.0
33 27 1.4151666
33 16 3017.898
33 25 0.7438284
34 30 0.86056566
34 20 1.4686731
34 8 26.901356
34 37 2000.0
34 7 329.71915
34 13 66.66667
34 27 0.8754324
34 16 58.0662
34 11 3.4093258
34 29 3.7241116
34 25 1.9414793
34 5 1.9631201
35 21 0.040201195
35 31 1065.4546
36 28 0.03172654
36 3 0.69051343
36 9 0.9003507
37 30 12.348315
37 0 1.4833671
37 8 0.95911753
37 18 2.661928
37 13 1.0546288
37 11 2.2380607
37 29 0.71045965
37 5 26.879265
37 20 3.8112226
37 2 0.9419378
37 7 100.0
37 27 1.0972856
37 16 2000.0
37 23 1.429929
37 25 119.83395
