0 2 1.077077
0 37 2.2295077
0 13 1.6441034
0 29 12.551177
0 25 12.25
1 3 0.78381646
1 12 24.464962
2 30 9.932604
2 0 1.077077
2 8 1.0458089
2 18 3.0941713
2 13 0.50982195
2 33 2.128892
2 11 1.4120743
2 29 1.310825
2 20 2.3619425
2 37 0.82004285
2 27 1.2307588
2 16 2000.0
2 23 5.3044853
2 25 0.6790507
3 36 0.5552584
3 28 2.6937878
3 24 252.65625
3 12 0.08256788
3 1 0.78381646
3 9 0.538927
4 31 0.07009714
4 9 0.078637764
4 17 0.10982863
4 19 0.08022727
5 30 0.6884091
5 8 0.42893532
5 18 0.9966447
5 13 67.84791
5 11 1.747487
5 29 2.3732533
5 34 2.3869345
5 20 2.2195423
5 37 9.091996
5 7 12.070413
5 27 1.072525
5 16 1.2751197
5 23 3.0543003
5 25 2000.0
6 31 0.16926469
6 17 1.0410504
7 34 353.97504
7 30 0.7211618
7 20 2000.0
7 8 5.3548326
7 37 34.09197
7 16 1.1645434
7 11 47.954544
7 23 1.3071324
7 25 2.5416994
7 5 12.070413
8 0 2000.0
8 30 0.4014722
8 18 1.2302961
8 13 0.7874638
8 11 0.8052034
8 29 0.26874003
8 5 0.42893532
8 34 37.410896
8 2 1.0458089
8 37 0.8187501
8 7 5.3548326
8 27 0.7740503
8 16 1.6870618
8 23 0.81377935
8 25 2000.0
9 36 0.48493135
9 28 0.4238329
9 10 18.350075
9 22 0.047024958
9 31 0.02828455
9 12 2000.0
9 3 0.538927
9 4 0.078637764
9 17 0.028955637
9 19 0.06799853
10 26 0.0485442
10 28 0.20835778
10 24 0.07935332
10 31 12.226841
10 12 1293.3523
10 9 18.350075
10 17 0.035498828
11 0 2000.0
11 30 0.6683774
11 8 0.8052034
11 18 13.471356
11 13 1.2217145
11 33 1.7505819
11 29 0.80907166
11 5 1.747487
11 34 1.6494107
11 20 1.1705102
11 2 1.4120743
11 37 1.1858896
11 7 47.954544
11 27 0.92719084
11 16 0.9454648
11 25 0.82587343
12 26 2.1924486
12 32 11.653199
12 24 0.06303486
12 21 0.39156795
12 3 0.08256788
12 1 24.464962
13 30 70.12091
13 0 1.6441034
13 8 0.7874638
13 18 87.85094
13 33 0.9447791
13 11 1.2217145
13 29 1.0690192
13 5 67.84791
13 34 59.40972
13 20 1.929645
13 2 0.50982195
13 14 7.698103
13 37 0.9330144
13 7 2000.0
13 27 0.28901738
13 16 107.7819
13 25 0.2651121
14 30 30.242064
14 20 2.6907244
14 13 7.698103
14 27 2.9809275
14 33 0.36602232
14 11 2000.0
14 25 2.6394212
15 32 0.07115065
15 21 15.3742695
16 0 2000.0
16 30 1.2323292
16 8 1.6870618
16 18 1.5230945
16 13 107.7819
16 11 0.9454648
16 5 1.2751197
16 34 57.121452
16 20 63.20889
16 7 1.1645434
16 27 2.7156942
16 23 2.8864336
16 25 1.0969015
17 6 1.0410504
17 26 2.8047533
17 10 0.035498828
17 24 0.22437537
17 31 1.8730489
17 9 0.028955637
17 4 0.10982863
17 19 26.666666
18 0 2000.0
18 30 0.7646117
18 8 1.2302961
18 13 87.85094
18 11 13.471356
18 29 1.0441476
18 5 0.9966447
18 2 3.0941713
18 37 2.719832
18 7 2000.0
18 27 43.4376
18 16 1.5230945
18 23 1.3899398
19 31 0.08700513
19 9 0.06799853
19 17 26.666666
19 4 0.08022727
20 30 1.6022527
20 8 2000.0
20 13 1.929645
20 33 0.92569023
20 11 1.1705102
20 29 11.895896
20 5 2.2195423
20 34 1.0171349
20 2 2.3619425
20 14 2.6907244
20 37 2.5399756
20 7 2000.0
20 27 4.524858
20 16 63.20889
20 25 0.7049129
21 26 2000.0
21 32 2000.0
21 24 1.2497003
21 35 0.031094208
21 31 2000.0
21 12 0.39156795
21 15 15.3742695
22 31 91.42857
22 9 0.047024958
22 19 2000.0
23 0 2000.0
23 30 2.202003
23 8 0.81377935
23 2 5.3044853
23 37 1.7963018
23 18 1.3899398
23 7 1.3071324
23 16 2.8864336
23 11 2000.0
23 29 0.9726612
23 5 3.0543003
24 26 0.041561447
24 32 0.5336072
24 10 0.07935332
24 21 1.2497003
24 12 0.06303486
24 3 252.65625
24 15 2000.0
24 17 0.22437537
25 30 24.776007
25 0 12.25
25 13 0.2651121
25 33 0.8714013
25 11 0.82587343
25 29 1.5057087
25 34 1.7938284
25 20 0.7049129
25 2 0.6790507
25 14 2.6394212
25 37 35.716858
25 7 2.5416994
25 27 0.32072768
25 16 1.0969015
26 32 1095.8523
26 28 0.057042856
26 10 0.0485442
26 24 0.041561447
26 31 0.18607722
26 12 2.1924486
26 17 2.8047533
27 30 0.34053004
27 0 2000.0
27 8 0.7740503
27 18 43.4376
27 13 0.28901738
27 33 0.7810696
27 11 0.92719084
27 29 0.88489026
27 5 1.072525
27 34 1.1328622
27 20 4.524858
27 2 1.2307588
27 14 2.9809275
27 37 0.86231726
27 7 4047.1592
27 16 2.7156942
27 25 0.32072768
28 36 0.03533973
28 26 0.057042856
28 10 0.20835778
28 3 2.6937878
28 12 1209.4886
28 9 0.4238329
28 19 1364.091
29 0 12.551177
29 30 1.3361479
29 8 0.26874003
29 18 1.0441476
29 13 1.0690192
29 33 13.334556
29 11 0.80907166
29 5 2.3732533
29 34 2.1366816
29 20 11.895896
29 2 1.310825
29 37 0.63216853
29 7 2000.0
29 27 0.88489026
29 16 2000.0
29 23 0.9726612
29 25 1.5057087
30 8 0.4014722
30 18 0.7646117
30 13 70.12091
30 33 5.0725565
30 11 0.6683774
30 29 1.3361479
30 5 0.6884091
30 34 0.85192007
30 20 1.6022527
30 2 9.932604
30 14 30.242064
30 37 12.89088
30 7 0.7211618
30 27 0.34053004
30 16 1.2323292
30 23 2.202003
30 25 24.776007
31 26 0.18607722
31 6 0.16926469
31 10 12.226841
31 22 91.42857
31 9 0.02828455
31 4 0.07009714
31 17 1.8730489
31 19 0.08700513
32 24 0.5336072
32 12 11.653199
32 15 0.07115065
33 30 5.0725565
33 8 2000.0
33 13 0.9447791
33 11 1.7505819
33 29 13.334556
33 5 2000.0
33 34 2000.0
33 20 0.92569023
33 2 2.128892
33 14 0.36602232
33 7 2000.0
33 27 0.7810696
33 16 3017.898
33 25 0.8714013
34 30 0.85192007
34 20 1.0171349
34 8 37.410896
34 37 2000.0
34 7 353.97504
34 13 59.40972
34 27 1.1328622
34 16 57.121452
34 11 1.6494107
34 29 2.1366816
34 25 1.7938284
34 5 2.3869345
35 21 0.031094208
35 31 1166.3636
36 28 0.03533973
36 3 0.5552584
36 9 0.48493135
37 30 12.89088
37 0 2.2295077
37 8 0.8187501
37 18 2.719832
37 13 0.9330144
37 11 1.1858896
37 29 0.63216853
37 5 9.091996
37 20 2.5399756
37 2 0.82004285
37 7 34.09197
37 27 0.86231726
37 16 2000.0
37 23 1.7963018
37 25 35.716858
