0 8 12.498519
0 2 1.0663577
0 37 1.394138
0 13 1.0825131
0 11 76.62903
0 29 4.3798614
0 25 533.3334
1 3 0.51554257
1 12 1201.591
2 30 27.09826
2 0 1.0663577
2 8 1.3387793
2 18 9.487074
2 13 0.58540905
2 33 2.100192
2 11 1.1901715
2 29 1.3002071
2 20 2.0813696
2 37 1.1315061
2 27 1.5993018
2 16 2000.0
2 23 13.384236
2 25 2.332535
3 36 0.22437073
3 28 0.09212964
3 24 128.32939
3 12 0.071509175
3 1 0.51554257
3 9 0.20871702
4 31 0.07473367
4 9 0.0689058
4 17 0.09207238
4 19 0.09792288
5 30 0.6875585
5 8 0.7938509
5 18 0.50141656
5 13 282.6009
5 11 4.2945023
5 29 3.1930065
5 34 5.17685
5 20 4.1583266
5 37 2000.0
5 7 8.8003845
5 27 4.241798
5 16 1.6427609
5 23 21.32224
6 22 89.49243
6 31 1.0410211
6 17 1.0673021
7 34 10.436055
7 30 0.78461564
7 20 1.9205567
7 8 103.6004
7 37 15.3865385
7 27 328.80844
7 16 1.2431704
7 11 15.865279
7 23 1.5091294
7 25 10.394509
7 5 8.8003845
8 0 12.498519
8 30 0.7964605
8 18 1.4145495
8 13 3.6874878
8 11 0.6485803
8 29 0.6451472
8 5 0.7938509
8 34 7.9395037
8 2 1.3387793
8 37 1.304213
8 7 103.6004
8 27 1.2519772
8 16 1.3286483
8 23 0.9806026
9 36 1.2968692
9 26 2000.0
9 28 9.223072
9 10 4.3597775
9 22 0.49621493
9 31 0.028342558
9 3 0.20871702
9 17 0.056410987
9 4 0.0689058
9 19 0.070719704
10 26 0.04364574
10 28 0.7005621
10 24 0.07846011
10 31 0.031057555
10 12 8.355421
10 9 4.3597775
10 17 0.06287879
11 0 76.62903
11 30 0.49034658
11 8 0.6485803
11 18 6.073137
11 13 0.6919996
11 33 3.1020808
11 29 0.693172
11 5 4.2945023
11 34 4.640013
11 20 0.77387136
11 2 1.1901715
11 37 1.6715329
11 7 15.865279
11 27 0.5065896
11 16 0.8499556
11 25 1.0181733
12 26 0.57368946
12 28 5.3581424
12 32 0.13714366
12 10 8.355421
12 24 0.07685043
12 21 0.068880536
12 3 0.071509175
13 30 2.2132142
13 0 1.0825131
13 8 3.6874878
13 18 900.00006
13 33 0.8198373
13 11 0.6919996
13 29 0.88063127
13 5 282.6009
13 34 6.778058
13 20 0.69479764
13 2 0.58540905
13 14 2.4596798
13 37 3.6323514
13 27 0.3330475
13 16 98.33456
13 25 0.729375
14 20 0.9002371
14 13 2.4596798
14 33 0.5340802
14 27 2.894109
14 11 2000.0
14 25 1.4886136
15 32 0.07736348
15 21 1.0352885
16 0 2000.0
16 30 1.0494306
16 8 1.3286483
16 18 0.66861343
16 13 98.33456
16 11 0.8499556
16 29 1681.9602
16 5 1.6427609
16 20 8.20067
16 37 62.722202
16 7 1.2431704
16 27 1.2887061
16 23 4.2994
16 25 0.8734935
17 26 1.9246392
17 6 1.0673021
17 10 0.06287879
17 24 0.18256971
17 31 1.2233038
17 9 0.056410987
17 4 0.09207238
17 19 2.3265471
18 30 0.81277645
18 2 9.487074
18 8 1.4145495
18 37 1.192562
18 13 900.00006
18 7 2000.0
18 27 3.750852
18 16 0.66861343
18 23 1.4000492
18 11 6.073137
18 29 1.3507386
18 5 0.50141656
19 31 0.06868585
19 9 0.070719704
19 17 2.3265471
19 4 0.09792288
20 0 2000.0
20 30 5.132014
20 13 0.69479764
20 33 1.4715909
20 11 0.77387136
20 29 1.3901759
20 5 4.1583266
20 34 0.90729505
20 2 2.0813696
20 14 0.9002371
20 37 5.802497
20 7 1.9205567
20 27 0.34806213
20 16 8.20067
20 25 0.7540573
21 32 2000.0
21 24 0.1526118
21 35 0.034467664
21 12 0.068880536
21 15 1.0352885
22 6 89.49243
22 31 1121.8182
22 9 0.49621493
22 19 1203.9772
23 0 2000.0
23 30 1.5316888
23 2 13.384236
23 8 0.9806026
23 37 4.547555
23 18 1.4000492
23 7 1.5091294
23 16 4.2994
23 11 2000.0
23 29 5.945824
23 5 21.32224
24 26 0.08971736
24 32 0.10538838
24 10 0.07846011
24 21 0.1526118
24 31 9.660179
24 12 0.07685043
24 3 128.32939
24 15 2000.0
24 17 0.18256971
25 30 6.7308145
25 0 533.3334
25 13 0.729375
25 33 0.69675416
25 11 1.0181733
25 29 2.635016
25 34 3.4796062
25 20 0.7540573
25 2 2.332535
25 14 1.4886136
25 37 35.294117
25 7 10.394509
25 27 0.86745644
25 16 0.8734935
26 32 19.736122
26 28 0.04331012
26 10 0.04364574
26 24 0.08971736
26 31 0.06758537
26 12 0.57368946
26 17 1.9246392
27 0 2000.0
27 30 0.17284358
27 8 1.2519772
27 18 3.750852
27 13 0.3330475
27 33 0.7809138
27 11 0.5065896
27 29 0.7750932
27 5 4.241798
27 34 1.7615044
27 20 0.34806213
27 2 1.5993018
27 14 2.894109
27 37 1.2551515
27 7 328.80844
27 16 1.2887061
27 25 0.86745644
28 36 0.03958945
28 26 0.04331012
28 10 0.7005621
28 3 0.09212964
28 12 5.3581424
28 9 9.223072
29 0 4.3798614
29 30 4.1672854
29 8 0.6451472
29 18 1.3507386
29 13 0.88063127
29 11 0.693172
29 5 3.1930065
29 34 4.8606787
29 20 1.3901759
29 2 1.3002071
29 37 0.90802467
29 7 2000.0
29 27 0.7750932
29 16 1681.9602
29 23 5.945824
29 25 2.635016
30 0 2000.0
30 8 0.7964605
30 18 0.81277645
30 13 2.2132142
30 33 0.99160314
30 11 0.49034658
30 29 4.1672854
30 5 0.6875585
30 34 5.1799345
30 20 5.132014
30 2 27.09826
30 14 2000.0
30 37 3.966601
30 7 0.78461564
30 27 0.17284358
30 16 1.0494306
30 23 1.5316888
30 25 6.7308145
31 26 0.06758537
31 6 1.0410211
31 10 0.031057555
31 24 9.660179
31 9 0.028342558
31 17 1.2233038
31 4 0.07473367
31 19 0.06868585
32 26 19.736122
32 24 0.10538838
32 12 0.13714366
32 15 0.07736348
33 34 2000.0
33 30 0.99160314
33 20 1.4715909
33 2 2.100192
33 14 0.5340802
33 7 2000.0
33 13 0.8198373
33 27 0.7809138
33 16 2000.0
33 11 3.1020808
33 29 2382.1023
33 25 0.69675416
34 30 5.1799345
34 20 0.90729505
34 8 7.9395037
34 7 10.436055
34 13 6.778058
34 27 1.7615044
34 16 2536.0227
34 11 4.640013
34 25 3.4796062
34 29 4.8606787
34 5 5.17685
35 21 0.034467664
36 26 2000.0
36 28 0.03958945
36 3 0.22437073
36 9 1.2968692
37 30 3.966601
37 0 1.394138
37 8 1.304213
37 18 1.192562
37 13 3.6323514
37 11 1.6715329
37 29 0.90802467
37 20 5.802497
37 2 1.1315061
37 7 15.3865385
37 27 1.2551515
37 16 62.722202
37 23 4.547555
37 25 35.294117
