0 2 0.8037613
0 8 9.721256
0 37 0.65724075
0 13 1.0206008
0 16 2000.0
0 11 129.8452
0 29 4.0844054
1 3 0.23142636
1 12 1206.9886
2 30 47.914474
2 0 0.8037613
2 8 1.6178031
2 18 16.317867
2 13 0.63928026
2 33 2.3155138
2 11 1.0834754
2 29 0.8500798
2 20 2.979302
2 37 0.8729899
2 27 1.1816924
2 16 2000.0
2 23 33.450344
2 25 2.6647727
3 36 0.21136363
3 28 0.11020308
3 24 240.00002
3 12 0.06774194
3 1 0.23142636
3 9 0.37039417
4 31 0.07373826
4 9 0.06745174
4 17 0.0722577
4 19 0.080060184
5 30 0.8618971
5 8 0.83695894
5 18 0.82685083
5 13 2000.0
5 11 3.001931
5 29 2.3739371
5 34 3.6744647
5 20 3.7812357
5 37 2000.0
5 7 8.115648
5 27 1.4996105
5 16 1.1121691
5 23 3.7200012
6 31 1.7848514
6 17 1.8076452
7 34 23.244902
7 30 1.8146645
7 20 1.8487648
7 8 68.33448
7 37 16.304235
7 27 292.60913
7 16 1.0728397
7 11 12.417309
7 23 1.4001757
7 25 16.046326
7 5 8.115648
8 0 9.721256
8 30 0.6043332
8 18 1.3366538
8 13 2.5943897
8 11 1.0200136
8 29 1.0743339
8 5 0.83695894
8 34 6.045316
8 2 1.6178031
8 37 1.7481351
8 7 68.33448
8 27 1.0829833
8 16 1.473116
8 23 1.133533
9 36 1.4298419
9 26 2000.0
9 28 6.871188
9 10 5.1151133
9 22 0.10552272
9 31 0.030476904
9 3 0.37039417
9 17 0.053564884
9 4 0.06745174
9 19 0.06743365
10 26 0.045342963
10 28 0.38226286
10 24 0.07814239
10 31 0.033491485
10 12 4.442072
10 9 5.1151133
10 17 0.031566694
11 0 129.8452
11 30 0.47143087
11 8 1.0200136
11 18 5.7639327
11 13 0.6009067
11 33 2.5076683
11 29 1.479186
11 5 3.001931
11 34 3.253232
11 20 0.80327344
11 2 1.0834754
11 37 1.7622359
11 7 12.417309
11 27 0.4638518
11 16 0.7515082
11 25 1.2145348
12 26 0.5325927
12 28 3.8582246
12 32 0.3798363
12 10 4.442072
12 24 0.088260256
12 21 0.06761304
12 3 0.06774194
12 1 1206.9886
13 30 2.2957616
13 0 1.0206008
13 8 2.5943897
13 18 753.8462
13 33 1.2056472
13 11 0.6009067
13 29 1.0364778
13 5 2000.0
13 34 9.393021
13 20 0.86351395
13 2 0.63928026
13 14 3.2433522
13 37 3.6795788
13 27 0.4224198
13 16 85.35177
13 25 0.71873355
14 20 1.0085939
14 13 3.2433522
14 33 0.8532378
14 27 2.5984793
14 11 2000.0
14 25 2.1865916
15 32 0.08259415
15 21 1.8384373
16 30 1.0501757
16 0 2000.0
16 8 1.473116
16 18 0.63217974
16 13 85.35177
16 11 0.7515082
16 29 287.5809
16 5 1.1121691
16 20 7.565768
16 7 1.0728397
16 27 2.504561
16 23 4.2754574
16 25 0.8026528
17 26 4.072707
17 6 1.8076452
17 10 0.031566694
17 24 0.25682804
17 31 1.7488425
17 9 0.053564884
17 4 0.0722577
17 19 4.4358315
18 30 0.7209343
18 2 16.317867
18 8 1.3366538
18 37 1.1891259
18 7 2000.0
18 13 753.8462
18 27 2.9237013
18 16 0.63217974
18 23 1.4848247
18 11 5.7639327
18 29 1.2498181
18 5 0.82685083
19 31 0.077783115
19 9 0.06743365
19 17 4.4358315
19 4 0.080060184
20 0 2000.0
20 30 39.72724
20 13 0.86351395
20 33 1.3304814
20 11 0.80327344
20 29 1.9441144
20 5 3.7812357
20 34 0.9043831
20 2 2.979302
20 14 1.0085939
20 37 10.030032
20 7 1.8487648
20 27 0.5172467
20 16 7.565768
20 25 0.5731474
21 32 2000.0
21 10 2000.0
21 24 0.09286022
21 35 0.046191398
21 12 0.06761304
21 15 1.8384373
22 6 273.25415
22 31 1121.8182
22 9 0.10552272
22 19 1203.9772
23 0 2000.0
23 30 2.6454568
23 2 33.450344
23 8 1.133533
23 37 3.6572971
23 18 1.4848247
23 7 1.4001757
23 16 4.2754574
23 11 2000.0
23 29 3.4827828
23 5 3.7200012
24 26 0.09150568
24 32 0.15386076
24 10 0.07814239
24 21 0.09286022
24 31 13.282747
24 12 0.088260256
24 3 240.00002
24 15 2000.0
24 17 0.25682804
25 0 2000.0
25 30 1.829501
25 13 0.71873355
25 33 0.78962255
25 11 1.2145348
25 29 4.0420046
25 34 4.015462
25 20 0.5731474
25 2 2.6647727
25 14 2.1865916
25 37 60.452744
25 7 16.046326
25 27 0.8668019
25 16 0.8026528
26 32 34.07359
26 28 0.041318297
26 10 0.045342963
26 24 0.09150568
26 31 0.11177175
26 12 0.5325927
26 17 4.072707
27 0 2000.0
27 30 0.18983285
27 8 1.0829833
27 18 2.9237013
27 13 0.4224198
27 33 1.4690274
27 11 0.4638518
27 29 0.5151851
27 5 1.4996105
27 34 1.9782418
27 20 0.5172467
27 2 1.1816924
27 14 2.5984793
27 37 1.271536
27 7 292.60913
27 16 2.504561
27 25 0.8668019
28 36 0.043666173
28 26 0.041318297
28 10 0.38226286
28 3 0.11020308
28 12 3.8582246
28 9 6.871188
29 0 4.0844054
29 30 4.222334
29 8 1.0743339
29 18 1.2498181
29 13 1.0364778
29 11 1.479186
29 5 2.3739371
29 34 3.1122596
29 20 1.9441144
29 2 0.8500798
29 37 0.94235796
29 7 2000.0
29 27 0.5151851
29 16 287.5809
29 23 3.4827828
29 25 4.0420046
30 0 2000.0
30 8 0.6043332
30 18 0.7209343
30 13 2.2957616
30 33 3.6951272
30 11 0.47143087
30 29 4.222334
30 5 0.8618971
30 34 3.0263274
30 20 39.72724
30 2 47.914474
30 14 2000.0
30 37 5.392992
30 7 1.8146645
30 27 0.18983285
30 16 1.0501757
30 23 2.6454568
30 25 1.829501
31 26 0.11177175
31 6 1.7848514
31 10 0.033491485
31 24 13.282747
31 22 1121.8182
31 9 0.030476904
31 17 1.7488425
31 4 0.07373826
31 19 0.077783115
32 26 34.07359
32 24 0.15386076
32 12 0.3798363
32 15 0.08259415
33 30 3.6951272
33 8 2000.0
33 13 1.2056472
33 11 2.5076683
33 29 2382.1023
33 34 2000.0
33 20 1.3304814
33 2 2.3155138
33 14 0.8532378
33 7 2000.0
33 27 1.4690274
33 16 2000.0
33 25 0.78962255
34 30 3.0263274
34 20 0.9043831
34 8 6.045316
34 7 23.244902
34 13 9.393021
34 27 1.9782418
34 16 2536.0227
34 11 3.253232
34 25 4.015462
34 29 3.1122596
34 5 3.6744647
35 21 0.046191398
36 26 1707.0779
36 28 0.043666173
36 3 0.21136363
36 9 1.4298419
37 30 5.392992
37 0 0.65724075
37 8 1.7481351
37 18 1.1891259
37 13 3.6795788
37 11 1.7622359
37 29 0.94235796
37 20 10.030032
37 2 0.8729899
37 7 16.304235
37 27 1.271536
37 16 3228.068
37 23 3.6572971
37 25 60.452744
