0 8 14.619969
0 2 0.8293086
0 37 1.1861519
0 13 0.820601
0 11 25.709763
0 29 7.9095287
1 3 0.2509091
1 12 1201.4773
2 30 11.063341
2 0 0.8293086
2 8 1.150878
2 18 9.014469
2 13 0.4240177
2 33 1.9731874
2 11 0.7869922
2 29 0.711522
2 20 1.8538655
2 37 0.6742158
2 27 0.5023415
2 16 2000.0
2 23 30.689535
2 25 1.136812
3 36 0.26987103
3 28 0.095522806
3 24 238.09521
3 12 0.05530215
3 1 0.2509091
3 9 0.25543278
4 31 0.08200928
4 9 0.06893038
4 17 0.07814142
4 19 0.08238637
5 30 0.83560914
5 8 0.6625294
5 18 0.39814854
5 13 139.1511
5 11 2.1525269
5 29 4.116819
5 34 1.611014
5 20 3.988636
5 37 2000.0
5 7 7.8347197
5 27 3.1453145
5 16 1.6200582
5 23 2.0154788
6 22 94.38716
6 31 0.30089712
6 17 0.6428642
7 34 7.0939426
7 30 0.82313085
7 20 1.5900981
7 8 29.730806
7 37 9.614407
7 27 191.49174
7 16 1.2763296
7 11 4.419297
7 23 1.1810776
7 25 2.8632305
7 5 7.8347197
8 0 14.619969
8 30 0.44215545
8 18 1.2052348
8 13 2.310584
8 11 2.2375026
8 29 0.38952652
8 5 0.6625294
8 34 5.3457837
8 2 1.150878
8 37 0.9108147
8 7 29.730806
8 27 1.0939354
8 16 1.3817477
8 23 0.87452817
9 36 2.0466971
9 26 2000.0
9 28 1.5171994
9 10 5.254319
9 22 0.56148994
9 31 0.029062409
9 3 0.25543278
9 12 2000.0
9 17 0.1306722
9 4 0.06893038
9 19 0.06689917
10 26 0.030951938
10 28 0.17698678
10 24 0.066475876
10 31 0.03348485
10 12 12.020549
10 9 5.254319
10 17 0.04405738
11 0 25.709763
11 30 0.40603578
11 8 2.2375026
11 18 11.977194
11 13 0.48262465
11 33 2.1401958
11 29 0.5108935
11 5 2.1525269
11 34 2.1816826
11 20 0.47705904
11 2 0.7869922
11 37 1.0518433
11 7 4.419297
11 27 0.39527363
11 16 0.8453242
11 25 0.87933534
12 26 1.6337415
12 28 1.02107
12 32 0.24729264
12 10 12.020549
12 24 0.06674822
12 21 0.099427775
12 3 0.05530215
13 0 0.820601
13 30 2.7514913
13 8 2.310584
13 18 272.61404
13 33 0.8283557
13 11 0.48262465
13 29 1.0349859
13 5 139.1511
13 34 9.997022
13 20 0.41704416
13 2 0.4240177
13 14 2.314678
13 37 1.6393307
13 27 0.60282123
13 16 76.97563
13 25 0.6145755
14 34 2000.0
14 20 2.587841
14 13 2.314678
14 27 2.261591
14 33 0.5254517
14 11 2000.0
14 25 4.938656
15 32 0.0893106
15 21 1.2341582
16 30 1.1466632
16 0 2000.0
16 8 1.3817477
16 18 1.0577734
16 13 76.97563
16 11 0.8453242
16 29 10.851703
16 5 1.6200582
16 20 6.4754515
16 37 14.036301
16 7 1.2763296
16 27 1.4469827
16 23 3.8751776
16 25 1.5428592
17 26 1.7208204
17 6 0.6428642
17 10 0.04405738
17 24 0.20059732
17 31 1.1987034
17 9 0.1306722
17 4 0.07814142
17 19 3.669165
18 30 0.68078166
18 2 9.014469
18 8 1.2052348
18 37 1.8444299
18 13 272.61404
18 7 2000.0
18 27 3.481932
18 16 1.0577734
18 23 1.2612025
18 11 11.977194
18 29 0.976894
18 5 0.39814854
19 31 0.08298204
19 9 0.06689917
19 17 3.669165
19 4 0.08238637
20 30 23.401003
20 13 0.41704416
20 33 1.8883125
20 11 0.47705904
20 29 4.866194
20 5 3.988636
20 34 0.79410243
20 2 1.8538655
20 14 2.587841
20 37 1.3259007
20 7 1.5900981
20 27 0.51531833
20 16 6.4754515
20 25 0.63701785
21 32 2000.0
21 24 0.82482576
21 35 0.036077987
21 12 0.099427775
21 15 1.2341582
22 6 94.38716
22 31 1246.1364
22 9 0.56148994
22 19 1318.8068
23 0 2000.0
23 30 1.3769796
23 2 30.689535
23 8 0.87452817
23 37 1.3466672
23 18 1.2612025
23 7 1.1810776
23 16 3.8751776
23 11 2000.0
23 29 4.2046394
23 5 2.0154788
24 26 0.056001376
24 32 0.10644433
24 10 0.066475876
24 21 0.82482576
24 31 3.131198
24 3 238.09521
24 12 0.06674822
24 15 2000.0
24 17 0.20059732
25 0 2000.0
25 30 4.441434
25 13 0.6145755
25 33 0.35454947
25 11 0.87933534
25 29 5.1506734
25 34 1.1020067
25 20 0.63701785
25 2 1.136812
25 14 4.938656
25 37 25.476755
25 7 2.8632305
25 27 0.8533251
25 16 1.5428592
26 36 257.14285
26 32 25.58182
26 28 0.036297347
26 10 0.030951938
26 24 0.056001376
26 31 0.064306006
26 12 1.6337415
26 17 1.7208204
27 0 2000.0
27 30 0.2490253
27 8 1.0939354
27 18 3.481932
27 13 0.60282123
27 33 0.84688634
27 11 0.39527363
27 29 0.77641344
27 5 3.1453145
27 34 0.5573093
27 20 0.51531833
27 2 0.5023415
27 14 2.261591
27 37 0.5243829
27 7 191.49174
27 16 1.4469827
27 25 0.8533251
28 36 0.035181887
28 26 0.036297347
28 10 0.17698678
28 3 0.095522806
28 12 1.02107
28 9 1.5171994
29 0 7.9095287
29 30 5.0277724
29 8 0.38952652
29 18 0.976894
29 13 1.0349859
29 33 88.888885
29 11 0.5108935
29 5 4.116819
29 34 8.542129
29 20 4.866194
29 2 0.711522
29 37 0.7335487
29 7 2000.0
29 27 0.77641344
29 16 10.851703
29 23 4.2046394
29 25 5.1506734
30 0 2000.0
30 8 0.44215545
30 18 0.68078166
30 13 2.7514913
30 33 3.0722144
30 11 0.40603578
30 29 5.0277724
30 5 0.83560914
30 34 0.86592335
30 20 23.401003
30 2 11.063341
30 37 5.645241
30 7 0.82313085
30 27 0.2490253
30 16 1.1466632
30 23 1.3769796
30 25 4.441434
31 26 0.064306006
31 6 0.30089712
31 10 0.03348485
31 24 3.131198
31 9 0.029062409
31 17 1.1987034
31 4 0.08200928
31 19 0.08298204
32 26 25.58182
32 24 0.10644433
32 12 0.24729264
32 15 0.0893106
33 34 2000.0
33 30 3.0722144
33 20 1.8883125
33 2 1.9731874
33 14 0.5254517
33 7 2000.0
33 13 0.8283557
33 27 0.84688634
33 16 1844.659
33 11 2.1401958
33 29 88.888885
33 25 0.35454947
34 30 0.86592335
34 20 0.79410243
34 8 5.3457837
34 13 9.997022
34 7 7.0939426
34 27 0.5573093
34 16 1215.0568
34 11 2.1816826
34 25 1.1020067
34 29 8.542129
34 5 1.611014
35 21 0.036077987
36 26 257.14285
36 28 0.035181887
36 3 0.26987103
36 9 2.0466971
37 30 5.645241
37 0 1.1861519
37 8 0.9108147
37 18 1.8444299
37 13 1.6393307
37 11 1.0518433
37 29 0.7335487
37 20 1.3259007
37 2 0.6742158
37 7 9.614407
37 27 0.5243829
37 16 14.036301
37 23 1.3466672
37 25 25.476755
