0 2 0.9182584
0 37 2.4981031
0 13 0.88395613
0 29 38.259422
0 25 35.24749
1 3 0.58976203
1 12 11.824595
2 30 10.729388
2 0 0.9182584
2 8 1.103621
2 18 3.080862
2 13 0.61393255
2 33 2.1639888
2 11 1.9723822
2 29 1.011573
2 20 4.552014
2 37 0.8039869
2 27 2.1065235
2 16 2000.0
2 23 5.079009
2 25 0.8783705
3 36 0.6053275
3 28 11.679403
3 24 2000.0
3 12 0.0730409
3 1 0.58976203
3 9 0.86774886
4 31 0.07644794
4 9 0.12748106
4 17 0.16476284
4 19 0.068704635
5 30 0.57244784
5 8 0.39145774
5 18 1.1745174
5 13 23.598269
5 11 3.080746
5 29 7.088909
5 34 2.536641
5 20 2.1808274
5 37 11.199204
5 7 16.88216
5 27 1.4637202
5 16 1.3330225
5 23 3.2343867
5 25 2000.0
6 31 0.19578762
6 17 3.9680781
7 30 0.54423195
7 20 1774.5359
7 8 11.015909
7 37 448.35858
7 16 1.407656
7 23 1.1788868
7 11 151.88258
7 25 7.9660783
7 5 16.88216
8 0 2000.0
8 30 0.4148821
8 18 1.2324858
8 13 1.583416
8 11 0.8058214
8 29 0.7357241
8 5 0.39145774
8 34 44.044292
8 2 1.103621
8 37 1.4208003
8 7 11.015909
8 27 2.2086272
8 16 1.356657
8 23 0.9149366
8 25 2000.0
9 36 0.6081718
9 26 2000.0
9 28 1.2517217
9 10 52.151302
9 22 0.07769138
9 31 0.02935857
9 12 2000.0
9 3 0.86774886
9 4 0.12748106
9 17 0.030997472
9 19 0.06734788
10 26 0.030299924
10 28 0.2530463
10 24 0.1294107
10 31 15.1297655
10 12 100.0
10 9 52.151302
10 17 0.034659088
11 0 2000.0
11 30 0.63428485
11 8 0.8058214
11 18 1.6922408
11 13 0.9718414
11 33 1.7328864
11 29 0.7092121
11 5 3.080746
11 34 1.4994748
11 20 1.5726013
11 2 1.9723822
11 37 1.5805422
11 7 151.88258
11 27 0.68097025
11 16 1.4986343
11 25 0.6827724
12 26 2.029716
12 32 7.0159965
12 10 100.0
12 24 0.07049572
12 21 0.15377443
12 3 0.0730409
12 1 11.824595
13 30 112.057526
13 0 0.88395613
13 8 1.583416
13 18 278.91608
13 33 1.149247
13 11 0.9718414
13 29 0.774034
13 5 23.598269
13 34 2681.3635
13 20 0.91176015
13 2 0.61393255
13 14 9.533922
13 37 0.90398574
13 7 2000.0
13 27 0.82991374
13 16 76.248856
13 25 0.53074956
14 30 7.214324
14 20 2.2854762
14 13 9.533922
14 27 2.0980594
14 33 0.45905176
14 11 2000.0
14 25 2.9550588
15 32 0.06850634
15 21 1.7151679
16 0 2000.0
16 30 1.1052417
16 8 1.356657
16 18 1.4596223
16 13 76.248856
16 11 1.4986343
16 5 1.3330225
16 34 20.833334
16 20 34.150093
16 7 1.407656
16 27 1.2433661
16 23 1.8009471
16 25 1.7902393
17 6 3.9680781
17 26 1.5415273
17 10 0.034659088
17 24 0.11128145
17 31 1.0162139
17 9 0.030997472
17 4 0.16476284
17 19 60.01777
18 0 2000.0
18 30 0.6675361
18 8 1.2324858
18 13 278.91608
18 11 1.6922408
18 29 1.2828355
18 5 1.1745174
18 2 3.080862
18 37 1.569192
18 7 2000.0
18 27 17.557539
18 16 1.4596223
18 23 1.3747023
19 31 0.1038447
19 9 0.06734788
19 4 0.068704635
19 17 60.01777
20 30 1.2403636
20 13 0.91176015
20 33 1.0450653
20 11 1.5726013
20 29 6.2027597
20 5 2.1808274
20 34 0.81608856
20 2 4.552014
20 14 2.2854762
20 37 2.3540404
20 7 1774.5359
20 27 2.2296515
20 16 34.150093
20 25 0.9853179
21 32 2000.0
21 24 0.6261347
21 35 0.030645166
21 31 2000.0
21 12 0.15377443
21 15 1.7151679
22 31 76.006996
22 9 0.07769138
22 19 2000.0
23 0 2000.0
23 30 1.5359067
23 8 0.9149366
23 2 5.079009
23 37 2.4812255
23 18 1.3747023
23 7 1.1788868
23 16 1.8009471
23 11 2000.0
23 29 0.8030491
23 5 3.2343867
24 26 0.041935485
24 32 0.21019024
24 10 0.1294107
24 21 0.6261347
24 3 2000.0
24 12 0.07049572
24 17 0.11128145
25 30 20.13664
25 0 35.24749
25 13 0.53074956
25 33 0.6223133
25 11 0.6827724
25 29 1.9769804
25 34 2.7822523
25 20 0.9853179
25 2 0.8783705
25 14 2.9550588
25 37 50.0
25 7 7.9660783
25 27 0.29161528
25 16 1.7902393
26 32 37.49036
26 28 0.07732684
26 10 0.030299924
26 24 0.041935485
26 31 0.13961485
26 12 2.029716
26 17 1.5415273
27 30 0.25223067
27 0 2000.0
27 8 2.2086272
27 18 17.557539
27 13 0.82991374
27 33 0.69204545
27 11 0.68097025
27 29 0.70838565
27 5 1.4637202
27 34 1.1282742
27 20 2.2296515
27 2 2.1065235
27 14 2.0980594
27 37 1.4399275
27 7 2000.0
27 16 1.2433661
27 25 0.29161528
28 36 0.031809017
28 26 0.07732684
28 10 0.2530463
28 3 11.679403
28 12 1202.2728
28 9 1.2517217
28 19 1315.2273
29 0 38.259422
29 30 1.57917
29 8 0.7357241
29 18 1.2828355
29 13 0.774034
29 33 32.315186
29 11 0.7092121
29 5 7.088909
29 34 1.8615004
29 20 6.2027597
29 2 1.011573
29 37 1.3788555
29 7 2000.0
29 27 0.70838565
29 16 2000.0
29 23 0.8030491
29 25 1.9769804
30 8 0.4148821
30 18 0.6675361
30 13 112.057526
30 33 10.350593
30 11 0.63428485
30 29 1.57917
30 5 0.57244784
30 34 0.90563494
30 20 1.2403636
30 2 10.729388
30 14 7.214324
30 37 19.884912
30 7 0.54423195
30 27 0.25223067
30 16 1.1052417
30 23 1.5359067
30 25 20.13664
31 26 0.13961485
31 6 0.19578762
31 10 15.1297655
31 22 76.006996
31 9 0.02935857
31 4 0.07644794
31 17 1.0162139
31 19 0.1038447
32 26 37.49036
32 24 0.21019024
32 12 7.0159965
32 15 0.06850634
33 30 10.350593
33 13 1.149247
33 11 1.7328864
33 29 32.315186
33 5 2000.0
33 34 2000.0
33 20 1.0450653
33 2 2.1639888
33 14 0.45905176
33 7 2000.0
33 27 0.69204545
33 16 3017.898
33 25 0.6223133
34 30 0.90563494
34 20 0.81608856
34 8 44.044292
34 37 2000.0
34 7 2000.0
34 27 1.1282742
34 16 20.833334
34 11 1.4994748
34 29 1.8615004
34 25 2.7822523
34 5 2.536641
35 21 0.030645166
35 31 1102.5
36 28 0.031809017
36 3 0.6053275
36 9 0.6081718
37 30 19.884912
37 0 2.4981031
37 8 1.4208003
37 18 1.569192
37 13 0.90398574
37 11 1.5805422
37 29 1.3788555
37 5 11.199204
37 20 2.3540404
37 2 0.8039869
37 7 448.35858
37 27 1.4399275
37 16 2000.0
37 23 2.4812255
37 25 50.0
