0 2 0.87289226
0 37 1.2638046
0 13 0.8010655
0 29 16.659195
0 25 21.924925
1 3 0.97272986
1 12 7.2419276
2 30 28.058886
2 0 0.87289226
2 8 1.547228
2 18 2.5185494
2 13 0.6215953
2 33 2.4924989
2 11 2.2939253
2 29 1.0161444
2 20 4.6999583
2 37 0.8283473
2 27 0.82451314
2 16 2000.0
2 23 10.673617
2 25 0.6118943
3 36 0.434006
3 28 12.124579
3 24 2000.0
3 12 0.073194645
3 1 0.97272986
3 9 0.29620034
4 31 0.06429737
4 9 0.08934892
4 17 0.12662037
4 19 0.06711906
5 30 0.7831046
5 8 0.5247928
5 18 1.088849
5 13 51.83825
5 11 5.904275
5 29 3.6487427
5 34 2.7442737
5 20 2.8233938
5 37 6.369934
5 7 11.836525
5 27 1.6541504
5 16 1.4988502
5 23 4.394497
5 25 2000.0
6 31 0.26620412
6 17 2.7084918
7 30 1.026052
7 20 36.536156
7 8 6.643417
7 16 1.2907664
7 11 73.90341
7 23 1.3996596
7 25 4.8636136
7 5 11.836525
8 0 2000.0
8 30 0.58339447
8 18 1.9533949
8 13 1.6831762
8 11 1.1535825
8 29 1.0981877
8 5 0.5247928
8 34 22.690979
8 2 1.547228
8 37 0.95067185
8 7 6.643417
8 27 1.1324569
8 16 1.4953305
8 23 0.97680044
8 25 2000.0
9 36 0.5751394
9 26 2000.0
9 28 1.2029339
9 10 34.783558
9 22 0.062489215
9 31 0.02870308
9 3 0.29620034
9 12 2000.0
9 4 0.08934892
9 17 0.03622948
9 19 0.06936257
10 26 0.03450555
10 28 0.27401024
10 24 0.191747
10 31 17.341467
10 12 1181.7045
10 9 34.783558
10 17 0.038852435
11 0 2000.0
11 30 1.0854843
11 8 1.1535825
11 18 11.251064
11 13 2.1135874
11 33 2.7834144
11 29 1.3493854
11 5 5.904275
11 34 2.732873
11 20 3.354469
11 2 2.2939253
11 37 1.4519594
11 7 73.90341
11 27 0.76275796
11 16 1.0467343
11 25 1.1180943
12 26 0.80735934
12 32 5.6195073
12 28 66.19025
12 24 0.06741563
12 21 0.18181315
12 3 0.073194645
12 1 7.2419276
13 30 27.461569
13 0 0.8010655
13 8 1.6831762
13 18 266.6667
13 33 0.988456
13 11 2.1135874
13 29 1.0961422
13 5 51.83825
13 34 90.00001
13 20 1.7957104
13 2 0.6215953
13 14 8.377583
13 37 1.3252841
13 7 2000.0
13 27 0.59567356
13 16 19.916471
13 25 0.34255233
14 30 13.568755
14 20 5.4888153
14 13 8.377583
14 27 8.40135
14 33 0.44223076
14 11 2000.0
14 25 1.6984888
15 32 0.068749405
15 21 1.3047359
16 30 1.1099912
16 0 2000.0
16 8 1.4953305
16 18 1.1048607
16 13 19.916471
16 11 1.0467343
16 5 1.4988502
16 34 46.210228
16 20 32.61147
16 7 1.2907664
16 27 1.3180106
16 23 2.7842693
16 25 1.2688675
17 6 2.7084918
17 26 1.6380302
17 10 0.038852435
17 24 0.1031357
17 31 0.9888811
17 9 0.03622948
17 4 0.12662037
17 19 23.548595
18 0 2000.0
18 30 0.83636934
18 8 1.9533949
18 13 266.6667
18 11 11.251064
18 29 1.1360472
18 5 1.088849
18 2 2.5185494
18 37 3.223469
18 7 2000.0
18 27 17.518358
18 16 1.1048607
18 23 1.4601327
19 31 0.10414494
19 9 0.06936257
19 4 0.06711906
19 17 23.548595
20 30 2.1716268
20 13 1.7957104
20 33 3.7960675
20 11 3.354469
20 29 11.255825
20 5 2.8233938
20 34 1.1386962
20 2 4.6999583
20 14 5.4888153
20 37 2.3628268
20 7 36.536156
20 27 1.9968911
20 16 32.61147
20 25 1.5642205
21 32 2000.0
21 10 2000.0
21 24 0.7996276
21 35 0.030100036
21 31 2000.0
21 12 0.18181315
21 15 1.3047359
22 31 100.0
22 9 0.062489215
22 19 2000.0
23 0 2000.0
23 30 1.4935788
23 8 0.97680044
23 2 10.673617
23 37 1.2751042
23 18 1.4601327
23 7 1.3996596
23 16 2.7842693
23 11 2000.0
23 29 1.1018207
23 5 4.394497
24 26 0.044584922
24 32 0.173921
24 10 0.191747
24 21 0.7996276
24 31 2000.0
24 12 0.06741563
24 15 2000.0
24 17 0.1031357
25 0 21.924925
25 30 64.79422
25 13 0.34255233
25 33 0.6825325
25 11 1.1180943
25 29 3.0361476
25 34 1.3670169
25 20 1.5642205
25 2 0.6118943
25 14 1.6984888
25 37 123.84503
25 7 4.8636136
25 27 0.27645305
25 16 1.2688675
26 32 23.511553
26 28 0.056868587
26 10 0.03450555
26 24 0.044584922
26 31 0.21590352
26 12 0.80735934
26 17 1.6380302
27 30 0.48209247
27 0 2000.0
27 8 1.1324569
27 18 17.518358
27 13 0.59567356
27 33 1.6323768
27 11 0.76275796
27 29 0.41436404
27 5 1.6541504
27 34 1.6781607
27 20 1.9968911
27 2 0.82451314
27 14 8.40135
27 37 1.160168
27 7 1939.4318
27 16 1.3180106
27 25 0.27645305
28 36 0.033156782
28 26 0.056868587
28 10 0.27401024
28 3 12.124579
28 12 66.19025
28 9 1.2029339
28 19 1384.8295
29 0 16.659195
29 30 1.0704464
29 8 1.0981877
29 18 1.1360472
29 13 1.0961422
29 33 18.736364
29 11 1.3493854
29 5 3.6487427
29 34 3.1767125
29 20 11.255825
29 2 1.0161444
29 37 1.1488996
29 27 0.41436404
29 16 2000.0
29 23 1.1018207
29 25 3.0361476
30 8 0.58339447
30 18 0.83636934
30 13 27.461569
30 33 10.902263
30 11 1.0854843
30 29 1.0704464
30 5 0.7831046
30 34 0.83437216
30 20 2.1716268
30 2 28.058886
30 14 13.568755
30 37 35.57741
30 7 1.026052
30 27 0.48209247
30 16 1.1099912
30 23 1.4935788
30 25 64.79422
31 26 0.21590352
31 6 0.26620412
31 10 17.341467
31 22 100.0
31 9 0.02870308
31 4 0.06429737
31 17 0.9888811
31 19 0.10414494
32 26 23.511553
32 10 2000.0
32 24 0.173921
32 21 2000.0
32 12 5.6195073
32 15 0.068749405
33 30 10.902263
33 8 2000.0
33 13 0.988456
33 11 2.7834144
33 29 18.736364
33 5 2000.0
33 34 2000.0
33 20 3.7960675
33 2 2.4924989
33 14 0.44223076
33 7 2000.0
33 27 1.6323768
33 16 3017.898
33 25 0.6825325
34 30 0.83437216
34 20 1.1386962
34 8 22.690979
34 37 2000.0
34 13 90.00001
34 7 3440.1135
34 27 1.6781607
34 16 46.210228
34 11 2.732873
34 29 3.1767125
34 25 1.3670169
34 5 2.7442737
35 21 0.030100036
35 31 1665.8523
36 28 0.033156782
36 3 0.434006
36 9 0.5751394
37 30 35.57741
37 0 1.2638046
37 8 0.95067185
37 18 3.223469
37 13 1.3252841
37 11 1.4519594
37 29 1.1488996
37 5 6.369934
37 20 2.3628268
37 2 0.8283473
37 7 2171.0227
37 27 1.160168
37 16 2000.0
37 23 1.2751042
37 25 123.84503
