0 2 1.0274063
0 37 2.547735
0 13 0.96654046
0 29 32.57118
0 25 18.193121
1 3 1.1346618
1 12 21.435358
2 30 23.365374
2 0 1.0274063
2 8 1.494308
2 18 3.2516387
2 13 0.67063695
2 33 2.2190096
2 11 1.6241162
2 29 1.0735003
2 20 4.942309
2 37 0.96428484
2 27 1.2457405
2 16 2000.0
2 23 14.778858
2 25 0.5195647
3 36 0.46076387
3 28 15.9000025
3 24 2000.0
3 12 0.048120093
3 1 1.1346618
3 9 0.3513711
4 31 0.07359922
4 9 0.08226167
4 17 0.18705201
4 19 0.07024031
5 30 0.80012673
5 8 1.147946
5 18 0.7048988
5 13 36.26124
5 11 3.7665415
5 29 2.9050364
5 34 2.0720668
5 20 3.9935286
5 37 13.177399
5 7 19.209955
5 27 6.1151934
5 16 2.0461366
5 23 8.721349
5 25 2000.0
6 31 0.113991484
6 17 1.803086
7 34 765.6729
7 30 1.1875249
7 20 50.954544
7 8 18.66332
7 37 114.28571
7 16 1.1061207
7 23 1.5550689
7 25 3.0565968
7 5 19.209955
8 0 2000.0
8 30 0.7905059
8 18 1.1733563
8 13 4.642704
8 11 2.340816
8 29 2.1874576
8 5 1.147946
8 34 19.434164
8 2 1.494308
8 37 1.0092102
8 7 18.66332
8 27 6.0025296
8 16 1.6698452
8 23 1.648393
8 25 2000.0
9 36 0.5799513
9 26 2000.0
9 28 2.5016232
9 10 20.732069
9 22 0.04027835
9 31 0.029500866
9 12 2000.0
9 3 0.3513711
9 4 0.08226167
9 17 0.036451645
9 19 0.07245445
10 26 0.0286988
10 28 0.24870951
10 24 0.08617988
10 31 5.5745277
10 12 1780.5681
10 9 20.732069
10 17 0.029830692
11 0 2000.0
11 30 0.9907082
11 8 2.340816
11 18 16.801882
11 13 1.1327134
11 33 3.946139
11 29 1.5829035
11 5 3.7665415
11 34 3.80192
11 20 1.7050853
11 2 1.6241162
11 37 2.184699
11 7 3343.125
11 27 1.0425776
11 16 1.2132106
11 25 0.98635834
12 26 0.30858228
12 32 5.9215307
12 28 80.703285
12 24 0.07954546
12 21 0.109030895
12 3 0.048120093
12 1 21.435358
13 30 69.2174
13 0 0.96654046
13 8 4.642704
13 18 133.33334
13 33 0.9946162
13 11 1.1327134
13 29 1.3976518
13 5 36.26124
13 34 2654.5457
13 20 1.3141085
13 2 0.67063695
13 14 2.8132718
13 37 1.4512888
13 7 2000.0
13 27 2.609641
13 16 60.382557
13 25 0.2764935
14 30 17.97547
14 20 3.012921
14 13 2.8132718
14 27 4.14763
14 33 0.52784157
14 11 2000.0
14 25 2.558755
15 32 0.07024377
15 21 9.231192
16 0 2000.0
16 30 1.0834128
16 8 1.6698452
16 18 1.3405818
16 13 60.382557
16 11 1.2132106
16 29 137.87502
16 5 2.0461366
16 34 104.73125
16 20 11.761038
16 7 1.1061207
16 27 1.7827182
16 23 3.4201815
16 25 1.3511215
17 6 1.803086
17 26 1.6231011
17 10 0.029830692
17 24 0.097588755
17 31 0.9675506
17 9 0.036451645
17 4 0.18705201
17 19 13.709741
18 30 0.71006894
18 0 2000.0
18 8 1.1733563
18 13 133.33334
18 11 16.801882
18 29 2.2654836
18 5 0.7048988
18 2 3.2516387
18 37 4.018089
18 7 2000.0
18 27 51.60212
18 16 1.3405818
18 23 1.2176917
19 31 0.10120908
19 9 0.07245445
19 4 0.07024031
19 17 13.709741
20 30 3.6747162
20 13 1.3141085
20 33 1.3082774
20 11 1.7050853
20 29 5.2080264
20 5 3.9935286
20 34 1.918393
20 2 4.942309
20 14 3.012921
20 37 2.6300614
20 7 50.954544
20 27 2.9136684
20 16 11.761038
20 25 0.37152284
21 32 266.6667
21 24 0.7711763
21 35 0.034244146
21 31 2000.0
21 12 0.109030895
21 15 9.231192
22 31 100.0
22 9 0.04027835
22 19 2000.0
23 0 2000.0
23 30 1.788208
23 8 1.648393
23 2 14.778858
23 37 0.92388463
23 18 1.2176917
23 7 1.5550689
23 16 3.4201815
23 11 2000.0
23 29 2.2850184
23 5 8.721349
24 26 0.03845537
24 32 0.27880257
24 10 0.08617988
24 21 0.7711763
24 12 0.07954546
24 3 2000.0
24 15 2000.0
24 17 0.097588755
25 30 18.970999
25 0 18.193121
25 13 0.2764935
25 33 0.7407917
25 11 0.98635834
25 29 3.0012326
25 34 7.3914623
25 20 0.37152284
25 2 0.5195647
25 14 2.558755
25 37 52.289436
25 7 3.0565968
25 27 0.31034586
25 16 1.3511215
26 32 34.448036
26 28 0.05487515
26 10 0.0286988
26 24 0.03845537
26 31 0.45336154
26 12 0.30858228
26 17 1.6231011
27 30 0.80907446
27 0 2000.0
27 8 6.0025296
27 18 51.60212
27 13 2.609641
27 33 1.0591516
27 11 1.0425776
27 29 0.7748139
27 5 6.1151934
27 34 1.4945498
27 20 2.9136684
27 2 1.2457405
27 14 4.14763
27 37 2.048431
27 7 2000.0
27 16 1.7827182
27 25 0.31034586
28 36 0.03689935
28 26 0.05487515
28 10 0.24870951
28 3 15.9000025
28 12 80.703285
28 9 2.5016232
28 19 1372.6704
29 0 32.57118
29 30 2.5882225
29 8 2.1874576
29 18 2.2654836
29 13 1.3976518
29 33 49.715675
29 11 1.5829035
29 5 2.9050364
29 34 4.5644383
29 20 5.2080264
29 2 1.0735003
29 37 1.1733556
29 7 2000.0
29 27 0.7748139
29 16 137.87502
29 23 2.2850184
29 25 3.0012326
30 8 0.7905059
30 18 0.71006894
30 13 69.2174
30 33 12.509033
30 11 0.9907082
30 29 2.5882225
30 5 0.80012673
30 34 1.2502956
30 20 3.6747162
30 2 23.365374
30 14 17.97547
30 37 39.63778
30 7 1.1875249
30 27 0.80907446
30 16 1.0834128
30 23 1.788208
30 25 18.970999
31 26 0.45336154
31 6 0.113991484
31 10 5.5745277
31 35 81.74773
31 22 100.0
31 9 0.029500866
31 4 0.07359922
31 17 0.9675506
31 19 0.10120908
32 26 34.448036
32 24 0.27880257
32 21 266.6667
32 12 5.9215307
32 15 0.07024377
33 30 12.509033
33 8 2000.0
33 13 0.9946162
33 11 3.946139
33 29 49.715675
33 5 2000.0
33 34 2000.0
33 20 1.3082774
33 2 2.2190096
33 14 0.52784157
33 7 2000.0
33 27 1.0591516
33 16 3017.898
33 25 0.7407917
34 30 1.2502956
34 20 1.918393
34 8 19.434164
34 37 2000.0
34 7 765.6729
34 27 1.4945498
34 16 104.73125
34 11 3.80192
34 29 4.5644383
34 25 7.3914623
34 5 2.0720668
35 21 0.034244146
35 31 81.74773
36 28 0.03689935
36 3 0.46076387
36 9 0.5799513
37 30 39.63778
37 0 2.547735
37 8 1.0092102
37 18 4.018089
37 13 1.4512888
37 11 2.184699
37 29 1.1733556
37 5 13.177399
37 20 2.6300614
37 2 0.96428484
37 7 114.28571
37 27 2.048431
37 16 2000.0
37 23 0.92388463
37 25 52.289436
