0 8 10.887279
0 2 1.2173396
0 37 1.6613575
0 13 0.92087877
0 11 171.42857
0 29 16.150358
0 25 800.0
1 3 0.44283938
1 12 1144.659
2 30 14.288197
2 0 1.2173396
2 8 1.1581085
2 18 14.483117
2 13 0.3576468
2 33 1.7436955
2 11 1.1793914
2 29 0.93126726
2 20 9.282113
2 37 1.4708946
2 27 1.0469476
2 23 74.61541
2 25 1.8969883
3 36 0.24691164
3 28 0.10322075
3 24 2000.0
3 12 0.05850079
3 1 0.44283938
3 9 0.17910248
4 31 0.08034571
4 9 0.06736643
4 17 0.07600518
4 19 0.08063333
5 30 0.4785748
5 8 0.5350652
5 18 0.34713712
5 13 2000.0
5 11 11.141171
5 29 7.7846284
5 34 10.108706
5 20 2.0915623
5 37 2000.0
5 7 17.944246
5 27 4.4993467
5 16 1.4983389
5 23 6.5862875
6 24 2000.0
6 31 1.4395471
6 17 1.4033315
7 34 5.9194555
7 30 0.90526694
7 20 1.8113579
7 8 69.00448
7 37 21.807016
7 27 72.52624
7 16 1.1201979
7 11 5.8901405
7 23 1.2579608
7 25 5.4250526
7 5 17.944246
8 0 10.887279
8 30 0.59305245
8 18 0.968272
8 13 3.3657799
8 11 0.7803363
8 29 0.47822675
8 5 0.5350652
8 34 8.99874
8 2 1.1581085
8 37 1.5014207
8 7 69.00448
8 27 2.0387075
8 16 1.396193
8 23 1.0293379
9 36 0.8252906
9 26 2000.0
9 28 2.4794543
9 10 2.3763626
9 22 0.36859345
9 31 0.030615356
9 3 0.17910248
9 17 0.046004694
9 4 0.06736643
9 19 0.069803454
10 26 0.034478508
10 28 0.18273127
10 24 0.06830357
10 31 0.03143727
10 12 4.069058
10 9 2.3763626
10 17 0.035252698
11 0 171.42857
11 30 0.46975836
11 8 0.7803363
11 18 4.9390903
11 13 0.5329545
11 33 2.3294556
11 29 0.86920863
11 5 11.141171
11 34 2.187048
11 20 0.84637815
11 2 1.1793914
11 37 1.2715604
11 7 5.8901405
11 27 0.5359449
11 16 0.7072418
11 25 1.077029
12 26 1.9338812
12 28 5.939561
12 32 0.30364084
12 10 4.069058
12 24 0.083551124
12 21 0.07114666
12 3 0.05850079
13 30 1.1812668
13 0 0.92087877
13 8 3.3657799
13 18 312.5
13 33 0.91096616
13 11 0.5329545
13 29 0.7155811
13 34 6.6860175
13 20 0.58947605
13 2 0.3576468
13 14 2.2014575
13 37 2.023568
13 27 0.18836807
13 16 89.87336
13 25 0.6492958
14 20 0.91900116
14 13 2.2014575
14 33 0.34572554
14 27 2.3920135
14 11 2000.0
14 25 1.9659528
15 32 0.0853739
15 21 1.9428241
16 0 2000.0
16 30 1.1021795
16 8 1.396193
16 18 0.7522863
16 13 89.87336
16 11 0.7072418
16 29 32.106777
16 5 1.4983389
16 20 7.4792037
16 37 29.920534
16 7 1.1201979
16 27 1.2556484
16 23 4.9130507
16 25 2.1006358
17 26 1.7606093
17 6 1.4033315
17 10 0.035252698
17 24 0.27834353
17 31 1.1528418
17 9 0.046004694
17 4 0.07600518
17 19 2.2680142
18 30 0.74009424
18 2 14.483117
18 8 0.968272
18 37 1.3388581
18 7 2000.0
18 13 312.5
18 27 4.107884
18 16 0.7522863
18 23 1.2541256
18 11 4.9390903
18 29 0.9784354
18 5 0.34713712
19 31 0.068026155
19 9 0.069803454
19 17 2.2680142
19 4 0.08063333
20 30 22.503016
20 13 0.58947605
20 33 0.9772151
20 11 0.84637815
20 29 1.9414178
20 5 2.0915623
20 34 0.9319968
20 2 9.282113
20 14 0.91900116
20 37 6.329013
20 7 1.8113579
20 27 0.5597593
20 16 7.4792037
20 25 0.5591815
21 10 2000.0
21 24 0.11964625
21 35 0.050937798
21 12 0.07114666
21 15 1.9428241
22 6 1439.8864
22 31 133.33334
22 9 0.36859345
22 19 122.42264
23 0 2000.0
23 30 1.6049024
23 2 74.61541
23 8 1.0293379
23 37 4.651493
23 18 1.2541256
23 7 1.2579608
23 16 4.9130507
23 11 2000.0
23 29 3.314654
23 5 6.5862875
24 26 0.056008436
24 32 0.11819145
24 10 0.06830357
24 21 0.11964625
24 31 13.955256
24 12 0.083551124
24 15 2000.0
24 17 0.27834353
25 0 800.0
25 30 2.4881887
25 13 0.6492958
25 33 0.3514964
25 11 1.077029
25 29 3.9866638
25 34 1.4673008
25 20 0.5591815
25 2 1.8969883
25 14 1.9659528
25 37 18.846157
25 7 5.4250526
25 27 0.5923186
25 16 2.1006358
26 36 97.83296
26 32 16.717192
26 28 0.033718333
26 10 0.034478508
26 24 0.056008436
26 31 0.057501215
26 12 1.9338812
26 17 1.7606093
27 0 2000.0
27 30 0.17282084
27 8 2.0387075
27 18 4.107884
27 13 0.18836807
27 33 0.94194895
27 11 0.5359449
27 29 0.6173435
27 5 4.4993467
27 34 1.4972962
27 20 0.5597593
27 2 1.0469476
27 14 2.3920135
27 37 1.2522904
27 7 72.52624
27 16 1.2556484
27 25 0.5923186
28 36 0.032017693
28 26 0.033718333
28 10 0.18273127
28 3 0.10322075
28 12 5.939561
28 9 2.4794543
29 0 16.150358
29 30 3.7084186
29 8 0.47822675
29 18 0.9784354
29 13 0.7155811
29 11 0.86920863
29 5 7.7846284
29 34 15.888379
29 20 1.9414178
29 2 0.93126726
29 37 1.20415
29 7 2000.0
29 27 0.6173435
29 16 32.106777
29 23 3.314654
29 25 3.9866638
30 0 2000.0
30 8 0.59305245
30 18 0.74009424
30 13 1.1812668
30 33 3.4868953
30 11 0.46975836
30 29 3.7084186
30 5 0.4785748
30 34 1.3737493
30 20 22.503016
30 2 14.288197
30 37 8.602794
30 7 0.90526694
30 27 0.17282084
30 16 1.1021795
30 23 1.6049024
30 25 2.4881887
31 26 0.057501215
31 6 1.4395471
31 10 0.03143727
31 24 13.955256
31 22 133.33334
31 9 0.030615356
31 17 1.1528418
31 4 0.08034571
31 19 0.068026155
32 26 16.717192
32 24 0.11819145
32 12 0.30364084
32 15 0.0853739
33 30 3.4868953
33 8 2000.0
33 13 0.91096616
33 11 2.3294556
33 29 3275.3408
33 34 2000.0
33 20 0.9772151
33 2 1.7436955
33 14 0.34572554
33 7 2000.0
33 27 0.94194895
33 16 1998.8635
33 25 0.3514964
34 30 1.3737493
34 20 0.9319968
34 8 8.99874
34 7 5.9194555
34 13 6.6860175
34 27 1.4972962
34 16 5535.0566
34 11 2.187048
34 25 1.4673008
34 29 15.888379
34 5 10.108706
35 21 0.050937798
36 26 97.83296
36 28 0.032017693
36 3 0.24691164
36 9 0.8252906
37 30 8.602794
37 0 1.6613575
37 8 1.5014207
37 18 1.3388581
37 13 2.023568
37 11 1.2715604
37 29 1.20415
37 20 6.329013
37 2 1.4708946
37 7 21.807016
37 27 1.2522904
37 16 29.920534
37 23 4.651493
37 25 18.846157
