0 2 0.8372247
0 37 2.159989
0 13 0.73575735
0 29 15.857575
0 25 7.682983
1 3 1.1531891
1 12 23.249998
2 30 12.667514
2 0 0.8372247
2 8 1.5167385
2 18 2.428377
2 13 0.37485072
2 33 1.5259178
2 11 1.4379535
2 29 1.0111395
2 20 1.9095573
2 37 1.1716158
2 27 0.5210684
2 16 2000.0
2 23 10.84225
2 25 0.4597247
3 36 0.44608343
3 28 3.4023485
3 24 200.0
3 12 0.050522365
3 1 1.1531891
3 9 0.87837994
4 31 0.08339852
4 9 0.09914216
4 17 0.1742556
4 19 0.092368536
5 30 1.4855692
5 8 1.3683698
5 18 1.2549453
5 13 28.109491
5 11 2.995673
5 29 7.22615
5 34 3.6014948
5 20 2.818429
5 37 20.354902
5 7 20.305092
5 27 3.0089703
5 16 1.1728922
5 23 3.49097
6 31 0.11970328
6 17 2.8151407
7 34 224.23526
7 30 0.735568
7 20 74.50852
7 8 5.945887
7 16 1.0804585
7 23 1.3607656
7 25 3.0185094
7 29 2000.0
7 5 20.305092
8 0 2000.0
8 30 0.4544208
8 18 1.8993254
8 13 1.1654577
8 11 1.0933938
8 29 0.30192345
8 5 1.3683698
8 34 65.71598
8 2 1.5167385
8 37 0.890696
8 7 5.945887
8 27 0.8130709
8 16 1.4087709
8 23 0.8386219
8 25 2000.0
9 36 0.7327654
9 26 2000.0
9 28 2.6838534
9 10 45.000004
9 22 0.0624358
9 31 0.036968637
9 3 0.87837994
9 12 2000.0
9 4 0.09914216
9 17 0.035764687
9 19 0.0908136
10 26 0.029753175
10 28 0.48799238
10 24 0.11314737
10 31 11.363839
10 12 78.6792
10 9 45.000004
10 17 0.038667932
11 0 2000.0
11 30 0.96638393
11 8 1.0933938
11 18 12.930815
11 13 0.85038984
11 33 1.8868986
11 29 0.96767247
11 5 2.995673
11 34 1.7611613
11 20 1.4362708
11 2 1.4379535
11 37 1.7225659
11 7 1353.75
11 27 0.5994962
11 16 1.1350913
11 25 0.72675925
12 26 0.5204546
12 32 2.395946
12 10 78.6792
12 24 0.064044826
12 21 0.25129232
12 3 0.050522365
12 1 23.249998
13 30 38.317856
13 0 0.73575735
13 8 1.1654577
13 18 141.36769
13 33 1.5733564
13 11 0.85038984
13 29 0.94564056
13 5 28.109491
13 34 217.02272
13 20 0.9656361
13 2 0.37485072
13 14 10.4668045
13 37 1.1783662
13 7 2000.0
13 27 0.37572742
13 16 30.844093
13 25 0.2612915
14 30 14.850382
14 20 1.4912703
14 13 10.4668045
14 27 1.8097448
14 33 0.43293723
14 11 2000.0
14 25 1.7112674
15 32 0.08207652
15 21 0.94436854
16 0 2000.0
16 30 1.0590717
16 8 1.4087709
16 18 1.3970498
16 13 30.844093
16 11 1.1350913
16 5 1.1728922
16 34 24.062342
16 20 19.856268
16 7 1.0804585
16 27 1.5225147
16 23 3.0669827
16 25 1.4628975
17 6 2.8151407
17 26 1.5061194
17 10 0.038667932
17 24 0.092820436
17 31 1.0565958
17 9 0.035764687
17 4 0.1742556
17 19 44.36829
18 0 2000.0
18 30 0.67154664
18 8 1.8993254
18 13 141.36769
18 11 12.930815
18 29 0.8906128
18 5 1.2549453
18 2 2.428377
18 37 2.3548112
18 7 2000.0
18 27 21.339767
18 16 1.3970498
18 23 1.3574288
19 31 0.11414309
19 9 0.0908136
19 17 44.36829
19 4 0.092368536
20 30 1.0329546
20 13 0.9656361
20 33 1.3517636
20 11 1.4362708
20 29 7.0190854
20 5 2.818429
20 34 0.88604265
20 2 1.9095573
20 14 1.4912703
20 37 2.2024033
20 7 74.50852
20 27 1.7723637
20 16 19.856268
20 25 0.32059413
21 26 2000.0
21 32 2000.0
21 10 2000.0
21 24 0.74709857
21 35 0.02926442
21 31 2000.0
21 12 0.25129232
21 15 0.94436854
22 31 2000.0
22 9 0.0624358
22 19 2000.0
23 0 2000.0
23 30 1.7505493
23 8 0.8386219
23 2 10.84225
23 37 2.0278666
23 18 1.3574288
23 7 1.3607656
23 16 3.0669827
23 11 2000.0
23 29 1.0350621
23 5 3.49097
24 26 0.039123263
24 32 0.19080473
24 10 0.11314737
24 21 0.74709857
24 12 0.064044826
24 3 200.0
24 15 2000.0
24 17 0.092820436
25 30 15.095689
25 0 7.682983
25 13 0.2612915
25 33 0.63231647
25 11 0.72675925
25 29 1.483984
25 34 1.7157968
25 20 0.32059413
25 2 0.4597247
25 14 1.7112674
25 37 47.500423
25 7 3.0185094
25 27 0.28848678
25 16 1.4628975
26 32 15.928408
26 28 0.11849212
26 10 0.029753175
26 24 0.039123263
26 31 0.10569517
26 12 0.5204546
26 17 1.5061194
27 30 0.34643564
27 0 2000.0
27 8 0.8130709
27 18 21.339767
27 13 0.37572742
27 33 1.1183608
27 11 0.5994962
27 29 0.73572695
27 5 3.0089703
27 34 0.86667037
27 20 1.7723637
27 2 0.5210684
27 14 1.8097448
27 37 1.2284213
27 7 2000.0
27 16 1.5225147
27 25 0.28848678
28 36 0.04124817
28 26 0.11849212
28 10 0.48799238
28 3 3.4023485
28 12 1353.6931
28 9 2.6838534
28 19 1464.7727
29 0 15.857575
29 30 0.65845966
29 8 0.30192345
29 18 0.8906128
29 13 0.94564056
29 33 8.499999
29 11 0.96767247
29 5 7.22615
29 34 3.8251765
29 20 7.0190854
29 2 1.0111395
29 37 1.1659151
29 27 0.73572695
29 16 2000.0
29 23 1.0350621
29 25 1.483984
30 8 0.4544208
30 18 0.67154664
30 13 38.317856
30 33 9.602272
30 11 0.96638393
30 29 0.65845966
30 5 1.4855692
30 34 0.8759936
30 20 1.0329546
30 2 12.667514
30 14 14.850382
30 37 12.9189415
30 7 0.735568
30 27 0.34643564
30 16 1.0590717
30 23 1.7505493
30 25 15.095689
31 26 0.10569517
31 6 0.11970328
31 10 11.363839
31 35 144.43752
31 22 2000.0
31 9 0.036968637
31 4 0.08339852
31 17 1.0565958
31 19 0.11414309
32 26 15.928408
32 24 0.19080473
32 21 2000.0
32 12 2.395946
32 15 0.08207652
33 30 9.602272
33 8 2000.0
33 13 1.5733564
33 11 1.8868986
33 29 8.499999
33 5 2000.0
33 34 2000.0
33 20 1.3517636
33 2 1.5259178
33 14 0.43293723
33 7 2000.0
33 27 1.1183608
33 16 3017.898
33 25 0.63231647
34 30 0.8759936
34 20 0.88604265
34 8 65.71598
34 37 2000.0
34 7 224.23526
34 13 217.02272
34 27 0.86667037
34 16 24.062342
34 11 1.7611613
34 29 3.8251765
34 25 1.7157968
34 5 3.6014948
35 21 0.02926442
35 31 144.43752
36 28 0.04124817
36 3 0.44608343
36 9 0.7327654
37 30 12.9189415
37 0 2.159989
37 8 0.890696
37 18 2.3548112
37 13 1.1783662
37 11 1.7225659
37 29 1.1659151
37 5 20.354902
37 20 2.2024033
37 2 1.1716158
37 7 2930.284
37 27 1.2284213
37 16 2000.0
37 23 2.0278666
37 25 47.500423
