0 2 1.0412347
0 8 266.6667
0 37 2.1137874
0 13 1.0651134
0 25 19.670856
0 29 18.977886
1 3 0.23438923
1 12 64.69002
2 30 11.32222
2 0 1.0412347
2 8 2.3624928
2 18 3.0783591
2 13 0.62110114
2 33 1.8952651
2 11 1.4946686
2 29 1.8513525
2 20 4.31398
2 37 1.0005193
2 27 692.89777
2 16 2000.0
2 23 15.050944
2 25 0.4143417
3 36 0.83549446
3 28 63.468567
3 24 2000.0
3 12 0.066083774
3 1 0.23438923
3 9 0.5803838
4 31 0.068796575
4 9 0.089825995
4 17 0.13156056
4 19 0.08884943
5 30 0.7762866
5 8 0.6208345
5 18 1.1066153
5 13 86.463776
5 11 3.5259042
5 29 3.3500676
5 34 1.8491263
5 20 5.0198317
5 37 4.0114403
5 7 17.706375
5 27 779.5454
5 16 1.5719675
5 23 2.2789357
5 25 2000.0
6 31 0.34429926
6 17 4.160333
7 34 611.714
7 30 1.1663435
7 20 44.73756
7 8 4.1589613
7 16 1.8270905
7 23 1.5011985
7 25 2.2514927
7 5 17.706375
8 0 266.6667
8 30 0.3138698
8 18 1.104246
8 13 1.2000409
8 11 0.9704211
8 29 2.72716
8 5 0.6208345
8 34 31.935019
8 2 2.3624928
8 37 1.3735404
8 7 4.1589613
8 27 1067.7273
8 16 1.5736352
8 23 1.0207329
8 25 2000.0
9 36 1.5550716
9 26 2000.0
9 28 0.6264558
9 10 7.9443073
9 22 0.10122076
9 31 0.030458272
9 3 0.5803838
9 12 2000.0
9 4 0.089825995
9 17 0.033257343
9 19 0.10632223
10 26 35.795452
10 28 0.5782991
10 24 0.084239714
10 31 1.3295902
10 12 1439.034
10 9 7.9443073
10 17 0.031361774
11 0 2000.0
11 30 0.83225375
11 8 0.9704211
11 18 4.81962
11 13 0.9969989
11 33 1.4021944
11 29 1.334091
11 5 3.5259042
11 34 1.870589
11 20 0.93549985
11 2 1.4946686
11 37 1.4318482
11 7 2706.7046
11 27 692.89777
11 16 1.0334492
11 25 0.64141047
12 26 2000.0
12 32 3.5526361
12 24 0.0843424
12 21 0.10170455
12 3 0.066083774
12 1 64.69002
13 30 48.982956
13 0 1.0651134
13 8 1.2000409
13 18 37.380386
13 33 1.3159463
13 11 0.9969989
13 29 1.0719525
13 5 86.463776
13 34 160.0
13 20 0.88091147
13 2 0.62110114
13 14 18.364428
13 37 1.1186968
13 7 2000.0
13 27 150.96591
13 16 59.250942
13 25 0.29320866
14 30 15.584427
14 20 1.9688678
14 13 18.364428
14 27 5234.1475
14 33 0.6709757
14 11 2000.0
14 25 1.6632282
15 32 0.07352162
15 21 8.238312
16 30 1.1197239
16 0 2000.0
16 8 1.5736352
16 18 1.1747984
16 13 59.250942
16 11 1.0334492
16 5 1.5719675
16 34 72.015976
16 20 29.229404
16 7 1.8270905
16 27 1119.8296
16 23 2.7638385
16 25 0.83449996
17 6 4.160333
17 26 1034.8864
17 10 0.031361774
17 24 0.07722354
17 31 0.9669577
17 9 0.033257343
17 4 0.13156056
17 19 1291.9602
18 0 2000.0
18 30 0.7214015
18 8 1.104246
18 2 3.0783591
18 37 4.9328313
18 13 37.380386
18 27 2000.0
18 16 1.1747984
18 11 4.81962
18 23 1.3099039
18 29 1.2411909
18 5 1.1066153
19 28 70.38893
19 31 0.113731965
19 9 0.10632223
19 4 0.08884943
19 17 1291.9602
20 30 1.6789217
20 8 2000.0
20 13 0.88091147
20 33 0.8678349
20 11 0.93549985
20 29 25.192495
20 5 5.0198317
20 34 0.95781356
20 2 4.31398
20 14 1.9688678
20 37 1.7933753
20 7 44.73756
20 27 957.6705
20 16 29.229404
20 25 0.7211242
21 26 2000.0
21 32 800.0
21 24 1.3206637
21 35 0.03466872
21 12 0.10170455
21 15 8.238312
22 31 450.00003
22 9 0.10122076
22 19 2000.0
23 0 2000.0
23 30 2.68692
23 8 1.0207329
23 2 15.050944
23 37 1.4435508
23 18 1.3099039
23 7 1.5011985
23 16 2.7638385
23 11 2000.0
23 29 1.3291217
23 5 2.2789357
24 26 37.045452
24 32 0.3091693
24 10 0.084239714
24 21 1.3206637
24 12 0.0843424
24 15 2000.0
24 17 0.07722354
25 0 19.670856
25 30 15.965523
25 13 0.29320866
25 33 0.5546166
25 11 0.64141047
25 29 4.090334
25 34 2.231876
25 20 0.7211242
25 2 0.4143417
25 14 1.6632282
25 37 36.919643
25 7 2.2514927
25 27 229.14774
25 16 0.83449996
28 36 0.06489493
28 26 51.81818
28 10 0.5782991
28 12 1274.3182
28 3 63.468567
28 9 0.6264558
28 19 70.38893
29 0 18.977886
29 30 1.7191297
29 8 2.72716
29 18 1.2411909
29 13 1.0719525
29 33 39.00821
29 11 1.334091
29 5 3.3500676
29 34 3.1105282
29 20 25.192495
29 2 1.8513525
29 37 0.64882576
29 7 2000.0
29 27 1898.9204
29 16 2000.0
29 23 1.3291217
29 25 4.090334
30 8 0.3138698
30 18 0.7214015
30 13 48.982956
30 33 8.8966255
30 11 0.83225375
30 29 1.7191297
30 5 0.7762866
30 34 0.93654126
30 20 1.6789217
30 2 11.32222
30 14 15.584427
30 37 13.241563
30 7 1.1663435
30 27 147.78409
30 16 1.1197239
30 23 2.68692
30 25 15.965523
31 26 1679.981
31 6 0.34429926
31 10 1.3295902
31 35 13.747728
31 21 2000.0
31 22 450.00003
31 9 0.030458272
31 4 0.068796575
31 17 0.9669577
31 19 0.113731965
32 26 2000.0
32 24 0.3091693
32 21 800.0
32 12 3.5526361
32 15 0.07352162
33 30 8.8966255
33 8 2000.0
33 13 1.3159463
33 11 1.4021944
33 29 39.00821
33 5 2000.0
33 34 2000.0
33 20 0.8678349
33 2 1.8952651
33 14 0.6709757
33 7 2000.0
33 27 698.2386
33 16 2422.443
33 25 0.5546166
34 30 0.93654126
34 20 0.95781356
34 8 31.935019
34 37 2000.0
34 7 611.714
34 13 160.0
34 27 716.8182
34 16 72.015976
34 11 1.870589
34 29 3.1105282
34 25 2.231876
34 5 1.8491263
35 21 0.03466872
35 31 13.747728
36 28 0.06489493
36 3 0.83549446
36 9 1.5550716
37 30 13.241563
37 0 2.1137874
37 8 1.3735404
37 18 4.9328313
37 13 1.1186968
37 11 1.4318482
37 29 0.64882576
37 5 4.0114403
37 20 1.7933753
37 2 1.0005193
37 7 5185.1133
37 27 725.7955
37 16 2000.0
37 23 1.4435508
37 25 36.919643
