0 2 1.4675546
0 37 1.8221611
0 13 1.4517484
0 29 20.572605
0 25 28.371332
1 3 1.4181819
1 12 33.287296
2 30 23.927755
2 0 1.4675546
2 8 1.98685
2 18 2.96777
2 13 0.56007874
2 33 1.8366597
2 11 2.0971522
2 29 1.2674183
2 20 3.3187714
2 37 0.85905313
2 27 0.9962603
2 16 2000.0
2 23 21.583542
2 25 0.57775056
3 36 0.4832642
3 28 7.5988736
3 24 200.0
3 12 0.057822037
3 1 1.4181819
3 9 0.8381977
4 31 0.068933085
4 9 0.08999568
4 17 0.1198035
4 19 0.07671807
5 30 1.1569393
5 8 1.0436603
5 18 1.4112985
5 13 70.30493
5 11 3.5471942
5 29 2.2742875
5 34 2.4894164
5 20 5.6796126
5 37 13.178031
5 7 17.782967
5 27 4.2440796
5 16 2.6252568
5 23 9.465223
5 25 2000.0
6 31 0.11011491
6 17 1.7008038
7 34 823.2808
7 30 0.8775347
7 20 45.841713
7 8 10.122229
7 16 1.1227295
7 23 1.3752186
7 11 64.81993
7 25 3.5855935
7 5 17.782967
8 0 2000.0
8 30 0.6022177
8 18 1.0142558
8 13 3.0393145
8 11 1.1967735
8 29 0.9194117
8 5 1.0436603
8 34 62.82066
8 2 1.98685
8 37 1.0619847
8 7 10.122229
8 27 3.8912034
8 16 2.6485128
8 23 1.4124569
8 25 2000.0
9 36 0.6567656
9 28 1.892847
9 10 25.409094
9 22 0.14547414
9 31 0.04314811
9 12 2000.0
9 3 0.8381977
9 4 0.08999568
9 17 0.034677267
9 19 0.06929956
10 26 0.028955987
10 28 0.3807811
10 24 0.09811163
10 31 7.5507493
10 12 116.86637
10 9 25.409094
10 17 0.033366937
11 0 2000.0
11 30 0.7812078
11 8 1.1967735
11 18 28.177412
11 13 0.9560295
11 33 3.676803
11 29 1.6290247
11 5 3.5471942
11 34 5.5861125
11 20 5.18826
11 2 2.0971522
11 37 1.2750181
11 7 64.81993
11 27 0.87295085
11 16 1.7768713
11 25 0.75189406
12 26 1.471596
12 32 5.0426383
12 10 116.86637
12 24 0.066972554
12 21 0.15000801
12 3 0.057822037
12 1 33.287296
13 30 136.21025
13 0 1.4517484
13 8 3.0393145
13 18 147.04546
13 33 0.99051434
13 11 0.9560295
13 29 1.0944575
13 5 70.30493
13 34 2654.5457
13 20 1.2232589
13 2 0.56007874
13 14 2.6740854
13 37 1.1720924
13 7 2000.0
13 27 0.9647216
13 16 110.69374
13 25 0.29765698
14 30 11.466644
14 20 2.334229
14 13 2.6740854
14 27 2.5024815
14 33 0.38005057
14 11 2000.0
14 25 1.4611759
15 32 0.069993645
15 21 7.349148
16 0 2000.0
16 30 1.102133
16 8 2.6485128
16 18 1.9508883
16 13 110.69374
16 11 1.7768713
16 5 2.6252568
16 34 107.88175
16 20 77.628975
16 7 1.1227295
16 27 1.9943957
16 23 2.5505514
16 25 1.1972905
17 6 1.7008038
17 26 1.3276639
17 10 0.033366937
17 24 0.14883472
17 31 0.9361995
17 9 0.034677267
17 4 0.1198035
17 19 107.96421
18 0 2000.0
18 30 0.62387866
18 8 1.0142558
18 13 147.04546
18 11 28.177412
18 29 1.2805042
18 5 1.4112985
18 2 2.96777
18 37 4.0093074
18 7 2000.0
18 27 38.32396
18 16 1.9508883
18 23 0.8476857
19 31 0.09772196
19 9 0.06929956
19 4 0.07671807
19 17 107.96421
20 30 1.9303079
20 13 1.2232589
20 33 1.2782358
20 11 5.18826
20 29 5.047614
20 5 5.6796126
20 34 1.6929128
20 2 3.3187714
20 14 2.334229
20 37 8.534957
20 7 45.841713
20 27 3.3489134
20 16 77.628975
20 25 0.63975143
21 26 2000.0
21 32 2000.0
21 24 0.78790677
21 35 0.04780179
21 31 2000.0
21 12 0.15000801
21 15 7.349148
22 31 62.892715
22 9 0.14547414
22 19 2000.0
23 0 2000.0
23 30 1.9134382
23 8 1.4124569
23 2 21.583542
23 37 1.2743318
23 18 0.8476857
23 7 1.3752186
23 16 2.5505514
23 11 2000.0
23 29 1.7662852
23 5 9.465223
24 26 0.24509826
24 32 0.3021176
24 10 0.09811163
24 21 0.78790677
24 3 200.0
24 12 0.066972554
24 15 2000.0
24 17 0.14883472
25 30 54.862766
25 0 28.371332
25 13 0.29765698
25 33 0.53010947
25 11 0.75189406
25 29 9.337945
25 34 1.7256624
25 20 0.63975143
25 2 0.57775056
25 14 1.4611759
25 37 61.331665
25 7 3.5855935
25 27 0.27948025
25 16 1.1972905
26 32 131.52274
26 28 0.05656477
26 10 0.028955987
26 24 0.24509826
26 31 0.51189834
26 12 1.471596
26 17 1.3276639
27 30 0.21452479
27 0 2000.0
27 8 3.8912034
27 18 38.32396
27 13 0.9647216
27 33 0.7699773
27 11 0.87295085
27 29 1.031398
27 5 4.2440796
27 34 1.7918401
27 20 3.3489134
27 2 0.9962603
27 14 2.5024815
27 37 1.483488
27 7 2000.0
27 16 1.9943957
27 25 0.27948025
28 36 0.0341201
28 26 0.05656477
28 10 0.3807811
28 3 7.5988736
28 12 1216.1364
28 9 1.892847
28 19 1372.6704
29 0 20.572605
29 30 4.9269204
29 8 0.9194117
29 18 1.2805042
29 13 1.0944575
29 33 26.513855
29 11 1.6290247
29 5 2.2742875
29 34 8.036475
29 20 5.047614
29 2 1.2674183
29 37 1.156354
29 7 2000.0
29 27 1.031398
29 16 2000.0
29 23 1.7662852
29 25 9.337945
30 8 0.6022177
30 18 0.62387866
30 13 136.21025
30 33 8.664381
30 11 0.7812078
30 29 4.9269204
30 5 1.1569393
30 34 1.1080474
30 20 1.9303079
30 2 23.927755
30 14 11.466644
30 37 45.413227
30 7 0.8775347
30 27 0.21452479
30 16 1.102133
30 23 1.9134382
30 25 54.862766
31 26 0.51189834
31 6 0.11011491
31 10 7.5507493
31 35 36.24091
31 22 62.892715
31 21 2000.0
31 9 0.04314811
31 4 0.068933085
31 17 0.9361995
31 19 0.09772196
32 26 131.52274
32 24 0.3021176
32 12 5.0426383
32 15 0.069993645
33 34 2000.0
33 30 8.664381
33 20 1.2782358
33 2 1.8366597
33 14 0.38005057
33 7 2000.0
33 13 0.99051434
33 27 0.7699773
33 16 3017.898
33 11 3.676803
33 29 26.513855
33 25 0.53010947
34 30 1.1080474
34 20 1.6929128
34 8 62.82066
34 37 2000.0
34 7 823.2808
34 27 1.7918401
34 16 107.88175
34 11 5.5861125
34 29 8.036475
34 25 1.7256624
34 5 2.4894164
35 21 0.04780179
35 31 36.24091
36 28 0.0341201
36 3 0.4832642
36 9 0.6567656
37 30 45.413227
37 0 1.8221611
37 8 1.0619847
37 18 4.0093074
37 13 1.1720924
37 11 1.2750181
37 29 1.156354
37 5 13.178031
37 20 8.534957
37 2 0.85905313
37 7 2903.8638
37 27 1.483488
37 16 2000.0
37 23 1.2743318
37 25 61.331665
