0 2 1.5582931
0 37 4.051257
0 13 1.3324177
0 29 30.92666
0 25 16.34121
1 3 0.56000733
1 12 7.597812
2 30 18.354546
2 0 1.5582931
2 8 1.3264363
2 18 1.6981822
2 13 0.67767596
2 33 2.1632767
2 11 2.1104774
2 29 1.2310784
2 20 2.2757194
2 37 1.0838732
2 27 1.6178515
2 16 2000.0
2 23 6.279192
2 25 0.9323136
3 36 0.227537
3 28 3.5642245
3 24 150.0
3 12 0.067676775
3 1 0.56000733
3 9 0.58216786
4 31 0.078781985
4 9 0.06995193
4 17 0.13808204
4 19 0.071635805
5 30 0.531328
5 8 0.87370735
5 18 0.7705857
5 13 42.39186
5 11 2.0012157
5 29 3.9292328
5 34 2.7603934
5 20 1.881238
5 37 16.882923
5 7 7.139475
5 27 2.6205146
5 16 1.4848099
5 23 4.84615
5 25 2000.0
6 31 0.20221363
6 17 1.7016479
7 34 378.94742
7 30 0.61019677
7 20 126.43087
7 8 13.877427
7 16 1.0680224
7 23 1.2193824
7 11 125.75143
7 25 4.4441695
7 5 7.139475
8 0 2000.0
8 30 0.5333307
8 18 1.0957618
8 13 2.8482387
8 11 0.8477775
8 29 1.3732598
8 5 0.87370735
8 34 98.51623
8 2 1.3264363
8 37 1.4534903
8 7 13.877427
8 27 3.0334294
8 16 2.2621822
8 23 1.284091
8 25 2000.0
9 36 0.68290156
9 26 2000.0
9 28 4.222973
9 10 17.928608
9 22 0.15459417
9 31 0.031140823
9 12 2000.0
9 3 0.58216786
9 4 0.06995193
9 17 0.04102165
9 19 0.078638054
10 26 0.029638292
10 28 0.4486607
10 24 0.1942163
10 31 15.823217
10 12 51.565662
10 9 17.928608
10 17 0.034845382
11 0 2000.0
11 30 1.1658288
11 8 0.8477775
11 18 10.03654
11 13 1.0743217
11 33 1.8507783
11 29 1.0434786
11 5 2.0012157
11 34 2.4832764
11 20 3.1712198
11 2 2.1104774
11 37 2.0839407
11 7 125.75143
11 27 0.6267427
11 16 3.356808
11 25 0.78007466
12 26 1.6154541
12 32 6.185616
12 10 51.565662
12 24 0.06624846
12 21 0.615965
12 3 0.067676775
12 1 7.597812
13 30 86.85422
13 0 1.3324177
13 8 2.8482387
13 18 200.0
13 33 1.4959502
13 11 1.0743217
13 29 1.3273891
13 5 42.39186
13 34 610.2554
13 20 0.9802875
13 2 0.67767596
13 14 4.426935
13 37 1.0864305
13 7 2000.0
13 27 0.7316559
13 16 71.52114
13 25 0.32625163
14 30 6.4360623
14 20 5.6912837
14 13 4.426935
14 27 4.3816338
14 33 1.0777528
14 11 2000.0
14 25 1.6677487
15 32 0.06988591
15 24 40.72329
15 21 6.0552
16 30 1.609738
16 0 2000.0
16 8 2.2621822
16 18 1.5832018
16 13 71.52114
16 11 3.356808
16 5 1.4848099
16 34 147.44319
16 20 166.6691
16 7 1.0680224
16 27 1.8914943
16 23 3.6922426
16 25 1.313153
17 6 1.7016479
17 26 2.7904892
17 10 0.034845382
17 24 0.2288968
17 31 1.4163454
17 9 0.04102165
17 4 0.13808204
17 19 289.82718
18 0 2000.0
18 30 0.69136477
18 8 1.0957618
18 13 200.0
18 11 10.03654
18 29 1.257358
18 5 0.7705857
18 2 1.6981822
18 37 2.2210026
18 7 2000.0
18 27 12.961753
18 16 1.5832018
18 23 1.8178606
19 31 0.086652234
19 9 0.078638054
19 17 289.82718
19 4 0.071635805
20 0 2000.0
20 30 2.3594017
20 13 0.9802875
20 33 3.7841861
20 11 3.1712198
20 29 9.02983
20 5 1.881238
20 34 1.3801627
20 2 2.2757194
20 14 5.6912837
20 37 7.159636
20 7 126.43087
20 27 1.5361836
20 16 166.6691
20 25 0.76559293
21 26 2000.0
21 10 2000.0
21 24 0.9275469
21 35 0.031035772
21 31 2000.0
21 12 0.615965
21 15 6.0552
22 31 160.0
22 9 0.15459417
22 19 2000.0
23 0 2000.0
23 30 1.4907588
23 8 1.284091
23 2 6.279192
23 37 1.4061217
23 18 1.8178606
23 7 1.2193824
23 16 3.6922426
23 11 2000.0
23 29 0.7459155
23 5 4.84615
24 26 0.04704353
24 6 2000.0
24 32 0.28113636
24 10 0.1942163
24 21 0.9275469
24 12 0.06624846
24 3 150.0
24 15 40.72329
24 17 0.2288968
25 30 22.703568
25 0 16.34121
25 13 0.32625163
25 33 0.5492357
25 11 0.78007466
25 29 1.9635541
25 34 1.684936
25 20 0.76559293
25 2 0.9323136
25 14 1.6677487
25 37 93.626854
25 7 4.4441695
25 27 0.28170455
25 16 1.313153
26 36 2000.0
26 32 15.443977
26 28 0.05241363
26 10 0.029638292
26 24 0.04704353
26 31 0.19384249
26 12 1.6154541
26 17 2.7904892
27 30 0.354463
27 0 2000.0
27 8 3.0334294
27 18 12.961753
27 13 0.7316559
27 33 0.7680147
27 11 0.6267427
27 29 0.8843849
27 5 2.6205146
27 34 1.1005316
27 20 1.5361836
27 2 1.6178515
27 14 4.3816338
27 37 1.0567025
27 7 4729.829
27 16 1.8914943
27 25 0.28170455
28 36 0.06830955
28 26 0.05241363
28 10 0.4486607
28 3 3.5642245
28 12 1414.0342
28 9 4.222973
28 19 1374.5454
29 0 30.92666
29 30 1.4196078
29 8 1.3732598
29 18 1.257358
29 13 1.3273891
29 33 18.49826
29 11 1.0434786
29 5 3.9292328
29 34 3.3192868
29 20 9.02983
29 2 1.2310784
29 37 0.97216886
29 7 2000.0
29 27 0.8843849
29 16 2000.0
29 23 0.7459155
29 25 1.9635541
30 8 0.5333307
30 18 0.69136477
30 13 86.85422
30 33 6.5185137
30 11 1.1658288
30 29 1.4196078
30 5 0.531328
30 34 0.86078596
30 20 2.3594017
30 2 18.354546
30 14 6.4360623
30 37 17.423067
30 7 0.61019677
30 27 0.354463
30 16 1.609738
30 23 1.4907588
30 25 22.703568
31 26 0.19384249
31 6 0.20221363
31 10 15.823217
31 22 160.0
31 9 0.031140823
31 4 0.078781985
31 17 1.4163454
31 19 0.086652234
32 26 15.443977
32 24 0.28113636
32 21 2000.0
32 12 6.185616
32 15 0.06988591
33 30 6.5185137
33 8 2000.0
33 13 1.4959502
33 11 1.8507783
33 29 18.49826
33 5 2000.0
33 34 2000.0
33 20 3.7841861
33 2 2.1632767
33 14 1.0777528
33 7 2000.0
33 27 0.7680147
33 16 1971.0227
33 25 0.5492357
34 30 0.86078596
34 20 1.3801627
34 8 98.51623
34 37 2000.0
34 13 610.2554
34 7 378.94742
34 27 1.1005316
34 16 147.44319
34 11 2.4832764
34 29 3.3192868
34 25 1.684936
34 5 2.7603934
35 21 0.031035772
35 31 1099.659
36 28 0.06830955
36 3 0.227537
36 12 2000.0
36 9 0.68290156
37 30 17.423067
37 0 4.051257
37 8 1.4534903
37 18 2.2210026
37 13 1.0864305
37 11 2.0839407
37 29 0.97216886
37 5 16.882923
37 20 7.159636
37 2 1.0838732
37 7 3731.7046
37 27 1.0567025
37 16 2000.0
37 23 1.4061217
37 25 93.626854
