0 8 4.8615913
0 2 1.3278067
0 37 0.6550293
0 13 0.5977763
0 11 94.766136
0 29 23.559097
1 3 0.225857
1 12 1202.159
2 30 8.513
2 0 1.3278067
2 8 1.2731217
2 18 12.000363
2 13 0.2893911
2 33 2.5331151
2 11 0.6299147
2 29 1.0563989
2 20 1.3618124
2 37 0.77020174
2 27 0.32022342
2 23 26.26071
2 25 1.1424856
3 36 0.27372995
3 28 0.07794454
3 24 450.00003
3 12 0.04991046
3 1 0.225857
3 9 0.7511522
4 31 0.08084594
4 9 0.053870577
4 17 0.10310828
4 19 0.11480588
5 30 0.46166286
5 8 0.88476175
5 18 0.37795454
5 13 2000.0
5 11 3.5337012
5 29 5.5666122
5 34 1.205223
5 20 3.0091925
5 37 2000.0
5 7 4.2738028
5 27 1.8756409
5 16 1.5845075
5 23 2.9590907
6 22 93.426796
6 31 0.55076975
6 17 0.62169296
7 34 7.57287
7 30 1.1496625
7 20 1.1763172
7 8 33.879387
7 37 15.018729
7 27 218.52104
7 16 0.976766
7 11 3.5054543
7 23 1.0179174
7 25 5.5410647
7 5 4.2738028
8 0 4.8615913
8 30 2.679281
8 18 0.59029025
8 13 5.541667
8 11 0.48487324
8 29 1.4553379
8 5 0.88476175
8 34 1.548528
8 2 1.2731217
8 37 0.7121314
8 7 33.879387
8 27 1.2760789
8 16 1.112719
8 23 1.5961832
9 36 1.027441
9 28 2.82439
9 10 12.086471
9 22 0.37715307
9 31 0.030573392
9 3 0.7511522
9 17 0.051719744
9 4 0.053870577
9 19 0.068436936
10 26 0.04515601
10 28 0.21921717
10 24 0.038894676
10 31 0.03552275
10 12 5.1427407
10 9 12.086471
10 17 0.031650525
11 0 94.766136
11 30 0.36360845
11 8 0.48487324
11 18 4.4716897
11 13 0.64682806
11 33 1.9042678
11 29 1.1547431
11 5 3.5337012
11 34 2.0889637
11 20 0.67852914
11 2 0.6299147
11 37 1.3806345
11 7 3.5054543
11 27 0.3702226
11 16 0.6473983
11 25 0.9980219
12 26 1.5316031
12 28 2.2185555
12 32 0.26441783
12 10 5.1427407
12 24 0.07620038
12 21 0.07173064
12 3 0.04991046
13 30 1.2428067
13 0 0.5977763
13 8 5.541667
13 18 266.6667
13 33 0.83619905
13 11 0.64682806
13 29 0.70289516
13 34 10.951491
13 20 0.61193305
13 2 0.2893911
13 14 1.9150257
13 37 1.0437189
13 27 0.27488968
13 16 88.888885
13 25 0.47598192
14 20 1.2152755
14 13 1.9150257
14 27 8.86368
14 33 0.4224514
14 11 2000.0
14 25 1.5907166
15 32 0.076289974
15 21 0.82943183
16 0 2000.0
16 30 1.0939739
16 8 1.112719
16 18 0.72090167
16 13 88.888885
16 11 0.6473983
16 29 42.28322
16 5 1.5845075
16 20 7.824841
16 37 11.729805
16 7 0.976766
16 27 1.4721787
16 23 5.206131
16 25 1.1291469
17 26 1.8801653
17 6 0.62169296
17 10 0.031650525
17 24 0.18390952
17 31 1.3396677
17 9 0.051719744
17 4 0.10310828
17 19 2.862039
18 30 0.66607237
18 2 12.000363
18 8 0.59029025
18 37 1.154057
18 7 2000.0
18 13 266.6667
18 27 3.3456311
18 16 0.72090167
18 23 1.1122586
18 11 4.4716897
18 29 0.9274377
18 5 0.37795454
19 31 0.08039602
19 9 0.068436936
19 17 2.862039
19 4 0.11480588
20 30 17.985191
20 13 0.61193305
20 33 0.98363876
20 11 0.67852914
20 29 2.3661723
20 5 3.0091925
20 34 0.797831
20 2 1.3618124
20 14 1.2152755
20 37 2.4836597
20 7 1.1763172
20 27 0.69674855
20 16 7.824841
20 25 0.41740528
21 32 2000.0
21 10 2000.0
21 24 0.30964455
21 35 0.047449224
21 12 0.07173064
21 15 0.82943183
22 6 93.426796
22 31 79.4341
22 9 0.37715307
22 19 1377.7842
23 0 2000.0
23 30 0.92084134
23 2 26.26071
23 8 1.5961832
23 37 1.2445165
23 18 1.1122586
23 7 1.0179174
23 16 5.206131
23 11 2000.0
23 29 3.55145
23 5 2.9590907
24 26 0.05153206
24 32 0.10443368
24 10 0.038894676
24 21 0.30964455
24 31 2.9224844
24 12 0.07620038
24 3 450.00003
24 15 2000.0
24 17 0.18390952
25 30 2.430623
25 13 0.47598192
25 33 0.3203043
25 11 0.9980219
25 29 4.5732484
25 34 1.2608936
25 20 0.41740528
25 2 1.1424856
25 14 1.5907166
25 37 42.857143
25 7 5.5410647
25 27 0.6748324
25 16 1.1291469
26 36 400.0
26 32 45.52996
26 28 0.08154515
26 10 0.04515601
26 24 0.05153206
26 31 0.07742045
26 12 1.5316031
26 17 1.8801653
27 0 2000.0
27 30 0.19092423
27 8 1.2760789
27 18 3.3456311
27 13 0.27488968
27 33 1.0048945
27 11 0.3702226
27 29 0.61055225
27 5 1.8756409
27 34 1.2062823
27 20 0.69674855
27 2 0.32022342
27 14 8.86368
27 37 0.8174227
27 7 218.52104
27 16 1.4721787
27 25 0.6748324
28 36 0.03420443
28 26 0.08154515
28 10 0.21921717
28 3 0.07794454
28 12 2.2185555
28 9 2.82439
29 0 23.559097
29 30 17.637268
29 8 1.4553379
29 18 0.9274377
29 13 0.70289516
29 11 1.1547431
29 5 5.5666122
29 34 5.7883782
29 20 2.3661723
29 2 1.0563989
29 37 0.7970258
29 27 0.61055225
29 16 42.28322
29 23 3.55145
29 25 4.5732484
30 0 2000.0
30 8 2.679281
30 18 0.66607237
30 13 1.2428067
30 33 1.6995544
30 11 0.36360845
30 29 17.637268
30 5 0.46166286
30 34 1.3827604
30 20 17.985191
30 2 8.513
30 37 5.7657523
30 7 1.1496625
30 27 0.19092423
30 16 1.0939739
30 23 0.92084134
30 25 2.430623
31 26 0.07742045
31 6 0.55076975
31 10 0.03552275
31 24 2.9224844
31 22 79.4341
31 9 0.030573392
31 17 1.3396677
31 4 0.08084594
31 19 0.08039602
32 26 45.52996
32 24 0.10443368
32 21 2000.0
32 12 0.26441783
32 15 0.076289974
33 30 1.6995544
33 8 2000.0
33 13 0.83619905
33 11 1.9042678
33 29 9223.978
33 34 2000.0
33 20 0.98363876
33 2 2.5331151
33 14 0.4224514
33 7 2000.0
33 27 1.0048945
33 16 2000.0
33 25 0.3203043
34 30 1.3827604
34 20 0.797831
34 8 1.548528
34 13 10.951491
34 7 7.57287
34 27 1.2062823
34 16 1215.0568
34 11 2.0889637
34 25 1.2608936
34 29 5.7883782
34 5 1.205223
35 21 0.047449224
36 26 400.0
36 28 0.03420443
36 3 0.27372995
36 9 1.027441
37 30 5.7657523
37 0 0.6550293
37 8 0.7121314
37 18 1.154057
37 13 1.0437189
37 11 1.3806345
37 29 0.7970258
37 20 2.4836597
37 2 0.77020174
37 7 15.018729
37 27 0.8174227
37 16 11.729805
37 23 1.2445165
37 25 42.857143
