0 8 15.187537
0 2 1.5318708
0 37 1.2107482
0 13 1.0621185
0 11 27.052324
0 29 18.245832
0 25 2000.0
1 3 0.27674687
1 12 1202.159
2 30 19.178247
2 0 1.5318708
2 8 1.4998109
2 18 12.38588
2 13 0.41207597
2 33 3.739688
2 11 1.0147727
2 29 1.3329766
2 20 4.7388945
2 37 1.0019361
2 27 0.97574115
2 16 2000.0
2 23 24.351309
2 25 1.6860586
3 36 0.25098452
3 28 0.13628128
3 24 266.6667
3 12 0.060082827
3 1 0.27674687
3 9 0.16467643
4 31 0.064282276
4 9 0.06636643
4 17 0.118947506
4 19 0.077930674
5 30 0.8736107
5 8 0.62718284
5 18 0.901126
5 13 2000.0
5 11 5.469046
5 29 4.977488
5 34 2.6589177
5 20 5.752988
5 37 2000.0
5 7 18.209446
5 27 4.341751
5 16 1.4212795
5 23 3.2955527
6 31 1.3057386
6 17 0.9522727
7 34 16.502956
7 30 1.4973017
7 20 1.9156151
7 8 29.923296
7 37 21.761469
7 27 2000.0
7 16 2.3571153
7 11 18.758451
7 23 1.2949681
7 25 15.6528015
7 5 18.209446
8 0 15.187537
8 30 0.67009944
8 18 1.1744231
8 13 5.533425
8 11 0.49163577
8 29 1.0186929
8 5 0.62718284
8 34 3.9672961
8 2 1.4998109
8 37 1.0373576
8 7 29.923296
8 27 1.9635718
8 16 1.4067385
8 23 1.157394
9 36 1.0512863
9 26 2000.0
9 28 0.5062418
9 10 2.571329
9 22 0.4420016
9 31 0.029194593
9 3 0.16467643
9 17 0.04400568
9 4 0.06636643
9 19 0.064217545
10 26 0.050234973
10 28 0.2381765
10 24 0.049601223
10 31 0.055210687
10 12 33.601505
10 9 2.571329
10 17 0.034961455
11 0 27.052324
11 30 0.3192175
11 8 0.49163577
11 18 4.354103
11 13 0.40737087
11 33 2.2607973
11 29 1.2168478
11 5 5.469046
11 34 2.7697103
11 20 0.99206865
11 2 1.0147727
11 37 1.7744161
11 7 18.758451
11 27 0.3960354
11 16 0.9585286
11 25 1.0445604
12 26 0.99247426
12 28 5.576035
12 32 0.28865352
12 10 33.601505
12 24 0.07618439
12 21 0.08244239
12 3 0.060082827
13 30 6.8920956
13 0 1.0621185
13 8 5.533425
13 18 138.88889
13 33 1.2914131
13 11 0.40737087
13 29 1.4986686
13 5 2000.0
13 34 13.394468
13 20 0.7607226
13 2 0.41207597
13 14 3.4703898
13 37 1.9975439
13 27 0.8740451
13 16 297.2207
13 25 0.6096902
14 34 2000.0
14 20 1.0500189
14 13 3.4703898
14 33 0.66308546
14 27 3.9832242
14 11 2000.0
14 25 1.0383278
15 32 0.09132602
15 21 1.3888366
16 30 1.0741475
16 0 2000.0
16 8 1.4067385
16 18 0.74611247
16 13 297.2207
16 11 0.9585286
16 29 39.787804
16 5 1.4212795
16 20 12.094775
16 37 162.45131
16 7 2.3571153
16 27 1.3665022
16 23 9.294834
16 25 1.3246192
17 26 4.2080655
17 6 0.9522727
17 10 0.034961455
17 24 0.2128302
17 31 2.2003593
17 9 0.04400568
17 4 0.118947506
17 19 6.32233
18 30 0.77963793
18 2 12.38588
18 8 1.1744231
18 37 1.3106087
18 7 2000.0
18 13 138.88889
18 27 6.3696036
18 16 0.74611247
18 23 1.3558794
18 11 4.354103
18 29 0.8391138
18 5 0.901126
19 31 0.06638149
19 9 0.064217545
19 17 6.32233
19 4 0.077930674
20 30 10.442629
20 13 0.7607226
20 33 1.0494072
20 11 0.99206865
20 29 8.521257
20 5 5.752988
20 34 1.1363479
20 2 4.7388945
20 14 1.0500189
20 37 2.6397088
20 7 1.9156151
20 27 0.5605589
20 16 12.094775
20 25 0.5796113
21 24 0.6689326
21 35 0.05438184
21 12 0.08244239
21 15 1.3888366
22 6 1612.4432
22 31 155.30115
22 9 0.4420016
22 19 1394.0342
23 0 2000.0
23 30 1.6142062
23 2 24.351309
23 8 1.157394
23 37 3.3023746
23 18 1.3558794
23 7 1.2949681
23 16 9.294834
23 11 2000.0
23 29 2.8333924
23 5 3.2955527
24 26 0.05313593
24 32 0.09953776
24 10 0.049601223
24 21 0.6689326
24 31 11.452358
24 12 0.07618439
24 3 266.6667
24 15 2000.0
24 17 0.2128302
25 30 1.6330711
25 13 0.6096902
25 33 1.0413747
25 11 1.0445604
25 29 2.541569
25 5 2000.0
25 34 4.6411
25 20 0.5796113
25 2 1.6860586
25 14 1.0383278
25 37 83.333336
25 7 15.6528015
25 27 0.6663374
25 16 1.3246192
26 36 300.0
26 32 51.110107
26 28 0.033186454
26 10 0.050234973
26 24 0.05313593
26 31 0.07414291
26 12 0.99247426
26 17 4.2080655
27 0 2000.0
27 30 2.199076
27 8 1.9635718
27 18 6.3696036
27 13 0.8740451
27 33 1.4454185
27 11 0.3960354
27 29 1.1350908
27 5 4.341751
27 34 1.4456584
27 20 0.5605589
27 2 0.97574115
27 14 3.9832242
27 37 1.7353895
27 7 2000.0
27 16 1.3665022
27 25 0.6663374
28 36 0.034137294
28 26 0.033186454
28 10 0.2381765
28 3 0.13628128
28 12 5.576035
28 9 0.5062418
29 0 18.245832
29 30 17.890583
29 8 1.0186929
29 18 0.8391138
29 13 1.4986686
29 11 1.2168478
29 5 4.977488
29 34 11.799349
29 20 8.521257
29 2 1.3329766
29 37 1.1675729
29 7 2000.0
29 27 1.1350908
29 16 39.787804
29 23 2.8333924
29 25 2.541569
30 0 2000.0
30 8 0.67009944
30 18 0.77963793
30 13 6.8920956
30 33 3.756431
30 11 0.3192175
30 29 17.890583
30 5 0.8736107
30 34 2.1247392
30 20 10.442629
30 2 19.178247
30 14 2000.0
30 37 7.9085975
30 7 1.4973017
30 27 2.199076
30 16 1.0741475
30 23 1.6142062
30 25 1.6330711
31 26 0.07414291
31 6 1.3057386
31 10 0.055210687
31 24 11.452358
31 9 0.029194593
31 17 2.2003593
31 4 0.064282276
31 19 0.06638149
32 26 51.110107
32 24 0.09953776
32 12 0.28865352
32 15 0.09132602
33 30 3.756431
33 8 2000.0
33 13 1.2914131
33 11 2.2607973
33 29 1601.7046
33 34 2000.0
33 20 1.0494072
33 2 3.739688
33 14 0.66308546
33 7 2000.0
33 27 1.4454185
33 16 2000.0
33 25 1.0413747
34 30 2.1247392
34 20 1.1363479
34 8 3.9672961
34 7 16.502956
34 13 13.394468
34 27 1.4456584
34 16 5535.0566
34 11 2.7697103
34 25 4.6411
34 29 11.799349
34 5 2.6589177
35 21 0.05438184
36 26 300.0
36 28 0.034137294
36 3 0.25098452
36 9 1.0512863
37 30 7.9085975
37 0 1.2107482
37 8 1.0373576
37 18 1.3106087
37 13 1.9975439
37 11 1.7744161
37 29 1.1675729
37 20 2.6397088
37 2 1.0019361
37 7 21.761469
37 27 1.7353895
37 16 162.45131
37 23 3.3023746
37 25 83.333336
