0 8 11.603338
0 2 1.4002131
0 37 1.8198335
0 13 2.6387353
0 11 49.23077
0 25 2000.0
0 29 8.645014
1 3 0.28581378
1 12 1144.659
2 30 18.235931
2 0 1.4002131
2 8 1.2022506
2 18 11.301138
2 13 0.5630407
2 33 4.6102138
2 11 1.6017127
2 29 1.1361518
2 20 3.1376495
2 37 0.9163982
2 27 1.4650102
2 16 2000.0
2 23 141.6712
2 25 1.4514886
3 36 0.20830275
3 28 0.092188984
3 24 2000.0
3 12 0.06050849
3 1 0.28581378
3 9 0.32736683
4 31 0.067760386
4 9 0.073734425
4 17 0.07900451
4 19 0.08584203
5 30 0.6162053
5 8 0.75150704
5 18 0.5013376
5 13 2000.0
5 11 2.1952112
5 29 5.5822563
5 34 5.1787763
5 20 2.9425328
5 37 2000.0
5 7 5.2878323
5 27 3.0708308
5 16 2.197177
5 23 8.341689
6 31 1.0641783
6 17 1.5652109
7 34 9.209317
7 30 0.8006938
7 20 2.4333174
7 8 32.135002
7 37 14.700517
7 27 56.726326
7 16 1.3080966
7 11 8.376718
7 23 1.2350036
7 25 6.757783
7 5 5.2878323
8 0 11.603338
8 30 0.5413983
8 18 0.91731465
8 13 3.3996835
8 11 0.4421967
8 29 0.45414382
8 5 0.75150704
8 34 7.3258505
8 2 1.2022506
8 37 1.4213349
8 7 32.135002
8 27 0.8909329
8 16 1.2407274
8 23 0.8165715
9 36 0.82191205
9 26 2000.0
9 28 1.0135491
9 10 4.3103957
9 22 0.28360653
9 31 0.030879105
9 3 0.32736683
9 17 0.045959737
9 4 0.073734425
9 19 0.08792542
10 26 0.036451485
10 28 0.20892705
10 24 0.070211045
10 31 0.033821885
10 12 7.6195283
10 9 4.3103957
10 17 0.031730335
11 0 49.23077
11 30 0.34692854
11 8 0.4421967
11 18 6.9104085
11 13 1.322591
11 33 3.2755651
11 29 0.6178405
11 5 2.1952112
11 34 2.679315
11 20 0.9266324
11 2 1.6017127
11 37 1.3131461
11 7 8.376718
11 27 0.35922554
11 16 1.0710441
11 25 1.4484698
12 26 2.1983812
12 28 4.9372725
12 32 0.42046145
12 10 7.6195283
12 24 0.09113272
12 21 0.10637247
12 3 0.06050849
13 30 1.8758148
13 0 2.6387353
13 8 3.3996835
13 18 300.0
13 33 1.3809164
13 11 1.322591
13 29 0.8463681
13 34 6.789103
13 20 0.9380617
13 2 0.5630407
13 14 2.2290504
13 37 1.3337787
13 27 0.16901515
13 16 2000.0
13 25 0.77950305
14 20 0.74602735
14 13 2.2290504
14 33 0.36112994
14 27 1.7019006
14 11 2000.0
14 25 1.8709948
15 32 0.07366971
15 21 2.1
16 30 1.138232
16 0 2000.0
16 8 1.2407274
16 18 1.028328
16 13 2000.0
16 11 1.0710441
16 29 203.44951
16 5 2.197177
16 20 8.394238
16 37 21.516174
16 7 1.3080966
16 27 1.2690395
16 23 7.5762477
16 25 1.1958964
17 26 1.6844937
17 6 1.5652109
17 10 0.031730335
17 24 0.19563939
17 31 1.0936278
17 9 0.045959737
17 4 0.07900451
17 19 1.9827118
18 30 0.69507843
18 0 2000.0
18 8 0.91731465
18 13 300.0
18 11 6.9104085
18 29 1.1213357
18 5 0.5013376
18 2 11.301138
18 37 1.3095076
18 7 2000.0
18 27 3.430151
18 16 1.028328
18 23 1.4730214
19 31 0.067852706
19 9 0.08792542
19 17 1.9827118
19 4 0.08584203
20 30 17.511038
20 13 0.9380617
20 33 2.0548291
20 11 0.9266324
20 29 1.7833927
20 5 2.9425328
20 34 0.911125
20 2 3.1376495
20 14 0.74602735
20 37 4.4410076
20 7 2.4333174
20 27 0.4349026
20 16 8.394238
20 25 0.58093303
21 10 2000.0
21 24 0.0966112
21 35 0.09444859
21 12 0.10637247
21 15 2.1
22 6 1439.8864
22 31 165.90828
22 9 0.28360653
22 19 1598.2954
23 0 2000.0
23 30 1.0832508
23 2 141.6712
23 8 0.8165715
23 37 2.5121646
23 18 1.4730214
23 7 1.2350036
23 16 7.5762477
23 11 2000.0
23 29 3.8811252
23 5 8.341689
24 26 0.053245816
24 32 0.09930379
24 10 0.070211045
24 21 0.0966112
24 31 22.758984
24 12 0.09113272
24 15 2000.0
24 17 0.19563939
25 0 2000.0
25 30 2.6714735
25 13 0.77950305
25 33 0.47727272
25 11 1.4484698
25 29 1.9011863
25 34 2.6030962
25 20 0.58093303
25 2 1.4514886
25 14 1.8709948
25 37 22.895145
25 7 6.757783
25 27 0.7567182
25 16 1.1958964
26 36 107.23865
26 32 24.641258
26 28 0.03539223
26 10 0.036451485
26 24 0.053245816
26 31 0.059355985
26 12 2.1983812
26 17 1.6844937
27 0 2000.0
27 30 0.18270203
27 8 0.8909329
27 18 3.430151
27 13 0.16901515
27 33 0.9627623
27 11 0.35922554
27 29 0.84144694
27 5 3.0708308
27 34 0.9680508
27 20 0.4349026
27 2 1.4650102
27 14 1.7019006
27 37 1.3671112
27 7 56.726326
27 16 1.2690395
27 25 0.7567182
28 36 0.032581966
28 26 0.03539223
28 10 0.20892705
28 3 0.092188984
28 12 4.9372725
28 9 1.0135491
29 0 8.645014
29 30 5.4974875
29 8 0.45414382
29 18 1.1213357
29 13 0.8463681
29 11 0.6178405
29 5 5.5822563
29 34 13.02894
29 20 1.7833927
29 2 1.1361518
29 37 1.7961711
29 7 2000.0
29 27 0.84144694
29 16 203.44951
29 23 3.8811252
29 25 1.9011863
30 0 2000.0
30 8 0.5413983
30 18 0.69507843
30 13 1.8758148
30 33 4.474879
30 11 0.34692854
30 29 5.4974875
30 5 0.6162053
30 34 3.2301946
30 20 17.511038
30 2 18.235931
30 14 2000.0
30 37 10.385125
30 7 0.8006938
30 27 0.18270203
30 16 1.138232
30 23 1.0832508
30 25 2.6714735
31 26 0.059355985
31 6 1.0641783
31 10 0.033821885
31 24 22.758984
31 22 165.90828
31 9 0.030879105
31 17 1.0936278
31 4 0.067760386
31 19 0.067852706
32 26 24.641258
32 24 0.09930379
32 12 0.42046145
32 15 0.07366971
33 34 2000.0
33 30 4.474879
33 20 2.0548291
33 2 4.6102138
33 14 0.36112994
33 7 2000.0
33 13 1.3809164
33 27 0.9627623
33 16 1998.8635
33 11 3.2755651
33 29 3275.3408
33 25 0.47727272
34 30 3.2301946
34 20 0.911125
34 8 7.3258505
34 7 9.209317
34 13 6.789103
34 27 0.9680508
34 16 5535.0566
34 11 2.679315
34 25 2.6030962
34 29 13.02894
34 5 5.1787763
35 21 0.09444859
36 26 107.23865
36 28 0.032581966
36 3 0.20830275
36 9 0.82191205
37 30 10.385125
37 0 1.8198335
37 8 1.4213349
37 18 1.3095076
37 13 1.3337787
37 11 1.3131461
37 29 1.7961711
37 20 4.4410076
37 2 0.9163982
37 7 14.700517
37 27 1.3671112
37 16 21.516174
37 23 2.5121646
37 25 22.895145
