0 2 3.2427099
0 37 4.637872
0 13 0.9962414
0 25 69.55267
0 29 77.50555
1 3 0.55742425
1 12 33.905613
2 30 16.51794
2 0 3.2427099
2 8 2.2924397
2 18 2.269942
2 13 0.5499616
2 33 2.0100381
2 11 2.8730373
2 29 1.5460806
2 20 6.0870814
2 37 0.8037228
2 27 0.7766978
2 16 2000.0
2 23 15.119204
2 25 0.6802098
3 36 0.53648466
3 28 180.00002
3 24 2000.0
3 12 0.048567377
3 1 0.55742425
3 9 0.31013757
4 31 0.07096775
4 9 0.08300866
4 17 0.12985757
4 19 0.09469321
5 30 1.181351
5 8 1.0566039
5 18 1.3241628
5 13 47.052902
5 11 1.6024072
5 29 7.544144
5 34 3.6868045
5 20 2.2320495
5 37 12.597728
5 7 43.27058
5 27 2.6957018
5 16 2.739617
5 23 10.369192
5 25 2000.0
6 31 0.25644562
6 17 1.8112713
7 30 0.8780334
7 20 75.21875
7 8 7.4636703
7 37 114.28571
7 16 1.3086175
7 23 1.51159
7 11 121.89082
7 25 4.424365
7 5 43.27058
8 0 2000.0
8 30 0.7459409
8 18 1.2585036
8 13 4.042177
8 11 1.3175532
8 29 2.3534338
8 5 1.0566039
8 34 28.757185
8 2 2.2924397
8 37 0.9891356
8 7 7.4636703
8 27 6.2104
8 16 1.8646677
8 23 3.2100427
8 25 2000.0
9 36 0.70027447
9 26 2000.0
9 28 1.8832122
9 10 8.12303
9 22 0.054048292
9 31 0.029169273
9 3 0.31013757
9 12 2000.0
9 4 0.08300866
9 17 0.033746272
9 19 0.06579312
10 26 0.029647013
10 28 0.42991439
10 24 0.068312034
10 31 2.000525
10 12 93.93924
10 9 8.12303
10 17 0.029089015
11 0 2000.0
11 30 0.9308445
11 8 1.3175532
11 18 13.992252
11 13 1.3528115
11 33 3.1297581
11 29 0.8326367
11 5 1.6024072
11 34 1.5216616
11 20 4.002158
11 2 2.8730373
11 37 1.8499963
11 7 121.89082
11 27 0.8111733
11 16 1.4850506
11 25 0.94961244
12 26 0.33458525
12 32 6.8210225
12 10 93.93924
12 24 0.07213268
12 21 0.12541221
12 3 0.048567377
12 1 33.905613
13 30 37.486317
13 0 0.9962414
13 8 4.042177
13 18 66.99807
13 33 0.97801787
13 11 1.3528115
13 29 1.9350178
13 5 47.052902
13 34 1575.2273
13 20 1.677586
13 2 0.5499616
13 14 6.4390297
13 37 1.4652926
13 7 2000.0
13 27 0.4468394
13 16 60.937496
13 25 0.24882574
14 30 19.229841
14 20 3.169135
14 13 6.4390297
14 27 1.6973532
14 33 0.45676136
14 11 2000.0
14 25 1.6672603
15 32 0.075071804
15 21 7.9043865
16 0 2000.0
16 30 1.1006482
16 8 1.8646677
16 18 1.969844
16 13 60.937496
16 33 2000.0
16 11 1.4850506
16 5 2.739617
16 34 37.219967
16 20 79.27892
16 7 1.3086175
16 27 1.3548498
16 23 2.2757235
16 25 1.1092819
17 6 1.8112713
17 26 1.717639
17 10 0.029089015
17 24 0.070004284
17 31 0.99918026
17 9 0.033746272
17 4 0.12985757
17 19 1625.8903
18 0 2000.0
18 30 0.6517633
18 8 1.2585036
18 2 2.269942
18 37 4.568181
18 13 66.99807
18 27 64.83503
18 16 1.969844
18 11 13.992252
18 23 1.388871
18 29 1.7654331
18 5 1.3241628
19 31 0.0916182
19 9 0.06579312
19 17 1625.8903
19 4 0.09469321
20 30 4.2837353
20 8 2000.0
20 13 1.677586
20 33 1.2776612
20 11 4.002158
20 29 12.39987
20 5 2.2320495
20 34 1.0000981
20 2 6.0870814
20 14 3.169135
20 37 3.0758479
20 7 75.21875
20 27 2.4157085
20 16 79.27892
20 25 1.3351457
21 26 2000.0
21 32 400.0
21 24 1.0224745
21 35 0.03470475
21 12 0.12541221
21 15 7.9043865
21 4 2000.0
22 31 89.09801
22 9 0.054048292
22 19 2000.0
23 0 2000.0
23 30 2.853543
23 8 3.2100427
23 2 15.119204
23 37 0.4445845
23 18 1.388871
23 7 1.51159
23 16 2.2757235
23 11 2000.0
23 29 2.4503226
23 5 10.369192
24 26 0.04432754
24 32 0.27411616
24 10 0.068312034
24 21 1.0224745
24 12 0.07213268
24 15 2000.0
24 17 0.070004284
25 0 69.55267
25 30 13.676493
25 13 0.24882574
25 33 0.7248185
25 11 0.94961244
25 29 2.1832612
25 34 7.0895896
25 20 1.3351457
25 2 0.6802098
25 14 1.6672603
25 37 55.37793
25 7 4.424365
25 27 0.26810974
25 16 1.1092819
26 32 140.52052
26 28 0.04086022
26 10 0.029647013
26 24 0.04432754
26 31 0.39823043
26 12 0.33458525
26 17 1.717639
27 30 0.21424998
27 0 2000.0
27 8 6.2104
27 18 64.83503
27 13 0.4468394
27 33 0.7758274
27 11 0.8111733
27 29 1.814775
27 5 2.6957018
27 34 1.4151803
27 20 2.4157085
27 2 0.7766978
27 14 1.6973532
27 37 0.84589857
27 7 7259.886
27 16 1.3548498
27 25 0.26810974
28 36 0.047199428
28 26 0.04086022
28 10 0.42991439
28 12 1180.8523
28 3 180.00002
28 9 1.8832122
28 19 1312.216
29 0 77.50555
29 30 1.8671513
29 8 2.3534338
29 18 1.7654331
29 13 1.9350178
29 33 81.7914
29 11 0.8326367
29 5 7.544144
29 34 5.3738856
29 20 12.39987
29 2 1.5460806
29 37 1.3836088
29 7 2000.0
29 27 1.814775
29 16 2462.6707
29 23 2.4503226
29 25 2.1832612
30 8 0.7459409
30 18 0.6517633
30 13 37.486317
30 33 11.8848505
30 11 0.9308445
30 29 1.8671513
30 5 1.181351
30 34 0.9487463
30 20 4.2837353
30 2 16.51794
30 14 19.229841
30 37 9.202028
30 7 0.8780334
30 27 0.21424998
30 16 1.1006482
30 23 2.853543
30 25 13.676493
31 26 0.39823043
31 6 0.25644562
31 10 2.000525
31 35 35.351994
31 22 89.09801
31 21 2000.0
31 9 0.029169273
31 4 0.07096775
31 17 0.99918026
31 19 0.0916182
32 26 140.52052
32 24 0.27411616
32 21 400.0
32 12 6.8210225
32 15 0.075071804
33 30 11.8848505
33 13 0.97801787
33 11 3.1297581
33 29 81.7914
33 5 2000.0
33 34 2000.0
33 20 1.2776612
33 2 2.0100381
33 14 0.45676136
33 7 2000.0
33 27 0.7758274
33 16 2000.0
33 25 0.7248185
34 30 0.9487463
34 20 1.0000981
34 8 28.757185
34 37 2000.0
34 7 2000.0
34 27 1.4151803
34 16 37.219967
34 11 1.5216616
34 29 5.3738856
34 25 7.0895896
34 5 3.6868045
35 21 0.03470475
35 31 35.351994
36 28 0.047199428
36 3 0.53648466
36 9 0.70027447
37 30 9.202028
37 0 4.637872
37 8 0.9891356
37 18 4.568181
37 13 1.4652926
37 11 1.8499963
37 29 1.3836088
37 5 12.597728
37 20 3.0758479
37 2 0.8037228
37 7 114.28571
37 27 0.84589857
37 16 2000.0
37 23 0.4445845
37 25 55.37793
