0 2 0.8756715
0 37 2.3750124
0 13 1.1138768
0 25 13.390692
0 29 29.570112
1 3 1.2182475
1 12 13.184053
2 30 23.748457
2 0 0.8756715
2 8 1.3832232
2 18 2.7188292
2 13 0.6434481
2 33 1.4562981
2 11 2.8390732
2 29 1.3980718
2 20 3.5539935
2 37 0.8151458
2 27 1.1958596
2 16 2000.0
2 23 38.085228
2 25 0.4558251
3 36 0.6336977
3 28 5.024723
3 24 2000.0
3 12 0.07161513
3 1 1.2182475
3 9 0.82644236
4 31 0.054356728
4 9 0.080512956
4 17 0.1827586
4 19 0.08044987
5 30 1.0498995
5 8 0.96570385
5 18 0.67838806
5 13 24.802538
5 11 1.4774555
5 29 2.3257096
5 34 2.270058
5 20 1.7947339
5 37 12.0929785
5 7 25.797014
5 27 1.9540775
5 16 1.7906111
5 23 6.0477076
5 25 2000.0
6 31 0.15784457
6 17 2.4246986
7 30 0.7656763
7 20 89.577065
7 8 9.742153
7 37 156.18358
7 16 1.1746517
7 23 2.0066037
7 25 2.8912327
7 5 25.797014
8 0 2000.0
8 30 0.69255036
8 18 1.017595
8 13 3.448129
8 11 1.7205902
8 29 1.3122011
8 5 0.96570385
8 34 30.23007
8 2 1.3832232
8 37 1.2317301
8 7 9.742153
8 27 4.6732197
8 16 1.8531698
8 23 1.52163
8 25 2000.0
9 36 0.94945335
9 26 2000.0
9 28 1.4526819
9 10 28.571428
9 22 0.061297197
9 31 0.031387467
9 3 0.82644236
9 4 0.080512956
9 17 0.033753816
9 19 0.067505784
10 26 0.028049821
10 28 0.81442153
10 24 0.07143723
10 31 10.363163
10 12 2006.8182
10 9 28.571428
10 17 0.0612108
11 0 2000.0
11 30 1.2778512
11 8 1.7205902
11 18 17.715092
11 13 1.0103931
11 33 3.384318
11 29 1.3860669
11 5 1.4774555
11 34 3.748953
11 20 3.9935231
11 2 2.8390732
11 37 1.7640711
11 7 1640.966
11 27 0.9726281
11 16 1.9484001
11 25 0.7912584
12 26 0.45054632
12 32 4.0030003
12 28 1145.7386
12 24 0.070644625
12 21 0.14799924
12 3 0.07161513
12 1 13.184053
13 30 15.299524
13 0 1.1138768
13 8 3.448129
13 18 266.6667
13 33 0.8514792
13 11 1.0103931
13 29 1.8968555
13 5 24.802538
13 34 2000.0
13 20 1.8549362
13 2 0.6434481
13 14 7.605376
13 37 1.0736723
13 7 2000.0
13 27 0.38256907
13 16 145.87419
13 25 0.25436193
14 30 8.24229
14 20 2.4417968
14 13 7.605376
14 27 9.088768
14 33 0.9254845
14 11 2000.0
14 25 2.3122492
15 32 0.081558585
15 21 9.084511
16 34 93.506485
16 30 1.0834037
16 20 80.688126
16 8 1.8531698
16 18 2.2249756
16 7 1.1746517
16 13 145.87419
16 27 1.719098
16 11 1.9484001
16 23 4.4301248
16 25 0.86810106
16 5 1.7906111
17 6 2.4246986
17 26 1.7035333
17 10 0.0612108
17 24 0.12859215
17 31 0.98305535
17 9 0.033753816
17 4 0.1827586
17 19 167.34009
18 0 2000.0
18 30 0.63700515
18 8 1.017595
18 13 266.6667
18 11 17.715092
18 29 0.90258175
18 5 0.67838806
18 2 2.7188292
18 37 2.3904788
18 7 2000.0
18 27 22.693277
18 16 2.2249756
18 23 1.3073684
19 31 0.10650149
19 9 0.067505784
19 4 0.08044987
20 0 2000.0
20 30 1.5452839
20 13 1.8549362
20 33 1.3380711
20 11 3.9935231
20 29 10.871866
20 5 1.7947339
20 34 1.0088902
20 2 3.5539935
20 14 2.4417968
20 37 2.7781913
20 7 89.577065
20 27 3.9120986
20 16 80.688126
20 25 0.959258
21 32 400.0
21 10 2000.0
21 24 0.42036363
21 35 0.035536256
21 31 2000.0
21 12 0.14799924
21 15 9.084511
24 26 0.12848657
24 32 0.33745784
24 10 0.07143723
24 21 0.42036363
24 12 0.070644625
24 15 2000.0
24 17 0.12859215
25 0 13.390692
25 30 23.903925
25 13 0.25436193
25 33 0.7462743
25 11 0.7912584
25 29 3.786423
25 34 5.4202175
25 20 0.959258
25 2 0.4558251
25 14 2.3122492
25 37 42.165382
25 7 2.8912327
25 27 0.21429248
25 16 0.86810106
26 32 45.150375
26 28 0.053210095
26 10 0.028049821
26 24 0.12848657
26 31 0.1272622
26 12 0.45054632
26 17 1.7035333
27 30 0.20275453
27 0 2000.0
27 8 4.6732197
27 18 22.693277
27 13 0.38256907
27 33 0.8520276
27 11 0.9726281
27 29 0.8239821
27 5 1.9540775
27 34 1.2737772
27 20 3.9120986
27 2 1.1958596
27 14 9.088768
27 37 0.99235547
27 7 2000.0
27 16 1.719098
27 25 0.21429248
28 36 0.06569486
28 26 0.053210095
28 10 0.81442153
28 3 5.024723
28 12 1145.7386
28 9 1.4526819
28 19 1372.6136
29 0 29.570112
29 30 3.3887846
29 8 1.3122011
29 18 0.90258175
29 13 1.8968555
29 33 13.48454
29 11 1.3860669
29 5 2.3257096
29 34 3.8558695
29 20 10.871866
29 2 1.3980718
29 37 1.1236079
29 7 2000.0
29 27 0.8239821
29 16 1258.6174
29 23 2.583185
29 25 3.786423
30 8 0.69255036
30 18 0.63700515
30 13 15.299524
30 33 8.192727
30 11 1.2778512
30 29 3.3887846
30 5 1.0498995
30 34 1.2588063
30 20 1.5452839
30 2 23.748457
30 14 8.24229
30 37 55.9508
30 7 0.7656763
30 27 0.20275453
30 16 1.0834037
30 23 2.1775634
30 25 23.903925
31 26 0.1272622
31 6 0.15784457
31 10 10.363163
31 35 55.101135
31 22 180.00002
31 9 0.031387467
31 4 0.054356728
31 17 0.98305535
31 19 0.10650149
32 26 45.150375
32 24 0.33745784
32 21 400.0
32 12 4.0030003
32 15 0.081558585
33 30 8.192727
33 8 2000.0
33 13 0.8514792
33 11 3.384318
33 29 13.48454
33 5 2000.0
33 34 2000.0
33 20 1.3380711
33 2 1.4562981
33 14 0.9254845
33 7 2000.0
33 27 0.8520276
33 16 3017.898
33 25 0.7462743
34 30 1.2588063
34 20 1.0088902
34 8 30.23007
34 37 2000.0
34 7 2000.0
34 27 1.2737772
34 16 93.506485
34 11 3.748953
34 29 3.8558695
34 25 5.4202175
34 5 2.270058
35 21 0.035536256
35 31 55.101135
36 28 0.06569486
36 3 0.6336977
36 9 0.94945335
37 30 55.9508
37 0 2.3750124
37 8 1.2317301
37 18 2.3904788
37 13 1.0736723
37 11 1.7640711
37 29 1.1236079
37 5 12.0929785
37 20 2.7781913
37 2 0.8151458
37 7 156.18358
37 27 0.99235547
37 16 2000.0
37 23 2.5018692
37 25 42.165382
