0 2 0.6948315
0 37 2.2833424
0 13 0.6199728
0 25 266.6667
0 29 20.407928
1 3 0.50328285
1 12 22.71939
2 30 23.526735
2 0 0.6948315
2 8 1.6874051
2 18 2.242607
2 13 0.7863286
2 33 1.9540125
2 11 1.6778635
2 29 1.0606011
2 20 2.5747464
2 37 0.8827504
2 27 1.1105863
2 16 2000.0
2 23 11.201621
2 25 0.35862073
3 36 0.9491478
3 28 59.66919
3 24 1731.288
3 12 0.06501148
3 1 0.50328285
3 9 0.9602791
4 31 0.07044478
4 9 0.06802858
4 17 0.17866182
4 19 0.090265155
5 30 1.780313
5 8 0.5869511
5 18 1.5616027
5 13 49.401825
5 11 1.1667424
5 29 3.261815
5 34 2.8149972
5 20 3.1926558
5 37 6.650193
5 7 8.656606
5 27 2.281223
5 16 2.1152053
5 23 7.510007
5 25 2000.0
6 31 0.18919525
6 17 12.049335
7 34 138.88889
7 30 1.2300987
7 8 7.9328523
7 37 118.34478
7 16 2.4028904
7 23 1.5455508
7 25 1.9671221
7 5 8.656606
8 0 2000.0
8 30 0.5348805
8 18 1.3880392
8 13 2.0086071
8 11 0.8974816
8 29 0.24510965
8 5 0.5869511
8 34 65.80467
8 2 1.6874051
8 37 0.8053671
8 7 7.9328523
8 27 1.2085901
8 16 1.6444275
8 23 0.7843164
8 25 2000.0
9 36 1.1115514
9 26 2000.0
9 28 0.6625183
9 10 13.497926
9 22 0.058708742
9 31 0.028104173
9 12 2000.0
9 3 0.9602791
9 4 0.06802858
9 17 0.04088116
9 19 0.19644678
10 26 0.034126963
10 28 0.24750733
10 24 0.08172315
10 31 2.0347035
10 12 36.385433
10 9 13.497926
10 17 0.029337337
11 0 2000.0
11 30 0.9211269
11 8 0.8974816
11 18 4.3342724
11 13 0.8251696
11 33 1.9635664
11 29 0.9530173
11 5 1.1667424
11 34 3.223133
11 20 1.0504547
11 2 1.6778635
11 37 1.7487855
11 7 2125.9658
11 27 1.3622766
11 16 1.1414868
11 25 0.869801
12 26 0.76142675
12 32 6.488623
12 10 36.385433
12 24 0.06826819
12 21 0.14565048
12 3 0.06501148
12 1 22.71939
13 30 81.001976
13 0 0.6199728
13 8 2.0086071
13 18 52.488285
13 33 0.8388027
13 11 0.8251696
13 29 0.7213934
13 5 49.401825
13 34 753.8462
13 20 0.914717
13 2 0.7863286
13 14 12.720364
13 37 1.2659826
13 27 0.8172548
13 16 123.65421
13 25 0.20865078
14 30 11.732369
14 20 3.2406554
14 13 12.720364
14 27 8.960253
14 33 1.3167834
14 11 2000.0
14 25 5.8810015
15 32 0.07444344
15 21 15.8785515
16 34 54.091854
16 30 1.0779841
16 20 170.28636
16 8 1.6444275
16 18 1.2348864
16 13 123.65421
16 7 2.4028904
16 27 1.7571656
16 11 1.1414868
16 23 6.050667
16 25 0.8630537
16 5 2.1152053
17 6 12.049335
17 26 1.4137784
17 10 0.029337337
17 24 0.06419814
17 31 0.9508383
17 9 0.04088116
17 4 0.17866182
17 19 2000.0
18 0 2000.0
18 30 0.87253404
18 8 1.3880392
18 13 52.488285
18 11 4.3342724
18 29 1.2889142
18 5 1.5616027
18 2 2.242607
18 37 2.670076
18 7 2000.0
18 27 30.302402
18 16 1.2348864
18 23 1.2748591
19 31 0.20033307
19 9 0.19644678
19 4 0.090265155
20 30 3.3965528
20 8 2000.0
20 13 0.914717
20 33 0.99553025
20 11 1.0504547
20 29 6.6666555
20 5 3.1926558
20 34 1.0124764
20 2 2.5747464
20 14 3.2406554
20 37 3.0163066
20 7 1663.8636
20 27 1.5768241
20 16 170.28636
20 25 0.5575548
21 32 2000.0
21 10 2000.0
21 24 1.1118242
21 35 0.03410954
21 31 2000.0
21 12 0.14565048
21 15 15.8785515
22 31 150.0
22 9 0.058708742
22 19 2000.0
23 0 2000.0
23 30 4.75561
23 8 0.7843164
23 2 11.201621
23 37 1.7715024
23 18 1.2748591
23 7 1.5455508
23 16 6.050667
23 11 2000.0
23 29 1.8670906
23 5 7.510007
24 26 0.046505384
24 32 0.475019
24 10 0.08172315
24 21 1.1118242
24 12 0.06826819
24 17 0.06419814
25 0 266.6667
25 30 19.247446
25 13 0.20865078
25 33 0.6445922
25 11 0.869801
25 29 1.7484832
25 34 3.096461
25 20 0.5575548
25 2 0.35862073
25 14 5.8810015
25 37 27.497116
25 7 1.9671221
25 27 0.21974891
25 16 0.8630537
26 32 70.703445
26 28 0.05727273
26 10 0.034126963
26 24 0.046505384
26 31 0.24147724
26 12 0.76142675
26 17 1.4137784
27 30 0.26940835
27 0 2000.0
27 8 1.2085901
27 18 30.302402
27 13 0.8172548
27 33 0.69686025
27 11 1.3622766
27 29 2.1673055
27 5 2.281223
27 34 1.2152991
27 20 1.5768241
27 2 1.1105863
27 14 8.960253
27 37 1.1471925
27 7 2000.0
27 16 1.7571656
27 25 0.21974891
28 36 0.033488687
28 26 0.05727273
28 10 0.24750733
28 3 59.66919
28 12 1144.9432
28 9 0.6625183
28 19 1360.341
29 0 20.407928
29 30 1.3386018
29 8 0.24510965
29 18 1.2889142
29 13 0.7213934
29 33 36.88215
29 11 0.9530173
29 5 3.261815
29 34 5.929841
29 20 6.6666555
29 2 1.0606011
29 37 1.0106916
29 7 2000.0
29 27 2.1673055
29 16 2000.0
29 23 1.8670906
29 25 1.7484832
30 8 0.5348805
30 18 0.87253404
30 13 81.001976
30 33 9.951687
30 11 0.9211269
30 29 1.3386018
30 5 1.780313
30 34 1.1159983
30 20 3.3965528
30 2 23.526735
30 14 11.732369
30 37 10.7102995
30 7 1.2300987
30 27 0.26940835
30 16 1.0779841
30 23 4.75561
30 25 19.247446
31 26 0.24147724
31 6 0.18919525
31 10 2.0347035
31 35 5.2118187
31 22 150.0
31 21 2000.0
31 9 0.028104173
31 4 0.07044478
31 17 0.9508383
31 19 0.20033307
32 26 70.703445
32 24 0.475019
32 12 6.488623
32 15 0.07444344
33 30 9.951687
33 13 0.8388027
33 11 1.9635664
33 29 36.88215
33 5 2000.0
33 34 2000.0
33 20 0.99553025
33 2 1.9540125
33 14 1.3167834
33 7 2000.0
33 27 0.69686025
33 16 2422.443
33 25 0.6445922
34 30 1.1159983
34 20 1.0124764
34 8 65.80467
34 37 2000.0
34 7 138.88889
34 13 753.8462
34 27 1.2152991
34 16 54.091854
34 11 3.223133
34 29 5.929841
34 25 3.096461
34 5 2.8149972
35 21 0.03410954
35 31 5.2118187
36 28 0.033488687
36 3 0.9491478
36 9 1.1115514
37 30 10.7102995
37 0 2.2833424
37 8 0.8053671
37 18 2.670076
37 13 1.2659826
37 11 1.7487855
37 29 1.0106916
37 5 6.650193
37 20 3.0163066
37 2 0.8827504
37 7 118.34478
37 27 1.1471925
37 16 2000.0
37 23 1.7715024
37 25 27.497116
