0 8 395.10513
0 2 0.96468467
0 37 1.9181056
0 13 1.0557177
0 29 25.331018
0 25 8.965919
1 3 1.4456013
1 12 69.0875
2 30 39.36046
2 0 0.96468467
2 8 1.1287069
2 18 3.8050556
2 13 0.59979874
2 33 1.6030121
2 11 1.7016145
2 29 1.3589925
2 20 3.6793673
2 37 0.8458299
2 27 0.75636363
2 16 2000.0
2 23 8.897527
2 25 0.39969277
3 36 1.2002132
3 28 9.693928
3 24 266.6667
3 12 0.082184754
3 1 1.4456013
3 9 0.40444773
4 31 0.07798904
4 9 0.08003027
4 17 0.13460836
4 19 0.07806172
5 30 0.6662872
5 8 0.7197075
5 18 0.92646104
5 13 21.278086
5 11 1.7570654
5 29 2.5974019
5 34 2.23447
5 20 3.9445822
5 37 11.101932
5 7 10.263224
5 27 1.3990364
5 16 1.8517872
5 23 2.2718732
5 25 2000.0
6 31 0.16587897
6 17 1.7738819
7 34 142.31145
7 30 0.90989107
7 20 28.50682
7 8 12.024315
7 37 1844.8865
7 16 1.404913
7 23 1.5070966
7 11 133.33334
7 25 4.854667
7 5 10.263224
8 0 395.10513
8 30 0.3311767
8 18 1.3490754
8 13 0.88157606
8 11 0.8454503
8 29 0.26430666
8 5 0.7197075
8 34 44.55747
8 2 1.1287069
8 37 1.005516
8 7 12.024315
8 27 0.7912627
8 16 1.5491666
8 23 0.6658391
8 25 2000.0
9 36 0.85059017
9 26 2000.0
9 28 1.7241136
9 10 23.900995
9 22 0.0393942
9 31 0.028199622
9 12 2000.0
9 3 0.40444773
9 4 0.08003027
9 17 0.040614087
9 19 0.070325196
10 26 0.029491339
10 28 0.5437906
10 24 0.10354022
10 31 16.438965
10 12 1481.7614
10 9 23.900995
10 17 0.031193182
11 0 2000.0
11 30 0.87393343
11 8 0.8454503
11 18 10.66046
11 13 1.088071
11 33 1.8907455
11 29 0.9227947
11 5 1.7570654
11 34 2.7155306
11 20 1.0372055
11 2 1.7016145
11 37 1.278845
11 7 133.33334
11 27 0.7238818
11 16 1.3805716
11 25 0.7298291
12 26 1.2517515
12 32 5.881144
12 24 0.067307465
12 21 0.11529864
12 3 0.082184754
12 1 69.0875
13 30 54.852272
13 0 1.0557177
13 8 0.88157606
13 18 88.38871
13 33 1.413122
13 11 1.088071
13 29 0.6565625
13 5 21.278086
13 34 1739.9243
13 20 1.1276348
13 2 0.59979874
13 14 5.976176
13 37 1.2098248
13 7 2000.0
13 27 0.3282828
13 16 240.12419
13 25 0.2365007
14 30 8.796845
14 20 1.6482408
14 13 5.976176
14 27 1.807729
14 33 0.33611888
14 11 2000.0
14 25 1.8364452
15 32 0.07612314
15 21 4.6574583
16 34 43.636364
16 30 1.1365447
16 20 52.309532
16 8 1.5491666
16 18 1.11979
16 13 240.12419
16 7 1.404913
16 27 1.6585319
16 11 1.3805716
16 23 2.0154083
16 25 0.76405555
16 5 1.8517872
17 6 1.7738819
17 26 3.4285715
17 10 0.031193182
17 24 0.12994432
17 31 1.2014917
17 9 0.040614087
17 4 0.13460836
17 19 100.0
18 0 2000.0
18 30 0.7247725
18 8 1.3490754
18 13 88.38871
18 11 10.66046
18 29 1.3106592
18 5 0.92646104
18 2 3.8050556
18 37 2.6269183
18 7 2000.0
18 27 41.48733
18 16 1.11979
18 23 1.3960143
19 31 0.08200403
19 9 0.070325196
19 4 0.07806172
19 17 100.0
20 30 5.7594943
20 13 1.1276348
20 33 2.379191
20 11 1.0372055
20 29 20.981855
20 5 3.9445822
20 34 0.84652895
20 2 3.6793673
20 14 1.6482408
20 37 3.490396
20 7 28.50682
20 27 1.2571613
20 16 52.309532
20 25 0.36899927
21 26 2000.0
21 10 2000.0
21 24 1.4724754
21 35 0.030198297
21 12 0.11529864
21 15 4.6574583
22 31 284.20572
22 9 0.0393942
22 19 2000.0
23 0 2000.0
23 30 1.5675902
23 8 0.6658391
23 2 8.897527
23 37 1.5679057
23 18 1.3960143
23 7 1.5070966
23 16 2.0154083
23 11 2000.0
23 29 1.2471219
23 5 2.2718732
24 26 0.05488133
24 32 0.31167763
24 10 0.10354022
24 21 1.4724754
24 31 2000.0
24 3 266.6667
24 12 0.067307465
24 15 2000.0
24 17 0.12994432
25 0 8.965919
25 30 16.538733
25 13 0.2365007
25 33 0.57226187
25 11 0.7298291
25 29 1.2938793
25 34 3.127536
25 20 0.36899927
25 2 0.39969277
25 14 1.8364452
25 37 38.480755
25 7 4.854667
25 27 0.21059705
25 16 0.76405555
26 32 24.82582
26 28 0.062719345
26 10 0.029491339
26 24 0.05488133
26 31 0.09464161
26 12 1.2517515
26 17 3.4285715
27 30 0.22004685
27 0 2000.0
27 8 0.7912627
27 18 41.48733
27 13 0.3282828
27 33 0.71537876
27 11 0.7238818
27 29 0.69282705
27 5 1.3990364
27 34 1.2467245
27 20 1.2571613
27 2 0.75636363
27 14 1.807729
27 37 0.8326452
27 7 2000.0
27 16 1.6585319
27 25 0.21059705
28 36 0.030710228
28 26 0.062719345
28 10 0.5437906
28 3 9.693928
28 12 1205.3977
28 9 1.7241136
28 19 1377.3296
29 0 25.331018
29 30 1.5466617
29 8 0.26430666
29 18 1.3106592
29 13 0.6565625
29 33 22.664358
29 11 0.9227947
29 5 2.5974019
29 34 5.221457
29 20 20.981855
29 2 1.3589925
29 37 0.944253
29 7 2000.0
29 27 0.69282705
29 16 2000.0
29 23 1.2471219
29 25 1.2938793
30 8 0.3311767
30 18 0.7247725
30 13 54.852272
30 33 7.4062505
30 11 0.87393343
30 29 1.5466617
30 5 0.6662872
30 34 1.4589764
30 20 5.7594943
30 2 39.36046
30 14 8.796845
30 37 27.267303
30 7 0.90989107
30 27 0.22004685
30 16 1.1365447
30 23 1.5675902
30 25 16.538733
31 26 0.09464161
31 6 0.16587897
31 10 16.438965
31 22 284.20572
31 9 0.028199622
31 4 0.07798904
31 17 1.2014917
31 19 0.08200403
32 26 24.82582
32 24 0.31167763
32 12 5.881144
32 15 0.07612314
33 30 7.4062505
33 8 2000.0
33 13 1.413122
33 11 1.8907455
33 29 22.664358
33 5 2000.0
33 34 2000.0
33 20 2.379191
33 2 1.6030121
33 14 0.33611888
33 7 2000.0
33 27 0.71537876
33 16 3017.898
33 25 0.57226187
34 30 1.4589764
34 20 0.84652895
34 8 44.55747
34 37 2000.0
34 7 142.31145
34 13 1739.9243
34 27 1.2467245
34 16 43.636364
34 11 2.7155306
34 29 5.221457
34 25 3.127536
34 5 2.23447
35 21 0.030198297
35 31 1095.8523
36 28 0.030710228
36 3 1.2002132
36 9 0.85059017
37 30 27.267303
37 0 1.9181056
37 8 1.005516
37 18 2.6269183
37 13 1.2098248
37 11 1.278845
37 29 0.944253
37 5 11.101932
37 20 3.490396
37 2 0.8458299
37 7 1844.8865
37 27 0.8326452
37 16 2000.0
37 23 1.5679057
37 25 38.480755
