0 2 1.0853077
0 37 3.7931914
0 13 0.9581186
0 29 36.55733
0 25 5.9846735
1 3 0.8855408
1 12 17.94132
2 30 20.529528
2 0 1.0853077
2 8 1.1841644
2 18 1.768441
2 13 0.59260345
2 33 1.8153409
2 11 1.4246727
2 29 0.9985437
2 20 3.0873177
2 37 0.86109966
2 27 0.95071554
2 16 2000.0
2 23 5.411617
2 25 0.39259017
3 36 0.34321737
3 28 35.24436
3 24 225.00002
3 12 0.050898094
3 1 0.8855408
3 9 0.36777735
4 31 0.07003119
4 9 0.08628565
4 17 0.12448827
4 19 0.0696019
5 30 0.69947547
5 8 0.44245496
5 18 0.5016181
5 13 20.095291
5 11 1.3763565
5 29 3.1143267
5 34 2.2124732
5 20 3.3874934
5 37 26.79643
5 7 9.389204
5 27 1.9330742
5 16 1.8887575
5 23 2.0676813
6 31 0.27397543
6 17 2.238734
7 30 0.6897347
7 20 262.00827
7 8 5.501836
7 16 1.0823047
7 11 25.20543
7 23 1.1960745
7 25 4.271014
7 5 9.389204
8 0 2000.0
8 30 0.49100867
8 18 1.1797487
8 13 1.2700535
8 11 0.94792783
8 29 0.5982745
8 5 0.44245496
8 34 1453.5227
8 2 1.1841644
8 37 1.0824747
8 7 5.501836
8 27 2.5998528
8 16 1.3931583
8 23 0.8180189
8 25 2000.0
9 36 0.38789102
9 26 2000.0
9 28 1.4505165
9 10 20.124163
9 22 0.04686807
9 31 0.047122277
9 12 2000.0
9 3 0.36777735
9 4 0.08628565
9 17 0.035413567
9 19 0.06625785
10 26 0.030908972
10 28 0.43063632
10 24 0.12053293
10 31 1.7037338
10 12 43.88153
10 9 20.124163
10 17 0.031910412
11 0 2000.0
11 30 0.49720016
11 8 0.94792783
11 18 9.24279
11 13 0.6640999
11 33 2.1301162
11 29 0.7936794
11 5 1.3763565
11 34 2.1221356
11 20 1.1735026
11 2 1.4246727
11 37 2.7384765
11 7 25.20543
11 27 0.46239623
11 16 1.0556523
11 25 1.0601419
12 26 0.81136364
12 32 10.441605
12 10 43.88153
12 24 0.068429254
12 21 0.23005006
12 3 0.050898094
12 1 17.94132
13 30 46.09279
13 0 0.9581186
13 8 1.2700535
13 18 51.43301
13 33 0.89191973
13 11 0.6640999
13 29 1.2580515
13 5 20.095291
13 34 3149.6213
13 20 1.7654959
13 2 0.59260345
13 14 2.710215
13 37 1.1518385
13 7 2000.0
13 27 0.2933401
13 16 26.57309
13 25 0.2361715
14 30 6.040385
14 20 2.0630422
14 13 2.710215
14 27 2.08617
14 33 0.86934716
14 25 2.350038
15 32 0.07119249
15 24 288.23526
15 21 17.084015
16 30 1.0852548
16 0 2000.0
16 8 1.3931583
16 18 1.2878857
16 13 26.57309
16 11 1.0556523
16 29 152.64487
16 5 1.8887575
16 34 26.231594
16 20 20.763601
16 7 1.0823047
16 27 1.368409
16 23 2.7076128
16 25 1.0338237
17 6 2.238734
17 26 1.3206156
17 10 0.031910412
17 24 0.17456637
17 31 0.96706605
17 9 0.035413567
17 4 0.12448827
17 19 23.136864
18 0 2000.0
18 30 0.66923475
18 8 1.1797487
18 13 51.43301
18 11 9.24279
18 29 1.1633993
18 5 0.5016181
18 2 1.768441
18 37 2.40092
18 7 2000.0
18 27 8.278207
18 16 1.2878857
18 23 1.3274125
19 31 0.078658365
19 9 0.06625785
19 17 23.136864
19 4 0.0696019
20 30 1.2639146
20 13 1.7654959
20 33 1.6013266
20 11 1.1735026
20 29 20.557346
20 5 3.3874934
20 34 1.284238
20 2 3.0873177
20 14 2.0630422
20 37 3.6881485
20 7 262.00827
20 27 1.4134883
20 16 20.763601
20 25 0.566367
21 26 2000.0
21 32 276.9231
21 24 0.44507286
21 35 0.03133263
21 31 2000.0
21 12 0.23005006
21 15 17.084015
22 31 6.0924244
22 9 0.04686807
22 19 2000.0
23 0 2000.0
23 30 1.0340052
23 8 0.8180189
23 2 5.411617
23 37 1.7535447
23 18 1.3274125
23 7 1.1960745
23 16 2.7076128
23 11 2000.0
23 29 1.215045
23 5 2.0676813
24 26 0.04163025
24 32 0.14103165
24 10 0.12053293
24 21 0.44507286
24 12 0.068429254
24 3 225.00002
24 15 288.23526
24 17 0.17456637
25 30 21.24752
25 0 5.9846735
25 13 0.2361715
25 33 0.5866652
25 11 1.0601419
25 29 2.4772727
25 34 1.679266
25 20 0.566367
25 2 0.39259017
25 14 2.350038
25 37 112.112
25 7 4.271014
25 27 0.23390153
25 16 1.0338237
26 32 17.625738
26 28 0.043484848
26 10 0.030908972
26 24 0.04163025
26 31 0.1809138
26 12 0.81136364
26 17 1.3206156
27 30 0.17575583
27 0 2000.0
27 8 2.5998528
27 18 8.278207
27 13 0.2933401
27 33 0.75324726
27 11 0.46239623
27 29 0.77904475
27 5 1.9330742
27 34 1.2068745
27 20 1.4134883
27 2 0.95071554
27 14 2.08617
27 37 1.1877189
27 7 2781.4773
27 16 1.368409
27 25 0.23390153
28 36 0.030838486
28 26 0.043484848
28 10 0.43063632
28 3 35.24436
28 12 1594.9431
28 9 1.4505165
28 19 1364.5454
29 0 36.55733
29 30 4.949651
29 8 0.5982745
29 18 1.1633993
29 13 1.2580515
29 33 19.384651
29 11 0.7936794
29 5 3.1143267
29 34 3.127366
29 20 20.557346
29 2 0.9985437
29 37 0.5992066
29 7 2000.0
29 27 0.77904475
29 16 152.64487
29 23 1.215045
29 25 2.4772727
30 8 0.49100867
30 18 0.66923475
30 13 46.09279
30 33 4.599552
30 11 0.49720016
30 29 4.949651
30 5 0.69947547
30 34 0.8768356
30 20 1.2639146
30 2 20.529528
30 14 6.040385
30 37 25.03436
30 7 0.6897347
30 27 0.17575583
30 16 1.0852548
30 23 1.0340052
30 25 21.24752
31 26 0.1809138
31 6 0.27397543
31 10 1.7037338
31 35 27.615229
31 22 6.0924244
31 9 0.047122277
31 4 0.07003119
31 17 0.96706605
31 19 0.078658365
32 26 17.625738
32 10 2000.0
32 24 0.14103165
32 21 276.9231
32 12 10.441605
32 15 0.07119249
33 30 4.599552
33 13 0.89191973
33 11 2.1301162
33 29 19.384651
33 5 2000.0
33 34 2000.0
33 20 1.6013266
33 2 1.8153409
33 14 0.86934716
33 7 2000.0
33 27 0.75324726
33 16 1971.0227
33 25 0.5866652
34 30 0.8768356
34 20 1.284238
34 8 1453.5227
34 37 2000.0
34 7 2401.6477
34 27 1.2068745
34 16 26.231594
34 11 2.1221356
34 29 3.127366
34 25 1.679266
34 5 2.2124732
35 21 0.03133263
35 31 27.615229
36 28 0.030838486
36 3 0.34321737
36 9 0.38789102
37 30 25.03436
37 0 3.7931914
37 8 1.0824747
37 18 2.40092
37 13 1.1518385
37 11 2.7384765
37 29 0.5992066
37 5 26.79643
37 20 3.6881485
37 2 0.86109966
37 7 3576.7046
37 27 1.1877189
37 16 2000.0
37 23 1.7535447
37 25 112.112
