0 2 1.5246476
0 37 1.7189796
0 13 1.1040307
0 25 15.181148
0 29 61.667522
1 3 1.3925323
1 12 35.5858
2 30 15.4478035
2 0 1.5246476
2 8 1.30114
2 18 2.6647725
2 13 0.58839566
2 33 1.9563732
2 11 1.9064479
2 29 0.9660855
2 20 2.9754384
2 37 0.8713652
2 27 0.7746086
2 16 2000.0
2 23 14.975041
2 25 0.35524568
3 36 0.66453713
3 28 4.990496
3 24 189.47371
3 12 0.06810847
3 1 1.3925323
3 9 0.5663693
4 31 0.053434927
4 9 0.08424671
4 17 0.15945011
4 19 0.06762296
5 30 0.7492362
5 8 1.1073375
5 18 0.5375375
5 13 23.735228
5 11 6.639812
5 29 4.346209
5 34 4.475781
5 20 5.382792
5 37 14.211944
5 7 15.529652
5 27 4.954688
5 16 1.5060816
5 23 5.6174264
5 25 2000.0
6 31 0.2240032
6 17 2.1895103
7 30 0.72184455
7 20 119.60434
7 8 5.1407228
7 16 1.6698421
7 23 1.2598838
7 25 1.8918756
7 29 400.0
7 5 15.529652
8 0 2000.0
8 30 0.6639667
8 18 1.254032
8 13 2.7614465
8 11 1.4391288
8 29 1.1460657
8 5 1.1073375
8 34 60.862926
8 2 1.30114
8 37 2.221775
8 7 5.1407228
8 27 2.8999813
8 16 2.054445
8 23 2.1027937
8 25 2000.0
9 36 0.9815158
9 26 2000.0
9 28 2.179029
9 10 42.717045
9 22 0.08060916
9 31 0.04351888
9 3 0.5663693
9 4 0.08424671
9 17 0.037116505
9 19 0.07769927
10 26 0.02913336
10 28 0.3120298
10 24 0.06760043
10 31 7.3320785
10 12 2006.8182
10 9 42.717045
10 17 0.057525452
11 0 2000.0
11 30 0.7768277
11 8 1.4391288
11 18 10.167035
11 13 1.4432874
11 33 1.7781843
11 29 1.7201678
11 5 6.639812
11 34 3.094675
11 20 2.239717
11 2 1.9064479
11 37 1.7639831
11 7 1640.966
11 27 0.6881304
11 16 1.0565451
11 25 0.9095189
12 26 0.31229836
12 28 133.69603
12 32 5.170954
12 24 0.06727832
12 21 0.092732765
12 3 0.06810847
12 1 35.5858
13 30 36.8458
13 0 1.1040307
13 8 2.7614465
13 33 0.9395924
13 11 1.4432874
13 29 0.63125
13 5 23.735228
13 34 159.91878
13 20 2.356751
13 2 0.58839566
13 14 9.809943
13 37 1.1371088
13 7 2000.0
13 27 0.3093492
13 16 49.419716
13 25 0.28590298
14 30 47.723866
14 20 2.4682996
14 13 9.809943
14 27 9.241126
14 33 0.60916793
14 11 2000.0
14 25 2.8808548
15 32 0.073986836
15 21 8.274959
16 34 53.822357
16 30 1.1219878
16 20 33.433235
16 8 2.054445
16 18 1.228556
16 7 1.6698421
16 13 49.419716
16 27 1.5018955
16 11 1.0565451
16 23 2.4773638
16 25 3.7103221
16 5 1.5060816
17 6 2.1895103
17 26 1.5836356
17 10 0.057525452
17 24 0.090311006
17 31 0.99957156
17 9 0.037116505
17 4 0.15945011
17 19 81.85114
18 0 2000.0
18 30 0.7069402
18 8 1.254032
18 13 1822.2728
18 11 10.167035
18 29 1.7174819
18 5 0.5375375
18 2 2.6647725
18 37 4.3402963
18 7 2000.0
18 27 20.871117
18 16 1.228556
18 23 1.6974494
19 31 0.08437588
19 9 0.07769927
19 4 0.06762296
19 17 81.85114
20 30 2.411492
20 13 2.356751
20 33 1.4787109
20 11 2.239717
20 29 9.004211
20 5 5.382792
20 34 0.9926417
20 2 2.9754384
20 14 2.4682996
20 37 6.315094
20 7 119.60434
20 27 2.1415415
20 16 33.433235
20 25 0.5860516
21 26 2000.0
21 32 2000.0
21 24 0.6544983
21 35 0.035731602
21 12 0.092732765
21 15 8.274959
24 26 0.039984476
24 32 0.22671694
24 10 0.06760043
24 21 0.6544983
24 31 2000.0
24 12 0.06727832
24 3 189.47371
24 17 0.090311006
25 0 15.181148
25 30 7.4390717
25 13 0.28590298
25 33 0.6450751
25 11 0.9095189
25 29 2.1772246
25 34 2.1855643
25 20 0.5860516
25 2 0.35524568
25 14 2.8808548
25 37 41.137547
25 7 1.8918756
25 27 0.32985285
25 16 3.7103221
26 32 47.48607
26 28 0.056025494
26 10 0.02913336
26 24 0.039984476
26 31 0.13962083
26 12 0.31229836
26 17 1.5836356
27 30 0.18133342
27 0 2000.0
27 8 2.8999813
27 18 20.871117
27 13 0.3093492
27 33 0.69558495
27 11 0.6881304
27 29 0.6957392
27 5 4.954688
27 34 1.1784507
27 20 2.1415415
27 2 0.7746086
27 14 9.241126
27 37 1.2438952
27 7 2000.0
27 16 1.5018955
27 25 0.32985285
28 36 0.051713713
28 26 0.056025494
28 10 0.3120298
28 3 4.990496
28 12 133.69603
28 9 2.179029
28 19 1372.6136
29 0 61.667522
29 30 1.8619933
29 8 1.1460657
29 18 1.7174819
29 13 0.63125
29 33 22.309774
29 11 1.7201678
29 5 4.346209
29 34 12.714068
29 20 9.004211
29 2 0.9660855
29 37 1.0762272
29 7 400.0
29 27 0.6957392
29 16 2000.0
29 23 2.0875812
29 25 2.1772246
30 8 0.6639667
30 18 0.7069402
30 13 36.8458
30 33 17.065191
30 11 0.7768277
30 29 1.8619933
30 5 0.7492362
30 34 1.1214855
30 20 2.411492
30 2 15.4478035
30 14 47.723866
30 37 45.99085
30 7 0.72184455
30 27 0.18133342
30 16 1.1219878
30 23 2.8943303
30 25 7.4390717
31 26 0.13962083
31 6 0.2240032
31 10 7.3320785
31 35 26.623299
31 22 112.50001
31 9 0.04351888
31 4 0.053434927
31 17 0.99957156
31 19 0.08437588
32 26 47.48607
32 24 0.22671694
32 12 5.170954
32 15 0.073986836
33 30 17.065191
33 8 2000.0
33 13 0.9395924
33 11 1.7781843
33 29 22.309774
33 5 2000.0
33 34 2000.0
33 20 1.4787109
33 2 1.9563732
33 14 0.60916793
33 7 2000.0
33 27 0.69558495
33 16 3017.898
33 25 0.6450751
34 30 1.1214855
34 20 0.9926417
34 8 60.862926
34 37 2000.0
34 7 2000.0
34 13 159.91878
34 27 1.1784507
34 16 53.822357
34 11 3.094675
34 29 12.714068
34 25 2.1855643
34 5 4.475781
35 21 0.035731602
35 31 26.623299
36 28 0.051713713
36 3 0.66453713
36 9 0.9815158
37 30 45.99085
37 0 1.7189796
37 8 2.221775
37 18 4.3402963
37 13 1.1371088
37 11 1.7639831
37 29 1.0762272
37 5 14.211944
37 20 6.315094
37 2 0.8713652
37 7 1691.9886
37 27 1.2438952
37 16 2000.0
37 23 6.1705937
37 25 41.137547
