0 2 2.4268067
0 37 1.4280897
0 13 1.375999
0 29 26.717989
0 25 12.801566
1 3 0.5098106
1 12 36.363636
2 30 17.734625
2 0 2.4268067
2 8 1.3614174
2 18 1.9651495
2 13 0.55545455
2 33 1.9051473
2 11 2.035399
2 29 0.9700922
2 20 2.8910148
2 37 0.81231403
2 27 0.8253421
2 16 2000.0
2 23 11.664278
2 25 0.65698195
3 36 0.27736014
3 28 2.7319057
3 24 266.6667
3 12 0.052268308
3 1 0.5098106
3 9 0.8135432
4 31 0.06799252
4 9 0.095989965
4 17 0.21250981
4 19 0.06956954
5 30 0.55731183
5 8 0.5318953
5 18 0.71225816
5 13 32.765076
5 11 3.0207002
5 29 1.6160775
5 34 2.3873355
5 20 2.2069452
5 37 8.63273
5 7 11.95644
5 27 2.2661283
5 16 0.97532594
5 23 2.3215597
5 25 2000.0
6 31 0.19666423
6 17 1.2494414
7 30 0.8303694
7 20 54.619484
7 8 10.36323
7 37 60.207726
7 27 427.07388
7 16 1.2264836
7 11 356.3936
7 23 1.3735013
7 25 3.3351347
7 5 11.95644
8 0 2000.0
8 30 0.41730547
8 18 1.2239194
8 13 1.5640423
8 11 0.77638674
8 29 0.8293123
8 5 0.5318953
8 34 25.110195
8 2 1.3614174
8 37 0.9858472
8 7 10.36323
8 27 1.1999605
8 16 1.5122545
8 23 1.234331
8 25 2000.0
9 36 0.6182468
9 26 2000.0
9 28 1.8123168
9 10 27.100996
9 22 0.05581755
9 31 0.030242968
9 3 0.8135432
9 4 0.095989965
9 17 0.04502435
9 19 0.068226896
10 26 0.028636718
10 28 0.24453813
10 24 0.084218755
10 31 6.4406934
10 12 116.68404
10 9 27.100996
10 17 0.030521523
11 0 2000.0
11 30 0.7613738
11 8 0.77638674
11 18 3.953186
11 13 1.0271001
11 33 1.7496902
11 29 1.0929424
11 5 3.0207002
11 34 1.7402928
11 20 1.4291377
11 2 2.035399
11 37 1.5348132
11 7 356.3936
11 27 0.72008204
11 16 1.1728987
11 25 0.6392803
12 26 0.6185176
12 32 2.2967913
12 10 116.68404
12 24 0.07654578
12 21 0.28215554
12 3 0.052268308
12 1 36.363636
13 30 74.70127
13 0 1.375999
13 8 1.5640423
13 18 1731.4773
13 33 0.9528813
13 11 1.0271001
13 29 0.9205465
13 5 32.765076
13 34 100.0
13 20 4.0982447
13 2 0.55545455
13 14 6.218633
13 37 1.6739923
13 7 2000.0
13 27 0.51966494
13 16 34.445263
13 25 0.21805401
14 34 2000.0
14 30 12.562067
14 20 2.398196
14 13 6.218633
14 27 2.014773
14 33 0.43569577
14 11 2000.0
14 25 3.294687
15 32 0.07237358
15 21 10.647929
16 30 1.1364461
16 0 2000.0
16 8 1.5122545
16 18 1.0194942
16 13 34.445263
16 11 1.1728987
16 5 0.97532594
16 34 82.258125
16 20 30.237717
16 7 1.2264836
16 27 1.499885
16 23 1.9163731
16 25 1.011578
17 6 1.2494414
17 26 1.6130565
17 10 0.030521523
17 24 0.28308386
17 31 1.0018486
17 9 0.04502435
17 4 0.21250981
17 19 67.67581
18 0 2000.0
18 30 0.7214657
18 8 1.2239194
18 13 1731.4773
18 11 3.953186
18 29 2.438731
18 5 0.71225816
18 2 1.9651495
18 37 2.1369884
18 7 2000.0
18 27 28.0748
18 16 1.0194942
18 23 1.4142327
19 31 0.1042468
19 9 0.068226896
19 17 67.67581
19 4 0.06956954
20 30 2.1175737
20 13 4.0982447
20 33 1.0778533
20 11 1.4291377
20 29 12.017495
20 5 2.2069452
20 34 0.9147807
20 2 2.8910148
20 14 2.398196
20 37 1.4292471
20 7 54.619484
20 27 2.14758
20 16 30.237717
20 25 0.3919091
21 32 2000.0
21 10 2000.0
21 24 0.77490073
21 35 0.10458031
21 31 2000.0
21 12 0.28215554
21 15 10.647929
22 31 80.0
22 9 0.05581755
22 19 2000.0
23 0 2000.0
23 30 1.6074622
23 8 1.234331
23 2 11.664278
23 37 1.223471
23 18 1.4142327
23 7 1.3735013
23 16 1.9163731
23 11 2000.0
23 29 1.0865905
23 5 2.3215597
24 26 0.037667662
24 32 0.597626
24 10 0.084218755
24 21 0.77490073
24 12 0.07654578
24 3 266.6667
24 15 2000.0
24 17 0.28308386
25 0 12.801566
25 30 40.33132
25 13 0.21805401
25 33 0.72374946
25 11 0.6392803
25 29 1.753076
25 34 2.895523
25 20 0.3919091
25 2 0.65698195
25 14 3.294687
25 37 25.628908
25 7 3.3351347
25 27 0.26353487
25 16 1.011578
26 32 1190.7386
26 28 0.11424331
26 10 0.028636718
26 24 0.037667662
26 31 0.12235464
26 12 0.6185176
26 17 1.6130565
27 30 0.3795244
27 0 2000.0
27 8 1.1999605
27 18 28.0748
27 13 0.51966494
27 33 0.76898086
27 11 0.72008204
27 29 0.63295466
27 5 2.2661283
27 34 1.1223819
27 20 2.14758
27 2 0.8253421
27 14 2.014773
27 37 0.94052047
27 7 427.07388
27 16 1.499885
27 25 0.26353487
28 36 0.035511367
28 26 0.11424331
28 10 0.24453813
28 3 2.7319057
28 12 1211.9319
28 9 1.8123168
28 19 1392.0455
29 0 26.717989
29 30 1.0914795
29 8 0.8293123
29 18 2.438731
29 13 0.9205465
29 33 19.803446
29 11 1.0929424
29 5 1.6160775
29 34 4.0503182
29 20 12.017495
29 2 0.9700922
29 37 1.0541612
29 7 2000.0
29 27 0.63295466
29 16 2000.0
29 23 1.0865905
29 25 1.753076
30 8 0.41730547
30 18 0.7214657
30 13 74.70127
30 33 8.165584
30 11 0.7613738
30 29 1.0914795
30 5 0.55731183
30 34 0.92758185
30 20 2.1175737
30 2 17.734625
30 14 12.562067
30 37 9.679494
30 7 0.8303694
30 27 0.3795244
30 16 1.1364461
30 23 1.6074622
30 25 40.33132
31 26 0.12235464
31 6 0.19666423
31 10 6.4406934
31 35 69.079735
31 22 80.0
31 9 0.030242968
31 4 0.06799252
31 17 1.0018486
31 19 0.1042468
32 24 0.597626
32 12 2.2967913
32 15 0.07237358
33 30 8.165584
33 8 2000.0
33 13 0.9528813
33 11 1.7496902
33 29 19.803446
33 5 2000.0
33 34 2000.0
33 20 1.0778533
33 2 1.9051473
33 14 0.43569577
33 7 2000.0
33 27 0.76898086
33 16 3017.898
33 25 0.72374946
34 30 0.92758185
34 20 0.9147807
34 8 25.110195
34 37 2000.0
34 13 100.0
34 7 2000.0
34 27 1.1223819
34 16 82.258125
34 11 1.7402928
34 29 4.0503182
34 25 2.895523
34 5 2.3873355
35 21 0.10458031
35 31 69.079735
36 28 0.035511367
36 3 0.27736014
36 9 0.6182468
37 30 9.679494
37 0 1.4280897
37 8 0.9858472
37 18 2.1369884
37 13 1.6739923
37 11 1.5348132
37 29 1.0541612
37 5 8.63273
37 20 1.4292471
37 2 0.81231403
37 7 60.207726
37 27 0.94052047
37 16 2000.0
37 23 1.223471
37 25 25.628908
