0 8 8.412486
0 2 1.2701509
0 37 0.6813976
0 13 0.5841887
0 11 217.22273
0 29 13.636792
1 3 0.3348607
1 12 68.69481
2 30 13.630166
2 0 1.2701509
2 8 1.2253528
2 18 11.90694
2 13 0.3606929
2 33 1.5782207
2 11 0.68015236
2 29 1.1013976
2 20 1.8763517
2 37 1.0431534
2 27 0.6962762
2 16 2000.0
2 23 24.202616
2 25 1.5066068
3 36 0.22442698
3 28 0.119367234
3 24 160.0
3 12 0.060393736
3 1 0.3348607
3 9 0.26260453
4 31 0.06678065
4 9 0.07558681
4 17 0.1080941
4 19 0.08477086
5 30 0.5850116
5 8 0.622762
5 18 1.1859703
5 13 2000.0
5 11 5.2853675
5 29 2.694797
5 34 3.4405212
5 20 3.2544453
5 37 2000.0
5 7 14.800257
5 27 2.620288
5 16 1.9573529
5 23 5.174412
6 31 1.0696328
6 17 0.9489688
7 34 14.802285
7 30 0.8638851
7 20 1.7984468
7 8 20.531355
7 37 35.283974
7 27 110.93607
7 16 1.7770298
7 11 7.3485365
7 23 1.5111126
7 25 11.230519
7 5 14.800257
8 0 8.412486
8 30 0.64480066
8 18 1.1273606
8 13 4.2081876
8 11 0.6234777
8 29 0.9997356
8 5 0.622762
8 34 2.663026
8 2 1.2253528
8 37 0.85426044
8 7 20.531355
8 27 1.3482398
8 16 1.6157178
8 23 0.9886039
9 36 0.82366025
9 28 3.398027
9 10 2.3952892
9 22 0.8881053
9 31 0.03126863
9 3 0.26260453
9 17 0.049764898
9 4 0.07558681
9 19 0.07720753
10 26 0.030915128
10 28 0.17691621
10 24 0.04660007
10 31 0.04844072
10 12 21.435427
10 9 2.3952892
10 17 0.03939433
11 0 217.22273
11 30 0.37304336
11 8 0.6234777
11 18 4.203147
11 13 1.2836268
11 33 2.3788476
11 29 0.7159461
11 5 5.2853675
11 34 2.0646544
11 20 1.1185344
11 2 0.68015236
11 37 1.1602379
11 7 7.3485365
11 27 0.33762002
11 16 0.8209361
11 25 1.1135349
12 26 0.89752126
12 28 4.1515126
12 32 0.59025824
12 10 21.435427
12 24 0.07153717
12 21 0.06606475
12 3 0.060393736
12 1 68.69481
13 30 2.2667248
13 0 0.5841887
13 8 4.2081876
13 18 326.66666
13 33 1.0327495
13 11 1.2836268
13 29 0.97279114
13 34 9.342173
13 20 0.8582391
13 2 0.3606929
13 14 3.013305
13 37 1.0751467
13 27 0.49918407
13 16 82.048584
13 25 0.896023
14 20 1.0213518
14 13 3.013305
14 33 0.5715393
14 27 3.3144526
14 11 2000.0
14 25 1.8366202
15 32 0.076105125
15 21 0.6240655
16 0 2000.0
16 30 1.066364
16 8 1.6157178
16 18 0.91194916
16 13 82.048584
16 11 0.8209361
16 29 50.806664
16 5 1.9573529
16 20 13.306363
16 37 28.414633
16 7 1.7770298
16 27 1.412636
16 23 12.670006
16 25 1.9053718
17 26 1.7891394
17 6 0.9489688
17 10 0.03939433
17 24 0.2702805
17 31 1.205548
17 9 0.049764898
17 4 0.1080941
17 19 2.6545863
18 30 0.66956323
18 0 2000.0
18 8 1.1273606
18 13 326.66666
18 11 4.203147
18 29 1.1533237
18 5 1.1859703
18 2 11.90694
18 37 1.2335976
18 7 2000.0
18 27 5.081637
18 16 0.91194916
18 23 1.2505745
19 31 0.067268506
19 9 0.07720753
19 17 2.6545863
19 4 0.08477086
20 30 30.278044
20 13 0.8582391
20 33 2.561862
20 11 1.1185344
20 29 4.240326
20 5 3.2544453
20 34 0.8269937
20 2 1.8763517
20 14 1.0213518
20 37 3.7285337
20 7 1.7984468
20 27 0.9966255
20 16 13.306363
20 25 0.53420854
21 32 2000.0
21 24 0.6009295
21 35 0.05317418
21 12 0.06606475
21 15 0.6240655
22 6 1612.4432
22 31 1207.8978
22 9 0.8881053
22 19 1394.0342
23 0 2000.0
23 30 2.0126092
23 2 24.202616
23 8 0.9886039
23 37 1.1198717
23 18 1.2505745
23 7 1.5111126
23 16 12.670006
23 11 2000.0
23 29 6.3609967
23 5 5.174412
24 26 0.05070724
24 32 0.09030516
24 10 0.04660007
24 21 0.6009295
24 31 8.189039
24 12 0.07153717
24 3 160.0
24 15 2000.0
24 17 0.2702805
25 30 4.8829546
25 13 0.896023
25 33 0.5411683
25 11 1.1135349
25 29 4.9634624
25 34 1.6264788
25 20 0.53420854
25 2 1.5066068
25 14 1.8366202
25 37 58.832645
25 7 11.230519
25 27 0.9814687
25 16 1.9053718
26 36 1532.462
26 32 73.522156
26 28 0.041828338
26 10 0.030915128
26 24 0.05070724
26 31 0.079875365
26 12 0.89752126
26 17 1.7891394
27 0 2000.0
27 30 0.25213385
27 8 1.3482398
27 18 5.081637
27 13 0.49918407
27 33 1.204033
27 11 0.33762002
27 29 0.5267122
27 5 2.620288
27 34 0.99196434
27 20 0.9966255
27 2 0.6962762
27 14 3.3144526
27 37 0.57410437
27 7 110.93607
27 16 1.412636
27 25 0.9814687
28 36 0.03193732
28 26 0.041828338
28 10 0.17691621
28 3 0.119367234
28 12 4.1515126
28 9 3.398027
29 0 13.636792
29 30 2.474375
29 8 0.9997356
29 18 1.1533237
29 13 0.97279114
29 11 0.7159461
29 5 2.694797
29 34 1.9889603
29 20 4.240326
29 2 1.1013976
29 37 0.88851386
29 7 2000.0
29 27 0.5267122
29 16 50.806664
29 23 6.3609967
29 25 4.9634624
30 0 2000.0
30 8 0.64480066
30 18 0.66956323
30 13 2.2667248
30 33 2.1296613
30 11 0.37304336
30 29 2.474375
30 5 0.5850116
30 34 1.358427
30 20 30.278044
30 2 13.630166
30 37 3.6686366
30 7 0.8638851
30 27 0.25213385
30 16 1.066364
30 23 2.0126092
30 25 4.8829546
31 26 0.079875365
31 6 1.0696328
31 10 0.04844072
31 24 8.189039
31 9 0.03126863
31 17 1.205548
31 4 0.06678065
31 19 0.067268506
32 26 73.522156
32 24 0.09030516
32 12 0.59025824
32 15 0.076105125
33 30 2.1296613
33 8 2000.0
33 13 1.0327495
33 11 2.3788476
33 29 1421.591
33 5 2000.0
33 34 2000.0
33 20 2.561862
33 2 1.5782207
33 14 0.5715393
33 7 2000.0
33 27 1.204033
33 16 2000.0
33 25 0.5411683
34 30 1.358427
34 20 0.8269937
34 8 2.663026
34 13 9.342173
34 7 14.802285
34 27 0.99196434
34 16 5535.0566
34 11 2.0646544
34 25 1.6264788
34 29 1.9889603
34 5 3.4405212
35 21 0.05317418
36 26 1532.462
36 28 0.03193732
36 3 0.22442698
36 9 0.82366025
37 30 3.6686366
37 0 0.6813976
37 8 0.85426044
37 18 1.2335976
37 13 1.0751467
37 11 1.1602379
37 29 0.88851386
37 20 3.7285337
37 2 1.0431534
37 7 35.283974
37 27 0.57410437
37 16 28.414633
37 23 1.1198717
37 25 58.832645
