0 2 1.8558232
0 37 2.732521
0 13 1.2610166
0 29 37.328197
0 25 17.951876
1 3 0.7869135
1 12 13.062317
2 30 19.127447
2 0 1.8558232
2 8 1.1693577
2 18 2.8754637
2 13 0.38202712
2 33 2.1087124
2 11 0.8075322
2 29 1.0342664
2 20 1.7185315
2 37 0.82220495
2 27 0.72251654
2 16 2000.0
2 23 11.087339
2 25 0.48837215
3 36 0.65656966
3 28 5.2213597
3 24 2000.0
3 12 0.059182134
3 1 0.7869135
3 9 0.73471797
4 31 0.06655844
4 9 0.067289434
4 17 0.14021824
4 19 0.06769507
5 30 0.59416974
5 8 0.5288253
5 18 1.380791
5 13 41.343285
5 11 2.067792
5 29 3.335256
5 34 2.3157892
5 20 2.5945177
5 37 10.472598
5 7 9.635373
5 27 1.3838542
5 16 1.5127885
5 23 2.8122292
5 25 2000.0
6 31 0.16648842
6 17 2.0764916
7 34 150.0
7 30 0.90675163
7 20 65.37037
7 8 4.329338
7 37 88.888885
7 16 1.4270227
7 23 1.3606837
7 11 88.71443
7 25 4.4767604
7 29 900.00006
7 5 9.635373
8 0 2000.0
8 30 0.3274602
8 18 1.6860085
8 13 1.0123545
8 11 0.8870596
8 29 0.44049913
8 5 0.5288253
8 34 20.365946
8 2 1.1693577
8 37 1.5030134
8 7 4.329338
8 27 0.81249547
8 16 1.4172418
8 23 0.95561385
8 25 2000.0
9 36 0.5734402
9 26 2000.0
9 28 1.0038791
9 10 25.698233
9 22 0.05738637
9 31 0.02936508
9 3 0.73471797
9 12 2000.0
9 4 0.067289434
9 17 0.03112374
9 19 0.06499088
10 26 0.031138223
10 28 0.2507197
10 24 0.09368126
10 31 18.370129
10 12 1249.034
10 9 25.698233
10 17 0.03283369
11 0 2000.0
11 30 0.5805278
11 8 0.8870596
11 18 9.41011
11 13 1.0116822
11 33 1.8308382
11 29 0.8830742
11 5 2.067792
11 34 2.191759
11 20 1.3006654
11 2 0.8075322
11 37 1.592458
11 7 88.71443
11 27 0.6016118
11 16 1.7523307
11 25 0.3042218
12 26 2.923746
12 32 6.3304477
12 24 0.06502748
12 21 0.24396604
12 3 0.059182134
12 1 13.062317
13 30 90.741974
13 0 1.2610166
13 8 1.0123545
13 33 0.9548507
13 11 1.0116822
13 29 0.8398949
13 5 41.343285
13 34 2681.3635
13 20 0.9173586
13 2 0.38202712
13 14 6.138278
13 37 1.37835
13 7 2000.0
13 27 0.3747869
13 16 37.036976
13 25 0.56548494
14 30 6.681043
14 20 2.7634559
14 13 6.138278
14 27 2.5523481
14 33 0.7261462
14 11 2000.0
14 25 2.0050805
15 32 0.075977325
15 21 1.6487415
15 12 2000.0
16 30 1.1055025
16 0 2000.0
16 8 1.4172418
16 18 2.243724
16 13 37.036976
16 11 1.7523307
16 5 1.5127885
16 34 116.63258
16 20 25.74543
16 7 1.4270227
16 27 1.2860128
16 23 3.0705137
16 25 1.6758807
17 6 2.0764916
17 26 1.7213008
17 10 0.03283369
17 24 0.1567963
17 31 0.960201
17 9 0.03112374
17 4 0.14021824
17 19 145.91801
18 30 0.669478
18 0 2000.0
18 8 1.6860085
18 13 2265.0852
18 11 9.41011
18 29 1.3691595
18 5 1.380791
18 2 2.8754637
18 37 1.7692003
18 7 2000.0
18 27 22.32157
18 16 2.243724
18 23 1.6501195
19 31 0.0950354
19 9 0.06499088
19 4 0.06769507
19 17 145.91801
20 30 2.7162426
20 13 0.9173586
20 33 1.1246196
20 11 1.3006654
20 29 6.261539
20 5 2.5945177
20 34 0.96446764
20 2 1.7185315
20 14 2.7634559
20 37 3.1230025
20 7 65.37037
20 27 1.8282707
20 16 25.74543
20 25 0.37664175
21 26 2000.0
21 32 2000.0
21 24 1.1496177
21 35 0.031259317
21 12 0.24396604
21 15 1.6487415
22 31 111.16023
22 9 0.05738637
22 19 2000.0
23 0 2000.0
23 30 1.3132074
23 8 0.95561385
23 2 11.087339
23 37 1.3089132
23 18 1.6501195
23 7 1.3606837
23 16 3.0705137
23 11 2000.0
23 29 1.5978186
23 5 2.8122292
24 26 0.04707071
24 32 0.264908
24 10 0.09368126
24 21 1.1496177
24 12 0.06502748
24 17 0.1567963
25 30 16.122272
25 0 17.951876
25 13 0.56548494
25 33 0.6452806
25 11 0.3042218
25 29 2.7934086
25 34 2.6855528
25 20 0.37664175
25 2 0.48837215
25 14 2.0050805
25 37 42.753586
25 7 4.4767604
25 27 0.34308103
25 16 1.6758807
26 32 1374.9431
26 28 0.08119318
26 10 0.031138223
26 24 0.04707071
26 31 0.12665728
26 12 2.923746
26 17 1.7213008
27 30 0.18631336
27 0 2000.0
27 8 0.81249547
27 18 22.32157
27 13 0.3747869
27 33 0.83640105
27 11 0.6016118
27 29 0.6391874
27 5 1.3838542
27 34 1.0310364
27 20 1.8282707
27 2 0.72251654
27 14 2.5523481
27 37 0.9076633
27 7 2000.0
27 16 1.2860128
27 25 0.34308103
28 36 0.03275894
28 26 0.08119318
28 10 0.2507197
28 3 5.2213597
28 12 1202.2728
28 9 1.0038791
28 19 1315.2273
29 0 37.328197
29 30 1.9843318
29 8 0.44049913
29 18 1.3691595
29 13 0.8398949
29 33 45.975792
29 11 0.8830742
29 5 3.335256
29 34 2.6195765
29 20 6.261539
29 2 1.0342664
29 37 0.8338524
29 7 900.00006
29 27 0.6391874
29 16 2000.0
29 23 1.5978186
29 25 2.7934086
30 8 0.3274602
30 18 0.669478
30 13 90.741974
30 33 6.742506
30 11 0.5805278
30 29 1.9843318
30 5 0.59416974
30 34 0.9033982
30 20 2.7162426
30 2 19.127447
30 14 6.681043
30 37 13.200874
30 7 0.90675163
30 27 0.18631336
30 16 1.1055025
30 23 1.3132074
30 25 16.122272
31 26 0.12665728
31 6 0.16648842
31 10 18.370129
31 22 111.16023
31 9 0.02936508
31 4 0.06655844
31 17 0.960201
31 19 0.0950354
32 24 0.264908
32 12 6.3304477
32 15 0.075977325
33 34 2000.0
33 30 6.742506
33 20 1.1246196
33 2 2.1087124
33 14 0.7261462
33 7 2000.0
33 13 0.9548507
33 27 0.83640105
33 16 3017.898
33 11 1.8308382
33 29 45.975792
33 25 0.6452806
34 30 0.9033982
34 20 0.96446764
34 8 20.365946
34 37 2000.0
34 7 150.0
34 27 1.0310364
34 16 116.63258
34 11 2.191759
34 29 2.6195765
34 25 2.6855528
34 5 2.3157892
35 21 0.031259317
35 31 1102.5
36 28 0.03275894
36 3 0.65656966
36 9 0.5734402
37 30 13.200874
37 0 2.732521
37 8 1.5030134
37 18 1.7692003
37 13 1.37835
37 11 1.592458
37 29 0.8338524
37 5 10.472598
37 20 3.1230025
37 2 0.82220495
37 7 88.888885
37 27 0.9076633
37 16 2000.0
37 23 1.3089132
37 25 42.753586
