0 2 0.8719257
0 37 1.4184954
0 13 1.2887627
0 29 7.0369234
0 25 12.401467
1 3 0.9337648
1 12 23.679394
2 30 12.14244
2 0 0.8719257
2 8 1.6380752
2 18 1.6388
2 13 0.6896272
2 33 4.93902
2 11 1.8221918
2 29 1.0739877
2 20 3.565228
2 37 0.8388898
2 27 0.94933707
2 16 2000.0
2 23 5.456226
2 25 0.8849663
3 36 0.59582454
3 28 14.832501
3 24 2000.0
3 12 0.081818186
3 1 0.9337648
3 9 0.44850323
4 31 0.055584397
4 9 0.078791276
4 17 0.2531355
4 19 0.08012766
5 30 0.6061006
5 8 0.7941737
5 18 0.5661633
5 13 18.178154
5 11 1.5037483
5 29 1.5094342
5 34 6.2717733
5 20 1.6157345
5 37 17.082338
5 7 14.105018
5 27 1.8176539
5 16 1.3543664
5 23 2.8789732
5 25 2000.0
6 31 0.14403877
6 17 4.932595
7 34 1900.341
7 30 0.49987948
7 20 100.674
7 8 13.156723
7 16 0.933594
7 23 1.0414119
7 11 45.289772
7 25 1.6083151
7 5 14.105018
8 0 2000.0
8 30 0.67727274
8 18 1.0819583
8 13 1.5290548
8 11 1.0037173
8 29 0.35374826
8 5 0.7941737
8 34 34.27424
8 2 1.6380752
8 37 1.0035334
8 7 13.156723
8 27 1.2093977
8 16 1.7449424
8 23 1.3828429
8 25 2000.0
9 36 0.5711877
9 26 2000.0
9 28 1.3793732
9 10 92.59259
9 22 0.058061786
9 31 0.031992868
9 12 2000.0
9 3 0.44850323
9 4 0.078791276
9 17 0.032722473
9 19 0.06884146
10 26 0.03164406
10 28 0.22770378
10 24 0.09866828
10 31 27.967453
10 12 1293.409
10 9 92.59259
10 17 0.031610116
11 0 2000.0
11 30 0.869876
11 8 1.0037173
11 18 6.6445827
11 13 1.0155485
11 33 2.8043666
11 29 1.0657245
11 5 1.5037483
11 34 2.1259606
11 20 0.85944
11 2 1.8221918
11 37 1.6272044
11 7 45.289772
11 27 0.67442465
11 16 0.9547384
11 25 0.68232626
12 26 3.0994604
12 32 2.6028893
12 24 0.080609515
12 21 0.19677591
12 3 0.081818186
12 1 23.679394
12 15 2000.0
13 30 66.354164
13 0 1.2887627
13 8 1.5290548
13 18 135.55682
13 33 1.214635
13 11 1.0155485
13 29 0.9174702
13 5 18.178154
13 34 3477.2727
13 20 1.00325
13 2 0.6896272
13 14 5.324993
13 37 1.0670484
13 7 2000.0
13 27 0.3437052
13 16 57.94499
13 25 0.23021612
14 30 6.9666934
14 20 3.021617
14 13 5.324993
14 27 3.60831
14 33 0.41738868
14 11 2000.0
14 25 2.8081708
15 32 0.06967174
15 21 2.226575
16 0 2000.0
16 30 1.1034331
16 8 1.7449424
16 18 1.3199723
16 13 57.94499
16 11 0.9547384
16 5 1.3543664
16 34 65.75899
16 20 20.735806
16 7 0.933594
16 27 1.379507
16 23 2.3352423
16 25 1.2681754
17 6 4.932595
17 26 1.3516511
17 10 0.031610116
17 24 0.11027586
17 31 0.9735683
17 9 0.032722473
17 4 0.2531355
17 19 147.33144
18 0 2000.0
18 30 0.65877426
18 8 1.0819583
18 13 135.55682
18 11 6.6445827
18 29 0.858895
18 5 0.5661633
18 2 1.6388
18 37 2.7433655
18 7 2000.0
18 27 15.890683
18 16 1.3199723
18 23 1.2286445
19 22 85.71429
19 31 0.083765976
19 9 0.06884146
19 4 0.08012766
19 17 147.33144
20 0 2000.0
20 30 0.87372154
20 13 1.00325
20 33 1.4696312
20 11 0.85944
20 29 8.607916
20 5 1.6157345
20 34 1.0633175
20 2 3.565228
20 14 3.021617
20 37 3.9250007
20 7 100.674
20 27 1.0565795
20 16 20.735806
20 25 0.6440831
21 24 0.95205396
21 35 0.03209762
21 31 2000.0
21 12 0.19677591
21 15 2.226575
22 31 200.0
22 9 0.058061786
22 19 85.71429
23 0 2000.0
23 30 1.3723329
23 8 1.3828429
23 2 5.456226
23 37 1.9717698
23 18 1.2286445
23 7 1.0414119
23 16 2.3352423
23 11 2000.0
23 29 0.84765595
23 5 2.8789732
24 26 0.041853305
24 32 0.18861775
24 10 0.09866828
24 21 0.95205396
24 12 0.080609515
24 17 0.11027586
25 30 21.287199
25 0 12.401467
25 13 0.23021612
25 33 0.63256973
25 11 0.68232626
25 29 1.7489684
25 34 2.4648175
25 20 0.6440831
25 2 0.8849663
25 14 2.8081708
25 37 35.672295
25 7 1.6083151
25 27 0.21968986
25 16 1.2681754
26 32 13.430389
26 28 0.097809315
26 10 0.03164406
26 24 0.041853305
26 31 0.37556443
26 12 3.0994604
26 17 1.3516511
27 30 0.46825644
27 0 2000.0
27 8 1.2093977
27 18 15.890683
27 13 0.3437052
27 33 0.97385883
27 11 0.67442465
27 29 0.8097058
27 5 1.8176539
27 34 0.817876
27 20 1.0565795
27 2 0.94933707
27 14 3.60831
27 37 1.1632694
27 7 2000.0
27 16 1.379507
27 25 0.21968986
28 36 0.03527462
28 26 0.097809315
28 10 0.22770378
28 3 14.832501
28 12 1188.5227
28 9 1.3793732
28 19 1375.625
29 0 7.0369234
29 30 0.59238905
29 8 0.35374826
29 18 0.858895
29 13 0.9174702
29 33 3.9298027
29 11 1.0657245
29 5 1.5094342
29 34 2.379296
29 20 8.607916
29 2 1.0739877
29 37 0.8503818
29 27 0.8097058
29 16 2000.0
29 23 0.84765595
29 25 1.7489684
30 8 0.67727274
30 18 0.65877426
30 13 66.354164
30 33 8.106155
30 11 0.869876
30 29 0.59238905
30 5 0.6061006
30 34 0.8194456
30 20 0.87372154
30 2 12.14244
30 14 6.9666934
30 37 16.169611
30 7 0.49987948
30 27 0.46825644
30 16 1.1034331
30 23 1.3723329
30 25 21.287199
31 26 0.37556443
31 6 0.14403877
31 10 27.967453
31 22 200.0
31 9 0.031992868
31 4 0.055584397
31 17 0.9735683
31 19 0.083765976
32 26 13.430389
32 24 0.18861775
32 21 2000.0
32 12 2.6028893
32 15 0.06967174
33 34 2000.0
33 30 8.106155
33 20 1.4696312
33 2 4.93902
33 14 0.41738868
33 7 2000.0
33 13 1.214635
33 27 0.97385883
33 16 3017.898
33 11 2.8043666
33 29 3.9298027
33 25 0.63256973
34 30 0.8194456
34 20 1.0633175
34 8 34.27424
34 37 2000.0
34 7 1900.341
34 27 0.817876
34 16 65.75899
34 11 2.1259606
34 29 2.379296
34 25 2.4648175
34 5 6.2717733
35 21 0.03209762
35 31 1089.659
36 28 0.03527462
36 3 0.59582454
36 9 0.5711877
37 30 16.169611
37 0 1.4184954
37 8 1.0035334
37 18 2.7433655
37 13 1.0670484
37 11 1.6272044
37 29 0.8503818
37 5 17.082338
37 20 3.9250007
37 2 0.8388898
37 7 3187.1592
37 27 1.1632694
37 16 2000.0
37 23 1.9717698
37 25 35.672295
