0 8 8.810643
0 2 0.86799395
0 37 1.5407251
0 13 1.0175635
0 11 80.21726
0 29 27.07491
0 25 2000.0
1 3 0.31516865
1 12 1205.0
2 30 9.701375
2 0 0.86799395
2 8 1.058227
2 18 6.5604157
2 13 0.4179789
2 33 3.649596
2 11 1.0412416
2 29 1.0853237
2 20 4.5400825
2 37 0.7942301
2 27 0.51957995
2 23 49.8998
2 25 2.5337906
3 36 0.20862469
3 28 0.09158432
3 24 514.2857
3 12 0.06021345
3 1 0.31516865
3 9 0.24942683
4 31 0.06943058
4 9 0.08981811
4 17 0.09766771
4 19 0.0889765
5 30 0.7014223
5 8 0.6868677
5 18 0.44408706
5 13 2000.0
5 11 2.1382842
5 29 4.5086474
5 34 6.1399174
5 20 1.6001856
5 37 2000.0
5 7 11.711552
5 27 2.2875035
5 16 1.5142134
5 23 4.8101983
6 31 1.2072169
6 17 1.8379413
7 34 9.65677
7 30 0.9995245
7 20 2.1199195
7 8 29.091516
7 37 26.686836
7 27 31.638453
7 16 1.340811
7 11 2.9691188
7 23 1.3069525
7 25 6.1061854
7 5 11.711552
8 0 8.810643
8 30 0.5758258
8 18 1.0865201
8 13 2.5178416
8 11 1.0201534
8 29 0.5756129
8 5 0.6868677
8 34 4.351954
8 2 1.058227
8 37 2.0387075
8 7 29.091516
8 27 1.2803514
8 16 1.4131452
8 23 1.0500001
9 36 2.6100583
9 26 2000.0
9 28 1.9938653
9 10 4.5064836
9 22 0.35391954
9 31 0.030150896
9 3 0.24942683
9 17 0.086150825
9 4 0.08981811
9 19 0.06742465
10 26 0.034312684
10 28 0.3155792
10 24 0.06411007
10 31 0.031960227
10 12 8.968846
10 9 4.5064836
10 17 0.039831754
11 0 80.21726
11 30 0.57974136
11 8 1.0201534
11 18 6.5660534
11 13 0.5645477
11 33 2.0519588
11 29 0.72602946
11 5 2.1382842
11 34 3.1359484
11 20 1.0543965
11 2 1.0412416
11 37 1.6785938
11 7 2.9691188
11 27 0.42817825
11 16 0.9986743
11 25 1.1179503
12 26 0.465315
12 28 5.5938253
12 32 0.1530866
12 10 8.968846
12 24 0.08830493
12 21 0.0706096
12 3 0.06021345
13 30 0.89465314
13 0 1.0175635
13 8 2.5178416
13 18 119.04762
13 33 1.1561342
13 11 0.5645477
13 29 0.7217931
13 34 5.397059
13 20 1.1007692
13 2 0.4179789
13 14 2.4248536
13 37 3.103307
13 27 0.14075346
13 16 64.91998
13 25 0.45612374
14 20 0.9459769
14 13 2.4248536
14 33 0.3899394
14 27 3.142413
14 11 2000.0
14 25 2.3294618
15 32 0.07229881
15 21 1.5502361
16 0 2000.0
16 30 1.6248444
16 8 1.4131452
16 18 1.0906146
16 13 64.91998
16 11 0.9986743
16 29 2909.432
16 5 1.5142134
16 20 14.02738
16 37 4445.568
16 7 1.340811
16 27 2.2413826
16 23 6.5643554
16 25 2.2892714
17 26 4.0044494
17 6 1.8379413
17 10 0.039831754
17 24 0.388956
17 31 2.509603
17 9 0.086150825
17 4 0.09766771
17 19 4.3244433
18 30 0.9044271
18 2 6.5604157
18 8 1.0865201
18 37 1.2858906
18 13 119.04762
18 7 2000.0
18 27 3.2105615
18 16 1.0906146
18 23 1.742093
18 11 6.5660534
18 29 1.6582168
18 5 0.44408706
19 31 0.0660306
19 9 0.06742465
19 17 4.3244433
19 4 0.0889765
20 30 8.824294
20 13 1.1007692
20 33 0.87210655
20 11 1.0543965
20 29 1.9266335
20 5 1.6001856
20 34 0.81557673
20 2 4.5400825
20 14 0.9459769
20 37 7.4455748
20 7 2.1199195
20 27 0.72988135
20 16 14.02738
20 25 0.4315853
21 10 2000.0
21 24 0.1735749
21 35 0.04320063
21 12 0.0706096
21 15 1.5502361
22 6 1649.659
22 31 34.211113
22 9 0.35391954
22 19 1248.466
23 0 2000.0
23 30 1.6768385
23 2 49.8998
23 8 1.0500001
23 37 3.1934114
23 18 1.742093
23 7 1.3069525
23 16 6.5643554
23 11 2000.0
23 29 4.1322393
23 5 4.8101983
24 26 0.07689601
24 32 0.10476539
24 10 0.06411007
24 21 0.1735749
24 31 30.036772
24 12 0.08830493
24 3 514.2857
24 15 2000.0
24 17 0.388956
25 0 2000.0
25 30 4.448579
25 13 0.45612374
25 33 0.5748258
25 11 1.1179503
25 29 3.2581525
25 34 2.9505174
25 20 0.4315853
25 2 2.5337906
25 14 2.3294618
25 37 35.508118
25 7 6.1061854
25 27 0.60454476
25 16 2.2892714
26 32 135.87253
26 28 0.039583374
26 10 0.034312684
26 24 0.07689601
26 31 0.047315348
26 12 0.465315
26 17 4.0044494
27 0 2000.0
27 30 0.17699535
27 8 1.2803514
27 18 3.2105615
27 13 0.14075346
27 33 0.9944933
27 11 0.42817825
27 29 0.4057643
27 5 2.2875035
27 34 1.011568
27 20 0.72988135
27 2 0.51957995
27 14 3.142413
27 37 1.1288564
27 7 31.638453
27 16 2.2413826
27 25 0.60454476
28 36 0.04310945
28 26 0.039583374
28 10 0.3155792
28 3 0.09158432
28 12 5.5938253
28 9 1.9938653
29 0 27.07491
29 30 3.6001484
29 8 0.5756129
29 18 1.6582168
29 13 0.7217931
29 33 2000.0
29 11 0.72602946
29 5 4.5086474
29 34 5.3348684
29 20 1.9266335
29 2 1.0853237
29 37 1.099665
29 7 2000.0
29 27 0.4057643
29 23 4.1322393
29 25 3.2581525
30 0 2000.0
30 8 0.5758258
30 18 0.9044271
30 13 0.89465314
30 33 2.2110727
30 11 0.57974136
30 29 3.6001484
30 5 0.7014223
30 34 2.705769
30 20 8.824294
30 2 9.701375
30 14 2000.0
30 37 8.057198
30 7 0.9995245
30 27 0.17699535
30 16 1.6248444
30 23 1.6768385
30 25 4.448579
31 26 0.047315348
31 6 1.2072169
31 10 0.031960227
31 24 30.036772
31 22 34.211113
31 9 0.030150896
31 17 2.509603
31 4 0.06943058
31 19 0.0660306
32 26 135.87253
32 24 0.10476539
32 12 0.1530866
32 15 0.07229881
33 30 2.2110727
33 8 2000.0
33 13 1.1561342
33 11 2.0519588
33 29 2000.0
33 34 2000.0
33 20 0.87210655
33 2 3.649596
33 14 0.3899394
33 7 2000.0
33 27 0.9944933
33 16 2000.0
33 25 0.5748258
34 30 2.705769
34 20 0.81557673
34 8 4.351954
34 7 9.65677
34 13 5.397059
34 27 1.011568
34 16 2536.0227
34 11 3.1359484
34 25 2.9505174
34 29 5.3348684
34 5 6.1399174
35 21 0.04320063
36 26 2000.0
36 28 0.04310945
36 3 0.20862469
36 9 2.6100583
37 30 8.057198
37 0 1.5407251
37 8 2.0387075
37 18 1.2858906
37 13 3.103307
37 11 1.6785938
37 29 1.099665
37 20 7.4455748
37 2 0.7942301
37 7 26.686836
37 27 1.1288564
37 16 4445.568
37 23 3.1934114
37 25 35.508118
