0 2 0.8940186
0 37 2.3708818
0 13 0.9398929
0 29 58.421577
0 25 16.949268
1 3 1.4950628
1 12 44.444443
2 30 14.817127
2 0 0.8940186
2 8 1.330165
2 18 1.7726301
2 13 0.624658
2 33 3.2323847
2 11 1.6353006
2 29 1.2540282
2 20 3.6393192
2 37 0.79308397
2 27 1.4823556
2 16 2000.0
2 23 6.0749826
2 25 0.50189394
3 36 0.5344586
3 28 15.892043
3 24 156.52176
3 12 0.07039955
3 1 1.4950628
3 9 0.5492485
4 31 0.074430935
4 9 0.085250184
4 17 0.11416861
4 19 0.06768604
5 30 0.7082307
5 8 0.61096174
5 18 0.77532935
5 13 35.686428
5 11 4.676003
5 29 2.9875863
5 34 1.52321
5 20 2.6061852
5 37 9.979838
5 7 12.726247
5 27 1.2997229
5 16 1.3732792
5 23 6.9064646
5 25 2000.0
6 31 0.15270564
6 17 2.161932
7 30 0.79680276
7 20 39.287876
7 8 5.5765595
7 16 0.929892
7 23 1.6979251
7 11 220.05682
7 25 4.304974
7 5 12.726247
8 0 2000.0
8 30 0.4436967
8 18 1.1558497
8 13 0.9912262
8 11 0.8800501
8 29 0.24934055
8 5 0.61096174
8 34 66.559746
8 2 1.330165
8 37 0.92686737
8 7 5.5765595
8 27 0.7529284
8 16 1.8260754
8 23 1.1480595
8 25 2000.0
9 36 0.64507395
9 28 1.1292214
9 10 12.459281
9 22 0.038925752
9 31 0.027836328
9 12 2000.0
9 3 0.5492485
9 4 0.085250184
9 17 0.031505536
9 19 0.06270073
10 26 0.0286353
10 28 0.3999267
10 24 0.08367547
10 31 16.908188
10 12 1357.8977
10 9 12.459281
10 17 0.029556876
11 0 2000.0
11 30 0.736264
11 8 0.8800501
11 18 6.599746
11 13 0.9032873
11 33 1.6391413
11 29 0.94544506
11 5 4.676003
11 34 2.9291904
11 20 1.1703298
11 2 1.6353006
11 37 1.2875984
11 7 220.05682
11 27 0.63469934
11 16 1.1034633
11 25 0.5412736
12 26 0.47934264
12 32 4.892091
12 24 0.071598805
12 21 0.13582644
12 3 0.07039955
12 1 44.444443
13 30 50.402462
13 0 0.9398929
13 8 0.9912262
13 18 125.43899
13 33 1.0915518
13 11 0.9032873
13 29 0.8256108
13 5 35.686428
13 34 257.89474
13 20 0.791157
13 2 0.624658
13 14 9.268601
13 37 1.0070838
13 7 2000.0
13 27 0.4131901
13 16 59.146782
13 25 0.23573864
14 30 10.350779
14 20 1.9245167
14 13 9.268601
14 27 2.6033404
14 33 0.3260595
14 11 2000.0
14 25 1.9643917
15 32 0.072252244
15 24 2000.0
15 21 4.0352273
16 0 2000.0
16 30 1.0325723
16 8 1.8260754
16 18 1.212712
16 13 59.146782
16 11 1.1034633
16 5 1.3732792
16 34 107.35749
16 20 22.092558
16 7 0.929892
16 27 1.2441554
16 23 2.9196994
16 25 1.4613744
17 6 2.161932
17 26 1.427221
17 10 0.029556876
17 24 0.0954434
17 31 0.9215285
17 9 0.031505536
17 4 0.11416861
17 19 1600.1136
18 30 0.6899759
18 0 2000.0
18 8 1.1558497
18 13 125.43899
18 11 6.599746
18 29 1.3801807
18 5 0.77532935
18 2 1.7726301
18 37 1.7114655
18 7 2000.0
18 27 25.12673
18 16 1.212712
18 23 1.2120919
19 31 0.07679688
19 9 0.06270073
19 4 0.06768604
20 30 1.8748943
20 13 0.791157
20 33 1.0437458
20 11 1.1703298
20 29 15.664442
20 5 2.6061852
20 34 0.9416046
20 2 3.6393192
20 14 1.9245167
20 37 3.1047144
20 7 39.287876
20 27 1.1348486
20 16 22.092558
20 25 0.41787547
21 26 2000.0
21 32 2000.0
21 24 1.241664
21 35 0.033011068
21 31 400.0
21 12 0.13582644
21 15 4.0352273
22 31 80.0
22 9 0.038925752
22 19 2000.0
23 0 2000.0
23 30 2.2648199
23 8 1.1480595
23 2 6.0749826
23 37 1.3739469
23 18 1.2120919
23 7 1.6979251
23 16 2.9196994
23 11 2000.0
23 29 1.4495505
23 5 6.9064646
24 26 0.0766402
24 32 0.33102074
24 10 0.08367547
24 21 1.241664
24 12 0.071598805
24 3 156.52176
24 15 2000.0
24 17 0.0954434
25 0 16.949268
25 30 10.815394
25 13 0.23573864
25 33 0.5225925
25 11 0.5412736
25 29 2.1203494
25 34 2.4398832
25 20 0.41787547
25 2 0.50189394
25 14 1.9643917
25 37 46.995605
25 7 4.304974
25 27 0.24475686
25 16 1.4613744
26 32 45.900856
26 28 0.061125375
26 10 0.0286353
26 24 0.0766402
26 31 0.0894385
26 12 0.47934264
26 17 1.427221
27 30 0.18866426
27 0 2000.0
27 8 0.7529284
27 18 25.12673
27 13 0.4131901
27 33 0.8875107
27 11 0.63469934
27 29 1.1377709
27 5 1.2997229
27 34 1.0861394
27 20 1.1348486
27 2 1.4823556
27 14 2.6033404
27 37 0.8788723
27 7 2000.0
27 16 1.2441554
27 25 0.24475686
28 36 0.030068899
28 26 0.061125375
28 10 0.3999267
28 12 1208.409
28 3 15.892043
28 9 1.1292214
28 19 1361.8182
29 0 58.421577
29 30 1.5140923
29 8 0.24934055
29 18 1.3801807
29 13 0.8256108
29 33 19.112741
29 11 0.94544506
29 5 2.9875863
29 34 3.7101314
29 20 15.664442
29 2 1.2540282
29 37 0.6650373
29 7 2000.0
29 27 1.1377709
29 16 2000.0
29 23 1.4495505
29 25 2.1203494
30 8 0.4436967
30 18 0.6899759
30 13 50.402462
30 33 6.2409315
30 11 0.736264
30 29 1.5140923
30 5 0.7082307
30 34 1.0922679
30 20 1.8748943
30 2 14.817127
30 14 10.350779
30 37 11.829972
30 7 0.79680276
30 27 0.18866426
30 16 1.0325723
30 23 2.2648199
30 25 10.815394
31 26 0.0894385
31 6 0.15270564
31 10 16.908188
31 35 32.319008
31 22 80.0
31 21 400.0
31 9 0.027836328
31 4 0.074430935
31 17 0.9215285
31 19 0.07679688
32 26 45.900856
32 24 0.33102074
32 12 4.892091
32 15 0.072252244
33 30 6.2409315
33 8 2000.0
33 13 1.0915518
33 11 1.6391413
33 29 19.112741
33 5 2000.0
33 34 2000.0
33 20 1.0437458
33 2 3.2323847
33 14 0.3260595
33 7 2000.0
33 27 0.8875107
33 16 3017.898
33 25 0.5225925
34 30 1.0922679
34 20 0.9416046
34 8 66.559746
34 37 2000.0
34 7 2000.0
34 13 257.89474
34 27 1.0861394
34 16 107.35749
34 11 2.9291904
34 29 3.7101314
34 25 2.4398832
34 5 1.52321
35 21 0.033011068
35 31 32.319008
36 28 0.030068899
36 3 0.5344586
36 9 0.64507395
37 30 11.829972
37 0 2.3708818
37 8 0.92686737
37 18 1.7114655
37 13 1.0070838
37 11 1.2875984
37 29 0.6650373
37 5 9.979838
37 20 3.1047144
37 2 0.79308397
37 7 3740.7954
37 27 0.8788723
37 16 2000.0
37 23 1.3739469
37 25 46.995605
