0 8 8.340254
0 2 1.4565452
0 37 1.0808526
0 13 0.7889968
0 11 60.280025
0 25 2000.0
0 29 15.260137
1 3 0.25132576
1 12 1202.159
2 30 8.172302
2 0 1.4565452
2 8 1.0430608
2 18 6.6650786
2 13 0.2108635
2 33 1.7723635
2 11 0.6066657
2 29 1.1712828
2 20 2.0993862
2 37 0.8542663
2 27 0.45120123
2 23 26.102983
2 25 1.9150524
3 36 0.18513986
3 28 0.07422348
3 24 360.00003
3 12 0.051049564
3 1 0.25132576
3 9 0.22705078
4 31 0.079052866
4 9 0.05144677
4 17 0.09476981
4 19 0.07851557
5 30 0.5319696
5 8 0.6863151
5 18 0.37334627
5 13 2000.0
5 11 1.8634145
5 29 7.147809
5 34 1.7488406
5 20 3.2144313
5 37 2000.0
5 7 6.99856
5 27 2.7072766
5 16 2.286514
5 23 17.994701
6 31 1.2799911
6 17 1.9158709
7 34 10.179606
7 30 0.77883327
7 20 1.51295
7 8 51.027935
7 37 14.663316
7 27 50.0
7 16 1.0995271
7 11 13.013579
7 23 1.256093
7 25 5.1562057
7 5 6.99856
8 0 8.340254
8 30 0.33824465
8 18 0.8590351
8 13 2.1241665
8 11 2.453459
8 29 2.1491551
8 5 0.6863151
8 34 9.755946
8 2 1.0430608
8 37 1.1276966
8 7 51.027935
8 27 0.74309987
8 16 1.4330485
8 23 0.79865044
9 36 1.3674588
9 26 2000.0
9 28 0.9469697
9 10 4.4820576
9 22 0.28207478
9 31 0.028962588
9 3 0.22705078
9 17 0.042903524
9 4 0.05144677
9 19 0.079359174
10 26 0.031003831
10 28 0.14413327
10 24 0.042013284
10 31 0.049010266
10 12 5.524644
10 9 4.4820576
10 17 0.031164268
11 0 60.280025
11 30 0.31321418
11 8 2.453459
11 18 4.2823324
11 13 0.6854245
11 33 1.8076327
11 29 0.6386623
11 5 1.8634145
11 34 2.133383
11 20 0.8042109
11 2 0.6066657
11 37 1.6295549
11 7 13.013579
11 27 0.32474852
11 16 0.7330673
11 25 1.6497309
12 26 1.1862062
12 28 7.0517054
12 32 0.23888507
12 10 5.524644
12 24 0.08212074
12 21 0.071656115
12 3 0.051049564
13 30 0.6482761
13 0 0.7889968
13 8 2.1241665
13 18 225.00002
13 33 0.8481407
13 11 0.6854245
13 29 1.230327
13 5 2000.0
13 34 7.256927
13 20 0.703669
13 2 0.2108635
13 14 3.6631467
13 37 2.0557437
13 27 0.22938313
13 16 128.50137
13 25 0.7536244
14 20 1.0219717
14 13 3.6631467
14 33 0.43003246
14 27 3.1305597
14 11 2000.0
14 25 4.589913
15 32 0.07933122
15 21 1.2394271
16 0 2000.0
16 30 1.06759
16 8 1.4330485
16 18 1.1237193
16 13 128.50137
16 11 0.7330673
16 29 40.542175
16 5 2.286514
16 20 11.022238
16 37 27.646557
16 7 1.0995271
16 27 1.287843
16 23 10.84344
16 25 2.6801767
17 26 2.0042062
17 6 1.9158709
17 10 0.031164268
17 24 0.23278418
17 31 1.5929738
17 9 0.042903524
17 4 0.09476981
17 19 1.7427449
18 30 0.66123533
18 2 6.6650786
18 8 0.8590351
18 37 1.1891434
18 7 2000.0
18 13 225.00002
18 27 3.402055
18 16 1.1237193
18 23 1.1539587
18 11 4.2823324
18 29 0.9032751
18 5 0.37334627
19 31 0.081652045
19 9 0.079359174
19 17 1.7427449
19 4 0.07851557
20 30 7.782352
20 13 0.703669
20 33 1.7726607
20 11 0.8042109
20 29 8.092467
20 5 3.2144313
20 34 0.8211511
20 2 2.0993862
20 14 1.0219717
20 37 1.5573463
20 7 1.51295
20 27 0.3654808
20 16 11.022238
20 25 0.8265479
21 32 2000.0
21 10 2000.0
21 24 0.9826357
21 35 0.03365755
21 12 0.071656115
21 15 1.2394271
22 6 1591.9318
22 31 1168.0114
22 9 0.28207478
22 19 1330.5114
23 0 2000.0
23 30 2.1602852
23 2 26.102983
23 8 0.79865044
23 37 5.5291357
23 18 1.1539587
23 7 1.256093
23 16 10.84344
23 11 2000.0
23 29 1.3600324
23 5 17.994701
24 26 0.10895286
24 32 0.09941162
24 10 0.042013284
24 21 0.9826357
24 31 8.970906
24 12 0.08212074
24 3 360.00003
24 15 2000.0
24 17 0.23278418
25 30 7.3178782
25 13 0.7536244
25 33 0.38582388
25 11 1.6497309
25 29 1.2155502
25 34 2.9369345
25 20 0.8265479
25 2 1.9150524
25 14 4.589913
25 37 55.085087
25 7 5.1562057
25 27 0.8225621
25 16 2.6801767
26 36 240.00002
26 32 27.432104
26 28 0.030792676
26 10 0.031003831
26 24 0.10895286
26 31 0.08013858
26 12 1.1862062
26 17 2.0042062
27 0 2000.0
27 30 0.22655128
27 8 0.74309987
27 18 3.402055
27 13 0.22938313
27 33 0.7769739
27 11 0.32474852
27 29 0.6769034
27 5 2.7072766
27 34 0.8512365
27 20 0.3654808
27 2 0.45120123
27 14 3.1305597
27 37 0.70412326
27 7 50.0
27 16 1.287843
27 25 0.8225621
28 36 0.031534784
28 26 0.030792676
28 10 0.14413327
28 3 0.07422348
28 12 7.0517054
28 9 0.9469697
29 0 15.260137
29 30 2.1729293
29 8 2.1491551
29 18 0.9032751
29 13 1.230327
29 11 0.6386623
29 5 7.147809
29 34 13.030838
29 20 8.092467
29 2 1.1712828
29 37 0.8150435
29 7 2000.0
29 27 0.6769034
29 16 40.542175
29 23 1.3600324
29 25 1.2155502
30 0 2000.0
30 8 0.33824465
30 18 0.66123533
30 13 0.6482761
30 33 1.917127
30 11 0.31321418
30 29 2.1729293
30 5 0.5319696
30 34 1.3041962
30 20 7.782352
30 2 8.172302
30 14 2000.0
30 37 3.8914802
30 7 0.77883327
30 27 0.22655128
30 16 1.06759
30 23 2.1602852
30 25 7.3178782
31 26 0.08013858
31 6 1.2799911
31 10 0.049010266
31 24 8.970906
31 9 0.028962588
31 17 1.5929738
31 4 0.079052866
31 19 0.081652045
32 26 27.432104
32 24 0.09941162
32 12 0.23888507
32 15 0.07933122
33 30 1.917127
33 8 2000.0
33 13 0.8481407
33 11 1.8076327
33 29 2000.0
33 34 2000.0
33 20 1.7726607
33 2 1.7723635
33 14 0.43003246
33 7 2000.0
33 27 0.7769739
33 16 2000.0
33 25 0.38582388
34 30 1.3041962
34 20 0.8211511
34 8 9.755946
34 13 7.256927
34 7 10.179606
34 27 0.8512365
34 16 1215.0568
34 11 2.133383
34 25 2.9369345
34 29 13.030838
34 5 1.7488406
35 21 0.03365755
36 26 240.00002
36 28 0.031534784
36 3 0.18513986
36 9 1.3674588
37 30 3.8914802
37 0 1.0808526
37 8 1.1276966
37 18 1.1891434
37 13 2.0557437
37 11 1.6295549
37 29 0.8150435
37 20 1.5573463
37 2 0.8542663
37 7 14.663316
37 27 0.70412326
37 16 27.646557
37 23 5.5291357
37 25 55.085087
