0 8 11.007781
0 2 1.7015623
0 37 0.7736683
0 13 0.6261201
0 11 52.60479
0 29 11.133436
0 25 2000.0
1 3 0.29064393
1 12 1202.159
2 30 41.506195
2 0 1.7015623
2 8 1.652391
2 18 20.994108
2 13 0.39124998
2 33 2.5122983
2 11 1.1773978
2 29 1.4531116
2 20 7.2478924
2 37 0.8877086
2 27 0.69612604
2 23 61.918858
2 25 1.3872544
3 36 0.3540034
3 28 0.12573864
3 24 2000.0
3 12 0.05916874
3 1 0.29064393
3 9 0.33442935
4 31 0.07910794
4 9 0.089006424
4 17 0.08655581
4 19 0.0805502
5 30 0.8439841
5 8 0.8426363
5 18 0.60759306
5 13 2000.0
5 11 3.9297318
5 29 4.9884706
5 34 3.9902916
5 20 2.743039
5 37 2000.0
5 7 4.952885
5 27 1.4068278
5 16 1.0326178
5 23 6.0622096
6 31 0.9434521
6 17 1.6346592
7 34 19.961395
7 30 0.8955613
7 20 1.8589754
7 8 24.927675
7 37 18.147367
7 16 1.52844
7 11 14.715059
7 23 1.1637632
7 25 13.726925
7 5 4.952885
8 0 11.007781
8 30 1.0517504
8 18 0.94489825
8 13 16.330994
8 11 0.9335391
8 29 0.57592267
8 5 0.8426363
8 34 2.9566526
8 2 1.652391
8 37 1.2389425
8 7 24.927675
8 27 1.9624171
8 16 1.6317245
8 23 1.3287513
9 36 1.7538619
9 26 2000.0
9 28 0.5698754
9 10 2.8898504
9 22 0.63228637
9 31 0.028016338
9 3 0.33442935
9 12 2000.0
9 17 0.043857347
9 4 0.089006424
9 19 0.071309686
10 26 0.032153506
10 28 0.1466301
10 24 0.041602086
10 31 0.049725376
10 12 17.005495
10 9 2.8898504
10 17 0.03291729
11 0 52.60479
11 30 0.5347053
11 8 0.9335391
11 18 5.55548
11 13 0.7167201
11 33 3.1177053
11 29 0.8711032
11 5 3.9297318
11 34 2.4067612
11 20 1.6322852
11 2 1.1773978
11 37 1.4588219
11 7 14.715059
11 27 0.51508844
11 16 0.6193835
11 25 0.79935247
12 26 1.047559
12 28 5.5397224
12 32 0.3023631
12 10 17.005495
12 24 0.0687579
12 21 0.07343123
12 3 0.05916874
13 30 3.7075722
13 0 0.6261201
13 8 16.330994
13 18 2000.0
13 33 1.1925551
13 11 0.7167201
13 29 0.9007064
13 34 23.10192
13 20 0.81636286
13 2 0.39124998
13 14 3.288932
13 37 2.1409597
13 27 0.29176083
13 16 2364.8862
13 25 0.6860243
14 20 1.2361132
14 13 3.288932
14 33 0.51272726
14 27 2.9513087
14 11 2000.0
14 25 2.220041
15 32 0.06957419
15 21 1.6342173
16 0 2000.0
16 30 1.1203965
16 8 1.6317245
16 18 0.9792495
16 11 0.6193835
16 29 105.44303
16 5 1.0326178
16 20 3.2091165
16 37 104.96104
16 7 1.52844
16 27 1.5718144
16 23 9.659969
16 25 0.80936223
17 26 1.8816192
17 6 1.6346592
17 10 0.03291729
17 24 0.18136251
17 31 1.2700046
17 9 0.043857347
17 4 0.08655581
17 19 3.0681434
18 30 0.7389401
18 2 20.994108
18 8 0.94489825
18 37 2.4657822
18 7 2000.0
18 13 2000.0
18 27 3.8190348
18 16 0.9792495
18 23 1.4993321
18 11 5.55548
18 29 1.393259
18 5 0.60759306
19 31 0.08336286
19 9 0.071309686
19 17 3.0681434
19 4 0.0805502
20 30 7.769044
20 13 0.81636286
20 33 1.2180537
20 11 1.6322852
20 29 3.6407833
20 5 2.743039
20 34 0.8512175
20 2 7.2478924
20 14 1.2361132
20 37 2.7781355
20 7 1.8589754
20 27 1.018765
20 16 3.2091165
20 25 0.3002882
21 24 0.2508122
21 35 0.046289507
21 12 0.07343123
21 15 1.6342173
22 6 1586.9319
22 31 1244.1478
22 9 0.63228637
22 19 1329.4886
23 0 2000.0
23 30 1.3083662
23 2 61.918858
23 8 1.3287513
23 37 1.5040634
23 18 1.4993321
23 7 1.1637632
23 16 9.659969
23 11 2000.0
23 29 2.8679168
23 5 6.0622096
24 26 0.060343012
24 32 0.11941864
24 10 0.041602086
24 21 0.2508122
24 31 9.305236
24 12 0.0687579
24 15 2000.0
24 17 0.18136251
25 30 2.6453264
25 0 2000.0
25 13 0.6860243
25 33 0.5974357
25 11 0.79935247
25 29 3.4525702
25 34 1.2753215
25 20 0.3002882
25 2 1.3872544
25 14 2.220041
25 7 13.726925
25 27 0.7059477
25 16 0.80936223
26 32 72.58069
26 28 0.030745968
26 10 0.032153506
26 24 0.060343012
26 31 0.07918914
26 12 1.047559
26 17 1.8816192
27 0 2000.0
27 30 0.21398777
27 8 1.9624171
27 18 3.8190348
27 13 0.29176083
27 33 1.6138047
27 11 0.51508844
27 29 0.6543181
27 5 1.4068278
27 34 0.9644495
27 20 1.018765
27 2 0.69612604
27 14 2.9513087
27 37 0.82990223
27 7 3402.8408
27 16 1.5718144
27 25 0.7059477
28 36 0.030481176
28 26 0.030745968
28 10 0.1466301
28 3 0.12573864
28 12 5.5397224
28 9 0.5698754
29 0 11.133436
29 30 2.5719757
29 8 0.57592267
29 18 1.393259
29 13 0.9007064
29 11 0.8711032
29 5 4.9884706
29 34 4.547041
29 20 3.6407833
29 2 1.4531116
29 37 0.7019374
29 7 2000.0
29 27 0.6543181
29 16 105.44303
29 23 2.8679168
29 25 3.4525702
30 0 2000.0
30 8 1.0517504
30 18 0.7389401
30 13 3.7075722
30 33 5.716268
30 11 0.5347053
30 29 2.5719757
30 5 0.8439841
30 34 1.9307076
30 20 7.769044
30 2 41.506195
30 37 3.2916343
30 7 0.8955613
30 27 0.21398777
30 16 1.1203965
30 23 1.3083662
30 25 2.6453264
31 26 0.07918914
31 6 0.9434521
31 10 0.049725376
31 24 9.305236
31 9 0.028016338
31 17 1.2700046
31 4 0.07910794
31 19 0.08336286
32 26 72.58069
32 24 0.11941864
32 12 0.3023631
32 15 0.06957419
33 30 5.716268
33 13 1.1925551
33 11 3.1177053
33 29 2000.0
33 5 2000.0
33 34 2000.0
33 20 1.2180537
33 2 2.5122983
33 14 0.51272726
33 7 2000.0
33 27 1.6138047
33 16 2000.0
33 25 0.5974357
34 30 1.9307076
34 20 0.8512175
34 8 2.9566526
34 13 23.10192
34 7 19.961395
34 27 0.9644495
34 16 1215.0568
34 11 2.4067612
34 25 1.2753215
34 29 4.547041
34 5 3.9902916
35 21 0.046289507
36 26 1204.4886
36 28 0.030481176
36 3 0.3540034
36 9 1.7538619
37 30 3.2916343
37 0 0.7736683
37 8 1.2389425
37 18 2.4657822
37 13 2.1409597
37 11 1.4588219
37 29 0.7019374
37 20 2.7781355
37 2 0.8877086
37 7 18.147367
37 27 0.82990223
37 16 104.96104
37 23 1.5040634
37 25 1637.5
