0 8 19.58699
0 2 0.5143398
0 37 2.3201532
0 13 0.51440656
0 29 5.0334225
1 3 0.2966725
1 12 37.01826
2 30 37.54503
2 0 0.5143398
2 8 2.7287176
2 18 12.1354065
2 13 0.80685866
2 33 3.3088007
2 11 3.1066048
2 29 0.985472
2 20 10.756237
2 37 1.3652811
2 27 3.1458807
2 23 60.000004
2 25 3.0411031
3 36 0.22940463
3 28 0.09700613
3 24 100.0
3 12 0.06049289
3 1 0.2966725
3 9 0.40345493
4 31 0.0711727
4 9 0.06542017
4 17 0.07106914
4 19 0.08279158
5 30 0.7680259
5 8 1.3945868
5 18 1.1443825
5 13 150.0
5 11 4.028089
5 29 4.062999
5 34 4.2784534
5 20 6.6482844
5 37 2000.0
5 7 8.189216
5 27 6.073928
5 16 1.9727741
5 23 8.28547
6 22 266.6667
6 31 1.3639216
6 17 1.191977
7 34 13.011712
7 30 1.0292581
7 20 6.244267
7 8 34.013607
7 37 50.112785
7 27 100.0
7 16 1.6930887
7 11 33.912632
7 23 1.8755873
7 25 5.4820123
7 5 8.189216
8 0 19.58699
8 30 0.6542895
8 18 1.6484355
8 13 6.675732
8 11 4.433655
8 29 1.1710228
8 5 1.3945868
8 34 11.097477
8 2 2.7287176
8 37 1.3793133
8 7 34.013607
8 27 2.875865
8 16 1.846808
8 23 1.3665264
9 36 1.3737929
9 26 2000.0
9 28 2.481531
9 10 10.842526
9 22 0.6132616
9 31 0.034312624
9 3 0.40345493
9 17 0.052895896
9 4 0.06542017
9 19 0.068639524
10 26 0.04672853
10 28 0.90727764
10 24 0.065891095
10 31 0.03072764
10 12 2.587944
10 9 10.842526
10 17 0.030386165
11 0 2000.0
11 30 0.90346473
11 8 4.433655
11 18 13.976405
11 13 1.0171921
11 33 6.345344
11 29 2.6184576
11 5 4.028089
11 34 4.128804
11 20 2.2759528
11 2 3.1066048
11 37 2.2018876
11 7 33.912632
11 27 1.1689522
11 16 1.3537717
11 25 2.3385255
12 26 0.33577678
12 28 4.813182
12 32 0.37214705
12 10 2.587944
12 24 0.08303277
12 21 0.070820585
12 3 0.06049289
12 1 37.01826
13 30 14.918802
13 0 0.51440656
13 8 6.675732
13 18 349.99997
13 33 0.94481754
13 11 1.0171921
13 29 3.6442828
13 5 150.0
13 34 22.641304
13 20 0.9593115
13 2 0.80685866
13 14 3.5365002
13 37 2.869314
13 27 0.2883763
13 16 321.1383
13 25 0.7411923
14 20 2.3381748
14 13 3.5365002
14 33 0.90028405
14 27 4.006346
14 11 2000.0
14 25 2.3206975
15 32 0.07124392
15 21 8.706944
16 0 2000.0
16 30 1.1564299
16 8 1.846808
16 18 1.0788751
16 13 321.1383
16 11 1.3537717
16 29 223.89404
16 5 1.9727741
16 20 7.8811374
16 37 37.534946
16 7 1.6930887
16 27 1.5129439
16 23 4.7969503
16 25 1.3925419
17 26 1.9069427
17 6 1.191977
17 10 0.030386165
17 24 0.24684346
17 31 1.1565465
17 9 0.052895896
17 4 0.07106914
17 19 2.390265
18 30 1.1244318
18 2 12.1354065
18 8 1.6484355
18 37 1.8997545
18 7 2000.0
18 13 349.99997
18 27 3.6460993
18 16 1.0788751
18 23 2.5572667
18 11 13.976405
18 29 2.6809723
18 5 1.1443825
19 31 0.06974749
19 9 0.068639524
19 17 2.390265
19 4 0.08279158
20 0 2000.0
20 30 36.20655
20 13 0.9593115
20 33 2.8448303
20 11 2.2759528
20 29 4.638014
20 5 6.6482844
20 34 1.2377583
20 2 10.756237
20 14 2.3381748
20 37 4.622629
20 7 6.244267
20 27 2.7122579
20 16 7.8811374
20 25 1.1248648
21 32 2000.0
21 10 2000.0
21 24 0.08565704
21 35 0.040975135
21 12 0.070820585
21 15 8.706944
22 6 266.6667
22 31 1121.8182
22 9 0.6132616
22 19 1594.4319
23 0 2000.0
23 30 1.6309543
23 2 60.000004
23 8 1.3665264
23 37 2.57488
23 18 2.5572667
23 7 1.8755873
23 16 4.7969503
23 11 2000.0
23 29 7.1209283
23 5 8.28547
24 26 0.076782316
24 32 0.08445109
24 10 0.065891095
24 21 0.08565704
24 31 13.377647
24 12 0.08303277
24 3 100.0
24 15 2000.0
24 17 0.24684346
25 0 2000.0
25 30 1.7158532
25 13 0.7411923
25 33 1.18154
25 11 2.3385255
25 29 5.087013
25 34 5.5964723
25 20 1.1248648
25 2 3.0411031
25 14 2.3206975
25 37 43.855503
25 7 5.4820123
25 27 1.0425951
25 16 1.3925419
26 32 27.818184
26 28 0.04281117
26 10 0.04672853
26 24 0.076782316
26 31 0.07404993
26 12 0.33577678
26 17 1.9069427
27 0 2000.0
27 30 0.18153998
27 8 2.875865
27 18 3.6460993
27 13 0.2883763
27 33 1.3431119
27 11 1.1689522
27 29 0.5505383
27 5 6.073928
27 34 2.6172907
27 20 2.7122579
27 2 3.1458807
27 14 4.006346
27 37 3.9104483
27 7 100.0
27 16 1.5129439
27 25 1.0425951
28 36 0.04121647
28 26 0.04281117
28 10 0.90727764
28 3 0.09700613
28 12 4.813182
28 9 2.481531
29 0 5.0334225
29 30 5.7916603
29 8 1.1710228
29 18 2.6809723
29 13 3.6442828
29 11 2.6184576
29 5 4.062999
29 34 11.824314
29 20 4.638014
29 2 0.985472
29 37 0.89348924
29 7 2000.0
29 27 0.5505383
29 16 223.89404
29 23 7.1209283
29 25 5.087013
30 0 2000.0
30 8 0.6542895
30 18 1.1244318
30 13 14.918802
30 33 1.8693941
30 11 0.90346473
30 29 5.7916603
30 5 0.7680259
30 34 8.085785
30 20 36.20655
30 2 37.54503
30 14 2000.0
30 37 9.913743
30 7 1.0292581
30 27 0.18153998
30 16 1.1564299
30 23 1.6309543
30 25 1.7158532
31 26 0.07404993
31 6 1.3639216
31 10 0.03072764
31 24 13.377647
31 9 0.034312624
31 17 1.1565465
31 4 0.0711727
31 19 0.06974749
32 26 27.818184
32 24 0.08445109
32 12 0.37214705
32 15 0.07124392
33 30 1.8693941
33 13 0.94481754
33 11 6.345344
33 29 2382.1023
33 5 2000.0
33 34 2000.0
33 20 2.8448303
33 2 3.3088007
33 14 0.90028405
33 7 2000.0
33 27 1.3431119
33 16 2000.0
33 25 1.18154
34 30 8.085785
34 20 1.2377583
34 8 11.097477
34 7 13.011712
34 13 22.641304
34 27 2.6172907
34 16 2536.0227
34 11 4.128804
34 25 5.5964723
34 29 11.824314
34 5 4.2784534
35 21 0.040975135
36 26 2000.0
36 28 0.04121647
36 3 0.22940463
36 9 1.3737929
37 30 9.913743
37 0 2.3201532
37 8 1.3793133
37 18 1.8997545
37 13 2.869314
37 11 2.2018876
37 29 0.89348924
37 20 4.622629
37 2 1.3652811
37 7 50.112785
37 27 3.9104483
37 16 37.534946
37 23 2.57488
37 25 43.855503
