0 8 5.7794237
0 2 1.3418856
0 37 0.7161295
0 13 0.894055
0 11 152.38095
0 29 14.693877
1 3 0.20798647
1 12 1202.159
2 30 13.300309
2 0 1.3418856
2 8 1.1555746
2 18 26.574957
2 13 0.39033413
2 33 2.7055168
2 11 0.97779506
2 29 0.8994414
2 20 3.1231077
2 37 2.039847
2 27 0.39790943
2 23 25.935604
2 25 1.1741498
3 36 0.25920385
3 28 0.06708211
3 24 2000.0
3 12 0.05004269
3 1 0.20798647
3 9 0.7344561
4 31 0.0819011
4 9 0.07408183
4 17 0.098450474
4 19 0.099879816
5 30 1.5540017
5 8 0.65243506
5 18 0.49848074
5 13 402.91916
5 11 3.5923467
5 29 2.6168084
5 34 2.027641
5 20 3.2012587
5 37 2000.0
5 7 5.5016947
5 27 3.9549806
5 16 1.5615216
5 23 5.1544943
6 22 60.755684
6 31 0.7825592
6 17 1.02226
7 34 7.5426145
7 30 0.8928086
7 20 1.2597615
7 8 23.490625
7 37 12.282565
7 27 82.23811
7 16 1.191112
7 11 5.972386
7 23 1.1450422
7 25 7.850161
7 5 5.5016947
8 0 5.7794237
8 30 0.57468057
8 18 0.7315002
8 13 2.5861304
8 11 0.5188932
8 29 0.61075693
8 5 0.65243506
8 34 1.9603724
8 2 1.1555746
8 37 0.8659345
8 7 23.490625
8 27 0.9399779
8 16 1.4848435
8 23 1.2757093
9 36 2.3255775
9 26 2000.0
9 28 1.9232955
9 10 5.1870065
9 22 0.22223428
9 31 0.031684175
9 3 0.7344561
9 17 0.043016866
9 4 0.07408183
9 19 0.07258966
10 26 0.030082304
10 28 0.14972302
10 24 0.03684163
10 31 0.08274268
10 12 7.202367
10 9 5.1870065
10 17 0.029124204
11 0 152.38095
11 30 0.546316
11 8 0.5188932
11 18 6.4676275
11 13 1.0505747
11 33 2.264788
11 29 1.0865008
11 5 3.5923467
11 34 2.1190088
11 20 0.7423697
11 2 0.97779506
11 37 1.7537748
11 7 5.972386
11 27 0.5564516
11 16 1.3834196
11 25 0.9831129
12 26 2.0811324
12 28 4.841856
12 32 0.2645217
12 10 7.202367
12 24 0.08754802
12 21 0.07205316
12 3 0.05004269
13 30 1.176258
13 0 0.894055
13 8 2.5861304
13 18 200.0
13 33 0.85030705
13 11 1.0505747
13 29 0.78657365
13 5 402.91916
13 34 7.4032803
13 20 0.440912
13 2 0.39033413
13 14 2.8814783
13 37 2.3323383
13 27 0.21596475
13 16 315.48676
13 25 0.51679295
14 20 1.903014
14 13 2.8814783
14 27 1.5314811
14 33 0.44415507
14 11 2000.0
14 25 1.6358287
15 32 0.07343151
15 21 0.86289185
16 0 2000.0
16 30 2.0022247
16 8 1.4848435
16 18 0.981342
16 13 315.48676
16 11 1.3834196
16 29 50.119057
16 5 1.5615216
16 20 5.7021313
16 37 36.84405
16 7 1.191112
16 27 2.4014
16 23 10.016335
16 25 1.9672749
17 26 1.9266565
17 6 1.02226
17 10 0.029124204
17 24 0.13041833
17 31 2.5113358
17 9 0.043016866
17 4 0.098450474
17 19 3.4525528
18 30 0.7240265
18 0 2000.0
18 8 0.7315002
18 13 200.0
18 11 6.4676275
18 29 0.70907164
18 5 0.49848074
18 2 26.574957
18 37 1.2128356
18 7 2000.0
18 27 4.339022
18 16 0.981342
18 23 1.1967182
19 31 0.08910374
19 9 0.07258966
19 17 3.4525528
19 4 0.099879816
20 30 15.456809
20 13 0.440912
20 33 1.5246819
20 11 0.7423697
20 29 2.4774232
20 5 3.2012587
20 34 0.82001805
20 2 3.1231077
20 14 1.903014
20 37 2.3228953
20 7 1.2597615
20 27 0.47725016
20 16 5.7021313
20 25 0.59510434
21 26 2000.0
21 32 2000.0
21 24 0.67032856
21 35 0.045838524
21 12 0.07205316
21 15 0.86289185
22 6 60.755684
22 31 160.0
22 9 0.22223428
22 19 1374.2045
23 0 2000.0
23 30 0.9780102
23 2 25.935604
23 8 1.2757093
23 37 1.1321223
23 18 1.1967182
23 7 1.1450422
23 16 10.016335
23 11 2000.0
23 29 2.1523602
23 5 5.1544943
24 26 0.0825943
24 32 0.09977767
24 10 0.03684163
24 21 0.67032856
24 31 3.1763377
24 12 0.08754802
24 15 2000.0
24 17 0.13041833
25 30 1.2878813
25 13 0.51679295
25 33 0.94492507
25 11 0.9831129
25 29 2.1908967
25 34 1.3731991
25 20 0.59510434
25 2 1.1741498
25 14 1.6358287
25 37 196.73978
25 7 7.850161
25 27 0.5963439
25 16 1.9672749
26 36 129.45738
26 32 23.12518
26 28 0.088303015
26 10 0.030082304
26 24 0.0825943
26 31 0.07246646
26 12 2.0811324
26 17 1.9266565
27 0 2000.0
27 30 0.16456479
27 8 0.9399779
27 18 4.339022
27 13 0.21596475
27 33 1.0237923
27 11 0.5564516
27 29 0.45456293
27 5 3.9549806
27 34 1.108094
27 20 0.47725016
27 2 0.39790943
27 14 1.5314811
27 37 1.140899
27 7 82.23811
27 16 2.4014
27 25 0.5963439
28 36 0.047290828
28 26 0.088303015
28 10 0.14972302
28 3 0.06708211
28 12 4.841856
28 9 1.9232955
29 0 14.693877
29 30 3.9925888
29 8 0.61075693
29 18 0.70907164
29 13 0.78657365
29 11 1.0865008
29 5 2.6168084
29 34 3.2628362
29 20 2.4774232
29 2 0.8994414
29 37 1.1350715
29 7 2000.0
29 27 0.45456293
29 16 50.119057
29 23 2.1523602
29 25 2.1908967
30 0 2000.0
30 8 0.57468057
30 18 0.7240265
30 13 1.176258
30 33 2.7155166
30 11 0.546316
30 29 3.9925888
30 5 1.5540017
30 34 1.0447114
30 20 15.456809
30 2 13.300309
30 37 6.9830327
30 7 0.8928086
30 27 0.16456479
30 16 2.0022247
30 23 0.9780102
30 25 1.2878813
31 26 0.07246646
31 6 0.7825592
31 10 0.08274268
31 24 3.1763377
31 22 160.0
31 9 0.031684175
31 17 2.5113358
31 4 0.0819011
31 19 0.08910374
32 26 23.12518
32 24 0.09977767
32 12 0.2645217
32 15 0.07343151
33 30 2.7155166
33 13 0.85030705
33 11 2.264788
33 29 5879.375
33 5 2000.0
33 34 2000.0
33 20 1.5246819
33 2 2.7055168
33 14 0.44415507
33 7 2000.0
33 27 1.0237923
33 16 2000.0
33 25 0.94492507
34 30 1.0447114
34 20 0.82001805
34 8 1.9603724
34 13 7.4032803
34 7 7.5426145
34 27 1.108094
34 16 1215.0568
34 11 2.1190088
34 25 1.3731991
34 29 3.2628362
34 5 2.027641
35 21 0.045838524
36 26 129.45738
36 28 0.047290828
36 3 0.25920385
36 9 2.3255775
37 30 6.9830327
37 0 0.7161295
37 8 0.8659345
37 18 1.2128356
37 13 2.3323383
37 11 1.7537748
37 29 1.1350715
37 20 2.3228953
37 2 2.039847
37 7 12.282565
37 27 1.140899
37 16 36.84405
37 23 1.1321223
37 25 196.73978
