0 8 14.100737
0 2 1.0171597
0 37 1.1630671
0 13 0.9736621
0 11 105.1293
0 25 600.0
0 29 18.800865
1 3 0.30758798
1 12 1144.659
2 30 31.20606
2 0 1.0171597
2 8 1.3576978
2 18 14.144562
2 13 0.41448864
2 33 2.807333
2 11 1.282859
2 29 0.9609325
2 20 2.300014
2 37 1.068963
2 27 1.217597
2 16 2000.0
2 23 69.230774
2 25 1.5975161
3 36 0.18587793
3 28 0.08452831
3 24 2000.0
3 12 0.06518593
3 1 0.30758798
3 9 0.1944605
4 31 0.10031099
4 9 0.06863992
4 17 0.118690774
4 19 0.09265288
5 30 0.84401506
5 8 0.7269971
5 18 0.5363387
5 13 2000.0
5 11 2.6080263
5 29 2.1313953
5 34 9.456516
5 20 2.2738636
5 37 2000.0
5 7 5.0052047
5 27 2.1645746
5 16 1.2335227
5 23 4.329401
6 31 1.9180235
6 17 1.714798
7 34 7.142374
7 30 1.0737487
7 20 1.7052925
7 8 26.016336
7 37 12.80241
7 27 46.040382
7 16 1.1762626
7 11 6.172633
7 23 1.1747816
7 25 6.0227323
7 5 5.0052047
8 0 14.100737
8 30 0.55724573
8 18 1.2644889
8 13 1.613786
8 11 0.642695
8 29 1.1780802
8 5 0.7269971
8 34 6.0314527
8 2 1.3576978
8 37 1.3337363
8 7 26.016336
8 27 1.0650997
8 16 1.3222635
8 23 0.7915434
9 36 2.1339085
9 26 2000.0
9 28 1.2086109
9 10 2.800721
9 22 0.39667445
9 31 0.031259317
9 3 0.1944605
9 12 2000.0
9 17 0.048882898
9 4 0.06863992
9 19 0.06610861
10 26 0.040488984
10 28 0.28351682
10 24 0.07164377
10 31 0.031644836
10 12 7.4233108
10 9 2.800721
10 17 0.03141766
11 0 105.1293
11 30 0.38596883
11 8 0.642695
11 18 4.260682
11 13 0.4907867
11 33 2.310508
11 29 0.70403713
11 5 2.6080263
11 34 4.3058257
11 20 1.1821537
11 2 1.282859
11 37 1.3368645
11 7 6.172633
11 27 0.39099643
11 16 0.79797226
11 25 1.0380085
12 26 2.4394016
12 28 5.2550354
12 32 0.2864817
12 10 7.4233108
12 24 0.077717096
12 21 0.08216315
12 3 0.06518593
13 30 0.9098099
13 0 0.9736621
13 8 1.613786
13 18 102.175835
13 33 0.8211374
13 11 0.4907867
13 29 1.1541709
13 34 18.008574
13 20 0.78028387
13 2 0.41448864
13 14 3.2373679
13 37 1.8835076
13 27 0.2250096
13 16 51.362305
13 25 0.5420957
14 20 1.7965137
14 13 3.2373679
14 33 0.4874142
14 27 4.0558066
14 11 2000.0
14 25 3.3334615
15 32 0.088651516
15 24 900.00006
15 21 3.75062
16 0 2000.0
16 30 1.102133
16 8 1.3222635
16 18 1.0146941
16 13 51.362305
16 11 0.79797226
16 29 34.110756
16 5 1.2335227
16 20 11.462962
16 37 40.892216
16 7 1.1762626
16 27 1.370778
16 23 4.878429
16 25 2.0808082
17 26 1.7948529
17 6 1.714798
17 10 0.03141766
17 24 0.24492472
17 31 1.2401232
17 9 0.048882898
17 4 0.118690774
17 19 3.4234192
18 0 2000.0
18 30 0.74120766
18 8 1.2644889
18 13 102.175835
18 11 4.260682
18 29 1.3158609
18 5 0.5363387
18 2 14.144562
18 37 1.1437811
18 7 2000.0
18 27 2.946703
18 16 1.0146941
18 23 1.534517
19 31 0.10642046
19 9 0.06610861
19 17 3.4234192
19 4 0.09265288
20 30 12.955334
20 13 0.78028387
20 33 1.0517658
20 11 1.1821537
20 29 1.5440192
20 5 2.2738636
20 34 0.7992963
20 2 2.300014
20 14 1.7965137
20 37 7.270996
20 7 1.7052925
20 27 0.64614934
20 16 11.462962
20 25 0.56263036
21 24 0.12601325
21 35 0.0461327
21 12 0.08216315
21 15 3.75062
22 6 142.01099
22 31 1199.8864
22 9 0.39667445
22 19 1329.8296
23 0 2000.0
23 30 1.3591261
23 2 69.230774
23 8 0.7915434
23 37 3.603424
23 18 1.534517
23 7 1.1747816
23 16 4.878429
23 11 2000.0
23 29 1.4887592
23 5 4.329401
24 26 0.05323212
24 32 0.13192995
24 10 0.07164377
24 21 0.12601325
24 31 12.760416
24 12 0.077717096
24 15 900.00006
24 17 0.24492472
25 0 600.0
25 30 1.5778744
25 13 0.5420957
25 33 0.66566193
25 11 1.0380085
25 29 1.4857296
25 34 2.7889926
25 20 0.56263036
25 2 1.5975161
25 14 3.3334615
25 37 63.157894
25 7 6.0227323
25 27 0.73150367
25 16 2.0808082
26 36 228.57143
26 32 19.901531
26 28 0.042327333
26 10 0.040488984
26 24 0.05323212
26 31 0.068265766
26 12 2.4394016
26 17 1.7948529
27 0 2000.0
27 30 0.17606217
27 8 1.0650997
27 18 2.946703
27 13 0.2250096
27 33 0.86983997
27 11 0.39099643
27 29 0.64723253
27 5 2.1645746
27 34 0.93111116
27 20 0.64614934
27 2 1.217597
27 14 4.0558066
27 37 1.2761093
27 7 46.040382
27 16 1.370778
27 25 0.73150367
28 36 0.032579217
28 26 0.042327333
28 10 0.28351682
28 3 0.08452831
28 12 5.2550354
28 9 1.2086109
29 0 18.800865
29 30 2.1782117
29 8 1.1780802
29 18 1.3158609
29 13 1.1541709
29 11 0.70403713
29 5 2.1313953
29 34 11.961175
29 20 1.5440192
29 2 0.9609325
29 37 1.1310034
29 7 2000.0
29 27 0.64723253
29 16 34.110756
29 23 1.4887592
29 25 1.4857296
30 0 2000.0
30 8 0.55724573
30 18 0.74120766
30 13 0.9098099
30 33 3.307809
30 11 0.38596883
30 29 2.1782117
30 5 0.84401506
30 34 2.1726985
30 20 12.955334
30 2 31.20606
30 14 2000.0
30 37 16.319084
30 7 1.0737487
30 27 0.17606217
30 16 1.102133
30 23 1.3591261
30 25 1.5778744
31 26 0.068265766
31 6 1.9180235
31 10 0.031644836
31 24 12.760416
31 9 0.031259317
31 17 1.2401232
31 4 0.10031099
31 19 0.10642046
32 26 19.901531
32 24 0.13192995
32 12 0.2864817
32 15 0.088651516
33 30 3.307809
33 13 0.8211374
33 11 2.310508
33 29 3275.3408
33 5 2000.0
33 34 2000.0
33 20 1.0517658
33 2 2.807333
33 14 0.4874142
33 7 2000.0
33 27 0.86983997
33 16 1998.8635
33 25 0.66566193
34 30 2.1726985
34 20 0.7992963
34 8 6.0314527
34 7 7.142374
34 13 18.008574
34 27 0.93111116
34 16 5535.0566
34 11 4.3058257
34 25 2.7889926
34 29 11.961175
34 5 9.456516
35 21 0.0461327
36 26 228.57143
36 28 0.032579217
36 3 0.18587793
36 9 2.1339085
37 30 16.319084
37 0 1.1630671
37 8 1.3337363
37 18 1.1437811
37 13 1.8835076
37 11 1.3368645
37 29 1.1310034
37 20 7.270996
37 2 1.068963
37 7 12.80241
37 27 1.2761093
37 16 40.892216
37 23 3.603424
37 25 63.157894
