0 8 6.256702
0 2 0.6138958
0 37 3.9073625
0 13 0.44032696
0 29 8.006866
1 3 0.21561585
1 12 1227.1023
2 30 15.246288
2 0 0.6138958
2 8 1.6195246
2 18 10.4425
2 13 1.8316756
2 33 4.961255
2 11 3.1695688
2 29 2.74636
2 20 3.4133265
2 37 1.413846
2 27 6.115459
2 16 2000.0
2 23 70.68392
2 25 2.0480936
3 36 0.25340706
3 28 0.103568174
3 24 177.77777
3 12 0.060811244
3 1 0.21561585
3 9 0.44712332
4 31 0.07291982
4 9 0.07088745
4 17 0.10319652
4 19 0.0885101
5 34 10.868741
5 30 0.9306709
5 20 1.7413764
5 8 1.2894346
5 37 2000.0
5 18 0.6599466
5 7 10.400569
5 27 4.86604
5 16 2.379872
5 11 4.3761106
5 23 10.70494
5 29 3.6529706
6 21 2000.0
6 31 0.56279653
6 17 1.6643552
7 34 16.812887
7 30 0.9708449
7 20 2.398108
7 8 42.62853
7 37 21.072128
7 27 208.33334
7 16 1.5136986
7 11 5.837119
7 23 1.4372401
7 25 43.074093
7 5 10.400569
8 0 6.256702
8 30 1.0594662
8 18 1.4870423
8 13 16.52181
8 11 2.4417298
8 29 0.73215294
8 5 1.2894346
8 34 14.224301
8 2 1.6195246
8 37 2.2574253
8 7 42.62853
8 27 4.5108814
8 16 1.675004
8 23 2.073031
9 36 2.1516485
9 26 2000.0
9 28 6.261914
9 10 3.4095514
9 22 0.7238054
9 31 0.031027183
9 12 2000.0
9 3 0.44712332
9 17 0.053921696
9 4 0.07088745
9 19 0.06418568
10 26 0.050390095
10 28 0.78338754
10 24 0.08662939
10 31 0.033200473
10 12 3.0535562
10 9 3.4095514
10 17 0.035694722
11 0 2000.0
11 30 1.0267352
11 8 2.4417298
11 18 22.781628
11 13 1.0649981
11 33 8.647976
11 29 1.3490219
11 5 4.3761106
11 34 3.5389457
11 20 2.914279
11 2 3.1695688
11 37 3.032712
11 7 5.837119
11 27 1.1974591
11 16 1.1031115
11 25 3.0010202
12 26 2.378709
12 28 4.736317
12 32 0.26040253
12 10 3.0535562
12 24 0.08488317
12 21 0.12460775
12 3 0.060811244
13 0 0.44032696
13 30 3.2322993
13 8 16.52181
13 18 233.33334
13 33 2.4137394
13 11 1.0649981
13 29 3.0164213
13 5 2000.0
13 34 15.219177
13 20 0.6726697
13 2 1.8316756
13 14 9.26361
13 37 3.4646482
13 27 0.20806707
13 16 86.82482
13 25 0.9239041
14 20 1.7125016
14 13 9.26361
14 33 0.49743077
14 27 2.3036451
14 11 2000.0
14 25 6.0531306
15 32 0.09033616
15 21 8.080339
16 30 1.1861776
16 0 2000.0
16 8 1.675004
16 18 1.4574451
16 13 86.82482
16 11 1.1031115
16 29 400.0
16 5 2.379872
16 20 11.348798
16 37 313.48434
16 7 1.5136986
16 27 1.4916093
16 23 7.47443
16 25 1.4089454
17 26 1.875489
17 6 1.6643552
17 10 0.035694722
17 24 0.34907028
17 31 1.2327256
17 9 0.053921696
17 4 0.10319652
17 19 2.3142915
18 30 0.8508883
18 2 10.4425
18 8 1.4870423
18 37 1.9431785
18 13 233.33334
18 7 2000.0
18 27 7.689658
18 16 1.4574451
18 23 1.732293
18 11 22.781628
18 29 2.7016647
18 5 0.6599466
19 22 123.99065
19 31 0.06777332
19 9 0.06418568
19 17 2.3142915
19 4 0.0885101
20 30 14.227842
20 0 2000.0
20 13 0.6726697
20 33 3.4695363
20 11 2.914279
20 29 6.260886
20 5 1.7413764
20 34 1.3505377
20 2 3.4133265
20 14 1.7125016
20 37 15.870599
20 7 2.398108
20 27 0.8381074
20 16 11.348798
20 25 1.6825354
21 26 2000.0
21 32 2000.0
21 24 0.048891205
21 35 0.05300858
21 12 0.12460775
21 15 8.080339
22 6 1112.6704
22 31 2000.0
22 9 0.7238054
22 19 123.99065
23 0 2000.0
23 30 2.0878103
23 2 70.68392
23 8 2.073031
23 37 10.1318655
23 18 1.732293
23 7 1.4372401
23 16 7.47443
23 11 2000.0
23 29 3.0822825
23 5 10.70494
24 26 0.073309906
24 32 0.09378498
24 10 0.08662939
24 21 0.048891205
24 31 12.498062
24 3 177.77777
24 12 0.08488317
24 15 2000.0
24 17 0.34907028
25 0 2000.0
25 30 10.355054
25 13 0.9239041
25 33 0.78582585
25 11 3.0010202
25 29 3.1541946
25 34 8.3952675
25 20 1.6825354
25 2 2.0480936
25 14 6.0531306
25 37 85.182915
25 7 43.074093
25 27 1.520697
25 16 1.4089454
26 32 22.447384
26 28 0.04740127
26 10 0.050390095
26 24 0.073309906
26 31 0.054163024
26 12 2.378709
26 17 1.875489
27 0 2000.0
27 30 0.16831768
27 8 4.5108814
27 18 7.689658
27 13 0.20806707
27 33 2.4243393
27 11 1.1974591
27 29 0.4805663
27 5 4.86604
27 34 1.4082246
27 20 0.8381074
27 2 6.115459
27 14 2.3036451
27 37 1.3664439
27 7 208.33334
27 16 1.4916093
27 25 1.520697
28 36 0.04984914
28 26 0.04740127
28 10 0.78338754
28 3 0.103568174
28 12 4.736317
28 9 6.261914
29 0 8.006866
29 30 5.434517
29 8 0.73215294
29 18 2.7016647
29 13 3.0164213
29 11 1.3490219
29 5 3.6529706
29 34 2.0780904
29 20 6.260886
29 2 2.74636
29 37 1.6191093
29 7 2000.0
29 27 0.4805663
29 16 400.0
29 23 3.0822825
29 25 3.1541946
30 0 2000.0
30 8 1.0594662
30 18 0.8508883
30 13 3.2322993
30 33 2.9327652
30 11 1.0267352
30 29 5.434517
30 5 0.9306709
30 34 3.78639
30 20 14.227842
30 2 15.246288
30 14 2000.0
30 37 9.682861
30 7 0.9708449
30 27 0.16831768
30 16 1.1861776
30 23 2.0878103
30 25 10.355054
31 26 0.054163024
31 6 0.56279653
31 10 0.033200473
31 24 12.498062
31 9 0.031027183
31 17 1.2327256
31 4 0.07291982
31 19 0.06777332
32 26 22.447384
32 24 0.09378498
32 12 0.26040253
32 15 0.09033616
33 30 2.9327652
33 8 2000.0
33 13 2.4137394
33 11 8.647976
33 29 2000.0
33 34 2000.0
33 20 3.4695363
33 2 4.961255
33 14 0.49743077
33 7 2000.0
33 27 2.4243393
33 16 2000.0
33 25 0.78582585
34 30 3.78639
34 20 1.3505377
34 8 14.224301
34 7 16.812887
34 13 15.219177
34 27 1.4082246
34 16 2000.0
34 11 3.5389457
34 25 8.3952675
34 29 2.0780904
34 5 10.868741
35 21 0.05300858
36 26 2000.0
36 28 0.04984914
36 3 0.25340706
36 9 2.1516485
37 0 3.9073625
37 30 9.682861
37 8 2.2574253
37 18 1.9431785
37 13 3.4646482
37 11 3.032712
37 29 1.6191093
37 20 15.870599
37 2 1.413846
37 7 21.072128
37 27 1.3664439
37 16 313.48434
37 23 10.1318655
37 25 85.182915
