0 2 0.7541488
0 37 3.379971
0 13 0.73153925
0 29 18.490767
0 25 7.937926
1 3 1.0884849
1 12 23.063152
2 30 13.124422
2 0 0.7541488
2 8 1.5263009
2 18 2.7279904
2 13 0.7069697
2 33 5.3192525
2 11 1.4503226
2 29 0.9954605
2 20 3.5335324
2 37 0.8318959
2 27 1.6744604
2 16 2000.0
2 23 15.1521635
2 25 0.5923121
3 36 0.52035993
3 28 17.183844
3 24 2000.0
3 12 0.09153706
3 1 1.0884849
3 9 0.21584268
4 31 0.104251675
4 9 0.070482045
4 17 0.13621919
4 19 0.06746032
5 30 0.8213488
5 8 0.8013618
5 18 0.76972157
5 13 54.379173
5 11 2.200277
5 29 1.4018673
5 34 2.6193817
5 20 2.2199173
5 37 43.794888
5 7 5.04942
5 27 1.7836236
5 16 1.4997103
5 23 1.899856
5 25 2000.0
6 31 0.18804985
6 17 2.4929655
7 30 0.81590253
7 20 35.33949
7 8 10.233828
7 37 94.117645
7 16 1.331802
7 23 1.2779597
7 11 87.81954
7 25 2.4825203
7 5 5.04942
8 0 2000.0
8 30 0.6219223
8 18 1.436094
8 13 1.7746477
8 11 0.90538716
8 29 0.42406937
8 5 0.8013618
8 34 128.34848
8 2 1.5263009
8 37 0.8617305
8 7 10.233828
8 27 1.1166565
8 16 1.7977002
8 23 1.3889935
8 25 2000.0
9 36 0.38495877
9 26 2000.0
9 28 1.0034964
9 10 15.668328
9 22 0.053329922
9 31 0.030920941
9 3 0.21584268
9 12 2000.0
9 4 0.070482045
9 17 0.031413756
9 19 0.07244784
10 26 0.031121701
10 28 0.25980115
10 24 0.0958044
10 31 8.239432
10 12 1293.5227
10 9 15.668328
10 17 0.045498904
11 0 2000.0
11 30 0.63897604
11 8 0.90538716
11 18 6.744632
11 13 0.81679916
11 33 1.4833512
11 29 1.0677843
11 5 2.200277
11 34 1.7212358
11 20 1.4581846
11 2 1.4503226
11 37 1.5234869
11 7 87.81954
11 27 0.6189709
11 16 1.0726659
11 25 0.7474158
12 26 1.1171402
12 32 2.7461948
12 24 0.07928504
12 21 0.36792672
12 3 0.09153706
12 1 23.063152
13 30 63.059593
13 0 0.73153925
13 8 1.7746477
13 18 2000.0
13 33 1.8277318
13 11 0.81679916
13 29 0.65620166
13 5 54.379173
13 34 400.0
13 20 1.36642
13 2 0.7069697
13 14 5.1015534
13 37 1.2815528
13 7 2000.0
13 27 0.33169615
13 16 30.483538
13 25 0.24356732
14 30 4.192726
14 20 1.5887632
14 13 5.1015534
14 27 2.3340342
14 33 0.37280518
14 11 2000.0
14 25 2.6689866
15 32 0.06999149
15 21 1.6462163
16 30 1.4664387
16 0 2000.0
16 8 1.7977002
16 18 1.6691571
16 13 30.483538
16 11 1.0726659
16 29 2000.0
16 5 1.4997103
16 34 72.900856
16 20 37.146893
16 7 1.331802
16 27 2.4827585
16 23 2.6614702
16 25 1.5512941
17 6 2.4929655
17 26 3.0508478
17 10 0.045498904
17 24 0.09050017
17 31 1.1318059
17 9 0.031413756
17 4 0.13621919
17 19 133.33334
18 0 2000.0
18 30 0.7202909
18 8 1.436094
18 13 2000.0
18 11 6.744632
18 29 1.2795668
18 5 0.76972157
18 2 2.7279904
18 37 2.5706012
18 7 2000.0
18 27 21.625994
18 16 1.6691571
18 23 1.4113636
19 31 0.08903689
19 9 0.07244784
19 17 133.33334
19 4 0.06746032
20 30 2.4201
20 13 1.36642
20 33 0.9831425
20 11 1.4581846
20 29 12.271805
20 5 2.2199173
20 34 0.8782494
20 2 3.5335324
20 14 1.5887632
20 37 2.6615767
20 7 35.33949
20 27 2.033366
20 16 37.146893
20 25 0.50979763
21 32 2000.0
21 24 0.6103342
21 35 0.04425869
21 12 0.36792672
21 15 1.6462163
22 31 150.0
22 9 0.053329922
22 19 2000.0
23 0 2000.0
23 30 1.4527112
23 8 1.3889935
23 2 15.1521635
23 37 1.0928888
23 18 1.4113636
23 7 1.2779597
23 16 2.6614702
23 11 2000.0
23 29 0.8415277
23 5 1.899856
24 26 0.03544937
24 32 0.24942498
24 10 0.0958044
24 21 0.6103342
24 12 0.07928504
24 15 2000.0
24 17 0.09050017
25 30 12.980653
25 0 7.937926
25 13 0.24356732
25 33 0.5214807
25 11 0.7474158
25 29 2.0805616
25 34 2.9902384
25 20 0.50979763
25 2 0.5923121
25 14 2.6689866
25 37 25.36783
25 7 2.4825203
25 27 0.2572947
25 16 1.5512941
26 32 18.306967
26 28 0.09423664
26 10 0.031121701
26 24 0.03544937
26 31 0.19370498
26 12 1.1171402
26 17 3.0508478
27 30 0.24226303
27 0 2000.0
27 8 1.1166565
27 18 21.625994
27 13 0.33169615
27 33 0.9651416
27 11 0.6189709
27 29 0.64049345
27 5 1.7836236
27 34 0.83227754
27 20 2.033366
27 2 1.6744604
27 14 2.3340342
27 37 0.90568626
27 7 2000.0
27 16 2.4827585
27 25 0.2572947
28 36 0.03223039
28 26 0.09423664
28 10 0.25980115
28 3 17.183844
28 12 1200.2842
28 9 1.0034964
28 19 1360.0569
29 0 18.490767
29 30 1.2542533
29 8 0.42406937
29 18 1.2795668
29 13 0.65620166
29 33 9.692294
29 11 1.0677843
29 5 1.4018673
29 34 2.5227501
29 20 12.271805
29 2 0.9954605
29 37 0.7038051
29 7 2000.0
29 27 0.64049345
29 16 2000.0
29 23 0.8415277
29 25 2.0805616
30 8 0.6219223
30 18 0.7202909
30 13 63.059593
30 33 2.5875974
30 11 0.63897604
30 29 1.2542533
30 5 0.8213488
30 34 1.0453783
30 20 2.4201
30 2 13.124422
30 14 4.192726
30 37 16.300167
30 7 0.81590253
30 27 0.24226303
30 16 1.4664387
30 23 1.4527112
30 25 12.980653
31 26 0.19370498
31 6 0.18804985
31 10 8.239432
31 35 133.46704
31 22 150.0
31 9 0.030920941
31 4 0.104251675
31 17 1.1318059
31 19 0.08903689
32 26 18.306967
32 24 0.24942498
32 21 2000.0
32 12 2.7461948
32 15 0.06999149
33 30 2.5875974
33 8 2000.0
33 13 1.8277318
33 11 1.4833512
33 29 9.692294
33 5 2000.0
33 34 2000.0
33 20 0.9831425
33 2 5.3192525
33 14 0.37280518
33 7 2000.0
33 27 0.9651416
33 16 3017.898
33 25 0.5214807
34 30 1.0453783
34 20 0.8782494
34 8 128.34848
34 37 2000.0
34 13 400.0
34 7 2000.0
34 27 0.83227754
34 16 72.900856
34 11 1.7212358
34 29 2.5227501
34 25 2.9902384
34 5 2.6193817
35 21 0.04425869
35 31 133.46704
36 28 0.03223039
36 3 0.52035993
36 12 2000.0
36 9 0.38495877
37 30 16.300167
37 0 3.379971
37 8 0.8617305
37 18 2.5706012
37 13 1.2815528
37 11 1.5234869
37 29 0.7038051
37 5 43.794888
37 20 2.6615767
37 2 0.8318959
37 7 94.117645
37 27 0.90568626
37 16 2000.0
37 23 1.0928888
37 25 25.36783
