0 2 1.0328877
0 37 3.1270263
0 13 1.2001271
0 29 24.639349
0 25 14.605526
1 3 0.88903964
1 12 74.475716
2 30 27.130535
2 0 1.0328877
2 8 1.2323862
2 18 1.3627008
2 13 0.65011996
2 33 1.898836
2 11 3.063649
2 29 0.8334494
2 5 2000.0
2 20 5.4144998
2 37 0.8492183
2 27 1.2492529
2 16 2000.0
2 23 19.840708
2 25 1.1985724
3 36 0.24094252
3 28 50.853897
3 24 141.17647
3 12 0.057809617
3 1 0.88903964
3 9 0.3477462
4 31 0.07220035
4 9 0.072935395
4 17 0.09610717
4 19 0.06639923
5 30 0.6536642
5 8 0.5814405
5 18 0.67729706
5 13 12.512554
5 11 3.2012935
5 29 2.0996103
5 34 2.6605563
5 20 3.57699
5 37 24.773125
5 7 11.901612
5 27 1.4421434
5 16 1.4672842
5 23 1.551504
5 25 2000.0
6 31 0.38891143
6 17 19.980385
7 30 1.1633662
7 20 41.548298
7 8 4.2613955
7 37 266.11087
7 16 1.4302994
7 23 1.3751411
7 11 26.755915
7 25 1.7130857
7 5 11.901612
8 0 2000.0
8 30 0.4101133
8 18 1.2562608
8 13 0.9763849
8 11 0.86261696
8 29 0.42090714
8 5 0.5814405
8 34 3867.557
8 2 1.2323862
8 37 1.1076463
8 7 4.2613955
8 27 1.8256966
8 16 1.5659788
8 23 0.9795246
8 25 2000.0
9 36 0.38282412
9 26 2000.0
9 28 0.7413636
9 10 2.8692036
9 22 0.05445214
9 31 0.035012513
9 12 2000.0
9 3 0.3477462
9 4 0.072935395
9 17 0.034594942
9 19 0.06609771
10 26 0.029380457
10 28 0.6653409
10 24 0.0760252
10 31 1.0437818
10 12 94.044426
10 9 2.8692036
10 17 0.034938525
11 0 2000.0
11 30 0.6998442
11 8 0.86261696
11 18 22.394392
11 13 1.2494963
11 33 2.9616609
11 29 1.0189372
11 5 3.2012935
11 34 2.445256
11 20 1.3491814
11 2 3.063649
11 37 1.4631277
11 7 26.755915
11 27 0.81819075
11 16 0.9759398
11 25 0.991305
12 26 0.3690203
12 32 5.0070853
12 10 94.044426
12 24 0.0745298
12 21 0.09315942
12 3 0.057809617
12 1 74.475716
13 30 16.354288
13 0 1.2001271
13 8 0.9763849
13 18 278.56253
13 33 0.9640718
13 11 1.2494963
13 29 0.8287373
13 5 12.512554
13 34 200.0
13 20 1.2793925
13 2 0.65011996
13 14 5.3576736
13 37 1.0780748
13 7 2000.0
13 27 0.4640589
13 16 408.28412
13 25 0.30345923
14 30 6.2156487
14 20 1.2256875
14 13 5.3576736
14 27 3.6599483
14 33 0.49417818
14 11 2000.0
14 25 3.5953224
15 32 0.075896025
15 21 5.9891076
16 0 2000.0
16 30 1.1018432
16 8 1.5659788
16 18 1.211341
16 13 408.28412
16 11 0.9759398
16 29 100.0
16 5 1.4672842
16 20 23.06818
16 7 1.4302994
16 27 1.4686114
16 23 4.2235284
16 25 1.2998152
17 26 1.5440309
17 6 19.980385
17 10 0.034938525
17 24 0.085959606
17 31 0.93722063
17 9 0.034594942
17 4 0.09610717
17 19 3.2159588
18 0 2000.0
18 30 0.67769325
18 8 1.2562608
18 13 278.56253
18 11 22.394392
18 29 1.3489617
18 5 0.67729706
18 2 1.3627008
18 37 2.5964587
18 7 2000.0
18 27 19.098864
18 16 1.211341
18 23 1.1794244
19 31 0.064660214
19 9 0.06609771
19 17 3.2159588
19 4 0.06639923
20 30 2.0505126
20 13 1.2793925
20 33 2.121409
20 11 1.3491814
20 29 12.574138
20 5 3.57699
20 34 1.643975
20 2 5.4144998
20 14 1.2256875
20 37 4.100729
20 7 41.548298
20 27 3.488498
20 16 23.06818
20 25 0.52640325
21 26 2000.0
21 32 450.00003
21 24 0.4478749
21 35 0.03069335
21 31 2000.0
21 12 0.09315942
21 15 5.9891076
22 31 21.665243
22 9 0.05445214
22 19 2000.0
23 0 2000.0
23 30 2.4610097
23 8 0.9795246
23 2 19.840708
23 37 2.3158166
23 18 1.1794244
23 7 1.3751411
23 16 4.2235284
23 11 2000.0
23 29 0.99664444
23 5 1.551504
24 26 0.035618793
24 32 0.24510857
24 10 0.0760252
24 21 0.4478749
24 12 0.0745298
24 3 141.17647
24 15 2000.0
24 17 0.085959606
25 0 14.605526
25 30 23.10919
25 13 0.30345923
25 33 0.84369564
25 11 0.991305
25 29 1.6535997
25 34 1.5035905
25 20 0.52640325
25 2 1.1985724
25 14 3.5953224
25 37 33.18478
25 7 1.7130857
25 27 0.31763765
25 16 1.2998152
26 32 16.918577
26 28 0.0483301
26 10 0.029380457
26 24 0.035618793
26 31 0.23125002
26 12 0.3690203
26 17 1.5440309
27 30 0.16611841
27 0 2000.0
27 8 1.8256966
27 18 19.098864
27 13 0.4640589
27 33 0.81440693
27 11 0.81819075
27 29 0.68783003
27 5 1.4421434
27 34 1.1973004
27 20 3.488498
27 2 1.2492529
27 14 3.6599483
27 37 0.9113713
27 7 2781.4773
27 16 1.4686114
27 25 0.31763765
28 36 0.03125
28 26 0.0483301
28 10 0.6653409
28 3 50.853897
28 12 1594.9431
28 9 0.7413636
28 19 1364.5454
29 0 24.639349
29 30 1.1048442
29 8 0.42090714
29 18 1.3489617
29 13 0.8287373
29 33 10.113037
29 11 1.0189372
29 5 2.0996103
29 34 2.6856062
29 20 12.574138
29 2 0.8334494
29 37 0.68436056
29 7 2000.0
29 27 0.68783003
29 16 100.0
29 23 0.99664444
29 25 1.6535997
30 8 0.4101133
30 18 0.67769325
30 13 16.354288
30 33 7.167752
30 11 0.6998442
30 29 1.1048442
30 5 0.6536642
30 34 0.8910354
30 20 2.0505126
30 2 27.130535
30 14 6.2156487
30 37 38.68676
30 7 1.1633662
30 27 0.16611841
30 16 1.1018432
30 23 2.4610097
30 25 23.10919
31 26 0.23125002
31 6 0.38891143
31 10 1.0437818
31 35 68.51477
31 22 21.665243
31 9 0.035012513
31 4 0.07220035
31 17 0.93722063
31 19 0.064660214
32 26 16.918577
32 24 0.24510857
32 21 450.00003
32 12 5.0070853
32 15 0.075896025
33 30 7.167752
33 8 2000.0
33 13 0.9640718
33 11 2.9616609
33 29 10.113037
33 34 2000.0
33 20 2.121409
33 2 1.898836
33 14 0.49417818
33 7 2000.0
33 27 0.81440693
33 16 1971.0227
33 25 0.84369564
34 30 0.8910354
34 20 1.643975
34 37 2000.0
34 13 200.0
34 7 345.07642
34 27 1.1973004
34 16 2000.0
34 11 2.445256
34 29 2.6856062
34 25 1.5035905
34 5 2.6605563
35 21 0.03069335
35 31 68.51477
36 28 0.03125
36 3 0.24094252
36 9 0.38282412
37 30 38.68676
37 0 3.1270263
37 8 1.1076463
37 18 2.5964587
37 13 1.0780748
37 11 1.4631277
37 29 0.68436056
37 5 24.773125
37 20 4.100729
37 2 0.8492183
37 7 266.11087
37 27 0.9113713
37 16 2000.0
37 23 2.3158166
37 25 33.18478
