0 8 5.4423842
0 2 1.6276952
0 37 0.9137841
0 13 0.94139504
0 11 40.496876
0 25 2000.0
0 29 14.236986
1 3 0.25410557
1 12 1202.159
2 30 23.074362
2 0 1.6276952
2 8 1.203688
2 18 6.5021625
2 13 0.41519397
2 33 4.499378
2 11 0.74106455
2 29 1.2826211
2 20 2.902716
2 37 1.2721267
2 27 2.132059
2 23 29.394035
2 25 1.3865741
3 36 0.25904202
3 28 0.12272728
3 24 2000.0
3 12 0.06878945
3 1 0.25410557
3 9 0.3753135
4 31 0.07442711
4 9 0.06733451
4 17 0.09143691
4 19 0.11731388
5 30 0.6777519
5 8 0.6546592
5 18 0.44225207
5 13 2000.0
5 11 3.3092947
5 29 3.1001203
5 34 2.365329
5 20 1.464832
5 37 2000.0
5 7 6.1471257
5 27 3.292025
5 16 1.4355825
5 23 4.4002438
6 31 1.4000858
6 17 1.1767256
7 34 115.99012
7 30 2.1662385
7 20 2.9402294
7 8 26.85682
7 37 17.565214
7 27 142.23901
7 16 2.1515648
7 11 8.68236
7 23 1.4044178
7 25 8.312667
7 5 6.1471257
8 0 5.4423842
8 30 0.9581386
8 18 1.148814
8 13 2.669606
8 11 0.5486678
8 29 0.6550077
8 5 0.6546592
8 34 11.3557205
8 2 1.203688
8 37 1.3859544
8 7 26.85682
8 27 3.3545454
8 16 2.2831845
8 23 1.0308063
9 36 0.9268988
9 26 2000.0
9 28 3.1624691
9 10 4.8530965
9 22 0.781749
9 31 0.030467533
9 3 0.3753135
9 17 0.045021977
9 4 0.06733451
9 19 0.08427903
10 26 0.03521766
10 28 0.27703527
10 24 0.05179016
10 31 0.052467372
10 12 4.3094954
10 9 4.8530965
10 17 0.029556872
11 0 40.496876
11 30 0.40611923
11 8 0.5486678
11 18 5.3646345
11 13 0.7892197
11 33 3.8825352
11 29 0.779439
11 5 3.3092947
11 34 2.6659405
11 20 2.5039663
11 2 0.74106455
11 37 1.2197527
11 7 8.68236
11 27 0.8647262
11 16 1.150984
11 25 1.2254659
12 26 5.3919096
12 28 5.244338
12 32 0.24503718
12 10 4.3094954
12 24 0.0660533
12 21 0.07930508
12 3 0.06878945
13 30 1.2470367
13 0 0.94139504
13 8 2.669606
13 18 138.46155
13 33 0.9420537
13 11 0.7892197
13 29 0.75507075
13 34 7.554916
13 20 0.6901492
13 2 0.41519397
13 14 3.009851
13 37 2.616805
13 27 0.34790668
13 16 225.00002
13 25 0.65105426
14 20 1.5664449
14 13 3.009851
14 33 0.55373406
14 27 3.471238
14 11 2000.0
14 25 2.469867
15 32 0.07421248
15 21 7.34069
16 0 2000.0
16 30 1.1601008
16 8 2.2831845
16 18 1.1229203
16 13 225.00002
16 11 1.150984
16 29 72.50072
16 5 1.4355825
16 20 22.098635
16 37 59.547604
16 7 2.1515648
16 27 2.2057943
16 23 17.312752
16 25 1.6111362
17 26 3.2786884
17 6 1.1767256
17 10 0.029556872
17 24 0.25822592
17 31 2.3879142
17 9 0.045021977
17 4 0.09143691
17 19 2.5839274
18 30 0.7339255
18 2 6.5021625
18 8 1.148814
18 37 1.0102593
18 7 2000.0
18 13 138.46155
18 27 4.896205
18 16 1.1229203
18 23 1.2617892
18 11 5.3646345
18 29 1.0123576
18 5 0.44225207
19 31 0.06699897
19 9 0.08427903
19 17 2.5839274
19 4 0.11731388
20 30 18.284988
20 13 0.6901492
20 33 3.0754015
20 11 2.5039663
20 29 3.6589622
20 5 1.464832
20 34 0.8700072
20 2 2.902716
20 14 1.5664449
20 37 8.429322
20 7 2.9402294
20 27 0.86942697
20 16 22.098635
20 25 0.7384438
21 32 2000.0
21 24 0.077179335
21 35 0.05124883
21 12 0.07930508
21 15 7.34069
22 6 1612.4432
22 31 1207.8978
22 9 0.781749
22 19 1386.4772
23 0 2000.0
23 30 2.1957498
23 2 29.394035
23 8 1.0308063
23 37 1.844268
23 18 1.2617892
23 7 1.4044178
23 16 17.312752
23 11 2000.0
23 29 2.9028184
23 5 4.4002438
24 26 0.060328476
24 32 0.1417522
24 10 0.05179016
24 21 0.077179335
24 31 7.437611
24 12 0.0660533
24 15 2000.0
24 17 0.25822592
25 30 4.7260685
25 13 0.65105426
25 33 0.6460146
25 11 1.2254659
25 29 5.69831
25 34 5.0951858
25 20 0.7384438
25 2 1.3865741
25 14 2.469867
25 37 49.291122
25 7 8.312667
25 27 0.6867231
25 16 1.6111362
26 36 1787.2821
26 32 28.22926
26 28 0.03131481
26 10 0.03521766
26 24 0.060328476
26 31 0.052296728
26 12 5.3919096
26 17 3.2786884
27 0 2000.0
27 30 0.6744921
27 8 3.3545454
27 18 4.896205
27 13 0.34790668
27 33 2.3667657
27 11 0.8647262
27 29 0.602281
27 5 3.292025
27 34 1.6954247
27 20 0.86942697
27 2 2.132059
27 14 3.471238
27 37 3.0216572
27 7 142.23901
27 16 2.2057943
27 25 0.6867231
28 36 0.033976324
28 26 0.03131481
28 10 0.27703527
28 3 0.12272728
28 12 5.244338
28 9 3.1624691
29 0 14.236986
29 30 3.986074
29 8 0.6550077
29 18 1.0123576
29 13 0.75507075
29 11 0.779439
29 5 3.1001203
29 34 5.9588413
29 20 3.6589622
29 2 1.2826211
29 37 1.0357851
29 7 2000.0
29 27 0.602281
29 16 72.50072
29 23 2.9028184
29 25 5.69831
30 0 2000.0
30 8 0.9581386
30 18 0.7339255
30 13 1.2470367
30 33 1.7367605
30 11 0.40611923
30 29 3.986074
30 5 0.6777519
30 34 2.6632307
30 20 18.284988
30 2 23.074362
30 14 2000.0
30 37 3.3328607
30 7 2.1662385
30 27 0.6744921
30 16 1.1601008
30 23 2.1957498
30 25 4.7260685
31 26 0.052296728
31 6 1.4000858
31 10 0.052467372
31 24 7.437611
31 9 0.030467533
31 17 2.3879142
31 4 0.07442711
31 19 0.06699897
32 26 28.22926
32 24 0.1417522
32 12 0.24503718
32 15 0.07421248
33 30 1.7367605
33 8 2000.0
33 13 0.9420537
33 11 3.8825352
33 29 1633.2386
33 34 2000.0
33 20 3.0754015
33 2 4.499378
33 14 0.55373406
33 7 2000.0
33 27 2.3667657
33 16 2000.0
33 25 0.6460146
34 30 2.6632307
34 20 0.8700072
34 8 11.3557205
34 7 115.99012
34 13 7.554916
34 27 1.6954247
34 16 5535.0566
34 11 2.6659405
34 25 5.0951858
34 29 5.9588413
34 5 2.365329
35 21 0.05124883
36 26 1787.2821
36 28 0.033976324
36 3 0.25904202
36 9 0.9268988
37 30 3.3328607
37 0 0.9137841
37 8 1.3859544
37 18 1.0102593
37 13 2.616805
37 11 1.2197527
37 29 1.0357851
37 20 8.429322
37 2 1.2721267
37 7 17.565214
37 27 3.0216572
37 16 59.547604
37 23 1.844268
37 25 49.291122
