0 2 0.7582887
0 37 1.2282741
0 13 0.70187163
0 29 12.046629
0 25 11.790336
1 3 0.69466525
1 12 23.402676
2 30 22.164291
2 0 0.7582887
2 8 1.3767343
2 18 2.900173
2 13 0.6526337
2 33 4.394599
2 11 1.5176387
2 29 1.1310483
2 20 2.3979745
2 37 0.95348907
2 27 1.5024867
2 16 2000.0
2 23 7.4332824
2 25 2.2291617
3 36 0.20121951
3 28 66.66667
3 24 2000.0
3 12 0.057359308
3 1 0.69466525
3 9 0.40339875
4 31 0.06760493
4 9 0.070490584
4 17 0.13106866
4 19 0.06513579
5 30 0.69454896
5 8 0.56521785
5 18 0.9416443
5 13 45.094955
5 11 1.7510332
5 29 1.9840477
5 34 3.3288362
5 20 1.7235416
5 37 14.063525
5 7 6.8686123
5 27 1.6220441
5 16 1.9768629
5 23 1.7300231
5 25 2000.0
6 31 0.14031178
6 17 3.558289
7 30 0.52910644
7 8 8.617078
7 37 100.0
7 16 1.0860765
7 23 1.0337151
7 25 2.2467964
7 5 6.8686123
8 0 2000.0
8 30 0.5062317
8 18 1.3470314
8 13 2.006818
8 11 0.80069804
8 29 0.44944164
8 5 0.56521785
8 34 29.54937
8 2 1.3767343
8 37 0.81918263
8 7 8.617078
8 27 1.6389089
8 16 1.8226014
8 23 1.0450877
8 25 2000.0
9 36 0.49127722
9 26 2000.0
9 28 1.4760646
9 10 14.973656
9 22 0.04905055
9 31 0.030352913
9 12 2000.0
9 3 0.40339875
9 4 0.070490584
9 17 0.032832768
9 19 0.07870672
10 26 0.031613264
10 28 0.3542424
10 24 0.097033896
10 31 3.8134694
10 12 1463.5796
10 9 14.973656
10 17 0.03117747
11 0 2000.0
11 30 0.62290066
11 8 0.80069804
11 18 7.2880197
11 13 0.80085546
11 33 1.8859551
11 29 0.9910671
11 5 1.7510332
11 34 2.3526359
11 20 0.97525823
11 2 1.5176387
11 37 1.3824981
11 7 2643.977
11 27 0.63410014
11 16 1.077692
11 25 0.7670784
12 26 0.87651515
12 32 3.260204
12 24 0.07743845
12 21 0.13036987
12 3 0.057359308
12 1 23.402676
13 30 30.419132
13 0 0.70187163
13 8 2.006818
13 18 208.69829
13 33 1.3637359
13 11 0.80085546
13 29 0.86148995
13 5 45.094955
13 34 114.41287
13 20 0.99342406
13 2 0.6526337
13 14 7.159801
13 37 1.3359823
13 7 2000.0
13 27 0.30759606
13 16 28.433056
13 25 0.26375988
14 30 10.860982
14 20 3.4468954
14 13 7.159801
14 27 3.8744817
14 33 0.514412
14 11 2000.0
14 25 1.9076995
15 32 0.06479979
15 21 1.3798116
16 30 1.1526068
16 0 2000.0
16 8 1.8226014
16 18 1.1592517
16 13 28.433056
16 11 1.077692
16 5 1.9768629
16 34 155.90543
16 20 41.7229
16 7 1.0860765
16 27 1.4235498
16 23 2.6624095
16 25 0.9833638
17 6 3.558289
17 26 1.6847124
17 10 0.03117747
17 24 0.07780553
17 31 0.9612138
17 9 0.032832768
17 4 0.13106866
17 19 52.75116
18 0 2000.0
18 30 0.68818563
18 8 1.3470314
18 13 208.69829
18 11 7.2880197
18 29 1.4769002
18 5 0.9416443
18 2 2.900173
18 37 2.6228523
18 7 2000.0
18 27 39.037594
18 16 1.1592517
18 23 1.2759943
19 31 0.0934227
19 9 0.07870672
19 17 52.75116
19 4 0.06513579
20 30 2.2366166
20 13 0.99342406
20 33 0.9778062
20 11 0.97525823
20 29 8.422253
20 5 1.7235416
20 34 0.87103325
20 2 2.3979745
20 14 3.4468954
20 37 2.9967935
20 7 2713.0684
20 27 1.143263
20 16 41.7229
20 25 0.53177357
21 26 2000.0
21 32 2000.0
21 24 0.9112822
21 35 0.031781524
21 12 0.13036987
21 15 1.3798116
22 31 41.99532
22 9 0.04905055
22 19 2000.0
23 0 2000.0
23 30 2.1071515
23 8 1.0450877
23 2 7.4332824
23 37 1.0070933
23 18 1.2759943
23 7 1.0337151
23 16 2.6624095
23 11 2000.0
23 29 0.6620343
23 5 1.7300231
24 26 0.038502388
24 32 0.24069251
24 10 0.097033896
24 21 0.9112822
24 31 2000.0
24 12 0.07743845
24 15 2000.0
24 17 0.07780553
25 30 21.910091
25 0 11.790336
25 13 0.26375988
25 33 0.6528026
25 11 0.7670784
25 29 1.6462963
25 34 1.7697173
25 20 0.53177357
25 2 2.2291617
25 14 1.9076995
25 37 27.73029
25 7 2.2467964
25 27 0.44880766
25 16 0.9833638
26 32 16.541275
26 28 0.089338236
26 10 0.031613264
26 24 0.038502388
26 31 0.13670197
26 12 0.87651515
26 17 1.6847124
27 30 0.19583334
27 0 2000.0
27 8 1.6389089
27 18 39.037594
27 13 0.30759606
27 33 0.7440048
27 11 0.63410014
27 29 0.7818775
27 5 1.6220441
27 34 1.289539
27 20 1.143263
27 2 1.5024867
27 14 3.8744817
27 37 0.9099198
27 7 4402.386
27 16 1.4235498
27 25 0.44880766
28 36 0.03346247
28 26 0.089338236
28 10 0.3542424
28 12 1193.8636
28 3 66.66667
28 9 1.4760646
28 19 1369.9431
29 0 12.046629
29 30 0.88670063
29 8 0.44944164
29 18 1.4769002
29 13 0.86148995
29 33 12.988636
29 11 0.9910671
29 5 1.9840477
29 34 2.9726264
29 20 8.422253
29 2 1.1310483
29 37 0.83229077
29 27 0.7818775
29 16 2000.0
29 23 0.6620343
29 25 1.6462963
30 8 0.5062317
30 18 0.68818563
30 13 30.419132
30 33 6.970111
30 11 0.62290066
30 29 0.88670063
30 5 0.69454896
30 34 0.9418681
30 20 2.2366166
30 2 22.164291
30 14 10.860982
30 37 26.422482
30 7 0.52910644
30 27 0.19583334
30 16 1.1526068
30 23 2.1071515
30 25 21.910091
31 26 0.13670197
31 6 0.14031178
31 10 3.8134694
31 22 41.99532
31 9 0.030352913
31 4 0.06760493
31 17 0.9612138
31 19 0.0934227
32 26 16.541275
32 24 0.24069251
32 12 3.260204
32 15 0.06479979
33 30 6.970111
33 13 1.3637359
33 11 1.8859551
33 29 12.988636
33 5 2000.0
33 34 2000.0
33 20 0.9778062
33 2 4.394599
33 14 0.514412
33 7 2000.0
33 27 0.7440048
33 16 3017.898
33 25 0.6528026
34 30 0.9418681
34 20 0.87103325
34 8 29.54937
34 37 2000.0
34 7 2000.0
34 13 114.41287
34 27 1.289539
34 16 155.90543
34 11 2.3526359
34 29 2.9726264
34 25 1.7697173
34 5 3.3288362
35 21 0.031781524
35 31 134.71628
36 28 0.03346247
36 3 0.20121951
36 9 0.49127722
37 30 26.422482
37 0 1.2282741
37 8 0.81918263
37 18 2.6228523
37 13 1.3359823
37 11 1.3824981
37 29 0.83229077
37 5 14.063525
37 20 2.9967935
37 2 0.95348907
37 7 100.0
37 27 0.9099198
37 16 2000.0
37 23 1.0070933
37 25 27.73029
