0 2 0.9310393
0 37 2.305772
0 13 0.8806244
0 29 48.73691
0 25 13.714286
1 3 1.0537952
1 12 23.071346
2 30 23.59519
2 0 0.9310393
2 8 1.4701254
2 18 3.3960705
2 13 0.7071961
2 33 2.5362763
2 11 2.1709645
2 29 1.3784602
2 20 3.1446629
2 37 0.9106723
2 27 0.90920895
2 16 2000.0
2 23 11.368893
2 25 0.35520038
3 36 0.39844185
3 28 6.455252
3 24 2000.0
3 12 0.057464845
3 1 1.0537952
3 9 1.0039302
4 31 0.06921945
4 9 0.08385714
4 17 0.2171261
4 19 0.08313603
5 30 0.63125867
5 8 0.980742
5 18 1.4485965
5 13 28.307348
5 11 10.425334
5 29 0.78828514
5 34 3.5736623
5 20 5.302971
5 37 12.892294
5 7 12.181194
5 27 2.6314833
5 16 1.8907989
5 23 3.887068
5 25 2000.0
6 31 0.10906607
6 17 1.9208432
7 34 160.0
7 30 0.68517154
7 8 4.2808824
7 16 0.94444793
7 23 1.5161221
7 11 109.939255
7 25 1.893199
7 5 12.181194
8 0 2000.0
8 30 0.3986998
8 18 1.3087416
8 13 1.1313351
8 11 0.9022306
8 29 0.71978146
8 5 0.980742
8 34 18.685362
8 2 1.4701254
8 37 1.4887061
8 7 4.2808824
8 27 1.8659426
8 16 1.8524764
8 23 1.1382406
8 25 2000.0
9 36 0.4804581
9 26 2000.0
9 28 2.327639
9 10 18.661812
9 22 0.0967576
9 31 0.031039314
9 12 2000.0
9 3 1.0039302
9 4 0.08385714
9 17 0.036630705
9 19 0.065724574
10 26 0.031041665
10 28 0.6315635
10 24 0.07816978
10 31 2.1326873
10 12 1269.2614
10 9 18.661812
10 17 0.034429897
11 0 2000.0
11 30 0.7625143
11 8 0.9022306
11 18 10.132188
11 13 1.6820028
11 33 2.8957658
11 29 1.268162
11 5 10.425334
11 34 1.5964403
11 20 1.1080245
11 2 2.1709645
11 37 1.41173
11 7 109.939255
11 27 0.7193201
11 16 1.090021
11 25 1.3204103
12 26 0.4864478
12 32 7.5625
12 24 0.06752683
12 21 0.17229477
12 3 0.057464845
12 1 23.071346
13 30 32.296192
13 0 0.8806244
13 8 1.1313351
13 18 138.46155
13 33 1.0130031
13 11 1.6820028
13 29 0.87583256
13 5 28.307348
13 34 163.33333
13 20 1.8248873
13 2 0.7071961
13 14 4.589804
13 37 1.7098504
13 7 2000.0
13 27 0.33259568
13 16 69.77523
13 25 0.29977843
14 30 7.4178786
14 20 5.0415688
14 13 4.589804
14 27 6.1541452
14 33 0.3041815
14 25 2.541631
15 32 0.07090359
15 21 9.465208
16 30 1.0846409
16 0 2000.0
16 8 1.8524764
16 18 1.5066167
16 13 69.77523
16 11 1.090021
16 29 2000.0
16 5 1.8907989
16 34 34.525566
16 20 20.38162
16 7 0.94444793
16 27 1.6063995
16 23 2.887298
16 25 1.1444409
17 6 1.9208432
17 26 1.5968469
17 10 0.034429897
17 24 0.11044781
17 31 0.9514947
17 9 0.036630705
17 4 0.2171261
17 19 151.44547
18 0 2000.0
18 30 0.6954918
18 8 1.3087416
18 13 138.46155
18 11 10.132188
18 29 1.6343117
18 5 1.4485965
18 2 3.3960705
18 37 2.1469345
18 7 2000.0
18 27 36.213615
18 16 1.5066167
18 23 1.2494518
19 31 0.10880002
19 9 0.065724574
19 17 151.44547
19 4 0.08313603
20 30 1.4226799
20 13 1.8248873
20 33 1.5418539
20 11 1.1080245
20 29 4.4749117
20 5 5.302971
20 34 1.2950063
20 2 3.1446629
20 14 5.0415688
20 37 2.4284275
20 7 1623.6364
20 27 2.5954545
20 16 20.38162
20 25 0.6232057
21 26 2000.0
21 32 2000.0
21 24 0.69909966
21 35 0.032831244
21 12 0.17229477
21 15 9.465208
22 31 109.090904
22 9 0.0967576
22 19 2000.0
23 0 2000.0
23 30 1.7854733
23 8 1.1382406
23 2 11.368893
23 37 1.4431115
23 18 1.2494518
23 7 1.5161221
23 16 2.887298
23 11 2000.0
23 29 1.1423447
23 5 3.887068
24 26 0.04073157
24 32 0.21507034
24 10 0.07816978
24 21 0.69909966
24 12 0.06752683
24 17 0.11044781
25 30 32.326992
25 0 13.714286
25 13 0.29977843
25 33 0.55553234
25 11 1.3204103
25 29 1.8640757
25 34 5.239595
25 20 0.6232057
25 2 0.35520038
25 14 2.541631
25 37 19.32282
25 7 1.893199
25 27 0.2509111
25 16 1.1444409
26 32 1215.0
26 28 0.070099436
26 10 0.031041665
26 24 0.04073157
26 31 0.107613854
26 12 0.4864478
26 17 1.5968469
27 30 0.26372492
27 0 2000.0
27 8 1.8659426
27 18 36.213615
27 13 0.33259568
27 33 0.88419825
27 11 0.7193201
27 29 1.051037
27 5 2.6314833
27 34 0.96458924
27 20 2.5954545
27 2 0.90920895
27 14 6.1541452
27 37 1.0539744
27 7 2000.0
27 16 1.6063995
27 25 0.2509111
28 36 0.038283706
28 26 0.070099436
28 10 0.6315635
28 3 6.455252
28 12 1203.8069
28 9 2.327639
28 19 1463.5227
29 0 48.73691
29 30 2.2100282
29 8 0.71978146
29 18 1.6343117
29 13 0.87583256
29 33 20.465996
29 11 1.268162
29 5 0.78828514
29 34 2.4480343
29 20 4.4749117
29 2 1.3784602
29 37 1.0385755
29 7 2000.0
29 27 1.051037
29 16 2000.0
29 23 1.1423447
29 25 1.8640757
30 8 0.3986998
30 18 0.6954918
30 13 32.296192
30 33 10.45341
30 11 0.7625143
30 29 2.2100282
30 5 0.63125867
30 34 1.1265728
30 20 1.4226799
30 2 23.59519
30 14 7.4178786
30 37 28.066185
30 7 0.68517154
30 27 0.26372492
30 16 1.0846409
30 23 1.7854733
30 25 32.326992
31 26 0.107613854
31 6 0.10906607
31 10 2.1326873
31 35 46.687683
31 22 109.090904
31 9 0.031039314
31 4 0.06921945
31 17 0.9514947
31 19 0.10880002
32 24 0.21507034
32 12 7.5625
32 15 0.07090359
33 30 10.45341
33 8 2000.0
33 13 1.0130031
33 11 2.8957658
33 29 20.465996
33 5 2000.0
33 34 2000.0
33 20 1.5418539
33 2 2.5362763
33 14 0.3041815
33 7 2000.0
33 27 0.88419825
33 16 3017.898
33 25 0.55553234
34 30 1.1265728
34 20 1.2950063
34 8 18.685362
34 37 2000.0
34 13 163.33333
34 7 160.0
34 27 0.96458924
34 16 34.525566
34 11 1.5964403
34 29 2.4480343
34 25 5.239595
34 5 3.5736623
35 21 0.032831244
35 31 46.687683
36 28 0.038283706
36 3 0.39844185
36 9 0.4804581
37 30 28.066185
37 0 2.305772
37 8 1.4887061
37 18 2.1469345
37 13 1.7098504
37 11 1.41173
37 29 1.0385755
37 5 12.892294
37 20 2.4284275
37 2 0.9106723
37 7 1456.9886
37 27 1.0539744
37 16 2000.0
37 23 1.4431115
37 25 19.32282
