0 2 0.8430164
0 37 1.4842345
0 13 0.9428229
0 29 23.528828
0 25 9.723637
1 3 0.93884623
1 12 13.947911
2 30 13.359614
2 0 0.8430164
2 8 1.0975801
2 18 1.9783512
2 13 0.5449782
2 33 2.8514218
2 11 2.3844826
2 29 1.1817352
2 20 1.9674656
2 37 0.8369454
2 27 1.0632632
2 16 2000.0
2 23 11.773436
2 25 0.6752712
3 36 0.27975205
3 28 14.624999
3 24 266.6667
3 12 0.0865011
3 1 0.93884623
3 9 0.38503486
4 31 0.06616624
4 9 0.08175965
4 17 0.13150921
4 19 0.06674474
5 30 0.54631144
5 8 0.42724952
5 18 0.8124101
5 13 16.373697
5 11 3.2446523
5 29 2.7512586
5 34 4.146009
5 20 4.481973
5 37 11.706071
5 7 7.2964973
5 27 1.0677633
5 16 1.9809215
5 23 1.2983801
5 25 2000.0
6 31 0.13407229
6 17 4.949186
7 34 378.94742
7 30 0.6889945
7 20 25.236368
7 8 4.1811457
7 16 1.1795049
7 23 1.1854329
7 11 80.0
7 29 400.0
7 25 1.6876683
7 5 7.2964973
8 0 2000.0
8 30 0.51259464
8 18 1.2745885
8 13 3.7125852
8 11 1.0525352
8 29 0.46621647
8 5 0.42724952
8 34 34.323895
8 2 1.0975801
8 37 1.7129704
8 7 4.1811457
8 27 1.4191552
8 16 1.5824987
8 23 0.94355774
8 25 2000.0
9 36 0.32520774
9 26 2000.0
9 28 1.4094942
9 10 12.255683
9 22 0.049120236
9 31 0.034100074
9 12 2000.0
9 3 0.38503486
9 4 0.08175965
9 17 0.034314763
9 19 0.0659824
10 26 0.0300823
10 28 0.39101908
10 24 0.08302787
10 31 17.020287
10 12 1145.7954
10 9 12.255683
10 17 0.029882515
11 0 2000.0
11 30 0.80371517
11 8 1.0525352
11 18 7.2828574
11 13 1.1285827
11 33 2.583294
11 29 0.9528788
11 5 3.2446523
11 34 2.7252367
11 20 0.76113
11 2 2.3844826
11 37 1.8318775
11 7 80.0
11 27 0.85409683
11 16 1.2937183
11 25 0.78925186
12 26 0.4133383
12 32 11.004209
12 24 0.069513775
12 21 0.10330797
12 3 0.0865011
12 1 13.947911
13 30 19.132954
13 0 0.9428229
13 8 3.7125852
13 18 119.21257
13 33 1.0272768
13 11 1.1285827
13 29 0.9604588
13 5 16.373697
13 34 3691.875
13 20 1.1136363
13 2 0.5449782
13 14 8.610113
13 37 1.0267152
13 7 2000.0
13 27 0.23856
13 16 31.47664
13 25 0.258612
14 30 5.6228695
14 20 2.972443
14 13 8.610113
14 27 2.5715673
14 33 0.8865832
14 11 2000.0
14 25 2.7722578
15 32 0.08720497
15 24 337.93106
15 21 5.1942887
16 34 88.78875
16 30 1.1046815
16 20 27.958622
16 8 1.5824987
16 18 0.9331611
16 13 31.47664
16 7 1.1795049
16 27 1.4185704
16 11 1.2937183
16 23 3.9262214
16 25 0.9659793
16 5 1.9809215
17 6 4.949186
17 26 1.7274674
17 10 0.029882515
17 24 0.10571664
17 31 1.0017846
17 9 0.034314763
17 4 0.13150921
17 19 51.281273
18 0 2000.0
18 30 0.7551715
18 8 1.2745885
18 13 119.21257
18 11 7.2828574
18 29 1.3996569
18 5 0.8124101
18 2 1.9783512
18 37 3.0663686
18 7 2000.0
18 27 8.796061
18 16 0.9331611
18 23 1.4214146
19 31 0.08939084
19 9 0.0659824
19 4 0.06674474
19 17 51.281273
20 30 1.5123783
20 13 1.1136363
20 33 1.7865852
20 11 0.76113
20 29 12.625677
20 5 4.481973
20 34 1.3156198
20 2 1.9674656
20 14 2.972443
20 37 2.0754662
20 7 25.236368
20 27 2.720315
20 16 27.958622
20 25 0.42736906
21 32 400.0
21 10 2000.0
21 24 0.9389231
21 35 0.030975912
21 31 2000.0
21 12 0.10330797
21 15 5.1942887
22 31 180.00002
22 9 0.049120236
22 19 2000.0
23 0 2000.0
23 30 1.770431
23 8 0.94355774
23 2 11.773436
23 37 2.0573783
23 18 1.4214146
23 7 1.1854329
23 16 3.9262214
23 11 2000.0
23 29 1.3360338
23 5 1.2983801
24 26 0.044269044
24 32 0.18008208
24 10 0.08302787
24 21 0.9389231
24 12 0.069513775
24 3 266.6667
24 15 337.93106
24 17 0.10571664
25 0 9.723637
25 30 10.816176
25 13 0.258612
25 33 0.856594
25 11 0.78925186
25 29 1.6672167
25 34 1.900952
25 20 0.42736906
25 2 0.6752712
25 14 2.7722578
25 37 1283.4092
25 7 1.6876683
25 27 0.24568567
25 16 0.9659793
26 32 34.672657
26 28 0.05141046
26 10 0.0300823
26 24 0.044269044
26 31 0.53242415
26 12 0.4133383
26 17 1.7274674
27 30 0.3942344
27 0 2000.0
27 8 1.4191552
27 18 8.796061
27 13 0.23856
27 33 0.7466845
27 11 0.85409683
27 29 0.72349644
27 5 1.0677633
27 34 1.2343982
27 20 2.720315
27 2 1.0632632
27 14 2.5715673
27 37 1.1932532
27 7 2916.9885
27 16 1.4185704
27 25 0.24568567
28 36 0.029646259
28 26 0.05141046
28 10 0.39101908
28 3 14.624999
28 12 1095.7955
28 9 1.4094942
28 19 1238.2386
29 0 23.528828
29 30 1.9313505
29 8 0.46621647
29 18 1.3996569
29 13 0.9604588
29 33 13.151795
29 11 0.9528788
29 5 2.7512586
29 34 2.4349604
29 20 12.625677
29 2 1.1817352
29 37 1.1020365
29 7 400.0
29 27 0.72349644
29 16 2000.0
29 23 1.3360338
29 25 1.6672167
30 8 0.51259464
30 18 0.7551715
30 13 19.132954
30 33 4.8502717
30 11 0.80371517
30 29 1.9313505
30 5 0.54631144
30 34 0.85508806
30 20 1.5123783
30 2 13.359614
30 14 5.6228695
30 37 13.999099
30 7 0.6889945
30 27 0.3942344
30 16 1.1046815
30 23 1.770431
30 25 10.816176
31 26 0.53242415
31 6 0.13407229
31 10 17.020287
31 35 44.054546
31 22 180.00002
31 9 0.034100074
31 4 0.06616624
31 17 1.0017846
31 19 0.08939084
32 26 34.672657
32 24 0.18008208
32 21 400.0
32 12 11.004209
32 15 0.08720497
33 30 4.8502717
33 13 1.0272768
33 11 2.583294
33 29 13.151795
33 5 2000.0
33 34 2000.0
33 20 1.7865852
33 2 2.8514218
33 14 0.8865832
33 7 2000.0
33 27 0.7466845
33 16 1971.0227
33 25 0.856594
34 30 0.85508806
34 20 1.3156198
34 8 34.323895
34 37 2000.0
34 7 378.94742
34 27 1.2343982
34 16 88.78875
34 11 2.7252367
34 29 2.4349604
34 25 1.900952
34 5 4.146009
35 21 0.030975912
35 31 44.054546
36 28 0.029646259
36 3 0.27975205
36 9 0.32520774
37 30 13.999099
37 0 1.4842345
37 8 1.7129704
37 18 3.0663686
37 13 1.0267152
37 11 1.8318775
37 29 1.1020365
37 5 11.706071
37 20 2.0754662
37 2 0.8369454
37 7 3190.1704
37 27 1.1932532
37 16 2000.0
37 23 2.0573783
37 25 1283.4092
