0 2 0.90394306
0 37 1.4854846
0 13 0.94238067
0 29 27.295652
0 25 17.612175
1 3 0.49505135
1 12 22.235468
2 30 27.371067
2 0 0.90394306
2 8 1.6066651
2 18 2.421981
2 13 0.72204715
2 33 3.2315505
2 11 2.302554
2 29 1.8041488
2 20 4.472181
2 37 0.92351854
2 27 1.8069533
2 16 2000.0
2 23 6.4834414
2 25 0.88728577
3 36 1.0177
3 28 5.151989
3 24 2000.0
3 12 0.06549926
3 1 0.49505135
3 9 0.6155061
4 31 0.066487916
4 9 0.103065796
4 17 0.39412206
4 19 0.066106565
5 30 0.82949054
5 8 0.66506195
5 18 0.637654
5 13 22.051775
5 11 2.8271155
5 29 7.5343156
5 34 3.9426591
5 20 3.240251
5 37 16.411978
5 7 8.2706585
5 27 0.88124996
5 16 2.0672045
5 23 2.6111505
6 31 0.14705917
6 17 4.9523134
7 30 0.87994194
7 20 54.226788
7 8 7.8329473
7 37 93.28497
7 16 1.6310536
7 23 1.7367388
7 11 121.465195
7 25 5.0329056
7 5 8.2706585
8 0 2000.0
8 30 0.5279714
8 18 1.2920204
8 13 1.3484768
8 11 0.8214754
8 29 0.7151752
8 5 0.66506195
8 34 15.04384
8 2 1.6066651
8 37 1.1877699
8 7 7.8329473
8 27 1.9340329
8 16 1.812889
8 23 1.097742
8 25 2000.0
9 36 0.83173305
9 26 2000.0
9 28 1.6899887
9 10 23.756542
9 22 0.056886826
9 31 0.030206464
9 3 0.6155061
9 12 2000.0
9 4 0.103065796
9 17 0.03698387
9 19 0.07294594
10 26 0.030096384
10 28 0.7544978
10 24 0.10211648
10 31 15.557707
10 12 1489.8864
10 9 23.756542
10 17 0.035739567
11 0 2000.0
11 30 0.7865387
11 8 0.8214754
11 18 5.386827
11 13 0.7553416
11 33 1.3622614
11 29 1.2708021
11 5 2.8271155
11 34 2.1640599
11 20 1.1012199
11 2 2.302554
11 37 1.4388603
11 7 121.465195
11 27 0.6724274
11 16 1.1867325
11 25 0.69737685
12 26 0.31126487
12 32 2.1982214
12 24 0.06957025
12 21 0.21048063
12 3 0.06549926
12 1 22.235468
13 30 61.687508
13 0 0.94238067
13 8 1.3484768
13 18 106.33154
13 33 1.2912927
13 11 0.7553416
13 29 1.5021193
13 5 22.051775
13 34 56.718136
13 20 0.9077574
13 2 0.72204715
13 14 8.410958
13 37 1.1148579
13 7 2000.0
13 27 0.6315751
13 16 14.591202
13 25 0.40129715
14 30 9.525575
14 20 2.14752
14 13 8.410958
14 27 2.3344648
14 33 0.43295452
14 11 2000.0
14 25 1.6110488
15 32 0.074505135
15 21 4.408871
16 0 2000.0
16 30 1.2674099
16 8 1.812889
16 18 1.458139
16 13 14.591202
16 11 1.1867325
16 5 2.0672045
16 34 34.78539
16 20 15.322461
16 7 1.6310536
16 27 1.644249
16 23 2.7724679
16 25 1.042339
17 6 4.9523134
17 26 3.067302
17 10 0.035739567
17 24 0.070524506
17 31 1.1519914
17 9 0.03698387
17 4 0.39412206
17 19 133.76706
18 0 2000.0
18 30 0.7320493
18 8 1.2920204
18 13 106.33154
18 11 5.386827
18 29 1.2578783
18 5 0.637654
18 2 2.421981
18 37 4.5893736
18 7 2000.0
18 27 27.319292
18 16 1.458139
18 23 1.016177
19 31 0.08132895
19 9 0.07294594
19 4 0.066106565
19 17 133.76706
20 30 1.6880317
20 13 0.9077574
20 33 0.9216315
20 11 1.1012199
20 29 10.235406
20 5 3.240251
20 34 0.99780095
20 2 4.472181
20 14 2.14752
20 37 1.5386515
20 7 54.226788
20 27 1.3231292
20 16 15.322461
20 25 0.49890524
21 32 2000.0
21 10 2000.0
21 24 0.84629583
21 35 0.033876676
21 31 2000.0
21 12 0.21048063
21 15 4.408871
22 31 163.63637
22 9 0.056886826
22 19 2000.0
23 30 1.7758386
23 0 2000.0
23 8 1.097742
23 2 6.4834414
23 37 1.2455939
23 18 1.016177
23 7 1.7367388
23 16 2.7724679
23 11 2000.0
23 29 1.380676
23 5 2.6111505
24 26 0.044306345
24 32 0.20274064
24 10 0.10211648
24 21 0.84629583
24 12 0.06957025
24 17 0.070524506
25 30 18.391611
25 0 17.612175
25 13 0.40129715
25 33 0.64845216
25 11 0.69737685
25 29 1.6825138
25 34 1.6616138
25 20 0.49890524
25 2 0.88728577
25 14 1.6110488
25 37 28.495928
25 7 5.0329056
25 27 0.3795107
25 16 1.042339
26 32 24.27684
26 28 0.08710906
26 10 0.030096384
26 24 0.044306345
26 31 0.11848929
26 12 0.31126487
26 17 3.067302
27 30 0.25711542
27 0 2000.0
27 8 1.9340329
27 18 27.319292
27 13 0.6315751
27 33 0.76605767
27 11 0.6724274
27 29 0.69124216
27 5 0.88124996
27 34 1.0142993
27 20 1.3231292
27 2 1.8069533
27 14 2.3344648
27 37 1.0616219
27 7 2000.0
27 16 1.644249
27 25 0.3795107
28 36 0.031034086
28 26 0.08710906
28 10 0.7544978
28 3 5.151989
28 12 1208.6364
28 9 1.6899887
28 19 1352.784
29 0 27.295652
29 30 1.3915124
29 8 0.7151752
29 18 1.2578783
29 13 1.5021193
29 33 4.7602625
29 11 1.2708021
29 5 7.5343156
29 34 4.384695
29 20 10.235406
29 2 1.8041488
29 37 1.1310407
29 7 2000.0
29 27 0.69124216
29 16 2000.0
29 23 1.380676
29 25 1.6825138
30 8 0.5279714
30 18 0.7320493
30 13 61.687508
30 33 8.01899
30 11 0.7865387
30 29 1.3915124
30 5 0.82949054
30 34 0.8393933
30 20 1.6880317
30 2 27.371067
30 14 9.525575
30 37 23.110777
30 7 0.87994194
30 27 0.25711542
30 16 1.2674099
30 23 1.7758386
30 25 18.391611
31 26 0.11848929
31 6 0.14705917
31 10 15.557707
31 35 134.19547
31 22 163.63637
31 9 0.030206464
31 4 0.066487916
31 17 1.1519914
31 19 0.08132895
32 26 24.27684
32 24 0.20274064
32 12 2.1982214
32 15 0.074505135
33 34 2000.0
33 30 8.01899
33 20 0.9216315
33 2 3.2315505
33 14 0.43295452
33 7 2000.0
33 13 1.2912927
33 27 0.76605767
33 16 3017.898
33 11 1.3622614
33 29 4.7602625
33 25 0.64845216
34 30 0.8393933
34 20 0.99780095
34 8 15.04384
34 37 2000.0
34 7 2000.0
34 13 56.718136
34 27 1.0142993
34 16 34.78539
34 11 2.1640599
34 29 4.384695
34 25 1.6616138
34 5 3.9426591
35 21 0.033876676
35 31 134.19547
36 26 2000.0
36 28 0.031034086
36 3 1.0177
36 9 0.83173305
37 30 23.110777
37 0 1.4854846
37 8 1.1877699
37 18 4.5893736
37 13 1.1148579
37 11 1.4388603
37 29 1.1310407
37 5 16.411978
37 20 1.5386515
37 2 0.92351854
37 7 93.28497
37 27 1.0616219
37 16 2000.0
37 23 1.2455939
37 25 28.495928
