0 2 1.4390355
0 37 3.438968
0 13 1.0212126
0 29 34.703953
0 25 84.00116
1 3 1.6575296
1 12 35.18014
2 30 21.887955
2 0 1.4390355
2 8 1.5941184
2 18 2.3232214
2 13 0.58160037
2 33 2.1538987
2 11 2.0446684
2 29 1.2137548
2 20 3.1185799
2 37 0.85749227
2 27 1.7161626
2 16 2000.0
2 23 9.655866
2 25 0.7638674
3 36 0.7564505
3 28 164.61578
3 24 2000.0
3 12 0.06842399
3 1 1.6575296
3 9 0.6692841
4 31 0.07173906
4 9 0.11414866
4 17 0.28124717
4 19 0.06648748
5 30 0.76298434
5 8 0.7569196
5 18 1.7532731
5 13 31.06058
5 11 7.9989214
5 29 10.533409
5 34 2.2999394
5 20 3.3971164
5 37 13.33977
5 7 25.86878
5 27 4.620905
5 16 2.6502964
5 23 2.44164
5 25 2000.0
6 31 0.102485895
6 17 4.5961294
7 34 266.6667
7 30 1.1670028
7 20 18.38596
7 8 10.709458
7 37 54.561714
7 16 1.696579
7 23 1.7728603
7 11 319.7182
7 25 2.610426
7 5 25.86878
8 0 2000.0
8 30 0.45233572
8 18 1.2487892
8 13 1.782863
8 11 1.0605747
8 29 1.1322069
8 5 0.7569196
8 34 42.039356
8 2 1.5941184
8 37 0.955423
8 7 10.709458
8 27 1.2398921
8 16 1.5721798
8 23 1.543457
8 25 2000.0
9 36 0.80777603
9 26 2000.0
9 28 2.0382633
9 10 3.4886858
9 22 0.051854067
9 31 0.029912025
9 3 0.6692841
9 12 2000.0
9 4 0.11414866
9 17 0.038066085
9 19 0.07744437
10 26 0.030142784
10 28 0.30064937
10 24 0.09261363
10 31 2.1948307
10 12 1612.5568
10 9 3.4886858
10 17 0.032834098
11 0 2000.0
11 30 1.0358258
11 8 1.0605747
11 18 7.4421563
11 13 1.11565
11 33 1.909777
11 29 1.2494122
11 5 7.9989214
11 34 2.7050354
11 20 1.9789407
11 2 2.0446684
11 37 1.4420673
11 7 319.7182
11 27 0.8526514
11 16 1.3742125
11 25 1.0499061
12 26 0.47248015
12 32 2.2574704
12 24 0.06711877
12 21 0.1712243
12 3 0.06842399
12 1 35.18014
13 30 32.089245
13 0 1.0212126
13 8 1.782863
13 18 101.81439
13 33 0.7870325
13 11 1.11565
13 29 0.95668966
13 5 31.06058
13 34 2219.8862
13 20 1.0373151
13 2 0.58160037
13 14 7.313182
13 37 1.0798181
13 27 0.3039254
13 16 4746.307
13 25 0.2606934
14 34 2000.0
14 30 7.636728
14 20 2.5101457
14 13 7.313182
14 27 2.63709
14 33 0.40255666
14 11 2000.0
14 25 2.2551343
15 32 0.07686127
15 21 9.743663
16 0 2000.0
16 30 1.1393203
16 8 1.5721798
16 18 2.3640778
16 11 1.3742125
16 29 2000.0
16 5 2.6502964
16 34 23.124498
16 20 30.9161
16 7 1.696579
16 27 1.4714717
16 23 3.750638
16 25 1.007807
17 6 4.5961294
17 26 1.8725206
17 10 0.032834098
17 24 0.06986175
17 31 0.9698061
17 9 0.038066085
17 4 0.28124717
17 19 2000.0
18 0 2000.0
18 30 0.75286984
18 8 1.2487892
18 13 101.81439
18 11 7.4421563
18 29 1.4609919
18 5 1.7532731
18 2 2.3232214
18 37 4.8838224
18 7 2000.0
18 27 113.086105
18 16 2.3640778
18 23 1.2410862
19 31 0.086946644
19 9 0.07744437
19 4 0.06648748
20 30 2.237464
20 13 1.0373151
20 33 1.3817652
20 11 1.9789407
20 29 6.1666207
20 5 3.3971164
20 34 1.0362542
20 2 3.1185799
20 14 2.5101457
20 37 3.178583
20 7 18.38596
20 27 2.3321183
20 16 30.9161
20 25 0.5828887
21 26 2000.0
21 32 2000.0
21 24 0.95836574
21 35 0.034512352
21 31 2000.0
21 12 0.1712243
21 15 9.743663
22 31 300.0
22 9 0.051854067
22 19 2000.0
23 0 2000.0
23 30 1.5500239
23 8 1.543457
23 2 9.655866
23 37 1.4096495
23 18 1.2410862
23 7 1.7728603
23 16 3.750638
23 11 2000.0
23 29 3.3460712
23 5 2.44164
24 26 0.04733363
24 32 0.40560207
24 10 0.09261363
24 21 0.95836574
24 12 0.06711877
24 15 2000.0
24 17 0.06986175
25 0 84.00116
25 30 14.406167
25 13 0.2606934
25 33 0.63401186
25 11 1.0499061
25 29 2.7272906
25 34 3.8010983
25 20 0.5828887
25 2 0.7638674
25 14 2.2551343
25 37 49.7779
25 7 2.610426
25 27 0.5969821
25 16 1.007807
26 32 144.51021
26 28 0.05860512
26 10 0.030142784
26 24 0.04733363
26 31 0.16349155
26 12 0.47248015
26 17 1.8725206
27 30 0.23165178
27 0 2000.0
27 8 1.2398921
27 18 113.086105
27 13 0.3039254
27 33 0.6704139
27 11 0.8526514
27 29 0.8138432
27 5 4.620905
27 34 1.1401852
27 20 2.3321183
27 2 1.7161626
27 14 2.63709
27 37 0.8819922
27 7 2000.0
27 16 1.4714717
27 25 0.5969821
28 36 0.03559028
28 26 0.05860512
28 10 0.30064937
28 12 2000.0
28 3 164.61578
28 9 2.0382633
28 19 1371.4205
29 0 34.703953
29 30 3.1066837
29 8 1.1322069
29 18 1.4609919
29 13 0.95668966
29 33 12.009069
29 11 1.2494122
29 5 10.533409
29 34 3.734478
29 20 6.1666207
29 2 1.2137548
29 37 0.79820096
29 7 2000.0
29 27 0.8138432
29 16 2000.0
29 23 3.3460712
29 25 2.7272906
30 8 0.45233572
30 18 0.75286984
30 13 32.089245
30 33 5.285821
30 11 1.0358258
30 29 3.1066837
30 5 0.76298434
30 34 0.9381445
30 20 2.237464
30 2 21.887955
30 14 7.636728
30 37 14.818342
30 7 1.1670028
30 27 0.23165178
30 16 1.1393203
30 23 1.5500239
30 25 14.406167
31 6 0.102485895
31 26 0.16349155
31 10 2.1948307
31 35 8.191898
31 22 300.0
31 9 0.029912025
31 4 0.07173906
31 17 0.9698061
31 19 0.086946644
32 26 144.51021
32 24 0.40560207
32 21 2000.0
32 12 2.2574704
32 15 0.07686127
33 30 5.285821
33 8 2000.0
33 13 0.7870325
33 11 1.909777
33 29 12.009069
33 5 2000.0
33 34 2000.0
33 20 1.3817652
33 2 2.1538987
33 14 0.40255666
33 7 2000.0
33 27 0.6704139
33 16 2738.6362
33 25 0.63401186
34 30 0.9381445
34 20 1.0362542
34 8 42.039356
34 37 2000.0
34 7 266.6667
34 27 1.1401852
34 16 23.124498
34 11 2.7050354
34 29 3.734478
34 25 3.8010983
34 5 2.2999394
35 21 0.034512352
35 31 8.191898
36 28 0.03559028
36 3 0.7564505
36 9 0.80777603
37 30 14.818342
37 0 3.438968
37 8 0.955423
37 18 4.8838224
37 13 1.0798181
37 11 1.4420673
37 29 0.79820096
37 5 13.33977
37 20 3.178583
37 2 0.85749227
37 7 54.561714
37 27 0.8819922
37 16 1696.4204
37 23 1.4096495
37 25 49.7779
