0 8 3.1942632
0 2 0.82944614
0 37 0.8104174
0 13 0.9855026
0 11 13.703239
0 29 7.027159
1 3 0.24592479
1 12 23.46041
2 30 3.8536706
2 0 0.82944614
2 8 1.4068025
2 18 30.417507
2 13 0.33079574
2 33 1.2842649
2 11 0.8394362
2 29 0.886252
2 20 1.3482926
2 37 0.6986305
2 27 0.43833894
2 16 2000.0
2 23 62.972813
2 25 0.8938604
3 36 0.1822673
3 28 0.08545479
3 24 266.6667
3 12 0.056808315
3 1 0.24592479
3 9 0.3119632
4 31 0.08379989
4 9 0.06492605
4 17 0.08958844
4 19 0.10100177
5 30 0.69754916
5 8 0.7050353
5 18 0.39606473
5 13 145.30106
5 11 2.719891
5 29 2.991971
5 34 1.7432894
5 20 2.6837893
5 37 2000.0
5 7 4.0798297
5 27 1.4270833
5 16 1.7542713
5 23 2.882019
6 31 0.55187684
6 17 1.0479405
7 34 10.117486
7 30 1.1725329
7 20 1.4961466
7 8 67.618935
7 37 24.93818
7 16 1.3650956
7 11 5.8155413
7 23 1.0107442
7 25 3.9903316
7 5 4.0798297
8 0 3.1942632
8 30 0.71286035
8 18 1.2687205
8 13 3.3005388
8 11 0.5447631
8 29 0.68360114
8 5 0.7050353
8 34 3.754277
8 2 1.4068025
8 37 0.7280867
8 7 67.618935
8 27 0.85589653
8 16 1.8855424
8 23 1.2087578
9 36 1.2727869
9 26 2000.0
9 28 3.127868
9 10 10.055314
9 22 0.29163378
9 31 0.029502789
9 3 0.3119632
9 12 2000.0
9 17 0.07384469
9 4 0.06492605
9 19 0.071176045
10 26 0.039868873
10 28 0.3315969
10 24 0.05214442
10 31 0.043752614
10 12 7.7947364
10 9 10.055314
10 17 0.036392987
11 0 13.703239
11 30 0.47684905
11 8 0.5447631
11 18 7.3057156
11 13 0.68247443
11 33 2.038741
11 29 1.2377841
11 5 2.719891
11 34 3.0741234
11 20 0.89002293
11 2 0.8394362
11 37 1.3748357
11 7 5.8155413
11 27 0.807371
11 16 0.7829453
11 25 0.9301963
12 26 2.1233544
12 28 3.5830834
12 32 0.22959273
12 10 7.7947364
12 24 0.0668633
12 21 0.118995965
12 3 0.056808315
12 1 23.46041
13 0 0.9855026
13 30 1.6559606
13 8 3.3005388
13 18 91.677025
13 33 0.7314254
13 11 0.68247443
13 29 1.0698768
13 5 145.30106
13 34 11.029159
13 20 1.0336347
13 2 0.33079574
13 14 3.0125303
13 37 1.1664494
13 27 0.22493882
13 16 21.070015
13 25 0.61039245
14 20 1.4116815
14 13 3.0125303
14 27 3.3381956
14 33 0.50089127
14 11 2000.0
14 25 2.323227
15 32 0.084974885
15 24 2000.0
15 21 2.5058596
16 30 1.1018503
16 0 2000.0
16 8 1.8855424
16 18 1.15324
16 13 21.070015
16 11 0.7829453
16 29 19.850826
16 5 1.7542713
16 20 3.8137891
16 37 32.308746
16 7 1.3650956
16 27 1.2901305
16 23 10.502265
16 25 1.4691299
17 26 1.7308037
17 6 1.0479405
17 10 0.036392987
17 24 0.27275112
17 31 1.4203291
17 9 0.07384469
17 4 0.08958844
17 19 5.898833
18 30 0.6878538
18 2 30.417507
18 8 1.2687205
18 37 0.99315774
18 13 91.677025
18 7 2000.0
18 27 4.3070855
18 16 1.15324
18 23 1.646106
18 11 7.3057156
18 29 2.6700034
18 5 0.39606473
19 31 0.090699345
19 9 0.071176045
19 17 5.898833
19 4 0.10100177
20 30 35.344788
20 13 1.0336347
20 33 1.5002558
20 11 0.89002293
20 29 2.4308822
20 5 2.6837893
20 34 0.78868717
20 2 1.3482926
20 14 1.4116815
20 37 3.1512566
20 7 1.4961466
20 27 0.9709739
20 16 3.8137891
20 25 0.5887201
21 32 2000.0
21 24 1.1453542
21 35 0.034061454
21 12 0.118995965
21 15 2.5058596
22 6 1301.3069
22 31 1246.1364
22 9 0.29163378
22 19 1318.8068
23 0 2000.0
23 30 1.6598545
23 2 62.972813
23 8 1.2087578
23 37 2.373009
23 18 1.646106
23 7 1.0107442
23 16 10.502265
23 11 2000.0
23 29 2.2900596
23 5 2.882019
24 26 0.05620571
24 32 0.101384334
24 10 0.05214442
24 21 1.1453542
24 31 2.0306916
24 12 0.0668633
24 3 266.6667
24 15 2000.0
24 17 0.27275112
25 30 2.0316806
25 13 0.61039245
25 33 0.38421562
25 11 0.9301963
25 29 3.4197524
25 34 1.7422686
25 20 0.5887201
25 2 0.8938604
25 14 2.323227
25 37 38.2545
25 7 3.9903316
25 27 0.66480756
25 16 1.4691299
26 32 53.453606
26 28 0.03428922
26 10 0.039868873
26 24 0.05620571
26 31 0.051333293
26 12 2.1233544
26 17 1.7308037
27 0 2000.0
27 30 0.13693117
27 8 0.85589653
27 18 4.3070855
27 13 0.22493882
27 33 1.0695324
27 11 0.807371
27 29 0.50094676
27 5 1.4270833
27 34 1.4623648
27 20 0.9709739
27 2 0.43833894
27 14 3.3381956
27 37 0.97690904
27 7 2464.4888
27 16 1.2901305
27 25 0.66480756
28 36 0.034474928
28 26 0.03428922
28 10 0.3315969
28 3 0.08545479
28 12 3.5830834
28 9 3.127868
29 0 7.027159
29 30 3.6888018
29 8 0.68360114
29 18 2.6700034
29 13 1.0698768
29 11 1.2377841
29 5 2.991971
29 34 18.602213
29 20 2.4308822
29 2 0.886252
29 37 1.0902293
29 7 2000.0
29 27 0.50094676
29 16 19.850826
29 23 2.2900596
29 25 3.4197524
30 0 2000.0
30 8 0.71286035
30 18 0.6878538
30 13 1.6559606
30 33 2.8587682
30 11 0.47684905
30 29 3.6888018
30 5 0.69754916
30 34 1.9678977
30 20 35.344788
30 2 3.8536706
30 37 11.653182
30 7 1.1725329
30 27 0.13693117
30 16 1.1018503
30 23 1.6598545
30 25 2.0316806
31 26 0.051333293
31 6 0.55187684
31 10 0.043752614
31 24 2.0306916
31 9 0.029502789
31 17 1.4203291
31 4 0.08379989
31 19 0.090699345
32 26 53.453606
32 24 0.101384334
32 12 0.22959273
32 15 0.084974885
33 34 2000.0
33 30 2.8587682
33 20 1.5002558
33 2 1.2842649
33 14 0.50089127
33 7 2000.0
33 13 0.7314254
33 27 1.0695324
33 16 2020.4546
33 11 2.038741
33 29 2580.5112
33 25 0.38421562
34 30 1.9678977
34 20 0.78868717
34 8 3.754277
34 13 11.029159
34 7 10.117486
34 27 1.4623648
34 16 1215.0568
34 11 3.0741234
34 25 1.7422686
34 29 18.602213
34 5 1.7432894
35 21 0.034061454
36 26 342.46027
36 28 0.034474928
36 3 0.1822673
36 9 1.2727869
37 30 11.653182
37 0 0.8104174
37 8 0.7280867
37 18 0.99315774
37 13 1.1664494
37 11 1.3748357
37 29 1.0902293
37 20 3.1512566
37 2 0.6986305
37 7 24.93818
37 27 0.97690904
37 16 32.308746
37 23 2.373009
37 25 38.2545
