0 2 1.0047954
0 37 1.2780915
0 13 1.0254661
0 29 22.805323
0 25 13.660151
1 3 0.48682564
1 12 10.24883
2 30 10.965129
2 0 1.0047954
2 8 1.4349456
2 18 2.1192644
2 13 0.5740042
2 33 2.5509112
2 11 1.8386195
2 29 1.153582
2 5 2000.0
2 20 5.7648945
2 37 1.003315
2 27 0.761349
2 16 2000.0
2 23 12.651522
2 25 1.1861186
3 36 0.24562939
3 28 19.184015
3 24 133.33334
3 12 0.094196185
3 1 0.48682564
3 9 0.89821607
4 31 0.06531037
4 9 0.09637759
4 17 0.1203468
4 19 0.06669452
5 30 0.6015797
5 8 0.4447161
5 18 1.1798815
5 13 29.019651
5 11 2.2399535
5 29 2.9443622
5 34 2.378535
5 20 2.147762
5 37 17.420948
5 7 9.629536
5 27 1.4390324
5 16 1.456099
5 23 2.843043
6 31 0.13437034
6 17 1.8318815
7 34 261.56082
7 30 0.6579806
7 8 4.6577835
7 27 2000.0
7 16 1.3608927
7 23 1.4406847
7 25 1.7594867
7 5 9.629536
8 0 2000.0
8 30 0.5036941
8 18 1.3634497
8 13 0.84922296
8 11 0.7816737
8 29 0.44001687
8 5 0.4447161
8 34 26.30327
8 2 1.4349456
8 37 0.89583373
8 7 4.6577835
8 27 1.6672813
8 16 1.6065632
8 23 0.7938311
8 25 2000.0
9 36 0.6647026
9 26 2000.0
9 28 2.2535682
9 10 30.098707
9 22 0.11903122
9 31 0.034983296
9 12 2000.0
9 3 0.89821607
9 4 0.09637759
9 17 0.03597771
9 19 0.06902471
10 26 0.03131415
10 28 0.57420796
10 24 0.1706902
10 31 58.40146
10 12 1355.284
10 9 30.098707
10 17 0.046245914
11 0 2000.0
11 30 1.4241213
11 8 0.7816737
11 18 9.528755
11 13 0.8627623
11 33 2.1217134
11 29 0.7078442
11 5 2.2399535
11 34 2.6811612
11 20 2.1846416
11 2 1.8386195
11 37 1.806917
11 7 1208.6931
11 27 0.9542045
11 16 1.2462214
11 25 1.0133156
12 26 1.8087654
12 32 6.50352
12 24 0.070869714
12 21 0.17103943
12 3 0.094196185
12 1 10.24883
13 30 73.194595
13 0 1.0254661
13 8 0.84922296
13 18 135.73863
13 33 1.0482398
13 11 0.8627623
13 29 1.1514682
13 5 29.019651
13 34 94.33776
13 20 1.1800367
13 2 0.5740042
13 14 5.8986173
13 37 1.041308
13 7 2000.0
13 27 0.2773325
13 16 17.614407
13 25 0.18729268
14 30 7.042878
14 20 2.6678374
14 13 5.8986173
14 27 2.861335
14 33 0.6170843
14 25 1.3930986
15 32 0.066522956
15 24 112.643684
15 21 5.391797
16 30 1.1210369
16 8 1.6065632
16 18 0.99844146
16 13 17.614407
16 11 1.2462214
16 29 123.6932
16 5 1.456099
16 34 62.97916
16 20 7.7970777
16 7 1.3608927
16 27 1.2613311
16 23 3.0008543
16 25 0.7534612
17 6 1.8318815
17 26 1.7457594
17 10 0.046245914
17 24 0.1413696
17 31 0.9601386
17 9 0.03597771
17 4 0.1203468
17 19 70.14053
18 0 2000.0
18 30 0.81939596
18 8 1.3634497
18 13 135.73863
18 11 9.528755
18 29 1.3122952
18 5 1.1798815
18 2 2.1192644
18 37 2.0078511
18 7 2000.0
18 27 25.517244
18 16 0.99844146
18 23 1.1995378
19 31 0.090454064
19 9 0.06902471
19 17 70.14053
19 4 0.06669452
20 0 2000.0
20 30 2.1628015
20 13 1.1800367
20 33 1.9750373
20 11 2.1846416
20 29 12.887009
20 5 2.147762
20 34 1.099322
20 2 5.7648945
20 14 2.6678374
20 37 5.3685226
20 7 1045.1704
20 27 2.0576282
20 16 7.7970777
20 25 0.43365166
21 32 2000.0
21 24 0.8462507
21 35 0.03031405
21 31 2000.0
21 12 0.17103943
21 15 5.391797
22 31 133.33334
22 9 0.11903122
22 19 2000.0
23 0 2000.0
23 30 1.7648357
23 8 0.7938311
23 2 12.651522
23 37 1.8402408
23 18 1.1995378
23 7 1.4406847
23 16 3.0008543
23 11 2000.0
23 29 0.90629894
23 5 2.843043
24 26 0.04091881
24 6 2000.0
24 32 0.2768182
24 10 0.1706902
24 21 0.8462507
24 12 0.070869714
24 3 133.33334
24 15 112.643684
24 17 0.1413696
25 30 36.560738
25 0 13.660151
25 13 0.18729268
25 33 0.86518323
25 11 1.0133156
25 29 1.3765672
25 34 3.0180233
25 20 0.43365166
25 2 1.1861186
25 14 1.3930986
25 37 24.79845
25 7 1.7594867
25 27 0.22809367
25 16 0.7534612
26 32 17.235659
26 28 0.058332384
26 10 0.03131415
26 24 0.04091881
26 31 0.16081181
26 12 1.8087654
26 17 1.7457594
27 30 0.25336212
27 0 2000.0
27 8 1.6672813
27 18 25.517244
27 13 0.2773325
27 33 1.0127367
27 11 0.9542045
27 29 0.7027362
27 5 1.4390324
27 34 1.1540215
27 20 2.0576282
27 2 0.761349
27 14 2.861335
27 37 0.83420455
27 7 2000.0
27 16 1.2613311
27 25 0.22809367
28 36 0.038407784
28 26 0.058332384
28 10 0.57420796
28 3 19.184015
28 12 1381.0227
28 9 2.2535682
28 19 1469.8865
29 0 22.805323
29 30 1.4923663
29 8 0.44001687
29 18 1.3122952
29 13 1.1514682
29 33 12.805703
29 11 0.7078442
29 5 2.9443622
29 34 3.1136744
29 20 12.887009
29 2 1.153582
29 37 0.8933938
29 7 2000.0
29 27 0.7027362
29 16 123.6932
29 23 0.90629894
29 25 1.3765672
30 8 0.5036941
30 18 0.81939596
30 13 73.194595
30 33 7.715466
30 11 1.4241213
30 29 1.4923663
30 5 0.6015797
30 34 0.85783273
30 20 2.1628015
30 2 10.965129
30 14 7.042878
30 37 16.46317
30 7 0.6579806
30 27 0.25336212
30 16 1.1210369
30 23 1.7648357
30 25 36.560738
31 26 0.16081181
31 6 0.13437034
31 10 58.40146
31 35 123.60705
31 22 133.33334
31 9 0.034983296
31 4 0.06531037
31 17 0.9601386
31 19 0.090454064
32 26 17.235659
32 24 0.2768182
32 21 2000.0
32 12 6.50352
32 15 0.066522956
33 30 7.715466
33 8 2000.0
33 13 1.0482398
33 11 2.1217134
33 29 12.805703
33 34 2000.0
33 20 1.9750373
33 2 2.5509112
33 14 0.6170843
33 7 2000.0
33 27 1.0127367
33 16 1971.0227
33 25 0.86518323
34 30 0.85783273
34 20 1.099322
34 8 26.30327
34 37 2000.0
34 13 94.33776
34 7 261.56082
34 27 1.1540215
34 16 62.97916
34 11 2.6811612
34 29 3.1136744
34 25 3.0180233
34 5 2.378535
35 21 0.03031405
35 31 123.60705
36 28 0.038407784
36 3 0.24562939
36 9 0.6647026
37 30 16.46317
37 0 1.2780915
37 8 0.89583373
37 18 2.0078511
37 13 1.041308
37 11 1.806917
37 29 0.8933938
37 5 17.420948
37 20 5.3685226
37 2 1.003315
37 7 1397.5568
37 27 0.83420455
37 16 2000.0
37 23 1.8402408
37 25 24.79845
