0 2 1.9655477
0 8 450.00003
0 37 2.334293
0 13 0.8580124
0 29 126.000534
0 25 42.7206
1 3 0.36988637
1 12 67.75932
2 30 15.101014
2 0 1.9655477
2 8 1.082419
2 18 3.0182939
2 13 0.69799197
2 33 1.6741023
2 11 2.1645057
2 29 1.17329
2 20 6.123429
2 37 0.7837594
2 27 2.279656
2 16 2000.0
2 23 15.37634
2 25 0.5606248
3 36 0.5899351
3 28 4.489876
3 24 2000.0
3 12 0.050344635
3 1 0.36988637
3 9 0.37473878
4 31 0.06629232
4 9 0.09591394
4 17 0.22408389
4 19 0.0861188
5 30 1.0240313
5 8 1.566259
5 18 0.6992909
5 13 112.22666
5 11 5.476583
5 29 7.842277
5 34 1.9779811
5 20 3.4091911
5 37 13.053468
5 7 19.450722
5 27 6.821759
5 16 1.3211192
5 23 5.006243
5 25 2000.0
6 31 0.120032996
6 17 3.240296
7 30 0.8902006
7 20 106.611084
7 8 13.114979
7 16 1.1278812
7 11 56.180397
7 23 1.332161
7 25 4.487899
7 5 19.450722
8 0 450.00003
8 30 0.93527263
8 18 1.1438109
8 13 1.1284702
8 11 0.9919962
8 29 2.4773026
8 5 1.566259
8 34 64.2245
8 2 1.082419
8 37 0.9365481
8 7 13.114979
8 27 2.1697834
8 16 1.5381149
8 23 1.8579164
8 25 2000.0
9 36 0.93638474
9 28 2.8413916
9 10 20.434044
9 22 0.04369327
9 31 0.03219076
9 3 0.37473878
9 12 2000.0
9 4 0.09591394
9 17 0.038810488
9 19 0.09529876
10 26 0.029178288
10 28 0.2949697
10 24 0.117976375
10 31 9.8525505
10 12 1185.6818
10 9 20.434044
10 17 0.029638292
11 0 2000.0
11 30 1.1509172
11 8 0.9919962
11 18 15.401719
11 13 1.3581862
11 33 3.1172612
11 29 1.1135765
11 5 5.476583
11 34 6.287009
11 20 2.0185845
11 2 2.1645057
11 37 1.6451569
11 7 56.180397
11 27 0.64396363
11 16 1.2398987
11 25 0.9462899
12 26 0.4881253
12 32 11.612904
12 24 0.07879322
12 21 0.21740206
12 3 0.050344635
12 1 67.75932
13 30 24.97081
13 0 0.8580124
13 8 1.1284702
13 18 293.695
13 33 0.9685135
13 11 1.3581862
13 29 1.9599615
13 5 112.22666
13 34 194.50993
13 20 2.52167
13 2 0.69799197
13 14 4.0725927
13 37 1.2794905
13 7 2000.0
13 27 0.26304638
13 16 91.41747
13 25 0.22267124
14 30 31.42162
14 20 3.2888932
14 13 4.0725927
14 27 4.326416
14 33 0.37247828
14 25 2.3495479
15 32 0.07227417
15 21 7.107805
16 30 1.2946547
16 0 2000.0
16 8 1.5381149
16 18 1.2051842
16 13 91.41747
16 11 1.2398987
16 29 430.7971
16 5 1.3211192
16 34 36.759663
16 20 95.65969
16 7 1.1278812
16 27 2.5714285
16 23 3.209535
16 25 1.1394966
17 6 3.240296
17 26 3.1526225
17 10 0.029638292
17 24 0.17671496
17 31 1.4623376
17 9 0.038810488
17 4 0.22408389
17 19 1305.2842
18 0 2000.0
18 30 0.7401869
18 8 1.1438109
18 13 293.695
18 11 15.401719
18 29 1.873211
18 5 0.6992909
18 2 3.0182939
18 37 2.1600208
18 7 2000.0
18 27 17.955976
18 16 1.2051842
18 23 1.6192582
19 31 0.09717081
19 9 0.09529876
19 4 0.0861188
20 30 1.0455269
20 13 2.52167
20 33 1.5951554
20 11 2.0185845
20 29 8.610281
20 5 3.4091911
20 34 1.8596355
20 2 6.123429
20 14 3.2888932
20 37 3.877132
20 7 106.611084
20 27 3.7730455
20 16 95.65969
20 25 0.7258111
21 32 2000.0
21 24 1.3252524
21 35 0.032547373
21 31 2000.0
21 12 0.21740206
21 15 7.107805
22 31 26.393375
22 9 0.04369327
22 19 2000.0
23 0 2000.0
23 30 3.294202
23 8 1.8579164
23 2 15.37634
23 37 2.1288025
23 18 1.6192582
23 7 1.332161
23 16 3.209535
23 11 2000.0
23 29 1.3354262
23 5 5.006243
24 26 0.0518455
24 32 0.23914003
24 10 0.117976375
24 21 1.3252524
24 12 0.07879322
24 17 0.17671496
25 30 19.586414
25 0 42.7206
25 13 0.22267124
25 33 0.55087864
25 11 0.9462899
25 29 3.3301232
25 34 5.651531
25 20 0.7258111
25 2 0.5606248
25 14 2.3495479
25 37 28.634184
25 7 4.487899
25 27 0.22048345
25 16 1.1394966
26 32 127.27786
26 28 0.057127357
26 10 0.029178288
26 24 0.0518455
26 31 0.14537574
26 12 0.4881253
26 17 3.1526225
27 30 0.33767205
27 0 2000.0
27 8 2.1697834
27 18 17.955976
27 13 0.26304638
27 33 0.69177425
27 11 0.64396363
27 29 1.3439593
27 5 6.821759
27 34 1.6095357
27 20 3.7730455
27 2 2.279656
27 14 4.326416
27 37 1.2434889
27 7 2000.0
27 16 2.5714285
27 25 0.22048345
28 36 0.03727273
28 26 0.057127357
28 10 0.2949697
28 3 4.489876
28 12 1209.2046
28 9 2.8413916
28 19 1378.6932
29 0 126.000534
29 30 1.3369756
29 8 2.4773026
29 18 1.873211
29 13 1.9599615
29 33 20.910528
29 11 1.1135765
29 5 7.842277
29 34 4.582949
29 20 8.610281
29 2 1.17329
29 37 0.9834224
29 7 2000.0
29 27 1.3439593
29 16 430.7971
29 23 1.3354262
29 25 3.3301232
30 8 0.93527263
30 18 0.7401869
30 13 24.97081
30 33 5.8995857
30 11 1.1509172
30 29 1.3369756
30 5 1.0240313
30 34 0.9936922
30 20 1.0455269
30 2 15.101014
30 14 31.42162
30 37 13.695416
30 7 0.8902006
30 27 0.33767205
30 16 1.2946547
30 23 3.294202
30 25 19.586414
31 26 0.14537574
31 6 0.120032996
31 10 9.8525505
31 35 62.0779
31 22 26.393375
31 9 0.03219076
31 4 0.06629232
31 17 1.4623376
31 19 0.09717081
32 26 127.27786
32 24 0.23914003
32 12 11.612904
32 15 0.07227417
33 30 5.8995857
33 8 2000.0
33 13 0.9685135
33 11 3.1172612
33 29 20.910528
33 5 2000.0
33 34 2000.0
33 20 1.5951554
33 2 1.6741023
33 14 0.37247828
33 7 2000.0
33 27 0.69177425
33 16 3017.898
33 25 0.55087864
34 30 0.9936922
34 20 1.8596355
34 8 64.2245
34 37 2000.0
34 7 2000.0
34 13 194.50993
34 27 1.6095357
34 16 36.759663
34 11 6.287009
34 29 4.582949
34 25 5.651531
34 5 1.9779811
35 21 0.032547373
35 31 62.0779
36 28 0.03727273
36 3 0.5899351
36 9 0.93638474
37 30 13.695416
37 0 2.334293
37 8 0.9365481
37 18 2.1600208
37 13 1.2794905
37 11 1.6451569
37 29 0.9834224
37 5 13.053468
37 20 3.877132
37 2 0.7837594
37 7 2103.5227
37 27 1.2434889
37 16 2000.0
37 23 2.1288025
37 25 28.634184
