0 2 2.3888226
0 37 2.7106075
0 13 1.035104
0 25 72.00001
0 29 12.645015
1 3 1.3340201
1 12 18.142576
2 30 16.993845
2 0 2.3888226
2 8 1.4451071
2 18 2.1528828
2 13 0.4830698
2 33 2.1632924
2 11 2.0895164
2 29 1.5949562
2 20 5.143366
2 37 1.1076142
2 27 1.1403229
2 16 2000.0
2 23 12.178476
2 25 1.0485445
3 36 0.4647869
3 28 79.85399
3 24 2000.0
3 12 0.059122752
3 1 1.3340201
3 9 0.7151662
4 31 0.10438711
4 9 0.12782705
4 17 0.15129489
4 19 0.0649438
5 30 0.74853617
5 8 0.8356128
5 18 0.8058695
5 13 23.169924
5 11 5.263665
5 29 7.7156005
5 34 7.3370357
5 20 2.1396139
5 37 18.1632
5 7 11.939767
5 27 1.473932
5 16 2.0126646
5 23 7.482276
5 25 2000.0
6 31 0.1022051
6 17 2.6414618
7 30 1.1397135
7 20 45.880753
7 8 12.44331
7 16 1.1079869
7 23 1.5068227
7 25 6.262834
7 5 11.939767
8 0 2000.0
8 30 0.5303788
8 18 1.7028768
8 13 2.6046035
8 11 0.84671
8 29 0.5357314
8 5 0.8356128
8 34 57.52484
8 2 1.4451071
8 37 1.134675
8 7 12.44331
8 27 0.7090167
8 16 1.4847038
8 23 2.0568666
8 25 2000.0
9 36 1.0397727
9 26 2000.0
9 28 1.4933014
9 10 16.475973
9 22 0.057487823
9 31 0.030299926
9 3 0.7151662
9 4 0.12782705
9 17 0.029849017
9 19 0.10076378
10 26 0.030829323
10 28 0.41564396
10 24 0.07298554
10 31 0.46773937
10 12 39.767044
10 9 16.475973
10 17 0.030719383
11 0 2000.0
11 30 0.85750186
11 8 0.84671
11 18 4.7004952
11 13 1.9538796
11 33 1.6500407
11 29 1.27375
11 5 5.263665
11 34 2.2665586
11 20 1.4061193
11 2 2.0895164
11 37 1.4870225
11 7 1529.9148
11 27 0.97571254
11 16 0.8359084
11 25 1.2242606
12 26 0.749555
12 32 6.3918667
12 10 39.767044
12 24 0.073052116
12 21 0.10004033
12 3 0.059122752
12 1 18.142576
13 30 24.407537
13 0 1.035104
13 8 2.6046035
13 18 20.486933
13 33 0.9971303
13 11 1.9538796
13 29 1.0153714
13 5 23.169924
13 34 112.32799
13 20 1.364763
13 2 0.4830698
13 14 4.524748
13 37 1.0977198
13 7 2000.0
13 27 0.4310998
13 16 61.16051
13 25 0.25889766
14 30 11.087792
14 20 2.8387172
14 13 4.524748
14 27 2.2909293
14 33 0.44760102
14 11 2000.0
14 25 1.9449527
15 32 0.07075376
15 21 8.718348
16 34 98.55147
16 30 1.1213721
16 20 64.93507
16 8 1.4847038
16 18 1.1410096
16 13 61.16051
16 7 1.1079869
16 27 1.392068
16 11 0.8359084
16 23 2.185018
16 25 0.6467975
16 5 2.0126646
17 6 2.6414618
17 26 1.7739981
17 10 0.030719383
17 24 0.050538793
17 31 0.9825805
17 9 0.029849017
17 4 0.15129489
17 19 2000.0
18 0 2000.0
18 30 0.74778837
18 8 1.7028768
18 13 20.486933
18 11 4.7004952
18 29 1.4808215
18 5 0.8058695
18 2 2.1528828
18 37 3.612786
18 7 2000.0
18 27 51.910637
18 16 1.1410096
18 23 1.3305901
19 28 54.545452
19 31 0.08519122
19 9 0.10076378
19 4 0.0649438
20 30 2.6021829
20 13 1.364763
20 33 2.0647702
20 11 1.4061193
20 29 8.768883
20 5 2.1396139
20 34 1.3013039
20 2 5.143366
20 14 2.8387172
20 37 5.9812384
20 7 45.880753
20 27 2.74274
20 16 64.93507
20 25 0.61621433
21 26 2000.0
21 32 2000.0
21 24 0.9763379
21 35 0.034250546
21 31 2000.0
21 12 0.10004033
21 15 8.718348
22 31 342.85715
22 9 0.057487823
22 19 2000.0
23 0 2000.0
23 30 2.1834824
23 8 2.0568666
23 2 12.178476
23 37 1.2764286
23 18 1.3305901
23 7 1.5068227
23 16 2.185018
23 11 2000.0
23 29 1.4171852
23 5 7.482276
24 26 0.052922077
24 32 0.30022523
24 10 0.07298554
24 21 0.9763379
24 12 0.073052116
24 15 2000.0
24 17 0.050538793
25 0 72.00001
25 30 13.313668
25 13 0.25889766
25 33 0.578565
25 11 1.2242606
25 29 2.675603
25 34 3.8237545
25 20 0.61621433
25 2 1.0485445
25 14 1.9449527
25 37 27.092804
25 7 6.262834
25 27 0.23012328
25 16 0.6467975
26 32 28.574547
26 28 0.19977164
26 10 0.030829323
26 24 0.052922077
26 31 0.23633291
26 12 0.749555
26 17 1.7739981
27 30 0.2453354
27 0 2000.0
27 8 0.7090167
27 18 51.910637
27 13 0.4310998
27 33 0.83917236
27 11 0.97571254
27 29 1.4190909
27 5 1.473932
27 34 1.0667908
27 20 2.74274
27 2 1.1403229
27 14 2.2909293
27 37 1.4911354
27 7 2000.0
27 16 1.392068
27 25 0.23012328
28 36 0.039111402
28 26 0.19977164
28 10 0.41564396
28 12 1208.8069
28 3 79.85399
28 9 1.4933014
28 19 54.545452
29 0 12.645015
29 30 1.4500284
29 8 0.5357314
29 18 1.4808215
29 13 1.0153714
29 33 22.596514
29 11 1.27375
29 5 7.7156005
29 34 4.180119
29 20 8.768883
29 2 1.5949562
29 37 0.5891745
29 7 2000.0
29 27 1.4190909
29 16 2000.0
29 23 1.4171852
29 25 2.675603
30 8 0.5303788
30 18 0.74778837
30 13 24.407537
30 33 12.078726
30 11 0.85750186
30 29 1.4500284
30 5 0.74853617
30 34 0.84476
30 20 2.6021829
30 2 16.993845
30 14 11.087792
30 37 8.580751
30 7 1.1397135
30 27 0.2453354
30 16 1.1213721
30 23 2.1834824
30 25 13.313668
31 26 0.23633291
31 6 0.1022051
31 10 0.46773937
31 35 6.7342973
31 22 342.85715
31 9 0.030299926
31 4 0.10438711
31 17 0.9825805
31 19 0.08519122
32 26 28.574547
32 24 0.30022523
32 12 6.3918667
32 15 0.07075376
33 30 12.078726
33 13 0.9971303
33 11 1.6500407
33 29 22.596514
33 5 2000.0
33 34 2000.0
33 20 2.0647702
33 2 2.1632924
33 14 0.44760102
33 7 2000.0
33 27 0.83917236
33 16 2738.6362
33 25 0.578565
34 30 0.84476
34 20 1.3013039
34 8 57.52484
34 37 2000.0
34 7 2000.0
34 13 112.32799
34 27 1.0667908
34 16 98.55147
34 11 2.2665586
34 29 4.180119
34 25 3.8237545
34 5 7.3370357
35 21 0.034250546
35 31 6.7342973
36 28 0.039111402
36 3 0.4647869
36 9 1.0397727
37 30 8.580751
37 0 2.7106075
37 8 1.134675
37 18 3.612786
37 13 1.0977198
37 11 1.4870225
37 29 0.5891745
37 5 18.1632
37 20 5.9812384
37 2 1.1076142
37 7 3417.6704
37 27 1.4911354
37 16 2000.0
37 23 1.2764286
37 25 27.092804
