0 2 0.6261506
0 37 1.9125903
0 13 0.7352583
0 29 56.524364
0 25 6.0654764
1 3 0.91394997
1 12 45.000004
2 30 10.083188
2 0 0.6261506
2 8 1.4265239
2 18 1.7647332
2 13 0.60870904
2 33 1.6217755
2 11 1.6438085
2 29 1.3056173
2 20 2.3595417
2 37 0.76177764
2 27 1.0016178
2 16 2000.0
2 23 6.600243
2 25 0.41622573
3 36 0.31561583
3 28 15.288637
3 24 240.00002
3 12 0.04885211
3 1 0.91394997
3 9 0.4186508
4 31 0.06747874
4 9 0.06624846
4 17 0.1095532
4 19 0.06606222
5 30 0.7122485
5 8 0.2766859
5 18 1.3267208
5 13 13.390341
5 11 2.5905666
5 29 2.624634
5 34 3.6319344
5 20 2.048267
5 37 22.591593
5 7 10.792378
5 27 1.9598279
5 16 1.3520956
5 23 2.931341
5 25 2000.0
6 31 0.23572536
6 17 1.9439125
7 30 1.1696492
7 20 96.38863
7 8 7.456201
7 37 384.3807
7 16 1.2582427
7 23 1.456356
7 11 49.379463
7 25 2.5281563
7 5 10.792378
8 0 2000.0
8 30 0.469034
8 18 1.7718556
8 13 1.675774
8 11 0.9577679
8 29 0.43568122
8 5 0.2766859
8 34 30.733223
8 2 1.4265239
8 37 1.457964
8 7 7.456201
8 27 1.0527614
8 16 1.6470793
8 23 1.0049251
8 25 2000.0
9 36 0.6255796
9 26 2000.0
9 28 1.2527817
9 10 13.560579
9 22 0.052978378
9 31 0.028505098
9 3 0.4186508
9 4 0.06624846
9 17 0.038597446
9 19 0.06394882
10 26 0.0387009
10 28 0.2937395
10 24 0.12752526
10 31 21.521744
10 12 1295.966
10 9 13.560579
10 17 0.031689033
11 0 2000.0
11 30 0.8553409
11 8 0.9577679
11 18 6.919602
11 13 0.794998
11 33 1.9458984
11 29 0.8500001
11 5 2.5905666
11 34 3.0333412
11 20 1.159983
11 2 1.6438085
11 37 1.5518762
11 7 49.379463
11 27 1.5406158
11 16 1.1626657
11 25 0.9372054
12 26 0.71363646
12 32 1.2537559
12 24 0.063784175
12 21 0.23193559
12 3 0.04885211
12 1 45.000004
13 30 32.96065
13 0 0.7352583
13 8 1.675774
13 18 161.27864
13 33 0.98841196
13 11 0.794998
13 29 0.74413526
13 5 13.390341
13 34 3669.5737
13 20 0.9126892
13 2 0.60870904
13 14 6.297044
13 37 1.4452071
13 7 2000.0
13 27 0.24095288
13 16 18.669937
13 25 0.21769828
14 30 5.5124273
14 20 2.871991
14 13 6.297044
14 27 3.613746
14 33 0.83544713
14 11 2000.0
14 25 2.852049
15 32 0.07997392
15 21 2.725014
16 0 2000.0
16 30 1.1011714
16 8 1.6470793
16 18 1.4883329
16 13 18.669937
16 11 1.1626657
16 5 1.3520956
16 34 87.8572
16 20 34.326157
16 7 1.2582427
16 27 1.4370414
16 23 2.399025
16 25 1.0870726
17 6 1.9439125
17 26 1.3328252
17 10 0.031689033
17 24 0.08994755
17 31 0.974782
17 9 0.038597446
17 4 0.1095532
17 19 1578.0114
18 0 2000.0
18 30 0.6879857
18 8 1.7718556
18 13 161.27864
18 11 6.919602
18 29 1.1726056
18 5 1.3267208
18 2 1.7647332
18 37 2.639787
18 7 2000.0
18 27 33.43401
18 16 1.4883329
18 23 1.3741126
19 31 0.07085253
19 9 0.06394882
19 4 0.06606222
19 17 1578.0114
20 0 2000.0
20 30 0.9769207
20 13 0.9126892
20 33 1.0151157
20 11 1.159983
20 29 17.006134
20 5 2.048267
20 34 0.9666105
20 2 2.3595417
20 14 2.871991
20 37 1.9915179
20 7 96.38863
20 27 1.352531
20 16 34.326157
20 25 0.518639
21 26 2000.0
21 32 2000.0
21 10 2000.0
21 24 0.96992475
21 35 0.0380132
21 31 2000.0
21 12 0.23193559
21 15 2.725014
22 31 80.13433
22 9 0.052978378
22 19 2000.0
23 0 2000.0
23 30 1.5786775
23 8 1.0049251
23 2 6.600243
23 37 1.6202439
23 18 1.3741126
23 7 1.456356
23 16 2.399025
23 11 2000.0
23 29 0.8869081
23 5 2.931341
24 26 0.04394903
24 32 0.23168905
24 10 0.12752526
24 21 0.96992475
24 3 240.00002
24 12 0.063784175
24 15 2000.0
24 17 0.08994755
25 30 21.172483
25 0 6.0654764
25 13 0.21769828
25 33 0.4405499
25 11 0.9372054
25 29 1.2791888
25 34 1.3727765
25 20 0.518639
25 2 0.41622573
25 14 2.852049
25 37 33.579933
25 7 2.5281563
25 27 0.24045695
25 16 1.0870726
26 32 48.163788
26 28 0.09821341
26 10 0.0387009
26 24 0.04394903
26 31 0.16500078
26 12 0.71363646
26 17 1.3328252
27 30 0.26520845
27 0 2000.0
27 8 1.0527614
27 18 33.43401
27 13 0.24095288
27 33 0.7957387
27 11 1.5406158
27 29 0.62312764
27 5 1.9598279
27 34 1.4104824
27 20 1.352531
27 2 1.0016178
27 14 3.613746
27 37 1.0835516
27 7 4402.386
27 16 1.4370414
27 25 0.24045695
28 36 0.03159824
28 26 0.09821341
28 10 0.2937395
28 3 15.288637
28 12 1193.8636
28 9 1.2527817
28 19 1341.875
29 0 56.524364
29 30 0.9993266
29 8 0.43568122
29 18 1.1726056
29 13 0.74413526
29 33 26.311285
29 11 0.8500001
29 5 2.624634
29 34 6.115741
29 20 17.006134
29 2 1.3056173
29 37 0.5542274
29 7 2000.0
29 27 0.62312764
29 16 1706.0908
29 23 0.8869081
29 25 1.2791888
30 8 0.469034
30 18 0.6879857
30 13 32.96065
30 33 6.9028935
30 11 0.8553409
30 29 0.9993266
30 5 0.7122485
30 34 1.4691246
30 20 0.9769207
30 2 10.083188
30 14 5.5124273
30 37 22.309385
30 7 1.1696492
30 27 0.26520845
30 16 1.1011714
30 23 1.5786775
30 25 21.172483
31 26 0.16500078
31 6 0.23572536
31 10 21.521744
31 35 45.78079
31 22 80.13433
31 9 0.028505098
31 4 0.06747874
31 17 0.974782
31 19 0.07085253
32 26 48.163788
32 10 2000.0
32 24 0.23168905
32 21 2000.0
32 12 1.2537559
32 15 0.07997392
33 30 6.9028935
33 8 2000.0
33 13 0.98841196
33 11 1.9458984
33 29 26.311285
33 5 2000.0
33 34 2000.0
33 20 1.0151157
33 2 1.6217755
33 14 0.83544713
33 7 2000.0
33 27 0.7957387
33 16 3017.898
33 25 0.4405499
34 30 1.4691246
34 20 0.9666105
34 8 30.733223
34 37 2000.0
34 7 3473.4092
34 27 1.4104824
34 16 87.8572
34 11 3.0333412
34 29 6.115741
34 25 1.3727765
34 5 3.6319344
35 21 0.0380132
35 31 45.78079
36 28 0.03159824
36 3 0.31561583
36 9 0.6255796
37 30 22.309385
37 0 1.9125903
37 8 1.457964
37 18 2.639787
37 13 1.4452071
37 11 1.5518762
37 29 0.5542274
37 5 22.591593
37 20 1.9915179
37 2 0.76177764
37 7 384.3807
37 27 1.0835516
37 16 2000.0
37 23 1.6202439
37 25 33.579933
