0 2 0.8171897
0 8 654.5455
0 37 2.5806203
0 13 0.7622187
0 29 11.92407
0 25 15.770496
1 3 0.50125396
1 12 26.666666
2 30 11.251434
2 0 0.8171897
2 8 1.7137266
2 18 1.8644142
2 13 0.3308794
2 33 3.4096234
2 11 1.4638983
2 29 1.0911059
2 20 2.1596842
2 37 1.0991967
2 27 692.89777
2 16 2000.0
2 23 14.553441
2 25 0.5219377
3 36 0.87354434
3 28 39.274498
3 24 2000.0
3 12 0.06919982
3 1 0.50125396
3 9 0.79185313
4 31 0.07878959
4 9 0.07371934
4 17 0.13096571
4 19 0.06260473
5 30 0.6969534
5 8 0.60378486
5 18 0.969372
5 13 32.59008
5 11 3.6644583
5 29 3.811308
5 34 1.9466032
5 20 6.232834
5 37 6.1627955
5 7 9.719345
5 27 779.5454
5 16 1.606427
5 23 9.081032
5 25 2000.0
6 31 0.10173249
6 17 3.1540325
7 30 1.0305624
7 20 51.956573
7 8 9.157574
7 16 1.6671337
7 23 2.458912
7 11 58.26219
7 25 3.5625165
7 5 9.719345
8 0 654.5455
8 30 0.8790801
8 18 0.94114655
8 13 2.3287978
8 11 1.4776646
8 29 1.0605984
8 5 0.60378486
8 34 15.44599
8 2 1.7137266
8 37 1.2228569
8 7 9.157574
8 27 1067.7273
8 16 1.3792249
8 23 1.577292
8 25 2000.0
9 36 0.70410687
9 26 2000.0
9 28 0.72206056
9 10 5.720915
9 22 0.09651373
9 31 0.029791243
9 3 0.79185313
9 12 2000.0
9 4 0.07371934
9 17 0.04266632
9 19 0.08816422
10 26 35.795452
10 28 0.23829545
10 24 0.07786734
10 31 1.680724
10 12 1591.3068
10 9 5.720915
10 17 0.040806483
11 0 2000.0
11 30 0.8033958
11 8 1.4776646
11 18 2.9080129
11 13 1.1151679
11 33 3.7013528
11 29 0.9363559
11 5 3.6644583
11 34 1.8558922
11 20 1.0354612
11 2 1.4638983
11 37 1.1925505
11 7 58.26219
11 27 692.89777
11 16 1.4609504
11 25 0.7930102
12 26 2000.0
12 32 5.5238166
12 28 79.13535
12 24 0.08186475
12 21 0.09016204
12 3 0.06919982
12 1 26.666666
13 30 143.6067
13 0 0.7622187
13 8 2.3287978
13 18 37.769394
13 33 1.5571822
13 11 1.1151679
13 29 0.7749835
13 5 32.59008
13 34 177.77777
13 20 0.9850428
13 2 0.3308794
13 14 3.5263343
13 37 1.8390652
13 7 2000.0
13 27 150.96591
13 16 150.0
13 25 0.24347605
14 30 9.074828
14 20 2.04765
14 13 3.5263343
14 27 5234.1475
14 33 0.50502527
14 25 2.2962306
15 32 0.089945406
15 21 14.12668
16 30 1.0644531
16 0 2000.0
16 8 1.3792249
16 18 1.8083057
16 13 150.0
16 11 1.4609504
16 5 1.606427
16 34 122.047585
16 20 45.375
16 7 1.6671337
16 27 1119.8296
16 23 2.9489315
16 25 1.3955204
17 6 3.1540325
17 26 1034.8864
17 10 0.040806483
17 24 0.051454645
17 31 0.9367145
17 9 0.04266632
17 4 0.13096571
17 19 52.642624
18 0 2000.0
18 30 0.4857641
18 8 0.94114655
18 13 37.769394
18 11 2.9080129
18 29 1.2347261
18 5 0.969372
18 2 1.8644142
18 37 2.5400417
18 7 2000.0
18 27 2000.0
18 16 1.8083057
18 23 0.8059051
19 28 71.23406
19 31 0.07777271
19 9 0.08816422
19 17 52.642624
19 4 0.06260473
20 30 1.506553
20 8 2000.0
20 13 0.9850428
20 33 1.3077818
20 11 1.0354612
20 29 8.973659
20 5 6.232834
20 34 0.883123
20 2 2.1596842
20 14 2.04765
20 37 1.6025485
20 7 51.956573
20 27 957.6705
20 16 45.375
20 25 0.4916336
21 26 2000.0
21 32 2000.0
21 10 2000.0
21 24 1.4927958
21 35 0.034631755
21 31 2000.0
21 12 0.09016204
21 15 14.12668
22 31 2000.0
22 9 0.09651373
22 19 2000.0
23 0 2000.0
23 30 3.0203598
23 8 1.577292
23 2 14.553441
23 37 1.4313549
23 18 0.8059051
23 7 2.458912
23 16 2.9489315
23 11 2000.0
23 29 1.6650859
23 5 9.081032
24 26 37.045452
24 32 0.30462593
24 10 0.07786734
24 21 1.4927958
24 12 0.08186475
24 15 2000.0
24 17 0.051454645
25 0 15.770496
25 30 23.87752
25 13 0.24347605
25 33 0.56731457
25 11 0.7930102
25 29 2.4895194
25 34 2.6298494
25 20 0.4916336
25 2 0.5219377
25 14 2.2962306
25 37 70.81037
25 7 3.5625165
25 27 229.14774
25 16 1.3955204
28 36 0.033293836
28 26 51.81818
28 10 0.23829545
28 3 39.274498
28 12 79.13535
28 9 0.72206056
28 19 71.23406
29 0 11.92407
29 30 4.813281
29 8 1.0605984
29 18 1.2347261
29 13 0.7749835
29 33 14.254205
29 11 0.9363559
29 5 3.811308
29 34 2.3591065
29 20 8.973659
29 2 1.0911059
29 37 0.8782227
29 7 2000.0
29 27 1898.9204
29 16 2000.0
29 23 1.6650859
29 25 2.4895194
30 8 0.8790801
30 18 0.4857641
30 13 143.6067
30 33 8.353338
30 11 0.8033958
30 29 4.813281
30 5 0.6969534
30 34 0.82432306
30 20 1.506553
30 2 11.251434
30 14 9.074828
30 37 18.349634
30 7 1.0305624
30 27 147.78409
30 16 1.0644531
30 23 3.0203598
30 25 23.87752
31 26 79.88636
31 6 0.10173249
31 10 1.680724
31 35 21.384237
31 22 2000.0
31 9 0.029791243
31 4 0.07878959
31 17 0.9367145
31 19 0.07777271
32 26 2000.0
32 24 0.30462593
32 12 5.5238166
32 15 0.089945406
33 30 8.353338
33 8 2000.0
33 13 1.5571822
33 11 3.7013528
33 29 14.254205
33 5 2000.0
33 34 2000.0
33 20 1.3077818
33 2 3.4096234
33 14 0.50502527
33 7 2000.0
33 27 698.2386
33 16 2422.443
33 25 0.56731457
34 30 0.82432306
34 20 0.883123
34 8 15.44599
34 37 2000.0
34 13 177.77777
34 7 3012.841
34 27 716.8182
34 16 122.047585
34 11 1.8558922
34 29 2.3591065
34 25 2.6298494
34 5 1.9466032
35 21 0.034631755
35 31 21.384237
36 28 0.033293836
36 3 0.87354434
36 9 0.70410687
37 30 18.349634
37 0 2.5806203
37 8 1.2228569
37 18 2.5400417
37 13 1.8390652
37 11 1.1925505
37 29 0.8782227
37 5 6.1627955
37 20 1.6025485
37 2 1.0991967
37 7 3070.5112
37 27 725.7955
37 16 2000.0
37 23 1.4313549
37 25 70.81037
