0 2 1.0956215
0 37 1.8297222
0 13 1.0293698
0 29 12.497515
0 25 52.572662
1 3 0.9532343
1 12 34.32074
2 30 10.510975
2 0 1.0956215
2 8 3.2148569
2 18 3.5413153
2 13 0.6380859
2 33 9.989379
2 11 1.801434
2 29 2.7096145
2 20 8.516287
2 37 1.5260398
2 27 692.89777
2 16 2000.0
2 23 16.467613
2 25 0.48720902
3 36 1.4323679
3 28 150.41899
3 24 300.0
3 12 0.07214478
3 1 0.9532343
3 9 1.8170102
4 31 0.069097996
4 9 0.070188254
4 17 0.11005388
4 19 0.081802346
5 30 0.7599933
5 8 0.7149522
5 18 0.5512506
5 13 37.487717
5 11 3.6039412
5 29 2.347684
5 34 1.5138403
5 20 5.127955
5 37 7.1377163
5 7 11.222952
5 27 779.5454
5 16 1.7604941
5 23 3.8051217
5 25 2000.0
6 31 0.3488489
6 17 5.26198
7 30 0.7522999
7 20 105.494316
7 8 4.542208
7 37 111.11111
7 16 1.3691195
7 11 113.38338
7 23 2.108928
7 25 2.3310723
7 5 11.222952
8 0 2000.0
8 30 0.40604705
8 18 1.398021
8 13 1.8291025
8 11 0.9488207
8 29 1.1257464
8 5 0.7149522
8 34 58.48612
8 2 3.2148569
8 37 1.2329546
8 7 4.542208
8 27 1067.7273
8 16 1.6751794
8 23 1.2168981
8 25 2000.0
9 36 1.5190207
9 26 2000.0
9 28 0.8865214
9 10 5.284815
9 22 0.089010954
9 31 0.030868111
9 3 1.8170102
9 12 2000.0
9 4 0.070188254
9 17 0.07499068
9 19 0.08568368
10 26 35.795452
10 28 0.42239738
10 24 0.063102335
10 31 1.7942166
10 12 1439.034
10 9 5.284815
10 17 0.031071225
11 0 2000.0
11 30 0.9918376
11 8 0.9488207
11 18 3.9514055
11 13 1.0065894
11 33 2.0521405
11 29 1.1793593
11 5 3.6039412
11 34 1.9342371
11 20 0.9677744
11 2 1.801434
11 37 1.8090397
11 7 113.38338
11 27 692.89777
11 16 1.6727552
11 25 0.84136784
12 26 2000.0
12 32 8.660541
12 24 0.079151854
12 21 0.1736444
12 3 0.07214478
12 1 34.32074
13 30 44.890476
13 0 1.0293698
13 8 1.8291025
13 18 48.61207
13 33 1.8373967
13 11 1.0065894
13 29 1.3159156
13 5 37.487717
13 34 134.99512
13 20 0.9960819
13 2 0.6380859
13 14 14.586819
13 37 1.2204968
13 7 2000.0
13 27 150.96591
13 16 95.37093
13 25 0.26968655
14 30 6.135705
14 20 2.6136658
14 13 14.586819
14 27 5234.1475
14 33 0.65467995
14 11 2000.0
14 25 4.919224
15 32 0.084140584
15 21 14.9665165
16 0 2000.0
16 30 1.1592867
16 8 1.6751794
16 18 2.1999843
16 13 95.37093
16 11 1.6727552
16 5 1.7604941
16 34 48.494167
16 20 57.88814
16 7 1.3691195
16 27 1119.8296
16 23 2.7615514
16 25 1.4528302
17 6 5.26198
17 26 1034.8864
17 10 0.031071225
17 24 0.05450693
17 31 0.99965537
17 9 0.07499068
17 4 0.11005388
17 19 41.30652
18 0 2000.0
18 30 0.57902706
18 8 1.398021
18 2 3.5413153
18 37 4.079169
18 13 48.61207
18 27 2000.0
18 16 2.1999843
18 11 3.9514055
18 23 1.3641708
18 29 1.1309842
18 5 0.5512506
19 28 71.37977
19 31 0.07978061
19 9 0.08568368
19 4 0.081802346
19 17 41.30652
20 30 2.1802185
20 13 0.9960819
20 33 1.9235566
20 11 0.9677744
20 29 24.358505
20 5 5.127955
20 34 1.052514
20 2 8.516287
20 14 2.6136658
20 37 6.883944
20 7 105.494316
20 27 957.6705
20 16 57.88814
20 25 0.6881899
21 26 2000.0
21 24 0.98589474
21 35 0.03367852
21 31 2000.0
21 12 0.1736444
21 15 14.9665165
22 31 514.2857
22 9 0.089010954
22 19 2000.0
23 0 2000.0
23 30 0.68503433
23 8 1.2168981
23 2 16.467613
23 37 1.9181334
23 18 1.3641708
23 7 2.108928
23 16 2.7615514
23 11 2000.0
23 29 2.9061015
23 5 3.8051217
24 26 37.045452
24 32 0.33865422
24 10 0.063102335
24 21 0.98589474
24 12 0.079151854
24 3 300.0
24 15 2000.0
24 17 0.05450693
25 0 52.572662
25 30 17.698257
25 13 0.26968655
25 33 0.67990625
25 11 0.84136784
25 29 2.486779
25 34 2.6850474
25 20 0.6881899
25 2 0.48720902
25 14 4.919224
25 37 158.90561
25 7 2.3310723
25 27 229.14774
25 16 1.4528302
28 36 0.04274892
28 26 51.81818
28 10 0.42239738
28 12 1274.3182
28 3 150.41899
28 9 0.8865214
28 19 71.37977
29 0 12.497515
29 30 1.3340439
29 8 1.1257464
29 18 1.1309842
29 13 1.3159156
29 33 18.03208
29 11 1.1793593
29 5 2.347684
29 34 2.9571793
29 20 24.358505
29 2 2.7096145
29 37 0.9020392
29 7 2000.0
29 27 1898.9204
29 16 2000.0
29 23 2.9061015
29 25 2.486779
30 8 0.40604705
30 18 0.57902706
30 13 44.890476
30 33 9.198546
30 11 0.9918376
30 29 1.3340439
30 5 0.7599933
30 34 0.8007342
30 20 2.1802185
30 2 10.510975
30 14 6.135705
30 37 9.908498
30 7 0.7522999
30 27 147.78409
30 16 1.1592867
30 23 0.68503433
30 25 17.698257
31 26 79.88636
31 6 0.3488489
31 10 1.7942166
31 35 133.33334
31 22 514.2857
31 9 0.030868111
31 4 0.069097996
31 17 0.99965537
31 19 0.07978061
32 26 2000.0
32 24 0.33865422
32 21 2000.0
32 12 8.660541
32 15 0.084140584
33 30 9.198546
33 8 2000.0
33 13 1.8373967
33 11 2.0521405
33 29 18.03208
33 5 2000.0
33 34 2000.0
33 20 1.9235566
33 2 9.989379
33 14 0.65467995
33 7 2000.0
33 27 698.2386
33 16 2422.443
33 25 0.67990625
34 30 0.8007342
34 20 1.052514
34 8 58.48612
34 37 2000.0
34 7 3270.2842
34 13 134.99512
34 27 716.8182
34 16 48.494167
34 11 1.9342371
34 29 2.9571793
34 25 2.6850474
34 5 1.5138403
35 21 0.03367852
35 31 133.33334
36 28 0.04274892
36 3 1.4323679
36 9 1.5190207
37 30 9.908498
37 0 1.8297222
37 8 1.2329546
37 18 4.079169
37 13 1.2204968
37 11 1.8090397
37 29 0.9020392
37 5 7.1377163
37 20 6.883944
37 2 1.5260398
37 7 111.11111
37 27 725.7955
37 16 2000.0
37 23 1.9181334
37 25 158.90561
