0 8 6.0967693
0 2 1.67488
0 37 0.7100909
0 13 0.93619597
0 16 2000.0
0 11 16.689821
0 29 6.0418544
1 3 0.21359971
1 12 1202.159
2 30 11.452484
2 0 1.67488
2 8 1.0134841
2 18 10.921025
2 13 0.3790587
2 33 1.8647741
2 11 0.8452723
2 29 1.3194215
2 20 1.5801665
2 37 0.68669266
2 27 0.7519953
2 16 2000.0
2 23 25.936365
2 25 2.0159843
3 36 0.31497434
3 28 0.15821625
3 24 2000.0
3 12 0.049949322
3 1 0.21359971
3 9 0.3575461
4 31 0.08601325
4 9 0.084957
4 17 0.103180185
4 19 0.09309264
5 30 0.7455962
5 8 0.82159096
5 18 0.5227055
5 13 350.10986
5 11 2.2794435
5 29 3.0495129
5 34 1.1735796
5 20 1.8070247
5 37 2000.0
5 7 4.225687
5 27 1.4256003
5 16 1.5872227
5 23 3.4613183
6 22 1234.4886
6 31 0.4311937
6 17 1.0407897
7 34 10.761482
7 30 0.61016357
7 20 1.7372816
7 8 114.28571
7 37 30.275002
7 16 1.0909412
7 11 6.3679333
7 23 1.0102001
7 25 5.500357
7 5 4.225687
8 0 6.0967693
8 30 0.97196144
8 18 1.3407688
8 13 1.6241235
8 11 2.396639
8 29 0.66212124
8 5 0.82159096
8 34 6.6318874
8 2 1.0134841
8 37 1.1684519
8 7 114.28571
8 27 0.9766953
8 16 1.4152213
8 23 1.2489783
9 36 1.097723
9 26 2000.0
9 28 5.463899
9 10 5.584044
9 22 0.093304604
9 31 0.03262975
9 3 0.3575461
9 17 0.034570783
9 4 0.084957
9 19 0.06543255
10 26 0.029046217
10 28 0.4611781
10 24 0.2286885
10 31 0.03606862
10 12 7.083644
10 9 5.584044
10 17 0.040638532
11 0 16.689821
11 30 0.40771103
11 8 2.396639
11 18 6.779993
11 13 0.51270413
11 33 2.4801137
11 29 1.1681608
11 5 2.2794435
11 34 2.9726422
11 20 1.1876159
11 2 0.8452723
11 37 1.3650118
11 7 6.3679333
11 27 0.32488224
11 16 0.8364036
11 25 1.5688618
12 26 1.5727185
12 28 4.5817475
12 32 0.39916435
12 10 7.083644
12 24 0.10467879
12 21 0.09160354
12 3 0.049949322
13 30 0.93229806
13 0 0.93619597
13 8 1.6241235
13 18 144.63068
13 33 0.85168415
13 11 0.51270413
13 29 1.36687
13 5 350.10986
13 34 13.699905
13 20 0.9011412
13 2 0.3790587
13 14 3.3506267
13 37 1.4382669
13 27 0.21990284
13 16 34.789284
13 25 0.53215283
14 20 2.1267545
14 13 3.3506267
14 27 4.0424848
14 33 0.47239557
14 11 2000.0
14 25 1.4178299
15 32 0.07436767
15 21 1.4057486
16 0 2000.0
16 30 1.1397042
16 8 1.4152213
16 18 0.9494923
16 13 34.789284
16 11 0.8364036
16 29 19.016853
16 5 1.5872227
16 20 13.604921
16 37 11.173611
16 7 1.0909412
16 27 1.2829725
16 23 4.54677
16 25 1.962649
17 26 1.7678454
17 6 1.0407897
17 10 0.040638532
17 24 0.24552776
17 31 1.340605
17 9 0.034570783
17 4 0.103180185
17 19 4.2228155
18 30 0.6910428
18 2 10.921025
18 8 1.3407688
18 37 1.0402135
18 7 2000.0
18 13 144.63068
18 27 3.8628771
18 16 0.9494923
18 23 1.3781446
18 11 6.779993
18 29 1.3516042
18 5 0.5227055
19 31 0.082638666
19 9 0.06543255
19 17 4.2228155
19 4 0.09309264
20 30 8.902649
20 13 0.9011412
20 33 1.4444094
20 11 1.1876159
20 29 5.0142775
20 5 1.8070247
20 34 1.728704
20 2 1.5801665
20 14 2.1267545
20 37 2.2885597
20 7 1.7372816
20 27 0.3726212
20 16 13.604921
20 25 1.6066564
21 32 2000.0
21 24 0.49679753
21 35 0.03013884
21 12 0.09160354
21 15 1.4057486
22 6 1234.4886
22 31 1196.875
22 9 0.093304604
22 19 1462.216
23 0 2000.0
23 30 1.5360847
23 2 25.936365
23 8 1.2489783
23 37 2.5042188
23 18 1.3781446
23 7 1.0102001
23 16 4.54677
23 11 2000.0
23 29 2.059141
23 5 3.4613183
24 26 0.07412446
24 32 0.0875424
24 10 0.2286885
24 21 0.49679753
24 31 6.041398
24 12 0.10467879
24 3 2000.0
24 15 2000.0
24 17 0.24552776
25 30 2.6455808
25 13 0.53215283
25 33 0.31620127
25 11 1.5688618
25 29 3.1349194
25 34 1.0832547
25 20 1.6066564
25 2 2.0159843
25 14 1.4178299
25 37 28.286222
25 7 5.500357
25 27 0.48896208
25 16 1.962649
26 36 49.7
26 32 121.91495
26 28 0.03992645
26 10 0.029046217
26 24 0.07412446
26 31 0.07942291
26 12 1.5727185
26 17 1.7678454
27 0 2000.0
27 30 0.21038118
27 8 0.9766953
27 18 3.8628771
27 13 0.21990284
27 33 0.8855873
27 11 0.32488224
27 29 0.9696497
27 5 1.4256003
27 34 0.9974468
27 20 0.3726212
27 2 0.7519953
27 14 4.0424848
27 37 0.7491865
27 7 2814.432
27 16 1.2829725
27 23 2000.0
27 25 0.48896208
28 36 0.036596797
28 26 0.03992645
28 10 0.4611781
28 3 0.15821625
28 12 4.5817475
28 9 5.463899
29 0 6.0418544
29 30 2.3745975
29 8 0.66212124
29 18 1.3516042
29 13 1.36687
29 33 100.42694
29 11 1.1681608
29 5 3.0495129
29 34 9.824251
29 20 5.0142775
29 2 1.3194215
29 37 0.8461888
29 7 2000.0
29 27 0.9696497
29 16 19.016853
29 23 2.059141
29 25 3.1349194
30 0 2000.0
30 8 0.97196144
30 18 0.6910428
30 13 0.93229806
30 33 2.4003959
30 11 0.40771103
30 29 2.3745975
30 5 0.7455962
30 34 1.0577582
30 20 8.902649
30 2 11.452484
30 37 8.887591
30 7 0.61016357
30 27 0.21038118
30 16 1.1397042
30 23 1.5360847
30 25 2.6455808
31 26 0.07942291
31 6 0.4311937
31 10 0.03606862
31 24 6.041398
31 9 0.03262975
31 17 1.340605
31 4 0.08601325
31 19 0.082638666
32 26 121.91495
32 24 0.0875424
32 12 0.39916435
32 15 0.07436767
33 34 2000.0
33 30 2.4003959
33 20 1.4444094
33 2 1.8647741
33 14 0.47239557
33 7 2000.0
33 13 0.85168415
33 27 0.8855873
33 16 2226.3638
33 11 2.4801137
33 29 100.42694
33 25 0.31620127
34 30 1.0577582
34 20 1.728704
34 8 6.6318874
34 13 13.699905
34 7 10.761482
34 27 0.9974468
34 16 1215.0568
34 11 2.9726422
34 25 1.0832547
34 29 9.824251
34 5 1.1735796
35 21 0.03013884
36 26 49.7
36 28 0.036596797
36 3 0.31497434
36 9 1.097723
37 30 8.887591
37 0 0.7100909
37 8 1.1684519
37 18 1.0402135
37 13 1.4382669
37 11 1.3650118
37 29 0.8461888
37 20 2.2885597
37 2 0.68669266
37 7 30.275002
37 27 0.7491865
37 16 11.173611
37 23 2.5042188
37 25 28.286222
