0 8 6.916513
0 2 1.5098027
0 37 0.7918156
0 13 0.96699
0 11 15.522517
0 29 16.6336
1 3 0.2287226
1 12 1202.159
2 30 8.244588
2 0 1.5098027
2 8 1.1972867
2 18 7.3731093
2 13 0.5153548
2 33 2.0380416
2 11 0.81274366
2 29 0.8177949
2 20 2.6958232
2 37 0.7254193
2 27 0.59776074
2 16 2000.0
2 23 80.0
2 25 1.6583679
3 36 0.34786502
3 28 0.08870454
3 24 553.8462
3 12 0.05101268
3 1 0.2287226
3 9 0.65200764
4 31 0.08858232
4 9 0.068824515
4 17 0.08435544
4 19 0.09907527
5 30 0.47966152
5 8 0.66561985
5 18 0.46254686
5 13 217.58864
5 11 2.8367598
5 29 2.4477396
5 34 1.3932661
5 20 3.6384506
5 37 2000.0
5 7 4.8385816
5 27 2.143085
5 16 1.7329764
5 23 3.324599
6 22 57.904007
6 31 0.19437799
6 17 1.3515813
7 34 22.311363
7 30 1.12101
7 20 1.7403257
7 8 86.56498
7 37 27.587063
7 27 2000.0
7 16 1.4874619
7 11 7.331988
7 23 1.1636294
7 25 4.4037147
7 5 4.8385816
8 0 6.916513
8 30 0.5085205
8 18 0.95627
8 13 4.674599
8 11 2.2206514
8 29 0.46085054
8 5 0.66561985
8 34 2.360313
8 2 1.1972867
8 37 0.84775156
8 7 86.56498
8 27 1.1554583
8 16 1.4893117
8 23 0.87851894
9 36 2.1910172
9 26 2000.0
9 28 1.7387414
9 10 3.285467
9 22 0.56834155
9 31 0.03615196
9 12 2000.0
9 3 0.65200764
9 17 0.28830743
9 4 0.068824515
9 19 0.110068925
10 26 0.037909836
10 28 0.4805761
10 24 0.23812284
10 31 0.03545402
10 12 8.30959
10 9 3.285467
10 17 0.030600276
11 0 15.522517
11 30 0.3871463
11 8 2.2206514
11 18 10.680177
11 13 0.81144494
11 33 2.3023114
11 29 0.6066369
11 5 2.8367598
11 34 2.345773
11 20 0.741533
11 2 0.81274366
11 37 1.2957541
11 7 7.331988
11 27 0.43790984
11 16 0.73712784
11 25 1.5624112
12 26 0.63670653
12 28 4.3088474
12 32 0.29967806
12 10 8.30959
12 24 0.078619614
12 21 0.08722825
12 3 0.05101268
13 30 2.5246594
13 0 0.96699
13 8 4.674599
13 18 266.6667
13 33 0.89510214
13 11 0.81144494
13 29 0.8657239
13 5 217.58864
13 34 8.210386
13 20 0.5844674
13 2 0.5153548
13 14 2.107016
13 37 1.0760392
13 27 0.521202
13 16 49.96418
13 25 0.75216293
14 20 20.722534
14 13 2.107016
14 27 2.2212253
14 33 0.6005141
14 11 2000.0
14 25 5.0405917
15 32 0.086531825
15 21 3.3186364
16 30 1.1222429
16 0 2000.0
16 8 1.4893117
16 18 0.9375877
16 13 49.96418
16 11 0.73712784
16 29 7.289555
16 5 1.7329764
16 20 8.928405
16 37 10.097891
16 7 1.4874619
16 27 1.7246898
16 23 7.3987546
16 25 1.8887407
17 26 1.9046521
17 6 1.3515813
17 10 0.030600276
17 24 0.2992424
17 31 1.1840602
17 9 0.28830743
17 4 0.08435544
17 19 5.921732
18 30 0.7010623
18 2 7.3731093
18 8 0.95627
18 37 0.93738496
18 7 2000.0
18 13 266.6667
18 27 5.6135635
18 16 0.9375877
18 23 1.6643983
18 11 10.680177
18 29 1.559219
18 5 0.46254686
19 31 0.07810357
19 9 0.110068925
19 17 5.921732
19 4 0.09907527
20 30 18.311678
20 13 0.5844674
20 33 1.4158821
20 11 0.741533
20 29 7.666084
20 5 3.6384506
20 34 0.86737067
20 2 2.6958232
20 14 20.722534
20 37 2.4081244
20 7 1.7403257
20 27 0.84863806
20 16 8.928405
20 25 0.6842935
21 32 800.0
21 10 2000.0
21 24 0.52410156
21 35 0.033551313
21 12 0.08722825
21 15 3.3186364
22 6 57.904007
22 31 1181.1932
22 9 0.56834155
22 19 1380.284
23 0 2000.0
23 30 1.0842043
23 2 80.0
23 8 0.87851894
23 37 2.858661
23 18 1.6643983
23 7 1.1636294
23 16 7.3987546
23 11 2000.0
23 29 2.9313354
23 5 3.324599
24 26 0.10245584
24 32 0.09284605
24 10 0.23812284
24 21 0.52410156
24 31 2.3915365
24 3 553.8462
24 12 0.078619614
24 15 2000.0
24 17 0.2992424
25 0 2000.0
25 30 1.9342514
25 13 0.75216293
25 33 0.3927017
25 11 1.5624112
25 29 7.135019
25 34 1.7268442
25 20 0.6842935
25 2 1.6583679
25 14 5.0405917
25 37 57.18485
25 7 4.4037147
25 27 0.68837106
25 16 1.8887407
26 32 73.964355
26 28 0.063298374
26 10 0.037909836
26 24 0.10245584
26 31 0.07923295
26 12 0.63670653
26 17 1.9046521
27 0 2000.0
27 30 0.25647405
27 8 1.1554583
27 18 5.6135635
27 13 0.521202
27 33 0.8310829
27 11 0.43790984
27 29 0.5254167
27 5 2.143085
27 34 1.2202718
27 20 0.84863806
27 2 0.59776074
27 14 2.2212253
27 37 1.0391414
27 7 2000.0
27 16 1.7246898
27 25 0.68837106
28 36 0.16073729
28 26 0.063298374
28 10 0.4805761
28 3 0.08870454
28 12 4.3088474
28 9 1.7387414
29 0 16.6336
29 30 2.4365761
29 8 0.46085054
29 18 1.559219
29 13 0.8657239
29 11 0.6066369
29 5 2.4477396
29 34 5.9175186
29 20 7.666084
29 2 0.8177949
29 37 0.93636304
29 7 2000.0
29 27 0.5254167
29 16 7.289555
29 23 2.9313354
29 25 7.135019
30 0 2000.0
30 8 0.5085205
30 18 0.7010623
30 13 2.5246594
30 33 2.9154115
30 11 0.3871463
30 29 2.4365761
30 5 0.47966152
30 34 1.4451494
30 20 18.311678
30 2 8.244588
30 14 2000.0
30 37 7.5305147
30 7 1.12101
30 27 0.25647405
30 16 1.1222429
30 23 1.0842043
30 25 1.9342514
31 26 0.07923295
31 6 0.19437799
31 10 0.03545402
31 24 2.3915365
31 9 0.03615196
31 17 1.1840602
31 4 0.08858232
31 19 0.07810357
32 24 0.09284605
32 21 800.0
32 12 0.29967806
32 15 0.086531825
33 34 2000.0
33 30 2.9154115
33 20 1.4158821
33 2 2.0380416
33 14 0.6005141
33 7 2000.0
33 13 0.89510214
33 27 0.8310829
33 16 2226.3638
33 11 2.3023114
33 29 8077.4434
33 25 0.3927017
34 30 1.4451494
34 20 0.86737067
34 8 2.360313
34 13 8.210386
34 7 22.311363
34 27 1.2202718
34 16 1215.0568
34 11 2.345773
34 25 1.7268442
34 29 5.9175186
34 5 1.3932661
35 21 0.033551313
36 26 2000.0
36 28 0.16073729
36 3 0.34786502
36 9 2.1910172
37 30 7.5305147
37 0 0.7918156
37 8 0.84775156
37 18 0.93738496
37 13 1.0760392
37 11 1.2957541
37 29 0.93636304
37 20 2.4081244
37 2 0.7254193
37 7 27.587063
37 27 1.0391414
37 16 10.097891
37 23 2.858661
37 25 57.18485
