0 8 2.942167
0 2 0.94693625
0 37 1.1599243
0 13 0.88368577
0 11 52.488632
0 29 6.112959
1 3 0.28053164
1 12 24.331167
2 30 7.164905
2 0 0.94693625
2 8 1.0435584
2 18 12.07767
2 13 0.28276777
2 33 1.3810126
2 11 0.953545
2 29 0.96114457
2 20 1.1181575
2 37 0.69407994
2 27 0.57527685
2 23 13.844527
2 25 2.6046863
3 36 0.28314936
3 28 0.096553035
3 24 360.00003
3 12 0.052442268
3 1 0.28053164
3 9 0.4232722
4 31 0.08154055
4 9 0.079178885
4 17 0.07465113
4 19 0.088947944
5 30 0.9166269
5 8 0.69288325
5 18 1.3765851
5 13 95.602165
5 11 2.7978444
5 29 3.879364
5 34 2.9288404
5 20 3.549091
5 37 2000.0
5 7 5.0038223
5 27 1.7356193
5 16 1.7101485
5 23 2.8936841
6 31 0.56071746
6 17 1.01261
7 34 6.500219
7 30 0.85228425
7 20 1.3623877
7 8 28.678793
7 37 13.171622
7 27 354.6526
7 16 1.0121661
7 11 5.0318556
7 23 1.0449629
7 25 7.8180175
7 5 5.0038223
8 0 2.942167
8 30 0.4389002
8 18 0.80723804
8 13 2.5629022
8 11 2.309084
8 29 0.7360329
8 5 0.69288325
8 34 5.165055
8 2 1.0435584
8 37 0.86316293
8 7 28.678793
8 27 1.3520261
8 16 1.4822668
8 23 0.7966203
9 36 1.690964
9 26 2000.0
9 28 1.546591
9 10 6.4593306
9 22 0.41411176
9 31 0.030728692
9 3 0.4232722
9 17 0.38500166
9 4 0.079178885
9 19 0.066354886
10 26 0.03913019
10 28 0.3260113
10 24 0.2418479
10 31 0.037061136
10 12 16.379309
10 9 6.4593306
10 17 0.031073026
11 0 52.488632
11 30 0.46135
11 8 2.309084
11 18 7.047537
11 13 0.55079275
11 33 2.1713243
11 29 0.98398453
11 5 2.7978444
11 34 2.6609373
11 20 0.8955382
11 2 0.953545
11 37 1.1964628
11 7 5.0318556
11 27 0.71792984
11 16 0.8244673
11 25 1.0275857
12 26 1.1601021
12 28 3.5757263
12 32 0.34715447
12 10 16.379309
12 24 0.07794051
12 21 0.11789773
12 3 0.052442268
12 1 24.331167
13 0 0.88368577
13 30 1.3486133
13 8 2.5629022
13 18 156.52176
13 33 0.8117744
13 11 0.55079275
13 29 1.0548236
13 5 95.602165
13 34 5.7466493
13 20 0.51859474
13 2 0.28276777
13 14 2.5469344
13 37 1.0468558
13 27 0.50447077
13 16 31.300869
13 25 0.72878534
14 20 1.2397758
14 13 2.5469344
14 27 2.1976585
14 33 0.36145458
14 11 2000.0
14 25 1.0766991
15 32 0.06976912
15 21 1.106744
16 30 1.1208807
16 0 2000.0
16 8 1.4822668
16 18 0.94717836
16 13 31.300869
16 11 0.8244673
16 29 28.137188
16 5 1.7101485
16 20 4.4986143
16 37 20.931042
16 7 1.0121661
16 27 1.4433674
16 23 3.5803792
16 25 1.8505293
17 26 1.660364
17 6 1.01261
17 10 0.031073026
17 24 0.29491484
17 31 1.2487775
17 9 0.38500166
17 4 0.07465113
17 19 3.8312638
18 30 0.66562563
18 2 12.07767
18 8 0.80723804
18 37 1.0914627
18 13 156.52176
18 7 2000.0
18 27 2.423909
18 16 0.94717836
18 23 0.95934784
18 11 7.047537
18 29 0.7113357
18 5 1.3765851
19 31 0.06724391
19 9 0.066354886
19 17 3.8312638
19 4 0.088947944
20 30 18.440226
20 13 0.51859474
20 33 1.6346315
20 11 0.8955382
20 29 3.0017965
20 5 3.549091
20 34 0.92888224
20 2 1.1181575
20 14 1.2397758
20 37 1.7581017
20 7 1.3623877
20 27 0.6928085
20 16 4.4986143
20 25 0.42077976
21 32 2000.0
21 24 0.5422208
21 35 0.039938018
21 12 0.11789773
21 15 1.106744
22 6 1690.9092
22 31 1205.2842
22 9 0.41411176
22 19 1288.409
23 0 2000.0
23 30 1.2593758
23 2 13.844527
23 8 0.7966203
23 37 1.1040242
23 18 0.95934784
23 7 1.0449629
23 16 3.5803792
23 11 2000.0
23 29 2.5804064
23 5 2.8936841
24 26 0.07465909
24 32 0.12766103
24 10 0.2418479
24 21 0.5422208
24 31 1.0847018
24 12 0.07794051
24 3 360.00003
24 15 2000.0
24 17 0.29491484
25 30 6.8524203
25 13 0.72878534
25 33 0.36492556
25 11 1.0275857
25 29 8.009083
25 34 0.628788
25 20 0.42077976
25 2 2.6046863
25 14 1.0766991
25 37 23.94727
25 7 7.8180175
25 27 0.81182605
25 16 1.8505293
26 36 102.91891
26 32 69.601234
26 28 0.05325664
26 10 0.03913019
26 24 0.07465909
26 31 0.06615058
26 12 1.1601021
26 17 1.660364
27 0 2000.0
27 30 0.79875195
27 8 1.3520261
27 18 2.423909
27 13 0.50447077
27 33 0.9089441
27 11 0.71792984
27 29 0.6226635
27 5 1.7356193
27 34 1.0824531
27 20 0.6928085
27 2 0.57527685
27 14 2.1976585
27 37 0.6667399
27 7 354.6526
27 16 1.4433674
27 23 2000.0
27 25 0.81182605
28 36 0.03641021
28 26 0.05325664
28 10 0.3260113
28 3 0.096553035
28 12 3.5757263
28 9 1.546591
29 0 6.112959
29 30 4.9684954
29 8 0.7360329
29 18 0.7113357
29 13 1.0548236
29 11 0.98398453
29 5 3.879364
29 34 4.469665
29 20 3.0017965
29 2 0.96114457
29 37 0.78078604
29 7 2000.0
29 27 0.6226635
29 16 28.137188
29 23 2.5804064
29 25 8.009083
30 0 2000.0
30 8 0.4389002
30 18 0.66562563
30 13 1.3486133
30 33 1.5003263
30 11 0.46135
30 29 4.9684954
30 5 0.9166269
30 34 1.8502402
30 20 18.440226
30 2 7.164905
30 14 2000.0
30 37 8.60118
30 7 0.85228425
30 27 0.79875195
30 16 1.1208807
30 23 1.2593758
30 25 6.8524203
31 26 0.06615058
31 6 0.56071746
31 10 0.037061136
31 24 1.0847018
31 9 0.030728692
31 17 1.2487775
31 4 0.08154055
31 19 0.06724391
32 26 69.601234
32 24 0.12766103
32 12 0.34715447
32 15 0.06976912
33 34 2000.0
33 30 1.5003263
33 20 1.6346315
33 2 1.3810126
33 14 0.36145458
33 7 2000.0
33 13 0.8117744
33 27 0.9089441
33 16 2270.3408
33 11 2.1713243
33 29 1419.8864
33 25 0.36492556
34 30 1.8502402
34 20 0.92888224
34 8 5.165055
34 13 5.7466493
34 7 6.500219
34 27 1.0824531
34 16 1215.0568
34 11 2.6609373
34 25 0.628788
34 29 4.469665
34 5 2.9288404
35 21 0.039938018
36 26 102.91891
36 28 0.03641021
36 3 0.28314936
36 9 1.690964
37 30 8.60118
37 0 1.1599243
37 8 0.86316293
37 18 1.0914627
37 13 1.0468558
37 11 1.1964628
37 29 0.78078604
37 20 1.7581017
37 2 0.69407994
37 7 13.171622
37 27 0.6667399
37 16 20.931042
37 23 1.1040242
37 25 23.94727
