0 8 3.8507507
0 2 0.97625947
0 37 2.6524196
0 13 1.1334628
0 11 18.74662
0 25 225.00002
0 29 7.135191
1 3 0.43036836
1 12 1212.3864
2 30 11.478862
2 0 0.97625947
2 8 1.3131773
2 18 10.97145
2 13 0.56327313
2 33 2.248616
2 11 0.8055726
2 29 0.8806023
2 20 3.775157
2 37 0.96627825
2 27 0.8829304
2 23 35.504074
2 25 1.9880184
3 36 0.24974933
3 28 0.09532883
3 24 2000.0
3 12 0.06952412
3 1 0.43036836
3 9 0.28814566
4 31 0.065153114
4 9 0.06686039
4 17 0.07504999
4 19 0.09853116
5 30 0.65213484
5 8 0.66195136
5 18 0.5026118
5 13 2000.0
5 11 4.76611
5 29 3.005641
5 34 7.6482987
5 20 1.4826374
5 37 2000.0
5 7 9.709299
5 27 1.8723559
5 16 1.2399946
5 23 5.24652
6 31 1.404143
6 17 1.455293
7 34 7.8478804
7 30 0.6536152
7 20 1.0780585
7 8 75.0
7 37 16.723333
7 27 100.0
7 16 1.1306337
7 11 4.164665
7 23 1.1428239
7 25 7.849034
7 5 9.709299
8 0 3.8507507
8 30 1.0450288
8 18 1.3823129
8 13 3.076223
8 11 0.7340604
8 29 0.64800376
8 5 0.66195136
8 34 7.395748
8 2 1.3131773
8 37 1.6532525
8 7 75.0
8 27 0.88900864
8 16 1.6157658
8 23 0.8621108
9 36 1.0284159
9 26 2000.0
9 28 4.5864778
9 10 3.6559691
9 22 0.3779313
9 31 0.028849563
9 3 0.28814566
9 17 0.05439337
9 4 0.06686039
9 19 0.06495482
10 26 0.038049854
10 28 0.50580317
10 24 0.068143114
10 31 0.042299848
10 12 4.6313176
10 9 3.6559691
10 17 0.029268427
11 0 18.74662
11 30 0.27721775
11 8 0.7340604
11 18 5.7134733
11 13 0.73008
11 33 2.6015985
11 29 0.8416079
11 5 4.76611
11 34 3.9609373
11 20 0.966583
11 2 0.8055726
11 37 1.2416987
11 7 4.164665
11 27 0.29195443
11 16 1.103811
11 25 1.1366019
12 26 0.59244794
12 28 4.589761
12 32 0.17379598
12 10 4.6313176
12 24 0.076276466
12 21 0.101568535
12 3 0.06952412
13 30 1.2132252
13 0 1.1334628
13 8 3.076223
13 18 483.2292
13 33 0.79822105
13 11 0.73008
13 29 0.8803331
13 34 16.959589
13 20 1.1432762
13 2 0.56327313
13 14 2.3239584
13 37 4.3760824
13 27 0.1503852
13 16 521.5502
13 25 0.64954853
14 20 0.64497155
14 13 2.3239584
14 33 0.4028676
14 27 2.8430862
14 11 2000.0
14 25 1.9972941
15 32 0.07021897
15 21 4.737311
16 30 1.0503086
16 0 2000.0
16 8 1.6157658
16 18 0.8983791
16 13 521.5502
16 11 1.103811
16 29 109.27463
16 5 1.2399946
16 20 9.992059
16 37 133.33334
16 7 1.1306337
16 27 1.4794403
16 23 9.056603
16 25 1.2543647
17 26 1.6946024
17 6 1.455293
17 10 0.029268427
17 24 0.2060036
17 31 1.1526425
17 9 0.05439337
17 4 0.07504999
17 19 1.2519357
18 30 0.70325357
18 2 10.97145
18 8 1.3823129
18 37 1.3300683
18 13 483.2292
18 7 2000.0
18 27 3.5005946
18 16 0.8983791
18 23 1.2624153
18 11 5.7134733
18 29 0.95251954
18 5 0.5026118
19 22 95.62718
19 31 0.07671371
19 9 0.06495482
19 17 1.2519357
19 4 0.09853116
20 30 33.16315
20 13 1.1432762
20 33 0.9364907
20 11 0.966583
20 29 3.3002243
20 5 1.4826374
20 34 0.77826005
20 2 3.775157
20 14 0.64497155
20 37 6.212883
20 7 1.0780585
20 27 0.41249463
20 16 9.992059
20 25 0.50206846
21 10 2000.0
21 24 0.13543616
21 35 0.0451169
21 12 0.101568535
21 15 4.737311
22 6 1299.3182
22 31 1232.6136
22 9 0.3779313
22 19 95.62718
23 0 2000.0
23 30 2.8311045
23 2 35.504074
23 8 0.8621108
23 37 1.3613853
23 18 1.2624153
23 7 1.1428239
23 16 9.056603
23 11 2000.0
23 29 2.3072565
23 5 5.24652
24 26 0.09708413
24 32 0.10225978
24 10 0.068143114
24 21 0.13543616
24 31 6.267054
24 12 0.076276466
24 3 2000.0
24 15 2000.0
24 17 0.2060036
25 0 225.00002
25 30 2.0676982
25 13 0.64954853
25 33 0.7797159
25 11 1.1366019
25 29 2.3795767
25 34 1.0942777
25 20 0.50206846
25 2 1.9880184
25 14 1.9972941
25 37 17.076706
25 7 7.849034
25 27 0.7342451
25 16 1.2543647
26 32 21.142744
26 28 0.042179607
26 10 0.038049854
26 24 0.09708413
26 31 0.067529805
26 12 0.59244794
26 17 1.6946024
27 0 2000.0
27 30 0.31712198
27 8 0.88900864
27 18 3.5005946
27 13 0.1503852
27 33 1.7771307
27 11 0.29195443
27 29 0.6535209
27 5 1.8723559
27 34 0.9774005
27 20 0.41249463
27 2 0.8829304
27 14 2.8430862
27 37 1.5971911
27 7 100.0
27 16 1.4794403
27 25 0.7342451
28 36 0.04174114
28 26 0.042179607
28 10 0.50580317
28 3 0.09532883
28 12 4.589761
28 9 4.5864778
29 0 7.135191
29 30 1.9647062
29 8 0.64800376
29 18 0.95251954
29 13 0.8803331
29 11 0.8416079
29 5 3.005641
29 34 12.413516
29 20 3.3002243
29 2 0.8806023
29 37 0.7739403
29 7 2000.0
29 27 0.6535209
29 16 109.27463
29 23 2.3072565
29 25 2.3795767
30 0 2000.0
30 8 1.0450288
30 18 0.70325357
30 13 1.2132252
30 33 2.3212576
30 11 0.27721775
30 29 1.9647062
30 5 0.65213484
30 34 4.633919
30 20 33.16315
30 2 11.478862
30 14 2000.0
30 37 6.2782617
30 7 0.6536152
30 27 0.31712198
30 16 1.0503086
30 23 2.8311045
30 25 2.0676982
31 26 0.067529805
31 6 1.404143
31 10 0.042299848
31 24 6.267054
31 9 0.028849563
31 17 1.1526425
31 4 0.065153114
31 19 0.07671371
32 26 21.142744
32 24 0.10225978
32 12 0.17379598
32 15 0.07021897
33 30 2.3212576
33 13 0.79822105
33 11 2.6015985
33 29 4429.602
33 5 2000.0
33 34 2000.0
33 20 0.9364907
33 2 2.248616
33 14 0.4028676
33 7 2000.0
33 27 1.7771307
33 16 2000.0
33 25 0.7797159
34 30 4.633919
34 20 0.77826005
34 8 7.395748
34 7 7.8478804
34 13 16.959589
34 27 0.9774005
34 16 2536.0227
34 11 3.9609373
34 25 1.0942777
34 29 12.413516
34 5 7.6482987
35 21 0.0451169
36 26 2000.0
36 28 0.04174114
36 3 0.24974933
36 9 1.0284159
37 30 6.2782617
37 0 2.6524196
37 8 1.6532525
37 18 1.3300683
37 13 4.3760824
37 11 1.2416987
37 29 0.7739403
37 20 6.212883
37 2 0.96627825
37 7 16.723333
37 27 1.5971911
37 16 133.33334
37 23 1.3613853
37 25 17.076706
