0 8 7.28533
0 2 1.6003226
0 37 1.0895022
0 13 1.0420979
0 11 17.059498
0 25 2000.0
0 29 19.065548
1 3 0.25293255
1 12 1202.159
2 30 15.172974
2 0 1.6003226
2 8 1.535789
2 18 11.121331
2 13 0.5055675
2 33 1.5241948
2 11 0.8556936
2 29 1.096655
2 20 1.3588358
2 37 0.80026966
2 27 0.5188822
2 16 2000.0
2 23 30.282042
2 25 2.2289505
3 36 0.25997475
3 28 0.12693226
3 24 2000.0
3 12 0.052059915
3 1 0.25293255
3 9 0.43202186
4 31 0.07945831
4 9 0.06488269
4 17 0.09285886
4 19 0.086850226
5 30 0.70205843
5 8 0.85477245
5 18 0.33970314
5 13 607.9119
5 11 2.5046246
5 29 5.1296287
5 34 2.1439116
5 20 3.2111423
5 37 2000.0
5 7 13.607248
5 27 1.5629992
5 16 1.3269851
5 23 3.5495276
6 22 80.0
6 31 0.5575732
6 17 1.2682692
7 34 6.1696205
7 30 0.75898194
7 20 1.4292381
7 8 35.60625
7 37 11.355658
7 16 1.2260817
7 11 7.7006807
7 23 0.8568804
7 25 10.43589
7 5 13.607248
8 0 7.28533
8 30 0.96529907
8 18 1.0686775
8 13 5.874828
8 11 2.6596093
8 29 0.7600115
8 5 0.85477245
8 34 2.5661373
8 2 1.535789
8 37 0.96762085
8 7 35.60625
8 27 1.4773288
8 16 1.5031102
8 23 1.4111637
9 36 0.99152017
9 26 2000.0
9 28 2.5177934
9 10 4.2914433
9 22 0.27005988
9 31 0.030241935
9 3 0.43202186
9 17 0.033811472
9 4 0.06488269
9 19 0.06686039
10 26 0.03327064
10 28 0.23984182
10 24 0.24723274
10 31 0.035685483
10 12 9.179273
10 9 4.2914433
10 17 0.042212512
11 0 17.059498
11 30 0.48279732
11 8 2.6596093
11 18 5.322905
11 13 0.5899358
11 33 1.9761739
11 29 1.2866753
11 5 2.5046246
11 34 2.3577735
11 20 1.2669564
11 2 0.8556936
11 37 1.0621816
11 7 7.7006807
11 27 0.47897637
11 16 0.8103997
11 25 1.2396045
12 26 0.85369307
12 28 4.99714
12 32 0.31631893
12 10 9.179273
12 24 0.07165678
12 21 0.1193411
12 3 0.052059915
12 1 1202.159
13 30 1.1695727
13 0 1.0420979
13 8 5.874828
13 18 613.98364
13 33 0.87509376
13 11 0.5899358
13 29 1.3211584
13 5 607.9119
13 34 6.707013
13 20 0.65303814
13 2 0.5055675
13 14 5.169947
13 37 2.074609
13 27 0.20798466
13 16 157.78885
13 25 0.6445361
14 34 2000.0
14 20 1.9056405
14 13 5.169947
14 27 4.0410085
14 33 0.3578904
14 11 2000.0
14 25 1.5338898
15 32 0.07423893
15 21 1.4478842
16 30 1.1008477
16 0 2000.0
16 8 1.5031102
16 18 0.99804187
16 13 157.78885
16 11 0.8103997
16 29 45.580334
16 5 1.3269851
16 20 5.820135
16 37 10.825487
16 7 1.2260817
16 27 1.3814852
16 23 7.15778
16 25 1.3283145
17 26 1.8031418
17 6 1.2682692
17 10 0.042212512
17 24 0.2774085
17 31 1.17532
17 9 0.033811472
17 4 0.09285886
17 19 5.2757454
18 30 0.67439073
18 2 11.121331
18 8 1.0686775
18 37 1.0582771
18 7 2000.0
18 13 613.98364
18 27 2.3989131
18 16 0.99804187
18 23 1.6053494
18 11 5.322905
18 29 0.93629456
18 5 0.33970314
19 31 0.07828725
19 9 0.06686039
19 17 5.2757454
19 4 0.086850226
20 30 5.8648415
20 13 0.65303814
20 33 1.8991349
20 11 1.2669564
20 29 2.5077357
20 5 3.2111423
20 34 0.8283533
20 2 1.3588358
20 14 1.9056405
20 37 3.0296624
20 7 1.4292381
20 27 0.270526
20 16 5.820135
20 25 0.7077804
21 32 1066.6667
21 10 2000.0
21 24 0.5159988
21 35 0.031574674
21 12 0.1193411
21 15 1.4478842
22 6 80.0
22 31 1196.875
22 9 0.27005988
22 19 1462.216
23 0 2000.0
23 30 1.1450002
23 2 30.282042
23 8 1.4111637
23 37 3.1574879
23 18 1.6053494
23 7 0.8568804
23 16 7.15778
23 11 2000.0
23 29 3.4198549
23 5 3.5495276
24 26 0.11996256
24 32 0.08501893
24 10 0.24723274
24 21 0.5159988
24 31 7.4522114
24 3 2000.0
24 12 0.07165678
24 15 2000.0
24 17 0.2774085
25 0 2000.0
25 30 0.97716147
25 13 0.6445361
25 33 0.3021701
25 11 1.2396045
25 29 2.5909293
25 34 1.3923658
25 20 0.7077804
25 2 2.2289505
25 14 1.5338898
25 37 41.88876
25 7 10.43589
25 27 0.63993067
25 16 1.3283145
26 32 10.052407
26 28 0.33616027
26 10 0.03327064
26 24 0.11996256
26 31 0.07925189
26 12 0.85369307
26 17 1.8031418
27 0 2000.0
27 30 0.20764464
27 8 1.4773288
27 18 2.3989131
27 13 0.20798466
27 33 0.7933629
27 11 0.47897637
27 29 0.6416323
27 5 1.5629992
27 34 0.9229038
27 20 0.270526
27 2 0.5188822
27 14 4.0410085
27 37 0.7233918
27 7 2814.432
27 16 1.3814852
27 25 0.63993067
28 36 0.03616803
28 26 0.33616027
28 10 0.23984182
28 3 0.12693226
28 12 4.99714
28 9 2.5177934
29 0 19.065548
29 30 4.3057656
29 8 0.7600115
29 18 0.93629456
29 13 1.3211584
29 11 1.2866753
29 5 5.1296287
29 34 14.299369
29 20 2.5077357
29 2 1.096655
29 37 1.165678
29 7 2000.0
29 27 0.6416323
29 16 45.580334
29 23 3.4198549
29 25 2.5909293
30 0 2000.0
30 8 0.96529907
30 18 0.67439073
30 13 1.1695727
30 33 2.9317553
30 11 0.48279732
30 29 4.3057656
30 5 0.70205843
30 34 1.5428786
30 20 5.8648415
30 2 15.172974
30 37 8.705275
30 7 0.75898194
30 27 0.20764464
30 16 1.1008477
30 23 1.1450002
30 25 0.97716147
31 26 0.07925189
31 6 0.5575732
31 10 0.035685483
31 24 7.4522114
31 9 0.030241935
31 17 1.17532
31 4 0.07945831
31 19 0.07828725
32 26 10.052407
32 24 0.08501893
32 21 1066.6667
32 12 0.31631893
32 15 0.07423893
33 34 2000.0
33 30 2.9317553
33 20 1.8991349
33 2 1.5241948
33 14 0.3578904
33 7 2000.0
33 13 0.87509376
33 27 0.7933629
33 16 2226.3638
33 11 1.9761739
33 29 3775.9092
33 25 0.3021701
34 30 1.5428786
34 20 0.8283533
34 8 2.5661373
34 13 6.707013
34 7 6.1696205
34 27 0.9229038
34 16 1215.0568
34 11 2.3577735
34 25 1.3923658
34 29 14.299369
34 5 2.1439116
35 21 0.031574674
36 26 2000.0
36 28 0.03616803
36 3 0.25997475
36 9 0.99152017
37 30 8.705275
37 0 1.0895022
37 8 0.96762085
37 18 1.0582771
37 13 2.074609
37 11 1.0621816
37 29 1.165678
37 20 3.0296624
37 2 0.80026966
37 7 11.355658
37 27 0.7233918
37 16 10.825487
37 23 3.1574879
37 25 41.88876
