0 2 3.2499304
0 37 1.28957
0 13 1.489738
0 29 47.013874
0 25 27.222225
1 3 1.0454167
1 12 13.987446
2 30 23.157238
2 0 3.2499304
2 8 1.2193297
2 18 2.2151864
2 13 0.40384912
2 33 5.1034446
2 11 1.43697
2 29 1.2508956
2 20 3.968913
2 37 0.85092217
2 27 1.2227708
2 16 2000.0
2 23 38.786835
2 25 0.8563769
3 36 0.355959
3 28 3.7032533
3 24 1567.1875
3 12 0.055409
3 1 1.0454167
3 9 0.7205116
4 31 0.06544959
4 9 0.08879681
4 17 0.12994993
4 19 0.0777925
5 30 0.5391555
5 8 0.3913096
5 18 1.2986544
5 13 17.110498
5 11 1.9143764
5 29 1.2636693
5 34 1.5684524
5 20 4.429002
5 37 8.313607
5 7 12.890486
5 27 0.9765259
5 16 1.8470486
5 23 2.835751
5 25 2000.0
6 31 0.18192996
6 17 2.3892622
7 30 0.8755907
7 20 14.296583
7 8 4.616162
7 37 2000.0
7 27 2000.0
7 16 1.023267
7 23 1.3112715
7 11 1918.0778
7 29 514.2857
7 25 2.088433
7 5 12.890486
8 0 2000.0
8 30 0.34996772
8 18 1.2076615
8 13 0.88278836
8 11 1.0905435
8 29 0.40524897
8 5 0.3913096
8 34 69.360115
8 2 1.2193297
8 37 0.86299115
8 7 4.616162
8 27 1.3876446
8 16 1.4801414
8 23 0.89138365
8 25 2000.0
9 36 0.24868035
9 28 1.1154169
9 10 34.78476
9 22 0.055085924
9 31 0.029331528
9 12 2000.0
9 3 0.7205116
9 4 0.08879681
9 17 0.03469166
9 19 0.067415625
10 26 0.03063693
10 28 0.21818182
10 24 0.07663691
10 31 58.5303
10 12 1741.1931
10 9 34.78476
10 17 0.03458498
11 0 2000.0
11 30 0.86261904
11 8 1.0905435
11 18 10.112762
11 13 0.80075634
11 33 1.9348215
11 29 0.8531588
11 5 1.9143764
11 34 2.5966487
11 20 1.7488291
11 2 1.43697
11 37 1.4092973
11 7 1918.0778
11 27 0.72303236
11 16 2.2051487
11 25 1.1859536
12 26 1.0516123
12 32 4.405879
12 24 0.07597802
12 21 0.15666333
12 3 0.055409
12 1 13.987446
13 30 35.519352
13 0 1.489738
13 8 0.88278836
13 18 119.515915
13 33 0.83505166
13 11 0.80075634
13 29 1.1246709
13 5 17.110498
13 34 2000.0
13 20 1.478346
13 2 0.40384912
13 14 5.489456
13 37 1.0249825
13 7 2000.0
13 27 1.3369006
13 16 60.93644
13 25 0.5711523
14 30 7.9505854
14 20 5.3791823
14 13 5.489456
14 27 3.3336525
14 33 0.41023496
14 11 2000.0
14 25 1.4114965
15 32 0.06983139
15 21 8.964762
16 30 1.0444353
16 0 2000.0
16 8 1.4801414
16 18 1.5021703
16 13 60.93644
16 11 2.2051487
16 5 1.8470486
16 34 82.72216
16 20 74.085335
16 7 1.023267
16 27 1.8447816
16 23 4.249395
16 25 1.6784728
17 6 2.3892622
17 26 1.960119
17 10 0.03458498
17 24 0.19120933
17 31 1.0162139
17 9 0.03469166
17 4 0.12994993
17 19 53.046215
18 0 2000.0
18 30 0.6834923
18 8 1.2076615
18 13 119.515915
18 11 10.112762
18 29 1.2890741
18 5 1.2986544
18 2 2.2151864
18 37 2.0627017
18 7 2000.0
18 27 23.629
18 16 1.5021703
18 23 1.4170079
19 28 81.637505
19 31 0.07516496
19 9 0.067415625
19 4 0.0777925
19 17 53.046215
20 30 4.5170455
20 13 1.478346
20 33 0.91985196
20 11 1.7488291
20 29 10.949793
20 5 4.429002
20 34 0.9641
20 2 3.968913
20 14 5.3791823
20 37 4.812764
20 7 14.296583
20 27 1.557651
20 16 74.085335
20 25 1.0604428
21 26 2000.0
21 32 2000.0
21 24 0.7373331
21 35 0.03333333
21 31 2000.0
21 12 0.15666333
21 15 8.964762
22 31 100.0
22 9 0.055085924
22 19 2000.0
23 0 2000.0
23 30 2.1276817
23 8 0.89138365
23 2 38.786835
23 37 2.9138258
23 18 1.4170079
23 7 1.3112715
23 16 4.249395
23 11 2000.0
23 29 1.1390259
23 5 2.835751
24 26 0.042162918
24 32 0.4000897
24 10 0.07663691
24 21 0.7373331
24 12 0.07597802
24 17 0.19120933
25 0 27.222225
25 30 15.710723
25 13 0.5711523
25 33 0.61170876
25 11 1.1859536
25 29 2.7901747
25 34 1.5247409
25 20 1.0604428
25 2 0.8563769
25 14 1.4114965
25 37 14.602374
25 7 2.088433
25 27 0.39085686
25 16 1.6784728
26 32 38.887943
26 28 0.058870975
26 10 0.03063693
26 24 0.042162918
26 31 0.15687211
26 12 1.0516123
26 17 1.960119
27 30 0.71922076
27 0 2000.0
27 8 1.3876446
27 18 23.629
27 13 1.3369006
27 33 0.66540074
27 11 0.72303236
27 29 0.84307754
27 5 0.9765259
27 34 1.125785
27 20 1.557651
27 2 1.2227708
27 14 3.3336525
27 37 1.2070756
27 7 2000.0
27 16 1.8447816
27 25 0.39085686
28 36 0.036297962
28 26 0.058870975
28 10 0.21818182
28 3 3.7032533
28 12 1209.4886
28 9 1.1154169
28 19 81.637505
29 0 47.013874
29 30 1.8647149
29 8 0.40524897
29 18 1.2890741
29 13 1.1246709
29 33 12.306438
29 11 0.8531588
29 5 1.2636693
29 34 3.7363007
29 20 10.949793
29 2 1.2508956
29 37 0.84046
29 7 514.2857
29 27 0.84307754
29 16 2000.0
29 23 1.1390259
29 25 2.7901747
30 8 0.34996772
30 18 0.6834923
30 13 35.519352
30 33 5.050403
30 11 0.86261904
30 29 1.8647149
30 5 0.5391555
30 34 1.2038379
30 20 4.5170455
30 2 23.157238
30 14 7.9505854
30 37 16.255737
30 7 0.8755907
30 27 0.71922076
30 16 1.0444353
30 23 2.1276817
30 25 15.710723
31 26 0.15687211
31 6 0.18192996
31 10 58.5303
31 22 100.0
31 9 0.029331528
31 4 0.06544959
31 17 1.0162139
31 19 0.07516496
32 26 38.887943
32 24 0.4000897
32 12 4.405879
32 15 0.06983139
33 30 5.050403
33 13 0.83505166
33 11 1.9348215
33 29 12.306438
33 5 2000.0
33 34 2000.0
33 20 0.91985196
33 2 5.1034446
33 14 0.41023496
33 7 2000.0
33 27 0.66540074
33 16 3017.898
33 25 0.61170876
34 30 1.2038379
34 20 0.9641
34 8 69.360115
34 37 2000.0
34 7 2000.0
34 13 2000.0
34 27 1.125785
34 16 82.72216
34 11 2.5966487
34 29 3.7363007
34 25 1.5247409
34 5 1.5684524
35 21 0.03333333
35 31 1096.0227
36 28 0.036297962
36 3 0.355959
36 9 0.24868035
37 30 16.255737
37 0 1.28957
37 8 0.86299115
37 18 2.0627017
37 13 1.0249825
37 11 1.4092973
37 29 0.84046
37 5 8.313607
37 20 4.812764
37 2 0.85092217
37 7 2000.0
37 27 1.2070756
37 16 2000.0
37 23 2.9138258
37 25 14.602374
