0 2 0.949176
0 37 3.3791277
0 13 0.8669573
0 29 38.497158
0 25 98.55795
1 3 0.98211145
1 12 34.556084
2 30 71.034096
2 0 0.949176
2 8 2.0948808
2 18 1.947685
2 13 0.40230465
2 33 1.8722086
2 11 1.2516718
2 29 1.0717323
2 20 2.2020416
2 37 0.82215035
2 27 0.7977827
2 16 2000.0
2 23 8.191883
2 25 0.5096
3 36 0.34648162
3 28 80.0
3 24 2000.0
3 12 0.06632571
3 1 0.98211145
3 9 0.42722473
4 31 0.06885823
4 9 0.07391862
4 17 0.15444179
4 19 0.068328455
5 30 1.1010787
5 8 0.97932184
5 18 1.3281734
5 13 44.071167
5 11 3.8106265
5 29 5.9212146
5 34 2.1426044
5 20 3.2695143
5 37 14.578775
5 7 40.045895
5 27 2.6324835
5 16 1.4769715
5 23 5.4193654
5 25 2000.0
6 31 0.131305
6 17 6.0218287
7 30 1.0731711
7 20 39.92652
7 8 9.2887535
7 37 164.22682
7 16 0.9808027
7 23 1.3784704
7 11 75.55619
7 25 3.0614493
7 5 40.045895
8 0 2000.0
8 30 0.8971833
8 18 1.3140783
8 13 1.4410208
8 11 1.6474788
8 29 0.73475903
8 5 0.97932184
8 34 64.95171
8 2 2.0948808
8 37 0.9077849
8 7 9.2887535
8 27 3.5103862
8 16 1.6634305
8 23 1.876114
8 25 2000.0
9 36 0.583907
9 26 2000.0
9 28 0.5758797
9 10 13.809967
9 22 0.078971796
9 31 0.058515046
9 12 2000.0
9 3 0.42722473
9 4 0.07391862
9 17 0.031164268
9 19 0.10379098
10 26 0.0344064
10 28 0.37510997
10 24 0.0865313
10 31 0.47285163
10 12 1307.1023
10 9 13.809967
10 17 0.033622183
11 0 2000.0
11 30 0.65151846
11 8 1.6474788
11 18 6.856878
11 13 0.8772768
11 33 1.279272
11 29 0.7748406
11 5 3.8106265
11 34 1.4575725
11 20 1.2428969
11 2 1.2516718
11 37 1.2475975
11 7 75.55619
11 27 0.82600594
11 16 0.9043923
11 25 0.800229
12 26 0.56860274
12 32 4.942641
12 24 0.068886496
12 21 0.22346047
12 3 0.06632571
12 1 34.556084
13 30 60.854435
13 0 0.8669573
13 8 1.4410208
13 18 14.732446
13 33 1.1106493
13 11 0.8772768
13 29 0.68853796
13 5 44.071167
13 34 84.898865
13 20 0.82658273
13 2 0.40230465
13 14 4.3304234
13 37 1.280345
13 7 2000.0
13 27 0.32792136
13 16 101.706825
13 25 0.32634568
14 30 11.370881
14 20 1.1751083
14 13 4.3304234
14 27 1.8893024
14 33 0.37290794
14 11 2000.0
14 25 1.6015073
15 32 0.06718128
15 21 12.404338
16 30 1.0658232
16 0 2000.0
16 8 1.6634305
16 18 2.3641121
16 13 101.706825
16 33 2738.6362
16 11 0.9043923
16 5 1.4769715
16 34 26.470446
16 20 35.979122
16 7 0.9808027
16 27 1.4895715
16 23 13.660781
16 25 2.086086
17 6 6.0218287
17 26 1.464568
17 10 0.033622183
17 24 0.14352767
17 31 0.9828446
17 9 0.031164268
17 4 0.15444179
17 19 2000.0
18 0 2000.0
18 30 0.6711334
18 8 1.3140783
18 2 1.947685
18 37 6.3884325
18 13 14.732446
18 27 113.90299
18 16 2.3641121
18 11 6.856878
18 23 1.5594399
18 29 1.0093589
18 5 1.3281734
19 28 39.941624
19 31 0.08853009
19 9 0.10379098
19 4 0.068328455
20 30 5.3575997
20 13 0.82658273
20 33 0.86924714
20 11 1.2428969
20 29 11.733635
20 5 3.2695143
20 34 1.1288776
20 2 2.2020416
20 14 1.1751083
20 37 2.2424216
20 7 39.92652
20 27 1.7799674
20 16 35.979122
20 25 0.31945783
21 32 2000.0
21 10 2000.0
21 24 1.0163683
21 35 0.034686588
21 31 2000.0
21 12 0.22346047
21 15 12.404338
22 31 118.80919
22 9 0.078971796
22 19 2000.0
23 0 2000.0
23 30 7.657972
23 8 1.876114
23 2 8.191883
23 37 1.6548903
23 18 1.5594399
23 7 1.3784704
23 16 13.660781
23 11 2000.0
23 29 2.0060828
23 5 5.4193654
24 26 0.046921566
24 32 0.43790868
24 10 0.0865313
24 21 1.0163683
24 12 0.068886496
24 15 2000.0
24 17 0.14352767
25 0 98.55795
25 30 32.148216
25 13 0.32634568
25 33 0.6189603
25 11 0.800229
25 29 2.1070487
25 34 4.3727837
25 20 0.31945783
25 2 0.5096
25 14 1.6015073
25 37 37.12531
25 7 3.0614493
25 27 0.2662618
25 16 2.086086
26 32 50.08542
26 28 0.055423185
26 10 0.0344064
26 24 0.046921566
26 31 0.12254766
26 12 0.56860274
26 17 1.464568
27 30 0.2866748
27 0 2000.0
27 8 3.5103862
27 18 113.90299
27 13 0.32792136
27 33 0.7114985
27 11 0.82600594
27 29 0.76820934
27 5 2.6324835
27 34 0.87840396
27 20 1.7799674
27 2 0.7977827
27 14 1.8893024
27 37 0.9269212
27 7 2000.0
27 16 1.4895715
27 25 0.2662618
28 36 0.034442455
28 26 0.055423185
28 10 0.37510997
28 12 1204.8296
28 3 80.0
28 9 0.5758797
28 19 39.941624
29 0 38.497158
29 30 1.1717587
29 8 0.73475903
29 18 1.0093589
29 13 0.68853796
29 33 18.594618
29 11 0.7748406
29 5 5.9212146
29 34 3.821624
29 20 11.733635
29 2 1.0717323
29 37 0.8821923
29 7 2000.0
29 27 0.76820934
29 16 2000.0
29 23 2.0060828
29 25 2.1070487
30 8 0.8971833
30 18 0.6711334
30 13 60.854435
30 33 8.722475
30 11 0.65151846
30 29 1.1717587
30 5 1.1010787
30 34 1.2383344
30 20 5.3575997
30 2 71.034096
30 14 11.370881
30 37 12.622419
30 7 1.0731711
30 27 0.2866748
30 16 1.0658232
30 23 7.657972
30 25 32.148216
31 26 0.12254766
31 6 0.131305
31 10 0.47285163
31 35 94.67518
31 22 118.80919
31 9 0.058515046
31 4 0.06885823
31 17 0.9828446
31 19 0.08853009
32 26 50.08542
32 24 0.43790868
32 12 4.942641
32 15 0.06718128
33 34 2000.0
33 30 8.722475
33 20 0.86924714
33 2 1.8722086
33 14 0.37290794
33 7 2000.0
33 13 1.1106493
33 27 0.7114985
33 16 2738.6362
33 11 1.279272
33 29 18.594618
33 25 0.6189603
34 30 1.2383344
34 20 1.1288776
34 8 64.95171
34 37 2000.0
34 7 2000.0
34 13 84.898865
34 27 0.87840396
34 16 26.470446
34 11 1.4575725
34 29 3.821624
34 25 4.3727837
34 5 2.1426044
35 21 0.034686588
35 31 94.67518
36 28 0.034442455
36 3 0.34648162
36 9 0.583907
37 30 12.622419
37 0 3.3791277
37 8 0.9077849
37 18 6.3884325
37 13 1.280345
37 11 1.2475975
37 29 0.8821923
37 5 14.578775
37 20 2.2424216
37 2 0.82215035
37 7 164.22682
37 27 0.9269212
37 16 2000.0
37 23 1.6548903
37 25 37.12531
