0 2 2.0776849
0 37 1.141625
0 13 1.3445792
0 29 64.21745
0 25 24.242424
1 3 0.85829544
1 12 14.217957
2 30 13.77619
2 0 2.0776849
2 8 1.7015185
2 18 4.796724
2 13 0.68012327
2 33 3.2496994
2 11 2.8687665
2 29 1.3146856
2 20 6.741357
2 37 0.8473115
2 27 0.98545885
2 16 2000.0
2 23 13.700096
2 25 1.1023358
3 36 0.47857866
3 28 9.137885
3 24 2000.0
3 12 0.0787266
3 1 0.85829544
3 9 0.27680698
4 31 0.06758689
4 9 0.08761177
4 17 0.12737793
4 19 0.0663278
5 30 0.7830005
5 8 1.2516114
5 18 0.72719604
5 13 12.32812
5 11 6.0460033
5 29 6.7303123
5 34 5.5382357
5 20 3.4284532
5 37 16.582842
5 7 15.181853
5 27 3.7444022
5 16 1.6434529
5 23 5.7640204
5 25 2000.0
6 31 0.14821209
6 17 5.713044
7 30 0.8933089
7 20 36.55934
7 8 10.530682
7 37 100.0
7 16 1.4223517
7 23 1.9767745
7 11 195.52272
7 25 5.1695256
7 5 15.181853
8 0 2000.0
8 30 0.48310357
8 18 1.0872467
8 13 3.452338
8 11 1.0756793
8 29 1.3658494
8 5 1.2516114
8 34 49.059483
8 2 1.7015185
8 37 1.5046849
8 7 10.530682
8 27 3.4485362
8 16 2.082821
8 23 1.9092698
8 25 2000.0
9 36 0.4879948
9 26 2000.0
9 28 1.5571429
9 10 43.104
9 22 0.06344697
9 31 0.03668369
9 3 0.27680698
9 12 2000.0
9 4 0.08761177
9 17 0.03419169
9 19 0.06697094
10 26 0.029629134
10 28 0.33438414
10 24 0.1483671
10 31 11.255398
10 12 69.13637
10 9 43.104
10 17 0.03146784
11 0 2000.0
11 30 0.81830716
11 8 1.0756793
11 18 13.245276
11 13 0.9264321
11 33 2.1730847
11 29 1.2743635
11 5 6.0460033
11 34 4.350092
11 20 2.247224
11 2 2.8687665
11 37 1.5136855
11 7 195.52272
11 27 0.7019245
11 16 1.2364588
11 25 0.7917674
12 26 0.82500905
12 32 7.5852265
12 10 69.13637
12 24 0.06868598
12 21 0.12641269
12 3 0.0787266
12 1 14.217957
13 30 20.724548
13 0 1.3445792
13 8 3.452338
13 18 58.040203
13 33 0.76846975
13 11 0.9264321
13 29 1.1612736
13 5 12.32812
13 34 2000.0
13 20 1.8346181
13 2 0.68012327
13 14 15.238284
13 37 1.164505
13 7 2000.0
13 27 0.34313107
13 16 86.88437
13 25 0.28881535
14 30 7.948419
14 20 5.8943434
14 13 15.238284
14 27 3.5267942
14 33 0.8051137
14 25 6.1199565
15 32 0.07876365
15 21 13.199053
16 30 1.0845692
16 0 2000.0
16 8 2.082821
16 18 1.5047624
16 13 86.88437
16 11 1.2364588
16 5 1.6434529
16 34 48.24737
16 20 56.38731
16 7 1.4223517
16 27 1.2756094
16 23 2.8336701
16 25 1.328501
17 6 5.713044
17 26 1.3616121
17 10 0.03146784
17 24 0.1799487
17 31 0.96697587
17 9 0.03419169
17 4 0.12737793
17 19 133.0303
18 0 2000.0
18 30 0.6778982
18 8 1.0872467
18 13 58.040203
18 11 13.245276
18 29 1.6777105
18 5 0.72719604
18 2 4.796724
18 37 2.4031694
18 7 2000.0
18 27 20.022957
18 16 1.5047624
18 23 1.2382278
19 31 0.09347507
19 9 0.06697094
19 4 0.0663278
19 17 133.0303
20 30 2.424103
20 13 1.8346181
20 33 1.1462982
20 11 2.247224
20 29 16.657166
20 5 3.4284532
20 34 1.4659395
20 2 6.741357
20 14 5.8943434
20 37 4.1096916
20 7 36.55934
20 27 1.4839028
20 16 56.38731
20 25 1.019822
21 32 2000.0
21 24 1.2518361
21 35 0.03614931
21 12 0.12641269
21 15 13.199053
22 31 177.77777
22 9 0.06344697
22 19 2000.0
23 0 2000.0
23 30 3.9364796
23 8 1.9092698
23 2 13.700096
23 37 2.1148899
23 18 1.2382278
23 7 1.9767745
23 16 2.8336701
23 11 2000.0
23 29 1.4908293
23 5 5.7640204
24 26 0.04047042
24 32 0.40167797
24 10 0.1483671
24 21 1.2518361
24 12 0.06868598
24 15 2000.0
24 17 0.1799487
25 30 27.811478
25 0 24.242424
25 13 0.28881535
25 33 0.6217258
25 11 0.7917674
25 29 5.610168
25 34 6.831919
25 20 1.019822
25 2 1.1023358
25 14 6.1199565
25 37 25.919397
25 7 5.1695256
25 27 0.2949923
25 16 1.328501
26 32 72.28978
26 28 0.05541443
26 10 0.029629134
26 24 0.04047042
26 31 0.10396101
26 12 0.82500905
26 17 1.3616121
27 30 0.29457954
27 0 2000.0
27 8 3.4485362
27 18 20.022957
27 13 0.34313107
27 33 0.6841394
27 11 0.7019245
27 29 0.666837
27 5 3.7444022
27 34 1.0508062
27 20 1.4839028
27 2 0.98545885
27 14 3.5267942
27 37 1.0525149
27 7 2000.0
27 16 1.2756094
27 25 0.2949923
28 36 0.0619676
28 26 0.05541443
28 10 0.33438414
28 3 9.137885
28 12 1200.3408
28 9 1.5571429
28 19 1367.8977
29 0 64.21745
29 30 1.3144037
29 8 1.3658494
29 18 1.6777105
29 13 1.1612736
29 33 38.235733
29 11 1.2743635
29 5 6.7303123
29 34 6.6566434
29 20 16.657166
29 2 1.3146856
29 37 0.62689394
29 7 2000.0
29 27 0.666837
29 16 2000.0
29 23 1.4908293
29 25 5.610168
30 8 0.48310357
30 18 0.6778982
30 13 20.724548
30 33 8.463603
30 11 0.81830716
30 29 1.3144037
30 5 0.7830005
30 34 2.6451585
30 20 2.424103
30 2 13.77619
30 14 7.948419
30 37 27.350237
30 7 0.8933089
30 27 0.29457954
30 16 1.0845692
30 23 3.9364796
30 25 27.811478
31 26 0.10396101
31 6 0.14821209
31 10 11.255398
31 35 80.0
31 22 177.77777
31 21 2000.0
31 9 0.03668369
31 4 0.06758689
31 17 0.96697587
31 19 0.09347507
32 26 72.28978
32 24 0.40167797
32 12 7.5852265
32 15 0.07876365
33 30 8.463603
33 8 2000.0
33 13 0.76846975
33 11 2.1730847
33 29 38.235733
33 5 2000.0
33 34 2000.0
33 20 1.1462982
33 2 3.2496994
33 14 0.8051137
33 7 2000.0
33 27 0.6841394
33 16 3017.898
33 25 0.6217258
34 30 2.6451585
34 20 1.4659395
34 8 49.059483
34 37 2000.0
34 13 2000.0
34 7 4491.4204
34 27 1.0508062
34 16 48.24737
34 11 4.350092
34 29 6.6566434
34 25 6.831919
34 5 5.5382357
35 21 0.03614931
35 31 80.0
36 28 0.0619676
36 3 0.47857866
36 9 0.4879948
37 30 27.350237
37 0 1.141625
37 8 1.5046849
37 18 2.4031694
37 13 1.164505
37 11 1.5136855
37 29 0.62689394
37 5 16.582842
37 20 4.1096916
37 2 0.8473115
37 7 100.0
37 27 1.0525149
37 16 2000.0
37 23 2.1148899
37 25 25.919397
