0 8 6.051241
0 2 1.3369617
0 37 0.76583964
0 13 0.6717618
0 11 23.59091
0 29 13.752119
1 3 0.33097506
1 12 1202.159
2 30 6.757539
2 0 1.3369617
2 8 1.5422161
2 18 11.037624
2 13 0.41444334
2 33 1.4410828
2 11 0.87610465
2 29 0.8322789
2 20 3.1450076
2 37 0.6153451
2 27 0.54157645
2 16 2000.0
2 23 21.34166
2 25 1.5816512
3 36 0.23532197
3 28 0.10661158
3 24 423.52942
3 12 0.052775975
3 1 0.33097506
3 9 1.0848986
4 31 0.08209777
4 9 0.05926197
4 17 0.096589155
4 19 0.08081589
5 30 0.7276777
5 8 0.82540935
5 18 0.46030697
5 13 83.5743
5 11 3.594056
5 29 3.8760407
5 34 1.8496393
5 20 2.0903726
5 37 2000.0
5 7 6.4181733
5 27 1.7725419
5 16 1.5737712
5 23 3.4560041
6 22 1986.8182
6 31 0.6812192
6 17 1.2368296
7 34 8.842602
7 30 1.2499999
7 20 5.394075
7 8 160.0
7 37 13.7379055
7 16 1.443206
7 11 4.785907
7 23 1.2866272
7 25 6.066297
7 5 6.4181733
8 0 6.051241
8 30 0.7043941
8 18 1.0953372
8 13 3.8837767
8 11 2.109914
8 29 0.6008946
8 5 0.82540935
8 34 3.0888913
8 2 1.5422161
8 37 0.9504253
8 7 160.0
8 27 2.3050034
8 16 1.4583399
8 23 1.0978606
9 36 1.5229447
9 26 2000.0
9 28 1.8181279
9 10 23.624844
9 22 0.5307001
9 31 0.037632402
9 12 2000.0
9 3 1.0848986
9 17 0.2608198
9 4 0.05926197
9 19 0.08060517
10 26 0.030654326
10 28 0.862566
10 24 0.21092825
10 31 0.035685483
10 12 10.172249
10 9 23.624844
10 17 0.031094208
11 0 23.59091
11 30 0.489508
11 8 2.109914
11 18 6.474967
11 13 0.9677011
11 33 1.9146136
11 29 0.61836135
11 5 3.594056
11 34 1.7980835
11 20 3.9823623
11 2 0.87610465
11 37 1.2202435
11 7 4.785907
11 27 1.0566349
11 16 0.7119781
11 25 0.9196246
12 26 1.0375406
12 28 5.734251
12 32 0.37408084
12 10 10.172249
12 24 0.0931359
12 21 0.12546937
12 3 0.052775975
13 30 2.0125542
13 0 0.6717618
13 8 3.8837767
13 18 90.00001
13 33 0.8381598
13 11 0.9677011
13 29 1.1127474
13 5 83.5743
13 34 6.1877294
13 20 1.4027677
13 2 0.41444334
13 14 7.1597004
13 37 1.3432826
13 27 0.4336924
13 16 104.51492
13 25 0.8458378
14 20 1.0047227
14 13 7.1597004
14 27 2.9924242
14 33 0.4124648
14 11 2000.0
14 25 1.9471154
15 32 0.07302219
15 21 0.9965194
16 0 2000.0
16 30 1.0500603
16 8 1.4583399
16 18 0.93419063
16 13 104.51492
16 11 0.7119781
16 29 25.236584
16 5 1.5737712
16 20 17.965286
16 37 23.251375
16 7 1.443206
16 27 1.3986788
16 23 5.733238
16 25 1.3336171
17 26 1.7818402
17 6 1.2368296
17 10 0.031094208
17 24 0.18788932
17 31 1.184778
17 9 0.2608198
17 4 0.096589155
17 19 5.3107834
18 30 0.6872787
18 2 11.037624
18 8 1.0953372
18 37 1.3730432
18 7 2000.0
18 13 90.00001
18 27 9.340136
18 16 0.93419063
18 23 1.3216413
18 11 6.474967
18 29 1.8348223
18 5 0.46030697
19 31 0.083165325
19 9 0.08060517
19 17 5.3107834
19 4 0.08081589
20 30 40.96427
20 13 1.4027677
20 33 1.2316571
20 11 3.9823623
20 29 4.5427723
20 5 2.0903726
20 34 0.8257493
20 2 3.1450076
20 14 1.0047227
20 37 3.8344
20 7 5.394075
20 27 2.45445
20 16 17.965286
20 25 0.90572435
21 26 2000.0
21 32 2000.0
21 10 2000.0
21 24 0.7372726
21 35 0.0375
21 12 0.12546937
21 15 0.9965194
22 6 1986.8182
22 31 1181.1932
22 9 0.5307001
22 19 1288.409
23 0 2000.0
23 30 1.4587073
23 2 21.34166
23 8 1.0978606
23 37 2.5654435
23 18 1.3216413
23 7 1.2866272
23 16 5.733238
23 11 2000.0
23 29 2.9825425
23 5 3.4560041
24 26 0.07297757
24 32 0.09863467
24 10 0.21092825
24 21 0.7372726
24 31 3.2689958
24 3 423.52942
24 12 0.0931359
24 15 2000.0
24 17 0.18788932
25 30 2.9002626
25 13 0.8458378
25 33 0.26917127
25 11 0.9196246
25 29 4.4146204
25 34 0.964
25 20 0.90572435
25 2 1.5816512
25 14 1.9471154
25 37 180.00002
25 7 6.066297
25 27 1.0907197
25 16 1.3336171
26 36 423.52942
26 32 27.105682
26 28 0.04809487
26 10 0.030654326
26 24 0.07297757
26 31 0.06515478
26 12 1.0375406
26 17 1.7818402
27 0 2000.0
27 30 0.31337705
27 8 2.3050034
27 18 9.340136
27 13 0.4336924
27 33 0.9417453
27 11 1.0566349
27 29 0.5512056
27 5 1.7725419
27 34 0.8291051
27 20 2.45445
27 2 0.54157645
27 14 2.9924242
27 37 1.7166342
27 7 3954.4888
27 16 1.3986788
27 23 2000.0
27 25 1.0907197
28 36 0.03613955
28 26 0.04809487
28 10 0.862566
28 3 0.10661158
28 12 5.734251
28 9 1.8181279
29 0 13.752119
29 30 7.618961
29 8 0.6008946
29 18 1.8348223
29 13 1.1127474
29 11 0.61836135
29 5 3.8760407
29 34 9.305652
29 20 4.5427723
29 2 0.8322789
29 37 1.009446
29 7 2000.0
29 27 0.5512056
29 16 25.236584
29 23 2.9825425
29 25 4.4146204
30 0 2000.0
30 8 0.7043941
30 18 0.6872787
30 13 2.0125542
30 33 2.1810381
30 11 0.489508
30 29 7.618961
30 5 0.7276777
30 34 1.1774226
30 20 40.96427
30 2 6.757539
30 37 9.2595825
30 7 1.2499999
30 27 0.31337705
30 16 1.0500603
30 23 1.4587073
30 25 2.9002626
31 26 0.06515478
31 6 0.6812192
31 10 0.035685483
31 24 3.2689958
31 9 0.037632402
31 17 1.184778
31 4 0.08209777
31 19 0.083165325
32 26 27.105682
32 24 0.09863467
32 12 0.37408084
32 15 0.07302219
33 34 2000.0
33 30 2.1810381
33 20 1.2316571
33 2 1.4410828
33 14 0.4124648
33 7 2000.0
33 13 0.8381598
33 27 0.9417453
33 16 1249.4886
33 11 1.9146136
33 29 8077.4434
33 25 0.26917127
34 30 1.1774226
34 20 0.8257493
34 8 3.0888913
34 13 6.1877294
34 7 8.842602
34 27 0.8291051
34 16 1215.0568
34 11 1.7980835
34 25 0.964
34 29 9.305652
34 5 1.8496393
35 21 0.0375
36 26 423.52942
36 28 0.03613955
36 3 0.23532197
36 9 1.5229447
37 30 9.2595825
37 0 0.76583964
37 8 0.9504253
37 18 1.3730432
37 13 1.3432826
37 11 1.2202435
37 29 1.009446
37 20 3.8344
37 2 0.6153451
37 7 13.7379055
37 27 1.7166342
37 16 23.251375
37 23 2.5654435
37 25 180.00002
