0 8 6.397059
0 2 1.4928986
0 37 0.7861491
0 13 0.7780864
0 11 35.80371
0 29 10.80186
1 3 0.21411291
1 12 1202.159
2 30 6.1610384
2 0 1.4928986
2 8 2.5554848
2 18 22.55373
2 13 0.32352826
2 33 2.2250907
2 11 6.974599
2 29 0.79352987
2 20 2.3509812
2 37 0.81282675
2 27 0.75027895
2 16 2000.0
2 23 13.828921
2 25 2.0044627
3 36 0.5669958
3 28 1.1787081
3 24 2000.0
3 12 0.05847279
3 1 0.21411291
3 9 1.654789
4 31 0.08532955
4 9 0.06871274
4 17 0.10842175
4 19 0.09347744
5 30 0.5258581
5 8 0.67939514
5 18 0.4285164
5 13 170.78368
5 11 1.8325436
5 29 3.457073
5 34 1.4967555
5 20 2.274413
5 37 2000.0
5 7 5.156327
5 27 2.7560606
5 16 1.38844
5 23 2.3890374
6 31 0.32494816
6 17 0.9898721
7 34 15.739029
7 30 0.93488884
7 20 1.4492968
7 8 68.38375
7 37 19.50399
7 27 60.47443
7 16 1.4288279
7 11 13.609356
7 23 1.2711897
7 25 2.6822336
7 5 5.156327
8 0 6.397059
8 30 0.7962473
8 18 1.233332
8 13 4.033894
8 11 2.2274652
8 29 1.1413629
8 5 0.67939514
8 34 4.0472174
8 2 2.5554848
8 37 1.1246657
8 7 68.38375
8 27 2.4255948
8 16 1.6124609
8 23 1.2079438
9 36 1.8322784
9 26 2000.0
9 28 1.7197646
9 10 19.233425
9 22 0.60765773
9 31 0.034707937
9 3 1.654789
9 12 2000.0
9 17 0.099893756
9 4 0.06871274
9 19 0.106457405
10 26 0.04358496
10 28 0.14831652
10 24 0.2669362
10 31 0.0432318
10 12 13.779522
10 9 19.233425
10 17 0.033847686
11 0 35.80371
11 30 0.5469736
11 8 2.2274652
11 18 11.577914
11 13 0.66433865
11 33 1.9839863
11 29 0.9511293
11 5 1.8325436
11 34 2.03007
11 20 0.7895372
11 2 6.974599
11 37 1.1905048
11 7 13.609356
11 27 0.88665533
11 16 0.76491296
11 25 1.3871174
12 26 0.89762795
12 28 4.135766
12 32 0.26704547
12 10 13.779522
12 24 0.06782838
12 21 0.14478882
12 3 0.05847279
13 30 0.63022095
13 0 0.7780864
13 8 4.033894
13 18 80.116
13 33 0.81632936
13 11 0.66433865
13 29 1.6026275
13 5 170.78368
13 34 6.1509557
13 20 0.87801486
13 2 0.32352826
13 14 1.6826397
13 37 1.6381608
13 27 0.30550066
13 16 44.015793
13 25 0.7702558
14 20 2.4728703
14 13 1.6826397
14 27 2.6385832
14 33 0.35031256
14 11 2000.0
14 25 3.9407985
15 32 0.0795957
15 21 0.7728491
16 30 1.3241804
16 0 2000.0
16 8 1.6124609
16 18 1.1784996
16 13 44.015793
16 11 0.76491296
16 29 25.874763
16 5 1.38844
16 20 6.848798
16 37 11.246708
16 7 1.4288279
16 27 1.475963
16 23 3.5855496
16 25 2.0682256
17 26 1.9550135
17 6 0.9898721
17 10 0.033847686
17 24 0.35230002
17 31 1.3854209
17 9 0.099893756
17 4 0.10842175
17 19 4.751553
18 30 0.7383022
18 2 22.55373
18 8 1.233332
18 37 1.0892166
18 7 2000.0
18 13 80.116
18 27 7.6590796
18 16 1.1784996
18 23 1.2180952
18 11 11.577914
18 29 1.4880372
18 5 0.4285164
19 31 0.077712685
19 9 0.106457405
19 17 4.751553
19 4 0.09347744
20 30 9.807769
20 13 0.87801486
20 33 1.8833055
20 11 0.7895372
20 29 4.560051
20 5 2.274413
20 34 0.9981738
20 2 2.3509812
20 14 2.4728703
20 37 2.6684725
20 7 1.4492968
20 27 0.6219983
20 16 6.848798
20 25 0.9750932
21 26 2000.0
21 32 2000.0
21 10 2000.0
21 24 0.60961276
21 35 0.03410073
21 12 0.14478882
21 15 0.7728491
22 6 1233.75
22 31 70.95583
22 9 0.60765773
22 19 1380.284
23 0 2000.0
23 30 0.97953004
23 2 13.828921
23 8 1.2079438
23 37 1.8439925
23 18 1.2180952
23 7 1.2711897
23 16 3.5855496
23 11 2000.0
23 29 2.9269643
23 5 2.3890374
24 26 0.16294023
24 32 0.08907625
24 10 0.2669362
24 21 0.60961276
24 31 5.458087
24 12 0.06782838
24 15 2000.0
24 17 0.35230002
25 30 5.527417
25 13 0.7702558
25 33 0.372195
25 11 1.3871174
25 29 3.121051
25 34 1.6980319
25 20 0.9750932
25 2 2.0044627
25 14 3.9407985
25 37 215.89091
25 7 2.6822336
25 27 0.9026644
25 16 2.0682256
26 36 342.85715
26 32 27.49587
26 28 0.05193741
26 10 0.04358496
26 24 0.16294023
26 31 0.089698605
26 12 0.89762795
26 17 1.9550135
27 0 2000.0
27 30 0.68785256
27 8 2.4255948
27 18 7.6590796
27 13 0.30550066
27 33 1.0981635
27 11 0.88665533
27 29 0.6158144
27 5 2.7560606
27 34 1.3820428
27 20 0.6219983
27 2 0.75027895
27 14 2.6385832
27 37 1.0423421
27 7 60.47443
27 16 1.475963
27 23 2000.0
27 25 0.9026644
28 36 0.06616421
28 26 0.05193741
28 10 0.14831652
28 3 1.1787081
28 12 4.135766
28 9 1.7197646
29 0 10.80186
29 30 2.2617667
29 8 1.1413629
29 18 1.4880372
29 13 1.6026275
29 11 0.9511293
29 5 3.457073
29 34 14.813455
29 20 4.560051
29 2 0.79352987
29 37 1.4777421
29 7 2000.0
29 27 0.6158144
29 16 25.874763
29 23 2.9269643
29 25 3.121051
30 0 2000.0
30 8 0.7962473
30 18 0.7383022
30 13 0.63022095
30 33 1.9203966
30 11 0.5469736
30 29 2.2617667
30 5 0.5258581
30 34 1.8288788
30 20 9.807769
30 2 6.1610384
30 14 2000.0
30 37 6.520709
30 7 0.93488884
30 27 0.68785256
30 16 1.3241804
30 23 0.97953004
30 25 5.527417
31 26 0.089698605
31 6 0.32494816
31 10 0.0432318
31 24 5.458087
31 22 70.95583
31 9 0.034707937
31 17 1.3854209
31 4 0.08532955
31 19 0.077712685
32 26 27.49587
32 24 0.08907625
32 12 0.26704547
32 15 0.0795957
33 34 2000.0
33 30 1.9203966
33 20 1.8833055
33 2 2.2250907
33 14 0.35031256
33 7 2000.0
33 13 0.81632936
33 27 1.0981635
33 16 2226.3638
33 11 1.9839863
33 29 8077.4434
33 25 0.372195
34 30 1.8288788
34 20 0.9981738
34 8 4.0472174
34 13 6.1509557
34 7 15.739029
34 27 1.3820428
34 16 1215.0568
34 11 2.03007
34 25 1.6980319
34 29 14.813455
34 5 1.4967555
35 21 0.03410073
36 26 342.85715
36 28 0.06616421
36 3 0.5669958
36 9 1.8322784
37 30 6.520709
37 0 0.7861491
37 8 1.1246657
37 18 1.0892166
37 13 1.6381608
37 11 1.1905048
37 29 1.4777421
37 20 2.6684725
37 2 0.81282675
37 7 19.50399
37 27 1.0423421
37 16 11.246708
37 23 1.8439925
37 25 215.89091
