0 8 23.899858
0 2 0.6973053
0 37 1.2070415
0 13 0.96299255
0 11 80.0
0 25 400.0
0 29 10.337643
1 3 0.4623485
1 12 79.60979
2 30 13.606824
2 0 0.6973053
2 8 1.0894773
2 18 8.187151
2 13 0.89848536
2 33 3.3952923
2 11 0.70388436
2 29 1.0272627
2 20 2.0665693
2 37 0.87920964
2 27 1.4063768
2 16 2000.0
2 23 52.246937
2 25 2.0554
3 36 0.2101278
3 28 0.097575754
3 24 400.0
3 12 0.060627397
3 1 0.4623485
3 9 0.18143332
4 31 0.071228355
4 9 0.06783929
4 17 0.092771985
4 19 0.08159465
5 30 0.55230564
5 8 0.6311815
5 18 0.5612347
5 13 2000.0
5 11 4.8626695
5 29 3.5632484
5 34 4.966845
5 20 1.1552591
5 37 2000.0
5 7 6.070105
5 27 1.14277
5 16 2.0535321
5 23 4.402175
6 31 2.6563156
6 17 1.1814873
7 34 10.70023
7 30 0.80292886
7 20 1.7890415
7 8 20.719654
7 37 13.549297
7 27 128.57143
7 16 1.099155
7 11 9.192646
7 23 1.1214403
7 25 4.9077797
7 5 6.070105
8 0 23.899858
8 30 0.6392325
8 18 1.2795268
8 13 2.983647
8 11 0.91235495
8 29 0.72532356
8 5 0.6311815
8 34 3.5667071
8 2 1.0894773
8 37 1.1671995
8 7 20.719654
8 27 0.9852817
8 16 1.3229305
8 23 0.85425186
9 36 0.7483077
9 26 2000.0
9 28 0.6822235
9 10 7.1670628
9 22 0.30293205
9 31 0.029435487
9 3 0.18143332
9 17 0.05045262
9 4 0.06783929
9 19 0.07363528
10 26 0.033895798
10 28 0.27779818
10 24 0.063223
10 31 0.033019193
10 12 6.501646
10 9 7.1670628
10 17 0.035337243
11 0 80.0
11 30 0.2999039
11 8 0.91235495
11 18 5.4421406
11 13 0.5085233
11 33 2.4662747
11 29 1.3320283
11 5 4.8626695
11 34 2.1128693
11 20 1.0229758
11 2 0.70388436
11 37 1.6013863
11 7 9.192646
11 27 0.3197443
11 16 0.6716911
11 25 0.87764984
12 26 1.2607893
12 28 14.660569
12 32 0.20152123
12 10 6.501646
12 24 0.0735002
12 21 0.06850387
12 3 0.060627397
12 1 79.60979
13 30 1.52011
13 0 0.96299255
13 8 2.983647
13 18 374.08716
13 33 0.87843406
13 11 0.5085233
13 29 0.73754585
13 34 8.273961
13 20 0.8492404
13 2 0.89848536
13 14 2.8028
13 37 2.37902
13 27 0.19944367
13 16 80.0
13 25 0.66964966
14 20 0.7396485
14 13 2.8028
14 33 0.49140126
14 27 3.4781117
14 11 2000.0
14 25 2.5485067
15 32 0.06763196
15 21 1.4170705
16 0 2000.0
16 30 1.1181912
16 8 1.3229305
16 18 0.4374233
16 13 80.0
16 11 0.6716911
16 29 34.959923
16 5 2.0535321
16 20 13.078668
16 37 45.714287
16 7 1.099155
16 27 1.4716359
16 23 8.136353
16 25 1.1834825
17 26 1.7651827
17 6 1.1814873
17 10 0.035337243
17 24 0.12874193
17 31 1.1377642
17 9 0.05045262
17 4 0.092771985
17 19 2.435397
18 30 0.71684086
18 2 8.187151
18 8 1.2795268
18 37 1.063007
18 13 374.08716
18 7 2000.0
18 27 2.7883058
18 16 0.4374233
18 23 1.3982297
18 11 5.4421406
18 29 1.532204
18 5 0.5612347
19 31 0.06731596
19 9 0.07363528
19 17 2.435397
19 4 0.08159465
20 30 17.971869
20 13 0.8492404
20 33 1.0569649
20 11 1.0229758
20 29 1.8603581
20 5 1.1552591
20 34 0.74993587
20 2 2.0665693
20 14 0.7396485
20 37 5.235785
20 7 1.7890415
20 27 1.0042974
20 16 13.078668
20 25 0.5263562
21 10 2000.0
21 24 0.113868445
21 35 0.039874934
21 12 0.06850387
21 15 1.4170705
22 6 2000.3977
22 31 200.0
22 9 0.30293205
22 19 1056.0795
23 0 2000.0
23 30 1.1815943
23 2 52.246937
23 8 0.85425186
23 37 1.7152134
23 18 1.3982297
23 7 1.1214403
23 16 8.136353
23 11 2000.0
23 29 3.1504765
23 5 4.402175
24 26 0.0706878
24 32 0.08966166
24 10 0.063223
24 21 0.113868445
24 31 26.659662
24 12 0.0735002
24 3 400.0
24 15 2000.0
24 17 0.12874193
25 0 400.0
25 30 1.7901913
25 13 0.66964966
25 33 0.6462776
25 11 0.87764984
25 29 3.2088277
25 34 1.7835968
25 20 0.5263562
25 2 2.0554
25 14 2.5485067
25 37 21.437502
25 7 4.9077797
25 27 1.0641222
25 16 1.1834825
26 32 35.747066
26 28 0.034577668
26 10 0.033895798
26 24 0.0706878
26 31 0.072150856
26 12 1.2607893
26 17 1.7651827
27 0 2000.0
27 30 0.17579769
27 8 0.9852817
27 18 2.7883058
27 13 0.19944367
27 33 1.0975021
27 11 0.3197443
27 29 0.46708402
27 5 1.14277
27 34 1.1710118
27 20 1.0042974
27 2 1.4063768
27 14 3.4781117
27 37 1.371266
27 7 128.57143
27 16 1.4716359
27 25 1.0641222
28 36 0.044131614
28 26 0.034577668
28 10 0.27779818
28 3 0.097575754
28 12 14.660569
28 9 0.6822235
29 0 10.337643
29 30 12.272726
29 8 0.72532356
29 18 1.532204
29 13 0.73754585
29 11 1.3320283
29 5 3.5632484
29 34 8.069231
29 20 1.8603581
29 2 1.0272627
29 37 0.99066675
29 7 2000.0
29 27 0.46708402
29 16 34.959923
29 23 3.1504765
29 25 3.2088277
30 0 2000.0
30 8 0.6392325
30 18 0.71684086
30 13 1.52011
30 33 1.8930182
30 11 0.2999039
30 29 12.272726
30 5 0.55230564
30 34 2.6935887
30 20 17.971869
30 2 13.606824
30 14 2000.0
30 37 5.129613
30 7 0.80292886
30 27 0.17579769
30 16 1.1181912
30 23 1.1815943
30 25 1.7901913
31 26 0.072150856
31 6 2.6563156
31 10 0.033019193
31 24 26.659662
31 22 200.0
31 9 0.029435487
31 17 1.1377642
31 4 0.071228355
31 19 0.06731596
32 26 35.747066
32 24 0.08966166
32 12 0.20152123
32 15 0.06763196
33 30 1.8930182
33 8 2000.0
33 13 0.87843406
33 11 2.4662747
33 29 3275.3408
33 34 2000.0
33 20 1.0569649
33 2 3.3952923
33 14 0.49140126
33 7 2000.0
33 27 1.0975021
33 16 2000.0
33 25 0.6462776
34 30 2.6935887
34 20 0.74993587
34 8 3.5667071
34 7 10.70023
34 13 8.273961
34 27 1.1710118
34 16 2536.0227
34 11 2.1128693
34 25 1.7835968
34 29 8.069231
34 5 4.966845
35 21 0.039874934
36 26 2000.0
36 28 0.044131614
36 3 0.2101278
36 9 0.7483077
36 19 2000.0
37 30 5.129613
37 0 1.2070415
37 8 1.1671995
37 18 1.063007
37 13 2.37902
37 11 1.6013863
37 29 0.99066675
37 20 5.235785
37 2 0.87920964
37 7 13.549297
37 27 1.371266
37 16 45.714287
37 23 1.7152134
37 25 21.437502
