0 2 1.1248454
0 37 3.0515754
0 13 1.0966271
0 25 27.88799
0 29 20.031742
1 3 0.57727265
1 12 13.9320755
2 30 17.093443
2 0 1.1248454
2 8 1.327069
2 18 1.442882
2 13 0.4643617
2 33 1.5711011
2 11 1.3798587
2 29 1.3041118
2 20 2.1770718
2 37 0.801205
2 27 1.1016341
2 16 2000.0
2 23 21.468836
2 25 0.4389272
3 36 0.7349942
3 28 10.718057
3 24 2000.0
3 12 0.06510637
3 1 0.57727265
3 9 0.7689393
4 31 0.072212994
4 9 0.08035071
4 17 0.1317226
4 19 0.06973732
5 30 0.507666
5 8 0.32651475
5 18 0.8943391
5 13 17.983294
5 11 1.937713
5 29 2.6230867
5 34 3.6627316
5 20 1.5993228
5 37 7.0524654
5 7 8.602801
5 27 1.6016269
5 16 1.6416789
5 23 2.5767086
5 25 2000.0
6 31 0.16394643
6 17 1.7124944
7 34 180.39835
7 30 0.9138086
7 20 38.966686
7 8 6.1383305
7 37 112.50001
7 16 0.956343
7 11 106.666664
7 23 1.2834576
7 25 2.269241
7 5 8.602801
8 0 2000.0
8 30 0.3861987
8 18 1.1815498
8 13 1.4194938
8 11 0.7796496
8 29 0.5434659
8 5 0.32651475
8 34 32.761868
8 2 1.327069
8 37 0.8788982
8 7 6.1383305
8 27 0.770883
8 16 1.5147512
8 23 0.8826878
8 25 2000.0
9 36 0.78982276
9 28 1.4842377
9 10 41.846
9 22 0.050585046
9 31 0.030523472
9 3 0.7689393
9 12 2000.0
9 4 0.08035071
9 17 0.038720317
9 19 0.068655305
10 26 0.029792888
10 28 0.28253788
10 24 0.09803037
10 31 12.85138
10 12 1481.7614
10 9 41.846
10 17 0.032396562
11 0 2000.0
11 30 0.746351
11 8 0.7796496
11 18 6.6894164
11 13 0.90416026
11 33 2.4344602
11 29 0.85884655
11 5 1.937713
11 34 2.8078587
11 20 1.7572973
11 2 1.3798587
11 37 1.4393262
11 7 106.666664
11 27 0.67927974
11 16 1.0459455
11 25 0.8322144
12 26 0.4758064
12 32 5.2736335
12 24 0.07478906
12 21 0.12840421
12 3 0.06510637
12 1 13.9320755
13 30 45.58466
13 0 1.0966271
13 8 1.4194938
13 18 36.127846
13 33 1.0143957
13 11 0.90416026
13 29 0.9242663
13 5 17.983294
13 34 2385.625
13 20 0.8267424
13 2 0.4643617
13 14 17.130083
13 37 1.2258418
13 7 2000.0
13 27 0.3174385
13 16 37.359
13 25 0.24108829
14 30 46.897728
14 20 2.5422275
14 13 17.130083
14 27 3.85884
14 33 0.37999573
14 25 2.438402
15 32 0.06947698
15 21 4.1786838
16 30 1.1202557
16 0 2000.0
16 8 1.5147512
16 18 1.2719568
16 13 37.359
16 11 1.0459455
16 5 1.6416789
16 34 97.785194
16 20 11.461347
16 7 0.956343
16 27 1.3493224
16 23 2.8248036
16 25 0.9928712
17 6 1.7124944
17 26 1.3026841
17 10 0.032396562
17 24 0.17033023
17 31 0.95113105
17 9 0.038720317
17 4 0.1317226
17 19 40.77549
18 0 2000.0
18 30 0.64892215
18 8 1.1815498
18 13 36.127846
18 11 6.6894164
18 29 1.1215271
18 5 0.8943391
18 2 1.442882
18 37 1.9521339
18 7 2000.0
18 27 19.432268
18 16 1.2719568
18 23 1.1993194
19 28 169.51765
19 31 0.08570879
19 9 0.068655305
19 4 0.06973732
19 17 40.77549
20 30 1.3879218
20 13 0.8267424
20 33 1.0793413
20 11 1.7572973
20 29 6.880903
20 5 1.5993228
20 34 0.81843144
20 2 2.1770718
20 14 2.5422275
20 37 2.91706
20 7 38.966686
20 27 0.8906292
20 16 11.461347
20 25 0.40294024
21 26 2000.0
21 32 2000.0
21 24 0.99033266
21 35 0.03523613
21 31 2000.0
21 12 0.12840421
21 15 4.1786838
22 31 120.00001
22 9 0.050585046
22 19 2000.0
23 0 2000.0
23 30 1.2332189
23 8 0.8826878
23 2 21.468836
23 37 1.2340301
23 18 1.1993194
23 7 1.2834576
23 16 2.8248036
23 11 2000.0
23 29 1.1799341
23 5 2.5767086
24 26 0.0430583
24 32 0.29336905
24 10 0.09803037
24 21 0.99033266
24 12 0.07478906
24 15 2000.0
24 17 0.17033023
25 30 18.241476
25 0 27.88799
25 13 0.24108829
25 33 0.7554943
25 11 0.8322144
25 29 1.5156761
25 34 1.4468665
25 20 0.40294024
25 2 0.4389272
25 14 2.438402
25 37 29.195175
25 7 2.269241
25 27 0.22242424
25 16 0.9928712
26 32 27.292612
26 28 0.06855461
26 10 0.029792888
26 24 0.0430583
26 31 0.1049323
26 12 0.4758064
26 17 1.3026841
27 30 0.21727882
27 0 2000.0
27 8 0.770883
27 18 19.432268
27 13 0.3174385
27 33 0.8732978
27 11 0.67927974
27 29 0.6998851
27 5 1.6016269
27 34 0.80654913
27 20 0.8906292
27 2 1.1016341
27 14 3.85884
27 37 1.0090014
27 7 2000.0
27 16 1.3493224
27 25 0.22242424
28 36 0.030346498
28 26 0.06855461
28 10 0.28253788
28 12 1205.3977
28 3 10.718057
28 9 1.4842377
28 19 169.51765
29 0 20.031742
29 30 1.2037476
29 8 0.5434659
29 18 1.1215271
29 13 0.9242663
29 33 51.377094
29 11 0.85884655
29 5 2.6230867
29 34 2.8302891
29 20 6.880903
29 2 1.3041118
29 37 0.9524449
29 7 2000.0
29 27 0.6998851
29 16 2000.0
29 23 1.1799341
29 25 1.5156761
30 8 0.3861987
30 18 0.64892215
30 13 45.58466
30 33 60.646225
30 11 0.746351
30 29 1.2037476
30 5 0.507666
30 34 1.2929962
30 20 1.3879218
30 2 17.093443
30 14 46.897728
30 37 6.1471667
30 7 0.9138086
30 27 0.21727882
30 16 1.1202557
30 23 1.2332189
30 25 18.241476
31 26 0.1049323
31 6 0.16394643
31 10 12.85138
31 35 46.671185
31 22 120.00001
31 9 0.030523472
31 4 0.072212994
31 17 0.95113105
31 19 0.08570879
32 26 27.292612
32 24 0.29336905
32 12 5.2736335
32 15 0.06947698
33 30 60.646225
33 13 1.0143957
33 11 2.4344602
33 29 51.377094
33 5 2000.0
33 34 2000.0
33 20 1.0793413
33 2 1.5711011
33 14 0.37999573
33 7 2000.0
33 27 0.8732978
33 16 3017.898
33 25 0.7554943
34 30 1.2929962
34 20 0.81843144
34 8 32.761868
34 37 2000.0
34 7 180.39835
34 27 0.80654913
34 16 97.785194
34 11 2.8078587
34 29 2.8302891
34 25 1.4468665
34 5 3.6627316
35 21 0.03523613
35 31 46.671185
36 28 0.030346498
36 3 0.7349942
36 9 0.78982276
37 30 6.1471667
37 0 3.0515754
37 8 0.8788982
37 18 1.9521339
37 13 1.2258418
37 11 1.4393262
37 29 0.9524449
37 5 7.0524654
37 20 2.91706
37 2 0.801205
37 7 112.50001
37 27 1.0090014
37 16 2000.0
37 23 1.2340301
37 25 29.195175
