0 8 7.408566
0 2 1.661797
0 37 0.8482175
0 13 1.0321257
0 11 68.05568
0 29 11.2440195
1 3 0.20670938
1 12 1202.159
2 30 9.222511
2 0 1.661797
2 8 1.2536094
2 18 7.808057
2 13 0.24685833
2 33 2.1872938
2 11 0.82007575
2 29 1.018911
2 20 1.8157228
2 37 0.66965914
2 27 0.36756894
2 23 49.345303
2 25 3.268034
3 36 0.30108225
3 28 0.06679154
3 24 521.5497
3 12 0.056775354
3 1 0.20670938
3 9 0.62605804
4 31 0.0828125
4 9 0.065505326
4 17 0.0868644
4 19 0.084453106
5 30 0.76435053
5 8 1.2877417
5 18 0.30329156
5 13 350.50854
5 11 2.2046103
5 29 5.517655
5 34 0.9990429
5 20 2.1027596
5 37 2000.0
5 7 3.5180123
5 27 2.688969
5 16 1.2206011
5 23 2.3876746
6 31 0.90971446
6 17 0.7999895
7 34 8.647296
7 30 0.8204937
7 20 1.8231121
7 8 53.09866
7 37 26.153603
7 16 1.50244
7 11 8.677383
7 23 0.9174946
7 25 3.1037204
7 5 3.5180123
8 0 7.408566
8 30 1.3827251
8 18 1.0328876
8 13 2.2055132
8 11 1.1190895
8 29 1.6906375
8 5 1.2877417
8 34 2.586747
8 2 1.2536094
8 37 0.9796885
8 7 53.09866
8 27 2.7761385
8 16 1.4948744
8 23 1.2917411
9 36 2.9395874
9 26 2000.0
9 28 0.78669506
9 10 27.927467
9 22 0.42802888
9 31 0.035384662
9 3 0.62605804
9 12 2000.0
9 17 0.05902778
9 4 0.065505326
9 19 0.06402244
10 26 0.032083943
10 28 0.18624403
10 24 0.03987582
10 31 0.10063922
10 12 4.1918225
10 9 27.927467
10 17 0.03096675
11 0 68.05568
11 30 0.85462344
11 8 1.1190895
11 18 7.8364635
11 13 0.58023894
11 33 1.8501928
11 29 1.8868524
11 5 2.2046103
11 34 2.8380232
11 20 0.6010427
11 2 0.82007575
11 37 2.0567617
11 7 8.677383
11 27 1.1519896
11 16 0.87459815
11 25 0.76319337
12 26 0.92234725
12 28 3.3127337
12 32 0.2368958
12 10 4.1918225
12 24 0.07536085
12 21 0.067906186
12 3 0.056775354
13 30 1.2225704
13 0 1.0321257
13 8 2.2055132
13 18 91.452065
13 33 0.9310147
13 11 0.58023894
13 29 1.4518471
13 5 350.50854
13 34 5.936144
13 20 0.54437286
13 2 0.24685833
13 14 1.2909454
13 37 1.6020154
13 27 0.3418512
13 16 100.0
13 25 0.34214425
14 20 0.8723798
14 13 1.2909454
14 27 1.3754741
14 33 0.36802945
14 11 2000.0
14 25 1.350478
15 32 0.082322225
15 21 2.017239
16 0 2000.0
16 30 1.3069838
16 8 1.4948744
16 18 0.99024516
16 13 100.0
16 11 0.87459815
16 29 29.804905
16 5 1.2206011
16 20 4.8183675
16 37 35.432835
16 7 1.50244
16 27 1.7854323
16 23 7.101722
16 25 1.1355402
17 26 2.3015413
17 6 0.7999895
17 10 0.03096675
17 24 0.1574696
17 31 1.7357873
17 9 0.05902778
17 4 0.0868644
17 19 5.7422166
18 30 0.68298686
18 2 7.808057
18 8 1.0328876
18 37 1.3087147
18 13 91.452065
18 7 2000.0
18 27 3.688793
18 16 0.99024516
18 23 1.1466497
18 11 7.8364635
18 29 1.2412997
18 5 0.30329156
19 31 0.09326758
19 9 0.06402244
19 17 5.7422166
19 4 0.084453106
20 30 34.2671
20 13 0.54437286
20 33 1.1088222
20 11 0.6010427
20 29 7.4972034
20 5 2.1027596
20 34 0.8787808
20 2 1.8157228
20 14 0.8723798
20 37 1.7255633
20 7 1.8231121
20 27 0.26968554
20 16 4.8183675
20 25 0.3367653
21 32 2000.0
21 24 0.26883954
21 35 0.05193189
21 12 0.067906186
21 15 2.017239
22 6 1365.6818
22 31 1449.034
22 9 0.42802888
22 19 1377.7842
23 30 0.9284409
23 0 2000.0
23 2 49.345303
23 8 1.2917411
23 37 1.6419363
23 18 1.1466497
23 7 0.9174946
23 16 7.101722
23 11 2000.0
23 29 1.9763534
23 5 2.3876746
24 26 0.052776057
24 32 0.10467045
24 28 2000.0
24 10 0.03987582
24 21 0.26883954
24 31 4.8044157
24 3 521.5497
24 12 0.07536085
24 15 2000.0
24 17 0.1574696
25 30 3.002275
25 13 0.34214425
25 33 0.3117695
25 11 0.76319337
25 29 3.2560225
25 34 1.0360284
25 20 0.3367653
25 2 3.268034
25 14 1.350478
25 37 31.241238
25 7 3.1037204
25 27 0.48200756
25 16 1.1355402
26 36 200.0
26 32 31.208864
26 28 0.05837068
26 10 0.032083943
26 24 0.052776057
26 31 0.25548863
26 12 0.92234725
26 17 2.3015413
27 0 2000.0
27 30 0.33999082
27 8 2.7761385
27 18 3.688793
27 13 0.3418512
27 33 1.4056929
27 11 1.1519896
27 29 1.0616533
27 5 2.688969
27 34 1.1355876
27 20 0.26968554
27 2 0.36756894
27 14 1.3754741
27 37 1.4778875
27 7 4054.659
27 16 1.7854323
27 25 0.48200756
28 36 0.035649188
28 26 0.05837068
28 10 0.18624403
28 3 0.06679154
28 12 3.3127337
28 9 0.78669506
29 0 11.2440195
29 30 3.8347313
29 8 1.6906375
29 18 1.2412997
29 13 1.4518471
29 11 1.8868524
29 5 5.517655
29 34 12.603937
29 20 7.4972034
29 2 1.018911
29 37 1.5390927
29 7 2000.0
29 27 1.0616533
29 16 29.804905
29 23 1.9763534
29 25 3.2560225
30 0 2000.0
30 8 1.3827251
30 18 0.68298686
30 13 1.2225704
30 33 1.8700407
30 11 0.85462344
30 29 3.8347313
30 5 0.76435053
30 34 0.99971604
30 20 34.2671
30 2 9.222511
30 37 17.064749
30 7 0.8204937
30 27 0.33999082
30 16 1.3069838
30 23 0.9284409
30 25 3.002275
31 26 0.25548863
31 6 0.90971446
31 10 0.10063922
31 24 4.8044157
31 9 0.035384662
31 17 1.7357873
31 4 0.0828125
31 19 0.09326758
32 26 31.208864
32 24 0.10467045
32 12 0.2368958
32 15 0.082322225
33 34 2000.0
33 30 1.8700407
33 20 1.1088222
33 2 2.1872938
33 14 0.36802945
33 7 2000.0
33 13 0.9310147
33 27 1.4056929
33 16 2000.0
33 11 1.8501928
33 29 9223.978
33 25 0.3117695
34 30 0.99971604
34 20 0.8787808
34 8 2.586747
34 13 5.936144
34 7 8.647296
34 27 1.1355876
34 16 1215.0568
34 11 2.8380232
34 25 1.0360284
34 29 12.603937
34 5 0.9990429
35 21 0.05193189
36 26 200.0
36 28 0.035649188
36 3 0.30108225
36 9 2.9395874
37 30 17.064749
37 0 0.8482175
37 8 0.9796885
37 18 1.3087147
37 13 1.6020154
37 11 2.0567617
37 29 1.5390927
37 20 1.7255633
37 2 0.66965914
37 7 26.153603
37 27 1.4778875
37 16 35.432835
37 23 1.6419363
37 25 31.241238
