0 8 19.978825
0 2 1.4465427
0 37 1.2046776
0 13 0.6594961
0 11 41.536934
0 29 23.4412
1 3 0.2813011
1 12 1202.159
2 30 16.546806
2 0 1.4465427
2 8 1.8954352
2 18 11.205184
2 13 0.8865179
2 33 1.4001137
2 11 2.558257
2 29 2.3191543
2 20 2.2309825
2 37 1.0786614
2 27 1.1440283
2 16 2000.0
2 23 66.25304
2 25 2.810235
3 36 0.21040805
3 28 0.117482275
3 24 426.0869
3 12 0.06975832
3 1 0.2813011
3 9 0.19395052
4 31 0.07527493
4 9 0.08190202
4 17 0.08858822
4 19 0.085003726
5 30 0.9976486
5 8 1.043619
5 18 0.34152678
5 13 2000.0
5 11 6.197282
5 29 2.79102
5 34 2.077409
5 20 2.4088645
5 37 2000.0
5 7 6.142891
5 27 4.253276
5 16 4.036963
5 23 16.76431
6 31 1.6283166
6 17 1.4086437
7 34 6.36552
7 30 1.7966381
7 20 1.634225
7 8 50.43324
7 37 17.80676
7 27 76.190475
7 16 1.303644
7 11 22.66823
7 23 1.2089753
7 25 11.950524
7 5 6.142891
8 0 19.978825
8 30 0.5774335
8 18 0.8619993
8 13 1.7445318
8 11 3.0335228
8 29 0.5228418
8 5 1.043619
8 34 2.6828966
8 2 1.8954352
8 37 0.8254751
8 7 50.43324
8 27 1.9007828
8 16 1.7886769
8 23 1.400694
9 36 0.7872501
9 26 2000.0
9 28 2.0330079
9 10 4.0821905
9 22 0.37757564
9 31 0.029669855
9 3 0.19395052
9 17 0.052289978
9 4 0.08190202
9 19 0.07991804
10 26 0.03374053
10 28 0.24008463
10 24 0.073637046
10 31 0.03129457
10 12 5.600898
10 9 4.0821905
10 17 0.029747069
11 0 41.536934
11 30 0.3641549
11 8 3.0335228
11 18 4.033147
11 13 0.7822062
11 33 2.0556214
11 29 1.658689
11 5 6.197282
11 34 2.016657
11 20 1.1337895
11 2 2.558257
11 37 1.1685319
11 7 22.66823
11 27 0.56100124
11 16 1.3053113
11 25 1.1579043
12 26 1.6548477
12 28 5.5834723
12 32 0.33770147
12 10 5.600898
12 24 0.08697241
12 21 0.07634897
12 3 0.06975832
13 30 14.259491
13 0 0.6594961
13 8 1.7445318
13 18 2000.0
13 33 0.8044244
13 11 0.7822062
13 29 0.7595694
13 34 6.2230773
13 20 0.75301504
13 2 0.8865179
13 14 2.5387862
13 37 1.5586423
13 27 0.52230895
13 16 91.23604
13 25 1.0201799
14 20 0.66878915
14 13 2.5387862
14 33 0.49941787
14 27 2.985909
14 11 2000.0
14 25 1.5584902
15 32 0.07276393
15 21 2.7564986
16 30 1.3902625
16 0 2000.0
16 8 1.7886769
16 18 1.7902744
16 13 91.23604
16 11 1.3053113
16 29 40.681057
16 5 4.036963
16 20 12.917437
16 37 117.99029
16 7 1.303644
16 27 2.7734976
16 23 9.6938505
16 25 2.3092127
17 26 2.112201
17 6 1.4086437
17 10 0.029747069
17 24 0.2081878
17 31 1.6446184
17 9 0.052289978
17 4 0.08858822
17 19 2.3515315
18 30 0.7636952
18 2 11.205184
18 8 0.8619993
18 37 1.041553
18 7 2000.0
18 27 6.2915735
18 16 1.7902744
18 23 1.2056248
18 11 4.033147
18 29 0.91282386
18 5 0.34152678
19 31 0.069966584
19 9 0.07991804
19 17 2.3515315
19 4 0.085003726
20 30 6.130445
20 13 0.75301504
20 33 1.049293
20 11 1.1337895
20 29 2.6636407
20 5 2.4088645
20 34 0.9128426
20 2 2.2309825
20 14 0.66878915
20 37 3.6058173
20 7 1.634225
20 27 0.48184815
20 16 12.917437
20 25 0.79923296
21 32 2000.0
21 10 2000.0
21 24 0.17815642
21 35 0.054063763
21 12 0.07634897
21 15 2.7564986
22 6 1684.7158
22 31 1677.841
22 9 0.37757564
22 19 1386.4772
23 0 2000.0
23 30 1.1851225
23 2 66.25304
23 8 1.400694
23 37 2.9971833
23 18 1.2056248
23 7 1.2089753
23 16 9.6938505
23 11 2000.0
23 29 2.3506467
23 5 16.76431
24 26 0.0486532
24 32 0.14118186
24 10 0.073637046
24 21 0.17815642
24 31 20.064623
24 3 426.0869
24 12 0.08697241
24 15 2000.0
24 17 0.2081878
25 0 2000.0
25 30 6.1392593
25 13 1.0201799
25 33 0.79947233
25 11 1.1579043
25 29 13.858704
25 34 4.1047044
25 20 0.79923296
25 2 2.810235
25 14 1.5584902
25 37 35.034534
25 7 11.950524
25 27 1.5750425
25 16 2.3092127
26 36 111.327774
26 32 78.10114
26 28 0.0332806
26 10 0.03374053
26 24 0.0486532
26 31 0.07988014
26 12 1.6548477
26 17 2.112201
27 0 2000.0
27 30 0.25082257
27 8 1.9007828
27 18 6.2915735
27 13 0.52230895
27 33 1.0921955
27 11 0.56100124
27 29 0.32296556
27 5 4.253276
27 34 0.98900396
27 20 0.48184815
27 2 1.1440283
27 14 2.985909
27 37 0.8507632
27 7 76.190475
27 16 2.7734976
27 25 1.5750425
28 36 0.031675156
28 26 0.0332806
28 10 0.24008463
28 3 0.117482275
28 12 5.5834723
28 9 2.0330079
29 0 23.4412
29 30 5.07281
29 8 0.5228418
29 18 0.91282386
29 13 0.7595694
29 11 1.658689
29 5 2.79102
29 34 6.5642567
29 20 2.6636407
29 2 2.3191543
29 37 1.1228923
29 7 2000.0
29 27 0.32296556
29 16 40.681057
29 23 2.3506467
29 25 13.858704
30 0 2000.0
30 8 0.5774335
30 18 0.7636952
30 13 14.259491
30 33 2.9814887
30 11 0.3641549
30 29 5.07281
30 5 0.9976486
30 34 1.8763995
30 20 6.130445
30 2 16.546806
30 14 2000.0
30 37 7.1833067
30 7 1.7966381
30 27 0.25082257
30 16 1.3902625
30 23 1.1851225
30 25 6.1392593
31 26 0.07988014
31 6 1.6283166
31 10 0.03129457
31 24 20.064623
31 9 0.029669855
31 17 1.6446184
31 4 0.07527493
31 19 0.069966584
32 26 78.10114
32 24 0.14118186
32 12 0.33770147
32 15 0.07276393
33 30 2.9814887
33 13 0.8044244
33 11 2.0556214
33 29 1436.875
33 5 2000.0
33 34 2000.0
33 20 1.049293
33 2 1.4001137
33 14 0.49941787
33 7 2000.0
33 27 1.0921955
33 16 1622.3296
33 25 0.79947233
34 30 1.8763995
34 20 0.9128426
34 8 2.6828966
34 7 6.36552
34 13 6.2230773
34 27 0.98900396
34 16 5535.0566
34 11 2.016657
34 25 4.1047044
34 29 6.5642567
34 5 2.077409
35 21 0.054063763
36 26 111.327774
36 28 0.031675156
36 3 0.21040805
36 9 0.7872501
37 30 7.1833067
37 0 1.2046776
37 8 0.8254751
37 18 1.041553
37 13 1.5586423
37 11 1.1685319
37 29 1.1228923
37 20 3.6058173
37 2 1.0786614
37 7 17.80676
37 27 0.8507632
37 16 117.99029
37 23 2.9971833
37 25 35.034534
