0 2 1.0509218
0 37 2.871541
0 13 1.2153317
0 29 169.17699
0 25 13.041674
1 3 0.9742668
1 12 71.15052
2 30 14.480781
2 0 1.0509218
2 8 1.7573209
2 18 2.8364933
2 13 0.6729442
2 33 2.234405
2 11 2.5683732
2 29 1.189922
2 20 20.387676
2 37 0.78638357
2 27 1.3152823
2 16 2000.0
2 23 10.235351
2 25 0.45081145
3 36 0.55644965
3 28 206.338
3 24 2000.0
3 12 0.048992347
3 1 0.9742668
3 9 0.28783807
4 31 0.08739584
4 9 0.080287464
4 17 0.16222684
4 19 0.078944534
5 30 0.80080956
5 8 0.9131436
5 18 1.2308865
5 13 40.261772
5 11 2.1688123
5 29 6.6096354
5 34 1.9704863
5 20 2.9114747
5 37 27.895306
5 7 24.165459
5 27 3.9004893
5 16 1.5500075
5 23 14.018652
5 25 2000.0
6 31 0.13220339
6 17 1.4071606
7 34 100.0
7 30 0.63317394
7 20 65.403725
7 8 9.6320095
7 37 121.46131
7 16 1.1724256
7 23 1.1879814
7 25 2.464652
7 5 24.165459
8 0 2000.0
8 30 0.5334618
8 18 1.1157508
8 13 2.0756903
8 11 1.4080316
8 29 1.707122
8 5 0.9131436
8 34 49.880684
8 2 1.7573209
8 37 1.1168661
8 7 9.6320095
8 27 4.197999
8 16 2.0180724
8 23 1.9164313
8 25 2000.0
9 36 0.577511
9 26 2000.0
9 28 0.93509734
9 10 5.103394
9 22 0.08199284
9 31 0.029448705
9 3 0.28783807
9 12 2000.0
9 4 0.080287464
9 17 0.028028615
9 19 0.06408472
10 26 0.028653467
10 28 0.5628299
10 24 0.07237293
10 31 2.3279598
10 12 50.0
10 9 5.103394
10 17 0.033807043
11 30 1.0802544
11 8 1.4080316
11 18 5.7833467
11 13 1.8009272
11 33 3.4132137
11 29 1.1606232
11 5 2.1688123
11 34 4.3732424
11 20 3.1370301
11 2 2.5683732
11 37 1.3707598
11 7 1665.966
11 27 1.1925522
11 16 1.0183754
11 25 1.0606645
12 26 0.49388832
12 32 8.003996
12 10 50.0
12 24 0.07102767
12 21 0.12833984
12 3 0.048992347
12 1 71.15052
13 30 42.427803
13 0 1.2153317
13 8 2.0756903
13 18 39.575962
13 33 1.0563328
13 11 1.8009272
13 29 1.0412303
13 5 40.261772
13 34 1575.2273
13 20 1.1379066
13 2 0.6729442
13 14 5.1337514
13 37 1.1074909
13 7 2000.0
13 27 0.3055707
13 16 47.19388
13 25 0.24125423
14 30 15.188003
14 20 4.512902
14 13 5.1337514
14 27 1.5172442
14 33 0.5065967
14 11 2000.0
14 25 2.6724014
15 32 0.07031651
15 21 6.6409183
16 0 2000.0
16 30 1.7769302
16 8 2.0180724
16 18 1.6938908
16 13 47.19388
16 33 3017.898
16 11 1.0183754
16 29 658.2017
16 5 1.5500075
16 34 46.89705
16 20 22.246613
16 7 1.1724256
16 27 2.1791768
16 23 2.194271
16 25 0.8159497
17 6 1.4071606
17 26 2.6578074
17 10 0.033807043
17 24 0.1138311
17 31 1.1754186
17 9 0.028028615
17 4 0.16222684
17 19 137.32129
18 0 2000.0
18 30 0.6913567
18 8 1.1157508
18 2 2.8364933
18 37 3.5350845
18 13 39.575962
18 27 57.77772
18 16 1.6938908
18 11 5.7833467
18 23 1.4391652
18 29 1.6269403
18 5 1.2308865
19 31 0.07694047
19 9 0.06408472
19 4 0.078944534
19 17 137.32129
20 30 4.317084
20 8 2000.0
20 13 1.1379066
20 33 1.1164559
20 11 3.1370301
20 29 9.933839
20 5 2.9114747
20 34 0.9729728
20 2 20.387676
20 14 4.512902
20 37 2.8878767
20 7 65.403725
20 27 2.6249669
20 16 22.246613
20 25 0.5333205
21 26 2000.0
21 32 2000.0
21 24 1.2781026
21 35 0.033603013
21 31 2000.0
21 12 0.12833984
21 15 6.6409183
21 4 2000.0
22 31 128.30113
22 9 0.08199284
22 19 2000.0
23 0 2000.0
23 30 2.1029255
23 8 1.9164313
23 2 10.235351
23 37 0.52863455
23 18 1.4391652
23 7 1.1879814
23 16 2.194271
23 11 2000.0
23 29 1.8116356
23 5 14.018652
24 26 0.522447
24 32 0.27510983
24 10 0.07237293
24 21 1.2781026
24 12 0.07102767
24 3 2000.0
24 15 2000.0
24 17 0.1138311
25 30 11.214338
25 0 13.041674
25 13 0.24125423
25 33 0.5618255
25 11 1.0606645
25 29 1.4863304
25 34 1.7539201
25 20 0.5333205
25 2 0.45081145
25 14 2.6724014
25 37 44.691048
25 7 2.464652
25 27 0.26566035
25 16 0.8159497
26 32 72.39887
26 28 0.043272212
26 10 0.028653467
26 24 0.522447
26 31 0.35215077
26 12 0.49388832
26 17 2.6578074
27 30 0.22698264
27 0 2000.0
27 8 4.197999
27 18 57.77772
27 13 0.3055707
27 33 0.8177519
27 11 1.1925522
27 29 0.95161664
27 5 3.9004893
27 34 3.998826
27 20 2.6249669
27 2 1.3152823
27 14 1.5172442
27 37 1.0481516
27 7 7259.886
27 16 2.1791768
27 25 0.26566035
28 36 0.036647726
28 26 0.043272212
28 10 0.5628299
28 12 1180.8523
28 3 206.338
28 9 0.93509734
28 19 1312.216
29 0 169.17699
29 30 2.5030675
29 8 1.707122
29 18 1.6269403
29 13 1.0412303
29 33 41.630726
29 11 1.1606232
29 5 6.6096354
29 34 3.8335533
29 20 9.933839
29 2 1.189922
29 37 1.8780537
29 7 2000.0
29 27 0.95161664
29 16 658.2017
29 23 1.8116356
29 25 1.4863304
30 8 0.5334618
30 18 0.6913567
30 13 42.427803
30 33 9.2217455
30 11 1.0802544
30 29 2.5030675
30 5 0.80080956
30 34 1.0019176
30 20 4.317084
30 2 14.480781
30 14 15.188003
30 37 13.507453
30 7 0.63317394
30 27 0.22698264
30 16 1.7769302
30 23 2.1029255
30 25 11.214338
31 26 0.35215077
31 6 0.13220339
31 10 2.3279598
31 35 76.77273
31 22 128.30113
31 9 0.029448705
31 4 0.08739584
31 17 1.1754186
31 19 0.07694047
32 26 72.39887
32 24 0.27510983
32 12 8.003996
32 15 0.07031651
33 30 9.2217455
33 8 2000.0
33 13 1.0563328
33 11 3.4132137
33 29 41.630726
33 5 2000.0
33 34 2000.0
33 20 1.1164559
33 2 2.234405
33 14 0.5065967
33 7 2000.0
33 27 0.8177519
33 16 3017.898
33 25 0.5618255
34 30 1.0019176
34 20 0.9729728
34 8 49.880684
34 37 2000.0
34 7 100.0
34 27 3.998826
34 16 46.89705
34 11 4.3732424
34 29 3.8335533
34 25 1.7539201
34 5 1.9704863
35 21 0.033603013
35 31 76.77273
36 28 0.036647726
36 3 0.55644965
36 9 0.577511
37 30 13.507453
37 0 2.871541
37 8 1.1168661
37 18 3.5350845
37 13 1.1074909
37 11 1.3707598
37 29 1.8780537
37 5 27.895306
37 20 2.8878767
37 2 0.78638357
37 7 121.46131
37 27 1.0481516
37 16 2000.0
37 23 0.52863455
37 25 44.691048
