0 2 0.80213505
0 37 1.9549665
0 13 1.136523
0 29 34.587463
0 25 10.048217
1 3 0.78171414
1 12 6.8789954
2 30 12.698748
2 0 0.80213505
2 8 1.2590334
2 18 3.0821567
2 13 0.6809579
2 33 1.7478822
2 11 2.096353
2 29 1.2039075
2 20 2.56517
2 37 0.8754889
2 27 1.6212714
2 16 2000.0
2 23 10.206799
2 25 0.5985591
3 36 0.2790576
3 28 2.8102572
3 24 400.0
3 12 0.049982578
3 1 0.78171414
3 9 0.32051137
4 31 0.07142045
4 9 0.07509701
4 17 0.24630684
4 19 0.06719485
5 30 0.71251607
5 8 0.74993354
5 18 0.3468026
5 13 20.123863
5 11 1.6653259
5 29 5.447692
5 34 2.752909
5 20 3.125807
5 37 34.22486
5 7 14.8398
5 27 1.6565274
5 16 1.2466607
5 23 2.5338676
6 31 0.14353256
6 17 2.6292975
7 34 451.25455
7 30 0.63018596
7 20 48.954163
7 8 4.7298717
7 16 1.1597749
7 23 1.1777474
7 25 1.7383146
7 29 800.0
7 5 14.8398
8 0 2000.0
8 30 0.44919664
8 18 1.2825283
8 13 0.96344095
8 11 1.0351562
8 29 0.9499602
8 5 0.74993354
8 34 26.13334
8 2 1.2590334
8 37 0.8510176
8 7 4.7298717
8 27 1.1500851
8 16 1.4257851
8 23 0.9165766
8 25 2000.0
9 36 0.9508569
9 26 2000.0
9 28 1.8359239
9 10 35.113636
9 22 0.07177977
9 31 0.030709762
9 3 0.32051137
9 12 2000.0
9 4 0.07509701
9 17 0.035192437
9 19 0.06742464
10 26 0.030250952
10 28 0.2755551
10 24 0.08873411
10 31 14.590787
10 12 1136.4772
10 9 35.113636
10 17 0.034406397
11 0 2000.0
11 30 0.7587592
11 8 1.0351562
11 18 6.246158
11 13 1.1066661
11 33 1.5311778
11 29 0.9712731
11 5 1.6653259
11 34 2.5995386
11 20 0.9646925
11 2 2.096353
11 37 1.2802291
11 7 1353.75
11 27 0.7384245
11 16 0.82696986
11 25 0.6957961
12 26 1.0779762
12 32 1.846875
12 28 80.036934
12 24 0.07578317
12 21 0.44779494
12 3 0.049982578
12 1 6.8789954
13 30 20.709799
13 0 1.136523
13 8 0.96344095
13 33 1.5116209
13 11 1.1066661
13 29 1.0778401
13 5 20.123863
13 34 2420.3977
13 20 1.0252525
13 2 0.6809579
13 14 5.5112944
13 37 1.4156632
13 7 2000.0
13 27 0.3240903
13 16 27.279217
13 25 0.40978718
14 30 10.001329
14 20 1.4252774
14 13 5.5112944
14 27 4.2558646
14 33 0.44548714
14 11 2000.0
14 25 2.5978856
15 32 0.07172742
15 21 0.70786595
16 30 1.2973576
16 0 2000.0
16 8 1.4257851
16 18 1.062833
16 13 27.279217
16 11 0.82696986
16 5 1.2466607
16 34 106.59933
16 20 20.668247
16 7 1.1597749
16 27 1.7966535
16 23 3.5764742
16 25 0.92507356
17 6 2.6292975
17 26 2.0200593
17 10 0.034406397
17 24 0.08041547
17 31 1.1187184
17 9 0.035192437
17 4 0.24630684
17 19 162.68372
18 0 2000.0
18 30 0.6961997
18 8 1.2825283
18 13 2274.4888
18 11 6.246158
18 29 1.3389763
18 5 0.3468026
18 2 3.0821567
18 37 1.9396232
18 7 2000.0
18 27 15.966181
18 16 1.062833
18 23 1.1294588
19 31 0.06889663
19 9 0.06742464
19 4 0.06719485
19 17 162.68372
20 0 2000.0
20 30 1.2824947
20 13 1.0252525
20 33 1.2198833
20 11 0.9646925
20 29 5.43705
20 5 3.125807
20 34 0.94144744
20 2 2.56517
20 14 1.4252774
20 37 2.309632
20 7 48.954163
20 27 2.101335
20 16 20.668247
20 25 0.67304826
21 26 2000.0
21 32 2000.0
21 24 0.75637513
21 35 0.029637098
21 31 2000.0
21 12 0.44779494
21 15 0.70786595
22 31 90.00001
22 9 0.07177977
22 19 2000.0
23 0 2000.0
23 30 1.7007126
23 8 0.9165766
23 2 10.206799
23 37 1.4763397
23 18 1.1294588
23 7 1.1777474
23 16 3.5764742
23 11 2000.0
23 29 2.1769483
23 5 2.5338676
24 26 0.041276343
24 32 0.18376195
24 10 0.08873411
24 21 0.75637513
24 3 400.0
24 12 0.07578317
24 15 2000.0
24 17 0.08041547
25 30 19.589312
25 0 10.048217
25 13 0.40978718
25 33 0.69246095
25 11 0.6957961
25 29 2.511313
25 34 1.540687
25 20 0.67304826
25 2 0.5985591
25 14 2.5978856
25 37 234.55762
25 7 1.7383146
25 27 0.2752904
25 16 0.92507356
26 32 13.984311
26 28 0.19395006
26 10 0.030250952
26 24 0.041276343
26 31 0.11542871
26 12 1.0779762
26 17 2.0200593
27 30 0.23372115
27 0 2000.0
27 8 1.1500851
27 18 15.966181
27 13 0.3240903
27 33 0.75516707
27 11 0.7384245
27 29 1.3240219
27 5 1.6565274
27 34 0.88463646
27 20 2.101335
27 2 1.6212714
27 14 4.2558646
27 37 1.1224446
27 7 2000.0
27 16 1.7966535
27 25 0.2752904
28 36 0.035011206
28 26 0.19395006
28 10 0.2755551
28 3 2.8102572
28 12 80.036934
28 9 1.8359239
28 19 1464.7727
29 0 34.587463
29 30 1.68875
29 8 0.9499602
29 18 1.3389763
29 13 1.0778401
29 33 16.205967
29 11 0.9712731
29 5 5.447692
29 34 2.7636633
29 20 5.43705
29 2 1.2039075
29 37 1.2898209
29 7 800.0
29 27 1.3240219
29 16 2000.0
29 23 2.1769483
29 25 2.511313
30 8 0.44919664
30 18 0.6961997
30 13 20.709799
30 33 10.401401
30 11 0.7587592
30 29 1.68875
30 5 0.71251607
30 34 1.0007402
30 20 1.2824947
30 2 12.698748
30 14 10.001329
30 37 15.757447
30 7 0.63018596
30 27 0.23372115
30 16 1.2973576
30 23 1.7007126
30 25 19.589312
31 26 0.11542871
31 6 0.14353256
31 10 14.590787
31 35 139.74092
31 22 90.00001
31 9 0.030709762
31 4 0.07142045
31 17 1.1187184
31 19 0.06889663
32 26 13.984311
32 24 0.18376195
32 12 1.846875
32 15 0.07172742
33 30 10.401401
33 8 2000.0
33 13 1.5116209
33 11 1.5311778
33 29 16.205967
33 5 2000.0
33 34 2000.0
33 20 1.2198833
33 2 1.7478822
33 14 0.44548714
33 7 2000.0
33 27 0.75516707
33 16 3017.898
33 25 0.69246095
34 30 1.0007402
34 20 0.94144744
34 8 26.13334
34 37 2000.0
34 7 451.25455
34 27 0.88463646
34 16 106.59933
34 11 2.5995386
34 29 2.7636633
34 25 1.540687
34 5 2.752909
35 21 0.029637098
35 31 139.74092
36 28 0.035011206
36 3 0.2790576
36 9 0.9508569
37 30 15.757447
37 0 1.9549665
37 8 0.8510176
37 18 1.9396232
37 13 1.4156632
37 11 1.2802291
37 29 1.2898209
37 5 34.22486
37 20 2.309632
37 2 0.8754889
37 7 2930.284
37 27 1.1224446
37 16 2000.0
37 23 1.4763397
37 25 234.55762
