0 2 1.6153177
0 37 2.1095917
0 13 0.9822458
0 29 34.45265
0 25 21.152168
1 3 0.67358935
1 12 13.849092
2 30 42.47976
2 0 1.6153177
2 8 1.4553058
2 18 3.2447042
2 13 0.7461438
2 33 3.1349027
2 11 1.8805519
2 29 2.0467696
2 20 6.028939
2 37 0.8943203
2 27 1.0694618
2 16 2000.0
2 23 8.338343
2 25 1.2631469
3 36 1.0558968
3 28 8.890769
3 24 2000.0
3 12 0.052741922
3 1 0.67358935
3 9 0.6191834
4 31 0.06849419
4 9 0.08500034
4 17 0.32565072
4 19 0.06670567
5 30 1.0041864
5 8 0.40752575
5 18 0.45376062
5 13 19.979483
5 11 2.0568428
5 29 5.720632
5 34 1.5639238
5 20 2.145449
5 37 7.723446
5 7 7.5811243
5 27 1.2997417
5 16 2.4900644
5 23 2.2855425
6 31 0.25670642
6 17 1.0445999
7 34 523.7387
7 30 1.7383417
7 20 22.832117
7 8 8.652596
7 37 28.517145
7 16 1.528596
7 23 2.6775389
7 25 4.2658324
7 5 7.5811243
8 0 2000.0
8 30 0.43580478
8 18 1.0929252
8 13 2.54103
8 11 0.8936291
8 29 0.49631348
8 5 0.40752575
8 34 27.428736
8 2 1.4553058
8 37 0.9777731
8 7 8.652596
8 27 1.5106376
8 16 2.09595
8 23 0.9107882
8 25 2000.0
9 36 0.3714335
9 26 2000.0
9 28 1.3586553
9 10 17.765722
9 22 0.05356744
9 31 0.031351544
9 3 0.6191834
9 12 2000.0
9 4 0.08500034
9 17 0.034844935
9 19 0.067343526
10 26 0.029538846
10 28 0.24977273
10 24 0.11889537
10 31 30.045813
10 12 100.0
10 9 17.765722
10 17 0.034448314
11 0 2000.0
11 30 0.8808376
11 8 0.8936291
11 18 12.370838
11 13 0.9041516
11 33 2.167959
11 29 0.94573003
11 5 2.0568428
11 34 2.4486492
11 20 1.1245272
11 2 1.8805519
11 37 1.8274446
11 7 1745.625
11 27 0.7998767
11 16 0.9234857
11 25 1.4455096
12 26 1.2214158
12 32 2.9794605
12 28 150.23277
12 10 100.0
12 24 0.07822296
12 21 0.28302038
12 3 0.052741922
12 1 13.849092
13 30 66.69375
13 0 0.9822458
13 8 2.54103
13 18 176.17046
13 33 1.1665602
13 11 0.9041516
13 29 2.2716992
13 5 19.979483
13 34 100.0
13 20 1.4135573
13 2 0.7461438
13 14 5.39689
13 37 1.0407548
13 7 2000.0
13 27 0.45267382
13 16 32.183613
13 25 0.62549233
14 30 13.945926
14 20 2.7637181
14 13 5.39689
14 27 1.9841852
14 33 0.42328548
14 11 2000.0
14 25 1.8253177
15 32 0.08277757
15 21 5.0851526
16 30 1.5243781
16 0 2000.0
16 8 2.09595
16 18 1.3408039
16 13 32.183613
16 11 0.9234857
16 5 2.4900644
16 34 32.647957
16 20 27.771809
16 7 1.528596
16 27 1.8030052
16 23 2.3463142
16 25 1.6779395
17 6 1.0445999
17 26 2.0679703
17 10 0.034448314
17 24 0.078660406
17 31 1.3748556
17 9 0.034844935
17 4 0.32565072
17 19 1570.0568
18 0 2000.0
18 30 0.67363673
18 8 1.0929252
18 13 176.17046
18 11 12.370838
18 29 1.6170977
18 5 0.45376062
18 2 3.2447042
18 37 2.473361
18 7 2000.0
18 27 15.100649
18 16 1.3408039
18 23 0.9396002
19 31 0.088585064
19 9 0.067343526
19 4 0.06670567
20 30 2.4816813
20 13 1.4135573
20 33 1.0557733
20 11 1.1245272
20 29 14.904898
20 5 2.145449
20 34 0.9355333
20 2 6.028939
20 14 2.7637181
20 37 2.062777
20 7 22.832117
20 27 2.7469168
20 16 27.771809
20 25 0.8715615
21 26 2000.0
21 32 2000.0
21 24 0.7781969
21 35 0.033718333
21 31 2000.0
21 12 0.28302038
21 15 5.0851526
22 31 300.0
22 9 0.05356744
22 19 2000.0
23 0 2000.0
23 30 1.6016045
23 8 0.9107882
23 2 8.338343
23 37 0.87756395
23 18 0.9396002
23 7 2.6775389
23 16 2.3463142
23 11 2000.0
23 29 0.80701137
23 5 2.2855425
24 26 0.047948226
24 32 0.31130287
24 10 0.11889537
24 21 0.7781969
24 12 0.07822296
24 15 2000.0
24 17 0.078660406
25 30 41.805397
25 0 21.152168
25 13 0.62549233
25 33 0.6398976
25 11 1.4455096
25 29 2.2140381
25 34 2.80175
25 20 0.8715615
25 2 1.2631469
25 14 1.8253177
25 37 36.941708
25 7 4.2658324
25 27 0.49755055
25 16 1.6779395
26 32 21.550323
26 28 0.100243956
26 10 0.029538846
26 24 0.047948226
26 31 0.20304632
26 12 1.2214158
26 17 2.0679703
27 30 0.28127846
27 0 2000.0
27 8 1.5106376
27 18 15.100649
27 13 0.45267382
27 33 0.7124868
27 11 0.7998767
27 29 0.8884281
27 5 1.2997417
27 34 1.0743285
27 20 2.7469168
27 2 1.0694618
27 14 1.9841852
27 37 0.8172391
27 7 2000.0
27 16 1.8030052
27 25 0.49755055
28 36 0.03266059
28 26 0.100243956
28 10 0.24977273
28 3 8.890769
28 12 150.23277
28 9 1.3586553
28 19 1370.0
29 0 34.45265
29 30 1.885471
29 8 0.49631348
29 18 1.6170977
29 13 2.2716992
29 33 24.182238
29 11 0.94573003
29 5 5.720632
29 34 5.1184783
29 20 14.904898
29 2 2.0467696
29 37 1.0634573
29 7 2000.0
29 27 0.8884281
29 16 2000.0
29 23 0.80701137
29 25 2.2140381
30 8 0.43580478
30 18 0.67363673
30 13 66.69375
30 33 17.799818
30 11 0.8808376
30 29 1.885471
30 5 1.0041864
30 34 0.80389076
30 20 2.4816813
30 2 42.47976
30 14 13.945926
30 37 13.725796
30 7 1.7383417
30 27 0.28127846
30 16 1.5243781
30 23 1.6016045
30 25 41.805397
31 26 0.20304632
31 6 0.25670642
31 10 30.045813
31 22 300.0
31 9 0.031351544
31 4 0.06849419
31 17 1.3748556
31 19 0.088585064
32 26 21.550323
32 24 0.31130287
32 12 2.9794605
32 15 0.08277757
33 30 17.799818
33 13 1.1665602
33 11 2.167959
33 29 24.182238
33 5 2000.0
33 34 2000.0
33 20 1.0557733
33 2 3.1349027
33 14 0.42328548
33 7 2000.0
33 27 0.7124868
33 16 3017.898
33 25 0.6398976
34 30 0.80389076
34 20 0.9355333
34 8 27.428736
34 37 2000.0
34 7 523.7387
34 13 100.0
34 27 1.0743285
34 16 32.647957
34 11 2.4486492
34 29 5.1184783
34 25 2.80175
34 5 1.5639238
35 21 0.033718333
35 31 1405.0
36 28 0.03266059
36 3 1.0558968
36 9 0.3714335
37 30 13.725796
37 0 2.1095917
37 8 0.9777731
37 18 2.473361
37 13 1.0407548
37 11 1.8274446
37 29 1.0634573
37 5 7.723446
37 20 2.062777
37 2 0.8943203
37 7 28.517145
37 27 0.8172391
37 16 2000.0
37 23 0.87756395
37 25 36.941708
