0 2 2.1785536
0 37 2.0858388
0 13 1.1655504
0 29 61.225098
0 25 16.025162
1 3 0.95148206
1 12 16.098314
2 30 21.520096
2 0 2.1785536
2 8 2.3292074
2 18 4.3834896
2 13 0.56375945
2 33 2.0351741
2 11 1.870949
2 29 1.5965278
2 20 3.5807042
2 37 0.9995838
2 27 0.8653563
2 16 2000.0
2 23 12.610623
2 25 0.5237098
3 36 0.5972186
3 28 18.113962
3 24 2000.0
3 12 0.054828506
3 1 0.95148206
3 9 0.70187944
4 31 0.06891477
4 9 0.09997159
4 17 0.12524351
4 19 0.06718319
5 30 1.5178586
5 8 2.1786616
5 18 0.9145486
5 13 39.903793
5 11 8.383058
5 29 14.611201
5 34 2.8101552
5 20 2.7082455
5 37 17.60553
5 7 19.829514
5 27 3.9114087
5 16 1.8287202
5 23 4.6356106
5 25 2000.0
6 31 0.15821728
6 17 1.8563838
7 30 0.9205513
7 20 73.88659
7 8 29.084341
7 37 85.89985
7 16 1.0090277
7 23 1.5729563
7 25 3.5982606
7 5 19.829514
8 0 2000.0
8 30 1.0408626
8 18 1.2462428
8 13 4.5505867
8 11 1.0972843
8 29 1.3771943
8 5 2.1786616
8 34 31.941093
8 2 2.3292074
8 37 1.2462232
8 7 29.084341
8 27 2.998179
8 16 1.4285225
8 23 2.1222548
8 25 2000.0
9 36 0.9288191
9 26 2000.0
9 28 1.3447182
9 10 23.31766
9 22 0.06447933
9 31 0.031603947
9 3 0.70187944
9 12 2000.0
9 4 0.09997159
9 17 0.03536474
9 19 0.07014717
10 26 0.031335227
10 28 0.43855804
10 24 0.121452324
10 31 5.9433537
10 12 50.0
10 9 23.31766
10 17 0.029565884
11 0 2000.0
11 30 1.2029471
11 8 1.0972843
11 18 26.199945
11 13 1.0008818
11 33 1.8419755
11 29 2.0676334
11 5 8.383058
11 34 3.121753
11 20 2.325177
11 2 1.870949
11 37 2.7417371
11 7 3343.125
11 27 0.8615755
11 16 1.4615301
11 25 1.7448348
12 26 0.9937304
12 32 3.8610506
12 10 50.0
12 24 0.07430934
12 21 0.24226305
12 3 0.054828506
12 1 16.098314
13 30 75.06296
13 0 1.1655504
13 8 4.5505867
13 18 50.0
13 33 1.3669506
13 11 1.0008818
13 29 1.2644379
13 5 39.903793
13 34 155.15152
13 20 2.1268299
13 2 0.56375945
13 14 4.7879224
13 37 1.8407073
13 7 2000.0
13 27 1.5022657
13 16 159.48264
13 25 0.22577706
14 30 13.14604
14 20 3.2665753
14 13 4.7879224
14 27 3.19999
14 33 0.45438665
14 25 2.5436513
15 32 0.083561644
15 21 11.419699
16 0 2000.0
16 30 1.0844667
16 8 1.4285225
16 18 1.4231846
16 13 159.48264
16 11 1.4615301
16 29 216.71712
16 5 1.8287202
16 34 100.086815
16 20 15.323586
16 7 1.0090277
16 27 1.3453066
16 23 4.7709675
16 25 1.5379951
17 6 1.8563838
17 26 1.3746048
17 10 0.029565884
17 24 0.10767396
17 31 0.951264
17 9 0.03536474
17 4 0.12524351
17 19 105.33093
18 0 2000.0
18 30 0.64625186
18 8 1.2462428
18 13 50.0
18 11 26.199945
18 29 1.3041638
18 5 0.9145486
18 2 4.3834896
18 37 4.2675915
18 7 2000.0
18 27 26.594524
18 16 1.4231846
18 23 1.7971342
19 31 0.07780167
19 9 0.07014717
19 4 0.06718319
19 17 105.33093
20 30 2.456524
20 8 2000.0
20 13 2.1268299
20 33 1.6986679
20 11 2.325177
20 29 5.7612734
20 5 2.7082455
20 34 1.263569
20 2 3.5807042
20 14 3.2665753
20 37 14.504239
20 7 73.88659
20 27 2.3203537
20 16 15.323586
20 25 0.8025702
21 26 2000.0
21 32 2000.0
21 24 0.73600614
21 35 0.046078615
21 31 2000.0
21 12 0.24226305
21 15 11.419699
22 31 42.20432
22 9 0.06447933
22 19 2000.0
23 0 2000.0
23 30 1.575244
23 8 2.1222548
23 2 12.610623
23 37 2.3217342
23 18 1.7971342
23 7 1.5729563
23 16 4.7709675
23 11 2000.0
23 29 2.1740844
23 5 4.6356106
24 26 0.043100648
24 32 0.33522728
24 10 0.121452324
24 21 0.73600614
24 12 0.07430934
24 15 2000.0
24 17 0.10767396
25 0 16.025162
25 30 12.799369
25 13 0.22577706
25 33 0.55332786
25 11 1.7448348
25 29 3.502611
25 34 2.8867795
25 20 0.8025702
25 2 0.5237098
25 14 2.5436513
25 37 23.339611
25 7 3.5982606
25 27 0.39444956
25 16 1.5379951
26 32 37.97484
26 28 0.065544665
26 10 0.031335227
26 24 0.043100648
26 31 0.6458802
26 12 0.9937304
26 17 1.3746048
27 30 0.21873142
27 0 2000.0
27 8 2.998179
27 18 26.594524
27 13 1.5022657
27 33 0.8576926
27 11 0.8615755
27 29 1.1928774
27 5 3.9114087
27 34 2.4965358
27 20 2.3203537
27 2 0.8653563
27 14 3.19999
27 37 2.0277061
27 7 2000.0
27 16 1.3453066
27 25 0.39444956
28 36 0.035803236
28 26 0.065544665
28 10 0.43855804
28 3 18.113962
28 12 1145.4545
28 9 1.3447182
28 19 1372.6704
29 0 61.225098
29 30 7.965608
29 8 1.3771943
29 18 1.3041638
29 13 1.2644379
29 33 18.55098
29 11 2.0676334
29 5 14.611201
29 34 5.0497274
29 20 5.7612734
29 2 1.5965278
29 37 0.9271139
29 7 2000.0
29 27 1.1928774
29 16 216.71712
29 23 2.1740844
29 25 3.502611
30 8 1.0408626
30 18 0.64625186
30 13 75.06296
30 33 9.151904
30 11 1.2029471
30 29 7.965608
30 5 1.5178586
30 34 1.0095488
30 20 2.456524
30 2 21.520096
30 14 13.14604
30 37 25.907938
30 7 0.9205513
30 27 0.21873142
30 16 1.0844667
30 23 1.575244
30 25 12.799369
31 26 0.6458802
31 6 0.15821728
31 10 5.9433537
31 35 12.17557
31 22 42.20432
31 9 0.031603947
31 4 0.06891477
31 17 0.951264
31 19 0.07780167
32 26 37.97484
32 24 0.33522728
32 12 3.8610506
32 15 0.083561644
33 30 9.151904
33 13 1.3669506
33 11 1.8419755
33 29 18.55098
33 5 2000.0
33 34 2000.0
33 20 1.6986679
33 2 2.0351741
33 14 0.45438665
33 7 2000.0
33 27 0.8576926
33 16 3017.898
33 25 0.55332786
34 30 1.0095488
34 20 1.263569
34 8 31.941093
34 37 2000.0
34 7 2000.0
34 13 155.15152
34 27 2.4965358
34 16 100.086815
34 11 3.121753
34 29 5.0497274
34 25 2.8867795
34 5 2.8101552
35 21 0.046078615
35 31 12.17557
36 28 0.035803236
36 3 0.5972186
36 9 0.9288191
37 30 25.907938
37 0 2.0858388
37 8 1.2462232
37 18 4.2675915
37 13 1.8407073
37 11 2.7417371
37 29 0.9271139
37 5 17.60553
37 20 14.504239
37 2 0.9995838
37 7 85.89985
37 27 2.0277061
37 16 2000.0
37 23 2.3217342
37 25 23.339611
