0 8 76.92307
0 2 1.9126935
0 37 1.0113583
0 13 0.8578369
0 11 1206.1932
0 29 32.142857
1 3 0.26697212
1 12 1202.159
2 30 17.931902
2 0 1.9126935
2 8 1.005439
2 18 9.0340185
2 13 0.44291833
2 33 2.5003636
2 11 1.3526735
2 29 0.9279929
2 20 1.8943902
2 37 0.90527874
2 27 0.5700111
2 16 2000.0
2 23 91.13258
2 25 1.9246013
3 36 0.21850231
3 28 0.10775788
3 24 100.0
3 12 0.06138765
3 1 0.26697212
3 9 0.20301838
4 31 0.081792936
4 9 0.06646917
4 17 0.08916387
4 19 0.08354166
5 30 0.82627165
5 8 0.8823295
5 18 0.42182755
5 13 2000.0
5 11 2.7875106
5 29 4.5820255
5 34 2.0174408
5 20 1.557065
5 37 2000.0
5 7 6.16351
5 27 3.7497766
5 16 1.3239534
5 23 3.697707
6 31 0.941391
6 17 0.61290586
7 34 8.874184
7 30 1.1227784
7 20 1.289556
7 8 23.885836
7 37 31.770367
7 27 171.34691
7 16 1.3104261
7 11 8.081157
7 23 1.2563825
7 25 11.674023
7 5 6.16351
8 0 76.92307
8 30 0.5106453
8 18 1.1005504
8 13 4.2073097
8 11 1.7523924
8 29 0.897693
8 5 0.8823295
8 34 4.3123674
8 2 1.005439
8 37 1.6907067
8 7 23.885836
8 27 1.2646874
8 16 1.375402
8 23 1.0600594
9 36 0.7848948
9 26 2000.0
9 28 0.6330505
9 10 7.282712
9 22 0.21509364
9 31 0.02922336
9 3 0.20301838
9 17 0.046899077
9 4 0.06646917
9 19 0.064900726
10 26 0.045006845
10 28 0.18945748
10 24 0.07531323
10 31 0.048648052
10 12 22.562016
10 9 7.282712
10 17 0.03159403
11 0 1206.1932
11 30 0.4750281
11 8 1.7523924
11 18 5.2687836
11 13 0.81670994
11 33 2.6501215
11 29 1.5033431
11 5 2.7875106
11 34 2.2009685
11 20 0.79289675
11 2 1.3526735
11 37 1.5086358
11 7 8.081157
11 27 0.47279283
11 16 1.0130241
11 25 1.156979
12 26 2.1516852
12 28 9.286294
12 32 0.15921347
12 10 22.562016
12 24 0.06681661
12 21 0.09115637
12 3 0.06138765
13 30 5.858574
13 0 0.8578369
13 8 4.2073097
13 18 400.0
13 33 1.0863314
13 11 0.81670994
13 29 1.3923457
13 5 2000.0
13 34 11.392582
13 20 0.6055891
13 2 0.44291833
13 14 2.5734403
13 37 2.5789473
13 27 0.54229057
13 16 362.96295
13 25 0.6832781
14 34 2000.0
14 20 1.3162227
14 13 2.5734403
14 33 0.40117276
14 27 2.6151774
14 11 2000.0
14 25 1.2893605
15 32 0.06752554
15 21 1.7890711
16 0 2000.0
16 30 1.066914
16 8 1.375402
16 18 0.97553194
16 13 362.96295
16 11 1.0130241
16 29 51.13539
16 5 1.3239534
16 20 20.23158
16 37 112.963425
16 7 1.3104261
16 27 1.5122666
16 23 15.029043
16 25 1.184486
17 26 1.8464874
17 6 0.61290586
17 10 0.03159403
17 24 0.10838102
17 31 1.2790293
17 9 0.046899077
17 4 0.08916387
17 19 2.4207718
18 30 0.89763266
18 2 9.0340185
18 8 1.1005504
18 37 1.1791682
18 7 2000.0
18 13 400.0
18 27 4.0830965
18 16 0.97553194
18 23 1.1993645
18 11 5.2687836
18 29 1.2979089
18 5 0.42182755
19 31 0.08185605
19 9 0.064900726
19 17 2.4207718
19 4 0.08354166
20 30 17.21576
20 13 0.6055891
20 33 1.183662
20 11 0.79289675
20 29 2.7843304
20 5 1.557065
20 34 0.8312663
20 2 1.8943902
20 14 1.3162227
20 37 1.7020148
20 7 1.289556
20 27 0.78351897
20 16 20.23158
20 25 0.5243218
21 26 2000.0
21 32 2000.0
21 24 0.23111214
21 35 0.042991657
21 12 0.09115637
21 15 1.7890711
22 6 1586.9319
22 31 1244.1478
22 9 0.21509364
22 19 1329.4886
23 0 2000.0
23 30 1.0725154
23 2 91.13258
23 8 1.0600594
23 37 1.8440217
23 18 1.1993645
23 7 1.2563825
23 16 15.029043
23 11 2000.0
23 29 2.0460389
23 5 3.697707
24 26 0.0737464
24 32 0.12668559
24 10 0.07531323
24 21 0.23111214
24 31 14.162342
24 12 0.06681661
24 3 100.0
24 15 2000.0
24 17 0.10838102
25 30 8.347795
25 13 0.6832781
25 33 0.41660997
25 11 1.156979
25 29 3.3552005
25 34 0.92710114
25 20 0.5243218
25 2 1.9246013
25 14 1.2893605
25 37 26.765657
25 7 11.674023
25 27 0.7159669
25 16 1.184486
26 36 133.33334
26 32 20.2237
26 28 0.035275936
26 10 0.045006845
26 24 0.0737464
26 31 0.07645306
26 12 2.1516852
26 17 1.8464874
27 0 2000.0
27 30 0.21409422
27 8 1.2646874
27 18 4.0830965
27 13 0.54229057
27 33 1.1240331
27 11 0.47279283
27 29 0.7667381
27 5 3.7497766
27 34 0.96823853
27 20 0.78351897
27 2 0.5700111
27 14 2.6151774
27 37 0.98424983
27 7 171.34691
27 16 1.5122666
27 25 0.7159669
28 36 0.031048387
28 26 0.035275936
28 10 0.18945748
28 3 0.10775788
28 12 9.286294
28 9 0.6330505
29 0 32.142857
29 30 6.157536
29 8 0.897693
29 18 1.2979089
29 13 1.3923457
29 11 1.5033431
29 5 4.5820255
29 34 7.3021955
29 20 2.7843304
29 2 0.9279929
29 37 0.9400037
29 7 2000.0
29 27 0.7667381
29 16 51.13539
29 23 2.0460389
29 25 3.3552005
30 0 2000.0
30 8 0.5106453
30 18 0.89763266
30 13 5.858574
30 33 4.1609697
30 11 0.4750281
30 29 6.157536
30 5 0.82627165
30 34 2.5691302
30 20 17.21576
30 2 17.931902
30 37 9.493076
30 7 1.1227784
30 27 0.21409422
30 16 1.066914
30 23 1.0725154
30 25 8.347795
31 26 0.07645306
31 6 0.941391
31 10 0.048648052
31 24 14.162342
31 9 0.02922336
31 17 1.2790293
31 4 0.081792936
31 19 0.08185605
32 26 20.2237
32 24 0.12668559
32 12 0.15921347
32 15 0.06752554
33 30 4.1609697
33 8 2000.0
33 13 1.0863314
33 11 2.6501215
33 29 2000.0
33 5 2000.0
33 34 2000.0
33 20 1.183662
33 2 2.5003636
33 14 0.40117276
33 7 2000.0
33 27 1.1240331
33 16 2000.0
33 25 0.41660997
34 30 2.5691302
34 20 0.8312663
34 8 4.3123674
34 13 11.392582
34 7 8.874184
34 27 0.96823853
34 16 1215.0568
34 11 2.2009685
34 25 0.92710114
34 29 7.3021955
34 5 2.0174408
35 21 0.042991657
36 26 133.33334
36 28 0.031048387
36 3 0.21850231
36 9 0.7848948
37 30 9.493076
37 0 1.0113583
37 8 1.6907067
37 18 1.1791682
37 13 2.5789473
37 11 1.5086358
37 29 0.9400037
37 20 1.7020148
37 2 0.90527874
37 7 31.770367
37 27 0.98424983
37 16 112.963425
37 23 1.8440217
37 25 26.765657
