0 2 1.0076611
0 37 3.0288146
0 13 1.5601482
0 29 32.36756
0 25 11.006693
1 3 0.8524687
1 12 13.483834
2 30 32.093616
2 0 1.0076611
2 8 0.8929147
2 18 2.5512974
2 13 0.4783911
2 33 2.4779298
2 11 2.3642833
2 29 0.9866804
2 20 6.4170055
2 37 0.85093504
2 27 0.833805
2 16 2000.0
2 23 7.661838
2 25 0.39417768
3 36 0.5242367
3 28 2.691301
3 24 100.0
3 12 0.055245418
3 1 0.8524687
3 9 0.45891184
4 31 0.08261547
4 9 0.08157468
4 17 0.13063556
4 19 0.06723264
5 30 0.59004086
5 8 0.5087777
5 18 1.413819
5 13 32.973812
5 11 5.369133
5 29 4.71051
5 34 2.206133
5 20 5.00758
5 37 19.565962
5 7 14.842288
5 27 2.4301138
5 16 1.8150493
5 23 2.9198945
5 25 2000.0
6 31 0.18280552
6 17 1.9047354
7 30 0.7872856
7 20 89.61339
7 8 8.655655
7 37 66.48864
7 16 1.611139
7 11 263.66592
7 23 1.6411517
7 25 2.839767
7 29 2000.0
7 5 14.842288
8 0 2000.0
8 30 0.4518201
8 18 1.331938
8 13 1.112704
8 11 1.0336887
8 29 0.421791
8 5 0.5087777
8 34 29.19527
8 2 0.8929147
8 37 1.249618
8 7 8.655655
8 27 1.8138028
8 16 1.4708564
8 23 1.0061178
8 25 2000.0
9 36 0.7386545
9 26 2000.0
9 28 0.85247904
9 10 34.829723
9 22 0.04897531
9 31 0.029858176
9 3 0.45891184
9 12 2000.0
9 4 0.08157468
9 17 0.040149
9 19 0.06737958
10 26 0.029385611
10 28 0.24670306
10 24 0.07987004
10 31 26.046402
10 12 114.545456
10 9 34.829723
10 17 0.029728407
11 0 2000.0
11 30 0.7929788
11 8 1.0336887
11 18 7.2616715
11 13 2.2886
11 33 2.156193
11 29 0.9172032
11 5 5.369133
11 34 2.6339626
11 20 2.9983587
11 2 2.3642833
11 37 1.4951749
11 7 263.66592
11 27 0.71083355
11 16 0.9414438
11 25 0.7858292
12 26 0.5423497
12 32 2.6131198
12 10 114.545456
12 24 0.06760585
12 21 0.46875
12 3 0.055245418
12 1 13.483834
13 30 53.51626
13 0 1.5601482
13 8 1.112704
13 18 198.38655
13 33 1.2664716
13 11 2.2886
13 29 1.6330622
13 5 32.973812
13 34 77.6051
13 20 2.2370076
13 2 0.4783911
13 14 8.992026
13 37 1.7428559
13 7 2000.0
13 27 1.467157
13 16 118.420815
13 25 0.22806324
14 34 2000.0
14 30 8.9201355
14 20 1.4412463
14 13 8.992026
14 27 2.9299057
14 33 0.42005688
14 11 2000.0
14 25 2.5904057
15 32 0.08482049
15 21 12.981504
16 30 1.0903982
16 0 2000.0
16 8 1.4708564
16 18 1.626319
16 13 118.420815
16 11 0.9414438
16 5 1.8150493
16 34 134.50673
16 20 30.368454
16 7 1.611139
16 27 1.4031469
16 23 2.7332215
16 25 3.6186156
17 6 1.9047354
17 26 1.5628301
17 10 0.029728407
17 24 0.15681818
17 31 0.98763555
17 9 0.040149
17 4 0.13063556
17 19 1259.8295
18 0 2000.0
18 30 0.7945697
18 8 1.331938
18 13 198.38655
18 11 7.2616715
18 29 1.5199074
18 5 1.413819
18 2 2.5512974
18 37 2.4434414
18 7 2000.0
18 27 27.51199
18 16 1.626319
18 23 1.7167892
19 31 0.0985897
19 9 0.06737958
19 4 0.06723264
20 30 3.127524
20 13 2.2370076
20 33 1.0963749
20 11 2.9983587
20 29 16.484404
20 5 5.00758
20 34 0.96734774
20 2 6.4170055
20 14 1.4412463
20 37 4.677124
20 7 89.61339
20 27 1.9527528
20 16 30.368454
20 25 0.59462595
21 32 2000.0
21 24 0.8917298
21 35 0.03820129
21 31 2000.0
21 12 0.46875
21 15 12.981504
22 31 76.219086
22 9 0.04897531
22 19 2000.0
23 0 2000.0
23 30 1.8671348
23 8 1.0061178
23 2 7.661838
23 37 1.6205132
23 18 1.7167892
23 7 1.6411517
23 16 2.7332215
23 11 2000.0
23 29 1.6723684
23 5 2.9198945
24 26 0.038635615
24 32 0.36513305
24 10 0.07987004
24 21 0.8917298
24 31 2000.0
24 12 0.06760585
24 3 100.0
24 17 0.15681818
25 0 11.006693
25 30 12.388533
25 13 0.22806324
25 33 0.67612803
25 11 0.7858292
25 29 3.176395
25 34 1.9588784
25 20 0.59462595
25 2 0.39417768
25 14 2.5904057
25 37 55.163635
25 7 2.839767
25 27 0.28235212
25 16 3.6186156
26 32 29.459013
26 28 0.072881356
26 10 0.029385611
26 24 0.038635615
26 31 0.2373485
26 12 0.5423497
26 17 1.5628301
27 30 0.5977929
27 0 2000.0
27 8 1.8138028
27 18 27.51199
27 13 1.467157
27 33 0.81251264
27 11 0.71083355
27 29 1.5243555
27 5 2.4301138
27 34 0.9714261
27 20 1.9527528
27 2 0.833805
27 14 2.9299057
27 37 1.8019248
27 7 2000.0
27 16 1.4031469
27 25 0.28235212
28 36 0.04857334
28 26 0.072881356
28 10 0.24670306
28 3 2.691301
28 12 1210.5114
28 9 0.85247904
28 19 1375.5681
29 0 32.36756
29 30 1.568148
29 8 0.421791
29 18 1.5199074
29 13 1.6330622
29 33 38.21416
29 11 0.9172032
29 5 4.71051
29 34 8.018652
29 20 16.484404
29 2 0.9866804
29 37 1.3810934
29 7 2000.0
29 27 1.5243555
29 16 2000.0
29 23 1.6723684
29 25 3.176395
30 8 0.4518201
30 18 0.7945697
30 13 53.51626
30 33 11.576733
30 11 0.7929788
30 29 1.568148
30 5 0.59004086
30 34 0.95190746
30 20 3.127524
30 2 32.093616
30 14 8.9201355
30 37 20.055397
30 7 0.7872856
30 27 0.5977929
30 16 1.0903982
30 23 1.8671348
30 25 12.388533
31 26 0.2373485
31 6 0.18280552
31 10 26.046402
31 35 46.975002
31 22 76.219086
31 9 0.029858176
31 4 0.08261547
31 17 0.98763555
31 19 0.0985897
32 26 29.459013
32 24 0.36513305
32 12 2.6131198
32 15 0.08482049
33 30 11.576733
33 8 2000.0
33 13 1.2664716
33 11 2.156193
33 29 38.21416
33 5 2000.0
33 34 2000.0
33 20 1.0963749
33 2 2.4779298
33 14 0.42005688
33 7 2000.0
33 27 0.81251264
33 16 3017.898
33 25 0.67612803
34 30 0.95190746
34 20 0.96734774
34 8 29.19527
34 37 2000.0
34 7 2000.0
34 13 77.6051
34 27 0.9714261
34 16 134.50673
34 11 2.6339626
34 29 8.018652
34 25 1.9588784
34 5 2.206133
35 21 0.03820129
35 31 46.975002
36 28 0.04857334
36 10 2000.0
36 3 0.5242367
36 9 0.7386545
37 30 20.055397
37 0 3.0288146
37 8 1.249618
37 18 2.4434414
37 13 1.7428559
37 11 1.4951749
37 29 1.3810934
37 5 19.565962
37 20 4.677124
37 2 0.85093504
37 7 66.48864
37 27 1.8019248
37 16 2000.0
37 23 1.6205132
37 25 55.163635
