0 2 0.96226907
0 37 1.6066673
0 13 1.3013018
0 29 15.497779
0 25 12.160458
1 3 0.41630632
1 12 24.417757
2 30 9.659289
2 0 0.96226907
2 8 1.247896
2 18 2.3509219
2 13 0.40719697
2 33 4.3943996
2 11 1.2794636
2 29 1.1702261
2 20 2.511353
2 37 0.77892786
2 27 0.7667092
2 16 2000.0
2 23 6.3639517
2 25 0.9673195
3 36 1.3735127
3 28 3.9467592
3 24 141.17647
3 12 0.068304926
3 1 0.41630632
3 9 0.22585225
4 31 0.06521622
4 9 0.06528418
4 17 0.15562214
4 19 0.06838013
5 30 0.91241056
5 8 1.4131048
5 18 0.4934696
5 13 21.280363
5 11 5.0165076
5 29 2.4429622
5 34 3.236157
5 20 1.1766769
5 37 16.807953
5 7 6.4113245
5 27 1.7714026
5 16 1.7216809
5 23 2.980972
5 25 2000.0
6 31 0.11995968
6 17 6.6667776
7 30 0.9677907
7 20 86.0625
7 8 12.495357
7 37 57.142857
7 16 0.96862257
7 23 1.2396235
7 11 168.81999
7 25 2.051281
7 5 6.4113245
8 0 2000.0
8 30 0.79018515
8 18 1.2521559
8 13 1.33215
8 11 0.9406413
8 29 0.8326271
8 5 1.4131048
8 34 67.77134
8 2 1.247896
8 37 0.8877105
8 7 12.495357
8 27 6.931047
8 16 1.507883
8 23 1.4532366
8 25 2000.0
9 36 0.26320183
9 26 2000.0
9 28 0.9328121
9 10 14.073283
9 22 0.06530975
9 31 0.030865971
9 3 0.22585225
9 12 2000.0
9 4 0.06528418
9 17 0.041844625
9 19 0.07503482
10 26 0.03009013
10 28 0.24594696
10 24 0.09266304
10 31 9.295454
10 12 1215.7954
10 9 14.073283
10 17 0.030633368
11 0 2000.0
11 30 1.1714239
11 8 0.9406413
11 18 5.459767
11 13 0.6966239
11 33 7.323969
11 29 1.250915
11 5 5.0165076
11 34 2.2020404
11 20 1.4542693
11 2 1.2794636
11 37 1.4927539
11 7 168.81999
11 27 0.6241897
11 16 0.8899134
11 25 0.9201091
12 26 1.0961941
12 32 4.0041113
12 24 0.080397725
12 21 0.17958918
12 3 0.068304926
12 1 24.417757
13 30 16.981989
13 0 1.3013018
13 8 1.33215
13 18 421.40314
13 33 2.387193
13 11 0.6966239
13 29 0.9124445
13 5 21.280363
13 34 541.9572
13 20 0.8810071
13 2 0.40719697
13 14 9.650228
13 37 1.3752306
13 7 2000.0
13 27 0.29375303
13 16 40.780804
13 25 0.19820441
14 30 8.60117
14 20 6.739697
14 13 9.650228
14 27 3.8622353
14 33 0.84451497
14 11 2000.0
14 25 2.4628358
15 32 0.07054556
15 21 1.4139107
15 12 2000.0
16 0 2000.0
16 30 1.089233
16 8 1.507883
16 18 1.4102824
16 13 40.780804
16 11 0.8899134
16 5 1.7216809
16 34 160.15974
16 20 20.84108
16 7 0.96862257
16 27 1.5972929
16 23 2.3562891
16 25 1.341167
17 6 6.6667776
17 26 1.6515127
17 10 0.030633368
17 24 0.07145643
17 31 0.9602624
17 9 0.041844625
17 4 0.15562214
17 19 42.042507
18 0 2000.0
18 30 0.9438245
18 8 1.2521559
18 13 421.40314
18 11 5.459767
18 29 1.608523
18 5 0.4934696
18 2 2.3509219
18 37 2.653375
18 7 2000.0
18 27 14.390882
18 16 1.4102824
18 23 1.127774
19 28 160.0
19 31 0.071435116
19 9 0.07503482
19 17 42.042507
19 4 0.06838013
20 0 2000.0
20 30 1.6160543
20 8 2000.0
20 13 0.8810071
20 33 5.598391
20 11 1.4542693
20 29 4.1812525
20 5 1.1766769
20 34 1.7947811
20 2 2.511353
20 14 6.739697
20 37 6.014299
20 7 86.0625
20 27 1.0216749
20 16 20.84108
20 25 1.8879963
21 24 0.83187145
21 35 0.032301135
21 31 2000.0
21 12 0.17958918
21 15 1.4139107
22 31 120.00001
22 9 0.06530975
22 19 2000.0
23 0 2000.0
23 30 1.6272717
23 8 1.4532366
23 2 6.3639517
23 37 0.951461
23 18 1.127774
23 7 1.2396235
23 16 2.3562891
23 11 2000.0
23 29 0.8712161
23 5 2.980972
24 26 0.04446693
24 32 0.23187229
24 10 0.09266304
24 21 0.83187145
24 12 0.080397725
24 3 141.17647
24 15 2000.0
24 17 0.07145643
25 30 16.727396
25 0 12.160458
25 13 0.19820441
25 33 0.86895984
25 11 0.9201091
25 29 2.2211277
25 34 1.9056593
25 20 1.8879963
25 2 0.9673195
25 14 2.4628358
25 37 148.35146
25 7 2.051281
25 27 0.42859206
25 16 1.341167
26 32 22.355755
26 28 0.08892046
26 10 0.03009013
26 24 0.04446693
26 31 0.14900783
26 12 1.0961941
26 17 1.6515127
27 30 0.3704467
27 0 2000.0
27 8 6.931047
27 18 14.390882
27 13 0.29375303
27 33 1.767507
27 11 0.6241897
27 29 0.61942416
27 5 1.7714026
27 34 1.9122441
27 20 1.0216749
27 2 0.7667092
27 14 3.8622353
27 37 1.066904
27 7 2000.0
27 16 1.5972929
27 25 0.42859206
28 36 0.033470705
28 26 0.08892046
28 10 0.24594696
28 3 3.9467592
28 12 1213.409
28 9 0.9328121
28 19 160.0
29 0 15.497779
29 30 1.5125326
29 8 0.8326271
29 18 1.608523
29 13 0.9124445
29 33 8.553333
29 11 1.250915
29 5 2.4429622
29 34 2.9491007
29 20 4.1812525
29 2 1.1702261
29 37 0.69123656
29 27 0.61942416
29 16 2000.0
29 23 0.8712161
29 25 2.2211277
30 8 0.79018515
30 18 0.9438245
30 13 16.981989
30 33 15.141548
30 11 1.1714239
30 29 1.5125326
30 5 0.91241056
30 34 0.8836608
30 20 1.6160543
30 2 9.659289
30 14 8.60117
30 37 11.3643055
30 7 0.9677907
30 27 0.3704467
30 16 1.089233
30 23 1.6272717
30 25 16.727396
31 26 0.14900783
31 6 0.11995968
31 10 9.295454
31 35 170.89546
31 22 120.00001
31 9 0.030865971
31 4 0.06521622
31 17 0.9602624
31 19 0.071435116
32 26 22.355755
32 24 0.23187229
32 12 4.0041113
32 15 0.07054556
33 34 2000.0
33 30 15.141548
33 20 5.598391
33 2 4.3943996
33 14 0.84451497
33 7 2000.0
33 13 2.387193
33 27 1.767507
33 16 3017.898
33 11 7.323969
33 29 8.553333
33 25 0.86895984
34 30 0.8836608
34 20 1.7947811
34 8 67.77134
34 37 2000.0
34 13 541.9572
34 7 2000.0
34 27 1.9122441
34 16 160.15974
34 11 2.2020404
34 29 2.9491007
34 25 1.9056593
34 5 3.236157
35 21 0.032301135
35 31 170.89546
36 28 0.033470705
36 3 1.3735127
36 12 2000.0
36 9 0.26320183
37 30 11.3643055
37 0 1.6066673
37 8 0.8877105
37 18 2.653375
37 13 1.3752306
37 11 1.4927539
37 29 0.69123656
37 5 16.807953
37 20 6.014299
37 2 0.77892786
37 7 57.142857
37 27 1.066904
37 16 2000.0
37 23 0.951461
37 25 148.35146
