0 2 0.97049457
0 37 2.291855
0 13 1.4281926
0 29 9.979086
0 25 9.408307
1 3 1.3397348
1 12 22.287937
2 30 19.048874
2 0 0.97049457
2 8 1.293174
2 18 1.7108887
2 13 0.64988005
2 33 2.9102893
2 11 1.4080944
2 29 0.99674004
2 20 5.205904
2 37 0.8726537
2 27 1.0165205
2 16 2000.0
2 23 10.501071
2 25 1.3714162
3 36 0.41983664
3 28 7.228409
3 24 2000.0
3 12 0.06996488
3 1 1.3397348
3 9 0.36860794
4 31 0.06386169
4 9 0.06724437
4 17 0.13407376
4 19 0.07084789
5 30 1.4125046
5 8 1.0361933
5 18 0.41138077
5 13 29.746319
5 11 3.216933
5 29 2.1586614
5 34 2.0097475
5 20 2.7372952
5 37 10.445845
5 7 3.4193401
5 27 1.6975012
5 16 1.0766002
5 23 3.893177
5 25 2000.0
6 31 0.11637481
6 17 1.1929547
7 30 0.6272319
7 8 4.569272
7 16 0.93850696
7 23 1.2297425
7 11 173.1448
7 25 3.9763608
7 29 2000.0
7 5 3.4193401
8 0 2000.0
8 30 0.63454354
8 18 1.1446147
8 13 0.42816836
8 11 0.96578735
8 29 0.9123727
8 5 1.0361933
8 34 22.549889
8 2 1.293174
8 37 1.0385551
8 7 4.569272
8 27 2.5596502
8 16 1.5876764
8 23 1.5161421
8 25 2000.0
9 36 0.31974924
9 26 2000.0
9 28 1.4894874
9 10 26.336956
9 22 0.055686112
9 31 0.029903844
9 12 2000.0
9 3 0.36860794
9 4 0.06724437
9 17 0.038124066
9 19 0.06747874
10 26 0.030100036
10 28 0.3786932
10 24 0.08873572
10 31 20.105114
10 12 1383.6364
10 9 26.336956
10 17 0.035376303
11 0 2000.0
11 30 0.6241971
11 8 0.96578735
11 18 11.49152
11 13 1.0405403
11 33 6.0603604
11 29 0.8313497
11 5 3.216933
11 34 3.5219653
11 20 1.2288866
11 2 1.4080944
11 37 2.4220328
11 7 173.1448
11 27 0.6459762
11 16 1.1483017
11 25 0.9922624
12 26 0.6411327
12 32 2.4824047
12 24 0.06827347
12 21 0.115915954
12 3 0.06996488
12 1 22.287937
13 30 25.415867
13 0 1.4281926
13 8 0.42816836
13 18 193.98863
13 33 1.6177169
13 11 1.0405403
13 29 0.7958768
13 5 29.746319
13 34 299.20227
13 20 1.0882936
13 2 0.64988005
13 14 7.12875
13 37 2.093411
13 7 2000.0
13 27 0.74269134
13 16 31.532106
13 25 0.26733002
14 30 3.8688505
14 20 3.5187488
14 13 7.12875
14 27 3.6711934
14 33 0.5581701
14 11 2000.0
14 25 3.0525568
15 32 0.06949195
15 21 1.1165557
16 30 1.5223342
16 0 2000.0
16 8 1.5876764
16 18 1.0686282
16 13 31.532106
16 11 1.1483017
16 5 1.0766002
16 34 247.47849
16 20 15.571496
16 7 0.93850696
16 27 1.9238927
16 23 2.923136
16 25 0.8976302
17 6 1.1929547
17 26 3.0508478
17 10 0.035376303
17 24 0.09604916
17 31 1.3483838
17 9 0.038124066
17 4 0.13407376
17 19 1583.0114
18 0 2000.0
18 30 0.6720291
18 8 1.1446147
18 13 193.98863
18 11 11.49152
18 29 1.2277918
18 5 0.41138077
18 2 1.7108887
18 37 2.4601588
18 7 2000.0
18 27 110.938034
18 16 1.0686282
18 23 1.177214
19 31 0.10391328
19 9 0.06747874
19 17 1583.0114
19 4 0.07084789
20 30 0.8217882
20 13 1.0882936
20 33 1.6391842
20 11 1.2288866
20 29 4.138072
20 5 2.7372952
20 34 1.8184958
20 2 5.205904
20 14 3.5187488
20 37 3.8364131
20 7 3587.1592
20 27 1.2274526
20 16 15.571496
20 25 1.6333152
21 26 2000.0
21 32 2000.0
21 24 0.9547822
21 35 0.031269535
21 12 0.115915954
21 15 1.1165557
22 31 72.00001
22 9 0.055686112
22 19 2000.0
23 0 2000.0
23 30 1.9907595
23 8 1.5161421
23 2 10.501071
23 37 1.6421539
23 18 1.177214
23 7 1.2297425
23 16 2.923136
23 11 2000.0
23 29 0.86721146
23 5 3.893177
24 26 0.04698863
24 32 0.2194995
24 10 0.08873572
24 21 0.9547822
24 12 0.06827347
24 15 2000.0
24 17 0.09604916
25 30 22.249119
25 0 9.408307
25 13 0.26733002
25 33 0.5419424
25 11 0.9922624
25 29 2.79916
25 34 6.1325536
25 20 1.6333152
25 2 1.3714162
25 14 3.0525568
25 37 68.849434
25 7 3.9763608
25 27 0.30711085
25 16 0.8976302
26 32 16.672415
26 28 0.058166407
26 10 0.030100036
26 24 0.04698863
26 31 0.11959808
26 12 0.6411327
26 17 3.0508478
27 30 0.22090308
27 0 2000.0
27 8 2.5596502
27 18 110.938034
27 13 0.74269134
27 33 1.3176839
27 11 0.6459762
27 29 0.44847178
27 5 1.6975012
27 34 1.3021802
27 20 1.2274526
27 2 1.0165205
27 14 3.6711934
27 37 1.89129
27 7 2000.0
27 16 1.9238927
27 25 0.30711085
28 36 0.03324829
28 26 0.058166407
28 10 0.3786932
28 3 7.228409
28 12 1199.5455
28 9 1.4894874
28 19 1369.4319
29 0 9.979086
29 30 2.1160429
29 8 0.9123727
29 18 1.2277918
29 13 0.7958768
29 33 28.108652
29 11 0.8313497
29 5 2.1586614
29 34 4.3459396
29 20 4.138072
29 2 0.99674004
29 37 0.8818005
29 7 2000.0
29 27 0.44847178
29 16 2000.0
29 23 0.86721146
29 25 2.79916
30 8 0.63454354
30 18 0.6720291
30 13 25.415867
30 33 9.922945
30 11 0.6241971
30 29 2.1160429
30 5 1.4125046
30 34 1.2203363
30 20 0.8217882
30 2 19.048874
30 14 3.8688505
30 37 11.909653
30 7 0.6272319
30 27 0.22090308
30 16 1.5223342
30 23 1.9907595
30 25 22.249119
31 26 0.11959808
31 6 0.11637481
31 10 20.105114
31 35 131.48183
31 22 72.00001
31 9 0.029903844
31 4 0.06386169
31 17 1.3483838
31 19 0.10391328
32 26 16.672415
32 24 0.2194995
32 12 2.4824047
32 15 0.06949195
33 30 9.922945
33 8 2000.0
33 13 1.6177169
33 11 6.0603604
33 29 28.108652
33 34 2000.0
33 20 1.6391842
33 2 2.9102893
33 14 0.5581701
33 7 2000.0
33 27 1.3176839
33 16 3017.898
33 25 0.5419424
34 30 1.2203363
34 20 1.8184958
34 8 22.549889
34 37 2000.0
34 13 299.20227
34 7 2000.0
34 27 1.3021802
34 16 247.47849
34 11 3.5219653
34 29 4.3459396
34 25 6.1325536
34 5 2.0097475
35 21 0.031269535
35 31 131.48183
36 28 0.03324829
36 3 0.41983664
36 9 0.31974924
37 30 11.909653
37 0 2.291855
37 8 1.0385551
37 18 2.4601588
37 13 2.093411
37 11 2.4220328
37 29 0.8818005
37 5 10.445845
37 20 3.8364131
37 2 0.8726537
37 7 2966.932
37 27 1.89129
37 16 2000.0
37 23 1.6421539
37 25 68.849434
