0 8 17.26481
0 2 0.6397824
0 37 0.87065244
0 13 0.39223355
0 29 2.8281252
1 3 0.19396552
1 12 37.830853
2 30 13.558997
2 0 0.6397824
2 8 1.4816594
2 18 7.9664726
2 13 0.61286306
2 33 2.0175953
2 11 1.4416524
2 29 1.1358113
2 20 5.3089733
2 37 1.5269701
2 27 0.79716384
2 16 2000.0
2 23 39.475933
2 25 3.5798585
3 36 0.18805361
3 28 0.102542035
3 24 238.09521
3 12 0.06125138
3 1 0.19396552
3 9 0.46014476
4 31 0.066487916
4 9 0.06753281
4 17 0.10246533
4 19 0.08183802
5 30 0.56086886
5 8 0.5410634
5 18 0.5581968
5 13 599.0634
5 11 5.940869
5 29 2.8259044
5 34 5.102563
5 20 3.2570097
5 37 2000.0
5 7 15.238122
5 27 2.7039707
5 16 1.7915115
5 23 3.5829613
6 31 0.7321421
6 17 0.95696473
7 34 26.497406
7 30 1.5991606
7 20 3.2756226
7 8 49.6598
7 37 26.616428
7 27 2000.0
7 16 1.2214737
7 11 17.230381
7 23 0.9918358
7 25 6.439608
7 5 15.238122
8 0 17.26481
8 30 0.99510866
8 18 0.79509383
8 13 2.1349673
8 11 1.0667893
8 29 0.58482957
8 5 0.5410634
8 34 4.3160686
8 2 1.4816594
8 37 1.5168598
8 7 49.6598
8 27 1.6111844
8 16 1.3685191
8 23 1.1149092
9 36 1.4043375
9 26 2000.0
9 28 16.005388
9 10 3.2729077
9 22 0.2934648
9 31 0.05676109
9 3 0.46014476
9 17 0.05525079
9 4 0.06753281
9 19 0.07356377
10 26 0.044614825
10 28 1.7522981
10 24 0.081632905
10 31 0.031354036
10 12 3.4485526
10 9 3.2729077
10 17 0.031038664
11 0 1348.8636
11 30 0.2962286
11 8 1.0667893
11 18 6.233533
11 13 0.39007437
11 33 2.5253744
11 29 0.57824826
11 5 5.940869
11 34 8.994825
11 20 1.1405996
11 2 1.4416524
11 37 2.5433826
11 7 17.230381
11 27 0.39314142
11 16 1.2615544
11 25 1.5014648
12 26 0.70095235
12 28 4.952803
12 32 0.29306787
12 10 3.4485526
12 24 0.07714136
12 21 0.08552596
12 3 0.06125138
12 1 37.830853
13 30 0.71838546
13 0 0.39223355
13 8 2.1349673
13 18 600.0
13 33 0.7897934
13 11 0.39007437
13 29 0.903953
13 5 599.0634
13 34 17.462566
13 20 0.5852813
13 2 0.61286306
13 14 3.0837884
13 37 2.0230937
13 27 0.22127622
13 16 95.828255
13 25 0.6504656
14 20 1.6161276
14 13 3.0837884
14 33 0.4608186
14 27 3.336333
14 11 2000.0
14 25 2.6432354
15 32 0.07791864
15 21 39.12762
16 0 2000.0
16 30 2.2809305
16 8 1.3685191
16 18 0.5997283
16 13 95.828255
16 11 1.2615544
16 29 107.19659
16 5 1.7915115
16 20 12.301293
16 37 168.83812
16 7 1.2214737
16 27 2.2413826
16 23 9.419228
16 25 1.3098512
17 26 4.074703
17 6 0.95696473
17 10 0.031038664
17 24 0.18700024
17 31 2.2254536
17 9 0.05525079
17 4 0.10246533
17 19 2.4860926
18 30 0.68705213
18 2 7.9664726
18 8 0.79509383
18 37 1.1309344
18 7 2000.0
18 13 600.0
18 27 5.7469816
18 16 0.5997283
18 23 1.677433
18 11 6.233533
18 29 0.9618014
18 5 0.5581968
19 31 0.0794586
19 9 0.07356377
19 17 2.4860926
19 4 0.08183802
20 0 2000.0
20 30 10.107864
20 13 0.5852813
20 33 2.383163
20 11 1.1405996
20 29 1.7517444
20 5 3.2570097
20 34 1.3602548
20 2 5.3089733
20 14 1.6161276
20 37 7.690641
20 7 3.2756226
20 27 0.5727546
20 16 12.301293
20 25 1.0654365
21 32 2000.0
21 10 2000.0
21 24 0.06752435
21 35 0.046291035
21 12 0.08552596
21 15 39.12762
22 6 1282.6705
22 31 1121.8182
22 9 0.2934648
22 19 1594.4319
23 30 1.1599385
23 0 2000.0
23 2 39.475933
23 8 1.1149092
23 37 4.7559543
23 18 1.677433
23 7 0.9918358
23 16 9.419228
23 11 2000.0
23 29 6.1132007
23 5 3.5829613
24 26 0.10562592
24 32 0.12112182
24 28 2000.0
24 10 0.081632905
24 21 0.06752435
24 31 18.518518
24 3 238.09521
24 12 0.07714136
24 15 2000.0
24 17 0.18700024
25 0 2000.0
25 30 2.3469574
25 13 0.6504656
25 33 1.5148139
25 11 1.5014648
25 29 1.9772364
25 34 4.8280587
25 20 1.0654365
25 2 3.5798585
25 14 2.6432354
25 37 66.66667
25 7 6.439608
25 27 0.79714745
25 16 1.3098512
26 32 20.025133
26 28 0.04035377
26 10 0.044614825
26 24 0.10562592
26 31 0.126925
26 12 0.70095235
26 17 4.074703
27 0 2000.0
27 30 0.15368952
27 8 1.6111844
27 18 5.7469816
27 13 0.22127622
27 33 1.1767161
27 11 0.39314142
27 29 0.529798
27 5 2.7039707
27 34 0.96565634
27 20 0.5727546
27 2 0.79716384
27 14 3.336333
27 37 2.53709
27 7 2000.0
27 16 2.2413826
27 23 2000.0
27 25 0.79714745
28 36 0.040553942
28 26 0.04035377
28 10 1.7522981
28 3 0.102542035
28 12 4.952803
28 9 16.005388
29 0 2.8281252
29 30 3.2124126
29 8 0.58482957
29 18 0.9618014
29 13 0.903953
29 11 0.57824826
29 5 2.8259044
29 34 5.582554
29 20 1.7517444
29 2 1.1358113
29 37 1.3941917
29 7 2000.0
29 27 0.529798
29 16 107.19659
29 23 6.1132007
29 25 1.9772364
30 0 2000.0
30 8 0.99510866
30 18 0.68705213
30 13 0.71838546
30 33 1.5891933
30 11 0.2962286
30 29 3.2124126
30 5 0.56086886
30 34 2.3609238
30 20 10.107864
30 2 13.558997
30 14 2000.0
30 37 16.381998
30 7 1.5991606
30 27 0.15368952
30 16 2.2809305
30 23 1.1599385
30 25 2.3469574
31 26 0.126925
31 6 0.7321421
31 10 0.031354036
31 24 18.518518
31 22 1121.8182
31 9 0.05676109
31 17 2.2254536
31 4 0.066487916
31 19 0.0794586
32 26 20.025133
32 24 0.12112182
32 21 2000.0
32 12 0.29306787
32 15 0.07791864
33 34 2000.0
33 30 1.5891933
33 20 2.383163
33 2 2.0175953
33 14 0.4608186
33 7 2000.0
33 13 0.7897934
33 27 1.1767161
33 16 2000.0
33 11 2.5253744
33 29 2382.1023
33 25 1.5148139
34 30 2.3609238
34 20 1.3602548
34 8 4.3160686
34 7 26.497406
34 13 17.462566
34 27 0.96565634
34 16 2536.0227
34 11 8.994825
34 25 4.8280587
34 29 5.582554
34 5 5.102563
35 21 0.046291035
36 26 2000.0
36 28 0.040553942
36 3 0.18805361
36 9 1.4043375
37 30 16.381998
37 0 0.87065244
37 8 1.5168598
37 18 1.1309344
37 13 2.0230937
37 11 2.5433826
37 29 1.3941917
37 20 7.690641
37 2 1.5269701
37 7 26.616428
37 27 2.53709
37 16 168.83812
37 23 4.7559543
37 25 66.66667
