0 8 5.6599336
0 2 0.70744747
0 37 1.5235598
0 13 1.1393181
0 11 20.571426
0 29 8.753378
1 3 0.22201706
1 12 1203.5796
2 30 7.5970154
2 0 0.70744747
2 8 1.0343113
2 18 18.603085
2 13 0.35038188
2 33 1.4179604
2 11 0.81081223
2 29 1.0552255
2 20 1.235346
2 37 0.78597754
2 27 0.38942668
2 16 2000.0
2 23 14.896104
2 25 1.3646058
3 36 0.2259029
3 28 0.086914755
3 24 2000.0
3 12 0.060069226
3 1 0.22201706
3 9 0.4800982
4 31 0.08318878
4 9 0.07109848
4 17 0.09989606
4 19 0.09307765
5 30 0.5496982
5 8 0.81272686
5 18 0.3993094
5 13 216.79451
5 11 1.9937094
5 29 4.7714987
5 34 0.9313591
5 20 3.7717636
5 37 2000.0
5 7 7.9753137
5 27 2.257867
5 16 1.4916672
5 23 5.50247
6 22 160.0
6 31 0.4836577
6 17 0.8133986
7 34 6.3163433
7 30 0.99123096
7 20 1.2718648
7 8 70.648
7 37 26.301277
7 16 1.1154494
7 11 5.093132
7 23 1.0529495
7 25 3.9734125
7 5 7.9753137
8 0 5.6599336
8 30 1.4807386
8 18 0.97390294
8 13 1.9089081
8 11 1.015877
8 29 0.87069637
8 5 0.81272686
8 34 3.1082745
8 2 1.0343113
8 37 1.0848665
8 7 70.648
8 27 1.3986706
8 16 1.5019653
8 23 0.97115016
9 36 1.9462082
9 26 2000.0
9 28 0.86862236
9 10 16.259296
9 22 0.13013989
9 31 0.031408347
9 3 0.4800982
9 12 2000.0
9 17 0.11583662
9 4 0.07109848
9 19 0.07337233
10 26 0.029759686
10 28 0.5111727
10 24 0.060402382
10 31 0.03605168
10 12 9.822334
10 9 16.259296
10 17 0.029600443
11 0 20.571426
11 30 0.5142045
11 8 1.015877
11 18 6.7728558
11 13 0.77280116
11 33 1.6853573
11 29 0.8037669
11 5 1.9937094
11 34 1.6843848
11 20 0.88180393
11 2 0.81081223
11 37 1.1038401
11 7 5.093132
11 27 0.53125155
11 16 0.900548
11 25 0.8899461
12 26 3.6851108
12 28 4.777012
12 32 0.36329103
12 10 9.822334
12 24 0.06580791
12 21 0.112043895
12 3 0.060069226
13 0 1.1393181
13 30 1.1056998
13 8 1.9089081
13 18 616.4553
13 33 0.8543273
13 11 0.77280116
13 29 1.0806363
13 5 216.79451
13 34 8.833334
13 20 0.5417456
13 2 0.35038188
13 14 3.572208
13 37 1.8625299
13 27 0.32954547
13 16 96.644394
13 25 0.5719669
14 20 1.131481
14 13 3.572208
14 27 3.1537178
14 33 0.45599356
14 11 2000.0
14 25 2.2775142
15 32 0.07503244
15 24 266.6667
15 21 0.7369264
16 30 1.0496346
16 0 2000.0
16 8 1.5019653
16 18 1.0443282
16 13 96.644394
16 11 0.900548
16 29 17.886364
16 5 1.4916672
16 20 3.7446299
16 37 34.2637
16 7 1.1154494
16 27 1.4142572
16 23 3.6918895
16 25 1.2734432
17 26 2.1089373
17 6 0.8133986
17 10 0.029600443
17 24 0.28784305
17 31 1.2659262
17 9 0.11583662
17 4 0.09989606
17 19 17.293318
18 30 0.6781048
18 2 18.603085
18 8 0.97390294
18 37 1.1020409
18 13 616.4553
18 7 2000.0
18 27 5.2219863
18 16 1.0443282
18 23 1.4986213
18 11 6.7728558
18 29 1.4456017
18 5 0.3993094
19 31 0.08527463
19 9 0.07337233
19 17 17.293318
19 4 0.09307765
20 30 14.528026
20 13 0.5417456
20 33 1.5770622
20 11 0.88180393
20 29 3.0172155
20 5 3.7717636
20 34 0.8286581
20 2 1.235346
20 14 1.131481
20 37 2.5984354
20 7 1.2718648
20 27 0.31565654
20 16 3.7446299
20 25 0.352922
21 32 2000.0
21 10 2000.0
21 24 0.639678
21 35 0.037282024
21 12 0.112043895
21 15 0.7369264
22 6 160.0
22 31 1181.1932
22 9 0.13013989
22 19 1288.409
23 0 2000.0
23 30 1.3308161
23 2 14.896104
23 8 0.97115016
23 37 2.4696472
23 18 1.4986213
23 7 1.0529495
23 16 3.6918895
23 11 2000.0
23 29 3.3303146
23 5 5.50247
24 26 0.049690746
24 32 0.08211686
24 10 0.060402382
24 21 0.639678
24 31 3.5909147
24 12 0.06580791
24 3 2000.0
24 15 266.6667
24 17 0.28784305
25 30 1.3030276
25 13 0.5719669
25 33 0.29689908
25 11 0.8899461
25 29 2.5568933
25 34 0.86557037
25 20 0.352922
25 2 1.3646058
25 14 2.2775142
25 37 125.7125
25 7 3.9734125
25 27 0.8073559
25 16 1.2734432
26 36 70.82468
26 32 129.13844
26 28 0.050317008
26 10 0.029759686
26 24 0.049690746
26 31 0.06466187
26 12 3.6851108
26 17 2.1089373
27 0 2000.0
27 30 0.23092914
27 8 1.3986706
27 18 5.2219863
27 13 0.32954547
27 33 0.970898
27 11 0.53125155
27 29 0.7210415
27 5 2.257867
27 34 0.9264114
27 20 0.31565654
27 2 0.38942668
27 14 3.1537178
27 37 1.2739869
27 7 4293.636
27 16 1.4142572
27 25 0.8073559
28 36 0.040969446
28 26 0.050317008
28 10 0.5111727
28 3 0.086914755
28 12 4.777012
28 9 0.86862236
29 0 8.753378
29 30 3.7378874
29 8 0.87069637
29 18 1.4456017
29 13 1.0806363
29 11 0.8037669
29 5 4.7714987
29 34 2.9143066
29 20 3.0172155
29 2 1.0552255
29 37 1.5502769
29 7 2000.0
29 27 0.7210415
29 16 17.886364
29 23 3.3303146
29 25 2.5568933
30 0 2000.0
30 8 1.4807386
30 18 0.6781048
30 13 1.1056998
30 33 1.4190451
30 11 0.5142045
30 29 3.7378874
30 5 0.5496982
30 34 0.7760446
30 20 14.528026
30 2 7.5970154
30 37 4.1477056
30 7 0.99123096
30 27 0.23092914
30 16 1.0496346
30 23 1.3308161
30 25 1.3030276
31 26 0.06466187
31 6 0.4836577
31 10 0.03605168
31 24 3.5909147
31 9 0.031408347
31 17 1.2659262
31 4 0.08318878
31 19 0.08527463
32 26 129.13844
32 24 0.08211686
32 12 0.36329103
32 15 0.07503244
33 34 2000.0
33 30 1.4190451
33 20 1.5770622
33 2 1.4179604
33 14 0.45599356
33 7 2000.0
33 13 0.8543273
33 27 0.970898
33 16 1627.8408
33 11 1.6853573
33 29 1898.4092
33 25 0.29689908
34 30 0.7760446
34 20 0.8286581
34 8 3.1082745
34 13 8.833334
34 7 6.3163433
34 27 0.9264114
34 16 1215.0568
34 11 1.6843848
34 25 0.86557037
34 29 2.9143066
34 5 0.9313591
35 21 0.037282024
36 26 70.82468
36 28 0.040969446
36 3 0.2259029
36 9 1.9462082
37 0 1.5235598
37 30 4.1477056
37 8 1.0848665
37 18 1.1020409
37 13 1.8625299
37 11 1.1038401
37 29 1.5502769
37 20 2.5984354
37 2 0.78597754
37 7 26.301277
37 27 1.2739869
37 16 34.2637
37 23 2.4696472
37 25 125.7125
