0 8 7.070781
0 2 0.7577316
0 37 1.717246
0 13 0.5797094
0 11 1370.625
0 29 4.1932945
1 3 0.35762465
1 12 72.81126
2 30 11.728738
2 0 0.7577316
2 8 1.3030745
2 18 6.7215376
2 13 0.41809124
2 33 2.4740052
2 11 1.3470528
2 29 2.090078
2 20 1.6705694
2 37 1.0384309
2 27 1.0497499
2 23 110.720024
2 25 1.8088747
3 36 0.31076068
3 28 0.10172288
3 24 2000.0
3 12 0.06876201
3 1 0.35762465
3 9 0.3080882
4 31 0.0782695
4 9 0.066266194
4 17 0.085555084
4 19 0.107458286
5 30 0.8726275
5 8 1.229312
5 18 0.31889737
5 13 512.8239
5 11 1.630941
5 29 5.641554
5 34 3.8404398
5 20 2.3810863
5 37 1066.6667
5 7 27.533472
5 27 2.3592932
5 16 1.4867333
5 23 5.526636
6 31 0.89736074
6 17 2.1290233
7 34 11.354126
7 30 0.78998256
7 20 2.0984266
7 8 34.84906
7 37 9.917703
7 27 95.73141
7 16 1.4239634
7 11 10.300617
7 23 2.161149
7 25 10.371191
7 5 27.533472
8 0 7.070781
8 30 0.59470266
8 18 1.059091
8 13 4.9877377
8 11 0.65776813
8 29 0.88584363
8 5 1.229312
8 34 8.544205
8 2 1.3030745
8 37 1.1123827
8 7 34.84906
8 27 0.8417312
8 16 1.3358909
8 23 1.1834209
9 36 1.895733
9 26 2000.0
9 28 24.132818
9 10 3.495795
9 22 0.24879259
9 31 0.028944196
9 3 0.3080882
9 17 0.05632537
9 4 0.066266194
9 19 0.06846592
10 26 0.044979807
10 28 0.37024984
10 24 0.06590909
10 31 0.029537672
10 12 7.796075
10 9 3.495795
10 17 0.034073174
11 0 1370.625
11 30 0.5173072
11 8 0.65776813
11 18 4.486364
11 13 0.76801205
11 33 1.9448911
11 29 0.50703007
11 5 1.630941
11 34 7.188742
11 20 0.8229132
11 2 1.3470528
11 37 1.4158885
11 7 10.300617
11 27 0.3599411
11 16 0.8099899
11 25 1.3649848
12 26 0.6215239
12 28 5.833916
12 32 0.2943639
12 10 7.796075
12 24 0.09237436
12 21 0.0856271
12 3 0.06876201
12 1 72.81126
13 30 0.9692426
13 0 0.5797094
13 8 4.9877377
13 18 900.00006
13 33 1.0800985
13 11 0.76801205
13 29 0.9194625
13 5 512.8239
13 34 8.471329
13 20 0.740846
13 2 0.41809124
13 14 2.200158
13 37 2.9369586
13 27 0.3325539
13 16 67.42991
13 25 0.869042
14 20 0.92839134
14 13 2.200158
14 33 0.52166635
14 27 2.141797
14 11 2000.0
14 25 2.0167105
15 32 0.07501275
15 21 1.2630764
16 0 2000.0
16 30 1.0501207
16 8 1.3358909
16 18 1.0910454
16 13 67.42991
16 11 0.8099899
16 29 151.61467
16 5 1.4867333
16 20 9.586266
16 37 254.48203
16 7 1.4239634
16 27 1.6529857
16 23 6.1990137
16 25 1.9120197
17 26 2.0014102
17 6 2.1290233
17 10 0.034073174
17 24 0.2389873
17 31 1.133745
17 9 0.05632537
17 4 0.085555084
17 19 3.320615
18 30 0.69834924
18 2 6.7215376
18 8 1.059091
18 37 1.1769438
18 7 2000.0
18 13 900.00006
18 27 3.893157
18 16 1.0910454
18 23 1.5721416
18 11 4.486364
18 29 1.0716236
18 5 0.31889737
19 31 0.06630163
19 9 0.06846592
19 17 3.320615
19 4 0.107458286
20 30 4.5511436
20 13 0.740846
20 33 1.0196238
20 11 0.8229132
20 29 2.5384614
20 5 2.3810863
20 34 0.94928247
20 2 1.6705694
20 14 0.92839134
20 37 5.195856
20 7 2.0984266
20 27 0.38021696
20 16 9.586266
20 25 0.49718118
21 24 0.100946605
21 35 0.037735194
21 12 0.0856271
21 15 1.2630764
22 6 1684.2046
22 31 1121.8182
22 9 0.24879259
22 19 1203.9772
23 0 2000.0
23 30 1.2401487
23 2 110.720024
23 8 1.1834209
23 37 3.4323602
23 18 1.5721416
23 7 2.161149
23 16 6.1990137
23 11 2000.0
23 29 3.6377223
23 5 5.526636
24 26 0.09281856
24 32 0.10822511
24 10 0.06590909
24 21 0.100946605
24 31 8.8096
24 12 0.09237436
24 3 2000.0
24 15 2000.0
24 17 0.2389873
25 0 2000.0
25 30 2.6843884
25 13 0.869042
25 33 0.46453407
25 11 1.3649848
25 29 3.7721775
25 34 4.6847453
25 20 0.49718118
25 2 1.8088747
25 14 2.0167105
25 37 66.017044
25 7 10.371191
25 27 0.64114916
25 16 1.9120197
26 32 1193.3522
26 28 0.047242925
26 10 0.044979807
26 24 0.09281856
26 31 0.101217106
26 12 0.6215239
26 17 2.0014102
27 0 2000.0
27 30 0.16701785
27 8 0.8417312
27 18 3.893157
27 13 0.3325539
27 33 0.81351364
27 11 0.3599411
27 29 0.8968751
27 5 2.3592932
27 34 2.0632756
27 20 0.38021696
27 2 1.0497499
27 14 2.141797
27 37 1.9994422
27 7 95.73141
27 16 1.6529857
27 25 0.64114916
28 36 0.043663327
28 26 0.047242925
28 10 0.37024984
28 3 0.10172288
28 12 5.833916
28 9 24.132818
29 0 4.1932945
29 30 3.627243
29 8 0.88584363
29 18 1.0716236
29 13 0.9194625
29 11 0.50703007
29 5 5.641554
29 34 15.570848
29 20 2.5384614
29 2 2.090078
29 37 1.0025575
29 7 2000.0
29 27 0.8968751
29 16 151.61467
29 23 3.6377223
29 25 3.7721775
30 0 2000.0
30 8 0.59470266
30 18 0.69834924
30 13 0.9692426
30 33 2.4386628
30 11 0.5173072
30 29 3.627243
30 5 0.8726275
30 34 3.3291
30 20 4.5511436
30 2 11.728738
30 14 2000.0
30 37 7.7542124
30 7 0.78998256
30 27 0.16701785
30 16 1.0501207
30 23 1.2401487
30 25 2.6843884
31 26 0.101217106
31 6 0.89736074
31 10 0.029537672
31 24 8.8096
31 9 0.028944196
31 17 1.133745
31 4 0.0782695
31 19 0.06630163
32 26 1193.3522
32 24 0.10822511
32 12 0.2943639
32 15 0.07501275
33 30 2.4386628
33 13 1.0800985
33 11 1.9448911
33 29 2382.1023
33 5 2000.0
33 34 2000.0
33 20 1.0196238
33 2 2.4740052
33 14 0.52166635
33 7 2000.0
33 27 0.81351364
33 16 2000.0
33 25 0.46453407
34 30 3.3291
34 20 0.94928247
34 8 8.544205
34 7 11.354126
34 13 8.471329
34 27 2.0632756
34 16 2536.0227
34 11 7.188742
34 25 4.6847453
34 29 15.570848
34 5 3.8404398
35 21 0.037735194
36 26 2000.0
36 28 0.043663327
36 3 0.31076068
36 9 1.895733
37 30 7.7542124
37 0 1.717246
37 8 1.1123827
37 18 1.1769438
37 13 2.9369586
37 11 1.4158885
37 29 1.0025575
37 5 1066.6667
37 20 5.195856
37 2 1.0384309
37 7 9.917703
37 27 1.9994422
37 16 254.48203
37 23 3.4323602
37 25 66.017044
