0 2 1.0082511
0 37 3.1097844
0 13 0.92452455
0 29 17.189564
0 25 54.535072
1 3 1.2247537
1 12 1096.1364
2 30 21.165218
2 0 1.0082511
2 8 1.6765207
2 18 2.3908038
2 13 0.64159805
2 33 2.1985476
2 11 1.4909108
2 29 1.1332477
2 20 4.2282615
2 37 0.81918865
2 27 0.8446022
2 16 2000.0
2 23 5.063528
2 25 0.57047
3 36 0.7769428
3 28 9.850455
3 24 400.0
3 12 0.05042426
3 1 1.2247537
3 9 0.561156
4 31 0.0694923
4 9 0.08512898
4 17 0.17573488
4 19 0.065407746
5 30 0.48963416
5 8 0.5875564
5 18 1.1559234
5 13 27.49391
5 11 1.3225377
5 29 1.8787366
5 34 3.070106
5 20 2.185504
5 37 8.895123
5 7 5.4887824
5 27 1.6907064
5 16 1.1198252
5 23 3.577982
5 25 2000.0
6 31 0.18114513
6 17 4.259058
7 34 450.00003
7 30 1.2921338
7 20 100.90076
7 8 10.776438
7 37 186.81606
7 16 2.4171565
7 23 2.603332
7 25 0.71313626
7 5 5.4887824
8 0 2000.0
8 30 0.48439252
8 18 1.3730489
8 13 1.0735424
8 11 0.9904569
8 29 0.4411777
8 5 0.5875564
8 34 62.749195
8 2 1.6765207
8 37 1.0105047
8 7 10.776438
8 27 1.5656186
8 16 1.5018437
8 23 0.88109714
8 25 2000.0
9 36 0.6265828
9 28 1.3089185
9 10 16.34686
9 22 0.059460532
9 31 0.029016037
9 12 2000.0
9 3 0.561156
9 4 0.08512898
9 17 0.03028858
9 19 0.07327713
10 26 0.03030924
10 28 0.2690047
10 24 0.09729497
10 31 18.382002
10 12 1496.4773
10 9 16.34686
10 17 0.033121247
11 0 2000.0
11 30 0.745006
11 8 0.9904569
11 18 5.2842655
11 13 0.9794164
11 33 2.4547348
11 29 0.7355393
11 5 1.3225377
11 34 2.0854354
11 20 1.2516233
11 2 1.4909108
11 37 1.4310707
11 7 2106.9888
11 27 0.63851506
11 16 1.3136294
11 25 0.9717349
12 26 1.5177317
12 32 3.965895
12 24 0.07067304
12 21 0.1319466
12 3 0.05042426
13 30 117.21251
13 0 0.92452455
13 8 1.0735424
13 33 1.4935331
13 11 0.9794164
13 29 0.7415147
13 5 27.49391
13 34 214.74078
13 20 1.0249635
13 2 0.64159805
13 14 6.618542
13 37 1.2943183
13 7 2000.0
13 27 0.41170946
13 16 20.133898
13 25 0.25492695
14 30 14.370794
14 20 1.3891593
14 13 6.618542
14 27 3.3266184
14 33 0.4485021
14 11 2000.0
14 25 3.3086796
15 32 0.07278226
15 21 4.809414
16 0 2000.0
16 30 1.0750308
16 8 1.5018437
16 18 1.2806355
16 13 20.133898
16 11 1.3136294
16 5 1.1198252
16 34 48.26871
16 20 15.909091
16 7 2.4171565
16 27 1.5529006
16 23 2.500655
16 25 1.3954856
17 6 4.259058
17 26 1.4837595
17 10 0.033121247
17 24 0.14654356
17 31 0.9876987
17 9 0.03028858
17 4 0.17573488
17 19 100.55341
18 0 2000.0
18 30 0.7462841
18 8 1.3730489
18 13 2000.0
18 11 5.2842655
18 29 0.96011245
18 5 1.1559234
18 2 2.3908038
18 37 2.8769577
18 7 2000.0
18 27 26.111792
18 16 1.2806355
18 23 1.798886
19 28 82.1841
19 31 0.08415077
19 9 0.07327713
19 4 0.065407746
19 17 100.55341
20 30 2.2206748
20 13 1.0249635
20 33 1.2047484
20 11 1.2516233
20 29 11.510792
20 5 2.185504
20 34 0.93952817
20 2 4.2282615
20 14 1.3891593
20 37 3.244779
20 7 100.90076
20 27 2.3063383
20 16 15.909091
20 25 0.95515645
21 32 2000.0
21 24 0.7230496
21 35 0.031396627
21 31 2000.0
21 12 0.1319466
21 15 4.809414
24 26 0.04314394
24 32 0.22832198
24 10 0.09729497
24 21 0.7230496
24 31 2000.0
24 12 0.07067304
24 3 400.0
24 15 2000.0
24 17 0.14654356
25 0 54.535072
25 30 22.674149
25 13 0.25492695
25 33 0.76014245
25 11 0.9717349
25 29 1.8913937
25 34 2.8552055
25 20 0.95515645
25 2 0.57047
25 14 3.3086796
25 37 42.62937
25 7 0.71313626
25 27 0.25898677
25 16 1.3954856
26 32 49.9655
26 28 0.07461782
26 10 0.03030924
26 24 0.04314394
26 31 0.1515422
26 12 1.5177317
26 17 1.4837595
27 30 0.24369058
27 0 2000.0
27 8 1.5656186
27 18 26.111792
27 13 0.41170946
27 33 0.8957589
27 11 0.63851506
27 29 0.8138029
27 5 1.6907064
27 34 1.1657289
27 20 2.3063383
27 2 0.8446022
27 14 3.3266184
27 37 1.7245814
27 7 2000.0
27 16 1.5529006
27 25 0.25898677
28 36 0.032249395
28 26 0.07461782
28 10 0.2690047
28 3 9.850455
28 12 1203.8636
28 9 1.3089185
28 19 82.1841
29 0 17.189564
29 30 1.3524997
29 8 0.4411777
29 18 0.96011245
29 13 0.7415147
29 33 34.6548
29 11 0.7355393
29 5 1.8787366
29 34 3.7656968
29 20 11.510792
29 2 1.1332477
29 37 0.9592872
29 7 2000.0
29 27 0.8138029
29 16 2000.0
29 23 1.1295884
29 25 1.8913937
30 8 0.48439252
30 18 0.7462841
30 13 117.21251
30 33 17.789875
30 11 0.745006
30 29 1.3524997
30 5 0.48963416
30 34 0.9392547
30 20 2.2206748
30 2 21.165218
30 14 14.370794
30 37 13.060079
30 7 1.2921338
30 27 0.24369058
30 16 1.0750308
30 23 1.5849572
30 25 22.674149
31 26 0.1515422
31 6 0.18114513
31 10 18.382002
31 35 132.41592
31 22 200.0
31 9 0.029016037
31 4 0.0694923
31 17 0.9876987
31 19 0.08415077
32 26 49.9655
32 24 0.22832198
32 12 3.965895
32 15 0.07278226
33 30 17.789875
33 13 1.4935331
33 11 2.4547348
33 29 34.6548
33 5 2000.0
33 34 2000.0
33 20 1.2047484
33 2 2.1985476
33 14 0.4485021
33 7 2000.0
33 27 0.8957589
33 16 3017.898
33 25 0.76014245
34 30 0.9392547
34 20 0.93952817
34 8 62.749195
34 37 2000.0
34 7 450.00003
34 27 1.1657289
34 16 48.26871
34 11 2.0854354
34 29 3.7656968
34 25 2.8552055
34 5 3.070106
35 21 0.031396627
35 31 132.41592
36 28 0.032249395
36 3 0.7769428
36 9 0.6265828
37 30 13.060079
37 0 3.1097844
37 8 1.0105047
37 18 2.8769577
37 13 1.2943183
37 11 1.4310707
37 29 0.9592872
37 5 8.895123
37 20 3.244779
37 2 0.81918865
37 7 186.81606
37 27 1.7245814
37 16 2000.0
37 23 1.5176233
37 25 42.62937
