0 2 1.8883126
0 37 1.9496939
0 13 1.1109213
0 29 34.76851
0 25 51.004295
1 3 0.9986855
1 12 71.53167
2 30 16.336424
2 0 1.8883126
2 8 1.4495769
2 18 1.8658296
2 13 0.48019114
2 33 1.8575932
2 11 1.6605755
2 29 1.0054979
2 20 3.241159
2 37 0.8359825
2 27 1.1499554
2 16 2000.0
2 23 12.620737
2 25 0.39711374
3 36 0.51980656
3 28 13.647046
3 24 1588.0114
3 12 0.07445617
3 1 0.9986855
3 9 0.41513795
4 31 0.066815704
4 9 0.081818186
4 17 0.17029399
4 19 0.07465536
5 30 0.6808897
5 8 0.96491724
5 18 0.89760107
5 13 60.044006
5 11 6.560822
5 29 2.6907969
5 34 2.5295
5 20 2.27831
5 37 10.189511
5 7 7.383208
5 27 1.4952852
5 16 1.8061299
5 23 6.933384
5 25 2000.0
6 31 0.14907135
6 17 9.696352
7 34 173.7419
7 30 0.77002066
7 20 44.467674
7 8 11.170069
7 16 1.1234007
7 23 1.6393187
7 11 279.86578
7 25 5.4080443
7 5 7.383208
8 0 2000.0
8 30 0.51403886
8 18 1.2823921
8 13 0.92757857
8 11 0.81073326
8 29 0.5396552
8 5 0.96491724
8 34 32.88129
8 2 1.4495769
8 37 1.6642141
8 7 11.170069
8 27 2.7447667
8 16 1.6708474
8 23 0.97896695
8 25 2000.0
9 36 0.34649998
9 28 0.7046722
9 10 28.458496
9 22 0.047953002
9 31 0.029322507
9 3 0.41513795
9 12 2000.0
9 4 0.081818186
9 17 0.03674316
9 19 0.080553524
10 26 0.030936627
10 28 0.2333211
10 24 0.11938471
10 31 10.174952
10 12 1243.75
10 9 28.458496
10 17 0.032554023
11 0 2000.0
11 30 1.2920322
11 8 0.81073326
11 18 6.3056087
11 13 0.89884007
11 33 1.9026163
11 29 0.70957315
11 5 6.560822
11 34 2.1466649
11 20 2.0401778
11 2 1.6605755
11 37 1.7621367
11 7 279.86578
11 27 0.8368466
11 16 1.0697935
11 25 0.82807684
12 26 0.7642526
12 32 4.216042
12 24 0.077588774
12 21 0.0884149
12 3 0.07445617
12 1 71.53167
12 15 2000.0
13 30 54.651894
13 0 1.1109213
13 8 0.92757857
13 18 154.46852
13 33 1.0484208
13 11 0.89884007
13 29 1.0976844
13 5 60.044006
13 34 200.0
13 20 0.86306036
13 2 0.48019114
13 14 4.5230207
13 37 1.1134325
13 7 2000.0
13 27 0.46808988
13 16 36.399734
13 25 0.2616095
14 30 15.110853
14 20 3.4283946
14 13 4.5230207
14 27 2.991025
14 33 0.38192445
14 25 2.087628
15 32 0.07764708
15 21 4.3002696
16 0 2000.0
16 30 1.0665174
16 8 1.6708474
16 18 1.3458881
16 13 36.399734
16 11 1.0697935
16 5 1.8061299
16 34 50.463425
16 20 25.525103
16 7 1.1234007
16 27 1.3953569
16 23 3.047998
16 25 1.0032771
17 6 9.696352
17 26 1.4903561
17 10 0.032554023
17 24 0.1428276
17 31 0.9665496
17 9 0.03674316
17 4 0.17029399
17 19 161.03789
18 0 2000.0
18 30 0.66934484
18 8 1.2823921
18 13 154.46852
18 11 6.3056087
18 29 1.3049161
18 5 0.89760107
18 2 1.8658296
18 37 2.2820492
18 7 2000.0
18 27 21.364092
18 16 1.3458881
18 23 1.5396584
19 31 0.08269434
19 9 0.080553524
19 17 161.03789
19 4 0.07465536
20 0 2000.0
20 30 1.5374515
20 13 0.86306036
20 33 1.551708
20 11 2.0401778
20 29 8.661256
20 5 2.27831
20 34 0.93556255
20 2 3.241159
20 14 3.4283946
20 37 3.5414264
20 7 44.467674
20 27 0.74191993
20 16 25.525103
20 25 0.504496
21 26 2000.0
21 32 2000.0
21 24 1.2343969
21 35 0.03649765
21 31 2000.0
21 12 0.0884149
21 15 4.3002696
22 31 68.81169
22 9 0.047953002
22 19 2000.0
23 0 2000.0
23 30 1.5787287
23 8 0.97896695
23 2 12.620737
23 37 2.7898304
23 18 1.5396584
23 7 1.6393187
23 16 3.047998
23 11 2000.0
23 29 1.2849268
23 5 6.933384
24 26 0.0442604
24 32 0.4326425
24 10 0.11938471
24 21 1.2343969
24 12 0.077588774
24 15 2000.0
24 17 0.1428276
25 30 11.583454
25 0 51.004295
25 13 0.2616095
25 33 0.6053121
25 11 0.82807684
25 29 1.3259633
25 34 1.789842
25 20 0.504496
25 2 0.39711374
25 14 2.087628
25 37 39.42332
25 7 5.4080443
25 27 0.2263879
25 16 1.0032771
26 32 78.07793
26 28 0.070878275
26 10 0.030936627
26 24 0.0442604
26 31 0.103169866
26 12 0.7642526
26 17 1.4903561
27 30 0.22421901
27 0 2000.0
27 8 2.7447667
27 18 21.364092
27 13 0.46808988
27 33 0.77007943
27 11 0.8368466
27 29 0.84720314
27 5 1.4952852
27 34 0.9634294
27 20 0.74191993
27 2 1.1499554
27 14 2.991025
27 37 0.8958738
27 7 2000.0
27 16 1.3953569
27 25 0.2263879
28 36 0.029748235
28 26 0.070878275
28 10 0.2333211
28 3 13.647046
28 12 1199.091
28 9 0.7046722
28 19 1483.6364
29 0 34.76851
29 30 1.9888685
29 8 0.5396552
29 18 1.3049161
29 13 1.0976844
29 33 12.053841
29 11 0.70957315
29 5 2.6907969
29 34 3.6965044
29 20 8.661256
29 2 1.0054979
29 37 0.8498674
29 7 2000.0
29 27 0.84720314
29 16 2000.0
29 23 1.2849268
29 25 1.3259633
30 8 0.51403886
30 18 0.66934484
30 13 54.651894
30 33 17.881111
30 11 1.2920322
30 29 1.9888685
30 5 0.6808897
30 34 0.7303352
30 20 1.5374515
30 2 16.336424
30 14 15.110853
30 37 23.137981
30 7 0.77002066
30 27 0.22421901
30 16 1.0665174
30 23 1.5787287
30 25 11.583454
31 26 0.103169866
31 6 0.14907135
31 10 10.174952
31 35 67.5077
31 22 68.81169
31 9 0.029322507
31 4 0.066815704
31 17 0.9665496
31 19 0.08269434
32 26 78.07793
32 24 0.4326425
32 12 4.216042
32 15 0.07764708
33 30 17.881111
33 8 2000.0
33 13 1.0484208
33 11 1.9026163
33 29 12.053841
33 5 2000.0
33 34 2000.0
33 20 1.551708
33 2 1.8575932
33 14 0.38192445
33 7 2000.0
33 27 0.77007943
33 16 3017.898
33 25 0.6053121
34 30 0.7303352
34 20 0.93556255
34 8 32.88129
34 37 2000.0
34 7 173.7419
34 13 200.0
34 27 0.9634294
34 16 50.463425
34 11 2.1466649
34 29 3.6965044
34 25 1.789842
34 5 2.5295
35 21 0.03649765
35 31 67.5077
36 28 0.029748235
36 3 0.51980656
36 9 0.34649998
37 30 23.137981
37 0 1.9496939
37 8 1.6642141
37 18 2.2820492
37 13 1.1134325
37 11 1.7621367
37 29 0.8498674
37 5 10.189511
37 20 3.5414264
37 2 0.8359825
37 7 3298.409
37 27 0.8958738
37 16 2000.0
37 23 2.7898304
37 25 39.42332
