0 2 1.0633422
0 37 1.3576379
0 13 0.9968863
0 29 19.500975
0 25 52.976246
1 3 1.4049983
1 12 22.738096
2 30 16.185986
2 0 1.0633422
2 8 1.8370093
2 18 2.1895323
2 13 0.46226716
2 33 1.6139096
2 11 1.5325521
2 29 1.348504
2 20 2.8801818
2 37 0.8895841
2 27 1.0343503
2 16 2000.0
2 23 18.384748
2 25 0.6364511
3 36 0.66177404
3 28 27.416534
3 24 200.0
3 12 0.068649195
3 1 1.4049983
3 9 0.5838996
4 31 0.0698963
4 9 0.09514954
4 17 0.20581454
4 19 0.07578426
5 30 0.60003847
5 8 0.4863144
5 18 0.8529531
5 13 61.383915
5 11 1.2026993
5 29 2.702681
5 34 1.4154617
5 20 1.6958686
5 37 8.293199
5 7 8.348309
5 27 1.4832069
5 16 1.5383086
5 23 2.2515678
5 25 2000.0
6 31 0.103903964
6 17 1.8039442
7 30 0.8655486
7 20 56.149956
7 8 10.770312
7 37 204.30711
7 16 1.8561803
7 23 1.4766638
7 25 3.2671757
7 5 8.348309
8 0 2000.0
8 30 0.47362858
8 18 1.2219778
8 13 4.9583282
8 11 1.6168773
8 29 0.6397973
8 5 0.4863144
8 34 33.7236
8 2 1.8370093
8 37 1.1980296
8 7 10.770312
8 27 0.999645
8 16 1.5007178
8 23 1.5171908
8 25 2000.0
9 36 0.7314686
9 26 2000.0
9 28 0.9563315
9 10 13.151633
9 22 0.042038787
9 31 0.029683074
9 12 2000.0
9 3 0.5838996
9 4 0.09514954
9 17 0.04601036
9 19 0.082953215
10 26 0.036438152
10 28 0.40704542
10 24 0.078649625
10 31 1.0473601
10 12 1559.6023
10 9 13.151633
10 17 0.03550182
11 0 2000.0
11 30 0.7252381
11 8 1.6168773
11 18 4.905222
11 13 1.5062388
11 33 6.4649096
11 29 0.82437265
11 5 1.2026993
11 34 1.2790557
11 20 0.9626245
11 2 1.5325521
11 37 2.7545574
11 7 1646.875
11 27 0.93979335
11 16 1.233588
11 25 0.37927166
12 26 0.64300704
12 32 5.047565
12 24 0.06902471
12 21 0.16885325
12 3 0.068649195
12 1 22.738096
13 30 21.190655
13 0 0.9968863
13 8 4.9583282
13 18 37.694633
13 33 1.044765
13 11 1.5062388
13 29 0.877148
13 5 61.383915
13 34 180.00002
13 20 1.0763798
13 2 0.46226716
13 14 4.672187
13 37 1.4032727
13 7 2000.0
13 27 0.34169367
13 16 130.89574
13 25 0.31975618
14 30 16.538603
14 20 1.3741883
14 13 4.672187
14 27 8.40654
14 33 0.36462104
14 11 2000.0
14 25 1.8505204
15 32 0.09588274
15 21 12.096009
16 30 1.1218078
16 8 1.5007178
16 18 1.4007281
16 13 130.89574
16 11 1.233588
16 29 32.64181
16 5 1.5383086
16 34 27.497587
16 20 54.888584
16 37 2000.0
16 7 1.8561803
16 27 1.3670233
16 23 3.3720608
16 25 0.69741046
17 6 1.8039442
17 26 1.6091928
17 10 0.03550182
17 24 0.079337426
17 31 0.9993666
17 9 0.04601036
17 4 0.20581454
17 19 193.76636
18 0 2000.0
18 30 0.80772084
18 8 1.2219778
18 13 37.694633
18 11 4.905222
18 29 0.9585922
18 5 0.8529531
18 2 2.1895323
18 37 2.2448063
18 7 2000.0
18 27 30.858118
18 16 1.4007281
18 23 1.3614422
19 28 82.15114
19 31 0.085162066
19 9 0.082953215
19 4 0.07578426
19 17 193.76636
20 30 1.6003529
20 8 2000.0
20 13 1.0763798
20 33 1.6387784
20 11 0.9626245
20 29 7.952273
20 5 1.6958686
20 34 0.8384298
20 2 2.8801818
20 14 1.3741883
20 37 1.9719754
20 7 56.149956
20 27 1.2796668
20 16 54.888584
20 25 0.39628148
21 26 2000.0
21 32 1066.6667
21 24 1.0540802
21 35 0.034307245
21 31 800.0
21 12 0.16885325
21 15 12.096009
22 31 400.0
22 9 0.042038787
22 19 2000.0
23 0 2000.0
23 30 3.1694233
23 8 1.5171908
23 2 18.384748
23 37 1.7063677
23 18 1.3614422
23 7 1.4766638
23 16 3.3720608
23 11 2000.0
23 29 1.1994722
23 5 2.2515678
24 26 0.059674557
24 32 0.4026067
24 10 0.078649625
24 21 1.0540802
24 12 0.06902471
24 3 200.0
24 17 0.079337426
25 0 52.976246
25 30 21.372707
25 13 0.31975618
25 33 0.6821932
25 11 0.37927166
25 29 2.0190973
25 34 1.058421
25 20 0.39628148
25 2 0.6364511
25 14 1.8505204
25 37 200.0
25 7 3.2671757
25 27 0.24204133
25 16 0.69741046
26 32 156.55763
26 28 0.04881386
26 10 0.036438152
26 24 0.059674557
26 31 0.11721648
26 12 0.64300704
26 17 1.6091928
27 30 0.22623305
27 0 2000.0
27 8 0.999645
27 18 30.858118
27 13 0.34169367
27 33 0.7472504
27 11 0.93979335
27 29 2.2593303
27 5 1.4832069
27 34 0.9451832
27 20 1.2796668
27 2 1.0343503
27 14 8.40654
27 37 1.7514956
27 7 2000.0
27 16 1.3670233
27 25 0.24204133
28 36 0.03513653
28 26 0.04881386
28 10 0.40704542
28 3 27.416534
28 12 1243.0682
28 9 0.9563315
28 19 82.15114
29 0 19.500975
29 30 1.1153806
29 8 0.6397973
29 18 0.9585922
29 13 0.877148
29 33 10.342665
29 11 0.82437265
29 5 2.702681
29 34 2.4413595
29 20 7.952273
29 2 1.348504
29 37 0.7478581
29 7 2000.0
29 27 2.2593303
29 16 32.64181
29 23 1.1994722
29 25 2.0190973
30 8 0.47362858
30 18 0.80772084
30 13 21.190655
30 33 12.545279
30 11 0.7252381
30 29 1.1153806
30 5 0.60003847
30 34 0.80797243
30 20 1.6003529
30 2 16.185986
30 14 16.538603
30 37 15.631291
30 7 0.8655486
30 27 0.22623305
30 16 1.1218078
30 23 3.1694233
30 25 21.372707
31 26 0.11721648
31 6 0.103903964
31 10 1.0473601
31 35 32.825
31 21 800.0
31 22 400.0
31 9 0.029683074
31 4 0.0698963
31 17 0.9993666
31 19 0.085162066
32 26 156.55763
32 24 0.4026067
32 21 1066.6667
32 12 5.047565
32 15 0.09588274
33 30 12.545279
33 8 2000.0
33 13 1.044765
33 11 6.4649096
33 29 10.342665
33 5 2000.0
33 34 2000.0
33 20 1.6387784
33 2 1.6139096
33 14 0.36462104
33 7 2000.0
33 27 0.7472504
33 16 2422.443
33 25 0.6821932
34 30 0.80797243
34 20 0.8384298
34 8 33.7236
34 37 2000.0
34 7 2000.0
34 13 180.00002
34 27 0.9451832
34 16 27.497587
34 11 1.2790557
34 29 2.4413595
34 25 1.058421
34 5 1.4154617
35 21 0.034307245
35 31 32.825
36 28 0.03513653
36 3 0.66177404
36 9 0.7314686
37 30 15.631291
37 0 1.3576379
37 8 1.1980296
37 18 2.2448063
37 13 1.4032727
37 11 2.7545574
37 29 0.7478581
37 5 8.293199
37 20 1.9719754
37 2 0.8895841
37 7 204.30711
37 27 1.7514956
37 16 2000.0
37 23 1.7063677
37 25 200.0
