0 8 9.588889
0 2 1.3556751
0 37 0.7461286
0 13 0.6279931
0 11 11.111793
0 29 35.37605
1 3 0.20709962
1 12 34.347404
2 30 5.5148177
2 0 1.3556751
2 8 1.3579758
2 18 15.358731
2 13 0.53263676
2 33 2.1343358
2 11 1.1160166
2 29 0.8286015
2 20 1.4302106
2 37 0.88509536
2 27 0.7145588
2 16 2000.0
2 23 21.968298
2 25 1.27918
3 36 0.29585084
3 28 0.09672497
3 24 2000.0
3 12 0.060546048
3 1 0.20709962
3 9 0.4310876
4 31 0.08762308
4 9 0.097056635
4 17 0.08109837
4 19 0.09634348
5 30 0.754375
5 8 0.8972328
5 18 0.43320346
5 13 836.8638
5 11 2.1801212
5 29 4.1897264
5 34 2.238692
5 20 2.9530027
5 37 2000.0
5 7 10.054184
5 27 3.3601332
5 16 1.2674375
5 23 4.1228967
6 22 73.040405
6 31 0.1898683
6 17 0.96976286
7 34 12.52388
7 30 1.3710697
7 20 1.2890371
7 8 56.053783
7 37 18.947687
7 16 1.0998336
7 11 5.589157
7 23 1.0133398
7 25 6.1105065
7 5 10.054184
8 0 9.588889
8 30 0.7602552
8 18 1.1493968
8 13 3.861093
8 11 2.4299226
8 29 1.0106895
8 5 0.8972328
8 34 3.1419616
8 2 1.3579758
8 37 0.92604375
8 7 56.053783
8 27 1.5953435
8 16 1.5389959
8 23 1.0668832
9 36 2.0381207
9 26 2000.0
9 28 1.8685607
9 10 3.9564326
9 22 0.6384993
9 31 0.050987337
9 3 0.4310876
9 12 2000.0
9 17 0.12253788
9 4 0.097056635
9 19 0.0830422
10 26 0.034447223
10 28 0.86633784
10 24 0.22325177
10 31 0.037212864
10 12 14.47084
10 9 3.9564326
10 17 0.031650525
11 0 11.111793
11 30 0.47023308
11 8 2.4299226
11 18 7.26564
11 13 2.0385194
11 33 1.9390291
11 29 0.7375937
11 5 2.1801212
11 34 2.0410612
11 20 0.65501297
11 2 1.1160166
11 37 1.3044599
11 7 5.589157
11 27 0.5543772
11 16 0.92851406
11 25 1.1171097
12 26 0.3741672
12 28 3.315799
12 32 0.34416017
12 10 14.47084
12 24 0.089110285
12 21 0.13546465
12 3 0.060546048
12 1 34.347404
13 30 5.102815
13 0 0.6279931
13 8 3.861093
13 18 160.0
13 33 0.78569025
13 11 2.0385194
13 29 0.8787185
13 5 836.8638
13 34 11.123155
13 20 0.43230757
13 2 0.53263676
13 14 5.286326
13 37 1.3165557
13 27 0.26948896
13 16 66.87397
13 25 0.6470382
14 20 1.2977365
14 13 5.286326
14 27 5.798386
14 33 0.38723618
14 11 2000.0
14 25 1.1018562
15 32 0.0780251
15 21 1.1036482
16 30 1.0668328
16 0 2000.0
16 8 1.5389959
16 18 1.0606942
16 13 66.87397
16 33 70.88012
16 11 0.92851406
16 29 17.754269
16 5 1.2674375
16 20 11.408194
16 37 10.070285
16 7 1.0998336
16 27 1.6954417
16 23 7.8771763
16 25 0.9806912
17 26 1.7860125
17 6 0.96976286
17 10 0.031650525
17 24 0.35581383
17 31 1.1990389
17 9 0.12253788
17 4 0.08109837
17 19 2.3141944
18 30 0.74155706
18 2 15.358731
18 8 1.1493968
18 37 1.3048575
18 7 2000.0
18 13 160.0
18 27 6.25209
18 16 1.0606942
18 23 1.4977164
18 11 7.26564
18 29 1.9235998
18 5 0.43320346
19 22 101.49148
19 31 0.08878662
19 9 0.0830422
19 17 2.3141944
19 4 0.09634348
20 30 16.308075
20 13 0.43230757
20 33 1.4158909
20 11 0.65501297
20 29 4.014887
20 5 2.9530027
20 34 0.8655711
20 2 1.4302106
20 14 1.2977365
20 37 2.2669098
20 7 1.2890371
20 27 0.5466544
20 16 11.408194
20 25 0.4774125
21 26 2000.0
21 32 360.00003
21 10 2000.0
21 24 0.2265047
21 35 0.032954544
21 12 0.13546465
21 15 1.1036482
22 6 73.040405
22 31 1181.1932
22 9 0.6384993
22 19 101.49148
23 0 2000.0
23 30 1.03641
23 2 21.968298
23 8 1.0668832
23 37 1.7215093
23 18 1.4977164
23 7 1.0133398
23 16 7.8771763
23 11 2000.0
23 29 5.1166325
23 5 4.1228967
24 26 0.06075037
24 32 0.119748615
24 10 0.22325177
24 21 0.2265047
24 31 2.5081968
24 12 0.089110285
24 3 2000.0
24 15 2000.0
24 17 0.35581383
25 30 5.1922164
25 13 0.6470382
25 33 0.34599432
25 11 1.1171097
25 29 6.7230535
25 34 0.982471
25 20 0.4774125
25 2 1.27918
25 14 1.1018562
25 37 87.12474
25 7 6.1105065
25 27 0.66563946
25 16 0.9806912
26 32 25.397352
26 28 0.052533537
26 10 0.034447223
26 24 0.06075037
26 31 0.08531727
26 12 0.3741672
26 17 1.7860125
27 0 2000.0
27 30 0.41123858
27 8 1.5953435
27 18 6.25209
27 13 0.26948896
27 33 0.93927115
27 11 0.5543772
27 29 1.0292963
27 5 3.3601332
27 34 1.3501729
27 20 0.5466544
27 2 0.7145588
27 14 5.798386
27 37 1.2657568
27 7 348.1327
27 16 1.6954417
27 25 0.66563946
28 36 0.065558754
28 26 0.052533537
28 10 0.86633784
28 3 0.09672497
28 12 3.315799
28 9 1.8685607
29 0 35.37605
29 30 3.626129
29 8 1.0106895
29 18 1.9235998
29 13 0.8787185
29 11 0.7375937
29 5 4.1897264
29 34 7.4080873
29 20 4.014887
29 2 0.8286015
29 37 0.91094065
29 7 2000.0
29 27 1.0292963
29 16 17.754269
29 23 5.1166325
29 25 6.7230535
30 0 2000.0
30 8 0.7602552
30 18 0.74155706
30 13 5.102815
30 33 2.1827366
30 11 0.47023308
30 29 3.626129
30 5 0.754375
30 34 1.3422551
30 20 16.308075
30 2 5.5148177
30 37 7.751748
30 7 1.3710697
30 27 0.41123858
30 16 1.0668328
30 23 1.03641
30 25 5.1922164
31 26 0.08531727
31 6 0.1898683
31 10 0.037212864
31 24 2.5081968
31 9 0.050987337
31 17 1.1990389
31 4 0.08762308
31 19 0.08878662
32 26 25.397352
32 24 0.119748615
32 21 360.00003
32 12 0.34416017
32 15 0.0780251
33 34 2000.0
33 30 2.1827366
33 20 1.4158909
33 2 2.1343358
33 14 0.38723618
33 7 2000.0
33 13 0.78569025
33 27 0.93927115
33 16 70.88012
33 11 1.9390291
33 29 8077.4434
33 25 0.34599432
34 30 1.3422551
34 20 0.8655711
34 8 3.1419616
34 13 11.123155
34 7 12.52388
34 27 1.3501729
34 16 1215.0568
34 11 2.0410612
34 25 0.982471
34 29 7.4080873
34 5 2.238692
35 21 0.032954544
36 26 2000.0
36 28 0.065558754
36 3 0.29585084
36 9 2.0381207
37 30 7.751748
37 0 0.7461286
37 8 0.92604375
37 18 1.3048575
37 13 1.3165557
37 11 1.3044599
37 29 0.91094065
37 20 2.2669098
37 2 0.88509536
37 7 18.947687
37 27 1.2657568
37 16 10.070285
37 23 1.7215093
37 25 87.12474
