0 8 18.11926
0 2 0.59179884
0 37 2.340223
0 13 0.6486957
0 11 266.6667
0 29 4.813308
0 25 2000.0
1 3 0.33939224
1 12 1207.8978
2 30 56.60421
2 0 0.59179884
2 8 2.1715117
2 18 10.693338
2 13 0.7743073
2 33 9.474188
2 11 2.0158663
2 29 1.5339895
2 20 3.3301072
2 37 1.3479313
2 27 4.2620697
2 16 2000.0
2 23 14.150828
2 25 1.3452367
3 36 0.33685294
3 28 0.10240641
3 24 654.5455
3 12 0.06377298
3 1 0.33939224
3 9 0.36297405
4 31 0.067669705
4 9 0.066909336
4 17 0.07762048
4 19 0.09237689
5 30 0.76316774
5 8 1.278175
5 18 1.1586992
5 13 140.5502
5 11 11.874241
5 29 18.095346
5 34 4.8513656
5 20 3.9491975
5 37 2000.0
5 7 14.27862
5 27 5.2516313
5 16 1.5712769
5 23 5.1908393
6 21 2000.0
6 22 1055.7954
6 31 0.95873374
6 17 1.2844784
7 34 19.964565
7 30 1.5027436
7 20 15.301361
7 8 66.66667
7 37 27.506338
7 27 150.0
7 16 1.7601527
7 11 6.533261
7 23 1.9542065
7 25 9.364399
7 5 14.27862
8 0 18.11926
8 30 0.7518142
8 18 1.4643595
8 13 11.371243
8 11 1.6021618
8 29 0.9448052
8 5 1.278175
8 34 13.436887
8 2 2.1715117
8 37 2.2095995
8 7 66.66667
8 27 1.4674103
8 16 1.6923485
8 23 1.2933967
9 36 1.6420244
9 26 2000.0
9 28 0.9991936
9 10 7.7185726
9 22 0.8436636
9 31 0.02990842
9 3 0.36297405
9 12 2000.0
9 17 0.05639259
9 4 0.066909336
9 19 0.06407051
10 26 0.046486765
10 28 0.6672619
10 24 0.076094754
10 31 0.03136666
10 12 2.4970753
10 9 7.7185726
10 17 0.037670456
11 0 266.6667
11 30 1.0630447
11 8 1.6021618
11 18 15.779048
11 13 0.9885475
11 33 3.6242857
11 29 1.3166153
11 5 11.874241
11 34 11.64992
11 20 1.4442631
11 2 2.0158663
11 37 2.23619
11 7 6.533261
11 27 1.2234979
11 16 1.3751363
11 25 2.5167236
12 26 0.66095996
12 28 6.842818
12 32 0.40165287
12 10 2.4970753
12 24 0.091664076
12 21 0.0814448
12 3 0.06377298
12 1 1207.8978
13 30 1.4398813
13 0 0.6486957
13 8 11.371243
13 18 2000.0
13 33 0.8847138
13 11 0.9885475
13 29 1.1073931
13 5 140.5502
13 34 13.718356
13 20 0.8018629
13 2 0.7743073
13 14 2.9002998
13 37 9.04963
13 27 1.1232125
13 16 118.93941
13 25 0.6088987
14 20 0.95860624
14 13 2.9002998
14 33 0.49602017
14 27 2.8305376
14 11 2000.0
14 25 4.057851
15 32 0.08323459
15 21 11.94729
16 0 2000.0
16 30 1.1396475
16 8 1.6923485
16 18 0.66414994
16 13 118.93941
16 11 1.3751363
16 29 161.6288
16 5 1.5712769
16 20 47.291565
16 37 127.72527
16 7 1.7601527
16 27 1.6612234
16 23 10.586188
16 25 1.3906107
17 26 1.7199383
17 6 1.2844784
17 10 0.037670456
17 24 0.23874594
17 31 1.1715909
17 9 0.05639259
17 4 0.07762048
17 19 2.3641415
18 30 0.9604637
18 2 10.693338
18 8 1.4643595
18 37 2.1543307
18 7 2000.0
18 27 13.192609
18 16 0.66414994
18 23 2.6885715
18 11 15.779048
18 29 1.415554
18 5 1.1586992
19 31 0.0701904
19 9 0.06407051
19 17 2.3641415
19 4 0.09237689
20 0 2000.0
20 30 9.67822
20 13 0.8018629
20 33 1.3867694
20 11 1.4442631
20 29 4.161665
20 5 3.9491975
20 34 0.98066485
20 2 3.3301072
20 14 0.95860624
20 37 10.462277
20 7 15.301361
20 27 0.6491844
20 16 47.291565
20 25 1.4382706
21 26 2000.0
21 32 2000.0
21 24 0.057089232
21 35 0.0541231
21 12 0.0814448
21 15 11.94729
22 6 1055.7954
22 31 1121.8182
22 9 0.8436636
22 19 1594.4319
23 0 2000.0
23 30 1.7467488
23 2 14.150828
23 8 1.2933967
23 37 7.940653
23 18 2.6885715
23 7 1.9542065
23 16 10.586188
23 11 2000.0
23 29 3.5218859
23 5 5.1908393
24 26 0.08317779
24 32 0.08876372
24 10 0.076094754
24 21 0.057089232
24 31 11.482042
24 12 0.091664076
24 3 654.5455
24 15 2000.0
24 17 0.23874594
25 0 2000.0
25 30 9.312137
25 13 0.6088987
25 33 0.49235457
25 11 2.5167236
25 29 4.4303803
25 34 3.3501184
25 20 1.4382706
25 2 1.3452367
25 14 4.057851
25 37 39.912563
25 7 9.364399
25 27 0.7180114
25 16 1.3906107
26 32 46.45206
26 28 0.054936662
26 10 0.046486765
26 24 0.08317779
26 31 0.07972859
26 12 0.66095996
26 17 1.7199383
27 0 2000.0
27 30 0.1980815
27 8 1.4674103
27 18 13.192609
27 13 1.1232125
27 33 0.87244326
27 11 1.2234979
27 29 0.51883525
27 5 5.2516313
27 34 1.7782713
27 20 0.6491844
27 2 4.2620697
27 14 2.8305376
27 37 1.2008379
27 7 150.0
27 16 1.6612234
27 25 0.7180114
28 36 0.043610282
28 26 0.054936662
28 10 0.6672619
28 3 0.10240641
28 12 6.842818
28 9 0.9991936
29 0 4.813308
29 30 5.511142
29 8 0.9448052
29 18 1.415554
29 13 1.1073931
29 33 82.88458
29 11 1.3166153
29 5 18.095346
29 34 3.306077
29 20 4.161665
29 2 1.5339895
29 37 1.1698539
29 7 2000.0
29 27 0.51883525
29 16 161.6288
29 23 3.5218859
29 25 4.4303803
30 0 2000.0
30 8 0.7518142
30 18 0.9604637
30 13 1.4398813
30 33 3.2929363
30 11 1.0630447
30 29 5.511142
30 5 0.76316774
30 34 4.7516236
30 20 9.67822
30 2 56.60421
30 14 2000.0
30 37 9.405954
30 7 1.5027436
30 27 0.1980815
30 16 1.1396475
30 23 1.7467488
30 25 9.312137
31 26 0.07972859
31 6 0.95873374
31 10 0.03136666
31 24 11.482042
31 9 0.02990842
31 17 1.1715909
31 4 0.067669705
31 19 0.0701904
32 26 46.45206
32 24 0.08876372
32 12 0.40165287
32 15 0.08323459
33 30 3.2929363
33 8 2000.0
33 13 0.8847138
33 11 3.6242857
33 29 82.88458
33 34 2000.0
33 20 1.3867694
33 2 9.474188
33 14 0.49602017
33 7 2000.0
33 27 0.87244326
33 16 2000.0
33 25 0.49235457
34 30 4.7516236
34 20 0.98066485
34 8 13.436887
34 7 19.964565
34 13 13.718356
34 27 1.7782713
34 16 2536.0227
34 11 11.64992
34 25 3.3501184
34 29 3.306077
34 5 4.8513656
35 21 0.0541231
36 26 2000.0
36 28 0.043610282
36 3 0.33685294
36 9 1.6420244
37 30 9.405954
37 0 2.340223
37 8 2.2095995
37 18 2.1543307
37 13 9.04963
37 11 2.23619
37 29 1.1698539
37 20 10.462277
37 2 1.3479313
37 7 27.506338
37 27 1.2008379
37 16 127.72527
37 23 7.940653
37 25 39.912563
