0 2 1.16946
0 37 2.6105247
0 13 1.0940269
0 29 27.662489
0 25 22.365158
1 3 0.74164224
1 12 13.427984
2 30 33.15294
2 0 1.16946
2 8 1.2116506
2 18 5.6459928
2 13 0.5400016
2 33 1.9891922
2 11 1.5810684
2 29 1.2433175
2 20 4.2343884
2 37 1.0602624
2 27 1.3813043
2 16 2000.0
2 23 5.7936482
2 25 0.86191934
3 36 0.7992463
3 28 7.1923547
3 24 2000.0
3 12 0.08524687
3 1 0.74164224
3 9 0.70974237
4 31 0.07210276
4 9 0.08001254
4 17 0.11647915
4 19 0.06756086
5 30 0.78984916
5 8 0.811934
5 18 1.4933035
5 13 56.11461
5 11 8.810565
5 29 2.7001781
5 34 3.9622066
5 20 5.267624
5 37 9.472806
5 7 8.747119
5 27 3.2924132
5 16 2.8750744
5 23 9.689735
5 25 2000.0
6 31 0.14090909
6 17 3.6816955
7 34 97.190186
7 30 1.1514043
7 20 27.620289
7 8 5.364869
7 37 2000.0
7 27 2000.0
7 16 1.2737986
7 23 1.5712011
7 11 70.34486
7 25 2.163761
7 29 800.0
7 5 8.747119
8 0 2000.0
8 30 0.36075822
8 18 1.271671
8 13 1.3967711
8 11 1.6998475
8 29 1.3895084
8 5 0.811934
8 34 49.74529
8 2 1.2116506
8 37 1.3845589
8 7 5.364869
8 27 1.2570008
8 16 2.410586
8 23 1.1561074
8 25 2000.0
9 36 0.7122801
9 28 2.658049
9 10 13.779891
9 22 0.05003838
9 31 0.029034493
9 12 2000.0
9 3 0.70974237
9 4 0.08001254
9 17 0.051879946
9 19 0.06704545
10 26 0.029574905
10 28 0.15161763
10 24 0.06330486
10 31 16.433905
10 12 1585.7386
10 9 13.779891
10 17 0.031621076
11 0 2000.0
11 30 0.93588215
11 8 1.6998475
11 18 5.7329555
11 13 1.1469111
11 33 1.7200927
11 29 0.84450763
11 5 8.810565
11 34 3.6263726
11 20 1.149126
11 2 1.5810684
11 37 1.6175271
11 7 70.34486
11 27 1.1359322
11 16 1.7514175
11 25 1.5058472
12 26 1.4741242
12 32 4.646479
12 24 0.064039595
12 21 0.11427994
12 3 0.08524687
12 1 13.427984
13 30 164.31517
13 0 1.0940269
13 8 1.3967711
13 18 66.66667
13 33 0.9359809
13 11 1.1469111
13 29 1.1302798
13 5 56.11461
13 34 464.8406
13 20 0.9759353
13 2 0.5400016
13 14 8.34045
13 37 1.3462428
13 7 2000.0
13 27 1.345494
13 16 80.0
13 25 0.34456545
14 30 14.689973
14 20 2.6607835
14 13 8.34045
14 27 2.131811
14 33 0.47213408
14 25 1.9840324
15 32 0.072154954
15 21 9.428362
16 0 2000.0
16 30 1.9349638
16 8 2.410586
16 18 2.99719
16 13 80.0
16 11 1.7514175
16 5 2.8750744
16 34 79.484856
16 20 76.20065
16 7 1.2737986
16 27 2.6253994
16 23 2.5249507
16 25 1.736665
17 6 3.6816955
17 26 2.9764364
17 10 0.031621076
17 24 0.25292113
17 31 1.9349638
17 9 0.051879946
17 4 0.11647915
17 19 1308.6364
18 0 2000.0
18 30 0.67938316
18 8 1.271671
18 13 66.66667
18 11 5.7329555
18 29 1.2622782
18 5 1.4933035
18 2 5.6459928
18 37 1.7309134
18 7 2000.0
18 27 18.716467
18 16 2.99719
18 23 1.4097903
19 31 0.09444174
19 9 0.06704545
19 4 0.06756086
19 17 1308.6364
20 30 1.2349455
20 13 0.9759353
20 33 1.0028622
20 11 1.149126
20 29 33.836678
20 5 5.267624
20 34 1.2946104
20 2 4.2343884
20 14 2.6607835
20 37 2.6376653
20 7 27.620289
20 27 1.6436667
20 16 76.20065
20 25 0.7588456
21 26 2000.0
21 32 2000.0
21 24 0.8743711
21 35 0.045506466
21 31 2000.0
21 12 0.11427994
21 15 9.428362
22 31 106.666664
22 9 0.05003838
22 19 2000.0
23 0 2000.0
23 30 1.5074705
23 8 1.1561074
23 2 5.7936482
23 37 1.8020697
23 18 1.4097903
23 7 1.5712011
23 16 2.5249507
23 11 2000.0
23 29 1.5404657
23 5 9.689735
24 26 0.041070804
24 32 0.2877435
24 10 0.06330486
24 21 0.8743711
24 12 0.064039595
24 15 2000.0
24 17 0.25292113
25 30 16.730648
25 0 22.365158
25 13 0.34456545
25 33 0.6744451
25 11 1.5058472
25 29 5.4949646
25 34 2.9939628
25 20 0.7588456
25 2 0.86191934
25 14 1.9840324
25 37 21.173735
25 7 2.163761
25 27 0.3882139
25 16 1.736665
26 32 31.816315
26 28 0.07813239
26 10 0.029574905
26 24 0.041070804
26 31 0.096694216
26 12 1.4741242
26 17 2.9764364
27 30 1.8510172
27 0 2000.0
27 8 1.2570008
27 18 18.716467
27 13 1.345494
27 33 0.6673498
27 11 1.1359322
27 29 0.9737631
27 5 3.2924132
27 34 1.5595257
27 20 1.6436667
27 2 1.3813043
27 14 2.131811
27 37 0.99070257
27 7 2000.0
27 16 2.6253994
27 25 0.3882139
28 36 0.03639158
28 26 0.07813239
28 10 0.15161763
28 3 7.1923547
28 12 1200.3408
28 9 2.658049
28 19 1474.9431
29 0 27.662489
29 30 1.2531731
29 8 1.3895084
29 18 1.2622782
29 13 1.1302798
29 33 13.3281975
29 11 0.84450763
29 5 2.7001781
29 34 7.97277
29 20 33.836678
29 2 1.2433175
29 37 1.1025177
29 7 800.0
29 27 0.9737631
29 16 1202.1023
29 23 1.5404657
29 25 5.4949646
30 8 0.36075822
30 18 0.67938316
30 13 164.31517
30 33 5.6227417
30 11 0.93588215
30 29 1.2531731
30 5 0.78984916
30 34 1.021156
30 20 1.2349455
30 2 33.15294
30 14 14.689973
30 37 23.496803
30 7 1.1514043
30 27 1.8510172
30 16 1.9349638
30 23 1.5074705
30 25 16.730648
31 26 0.096694216
31 6 0.14090909
31 10 16.433905
31 35 141.72955
31 22 106.666664
31 9 0.029034493
31 4 0.07210276
31 17 1.9349638
31 19 0.09444174
32 26 31.816315
32 24 0.2877435
32 12 4.646479
32 15 0.072154954
33 30 5.6227417
33 8 2000.0
33 13 0.9359809
33 11 1.7200927
33 29 13.3281975
33 34 2000.0
33 20 1.0028622
33 2 1.9891922
33 14 0.47213408
33 7 2000.0
33 27 0.6673498
33 16 3017.898
33 25 0.6744451
34 30 1.021156
34 20 1.2946104
34 8 49.74529
34 37 2000.0
34 7 97.190186
34 27 1.5595257
34 16 79.484856
34 11 3.6263726
34 29 7.97277
34 25 2.9939628
34 5 3.9622066
35 21 0.045506466
35 31 141.72955
36 28 0.03639158
36 3 0.7992463
36 9 0.7122801
37 30 23.496803
37 0 2.6105247
37 8 1.3845589
37 18 1.7309134
37 13 1.3462428
37 11 1.6175271
37 29 1.1025177
37 5 9.472806
37 20 2.6376653
37 2 1.0602624
37 7 2000.0
37 27 0.99070257
37 16 2000.0
37 23 1.8020697
37 25 21.173735
