0 2 1.39667
0 37 1.6143486
0 13 0.79389644
0 25 26.133333
0 29 26.621933
1 3 1.2292962
1 12 23.473421
2 30 9.605906
2 0 1.39667
2 8 1.2282041
2 18 4.3337784
2 13 0.7040209
2 33 1.8472441
2 11 1.8771082
2 29 1.3735582
2 20 2.9829707
2 37 0.89476717
2 27 1.5750307
2 16 2000.0
2 23 6.259695
2 25 0.58953667
3 36 0.7827912
3 28 14.85606
3 24 2000.0
3 12 0.080244765
3 1 1.2292962
3 9 0.48240912
4 31 0.06687169
4 9 0.08392751
4 17 0.11355388
4 19 0.06826924
5 30 0.5641673
5 8 0.32400846
5 18 0.6736396
5 13 27.467575
5 11 1.6287152
5 29 2.1552706
5 34 1.4589765
5 20 1.7895452
5 37 18.741873
5 7 7.3943763
5 27 1.3652624
5 16 1.6888378
5 23 2.5753772
5 25 2000.0
6 31 0.23246475
6 17 1.1453276
7 34 342.85715
7 30 0.65898454
7 20 80.565346
7 8 5.5551605
7 16 1.1289527
7 23 1.4448792
7 25 2.6736925
7 5 7.3943763
8 0 2000.0
8 30 0.37399945
8 18 1.2838902
8 13 1.0245308
8 11 0.9287888
8 29 0.50632554
8 5 0.32400846
8 34 19.418695
8 2 1.2282041
8 37 0.87883365
8 7 5.5551605
8 27 0.695577
8 16 1.3542153
8 23 0.98068386
8 25 2000.0
9 36 0.5949519
9 26 2000.0
9 28 0.74704474
9 10 29.390257
9 22 0.051303476
9 31 0.039372206
9 3 0.48240912
9 4 0.08392751
9 17 0.040947556
9 19 0.066068426
10 26 0.029877227
10 28 0.28000808
10 24 0.07626432
10 31 21.57112
10 12 1211.3068
10 9 29.390257
10 17 0.038044833
11 0 2000.0
11 30 0.8125585
11 8 0.9287888
11 18 7.767339
11 13 0.7964581
11 33 2.0375018
11 29 1.0764953
11 5 1.6287152
11 34 2.2149944
11 20 1.3003134
11 2 1.8771082
11 37 1.6901443
11 7 1622.7842
11 27 0.7858046
11 16 1.1767529
11 25 0.9082583
12 26 1.3692802
12 32 2.2337346
12 10 1211.3068
12 24 0.06369549
12 21 0.08800828
12 3 0.080244765
12 1 23.473421
13 30 23.2531
13 0 0.79389644
13 8 1.0245308
13 18 225.00002
13 33 1.1442481
13 11 0.7964581
13 29 0.95551914
13 5 27.467575
13 34 124.84603
13 20 1.0217891
13 2 0.7040209
13 14 8.6781645
13 37 1.4306295
13 7 2000.0
13 27 0.47690228
13 16 38.507607
13 25 0.3190346
14 30 4.47914
14 20 3.5590496
14 13 8.6781645
14 27 2.0071719
14 33 0.29958403
14 11 2000.0
14 25 3.1609492
15 32 0.08020206
15 21 4.6915135
16 0 2000.0
16 30 1.0906488
16 8 1.3542153
16 18 1.5162435
16 13 38.507607
16 11 1.1767529
16 5 1.6888378
16 34 28.16616
16 20 9.661105
16 7 1.1289527
16 27 1.3489306
16 23 2.459414
16 25 1.2775549
17 6 1.1453276
17 26 1.5728432
17 10 0.038044833
17 24 0.32716063
17 31 0.97394174
17 9 0.040947556
17 4 0.11355388
17 19 47.25818
18 0 2000.0
18 30 0.65323454
18 8 1.2838902
18 13 225.00002
18 11 7.767339
18 29 1.3113843
18 5 0.6736396
18 2 4.3337784
18 37 2.0753226
18 7 2000.0
18 27 17.057545
18 16 1.5162435
18 23 1.6140121
19 31 0.07505449
19 9 0.066068426
19 4 0.06826924
19 17 47.25818
20 30 2.5111017
20 13 1.0217891
20 33 1.0260905
20 11 1.3003134
20 29 4.6894374
20 5 1.7895452
20 34 0.84864235
20 2 2.9829707
20 14 3.5590496
20 37 2.1285694
20 7 80.565346
20 27 1.2887944
20 16 9.661105
20 25 0.37624335
21 24 1.0606061
21 35 0.02947575
21 31 2000.0
21 12 0.08800828
21 15 4.6915135
22 31 178.91513
22 9 0.051303476
22 19 2000.0
23 0 2000.0
23 30 2.0298865
23 8 0.98068386
23 2 6.259695
23 37 1.5182288
23 18 1.6140121
23 7 1.4448792
23 16 2.459414
23 11 2000.0
23 29 1.6071857
23 5 2.5753772
24 26 0.05145153
24 32 0.25660354
24 10 0.07626432
24 21 1.0606061
24 12 0.06369549
24 17 0.32716063
25 0 26.133333
25 30 20.619318
25 13 0.3190346
25 33 0.8422815
25 11 0.9082583
25 29 3.536512
25 34 1.1894284
25 20 0.37624335
25 2 0.58953667
25 14 3.1609492
25 37 30.530174
25 7 2.6736925
25 27 0.23498651
25 16 1.2775549
26 32 77.765495
26 28 0.06979166
26 10 0.029877227
26 24 0.05145153
26 31 0.14470765
26 12 1.3692802
26 17 1.5728432
27 30 0.44789064
27 0 2000.0
27 8 0.695577
27 18 17.057545
27 13 0.47690228
27 33 0.69041467
27 11 0.7858046
27 29 0.81096053
27 5 1.3652624
27 34 2.291603
27 20 1.2887944
27 2 1.5750307
27 14 2.0071719
27 37 1.0044209
27 7 3010.4546
27 16 1.3489306
27 25 0.23498651
28 36 0.03394669
28 26 0.06979166
28 10 0.28000808
28 3 14.85606
28 12 1686.1932
28 9 0.74704474
28 19 1360.7386
29 0 26.621933
29 30 1.1289502
29 8 0.50632554
29 18 1.3113843
29 13 0.95551914
29 33 37.058563
29 11 1.0764953
29 5 2.1552706
29 34 4.9812636
29 20 4.6894374
29 2 1.3735582
29 37 1.0798771
29 7 2000.0
29 27 0.81096053
29 16 2000.0
29 23 1.6071857
29 25 3.536512
30 8 0.37399945
30 18 0.65323454
30 13 23.2531
30 33 4.7066827
30 11 0.8125585
30 29 1.1289502
30 5 0.5641673
30 34 1.750203
30 20 2.5111017
30 2 9.605906
30 14 4.47914
30 37 8.722411
30 7 0.65898454
30 27 0.44789064
30 16 1.0906488
30 23 2.0298865
30 25 20.619318
31 26 0.14470765
31 6 0.23246475
31 10 21.57112
31 35 129.51138
31 22 178.91513
31 21 2000.0
31 9 0.039372206
31 4 0.06687169
31 17 0.97394174
31 19 0.07505449
32 26 77.765495
32 24 0.25660354
32 21 2000.0
32 12 2.2337346
32 15 0.08020206
33 30 4.7066827
33 8 2000.0
33 13 1.1442481
33 11 2.0375018
33 29 37.058563
33 34 2000.0
33 20 1.0260905
33 2 1.8472441
33 14 0.29958403
33 7 2000.0
33 27 0.69041467
33 16 3017.898
33 25 0.8422815
34 30 1.750203
34 20 0.84864235
34 8 19.418695
34 37 2000.0
34 13 124.84603
34 7 342.85715
34 27 2.291603
34 16 28.16616
34 11 2.2149944
34 29 4.9812636
34 25 1.1894284
34 5 1.4589765
35 21 0.02947575
35 31 129.51138
36 28 0.03394669
36 3 0.7827912
36 9 0.5949519
37 30 8.722411
37 0 1.6143486
37 8 0.87883365
37 18 2.0753226
37 13 1.4306295
37 11 1.6901443
37 29 1.0798771
37 5 18.741873
37 20 2.1285694
37 2 0.89476717
37 7 244.08366
37 27 1.0044209
37 16 2000.0
37 23 1.5182288
37 25 30.530174
