0 8 14.767385
0 2 1.3954967
0 37 0.8227538
0 13 0.7176032
0 11 26.363487
0 29 17.81525
0 25 2000.0
1 3 0.24926686
1 12 1202.159
2 30 21.715908
2 0 1.3954967
2 8 2.7266285
2 18 24.28677
2 13 1.2322687
2 33 4.6146903
2 11 2.6746073
2 29 1.9205401
2 20 8.551936
2 37 2.9214942
2 27 1.2297273
2 16 2000.0
2 23 2000.0
2 25 2.2228549
3 36 0.32043362
3 28 0.124378696
3 24 133.33334
3 12 0.068054006
3 1 0.24926686
3 9 0.20930484
4 31 0.07213068
4 9 0.06602748
4 17 0.105851844
4 19 0.08208831
5 34 3.3127348
5 30 1.8080019
5 20 2.2127964
5 8 1.1404006
5 37 2000.0
5 18 0.6360978
5 7 5.624105
5 27 2.3030643
5 16 1.1315124
5 23 5.8009105
5 11 3.2945287
5 29 3.8176293
6 31 1.5286119
6 17 1.2362952
7 34 11.756349
7 30 1.825931
7 20 2.6941433
7 8 24.337906
7 37 17.927225
7 16 1.4446295
7 11 4.934416
7 23 1.083037
7 25 26.699749
7 5 5.624105
8 0 14.767385
8 30 1.1231978
8 18 1.9796453
8 13 2.040909
8 11 4.0109816
8 29 0.7032471
8 5 1.1404006
8 34 14.627434
8 2 2.7266285
8 37 2.751518
8 7 24.337906
8 27 7.0518775
8 16 1.7486494
8 23 1.5215462
9 36 0.46862376
9 26 2000.0
9 28 4.9441586
9 10 1.8581818
9 22 0.3975107
9 31 0.03083779
9 3 0.20930484
9 12 2000.0
9 17 0.04380005
9 4 0.06602748
9 19 0.06711817
10 26 0.03065214
10 28 0.20795833
10 24 0.06614595
10 31 0.032581966
10 12 22.39549
10 9 1.8581818
10 17 0.031947058
11 0 26.363487
11 30 0.5256648
11 8 4.0109816
11 18 3.755045
11 13 0.8481064
11 33 2.720316
11 29 1.1640284
11 5 3.2945287
11 34 4.0115013
11 20 1.507704
11 2 2.6746073
11 37 2.827982
11 7 4.934416
11 27 1.2494502
11 16 1.5712392
11 25 2.3554838
12 26 0.9439409
12 28 5.5608597
12 32 0.20805834
12 10 22.39549
12 24 0.080502436
12 21 0.06571215
12 3 0.068054006
13 30 8.58952
13 0 0.7176032
13 8 2.040909
13 18 319.67853
13 33 1.3562602
13 11 0.8481064
13 29 0.9345494
13 34 8.637987
13 20 0.5967619
13 2 1.2322687
13 14 4.0494614
13 37 4.312057
13 27 0.21488802
13 16 79.49493
13 25 0.65199214
14 20 2.3888047
14 13 4.0494614
14 33 0.805583
14 27 11.212415
14 11 2000.0
14 25 4.59749
15 32 0.06822616
15 21 13.241782
16 0 2000.0
16 30 1.1400714
16 8 1.7486494
16 18 0.8195053
16 13 79.49493
16 11 1.5712392
16 29 50.976585
16 5 1.1315124
16 20 14.939489
16 37 571.6865
16 7 1.4446295
16 27 3.0467691
16 23 12.61584
16 25 1.6010758
17 26 1.6945076
17 6 1.2362952
17 10 0.031947058
17 24 0.18648154
17 31 1.2982591
17 9 0.04380005
17 4 0.105851844
17 19 2.438547
18 30 0.6979038
18 2 24.28677
18 8 1.9796453
18 37 1.5670817
18 7 2000.0
18 13 319.67853
18 27 6.277295
18 16 0.8195053
18 23 2.0701046
18 11 3.755045
18 29 1.182608
18 5 0.6360978
19 31 0.068
19 9 0.06711817
19 17 2.438547
19 4 0.08208831
20 0 2000.0
20 30 28.509407
20 13 0.5967619
20 33 2.5119357
20 11 1.507704
20 29 2.3935852
20 5 2.2127964
20 34 1.2806187
20 2 8.551936
20 14 2.3888047
20 37 14.132204
20 7 2.6941433
20 27 0.7946208
20 16 14.939489
20 25 1.0908602
21 32 2000.0
21 24 0.0677161
21 35 0.038265727
21 12 0.06571215
21 15 13.241782
22 6 1594.5455
22 31 1243.6932
22 9 0.3975107
22 19 1386.4772
23 0 2000.0
23 30 1.4728339
23 2 2000.0
23 8 1.5215462
23 37 5.607812
23 18 2.0701046
23 7 1.083037
23 16 12.61584
23 11 2000.0
23 29 3.8114097
23 5 5.8009105
24 26 0.053535353
24 32 0.09075074
24 10 0.06614595
24 21 0.0677161
24 31 22.863295
24 12 0.080502436
24 3 133.33334
24 15 2000.0
24 17 0.18648154
25 0 2000.0
25 30 10.954748
25 13 0.65199214
25 33 1.2051654
25 11 2.3554838
25 29 6.7662897
25 34 6.517427
25 20 1.0908602
25 2 2.2228549
25 14 4.59749
25 37 88.45581
25 7 26.699749
25 27 0.7840973
25 16 1.6010758
26 36 100.021645
26 32 342.80682
26 28 0.031884134
26 10 0.03065214
26 24 0.053535353
26 31 0.08095585
26 12 0.9439409
26 17 1.6945076
27 0 2000.0
27 30 0.7683239
27 8 7.0518775
27 18 6.277295
27 13 0.21488802
27 33 2.4609272
27 11 1.2494502
27 29 1.1220925
27 5 2.3030643
27 34 1.8317919
27 20 0.7946208
27 2 1.2297273
27 14 11.212415
27 37 6.6869984
27 7 2381.193
27 16 3.0467691
27 25 0.7840973
28 36 0.03156699
28 26 0.031884134
28 10 0.20795833
28 3 0.124378696
28 12 5.5608597
28 9 4.9441586
29 0 17.81525
29 30 4.5036044
29 8 0.7032471
29 18 1.182608
29 13 0.9345494
29 11 1.1640284
29 5 3.8176293
29 34 9.466948
29 20 2.3935852
29 2 1.9205401
29 37 1.6521075
29 7 2000.0
29 27 1.1220925
29 16 50.976585
29 23 3.8114097
29 25 6.7662897
30 0 2000.0
30 8 1.1231978
30 18 0.6979038
30 13 8.58952
30 33 4.0820417
30 11 0.5256648
30 29 4.5036044
30 5 1.8080019
30 34 4.9369392
30 20 28.509407
30 2 21.715908
30 14 2000.0
30 37 5.4349337
30 7 1.825931
30 27 0.7683239
30 16 1.1400714
30 23 1.4728339
30 25 10.954748
31 26 0.08095585
31 6 1.5286119
31 10 0.032581966
31 24 22.863295
31 9 0.03083779
31 17 1.2982591
31 4 0.07213068
31 19 0.068
32 24 0.09075074
32 12 0.20805834
32 15 0.06822616
33 34 2000.0
33 30 4.0820417
33 20 2.5119357
33 2 4.6146903
33 14 0.805583
33 7 2000.0
33 13 1.3562602
33 27 2.4609272
33 16 1874.1097
33 11 2.720316
33 29 1812.2916
33 25 1.2051654
34 30 4.9369392
34 20 1.2806187
34 8 14.627434
34 7 11.756349
34 13 8.637987
34 27 1.8317919
34 16 5535.0566
34 11 4.0115013
34 25 6.517427
34 29 9.466948
34 5 3.3127348
35 21 0.038265727
36 26 100.021645
36 28 0.03156699
36 3 0.32043362
36 9 0.46862376
37 30 5.4349337
37 0 0.8227538
37 8 2.751518
37 18 1.5670817
37 13 4.312057
37 11 2.827982
37 29 1.6521075
37 20 14.132204
37 2 2.9214942
37 7 17.927225
37 27 6.6869984
37 16 571.6865
37 23 5.607812
37 25 88.45581
