0 2 1.5753521
0 37 3.5576313
0 13 0.97554547
0 29 12.188865
0 25 23.929066
1 3 1.0291835
1 12 14.175911
2 30 50.182274
2 0 1.5753521
2 8 1.1539843
2 18 2.038255
2 13 0.37708336
2 33 2.0012836
2 11 2.2095647
2 29 0.9883885
2 20 2.5823135
2 37 0.7908112
2 27 0.7893321
2 16 2000.0
2 23 6.558449
2 25 0.6801835
3 36 0.30266148
3 28 5.2393475
3 24 2000.0
3 12 0.061579607
3 1 1.0291835
3 9 0.7362481
4 31 0.08345752
4 9 0.08193927
4 17 0.12949923
4 19 0.10154261
5 30 0.54204166
5 8 0.53396267
5 18 0.80173653
5 13 21.632383
5 11 1.652335
5 29 4.081581
5 34 2.35742
5 20 2.3500125
5 37 7.6956515
5 7 4.83401
5 27 1.7794094
5 16 1.4335026
5 23 2.0266123
5 25 2000.0
6 31 0.17590833
6 17 1.9625582
7 30 0.620566
7 8 5.952853
7 16 1.5798154
7 23 0.99829674
7 25 2.0471888
7 5 4.83401
8 0 2000.0
8 30 0.24214534
8 18 1.4332081
8 13 0.68077654
8 11 0.88367057
8 29 0.2823911
8 5 0.53396267
8 34 23.746159
8 2 1.1539843
8 37 1.2143115
8 7 5.952853
8 27 0.94286245
8 16 1.4372013
8 23 1.0346794
8 25 2000.0
9 36 0.37161568
9 28 0.9506142
9 10 15.181085
9 22 0.063845694
9 31 0.031003397
9 12 2000.0
9 3 0.7362481
9 4 0.08193927
9 17 0.0379789
9 19 0.067138605
10 26 0.027707456
10 28 0.22349706
10 24 0.08174243
10 31 16.791294
10 12 1287.5568
10 9 15.181085
10 17 0.030894889
11 0 2000.0
11 30 0.73303235
11 8 0.88367057
11 18 9.446937
11 13 0.8791709
11 33 1.4181119
11 29 1.1668684
11 5 1.652335
11 34 2.953278
11 20 1.4368637
11 2 2.2095647
11 37 1.595084
11 7 1318.8636
11 27 0.6213974
11 16 1.73069
11 25 0.6495806
12 26 0.89175653
12 32 1.3714517
12 24 0.07568645
12 21 0.13377932
12 3 0.061579607
12 1 14.175911
13 30 56.72614
13 0 0.97554547
13 8 0.68077654
13 18 59.94724
13 33 0.8974117
13 11 0.8791709
13 29 0.78833276
13 5 21.632383
13 34 53.88207
13 20 0.92499685
13 2 0.37708336
13 14 8.515287
13 37 1.1646335
13 7 2000.0
13 27 0.4806424
13 16 30.776957
13 25 0.25833052
14 30 8.084494
14 20 1.7590115
14 13 8.515287
14 27 2.6451173
14 33 0.40933606
14 11 2000.0
14 25 2.2295637
15 32 0.07094911
15 21 8.636152
16 30 1.1529998
16 0 2000.0
16 8 1.4372013
16 18 1.2847726
16 13 30.776957
16 11 1.73069
16 5 1.4335026
16 34 79.40586
16 20 19.98151
16 7 1.5798154
16 27 1.4529653
16 23 3.8753417
16 25 1.3232373
17 6 1.9625582
17 26 1.8763344
17 10 0.030894889
17 24 0.31872514
17 31 1.0016085
17 9 0.0379789
17 4 0.12949923
17 19 63.78458
18 0 2000.0
18 30 0.6801866
18 8 1.4332081
18 13 59.94724
18 11 9.446937
18 29 1.1875348
18 5 0.80173653
18 2 2.038255
18 37 2.9090908
18 7 2000.0
18 27 22.773212
18 16 1.2847726
18 23 1.4181503
19 31 0.08300953
19 9 0.067138605
19 4 0.10154261
19 17 63.78458
20 30 1.2980002
20 13 0.92499685
20 33 0.97011924
20 11 1.4368637
20 29 3.0348392
20 5 2.3500125
20 34 0.95414084
20 2 2.5823135
20 14 1.7590115
20 37 2.1655104
20 7 3102.9546
20 27 1.2842067
20 16 19.98151
20 25 0.4135915
21 26 2000.0
21 32 2000.0
21 10 2000.0
21 24 0.9311621
21 35 0.055545967
21 12 0.13377932
21 15 8.636152
22 31 124.27028
22 9 0.063845694
22 19 2000.0
23 0 2000.0
23 30 1.7551913
23 8 1.0346794
23 2 6.558449
23 37 1.7018672
23 18 1.4181503
23 7 0.99829674
23 16 3.8753417
23 11 2000.0
23 29 1.2747476
23 5 2.0266123
24 26 0.03945836
24 32 0.26879817
24 10 0.08174243
24 21 0.9311621
24 12 0.07568645
24 15 2000.0
24 17 0.31872514
25 30 12.359939
25 0 23.929066
25 13 0.25833052
25 33 0.59077835
25 11 0.6495806
25 29 1.648714
25 34 2.0035653
25 20 0.4135915
25 2 0.6801835
25 14 2.2295637
25 37 203.87187
25 7 2.0471888
25 27 0.23000187
25 16 1.3232373
26 32 33.39546
26 28 0.06889663
26 10 0.027707456
26 24 0.03945836
26 31 0.61375517
26 12 0.89175653
26 17 1.8763344
27 30 0.33076763
27 0 2000.0
27 8 0.94286245
27 18 22.773212
27 13 0.4806424
27 33 0.80444205
27 11 0.6213974
27 29 0.771129
27 5 1.7794094
27 34 1.0306376
27 20 1.2842067
27 2 0.7893321
27 14 2.6451173
27 37 1.1161133
27 7 3972.7273
27 16 1.4529653
27 25 0.23000187
28 36 0.0469357
28 26 0.06889663
28 10 0.22349706
28 3 5.2393475
28 12 1203.8636
28 9 0.9506142
28 19 1545.284
29 0 12.188865
29 30 2.1792989
29 8 0.2823911
29 18 1.1875348
29 13 0.78833276
29 33 18.133406
29 11 1.1668684
29 5 4.081581
29 34 2.1227202
29 20 3.0348392
29 2 0.9883885
29 37 0.8608885
29 7 2000.0
29 27 0.771129
29 16 2000.0
29 23 1.2747476
29 25 1.648714
30 8 0.24214534
30 18 0.6801866
30 13 56.72614
30 33 5.187767
30 11 0.73303235
30 29 2.1792989
30 5 0.54204166
30 34 0.7797773
30 20 1.2980002
30 2 50.182274
30 14 8.084494
30 37 22.011787
30 7 0.620566
30 27 0.33076763
30 16 1.1529998
30 23 1.7551913
30 25 12.359939
31 26 0.61375517
31 6 0.17590833
31 10 16.791294
31 35 44.642426
31 22 124.27028
31 9 0.031003397
31 4 0.08345752
31 17 1.0016085
31 19 0.08300953
32 26 33.39546
32 24 0.26879817
32 12 1.3714517
32 15 0.07094911
33 30 5.187767
33 8 2000.0
33 13 0.8974117
33 11 1.4181119
33 29 18.133406
33 34 2000.0
33 20 0.97011924
33 2 2.0012836
33 14 0.40933606
33 37 2000.0
33 7 2000.0
33 27 0.80444205
33 16 3017.898
33 25 0.59077835
34 30 0.7797773
34 20 0.95414084
34 8 23.746159
34 37 2000.0
34 13 53.88207
34 7 2000.0
34 27 1.0306376
34 16 79.40586
34 11 2.953278
34 29 2.1227202
34 25 2.0035653
34 5 2.35742
35 21 0.055545967
35 31 44.642426
36 28 0.0469357
36 3 0.30266148
36 9 0.37161568
37 30 22.011787
37 0 3.5576313
37 8 1.2143115
37 18 2.9090908
37 13 1.1646335
37 11 1.595084
37 29 0.8608885
37 5 7.6956515
37 20 2.1655104
37 2 0.7908112
37 7 1345.1705
37 27 1.1161133
37 16 2000.0
37 23 1.7018672
37 25 203.87187
