0 2 0.9084948
0 37 4.551171
0 13 0.72305644
0 29 14.979468
0 25 320.0
1 3 1.0860173
1 12 22.646105
2 30 17.61476
2 0 0.9084948
2 8 1.2022568
2 18 4.5232205
2 13 0.42062965
2 33 2.295396
2 11 1.4062816
2 29 1.3067741
2 20 2.2286215
2 37 0.8795185
2 27 1.3989563
2 16 2000.0
2 23 16.144447
2 25 0.620151
3 36 0.45508206
3 28 1319.2614
3 24 2000.0
3 12 0.06573007
3 1 1.0860173
3 9 0.36429211
4 31 0.068926975
4 9 0.072744384
4 17 0.116040215
4 19 0.07733793
5 30 1.1207185
5 8 0.8077369
5 18 1.008939
5 13 30.432034
5 11 1.8183846
5 29 6.8319545
5 34 1.460604
5 20 1.6938972
5 37 7.834406
5 7 26.058296
5 27 3.2613637
5 16 1.705752
5 23 5.052979
5 25 2000.0
6 31 0.1101303
6 17 2.036405
7 34 829.92993
7 30 1.9178736
7 20 52.965412
7 8 6.6758785
7 37 55.084953
7 16 1.1027211
7 23 1.8015069
7 11 40.909092
7 25 1.7030307
7 5 26.058296
8 0 2000.0
8 30 0.46874765
8 18 1.6061238
8 13 0.96811163
8 11 0.8555474
8 29 0.7122748
8 5 0.8077369
8 34 37.520603
8 2 1.2022568
8 37 1.6257868
8 7 6.6758785
8 27 1.2760104
8 16 1.5134536
8 23 1.0972376
8 25 2000.0
9 36 0.4403776
9 26 2000.0
9 28 1.0442791
9 10 10.812286
9 22 0.05152275
9 31 0.029009199
9 12 2000.0
9 3 0.36429211
9 4 0.072744384
9 17 0.03244135
9 19 0.077960044
10 26 0.034325402
10 28 0.40787882
10 24 0.0945172
10 31 1.7163444
10 12 1307.1023
10 9 10.812286
10 17 0.029737158
11 0 2000.0
11 30 0.7415043
11 8 0.8555474
11 18 7.5158525
11 13 0.75736046
11 33 1.3916245
11 29 0.99230766
11 5 1.8183846
11 34 1.8111516
11 20 1.0200679
11 2 1.4062816
11 37 1.123114
11 7 40.909092
11 27 0.7213175
11 16 0.9937001
11 25 0.42777893
12 26 0.8525935
12 32 6.7680483
12 24 0.07896521
12 21 0.24476865
12 3 0.06573007
12 1 22.646105
12 15 2000.0
13 30 29.378336
13 0 0.72305644
13 8 0.96811163
13 18 37.365276
13 33 0.973514
13 11 0.75736046
13 29 1.2553293
13 5 30.432034
13 34 97.74077
13 20 0.87604153
13 2 0.42062965
13 14 7.0164285
13 37 1.9128468
13 7 2000.0
13 27 0.35734788
13 16 35.548996
13 25 0.25128675
14 30 9.426136
14 20 1.9923291
14 13 7.0164285
14 27 2.9841957
14 33 0.571845
14 11 2000.0
14 25 2.6008391
15 32 0.0808315
15 21 15.696696
16 0 2000.0
16 30 1.1208807
16 8 1.5134536
16 18 1.9803214
16 13 35.548996
16 11 0.9937001
16 5 1.705752
16 34 72.1598
16 20 23.199608
16 7 1.1027211
16 27 1.3021082
16 23 3.9101355
16 25 0.74424547
17 6 2.036405
17 26 1.6717986
17 10 0.029737158
17 24 0.06542039
17 31 0.96648896
17 9 0.03244135
17 4 0.116040215
17 19 2000.0
18 0 2000.0
18 30 0.7558918
18 8 1.6061238
18 13 37.365276
18 11 7.5158525
18 29 1.1235132
18 5 1.008939
18 2 4.5232205
18 37 4.36772
18 7 2000.0
18 27 168.68391
18 16 1.9803214
18 23 1.685433
19 28 165.09775
19 31 0.12084361
19 9 0.077960044
19 4 0.07733793
20 30 2.4572754
20 8 2000.0
20 13 0.87604153
20 33 1.1399086
20 11 1.0200679
20 29 6.531458
20 5 1.6938972
20 34 1.3626844
20 2 2.2286215
20 14 1.9923291
20 37 3.590768
20 7 52.965412
20 27 1.1306149
20 16 23.199608
20 25 0.61666524
21 32 2000.0
21 24 1.8253962
21 35 0.033757396
21 12 0.24476865
21 15 15.696696
22 31 48.30642
22 9 0.05152275
22 19 2000.0
23 0 2000.0
23 30 2.4929726
23 8 1.0972376
23 2 16.144447
23 37 1.9972767
23 18 1.685433
23 7 1.8015069
23 16 3.9101355
23 11 2000.0
23 29 1.9731312
23 5 5.052979
24 26 0.040887237
24 32 0.3376155
24 10 0.0945172
24 21 1.8253962
24 12 0.07896521
24 15 2000.0
24 17 0.06542039
25 0 320.0
25 30 13.30725
25 13 0.25128675
25 33 0.7202548
25 11 0.42777893
25 29 1.4744949
25 34 4.999685
25 20 0.61666524
25 2 0.620151
25 14 2.6008391
25 37 44.29152
25 7 1.7030307
25 27 0.22573863
25 16 0.74424547
26 32 34.922447
26 28 0.063865915
26 10 0.034325402
26 24 0.040887237
26 31 0.12532236
26 12 0.8525935
26 17 1.6717986
27 30 0.2981421
27 0 2000.0
27 8 1.2760104
27 18 168.68391
27 13 0.35734788
27 33 0.7444311
27 11 0.7213175
27 29 0.8146332
27 5 3.2613637
27 34 1.1058116
27 20 1.1306149
27 2 1.3989563
27 14 2.9841957
27 37 1.0300391
27 7 2000.0
27 16 1.3021082
27 25 0.22573863
28 36 0.035346523
28 26 0.063865915
28 10 0.40787882
28 12 1204.8296
28 9 1.0442791
28 19 165.09775
29 0 14.979468
29 30 2.5278754
29 8 0.7122748
29 18 1.1235132
29 13 1.2553293
29 33 13.71877
29 11 0.99230766
29 5 6.8319545
29 34 2.5862865
29 20 6.531458
29 2 1.3067741
29 37 0.806572
29 7 2000.0
29 27 0.8146332
29 16 2000.0
29 23 1.9731312
29 25 1.4744949
30 8 0.46874765
30 18 0.7558918
30 13 29.378336
30 33 11.659631
30 11 0.7415043
30 29 2.5278754
30 5 1.1207185
30 34 0.9784513
30 20 2.4572754
30 2 17.61476
30 14 9.426136
30 37 13.013896
30 7 1.9178736
30 27 0.2981421
30 16 1.1208807
30 23 2.4929726
30 25 13.30725
31 26 0.12532236
31 6 0.1101303
31 10 1.7163444
31 35 11.951064
31 22 48.30642
31 9 0.029009199
31 4 0.068926975
31 17 0.96648896
31 19 0.12084361
32 26 34.922447
32 24 0.3376155
32 12 6.7680483
32 15 0.0808315
33 30 11.659631
33 8 2000.0
33 13 0.973514
33 11 1.3916245
33 29 13.71877
33 5 2000.0
33 34 2000.0
33 20 1.1399086
33 2 2.295396
33 14 0.571845
33 7 2000.0
33 27 0.7444311
33 16 2040.0568
33 25 0.7202548
34 30 0.9784513
34 20 1.3626844
34 8 37.520603
34 37 2000.0
34 13 97.74077
34 7 829.92993
34 27 1.1058116
34 16 72.1598
34 11 1.8111516
34 29 2.5862865
34 25 4.999685
34 5 1.460604
35 21 0.033757396
35 31 11.951064
36 28 0.035346523
36 3 0.45508206
36 9 0.4403776
37 30 13.013896
37 0 4.551171
37 8 1.6257868
37 18 4.36772
37 13 1.9128468
37 11 1.123114
37 29 0.806572
37 5 7.834406
37 20 3.590768
37 2 0.8795185
37 7 55.084953
37 27 1.0300391
37 16 2000.0
37 23 1.9972767
37 25 44.29152
