0 2 0.8622269
0 37 2.1605537
0 13 0.9478848
0 29 16.232367
0 25 160.0
1 3 0.9347963
1 12 24.46237
2 30 38.57045
2 0 0.8622269
2 8 1.205431
2 18 2.298722
2 13 0.39320073
2 33 2.9560444
2 11 1.3302313
2 29 1.3440764
2 20 3.868182
2 37 0.8039995
2 27 1.6879501
2 16 2000.0
2 23 6.8595343
2 25 0.92998034
3 36 0.91019744
3 28 14.363769
3 24 282.49774
3 12 0.06433284
3 1 0.9347963
3 9 0.48848975
4 31 0.086735144
4 9 0.07703598
4 17 0.13569215
4 19 0.08303303
5 30 0.9061746
5 8 0.6795853
5 18 0.8728781
5 13 80.6
5 11 2.1019888
5 29 2.1554205
5 34 4.462145
5 20 2.0646286
5 37 14.636032
5 7 8.079967
5 27 4.2095375
5 16 1.2629527
5 23 3.3542798
5 25 2000.0
6 31 0.20128462
6 17 2.044532
7 30 0.7867465
7 20 34.50136
7 8 5.4746304
7 37 191.87071
7 16 2.070374
7 23 1.8122889
7 25 2.8333652
7 5 8.079967
8 0 2000.0
8 30 0.5117425
8 18 1.3259639
8 13 1.5138398
8 11 1.0035088
8 29 1.0249652
8 5 0.6795853
8 34 81.82085
8 2 1.205431
8 37 1.1896378
8 7 5.4746304
8 27 1.0274386
8 16 1.524233
8 23 1.5071572
8 25 2000.0
9 36 0.8996238
9 26 2000.0
9 28 1.0726584
9 10 7.6745152
9 22 0.07897727
9 31 0.030236185
9 12 2000.0
9 3 0.48848975
9 4 0.07703598
9 17 0.04168219
9 19 0.097681455
10 26 0.04242424
10 28 0.23467743
10 24 0.07643337
10 31 1.5223149
10 12 58.52818
10 9 7.6745152
10 17 0.030508662
11 0 2000.0
11 30 0.67935616
11 8 1.0035088
11 18 3.6191738
11 13 0.94139594
11 33 2.6210208
11 29 0.78509414
11 5 2.1019888
11 34 3.2680602
11 20 1.3955152
11 2 1.3302313
11 37 1.538055
11 7 3518.182
11 27 1.3150786
11 16 1.1903088
11 25 0.80953026
12 26 2.1512403
12 32 7.441207
12 28 48.324055
12 10 58.52818
12 24 0.06822839
12 21 0.2521381
12 3 0.06433284
12 1 24.46237
13 30 70.92559
13 0 0.9478848
13 8 1.5138398
13 18 28.553543
13 33 1.3375587
13 11 0.94139594
13 29 0.785897
13 5 80.6
13 34 74.24243
13 20 1.1643308
13 2 0.39320073
13 14 11.138667
13 37 1.2139202
13 7 2000.0
13 27 2.8424804
13 16 75.30438
13 25 0.25769454
14 30 34.53231
14 20 3.5416856
14 13 11.138667
14 27 6.0488386
14 33 0.6397563
14 11 2000.0
14 25 1.7830153
15 32 0.063868225
15 21 38.062603
16 34 63.32086
16 30 1.101304
16 20 28.571428
16 8 1.524233
16 18 2.0904355
16 13 75.30438
16 7 2.070374
16 27 1.3439461
16 11 1.1903088
16 23 2.4922419
16 25 0.70475966
16 5 1.2629527
17 6 2.044532
17 26 1.420706
17 10 0.030508662
17 24 0.07634677
17 31 0.98280954
17 9 0.04168219
17 4 0.13569215
17 19 2000.0
18 0 2000.0
18 30 0.93628246
18 8 1.3259639
18 13 28.553543
18 11 3.6191738
18 29 1.1405652
18 5 0.8728781
18 2 2.298722
18 37 2.940229
18 7 2000.0
18 27 53.759712
18 16 2.0904355
18 23 1.4154339
19 28 93.15283
19 31 0.0811732
19 9 0.097681455
19 4 0.08303303
20 30 1.8162594
20 8 2000.0
20 13 1.1643308
20 33 1.3101776
20 11 1.3955152
20 29 15.515568
20 5 2.0646286
20 34 0.9209447
20 2 3.868182
20 14 3.5416856
20 37 2.0519032
20 7 34.50136
20 27 1.8481818
20 16 28.571428
20 25 0.5842299
21 32 2000.0
21 24 0.68790305
21 35 0.03346895
21 12 0.2521381
21 15 38.062603
22 31 160.0
22 9 0.07897727
22 19 2000.0
23 0 2000.0
23 30 2.035985
23 8 1.5071572
23 2 6.8595343
23 37 1.5027518
23 18 1.4154339
23 7 1.8122889
23 16 2.4922419
23 11 2000.0
23 29 1.0601199
23 5 3.3542798
24 26 0.04453831
24 32 0.36273244
24 10 0.07643337
24 21 0.68790305
24 12 0.06822839
24 3 282.49774
24 15 2000.0
24 17 0.07634677
25 0 160.0
25 30 15.939746
25 13 0.25769454
25 33 1.0976387
25 11 0.80953026
25 29 1.4657348
25 34 1.4759718
25 20 0.5842299
25 2 0.92998034
25 14 1.7830153
25 37 65.39655
25 7 2.8333652
25 27 0.24397728
25 16 0.70475966
26 32 66.66667
26 28 0.055507272
26 10 0.04242424
26 24 0.04453831
26 31 0.34221655
26 12 2.1512403
26 17 1.420706
27 30 0.18241331
27 0 2000.0
27 8 1.0274386
27 18 53.759712
27 13 2.8424804
27 33 0.7076391
27 11 1.3150786
27 29 2.5663471
27 5 4.2095375
27 34 1.9449588
27 20 1.8481818
27 2 1.6879501
27 14 6.0488386
27 37 1.5804185
27 7 2000.0
27 16 1.3439461
27 25 0.24397728
28 36 0.03555679
28 26 0.055507272
28 10 0.23467743
28 3 14.363769
28 12 48.324055
28 9 1.0726584
28 19 93.15283
29 0 16.232367
29 30 2.367056
29 8 1.0249652
29 18 1.1405652
29 13 0.785897
29 33 8.646132
29 11 0.78509414
29 5 2.1554205
29 34 3.5826943
29 20 15.515568
29 2 1.3440764
29 37 0.53961176
29 7 2000.0
29 27 2.5663471
29 16 2000.0
29 23 1.0601199
29 25 1.4657348
30 8 0.5117425
30 18 0.93628246
30 13 70.92559
30 33 5.494577
30 11 0.67935616
30 29 2.367056
30 5 0.9061746
30 34 1.1063205
30 20 1.8162594
30 2 38.57045
30 14 34.53231
30 37 11.047503
30 7 0.7867465
30 27 0.18241331
30 16 1.101304
30 23 2.035985
30 25 15.939746
31 26 0.34221655
31 6 0.20128462
31 10 1.5223149
31 35 16.139393
31 22 160.0
31 9 0.030236185
31 4 0.086735144
31 17 0.98280954
31 19 0.0811732
32 26 66.66667
32 24 0.36273244
32 12 7.441207
32 15 0.063868225
33 30 5.494577
33 13 1.3375587
33 11 2.6210208
33 29 8.646132
33 5 2000.0
33 34 2000.0
33 20 1.3101776
33 2 2.9560444
33 14 0.6397563
33 7 2000.0
33 27 0.7076391
33 16 2422.443
33 25 1.0976387
34 30 1.1063205
34 20 0.9209447
34 8 81.82085
34 37 2000.0
34 7 2000.0
34 13 74.24243
34 27 1.9449588
34 16 63.32086
34 11 3.2680602
34 29 3.5826943
34 25 1.4759718
34 5 4.462145
35 21 0.03346895
35 31 16.139393
36 28 0.03555679
36 3 0.91019744
36 9 0.8996238
37 30 11.047503
37 0 2.1605537
37 8 1.1896378
37 18 2.940229
37 13 1.2139202
37 11 1.538055
37 29 0.53961176
37 5 14.636032
37 20 2.0519032
37 2 0.8039995
37 7 191.87071
37 27 1.5804185
37 16 2000.0
37 23 1.5027518
37 25 65.39655
