0 8 11.549012
0 2 0.9546684
0 37 1.1351224
0 13 0.9890778
0 11 336.13016
0 25 2000.0
0 29 12.281166
1 3 0.37496454
1 12 1206.4204
2 30 15.041484
2 0 0.9546684
2 8 1.6223034
2 18 5.6232314
2 13 0.2888756
2 33 3.448633
2 11 0.89059114
2 29 1.0608461
2 20 2.8339174
2 37 1.2822207
2 27 0.63929284
2 23 72.72727
2 25 1.1019007
3 36 0.20049529
3 28 0.13271531
3 24 2000.0
3 12 0.066665284
3 1 0.37496454
3 9 0.3780139
4 31 0.080125354
4 9 0.0696442
4 17 0.07493812
4 19 0.07972874
5 30 0.73495764
5 8 0.8632205
5 18 0.40566322
5 13 2000.0
5 11 4.677915
5 29 4.832112
5 34 2.8709328
5 20 1.3485211
5 37 2000.0
5 7 6.5876684
5 27 2.0139792
5 16 1.7191118
5 23 2.8820927
6 22 79.96997
6 31 1.5261374
6 17 1.8657916
7 34 11.101406
7 30 0.6621956
7 20 1.7777332
7 8 31.034483
7 37 10.450892
7 27 114.28571
7 16 1.2087996
7 11 4.876179
7 23 1.0577009
7 25 7.300841
7 5 6.5876684
8 0 11.549012
8 30 0.5967443
8 18 1.0088117
8 13 2.7468045
8 11 0.47629085
8 29 0.48117518
8 5 0.8632205
8 34 4.916337
8 2 1.6223034
8 37 1.1641334
8 7 31.034483
8 27 0.9976077
8 16 1.2915468
8 23 0.8720604
9 36 1.2728325
9 26 2000.0
9 28 0.6897234
9 10 3.0898538
9 22 0.6004055
9 31 0.030641025
9 3 0.3780139
9 12 2000.0
9 17 0.0417522
9 4 0.0696442
9 19 0.06516212
10 26 0.033240356
10 28 0.18675238
10 24 0.061387815
10 31 0.029082092
10 12 1.8480102
10 9 3.0898538
10 17 0.02991271
11 0 336.13016
11 30 0.46086156
11 8 0.47629085
11 18 5.8775125
11 13 0.51854706
11 33 2.2161188
11 29 1.0082753
11 5 4.677915
11 34 3.580295
11 20 1.0251534
11 2 0.89059114
11 37 1.3401581
11 7 4.876179
11 27 0.65334344
11 16 0.9406882
11 25 0.91533077
12 26 1.5306768
12 28 5.5665045
12 32 0.43837783
12 10 1.8480102
12 24 0.06950323
12 21 0.082803845
12 3 0.066665284
12 1 1206.4204
13 30 1.0410173
13 0 0.9890778
13 8 2.7468045
13 18 52.27013
13 33 0.8216391
13 11 0.51854706
13 29 0.7260864
13 34 14.849501
13 20 0.91344994
13 2 0.2888756
13 14 1.7644899
13 37 2.3159642
13 27 0.19497728
13 16 60.855366
13 25 0.44722328
14 20 0.9937036
14 13 1.7644899
14 33 0.47025007
14 27 2.9314208
14 11 2000.0
14 25 2.5088975
15 32 0.07762446
15 21 2.1930068
16 0 2000.0
16 30 1.0330348
16 8 1.2915468
16 18 0.91829616
16 13 60.855366
16 11 0.9406882
16 29 38.102516
16 5 1.7191118
16 20 7.630058
16 37 45.402905
16 7 1.2087996
16 27 1.3415774
16 23 8.431364
16 25 1.0816994
17 26 1.8485881
17 6 1.8657916
17 10 0.02991271
17 24 0.23315328
17 31 1.0555731
17 9 0.0417522
17 4 0.07493812
17 19 2.596351
18 30 0.6631804
18 2 5.6232314
18 8 1.0088117
18 37 1.0630969
18 13 52.27013
18 7 2000.0
18 27 2.9692192
18 16 0.91829616
18 23 1.4335613
18 11 5.8775125
18 29 0.9553125
18 5 0.40566322
19 31 0.06427174
19 9 0.06516212
19 17 2.596351
19 4 0.07972874
20 30 7.6888347
20 13 0.91344994
20 33 1.0134362
20 11 1.0251534
20 29 1.7452468
20 5 1.3485211
20 34 0.8454628
20 2 2.8339174
20 14 0.9937036
20 37 3.422855
20 7 1.7777332
20 27 0.26816338
20 16 7.630058
20 25 0.37576705
21 32 2000.0
21 10 2000.0
21 24 0.10537542
21 35 0.080241196
21 12 0.082803845
21 15 2.1930068
22 6 79.96997
22 31 1290.3977
22 9 0.6004055
22 19 1289.6592
23 0 2000.0
23 30 1.0843925
23 2 72.72727
23 8 0.8720604
23 37 2.2413733
23 18 1.4335613
23 7 1.0577009
23 16 8.431364
23 11 2000.0
23 29 2.319703
23 5 2.8820927
24 26 0.055645663
24 32 0.10330828
24 10 0.061387815
24 21 0.10537542
24 31 14.429276
24 12 0.06950323
24 15 2000.0
24 17 0.23315328
25 0 2000.0
25 30 1.534381
25 13 0.44722328
25 33 0.41369504
25 11 0.91533077
25 29 2.7854447
25 34 4.309854
25 20 0.37576705
25 2 1.1019007
25 14 2.5088975
25 37 12.65909
25 7 7.300841
25 27 0.5319152
25 16 1.0816994
26 36 71.111115
26 32 18.304482
26 28 0.034875125
26 10 0.033240356
26 24 0.055645663
26 31 0.050193757
26 12 1.5306768
26 17 1.8485881
27 0 2000.0
27 30 0.21823393
27 8 0.9976077
27 18 2.9692192
27 13 0.19497728
27 33 0.78785783
27 11 0.65334344
27 29 0.60065925
27 5 2.0139792
27 34 1.901336
27 20 0.26816338
27 2 0.63929284
27 14 2.9314208
27 37 1.4222218
27 7 114.28571
27 16 1.3415774
27 25 0.5319152
28 36 0.033191036
28 26 0.034875125
28 10 0.18675238
28 3 0.13271531
28 12 5.5665045
28 9 0.6897234
29 30 2.4223673
29 0 12.281166
29 8 0.48117518
29 18 0.9553125
29 13 0.7260864
29 11 1.0082753
29 5 4.832112
29 34 9.175255
29 20 1.7452468
29 2 1.0608461
29 37 0.94667333
29 7 2000.0
29 27 0.60065925
29 16 38.102516
29 23 2.319703
29 25 2.7854447
30 0 2000.0
30 8 0.5967443
30 18 0.6631804
30 13 1.0410173
30 33 2.363016
30 11 0.46086156
30 29 2.4223673
30 5 0.73495764
30 34 2.7667987
30 20 7.6888347
30 2 15.041484
30 14 2000.0
30 37 6.872024
30 7 0.6621956
30 27 0.21823393
30 16 1.0330348
30 23 1.0843925
30 25 1.534381
31 26 0.050193757
31 6 1.5261374
31 10 0.029082092
31 24 14.429276
31 9 0.030641025
31 17 1.0555731
31 4 0.080125354
31 19 0.06427174
32 26 18.304482
32 24 0.10330828
32 12 0.43837783
32 15 0.07762446
33 30 2.363016
33 13 0.8216391
33 11 2.2161188
33 29 3275.3408
33 5 2000.0
33 34 2000.0
33 20 1.0134362
33 2 3.448633
33 14 0.47025007
33 7 2000.0
33 27 0.78785783
33 16 1998.8635
33 25 0.41369504
34 30 2.7667987
34 20 0.8454628
34 8 4.916337
34 7 11.101406
34 13 14.849501
34 27 1.901336
34 16 5535.0566
34 11 3.580295
34 25 4.309854
34 29 9.175255
34 5 2.8709328
35 21 0.080241196
36 26 71.111115
36 28 0.033191036
36 3 0.20049529
36 9 1.2728325
37 30 6.872024
37 0 1.1351224
37 8 1.1641334
37 18 1.0630969
37 13 2.3159642
37 11 1.3401581
37 29 0.94667333
37 20 3.422855
37 2 1.2822207
37 7 10.450892
37 27 1.4222218
37 16 45.402905
37 23 2.2413733
37 25 12.65909
