0 2 0.9435376
0 37 2.0640714
0 13 0.9865444
0 29 31.364204
0 25 24.3417
1 3 1.0751009
1 12 10.024627
2 30 10.899474
2 0 0.9435376
2 8 0.9812566
2 18 2.0544868
2 13 0.45402938
2 33 1.5695912
2 11 2.0334194
2 29 1.2380221
2 20 4.459854
2 37 0.9524281
2 27 0.6972452
2 16 2000.0
2 23 12.360923
2 25 0.548509
3 36 0.85860884
3 28 2.351435
3 24 1134.375
3 12 0.06637001
3 1 1.0751009
3 9 0.823532
4 31 0.06719027
4 9 0.08548808
4 17 0.12677057
4 19 0.068668574
5 30 0.65258664
5 8 0.5188951
5 18 0.7541225
5 13 10.962281
5 11 2.4733796
5 29 2.3692827
5 34 1.7859584
5 20 2.5194225
5 37 11.428197
5 7 14.900278
5 27 1.1641281
5 16 2.1718774
5 23 2.2233706
5 25 2000.0
6 31 0.16849342
6 17 1.5053136
7 34 200.0
7 30 0.77315116
7 20 1309.2614
7 8 5.6683884
7 16 1.4224136
7 11 57.48325
7 23 1.4249725
7 25 4.030922
7 5 14.900278
8 0 2000.0
8 30 0.34261364
8 18 1.1519836
8 13 0.664183
8 11 1.0164638
8 29 0.6868091
8 5 0.5188951
8 34 61.71212
8 2 0.9812566
8 37 0.95136225
8 7 5.6683884
8 27 1.456848
8 16 1.3370172
8 23 0.84758
8 25 2000.0
9 36 0.83538157
9 26 2000.0
9 28 0.9923924
9 10 30.948534
9 22 0.05773411
9 31 0.030616619
9 12 2000.0
9 3 0.823532
9 4 0.08548808
9 17 0.038414866
9 19 0.07808835
10 26 0.03197227
10 28 0.28810605
10 24 0.07401182
10 31 22.3913
10 12 91.29545
10 9 30.948534
10 17 0.030609798
11 0 2000.0
11 30 0.8739489
11 8 1.0164638
11 18 13.489245
11 13 0.87727624
11 33 2.3844297
11 29 0.90568185
11 5 2.4733796
11 34 1.6857389
11 20 1.153835
11 2 2.0334194
11 37 1.4856714
11 7 57.48325
11 27 0.6547269
11 16 0.95136917
11 25 0.731172
12 26 0.45270297
12 32 9.988457
12 10 91.29545
12 24 0.06725338
12 21 0.18931335
12 3 0.06637001
12 1 10.024627
13 30 32.914925
13 0 0.9865444
13 8 0.664183
13 18 68.155
13 33 1.0384194
13 11 0.87727624
13 29 1.1850045
13 5 10.962281
13 34 3346.875
13 20 0.9139055
13 2 0.45402938
13 14 7.702683
13 37 1.0515176
13 7 2000.0
13 27 0.3220842
13 16 24.779005
13 25 0.22920194
14 30 8.980137
14 20 1.9194022
14 13 7.702683
14 27 3.5770512
14 33 0.45274112
14 11 2000.0
14 25 3.1005461
15 32 0.07756724
15 24 2000.0
15 21 7.384091
16 30 1.0749063
16 0 2000.0
16 8 1.3370172
16 18 1.3192554
16 13 24.779005
16 11 0.95136917
16 5 2.1718774
16 34 47.81993
16 20 26.595098
16 7 1.4224136
16 27 1.3232636
16 23 2.6076412
16 25 0.93098503
17 6 1.5053136
17 26 1.286986
17 10 0.030609798
17 24 0.22024159
17 31 0.98804456
17 9 0.038414866
17 4 0.12677057
17 19 144.1003
18 0 2000.0
18 30 0.7223733
18 8 1.1519836
18 13 68.155
18 11 13.489245
18 29 0.9445526
18 5 0.7541225
18 2 2.0544868
18 37 2.405585
18 7 2000.0
18 27 22.783482
18 16 1.3192554
18 23 1.1124257
19 31 0.06018026
19 9 0.07808835
19 17 144.1003
19 4 0.068668574
20 30 1.4089301
20 13 0.9139055
20 33 1.173698
20 11 1.153835
20 29 17.026957
20 5 2.5194225
20 34 0.80977905
20 2 4.459854
20 14 1.9194022
20 37 2.8597517
20 7 1309.2614
20 27 1.6370263
20 16 26.595098
20 25 0.6363062
21 32 2000.0
21 10 2000.0
21 24 0.8210667
21 35 0.032026704
21 12 0.18931335
21 15 7.384091
22 31 2000.0
22 9 0.05773411
22 19 2000.0
23 0 2000.0
23 30 1.9663404
23 8 0.84758
23 2 12.360923
23 37 1.1367446
23 18 1.1124257
23 7 1.4249725
23 16 2.6076412
23 11 2000.0
23 29 1.3340051
23 5 2.2233706
24 26 0.04186018
24 32 0.4561287
24 10 0.07401182
24 21 0.8210667
24 12 0.06725338
24 15 2000.0
24 17 0.22024159
25 0 24.3417
25 30 16.473648
25 13 0.22920194
25 33 0.6016674
25 11 0.731172
25 29 2.3889966
25 34 1.5874436
25 20 0.6363062
25 2 0.548509
25 14 3.1005461
25 37 53.333336
25 7 4.030922
25 27 0.23127022
25 16 0.93098503
26 32 1096.0227
26 28 0.07317026
26 10 0.03197227
26 24 0.04186018
26 31 0.24010874
26 12 0.45270297
26 17 1.286986
27 30 0.19709659
27 0 2000.0
27 8 1.456848
27 18 22.783482
27 13 0.3220842
27 33 0.7647239
27 11 0.6547269
27 29 0.9204835
27 5 1.1641281
27 34 1.0970716
27 20 1.6370263
27 2 0.6972452
27 14 3.5770512
27 37 1.0880961
27 7 7117.8975
27 16 1.3232636
27 25 0.23127022
28 36 0.034303814
28 26 0.07317026
28 10 0.28810605
28 3 2.351435
28 12 1209.4886
28 9 0.9923924
28 19 1370.7955
29 0 31.364204
29 30 0.95788765
29 8 0.6868091
29 18 0.9445526
29 13 1.1850045
29 33 16.398886
29 11 0.90568185
29 5 2.3692827
29 34 2.4731247
29 20 17.026957
29 2 1.2380221
29 37 0.6627825
29 7 2000.0
29 27 0.9204835
29 16 2000.0
29 23 1.3340051
29 25 2.3889966
30 8 0.34261364
30 18 0.7223733
30 13 32.914925
30 33 7.31926
30 11 0.8739489
30 29 0.95788765
30 5 0.65258664
30 34 0.90714496
30 20 1.4089301
30 2 10.899474
30 14 8.980137
30 37 15.070612
30 7 0.77315116
30 27 0.19709659
30 16 1.0749063
30 23 1.9663404
30 25 16.473648
31 26 0.24010874
31 6 0.16849342
31 10 22.3913
31 35 36.592613
31 9 0.030616619
31 4 0.06719027
31 17 0.98804456
31 19 0.06018026
32 24 0.4561287
32 12 9.988457
32 15 0.07756724
33 34 2000.0
33 30 7.31926
33 20 1.173698
33 2 1.5695912
33 14 0.45274112
33 7 2000.0
33 13 1.0384194
33 27 0.7647239
33 16 3017.898
33 11 2.3844297
33 29 16.398886
33 25 0.6016674
34 30 0.90714496
34 20 0.80977905
34 8 61.71212
34 37 2000.0
34 7 200.0
34 27 1.0970716
34 16 47.81993
34 11 1.6857389
34 29 2.4731247
34 25 1.5874436
34 5 1.7859584
35 21 0.032026704
35 31 36.592613
36 28 0.034303814
36 3 0.85860884
36 9 0.83538157
37 30 15.070612
37 0 2.0640714
37 8 0.95136225
37 18 2.405585
37 13 1.0515176
37 11 1.4856714
37 29 0.6627825
37 5 11.428197
37 20 2.8597517
37 2 0.9524281
37 7 2885.625
37 27 1.0880961
37 16 2000.0
37 23 1.1367446
37 25 53.333336
