0 2 2.763831
0 37 1.041591
0 13 1.7085893
0 29 24.116882
0 25 24.561403
1 3 1.1428292
1 12 35.574417
2 30 21.428734
2 0 2.763831
2 8 1.2619171
2 18 1.814723
2 13 0.57096976
2 33 2.7253315
2 11 1.3405809
2 29 1.1378795
2 20 2.6788635
2 37 0.9177083
2 27 1.150972
2 16 2000.0
2 23 8.702892
2 25 1.3624645
3 36 0.6562407
3 28 4.331195
3 24 1134.375
3 12 0.06350685
3 1 1.1428292
3 9 0.6992635
4 31 0.06755084
4 9 0.08972616
4 17 0.12480503
4 19 0.0694528
5 30 0.6161128
5 8 0.31091306
5 18 0.93818605
5 13 21.021149
5 11 1.4521863
5 29 1.82654
5 34 2.237818
5 20 3.6790104
5 37 6.377883
5 7 8.888352
5 27 2.0177672
5 16 1.6529632
5 23 3.959717
5 25 2000.0
6 31 0.16390952
6 17 3.282313
7 34 800.0
7 30 0.82187504
7 20 45.56842
7 8 10.252226
7 37 82.42768
7 27 160.0
7 16 1.0927455
7 23 1.3831933
7 25 4.2043824
7 5 8.888352
8 0 2000.0
8 30 0.52526903
8 18 1.1795994
8 13 1.0132353
8 11 0.9060976
8 29 0.36469063
8 5 0.31091306
8 34 50.24912
8 2 1.2619171
8 37 1.1602664
8 7 10.252226
8 27 1.3331912
8 16 1.5893534
8 23 1.0123782
8 25 2000.0
9 36 0.3623957
9 26 2000.0
9 28 1.0263755
9 10 18.01428
9 22 0.05968641
9 31 0.029071283
9 12 2000.0
9 3 0.6992635
9 4 0.08972616
9 17 0.031341646
9 19 0.07597141
10 26 0.03034375
10 28 0.28651026
10 24 0.07326447
10 31 30.264204
10 12 1741.1931
10 9 18.01428
10 17 0.029565884
11 0 2000.0
11 30 1.128405
11 8 0.9060976
11 18 10.525661
11 13 0.84013295
11 33 1.6443743
11 29 0.78829086
11 5 1.4521863
11 34 4.993659
11 20 1.659249
11 2 1.3405809
11 37 1.4932438
11 7 1678.5227
11 27 0.62445974
11 16 1.0940824
11 25 1.1448154
12 26 0.8926306
12 32 3.333161
12 24 0.06611762
12 21 0.13044381
12 3 0.06350685
12 1 35.574417
13 30 102.62947
13 0 1.7085893
13 8 1.0132353
13 18 700.9545
13 33 1.1562735
13 11 0.84013295
13 29 1.0248152
13 5 21.021149
13 34 519.3068
13 20 1.4040387
13 2 0.57096976
13 14 10.098261
13 37 0.9688143
13 7 2000.0
13 27 0.45735177
13 16 36.429882
13 25 0.43098798
14 30 7.676107
14 20 2.8196576
14 13 10.098261
14 27 3.5841992
14 33 1.0277451
14 11 2000.0
14 25 3.7254047
15 32 0.06775098
15 21 8.953852
16 30 1.0749143
16 0 2000.0
16 8 1.5893534
16 18 1.3385234
16 13 36.429882
16 11 1.0940824
16 5 1.6529632
16 34 133.41972
16 20 50.759453
16 7 1.0927455
16 27 1.9379928
16 23 2.496821
16 25 1.3807802
17 6 3.282313
17 26 1.4907249
17 10 0.029565884
17 24 0.18385082
17 31 0.94733393
17 9 0.031341646
17 4 0.12480503
17 19 1299.7727
18 0 2000.0
18 30 0.7572188
18 8 1.1795994
18 13 700.9545
18 11 10.525661
18 29 1.0823427
18 5 0.93818605
18 2 1.814723
18 37 3.1182466
18 7 2000.0
18 27 33.50087
18 16 1.3385234
18 23 1.3435563
19 28 54.525757
19 31 0.10431503
19 9 0.07597141
19 4 0.0694528
20 0 2000.0
20 30 2.33486
20 13 1.4040387
20 33 1.2817819
20 11 1.659249
20 29 13.997843
20 5 3.6790104
20 34 1.0682646
20 2 2.6788635
20 14 2.8196576
20 37 4.5027127
20 7 45.56842
20 27 2.2211752
20 16 50.759453
20 25 0.7651143
21 26 2000.0
21 32 2000.0
21 24 0.64244336
21 35 0.03526515
21 31 2000.0
21 12 0.13044381
21 15 8.953852
22 31 177.77777
22 9 0.05968641
22 19 2000.0
23 30 1.7512258
23 0 2000.0
23 8 1.0123782
23 2 8.702892
23 37 1.7778646
23 18 1.3435563
23 7 1.3831933
23 16 2.496821
23 11 2000.0
23 29 1.0247567
23 5 3.959717
24 26 0.038092397
24 32 0.39609993
24 10 0.07326447
24 21 0.64244336
24 12 0.06611762
24 15 2000.0
24 17 0.18385082
25 0 24.561403
25 30 31.419382
25 13 0.43098798
25 33 0.66184413
25 11 1.1448154
25 29 2.098605
25 34 2.5386326
25 20 0.7651143
25 2 1.3624645
25 14 3.7254047
25 37 25.75149
25 7 4.2043824
25 27 0.24127261
25 16 1.3807802
26 32 43.81158
26 28 0.060942084
26 10 0.03034375
26 24 0.038092397
26 31 0.16470094
26 12 0.8926306
26 17 1.4907249
27 30 0.4933171
27 0 2000.0
27 8 1.3331912
27 18 33.50087
27 13 0.45735177
27 33 0.8288206
27 11 0.62445974
27 29 0.7301058
27 5 2.0177672
27 34 3.1590352
27 20 2.2211752
27 2 1.150972
27 14 3.5841992
27 37 1.0238855
27 7 160.0
27 16 1.9379928
27 25 0.24127261
28 36 0.03359414
28 26 0.060942084
28 10 0.28651026
28 3 4.331195
28 12 1209.4886
28 9 1.0263755
28 19 54.525757
29 0 24.116882
29 30 0.5491084
29 8 0.36469063
29 18 1.0823427
29 13 1.0248152
29 33 9.311909
29 11 0.78829086
29 5 1.82654
29 34 9.117133
29 20 13.997843
29 2 1.1378795
29 37 0.8126764
29 7 2000.0
29 27 0.7301058
29 16 2000.0
29 23 1.0247567
29 25 2.098605
30 8 0.52526903
30 18 0.7572188
30 13 102.62947
30 33 8.132848
30 11 1.128405
30 29 0.5491084
30 5 0.6161128
30 34 1.0929123
30 20 2.33486
30 2 21.428734
30 14 7.676107
30 37 21.150293
30 7 0.82187504
30 27 0.4933171
30 16 1.0749143
30 23 1.7512258
30 25 31.419382
31 26 0.16470094
31 6 0.16390952
31 10 30.264204
31 35 72.798096
31 22 177.77777
31 9 0.029071283
31 4 0.06755084
31 17 0.94733393
31 19 0.10431503
32 26 43.81158
32 24 0.39609993
32 12 3.333161
32 15 0.06775098
33 30 8.132848
33 8 2000.0
33 13 1.1562735
33 11 1.6443743
33 29 9.311909
33 5 2000.0
33 34 2000.0
33 20 1.2817819
33 2 2.7253315
33 14 1.0277451
33 7 2000.0
33 27 0.8288206
33 16 3017.898
33 25 0.66184413
34 30 1.0929123
34 20 1.0682646
34 8 50.24912
34 37 2000.0
34 7 800.0
34 27 3.1590352
34 16 133.41972
34 11 4.993659
34 29 9.117133
34 25 2.5386326
34 5 2.237818
35 21 0.03526515
35 31 72.798096
36 28 0.03359414
36 3 0.6562407
36 9 0.3623957
37 30 21.150293
37 0 1.041591
37 8 1.1602664
37 18 3.1182466
37 13 0.9688143
37 11 1.4932438
37 29 0.8126764
37 5 6.377883
37 20 4.5027127
37 2 0.9177083
37 7 82.42768
37 27 1.0238855
37 16 2000.0
37 23 1.7778646
37 25 25.75149
