0 8 7.9034643
0 2 0.60934126
0 37 1.0349815
0 13 1.2519071
0 11 100.0
0 29 8.440031
0 25 2000.0
1 3 0.25246212
1 12 34.726704
2 30 30.448166
2 0 0.60934126
2 8 1.6656967
2 18 8.492999
2 13 1.839115
2 33 3.1759393
2 11 1.9112463
2 29 1.54439
2 20 10.59971
2 37 2.2793372
2 27 1.6447353
2 16 2000.0
2 23 57.131172
2 25 1.1256961
3 36 0.24026805
3 28 0.10625
3 24 2000.0
3 12 0.072869994
3 1 0.25246212
3 9 0.48667935
4 31 0.09379803
4 9 0.06389828
4 17 0.09068622
4 19 0.080203794
5 30 1.0952158
5 8 1.4950857
5 18 0.70615923
5 13 213.04346
5 11 2.264812
5 29 5.539715
5 34 6.206488
5 20 4.9547486
5 37 2000.0
5 7 9.396675
5 27 2.7941608
5 16 2.43183
5 23 8.57739
6 31 1.0173292
6 17 0.9482303
7 34 15.604978
7 30 0.99861485
7 20 1.8416674
7 8 36.163605
7 37 23.282888
7 27 200.0
7 16 2.0718553
7 11 13.580384
7 23 1.3391647
7 25 11.167535
7 5 9.396675
8 0 7.9034643
8 30 0.71900195
8 18 1.35866
8 13 7.2989016
8 11 3.1891384
8 29 0.99182147
8 5 1.4950857
8 34 7.9223475
8 2 1.6656967
8 37 2.444687
8 7 36.163605
8 27 1.9306221
8 16 1.7321773
8 23 1.2271631
9 36 0.92312485
9 26 2000.0
9 28 8.226729
9 10 4.3039765
9 22 0.7513297
9 31 0.05595391
9 3 0.48667935
9 17 0.05480689
9 4 0.06389828
9 19 0.069042206
10 26 0.044998515
10 28 0.7164419
10 24 0.067014314
10 31 0.03155217
10 12 2.2132125
10 9 4.3039765
10 17 0.031190878
11 0 100.0
11 30 1.1544827
11 8 3.1891384
11 18 10.3193035
11 13 1.6906543
11 33 8.15386
11 29 1.6766366
11 5 2.264812
11 34 5.7429776
11 20 3.8351383
11 2 1.9112463
11 37 2.0003068
11 7 13.580384
11 27 0.6841087
11 16 1.8756851
11 25 1.5647646
12 26 1.0244697
12 28 6.5962605
12 32 0.25263825
12 10 2.2132125
12 24 0.10464126
12 21 0.0785693
12 3 0.072869994
12 1 34.726704
13 0 1.2519071
13 30 17.597149
13 8 7.2989016
13 18 2000.0
13 33 1.466418
13 11 1.6906543
13 29 1.1268817
13 5 213.04346
13 34 19.37803
13 20 1.8681493
13 2 1.839115
13 14 3.8880332
13 37 7.471661
13 27 0.21916392
13 16 225.29514
13 25 0.79337394
14 20 2.3007128
14 13 3.8880332
14 33 0.7013845
14 27 4.051097
14 11 2000.0
14 25 2.027253
15 32 0.112417094
15 21 7.3551927
16 30 1.1600322
16 0 2000.0
16 8 1.7321773
16 18 0.77792853
16 13 225.29514
16 11 1.8756851
16 29 277.2289
16 5 2.43183
16 20 6.804146
16 37 53.59339
16 7 2.0718553
16 27 1.5296745
16 23 8.804763
16 25 1.8792156
17 26 1.7943516
17 6 0.9482303
17 10 0.031190878
17 24 0.30512652
17 31 1.2434485
17 9 0.05480689
17 4 0.09068622
17 19 2.7202384
18 30 0.9365013
18 2 8.492999
18 8 1.35866
18 37 1.4871385
18 7 2000.0
18 27 5.584621
18 16 0.77792853
18 23 1.7819386
18 11 10.3193035
18 29 1.1777661
18 5 0.70615923
19 31 0.081348196
19 9 0.069042206
19 17 2.7202384
19 4 0.080203794
20 0 2000.0
20 30 13.282104
20 13 1.8681493
20 33 3.112559
20 11 3.8351383
20 29 2.7913313
20 5 4.9547486
20 34 1.338244
20 2 10.59971
20 14 2.3007128
20 37 27.865156
20 7 1.8416674
20 27 0.47720164
20 16 6.804146
20 25 1.0199184
21 32 2000.0
21 24 0.062474802
21 35 0.046632275
21 12 0.0785693
21 15 7.3551927
22 6 1055.7954
22 31 2000.0
22 9 0.7513297
22 19 1146.6477
23 0 2000.0
23 30 3.820785
23 2 57.131172
23 8 1.2271631
23 37 1.844836
23 18 1.7819386
23 7 1.3391647
23 16 8.804763
23 11 2000.0
23 29 1.7878733
23 5 8.57739
24 26 0.094735645
24 32 0.1203579
24 10 0.067014314
24 21 0.062474802
24 31 9.715458
24 12 0.10464126
24 15 2000.0
24 17 0.30512652
25 0 2000.0
25 30 2.519249
25 13 0.79337394
25 33 1.0508156
25 11 1.5647646
25 29 4.920903
25 34 4.693289
25 20 1.0199184
25 2 1.1256961
25 14 2.027253
25 37 27.303352
25 7 11.167535
25 27 1.156202
25 16 1.8792156
26 32 42.45753
26 28 0.04624857
26 10 0.044998515
26 24 0.094735645
26 31 0.06356332
26 12 1.0244697
26 17 1.7943516
27 0 2000.0
27 30 0.30269632
27 8 1.9306221
27 18 5.584621
27 13 0.21916392
27 33 0.83848304
27 11 0.6841087
27 29 0.5188066
27 5 2.7941608
27 34 1.002662
27 20 0.47720164
27 2 1.6447353
27 14 4.051097
27 37 5.7164826
27 7 200.0
27 16 1.5296745
27 25 1.156202
28 36 0.03600572
28 26 0.04624857
28 10 0.7164419
28 3 0.10625
28 12 6.5962605
28 9 8.226729
29 0 8.440031
29 30 2.5321462
29 8 0.99182147
29 18 1.1777661
29 13 1.1268817
29 11 1.6766366
29 5 5.539715
29 34 3.1912515
29 20 2.7913313
29 2 1.54439
29 37 1.7294986
29 7 2000.0
29 27 0.5188066
29 16 277.2289
29 23 1.7878733
29 25 4.920903
30 0 2000.0
30 8 0.71900195
30 18 0.9365013
30 13 17.597149
30 33 4.2473054
30 11 1.1544827
30 29 2.5321462
30 5 1.0952158
30 34 2.738234
30 20 13.282104
30 2 30.448166
30 14 2000.0
30 37 13.523626
30 7 0.99861485
30 27 0.30269632
30 16 1.1600322
30 23 3.820785
30 25 2.519249
31 26 0.06356332
31 6 1.0173292
31 10 0.03155217
31 24 9.715458
31 9 0.05595391
31 17 1.2434485
31 4 0.09379803
31 19 0.081348196
32 26 42.45753
32 24 0.1203579
32 12 0.25263825
32 15 0.112417094
33 30 4.2473054
33 13 1.466418
33 11 8.15386
33 29 2000.0
33 5 2000.0
33 34 2000.0
33 20 3.112559
33 2 3.1759393
33 14 0.7013845
33 7 2000.0
33 27 0.83848304
33 16 2000.0
33 25 1.0508156
34 30 2.738234
34 20 1.338244
34 8 7.9223475
34 7 15.604978
34 13 19.37803
34 27 1.002662
34 16 2000.0
34 11 5.7429776
34 25 4.693289
34 29 3.1912515
34 5 6.206488
35 21 0.046632275
36 26 2000.0
36 28 0.03600572
36 3 0.24026805
36 9 0.92312485
37 30 13.523626
37 0 1.0349815
37 8 2.444687
37 18 1.4871385
37 13 7.471661
37 11 2.0003068
37 29 1.7294986
37 20 27.865156
37 2 2.2793372
37 7 23.282888
37 27 5.7164826
37 16 53.59339
37 23 1.844836
37 25 27.303352
