0 8 8.117362
0 2 1.6401759
0 37 0.9038687
0 13 0.8866678
0 11 21.180334
0 29 16.038311
1 3 0.22114748
1 12 37.308388
2 30 12.863637
2 0 1.6401759
2 8 1.9894129
2 18 32.5356
2 13 1.0740641
2 33 2.3918211
2 11 2.5009856
2 29 1.2432449
2 20 4.5852895
2 37 0.88086665
2 27 2.3466232
2 16 2000.0
2 23 88.62074
2 25 1.8769766
3 36 0.29020217
3 28 0.093601406
3 24 180.00002
3 12 0.05070017
3 1 0.22114748
3 9 0.35135284
4 31 0.080663495
4 9 0.07528332
4 17 0.101281196
4 19 0.080920085
5 34 2.3589327
5 30 0.644304
5 20 2.2576203
5 8 0.52809566
5 37 2000.0
5 18 0.40826598
5 7 4.9611983
5 27 2.6325037
5 16 2.0341425
5 23 4.87564
5 11 3.799029
5 29 1.911444
6 22 95.836365
6 31 0.75585395
6 17 0.8904334
7 34 5.3365507
7 30 0.8543346
7 20 3.782699
7 37 15.98122
7 27 69.230774
7 16 1.3400819
7 11 5.2603493
7 23 1.46699
7 25 2.1916
7 5 4.9611983
8 0 8.117362
8 30 0.69795454
8 18 1.086193
8 13 2.6900547
8 11 1.4823722
8 29 0.7873033
8 5 0.52809566
8 34 4.7406287
8 2 1.9894129
8 37 1.4281352
8 7 1347.0454
8 27 2.2552004
8 16 1.4887562
8 23 1.4058354
9 36 1.4860795
9 28 1.0141798
9 10 9.258356
9 22 0.12175485
9 31 0.03620262
9 3 0.35135284
9 12 2000.0
9 17 0.06756782
9 4 0.07528332
9 19 0.08567798
10 26 0.04755393
10 28 0.16247633
10 24 0.038788844
10 31 0.039268423
10 12 3.9266534
10 9 9.258356
10 17 0.030988235
11 0 21.180334
11 30 0.4227273
11 8 1.4823722
11 18 11.307883
11 13 0.58257115
11 33 1.6867297
11 29 1.5916374
11 5 3.799029
11 34 2.247191
11 20 1.1615703
11 2 2.5009856
11 37 1.8165942
11 7 5.2603493
11 27 0.5390946
11 16 0.87070256
11 25 1.5377351
12 26 6.7720914
12 28 4.4005685
12 32 0.28678936
12 10 3.9266534
12 24 0.08327736
12 21 0.06977597
12 3 0.05070017
12 1 37.308388
13 30 0.34115264
13 0 0.8866678
13 8 2.6900547
13 18 259.47287
13 33 1.0444276
13 11 0.58257115
13 29 0.7724229
13 5 2000.0
13 34 4.9368234
13 20 0.76861525
13 2 1.0740641
13 14 6.299451
13 37 1.9267529
13 27 0.6370486
13 16 2375.8523
13 25 0.6839094
14 20 2.005757
14 13 6.299451
14 27 5.6808095
14 33 0.72553647
14 11 2000.0
14 25 1.3147839
15 32 0.07334869
15 21 4.3540564
16 0 2000.0
16 30 1.6939988
16 8 1.4887562
16 18 1.1008581
16 11 0.87070256
16 29 61.028664
16 5 2.0341425
16 20 18.608118
16 37 117.37035
16 7 1.3400819
16 27 1.6041346
16 23 15.803822
16 25 2.0557826
17 26 2.694682
17 6 0.8904334
17 10 0.030988235
17 24 0.21836637
17 31 1.8651208
17 9 0.06756782
17 4 0.101281196
17 19 5.1817093
18 30 0.6704681
18 2 32.5356
18 8 1.086193
18 37 1.1315676
18 13 259.47287
18 7 2000.0
18 27 32.80799
18 16 1.1008581
18 23 1.8148761
18 11 11.307883
18 29 1.3741692
18 5 0.40826598
19 31 0.08081589
19 9 0.08567798
19 17 5.1817093
19 4 0.080920085
20 30 26.63013
20 13 0.76861525
20 33 1.8126385
20 11 1.1615703
20 29 3.343202
20 5 2.2576203
20 34 1.0554523
20 2 4.5852895
20 14 2.005757
20 37 1.7228061
20 7 3.782699
20 27 0.5608672
20 16 18.608118
20 25 0.98254645
21 32 2000.0
21 24 0.18591101
21 35 0.036488827
21 12 0.06977597
21 15 4.3540564
22 6 95.836365
22 31 1093.9773
22 9 0.12175485
22 19 1377.7842
23 0 2000.0
23 30 0.9485487
23 2 88.62074
23 8 1.4058354
23 37 2.304585
23 18 1.8148761
23 7 1.46699
23 16 15.803822
23 11 2000.0
23 29 2.9598174
23 5 4.87564
24 26 0.053919483
24 32 0.09041731
24 10 0.038788844
24 21 0.18591101
24 31 5.949927
24 3 180.00002
24 12 0.08327736
24 15 2000.0
24 17 0.21836637
25 30 3.644084
25 13 0.6839094
25 33 1.0735147
25 11 1.5377351
25 29 7.0965133
25 34 3.8534772
25 20 0.98254645
25 2 1.8769766
25 14 1.3147839
25 37 129.75291
25 7 2.1916
25 27 0.8818806
25 16 2.0557826
26 36 382.52048
26 32 11.492008
26 28 0.12878685
26 10 0.04755393
26 24 0.053919483
26 31 0.08007356
26 12 6.7720914
26 17 2.694682
27 0 2000.0
27 30 0.78392047
27 8 2.2552004
27 18 32.80799
27 13 0.6370486
27 33 1.1495901
27 11 0.5390946
27 29 0.89422345
27 5 2.6325037
27 34 1.0215898
27 20 0.5608672
27 2 2.3466232
27 14 5.6808095
27 37 2.6286454
27 7 69.230774
27 16 1.6041346
27 25 0.8818806
28 36 0.038940433
28 26 0.12878685
28 10 0.16247633
28 3 0.093601406
28 12 4.4005685
28 9 1.0141798
29 0 16.038311
29 30 7.5536847
29 8 0.7873033
29 18 1.3741692
29 13 0.7724229
29 11 1.5916374
29 5 1.911444
29 34 9.610257
29 20 3.343202
29 2 1.2432449
29 37 1.4900961
29 7 2000.0
29 27 0.89422345
29 16 61.028664
29 23 2.9598174
29 25 7.0965133
30 0 2000.0
30 8 0.69795454
30 18 0.6704681
30 13 0.34115264
30 33 3.0931993
30 11 0.4227273
30 29 7.5536847
30 5 0.644304
30 34 1.2473426
30 20 26.63013
30 2 12.863637
30 37 4.62983
30 7 0.8543346
30 27 0.78392047
30 16 1.6939988
30 23 0.9485487
30 25 3.644084
31 26 0.08007356
31 6 0.75585395
31 10 0.039268423
31 24 5.949927
31 9 0.03620262
31 17 1.8651208
31 4 0.080663495
31 19 0.08081589
32 26 11.492008
32 24 0.09041731
32 12 0.28678936
32 15 0.07334869
33 34 2000.0
33 30 3.0931993
33 20 1.8126385
33 2 2.3918211
33 14 0.72553647
33 7 2000.0
33 13 1.0444276
33 27 1.1495901
33 16 2226.3638
33 11 1.6867297
33 29 1836.5342
33 25 1.0735147
34 30 1.2473426
34 20 1.0554523
34 8 4.7406287
34 13 4.9368234
34 7 5.3365507
34 27 1.0215898
34 16 1215.0568
34 11 2.247191
34 25 3.8534772
34 29 9.610257
34 5 2.3589327
35 21 0.036488827
36 26 382.52048
36 28 0.038940433
36 3 0.29020217
36 9 1.4860795
37 30 4.62983
37 0 0.9038687
37 8 1.4281352
37 18 1.1315676
37 13 1.9267529
37 11 1.8165942
37 29 1.4900961
37 20 1.7228061
37 2 0.88086665
37 7 15.98122
37 27 2.6286454
37 16 117.37035
37 23 2.304585
37 25 129.75291
