0 2 0.96400154
0 37 2.4971526
0 13 0.6619535
0 29 33.898254
0 25 62.321907
1 3 0.8615768
1 12 1214.375
2 30 18.07687
2 0 0.96400154
2 8 1.5326215
2 18 1.5272157
2 13 0.56226057
2 33 2.1818354
2 11 1.8510491
2 29 1.143591
2 20 2.5021584
2 37 0.84670854
2 27 1.5852679
2 16 2000.0
2 23 8.057421
2 25 0.39941204
3 36 0.69010836
3 28 13.076942
3 24 156.52176
3 12 0.071490675
3 1 0.8615768
3 9 0.12950176
4 31 0.09676519
4 9 0.092175856
4 17 0.11203437
4 19 0.078064725
5 30 0.64735174
5 8 0.36349034
5 18 0.620688
5 13 20.218277
5 11 1.2804824
5 29 1.9850464
5 34 3.073615
5 20 2.7372928
5 37 12.978456
5 7 8.689014
5 27 2.308489
5 16 2.9124346
5 23 3.5704343
5 25 2000.0
6 31 0.20811951
6 17 2.25138
7 30 0.94709194
7 20 171.48225
7 8 6.169679
7 16 1.3859291
7 11 159.68654
7 23 1.862103
7 25 4.951982
7 5 8.689014
8 0 2000.0
8 30 0.45596373
8 18 1.2348398
8 13 0.9488336
8 11 1.0726775
8 29 0.5902528
8 5 0.36349034
8 34 36.847157
8 2 1.5326215
8 37 1.0804255
8 7 6.169679
8 27 1.5728085
8 16 1.5706736
8 23 0.86007136
8 25 2000.0
9 36 0.978566
9 28 0.5954889
9 10 41.552555
9 22 0.042348485
9 31 0.030737707
9 3 0.12950176
9 12 2000.0
9 4 0.092175856
9 17 0.04194254
9 19 0.06868903
10 26 0.02934054
10 28 0.5036742
10 24 0.081434205
10 31 7.448376
10 12 1211.3068
10 9 41.552555
10 17 0.029349554
11 0 2000.0
11 30 1.2756879
11 8 1.0726775
11 18 4.710046
11 13 0.82721955
11 33 2.3880696
11 29 1.1486554
11 5 1.2804824
11 34 2.4468918
11 20 1.5958607
11 2 1.8510491
11 37 1.520777
11 7 159.68654
11 27 0.8275594
11 16 0.9287815
11 25 0.7366518
12 26 0.6003741
12 32 4.935
12 24 0.06623342
12 21 0.104934976
12 3 0.071490675
12 1 1214.375
13 30 43.804344
13 0 0.6619535
13 8 0.9488336
13 18 1538.7661
13 33 1.3417428
13 11 0.82721955
13 29 1.091147
13 5 20.218277
13 34 461.79977
13 20 0.9566276
13 2 0.56226057
13 14 6.375972
13 37 0.9607121
13 7 2000.0
13 27 0.27378654
13 16 25.155636
13 25 0.26806653
14 30 4.4871764
14 20 5.8927593
14 13 6.375972
14 27 6.68028
14 33 0.41153374
14 11 2000.0
14 25 2.8486152
15 32 0.077547364
15 21 8.412988
16 30 1.1216558
16 0 2000.0
16 8 1.5706736
16 18 0.9235455
16 13 25.155636
16 11 0.9287815
16 5 2.9124346
16 34 152.25853
16 20 25.825302
16 7 1.3859291
16 27 1.67385
16 23 2.254361
16 25 0.8304178
17 6 2.25138
17 26 1.4735321
17 10 0.029349554
17 24 0.1417601
17 31 0.97362274
17 9 0.04194254
17 4 0.11203437
17 19 22.985283
18 0 2000.0
18 30 0.67767626
18 8 1.2348398
18 13 1538.7661
18 11 4.710046
18 29 1.4365021
18 5 0.620688
18 2 1.5272157
18 37 2.3619933
18 7 2000.0
18 27 99.47027
18 16 0.9235455
18 23 1.3790715
19 31 0.07799538
19 9 0.06868903
19 17 22.985283
19 4 0.078064725
20 0 2000.0
20 30 2.0457647
20 13 0.9566276
20 33 1.3438038
20 11 1.5958607
20 29 23.69204
20 5 2.7372928
20 34 1.067491
20 2 2.5021584
20 14 5.8927593
20 37 2.9826338
20 7 171.48225
20 27 1.2672366
20 16 25.825302
20 25 0.60169655
21 32 2000.0
21 24 0.94971603
21 35 0.033559985
21 31 2000.0
21 12 0.104934976
21 15 8.412988
21 4 2000.0
22 31 50.891415
22 9 0.042348485
22 19 2000.0
23 0 2000.0
23 30 2.8517072
23 8 0.86007136
23 2 8.057421
23 37 2.371173
23 18 1.3790715
23 7 1.862103
23 16 2.254361
23 11 2000.0
23 29 1.6297117
23 5 3.5704343
24 26 0.04619951
24 32 0.25391978
24 10 0.081434205
24 21 0.94971603
24 12 0.06623342
24 3 156.52176
24 15 2000.0
24 17 0.1417601
25 30 17.181818
25 0 62.321907
25 13 0.26806653
25 33 0.94761974
25 11 0.7366518
25 29 1.8354319
25 34 1.6767342
25 20 0.60169655
25 2 0.39941204
25 14 2.8486152
25 37 20.581667
25 7 4.951982
25 27 0.24956785
25 16 0.8304178
26 32 47.180305
26 28 0.06339809
26 10 0.02934054
26 24 0.04619951
26 31 0.13492616
26 12 0.6003741
26 17 1.4735321
27 30 0.37512353
27 0 2000.0
27 8 1.5728085
27 18 99.47027
27 13 0.27378654
27 33 0.8982088
27 11 0.8275594
27 29 0.7618988
27 5 2.308489
27 34 1.1245902
27 20 1.2672366
27 2 1.5852679
27 14 6.68028
27 37 1.7648128
27 7 2000.0
27 16 1.67385
27 25 0.24956785
28 36 0.03519933
28 26 0.06339809
28 10 0.5036742
28 3 13.076942
28 12 1686.1932
28 9 0.5954889
28 19 1379.716
29 0 33.898254
29 30 3.1525779
29 8 0.5902528
29 18 1.4365021
29 13 1.091147
29 33 26.394133
29 11 1.1486554
29 5 1.9850464
29 34 5.113732
29 20 23.69204
29 2 1.143591
29 37 1.1460593
29 7 2000.0
29 27 0.7618988
29 16 2000.0
29 23 1.6297117
29 25 1.8354319
30 8 0.45596373
30 18 0.67767626
30 13 43.804344
30 33 7.0316877
30 11 1.2756879
30 29 3.1525779
30 5 0.64735174
30 34 0.91740143
30 20 2.0457647
30 2 18.07687
30 14 4.4871764
30 37 20.319885
30 7 0.94709194
30 27 0.37512353
30 16 1.1216558
30 23 2.8517072
30 25 17.181818
31 26 0.13492616
31 6 0.20811951
31 10 7.448376
31 35 69.68711
31 21 2000.0
31 22 50.891415
31 9 0.030737707
31 4 0.09676519
31 17 0.97362274
31 19 0.07799538
32 26 47.180305
32 24 0.25391978
32 21 2000.0
32 12 4.935
32 15 0.077547364
33 30 7.0316877
33 13 1.3417428
33 11 2.3880696
33 29 26.394133
33 5 2000.0
33 34 2000.0
33 20 1.3438038
33 2 2.1818354
33 14 0.41153374
33 7 2000.0
33 27 0.8982088
33 16 3017.898
33 25 0.94761974
34 30 0.91740143
34 20 1.067491
34 8 36.847157
34 37 2000.0
34 13 461.79977
34 7 3756.932
34 27 1.1245902
34 16 152.25853
34 11 2.4468918
34 29 5.113732
34 25 1.6767342
34 5 3.073615
35 21 0.033559985
35 31 69.68711
36 28 0.03519933
36 3 0.69010836
36 9 0.978566
37 30 20.319885
37 0 2.4971526
37 8 1.0804255
37 18 2.3619933
37 13 0.9607121
37 11 1.520777
37 29 1.1460593
37 5 12.978456
37 20 2.9826338
37 2 0.84670854
37 7 283.84518
37 27 1.7648128
37 16 2000.0
37 23 2.371173
37 25 20.581667
