0 2 0.88672143
0 37 1.8270174
0 13 0.84745765
0 25 25.178883
0 29 11.388516
1 3 0.70893425
1 12 11.98193
2 30 22.356
2 0 0.88672143
2 8 1.3991842
2 18 1.4872441
2 13 0.44896445
2 33 2.649037
2 11 1.3178926
2 29 1.1624818
2 20 3.7168071
2 37 1.2436341
2 27 692.89777
2 16 2000.0
2 23 6.822894
2 25 0.4674088
3 36 0.43774796
3 28 76.05228
3 24 2000.0
3 12 0.06349207
3 1 0.70893425
3 9 0.7777273
4 31 0.06640765
4 9 0.076604165
4 17 0.17759281
4 19 0.06794508
5 30 0.80687404
5 8 0.62169737
5 18 0.8380183
5 13 22.777582
5 11 2.4577749
5 29 4.383179
5 34 2.3715355
5 20 2.873279
5 37 11.441596
5 7 12.593725
5 27 779.5454
5 16 1.5195575
5 23 3.1088746
5 25 2000.0
6 31 0.118768334
6 17 3.120216
7 30 0.6487104
7 20 153.13947
7 8 10.994428
7 37 2000.0
7 16 1.5931146
7 23 1.1874537
7 11 113.339424
7 25 2.8363516
7 5 12.593725
8 0 2000.0
8 30 0.39256784
8 18 0.77486
8 13 0.93497485
8 11 1.0094874
8 29 0.86769074
8 5 0.62169737
8 34 25.604168
8 2 1.3991842
8 37 1.2557323
8 7 10.994428
8 27 1067.7273
8 16 1.732052
8 23 0.9806297
8 25 2000.0
9 36 0.460404
9 26 2000.0
9 28 0.69576883
9 10 8.621871
9 22 0.05445214
9 31 0.028981268
9 3 0.7777273
9 12 2000.0
9 4 0.076604165
9 17 0.058366712
9 19 0.08244195
10 26 35.795452
10 28 0.34853375
10 24 0.079157345
10 31 4.746384
10 12 1591.3068
10 9 8.621871
10 17 0.033647478
11 0 2000.0
11 30 0.7913148
11 8 1.0094874
11 18 3.920481
11 13 1.205796
11 33 1.9411315
11 29 0.8498805
11 5 2.4577749
11 34 1.5490547
11 20 1.3705363
11 2 1.3178926
11 37 1.2087424
11 7 113.339424
11 27 692.89777
11 16 0.9801453
11 25 0.58256537
12 26 2000.0
12 32 5.7521915
12 24 0.08148648
12 21 0.1820293
12 3 0.06349207
12 1 11.98193
13 30 135.93796
13 0 0.84745765
13 8 0.93497485
13 18 16.538857
13 33 1.5327922
13 11 1.205796
13 29 0.95544726
13 5 22.777582
13 34 272.45645
13 20 0.9246739
13 2 0.44896445
13 14 4.430965
13 37 1.569257
13 7 2000.0
13 27 150.96591
13 16 169.56754
13 25 0.2270525
14 30 25.014608
14 20 2.1886234
14 13 4.430965
14 27 5234.1475
14 33 0.35645682
14 11 2000.0
14 25 2.4411929
15 32 0.11044824
15 21 8.142213
16 34 56.903633
16 30 1.1208512
16 20 45.951294
16 8 1.732052
16 18 1.4480988
16 13 169.56754
16 7 1.5931146
16 27 1119.8296
16 11 0.9801453
16 23 3.388338
16 25 0.8729913
16 5 1.5195575
17 6 3.120216
17 26 1034.8864
17 10 0.033647478
17 24 0.05287879
17 31 0.9364613
17 9 0.058366712
17 4 0.17759281
17 19 28.419285
18 0 2000.0
18 30 0.28595743
18 8 0.77486
18 2 1.4872441
18 37 2.132786
18 13 16.538857
18 16 1.4480988
18 11 3.920481
18 23 0.80623364
18 29 0.7987912
18 5 0.8380183
19 28 73.19773
19 31 0.0662023
19 9 0.08244195
19 4 0.06794508
19 17 28.419285
20 30 1.0738133
20 13 0.9246739
20 33 0.9198782
20 11 1.3705363
20 29 8.938084
20 5 2.873279
20 34 0.91181076
20 2 3.7168071
20 14 2.1886234
20 37 1.9793562
20 7 153.13947
20 27 957.6705
20 16 45.951294
20 25 0.28666446
21 26 2000.0
21 32 2000.0
21 24 0.8067674
21 35 0.03433923
21 12 0.1820293
21 15 8.142213
21 4 2000.0
22 31 71.0166
22 9 0.05445214
22 19 2000.0
23 0 2000.0
23 30 1.0879405
23 8 0.9806297
23 2 6.822894
23 37 1.46427
23 18 0.80623364
23 7 1.1874537
23 16 3.388338
23 11 2000.0
23 29 1.831248
23 5 3.1088746
24 26 37.045452
24 32 0.4062607
24 10 0.079157345
24 21 0.8067674
24 12 0.08148648
24 17 0.05287879
25 0 25.178883
25 30 26.948692
25 13 0.2270525
25 33 0.60905933
25 11 0.58256537
25 29 2.1212537
25 34 1.7915715
25 20 0.28666446
25 2 0.4674088
25 14 2.4411929
25 37 38.30436
25 7 2.8363516
25 27 229.14774
25 16 0.8729913
28 36 0.029151242
28 26 51.81818
28 10 0.34853375
28 12 1274.3182
28 3 76.05228
28 9 0.69576883
28 19 73.19773
29 0 11.388516
29 30 1.7767857
29 8 0.86769074
29 18 0.7987912
29 13 0.95544726
29 33 12.776882
29 11 0.8498805
29 5 4.383179
29 34 2.1810436
29 20 8.938084
29 2 1.1624818
29 37 1.2578071
29 7 2000.0
29 27 1898.9204
29 16 2000.0
29 23 1.831248
29 25 2.1212537
30 8 0.39256784
30 18 0.28595743
30 13 135.93796
30 33 20.64747
30 11 0.7913148
30 29 1.7767857
30 5 0.80687404
30 34 0.78148335
30 20 1.0738133
30 2 22.356
30 14 25.014608
30 37 23.31374
30 7 0.6487104
30 27 147.78409
30 16 1.1208512
30 23 1.0879405
30 25 26.948692
31 26 79.88636
31 6 0.118768334
31 10 4.746384
31 35 60.84269
31 22 71.0166
31 9 0.028981268
31 4 0.06640765
31 17 0.9364613
31 19 0.0662023
32 26 2000.0
32 24 0.4062607
32 12 5.7521915
32 15 0.11044824
33 30 20.64747
33 8 2000.0
33 13 1.5327922
33 11 1.9411315
33 29 12.776882
33 34 2000.0
33 20 0.9198782
33 2 2.649037
33 14 0.35645682
33 7 2000.0
33 27 698.2386
33 16 2422.443
33 25 0.60905933
34 30 0.78148335
34 20 0.91181076
34 8 25.604168
34 37 2000.0
34 13 272.45645
34 7 3249.1477
34 27 716.8182
34 16 56.903633
34 11 1.5490547
34 29 2.1810436
34 25 1.7915715
34 5 2.3715355
35 21 0.03433923
35 31 60.84269
36 28 0.029151242
36 3 0.43774796
36 9 0.460404
37 30 23.31374
37 0 1.8270174
37 8 1.2557323
37 18 2.132786
37 13 1.569257
37 11 1.2087424
37 29 1.2578071
37 5 11.441596
37 20 1.9793562
37 2 1.2436341
37 7 2000.0
37 27 725.7955
37 16 2000.0
37 23 1.46427
37 25 38.30436
