0 2 0.80776644
0 37 2.0841527
0 13 0.7557226
0 25 20.100893
0 29 3.3407145
1 3 0.919213
1 12 10.059693
2 30 9.23027
2 0 0.80776644
2 8 0.82698065
2 18 1.7029742
2 13 0.64989156
2 33 1.7172555
2 11 1.5504545
2 29 0.8773145
2 20 3.3321543
2 37 0.9890412
2 27 692.89777
2 16 2000.0
2 23 16.220613
2 25 0.74213684
3 36 1.0581663
3 28 0.4206486
3 24 2000.0
3 12 0.06858235
3 1 0.919213
3 9 0.30566162
4 31 0.06646131
4 9 0.06856672
4 17 0.16509913
4 19 0.09298187
5 30 0.6834411
5 8 0.70462143
5 18 1.2880366
5 13 81.787766
5 11 2.0054295
5 29 4.387135
5 34 1.8642647
5 20 3.9342947
5 37 35.02533
5 7 8.48065
5 27 779.5454
5 16 1.2336501
5 23 4.983486
5 25 2000.0
6 31 0.14068969
6 17 7.8377695
7 34 2000.0
7 30 0.7364733
7 20 81.43673
7 8 8.589071
7 16 1.8062081
7 11 116.81602
7 23 1.580822
7 25 1.9007347
7 5 8.48065
8 0 2000.0
8 30 0.35513315
8 18 1.2859291
8 13 1.418436
8 11 0.96015024
8 29 0.960391
8 5 0.70462143
8 34 64.597145
8 2 0.82698065
8 37 1.6755961
8 7 8.589071
8 27 1067.7273
8 16 1.3640251
8 23 1.1225208
8 25 2000.0
9 36 0.8366936
9 26 2000.0
9 28 0.580303
9 10 10.431817
9 22 0.05909665
9 31 0.029430674
9 12 2000.0
9 3 0.30566162
9 4 0.06856672
9 17 0.031503893
9 19 0.09119955
10 26 35.795452
10 28 0.2975
10 24 0.069520205
10 31 1.9483901
10 12 1427.5569
10 9 10.431817
10 17 0.031315204
11 0 2000.0
11 30 1.1055747
11 8 0.96015024
11 18 5.2756166
11 13 1.243042
11 33 1.84984
11 29 0.6061105
11 5 2.0054295
11 34 2.775899
11 20 1.0799835
11 2 1.5504545
11 37 2.4543085
11 7 116.81602
11 27 692.89777
11 16 0.8406302
11 25 0.91637695
12 26 2000.0
12 32 8.338852
12 24 0.08462121
12 21 0.15998945
12 3 0.06858235
12 1 10.059693
13 30 110.9931
13 0 0.7557226
13 8 1.418436
13 18 17.957598
13 33 1.0165374
13 11 1.243042
13 29 0.8965489
13 5 81.787766
13 34 185.79926
13 20 1.2325854
13 2 0.64989156
13 14 7.0296907
13 37 1.0103028
13 7 2000.0
13 27 150.96591
13 16 434.73444
13 25 0.29465023
14 30 11.514993
14 20 3.375047
14 13 7.0296907
14 27 5234.1475
14 33 0.48554197
14 11 2000.0
14 25 4.387786
15 32 0.06636643
15 21 7.0340133
16 34 90.00001
16 30 1.7240821
16 20 45.0858
16 8 1.3640251
16 18 1.1542199
16 13 434.73444
16 7 1.8062081
16 27 1119.8296
16 11 0.8406302
16 23 3.862673
16 25 0.8405005
16 5 1.2336501
17 6 7.8377695
17 26 1034.8864
17 10 0.031315204
17 24 0.056297623
17 31 1.4868904
17 9 0.031503893
17 4 0.16509913
17 19 58.70193
18 0 2000.0
18 30 0.7596136
18 8 1.2859291
18 2 1.7029742
18 37 2.0486116
18 13 17.957598
18 27 2000.0
18 16 1.1542199
18 11 5.2756166
18 23 1.5528116
18 29 0.94746894
18 5 1.2880366
19 28 145.3523
19 31 0.06512938
19 9 0.09119955
19 17 58.70193
19 4 0.09298187
20 30 1.4552608
20 8 2000.0
20 13 1.2325854
20 33 1.1100223
20 11 1.0799835
20 29 5.763669
20 5 3.9342947
20 34 0.7964605
20 2 3.3321543
20 14 3.375047
20 37 2.1423895
20 7 81.43673
20 27 957.6705
20 16 45.0858
20 25 0.5428577
21 26 2000.0
21 32 2000.0
21 24 1.6374143
21 35 0.03513653
21 31 2000.0
21 12 0.15998945
21 15 7.0340133
22 31 2000.0
22 9 0.05909665
22 19 2000.0
23 0 2000.0
23 30 3.6750495
23 8 1.1225208
23 2 16.220613
23 37 1.3955476
23 18 1.5528116
23 7 1.580822
23 16 3.862673
23 11 2000.0
23 29 1.8062166
23 5 4.983486
24 26 37.045452
24 32 0.28008968
24 10 0.069520205
24 21 1.6374143
24 12 0.08462121
24 17 0.056297623
25 0 20.100893
25 30 13.931453
25 13 0.29465023
25 33 0.71904254
25 11 0.91637695
25 29 1.8768637
25 34 6.278822
25 20 0.5428577
25 2 0.74213684
25 14 4.387786
25 7 1.9007347
25 27 229.14774
25 16 0.8405005
28 36 0.035614274
28 26 51.81818
28 10 0.2975
28 3 0.4206486
28 12 1219.8296
28 9 0.580303
28 19 145.3523
29 0 3.3407145
29 30 2.171354
29 8 0.960391
29 18 0.94746894
29 13 0.8965489
29 11 0.6061105
29 5 4.387135
29 34 4.2049346
29 20 5.763669
29 2 0.8773145
29 37 1.0119319
29 7 2000.0
29 27 1898.9204
29 23 1.8062166
29 25 1.8768637
30 8 0.35513315
30 18 0.7596136
30 13 110.9931
30 33 10.025213
30 11 1.1055747
30 29 2.171354
30 5 0.6834411
30 34 0.802803
30 20 1.4552608
30 2 9.23027
30 14 11.514993
30 37 12.015466
30 7 0.7364733
30 27 147.78409
30 16 1.7240821
30 23 3.6750495
30 25 13.931453
31 26 2000.0
31 6 0.14068969
31 10 1.9483901
31 35 24.382992
31 9 0.029430674
31 4 0.06646131
31 17 1.4868904
31 19 0.06512938
32 26 2000.0
32 24 0.28008968
32 12 8.338852
32 15 0.06636643
33 30 10.025213
33 13 1.0165374
33 11 1.84984
33 29 2034.6592
33 5 2000.0
33 34 2000.0
33 20 1.1100223
33 2 1.7172555
33 14 0.48554197
33 7 2000.0
33 27 698.2386
33 16 2619.6023
33 25 0.71904254
34 30 0.802803
34 20 0.7964605
34 8 64.597145
34 37 2000.0
34 13 185.79926
34 7 2000.0
34 27 716.8182
34 16 90.00001
34 11 2.775899
34 29 4.2049346
34 25 6.278822
34 5 1.8642647
35 21 0.03513653
35 31 24.382992
36 28 0.035614274
36 3 1.0581663
36 9 0.8366936
37 30 12.015466
37 0 2.0841527
37 8 1.6755961
37 18 2.0486116
37 13 1.0103028
37 11 2.4543085
37 29 1.0119319
37 5 35.02533
37 20 2.1423895
37 2 0.9890412
37 7 2232.7273
37 27 725.7955
37 16 2000.0
37 23 1.3955476
37 25 1772.8408
