0 2 0.9280528
0 37 1.1878604
0 13 0.84527344
0 29 24.1945
0 25 75.0
1 3 1.0950888
1 12 32.696358
2 30 38.37229
2 0 0.9280528
2 8 1.4168475
2 18 1.3354129
2 13 0.5913545
2 33 2.1130822
2 11 1.913246
2 29 1.3920561
2 20 3.9802518
2 37 0.8113377
2 27 1.0849435
2 16 2000.0
2 23 9.612215
2 25 0.56214136
3 36 0.49022862
3 28 36.37753
3 24 2000.0
3 12 0.116208784
3 1 1.0950888
3 9 1.0662689
4 31 0.06605222
4 9 0.089395516
4 17 0.12884897
4 19 0.09355292
5 30 0.5717033
5 8 0.5647933
5 18 1.631154
5 13 32.363613
5 11 1.2628506
5 29 7.366477
5 34 2.5573955
5 20 2.6101868
5 37 7.700006
5 7 8.367609
5 27 1.275213
5 16 1.3032439
5 23 2.9199119
5 25 2000.0
6 31 0.111693636
6 17 1.6952323
7 30 0.78135943
7 20 56.05418
7 8 4.8319054
7 37 178.16061
7 16 1.0862147
7 23 1.3241613
7 25 4.8536577
7 5 8.367609
8 0 2000.0
8 30 0.5730519
8 18 1.0987937
8 13 1.6488718
8 11 1.0450301
8 29 0.6182197
8 5 0.5647933
8 34 32.63241
8 2 1.4168475
8 37 0.8708234
8 7 4.8319054
8 27 0.8290178
8 16 1.5564994
8 23 1.0790122
8 25 2000.0
9 36 0.8215909
9 26 2000.0
9 28 1.2098974
9 10 8.2344055
9 22 0.051336683
9 31 0.028897848
9 3 1.0662689
9 4 0.089395516
9 17 0.045946233
9 19 0.095918864
10 26 0.033955704
10 28 0.36206904
10 24 0.08361699
10 31 1.2112154
10 12 52.99296
10 9 8.2344055
10 17 0.029403634
11 0 2000.0
11 30 0.80287904
11 8 1.0450301
11 18 3.2852607
11 13 1.887364
11 33 2.7323499
11 29 0.82839686
11 5 1.2628506
11 34 2.529647
11 20 1.3238487
11 2 1.913246
11 37 1.4796165
11 7 1646.875
11 27 0.67077607
11 16 0.8705682
11 25 0.8187816
12 26 0.38809898
12 32 3.7085834
12 10 52.99296
12 24 0.10053618
12 21 0.27623197
12 3 0.116208784
12 1 32.696358
13 30 102.85715
13 0 0.84527344
13 8 1.6488718
13 18 35.926907
13 33 1.1706334
13 11 1.887364
13 29 1.4018332
13 5 32.363613
13 34 90.63904
13 20 0.8999334
13 2 0.5913545
13 14 5.4390306
13 37 0.87828135
13 7 2000.0
13 27 0.2607295
13 16 94.39653
13 25 0.30844006
14 30 23.280846
14 20 1.1727273
14 13 5.4390306
14 27 9.07375
14 33 0.48418164
14 11 2000.0
14 25 2.0925188
15 32 0.091021135
15 21 16.626215
16 0 2000.0
16 30 1.0859513
16 8 1.5564994
16 18 1.5221338
16 13 94.39653
16 11 0.8705682
16 5 1.3032439
16 34 79.41322
16 20 41.33913
16 7 1.0862147
16 27 1.2734594
16 23 2.4769309
16 25 0.8340424
17 6 1.6952323
17 26 1.5757246
17 10 0.029403634
17 24 0.06280254
17 31 0.9993946
17 9 0.045946233
17 4 0.12884897
17 19 33.2759
18 0 2000.0
18 30 0.5930815
18 8 1.0987937
18 2 1.3354129
18 37 2.6327693
18 13 35.926907
18 27 79.440605
18 16 1.5221338
18 11 3.2852607
18 23 1.1633002
18 29 1.4779512
18 5 1.631154
19 28 100.62039
19 31 0.09893869
19 9 0.095918864
19 4 0.09355292
19 17 33.2759
20 30 1.7799165
20 8 2000.0
20 13 0.8999334
20 33 1.3791596
20 11 1.3238487
20 29 18.066671
20 5 2.6101868
20 34 0.87694925
20 2 3.9802518
20 14 1.1727273
20 37 2.7727053
20 7 56.05418
20 27 2.162318
20 16 41.33913
20 25 0.44247848
21 26 2000.0
21 32 2000.0
21 24 1.9355046
21 35 0.035410207
21 31 2000.0
21 12 0.27623197
21 15 16.626215
22 31 69.44444
22 9 0.051336683
22 19 2000.0
23 0 2000.0
23 30 1.7303895
23 8 1.0790122
23 2 9.612215
23 37 1.8471022
23 18 1.1633002
23 7 1.3241613
23 16 2.4769309
23 11 2000.0
23 29 1.1084937
23 5 2.9199119
24 26 0.0462159
24 32 0.44988248
24 10 0.08361699
24 21 1.9355046
24 12 0.10053618
24 15 2000.0
24 17 0.06280254
25 0 75.0
25 30 15.390685
25 13 0.30844006
25 33 1.0068644
25 11 0.8187816
25 29 1.9621211
25 34 1.6058581
25 20 0.44247848
25 2 0.56214136
25 14 2.0925188
25 37 22.678434
25 7 4.8536577
25 27 0.22044429
25 16 0.8340424
26 32 48.706818
26 28 0.054344222
26 10 0.033955704
26 24 0.0462159
26 31 0.3536139
26 12 0.38809898
26 17 1.5757246
27 30 0.19199757
27 0 2000.0
27 8 0.8290178
27 18 79.440605
27 13 0.2607295
27 33 0.7661401
27 11 0.67077607
27 29 1.9939793
27 5 1.275213
27 34 0.8120773
27 20 2.162318
27 2 1.0849435
27 14 9.07375
27 37 1.0954018
27 7 2000.0
27 16 1.2734594
27 25 0.22044429
28 36 0.033986766
28 26 0.054344222
28 10 0.36206904
28 3 36.37753
28 12 1243.0682
28 9 1.2098974
28 19 100.62039
29 0 24.1945
29 30 0.9302856
29 8 0.6182197
29 18 1.4779512
29 13 1.4018332
29 33 17.65387
29 11 0.82839686
29 5 7.366477
29 34 5.0077515
29 20 18.066671
29 2 1.3920561
29 37 0.83742666
29 7 2000.0
29 27 1.9939793
29 16 2000.0
29 23 1.1084937
29 25 1.9621211
30 8 0.5730519
30 18 0.5930815
30 13 102.85715
30 33 9.956987
30 11 0.80287904
30 29 0.9302856
30 5 0.5717033
30 34 0.8024842
30 20 1.7799165
30 2 38.37229
30 14 23.280846
30 37 18.049736
30 7 0.78135943
30 27 0.19199757
30 16 1.0859513
30 23 1.7303895
30 25 15.390685
31 26 0.3536139
31 6 0.111693636
31 10 1.2112154
31 35 12.717188
31 22 69.44444
31 21 2000.0
31 9 0.028897848
31 4 0.06605222
31 17 0.9993946
31 19 0.09893869
32 26 48.706818
32 24 0.44988248
32 21 2000.0
32 12 3.7085834
32 15 0.091021135
33 30 9.956987
33 8 2000.0
33 13 1.1706334
33 11 2.7323499
33 29 17.65387
33 5 2000.0
33 34 2000.0
33 20 1.3791596
33 2 2.1130822
33 14 0.48418164
33 7 2000.0
33 27 0.7661401
33 16 2422.443
33 25 1.0068644
34 30 0.8024842
34 20 0.87694925
34 8 32.63241
34 37 2000.0
34 13 90.63904
34 7 2000.0
34 27 0.8120773
34 16 79.41322
34 11 2.529647
34 29 5.0077515
34 25 1.6058581
34 5 2.5573955
35 21 0.035410207
35 31 12.717188
36 28 0.033986766
36 3 0.49022862
36 9 0.8215909
37 30 18.049736
37 0 1.1878604
37 8 0.8708234
37 18 2.6327693
37 13 0.87828135
37 11 1.4796165
37 29 0.83742666
37 5 7.700006
37 20 2.7727053
37 2 0.8113377
37 7 178.16061
37 27 1.0954018
37 16 2000.0
37 23 1.8471022
37 25 22.678434
