0 2 0.8803805
0 37 1.5466541
0 13 1.2307155
0 29 28.435846
0 25 23.805574
1 3 0.3033062
1 12 9.128145
2 30 14.263586
2 0 0.8803805
2 8 1.158206
2 18 2.0407271
2 13 0.37199837
2 33 2.0282507
2 11 1.2542617
2 29 1.1114237
2 20 3.0171516
2 37 0.84621567
2 27 0.7229254
2 16 2000.0
2 23 10.354012
2 25 1.1834755
3 36 1.011774
3 28 3.129738
3 24 2000.0
3 12 0.055492785
3 1 0.3033062
3 9 0.49200487
4 31 0.06679367
4 9 0.08867668
4 17 0.2725555
4 19 0.077159755
5 30 0.73529357
5 8 0.59926414
5 18 0.29781398
5 13 27.13527
5 11 4.3195224
5 29 5.392135
5 34 2.1484194
5 20 2.467099
5 37 13.927449
5 7 6.4743023
5 27 1.6251931
5 16 1.2080017
5 23 4.605698
6 31 0.10950074
6 17 5.44091
7 30 0.8322959
7 20 52.93726
7 8 4.850797
7 37 2000.0
7 16 1.1878769
7 23 1.7145377
7 25 7.219215
7 5 6.4743023
8 0 2000.0
8 30 0.3293098
8 18 1.1309152
8 13 0.7591123
8 11 0.8612887
8 29 0.8630477
8 5 0.59926414
8 34 19.09129
8 2 1.158206
8 37 0.81509095
8 7 4.850797
8 27 1.1934748
8 16 1.6985325
8 23 0.78729606
8 25 2000.0
9 36 1.1019005
9 26 2000.0
9 28 1.2706925
9 10 27.786154
9 22 0.063152015
9 31 0.030422214
9 12 2000.0
9 3 0.49200487
9 4 0.08867668
9 17 0.031960227
9 19 0.07157108
10 26 0.03378461
10 28 0.41340238
10 24 0.122237995
10 31 17.779585
10 12 1489.8864
10 9 27.786154
10 17 0.035795454
11 0 2000.0
11 30 0.6401425
11 8 0.8612887
11 18 7.6537604
11 13 0.72830665
11 33 1.9836488
11 29 0.94650304
11 5 4.3195224
11 34 1.6725521
11 20 0.9957203
11 2 1.2542617
11 37 1.462879
11 7 1617.8977
11 27 0.6241438
11 16 0.9684849
11 25 0.8136569
12 26 1.73226
12 32 3.0631928
12 24 0.064919405
12 21 0.30676365
12 3 0.055492785
12 1 9.128145
13 30 51.822598
13 0 1.2307155
13 8 0.7591123
13 18 138.54167
13 33 1.2207454
13 11 0.72830665
13 29 1.5878161
13 5 27.13527
13 34 140.96272
13 20 1.0269463
13 2 0.37199837
13 14 11.506458
13 37 1.0250946
13 7 2000.0
13 27 1.0614051
13 16 33.090664
13 25 0.20903592
14 30 7.7315845
14 20 2.196349
14 13 11.506458
14 27 2.3841805
14 33 0.4543839
14 11 2000.0
14 25 3.198829
15 32 0.07328374
15 21 4.290544
16 0 2000.0
16 30 1.0739182
16 8 1.6985325
16 18 1.5524431
16 13 33.090664
16 11 0.9684849
16 5 1.2080017
16 34 28.089962
16 20 13.764855
16 7 1.1878769
16 27 1.347522
16 23 3.9466662
16 25 1.1962157
17 6 5.44091
17 26 1.5584067
17 10 0.035795454
17 24 0.069975846
17 31 0.9735061
17 9 0.031960227
17 4 0.2725555
17 19 34.974842
18 0 2000.0
18 30 0.52226156
18 8 1.1309152
18 2 2.0407271
18 37 3.9599135
18 13 138.54167
18 27 12.314225
18 16 1.5524431
18 11 7.6537604
18 23 0.8303857
18 29 1.274092
18 5 0.29781398
19 31 0.08496587
19 9 0.07157108
19 4 0.077159755
19 17 34.974842
20 30 0.84361047
20 13 1.0269463
20 33 0.87465286
20 11 0.9957203
20 29 10.174293
20 5 2.467099
20 34 0.9332136
20 2 3.0171516
20 14 2.196349
20 37 2.8233516
20 7 52.93726
20 27 0.9455699
20 16 13.764855
20 25 0.5083717
21 32 2000.0
21 10 2000.0
21 24 0.87828195
21 35 0.043124404
21 31 2000.0
21 12 0.30676365
21 15 4.290544
22 31 360.00003
22 9 0.063152015
22 19 2000.0
23 30 1.2971263
23 0 2000.0
23 8 0.78729606
23 2 10.354012
23 37 1.0344946
23 18 0.8303857
23 7 1.7145377
23 16 3.9466662
23 11 2000.0
23 29 0.8432706
23 5 4.605698
24 26 0.04908618
24 32 0.22865109
24 10 0.122237995
24 21 0.87828195
24 12 0.064919405
24 3 2000.0
24 15 2000.0
24 17 0.069975846
25 0 23.805574
25 30 14.929669
25 13 0.20903592
25 33 0.6109288
25 11 0.8136569
25 29 2.4961095
25 34 2.3834436
25 20 0.5083717
25 2 1.1834755
25 14 3.198829
25 37 68.91843
25 7 7.219215
25 27 0.34094912
25 16 1.1962157
26 32 16.578037
26 28 0.107847236
26 10 0.03378461
26 24 0.04908618
26 31 0.15873098
26 12 1.73226
26 17 1.5584067
27 30 0.47057107
27 0 2000.0
27 8 1.1934748
27 18 12.314225
27 13 1.0614051
27 33 0.7699812
27 11 0.6241438
27 29 1.4638469
27 5 1.6251931
27 34 1.0082241
27 20 0.9455699
27 2 0.7229254
27 14 2.3841805
27 37 0.8038148
27 7 2000.0
27 16 1.347522
27 25 0.34094912
28 36 0.03243294
28 26 0.107847236
28 10 0.41340238
28 3 3.129738
28 12 1208.6364
28 9 1.2706925
28 19 1352.784
29 0 28.435846
29 30 1.8490162
29 8 0.8630477
29 18 1.274092
29 13 1.5878161
29 33 15.25857
29 11 0.94650304
29 5 5.392135
29 34 4.5756373
29 20 10.174293
29 2 1.1114237
29 37 0.9851716
29 7 2000.0
29 27 1.4638469
29 16 2000.0
29 23 0.8432706
29 25 2.4961095
30 8 0.3293098
30 18 0.52226156
30 13 51.822598
30 33 5.2457304
30 11 0.6401425
30 29 1.8490162
30 5 0.73529357
30 34 0.7861806
30 20 0.84361047
30 2 14.263586
30 14 7.7315845
30 37 16.030825
30 7 0.8322959
30 27 0.47057107
30 16 1.0739182
30 23 1.2971263
30 25 14.929669
31 26 0.15873098
31 6 0.10950074
31 10 17.779585
31 22 360.00003
31 9 0.030422214
31 4 0.06679367
31 17 0.9735061
31 19 0.08496587
32 26 16.578037
32 24 0.22865109
32 12 3.0631928
32 15 0.07328374
33 30 5.2457304
33 13 1.2207454
33 11 1.9836488
33 29 15.25857
33 5 2000.0
33 34 2000.0
33 20 0.87465286
33 2 2.0282507
33 14 0.4543839
33 7 2000.0
33 27 0.7699812
33 16 3017.898
33 25 0.6109288
34 30 0.7861806
34 20 0.9332136
34 8 19.09129
34 37 2000.0
34 7 2000.0
34 13 140.96272
34 27 1.0082241
34 16 28.089962
34 11 1.6725521
34 29 4.5756373
34 25 2.3834436
34 5 2.1484194
35 21 0.043124404
35 31 1118.2954
36 28 0.03243294
36 3 1.011774
36 9 1.1019005
37 30 16.030825
37 0 1.5466541
37 8 0.81509095
37 18 3.9599135
37 13 1.0250946
37 11 1.462879
37 29 0.9851716
37 5 13.927449
37 20 2.8233516
37 2 0.84621567
37 7 2000.0
37 27 0.8038148
37 16 2000.0
37 23 1.0344946
37 25 68.91843
