0 2 1.0008117
0 37 1.7749577
0 13 1.058412
0 29 58.603214
0 25 17.13463
1 3 0.6105167
1 12 34.975624
2 30 18.456917
2 0 1.0008117
2 8 1.3694028
2 18 2.0228806
2 13 0.40732414
2 33 1.8447613
2 11 1.5961772
2 29 0.9450947
2 20 1.8289119
2 37 0.86218095
2 27 0.5079604
2 16 2000.0
2 23 11.637405
2 25 0.46462145
3 36 0.36753786
3 28 7.1926136
3 24 2000.0
3 12 0.09515641
3 1 0.6105167
3 9 0.20150864
4 31 0.06662054
4 9 0.117199905
4 17 0.17322347
4 19 0.06879477
5 30 0.75337285
5 8 0.7886679
5 18 1.0930212
5 13 41.620655
5 11 4.1194215
5 29 3.0207944
5 34 4.024526
5 20 2.889302
5 37 5.4908743
5 7 10.591414
5 27 3.0271888
5 16 1.804213
5 23 3.468413
5 25 2000.0
6 31 0.19753073
6 17 1.6548904
7 30 0.77712786
7 20 35.15722
7 8 6.3029556
7 37 95.742
7 16 1.0192872
7 23 1.3528831
7 11 158.40245
7 25 2.1528583
7 5 10.591414
8 0 2000.0
8 30 0.557506
8 18 1.143301
8 13 1.595021
8 11 1.0931706
8 29 0.86725795
8 5 0.7886679
8 34 25.333914
8 2 1.3694028
8 37 1.1435598
8 7 6.3029556
8 27 2.2208986
8 16 1.5081868
8 23 1.2247995
8 25 2000.0
9 36 0.5486151
9 26 2000.0
9 28 0.99090904
9 10 18.76543
9 22 0.055727065
9 31 0.029097158
9 3 0.20150864
9 12 2000.0
9 4 0.117199905
9 17 0.037220422
9 19 0.06631006
10 26 0.029774562
10 28 0.35405004
10 24 0.090887435
10 31 7.8056674
10 12 1247.5
10 9 18.76543
10 17 0.031269528
11 0 2000.0
11 30 1.1824173
11 8 1.0931706
11 18 5.720942
11 13 0.8351416
11 33 1.8079952
11 29 1.1464787
11 5 4.1194215
11 34 2.0745416
11 20 1.5310363
11 2 1.5961772
11 37 1.4684168
11 7 158.40245
11 27 0.713962
11 16 1.0747098
11 25 0.8849106
12 26 0.8601882
12 32 5.059531
12 24 0.063421376
12 21 0.12610294
12 3 0.09515641
12 1 34.975624
13 30 74.75447
13 0 1.058412
13 8 1.595021
13 18 266.6667
13 33 0.7823854
13 11 0.8351416
13 29 0.86931443
13 5 41.620655
13 34 2041.9724
13 20 0.9740587
13 2 0.40732414
13 14 4.0795035
13 37 1.1753768
13 7 2000.0
13 27 0.32002002
13 16 44.957783
13 25 0.26272884
14 30 24.517067
14 20 2.2805398
14 13 4.0795035
14 27 2.55643
14 33 0.37858853
14 11 2000.0
14 25 2.3495727
15 32 0.06856316
15 21 10.345092
16 0 2000.0
16 30 1.0661749
16 8 1.5081868
16 18 1.1760744
16 13 44.957783
16 11 1.0747098
16 5 1.804213
16 34 31.733843
16 20 40.64777
16 7 1.0192872
16 27 1.1786767
16 23 2.203189
16 25 1.1640528
17 6 1.6548904
17 26 1.6456378
17 10 0.031269528
17 24 0.14045407
17 31 0.9667774
17 9 0.037220422
17 4 0.17322347
17 19 130.61777
18 0 2000.0
18 30 0.677912
18 8 1.143301
18 13 266.6667
18 11 5.720942
18 29 1.3149856
18 5 1.0930212
18 2 2.0228806
18 37 2.330835
18 7 2000.0
18 27 26.34726
18 16 1.1760744
18 23 1.0629363
19 28 183.09642
19 31 0.07408598
19 9 0.06631006
19 17 130.61777
19 4 0.06879477
20 30 1.1520456
20 13 0.9740587
20 33 1.023399
20 11 1.5310363
20 29 13.956214
20 5 2.889302
20 34 0.88421446
20 2 1.8289119
20 14 2.2805398
20 37 2.4252415
20 7 35.15722
20 27 0.7252025
20 16 40.64777
20 25 0.50195646
21 26 2000.0
21 32 2000.0
21 24 0.5713114
21 35 0.032459985
21 31 2000.0
21 12 0.12610294
21 15 10.345092
22 31 1644.5643
22 9 0.055727065
22 19 2000.0
23 0 2000.0
23 30 1.5055974
23 8 1.2247995
23 2 11.637405
23 37 1.78189
23 18 1.0629363
23 7 1.3528831
23 16 2.203189
23 11 2000.0
23 29 1.3628248
23 5 3.468413
24 26 0.043191653
24 32 0.39570075
24 10 0.090887435
24 21 0.5713114
24 12 0.063421376
24 15 2000.0
24 17 0.14045407
25 0 17.13463
25 30 30.26023
25 13 0.26272884
25 33 0.6010305
25 11 0.8849106
25 29 3.4755244
25 34 1.9790403
25 20 0.50195646
25 2 0.46462145
25 14 2.3495727
25 37 12.647658
25 7 2.1528583
25 27 0.26318732
25 16 1.1640528
26 32 67.815056
26 28 0.056863494
26 10 0.029774562
26 24 0.043191653
26 31 0.09212742
26 12 0.8601882
26 17 1.6456378
27 30 0.29981536
27 0 2000.0
27 8 2.2208986
27 18 26.34726
27 13 0.32002002
27 33 0.69162077
27 11 0.713962
27 29 0.7782647
27 5 3.0271888
27 34 1.7788742
27 20 0.7252025
27 2 0.5079604
27 14 2.55643
27 37 0.9416571
27 7 2000.0
27 16 1.1786767
27 25 0.26318732
28 36 0.0346032
28 26 0.056863494
28 10 0.35405004
28 12 1200.3408
28 3 7.1926136
28 9 0.99090904
28 19 183.09642
29 0 58.603214
29 30 0.3515412
29 8 0.86725795
29 18 1.3149856
29 13 0.86931443
29 33 14.551831
29 11 1.1464787
29 5 3.0207944
29 34 3.6014612
29 20 13.956214
29 2 0.9450947
29 37 0.708374
29 27 0.7782647
29 16 2000.0
29 23 1.3628248
29 25 3.4755244
30 8 0.557506
30 18 0.677912
30 13 74.75447
30 33 6.92018
30 11 1.1824173
30 29 0.3515412
30 5 0.75337285
30 34 1.3850477
30 20 1.1520456
30 2 18.456917
30 14 24.517067
30 37 22.366001
30 7 0.77712786
30 27 0.29981536
30 16 1.0661749
30 23 1.5055974
30 25 30.26023
31 26 0.09212742
31 6 0.19753073
31 10 7.8056674
31 35 33.26668
31 22 1644.5643
31 9 0.029097158
31 4 0.06662054
31 17 0.9667774
31 19 0.07408598
32 26 67.815056
32 24 0.39570075
32 12 5.059531
32 15 0.06856316
33 30 6.92018
33 8 2000.0
33 13 0.7823854
33 11 1.8079952
33 29 14.551831
33 34 2000.0
33 20 1.023399
33 2 1.8447613
33 14 0.37858853
33 7 2000.0
33 27 0.69162077
33 16 3017.898
33 25 0.6010305
34 30 1.3850477
34 20 0.88421446
34 8 25.333914
34 37 2000.0
34 7 2000.0
34 27 1.7788742
34 16 31.733843
34 11 2.0745416
34 29 3.6014612
34 25 1.9790403
34 5 4.024526
35 21 0.032459985
35 31 33.26668
36 28 0.0346032
36 3 0.36753786
36 9 0.5486151
37 30 22.366001
37 0 1.7749577
37 8 1.1435598
37 18 2.330835
37 13 1.1753768
37 11 1.4684168
37 29 0.708374
37 5 5.4908743
37 20 2.4252415
37 2 0.86218095
37 7 95.742
37 27 0.9416571
37 16 2000.0
37 23 1.78189
37 25 12.647658
