0 8 3.4604514
0 2 0.69684225
0 37 0.79875004
0 13 0.9879261
0 11 31.833187
0 29 8.424133
1 3 0.21253668
1 12 1211.9319
2 30 10.505811
2 0 0.69684225
2 8 1.1258507
2 18 18.124292
2 13 0.37286335
2 33 1.9071766
2 11 0.9635571
2 29 0.879314
2 20 2.4219847
2 37 0.71251744
2 27 0.46632934
2 23 79.64151
2 25 1.4790875
3 36 0.21268938
3 28 0.08857651
3 24 1209.659
3 12 0.05594183
3 1 0.21253668
3 9 0.42372122
4 31 0.08192816
4 9 0.08004149
4 17 0.10012325
4 19 0.09085321
5 30 1.3815067
5 8 0.64462125
5 18 0.38688588
5 13 89.89238
5 11 3.279795
5 29 3.6427896
5 34 1.0526721
5 20 2.9419932
5 37 2000.0
5 7 5.5428715
5 27 2.5721211
5 16 1.8199846
5 23 4.169815
6 31 0.22900373
6 17 0.8401509
7 34 9.196563
7 30 1.1859504
7 20 2.0926886
7 8 36.852272
7 37 26.423403
7 27 70.99361
7 16 0.8700031
7 23 1.1552507
7 11 7.3202105
7 25 3.716423
7 5 5.5428715
8 0 3.4604514
8 30 0.6094953
8 18 0.87090164
8 13 2.0830698
8 11 0.87826765
8 29 0.7642673
8 5 0.64462125
8 34 3.0102396
8 2 1.1258507
8 37 0.85648495
8 7 36.852272
8 27 1.5689749
8 16 1.9034597
8 23 1.0548124
9 36 1.3805681
9 26 2000.0
9 28 1.7751856
9 10 13.75394
9 22 0.15569808
9 31 0.02929547
9 3 0.42372122
9 12 2000.0
9 17 0.077072665
9 4 0.08004149
9 19 0.06302782
10 26 0.034211997
10 28 0.55469686
10 24 0.058472
10 31 0.044178937
10 12 12.333751
10 9 13.75394
10 17 0.035795454
11 0 31.833187
11 30 0.4708221
11 8 0.87826765
11 18 4.7291665
11 13 0.5796708
11 33 2.5122807
11 29 1.0442026
11 5 3.279795
11 34 2.7018564
11 20 1.5272728
11 2 0.9635571
11 37 1.193751
11 7 7.3202105
11 27 0.4894095
11 16 0.6880043
11 25 0.9046729
12 26 1.5870304
12 28 3.9219768
12 32 0.21577051
12 10 12.333751
12 24 0.072602734
12 21 0.13375263
12 3 0.05594183
13 0 0.9879261
13 30 0.7804487
13 8 2.0830698
13 18 113.63637
13 33 0.8926055
13 11 0.5796708
13 29 0.925388
13 5 89.89238
13 34 12.540761
13 20 1.7391012
13 2 0.37286335
13 14 3.0522234
13 37 0.951959
13 27 0.2227938
13 16 18.470335
13 25 0.4968869
14 20 0.6886451
14 13 3.0522234
14 27 3.307137
14 33 0.44433942
14 11 2000.0
14 25 1.3849838
15 32 0.09675616
15 24 612.49994
15 21 1.4351866
16 30 1.084166
16 0 2000.0
16 8 1.9034597
16 18 1.1800812
16 13 18.470335
16 11 0.6880043
16 29 24.646801
16 5 1.8199846
16 20 6.3890057
16 37 17.266
16 7 0.8700031
16 27 1.2990896
16 23 6.168725
16 25 1.1788361
17 26 1.7835242
17 6 0.8401509
17 10 0.035795454
17 24 0.2789056
17 31 1.3886021
17 9 0.077072665
17 4 0.10012325
17 19 5.0904365
18 30 0.70378786
18 2 18.124292
18 8 0.87090164
18 37 1.1426497
18 13 113.63637
18 7 2000.0
18 27 3.7896693
18 16 1.1800812
18 23 1.1949468
18 11 4.7291665
18 29 1.0209075
18 5 0.38688588
19 31 0.084239945
19 9 0.06302782
19 17 5.0904365
19 4 0.09085321
20 30 12.349235
20 13 1.7391012
20 33 1.5793238
20 11 1.5272728
20 29 4.328233
20 5 2.9419932
20 34 0.8433092
20 2 2.4219847
20 14 0.6886451
20 37 1.7707454
20 7 2.0926886
20 27 1.3758342
20 16 6.3890057
20 25 0.61737597
21 26 2000.0
21 32 2000.0
21 24 1.0384921
21 35 0.08476154
21 12 0.13375263
21 15 1.4351866
22 6 1301.3069
22 31 1246.1364
22 9 0.15569808
22 19 1318.8068
23 0 2000.0
23 30 1.2789831
23 2 79.64151
23 8 1.0548124
23 37 1.1319271
23 18 1.1949468
23 7 1.1552507
23 16 6.168725
23 11 2000.0
23 29 1.401571
23 5 4.169815
24 26 0.0586454
24 32 0.104582116
24 10 0.058472
24 21 1.0384921
24 31 8.610996
24 12 0.072602734
24 3 1209.659
24 15 612.49994
24 17 0.2789056
25 30 0.40761966
25 13 0.4968869
25 33 0.358286
25 11 0.9046729
25 29 3.0346396
25 34 1.8254021
25 20 0.61737597
25 2 1.4790875
25 14 1.3849838
25 37 13.79798
25 7 3.716423
25 27 0.44747767
25 16 1.1788361
26 36 200.0
26 32 13.016632
26 28 0.03655924
26 10 0.034211997
26 24 0.0586454
26 31 0.048453804
26 12 1.5870304
26 17 1.7835242
27 0 2000.0
27 30 0.16273732
27 8 1.5689749
27 18 3.7896693
27 13 0.2227938
27 33 0.89135164
27 11 0.4894095
27 29 0.5052817
27 5 2.5721211
27 34 1.4766248
27 20 1.3758342
27 2 0.46632934
27 14 3.307137
27 37 0.80318844
27 7 70.99361
27 16 1.2990896
27 23 2000.0
27 25 0.44747767
28 36 0.03622494
28 26 0.03655924
28 10 0.55469686
28 3 0.08857651
28 12 3.9219768
28 9 1.7751856
29 0 8.424133
29 30 3.4914703
29 8 0.7642673
29 18 1.0209075
29 13 0.925388
29 11 1.0442026
29 5 3.6427896
29 34 13.743127
29 20 4.328233
29 2 0.879314
29 37 0.9768722
29 7 2000.0
29 27 0.5052817
29 16 24.646801
29 23 1.401571
29 25 3.0346396
30 0 2000.0
30 8 0.6094953
30 18 0.70378786
30 13 0.7804487
30 33 2.6302707
30 11 0.4708221
30 29 3.4914703
30 5 1.3815067
30 34 1.467646
30 20 12.349235
30 2 10.505811
30 37 3.2866163
30 7 1.1859504
30 27 0.16273732
30 16 1.084166
30 23 1.2789831
30 25 0.40761966
31 26 0.048453804
31 6 0.22900373
31 10 0.044178937
31 24 8.610996
31 9 0.02929547
31 17 1.3886021
31 4 0.08192816
31 19 0.084239945
32 26 13.016632
32 24 0.104582116
32 12 0.21577051
32 15 0.09675616
33 34 2000.0
33 30 2.6302707
33 20 1.5793238
33 2 1.9071766
33 14 0.44433942
33 7 2000.0
33 13 0.8926055
33 27 0.89135164
33 16 2020.4546
33 11 2.5122807
33 29 2580.5112
33 25 0.358286
34 30 1.467646
34 20 0.8433092
34 8 3.0102396
34 13 12.540761
34 7 9.196563
34 27 1.4766248
34 16 1215.0568
34 11 2.7018564
34 25 1.8254021
34 29 13.743127
34 5 1.0526721
35 21 0.08476154
36 26 200.0
36 28 0.03622494
36 3 0.21268938
36 9 1.3805681
37 30 3.2866163
37 0 0.79875004
37 8 0.85648495
37 18 1.1426497
37 13 0.951959
37 11 1.193751
37 29 0.9768722
37 20 1.7707454
37 2 0.71251744
37 7 26.423403
37 27 0.80318844
37 16 17.266
37 23 1.1319271
37 25 13.79798
