0 8 10.943393
0 2 1.5149415
0 37 0.7114599
0 13 0.9005554
0 11 20.311459
0 29 8.141507
1 3 0.26353943
1 12 1202.159
2 30 16.4245
2 0 1.5149415
2 8 1.1834893
2 18 8.707671
2 13 0.3482996
2 33 1.9951025
2 11 0.8880845
2 29 0.8636756
2 20 4.517126
2 37 0.86134374
2 27 0.5609465
2 16 2000.0
2 23 54.36681
2 25 1.0993764
3 36 0.27525973
3 28 0.14708932
3 24 2000.0
3 12 0.06453896
3 1 0.26353943
3 9 0.23156781
4 31 0.06830492
4 9 0.06961625
4 17 0.07653121
4 19 0.0933648
5 30 0.77536595
5 8 1.3673297
5 18 1.2922845
5 13 2000.0
5 11 2.0409367
5 29 6.4068274
5 34 3.5851603
5 20 2.9610193
5 37 2000.0
5 7 10.381751
5 27 2.5307963
5 16 1.5997385
5 23 4.9046745
6 22 180.94601
6 31 0.7268812
6 17 0.83468896
7 34 10.909281
7 30 0.8215625
7 20 1.9621422
7 8 22.985334
7 37 11.675693
7 16 1.5468806
7 11 3.8451138
7 23 1.3198406
7 25 4.769297
7 5 10.381751
8 0 10.943393
8 30 0.6092679
8 18 1.3457893
8 13 1.2950205
8 11 0.47465733
8 29 0.8803247
8 5 1.3673297
8 34 3.0814393
8 2 1.1834893
8 37 0.88509846
8 7 22.985334
8 27 0.88343763
8 16 1.3640748
8 23 1.0265362
9 36 1.0768828
9 26 2000.0
9 28 0.8526779
9 10 2.7230113
9 22 1.059326
9 31 0.029169273
9 3 0.23156781
9 17 0.04363823
9 4 0.06961625
9 19 0.08897727
10 26 0.03220359
10 28 0.3094502
10 24 0.044456147
10 31 0.049894072
10 12 11.6564455
10 9 2.7230113
10 17 0.043218475
11 0 20.311459
11 30 0.36742213
11 8 0.47465733
11 18 5.9753366
11 13 0.52894384
11 33 1.9432489
11 29 0.9144718
11 5 2.0409367
11 34 2.7144737
11 20 1.625495
11 2 0.8880845
11 37 1.3624077
11 7 3.8451138
11 27 1.0378008
11 16 1.131955
11 25 0.9942828
12 26 0.76785713
12 28 5.609395
12 32 0.39731097
12 10 11.6564455
12 24 0.06983835
12 21 0.08451506
12 3 0.06453896
13 30 0.9099994
13 0 0.9005554
13 8 1.2950205
13 18 600.0
13 33 1.2293665
13 11 0.52894384
13 29 0.83684266
13 34 10.109212
13 20 1.020098
13 2 0.3482996
13 14 2.9001718
13 37 1.5730305
13 27 0.4056445
13 16 153.19064
13 25 0.54484695
14 20 1.1846542
14 13 2.9001718
14 33 0.4101345
14 27 2.07538
14 11 2000.0
14 25 2.4885364
15 32 0.07561837
15 21 1.1015152
16 0 2000.0
16 30 1.0841478
16 8 1.3640748
16 18 1.2721604
16 13 153.19064
16 11 1.131955
16 29 34.719524
16 5 1.5997385
16 20 19.319025
16 37 224.06747
16 7 1.5468806
16 27 1.5196328
16 23 14.583914
16 25 1.5999625
17 26 1.7648705
17 6 0.83468896
17 10 0.043218475
17 24 0.28076056
17 31 1.2529807
17 9 0.04363823
17 4 0.07653121
17 19 4.5828667
18 0 2000.0
18 30 0.68915796
18 8 1.3457893
18 13 600.0
18 11 5.9753366
18 29 1.3020747
18 5 1.2922845
18 2 8.707671
18 37 1.2318319
18 7 2000.0
18 27 8.848347
18 16 1.2721604
18 23 1.3129058
19 31 0.0695932
19 9 0.08897727
19 17 4.5828667
19 4 0.0933648
20 30 32.246613
20 13 1.020098
20 33 1.3062397
20 11 1.625495
20 29 5.9187074
20 5 2.9610193
20 34 0.80857813
20 2 4.517126
20 14 1.1846542
20 37 3.436418
20 7 1.9621422
20 27 1.4011979
20 16 19.319025
20 25 0.5819165
21 24 0.76671606
21 35 0.039257128
21 12 0.08451506
21 15 1.1015152
22 6 180.94601
22 31 1207.8978
22 9 1.059326
22 19 1394.0342
23 0 2000.0
23 30 2.1743357
23 2 54.36681
23 8 1.0265362
23 37 1.3890909
23 18 1.3129058
23 7 1.3198406
23 16 14.583914
23 11 2000.0
23 29 3.4019294
23 5 4.9046745
24 26 0.05010146
24 32 0.13839924
24 10 0.044456147
24 21 0.76671606
24 31 8.409446
24 12 0.06983835
24 15 2000.0
24 17 0.28076056
25 30 3.3492036
25 13 0.54484695
25 33 0.35686553
25 11 0.9942828
25 29 4.5602093
25 34 2.0261579
25 20 0.5819165
25 2 1.0993764
25 14 2.4885364
25 37 100.0
25 7 4.769297
25 27 0.7562595
25 16 1.5999625
26 36 387.65457
26 32 22.207052
26 28 0.030158736
26 10 0.03220359
26 24 0.05010146
26 31 0.07872689
26 12 0.76785713
26 17 1.7648705
27 0 2000.0
27 30 0.37133807
27 8 0.88343763
27 18 8.848347
27 13 0.4056445
27 33 1.9463786
27 11 1.0378008
27 29 0.8688823
27 5 2.5307963
27 34 1.2156215
27 20 1.4011979
27 2 0.5609465
27 14 2.07538
27 37 0.891022
27 7 3437.4434
27 16 1.5196328
27 25 0.7562595
28 36 0.030811
28 26 0.030158736
28 10 0.3094502
28 3 0.14708932
28 12 5.609395
28 9 0.8526779
29 0 8.141507
29 30 6.3910346
29 8 0.8803247
29 18 1.3020747
29 13 0.83684266
29 11 0.9144718
29 5 6.4068274
29 34 6.923271
29 20 5.9187074
29 2 0.8636756
29 37 1.0473164
29 7 2000.0
29 27 0.8688823
29 16 34.719524
29 23 3.4019294
29 25 4.5602093
30 0 2000.0
30 8 0.6092679
30 18 0.68915796
30 13 0.9099994
30 33 9.854513
30 11 0.36742213
30 29 6.3910346
30 5 0.77536595
30 34 1.7776194
30 20 32.246613
30 2 16.4245
30 14 2000.0
30 37 6.027535
30 7 0.8215625
30 27 0.37133807
30 16 1.0841478
30 23 2.1743357
30 25 3.3492036
31 26 0.07872689
31 6 0.7268812
31 10 0.049894072
31 24 8.409446
31 9 0.029169273
31 17 1.2529807
31 4 0.06830492
31 19 0.0695932
32 26 22.207052
32 24 0.13839924
32 12 0.39731097
32 15 0.07561837
33 30 9.854513
33 8 2000.0
33 13 1.2293665
33 11 1.9432489
33 29 1421.591
33 5 2000.0
33 34 2000.0
33 20 1.3062397
33 2 1.9951025
33 14 0.4101345
33 7 2000.0
33 27 1.9463786
33 16 2000.0
33 25 0.35686553
34 30 1.7776194
34 20 0.80857813
34 8 3.0814393
34 13 10.109212
34 7 10.909281
34 27 1.2156215
34 16 5535.0566
34 11 2.7144737
34 25 2.0261579
34 29 6.923271
34 5 3.5851603
35 21 0.039257128
36 26 387.65457
36 28 0.030811
36 3 0.27525973
36 9 1.0768828
37 30 6.027535
37 0 0.7114599
37 8 0.88509846
37 18 1.2318319
37 13 1.5730305
37 11 1.3624077
37 29 1.0473164
37 20 3.436418
37 2 0.86134374
37 7 11.675693
37 27 0.891022
37 16 224.06747
37 23 1.3890909
37 25 100.0
