0 8 17.67299
0 2 0.778955
0 37 0.98874044
0 13 1.1584104
0 11 47.42884
0 29 15.737437
1 3 0.32640347
1 12 1308.2386
2 30 4.2728305
2 0 0.778955
2 8 1.2404827
2 18 10.181863
2 13 0.21467671
2 33 2.4962337
2 11 0.7852221
2 29 1.0558554
2 20 0.99455357
2 37 0.8495901
2 27 0.3081528
2 23 16.395945
2 25 0.7633707
3 36 0.2564722
3 28 0.09626665
3 24 88.888885
3 12 0.07732074
3 1 0.32640347
3 9 0.3836425
4 31 0.08445995
4 9 0.06860326
4 17 0.07796505
4 19 0.10210778
5 30 0.58824396
5 8 0.63782066
5 18 0.32804316
5 13 78.58117
5 11 3.6600337
5 29 3.1501484
5 34 0.8315395
5 20 2.4198818
5 37 2000.0
5 7 5.1526494
5 27 2.4250944
5 16 1.7180119
5 23 5.469226
6 22 40.053772
6 31 0.43934608
6 17 0.9511165
7 34 8.955461
7 30 0.73231125
7 20 1.4770253
7 8 50.78873
7 37 8.727567
7 16 1.0002192
7 11 7.0776534
7 23 1.161941
7 25 7.1236553
7 5 5.1526494
8 0 17.67299
8 30 0.85884404
8 18 0.9551136
8 13 2.3130035
8 11 1.2831988
8 29 0.5898305
8 5 0.63782066
8 34 5.7906365
8 2 1.2404827
8 37 1.260503
8 7 50.78873
8 27 0.99103403
8 16 1.5035684
8 23 0.7838113
9 36 2.164936
9 26 2000.0
9 28 1.2473291
9 10 10.61413
9 22 0.40390712
9 31 0.029637719
9 3 0.3836425
9 17 0.050922018
9 4 0.06860326
9 19 0.06859188
10 26 0.03159891
10 28 0.30963618
10 24 0.06363418
10 31 0.037147887
10 12 7.1342874
10 9 10.61413
10 17 0.029556876
11 0 47.42884
11 30 0.44759497
11 8 1.2831988
11 18 4.895654
11 13 0.48424742
11 33 2.241901
11 29 0.75889206
11 5 3.6600337
11 34 1.9019775
11 20 0.58022463
11 2 0.7852221
11 37 1.1829545
11 7 7.0776534
11 27 0.42214996
11 16 0.8905821
11 25 1.0934699
12 26 1.9752818
12 28 4.150031
12 32 0.19260886
12 10 7.1342874
12 24 0.088620365
12 21 0.11005923
12 3 0.07732074
13 0 1.1584104
13 30 0.8982202
13 8 2.3130035
13 18 83.381325
13 33 0.94311345
13 11 0.48424742
13 29 0.6774073
13 5 78.58117
13 34 8.876394
13 20 0.47537446
13 2 0.21467671
13 14 2.3738036
13 37 1.3486834
13 27 0.22511758
13 16 34.82535
13 25 0.587258
14 20 1.0058557
14 13 2.3738036
14 27 2.3164287
14 33 0.5159497
14 11 2000.0
14 25 1.7233728
15 32 0.07825946
15 24 2000.0
15 21 0.75934565
16 30 1.0667517
16 0 2000.0
16 8 1.5035684
16 18 0.9423927
16 13 34.82535
16 11 0.8905821
16 29 14.213473
16 5 1.7180119
16 20 5.0055323
16 37 29.062407
16 7 1.0002192
16 27 1.6346169
16 23 6.5186796
16 25 1.8133622
17 26 1.73917
17 6 0.9511165
17 10 0.029556876
17 24 0.36400712
17 31 1.3720632
17 9 0.050922018
17 4 0.07796505
17 19 3.4555857
18 30 0.87059695
18 2 10.181863
18 8 0.9551136
18 37 0.8237552
18 7 2000.0
18 13 83.381325
18 27 3.115509
18 16 0.9423927
18 23 0.9394659
18 11 4.895654
18 29 1.3202479
18 5 0.32804316
19 31 0.08046484
19 9 0.06859188
19 17 3.4555857
19 4 0.10210778
20 30 13.591161
20 13 0.47537446
20 33 1.5454001
20 11 0.58022463
20 29 4.254571
20 5 2.4198818
20 34 0.871164
20 2 0.99455357
20 14 1.0058557
20 37 3.11685
20 7 1.4770253
20 27 0.5909382
20 16 5.0055323
20 25 0.51406246
21 32 800.0
21 10 2000.0
21 24 0.3622762
21 35 0.052253302
21 12 0.11005923
21 15 0.75934565
22 6 40.053772
22 31 1181.1932
22 9 0.40390712
22 19 1288.409
23 0 2000.0
23 30 1.183601
23 2 16.395945
23 8 0.7838113
23 37 1.0003532
23 18 0.9394659
23 7 1.161941
23 16 6.5186796
23 11 2000.0
23 29 2.9423845
23 5 5.469226
24 26 0.050763793
24 32 0.10978534
24 10 0.06363418
24 21 0.3622762
24 31 2.954825
24 12 0.088620365
24 3 88.888885
24 15 2000.0
24 17 0.36400712
25 30 2.8860176
25 13 0.587258
25 33 0.47226462
25 11 1.0934699
25 29 4.136695
25 34 1.5016068
25 20 0.51406246
25 2 0.7633707
25 14 1.7233728
25 37 73.83261
25 7 7.1236553
25 27 0.5412026
25 16 1.8133622
26 36 54.57866
26 32 24.683714
26 28 0.04995781
26 10 0.03159891
26 24 0.050763793
26 31 0.057615217
26 12 1.9752818
26 17 1.73917
27 0 2000.0
27 30 0.19571157
27 8 0.99103403
27 18 3.115509
27 13 0.22511758
27 33 0.89832956
27 11 0.42214996
27 29 0.56134504
27 5 2.4250944
27 34 1.081329
27 20 0.5909382
27 2 0.3081528
27 14 2.3164287
27 37 0.51608664
27 7 2677.6138
27 16 1.6346169
27 25 0.5412026
28 36 0.039269745
28 26 0.04995781
28 10 0.30963618
28 3 0.09626665
28 12 4.150031
28 9 1.2473291
29 0 15.737437
29 30 1.9741546
29 8 0.5898305
29 18 1.3202479
29 13 0.6774073
29 11 0.75889206
29 5 3.1501484
29 34 5.3780446
29 20 4.254571
29 2 1.0558554
29 37 0.75826275
29 7 2000.0
29 27 0.56134504
29 16 14.213473
29 23 2.9423845
29 25 4.136695
30 0 2000.0
30 8 0.85884404
30 18 0.87059695
30 13 0.8982202
30 33 2.3546844
30 11 0.44759497
30 29 1.9741546
30 5 0.58824396
30 34 1.1704017
30 20 13.591161
30 2 4.2728305
30 37 4.853822
30 7 0.73231125
30 27 0.19571157
30 16 1.0667517
30 23 1.183601
30 25 2.8860176
31 26 0.057615217
31 6 0.43934608
31 10 0.037147887
31 24 2.954825
31 9 0.029637719
31 17 1.3720632
31 4 0.08445995
31 19 0.08046484
32 26 24.683714
32 24 0.10978534
32 21 800.0
32 12 0.19260886
32 15 0.07825946
33 34 2000.0
33 30 2.3546844
33 20 1.5454001
33 2 2.4962337
33 14 0.5159497
33 7 2000.0
33 13 0.94311345
33 27 0.89832956
33 16 1627.8408
33 11 2.241901
33 29 1898.4092
33 25 0.47226462
34 30 1.1704017
34 20 0.871164
34 8 5.7906365
34 13 8.876394
34 7 8.955461
34 27 1.081329
34 16 1215.0568
34 11 1.9019775
34 25 1.5016068
34 29 5.3780446
34 5 0.8315395
35 21 0.052253302
36 26 54.57866
36 28 0.039269745
36 3 0.2564722
36 9 2.164936
37 0 0.98874044
37 30 4.853822
37 8 1.260503
37 18 0.8237552
37 13 1.3486834
37 11 1.1829545
37 29 0.75826275
37 20 3.11685
37 2 0.8495901
37 7 8.727567
37 27 0.51608664
37 16 29.062407
37 23 1.0003532
37 25 73.83261
