0 2 0.9913065
0 37 1.4851257
0 13 1.5527865
0 29 14.729813
0 25 17.136946
1 3 0.64581156
1 12 16.79659
2 30 9.629346
2 0 0.9913065
2 8 1.3019856
2 18 1.6764644
2 13 0.6981275
2 33 1.8141972
2 11 1.878457
2 29 1.1336976
2 20 3.8729987
2 37 0.9847021
2 27 1.6182643
2 16 2000.0
2 23 7.2800407
2 25 0.85584354
3 36 0.3831693
3 28 27.266788
3 24 1482.1023
3 12 0.070772134
3 1 0.64581156
3 9 0.88579553
4 31 0.13567859
4 9 0.06631494
4 17 0.17535646
4 19 0.07671807
5 30 0.7368952
5 8 0.5881893
5 18 1.0226907
5 13 9.679159
5 11 2.3418448
5 29 3.6999588
5 34 3.2319543
5 20 2.4755862
5 37 29.597616
5 7 16.130936
5 27 1.3534027
5 16 2.1652796
5 23 2.9416118
5 25 2000.0
6 31 0.15214014
6 17 2.1129167
7 30 0.9131894
7 20 80.677376
7 8 7.505853
7 37 198.34972
7 27 171.98749
7 16 1.1364772
7 23 1.2952588
7 11 100.50742
7 25 2.9046457
7 5 16.130936
8 0 2000.0
8 30 0.4545716
8 18 1.2571354
8 13 0.9190663
8 11 0.9041393
8 29 0.45126155
8 5 0.5881893
8 34 24.343796
8 2 1.3019856
8 37 1.0162022
8 7 7.505853
8 27 1.6288605
8 16 1.590832
8 23 1.149401
8 25 2000.0
9 36 0.8789417
9 26 2000.0
9 28 2.1190617
9 10 57.070312
9 22 0.08136363
9 31 0.035857655
9 12 2000.0
9 3 0.88579553
9 4 0.06631494
9 17 0.034541607
9 19 0.08405915
10 26 0.0310341
10 28 0.6120384
10 24 0.17728326
10 31 64.77327
10 12 54.656425
10 9 57.070312
10 17 0.040877305
11 0 2000.0
11 30 1.5821936
11 8 0.9041393
11 18 8.632158
11 13 1.2326369
11 33 3.3052313
11 29 0.78575695
11 5 2.3418448
11 34 2.537603
11 20 1.7375128
11 2 1.878457
11 37 1.7249033
11 7 100.50742
11 27 0.7791422
11 16 0.9881765
11 25 1.1815386
12 26 0.8085065
12 32 7.577922
12 28 1297.8085
12 10 54.656425
12 24 0.06845697
12 21 0.12476714
12 3 0.070772134
12 1 16.79659
13 30 72.399345
13 0 1.5527865
13 8 0.9190663
13 18 610.9728
13 33 0.9658685
13 11 1.2326369
13 29 1.0772864
13 5 9.679159
13 34 111.06452
13 20 1.7145534
13 2 0.6981275
13 14 5.0768194
13 37 1.019385
13 7 2000.0
13 27 0.38920456
13 16 28.826311
13 25 0.23406622
14 30 8.263368
14 20 2.2660782
14 13 5.0768194
14 27 2.4887338
14 33 0.45732117
14 25 1.9949652
15 32 0.0666855
15 24 58.333336
15 21 4.507823
16 0 2000.0
16 30 1.1048656
16 8 1.590832
16 18 0.98040175
16 13 28.826311
16 11 0.9881765
16 29 151.22992
16 5 2.1652796
16 34 94.70625
16 20 18.5625
16 7 1.1364772
16 27 1.3478763
16 23 3.0484104
16 25 0.7572888
17 6 2.1129167
17 26 1.7327993
17 10 0.040877305
17 24 0.1252076
17 31 0.94716007
17 9 0.034541607
17 4 0.17535646
17 19 1516.3636
18 0 2000.0
18 30 0.6763377
18 8 1.2571354
18 13 610.9728
18 11 8.632158
18 29 1.0932443
18 5 1.0226907
18 2 1.6764644
18 37 2.3293552
18 7 2000.0
18 27 10.904821
18 16 0.98040175
18 23 1.2208307
19 31 0.10585499
19 9 0.08405915
19 4 0.07671807
20 30 0.91023594
20 13 1.7145534
20 33 2.291754
20 11 1.7375128
20 29 12.076729
20 5 2.4755862
20 34 1.0471575
20 2 3.8729987
20 14 2.2660782
20 37 4.638618
20 7 80.677376
20 27 1.8689468
20 16 18.5625
20 25 1.2718143
21 24 2.1041083
21 35 0.034784283
21 31 2000.0
21 12 0.12476714
21 15 4.507823
22 31 104.16667
22 9 0.08136363
22 19 2000.0
23 0 2000.0
23 30 1.1976876
23 8 1.149401
23 2 7.2800407
23 37 1.0395256
23 18 1.2208307
23 7 1.2952588
23 16 3.0484104
23 11 2000.0
23 29 1.1072617
23 5 2.9416118
24 26 0.04187779
24 32 0.40478143
24 10 0.17728326
24 21 2.1041083
24 12 0.06845697
24 15 58.333336
24 17 0.1252076
25 30 27.99416
25 0 17.136946
25 13 0.23406622
25 33 0.85494965
25 11 1.1815386
25 29 2.8829436
25 34 2.542938
25 20 1.2718143
25 2 0.85584354
25 14 1.9949652
25 37 41.86467
25 7 2.9046457
25 27 0.2167373
25 16 0.7572888
26 32 27.16614
26 28 0.04985074
26 10 0.0310341
26 24 0.04187779
26 31 0.14191611
26 12 0.8085065
26 17 1.7327993
27 30 0.26597676
27 0 2000.0
27 8 1.6288605
27 18 10.904821
27 13 0.38920456
27 33 1.0229136
27 11 0.7791422
27 29 0.7951411
27 5 1.3534027
27 34 1.1418273
27 20 1.8689468
27 2 1.6182643
27 14 2.4887338
27 37 1.1298622
27 7 171.98749
27 16 1.3478763
27 25 0.2167373
28 36 0.028966896
28 26 0.04985074
28 10 0.6120384
28 3 27.266788
28 12 1297.8085
28 9 2.1190617
28 19 1469.8865
29 0 14.729813
29 30 4.354837
29 8 0.45126155
29 18 1.0932443
29 13 1.0772864
29 33 12.412275
29 11 0.78575695
29 5 3.6999588
29 34 4.8460593
29 20 12.076729
29 2 1.1336976
29 37 1.0415677
29 7 2000.0
29 27 0.7951411
29 16 151.22992
29 23 1.1072617
29 25 2.8829436
30 8 0.4545716
30 18 0.6763377
30 13 72.399345
30 33 7.2924466
30 11 1.5821936
30 29 4.354837
30 5 0.7368952
30 34 0.85494894
30 20 0.91023594
30 2 9.629346
30 14 8.263368
30 37 76.65614
30 7 0.9131894
30 27 0.26597676
30 16 1.1048656
30 23 1.1976876
30 25 27.99416
31 26 0.14191611
31 6 0.15214014
31 10 64.77327
31 35 63.3733
31 22 104.16667
31 9 0.035857655
31 4 0.13567859
31 17 0.94716007
31 19 0.10585499
32 26 27.16614
32 24 0.40478143
32 21 2000.0
32 12 7.577922
32 15 0.0666855
33 30 7.2924466
33 8 2000.0
33 13 0.9658685
33 11 3.3052313
33 29 12.412275
33 34 2000.0
33 20 2.291754
33 2 1.8141972
33 14 0.45732117
33 7 2000.0
33 27 1.0229136
33 16 1971.0227
33 25 0.85494965
34 30 0.85494894
34 20 1.0471575
34 8 24.343796
34 37 2000.0
34 7 2901.5908
34 13 111.06452
34 27 1.1418273
34 16 94.70625
34 11 2.537603
34 29 4.8460593
34 25 2.542938
34 5 3.2319543
35 21 0.034784283
35 31 63.3733
36 28 0.028966896
36 3 0.3831693
36 9 0.8789417
37 30 76.65614
37 0 1.4851257
37 8 1.0162022
37 18 2.3293552
37 13 1.019385
37 11 1.7249033
37 29 1.0415677
37 5 29.597616
37 20 4.638618
37 2 0.9847021
37 7 198.34972
37 27 1.1298622
37 16 2000.0
37 23 1.0395256
37 25 41.86467
