0 2 0.93375
0 37 2.0597236
0 13 1.4575629
0 25 13.736365
0 29 62.405663
1 3 0.8758772
1 12 66.8829
2 30 23.579819
2 0 0.93375
2 8 1.4880859
2 18 2.1354494
2 13 0.57863265
2 33 2.2516506
2 11 1.3621523
2 29 1.2387326
2 20 6.7533126
2 37 0.8555952
2 27 0.99924123
2 16 2000.0
2 23 6.2887535
2 25 0.41478643
3 36 0.47605464
3 28 5.2036314
3 24 2000.0
3 12 0.0630513
3 1 0.8758772
3 9 0.35429838
4 31 0.06749676
4 9 0.08525388
4 17 0.36049446
4 19 0.07598733
5 30 0.72010994
5 8 1.2984068
5 18 0.87244457
5 13 74.09459
5 11 3.746092
5 29 4.4675956
5 34 2.8166556
5 20 3.3676183
5 37 19.884945
5 7 30.785664
5 27 3.0350468
5 16 2.500921
5 23 10.980184
5 25 2000.0
6 31 0.11365531
6 17 1.4092675
7 34 294.6682
7 30 0.7698756
7 20 39.000713
7 8 3.9581661
7 16 1.3281304
7 23 1.3267231
7 11 62.906055
7 25 3.2486475
7 5 30.785664
8 0 2000.0
8 30 0.7888525
8 18 1.2646127
8 13 0.88176584
8 11 1.2790179
8 29 0.8305842
8 5 1.2984068
8 34 17.171251
8 2 1.4880859
8 37 0.9500494
8 7 3.9581661
8 27 8.401171
8 16 1.7789063
8 23 1.1372211
8 25 2000.0
9 36 0.6489082
9 26 2000.0
9 28 2.0263445
9 10 26.527973
9 22 0.059934016
9 31 0.035804164
9 3 0.35429838
9 12 2000.0
9 4 0.08525388
9 17 0.040825263
9 19 0.0731169
10 26 0.029247394
10 28 0.6049904
10 24 0.07275569
10 31 15.683378
10 12 95.69518
10 9 26.527973
10 17 0.039688747
11 0 2000.0
11 30 0.69451576
11 8 1.2790179
11 18 8.924239
11 13 0.5593992
11 33 2.0112903
11 29 1.0166605
11 5 3.746092
11 34 6.84666
11 20 2.0621333
11 2 1.3621523
11 37 1.9091026
11 7 62.906055
11 27 0.7707972
11 16 1.5652086
11 25 0.7958234
12 26 0.28392535
12 32 12.023408
12 10 95.69518
12 24 0.067424655
12 21 0.13397218
12 3 0.0630513
12 1 66.8829
12 15 2000.0
13 30 99.67969
13 0 1.4575629
13 8 0.88176584
13 18 125.90767
13 33 1.015985
13 11 0.5593992
13 29 1.4341236
13 5 74.09459
13 34 361.30576
13 20 2.4636335
13 2 0.57863265
13 14 9.349289
13 37 0.92697465
13 7 2000.0
13 27 0.3368687
13 16 81.66558
13 25 0.22954616
14 30 12.497065
14 20 4.6956964
14 13 9.349289
14 27 1.771697
14 33 0.4678397
14 11 2000.0
14 25 2.1620407
15 32 0.07211531
15 21 13.550265
16 30 1.0670401
16 0 2000.0
16 8 1.7789063
16 18 1.2111158
16 13 81.66558
16 11 1.5652086
16 5 2.500921
16 34 42.86932
16 20 51.164917
16 7 1.3281304
16 27 1.5513444
16 23 3.2078724
16 25 1.1843588
17 6 1.4092675
17 26 1.2632885
17 10 0.039688747
17 24 0.18311614
17 31 1.0158333
17 9 0.040825263
17 4 0.36049446
17 19 1251.6477
18 0 2000.0
18 30 0.88045144
18 8 1.2646127
18 13 125.90767
18 11 8.924239
18 29 1.1541426
18 5 0.87244457
18 2 2.1354494
18 37 2.5357926
18 7 2000.0
18 27 32.65806
18 16 1.2111158
18 23 1.3066028
19 31 0.101316035
19 9 0.0731169
19 4 0.07598733
20 30 2.7098484
20 13 2.4636335
20 33 1.5437833
20 11 2.0621333
20 29 10.2033825
20 5 3.3676183
20 34 1.5726376
20 2 6.7533126
20 14 4.6956964
20 37 13.531647
20 7 39.000713
20 27 2.9929836
20 16 51.164917
20 25 0.5100341
21 26 2000.0
21 32 2000.0
21 24 1.7848175
21 35 0.038284633
21 31 2000.0
21 12 0.13397218
21 15 13.550265
22 31 88.888885
22 9 0.059934016
22 19 2000.0
23 0 2000.0
23 30 1.8769348
23 8 1.1372211
23 2 6.2887535
23 37 1.2480329
23 18 1.3066028
23 7 1.3267231
23 16 3.2078724
23 11 2000.0
23 29 1.8260607
23 5 10.980184
24 26 0.036789775
24 32 0.21896034
24 10 0.07275569
24 21 1.7848175
24 12 0.067424655
24 15 2000.0
24 17 0.18311614
25 0 13.736365
25 30 15.70096
25 13 0.22954616
25 33 0.53237903
25 11 0.7958234
25 29 3.1572316
25 34 6.823281
25 20 0.5100341
25 2 0.41478643
25 14 2.1620407
25 37 39.573097
25 7 3.2486475
25 27 0.23602201
25 16 1.1843588
26 32 47.237534
26 28 0.0547794
26 10 0.029247394
26 24 0.036789775
26 31 0.11428907
26 12 0.28392535
26 17 1.2632885
27 30 0.40863803
27 0 2000.0
27 8 8.401171
27 18 32.65806
27 13 0.3368687
27 33 1.0442325
27 11 0.7707972
27 29 1.6161616
27 5 3.0350468
27 34 1.0745164
27 20 2.9929836
27 2 0.99924123
27 14 1.771697
27 37 0.98295456
27 7 2000.0
27 16 1.5513444
27 25 0.23602201
28 36 0.058071926
28 26 0.0547794
28 10 0.6049904
28 3 5.2036314
28 12 1203.8069
28 9 2.0263445
28 19 1378.6932
29 0 62.405663
29 30 4.695358
29 8 0.8305842
29 18 1.1541426
29 13 1.4341236
29 33 37.558784
29 11 1.0166605
29 5 4.4675956
29 34 3.5588126
29 20 10.2033825
29 2 1.2387326
29 37 1.0793417
29 7 2000.0
29 27 1.6161616
29 16 2000.0
29 23 1.8260607
29 25 3.1572316
30 8 0.7888525
30 18 0.88045144
30 13 99.67969
30 33 13.170859
30 11 0.69451576
30 29 4.695358
30 5 0.72010994
30 34 1.2362239
30 20 2.7098484
30 2 23.579819
30 14 12.497065
30 37 20.88486
30 7 0.7698756
30 27 0.40863803
30 16 1.0670401
30 23 1.8769348
30 25 15.70096
31 26 0.11428907
31 6 0.11365531
31 10 15.683378
31 35 134.32729
31 22 88.888885
31 9 0.035804164
31 4 0.06749676
31 17 1.0158333
31 19 0.101316035
32 26 47.237534
32 24 0.21896034
32 12 12.023408
32 15 0.07211531
33 30 13.170859
33 8 2000.0
33 13 1.015985
33 11 2.0112903
33 29 37.558784
33 5 2000.0
33 34 2000.0
33 20 1.5437833
33 2 2.2516506
33 14 0.4678397
33 7 2000.0
33 27 1.0442325
33 16 3017.898
33 25 0.53237903
34 30 1.2362239
34 20 1.5726376
34 8 17.171251
34 37 2000.0
34 7 294.6682
34 13 361.30576
34 27 1.0745164
34 16 42.86932
34 11 6.84666
34 29 3.5588126
34 25 6.823281
34 5 2.8166556
35 21 0.038284633
35 31 134.32729
36 28 0.058071926
36 3 0.47605464
36 9 0.6489082
37 30 20.88486
37 0 2.0597236
37 8 0.9500494
37 18 2.5357926
37 13 0.92697465
37 11 1.9091026
37 29 1.0793417
37 5 19.884945
37 20 13.531647
37 2 0.8555952
37 7 1456.9886
37 27 0.98295456
37 16 2000.0
37 23 1.2480329
37 25 39.573097
