0 8 11.950528
0 2 1.2144082
0 37 0.7239974
0 13 0.6362195
0 11 97.51343
0 29 18.081305
1 3 0.21275255
1 12 1202.159
2 30 7.7908893
2 0 1.2144082
2 8 1.2674049
2 18 17.969393
2 13 0.8054738
2 33 2.0056462
2 11 1.1613328
2 29 1.4903612
2 20 2.4859204
2 37 0.75883466
2 27 0.6877438
2 16 2000.0
2 23 50.45905
2 25 0.90025365
3 36 0.35233936
3 28 0.07066116
3 24 2000.0
3 12 0.04918653
3 1 0.21275255
3 9 0.57301027
4 31 0.08236271
4 9 0.07047367
4 17 0.089789025
4 19 0.088616535
5 34 0.9509285
5 30 0.7290611
5 20 3.1826015
5 8 0.59155303
5 37 2000.0
5 18 0.35473588
5 7 4.6469326
5 27 3.789329
5 16 1.2845957
5 23 4.2818437
5 11 2.7065792
5 29 1.9226702
6 22 200.0
6 21 2000.0
6 31 0.4050166
6 17 1.5073053
7 34 11.712976
7 30 1.7158693
7 20 1.3726711
7 8 99.418686
7 37 12.250498
7 16 1.0513153
7 11 4.858807
7 23 0.9498167
7 25 5.3394656
7 5 4.6469326
8 0 11.950528
8 30 0.62033105
8 18 0.88655627
8 13 2.229354
8 11 1.3689146
8 29 1.4078841
8 5 0.59155303
8 34 2.8360195
8 2 1.2674049
8 37 1.4201953
8 7 99.418686
8 27 2.0574648
8 16 2.960004
8 23 1.0067673
9 36 1.713344
9 28 1.2700757
9 10 17.647058
9 22 0.2989015
9 31 0.035136536
9 12 2000.0
9 3 0.57301027
9 17 0.03535073
9 4 0.07047367
9 19 0.068190984
10 26 0.03275894
10 28 0.59856117
10 24 0.043260533
10 31 0.047920506
10 12 9.05453
10 9 17.647058
10 17 0.03030504
11 0 97.51343
11 30 0.7758519
11 8 1.3689146
11 18 6.6187124
11 13 0.4446272
11 33 1.5736388
11 29 1.7299006
11 5 2.7065792
11 34 1.7391175
11 20 0.7566422
11 2 1.1613328
11 37 1.466912
11 7 4.858807
11 27 1.166512
11 16 0.8464538
11 25 0.845499
12 26 0.76984435
12 28 4.933243
12 32 0.2731797
12 10 9.05453
12 24 0.07457387
12 21 0.0715057
12 3 0.04918653
13 30 3.06643
13 0 0.6362195
13 8 2.229354
13 18 293.73898
13 33 0.74443483
13 11 0.4446272
13 29 1.0223697
13 5 2000.0
13 34 13.55949
13 20 0.6368452
13 2 0.8054738
13 14 2.1189187
13 37 1.5326554
13 27 0.69863486
13 16 4122.102
13 25 0.48766807
14 34 2000.0
14 20 1.2198979
14 13 2.1189187
14 27 3.849563
14 33 0.39985335
14 11 2000.0
14 25 2.2785373
15 32 0.077416874
15 21 46.423206
16 0 2000.0
16 30 1.1012294
16 8 2.960004
16 18 1.0033962
16 11 0.8464538
16 29 17.560688
16 5 1.2845957
16 20 5.5423164
16 37 39.47379
16 7 1.0513153
16 27 1.2479929
16 23 13.23199
16 25 1.2728611
17 26 1.8090686
17 6 1.5073053
17 10 0.03030504
17 24 0.26907024
17 31 1.17509
17 9 0.03535073
17 4 0.089789025
17 19 4.43079
18 30 0.695757
18 2 17.969393
18 8 0.88655627
18 37 1.0567563
18 7 2000.0
18 13 293.73898
18 27 3.7214363
18 16 1.0033962
18 23 1.3933947
18 11 6.6187124
18 29 1.0133274
18 5 0.35473588
19 31 0.08447422
19 9 0.068190984
19 17 4.43079
19 4 0.088616535
20 30 48.279327
20 13 0.6368452
20 33 1.3250499
20 11 0.7566422
20 29 4.7336273
20 5 3.1826015
20 34 0.86813825
20 2 2.4859204
20 14 1.2198979
20 37 1.515204
20 7 1.3726711
20 27 0.8775713
20 16 5.5423164
20 25 0.32786572
21 32 2000.0
21 24 0.15601191
21 35 0.037513275
21 12 0.0715057
21 15 46.423206
22 6 200.0
22 31 1449.034
22 9 0.2989015
22 19 1377.7842
23 0 2000.0
23 30 1.2573427
23 2 50.45905
23 8 1.0067673
23 37 1.8658944
23 18 1.3933947
23 7 0.9498167
23 16 13.23199
23 11 2000.0
23 29 3.5078547
23 5 4.2818437
24 26 0.05664512
24 28 2000.0
24 32 0.114198565
24 10 0.043260533
24 21 0.15601191
24 31 4.504399
24 12 0.07457387
24 15 2000.0
24 17 0.26907024
25 34 1.1389099
25 30 4.3689933
25 20 0.32786572
25 2 0.90025365
25 14 2.2785373
25 7 5.3394656
25 13 0.48766807
25 33 0.25803965
25 27 0.62924933
25 16 1.2728611
25 11 0.845499
25 29 3.074172
26 32 16.32702
26 28 0.09462856
26 10 0.03275894
26 24 0.05664512
26 31 0.069327645
26 12 0.76984435
26 17 1.8090686
27 0 2000.0
27 30 0.17624442
27 8 2.0574648
27 18 3.7214363
27 13 0.69863486
27 33 1.1604239
27 11 1.166512
27 29 0.9568555
27 5 3.789329
27 34 1.1970648
27 20 0.8775713
27 2 0.6877438
27 14 3.849563
27 37 1.0025562
27 7 4054.659
27 16 1.2479929
27 25 0.62924933
28 36 0.05474152
28 26 0.09462856
28 10 0.59856117
28 3 0.07066116
28 12 4.933243
28 9 1.2700757
29 0 18.081305
29 30 7.2450533
29 8 1.4078841
29 18 1.0133274
29 13 1.0223697
29 11 1.7299006
29 5 1.9226702
29 34 28.737804
29 20 4.7336273
29 2 1.4903612
29 37 1.0769984
29 27 0.9568555
29 16 17.560688
29 23 3.5078547
29 25 3.074172
30 0 2000.0
30 8 0.62033105
30 18 0.695757
30 13 3.06643
30 33 2.982622
30 11 0.7758519
30 29 7.2450533
30 5 0.7290611
30 34 1.337867
30 20 48.279327
30 2 7.7908893
30 37 6.9826274
30 7 1.7158693
30 27 0.17624442
30 16 1.1012294
30 23 1.2573427
30 25 4.3689933
31 26 0.069327645
31 6 0.4050166
31 10 0.047920506
31 24 4.504399
31 9 0.035136536
31 17 1.17509
31 4 0.08236271
31 19 0.08447422
32 26 16.32702
32 24 0.114198565
32 12 0.2731797
32 15 0.077416874
33 34 2000.0
33 30 2.982622
33 20 1.3250499
33 2 2.0056462
33 14 0.39985335
33 7 2000.0
33 13 0.74443483
33 27 1.1604239
33 16 2000.0
33 11 1.5736388
33 29 9223.978
33 25 0.25803965
34 30 1.337867
34 20 0.86813825
34 8 2.8360195
34 13 13.55949
34 7 11.712976
34 27 1.1970648
34 16 1215.0568
34 11 1.7391175
34 25 1.1389099
34 29 28.737804
34 5 0.9509285
35 21 0.037513275
36 26 1351.0796
36 28 0.05474152
36 3 0.35233936
36 9 1.713344
37 30 6.9826274
37 0 0.7239974
37 8 1.4201953
37 18 1.0567563
37 13 1.5326554
37 11 1.466912
37 29 1.0769984
37 20 1.515204
37 2 0.75883466
37 7 12.250498
37 27 1.0025562
37 16 39.47379
37 23 1.8658944
37 25 1562.841
