0 2 1.1139625
0 37 2.426964
0 13 1.0675021
0 29 12.856059
0 25 12.068966
1 3 1.107427
1 12 33.558525
2 30 14.281323
2 0 1.1139625
2 8 1.3353581
2 18 1.966626
2 13 0.7044855
2 33 3.3470674
2 11 2.95639
2 29 0.9471685
2 20 4.641254
2 37 0.91395456
2 27 1.21879
2 16 2000.0
2 23 8.242211
2 25 0.6923169
3 36 0.26904905
3 28 9.704666
3 24 1827.3676
3 12 0.06948409
3 1 1.107427
3 9 0.92274845
4 31 0.07607926
4 9 0.06980254
4 17 0.10671402
4 19 0.07620698
5 30 0.6449478
5 8 0.5975118
5 18 0.5687346
5 13 15.657317
5 11 1.9649085
5 29 2.3631766
5 34 2.3145406
5 20 4.264395
5 37 8.179552
5 7 11.155936
5 27 1.1856763
5 16 2.7096946
5 23 1.6863595
6 31 0.13383432
6 17 2.3572798
7 34 150.0
7 30 1.6277462
7 20 450.00003
7 8 8.000321
7 27 160.0
7 16 1.133428
7 23 1.3142976
7 11 53.333332
7 29 2000.0
7 25 1.9607277
7 5 11.155936
8 0 2000.0
8 30 0.48456594
8 18 1.1864531
8 13 1.1690576
8 11 1.5468637
8 29 0.32963705
8 5 0.5975118
8 34 29.947382
8 2 1.3353581
8 37 1.3226279
8 7 8.000321
8 27 3.121506
8 16 1.6613296
8 23 1.5360088
8 25 2000.0
9 36 1.2452761
9 26 2000.0
9 28 0.7631591
9 10 3.5894887
9 22 0.088481575
9 31 0.030855939
9 3 0.92274845
9 12 2000.0
9 4 0.06980254
9 17 0.035694055
9 19 0.06972709
10 26 0.029205326
10 28 0.3079534
10 24 0.15047877
10 31 20.73262
10 12 1669.9432
10 9 3.5894887
10 17 0.034989007
11 0 2000.0
11 30 0.8995777
11 8 1.5468637
11 18 10.55741
11 13 0.7904427
11 33 1.9476072
11 29 1.1917654
11 5 1.9649085
11 34 2.8005753
11 20 2.854209
11 2 2.95639
11 37 1.8705281
11 7 53.333332
11 27 0.7667377
11 16 1.0059062
11 25 0.8388446
12 26 0.75928587
12 32 25.249872
12 24 0.070138894
12 21 0.08346475
12 3 0.06948409
12 1 33.558525
13 30 29.656456
13 0 1.0675021
13 8 1.1690576
13 18 146.82889
13 33 1.353523
13 11 0.7904427
13 29 0.6881524
13 5 15.657317
13 34 95.975525
13 20 1.5572754
13 2 0.7044855
13 14 10.782411
13 37 1.530055
13 7 2000.0
13 27 0.5958396
13 16 58.99413
13 25 0.29055288
14 30 3.3917642
14 20 2.3373647
14 13 10.782411
14 27 2.088866
14 33 0.46915722
14 25 2.2526064
15 32 0.06830801
15 24 92.105515
15 21 6.531579
16 30 1.1050416
16 0 2000.0
16 8 1.6613296
16 18 1.3684018
16 13 58.99413
16 11 1.0059062
16 5 2.7096946
16 34 64.36464
16 20 16.263018
16 7 1.133428
16 27 1.4716012
16 23 2.3848202
16 25 1.4789475
17 6 2.3572798
17 26 1.6078284
17 10 0.034989007
17 24 0.12611827
17 31 0.98887306
17 9 0.035694055
17 4 0.10671402
17 19 100.0
18 0 2000.0
18 30 0.7688059
18 8 1.1864531
18 13 146.82889
18 11 10.55741
18 29 1.2502732
18 5 0.5687346
18 2 1.966626
18 37 1.9942148
18 7 2000.0
18 27 22.790365
18 16 1.3684018
18 23 1.1100128
19 28 193.62502
19 31 0.08309076
19 9 0.06972709
19 17 100.0
19 4 0.07620698
20 30 1.7332633
20 13 1.5572754
20 33 1.986979
20 11 2.854209
20 29 10.148334
20 5 4.264395
20 34 1.1345454
20 2 4.641254
20 14 2.3373647
20 37 4.0395126
20 7 450.00003
20 27 2.0799215
20 16 16.263018
20 25 1.6256456
21 24 0.88907576
21 35 0.030341092
21 12 0.08346475
21 15 6.531579
22 31 72.00001
22 9 0.088481575
22 19 2000.0
23 0 2000.0
23 30 1.1326038
23 8 1.5360088
23 2 8.242211
23 37 1.6632028
23 18 1.1100128
23 7 1.3142976
23 16 2.3848202
23 11 2000.0
23 29 1.45751
23 5 1.6863595
24 26 0.04625469
24 32 0.16547517
24 10 0.15047877
24 21 0.88907576
24 12 0.070138894
24 15 92.105515
24 17 0.12611827
25 0 12.068966
25 30 24.753515
25 13 0.29055288
25 33 0.83438313
25 11 0.8388446
25 29 1.3307008
25 34 1.1837932
25 20 1.6256456
25 2 0.6923169
25 14 2.2526064
25 7 1.9607277
25 27 0.270386
25 16 1.4789475
26 32 28.149548
26 28 0.056521688
26 10 0.029205326
26 24 0.04625469
26 31 0.29591957
26 12 0.75928587
26 17 1.6078284
27 30 0.37423977
27 0 2000.0
27 8 3.121506
27 18 22.790365
27 13 0.5958396
27 33 1.4181294
27 11 0.7667377
27 29 0.4559038
27 5 1.1856763
27 34 1.2243527
27 20 2.0799215
27 2 1.21879
27 14 2.088866
27 37 1.1381897
27 7 160.0
27 16 1.4716012
27 25 0.270386
28 36 0.046647403
28 26 0.056521688
28 10 0.3079534
28 3 9.704666
28 12 1157.8977
28 9 0.7631591
28 19 193.62502
29 0 12.856059
29 30 2.5753872
29 8 0.32963705
29 18 1.2502732
29 13 0.6881524
29 33 27.68269
29 11 1.1917654
29 5 2.3631766
29 34 3.382858
29 20 10.148334
29 2 0.9471685
29 37 0.6991141
29 7 2000.0
29 27 0.4559038
29 16 2000.0
29 23 1.45751
29 25 1.3307008
30 8 0.48456594
30 18 0.7688059
30 13 29.656456
30 33 11.92976
30 11 0.8995777
30 29 2.5753872
30 5 0.6449478
30 34 0.798337
30 20 1.7332633
30 2 14.281323
30 14 3.3917642
30 37 21.219696
30 7 1.6277462
30 27 0.37423977
30 16 1.1050416
30 23 1.1326038
30 25 24.753515
31 26 0.29591957
31 6 0.13383432
31 10 20.73262
31 22 72.00001
31 9 0.030855939
31 4 0.07607926
31 17 0.98887306
31 19 0.08309076
32 26 28.149548
32 24 0.16547517
32 12 25.249872
32 15 0.06830801
33 30 11.92976
33 8 2000.0
33 13 1.353523
33 11 1.9476072
33 29 27.68269
33 5 2000.0
33 34 2000.0
33 20 1.986979
33 2 3.3470674
33 14 0.46915722
33 7 2000.0
33 27 1.4181294
33 16 1971.0227
33 25 0.83438313
34 30 0.798337
34 20 1.1345454
34 8 29.947382
34 37 2000.0
34 13 95.975525
34 7 150.0
34 27 1.2243527
34 16 64.36464
34 11 2.8005753
34 29 3.382858
34 25 1.1837932
34 5 2.3145406
35 21 0.030341092
35 31 1119.3181
36 28 0.046647403
36 3 0.26904905
36 9 1.2452761
37 30 21.219696
37 0 2.426964
37 8 1.3226279
37 18 1.9942148
37 13 1.530055
37 11 1.8705281
37 29 0.6991141
37 5 8.179552
37 20 4.0395126
37 2 0.91395456
37 7 3731.7046
37 27 1.1381897
37 16 2000.0
37 23 1.6632028
37 25 4023.9207
