0 8 8.337774
0 2 1.8542234
0 37 0.7768744
0 13 0.69302267
0 11 200.0
0 29 32.81504
1 3 0.28975448
1 12 1202.159
2 30 4.7792726
2 0 1.8542234
2 8 0.99704564
2 18 8.462643
2 13 0.20821555
2 33 1.4821402
2 11 0.66681814
2 29 0.9643357
2 20 2.3667004
2 37 0.57815874
2 27 0.43411613
2 23 1609.6023
2 25 2.1404157
3 36 0.28516585
3 28 0.08352273
3 24 1156.7614
3 12 0.054563023
3 1 0.28975448
3 9 0.67895186
4 31 0.085711636
4 9 0.0757274
4 17 0.10068737
4 19 0.08138717
5 34 2.078077
5 30 0.5134821
5 20 2.574212
5 8 0.422239
5 37 2000.0
5 18 0.36887175
5 7 7.04476
5 27 2.204186
5 16 1.7604798
5 23 4.404748
5 11 2.5643015
5 29 1.3458269
6 31 0.39042944
6 17 0.86696076
7 34 7.5668406
7 30 1.2864617
7 20 1.4430141
7 37 29.806398
7 27 2000.0
7 16 0.8905448
7 11 13.657103
7 23 1.0453532
7 25 5.452716
7 5 7.04476
8 0 8.337774
8 30 0.6714965
8 18 1.0144002
8 13 2.5638328
8 11 1.0551401
8 29 1.0313618
8 5 0.422239
8 34 3.104839
8 2 0.99704564
8 37 2.3576677
8 7 1402.784
8 27 2.0560868
8 16 1.3724585
8 23 1.0126992
9 36 1.68765
9 26 2000.0
9 28 0.9624242
9 10 10.738796
9 22 0.39630046
9 31 0.035985995
9 3 0.67895186
9 12 2000.0
9 17 0.03828365
9 4 0.0757274
9 19 0.075058155
10 26 0.032413423
10 28 0.37487647
10 24 0.04208397
10 31 0.049871158
10 12 7.115361
10 9 10.738796
10 17 0.03152391
11 0 200.0
11 30 0.3701477
11 8 1.0551401
11 18 17.760391
11 13 0.4808723
11 33 2.2133002
11 29 1.6869634
11 5 2.5643015
11 34 3.0888336
11 20 0.79313326
11 2 0.66681814
11 37 1.4240644
11 7 13.657103
11 27 0.78132147
11 16 0.8478288
11 25 2.083068
12 26 1.1616232
12 28 6.8671083
12 32 0.21415405
12 10 7.115361
12 24 0.06592466
12 21 0.0670731
12 3 0.054563023
13 30 0.85790217
13 0 0.69302267
13 8 2.5638328
13 18 720.00006
13 33 0.83157223
13 11 0.4808723
13 29 0.6745277
13 5 2000.0
13 34 8.327364
13 20 0.55034834
13 2 0.20821555
13 14 6.8744373
13 37 0.8287695
13 27 0.43273497
13 16 99.31912
13 25 0.2690861
14 20 1.5340446
14 13 6.8744373
14 27 2.079229
14 33 0.4288562
14 11 2000.0
14 25 2.1698341
15 32 0.07486734
15 21 160.0
16 0 2000.0
16 30 1.1581115
16 8 1.3724585
16 18 0.8117187
16 13 99.31912
16 11 0.8478288
16 29 13.123885
16 5 1.7604798
16 20 8.555883
16 37 14.573865
16 7 0.8905448
16 27 2.0146248
16 23 9.543261
16 25 1.3127984
17 26 1.8453596
17 6 0.86696076
17 10 0.03152391
17 24 0.18225145
17 31 1.2546483
17 9 0.03828365
17 4 0.10068737
17 19 4.741027
18 30 0.7637032
18 2 8.462643
18 8 1.0144002
18 37 1.131835
18 13 720.00006
18 7 2000.0
18 27 7.7901263
18 16 0.8117187
18 23 1.2941965
18 11 17.760391
18 29 3.3450382
18 5 0.36887175
19 31 0.07817324
19 9 0.075058155
19 17 4.741027
19 4 0.08138717
20 30 31.350834
20 13 0.55034834
20 33 1.466385
20 11 0.79313326
20 29 13.098308
20 5 2.574212
20 34 0.8315191
20 2 2.3667004
20 14 1.5340446
20 37 2.55276
20 7 1.4430141
20 27 0.72402275
20 16 8.555883
20 25 0.51308775
21 32 2000.0
21 10 2000.0
21 24 0.19140969
21 35 0.0389683
21 12 0.0670731
21 15 160.0
22 6 1813.466
22 31 1449.034
22 9 0.39630046
22 19 1377.7842
23 0 2000.0
23 30 1.623212
23 2 1609.6023
23 8 1.0126992
23 37 2.1351624
23 18 1.2941965
23 7 1.0453532
23 16 9.543261
23 11 2000.0
23 29 7.2199173
23 5 4.404748
24 26 0.057580736
24 32 0.09897636
24 10 0.04208397
24 21 0.19140969
24 31 5.2963076
24 12 0.06592466
24 15 2000.0
24 17 0.18225145
25 30 5.216944
25 13 0.2690861
25 33 0.31944516
25 11 2.083068
25 29 3.6038063
25 34 1.5228348
25 20 0.51308775
25 2 2.1404157
25 14 2.1698341
25 37 73.584656
25 7 5.452716
25 27 0.5845549
25 16 1.3127984
26 36 266.6667
26 32 61.12208
26 28 0.08287208
26 10 0.032413423
26 24 0.057580736
26 31 0.06566692
26 12 1.1616232
26 17 1.8453596
27 0 2000.0
27 30 0.20872326
27 8 2.0560868
27 18 7.7901263
27 13 0.43273497
27 33 1.3516349
27 11 0.78132147
27 29 0.55863273
27 5 2.204186
27 34 1.1590047
27 20 0.72402275
27 2 0.43411613
27 14 2.079229
27 37 0.89081675
27 7 2000.0
27 16 2.0146248
27 25 0.5845549
28 36 0.035331633
28 26 0.08287208
28 10 0.37487647
28 3 0.08352273
28 12 6.8671083
28 9 0.9624242
29 0 32.81504
29 30 4.9430637
29 8 1.0313618
29 18 3.3450382
29 13 0.6745277
29 11 1.6869634
29 5 1.3458269
29 34 4.8009543
29 20 13.098308
29 2 0.9643357
29 37 0.84503585
29 7 2000.0
29 27 0.55863273
29 16 13.123885
29 23 7.2199173
29 25 3.6038063
30 0 2000.0
30 8 0.6714965
30 18 0.7637032
30 13 0.85790217
30 33 3.6147683
30 11 0.3701477
30 29 4.9430637
30 5 0.5134821
30 34 1.122764
30 20 31.350834
30 2 4.7792726
30 37 13.565496
30 7 1.2864617
30 27 0.20872326
30 16 1.1581115
30 23 1.623212
30 25 5.216944
31 26 0.06566692
31 6 0.39042944
31 10 0.049871158
31 24 5.2963076
31 9 0.035985995
31 17 1.2546483
31 4 0.085711636
31 19 0.07817324
32 26 61.12208
32 24 0.09897636
32 12 0.21415405
32 15 0.07486734
33 34 2000.0
33 30 3.6147683
33 20 1.466385
33 2 1.4821402
33 14 0.4288562
33 7 2000.0
33 13 0.83157223
33 27 1.3516349
33 16 2000.0
33 11 2.2133002
33 29 9223.978
33 25 0.31944516
34 30 1.122764
34 20 0.8315191
34 8 3.104839
34 13 8.327364
34 7 7.5668406
34 27 1.1590047
34 16 1215.0568
34 11 3.0888336
34 25 1.5228348
34 29 4.8009543
34 5 2.078077
35 21 0.0389683
36 26 266.6667
36 28 0.035331633
36 3 0.28516585
36 9 1.68765
37 30 13.565496
37 0 0.7768744
37 8 2.3576677
37 18 1.131835
37 13 0.8287695
37 11 1.4240644
37 29 0.84503585
37 20 2.55276
37 2 0.57815874
37 7 29.806398
37 27 0.89081675
37 16 14.573865
37 23 2.1351624
37 25 73.584656
