0 2 1.2131326
0 37 2.4028926
0 13 1.0805929
0 29 34.92803
0 25 32.01648
1 3 1.1697847
1 12 63.795086
2 30 13.829166
2 0 1.2131326
2 8 1.5476565
2 18 1.7055037
2 13 0.47200614
2 33 1.5684005
2 11 1.6536072
2 29 1.0880101
2 20 1.9679286
2 37 1.0807701
2 27 1.0585938
2 16 2000.0
2 23 14.840613
2 25 0.6706076
3 36 0.32017177
3 28 2.0839572
3 24 2000.0
3 12 0.049793277
3 1 1.1697847
3 9 0.38464046
4 31 0.080843374
4 9 0.09555731
4 17 0.10688898
4 19 0.070033
5 30 0.69298923
5 8 0.57590777
5 18 1.5286349
5 13 18.925081
5 11 2.4220707
5 29 3.3728995
5 34 2.6181083
5 20 1.5429937
5 37 23.517147
5 7 6.5277324
5 27 1.1704835
5 16 1.3433968
5 23 1.9120352
5 25 2000.0
6 31 0.26145983
6 17 2.4689953
7 34 378.94742
7 30 0.7000756
7 20 240.67627
7 8 6.9692655
7 37 20.0
7 16 1.2150023
7 23 1.4108605
7 11 63.792816
7 25 2.8877501
7 5 6.5277324
8 0 2000.0
8 30 0.43328446
8 18 1.4988322
8 13 1.0229713
8 11 0.9072166
8 29 0.38356578
8 5 0.57590777
8 34 46.88774
8 2 1.5476565
8 37 0.94474363
8 7 6.9692655
8 27 1.562906
8 16 1.4547701
8 23 1.0603167
8 25 2000.0
9 36 0.62306035
9 28 1.6316556
9 10 24.1558
9 22 0.062004052
9 31 0.030169526
9 12 2000.0
9 3 0.38464046
9 4 0.09555731
9 17 0.03418972
9 19 0.07651827
10 26 0.028566191
10 28 0.20870373
10 24 0.1149968
10 31 8.612899
10 12 1287.5568
10 9 24.1558
10 17 0.030568674
11 0 2000.0
11 30 0.71957606
11 8 0.9072166
11 18 6.112672
11 13 1.1082324
11 33 1.9567174
11 29 0.76812977
11 5 2.4220707
11 34 3.1162062
11 20 3.6520665
11 2 1.6536072
11 37 2.2394762
11 7 63.792816
11 27 0.62365997
11 16 1.1231971
11 25 0.73953766
12 26 0.7280564
12 32 3.7747936
12 24 0.06719929
12 21 0.15105678
12 3 0.049793277
12 1 63.795086
13 30 79.87272
13 0 1.0805929
13 8 1.0229713
13 18 150.0
13 33 1.1617922
13 11 1.1082324
13 29 0.6771221
13 5 18.925081
13 34 103.85168
13 20 0.92581546
13 2 0.47200614
13 14 5.7771144
13 37 1.5914122
13 7 2000.0
13 27 0.4668166
13 16 107.46114
13 25 0.20341825
14 30 17.859484
14 20 1.4467173
14 13 5.7771144
14 27 2.4096417
14 33 0.3952436
14 11 2000.0
14 25 2.2157476
15 32 0.07279559
15 21 3.3594356
16 30 1.1200174
16 0 2000.0
16 8 1.4547701
16 18 1.8313258
16 13 107.46114
16 11 1.1231971
16 5 1.3433968
16 34 65.37769
16 20 26.886362
16 7 1.2150023
16 27 1.6259708
16 23 2.1982043
16 25 1.6178699
17 6 2.4689953
17 26 1.6764892
17 10 0.030568674
17 24 0.110983446
17 31 1.0455023
17 9 0.03418972
17 4 0.10688898
17 19 72.0796
18 0 2000.0
18 30 0.73502624
18 8 1.4988322
18 13 150.0
18 11 6.112672
18 29 1.2885028
18 5 1.5286349
18 2 1.7055037
18 37 2.1222918
18 7 2000.0
18 27 21.400196
18 16 1.8313258
18 23 1.4767103
19 31 0.07781297
19 9 0.07651827
19 17 72.0796
19 4 0.070033
20 30 1.4199605
20 13 0.92581546
20 33 1.1549017
20 11 3.6520665
20 29 29.86213
20 5 1.5429937
20 34 0.90039855
20 2 1.9679286
20 14 1.4467173
20 37 1.5674406
20 7 240.67627
20 27 2.0006247
20 16 26.886362
20 25 0.473671
21 32 2000.0
21 24 0.7898966
21 35 0.028679656
21 31 2000.0
21 12 0.15105678
21 15 3.3594356
22 31 49.19986
22 9 0.062004052
22 19 2000.0
23 0 2000.0
23 30 1.7177455
23 8 1.0603167
23 2 14.840613
23 37 1.6598839
23 18 1.4767103
23 7 1.4108605
23 16 2.1982043
23 11 2000.0
23 29 1.1409594
23 5 1.9120352
24 26 0.03900522
24 32 0.3985924
24 10 0.1149968
24 21 0.7898966
24 12 0.06719929
24 15 2000.0
24 17 0.110983446
25 30 13.125173
25 0 32.01648
25 13 0.20341825
25 33 0.53669524
25 11 0.73953766
25 29 1.6509066
25 34 3.4656794
25 20 0.473671
25 2 0.6706076
25 14 2.2157476
25 37 44.53247
25 7 2.8877501
25 27 0.21833085
25 16 1.6178699
26 32 33.767048
26 28 0.087512605
26 10 0.028566191
26 24 0.03900522
26 31 0.13611166
26 12 0.7280564
26 17 1.6764892
27 30 0.23555686
27 0 2000.0
27 8 1.562906
27 18 21.400196
27 13 0.4668166
27 33 0.7731527
27 11 0.62365997
27 29 0.6000765
27 5 1.1704835
27 34 0.972429
27 20 2.0006247
27 2 1.0585938
27 14 2.4096417
27 37 1.0846559
27 7 2000.0
27 16 1.6259708
27 25 0.21833085
28 36 0.037732635
28 26 0.087512605
28 10 0.20870373
28 3 2.0839572
28 12 1203.8636
28 9 1.6316556
28 19 1545.284
29 0 34.92803
29 30 0.84343815
29 8 0.38356578
29 18 1.2885028
29 13 0.6771221
29 33 10.727325
29 11 0.76812977
29 5 3.3728995
29 34 3.8135018
29 20 29.86213
29 2 1.0880101
29 37 0.6585423
29 7 2000.0
29 27 0.6000765
29 16 2000.0
29 23 1.1409594
29 25 1.6509066
30 8 0.43328446
30 18 0.73502624
30 13 79.87272
30 33 8.232131
30 11 0.71957606
30 29 0.84343815
30 5 0.69298923
30 34 1.0845155
30 20 1.4199605
30 2 13.829166
30 14 17.859484
30 37 21.108286
30 7 0.7000756
30 27 0.23555686
30 16 1.1200174
30 23 1.7177455
30 25 13.125173
31 26 0.13611166
31 6 0.26145983
31 10 8.612899
31 35 51.428574
31 22 49.19986
31 9 0.030169526
31 4 0.080843374
31 17 1.0455023
31 19 0.07781297
32 26 33.767048
32 24 0.3985924
32 12 3.7747936
32 15 0.07279559
33 30 8.232131
33 8 2000.0
33 13 1.1617922
33 11 1.9567174
33 29 10.727325
33 5 2000.0
33 34 2000.0
33 20 1.1549017
33 2 1.5684005
33 14 0.3952436
33 7 2000.0
33 27 0.7731527
33 16 3017.898
33 25 0.53669524
34 30 1.0845155
34 20 0.90039855
34 8 46.88774
34 37 2000.0
34 13 103.85168
34 7 378.94742
34 27 0.972429
34 16 65.37769
34 11 3.1162062
34 29 3.8135018
34 25 3.4656794
34 5 2.6181083
35 21 0.028679656
35 31 51.428574
36 28 0.037732635
36 3 0.32017177
36 9 0.62306035
37 30 21.108286
37 0 2.4028926
37 8 0.94474363
37 18 2.1222918
37 13 1.5914122
37 11 2.2394762
37 29 0.6585423
37 5 23.517147
37 20 1.5674406
37 2 1.0807701
37 7 20.0
37 27 1.0846559
37 16 2000.0
37 23 1.6598839
37 25 44.53247
