0 2 1.0454955
0 37 1.2075561
0 13 0.939341
0 29 55.49532
0 25 14.159165
1 3 0.6724948
1 12 17.401348
2 30 26.87237
2 0 1.0454955
2 8 1.0785125
2 18 1.911855
2 13 0.69068915
2 33 2.7693605
2 11 2.0489655
2 29 1.2127974
2 20 6.2775707
2 37 0.90877724
2 27 1.4635884
2 16 2000.0
2 23 10.240056
2 25 0.80653083
3 36 0.33181277
3 28 3.6933603
3 24 2000.0
3 12 0.061998226
3 1 0.6724948
3 9 0.2778703
4 31 0.06630167
4 9 0.08663361
4 17 0.21531984
4 19 0.080636434
5 30 0.7354466
5 8 0.43753728
5 18 0.7071609
5 13 41.05363
5 11 1.4851929
5 29 2.77811
5 34 2.980969
5 20 2.1173315
5 37 15.215841
5 7 9.836946
5 27 1.3335416
5 16 1.2248533
5 23 2.8881369
6 31 0.29828647
6 17 0.96200293
7 30 1.1692522
7 20 33.225502
7 8 6.7074313
7 37 110.14168
7 16 1.681596
7 23 1.5587847
7 25 4.193507
7 5 9.836946
8 0 2000.0
8 30 0.41368294
8 18 1.0583181
8 13 0.8107273
8 11 0.9491947
8 29 0.41652426
8 5 0.43753728
8 34 29.117262
8 2 1.0785125
8 37 0.8450515
8 7 6.7074313
8 27 1.0122947
8 16 1.3794857
8 23 0.63990307
8 25 2000.0
9 36 0.23779808
9 26 2000.0
9 28 1.6783725
9 10 22.382875
9 22 0.05764717
9 31 0.02945772
9 3 0.2778703
9 12 2000.0
9 4 0.08663361
9 17 0.034659088
9 19 0.06498186
10 26 0.0302813
10 28 0.2254044
10 24 0.07965258
10 31 10.745961
10 12 1400.0
10 9 22.382875
10 17 0.030465752
11 0 2000.0
11 30 0.74229276
11 8 0.9491947
11 18 6.2517214
11 13 0.8634404
11 33 1.833607
11 29 1.3036541
11 5 1.4851929
11 34 1.8565426
11 20 1.146664
11 2 2.0489655
11 37 1.4328033
11 7 1660.0569
11 27 0.6919579
11 16 1.407291
11 25 0.8585743
12 26 0.9654779
12 32 6.9185324
12 28 161.40152
12 24 0.06518346
12 21 0.22800459
12 3 0.061998226
12 1 17.401348
13 30 86.64347
13 0 0.939341
13 8 0.8107273
13 18 146.58766
13 33 0.84505546
13 11 0.8634404
13 29 0.86634344
13 5 41.05363
13 34 104.3689
13 20 2.0512443
13 2 0.69068915
13 14 5.8999314
13 37 1.6528672
13 7 2000.0
13 27 0.5829679
13 16 24.858906
13 25 0.34922084
14 30 6.155121
14 20 1.3078243
14 13 5.8999314
14 27 2.0054305
14 33 0.43405277
14 11 2000.0
14 25 1.7871706
15 32 0.07547654
15 21 4.7305093
16 30 1.0872712
16 0 2000.0
16 8 1.3794857
16 18 1.081297
16 13 24.858906
16 11 1.407291
16 5 1.2248533
16 34 93.018036
16 20 54.334442
16 7 1.681596
16 27 1.566815
16 23 2.188328
16 25 1.0829033
17 6 0.96200293
17 26 1.6224601
17 10 0.030465752
17 24 0.2023521
17 31 1.0016487
17 9 0.034659088
17 4 0.21531984
17 19 1169.4318
18 0 2000.0
18 30 0.62796855
18 8 1.0583181
18 13 146.58766
18 11 6.2517214
18 29 1.3359693
18 5 0.7071609
18 2 1.911855
18 37 2.2084107
18 7 2000.0
18 27 26.028032
18 16 1.081297
18 23 1.6508257
19 28 1361.7614
19 31 0.08601277
19 9 0.06498186
19 4 0.080636434
20 30 2.673614
20 13 2.0512443
20 33 1.0247803
20 11 1.146664
20 29 14.469458
20 5 2.1173315
20 34 0.8433092
20 2 6.2775707
20 14 1.3078243
20 37 2.878898
20 7 33.225502
20 27 1.1995914
20 16 54.334442
20 25 0.3403219
21 32 2000.0
21 10 2000.0
21 24 1.3183756
21 35 0.033696853
21 31 2000.0
21 12 0.22800459
21 15 4.7305093
22 31 400.0
22 9 0.05764717
22 19 2000.0
23 0 2000.0
23 30 1.5254939
23 8 0.63990307
23 2 10.240056
23 37 1.5388814
23 18 1.6508257
23 7 1.5587847
23 16 2.188328
23 11 2000.0
23 29 1.0620064
23 5 2.8881369
24 26 0.042056683
24 32 0.35397846
24 10 0.07965258
24 21 1.3183756
24 12 0.06518346
24 15 2000.0
24 17 0.2023521
25 0 14.159165
25 30 12.910426
25 13 0.34922084
25 33 0.55575657
25 11 0.8585743
25 29 3.3681023
25 34 2.462713
25 20 0.3403219
25 2 0.80653083
25 14 1.7871706
25 37 64.610985
25 7 4.193507
25 27 0.30518407
25 16 1.0829033
26 32 144.075
26 28 0.13909458
26 10 0.0302813
26 24 0.042056683
26 31 0.28952593
26 12 0.9654779
26 17 1.6224601
27 30 0.3865864
27 0 2000.0
27 8 1.0122947
27 18 26.028032
27 13 0.5829679
27 33 0.67247707
27 11 0.6919579
27 29 0.8397145
27 5 1.3335416
27 34 0.92449164
27 20 1.1995914
27 2 1.4635884
27 14 2.0054305
27 37 0.87316996
27 7 2000.0
27 16 1.566815
27 25 0.30518407
28 36 0.03647541
28 26 0.13909458
28 10 0.2254044
28 3 3.6933603
28 12 161.40152
28 9 1.6783725
28 19 1361.7614
29 0 55.49532
29 30 1.4260674
29 8 0.41652426
29 18 1.3359693
29 13 0.86634344
29 33 20.082644
29 11 1.3036541
29 5 2.77811
29 34 2.9866278
29 20 14.469458
29 2 1.2127974
29 37 0.90256333
29 7 2000.0
29 27 0.8397145
29 16 2000.0
29 23 1.0620064
29 25 3.3681023
30 8 0.41368294
30 18 0.62796855
30 13 86.64347
30 33 9.336886
30 11 0.74229276
30 29 1.4260674
30 5 0.7354466
30 34 0.84278786
30 20 2.673614
30 2 26.87237
30 14 6.155121
30 37 13.644588
30 7 1.1692522
30 27 0.3865864
30 16 1.0872712
30 23 1.5254939
30 25 12.910426
31 26 0.28952593
31 6 0.29828647
31 10 10.745961
31 35 68.34403
31 21 2000.0
31 22 400.0
31 9 0.02945772
31 4 0.06630167
31 17 1.0016487
31 19 0.08601277
32 24 0.35397846
32 12 6.9185324
32 15 0.07547654
33 30 9.336886
33 13 0.84505546
33 11 1.833607
33 29 20.082644
33 5 2000.0
33 34 2000.0
33 20 1.0247803
33 2 2.7693605
33 14 0.43405277
33 7 2000.0
33 27 0.67247707
33 16 3017.898
33 25 0.55575657
34 30 0.84278786
34 20 0.8433092
34 8 29.117262
34 37 2000.0
34 13 104.3689
34 7 2000.0
34 27 0.92449164
34 16 93.018036
34 11 1.8565426
34 29 2.9866278
34 25 2.462713
34 5 2.980969
35 21 0.033696853
35 31 68.34403
36 28 0.03647541
36 3 0.33181277
36 9 0.23779808
37 30 13.644588
37 0 1.2075561
37 8 0.8450515
37 18 2.2084107
37 13 1.6528672
37 11 1.4328033
37 29 0.90256333
37 5 15.215841
37 20 2.878898
37 2 0.90877724
37 7 110.14168
37 27 0.87316996
37 16 2000.0
37 23 1.5388814
37 25 64.610985
