0 2 1.8900242
0 37 1.3879889
0 13 0.7585024
0 29 54.293182
0 25 19.168234
1 3 0.8195142
1 12 11.628911
2 30 12.998783
2 0 1.8900242
2 8 1.4271351
2 18 1.7971609
2 13 0.6381329
2 33 1.962443
2 11 1.9272379
2 29 1.2523586
2 20 2.9436584
2 37 0.98889285
2 27 1.3152903
2 16 2000.0
2 23 10.393241
2 25 0.51011586
3 36 0.49948052
3 28 3.8671591
3 24 2000.0
3 12 0.07893936
3 1 0.8195142
3 9 0.37660557
4 31 0.08446649
4 9 0.08341783
4 17 0.17934729
4 19 0.09612518
5 30 0.75243783
5 8 1.2825718
5 18 0.8441833
5 13 55.80308
5 11 3.846218
5 29 3.032504
5 34 3.4440823
5 20 3.0026493
5 37 6.9115086
5 7 10.230102
5 27 1.6674577
5 16 1.40134
5 23 7.6058626
6 31 0.18489985
6 17 3.4386709
7 30 1.0028491
7 20 42.691563
7 8 10.072198
7 16 1.172609
7 11 62.165585
7 23 1.7287217
7 25 2.9044967
7 29 2000.0
7 5 10.230102
8 0 2000.0
8 30 0.67937434
8 18 1.0795186
8 13 1.0724849
8 11 1.0470921
8 29 0.7049374
8 5 1.2825718
8 34 36.69512
8 2 1.4271351
8 37 1.110978
8 7 10.072198
8 27 3.1693606
8 16 1.9715977
8 23 1.7864857
8 25 2000.0
9 36 0.70922196
9 26 2000.0
9 28 0.61350304
9 10 62.70384
9 22 0.2656115
9 31 0.030316265
9 3 0.37660557
9 12 2000.0
9 4 0.08341783
9 17 0.03473361
9 19 0.06548576
10 26 0.029400092
10 28 0.4778048
10 24 0.090767846
10 31 8.3785715
10 12 1247.5
10 9 62.70384
10 17 0.032470193
11 0 2000.0
11 30 0.918012
11 8 1.0470921
11 18 11.211824
11 13 1.0240089
11 33 1.4812571
11 29 0.80994785
11 5 3.846218
11 34 2.319976
11 20 2.4481473
11 2 1.9272379
11 37 2.0768664
11 7 62.165585
11 27 0.9729765
11 16 0.978333
11 25 0.812123
12 26 0.46725786
12 32 3.996934
12 28 148.9044
12 24 0.06531653
12 21 0.10596592
12 3 0.07893936
12 1 11.628911
13 30 53.54798
13 0 0.7585024
13 8 1.0724849
13 18 391.70682
13 33 0.8418905
13 11 1.0240089
13 29 1.3585669
13 5 55.80308
13 34 2293.807
13 20 0.8790661
13 2 0.6381329
13 14 3.0821924
13 37 1.111235
13 7 2000.0
13 27 0.5034467
13 16 43.13418
13 25 0.22702235
14 30 14.23339
14 20 0.99883884
14 13 3.0821924
14 27 2.078485
14 33 0.4067224
14 11 2000.0
14 25 1.9485896
15 32 0.07045278
15 21 8.021809
16 0 2000.0
16 30 1.1644742
16 8 1.9715977
16 18 1.4228816
16 13 43.13418
16 11 0.978333
16 29 200.0
16 5 1.40134
16 34 40.04695
16 20 23.666939
16 7 1.172609
16 27 1.5526917
16 23 3.8615687
16 25 1.4195678
17 6 3.4386709
17 26 1.6189764
17 10 0.032470193
17 24 0.12263484
17 31 0.9994318
17 9 0.03473361
17 4 0.17934729
17 19 65.17252
18 0 2000.0
18 30 0.6956857
18 8 1.0795186
18 13 391.70682
18 11 11.211824
18 29 1.4801842
18 5 0.8441833
18 2 1.7971609
18 37 2.2204359
18 7 2000.0
18 27 17.04948
18 16 1.4228816
18 23 1.2999793
19 31 0.07000745
19 9 0.06548576
19 4 0.09612518
19 17 65.17252
20 0 2000.0
20 30 1.8111969
20 13 0.8790661
20 33 1.0381726
20 11 2.4481473
20 29 13.388649
20 5 3.0026493
20 34 0.9553462
20 2 2.9436584
20 14 0.99883884
20 37 7.1612535
20 7 42.691563
20 27 2.539456
20 16 23.666939
20 25 0.5933912
21 26 2000.0
21 32 2000.0
21 24 1.2999886
21 35 0.041156527
21 12 0.10596592
21 15 8.021809
22 31 81.44034
22 9 0.2656115
22 19 2000.0
23 0 2000.0
23 30 6.3615937
23 8 1.7864857
23 2 10.393241
23 37 2.315053
23 18 1.2999793
23 7 1.7287217
23 16 3.8615687
23 11 2000.0
23 29 2.0991116
23 5 7.6058626
24 26 0.041356184
24 32 0.29417616
24 10 0.090767846
24 21 1.2999886
24 12 0.06531653
24 15 2000.0
24 17 0.12263484
25 30 46.77228
25 0 19.168234
25 13 0.22702235
25 33 0.51341647
25 11 0.812123
25 29 4.2979503
25 34 1.2157184
25 20 0.5933912
25 2 0.51011586
25 14 1.9485896
25 37 51.175323
25 7 2.9044967
25 27 0.23642053
25 16 1.4195678
26 32 27.554253
26 28 0.06355932
26 10 0.029400092
26 24 0.041356184
26 31 0.11469923
26 12 0.46725786
26 17 1.6189764
27 30 0.26031372
27 0 2000.0
27 8 3.1693606
27 18 17.04948
27 13 0.5034467
27 33 0.74291354
27 11 0.9729765
27 29 0.6870228
27 5 1.6674577
27 34 1.0071938
27 20 2.539456
27 2 1.3152903
27 14 2.078485
27 37 0.88618004
27 7 2000.0
27 16 1.5526917
27 25 0.23642053
28 36 0.033302784
28 26 0.06355932
28 10 0.4778048
28 3 3.8671591
28 12 148.9044
28 9 0.61350304
28 19 1372.9545
29 0 54.293182
29 30 1.5855187
29 8 0.7049374
29 18 1.4801842
29 13 1.3585669
29 33 31.66885
29 11 0.80994785
29 5 3.032504
29 34 3.8689044
29 20 13.388649
29 2 1.2523586
29 37 1.171782
29 7 2000.0
29 27 0.6870228
29 16 200.0
29 23 2.0991116
29 25 4.2979503
30 8 0.67937434
30 18 0.6956857
30 13 53.54798
30 33 9.790507
30 11 0.918012
30 29 1.5855187
30 5 0.75243783
30 34 1.2803993
30 20 1.8111969
30 2 12.998783
30 14 14.23339
30 37 14.242616
30 7 1.0028491
30 27 0.26031372
30 16 1.1644742
30 23 6.3615937
30 25 46.77228
31 26 0.11469923
31 6 0.18489985
31 10 8.3785715
31 35 39.210022
31 22 81.44034
31 21 2000.0
31 9 0.030316265
31 4 0.08446649
31 17 0.9994318
31 19 0.07000745
32 26 27.554253
32 24 0.29417616
32 21 2000.0
32 12 3.996934
32 15 0.07045278
33 34 2000.0
33 30 9.790507
33 20 1.0381726
33 2 1.962443
33 14 0.4067224
33 7 2000.0
33 13 0.8418905
33 27 0.74291354
33 16 3017.898
33 11 1.4812571
33 29 31.66885
33 25 0.51341647
34 30 1.2803993
34 20 0.9553462
34 8 36.69512
34 37 2000.0
34 7 2000.0
34 27 1.0071938
34 16 40.04695
34 11 2.319976
34 29 3.8689044
34 25 1.2157184
34 5 3.4440823
35 21 0.041156527
35 31 39.210022
36 28 0.033302784
36 3 0.49948052
36 9 0.70922196
37 30 14.242616
37 0 1.3879889
37 8 1.110978
37 18 2.2204359
37 13 1.111235
37 11 2.0768664
37 29 1.171782
37 5 6.9115086
37 20 7.1612535
37 2 0.98889285
37 7 2855.3977
37 27 0.88618004
37 16 2000.0
37 23 2.315053
37 25 51.175323
