0 2 1.1486067
0 37 2.8685377
0 13 0.9009701
0 29 11.98204
0 25 62.21901
1 3 1.4479921
1 12 17.294603
2 30 22.217377
2 0 1.1486067
2 8 1.4076955
2 18 1.9453362
2 13 0.5126788
2 33 1.9734849
2 11 1.8650964
2 29 1.3849924
2 20 3.8552866
2 37 0.803197
2 27 1.2351687
2 16 2000.0
2 23 11.108038
2 25 0.41442633
3 36 0.34109765
3 28 41.03723
3 24 2000.0
3 12 0.06799956
3 1 1.4479921
3 9 0.68130964
4 31 0.07685359
4 9 0.06596438
4 17 0.15448806
4 19 0.0684883
5 30 0.69424367
5 8 0.60320735
5 18 1.4072603
5 13 47.740665
5 11 2.6804924
5 29 6.1212196
5 34 3.9207866
5 20 2.2173119
5 37 9.250162
5 7 11.504685
5 27 1.536876
5 16 2.2527757
5 23 3.1873076
5 25 2000.0
6 31 0.24499896
6 17 2.0327976
7 34 400.0
7 30 1.1328176
7 20 80.8177
7 8 5.678734
7 16 1.2817326
7 23 1.5817409
7 11 114.28571
7 25 6.0827947
7 5 11.504685
8 0 2000.0
8 30 0.5116333
8 18 1.3040787
8 13 1.3847452
8 11 0.95806307
8 29 0.573511
8 5 0.60320735
8 34 35.892414
8 2 1.4076955
8 37 0.94606435
8 7 5.678734
8 27 0.51426864
8 16 1.5708355
8 23 1.0937246
8 25 2000.0
9 36 0.7363601
9 26 2000.0
9 28 0.4634868
9 10 8.078434
9 22 0.074919276
9 31 0.030961253
9 12 2000.0
9 3 0.68130964
9 4 0.06596438
9 17 0.042246584
9 19 0.0838893
10 26 0.03356172
10 28 0.34215543
10 24 0.058395427
10 31 1.7585601
10 12 116.138306
10 9 8.078434
10 17 0.030411698
11 0 2000.0
11 30 0.7840487
11 8 0.95806307
11 18 3.843077
11 13 1.2304169
11 33 1.3389082
11 29 0.9652935
11 5 2.6804924
11 34 1.1039848
11 20 1.343929
11 2 1.8650964
11 37 1.2683582
11 7 114.28571
11 27 0.84747976
11 16 0.9208579
11 25 0.39842343
12 26 0.37233844
12 32 10.208333
12 10 116.138306
12 24 0.0668633
12 21 0.10611601
12 3 0.06799956
12 1 17.294603
13 30 89.84931
13 0 0.9009701
13 8 1.3847452
13 18 21.280155
13 33 0.89491516
13 11 1.2304169
13 29 1.0226817
13 5 47.740665
13 34 102.132866
13 20 0.9143051
13 2 0.5126788
13 14 7.3474083
13 37 1.2823306
13 7 2000.0
13 27 0.23380521
13 16 78.04438
13 25 0.25080028
14 30 12.6369705
14 20 2.807539
14 13 7.3474083
14 27 8.274976
14 33 0.9863768
14 11 2000.0
14 25 2.6379914
15 32 0.076199494
15 21 9.726308
16 0 2000.0
16 30 1.138463
16 8 1.5708355
16 18 1.4603432
16 13 78.04438
16 11 0.9208579
16 5 2.2527757
16 34 29.4668
16 20 41.588287
16 7 1.2817326
16 27 1.6840278
16 23 2.56046
16 25 1.6616305
17 6 2.0327976
17 26 1.7271624
17 10 0.030411698
17 24 0.087589495
17 31 1.0567006
17 9 0.042246584
17 4 0.15448806
17 19 1302.3864
18 0 2000.0
18 30 0.7195611
18 8 1.3040787
18 13 21.280155
18 11 3.843077
18 29 0.93583983
18 5 1.4072603
18 2 1.9453362
18 37 3.2109292
18 7 2000.0
18 27 52.083336
18 16 1.4603432
18 23 1.1543987
19 31 0.08272153
19 9 0.0838893
19 4 0.0684883
20 30 1.3692734
20 8 2000.0
20 13 0.9143051
20 33 1.0809604
20 11 1.343929
20 29 9.754001
20 5 2.2173119
20 34 1.184984
20 2 3.8552866
20 14 2.807539
20 37 2.6464856
20 7 80.8177
20 27 1.5483234
20 16 41.588287
20 25 0.40467408
21 32 2000.0
21 24 1.3162153
21 35 0.03370331
21 12 0.10611601
21 15 9.726308
22 31 2000.0
22 9 0.074919276
22 19 2000.0
23 0 2000.0
23 30 2.3093548
23 8 1.0937246
23 2 11.108038
23 37 1.0906284
23 18 1.1543987
23 7 1.5817409
23 16 2.56046
23 11 2000.0
23 29 1.2675893
23 5 3.1873076
24 26 0.03960288
24 32 0.22931556
24 10 0.058395427
24 21 1.3162153
24 12 0.0668633
24 15 2000.0
24 17 0.087589495
25 30 17.285074
25 0 62.21901
25 13 0.25080028
25 33 1.1169821
25 11 0.39842343
25 29 1.758467
25 34 1.6845819
25 20 0.40467408
25 2 0.41442633
25 14 2.6379914
25 37 28.519224
25 7 6.0827947
25 27 0.2100844
25 16 1.6616305
26 32 138.37164
26 28 0.05173305
26 10 0.03356172
26 24 0.03960288
26 31 0.33571038
26 12 0.37233844
26 17 1.7271624
27 30 0.20440075
27 0 2000.0
27 8 0.51426864
27 18 52.083336
27 13 0.23380521
27 33 0.6974281
27 11 0.84747976
27 29 1.9750355
27 5 1.536876
27 34 0.8865391
27 20 1.5483234
27 2 1.2351687
27 14 8.274976
27 37 0.8403727
27 7 2000.0
27 16 1.6840278
27 25 0.2100844
28 36 0.03542734
28 26 0.05173305
28 10 0.34215543
28 3 41.03723
28 12 1192.9546
28 9 0.4634868
28 19 1384.2614
29 0 11.98204
29 30 0.9536738
29 8 0.573511
29 18 0.93583983
29 13 1.0226817
29 33 13.759376
29 11 0.9652935
29 5 6.1212196
29 34 4.3403473
29 20 9.754001
29 2 1.3849924
29 37 0.6192862
29 7 2000.0
29 27 1.9750355
29 16 2000.0
29 23 1.2675893
29 25 1.758467
30 8 0.5116333
30 18 0.7195611
30 13 89.84931
30 33 14.07089
30 11 0.7840487
30 29 0.9536738
30 5 0.69424367
30 34 0.86129
30 20 1.3692734
30 2 22.217377
30 14 12.6369705
30 37 14.478787
30 7 1.1328176
30 27 0.20440075
30 16 1.138463
30 23 2.3093548
30 25 17.285074
31 26 0.33571038
31 6 0.24499896
31 10 1.7585601
31 35 86.71989
31 21 2000.0
31 9 0.030961253
31 4 0.07685359
31 17 1.0567006
31 19 0.08272153
32 26 138.37164
32 24 0.22931556
32 21 2000.0
32 12 10.208333
32 15 0.076199494
33 30 14.07089
33 13 0.89491516
33 11 1.3389082
33 29 13.759376
33 5 2000.0
33 34 2000.0
33 20 1.0809604
33 2 1.9734849
33 14 0.9863768
33 7 2000.0
33 27 0.6974281
33 16 2422.443
33 25 1.1169821
34 30 0.86129
34 20 1.184984
34 8 35.892414
34 37 2000.0
34 7 400.0
34 13 102.132866
34 27 0.8865391
34 16 29.4668
34 11 1.1039848
34 29 4.3403473
34 25 1.6845819
34 5 3.9207866
35 21 0.03370331
35 31 86.71989
36 28 0.03542734
36 3 0.34109765
36 9 0.7363601
37 30 14.478787
37 0 2.8685377
37 8 0.94606435
37 18 3.2109292
37 13 1.2823306
37 11 1.2683582
37 29 0.6192862
37 5 9.250162
37 20 2.6464856
37 2 0.803197
37 7 5460.739
37 27 0.8403727
37 16 2000.0
37 23 1.0906284
37 25 28.519224
