0 8 3.0301414
0 2 0.98142225
0 37 1.9028395
0 13 0.92319727
0 11 82.051285
0 29 5.512167
0 25 400.0
1 3 0.3468475
1 12 69.7698
2 30 19.085966
2 0 0.98142225
2 8 1.4263396
2 18 5.855458
2 13 0.40453747
2 33 1.6805122
2 11 0.89084345
2 29 1.3342477
2 20 4.78993
2 37 0.9155195
2 27 1.6928775
2 16 2000.0
2 23 44.09091
2 25 2.5497808
3 36 0.2309375
3 28 0.106605574
3 24 130.90909
3 12 0.065679446
3 1 0.3468475
3 9 0.778196
4 31 0.066275656
4 9 0.067577876
4 17 0.081087194
4 19 0.08353743
5 30 0.6826063
5 8 0.8030957
5 18 0.2816305
5 13 2000.0
5 11 1.8100566
5 29 2.8652985
5 34 3.3450615
5 20 2.9341755
5 37 2000.0
5 7 16.508987
5 27 2.5891645
5 16 1.5830189
5 23 4.089816
6 24 2000.0
6 22 1619.3562
6 31 0.75965375
6 17 0.7127165
7 34 7.2480707
7 30 0.76230013
7 20 2.1523795
7 8 62.7451
7 37 19.128143
7 27 563.7509
7 16 1.197395
7 11 5.359185
7 23 1.3941493
7 25 8.846691
7 5 16.508987
8 0 3.0301414
8 30 1.4429926
8 18 0.83436006
8 13 2.382367
8 11 0.64242995
8 29 0.43679345
8 5 0.8030957
8 34 3.3159037
8 2 1.4263396
8 37 1.1303927
8 7 62.7451
8 27 1.0715127
8 16 1.5588194
8 23 1.0268087
9 36 1.0089217
9 26 2000.0
9 28 13.725505
9 10 4.9269323
9 22 0.3572452
9 31 0.029619971
9 3 0.778196
9 17 0.06290182
9 4 0.067577876
9 19 0.09524032
10 26 0.04409624
10 28 0.75635594
10 24 0.07320034
10 31 0.03202422
10 12 5.9182935
10 9 4.9269323
10 17 0.036666054
11 0 82.051285
11 30 0.41340107
11 8 0.64242995
11 18 6.0109763
11 13 0.4345997
11 33 1.8062865
11 29 1.5193567
11 5 1.8100566
11 34 2.327399
11 20 1.2330836
11 2 0.89084345
11 37 1.3098731
11 7 5.359185
11 27 0.4511458
11 16 0.83125234
11 25 1.7590189
12 26 2.1993043
12 28 6.4123864
12 32 0.22919986
12 10 5.9182935
12 24 0.093813136
12 21 0.06535199
12 3 0.065679446
12 1 69.7698
13 30 1.7818514
13 0 0.92319727
13 8 2.382367
13 18 418.72894
13 33 0.9560589
13 11 0.4345997
13 29 0.82575005
13 34 3.8940709
13 20 0.62974435
13 2 0.40453747
13 14 2.4451509
13 37 2.4153106
13 27 0.24394332
13 16 119.89878
13 25 0.6365271
14 20 1.0836304
14 13 2.4451509
14 33 0.4554058
14 27 2.8453677
14 11 2000.0
14 25 2.9721348
15 32 0.073157996
15 21 1.5999589
16 0 2000.0
16 30 1.0842925
16 8 1.5588194
16 18 0.6669748
16 13 119.89878
16 11 0.83125234
16 29 153.31761
16 5 1.5830189
16 20 9.207709
16 37 99.72282
16 7 1.197395
16 27 1.2215669
16 23 6.39
16 25 1.5579157
17 26 1.8748953
17 6 0.7127165
17 10 0.036666054
17 24 0.17646201
17 31 1.275145
17 9 0.06290182
17 4 0.081087194
17 19 3.2523313
18 30 0.72010285
18 2 5.855458
18 8 0.83436006
18 37 1.2484157
18 13 418.72894
18 7 2000.0
18 27 2.9454467
18 16 0.6669748
18 23 1.3685759
18 11 6.0109763
18 29 0.98731863
18 5 0.2816305
19 31 0.06869489
19 9 0.09524032
19 17 3.2523313
19 4 0.08353743
20 30 8.439249
20 13 0.62974435
20 33 1.6129897
20 11 1.2330836
20 29 1.1592102
20 5 2.9341755
20 34 0.83844376
20 2 4.78993
20 14 1.0836304
20 37 4.421686
20 7 2.1523795
20 27 0.44764146
20 16 9.207709
20 25 0.692481
21 26 2000.0
21 32 2000.0
21 10 2000.0
21 24 0.19556527
21 35 0.039240055
21 12 0.06535199
21 15 1.5999589
22 6 1619.3562
22 31 1121.8182
22 9 0.3572452
22 19 1203.9772
23 0 2000.0
23 30 1.0527233
23 2 44.09091
23 8 1.0268087
23 37 3.3083568
23 18 1.3685759
23 7 1.3941493
23 16 6.39
23 11 2000.0
23 29 3.7142148
23 5 4.089816
24 26 0.08580681
24 32 0.09518153
24 10 0.07320034
24 21 0.19556527
24 31 12.023051
24 12 0.093813136
24 3 130.90909
24 15 2000.0
24 17 0.17646201
25 0 400.0
25 30 3.1527
25 13 0.6365271
25 33 0.6532242
25 11 1.7590189
25 29 5.335179
25 34 2.6344602
25 20 0.692481
25 2 2.5497808
25 14 2.9721348
25 37 86.38637
25 7 8.846691
25 27 0.8445284
25 16 1.5579157
26 32 12.041383
26 28 0.042540323
26 10 0.04409624
26 24 0.08580681
26 31 0.06482948
26 12 2.1993043
26 17 1.8748953
27 0 2000.0
27 30 0.17147727
27 8 1.0715127
27 18 2.9454467
27 13 0.24394332
27 33 1.0762261
27 11 0.4511458
27 29 0.62506115
27 5 2.5891645
27 34 0.8727273
27 20 0.44764146
27 2 1.6928775
27 14 2.8453677
27 37 1.0747554
27 7 563.7509
27 16 1.2215669
27 25 0.8445284
28 36 0.040830843
28 26 0.042540323
28 10 0.75635594
28 3 0.106605574
28 12 6.4123864
28 9 13.725505
29 0 5.512167
29 30 10.980945
29 8 0.43679345
29 18 0.98731863
29 13 0.82575005
29 11 1.5193567
29 5 2.8652985
29 34 8.323446
29 20 1.1592102
29 2 1.3342477
29 37 0.8960805
29 7 2000.0
29 27 0.62506115
29 16 153.31761
29 23 3.7142148
29 25 5.335179
30 0 2000.0
30 8 1.4429926
30 18 0.72010285
30 13 1.7818514
30 33 1.0472434
30 11 0.41340107
30 29 10.980945
30 5 0.6826063
30 34 3.7605073
30 20 8.439249
30 2 19.085966
30 14 2000.0
30 37 5.803673
30 7 0.76230013
30 27 0.17147727
30 16 1.0842925
30 23 1.0527233
30 25 3.1527
31 26 0.06482948
31 6 0.75965375
31 10 0.03202422
31 24 12.023051
31 9 0.029619971
31 17 1.275145
31 4 0.066275656
31 19 0.06869489
32 26 12.041383
32 24 0.09518153
32 12 0.22919986
32 15 0.073157996
33 30 1.0472434
33 13 0.9560589
33 11 1.8062865
33 29 2382.1023
33 5 2000.0
33 34 2000.0
33 20 1.6129897
33 2 1.6805122
33 14 0.4554058
33 7 2000.0
33 27 1.0762261
33 16 2000.0
33 25 0.6532242
34 30 3.7605073
34 20 0.83844376
34 8 3.3159037
34 7 7.2480707
34 13 3.8940709
34 27 0.8727273
34 16 2536.0227
34 11 2.327399
34 25 2.6344602
34 29 8.323446
34 5 3.3450615
35 21 0.039240055
36 26 2000.0
36 28 0.040830843
36 3 0.2309375
36 9 1.0089217
37 30 5.803673
37 0 1.9028395
37 8 1.1303927
37 18 1.2484157
37 13 2.4153106
37 11 1.3098731
37 29 0.8960805
37 20 4.421686
37 2 0.9155195
37 7 19.128143
37 27 1.0747554
37 16 99.72282
37 23 3.3083568
37 25 86.38637
