0 8 8.304545
0 2 1.5939791
0 37 1.7436944
0 13 0.8027182
0 11 53.333332
0 29 6.5083137
1 3 0.23883231
1 12 35.473545
2 30 8.96319
2 0 1.5939791
2 8 1.1815045
2 18 8.637844
2 13 0.21504766
2 33 2.6384525
2 11 1.0143313
2 29 0.79323626
2 20 1.6234752
2 37 1.0748492
2 27 1.0460274
2 23 31.726461
2 25 1.0061679
3 36 0.33304453
3 28 0.069234625
3 24 225.00002
3 12 0.050898097
3 1 0.23883231
3 9 0.34472725
4 31 0.092168875
4 9 0.06740661
4 17 0.106845595
4 19 0.093917206
5 30 0.4617176
5 8 0.90389174
5 18 0.36708823
5 13 890.9091
5 11 6.595379
5 29 2.5942903
5 34 3.8295271
5 20 2.3450246
5 37 2000.0
5 7 4.5084124
5 27 1.9268578
5 16 1.9275477
5 23 3.4914806
6 22 160.0
6 21 2000.0
6 31 0.44019744
6 17 1.5359849
7 34 8.478002
7 30 0.8564839
7 20 1.8771111
7 8 30.61957
7 37 28.142717
7 27 76.59814
7 16 1.5113171
7 11 9.273798
7 23 1.1333128
7 25 4.7421594
7 5 4.5084124
8 0 8.304545
8 30 0.6075044
8 18 1.3881259
8 13 1.2054743
8 11 0.69780356
8 29 0.7505851
8 5 0.90389174
8 34 4.2475753
8 2 1.1815045
8 37 0.84239507
8 7 30.61957
8 27 1.6456112
8 16 1.2729429
8 23 1.2348714
9 36 0.6186662
9 26 2000.0
9 28 0.854872
9 10 31.807943
9 22 0.24868383
9 31 0.03124249
9 12 2000.0
9 3 0.34472725
9 17 0.068371214
9 4 0.06740661
9 19 0.07520492
10 26 0.04477249
10 28 0.62160635
10 24 0.04179956
10 31 0.03466761
10 12 4.985167
10 9 31.807943
10 17 0.031643458
11 0 53.333332
11 30 0.50658536
11 8 0.69780356
11 18 7.6560764
11 13 0.9214539
11 33 3.0763745
11 29 1.0981929
11 5 6.595379
11 34 2.2083957
11 20 1.1197034
11 2 1.0143313
11 37 2.6581616
11 7 9.273798
11 27 0.5913003
11 16 0.747783
11 25 0.8695976
12 26 0.6820838
12 28 3.5384076
12 32 0.26403472
12 10 4.985167
12 24 0.07056898
12 21 0.07614026
12 3 0.050898097
12 1 35.473545
13 30 1.2681723
13 0 0.8027182
13 8 1.2054743
13 18 155.55557
13 33 1.0742744
13 11 0.9214539
13 29 1.1472107
13 5 890.9091
13 34 6.984332
13 20 0.8984134
13 2 0.21504766
13 14 2.7463572
13 37 1.6817391
13 27 0.21322167
13 16 447.3017
13 25 0.8341897
14 34 2000.0
14 20 1.2960976
14 13 2.7463572
14 27 2.9779584
14 33 0.39586133
14 11 2000.0
14 25 1.0281882
15 32 0.0778486
15 21 0.8520376
16 0 2000.0
16 30 1.0842669
16 8 1.2729429
16 18 0.8263357
16 11 0.747783
16 29 14.113573
16 5 1.9275477
16 20 8.130842
16 37 63.466743
16 7 1.5113171
16 27 1.3781108
16 23 11.937407
16 25 1.1269139
17 26 1.9115057
17 6 1.5359849
17 10 0.031643458
17 24 0.27292323
17 31 1.2185341
17 9 0.068371214
17 4 0.106845595
17 19 1.5960683
18 30 0.72380376
18 2 8.637844
18 8 1.3881259
18 37 1.4035969
18 13 155.55557
18 7 2000.0
18 27 4.276326
18 16 0.8263357
18 23 0.986876
18 11 7.6560764
18 29 0.9830732
18 5 0.36708823
19 31 0.08425727
19 9 0.07520492
19 17 1.5960683
19 4 0.093917206
20 30 10.974502
20 13 0.8984134
20 33 2.2278738
20 11 1.1197034
20 29 3.9898736
20 5 2.3450246
20 34 1.0055295
20 2 1.6234752
20 14 1.2960976
20 37 4.023798
20 7 1.8771111
20 27 0.7521916
20 16 8.130842
20 25 0.3939267
21 32 2000.0
21 24 0.6107513
21 35 0.040542793
21 12 0.07614026
21 15 0.8520376
22 6 160.0
22 31 1063.3049
22 9 0.24868383
22 19 1309.4886
23 30 1.3964162
23 0 2000.0
23 2 31.726461
23 8 1.2348714
23 37 2.726385
23 18 0.986876
23 7 1.1333128
23 16 11.937407
23 11 2000.0
23 29 2.8680704
23 5 3.4914806
24 26 0.057972018
24 32 0.09580966
24 10 0.04179956
24 21 0.6107513
24 31 5.382813
24 12 0.07056898
24 3 225.00002
24 15 2000.0
24 17 0.27292323
25 30 1.3749975
25 13 0.8341897
25 33 0.47153437
25 11 0.8695976
25 29 1.4575855
25 34 2.2745519
25 20 0.3939267
25 2 1.0061679
25 14 1.0281882
25 37 114.28571
25 7 4.7421594
25 27 0.5075333
25 16 1.1269139
26 36 90.00001
26 32 44.096764
26 28 0.10107368
26 10 0.04477249
26 24 0.057972018
26 31 0.06929675
26 12 0.6820838
26 17 1.9115057
27 0 2000.0
27 30 0.17989483
27 8 1.6456112
27 18 4.276326
27 13 0.21322167
27 33 1.056946
27 11 0.5913003
27 29 0.71792746
27 5 1.9268578
27 34 1.0097139
27 20 0.7521916
27 2 1.0460274
27 14 2.9779584
27 37 0.91810167
27 7 76.59814
27 16 1.3781108
27 23 2000.0
27 25 0.5075333
28 36 0.037870023
28 26 0.10107368
28 10 0.62160635
28 3 0.069234625
28 12 3.5384076
28 9 0.854872
29 0 6.5083137
29 30 6.503693
29 8 0.7505851
29 18 0.9830732
29 13 1.1472107
29 33 119.73057
29 11 1.0981929
29 5 2.5942903
29 34 7.050281
29 20 3.9898736
29 2 0.79323626
29 37 0.7523828
29 7 2000.0
29 27 0.71792746
29 16 14.113573
29 23 2.8680704
29 25 1.4575855
30 0 2000.0
30 8 0.6075044
30 18 0.72380376
30 13 1.2681723
30 33 2.5488622
30 11 0.50658536
30 29 6.503693
30 5 0.4617176
30 34 1.1246625
30 20 10.974502
30 2 8.96319
30 37 7.7404494
30 7 0.8564839
30 27 0.17989483
30 16 1.0842669
30 23 1.3964162
30 25 1.3749975
31 26 0.06929675
31 6 0.44019744
31 10 0.03466761
31 24 5.382813
31 22 1063.3049
31 9 0.03124249
31 17 1.2185341
31 4 0.092168875
31 19 0.08425727
32 26 44.096764
32 24 0.09580966
32 12 0.26403472
32 15 0.0778486
33 34 2000.0
33 30 2.5488622
33 20 2.2278738
33 2 2.6384525
33 14 0.39586133
33 7 2000.0
33 13 1.0742744
33 27 1.056946
33 16 2000.0
33 11 3.0763745
33 29 119.73057
33 25 0.47153437
34 30 1.1246625
34 20 1.0055295
34 8 4.2475753
34 13 6.984332
34 7 8.478002
34 27 1.0097139
34 16 1215.0568
34 11 2.2083957
34 25 2.2745519
34 29 7.050281
34 5 3.8295271
35 21 0.040542793
36 26 90.00001
36 28 0.037870023
36 10 2000.0
36 3 0.33304453
36 9 0.6186662
37 30 7.7404494
37 0 1.7436944
37 8 0.84239507
37 18 1.4035969
37 13 1.6817391
37 11 2.6581616
37 29 0.7523828
37 20 4.023798
37 2 1.0748492
37 7 28.142717
37 27 0.91810167
37 16 63.466743
37 23 2.726385
37 25 114.28571
