0 8 5.192683
0 2 1.3934283
0 37 0.98226625
0 13 0.91830087
0 29 11.428572
1 3 0.22147727
1 12 1202.159
2 30 8.516589
2 0 1.3934283
2 8 1.2627006
2 18 22.971212
2 13 0.35736135
2 33 2.3499439
2 11 0.83859706
2 29 0.8390134
2 20 1.8368034
2 37 0.92158127
2 27 0.588169
2 23 46.153416
2 25 1.9336702
3 36 0.27680266
3 28 0.38309172
3 24 200.0
3 12 0.050058246
3 1 0.22147727
3 9 0.5849026
4 31 0.0804148
4 9 0.06395426
4 17 0.0937741
4 19 0.08947512
5 30 0.5634208
5 8 0.96359724
5 18 0.47978765
5 13 416.6667
5 11 3.8904164
5 29 2.7117949
5 34 2.1973314
5 20 2.5238676
5 37 2000.0
5 7 3.2309868
5 27 2.6514943
5 16 1.3014673
5 23 2.5290189
6 31 0.75107867
6 17 1.0586112
7 34 16.59288
7 30 0.62376106
7 20 1.3847073
7 8 29.618769
7 37 26.451687
7 27 186.01819
7 16 1.1706249
7 11 6.97833
7 23 1.1187867
7 25 5.970303
7 5 3.2309868
8 0 5.192683
8 30 0.78592914
8 18 0.8761499
8 13 2.3890374
8 11 0.6230776
8 29 0.60679305
8 5 0.96359724
8 34 2.8693745
8 2 1.2627006
8 37 0.76046664
8 7 29.618769
8 27 1.6277287
8 16 1.2143418
8 23 1.001241
9 36 1.5537432
9 26 2000.0
9 28 2.129823
9 10 3.6708045
9 22 0.27548993
9 31 0.032057166
9 3 0.5849026
9 12 2000.0
9 17 0.043433312
9 4 0.06395426
9 19 0.07857675
10 26 0.03070106
10 28 0.5679633
10 24 0.03764499
10 31 0.038776085
10 12 12.126774
10 9 3.6708045
10 17 0.029784886
11 0 2000.0
11 30 0.50518614
11 8 0.6230776
11 18 4.4447494
11 13 0.5465276
11 33 2.5550604
11 29 1.1663576
11 5 3.8904164
11 34 2.1959991
11 20 0.66348624
11 2 0.83859706
11 37 1.3126297
11 7 6.97833
11 27 0.48347193
11 16 0.75384897
11 25 1.2269543
12 26 1.2271416
12 28 3.8168366
12 32 0.36922082
12 10 12.126774
12 24 0.076868
12 21 0.102806985
12 3 0.050058246
13 30 1.1256895
13 0 0.91830087
13 8 2.3890374
13 18 266.6667
13 33 0.7620107
13 11 0.5465276
13 29 0.99814725
13 5 416.6667
13 34 9.20158
13 20 0.4601119
13 2 0.35736135
13 14 2.3166566
13 37 2.1207128
13 27 0.20777881
13 16 77.02383
13 25 0.45453694
14 20 0.92735803
14 13 2.3166566
14 27 2.1836965
14 33 0.31537583
14 11 2000.0
14 25 1.5193489
15 32 0.086442664
15 21 1.4724998
16 30 1.1022449
16 0 2000.0
16 8 1.2143418
16 18 0.9302818
16 13 77.02383
16 11 0.75384897
16 29 56.62292
16 5 1.3014673
16 20 7.8098016
16 37 13.38264
16 7 1.1706249
16 27 1.38604
16 23 11.5526
16 25 1.0807135
17 26 1.4881376
17 6 1.0586112
17 10 0.029784886
17 24 0.19836031
17 31 1.362036
17 9 0.043433312
17 4 0.0937741
17 19 2.9131088
18 0 2000.0
18 30 0.7071189
18 8 0.8761499
18 13 266.6667
18 11 4.4447494
18 29 1.0306561
18 5 0.47978765
18 2 22.971212
18 37 1.3278571
18 7 2000.0
18 27 2.2608202
18 16 0.9302818
18 23 1.0228622
19 31 0.080558024
19 9 0.07857675
19 17 2.9131088
19 4 0.08947512
20 30 21.321068
20 13 0.4601119
20 33 1.03894
20 11 0.66348624
20 29 5.9605856
20 5 2.5238676
20 34 0.7901422
20 2 1.8368034
20 14 0.92735803
20 37 2.7593737
20 7 1.3847073
20 27 0.2878247
20 16 7.8098016
20 25 0.44424778
21 32 2000.0
21 24 0.74821913
21 35 0.047424246
21 12 0.102806985
21 15 1.4724998
22 6 1215.1136
22 31 61.248173
22 9 0.27548993
22 19 1374.2045
23 30 1.1526083
23 0 2000.0
23 2 46.153416
23 8 1.001241
23 37 1.3816891
23 18 1.0228622
23 7 1.1187867
23 16 11.5526
23 11 2000.0
23 29 1.7798159
23 5 2.5290189
24 26 0.119476244
24 32 0.10635993
24 10 0.03764499
24 21 0.74821913
24 31 4.1940613
24 12 0.076868
24 3 200.0
24 15 2000.0
24 17 0.19836031
25 30 1.2220153
25 13 0.45453694
25 33 0.302052
25 11 1.2269543
25 29 2.2961144
25 34 1.1054057
25 20 0.44424778
25 2 1.9336702
25 14 1.5193489
25 37 139.95755
25 7 5.970303
25 27 0.698023
25 16 1.0807135
26 36 1879.479
26 32 84.14276
26 28 0.08063794
26 10 0.03070106
26 24 0.119476244
26 31 0.07963821
26 12 1.2271416
26 17 1.4881376
27 0 2000.0
27 30 0.1788613
27 8 1.6277287
27 18 2.2608202
27 13 0.20777881
27 33 0.8692412
27 11 0.48347193
27 29 0.95754635
27 5 2.6514943
27 34 1.0113735
27 20 0.2878247
27 2 0.588169
27 14 2.1836965
27 37 0.7657272
27 7 186.01819
27 16 1.38604
27 25 0.698023
28 36 0.045729473
28 26 0.08063794
28 10 0.5679633
28 3 0.38309172
28 12 3.8168366
28 9 2.129823
29 0 11.428572
29 30 4.581432
29 8 0.60679305
29 18 1.0306561
29 13 0.99814725
29 11 1.1663576
29 5 2.7117949
29 34 4.944254
29 20 5.9605856
29 2 0.8390134
29 37 0.9064829
29 7 2000.0
29 27 0.95754635
29 16 56.62292
29 23 1.7798159
29 25 2.2961144
30 0 2000.0
30 8 0.78592914
30 18 0.7071189
30 13 1.1256895
30 33 2.3772266
30 11 0.50518614
30 29 4.581432
30 5 0.5634208
30 34 1.5963671
30 20 21.321068
30 2 8.516589
30 37 8.398882
30 7 0.62376106
30 27 0.1788613
30 16 1.1022449
30 23 1.1526083
30 25 1.2220153
31 26 0.07963821
31 6 0.75107867
31 10 0.038776085
31 24 4.1940613
31 22 61.248173
31 9 0.032057166
31 17 1.362036
31 4 0.0804148
31 19 0.080558024
32 26 84.14276
32 24 0.10635993
32 12 0.36922082
32 15 0.086442664
33 34 2000.0
33 30 2.3772266
33 20 1.03894
33 2 2.3499439
33 14 0.31537583
33 7 2000.0
33 13 0.7620107
33 27 0.8692412
33 16 2000.0
33 11 2.5550604
33 29 5879.375
33 25 0.302052
34 30 1.5963671
34 20 0.7901422
34 8 2.8693745
34 13 9.20158
34 7 16.59288
34 27 1.0113735
34 16 1215.0568
34 11 2.1959991
34 25 1.1054057
34 29 4.944254
34 5 2.1973314
35 21 0.047424246
36 26 1879.479
36 28 0.045729473
36 3 0.27680266
36 9 1.5537432
37 30 8.398882
37 0 0.98226625
37 8 0.76046664
37 18 1.3278571
37 13 2.1207128
37 11 1.3126297
37 29 0.9064829
37 20 2.7593737
37 2 0.92158127
37 7 26.451687
37 27 0.7657272
37 16 13.38264
37 23 1.3816891
37 25 139.95755
