0 8 5.2785783
0 2 1.558804
0 37 0.72080714
0 13 0.870737
0 11 78.0142
0 29 18.724838
1 3 0.2388715
1 12 1202.159
2 30 15.447624
2 0 1.558804
2 8 1.8678162
2 18 10.768537
2 13 0.42499426
2 33 1.7076597
2 11 1.0558262
2 29 0.8962462
2 20 2.102152
2 37 0.6537404
2 27 1.052841
2 16 2000.0
2 23 33.330296
2 25 4.4481797
3 36 0.31730768
3 28 1.2559918
3 24 2000.0
3 12 0.050140098
3 1 0.2388715
3 9 0.69061524
4 31 0.079178885
4 9 0.06620288
4 17 0.08313215
4 19 0.09326876
5 30 0.6737123
5 8 1.220658
5 18 0.369857
5 13 79.570915
5 11 2.6975682
5 29 4.986227
5 34 0.7736033
5 20 1.8270506
5 37 2000.0
5 7 8.744569
5 27 3.300852
5 16 1.4307476
5 23 4.1335306
6 24 2000.0
6 22 76.50001
6 31 0.7101564
6 17 1.3610139
7 34 9.533333
7 30 1.0568826
7 20 2.5421872
7 8 46.59672
7 37 23.779955
7 16 1.2737069
7 11 6.8781424
7 23 1.4014839
7 25 3.7912734
7 5 8.744569
8 0 5.2785783
8 30 0.9259981
8 18 1.1006778
8 13 5.791353
8 11 4.7287736
8 29 1.0797958
8 5 1.220658
8 34 4.8848834
8 2 1.8678162
8 37 1.1607633
8 7 46.59672
8 27 2.1046646
8 16 1.3810309
8 23 1.202656
9 36 1.1974741
9 28 3.5138917
9 10 5.549549
9 22 0.47649282
9 31 0.0350743
9 12 2000.0
9 3 0.69061524
9 17 0.20782624
9 4 0.06620288
9 19 0.0689367
10 26 0.031110283
10 28 0.12523969
10 24 0.22004914
10 31 0.03528194
10 12 6.1300654
10 9 5.549549
10 17 0.031026453
11 0 78.0142
11 30 0.47673562
11 8 4.7287736
11 18 8.374526
11 13 0.5275648
11 33 1.6618226
11 29 1.339728
11 5 2.6975682
11 34 1.823069
11 20 0.71079546
11 2 1.0558262
11 37 1.1255656
11 7 6.8781424
11 27 0.50295466
11 16 0.73438877
11 25 1.3547324
12 26 1.6006703
12 28 13.812339
12 32 0.1804497
12 10 6.1300654
12 24 0.07849417
12 21 0.09477772
12 3 0.050140098
13 30 0.6405178
13 0 0.870737
13 8 5.791353
13 18 216.68927
13 33 1.0636065
13 11 0.5275648
13 29 0.8542275
13 5 79.570915
13 34 6.581466
13 20 0.62273055
13 2 0.42499426
13 14 1.6283222
13 37 1.2941644
13 27 0.27036762
13 16 29.040545
13 25 0.70372313
14 34 2000.0
14 20 1.6946176
14 13 1.6283222
14 27 2.4215024
14 33 0.41517594
14 11 2000.0
14 25 2.3675578
15 32 0.0693356
15 21 1.2760015
16 30 1.0661026
16 0 2000.0
16 8 1.3810309
16 18 0.81712383
16 13 29.040545
16 11 0.73438877
16 29 15.365793
16 5 1.4307476
16 20 5.620905
16 37 16.439297
16 7 1.2737069
16 27 1.9172742
16 23 4.191014
16 25 1.6909529
17 26 1.8117892
17 6 1.3610139
17 10 0.031026453
17 24 0.31447056
17 31 1.287904
17 9 0.20782624
17 4 0.08313215
17 19 3.265795
18 30 0.6376375
18 2 10.768537
18 8 1.1006778
18 37 1.0317116
18 7 2000.0
18 13 216.68927
18 27 5.2033596
18 16 0.81712383
18 23 1.2224263
18 11 8.374526
18 29 1.8534497
18 5 0.369857
19 22 118.31007
19 31 0.078167856
19 9 0.0689367
19 17 3.265795
19 4 0.09326876
20 30 14.408132
20 13 0.62273055
20 33 2.299517
20 11 0.71079546
20 29 6.374358
20 5 1.8270506
20 34 0.90567905
20 2 2.102152
20 14 1.6946176
20 37 2.4610016
20 7 2.5421872
20 27 1.1030487
20 16 5.620905
20 25 0.8175252
21 32 2000.0
21 10 2000.0
21 24 0.8955961
21 35 0.033117715
21 12 0.09477772
21 15 1.2760015
22 6 76.50001
22 31 1196.875
22 9 0.47649282
22 19 118.31007
23 0 2000.0
23 30 1.5756451
23 2 33.330296
23 8 1.202656
23 37 1.958144
23 18 1.2224263
23 7 1.4014839
23 16 4.191014
23 11 2000.0
23 29 2.0937362
23 5 4.1335306
24 26 0.09697904
24 32 0.08848058
24 10 0.22004914
24 21 0.8955961
24 31 2.4810605
24 12 0.07849417
24 3 2000.0
24 15 2000.0
24 17 0.31447056
25 30 4.285099
25 13 0.70372313
25 33 0.33240497
25 11 1.3547324
25 29 2.790959
25 5 2000.0
25 34 1.5793287
25 20 0.8175252
25 2 4.4481797
25 14 2.3675578
25 37 77.30795
25 7 3.7912734
25 27 0.7738662
25 16 1.6909529
26 32 54.33485
26 28 0.06422287
26 10 0.031110283
26 24 0.09697904
26 31 0.09175221
26 12 1.6006703
26 17 1.8117892
27 0 2000.0
27 30 0.4686455
27 8 2.1046646
27 18 5.2033596
27 13 0.27036762
27 33 0.9229029
27 11 0.50295466
27 29 0.7516771
27 5 3.300852
27 34 0.80760497
27 20 1.1030487
27 2 1.052841
27 14 2.4215024
27 37 0.5196691
27 7 2915.1138
27 16 1.9172742
27 25 0.7738662
28 36 0.06640276
28 26 0.06422287
28 10 0.12523969
28 3 1.2559918
28 12 13.812339
28 9 3.5138917
29 0 18.724838
29 30 7.929819
29 8 1.0797958
29 18 1.8534497
29 13 0.8542275
29 11 1.339728
29 5 4.986227
29 34 3.8976467
29 20 6.374358
29 2 0.8962462
29 37 0.9077938
29 7 2000.0
29 27 0.7516771
29 16 15.365793
29 23 2.0937362
29 25 2.790959
30 0 2000.0
30 8 0.9259981
30 18 0.6376375
30 13 0.6405178
30 33 3.691377
30 11 0.47673562
30 29 7.929819
30 5 0.6737123
30 34 1.7097836
30 20 14.408132
30 2 15.447624
30 37 7.4046254
30 7 1.0568826
30 27 0.4686455
30 16 1.0661026
30 23 1.5756451
30 25 4.285099
31 26 0.09175221
31 6 0.7101564
31 10 0.03528194
31 24 2.4810605
31 9 0.0350743
31 17 1.287904
31 4 0.079178885
31 19 0.078167856
32 26 54.33485
32 24 0.08848058
32 12 0.1804497
32 15 0.0693356
33 34 2000.0
33 30 3.691377
33 20 2.299517
33 2 1.7076597
33 14 0.41517594
33 7 2000.0
33 13 1.0636065
33 27 0.9229029
33 16 2226.3638
33 11 1.6618226
33 29 8077.4434
33 25 0.33240497
34 30 1.7097836
34 20 0.90567905
34 8 4.8848834
34 13 6.581466
34 7 9.533333
34 27 0.80760497
34 16 1215.0568
34 11 1.823069
34 25 1.5793287
34 29 3.8976467
34 5 0.7736033
35 21 0.033117715
36 26 2000.0
36 28 0.06640276
36 3 0.31730768
36 9 1.1974741
37 30 7.4046254
37 0 0.72080714
37 8 1.1607633
37 18 1.0317116
37 13 1.2941644
37 11 1.1255656
37 29 0.9077938
37 20 2.4610016
37 2 0.6537404
37 7 23.779955
37 27 0.5196691
37 16 16.439297
37 23 1.958144
37 25 77.30795
