0 8 7.0145526
0 2 0.7577547
0 37 0.48329872
0 13 0.9975824
0 11 25.17898
0 29 10.388332
1 3 0.216239
1 12 35.633385
2 30 15.903865
2 0 0.7577547
2 8 1.0921779
2 18 11.804923
2 13 0.38154522
2 33 1.5876479
2 11 0.71017385
2 29 1.0025467
2 20 2.3809526
2 37 0.6842209
2 27 0.63576555
2 16 2000.0
2 23 16.50673
2 25 0.79643106
3 36 0.27932554
3 28 0.097873904
3 24 2000.0
3 12 0.06770527
3 1 0.216239
3 9 0.6045789
4 31 0.07991696
4 9 0.081951864
4 17 0.087152146
4 19 0.08289266
5 30 0.9056631
5 8 0.850832
5 18 0.4263851
5 13 254.95126
5 11 2.316391
5 29 6.1802073
5 34 1.6555554
5 20 3.7633512
5 37 2000.0
5 7 6.943291
5 27 2.3024476
5 16 1.4520106
5 23 4.089598
6 31 0.40146053
6 17 0.6693146
7 34 10.263232
7 30 1.1456915
7 20 1.5611669
7 8 26.803146
7 37 12.484668
7 16 1.2865584
7 11 5.5957203
7 23 1.1454026
7 25 5.187405
7 5 6.943291
8 0 7.0145526
8 30 0.43179378
8 18 1.1191931
8 13 1.3754386
8 11 1.1016116
8 29 0.9027552
8 5 0.850832
8 34 4.846392
8 2 1.0921779
8 37 1.286486
8 7 26.803146
8 27 0.8237097
8 16 1.5541267
8 23 1.0741632
9 36 1.6814089
9 26 2000.0
9 28 2.0037065
9 10 4.818896
9 22 0.2549815
9 31 0.028751886
9 3 0.6045789
9 17 0.10095344
9 4 0.081951864
9 19 0.06658506
10 26 0.032413423
10 28 0.2817149
10 24 0.06468381
10 31 0.035049897
10 12 22.45656
10 9 4.818896
10 17 0.031071076
11 0 25.17898
11 30 0.3684335
11 8 1.1016116
11 18 6.838403
11 13 0.39239708
11 33 2.083635
11 29 1.2136799
11 5 2.316391
11 34 2.2589154
11 20 0.6620412
11 2 0.71017385
11 37 1.0814407
11 7 5.5957203
11 27 0.40263453
11 16 0.72592497
11 25 1.0638462
12 26 2.322562
12 28 2.7131767
12 32 0.30213583
12 10 22.45656
12 24 0.0746639
12 21 0.09144353
12 3 0.06770527
12 1 35.633385
13 0 0.9975824
13 30 1.0212758
13 8 1.3754386
13 18 191.61969
13 33 0.7676791
13 11 0.39239708
13 29 0.97270495
13 5 254.95126
13 34 8.1085
13 20 0.6916583
13 2 0.38154522
13 14 1.5233154
13 37 1.2826352
13 27 0.23572531
13 16 40.83887
13 25 0.5498768
14 20 1.8069359
14 13 1.5233154
14 27 2.771367
14 33 0.38257468
14 11 2000.0
14 25 2.261255
15 32 0.0816572
15 21 1.7426729
16 0 2000.0
16 30 1.1198756
16 8 1.5541267
16 18 0.9222059
16 13 40.83887
16 11 0.72592497
16 29 14.933429
16 5 1.4520106
16 20 5.337568
16 37 16.888025
16 7 1.2865584
16 27 1.3441528
16 23 4.226411
16 25 1.1511798
17 26 1.5625728
17 6 0.6693146
17 10 0.031071076
17 24 0.4150568
17 31 1.2270334
17 9 0.10095344
17 4 0.087152146
17 19 4.640826
18 30 0.6796118
18 2 11.804923
18 8 1.1191931
18 37 1.3111758
18 13 191.61969
18 7 2000.0
18 27 5.341638
18 16 0.9222059
18 23 1.0385252
18 11 6.838403
18 29 1.0748254
18 5 0.4263851
19 31 0.07831781
19 9 0.06658506
19 17 4.640826
19 4 0.08289266
20 30 22.583199
20 13 0.6916583
20 33 1.2503724
20 11 0.6620412
20 29 4.2457504
20 5 3.7633512
20 34 0.82827497
20 2 2.3809526
20 14 1.8069359
20 37 1.4787905
20 7 1.5611669
20 27 0.4493344
20 16 5.337568
20 25 0.5230949
21 26 2000.0
21 32 2000.0
21 24 0.78501415
21 35 0.045267276
21 12 0.09144353
21 15 1.7426729
22 6 1194.6023
22 31 1714.3181
22 9 0.2549815
22 19 1288.409
23 0 2000.0
23 30 1.72137
23 2 16.50673
23 8 1.0741632
23 37 2.4885957
23 18 1.0385252
23 7 1.1454026
23 16 4.226411
23 11 2000.0
23 29 3.4424984
23 5 4.089598
24 26 0.04935802
24 32 0.1242007
24 10 0.06468381
24 21 0.78501415
24 31 4.4875946
24 12 0.0746639
24 3 2000.0
24 15 2000.0
24 17 0.4150568
25 0 2000.0
25 30 3.3260095
25 13 0.5498768
25 33 0.5501097
25 11 1.0638462
25 29 7.451239
25 34 1.8286219
25 20 0.5230949
25 2 0.79643106
25 14 2.261255
25 37 84.54865
25 7 5.187405
25 27 0.5592329
25 16 1.1511798
26 32 19.921816
26 28 0.050478037
26 10 0.032413423
26 24 0.04935802
26 31 0.06117119
26 12 2.322562
26 17 1.5625728
27 0 2000.0
27 30 0.18703015
27 8 0.8237097
27 18 5.341638
27 13 0.23572531
27 33 0.7748799
27 11 0.40263453
27 29 0.9963414
27 5 2.3024476
27 34 1.0691947
27 20 0.4493344
27 2 0.63576555
27 14 2.771367
27 37 0.85198253
27 7 552.03894
27 16 1.3441528
27 25 0.5592329
28 36 0.062078446
28 26 0.050478037
28 10 0.2817149
28 3 0.097873904
28 12 2.7131767
28 9 2.0037065
29 0 10.388332
29 30 2.6129591
29 8 0.9027552
29 18 1.0748254
29 13 0.97270495
29 11 1.2136799
29 5 6.1802073
29 34 7.976596
29 20 4.2457504
29 2 1.0025467
29 37 0.9220628
29 7 2000.0
29 27 0.9963414
29 16 14.933429
29 23 3.4424984
29 25 7.451239
30 0 2000.0
30 8 0.43179378
30 18 0.6796118
30 13 1.0212758
30 33 1.8887892
30 11 0.3684335
30 29 2.6129591
30 5 0.9056631
30 34 1.3129203
30 20 22.583199
30 2 15.903865
30 37 12.85045
30 7 1.1456915
30 27 0.18703015
30 16 1.1198756
30 23 1.72137
30 25 3.3260095
31 26 0.06117119
31 6 0.40146053
31 10 0.035049897
31 24 4.4875946
31 9 0.028751886
31 17 1.2270334
31 4 0.07991696
31 19 0.07831781
32 26 19.921816
32 24 0.1242007
32 12 0.30213583
32 15 0.0816572
33 34 2000.0
33 30 1.8887892
33 20 1.2503724
33 2 1.5876479
33 14 0.38257468
33 7 2000.0
33 13 0.7676791
33 27 0.7748799
33 16 1627.8408
33 11 2.083635
33 29 4592.9546
33 25 0.5501097
34 30 1.3129203
34 20 0.82827497
34 8 4.846392
34 13 8.1085
34 7 10.263232
34 27 1.0691947
34 16 1215.0568
34 11 2.2589154
34 25 1.8286219
34 29 7.976596
34 5 1.6555554
35 21 0.045267276
36 26 1215.4546
36 28 0.062078446
36 3 0.27932554
36 9 1.6814089
37 0 0.48329872
37 30 12.85045
37 8 1.286486
37 18 1.3111758
37 13 1.2826352
37 11 1.0814407
37 29 0.9220628
37 20 1.4787905
37 2 0.6842209
37 7 12.484668
37 27 0.85198253
37 16 16.888025
37 23 2.4885957
37 25 84.54865
