0 8 9.874613
0 2 0.8917356
0 37 1.1450738
0 13 0.91164327
0 11 35.714287
0 25 2000.0
0 29 9.596835
1 3 0.4428409
1 12 85.71429
2 30 13.973538
2 0 0.8917356
2 8 1.2070284
2 18 9.219517
2 13 0.36483306
2 33 2.3364925
2 11 1.1286157
2 29 0.79784286
2 20 4.5086293
2 37 0.8509601
2 27 0.6219982
2 16 2000.0
2 23 29.170248
2 25 3.6058075
3 36 0.36672837
3 28 0.08861742
3 24 320.0
3 12 0.076066025
3 1 0.4428409
3 9 0.30039057
4 31 0.083061665
4 9 0.06537875
4 17 0.071108766
4 19 0.091953814
5 30 0.49789378
5 8 0.6428488
5 18 0.5756502
5 13 2000.0
5 11 4.544322
5 29 4.3005714
5 34 3.034012
5 20 1.9774352
5 37 2000.0
5 7 11.900286
5 27 2.3848908
5 16 1.4241567
5 23 4.2685866
6 31 1.3496476
6 17 1.9269929
7 34 23.394575
7 30 0.89337575
7 20 4.444903
7 8 27.210571
7 37 20.294699
7 27 261.40463
7 16 1.3525635
7 11 17.053614
7 23 1.1826754
7 25 3.1389694
7 5 11.900286
8 0 9.874613
8 30 0.7738099
8 18 1.0083578
8 13 2.4589164
8 11 0.42262578
8 29 0.6061191
8 5 0.6428488
8 34 3.790378
8 2 1.2070284
8 37 1.1951767
8 7 27.210571
8 27 0.9776679
8 16 1.4016232
8 23 0.8678558
9 36 1.2713755
9 26 2000.0
9 28 3.6644382
9 10 3.6203063
9 22 0.2915274
9 31 0.027929062
9 3 0.30039057
9 12 2000.0
9 17 0.058578618
9 4 0.06537875
9 19 0.06728373
10 26 0.03576796
10 28 0.19440581
10 24 0.0672111
10 31 0.029876502
10 12 7.9017043
10 9 3.6203063
10 17 0.038002986
11 0 35.714287
11 30 0.5034824
11 8 0.42262578
11 18 3.8151088
11 13 0.5003453
11 33 2.7262328
11 29 1.1821446
11 5 4.544322
11 34 3.0646164
11 20 1.0368301
11 2 1.1286157
11 37 1.5126319
11 7 17.053614
11 27 0.47035378
11 16 0.68819696
11 25 0.9304359
12 26 0.99965703
12 28 6.4910965
12 32 0.2015999
12 10 7.9017043
12 24 0.06910719
12 21 0.08067925
12 3 0.076066025
12 1 85.71429
13 30 1.5137459
13 0 0.91164327
13 8 2.4589164
13 18 129.92757
13 33 0.8306744
13 11 0.5003453
13 29 0.37879643
13 34 6.461118
13 20 0.6759984
13 2 0.36483306
13 14 2.9910219
13 37 2.0789008
13 27 0.15498148
13 16 126.851616
13 25 0.40638244
14 20 0.85441923
14 13 2.9910219
14 33 0.7194165
14 27 2.4669113
14 11 2000.0
14 25 1.9877067
15 32 0.087027565
15 21 1.4842819
16 0 2000.0
16 30 1.344659
16 8 1.4016232
16 18 0.9119963
16 13 126.851616
16 11 0.68819696
16 29 2909.432
16 5 1.4241567
16 20 7.8391495
16 37 58.215157
16 7 1.3525635
16 27 1.5556276
16 23 2.8066323
16 25 1.2440789
17 26 2.2188635
17 6 1.9269929
17 10 0.038002986
17 24 0.22078358
17 31 1.4345344
17 9 0.058578618
17 4 0.071108766
17 19 4.41063
18 30 0.64415324
18 2 9.219517
18 8 1.0083578
18 37 1.216372
18 13 129.92757
18 7 2000.0
18 27 2.3703952
18 16 0.9119963
18 23 1.311207
18 11 3.8151088
18 29 1.2366093
18 5 0.5756502
19 31 0.06522857
19 9 0.06728373
19 17 4.41063
19 4 0.091953814
20 30 10.710101
20 13 0.6759984
20 33 0.9838677
20 11 1.0368301
20 29 1.8947165
20 5 1.9774352
20 34 1.1412348
20 2 4.5086293
20 14 0.85441923
20 37 6.4546533
20 7 4.444903
20 27 1.2591609
20 16 7.8391495
20 25 0.5536859
21 10 2000.0
21 24 0.1332468
21 35 0.09189388
21 12 0.08067925
21 15 1.4842819
22 6 2000.0
22 31 200.0
22 9 0.2915274
22 19 1248.466
23 0 2000.0
23 30 1.4981298
23 2 29.170248
23 8 0.8678558
23 37 1.6550283
23 18 1.311207
23 7 1.1826754
23 16 2.8066323
23 11 2000.0
23 29 4.008351
23 5 4.2685866
24 26 0.07982862
24 32 0.1152915
24 28 2000.0
24 10 0.0672111
24 21 0.1332468
24 31 16.24021
24 3 320.0
24 12 0.06910719
24 15 2000.0
24 17 0.22078358
25 0 2000.0
25 30 2.1270013
25 13 0.40638244
25 33 0.6537013
25 11 0.9304359
25 29 3.6158528
25 34 3.115896
25 20 0.5536859
25 2 3.6058075
25 14 1.9877067
25 37 19.942678
25 7 3.1389694
25 27 0.39852455
25 16 1.2440789
26 32 29.532135
26 28 0.033919644
26 10 0.03576796
26 24 0.07982862
26 31 0.055774964
26 12 0.99965703
26 17 2.2188635
27 0 2000.0
27 30 0.24087438
27 8 0.9776679
27 18 2.3703952
27 13 0.15498148
27 33 0.98373866
27 11 0.47035378
27 29 0.37419066
27 5 2.3848908
27 34 1.3838286
27 20 1.2591609
27 2 0.6219982
27 14 2.4669113
27 37 0.9006617
27 7 261.40463
27 16 1.5556276
27 25 0.39852455
28 36 0.040511858
28 26 0.033919644
28 10 0.19440581
28 3 0.08861742
28 12 6.4910965
28 9 3.6644382
29 0 9.596835
29 30 7.7067533
29 8 0.6061191
29 18 1.2366093
29 13 0.37879643
29 33 98.038155
29 11 1.1821446
29 5 4.3005714
29 34 6.743135
29 20 1.8947165
29 2 0.79784286
29 37 1.2851626
29 7 2000.0
29 27 0.37419066
29 23 4.008351
29 25 3.6158528
30 0 2000.0
30 8 0.7738099
30 18 0.64415324
30 13 1.5137459
30 33 1.5034473
30 11 0.5034824
30 29 7.7067533
30 5 0.49789378
30 34 2.2857442
30 20 10.710101
30 2 13.973538
30 14 2000.0
30 37 6.212066
30 7 0.89337575
30 27 0.24087438
30 16 1.344659
30 23 1.4981298
30 25 2.1270013
31 26 0.055774964
31 6 1.3496476
31 10 0.029876502
31 24 16.24021
31 22 200.0
31 9 0.027929062
31 17 1.4345344
31 4 0.083061665
31 19 0.06522857
32 26 29.532135
32 24 0.1152915
32 12 0.2015999
32 15 0.087027565
33 30 1.5034473
33 13 0.8306744
33 11 2.7262328
33 29 98.038155
33 5 2000.0
33 34 2000.0
33 20 0.9838677
33 2 2.3364925
33 14 0.7194165
33 7 2000.0
33 27 0.98373866
33 16 2000.0
33 25 0.6537013
34 30 2.2857442
34 20 1.1412348
34 8 3.790378
34 7 23.394575
34 13 6.461118
34 27 1.3838286
34 16 2536.0227
34 11 3.0646164
34 25 3.115896
34 29 6.743135
34 5 3.034012
35 21 0.09189388
36 26 2000.0
36 28 0.040511858
36 3 0.36672837
36 9 1.2713755
37 30 6.212066
37 0 1.1450738
37 8 1.1951767
37 18 1.216372
37 13 2.0789008
37 11 1.5126319
37 29 1.2851626
37 20 6.4546533
37 2 0.8509601
37 7 20.294699
37 27 0.9006617
37 16 58.215157
37 23 1.6550283
37 25 19.942678
