0 2 0.969104
0 8 245.26167
0 37 1.39969
0 13 1.0010875
0 29 52.94697
0 25 19.964048
1 3 0.63673025
1 12 13.653519
2 30 16.917402
2 0 0.969104
2 8 1.2580774
2 18 4.8207498
2 13 0.6552035
2 33 2.0001345
2 11 3.1327274
2 29 1.3187804
2 20 3.763393
2 37 0.81059957
2 27 1.0534517
2 16 2000.0
2 23 12.733886
2 25 0.81424415
3 36 0.22822352
3 28 12.26591
3 24 2000.0
3 12 0.048896458
3 1 0.63673025
3 9 0.612448
4 31 0.06792042
4 9 0.08503656
4 17 0.10642394
4 19 0.08310633
5 30 0.7157672
5 8 0.4005303
5 18 0.8571533
5 13 20.050747
5 11 1.3027933
5 29 2.42387
5 34 2.4663823
5 20 2.2944515
5 37 13.181146
5 7 5.134943
5 27 1.7307445
5 16 1.5892372
5 23 2.3995106
5 25 2000.0
6 31 0.24132726
6 17 4.4630556
7 34 266.6667
7 30 0.80724615
7 20 64.28571
7 8 6.091507
7 16 1.1201904
7 23 1.3132558
7 25 3.4156942
7 5 5.134943
8 0 245.26167
8 30 0.4525663
8 18 1.2487179
8 13 0.94046336
8 11 1.220108
8 29 0.8448847
8 5 0.4005303
8 34 29.808239
8 2 1.2580774
8 37 0.8862004
8 7 6.091507
8 27 1.2997862
8 16 1.4489497
8 23 0.7799635
8 25 2000.0
9 36 0.50643736
9 28 1.2355572
9 10 48.835228
9 22 0.042359605
9 31 0.03547226
9 3 0.612448
9 4 0.08503656
9 17 0.03974202
9 19 0.0930627
10 26 0.03026898
10 28 0.19325759
10 24 0.122827545
10 31 8.179339
10 12 1284.5454
10 9 48.835228
10 17 0.03747678
11 0 2000.0
11 30 0.6354296
11 8 1.220108
11 18 7.4340296
11 13 0.64550316
11 33 2.1321821
11 29 1.2216523
11 5 1.3027933
11 34 2.4608178
11 20 1.2982044
11 2 3.1327274
11 37 1.6797556
11 7 2900.7954
11 27 0.71512544
11 16 1.1084745
11 25 0.5955102
12 26 2.9709225
12 32 3.746309
12 24 0.06686852
12 21 0.15606686
12 3 0.048896458
12 1 13.653519
13 30 47.819157
13 0 1.0010875
13 8 0.94046336
13 18 200.0
13 33 1.1696613
13 11 0.64550316
13 29 0.8719382
13 5 20.050747
13 34 178.85286
13 20 1.157085
13 2 0.6552035
13 14 4.375693
13 37 0.81399786
13 7 2000.0
13 27 0.5181818
13 16 53.442368
13 25 0.28185993
14 30 1.5473657
14 20 3.6183841
14 13 4.375693
14 27 2.147469
14 33 0.4399592
14 11 2000.0
14 25 2.792543
15 32 0.07590595
15 21 14.354707
16 30 1.1375265
16 0 2000.0
16 8 1.4489497
16 18 1.2353073
16 13 53.442368
16 11 1.1084745
16 5 1.5892372
16 34 54.967945
16 20 36.029408
16 7 1.1201904
16 27 1.4842478
16 23 2.7314048
16 25 1.1551288
17 6 4.4630556
17 26 1.6593977
17 10 0.03747678
17 24 0.109403454
17 31 0.96070737
17 9 0.03974202
17 4 0.10642394
17 19 139.83429
18 0 2000.0
18 30 0.8360015
18 8 1.2487179
18 13 200.0
18 11 7.4340296
18 29 1.2818483
18 5 0.8571533
18 2 4.8207498
18 37 2.3723433
18 7 2000.0
18 27 9.799917
18 16 1.2353073
18 23 1.4944599
19 31 0.08068182
19 9 0.0930627
19 4 0.08310633
19 17 139.83429
20 30 1.1929718
20 13 1.157085
20 33 1.2215238
20 11 1.2982044
20 29 13.734721
20 5 2.2944515
20 34 0.7557595
20 2 3.763393
20 14 3.6183841
20 37 2.4527438
20 7 64.28571
20 27 1.0887824
20 16 36.029408
20 25 0.4408369
21 32 2000.0
21 24 0.7186106
21 35 0.033811614
21 12 0.15606686
21 15 14.354707
22 31 48.370785
22 9 0.042359605
22 19 2000.0
23 0 2000.0
23 30 1.6581233
23 8 0.7799635
23 2 12.733886
23 37 2.1187592
23 18 1.4944599
23 7 1.3132558
23 16 2.7314048
23 11 2000.0
23 29 1.589055
23 5 2.3995106
24 26 0.048985276
24 32 0.35523573
24 10 0.122827545
24 21 0.7186106
24 12 0.06686852
24 15 2000.0
24 17 0.109403454
25 30 29.56662
25 0 19.964048
25 13 0.28185993
25 33 0.7696311
25 11 0.5955102
25 29 3.2786105
25 34 2.3218095
25 20 0.4408369
25 2 0.81424415
25 14 2.792543
25 37 22.118414
25 7 3.4156942
25 27 0.22922087
25 16 1.1551288
26 32 24.66438
26 28 0.065145314
26 10 0.03026898
26 24 0.048985276
26 31 0.20850474
26 12 2.9709225
26 17 1.6593977
27 30 0.2640857
27 0 2000.0
27 8 1.2997862
27 18 9.799917
27 13 0.5181818
27 33 0.75430524
27 11 0.71512544
27 29 0.74059564
27 5 1.7307445
27 34 2.4976616
27 20 1.0887824
27 2 1.0534517
27 14 2.147469
27 37 1.0797529
27 7 3010.4546
27 16 1.4842478
27 25 0.22922087
28 36 0.034099925
28 26 0.065145314
28 10 0.19325759
28 3 12.26591
28 12 1686.1932
28 9 1.2355572
28 19 1360.7386
29 0 52.94697
29 30 1.5589533
29 8 0.8448847
29 18 1.2818483
29 13 0.8719382
29 33 12.337164
29 11 1.2216523
29 5 2.42387
29 34 4.927983
29 20 13.734721
29 2 1.3187804
29 37 1.2248657
29 7 2000.0
29 27 0.74059564
29 16 2000.0
29 23 1.589055
29 25 3.2786105
30 8 0.4525663
30 18 0.8360015
30 13 47.819157
30 33 7.081492
30 11 0.6354296
30 29 1.5589533
30 5 0.7157672
30 34 0.9350365
30 20 1.1929718
30 2 16.917402
30 14 1.5473657
30 37 15.568745
30 7 0.80724615
30 27 0.2640857
30 16 1.1375265
30 23 1.6581233
30 25 29.56662
31 26 0.20850474
31 6 0.24132726
31 10 8.179339
31 35 43.312683
31 22 48.370785
31 9 0.03547226
31 4 0.06792042
31 17 0.96070737
31 19 0.08068182
32 26 24.66438
32 24 0.35523573
32 12 3.746309
32 15 0.07590595
33 30 7.081492
33 13 1.1696613
33 11 2.1321821
33 29 12.337164
33 5 2000.0
33 34 2000.0
33 20 1.2215238
33 2 2.0001345
33 14 0.4399592
33 7 2000.0
33 27 0.75430524
33 16 3017.898
33 25 0.7696311
34 30 0.9350365
34 20 0.7557595
34 8 29.808239
34 37 2000.0
34 7 266.6667
34 13 178.85286
34 27 2.4976616
34 16 54.967945
34 11 2.4608178
34 29 4.927983
34 25 2.3218095
34 5 2.4663823
35 21 0.033811614
35 31 43.312683
36 28 0.034099925
36 3 0.22822352
36 9 0.50643736
37 30 15.568745
37 0 1.39969
37 8 0.8862004
37 18 2.3723433
37 13 0.81399786
37 11 1.6797556
37 29 1.2248657
37 5 13.181146
37 20 2.4527438
37 2 0.81059957
37 7 1198.1819
37 27 1.0797529
37 16 2000.0
37 23 2.1187592
37 25 22.118414
