0 2 1.0197383
0 37 2.2490957
0 13 0.9382532
0 29 31.01392
0 25 26.562187
1 3 0.6156461
1 12 37.29375
2 30 12.864075
2 0 1.0197383
2 8 1.5209922
2 18 1.5190305
2 13 0.59375006
2 33 1.452961
2 11 1.8114303
2 29 1.1793177
2 20 2.9838257
2 37 0.96109
2 27 1.3357841
2 16 2000.0
2 23 5.6934648
2 25 0.57459414
3 36 0.8638729
3 28 3.3030684
3 24 423.52942
3 12 0.06015612
3 1 0.6156461
3 9 0.84930557
4 31 0.07705159
4 9 0.07296013
4 17 0.220704
4 19 0.07282131
5 30 0.5441126
5 8 0.735336
5 18 1.0649399
5 13 57.533318
5 11 2.28741
5 29 6.0930133
5 34 4.6701217
5 20 3.1305482
5 37 15.281742
5 7 11.615484
5 27 1.9371667
5 16 1.1440347
5 23 3.5720816
5 25 2000.0
6 31 0.14950514
6 17 2.1087801
7 34 160.0
7 30 0.8514758
7 20 114.28571
7 8 5.3829465
7 37 70.841896
7 16 1.4568907
7 23 1.3655032
7 11 117.74684
7 25 1.8186196
7 5 11.615484
8 0 2000.0
8 30 0.4589792
8 18 1.225984
8 13 1.7288327
8 11 0.88700527
8 29 0.26070368
8 5 0.735336
8 34 33.953236
8 2 1.5209922
8 37 1.2969155
8 7 5.3829465
8 27 1.2648085
8 16 1.6574318
8 23 0.7840517
8 25 2000.0
9 36 0.65295094
9 26 2000.0
9 28 1.6783421
9 10 46.296295
9 22 0.06479347
9 31 0.03007806
9 12 2000.0
9 3 0.84930557
9 4 0.07296013
9 17 0.029673198
9 19 0.07083944
10 26 0.029079134
10 28 0.24708332
10 24 0.117449075
10 31 25.013947
10 12 1336.9886
10 9 46.296295
10 17 0.033532187
11 0 2000.0
11 30 0.7117729
11 8 0.88700527
11 18 11.33304
11 13 0.65828353
11 33 1.8309252
11 29 0.9362977
11 5 2.28741
11 34 2.351355
11 20 1.1181163
11 2 1.8114303
11 37 1.596694
11 7 117.74684
11 27 0.8035689
11 16 1.0371442
11 25 0.85532135
12 26 1.0335227
12 32 1.5190136
12 24 0.07280752
12 21 0.2813463
12 3 0.06015612
12 1 37.29375
13 30 26.479916
13 0 0.9382532
13 8 1.7288327
13 18 114.00172
13 33 0.9524589
13 11 0.65828353
13 29 0.7261264
13 5 57.533318
13 34 2000.0
13 20 1.3252238
13 2 0.59375006
13 14 31.50577
13 37 1.8435211
13 7 2000.0
13 27 0.31149065
13 16 28.644522
13 25 0.305707
14 30 12.084495
14 20 1.6649915
14 13 31.50577
14 27 3.522509
14 33 0.89250845
14 11 2000.0
14 25 7.1795497
15 32 0.079897195
15 21 1.7839403
16 0 2000.0
16 30 1.1385355
16 8 1.6574318
16 18 1.3901801
16 13 28.644522
16 11 1.0371442
16 5 1.1440347
16 34 188.19939
16 20 15.850799
16 7 1.4568907
16 27 1.4258575
16 23 2.3576703
16 25 0.81699264
17 6 2.1087801
17 26 1.5192118
17 10 0.033532187
17 24 0.14872175
17 22 2000.0
17 31 0.9735061
17 9 0.029673198
17 4 0.220704
17 19 160.0
18 0 2000.0
18 30 0.704854
18 8 1.225984
18 13 114.00172
18 11 11.33304
18 29 1.2528293
18 5 1.0649399
18 2 1.5190305
18 37 3.1915398
18 7 2000.0
18 27 12.888312
18 16 1.3901801
18 23 1.1432016
19 28 80.0
19 31 0.06539503
19 9 0.07083944
19 4 0.07282131
19 17 160.0
20 30 1.2807126
20 13 1.3252238
20 33 0.97231567
20 11 1.1181163
20 29 21.253729
20 5 3.1305482
20 34 0.8860158
20 2 2.9838257
20 14 1.6649915
20 37 3.426932
20 7 114.28571
20 27 0.88892424
20 16 15.850799
20 25 0.41953525
21 26 2000.0
21 32 2000.0
21 10 2000.0
21 24 0.872018
21 35 0.02979739
21 31 2000.0
21 12 0.2813463
21 15 1.7839403
22 31 78.41172
22 9 0.06479347
22 19 2000.0
23 0 2000.0
23 30 1.1549114
23 8 0.7840517
23 2 5.6934648
23 37 1.455324
23 18 1.1432016
23 7 1.3655032
23 16 2.3576703
23 11 2000.0
23 29 0.8453603
23 5 3.5720816
24 26 0.04053572
24 32 0.19414893
24 10 0.117449075
24 21 0.872018
24 12 0.07280752
24 3 423.52942
24 15 2000.0
24 17 0.14872175
25 30 17.163132
25 0 26.562187
25 13 0.305707
25 33 0.50744015
25 11 0.85532135
25 29 1.4091984
25 34 2.671676
25 20 0.41953525
25 2 0.57459414
25 14 7.1795497
25 37 71.15815
25 7 1.8186196
25 27 0.28188744
25 16 0.81699264
26 32 18.389992
26 28 0.07875734
26 10 0.029079134
26 24 0.04053572
26 31 0.11059121
26 12 1.0335227
26 17 1.5192118
27 30 0.19054906
27 0 2000.0
27 8 1.2648085
27 18 12.888312
27 13 0.31149065
27 33 0.6454218
27 11 0.8035689
27 29 0.8718027
27 5 1.9371667
27 34 1.3499827
27 20 0.88892424
27 2 1.3357841
27 14 3.522509
27 37 1.0403252
27 7 2000.0
27 16 1.4258575
27 25 0.28188744
28 36 0.030106725
28 26 0.07875734
28 10 0.24708332
28 3 3.3030684
28 12 1210.4546
28 9 1.6783421
28 19 80.0
29 0 31.01392
29 30 1.4872495
29 8 0.26070368
29 18 1.2528293
29 13 0.7261264
29 33 14.052461
29 11 0.9362977
29 5 6.0930133
29 34 4.067159
29 20 21.253729
29 2 1.1793177
29 37 0.66203254
29 7 2000.0
29 27 0.8718027
29 16 2000.0
29 23 0.8453603
29 25 1.4091984
30 8 0.4589792
30 18 0.704854
30 13 26.479916
30 33 9.388709
30 11 0.7117729
30 29 1.4872495
30 5 0.5441126
30 34 0.9673554
30 20 1.2807126
30 2 12.864075
30 14 12.084495
30 37 8.187028
30 7 0.8514758
30 27 0.19054906
30 16 1.1385355
30 23 1.1549114
30 25 17.163132
31 26 0.11059121
31 6 0.14950514
31 10 25.013947
31 22 78.41172
31 9 0.03007806
31 4 0.07705159
31 17 0.9735061
31 19 0.06539503
32 26 18.389992
32 24 0.19414893
32 12 1.5190136
32 15 0.079897195
33 34 2000.0
33 30 9.388709
33 20 0.97231567
33 2 1.452961
33 14 0.89250845
33 7 2000.0
33 13 0.9524589
33 27 0.6454218
33 16 3017.898
33 11 1.8309252
33 29 14.052461
33 25 0.50744015
34 30 0.9673554
34 20 0.8860158
34 8 33.953236
34 37 2000.0
34 7 160.0
34 13 2000.0
34 27 1.3499827
34 16 188.19939
34 11 2.351355
34 29 4.067159
34 25 2.671676
34 5 4.6701217
35 21 0.02979739
35 31 1076.534
36 28 0.030106725
36 3 0.8638729
36 9 0.65295094
37 30 8.187028
37 0 2.2490957
37 8 1.2969155
37 18 3.1915398
37 13 1.8435211
37 11 1.596694
37 29 0.66203254
37 5 15.281742
37 20 3.426932
37 2 0.96109
37 7 70.841896
37 27 1.0403252
37 16 2000.0
37 23 1.455324
37 25 71.15815
