0 2 1.1344169
0 37 2.5982857
0 13 1.0935383
0 29 38.767433
0 25 9.749796
1 3 0.8370076
1 12 14.652727
2 30 15.778409
2 0 1.1344169
2 8 1.3905386
2 18 1.9497181
2 13 0.29427
2 33 3.3482263
2 11 1.7089105
2 29 1.7812392
2 20 6.399992
2 37 0.9167884
2 27 0.5502007
2 16 2000.0
2 23 11.256337
2 25 0.42330727
3 36 0.39171553
3 28 2.1626177
3 24 2000.0
3 12 0.057645798
3 1 0.8370076
3 9 0.49089262
4 31 0.06876817
4 9 0.08722837
4 17 0.17821702
4 19 0.08155737
5 30 0.69141316
5 8 0.81166285
5 18 0.952406
5 13 47.095833
5 11 2.5026138
5 29 4.0025444
5 34 3.5083108
5 20 3.1019235
5 37 42.178406
5 7 17.390514
5 27 3.188075
5 16 1.8815482
5 23 4.0578814
5 25 2000.0
6 31 0.19825628
6 17 1.2045692
7 34 400.0
7 30 0.5968594
7 20 36.46225
7 8 3.1719964
7 37 118.79758
7 16 1.2276981
7 23 1.1594877
7 25 1.8355204
7 5 17.390514
8 0 2000.0
8 30 0.34538937
8 18 1.2168497
8 13 1.1106664
8 11 0.9070617
8 29 0.71633416
8 5 0.81166285
8 34 51.21549
8 2 1.3905386
8 37 0.93820506
8 7 3.1719964
8 27 1.002862
8 16 1.6630335
8 23 0.93381006
8 25 2000.0
9 36 0.26722872
9 28 1.3956094
9 10 26.373629
9 22 0.054224107
9 31 0.03005865
9 3 0.49089262
9 4 0.08722837
9 17 0.036079545
9 19 0.09589615
10 26 0.029353006
10 28 0.22716278
10 24 0.07661017
10 31 13.879642
10 12 126.00001
10 9 26.373629
10 17 0.029484764
11 0 2000.0
11 30 0.7926522
11 8 0.9070617
11 18 7.1801467
11 13 0.98140794
11 33 2.706982
11 29 2.179383
11 5 2.5026138
11 34 4.503788
11 20 0.8569147
11 2 1.7089105
11 37 1.4437608
11 7 2136.534
11 27 0.73719937
11 16 1.184415
11 25 0.9693494
12 26 2.0421593
12 32 2.7559884
12 24 0.07334404
12 21 0.2542388
12 3 0.057645798
12 1 14.652727
13 30 40.856773
13 0 1.0935383
13 8 1.1106664
13 18 2000.0
13 33 1.3710631
13 11 0.98140794
13 29 1.3592337
13 5 47.095833
13 34 300.0
13 20 1.7687292
13 2 0.29427
13 14 8.798632
13 37 1.2434441
13 7 2000.0
13 27 0.28679806
13 16 66.05052
13 25 0.21695744
14 30 13.076333
14 20 1.7649219
14 13 8.798632
14 27 3.6927085
14 33 0.46059462
14 11 2000.0
14 25 3.1200547
15 32 0.073142305
15 21 7.1130466
16 30 1.2114811
16 0 2000.0
16 8 1.6630335
16 18 2.0234141
16 13 66.05052
16 11 1.184415
16 5 1.8815482
16 34 210.32454
16 20 40.497704
16 7 1.2276981
16 27 2.4767802
16 23 2.3273947
16 25 1.6837411
17 6 1.2045692
17 26 2.6086957
17 10 0.029484764
17 24 0.115310475
17 31 1.0018486
17 9 0.036079545
17 4 0.17821702
17 19 79.14313
18 0 2000.0
18 30 0.66535956
18 8 1.2168497
18 13 2000.0
18 11 7.1801467
18 29 1.3259357
18 5 0.952406
18 2 1.9497181
18 37 2.080303
18 7 2000.0
18 27 83.40625
18 16 2.0234141
18 23 1.4729164
19 28 164.43475
19 31 0.07658541
19 9 0.09589615
19 17 79.14313
19 4 0.08155737
20 30 1.6648617
20 13 1.7687292
20 33 1.2387594
20 11 0.8569147
20 29 5.0731864
20 5 3.1019235
20 34 0.8393175
20 2 6.399992
20 14 1.7649219
20 37 2.2695618
20 7 36.46225
20 27 2.299939
20 16 40.497704
20 25 0.6406142
21 32 2000.0
21 24 0.8506334
21 35 0.062006794
21 12 0.2542388
21 15 7.1130466
22 31 112.0869
22 9 0.054224107
22 19 2000.0
23 0 2000.0
23 30 1.8026739
23 8 0.93381006
23 2 11.256337
23 37 1.7009549
23 18 1.4729164
23 7 1.1594877
23 16 2.3273947
23 11 2000.0
23 29 1.4090576
23 5 4.0578814
24 26 0.04213738
24 32 0.4005084
24 10 0.07661017
24 21 0.8506334
24 12 0.07334404
24 17 0.115310475
25 0 9.749796
25 30 11.461798
25 13 0.21695744
25 33 0.5757379
25 11 0.9693494
25 29 2.381663
25 34 1.8242563
25 20 0.6406142
25 2 0.42330727
25 14 3.1200547
25 37 59.96063
25 7 1.8355204
25 27 0.21518257
25 16 1.6837411
26 32 47.94053
26 28 0.070153706
26 10 0.029353006
26 24 0.04213738
26 31 0.16755319
26 12 2.0421593
26 17 2.6086957
27 30 0.23132725
27 0 2000.0
27 8 1.002862
27 18 83.40625
27 13 0.28679806
27 33 0.77828884
27 11 0.73719937
27 29 0.81099457
27 5 3.188075
27 34 1.0015271
27 20 2.299939
27 2 0.5502007
27 14 3.6927085
27 37 1.4037564
27 7 2000.0
27 16 2.4767802
27 25 0.21518257
28 36 0.032910075
28 26 0.070153706
28 10 0.22716278
28 3 2.1626177
28 12 1210.5114
28 9 1.3956094
28 19 164.43475
29 0 38.767433
29 30 5.692848
29 8 0.71633416
29 18 1.3259357
29 13 1.3592337
29 33 31.005882
29 11 2.179383
29 5 4.0025444
29 34 4.669643
29 20 5.0731864
29 2 1.7812392
29 37 0.8401363
29 7 2000.0
29 27 0.81099457
29 16 2000.0
29 23 1.4090576
29 25 2.381663
30 8 0.34538937
30 18 0.66535956
30 13 40.856773
30 33 7.0047398
30 11 0.7926522
30 29 5.692848
30 5 0.69141316
30 34 0.8179445
30 20 1.6648617
30 2 15.778409
30 14 13.076333
30 37 34.531036
30 7 0.5968594
30 27 0.23132725
30 16 1.2114811
30 23 1.8026739
30 25 11.461798
31 26 0.16755319
31 6 0.19825628
31 10 13.879642
31 35 136.00229
31 22 112.0869
31 9 0.03005865
31 4 0.06876817
31 17 1.0018486
31 19 0.07658541
32 26 47.94053
32 24 0.4005084
32 12 2.7559884
32 15 0.073142305
33 30 7.0047398
33 8 2000.0
33 13 1.3710631
33 11 2.706982
33 29 31.005882
33 5 2000.0
33 34 2000.0
33 20 1.2387594
33 2 3.3482263
33 14 0.46059462
33 7 2000.0
33 27 0.77828884
33 16 3017.898
33 25 0.5757379
34 30 0.8179445
34 20 0.8393175
34 8 51.21549
34 37 2000.0
34 13 300.0
34 7 400.0
34 27 1.0015271
34 16 210.32454
34 11 4.503788
34 29 4.669643
34 25 1.8242563
34 5 3.5083108
35 21 0.062006794
35 31 136.00229
36 28 0.032910075
36 3 0.39171553
36 9 0.26722872
37 30 34.531036
37 0 2.5982857
37 8 0.93820506
37 18 2.080303
37 13 1.2434441
37 11 1.4437608
37 29 0.8401363
37 5 42.178406
37 20 2.2695618
37 2 0.9167884
37 7 118.79758
37 27 1.4037564
37 16 2000.0
37 23 1.7009549
37 25 59.96063
