0 2 0.76379895
0 37 1.640913
0 13 0.7929251
0 29 18.57983
0 25 8.308992
1 3 1.339904
1 12 13.764936
2 30 20.023457
2 0 0.76379895
2 8 1.4621199
2 18 3.6766088
2 13 0.63302904
2 33 4.0901756
2 11 2.056637
2 29 0.97152126
2 20 3.3836217
2 37 0.8685174
2 27 1.0963174
2 16 2000.0
2 23 14.138041
2 25 0.6854818
3 36 0.6110086
3 28 17.86378
3 24 2000.0
3 12 0.059142362
3 1 1.339904
3 9 0.20045875
4 31 0.07676043
4 9 0.065234244
4 17 0.19164914
4 19 0.07590681
5 30 0.69103736
5 8 0.556553
5 18 0.5473243
5 13 28.291216
5 11 2.4407344
5 29 1.5122566
5 34 2.1558893
5 20 2.965492
5 37 14.098253
5 7 5.6756773
5 27 1.9011718
5 16 1.8064573
5 23 2.236372
6 31 0.11352273
6 17 3.9390132
7 34 723.69763
7 30 0.9159945
7 20 57.274845
7 8 9.019516
7 37 98.370674
7 27 703.9637
7 16 1.1600951
7 23 1.5429157
7 25 3.002671
7 5 5.6756773
8 0 2000.0
8 30 0.29564086
8 18 1.5280398
8 13 0.86051655
8 11 0.91101867
8 29 0.5657171
8 5 0.556553
8 34 26.483646
8 2 1.4621199
8 37 1.3182628
8 7 9.019516
8 27 1.1195399
8 16 1.5257409
8 23 1.0621033
8 25 2000.0
9 36 0.38304767
9 26 2000.0
9 28 1.3541036
9 10 19.589714
9 22 0.05049699
9 31 0.03005865
9 3 0.20045875
9 12 2000.0
9 4 0.065234244
9 17 0.031876616
9 19 0.06716324
10 26 0.03141766
10 28 0.39017597
10 24 0.10381377
10 31 107.88352
10 12 100.0
10 9 19.589714
10 17 0.030303398
11 0 2000.0
11 30 0.61460334
11 8 0.91101867
11 18 10.277923
11 13 1.013154
11 33 1.7427542
11 29 1.0130486
11 5 2.4407344
11 34 2.1462321
11 20 1.1029041
11 2 2.056637
11 37 1.6785421
11 7 1762.2158
11 27 0.7050238
11 16 1.1741539
11 25 0.73457164
12 26 2.9759243
12 32 3.0181007
12 28 140.37758
12 10 100.0
12 24 0.06916318
12 21 0.34992453
12 3 0.059142362
12 1 13.764936
13 30 40.93238
13 0 0.7929251
13 8 0.86051655
13 18 187.86836
13 33 1.3005062
13 11 1.013154
13 29 0.82723707
13 5 28.291216
13 34 2181.6477
13 20 1.0432264
13 2 0.63302904
13 14 3.7513638
13 37 1.1383803
13 7 2000.0
13 27 0.37332144
13 16 25.098286
13 25 0.3071539
14 34 2000.0
14 30 4.436817
14 20 2.1201382
14 13 3.7513638
14 27 2.0594466
14 33 0.4748564
14 11 2000.0
14 25 2.2135203
15 32 0.072589815
15 21 1.8810606
16 0 2000.0
16 30 1.09042
16 8 1.5257409
16 18 1.5617341
16 13 25.098286
16 11 1.1741539
16 5 1.8064573
16 34 45.32976
16 20 21.76738
16 7 1.1600951
16 27 1.3963736
16 23 2.3135595
16 25 1.2148677
17 6 3.9390132
17 26 1.5573987
17 10 0.030303398
17 24 0.07199198
17 31 0.9760969
17 9 0.031876616
17 4 0.19164914
17 19 1780.7386
18 0 2000.0
18 30 0.6276814
18 8 1.5280398
18 2 3.6766088
18 37 1.8669586
18 13 187.86836
18 27 22.543152
18 16 1.5617341
18 11 10.277923
18 23 1.2636851
18 29 1.5697225
18 5 0.5473243
19 31 0.08840351
19 9 0.06716324
19 4 0.07590681
20 0 2000.0
20 30 1.3594978
20 13 1.0432264
20 33 1.0328187
20 11 1.1029041
20 29 10.142698
20 5 2.965492
20 34 0.95057344
20 2 3.3836217
20 14 2.1201382
20 37 1.8534167
20 7 57.274845
20 27 0.80857426
20 16 21.76738
20 25 0.47576246
21 24 1.1511121
21 35 0.0413961
21 31 2000.0
21 12 0.34992453
21 15 1.8810606
22 31 41.007576
22 9 0.05049699
22 19 2000.0
23 0 2000.0
23 30 1.2893571
23 8 1.0621033
23 2 14.138041
23 37 1.4002229
23 18 1.2636851
23 7 1.5429157
23 16 2.3135595
23 11 2000.0
23 29 0.83122236
23 5 2.236372
24 26 0.042345624
24 32 0.2585776
24 10 0.10381377
24 21 1.1511121
24 12 0.06916318
24 17 0.07199198
25 30 17.051376
25 0 8.308992
25 13 0.3071539
25 33 0.6175538
25 11 0.73457164
25 29 2.005492
25 34 2.9120436
25 20 0.47576246
25 2 0.6854818
25 14 2.2135203
25 37 46.999344
25 7 3.002671
25 27 0.25142404
25 16 1.2148677
26 32 17.426777
26 28 0.09085244
26 10 0.03141766
26 24 0.042345624
26 31 0.15216942
26 12 2.9759243
26 17 1.5573987
27 30 0.22823691
27 0 2000.0
27 8 1.1195399
27 18 22.543152
27 13 0.37332144
27 33 0.7353224
27 11 0.7050238
27 29 0.71842533
27 5 1.9011718
27 34 1.1603869
27 20 0.80857426
27 2 1.0963174
27 14 2.0594466
27 37 1.4792767
27 7 703.9637
27 16 1.3963736
27 25 0.25142404
28 36 0.03078292
28 26 0.09085244
28 10 0.39017597
28 3 17.86378
28 12 140.37758
28 9 1.3541036
28 19 1360.0569
29 0 18.57983
29 30 0.99939066
29 8 0.5657171
29 18 1.5697225
29 13 0.82723707
29 33 7.998847
29 11 1.0130486
29 5 1.5122566
29 34 2.0193787
29 20 10.142698
29 2 0.97152126
29 37 0.72356933
29 27 0.71842533
29 16 2000.0
29 23 0.83122236
29 25 2.005492
30 8 0.29564086
30 18 0.6276814
30 13 40.93238
30 33 3.628565
30 11 0.61460334
30 29 0.99939066
30 5 0.69103736
30 34 0.81891537
30 20 1.3594978
30 2 20.023457
30 14 4.436817
30 37 11.25389
30 7 0.9159945
30 27 0.22823691
30 16 1.09042
30 23 1.2893571
30 25 17.051376
31 26 0.15216942
31 6 0.11352273
31 10 107.88352
31 22 41.007576
31 9 0.03005865
31 4 0.07676043
31 17 0.9760969
31 19 0.08840351
32 26 17.426777
32 24 0.2585776
32 21 2000.0
32 12 3.0181007
32 15 0.072589815
33 30 3.628565
33 8 2000.0
33 13 1.3005062
33 11 1.7427542
33 29 7.998847
33 5 2000.0
33 34 2000.0
33 20 1.0328187
33 2 4.0901756
33 14 0.4748564
33 7 2000.0
33 27 0.7353224
33 16 3017.898
33 25 0.6175538
34 30 0.81891537
34 20 0.95057344
34 8 26.483646
34 37 2000.0
34 7 723.69763
34 27 1.1603869
34 16 45.32976
34 11 2.1462321
34 29 2.0193787
34 25 2.9120436
34 5 2.1558893
35 21 0.0413961
35 31 1257.159
36 28 0.03078292
36 3 0.6110086
36 9 0.38304767
37 30 11.25389
37 0 1.640913
37 8 1.3182628
37 18 1.8669586
37 13 1.1383803
37 11 1.6785421
37 29 0.72356933
37 5 14.098253
37 20 1.8534167
37 2 0.8685174
37 7 98.370674
37 27 1.4792767
37 16 2000.0
37 23 1.4002229
37 25 46.999344
