0 2 0.86080587
0 37 1.5081675
0 13 0.7482566
0 29 8.6255245
0 25 28.303923
1 3 1.2265675
1 12 1144.6023
2 30 18.147898
2 0 0.86080587
2 8 1.1826924
2 18 2.4438581
2 13 0.44936442
2 33 3.0174406
2 11 1.2695101
2 29 1.2687514
2 20 3.5593178
2 37 0.93306017
2 27 0.57944804
2 16 2000.0
2 23 14.602852
2 25 0.43821153
3 36 0.20222454
3 28 4.3885493
3 24 2000.0
3 12 0.06915052
3 1 1.2265675
3 9 0.7439768
4 31 0.08188782
4 9 0.100091
4 17 0.119031966
4 19 0.074482605
5 30 0.53118134
5 8 0.6209726
5 18 1.3976643
5 13 89.38242
5 11 2.7729385
5 29 1.8766464
5 34 2.057696
5 20 5.4223256
5 37 43.833
5 7 20.299654
5 27 1.6049682
5 16 1.4256876
5 23 3.89178
5 25 2000.0
6 31 0.18585044
6 17 3.0010166
7 34 282.63162
7 30 0.8276306
7 20 86.30868
7 8 29.695366
7 37 124.32481
7 16 1.2626497
7 23 1.9549096
7 11 127.18209
7 25 4.146395
7 5 20.299654
8 0 2000.0
8 30 0.42926136
8 18 1.390301
8 13 0.8253896
8 11 0.9913884
8 29 0.39644328
8 5 0.6209726
8 34 30.204872
8 2 1.1826924
8 37 1.7470368
8 7 29.695366
8 27 1.3059541
8 16 1.9978756
8 23 1.0776433
8 25 2000.0
9 36 0.30125
9 28 1.2905766
9 10 36.92308
9 22 0.05991162
9 31 0.029783724
9 3 0.7439768
9 12 2000.0
9 4 0.100091
9 17 0.033593204
9 19 0.09338494
10 26 0.028548032
10 28 0.21220675
10 24 0.11304114
10 31 18.652405
10 12 1287.5568
10 9 36.92308
10 17 0.031005368
11 0 2000.0
11 30 0.6970645
11 8 0.9913884
11 18 6.9530253
11 13 0.81940013
11 33 1.5801674
11 29 1.0190101
11 5 2.7729385
11 34 1.4248532
11 20 1.3898077
11 2 1.2695101
11 37 1.9726954
11 7 127.18209
11 27 0.6627045
11 16 1.1113465
11 25 0.8256208
12 26 0.94943184
12 32 9.127841
12 24 0.08136605
12 21 0.13095674
12 3 0.06915052
13 30 94.62891
13 0 0.7482566
13 8 0.8253896
13 18 254.41422
13 33 1.5147357
13 11 0.81940013
13 29 0.7096968
13 5 89.38242
13 34 69.66477
13 20 1.4566727
13 2 0.44936442
13 14 6.366974
13 37 2.768373
13 7 2000.0
13 27 0.7326564
13 16 46.21872
13 25 0.2769719
14 30 8.153665
14 20 1.75693
14 13 6.366974
14 27 2.5265238
14 33 0.41975117
14 11 2000.0
14 25 1.775443
15 32 0.06942387
15 21 1.187071
15 12 2000.0
16 30 1.0898248
16 0 2000.0
16 8 1.9978756
16 18 1.7246628
16 13 46.21872
16 11 1.1113465
16 5 1.4256876
16 34 40.262356
16 20 24.055077
16 7 1.2626497
16 27 1.5665982
16 23 6.89953
16 25 1.4134784
17 6 3.0010166
17 26 1.5722563
17 10 0.031005368
17 24 0.2527096
17 31 1.0016646
17 9 0.033593204
17 4 0.119031966
17 19 40.988087
18 0 2000.0
18 30 0.6942809
18 8 1.390301
18 13 254.41422
18 11 6.9530253
18 29 1.0663543
18 5 1.3976643
18 2 2.4438581
18 37 3.807661
18 7 2000.0
18 27 48.493103
18 16 1.7246628
18 23 1.3262498
19 31 0.06721983
19 9 0.09338494
19 17 40.988087
19 4 0.074482605
20 30 2.0143511
20 13 1.4566727
20 33 1.1062438
20 11 1.3898077
20 29 6.5048184
20 5 5.4223256
20 34 0.9088418
20 2 3.5593178
20 14 1.75693
20 37 3.075313
20 7 86.30868
20 27 1.3394732
20 16 24.055077
20 25 0.47749975
21 32 800.0
21 24 1.394487
21 35 0.03285599
21 31 2000.0
21 12 0.13095674
21 15 1.187071
22 31 120.56622
22 9 0.05991162
22 19 2000.0
23 30 2.1304789
23 0 2000.0
23 8 1.0776433
23 2 14.602852
23 37 2.048077
23 18 1.3262498
23 7 1.9549096
23 16 6.89953
23 11 2000.0
23 29 0.8117565
23 5 3.89178
24 26 0.041239098
24 32 0.21285616
24 10 0.11304114
24 21 1.394487
24 12 0.08136605
24 15 2000.0
24 17 0.2527096
25 0 28.303923
25 30 19.334644
25 13 0.2769719
25 33 0.5451217
25 11 0.8256208
25 29 2.142178
25 34 2.2724278
25 20 0.47749975
25 2 0.43821153
25 14 1.775443
25 37 183.61644
25 7 4.146395
25 27 0.28687584
25 16 1.4134784
26 32 24.004734
26 28 0.080216095
26 10 0.028548032
26 24 0.041239098
26 31 0.24290702
26 12 0.94943184
26 17 1.5722563
27 30 0.5073213
27 0 2000.0
27 8 1.3059541
27 18 48.493103
27 13 0.7326564
27 33 0.67659295
27 11 0.6627045
27 29 0.83636165
27 5 1.6049682
27 34 0.8266214
27 20 1.3394732
27 2 0.57944804
27 14 2.5265238
27 37 1.4808743
27 7 2000.0
27 16 1.5665982
27 25 0.28687584
28 36 0.031334464
28 26 0.080216095
28 10 0.21220675
28 3 4.3885493
28 12 1203.8636
28 9 1.2905766
28 19 1545.284
29 0 8.6255245
29 30 1.2666204
29 8 0.39644328
29 18 1.0663543
29 13 0.7096968
29 33 27.594698
29 11 1.0190101
29 5 1.8766464
29 34 5.672078
29 20 6.5048184
29 2 1.2687514
29 37 1.8322945
29 7 2000.0
29 27 0.83636165
29 16 2000.0
29 23 0.8117565
29 25 2.142178
30 8 0.42926136
30 18 0.6942809
30 13 94.62891
30 33 8.883706
30 11 0.6970645
30 29 1.2666204
30 5 0.53118134
30 34 0.7793831
30 20 2.0143511
30 2 18.147898
30 14 8.153665
30 37 24.755
30 7 0.8276306
30 27 0.5073213
30 16 1.0898248
30 23 2.1304789
30 25 19.334644
31 26 0.24290702
31 6 0.18585044
31 10 18.652405
31 35 134.84715
31 22 120.56622
31 9 0.029783724
31 4 0.08188782
31 17 1.0016646
31 19 0.06721983
32 26 24.004734
32 24 0.21285616
32 21 800.0
32 12 9.127841
32 15 0.06942387
33 30 8.883706
33 8 2000.0
33 13 1.5147357
33 11 1.5801674
33 29 27.594698
33 5 2000.0
33 34 2000.0
33 20 1.1062438
33 2 3.0174406
33 14 0.41975117
33 7 2000.0
33 27 0.67659295
33 16 3017.898
33 25 0.5451217
34 30 0.7793831
34 20 0.9088418
34 8 30.204872
34 37 2000.0
34 7 282.63162
34 13 69.66477
34 27 0.8266214
34 16 40.262356
34 11 1.4248532
34 29 5.672078
34 25 2.2724278
34 5 2.057696
35 21 0.03285599
35 31 134.84715
36 28 0.031334464
36 3 0.20222454
36 9 0.30125
37 30 24.755
37 0 1.5081675
37 8 1.7470368
37 18 3.807661
37 13 2.768373
37 11 1.9726954
37 29 1.8322945
37 5 43.833
37 20 3.075313
37 2 0.93306017
37 7 124.32481
37 27 1.4808743
37 16 2000.0
37 23 2.048077
37 25 183.61644
