0 2 1.1912423
0 37 2.110165
0 13 1.2348728
0 29 21.122791
0 25 9.547179
1 3 0.42598486
1 12 36.482864
2 30 21.675413
2 0 1.1912423
2 8 1.4298066
2 18 2.1800451
2 13 0.60636
2 33 3.944008
2 11 1.4255469
2 29 1.2354132
2 5 2000.0
2 20 3.8997622
2 37 1.0498405
2 27 1.3967149
2 16 2000.0
2 23 6.33419
2 25 0.7667898
3 36 0.30511364
3 28 14.331995
3 24 2000.0
3 12 0.07801709
3 1 0.42598486
3 9 0.6243926
4 31 0.07720643
4 9 0.06630691
4 17 0.19589937
4 19 0.071234405
5 30 0.6397873
5 8 0.44545457
5 18 0.8370424
5 13 39.723274
5 11 7.365642
5 29 6.658053
5 34 2.4569619
5 20 3.1453917
5 37 14.0004
5 7 13.621383
5 27 1.6526768
5 16 1.8387597
5 23 1.9436973
5 25 2000.0
6 31 0.17332797
6 17 6.9351783
7 34 2000.0
7 30 0.79592806
7 20 44.58359
7 8 10.122056
7 37 114.28571
7 16 1.6578183
7 23 1.4735966
7 11 41.695316
7 25 3.948235
7 5 13.621383
8 0 2000.0
8 30 0.47531566
8 18 1.2685039
8 13 1.1121979
8 11 1.0672603
8 29 0.543329
8 5 0.44545457
8 34 46.636364
8 2 1.4298066
8 37 1.0171653
8 7 10.122056
8 27 1.7060431
8 16 1.4878232
8 23 0.94585705
8 25 2000.0
9 36 0.58946073
9 26 2000.0
9 28 0.8765538
9 10 19.503906
9 22 0.05314394
9 31 0.031445604
9 3 0.6243926
9 12 2000.0
9 4 0.06630691
9 17 0.03551602
9 19 0.06998882
10 26 0.028817728
10 28 0.24211285
10 24 0.20281251
10 31 15.233248
10 12 1301.0228
10 9 19.503906
10 17 0.03361317
11 0 2000.0
11 30 0.87859946
11 8 1.0672603
11 18 7.98063
11 13 1.43308
11 33 3.1327894
11 29 1.7399257
11 5 7.365642
11 34 2.7617893
11 20 2.413521
11 2 1.4255469
11 37 1.841268
11 7 41.695316
11 27 0.67443573
11 16 1.1103678
11 25 0.9359071
12 26 0.8165598
12 32 8.820016
12 24 0.07440508
12 21 0.32589418
12 3 0.07801709
13 30 57.66296
13 0 1.2348728
13 8 1.1121979
13 18 563.3613
13 33 1.7326847
13 11 1.43308
13 29 0.83075553
13 5 39.723274
13 34 244.08807
13 20 1.6623023
13 2 0.60636
13 14 32.30625
13 37 1.3256558
13 7 2000.0
13 27 0.5787856
13 16 55.151443
13 25 0.23485094
14 30 12.524214
14 20 6.3852506
14 13 32.30625
14 27 4.4429746
14 33 0.636903
14 25 1.4762343
15 32 0.10944859
15 24 154.41829
15 21 7.773416
16 0 2000.0
16 30 1.1380656
16 8 1.4878232
16 18 1.3357083
16 13 55.151443
16 11 1.1103678
16 5 1.8387597
16 34 74.75239
16 20 37.155315
16 7 1.6578183
16 27 1.2954012
16 23 2.3205578
16 25 1.2962819
17 6 6.9351783
17 26 1.5290931
17 10 0.03361317
17 24 0.104976855
17 31 1.002697
17 9 0.03551602
17 4 0.19589937
17 19 40.0
18 0 2000.0
18 30 0.7193096
18 8 1.2685039
18 13 563.3613
18 11 7.98063
18 29 1.5877184
18 5 0.8370424
18 2 2.1800451
18 37 2.941849
18 7 2000.0
18 27 14.442808
18 16 1.3357083
18 23 1.4747903
19 31 0.07350008
19 9 0.06998882
19 17 40.0
19 4 0.071234405
20 30 1.5990953
20 8 2000.0
20 13 1.6623023
20 33 3.1202736
20 11 2.413521
20 29 6.247417
20 5 3.1453917
20 34 2.372178
20 2 3.8997622
20 14 6.3852506
20 37 5.4135084
20 7 44.58359
20 27 2.965565
20 16 37.155315
20 25 1.3908725
21 26 2000.0
21 32 2000.0
21 24 0.95951706
21 35 0.030884298
21 31 2000.0
21 12 0.32589418
21 15 7.773416
22 31 150.0
22 9 0.05314394
22 19 2000.0
23 0 2000.0
23 30 1.6124573
23 8 0.94585705
23 2 6.33419
23 37 1.8355311
23 18 1.4747903
23 7 1.4735966
23 16 2.3205578
23 11 2000.0
23 29 0.7942662
23 5 1.9436973
24 26 0.045981407
24 32 0.2301317
24 10 0.20281251
24 21 0.95951706
24 3 2000.0
24 12 0.07440508
24 15 154.41829
24 17 0.104976855
25 30 14.5942545
25 0 9.547179
25 13 0.23485094
25 33 0.7423514
25 11 0.9359071
25 29 1.8709564
25 34 2.781501
25 20 1.3908725
25 2 0.7667898
25 14 1.4762343
25 37 79.1462
25 7 3.948235
25 27 0.2223629
25 16 1.2962819
26 32 17.315228
26 28 0.04897309
26 10 0.028817728
26 24 0.045981407
26 31 0.17910618
26 12 0.8165598
26 17 1.5290931
27 30 0.22453775
27 0 2000.0
27 8 1.7060431
27 18 14.442808
27 13 0.5787856
27 33 0.8717839
27 11 0.67443573
27 29 0.87546116
27 5 1.6526768
27 34 1.3545136
27 20 2.965565
27 2 1.3967149
27 14 4.4429746
27 37 0.95955455
27 7 4729.829
27 16 1.2954012
27 25 0.2223629
28 36 0.032466393
28 26 0.04897309
28 10 0.24211285
28 3 14.331995
28 12 1414.0342
28 9 0.8765538
28 19 1374.5454
29 0 21.122791
29 30 0.9414478
29 8 0.543329
29 18 1.5877184
29 13 0.83075553
29 33 12.631881
29 11 1.7399257
29 5 6.658053
29 34 5.021689
29 20 6.247417
29 2 1.2354132
29 37 0.8536683
29 7 2000.0
29 27 0.87546116
29 16 2000.0
29 23 0.7942662
29 25 1.8709564
30 8 0.47531566
30 18 0.7193096
30 13 57.66296
30 33 11.745864
30 11 0.87859946
30 29 0.9414478
30 5 0.6397873
30 34 0.8830163
30 20 1.5990953
30 2 21.675413
30 14 12.524214
30 37 18.164452
30 7 0.79592806
30 27 0.22453775
30 16 1.1380656
30 23 1.6124573
30 25 14.5942545
31 26 0.17910618
31 6 0.17332797
31 10 15.233248
31 35 45.38826
31 22 150.0
31 9 0.031445604
31 4 0.07720643
31 17 1.002697
31 19 0.07350008
32 26 17.315228
32 24 0.2301317
32 12 8.820016
32 15 0.10944859
33 30 11.745864
33 8 2000.0
33 13 1.7326847
33 11 3.1327894
33 29 12.631881
33 5 2000.0
33 34 2000.0
33 20 3.1202736
33 2 3.944008
33 14 0.636903
33 7 2000.0
33 27 0.8717839
33 16 1971.0227
33 25 0.7423514
34 30 0.8830163
34 20 2.372178
34 8 46.636364
34 37 2000.0
34 13 244.08807
34 7 2000.0
34 27 1.3545136
34 16 74.75239
34 11 2.7617893
34 29 5.021689
34 25 2.781501
34 5 2.4569619
35 21 0.030884298
35 31 45.38826
36 28 0.032466393
36 12 2000.0
36 3 0.30511364
36 9 0.58946073
37 30 18.164452
37 0 2.110165
37 8 1.0171653
37 18 2.941849
37 13 1.3256558
37 11 1.841268
37 29 0.8536683
37 5 14.0004
37 20 5.4135084
37 2 1.0498405
37 7 114.28571
37 27 0.95955455
37 16 2000.0
37 23 1.8355311
37 25 79.1462
