0 2 0.8413167
0 37 1.3109647
0 13 0.9770672
0 29 86.43801
0 25 30.45558
1 3 1.0584726
1 12 16.704268
2 30 20.697227
2 0 0.8413167
2 8 1.3003548
2 18 2.0836844
2 13 0.52137744
2 33 1.8133479
2 11 1.713068
2 29 1.2386845
2 20 2.0780632
2 37 0.83690494
2 27 1.4701269
2 16 2000.0
2 23 4.757852
2 25 1.1100967
3 36 0.42135167
3 28 3.638528
3 24 2000.0
3 12 0.05031639
3 1 1.0584726
3 9 0.49903136
4 31 0.067659006
4 9 0.08539911
4 17 0.20335458
4 19 0.07226644
5 30 0.7027217
5 8 0.57938606
5 18 0.7831505
5 13 99.96636
5 11 1.6896877
5 29 3.0955553
5 34 4.313959
5 20 2.0905724
5 37 16.845612
5 7 27.62431
5 27 1.7982881
5 16 1.5685999
5 23 2.5450606
5 25 2000.0
6 31 0.21380682
6 17 1.3422486
7 30 0.98182917
7 20 61.322304
7 8 5.3287697
7 37 87.92676
7 16 1.4343286
7 23 1.5846294
7 25 6.2346554
7 5 27.62431
8 0 2000.0
8 30 0.434588
8 18 1.2556306
8 13 1.098437
8 11 0.8820076
8 29 0.22883719
8 5 0.57938606
8 34 32.64025
8 2 1.3003548
8 37 0.92523926
8 7 5.3287697
8 27 1.7782578
8 16 1.3758191
8 23 0.8437711
8 25 2000.0
9 36 0.37786707
9 26 2000.0
9 28 1.6085871
9 10 25.165403
9 22 0.061266232
9 31 0.030421017
9 3 0.49903136
9 12 2000.0
9 4 0.08539911
9 17 0.031690527
9 19 0.06740661
10 26 0.02860869
10 28 1.4806653
10 24 0.07791119
10 31 18.483456
10 12 1400.0
10 9 25.165403
10 17 0.030411698
11 0 2000.0
11 30 0.65407807
11 8 0.8820076
11 18 4.4011273
11 13 1.2720882
11 33 2.1973727
11 29 1.1198622
11 5 1.6896877
11 34 1.5132334
11 20 1.22915
11 2 1.713068
11 37 1.3641244
11 7 1983.409
11 27 0.74623644
11 16 1.243042
11 25 0.9138824
12 26 1.6292202
12 32 13.84979
12 24 0.0765378
12 21 0.15412901
12 3 0.05031639
12 1 16.704268
13 30 30.461609
13 0 0.9770672
13 8 1.098437
13 18 49.21654
13 33 1.2389667
13 11 1.2720882
13 29 2.2406723
13 5 99.96636
13 34 62.738903
13 20 0.9591019
13 2 0.52137744
13 14 6.8331857
13 37 1.1529305
13 7 2000.0
13 27 0.71819466
13 16 36.86146
13 25 0.33282954
14 30 15.419458
14 20 1.2463601
14 13 6.8331857
14 27 3.351688
14 33 0.43186826
14 11 2000.0
14 25 1.636816
15 32 0.07885302
15 21 14.34806
16 0 2000.0
16 30 1.0590488
16 8 1.3758191
16 18 1.6405317
16 13 36.86146
16 11 1.243042
16 29 400.0
16 5 1.5685999
16 34 27.07475
16 20 33.193768
16 7 1.4343286
16 27 1.4094018
16 23 3.2419047
16 25 1.5035716
17 6 1.3422486
17 26 1.2940544
17 10 0.030411698
17 24 0.33804592
17 31 1.0208821
17 9 0.031690527
17 4 0.20335458
17 19 136.4092
18 0 2000.0
18 30 0.70519584
18 8 1.2556306
18 13 49.21654
18 11 4.4011273
18 29 1.2431085
18 5 0.7831505
18 2 2.0836844
18 37 1.9939303
18 7 2000.0
18 27 153.16545
18 16 1.6405317
18 23 1.4028962
19 31 0.096656114
19 9 0.06740661
19 17 136.4092
19 4 0.07226644
20 30 2.1075015
20 13 0.9591019
20 33 0.9517155
20 11 1.22915
20 29 20.239307
20 5 2.0905724
20 34 1.0147827
20 2 2.0780632
20 14 1.2463601
20 37 3.108329
20 7 61.322304
20 27 2.4478002
20 16 33.193768
20 25 0.6048126
21 32 2000.0
21 24 1.061204
21 35 0.051884536
21 31 2000.0
21 12 0.15412901
21 15 14.34806
22 31 71.8091
22 9 0.061266232
22 19 2000.0
23 0 2000.0
23 30 1.4076588
23 8 0.8437711
23 2 4.757852
23 37 1.9690659
23 18 1.4028962
23 7 1.5846294
23 16 3.2419047
23 11 2000.0
23 29 1.0646212
23 5 2.5450606
24 26 0.044675373
24 32 0.46652338
24 10 0.07791119
24 21 1.061204
24 31 2000.0
24 12 0.0765378
24 17 0.33804592
25 0 30.45558
25 30 34.887375
25 13 0.33282954
25 33 0.5937408
25 11 0.9138824
25 29 4.8988442
25 34 2.4534373
25 20 0.6048126
25 2 1.1100967
25 14 1.636816
25 37 59.582443
25 7 6.2346554
25 27 0.31030422
25 16 1.5035716
26 32 33.781536
26 28 0.10476719
26 10 0.02860869
26 24 0.044675373
26 31 0.20275429
26 12 1.6292202
26 17 1.2940544
27 30 0.33507043
27 0 2000.0
27 8 1.7782578
27 18 153.16545
27 13 0.71819466
27 33 0.8647915
27 11 0.74623644
27 29 1.7575758
27 5 1.7982881
27 34 1.0935662
27 20 2.4478002
27 2 1.4701269
27 14 3.351688
27 37 1.0926005
27 7 2000.0
27 16 1.4094018
27 25 0.31030422
28 36 0.058550224
28 26 0.10476719
28 10 1.4806653
28 3 3.638528
28 12 1210.5114
28 9 1.6085871
28 19 1468.466
29 0 86.43801
29 30 2.275505
29 8 0.22883719
29 18 1.2431085
29 13 2.2406723
29 33 36.510754
29 11 1.1198622
29 5 3.0955553
29 34 8.8646145
29 20 20.239307
29 2 1.2386845
29 37 1.5422013
29 7 2000.0
29 27 1.7575758
29 16 400.0
29 23 1.0646212
29 25 4.8988442
30 8 0.434588
30 18 0.70519584
30 13 30.461609
30 33 7.4873347
30 11 0.65407807
30 29 2.275505
30 5 0.7027217
30 34 0.9811913
30 20 2.1075015
30 2 20.697227
30 14 15.419458
30 37 27.330185
30 7 0.98182917
30 27 0.33507043
30 16 1.0590488
30 23 1.4076588
30 25 34.887375
31 26 0.20275429
31 6 0.21380682
31 10 18.483456
31 35 48.45644
31 22 71.8091
31 9 0.030421017
31 4 0.067659006
31 17 1.0208821
31 19 0.096656114
32 26 33.781536
32 24 0.46652338
32 12 13.84979
32 15 0.07885302
33 30 7.4873347
33 8 2000.0
33 13 1.2389667
33 11 2.1973727
33 29 36.510754
33 34 2000.0
33 20 0.9517155
33 2 1.8133479
33 14 0.43186826
33 7 2000.0
33 27 0.8647915
33 16 3017.898
33 25 0.5937408
34 30 0.9811913
34 20 1.0147827
34 8 32.64025
34 37 2000.0
34 7 2000.0
34 13 62.738903
34 27 1.0935662
34 16 27.07475
34 11 1.5132334
34 29 8.8646145
34 25 2.4534373
34 5 4.313959
35 21 0.051884536
35 31 48.45644
36 28 0.058550224
36 3 0.42135167
36 9 0.37786707
37 30 27.330185
37 0 1.3109647
37 8 0.92523926
37 18 1.9939303
37 13 1.1529305
37 11 1.3641244
37 29 1.5422013
37 5 16.845612
37 20 3.108329
37 2 0.83690494
37 7 87.92676
37 27 1.0926005
37 16 2000.0
37 23 1.9690659
37 25 59.582443
