0 8 5.280757
0 2 1.66112
0 37 0.8069051
0 13 0.8452168
0 11 42.787777
0 29 11.153672
1 3 0.23116595
1 12 70.94709
2 30 13.02356
2 0 1.66112
2 8 1.1677332
2 18 19.50884
2 13 0.585541
2 33 1.1246917
2 11 0.9439015
2 29 1.0644412
2 20 3.4357133
2 37 1.2495298
2 27 0.99986124
2 16 2000.0
2 23 16.213259
2 25 1.5745074
3 36 0.21701843
3 28 0.08513381
3 24 2000.0
3 12 0.055996355
3 1 0.23116595
3 9 0.74261916
4 31 0.079530746
4 9 0.06626571
4 17 0.091478325
4 19 0.0897659
5 30 0.62125725
5 8 0.8915133
5 18 0.39395252
5 13 76.17142
5 11 2.2345366
5 29 2.3543632
5 34 1.6377552
5 20 2.5137005
5 37 2000.0
5 7 5.2335334
5 27 3.095516
5 16 1.4225715
5 23 3.4060848
6 24 2000.0
6 31 0.47652438
6 17 0.9398051
7 34 16.067207
7 30 0.63455266
7 20 2.833496
7 8 69.959
7 37 24.242653
7 16 1.2697465
7 11 7.587963
7 23 0.8857744
7 25 4.191361
7 5 5.2335334
8 0 5.280757
8 30 0.93975896
8 18 0.94884574
8 13 1.478495
8 11 0.66820866
8 29 0.67919874
8 5 0.8915133
8 34 3.3230047
8 2 1.1677332
8 37 1.0145756
8 7 69.959
8 27 2.1315906
8 16 1.3831168
8 23 1.1319082
9 36 1.4655142
9 26 2000.0
9 28 5.05885
9 10 6.58284
9 22 0.47534668
9 31 0.032555673
9 12 2000.0
9 3 0.74261916
9 17 0.033457525
9 4 0.06626571
9 19 0.07542006
10 26 0.031058367
10 28 0.2092439
10 24 0.038395196
10 31 0.03580462
10 12 6.1877794
10 9 6.58284
10 17 0.030067066
11 0 42.787777
11 30 0.3843329
11 8 0.66820866
11 18 5.0822573
11 13 0.5147841
11 33 3.5954804
11 29 0.7886062
11 5 2.2345366
11 34 2.4838958
11 20 1.5382475
11 2 0.9439015
11 37 1.2604706
11 7 7.587963
11 27 0.49248537
11 16 0.8087101
11 25 0.8012392
12 26 1.9453692
12 28 2.71466
12 32 0.4138042
12 10 6.1877794
12 24 0.08465109
12 21 0.08064213
12 3 0.055996355
12 1 70.94709
13 30 0.7193704
13 0 0.8452168
13 8 1.478495
13 18 275.44403
13 33 0.8308802
13 11 0.5147841
13 29 0.9227272
13 5 76.17142
13 34 5.8585854
13 20 0.49598342
13 2 0.585541
13 14 1.5785263
13 37 2.1564047
13 27 0.47127742
13 16 376.42853
13 25 0.463831
14 20 1.8118187
14 13 1.5785263
14 27 2.231616
14 33 0.7680558
14 11 2000.0
14 25 2.2582428
15 32 0.079572946
15 21 1.0972167
16 0 2000.0
16 30 1.1588023
16 8 1.3831168
16 18 0.8787045
16 11 0.8087101
16 29 16.886614
16 5 1.4225715
16 20 8.883264
16 37 41.167614
16 7 1.2697465
16 27 1.6086477
16 23 6.142491
16 25 0.99030066
17 26 1.7704489
17 6 0.9398051
17 10 0.030067066
17 24 0.24000233
17 31 1.1563957
17 9 0.033457525
17 4 0.091478325
17 19 4.4405403
18 30 0.66342205
18 2 19.50884
18 8 0.94884574
18 37 1.1716764
18 13 275.44403
18 7 2000.0
18 27 4.698421
18 16 0.8787045
18 23 1.2205135
18 11 5.0822573
18 29 0.84220093
18 5 0.39395252
19 31 0.08420231
19 9 0.07542006
19 17 4.4405403
19 4 0.0897659
20 30 15.579214
20 13 0.49598342
20 33 1.795525
20 11 1.5382475
20 29 4.189049
20 5 2.5137005
20 34 1.1412135
20 2 3.4357133
20 14 1.8118187
20 37 6.2954955
20 7 2.833496
20 27 0.3976746
20 16 8.883264
20 25 1.6584321
21 32 2000.0
21 10 2000.0
21 24 0.6028861
21 35 0.039320122
21 12 0.08064213
21 15 1.0972167
22 6 66.68182
22 31 1196.875
22 9 0.47534668
22 19 1462.216
23 0 2000.0
23 30 1.0629556
23 2 16.213259
23 8 1.1319082
23 37 1.6974941
23 18 1.2205135
23 7 0.8857744
23 16 6.142491
23 11 2000.0
23 29 3.4654016
23 5 3.4060848
24 26 0.054878492
24 32 0.11003056
24 10 0.038395196
24 21 0.6028861
24 31 5.499066
24 12 0.08465109
24 3 2000.0
24 15 2000.0
24 17 0.24000233
25 30 1.8807789
25 13 0.463831
25 33 0.33555546
25 11 0.8012392
25 29 2.4430397
25 34 1.6451215
25 20 1.6584321
25 2 1.5745074
25 14 2.2582428
25 37 69.230774
25 7 4.191361
25 27 0.76888776
25 16 0.99030066
26 36 400.0
26 32 22.589018
26 28 0.077673405
26 10 0.031058367
26 24 0.054878492
26 31 0.080780156
26 12 1.9453692
26 17 1.7704489
27 0 2000.0
27 30 0.22187562
27 8 2.1315906
27 18 4.698421
27 13 0.47127742
27 33 0.9095602
27 11 0.49248537
27 29 0.68202376
27 5 3.095516
27 34 1.143321
27 20 0.3976746
27 2 0.99986124
27 14 2.231616
27 37 1.2152514
27 7 2149.375
27 16 1.6086477
27 23 2000.0
27 25 0.76888776
28 36 0.04073279
28 26 0.077673405
28 10 0.2092439
28 3 0.08513381
28 12 2.71466
28 9 5.05885
29 0 11.153672
29 30 4.6587825
29 8 0.67919874
29 18 0.84220093
29 13 0.9227272
29 11 0.7886062
29 5 2.3543632
29 34 16.33694
29 20 4.189049
29 2 1.0644412
29 37 0.93187934
29 7 2000.0
29 27 0.68202376
29 16 16.886614
29 23 3.4654016
29 25 2.4430397
30 0 2000.0
30 8 0.93975896
30 18 0.66342205
30 13 0.7193704
30 33 2.0004706
30 11 0.3843329
30 29 4.6587825
30 5 0.62125725
30 34 0.9545278
30 20 15.579214
30 2 13.02356
30 37 9.645597
30 7 0.63455266
30 27 0.22187562
30 16 1.1588023
30 23 1.0629556
30 25 1.8807789
31 26 0.080780156
31 6 0.47652438
31 10 0.03580462
31 24 5.499066
31 9 0.032555673
31 17 1.1563957
31 4 0.079530746
31 19 0.08420231
32 26 22.589018
32 24 0.11003056
32 12 0.4138042
32 15 0.079572946
33 34 2000.0
33 30 2.0004706
33 20 1.795525
33 2 1.1246917
33 14 0.7680558
33 7 2000.0
33 13 0.8308802
33 27 0.9095602
33 16 2226.3638
33 11 3.5954804
33 29 1349.034
33 25 0.33555546
34 30 0.9545278
34 20 1.1412135
34 8 3.3230047
34 13 5.8585854
34 7 16.067207
34 27 1.143321
34 16 1215.0568
34 11 2.4838958
34 25 1.6451215
34 29 16.33694
34 5 1.6377552
35 21 0.039320122
36 26 400.0
36 28 0.04073279
36 3 0.21701843
36 9 1.4655142
37 30 9.645597
37 0 0.8069051
37 8 1.0145756
37 18 1.1716764
37 13 2.1564047
37 11 1.2604706
37 29 0.93187934
37 20 6.2954955
37 2 1.2495298
37 7 24.242653
37 27 1.2152514
37 16 41.167614
37 23 1.6974941
37 25 69.230774
