0 8 27.946081
0 2 1.2545228
0 37 0.8985076
0 13 0.6341257
0 29 17.143095
1 3 0.24409698
1 12 1202.159
2 30 47.193317
2 0 1.2545228
2 8 1.9350437
2 18 22.61452
2 13 3.8811333
2 33 5.9424553
2 11 1.3685194
2 29 1.7842723
2 20 9.39357
2 37 1.4584445
2 27 1.6224611
2 16 2000.0
2 25 1.5865972
3 36 0.40944186
3 28 0.06912226
3 24 2000.0
3 12 0.05278929
3 1 0.24409698
3 9 0.13824517
4 31 0.083438314
4 9 0.054825697
4 17 0.08761692
4 19 0.07788087
5 30 0.7551544
5 8 0.7375963
5 18 0.42249578
5 13 2000.0
5 11 1.9586041
5 29 9.990971
5 34 0.97299224
5 20 2.2078001
5 37 2000.0
5 7 5.367547
5 27 4.0193186
5 16 1.391127
5 23 7.8250766
6 21 2000.0
6 31 0.8387948
6 17 0.6661648
7 34 9.295842
7 30 1.1499604
7 20 1.446414
7 8 50.53432
7 37 29.616371
7 27 2000.0
7 16 1.0925505
7 11 8.460011
7 23 1.1159071
7 25 6.0497746
7 5 5.367547
8 0 27.946081
8 30 0.6957662
8 18 1.0123287
8 13 4.043104
8 11 0.87594837
8 29 0.7260795
8 5 0.7375963
8 34 6.5889215
8 2 1.9350437
8 37 1.0165447
8 7 50.53432
8 27 1.2010212
8 16 1.3562557
8 23 0.950653
9 36 1.7871476
9 28 2.770667
9 10 4.1682224
9 22 0.49639753
9 31 0.02794523
9 3 0.13824517
9 17 0.04049084
9 4 0.054825697
9 19 0.07107073
10 26 0.032740314
10 28 0.15938017
10 24 0.053170644
10 31 0.05043778
10 12 10.200944
10 9 4.1682224
10 17 0.058699097
11 0 1895.966
11 30 0.33150366
11 8 0.87594837
11 18 6.589436
11 13 0.7923822
11 33 4.484246
11 29 0.74241143
11 5 1.9586041
11 34 2.1716342
11 20 0.7273935
11 2 1.3685194
11 37 1.8276411
11 7 8.460011
11 27 0.38544723
11 16 0.86960775
11 25 1.4393973
12 26 1.1604303
12 28 7.1236367
12 32 0.31008783
12 10 10.200944
12 24 0.1468829
12 21 0.10651463
12 3 0.05278929
13 30 18.02374
13 0 0.6341257
13 8 4.043104
13 18 2000.0
13 33 1.3818748
13 11 0.7923822
13 29 2.5671651
13 34 10.976016
13 20 1.0436592
13 2 3.8811333
13 14 3.5979545
13 37 4.324101
13 27 0.22822435
13 16 381.88638
13 25 1.3140796
14 20 1.2430776
14 13 3.5979545
14 33 0.46782774
14 27 3.7570367
14 11 2000.0
14 25 1.6468158
15 32 0.07562258
15 21 0.9263113
16 0 2000.0
16 30 1.1401193
16 8 1.3562557
16 18 0.7100107
16 13 381.88638
16 11 0.86960775
16 29 13.010203
16 5 1.391127
16 20 7.3535414
16 37 42.166195
16 7 1.0925505
16 27 1.2966784
16 23 17.27346
16 25 1.2373855
17 26 1.8511709
17 6 0.6661648
17 10 0.058699097
17 24 0.20430872
17 31 1.2754066
17 9 0.04049084
17 4 0.08761692
17 19 2.4178326
18 30 0.72667575
18 2 22.61452
18 8 1.0123287
18 37 1.4297441
18 7 2000.0
18 27 5.7345777
18 16 0.7100107
18 23 1.342294
18 11 6.589436
18 29 1.7141904
18 5 0.42249578
19 31 0.078253545
19 9 0.07107073
19 17 2.4178326
19 4 0.07788087
20 30 8.631296
20 13 1.0436592
20 33 1.660594
20 11 0.7273935
20 29 15.486714
20 5 2.2078001
20 34 1.0246078
20 2 9.39357
20 14 1.2430776
20 37 3.5508122
20 7 1.446414
20 27 0.7478226
20 16 7.3535414
20 25 0.6524863
21 32 2000.0
21 24 0.57880443
21 35 0.033152364
21 12 0.10651463
21 15 0.9263113
22 6 1556.4773
22 31 1478.0114
22 9 0.49639753
22 19 1330.5114
23 0 2000.0
23 30 1.1924437
23 2 1621.4773
23 8 0.950653
23 37 1.6104301
23 18 1.342294
23 7 1.1159071
23 16 17.27346
23 11 2000.0
23 29 4.8035626
23 5 7.8250766
24 26 0.06829109
24 32 0.11745427
24 10 0.053170644
24 21 0.57880443
24 31 15.212241
24 12 0.1468829
24 15 2000.0
24 17 0.20430872
25 30 3.2123194
25 13 1.3140796
25 33 0.86732286
25 11 1.4393973
25 29 7.203363
25 34 3.0879726
25 20 0.6524863
25 2 1.5865972
25 14 1.6468158
25 37 29.911934
25 7 6.0497746
25 27 0.78703713
25 16 1.2373855
26 36 2000.0
26 32 82.051285
26 28 0.065337755
26 10 0.032740314
26 24 0.06829109
26 31 0.07771893
26 12 1.1604303
26 17 1.8511709
27 0 2000.0
27 30 0.21804327
27 8 1.2010212
27 18 5.7345777
27 13 0.22822435
27 33 0.9407909
27 11 0.38544723
27 29 0.75462115
27 5 4.0193186
27 34 1.9518651
27 20 0.7478226
27 2 1.6224611
27 14 3.7570367
27 37 2.4754498
27 7 2000.0
27 16 1.2966784
27 25 0.78703713
28 36 0.037410587
28 26 0.065337755
28 10 0.15938017
28 3 0.06912226
28 12 7.1236367
28 9 2.770667
29 0 17.143095
29 30 3.4106183
29 8 0.7260795
29 18 1.7141904
29 13 2.5671651
29 11 0.74241143
29 5 9.990971
29 34 5.9554315
29 20 15.486714
29 2 1.7842723
29 37 1.2663327
29 7 2000.0
29 27 0.75462115
29 16 13.010203
29 23 4.8035626
29 25 7.203363
30 0 2000.0
30 8 0.6957662
30 18 0.72667575
30 13 18.02374
30 33 3.3277607
30 11 0.33150366
30 29 3.4106183
30 5 0.7551544
30 34 1.0903484
30 20 8.631296
30 2 47.193317
30 14 2000.0
30 37 3.7227106
30 7 1.1499604
30 27 0.21804327
30 16 1.1401193
30 23 1.1924437
30 25 3.2123194
31 26 0.07771893
31 6 0.8387948
31 10 0.05043778
31 24 15.212241
31 9 0.02794523
31 17 1.2754066
31 4 0.083438314
31 19 0.078253545
32 26 82.051285
32 24 0.11745427
32 12 0.31008783
32 15 0.07562258
33 34 320.0
33 30 3.3277607
33 20 1.660594
33 2 5.9424553
33 14 0.46782774
33 7 2000.0
33 13 1.3818748
33 27 0.9407909
33 16 2000.0
33 11 4.484246
33 29 4106.9883
33 25 0.86732286
34 30 1.0903484
34 20 1.0246078
34 8 6.5889215
34 13 10.976016
34 7 9.295842
34 33 320.0
34 27 1.9518651
34 16 1215.0568
34 11 2.1716342
34 25 3.0879726
34 29 5.9554315
34 5 0.97299224
35 21 0.033152364
36 26 2000.0
36 28 0.037410587
36 3 0.40944186
36 9 1.7871476
37 30 3.7227106
37 0 0.8985076
37 8 1.0165447
37 18 1.4297441
37 13 4.324101
37 11 1.8276411
37 29 1.2663327
37 20 3.5508122
37 2 1.4584445
37 7 29.616371
37 27 2.4754498
37 16 42.166195
37 23 1.6104301
37 25 29.911934
