0 8 10.243535
0 2 1.2311804
0 37 1.344353
0 13 0.8690802
0 11 56.250004
0 25 600.0
0 29 27.698488
1 3 0.36579916
1 12 1209.716
2 30 51.39739
2 0 1.2311804
2 8 1.4460818
2 18 5.635178
2 13 0.45944226
2 33 3.1170764
2 11 1.6028597
2 29 0.7718601
2 20 2.8578832
2 37 0.8806727
2 27 0.7254058
2 16 2000.0
2 23 33.333336
2 25 2.1010902
3 36 0.48063284
3 28 0.120679304
3 24 187.3631
3 12 0.06964007
3 1 0.36579916
3 9 0.3496378
4 31 0.09056831
4 9 0.07270661
4 17 0.09710744
4 19 0.09991307
5 30 0.6197791
5 8 0.5624311
5 18 0.44264257
5 13 2000.0
5 11 1.6250592
5 29 1.8669177
5 34 4.38905
5 20 1.6848669
5 37 2000.0
5 7 7.075488
5 27 3.0769355
5 16 1.7685413
5 23 13.996922
6 22 1428.9962
6 31 0.97422993
6 17 2.165022
7 34 17.472149
7 30 0.5847133
7 20 1.3064064
7 8 59.523804
7 37 22.667587
7 16 1.0944451
7 11 5.9803286
7 23 0.79470074
7 25 10.495731
7 5 7.075488
8 0 10.243535
8 30 0.54702306
8 18 1.5754299
8 13 2.5246947
8 11 1.290784
8 29 0.55552506
8 5 0.5624311
8 34 10.828593
8 2 1.4460818
8 37 1.5261096
8 7 59.523804
8 27 1.8196422
8 16 1.599463
8 23 1.0702235
9 36 0.8767717
9 26 2000.0
9 28 4.843099
9 10 3.603669
9 22 0.58356524
9 31 0.03449369
9 3 0.3496378
9 12 2000.0
9 17 0.04657513
9 4 0.07270661
9 19 0.066150375
10 26 0.036028314
10 28 0.27851433
10 24 0.075454555
10 31 0.037338126
10 12 8.544105
10 9 3.603669
10 17 0.029638002
11 0 56.250004
11 30 0.42947316
11 8 1.290784
11 18 5.520338
11 13 0.7476249
11 33 2.1012795
11 29 1.0762364
11 5 1.6250592
11 34 2.6256933
11 20 0.931861
11 2 1.6028597
11 37 1.3429773
11 7 5.9803286
11 27 0.5538842
11 16 1.4542384
11 25 1.146748
12 26 0.8639214
12 28 3.7409701
12 32 0.33453926
12 10 8.544105
12 24 0.07976479
12 21 0.09487565
12 3 0.06964007
13 30 1.1203038
13 0 0.8690802
13 8 2.5246947
13 18 1011.4348
13 33 1.0807221
13 11 0.7476249
13 29 1.0757738
13 34 7.1808805
13 20 0.8714822
13 2 0.45944226
13 14 1.745473
13 37 2.1708937
13 27 0.45193323
13 16 423.83356
13 25 0.5507146
14 20 0.71796536
14 13 1.745473
14 33 0.38909
14 27 2.6248467
14 11 2000.0
14 25 2.3016357
15 32 0.07665497
15 21 1.903267
16 0 2000.0
16 30 1.7257867
16 8 1.599463
16 18 0.92654866
16 13 423.83356
16 11 1.4542384
16 29 70.02841
16 5 1.7685413
16 20 9.856402
16 37 61.38125
16 7 1.0944451
16 27 1.7018503
16 23 45.857952
16 25 1.2019477
17 26 3.486683
17 6 2.165022
17 10 0.029638002
17 24 0.22347493
17 31 1.3546312
17 9 0.04657513
17 4 0.09710744
17 19 1.288046
18 30 0.8476847
18 2 5.635178
18 8 1.5754299
18 37 1.3155321
18 7 2000.0
18 13 1011.4348
18 27 10.771376
18 16 0.92654866
18 23 1.3750467
18 11 5.520338
18 29 0.9733238
18 5 0.44264257
19 31 0.07824143
19 9 0.066150375
19 17 1.288046
19 4 0.09991307
20 30 18.578257
20 13 0.8714822
20 33 0.8808698
20 11 0.931861
20 29 1.5900562
20 5 1.6848669
20 34 0.7923151
20 2 2.8578832
20 14 0.71796536
20 37 3.2544389
20 7 1.3064064
20 27 0.5066692
20 16 9.856402
20 25 0.4340589
21 32 2000.0
21 10 2000.0
21 24 0.17048036
21 35 0.08121844
21 12 0.09487565
21 15 1.903267
22 6 1428.9962
22 31 1072.7273
22 9 0.58356524
22 19 1289.6592
23 0 2000.0
23 30 2.7833223
23 2 33.333336
23 8 1.0702235
23 37 2.6460786
23 18 1.3750467
23 7 0.79470074
23 16 45.857952
23 11 2000.0
23 29 1.805285
23 5 13.996922
24 26 0.052241165
24 32 0.09193733
24 10 0.075454555
24 21 0.17048036
24 31 25.30871
24 12 0.07976479
24 3 187.3631
24 15 2000.0
24 17 0.22347493
25 0 600.0
25 30 1.0290419
25 13 0.5507146
25 33 0.5821311
25 11 1.146748
25 29 3.5630808
25 34 2.2211003
25 20 0.4340589
25 2 2.1010902
25 14 2.3016357
25 37 14.00971
25 7 10.495731
25 27 0.65017486
25 16 1.2019477
26 36 179.08365
26 32 1130.341
26 28 0.035797354
26 10 0.036028314
26 24 0.052241165
26 31 0.05251566
26 12 0.8639214
26 17 3.486683
27 0 2000.0
27 30 0.37680483
27 8 1.8196422
27 18 10.771376
27 13 0.45193323
27 33 1.1345652
27 11 0.5538842
27 29 0.4455973
27 5 3.0769355
27 34 1.8035134
27 20 0.5066692
27 2 0.7254058
27 14 2.6248467
27 37 1.189035
27 7 2062.1023
27 16 1.7018503
27 25 0.65017486
28 36 0.03183681
28 26 0.035797354
28 10 0.27851433
28 3 0.120679304
28 12 3.7409701
28 9 4.843099
29 0 27.698488
29 30 3.0519094
29 8 0.55552506
29 18 0.9733238
29 13 1.0757738
29 11 1.0762364
29 5 1.8669177
29 34 3.382777
29 20 1.5900562
29 2 0.7718601
29 37 0.8983046
29 7 2000.0
29 27 0.4455973
29 16 70.02841
29 23 1.805285
29 25 3.5630808
30 0 2000.0
30 8 0.54702306
30 18 0.8476847
30 13 1.1203038
30 33 3.956886
30 11 0.42947316
30 29 3.0519094
30 5 0.6197791
30 34 1.8180333
30 20 18.578257
30 2 51.39739
30 14 2000.0
30 37 5.9410233
30 7 0.5847133
30 27 0.37680483
30 16 1.7257867
30 23 2.7833223
30 25 1.0290419
31 26 0.05251566
31 6 0.97422993
31 10 0.037338126
31 24 25.30871
31 9 0.03449369
31 17 1.3546312
31 4 0.09056831
31 19 0.07824143
32 24 0.09193733
32 12 0.33453926
32 15 0.07665497
33 30 3.956886
33 8 2000.0
33 13 1.0807221
33 11 2.1012795
33 29 4032.443
33 34 2000.0
33 20 0.8808698
33 2 3.1170764
33 14 0.38909
33 7 2000.0
33 27 1.1345652
33 16 1622.3296
33 25 0.5821311
34 30 1.8180333
34 20 0.7923151
34 8 10.828593
34 7 17.472149
34 13 7.1808805
34 27 1.8035134
34 16 5535.0566
34 11 2.6256933
34 25 2.2211003
34 29 3.382777
34 5 4.38905
35 21 0.08121844
36 26 179.08365
36 28 0.03183681
36 3 0.48063284
36 9 0.8767717
37 30 5.9410233
37 0 1.344353
37 8 1.5261096
37 18 1.3155321
37 13 2.1708937
37 11 1.3429773
37 29 0.8983046
37 20 3.2544389
37 2 0.8806727
37 7 22.667587
37 27 1.189035
37 16 61.38125
37 23 2.6460786
37 25 14.00971
