0 8 5.761311
0 2 1.2941725
0 37 0.9684635
0 13 0.55119056
0 29 7.172523
0 25 2000.0
1 3 0.23544367
1 12 69.80279
2 30 17.263098
2 0 1.2941725
2 8 0.9199974
2 18 7.201476
2 13 0.37175897
2 33 3.958551
2 11 0.9097031
2 29 0.8534359
2 20 3.8965833
2 37 0.7929339
2 27 0.95418084
2 16 2000.0
2 25 1.1054769
3 36 0.17540322
3 28 0.07695983
3 24 2000.0
3 12 0.048544195
3 1 0.23544367
3 9 0.15414225
4 31 0.08334435
4 9 0.061592445
4 17 0.10178571
4 19 0.08899377
5 30 0.6169447
5 8 0.62146467
5 18 0.3712044
5 13 2000.0
5 11 3.3856823
5 29 4.0158076
5 34 2.6747744
5 20 2.2628257
5 37 2000.0
5 7 3.451971
5 27 2.4877436
5 16 1.6887084
5 23 6.6555977
6 31 1.2855784
6 17 1.15026
7 34 8.002737
7 30 0.9032567
7 20 1.6170185
7 8 18.682098
7 37 14.6595125
7 27 71.47087
7 16 1.2275523
7 11 3.9863427
7 23 1.1645751
7 25 4.974895
7 5 3.451971
8 0 5.761311
8 30 0.6819512
8 18 0.83978224
8 13 1.5484385
8 11 0.6377841
8 29 0.46477276
8 5 0.62146467
8 34 3.260343
8 2 0.9199974
8 37 0.6960032
8 7 18.682098
8 27 1.220476
8 16 1.2293006
8 23 0.8025275
9 36 1.9755392
9 26 2000.0
9 28 3.558378
9 10 4.0297728
9 22 0.3736727
9 31 0.027605994
9 3 0.15414225
9 17 0.04382984
9 4 0.061592445
9 19 0.07896521
10 26 0.052895896
10 28 0.15999694
10 24 0.040108707
10 31 0.047216445
10 12 2.3057935
10 9 4.0297728
10 17 0.032240238
11 0 1366.5908
11 30 0.47048345
11 8 0.6377841
11 18 8.921784
11 13 0.5923244
11 33 1.8500429
11 29 0.855144
11 5 3.3856823
11 34 2.1399384
11 20 0.81964284
11 2 0.9097031
11 37 1.3339853
11 7 3.9863427
11 27 0.46372953
11 16 0.86563605
11 25 0.89455146
12 26 2.5363863
12 28 5.4937973
12 32 0.2269385
12 10 2.3057935
12 24 0.07996922
12 21 0.090073526
12 3 0.048544195
12 1 69.80279
13 30 2.05736
13 0 0.55119056
13 8 1.5484385
13 18 266.6667
13 33 0.75078684
13 11 0.5923244
13 29 0.97101986
13 34 7.6899595
13 20 0.61967576
13 2 0.37175897
13 14 2.0108056
13 37 1.6748217
13 27 0.18858682
13 16 2933.6365
13 25 0.5303872
14 20 1.2284565
14 13 2.0108056
14 33 0.44438133
14 27 2.7708945
14 11 2000.0
14 25 1.362297
15 32 0.069741234
15 21 1.1729584
16 30 1.0851082
16 0 2000.0
16 8 1.2293006
16 18 0.69145346
16 11 0.86563605
16 29 38.654827
16 5 1.6887084
16 20 9.609208
16 37 53.545135
16 7 1.2275523
16 27 1.4404382
16 23 13.261725
16 25 1.0467068
17 26 1.822314
17 6 1.15026
17 10 0.032240238
17 24 0.29573303
17 31 1.2549994
17 9 0.04382984
17 4 0.10178571
17 19 3.1645262
18 30 0.7991803
18 2 7.201476
18 8 0.83978224
18 37 1.1873434
18 7 2000.0
18 13 266.6667
18 27 2.5827086
18 16 0.69145346
18 23 1.3436382
18 11 8.921784
18 29 1.1156185
18 5 0.3712044
19 31 0.081819974
19 9 0.07896521
19 17 3.1645262
19 4 0.08899377
20 30 11.45541
20 13 0.61967576
20 33 1.961293
20 11 0.81964284
20 29 4.4268484
20 5 2.2628257
20 34 1.3853142
20 2 3.8965833
20 14 1.2284565
20 37 2.3176055
20 7 1.6170185
20 27 0.35458097
20 16 9.609208
20 25 0.44057423
21 32 2000.0
21 10 2000.0
21 24 0.5754677
21 35 0.06176441
21 12 0.090073526
21 15 1.1729584
22 6 1591.9318
22 31 1168.0114
22 9 0.3736727
22 19 1329.4886
23 0 2000.0
23 30 1.8269373
23 2 1615.909
23 8 0.8025275
23 37 2.466993
23 18 1.3436382
23 7 1.1645751
23 16 13.261725
23 11 2000.0
23 29 3.8449256
23 5 6.6555977
24 26 0.058584373
24 32 0.09174968
24 28 2000.0
24 10 0.040108707
24 21 0.5754677
24 31 4.569344
24 12 0.07996922
24 15 2000.0
24 17 0.29573303
25 30 2.3705602
25 13 0.5303872
25 33 0.2893839
25 11 0.89455146
25 29 14.728152
25 34 1.4040098
25 20 0.44057423
25 2 1.1054769
25 14 1.362297
25 37 33.91924
25 7 4.974895
25 27 0.6741803
25 16 1.0467068
26 32 108.02728
26 28 0.031378925
26 10 0.052895896
26 24 0.058584373
26 31 0.06927265
26 12 2.5363863
26 17 1.822314
27 0 2000.0
27 30 0.20710796
27 8 1.220476
27 18 2.5827086
27 13 0.18858682
27 33 0.8843406
27 11 0.46372953
27 29 0.8752147
27 5 2.4877436
27 34 1.161535
27 20 0.35458097
27 2 0.95418084
27 14 2.7708945
27 37 0.77963585
27 7 71.47087
27 16 1.4404382
27 25 0.6741803
28 36 0.033266816
28 26 0.031378925
28 10 0.15999694
28 3 0.07695983
28 12 5.4937973
28 9 3.558378
29 0 7.172523
29 30 3.118352
29 8 0.46477276
29 18 1.1156185
29 13 0.97101986
29 11 0.855144
29 5 4.0158076
29 34 5.667934
29 20 4.4268484
29 2 0.8534359
29 37 0.9358502
29 7 2000.0
29 27 0.8752147
29 16 38.654827
29 23 3.8449256
29 25 14.728152
30 0 2000.0
30 8 0.6819512
30 18 0.7991803
30 13 2.05736
30 33 2.8720345
30 11 0.47048345
30 29 3.118352
30 5 0.6169447
30 34 0.913026
30 20 11.45541
30 2 17.263098
30 14 2000.0
30 37 3.510533
30 7 0.9032567
30 27 0.20710796
30 16 1.0851082
30 23 1.8269373
30 25 2.3705602
31 26 0.06927265
31 6 1.2855784
31 10 0.047216445
31 24 4.569344
31 9 0.027605994
31 17 1.2549994
31 4 0.08334435
31 19 0.081819974
32 26 108.02728
32 24 0.09174968
32 12 0.2269385
32 15 0.069741234
33 30 2.8720345
33 8 2000.0
33 13 0.75078684
33 11 1.8500429
33 29 2000.0
33 34 2000.0
33 20 1.961293
33 2 3.958551
33 14 0.44438133
33 7 2000.0
33 27 0.8843406
33 16 2000.0
33 25 0.2893839
34 30 0.913026
34 20 1.3853142
34 8 3.260343
34 13 7.6899595
34 7 8.002737
34 27 1.161535
34 16 1215.0568
34 11 2.1399384
34 25 1.4040098
34 29 5.667934
34 5 2.6747744
35 21 0.06176441
36 26 1575.3408
36 28 0.033266816
36 3 0.17540322
36 9 1.9755392
37 30 3.510533
37 0 0.9684635
37 8 0.6960032
37 18 1.1873434
37 13 1.6748217
37 11 1.3339853
37 29 0.9358502
37 20 2.3176055
37 2 0.7929339
37 7 14.6595125
37 27 0.77963585
37 16 53.545135
37 23 2.466993
37 25 33.91924
