0 8 9.380549
0 2 1.3314645
0 37 0.6981562
0 13 0.4578934
0 11 263.20972
0 29 7.626044
1 3 0.23248488
1 12 1202.159
2 30 10.532723
2 0 1.3314645
2 8 1.4740201
2 18 6.558765
2 13 0.33889532
2 33 2.01334
2 11 0.60541177
2 29 0.7297826
2 20 1.7661357
2 37 0.8313798
2 27 0.44824883
2 16 2000.0
2 23 42.47832
2 25 1.7680398
3 36 0.1745432
3 28 0.076729454
3 24 200.0
3 12 0.056555085
3 1 0.23248488
3 9 0.21550323
4 31 0.0765984
4 9 0.055463083
4 17 0.08982583
4 19 0.08025594
5 30 0.5339168
5 8 0.7685443
5 18 0.38034827
5 13 2000.0
5 11 3.6614027
5 29 3.842945
5 34 1.6428456
5 20 2.883592
5 37 2000.0
5 7 2.6749382
5 27 1.5789133
5 16 1.2493671
5 23 7.354939
6 22 101.362015
6 31 1.570021
6 17 0.80715597
7 34 8.770025
7 30 1.0323014
7 20 1.4936445
7 8 42.732597
7 37 16.076403
7 27 66.30767
7 16 1.242506
7 11 5.5068183
7 23 1.0666529
7 25 9.362017
7 5 2.6749382
8 0 9.380549
8 30 0.7577888
8 18 0.8655857
8 13 3.4081943
8 11 0.6543063
8 29 0.42533308
8 5 0.7685443
8 34 3.0188024
8 2 1.4740201
8 37 1.2174357
8 7 42.732597
8 27 2.4743197
8 16 1.4213952
8 23 1.2820413
9 36 1.3870376
9 26 2000.0
9 28 3.4266665
9 10 2.7493205
9 22 0.31726775
9 31 0.03009531
9 3 0.21550323
9 17 0.050568186
9 4 0.055463083
9 19 0.06517858
10 26 0.033137828
10 28 0.30071864
10 24 0.045860108
10 31 0.051489096
10 12 10.076028
10 9 2.7493205
10 17 0.029726451
11 0 263.20972
11 30 0.2089874
11 8 0.6543063
11 18 9.144689
11 13 0.71185386
11 33 2.0945454
11 29 0.71764255
11 5 3.6614027
11 34 2.419098
11 20 0.79897815
11 2 0.60541177
11 37 1.5682652
11 7 5.5068183
11 27 0.20256238
11 16 1.0510002
11 25 1.6955408
12 26 1.0652833
12 28 7.331391
12 32 0.3147829
12 10 10.076028
12 24 0.09164526
12 21 0.07655303
12 3 0.056555085
13 30 1.282197
13 0 0.4578934
13 8 3.4081943
13 18 800.0
13 33 0.71697855
13 11 0.71185386
13 29 0.7781207
13 34 5.868011
13 20 0.44145474
13 2 0.33889532
13 14 2.6622934
13 37 1.5858028
13 27 0.39572847
13 16 160.0
13 25 0.5717252
14 20 1.3147244
14 13 2.6622934
14 33 0.57865447
14 27 3.1917562
14 11 2000.0
14 25 3.1246755
15 32 0.093390495
15 21 1.1464648
16 0 2000.0
16 30 1.1030618
16 8 1.4213952
16 18 0.9760935
16 13 160.0
16 11 1.0510002
16 29 56.1135
16 5 1.2493671
16 20 5.502891
16 37 149.00548
16 7 1.242506
16 27 1.2762743
16 23 10.658543
16 25 2.4937959
17 26 1.6931502
17 6 0.80715597
17 10 0.029726451
17 24 0.12785868
17 31 1.1565897
17 9 0.050568186
17 4 0.08982583
17 19 2.0372639
18 30 0.72683287
18 2 6.558765
18 8 0.8655857
18 37 1.5725796
18 7 2000.0
18 13 800.0
18 27 4.030865
18 16 0.9760935
18 23 1.436321
18 11 9.144689
18 29 1.552852
18 5 0.38034827
19 31 0.08843911
19 9 0.06517858
19 17 2.0372639
19 4 0.08025594
20 30 25.138182
20 13 0.44145474
20 33 1.6176416
20 11 0.79897815
20 29 3.8236375
20 5 2.883592
20 34 0.86789465
20 2 1.7661357
20 14 1.3147244
20 37 2.1132424
20 7 1.4936445
20 27 0.4489773
20 16 5.502891
20 25 1.1644245
21 32 2000.0
21 24 0.38550854
21 35 0.03501283
21 12 0.07655303
21 15 1.1464648
22 6 101.362015
22 31 1168.0114
22 9 0.31726775
22 19 1330.5114
23 0 2000.0
23 30 1.311609
23 2 42.47832
23 8 1.2820413
23 37 1.7094382
23 18 1.436321
23 7 1.0666529
23 16 10.658543
23 11 2000.0
23 29 6.6598506
23 5 7.354939
24 26 0.054283436
24 32 0.13317369
24 10 0.045860108
24 21 0.38550854
24 31 14.466456
24 12 0.09164526
24 3 200.0
24 15 2000.0
24 17 0.12785868
25 30 9.309034
25 13 0.5717252
25 33 0.60151076
25 11 1.6955408
25 29 1.9578304
25 34 2.1594617
25 20 1.1644245
25 2 1.7680398
25 14 3.1246755
25 37 75.91241
25 7 9.362017
25 27 0.6541513
25 16 2.4937959
26 36 225.00002
26 32 27.57358
26 28 0.033486232
26 10 0.033137828
26 24 0.054283436
26 31 0.0740286
26 12 1.0652833
26 17 1.6931502
27 0 2000.0
27 30 0.30389297
27 8 2.4743197
27 18 4.030865
27 13 0.39572847
27 33 0.911533
27 11 0.20256238
27 29 0.742816
27 5 1.5789133
27 34 1.2391297
27 20 0.4489773
27 2 0.44824883
27 14 3.1917562
27 37 0.7087743
27 7 66.30767
27 16 1.2762743
27 25 0.6541513
28 36 0.06756085
28 26 0.033486232
28 10 0.30071864
28 3 0.076729454
28 12 7.331391
28 9 3.4266665
29 0 7.626044
29 30 6.673924
29 8 0.42533308
29 18 1.552852
29 13 0.7781207
29 11 0.71764255
29 5 3.842945
29 34 4.623718
29 20 3.8236375
29 2 0.7297826
29 37 1.0964884
29 7 2000.0
29 27 0.742816
29 16 56.1135
29 23 6.6598506
29 25 1.9578304
30 0 2000.0
30 8 0.7577888
30 18 0.72683287
30 13 1.282197
30 33 3.0717406
30 11 0.2089874
30 29 6.673924
30 5 0.5339168
30 34 0.92962295
30 20 25.138182
30 2 10.532723
30 37 8.028858
30 7 1.0323014
30 27 0.30389297
30 16 1.1030618
30 23 1.311609
30 25 9.309034
31 26 0.0740286
31 6 1.570021
31 10 0.051489096
31 24 14.466456
31 9 0.03009531
31 17 1.1565897
31 4 0.0765984
31 19 0.08843911
32 26 27.57358
32 24 0.13317369
32 12 0.3147829
32 15 0.093390495
33 30 3.0717406
33 8 2000.0
33 13 0.71697855
33 11 2.0945454
33 29 4106.9883
33 34 2000.0
33 20 1.6176416
33 2 2.01334
33 14 0.57865447
33 7 2000.0
33 27 0.911533
33 16 2000.0
33 25 0.60151076
34 30 0.92962295
34 20 0.86789465
34 8 3.0188024
34 13 5.868011
34 7 8.770025
34 27 1.2391297
34 16 1215.0568
34 11 2.419098
34 25 2.1594617
34 29 4.623718
34 5 1.6428456
35 21 0.03501283
36 26 225.00002
36 28 0.06756085
36 3 0.1745432
36 9 1.3870376
37 30 8.028858
37 0 0.6981562
37 8 1.2174357
37 18 1.5725796
37 13 1.5858028
37 11 1.5682652
37 29 1.0964884
37 20 2.1132424
37 2 0.8313798
37 7 16.076403
37 27 0.7087743
37 16 149.00548
37 23 1.7094382
37 25 75.91241
