0 2 1.1076916
0 37 2.045109
0 13 1.0323901
0 29 28.589989
0 25 14.649097
1 3 0.87970775
1 12 6.7020664
2 30 12.482782
2 0 1.1076916
2 8 1.1448864
2 18 2.1042435
2 13 0.26627237
2 33 1.8359697
2 11 0.80162925
2 29 1.1230102
2 20 6.760948
2 37 0.99435604
2 27 0.41172257
2 16 2000.0
2 23 5.6435494
2 25 0.53282267
3 36 0.3883451
3 28 11.1275015
3 24 2000.0
3 12 0.04971216
3 1 0.87970775
3 9 0.6166559
4 31 0.07828579
4 9 0.0905855
4 17 0.12219255
4 19 0.07355817
5 30 0.7496834
5 8 0.47720757
5 18 1.1755682
5 13 16.875994
5 11 1.5760715
5 29 2.335588
5 34 2.5410266
5 20 1.6196997
5 37 43.99975
5 7 12.785037
5 27 1.6388094
5 16 1.6659153
5 23 1.8404641
5 25 2000.0
6 31 0.17276452
6 17 0.8991715
7 34 384.6154
7 30 0.6659261
7 20 33.382576
7 8 8.061553
7 37 150.0
7 16 1.0250733
7 23 1.4090637
7 25 3.234825
7 5 12.785037
8 0 2000.0
8 30 0.4763542
8 18 1.9696914
8 13 1.1479901
8 11 0.908266
8 29 0.49460697
8 5 0.47720757
8 34 16.137142
8 2 1.1448864
8 37 0.9604531
8 7 8.061553
8 27 1.2974399
8 16 1.7198968
8 23 0.8428157
8 25 2000.0
9 36 0.76349926
9 28 1.1265584
9 10 18.414324
9 22 0.066631086
9 31 0.030635245
9 3 0.6166559
9 4 0.0905855
9 17 0.03313295
9 19 0.07244784
10 26 0.027245244
10 28 0.26829544
10 24 0.091748446
10 31 22.484848
10 12 1287.5568
10 9 18.414324
10 17 0.03007239
11 0 2000.0
11 30 0.7297467
11 8 0.908266
11 18 5.490414
11 13 0.96115935
11 33 2.3879871
11 29 1.112048
11 5 1.5760715
11 34 1.9823545
11 20 1.8109932
11 2 0.80162925
11 37 1.4761205
11 7 1630.625
11 27 0.8598305
11 16 1.18036
11 25 0.6620669
12 26 1.6121675
12 32 6.143027
12 24 0.0765188
12 21 0.4737022
12 3 0.04971216
12 1 6.7020664
13 30 54.895817
13 0 1.0323901
13 8 1.1479901
13 18 213.94955
13 33 0.9182401
13 11 0.96115935
13 29 1.0327566
13 5 16.875994
13 34 82.29497
13 20 1.1476243
13 2 0.26627237
13 14 6.737869
13 37 1.1172184
13 7 2000.0
13 27 0.4315791
13 16 38.729652
13 25 0.35875133
14 30 13.836381
14 20 4.618281
14 13 6.737869
14 27 2.8034396
14 33 0.45471156
14 11 2000.0
14 25 3.4077187
15 32 0.07643246
15 21 8.712374
16 0 2000.0
16 30 1.08932
16 8 1.7198968
16 18 1.0802451
16 13 38.729652
16 11 1.18036
16 5 1.6659153
16 34 45.403706
16 20 26.535845
16 7 1.0250733
16 27 1.2035679
16 23 2.1396706
16 25 2.0831113
17 6 0.8991715
17 26 1.4362196
17 10 0.03007239
17 24 0.20532224
17 31 1.0013205
17 9 0.03313295
17 4 0.12219255
17 19 105.0466
18 0 2000.0
18 30 0.77823305
18 8 1.9696914
18 2 2.1042435
18 37 2.3287933
18 13 213.94955
18 27 23.463375
18 16 1.0802451
18 11 5.490414
18 23 1.4984056
18 29 1.0675213
18 5 1.1755682
19 31 0.092610955
19 9 0.07244784
19 4 0.07355817
19 17 105.0466
20 0 2000.0
20 30 1.4894761
20 13 1.1476243
20 33 1.3585924
20 11 1.8109932
20 29 20.67382
20 5 1.6196997
20 34 0.86002666
20 2 6.760948
20 14 4.618281
20 37 5.478305
20 7 33.382576
20 27 1.2940953
20 16 26.535845
20 25 0.6195045
21 26 2000.0
21 32 833.3334
21 10 2000.0
21 24 1.1458358
21 35 0.03287402
21 12 0.4737022
21 15 8.712374
22 31 66.66667
22 9 0.066631086
22 19 2000.0
23 0 2000.0
23 30 1.227983
23 8 0.8428157
23 2 5.6435494
23 37 1.6550987
23 18 1.4984056
23 7 1.4090637
23 16 2.1396706
23 11 2000.0
23 29 0.85467637
23 5 1.8404641
24 26 0.04409585
24 32 0.4640695
24 10 0.091748446
24 21 1.1458358
24 12 0.0765188
24 17 0.20532224
25 30 23.0
25 0 14.649097
25 13 0.35875133
25 33 0.5689746
25 11 0.6620669
25 29 2.0194275
25 34 1.9050059
25 20 0.6195045
25 2 0.53282267
25 14 3.4077187
25 37 50.0
25 7 3.234825
25 27 0.3609422
25 16 2.0831113
26 32 55.778973
26 28 0.07188425
26 10 0.027245244
26 24 0.04409585
26 31 0.16301653
26 12 1.6121675
26 17 1.4362196
27 30 1.0135638
27 0 2000.0
27 8 1.2974399
27 18 23.463375
27 13 0.4315791
27 33 0.7031196
27 11 0.8598305
27 29 0.59527755
27 5 1.6388094
27 34 0.9859588
27 20 1.2940953
27 2 0.41172257
27 14 2.8034396
27 37 0.8824249
27 7 3972.7273
27 16 1.2035679
27 25 0.3609422
28 36 0.04187207
28 26 0.07188425
28 10 0.26829544
28 3 11.1275015
28 12 1203.8636
28 9 1.1265584
28 19 1545.284
29 0 28.589989
29 30 1.5740763
29 8 0.49460697
29 18 1.0675213
29 13 1.0327566
29 33 18.514914
29 11 1.112048
29 5 2.335588
29 34 3.436062
29 20 20.67382
29 2 1.1230102
29 37 0.8549422
29 7 2000.0
29 27 0.59527755
29 16 2000.0
29 23 0.85467637
29 25 2.0194275
30 8 0.4763542
30 18 0.77823305
30 13 54.895817
30 33 7.742109
30 11 0.7297467
30 29 1.5740763
30 5 0.7496834
30 34 1.3711106
30 20 1.4894761
30 2 12.482782
30 14 13.836381
30 37 14.061435
30 7 0.6659261
30 27 1.0135638
30 16 1.08932
30 23 1.227983
30 25 23.0
31 26 0.16301653
31 6 0.17276452
31 10 22.484848
31 22 66.66667
31 9 0.030635245
31 4 0.07828579
31 17 1.0013205
31 19 0.092610955
32 26 55.778973
32 24 0.4640695
32 21 833.3334
32 12 6.143027
32 15 0.07643246
33 34 2000.0
33 30 7.742109
33 20 1.3585924
33 2 1.8359697
33 14 0.45471156
33 7 2000.0
33 13 0.9182401
33 27 0.7031196
33 16 3017.898
33 11 2.3879871
33 29 18.514914
33 25 0.5689746
34 30 1.3711106
34 20 0.86002666
34 8 16.137142
34 37 2000.0
34 13 82.29497
34 7 384.6154
34 27 0.9859588
34 16 45.403706
34 11 1.9823545
34 29 3.436062
34 25 1.9050059
34 5 2.5410266
35 21 0.03287402
35 31 1166.8181
36 28 0.04187207
36 3 0.3883451
36 9 0.76349926
37 30 14.061435
37 0 2.045109
37 8 0.9604531
37 18 2.3287933
37 13 1.1172184
37 11 1.4761205
37 29 0.8549422
37 5 43.99975
37 20 5.478305
37 2 0.99435604
37 7 150.0
37 27 0.8824249
37 16 2000.0
37 23 1.6550987
37 25 50.0
