0 2 0.73083735
0 37 1.6120054
0 13 0.65317535
0 29 10.23412
0 25 14.798735
1 3 1.5320053
1 12 9.632954
2 30 47.941486
2 0 0.73083735
2 8 1.1232877
2 18 1.7419267
2 13 0.9534552
2 33 3.2748735
2 11 2.2247725
2 29 1.0406648
2 20 2.688719
2 37 0.8520106
2 27 1.098368
2 16 2000.0
2 23 8.281738
2 25 0.55786294
3 36 0.8691121
3 28 11.411277
3 24 2000.0
3 12 0.054682918
3 1 1.5320053
3 9 0.4272336
4 31 0.06765029
4 9 0.09234833
4 17 0.22252603
4 19 0.072376676
5 30 0.7840444
5 8 0.43974334
5 18 0.77132785
5 13 37.17294
5 11 2.2579477
5 29 3.7909322
5 34 2.009962
5 20 2.5533626
5 37 65.57746
5 7 6.914976
5 27 1.7806654
5 16 2.167211
5 23 2.7956204
5 25 2000.0
6 31 0.18117669
6 17 1.6210893
7 30 0.66741985
7 20 47.929295
7 8 4.805538
7 37 124.51183
7 27 847.71216
7 16 0.96987015
7 23 1.4097599
7 11 118.45816
7 25 4.421468
7 5 6.914976
8 0 2000.0
8 30 0.4639563
8 18 1.5767546
8 13 0.806618
8 11 0.85502994
8 29 0.65587646
8 5 0.43974334
8 34 29.209091
8 2 1.1232877
8 37 1.2540156
8 7 4.805538
8 27 1.2243211
8 16 1.5040165
8 23 0.9238716
8 25 2000.0
9 36 0.35704404
9 26 2000.0
9 28 1.2556571
9 10 15.918161
9 22 0.059095982
9 31 0.028478915
9 12 2000.0
9 3 0.4272336
9 4 0.09234833
9 17 0.032239735
9 19 0.07249817
10 26 0.030920088
10 28 0.24568968
10 24 0.09324359
10 31 14.252249
10 12 1463.5796
10 9 15.918161
10 17 0.031771608
11 0 2000.0
11 30 1.0631521
11 8 0.85502994
11 18 7.20078
11 13 0.9405764
11 33 2.1185985
11 29 1.3411113
11 5 2.2579477
11 34 2.3476696
11 20 0.6695484
11 2 2.2247725
11 37 1.5278934
11 7 118.45816
11 27 0.74252015
11 16 1.0155199
11 25 0.959849
12 26 2.6662812
12 32 1.8126684
12 28 147.83466
12 24 0.06957899
12 21 0.14521779
12 3 0.054682918
12 1 9.632954
13 30 65.763954
13 0 0.65317535
13 8 0.806618
13 18 400.0
13 33 1.4737779
13 11 0.9405764
13 29 0.8132712
13 5 37.17294
13 34 354.00748
13 20 1.1102993
13 2 0.9534552
13 14 4.450715
13 37 1.73079
13 7 2000.0
13 27 0.47145262
13 16 27.00634
13 25 0.23859784
14 30 4.0538764
14 20 2.2643726
14 13 4.450715
14 27 2.9857361
14 33 0.34710485
14 11 2000.0
14 25 1.6387783
15 32 0.08607431
15 21 2.166471
15 12 2000.0
16 30 1.2863729
16 0 2000.0
16 8 1.5040165
16 18 1.1593088
16 13 27.00634
16 11 1.0155199
16 5 2.167211
16 34 62.33081
16 20 13.800487
16 7 0.96987015
16 27 1.5555832
16 23 1.9157772
16 25 0.96940464
17 6 1.6210893
17 26 1.8108407
17 10 0.031771608
17 24 0.08046856
17 31 1.1501948
17 9 0.032239735
17 4 0.22252603
17 19 272.9234
18 0 2000.0
18 30 1.2176204
18 8 1.5767546
18 2 1.7419267
18 37 2.4638937
18 13 400.0
18 27 27.603687
18 16 1.1593088
18 11 7.20078
18 23 2.2149298
18 29 1.2970598
18 5 0.77132785
19 31 0.07754285
19 9 0.07249817
19 4 0.072376676
19 17 272.9234
20 30 1.7154478
20 13 1.1102993
20 33 0.9347718
20 11 0.6695484
20 29 8.27657
20 5 2.5533626
20 34 0.8773821
20 2 2.688719
20 14 2.2643726
20 37 2.3874745
20 7 47.929295
20 27 1.223874
20 16 13.800487
20 25 0.459766
21 26 2000.0
21 32 2000.0
21 24 0.7607957
21 35 0.032348152
21 31 2000.0
21 12 0.14521779
21 15 2.166471
22 31 69.82828
22 9 0.059095982
22 19 2000.0
23 0 2000.0
23 30 1.4927428
23 8 0.9238716
23 2 8.281738
23 37 1.6261388
23 18 2.2149298
23 7 1.4097599
23 16 1.9157772
23 11 2000.0
23 29 0.9869763
23 5 2.7956204
24 26 0.040065728
24 32 0.26437795
24 10 0.09324359
24 21 0.7607957
24 12 0.06957899
24 15 2000.0
24 17 0.08046856
25 30 16.603737
25 0 14.798735
25 13 0.23859784
25 33 0.58432764
25 11 0.959849
25 29 2.1290135
25 34 1.603002
25 20 0.459766
25 2 0.55786294
25 14 1.6387783
25 37 22.407932
25 7 4.421468
25 27 0.23175296
25 16 0.96940464
26 32 20.625
26 28 0.08189103
26 10 0.030920088
26 24 0.040065728
26 21 2000.0
26 31 0.12786034
26 12 2.6662812
26 17 1.8108407
27 30 0.22167641
27 0 2000.0
27 8 1.2243211
27 18 27.603687
27 13 0.47145262
27 33 0.7417911
27 11 0.74252015
27 29 0.5691388
27 5 1.7806654
27 34 1.1095251
27 20 1.223874
27 2 1.098368
27 14 2.9857361
27 37 1.2268045
27 7 847.71216
27 16 1.5555832
27 25 0.23175296
28 36 0.032859504
28 26 0.08189103
28 10 0.24568968
28 3 11.411277
28 12 147.83466
28 9 1.2556571
28 19 1369.9431
29 0 10.23412
29 30 0.52912223
29 8 0.65587646
29 18 1.2970598
29 13 0.8132712
29 33 8.629174
29 11 1.3411113
29 5 3.7909322
29 34 1.5622727
29 20 8.27657
29 2 1.0406648
29 37 1.151172
29 27 0.5691388
29 16 2000.0
29 23 0.9869763
29 25 2.1290135
30 8 0.4639563
30 18 1.2176204
30 13 65.763954
30 33 5.6770306
30 11 1.0631521
30 29 0.52912223
30 5 0.7840444
30 34 0.9751176
30 20 1.7154478
30 2 47.941486
30 14 4.0538764
30 37 25.069414
30 7 0.66741985
30 27 0.22167641
30 16 1.2863729
30 23 1.4927428
30 25 16.603737
31 26 0.12786034
31 6 0.18117669
31 10 14.252249
31 35 64.754585
31 22 69.82828
31 9 0.028478915
31 4 0.06765029
31 17 1.1501948
31 19 0.07754285
32 26 20.625
32 24 0.26437795
32 12 1.8126684
32 15 0.08607431
33 30 5.6770306
33 8 2000.0
33 13 1.4737779
33 11 2.1185985
33 29 8.629174
33 5 2000.0
33 34 2000.0
33 20 0.9347718
33 2 3.2748735
33 14 0.34710485
33 7 2000.0
33 27 0.7417911
33 16 3017.898
33 25 0.58432764
34 30 0.9751176
34 20 0.8773821
34 8 29.209091
34 37 2000.0
34 7 2000.0
34 13 354.00748
34 27 1.1095251
34 16 62.33081
34 11 2.3476696
34 29 1.5622727
34 25 1.603002
34 5 2.009962
35 21 0.032348152
35 31 64.754585
36 28 0.032859504
36 3 0.8691121
36 9 0.35704404
37 30 25.069414
37 0 1.6120054
37 8 1.2540156
37 18 2.4638937
37 13 1.73079
37 11 1.5278934
37 29 1.151172
37 5 65.57746
37 20 2.3874745
37 2 0.8520106
37 7 124.51183
37 27 1.2268045
37 16 2000.0
37 23 1.6261388
37 25 22.407932
