0 2 1.0249057
0 37 3.0951097
0 13 0.9514755
0 29 15.171165
0 25 47.530025
1 3 0.9137804
1 12 71.343475
2 30 11.129066
2 0 1.0249057
2 8 1.0511967
2 18 1.2607305
2 13 0.4344519
2 33 2.1909206
2 11 1.0018085
2 29 1.0381986
2 20 1.9907582
2 37 0.7508248
2 27 0.90909094
2 16 2000.0
2 23 7.1523685
2 25 0.40749514
3 36 0.5799579
3 28 20.103794
3 24 2000.0
3 12 0.06528103
3 1 0.9137804
3 9 0.75360006
4 31 0.0869978
4 9 0.08391394
4 17 0.15136606
4 19 0.094686076
5 30 0.9160761
5 8 0.90847456
5 18 1.3711157
5 13 31.464596
5 11 0.71617836
5 29 4.0729547
5 34 1.912307
5 20 1.6989506
5 37 9.108533
5 7 10.296623
5 27 1.2304945
5 16 1.3200861
5 23 3.629237
5 25 2000.0
6 31 0.18185544
6 17 2.9458704
7 34 266.6667
7 30 0.7941974
7 20 114.28571
7 8 7.557326
7 37 128.57143
7 16 1.2542287
7 23 1.4311806
7 11 141.02222
7 25 2.4376316
7 5 10.296623
8 0 2000.0
8 30 0.64456683
8 18 1.3183309
8 13 1.0226681
8 11 1.0283782
8 29 0.38192376
8 5 0.90847456
8 34 35.63114
8 2 1.0511967
8 37 1.0467278
8 7 7.557326
8 27 0.5967231
8 16 1.4707439
8 23 1.0388161
8 25 2000.0
9 36 0.62300307
9 26 2000.0
9 28 1.127167
9 10 6.5359654
9 22 0.09379486
9 31 0.030448956
9 3 0.75360006
9 4 0.08391394
9 17 0.042618148
9 19 0.10012987
10 26 0.037372
10 28 0.37437686
10 24 0.08773853
10 31 0.89688104
10 12 46.904076
10 9 6.5359654
10 17 0.064278916
11 30 0.7673648
11 8 1.0283782
11 18 3.2347581
11 13 0.9617913
11 33 1.4294333
11 29 0.9865017
11 5 0.71617836
11 34 1.2090521
11 20 1.2069038
11 2 1.0018085
11 37 1.135629
11 7 141.02222
11 27 0.6556434
11 16 1.0677215
11 25 0.27226645
12 26 0.4596632
12 32 13.419428
12 10 46.904076
12 24 0.06583458
12 21 0.11948969
12 3 0.06528103
12 1 71.343475
13 30 48.73539
13 0 0.9514755
13 8 1.0226681
13 18 45.624058
13 33 1.0866208
13 11 0.9617913
13 29 0.8669268
13 5 31.464596
13 34 229.09975
13 20 0.9558108
13 2 0.4344519
13 14 1.6335961
13 37 0.964053
13 7 2000.0
13 27 0.21350156
13 16 140.60956
13 25 0.30323026
14 30 14.694492
14 20 1.4384307
14 13 1.6335961
14 27 7.010327
14 33 1.1645644
14 11 2000.0
14 25 1.9237813
15 32 0.06855489
15 21 15.346184
16 30 1.1008849
16 0 2000.0
16 8 1.4707439
16 18 1.6517632
16 13 140.60956
16 11 1.0677215
16 5 1.3200861
16 34 32.796165
16 20 26.981283
16 7 1.2542287
16 27 1.450862
16 23 1.9725995
16 25 1.2324768
17 6 2.9458704
17 26 1.3905367
17 10 0.064278916
17 24 0.12588286
17 31 0.98262626
17 9 0.042618148
17 4 0.15136606
17 19 1399.8864
18 0 2000.0
18 30 0.7624484
18 8 1.3183309
18 13 45.624058
18 11 3.2347581
18 29 1.251787
18 5 1.3711157
18 2 1.2607305
18 37 2.7753358
18 7 2000.0
18 27 45.1926
18 16 1.6517632
18 23 2.519328
19 28 85.29312
19 31 0.09053031
19 9 0.10012987
19 4 0.094686076
20 30 1.2881919
20 13 0.9558108
20 33 1.2707821
20 11 1.2069038
20 29 3.8444808
20 5 1.6989506
20 34 0.79885375
20 2 1.9907582
20 14 1.4384307
20 37 11.164301
20 7 114.28571
20 27 1.2298846
20 16 26.981283
20 25 0.40223286
21 26 2000.0
21 32 2000.0
21 24 1.4834781
21 35 0.0336145
21 31 2000.0
21 12 0.11948969
21 15 15.346184
22 31 83.91126
22 9 0.09379486
22 19 2000.0
23 0 2000.0
23 30 2.2175689
23 8 1.0388161
23 2 7.1523685
23 37 1.597624
23 18 2.519328
23 7 1.4311806
23 16 1.9725995
23 11 2000.0
23 29 1.4530262
23 5 3.629237
24 26 0.045911975
24 32 0.39755118
24 10 0.08773853
24 21 1.4834781
24 12 0.06583458
24 17 0.12588286
25 30 9.912824
25 0 47.530025
25 13 0.30323026
25 33 1.1390713
25 11 0.27226645
25 29 1.8014994
25 34 1.9966452
25 20 0.40223286
25 2 0.40749514
25 14 1.9237813
25 37 50.0
25 7 2.4376316
25 27 0.23521845
25 16 1.2324768
26 32 1217.6704
26 28 0.05575886
26 10 0.037372
26 24 0.045911975
26 31 0.15510525
26 12 0.4596632
26 17 1.3905367
27 30 0.20946163
27 0 2000.0
27 8 0.5967231
27 18 45.1926
27 13 0.21350156
27 33 0.6968224
27 11 0.6556434
27 29 2.1098268
27 5 1.2304945
27 34 0.8247666
27 20 1.2298846
27 2 0.90909094
27 14 7.010327
27 37 0.9061693
27 7 2000.0
27 16 1.450862
27 25 0.23521845
28 36 0.033764444
28 26 0.05575886
28 10 0.37437686
28 3 20.103794
28 12 1191.4204
28 9 1.127167
28 19 85.29312
29 0 15.171165
29 30 0.97227514
29 8 0.38192376
29 18 1.251787
29 13 0.8669268
29 33 14.803149
29 11 0.9865017
29 5 4.0729547
29 34 2.494419
29 20 3.8444808
29 2 1.0381986
29 37 0.5638593
29 7 2000.0
29 27 2.1098268
29 16 720.00006
29 23 1.4530262
29 25 1.8014994
30 8 0.64456683
30 18 0.7624484
30 13 48.73539
30 33 15.329751
30 11 0.7673648
30 29 0.97227514
30 5 0.9160761
30 34 0.89732105
30 20 1.2881919
30 2 11.129066
30 14 14.694492
30 37 23.10288
30 7 0.7941974
30 27 0.20946163
30 16 1.1008849
30 23 2.2175689
30 25 9.912824
31 26 0.15510525
31 6 0.18185544
31 10 0.89688104
31 35 5.447096
31 22 83.91126
31 9 0.030448956
31 4 0.0869978
31 17 0.98262626
31 19 0.09053031
32 26 1217.6704
32 24 0.39755118
32 21 2000.0
32 12 13.419428
32 15 0.06855489
33 30 15.329751
33 13 1.0866208
33 11 1.4294333
33 29 14.803149
33 5 2000.0
33 34 2000.0
33 20 1.2707821
33 2 2.1909206
33 14 1.1645644
33 7 2000.0
33 27 0.6968224
33 16 2422.443
33 25 1.1390713
34 30 0.89732105
34 20 0.79885375
34 8 35.63114
34 37 2000.0
34 7 266.6667
34 13 229.09975
34 27 0.8247666
34 16 32.796165
34 11 1.2090521
34 29 2.494419
34 25 1.9966452
34 5 1.912307
35 21 0.0336145
35 31 5.447096
36 28 0.033764444
36 3 0.5799579
36 9 0.62300307
37 30 23.10288
37 0 3.0951097
37 8 1.0467278
37 18 2.7753358
37 13 0.964053
37 11 1.135629
37 29 0.5638593
37 5 9.108533
37 20 11.164301
37 2 0.7508248
37 7 128.57143
37 27 0.9061693
37 16 2000.0
37 23 1.597624
37 25 50.0
