0 2 1.5528408
0 37 3.1944904
0 13 1.1946136
0 29 10.141786
0 25 14.72423
1 3 0.77836025
1 12 19.247393
2 30 23.207003
2 0 1.5528408
2 8 2.532341
2 18 2.5592477
2 13 0.6397071
2 33 2.1470978
2 11 1.8364644
2 29 1.1442286
2 20 3.0761976
2 37 0.7926529
2 27 1.3133245
2 16 2000.0
2 23 9.368445
2 25 0.5823922
3 36 0.3375413
3 28 13.140284
3 24 266.6667
3 12 0.06974665
3 1 0.77836025
3 9 0.851049
4 31 0.07562407
4 9 0.074208274
4 17 0.1691027
4 19 0.072007574
5 30 0.9662716
5 8 0.54329544
5 18 0.82658833
5 13 36.10556
5 11 1.4977039
5 29 4.8044953
5 34 2.4614403
5 20 1.347584
5 37 9.687993
5 7 9.775421
5 27 1.8334228
5 16 1.5321428
5 23 2.911884
5 25 2000.0
6 31 0.36087662
6 17 4.2217474
7 30 0.82801133
7 20 41.085716
7 8 3.1634922
7 27 200.0
7 16 1.7579399
7 23 1.399062
7 29 2000.0
7 25 2.6994464
7 5 9.775421
8 0 2000.0
8 30 0.5320868
8 18 1.3317082
8 13 0.8615148
8 11 0.9058412
8 29 0.9648287
8 5 0.54329544
8 34 59.30568
8 2 2.532341
8 37 1.1033968
8 7 3.1634922
8 27 4.2581277
8 16 1.615739
8 23 0.9363522
8 25 2000.0
9 36 0.7621725
9 26 2000.0
9 28 1.093025
9 10 10.984631
9 22 0.055092618
9 31 0.04194254
9 3 0.851049
9 12 2000.0
9 4 0.074208274
9 17 0.036990304
9 19 0.068461254
10 26 0.02910617
10 28 0.4041455
10 24 0.19477512
10 31 23.140497
10 12 1301.0228
10 9 10.984631
10 17 0.033953093
11 0 2000.0
11 30 0.7896103
11 8 0.9058412
11 18 9.328688
11 13 1.1022763
11 33 1.8576164
11 29 0.9053883
11 5 1.4977039
11 34 3.4763255
11 20 1.7058408
11 2 1.8364644
11 37 1.8564165
11 7 1372.2158
11 27 0.67164135
11 16 1.6000654
11 25 0.9027289
12 26 0.6753984
12 32 5.803788
12 24 0.08448497
12 21 0.26578146
12 3 0.06974665
12 1 19.247393
13 30 33.395004
13 0 1.1946136
13 8 0.8615148
13 18 112.50001
13 33 1.2379782
13 11 1.1022763
13 29 1.2649347
13 5 36.10556
13 34 189.47371
13 20 0.9155112
13 2 0.6397071
13 14 5.346455
13 37 0.97737765
13 7 2000.0
13 27 0.4010062
13 16 53.91332
13 25 0.26265836
14 30 4.302473
14 20 2.006591
14 13 5.346455
14 27 5.107562
14 33 0.5263796
14 11 2000.0
14 25 1.8531442
15 32 0.06790682
15 21 88.888885
16 0 2000.0
16 30 1.1532837
16 8 1.615739
16 18 1.559425
16 13 53.91332
16 11 1.6000654
16 5 1.5321428
16 34 117.915886
16 20 37.94882
16 7 1.7579399
16 27 1.5127871
16 23 2.784007
16 25 1.2557231
17 6 4.2217474
17 26 1.4568133
17 10 0.033953093
17 24 0.15599391
17 31 1.0319663
17 9 0.036990304
17 4 0.1691027
17 19 65.99692
18 0 2000.0
18 30 0.75954354
18 8 1.3317082
18 13 112.50001
18 11 9.328688
18 29 1.1921949
18 5 0.82658833
18 2 2.5592477
18 37 2.8859725
18 7 2000.0
18 27 48.089165
18 16 1.559425
18 23 1.2721218
19 31 0.085650995
19 9 0.068461254
19 17 65.99692
19 4 0.072007574
20 30 0.95136017
20 13 0.9155112
20 33 3.1307263
20 11 1.7058408
20 29 6.1896834
20 5 1.347584
20 34 1.3533851
20 2 3.0761976
20 14 2.006591
20 37 4.2624736
20 7 41.085716
20 27 1.2984564
20 16 37.94882
20 25 1.6057926
21 32 2000.0
21 24 1.0089834
21 35 0.031063715
21 31 2000.0
21 12 0.26578146
21 15 88.888885
22 31 171.42857
22 9 0.055092618
22 19 2000.0
23 0 2000.0
23 30 1.2371967
23 8 0.9363522
23 2 9.368445
23 37 1.6658465
23 18 1.2721218
23 7 1.399062
23 16 2.784007
23 11 2000.0
23 29 0.9945965
23 5 2.911884
24 26 0.04319465
24 32 0.18319991
24 10 0.19477512
24 21 1.0089834
24 12 0.08448497
24 3 266.6667
24 15 2000.0
24 17 0.15599391
25 30 16.420454
25 0 14.72423
25 13 0.26265836
25 33 0.7766528
25 11 0.9027289
25 29 1.595501
25 34 4.4883676
25 20 1.6057926
25 2 0.5823922
25 14 1.8531442
25 37 34.719666
25 7 2.6994464
25 27 0.28003246
25 16 1.2557231
26 32 12.582492
26 28 0.0529484
26 10 0.02910617
26 24 0.04319465
26 31 0.18585432
26 12 0.6753984
26 17 1.4568133
27 30 0.59246206
27 0 2000.0
27 8 4.2581277
27 18 48.089165
27 13 0.4010062
27 33 0.7754769
27 11 0.67164135
27 29 0.73802435
27 5 1.8334228
27 34 1.1120397
27 20 1.2984564
27 2 1.3133245
27 14 5.107562
27 37 1.0227451
27 7 200.0
27 16 1.5127871
27 25 0.28003246
28 36 0.03175628
28 26 0.0529484
28 10 0.4041455
28 3 13.140284
28 12 1414.0342
28 9 1.093025
28 19 1374.5454
29 0 10.141786
29 30 0.72888964
29 8 0.9648287
29 18 1.1921949
29 13 1.2649347
29 33 7.7773056
29 11 0.9053883
29 5 4.8044953
29 34 3.1313193
29 20 6.1896834
29 2 1.1442286
29 37 0.9965436
29 7 2000.0
29 27 0.73802435
29 16 2000.0
29 23 0.9945965
29 25 1.595501
30 8 0.5320868
30 18 0.75954354
30 13 33.395004
30 33 10.537587
30 11 0.7896103
30 29 0.72888964
30 5 0.9662716
30 34 0.8348784
30 20 0.95136017
30 2 23.207003
30 14 4.302473
30 37 17.900782
30 7 0.82801133
30 27 0.59246206
30 16 1.1532837
30 23 1.2371967
30 25 16.420454
31 26 0.18585432
31 6 0.36087662
31 10 23.140497
31 22 171.42857
31 9 0.04194254
31 4 0.07562407
31 17 1.0319663
31 19 0.085650995
32 26 12.582492
32 10 2000.0
32 24 0.18319991
32 12 5.803788
32 15 0.06790682
33 30 10.537587
33 8 2000.0
33 13 1.2379782
33 11 1.8576164
33 29 7.7773056
33 5 2000.0
33 34 2000.0
33 20 3.1307263
33 2 2.1470978
33 14 0.5263796
33 7 2000.0
33 27 0.7754769
33 16 1971.0227
33 25 0.7766528
34 30 0.8348784
34 20 1.3533851
34 8 59.30568
34 37 2000.0
34 7 2000.0
34 13 189.47371
34 27 1.1120397
34 16 117.915886
34 11 3.4763255
34 29 3.1313193
34 25 4.4883676
34 5 2.4614403
35 21 0.031063715
35 31 1156.534
36 28 0.03175628
36 3 0.3375413
36 9 0.7621725
37 30 17.900782
37 0 3.1944904
37 8 1.1033968
37 18 2.8859725
37 13 0.97737765
37 11 1.8564165
37 29 0.9965436
37 5 9.687993
37 20 4.2624736
37 2 0.7926529
37 7 459.18936
37 27 1.0227451
37 16 2000.0
37 23 1.6658465
37 25 34.719666
