0 8 8.306033
0 2 1.3450931
0 37 0.8041028
0 13 0.5316405
0 11 57.142857
0 29 12.998603
1 3 0.24769062
1 12 73.35208
2 30 31.289309
2 0 1.3450931
2 8 2.2744408
2 18 16.142935
2 13 1.2092056
2 33 4.037411
2 11 1.2359744
2 29 1.3116288
2 20 1.9866059
2 37 1.1800733
2 27 1.2316333
2 16 2000.0
2 23 35.91871
2 25 2.7343678
3 36 0.20060974
3 28 0.08784965
3 24 2000.0
3 12 0.04898517
3 1 0.24769062
3 9 0.4691387
4 31 0.080289304
4 9 0.06558579
4 17 0.103804596
4 19 0.123251036
5 30 0.8088497
5 8 0.69597924
5 18 0.46324065
5 13 600.0
5 11 1.7760094
5 29 2.885154
5 34 1.462047
5 20 1.8672942
5 37 2000.0
5 7 3.0033052
5 27 2.1724598
5 16 1.3167716
5 23 11.118813
6 31 0.2715587
6 17 1.4836518
7 34 10.547029
7 30 1.0140381
7 20 1.1619413
7 8 27.492275
7 37 16.193365
7 27 64.40375
7 16 1.2050385
7 11 24.394152
7 23 1.5561984
7 25 2.9744318
7 5 3.0033052
8 0 8.306033
8 30 0.6061876
8 18 1.1184887
8 13 1.3091342
8 11 0.70776844
8 29 0.75689095
8 5 0.69597924
8 34 3.2893856
8 2 2.2744408
8 37 1.2859931
8 7 27.492275
8 27 2.2636364
8 16 2.626435
8 23 1.0769593
9 36 1.4214867
9 28 3.2580967
9 10 9.517421
9 22 0.24158551
9 31 0.029351695
9 3 0.4691387
9 17 0.04228763
9 4 0.06558579
9 19 0.064963825
10 26 0.03152012
10 28 0.31461036
10 24 0.043648638
10 31 0.059244376
10 12 4.788872
10 9 9.517421
10 17 0.03158532
11 0 57.142857
11 30 0.47809753
11 8 0.70776844
11 18 8.362883
11 13 0.9129055
11 33 3.3436286
11 29 0.85328484
11 5 1.7760094
11 34 4.0536904
11 20 1.5146022
11 2 1.2359744
11 37 2.0153148
11 7 24.394152
11 27 0.8358951
11 16 1.0881432
11 25 1.3922913
12 26 1.1038648
12 28 3.7020104
12 32 0.22549084
12 10 4.788872
12 24 0.082545295
12 21 0.078863636
12 3 0.04898517
12 1 73.35208
13 30 7.397767
13 0 0.5316405
13 8 1.3091342
13 18 800.0
13 33 1.008679
13 11 0.9129055
13 29 0.98237175
13 5 600.0
13 34 6.8814774
13 20 0.407472
13 2 1.2092056
13 14 3.1914003
13 37 2.4425588
13 27 0.4682116
13 16 133.33334
13 25 0.75326455
14 34 2000.0
14 20 2.6572762
14 13 3.1914003
14 27 2.2047505
14 33 0.4795198
14 11 2000.0
14 25 3.1492205
15 32 0.09422078
15 21 1.7747953
16 30 1.067698
16 0 2000.0
16 8 2.626435
16 18 0.99119765
16 13 133.33334
16 11 1.0881432
16 29 49.15692
16 5 1.3167716
16 20 6.575109
16 37 168.94034
16 7 1.2050385
16 27 1.2030078
16 23 8.988794
16 25 1.2433206
17 26 2.6257398
17 6 1.4836518
17 10 0.03158532
17 24 0.14729145
17 31 1.2911142
17 9 0.04228763
17 4 0.103804596
17 19 2.3119555
18 30 0.6310759
18 2 16.142935
18 8 1.1184887
18 37 1.057596
18 13 800.0
18 7 2000.0
18 27 3.3691516
18 16 0.99119765
18 23 1.0809311
18 11 8.362883
18 29 1.0820711
18 5 0.46324065
19 31 0.079737745
19 9 0.064963825
19 17 2.3119555
19 4 0.123251036
20 30 18.641863
20 13 0.407472
20 33 1.3794329
20 11 1.5146022
20 29 2.5690477
20 5 1.8672942
20 34 0.8516013
20 2 1.9866059
20 14 2.6572762
20 37 1.7568758
20 7 1.1619413
20 27 0.5569686
20 16 6.575109
20 25 0.43789786
21 32 640.0
21 24 0.4082205
21 35 0.053143892
21 12 0.078863636
21 15 1.7747953
22 6 1377.9546
22 31 1478.0114
22 9 0.24158551
22 19 1339.5455
23 0 2000.0
23 30 1.0315815
23 2 35.91871
23 8 1.0769593
23 37 1.8499794
23 18 1.0809311
23 7 1.5561984
23 16 8.988794
23 11 2000.0
23 29 3.5515375
23 5 11.118813
24 26 0.07608651
24 32 0.10433172
24 10 0.043648638
24 21 0.4082205
24 31 14.725746
24 12 0.082545295
24 15 2000.0
24 17 0.14729145
25 30 4.485555
25 13 0.75326455
25 33 0.36147508
25 11 1.3922913
25 29 2.9835286
25 34 1.7744893
25 20 0.43789786
25 2 2.7343678
25 14 3.1492205
25 37 37.107952
25 7 2.9744318
25 27 0.7327876
25 16 1.2433206
26 36 50.824898
26 32 42.60519
26 28 0.08502331
26 10 0.03152012
26 24 0.07608651
26 31 0.07176407
26 12 1.1038648
26 17 2.6257398
27 0 2000.0
27 30 0.16842763
27 8 2.2636364
27 18 3.3691516
27 13 0.4682116
27 33 0.7716451
27 11 0.8358951
27 29 0.7519176
27 5 2.1724598
27 34 0.99241114
27 20 0.5569686
27 2 1.2316333
27 14 2.2047505
27 37 2.067135
27 7 64.40375
27 16 1.2030078
27 25 0.7327876
28 36 0.034714077
28 26 0.08502331
28 10 0.31461036
28 3 0.08784965
28 12 3.7020104
28 9 3.2580967
29 0 12.998603
29 30 4.2840905
29 8 0.75689095
29 18 1.0820711
29 13 0.98237175
29 11 0.85328484
29 5 2.885154
29 34 6.667393
29 20 2.5690477
29 2 1.3116288
29 37 0.9377185
29 7 2000.0
29 27 0.7519176
29 16 49.15692
29 23 3.5515375
29 25 2.9835286
30 0 2000.0
30 8 0.6061876
30 18 0.6310759
30 13 7.397767
30 33 1.3391608
30 11 0.47809753
30 29 4.2840905
30 5 0.8088497
30 34 1.3627077
30 20 18.641863
30 2 31.289309
30 37 7.765717
30 7 1.0140381
30 27 0.16842763
30 16 1.067698
30 23 1.0315815
30 25 4.485555
31 26 0.07176407
31 6 0.2715587
31 10 0.059244376
31 24 14.725746
31 9 0.029351695
31 17 1.2911142
31 4 0.080289304
31 19 0.079737745
32 26 42.60519
32 24 0.10433172
32 21 640.0
32 12 0.22549084
32 15 0.09422078
33 30 1.3391608
33 13 1.008679
33 11 3.3436286
33 29 5608.125
33 5 2000.0
33 34 2000.0
33 20 1.3794329
33 2 4.037411
33 14 0.4795198
33 7 2000.0
33 27 0.7716451
33 16 2000.0
33 25 0.36147508
34 30 1.3627077
34 20 0.8516013
34 8 3.2893856
34 13 6.8814774
34 7 10.547029
34 27 0.99241114
34 16 1215.0568
34 11 4.0536904
34 25 1.7744893
34 29 6.667393
34 5 1.462047
35 21 0.053143892
36 26 50.824898
36 28 0.034714077
36 3 0.20060974
36 9 1.4214867
37 30 7.765717
37 0 0.8041028
37 8 1.2859931
37 18 1.057596
37 13 2.4425588
37 11 2.0153148
37 29 0.9377185
37 20 1.7568758
37 2 1.1800733
37 7 16.193365
37 27 2.067135
37 16 168.94034
37 23 1.8499794
37 25 37.107952
