0 2 1.4250749
0 37 2.7052617
0 13 0.80577654
0 29 27.017427
0 25 32.742622
1 3 1.4394202
1 12 17.925428
2 30 14.439631
2 0 1.4250749
2 8 1.5854394
2 18 1.2879406
2 13 0.56858623
2 33 2.0010533
2 11 2.4173393
2 29 1.3234348
2 20 4.43536
2 37 0.841157
2 27 1.1260259
2 16 2000.0
2 23 7.8198605
2 25 0.55435187
3 36 0.3697991
3 28 9.019043
3 24 2000.0
3 12 0.07685532
3 1 1.4394202
3 9 1.0248252
4 31 0.066324934
4 9 0.08078262
4 17 0.15638255
4 19 0.06931818
5 30 0.74108654
5 8 0.6390451
5 18 1.721753
5 13 47.168007
5 11 2.284983
5 29 7.819704
5 34 5.3571362
5 20 5.799687
5 37 26.661978
5 7 16.420485
5 27 5.1926517
5 16 1.8537341
5 23 3.4578607
5 25 2000.0
6 31 0.18036
6 17 1.2047534
7 34 240.00002
7 30 0.97880244
7 20 41.80038
7 8 12.572741
7 37 2000.0
7 16 1.4625356
7 23 1.5177463
7 11 160.0
7 25 3.4105654
7 5 16.420485
8 0 2000.0
8 30 0.56484723
8 18 1.3127798
8 13 1.7259513
8 11 1.2780908
8 29 0.8575556
8 5 0.6390451
8 34 34.103733
8 2 1.5854394
8 37 1.6395965
8 7 12.572741
8 27 3.000024
8 16 1.5325019
8 23 2.5425158
8 25 2000.0
9 36 0.45208335
9 26 2000.0
9 28 1.5545087
9 10 16.667698
9 22 0.1094441
9 31 0.029986443
9 3 1.0248252
9 12 2000.0
9 4 0.08078262
9 17 0.036038693
9 19 0.06577228
10 26 0.02983069
10 28 0.25331172
10 24 0.088524595
10 31 8.078513
10 12 1264.2045
10 9 16.667698
10 17 0.03204729
11 0 2000.0
11 30 1.3070874
11 8 1.2780908
11 18 8.594743
11 13 0.8178774
11 33 2.6630185
11 29 1.3886863
11 5 2.284983
11 34 3.4956017
11 20 1.5051205
11 2 2.4173393
11 37 1.7097671
11 7 160.0
11 27 0.8182285
11 16 1.2545949
11 25 1.6857526
12 26 0.6175464
12 32 7.409381
12 24 0.06996639
12 21 0.1098686
12 3 0.07685532
12 1 17.925428
13 30 40.397938
13 0 0.80577654
13 8 1.7259513
13 18 2000.0
13 33 1.0300132
13 11 0.8178774
13 29 1.015105
13 5 47.168007
13 34 160.0
13 20 2.2157097
13 2 0.56858623
13 14 6.333122
13 37 1.6866078
13 7 2000.0
13 27 0.39197472
13 16 55.246567
13 25 0.28547072
14 30 11.7969265
14 20 5.649351
14 13 6.333122
14 27 12.005503
14 33 0.4454704
14 11 2000.0
14 25 5.0556607
15 32 0.07159091
15 21 7.1510973
16 0 2000.0
16 30 1.0832407
16 8 1.5325019
16 18 1.362443
16 13 55.246567
16 11 1.2545949
16 29 156.8892
16 5 1.8537341
16 34 61.594692
16 20 28.076508
16 7 1.4625356
16 27 1.2763327
16 23 2.4276133
16 25 1.2872981
17 6 1.2047534
17 26 1.5585594
17 10 0.03204729
17 24 0.18547365
17 31 1.016305
17 9 0.036038693
17 4 0.15638255
17 19 59.980114
18 0 2000.0
18 30 0.72128356
18 8 1.3127798
18 13 2000.0
18 11 8.594743
18 29 1.3392856
18 5 1.721753
18 2 1.2879406
18 37 4.3423347
18 7 2000.0
18 27 32.63331
18 16 1.362443
18 23 1.5833571
19 31 0.08094416
19 9 0.06577228
19 17 59.980114
19 4 0.06931818
20 30 2.48199
20 13 2.2157097
20 33 1.1902927
20 11 1.5051205
20 29 24.489649
20 5 5.799687
20 34 1.1443003
20 2 4.43536
20 14 5.649351
20 37 1.6688138
20 7 41.80038
20 27 1.6127337
20 16 28.076508
20 25 0.5676804
21 26 2000.0
21 32 2000.0
21 24 0.6759313
21 35 0.042356737
21 12 0.1098686
21 15 7.1510973
22 31 200.0
22 9 0.1094441
22 19 2000.0
23 0 2000.0
23 30 1.1455463
23 8 2.5425158
23 2 7.8198605
23 37 3.967701
23 18 1.5833571
23 7 1.5177463
23 16 2.4276133
23 11 2000.0
23 29 0.7487296
23 5 3.4578607
24 26 0.04052429
24 32 0.24551491
24 10 0.088524595
24 21 0.6759313
24 31 2000.0
24 12 0.06996639
24 15 2000.0
24 17 0.18547365
25 30 22.593342
25 0 32.742622
25 13 0.28547072
25 33 0.916634
25 11 1.6857526
25 29 2.2925828
25 34 2.025932
25 20 0.5676804
25 2 0.55435187
25 14 5.0556607
25 37 135.80667
25 7 3.4105654
25 27 0.21474028
25 16 1.2872981
26 32 48.27159
26 28 0.054701425
26 10 0.02983069
26 24 0.04052429
26 31 0.18008892
26 12 0.6175464
26 17 1.5585594
27 30 0.25444928
27 0 2000.0
27 8 3.000024
27 18 32.63331
27 13 0.39197472
27 33 0.93563163
27 11 0.8182285
27 29 0.74480516
27 5 5.1926517
27 34 1.3012326
27 20 1.6127337
27 2 1.1260259
27 14 12.005503
27 37 1.0637726
27 7 2000.0
27 16 1.2763327
27 25 0.21474028
28 36 0.04206829
28 26 0.054701425
28 10 0.25331172
28 3 9.019043
28 12 1145.7386
28 9 1.5545087
28 19 1372.6136
29 0 27.017427
29 30 3.1190698
29 8 0.8575556
29 18 1.3392856
29 13 1.015105
29 33 26.595802
29 11 1.3886863
29 5 7.819704
29 34 3.1782687
29 20 24.489649
29 2 1.3234348
29 37 1.697005
29 7 2000.0
29 27 0.74480516
29 16 156.8892
29 23 0.7487296
29 25 2.2925828
30 8 0.56484723
30 18 0.72128356
30 13 40.397938
30 33 9.838689
30 11 1.3070874
30 29 3.1190698
30 5 0.74108654
30 34 0.79296833
30 20 2.48199
30 2 14.439631
30 14 11.7969265
30 37 17.774359
30 7 0.97880244
30 27 0.25444928
30 16 1.0832407
30 23 1.1455463
30 25 22.593342
31 26 0.18008892
31 6 0.18036
31 10 8.078513
31 35 23.001892
31 22 200.0
31 9 0.029986443
31 4 0.066324934
31 17 1.016305
31 19 0.08094416
32 26 48.27159
32 24 0.24551491
32 12 7.409381
32 15 0.07159091
33 30 9.838689
33 8 2000.0
33 13 1.0300132
33 11 2.6630185
33 29 26.595802
33 5 2000.0
33 34 2000.0
33 20 1.1902927
33 2 2.0010533
33 14 0.4454704
33 7 2000.0
33 27 0.93563163
33 16 3017.898
33 25 0.916634
34 30 0.79296833
34 20 1.1443003
34 8 34.103733
34 37 2000.0
34 7 240.00002
34 13 160.0
34 27 1.3012326
34 16 61.594692
34 11 3.4956017
34 29 3.1782687
34 25 2.025932
34 5 5.3571362
35 21 0.042356737
35 31 23.001892
36 28 0.04206829
36 3 0.3697991
36 9 0.45208335
37 30 17.774359
37 0 2.7052617
37 8 1.6395965
37 18 4.3423347
37 13 1.6866078
37 11 1.7097671
37 29 1.697005
37 5 26.661978
37 20 1.6688138
37 2 0.841157
37 7 2000.0
37 27 1.0637726
37 16 2000.0
37 23 3.967701
37 25 135.80667
