0 8 4.3892984
0 2 1.6179348
0 37 1.0860159
0 13 1.1281531
0 11 62.255344
0 29 23.377996
0 25 2000.0
1 3 0.25942433
1 12 18.032387
2 30 8.114466
2 0 1.6179348
2 8 1.3707329
2 18 25.920141
2 13 0.73149043
2 33 3.3341482
2 11 2.0284557
2 29 1.260398
2 20 5.0726843
2 37 1.6907724
2 27 1.5589542
2 23 100.0
2 25 4.8057127
3 36 0.25027493
3 28 0.1281348
3 24 400.0
3 12 0.06345008
3 1 0.25942433
3 9 0.3000289
4 31 0.06521434
4 9 0.072012775
4 17 0.07785562
4 19 0.08504398
5 34 5.142725
5 30 0.52672774
5 20 1.1609639
5 8 0.5870834
5 37 2000.0
5 18 0.38128367
5 7 7.5394773
5 27 2.8034923
5 16 1.3758459
5 23 9.191041
5 11 4.0879865
5 29 2.1253932
6 31 1.0646901
6 17 1.1290919
7 34 6.0043926
7 30 1.9066081
7 20 1.9426668
7 8 42.963585
7 37 25.776848
7 27 2729.8862
7 16 1.4597386
7 11 39.254364
7 23 1.1518174
7 25 13.449543
7 5 7.5394773
8 0 4.3892984
8 30 0.4422379
8 18 1.0607766
8 13 2.230544
8 11 1.2324013
8 29 0.5318849
8 5 0.5870834
8 34 2.7281764
8 2 1.3707329
8 37 2.3945854
8 7 42.963585
8 27 2.33963
8 16 1.4725751
8 23 1.1704468
9 36 1.3767046
9 26 2000.0
9 28 3.1359522
9 10 4.4006376
9 22 0.32290062
9 31 0.040769376
9 3 0.3000289
9 12 2000.0
9 17 0.044003937
9 4 0.072012775
9 19 0.06962556
10 26 0.031639107
10 28 0.25432223
10 24 0.043533433
10 31 0.03347458
10 12 5.376487
10 9 4.4006376
10 17 0.02983069
11 0 62.255344
11 30 0.7846777
11 8 1.2324013
11 18 6.7375917
11 13 1.093992
11 33 3.7706168
11 29 0.8329484
11 5 4.0879865
11 34 5.161716
11 20 1.2480437
11 2 2.0284557
11 37 3.0010011
11 7 39.254364
11 27 0.54965514
11 16 1.0638226
11 25 1.3470904
12 26 5.9463162
12 28 5.9494224
12 32 0.2937077
12 10 5.376487
12 24 0.087955825
12 21 0.068539225
12 3 0.06345008
12 1 18.032387
13 30 2.7020943
13 0 1.1281531
13 8 2.230544
13 18 704.1762
13 33 0.95806265
13 11 1.093992
13 29 1.3419553
13 5 2000.0
13 34 11.58607
13 20 0.547508
13 2 0.73149043
13 14 2.9659266
13 37 2.0516984
13 27 0.5348971
13 16 111.87642
13 25 0.5828588
14 20 1.3913641
14 13 2.9659266
14 33 0.48854816
14 27 3.189951
14 11 2000.0
14 25 2.8089197
15 32 0.08841098
15 21 5.5060377
16 30 1.139946
16 0 2000.0
16 8 1.4725751
16 18 0.706866
16 13 111.87642
16 11 1.0638226
16 29 118.529205
16 5 1.3758459
16 20 5.873934
16 37 73.68239
16 7 1.4597386
16 27 1.7020068
16 23 10.811679
16 25 1.0878873
17 26 1.8184695
17 6 1.1290919
17 10 0.02983069
17 24 0.16017428
17 31 1.2506171
17 9 0.044003937
17 4 0.07785562
17 19 4.0711126
18 30 0.69572467
18 2 25.920141
18 8 1.0607766
18 37 1.8432944
18 7 2000.0
18 13 704.1762
18 27 4.6213207
18 16 0.706866
18 23 1.4469719
18 11 6.7375917
18 29 1.3504786
18 5 0.38128367
19 31 0.06728944
19 9 0.06962556
19 17 4.0711126
19 4 0.08504398
20 30 6.3413467
20 13 0.547508
20 33 1.4909099
20 11 1.2480437
20 29 1.5457253
20 5 1.1609639
20 34 0.7958996
20 2 5.0726843
20 14 1.3913641
20 37 3.2348113
20 7 1.9426668
20 27 0.5727696
20 16 5.873934
20 25 0.66892815
21 32 2000.0
21 10 2000.0
21 24 0.070699185
21 35 0.046760157
21 12 0.068539225
21 15 5.5060377
22 6 1197.159
22 31 1243.6932
22 9 0.32290062
22 19 1386.4772
23 0 2000.0
23 30 2.3433328
23 2 100.0
23 8 1.1704468
23 37 4.0636945
23 18 1.4469719
23 7 1.1518174
23 16 10.811679
23 11 2000.0
23 29 1.7441803
23 5 9.191041
24 26 0.058099393
24 32 0.1481729
24 10 0.043533433
24 21 0.070699185
24 31 7.9954734
24 12 0.087955825
24 3 400.0
24 15 2000.0
24 17 0.16017428
25 30 7.2578216
25 13 0.5828588
25 33 1.0647773
25 11 1.3470904
25 29 5.60872
25 34 1.2349051
25 20 0.66892815
25 2 4.8057127
25 14 2.8089197
25 37 19.573015
25 7 13.449543
25 27 0.9616608
25 16 1.0878873
26 36 113.234856
26 32 1627.3864
26 28 0.033426426
26 10 0.031639107
26 24 0.058099393
26 31 0.08976293
26 12 5.9463162
26 17 1.8184695
27 0 2000.0
27 30 0.21266693
27 8 2.33963
27 18 4.6213207
27 13 0.5348971
27 33 1.1484681
27 11 0.54965514
27 29 0.8367344
27 5 2.8034923
27 34 1.3422903
27 20 0.5727696
27 2 1.5589542
27 14 3.189951
27 37 4.7283945
27 7 2729.8862
27 16 1.7020068
27 25 0.9616608
28 36 0.031217484
28 26 0.033426426
28 10 0.25432223
28 3 0.1281348
28 12 5.9494224
28 9 3.1359522
29 0 23.377996
29 30 2.9438193
29 8 0.5318849
29 18 1.3504786
29 13 1.3419553
29 11 0.8329484
29 5 2.1253932
29 34 5.323958
29 20 1.5457253
29 2 1.260398
29 37 1.2069898
29 7 2000.0
29 27 0.8367344
29 16 118.529205
29 23 1.7441803
29 25 5.60872
30 0 2000.0
30 8 0.4422379
30 18 0.69572467
30 13 2.7020943
30 33 4.1965833
30 11 0.7846777
30 29 2.9438193
30 5 0.52672774
30 34 0.8390283
30 20 6.3413467
30 2 8.114466
30 37 18.49582
30 7 1.9066081
30 27 0.21266693
30 16 1.139946
30 23 2.3433328
30 25 7.2578216
31 26 0.08976293
31 6 1.0646901
31 10 0.03347458
31 24 7.9954734
31 9 0.040769376
31 17 1.2506171
31 4 0.06521434
31 19 0.06728944
32 24 0.1481729
32 12 0.2937077
32 15 0.08841098
33 30 4.1965833
33 8 2000.0
33 13 0.95806265
33 11 3.7706168
33 29 1436.875
33 5 2000.0
33 34 2000.0
33 20 1.4909099
33 2 3.3341482
33 14 0.48854816
33 7 2000.0
33 27 1.1484681
33 16 1622.3296
33 25 1.0647773
34 30 0.8390283
34 20 0.7958996
34 8 2.7281764
34 7 6.0043926
34 13 11.58607
34 27 1.3422903
34 16 5535.0566
34 11 5.161716
34 25 1.2349051
34 29 5.323958
34 5 5.142725
35 21 0.046760157
36 26 113.234856
36 28 0.031217484
36 3 0.25027493
36 9 1.3767046
37 30 18.49582
37 0 1.0860159
37 8 2.3945854
37 18 1.8432944
37 13 2.0516984
37 11 3.0010011
37 29 1.2069898
37 20 3.2348113
37 2 1.6907724
37 7 25.776848
37 27 4.7283945
37 16 73.68239
37 23 4.0636945
37 25 19.573015
