0 2 1.1802205
0 37 1.88079
0 13 0.7747521
0 29 22.36749
0 25 53.021744
1 3 1.2502567
1 12 17.349339
2 30 10.002915
2 0 1.1802205
2 8 1.3043269
2 18 2.2167616
2 13 0.4830797
2 33 2.4641426
2 11 1.6564968
2 29 0.92909694
2 20 2.6624656
2 37 0.97551036
2 27 1.2401729
2 16 2000.0
2 23 26.107
2 25 0.40773746
3 36 0.27138317
3 28 3.1625006
3 24 400.0
3 12 0.071986444
3 1 1.2502567
3 9 1.0208807
4 31 0.06990993
4 9 0.09138902
4 17 0.25437552
4 19 0.07220534
5 30 0.8444413
5 8 0.9255353
5 18 0.5099271
5 13 15.955804
5 11 3.60273
5 29 3.110575
5 34 1.7764612
5 20 2.5141995
5 37 8.387061
5 7 8.572739
5 27 3.4078016
5 16 1.8687811
5 23 2.9159484
5 25 2000.0
6 31 0.20284268
6 17 1.1437502
7 34 309.3117
7 30 0.9168226
7 20 82.31624
7 8 9.092307
7 16 1.1651586
7 11 1819.8296
7 23 1.182525
7 25 3.0329745
7 5 8.572739
8 0 2000.0
8 30 0.49580848
8 18 1.2400292
8 13 2.2625458
8 11 1.0858773
8 29 0.77214617
8 5 0.9255353
8 34 30.13001
8 2 1.3043269
8 37 1.1117985
8 7 9.092307
8 27 1.0697192
8 16 1.5501947
8 23 1.6920336
8 25 2000.0
9 36 0.5842593
9 26 2000.0
9 28 1.3029073
9 10 14.394792
9 22 0.08705911
9 31 0.028812721
9 3 1.0208807
9 12 2000.0
9 4 0.09138902
9 17 0.035272777
9 19 0.06878666
10 26 0.057425916
10 28 0.62848485
10 24 0.082167834
10 31 4.1394386
10 12 122.69156
10 9 14.394792
10 17 0.02988566
11 0 2000.0
11 30 0.7248604
11 8 1.0858773
11 18 10.361132
11 13 1.3002266
11 33 2.0120857
11 29 0.81131387
11 5 3.60273
11 34 2.8004735
11 20 2.3998663
11 2 1.6564968
11 37 1.794392
11 7 1819.8296
11 27 0.7138197
11 16 1.0272053
11 25 1.0755998
12 26 0.4835544
12 32 3.358992
12 10 122.69156
12 24 0.06627085
12 21 0.10085808
12 3 0.071986444
12 1 17.349339
13 30 31.337015
13 0 0.7747521
13 8 2.2625458
13 18 153.6055
13 33 1.1063415
13 11 1.3002266
13 29 0.83673495
13 5 15.955804
13 34 682.9655
13 20 1.202135
13 2 0.4830797
13 14 4.6377993
13 37 1.2922248
13 7 2000.0
13 27 0.3489796
13 16 273.27924
13 25 0.213185
14 30 9.700569
14 20 6.0831504
14 13 4.6377993
14 27 8.716447
14 33 0.4283358
14 11 2000.0
14 25 3.7871718
15 32 0.066186376
15 21 9.673573
16 30 1.0836256
16 0 2000.0
16 8 1.5501947
16 18 1.0408373
16 11 1.0272053
16 29 266.6667
16 5 1.8687811
16 34 25.69621
16 20 103.12692
16 7 1.1651586
16 27 1.4522961
16 23 3.3402076
16 25 0.74849516
17 6 1.1437502
17 26 1.6191924
17 10 0.02988566
17 24 0.10047906
17 31 0.96684957
17 9 0.035272777
17 4 0.25437552
17 19 28.659742
18 0 2000.0
18 30 0.7159184
18 8 1.2400292
18 13 153.6055
18 11 10.361132
18 29 1.1382653
18 5 0.5099271
18 2 2.2167616
18 37 3.0327463
18 7 2000.0
18 27 20.566128
18 16 1.0408373
18 23 1.4347433
19 28 176.01137
19 31 0.07279883
19 9 0.06878666
19 4 0.07220534
19 17 28.659742
20 0 2000.0
20 30 1.1798896
20 13 1.202135
20 33 2.7126515
20 11 2.3998663
20 29 4.8930783
20 5 2.5141995
20 34 1.4752582
20 2 2.6624656
20 14 6.0831504
20 37 8.658924
20 7 82.31624
20 27 1.7643116
20 16 103.12692
20 25 0.89915264
21 26 2000.0
21 32 2000.0
21 24 1.5059643
21 35 0.0349199
21 12 0.10085808
21 15 9.673573
22 31 72.00001
22 9 0.08705911
22 19 2000.0
23 0 2000.0
23 30 1.5928442
23 8 1.6920336
23 2 26.107
23 37 1.344169
23 18 1.4347433
23 7 1.182525
23 16 3.3402076
23 11 2000.0
23 29 1.2873816
23 5 2.9159484
24 26 0.043341946
24 32 0.3941805
24 10 0.082167834
24 21 1.5059643
24 12 0.06627085
24 3 400.0
24 15 2000.0
24 17 0.10047906
25 0 53.021744
25 30 17.233313
25 13 0.213185
25 33 0.6259307
25 11 1.0755998
25 29 1.8292574
25 34 1.855656
25 20 0.89915264
25 2 0.40773746
25 14 3.7871718
25 37 32.051285
25 7 3.0329745
25 27 0.2152757
25 16 0.74849516
26 32 1161.875
26 28 0.04970665
26 10 0.057425916
26 24 0.043341946
26 31 0.15862335
26 12 0.4835544
26 17 1.6191924
27 30 0.23092742
27 0 2000.0
27 8 1.0697192
27 18 20.566128
27 13 0.3489796
27 33 1.0474313
27 11 0.7138197
27 29 1.1002809
27 5 3.4078016
27 34 0.9379455
27 20 1.7643116
27 2 1.2401729
27 14 8.716447
27 37 1.0952563
27 7 2000.0
27 16 1.4522961
27 25 0.2152757
28 36 0.036234763
28 26 0.04970665
28 10 0.62848485
28 3 3.1625006
28 12 1211.1364
28 9 1.3029073
28 19 176.01137
29 0 22.36749
29 30 1.2906928
29 8 0.77214617
29 18 1.1382653
29 13 0.83673495
29 33 15.817895
29 11 0.81131387
29 5 3.110575
29 34 3.9625425
29 20 4.8930783
29 2 0.92909694
29 37 1.0558333
29 7 2000.0
29 27 1.1002809
29 16 266.6667
29 23 1.2873816
29 25 1.8292574
30 8 0.49580848
30 18 0.7159184
30 13 31.337015
30 33 6.471574
30 11 0.7248604
30 29 1.2906928
30 5 0.8444413
30 34 0.8690945
30 20 1.1798896
30 2 10.002915
30 14 9.700569
30 37 14.835002
30 7 0.9168226
30 27 0.23092742
30 16 1.0836256
30 23 1.5928442
30 25 17.233313
31 26 0.15862335
31 6 0.20284268
31 10 4.1394386
31 35 13.856479
31 22 72.00001
31 21 2000.0
31 9 0.028812721
31 4 0.06990993
31 17 0.96684957
31 19 0.07279883
32 24 0.3941805
32 12 3.358992
32 15 0.066186376
33 30 6.471574
33 8 2000.0
33 13 1.1063415
33 11 2.0120857
33 29 15.817895
33 34 2000.0
33 20 2.7126515
33 2 2.4641426
33 14 0.4283358
33 7 2000.0
33 27 1.0474313
33 16 3017.898
33 25 0.6259307
34 30 0.8690945
34 20 1.4752582
34 8 30.13001
34 37 2000.0
34 7 309.3117
34 13 682.9655
34 27 0.9379455
34 16 25.69621
34 11 2.8004735
34 29 3.9625425
34 25 1.855656
34 5 1.7764612
35 21 0.0349199
35 31 13.856479
36 28 0.036234763
36 3 0.27138317
36 9 0.5842593
37 30 14.835002
37 0 1.88079
37 8 1.1117985
37 18 3.0327463
37 13 1.2922248
37 11 1.794392
37 29 1.0558333
37 5 8.387061
37 20 8.658924
37 2 0.97551036
37 7 1691.9886
37 27 1.0952563
37 16 2000.0
37 23 1.344169
37 25 32.051285
