0 8 16.524645
0 2 1.0518305
0 37 0.8606505
0 13 0.7778475
0 11 50.053238
0 29 9.206897
0 25 800.0
1 3 0.37750787
1 12 1144.659
2 30 62.171654
2 0 1.0518305
2 8 1.6210768
2 18 12.053067
2 13 1.6430485
2 33 2.7716296
2 11 1.3960354
2 29 1.1038654
2 20 2.6036484
2 37 1.0128682
2 27 4.2675734
2 23 2000.0
2 25 2.3018224
3 36 0.34015152
3 28 0.09407895
3 24 133.33334
3 12 0.07136062
3 1 0.37750787
3 9 0.23034652
4 31 0.11588005
4 9 0.0739661
4 17 0.076034896
4 19 0.080709316
5 30 1.1091897
5 8 0.9599282
5 18 1.099925
5 13 2000.0
5 11 2.8363771
5 29 3.7695458
5 34 5.3216214
5 20 2.0511532
5 37 2000.0
5 7 5.627336
5 27 2.1539218
5 16 1.5328614
5 23 10.142168
6 22 82.01679
6 31 1.07315
6 17 2.0268486
7 34 6.807
7 30 0.88141584
7 20 2.0122552
7 8 59.10228
7 37 15.50413
7 27 257.14285
7 16 1.392821
7 11 9.776067
7 23 1.1031815
7 25 6.8987126
7 5 5.627336
8 0 16.524645
8 30 0.89203537
8 18 1.7162359
8 13 3.4226725
8 11 1.6997855
8 29 0.6200222
8 5 0.9599282
8 34 13.231384
8 2 1.6210768
8 37 1.3515201
8 7 59.10228
8 27 1.6580577
8 16 1.666523
8 23 1.7961687
9 36 1.3348916
9 26 2000.0
9 28 1.6694984
9 10 4.1917667
9 22 0.56949085
9 31 0.029683214
9 3 0.23034652
9 17 0.04793219
9 4 0.0739661
9 19 0.06647861
10 26 0.034406397
10 28 0.23631477
10 24 0.07971356
10 31 0.029096588
10 12 6.3307853
10 9 4.1917667
10 17 0.034036826
11 0 50.053238
11 30 0.60007334
11 8 1.6997855
11 18 4.99513
11 13 0.64068496
11 33 2.5086832
11 29 0.9371249
11 5 2.8363771
11 34 1.7604758
11 20 1.3277406
11 2 1.3960354
11 37 1.7515944
11 7 9.776067
11 27 0.61025614
11 16 0.98139524
11 25 1.1896253
12 26 1.0700948
12 28 4.653794
12 32 0.25083733
12 10 6.3307853
12 24 0.071531884
12 21 0.079159744
12 3 0.07136062
13 30 1.3256736
13 0 0.7778475
13 8 3.4226725
13 18 245.00002
13 33 0.85880464
13 11 0.64068496
13 29 0.4708228
13 34 11.796302
13 20 0.7561081
13 2 1.6430485
13 14 2.8533857
13 37 1.9226279
13 27 0.20477523
13 16 133.33334
13 25 0.49824607
14 20 0.7620643
14 13 2.8533857
14 33 0.39501822
14 27 2.5403013
14 11 2000.0
14 25 2.013811
15 32 0.07176407
15 21 4.222939
16 30 1.139975
16 0 2000.0
16 8 1.666523
16 18 0.6941739
16 13 133.33334
16 11 0.98139524
16 29 69.60909
16 5 1.5328614
16 20 16.040724
16 37 14.145582
16 7 1.392821
16 27 1.9634813
16 23 5.3505855
16 25 2.2918277
17 26 1.7248011
17 6 2.0268486
17 10 0.034036826
17 24 0.2526989
17 31 1.1864564
17 9 0.04793219
17 4 0.076034896
17 19 2.728194
18 30 0.75447917
18 2 12.053067
18 8 1.7162359
18 37 1.3701503
18 7 2000.0
18 13 245.00002
18 27 3.5308406
18 16 0.6941739
18 23 1.5037948
18 11 4.99513
18 29 1.0857329
18 5 1.099925
19 31 0.06930702
19 9 0.06647861
19 17 2.728194
19 4 0.080709316
20 30 32.548
20 13 0.7561081
20 33 0.95416605
20 11 1.3277406
20 29 1.0873917
20 5 2.0511532
20 34 0.93542695
20 2 2.6036484
20 14 0.7620643
20 37 5.468164
20 7 2.0122552
20 27 0.2769528
20 16 16.040724
20 25 0.635035
21 10 2000.0
21 24 0.11291915
21 35 0.043016434
21 12 0.079159744
21 15 4.222939
22 6 82.01679
22 31 1199.8864
22 9 0.56949085
22 19 1329.8296
23 0 2000.0
23 30 1.7605147
23 2 2000.0
23 8 1.7961687
23 37 6.3816495
23 18 1.5037948
23 7 1.1031815
23 16 5.3505855
23 11 2000.0
23 29 2.181514
23 5 10.142168
24 26 0.05387822
24 32 0.106348164
24 10 0.07971356
24 21 0.11291915
24 31 37.04637
24 12 0.071531884
24 3 133.33334
24 15 2000.0
24 17 0.2526989
25 0 800.0
25 30 0.8320147
25 13 0.49824607
25 33 0.42703053
25 11 1.1896253
25 29 1.546542
25 34 1.9139181
25 20 0.635035
25 2 2.3018224
25 14 2.013811
25 37 23.506273
25 7 6.8987126
25 27 0.6173762
25 16 2.2918277
26 36 1546.1176
26 32 33.928154
26 28 0.035264876
26 10 0.034406397
26 24 0.05387822
26 31 0.06895541
26 12 1.0700948
26 17 1.7248011
27 0 2000.0
27 30 0.29460016
27 8 1.6580577
27 18 3.5308406
27 13 0.20477523
27 33 1.1471373
27 11 0.61025614
27 29 0.35846496
27 5 2.1539218
27 34 1.7903836
27 20 0.2769528
27 2 4.2675734
27 14 2.5403013
27 37 1.435019
27 7 257.14285
27 16 1.9634813
27 25 0.6173762
28 36 0.033333126
28 26 0.035264876
28 10 0.23631477
28 3 0.09407895
28 12 4.653794
28 9 1.6694984
29 0 9.206897
29 30 2.335884
29 8 0.6200222
29 18 1.0857329
29 13 0.4708228
29 11 0.9371249
29 5 3.7695458
29 34 17.800058
29 20 1.0873917
29 2 1.1038654
29 37 0.9702759
29 7 2000.0
29 27 0.35846496
29 16 69.60909
29 23 2.181514
29 25 1.546542
30 0 2000.0
30 8 0.89203537
30 18 0.75447917
30 13 1.3256736
30 33 7.551103
30 11 0.60007334
30 29 2.335884
30 5 1.1091897
30 34 2.553657
30 20 32.548
30 2 62.171654
30 14 2000.0
30 37 7.0836096
30 7 0.88141584
30 27 0.29460016
30 16 1.139975
30 23 1.7605147
30 25 0.8320147
31 26 0.06895541
31 6 1.07315
31 10 0.029096588
31 24 37.04637
31 9 0.029683214
31 17 1.1864564
31 4 0.11588005
31 19 0.06930702
32 26 33.928154
32 24 0.106348164
32 12 0.25083733
32 15 0.07176407
33 30 7.551103
33 13 0.85880464
33 11 2.5086832
33 29 3275.3408
33 5 2000.0
33 34 2000.0
33 20 0.95416605
33 2 2.7716296
33 14 0.39501822
33 7 2000.0
33 27 1.1471373
33 16 1998.8635
33 25 0.42703053
34 30 2.553657
34 20 0.93542695
34 8 13.231384
34 7 6.807
34 13 11.796302
34 27 1.7903836
34 16 5535.0566
34 11 1.7604758
34 25 1.9139181
34 29 17.800058
34 5 5.3216214
35 21 0.043016434
36 26 1546.1176
36 28 0.033333126
36 3 0.34015152
36 9 1.3348916
37 30 7.0836096
37 0 0.8606505
37 8 1.3515201
37 18 1.3701503
37 13 1.9226279
37 11 1.7515944
37 29 0.9702759
37 20 5.468164
37 2 1.0128682
37 7 15.50413
37 27 1.435019
37 16 14.145582
37 23 6.3816495
37 25 23.506273
