0 2 1.0333046
0 37 2.3165486
0 13 0.8757533
0 29 42.268612
0 25 54.703125
1 3 1.9774436
1 12 10.944418
2 0 1.0333046
2 30 45.090405
2 8 1.2254549
2 18 1.9994133
2 13 0.7713154
2 33 2.5634494
2 11 1.4928458
2 29 1.1407173
2 20 4.796271
2 37 1.1736128
2 27 2.0935962
2 16 2000.0
2 23 8.00947
2 25 1.1818933
3 36 0.3583527
3 28 1107.5
3 24 185.1852
3 12 0.0505132
3 1 1.9774436
3 9 0.7067609
4 31 0.07057954
4 9 0.10349125
4 17 0.1408128
4 19 0.06777376
5 30 0.70355636
5 8 0.30354622
5 18 0.6284672
5 13 55.644154
5 11 1.3566394
5 29 1.7277588
5 34 2.503553
5 20 5.626561
5 37 70.804924
5 7 23.839695
5 27 1.9282007
5 16 2.0489645
5 23 3.1572876
6 31 0.26238823
6 17 2.3905501
7 30 0.9080047
7 20 98.539345
7 8 6.097367
7 37 293.3088
7 16 1.3778806
7 11 29.891468
7 23 1.3424255
7 25 2.8745494
7 29 1066.6667
7 5 23.839695
8 0 2000.0
8 30 0.5444839
8 18 1.2387693
8 13 1.0173388
8 11 1.1037999
8 29 0.26834387
8 5 0.30354622
8 34 176.5434
8 2 1.2254549
8 37 1.466948
8 7 6.097367
8 27 1.7281579
8 16 1.9905578
8 23 0.8582516
8 25 2000.0
9 36 1.4985429
9 28 0.79207164
9 10 18.207865
9 22 0.05206327
9 31 0.030428179
9 3 0.7067609
9 4 0.10349125
9 17 0.03792155
9 19 0.062395263
10 26 0.03071876
10 28 0.69077665
10 24 0.116732486
10 31 0.6065257
10 12 1449.5455
10 9 18.207865
10 17 0.030625932
11 0 2000.0
11 30 1.1798444
11 8 1.1037999
11 18 7.614501
11 13 1.5417693
11 33 3.6079392
11 29 1.3864076
11 5 1.3566394
11 34 2.2837138
11 20 1.7212175
11 2 1.4928458
11 37 1.9898984
11 7 29.891468
11 27 1.147783
11 16 1.1907526
11 25 0.8298681
12 26 1.3723338
12 32 7.186467
12 24 0.10109086
12 21 0.2823119
12 3 0.0505132
12 1 10.944418
13 30 67.44461
13 0 0.8757533
13 8 1.0173388
13 18 154.25497
13 33 1.3819791
13 11 1.5417693
13 29 0.96515536
13 5 55.644154
13 34 216.68939
13 20 1.4843595
13 2 0.7713154
13 14 18.438322
13 37 1.2416059
13 7 2000.0
13 27 2.3532748
13 16 92.02689
13 25 0.2890275
14 30 5.098593
14 20 6.1500864
14 13 18.438322
14 27 6.6647
14 33 0.56856704
14 25 3.2993066
15 32 0.074305564
15 24 266.6667
15 21 10.307387
16 0 2000.0
16 30 1.0999162
16 8 1.9905578
16 18 1.8697826
16 13 92.02689
16 33 94.74632
16 11 1.1907526
16 29 17.160582
16 5 2.0489645
16 34 183.6341
16 20 28.96195
16 7 1.3778806
16 27 1.6080767
16 23 4.619136
16 25 1.988578
17 6 2.3905501
17 26 3.486683
17 10 0.030625932
17 24 0.078004815
17 31 0.98408175
17 9 0.03792155
17 4 0.1408128
17 19 23.206217
18 0 2000.0
18 30 0.6816015
18 8 1.2387693
18 13 154.25497
18 11 7.614501
18 29 1.1729599
18 5 0.6284672
18 2 1.9994133
18 37 2.9076755
18 7 2000.0
18 27 19.400408
18 16 1.8697826
18 23 1.2401413
19 31 0.064917885
19 9 0.062395263
19 4 0.06777376
19 17 23.206217
20 30 1.3762118
20 13 1.4843595
20 33 1.3748349
20 11 1.7212175
20 29 98.71987
20 5 5.626561
20 34 0.90925753
20 2 4.796271
20 14 6.1500864
20 37 4.8255925
20 7 98.539345
20 27 1.6492534
20 16 28.96195
20 25 1.0384892
21 26 2000.0
21 32 276.9231
21 24 0.22189014
21 35 0.031182904
21 31 2000.0
21 12 0.2823119
21 15 10.307387
22 31 41.042427
22 9 0.05206327
22 19 2000.0
23 30 2.3965912
23 0 2000.0
23 8 0.8582516
23 2 8.00947
23 37 1.5137196
23 18 1.2401413
23 7 1.3424255
23 16 4.619136
23 11 2000.0
23 29 1.3293144
23 5 3.1572876
24 26 0.032708988
24 32 0.2264796
24 10 0.116732486
24 21 0.22189014
24 31 2000.0
24 12 0.10109086
24 3 185.1852
24 15 266.6667
24 17 0.078004815
25 30 51.052334
25 0 54.703125
25 13 0.2890275
25 33 0.9136056
25 11 0.8298681
25 29 1.6677302
25 34 1.1767477
25 20 1.0384892
25 2 1.1818933
25 14 3.2993066
25 37 33.59826
25 7 2.8745494
25 27 0.66346693
25 16 1.988578
26 32 34.74194
26 28 0.029326797
26 10 0.03071876
26 24 0.032708988
26 31 0.13446486
26 12 1.3723338
26 17 3.486683
27 30 0.5943642
27 0 2000.0
27 8 1.7281579
27 18 19.400408
27 13 2.3532748
27 33 0.8591656
27 11 1.147783
27 29 0.7315897
27 5 1.9282007
27 34 1.1392223
27 20 1.6492534
27 2 2.0935962
27 14 6.6647
27 37 2.672437
27 7 2000.0
27 16 1.6080767
27 25 0.66346693
28 36 0.029918035
28 26 0.029326797
28 10 0.69077665
28 3 1107.5
28 12 1374.3181
28 9 0.79207164
28 19 1212.3295
29 0 42.268612
29 30 2.166838
29 8 0.26834387
29 18 1.1729599
29 13 0.96515536
29 33 17.403896
29 11 1.3864076
29 5 1.7277588
29 34 2.8498433
29 20 98.71987
29 2 1.1407173
29 37 0.8428407
29 7 1066.6667
29 27 0.7315897
29 16 17.160582
29 23 1.3293144
29 25 1.6677302
30 8 0.5444839
30 18 0.6816015
30 13 67.44461
30 33 6.774377
30 11 1.1798444
30 29 2.166838
30 5 0.70355636
30 34 0.96531266
30 20 1.3762118
30 2 45.090405
30 14 5.098593
30 37 48.41339
30 7 0.9080047
30 27 0.5943642
30 16 1.0999162
30 23 2.3965912
30 25 51.052334
31 26 0.13446486
31 6 0.26238823
31 10 0.6065257
31 22 41.042427
31 9 0.030428179
31 4 0.07057954
31 17 0.98408175
31 19 0.064917885
32 26 34.74194
32 24 0.2264796
32 21 276.9231
32 12 7.186467
32 15 0.074305564
33 30 6.774377
33 13 1.3819791
33 11 3.6079392
33 29 17.403896
33 5 2000.0
33 34 2000.0
33 20 1.3748349
33 2 2.5634494
33 14 0.56856704
33 7 2000.0
33 27 0.8591656
33 16 94.74632
33 25 0.9136056
34 30 0.96531266
34 20 0.90925753
34 8 176.5434
34 37 2000.0
34 13 216.68939
34 7 263.0966
34 27 1.1392223
34 16 183.6341
34 11 2.2837138
34 29 2.8498433
34 25 1.1767477
34 5 2.503553
35 21 0.031182904
35 31 1272.159
36 28 0.029918035
36 3 0.3583527
36 9 1.4985429
37 30 48.41339
37 0 2.3165486
37 8 1.466948
37 18 2.9076755
37 13 1.2416059
37 11 1.9898984
37 29 0.8428407
37 5 70.804924
37 20 4.8255925
37 2 1.1736128
37 7 293.3088
37 27 2.672437
37 16 2683.106
37 23 1.5137196
37 25 33.59826
