0 2 1.053097
0 37 2.0620182
0 13 0.88261366
0 29 5.835698
0 25 16.23818
1 3 0.73049456
1 12 22.933834
2 30 55.43745
2 0 1.053097
2 8 1.8194231
2 18 1.5780247
2 13 0.7125752
2 33 2.1694803
2 11 1.4594754
2 29 1.789298
2 20 2.3720775
2 37 0.8673011
2 27 1.496735
2 16 2000.0
2 23 8.151824
2 25 0.40106884
3 36 0.29282668
3 28 137.92574
3 24 171.42856
3 12 0.055681817
3 1 0.73049456
3 9 0.7565424
4 31 0.078008235
4 9 0.08462654
4 17 0.28410503
4 19 0.06687705
5 30 0.4700695
5 8 0.34862694
5 18 0.52049744
5 13 15.381909
5 11 4.006879
5 29 1.9939783
5 34 4.339692
5 20 3.0475514
5 37 9.696919
5 7 4.979177
5 27 1.0926272
5 16 1.2091422
5 23 1.8263869
6 31 0.1230297
6 17 1.5196372
7 34 378.94742
7 30 1.7808474
7 20 50.84533
7 8 5.1989045
7 16 1.8526288
7 11 177.25058
7 23 1.3817419
7 25 3.4924347
7 5 4.979177
8 0 2000.0
8 30 0.4429619
8 18 1.2450458
8 13 1.3138889
8 11 1.0685081
8 29 0.54030347
8 5 0.34862694
8 34 38.44232
8 2 1.8194231
8 37 1.0189978
8 7 5.1989045
8 27 1.5717837
8 16 1.9911036
8 23 1.0857192
8 25 2000.0
9 36 1.2064462
9 26 2000.0
9 28 1.6726263
9 10 34.89164
9 22 0.066578075
9 31 0.029753175
9 12 2000.0
9 3 0.7565424
9 4 0.08462654
9 17 0.03728393
9 19 0.07396881
10 26 0.028919173
10 28 0.3996753
10 24 0.095470905
10 31 80.0
10 12 1145.7954
10 9 34.89164
10 17 0.031634122
11 0 2000.0
11 30 0.9149499
11 8 1.0685081
11 18 7.329379
11 13 0.9024585
11 33 2.116323
11 29 1.3770252
11 5 4.006879
11 34 2.3552005
11 20 1.1876658
11 2 1.4594754
11 37 2.53143
11 7 177.25058
11 27 0.71286327
11 16 1.1064531
11 25 1.0241632
12 26 0.6087466
12 32 5.915267
12 24 0.068629645
12 21 0.07727204
12 3 0.055681817
12 1 22.933834
13 30 63.712036
13 0 0.88261366
13 8 1.3138889
13 18 30.670456
13 33 1.0473831
13 11 0.9024585
13 29 1.2954031
13 5 15.381909
13 34 193.47919
13 20 1.5783638
13 2 0.7125752
13 14 7.250183
13 37 1.5505588
13 7 2000.0
13 27 0.31162617
13 16 182.68228
13 25 0.22084281
14 30 1.8776755
14 20 2.5422242
14 13 7.250183
14 27 2.5771089
14 33 0.68511957
14 25 2.0233996
15 32 0.07620051
15 21 7.6413736
16 30 1.1033131
16 0 2000.0
16 8 1.9911036
16 18 1.0119717
16 13 182.68228
16 11 1.1064531
16 5 1.2091422
16 34 47.62123
16 20 28.643215
16 7 1.8526288
16 27 2.1625676
16 23 3.3524406
16 25 1.0914034
17 6 1.5196372
17 26 1.6231009
17 10 0.031634122
17 24 0.16294946
17 31 0.9876658
17 9 0.03728393
17 4 0.28410503
17 19 146.61024
18 0 2000.0
18 30 0.6806455
18 8 1.2450458
18 13 30.670456
18 11 7.329379
18 29 0.9836824
18 5 0.52049744
18 2 1.5780247
18 37 3.5939672
18 7 2000.0
18 27 13.072607
18 16 1.0119717
18 23 1.3262267
19 31 0.10854446
19 9 0.07396881
19 4 0.06687705
19 17 146.61024
20 30 1.5095701
20 13 1.5783638
20 33 1.301111
20 11 1.1876658
20 29 21.454277
20 5 3.0475514
20 34 0.9517765
20 2 2.3720775
20 14 2.5422242
20 37 2.9139903
20 7 50.84533
20 27 1.3056906
20 16 28.643215
20 25 0.44519907
21 26 2000.0
21 32 2000.0
21 24 0.65071875
21 35 0.029177135
21 31 2000.0
21 12 0.07727204
21 15 7.6413736
21 4 2000.0
22 31 180.00002
22 9 0.066578075
22 19 2000.0
23 0 2000.0
23 30 1.2287868
23 8 1.0857192
23 2 8.151824
23 37 1.9773402
23 18 1.3262267
23 7 1.3817419
23 16 3.3524406
23 11 2000.0
23 29 1.9214469
23 5 1.8263869
24 26 0.04612299
24 32 0.2581498
24 10 0.095470905
24 21 0.65071875
24 12 0.068629645
24 3 171.42856
24 15 2000.0
24 17 0.16294946
25 0 16.23818
25 30 22.898758
25 13 0.22084281
25 33 0.85522544
25 11 1.0241632
25 29 3.5153754
25 34 2.091536
25 20 0.44519907
25 2 0.40106884
25 14 2.0233996
25 37 50.48669
25 7 3.4924347
25 27 0.21944542
25 16 1.0914034
26 32 22.612514
26 28 0.073900685
26 10 0.028919173
26 24 0.04612299
26 31 0.27869064
26 12 0.6087466
26 17 1.6231009
27 30 0.24368152
27 0 2000.0
27 8 1.5717837
27 18 13.072607
27 13 0.31162617
27 33 0.8737113
27 11 0.71286327
27 29 0.44945142
27 5 1.0926272
27 34 1.348675
27 20 1.3056906
27 2 1.496735
27 14 2.5771089
27 37 0.95347697
27 7 3690.9658
27 16 2.1625676
27 25 0.21944542
28 36 0.030662876
28 26 0.073900685
28 10 0.3996753
28 3 137.92574
28 12 1372.1023
28 9 1.6726263
28 19 1254.2045
29 0 5.835698
29 30 2.6095717
29 8 0.54030347
29 18 0.9836824
29 13 1.2954031
29 33 9.489511
29 11 1.3770252
29 5 1.9939783
29 34 5.0339823
29 20 21.454277
29 2 1.789298
29 37 0.84316564
29 7 2000.0
29 27 0.44945142
29 16 3419.3066
29 23 1.9214469
29 25 3.5153754
30 8 0.4429619
30 18 0.6806455
30 13 63.712036
30 33 9.000631
30 11 0.9149499
30 29 2.6095717
30 5 0.4700695
30 34 0.77986693
30 20 1.5095701
30 2 55.43745
30 14 1.8776755
30 37 14.247139
30 7 1.7808474
30 27 0.24368152
30 16 1.1033131
30 23 1.2287868
30 25 22.898758
31 26 0.27869064
31 6 0.1230297
31 10 80.0
31 35 63.30737
31 22 180.00002
31 9 0.029753175
31 4 0.078008235
31 17 0.9876658
31 19 0.10854446
32 26 22.612514
32 24 0.2581498
32 12 5.915267
32 15 0.07620051
33 30 9.000631
33 13 1.0473831
33 11 2.116323
33 29 9.489511
33 5 2000.0
33 34 2000.0
33 20 1.301111
33 2 2.1694803
33 14 0.68511957
33 7 2000.0
33 27 0.8737113
33 16 1971.0227
33 25 0.85522544
34 30 0.77986693
34 20 0.9517765
34 8 38.44232
34 37 2000.0
34 7 378.94742
34 13 193.47919
34 27 1.348675
34 16 47.62123
34 11 2.3552005
34 29 5.0339823
34 25 2.091536
34 5 4.339692
35 21 0.029177135
35 31 63.30737
36 28 0.030662876
36 3 0.29282668
36 9 1.2064462
37 30 14.247139
37 0 2.0620182
37 8 1.0189978
37 18 3.5939672
37 13 1.5505588
37 11 2.53143
37 29 0.84316564
37 5 9.696919
37 20 2.9139903
37 2 0.8673011
37 7 2792.3862
37 27 0.95347697
37 16 2000.0
37 23 1.9773402
37 25 50.48669
