0 2 1.012394
0 37 1.3623362
0 13 1.1422976
0 29 21.587969
0 25 8.589247
1 3 0.6954629
1 12 17.802896
2 30 25.27607
2 0 1.012394
2 8 1.2718531
2 18 2.7994769
2 13 0.5443389
2 33 1.9235772
2 11 2.121779
2 29 1.27335
2 20 2.0313802
2 37 0.73071915
2 27 2.019246
2 16 2000.0
2 23 8.207455
2 25 0.43128505
3 36 0.61413133
3 28 2.0823636
3 24 2000.0
3 12 0.050389685
3 1 0.6954629
3 9 0.5770073
4 31 0.06774892
4 9 0.06510089
4 17 0.1609668
4 19 0.06537002
5 30 0.7873351
5 8 0.5808808
5 18 0.56455535
5 13 19.971113
5 11 2.566925
5 29 4.4433336
5 34 5.3478184
5 20 2.0089204
5 37 29.667908
5 7 10.669621
5 27 1.9191357
5 16 1.3606136
5 23 2.3405318
5 25 2000.0
6 31 0.10962703
6 17 2.124015
7 34 2000.0
7 30 0.895105
7 20 69.230774
7 8 4.2349534
7 37 123.07693
7 16 1.5126866
7 23 1.3990276
7 11 53.94935
7 25 8.28705
7 5 10.669621
8 0 2000.0
8 30 0.3735718
8 18 1.193915
8 13 0.9176626
8 11 0.89571154
8 29 0.25413135
8 5 0.5808808
8 34 28.201838
8 2 1.2718531
8 37 1.4980396
8 7 4.2349534
8 27 1.1053972
8 16 1.4332676
8 23 0.768793
8 25 2000.0
9 36 0.34187108
9 26 2000.0
9 28 1.0051998
9 10 18.754093
9 22 0.051116567
9 31 0.02945527
9 3 0.5770073
9 12 2000.0
9 4 0.06510089
9 17 0.031450592
9 19 0.065326355
10 26 0.029502792
10 28 0.39496213
10 24 0.102611184
10 31 15.847267
10 12 135.3474
10 9 18.754093
10 17 0.035693876
11 0 2000.0
11 30 0.77690035
11 8 0.89571154
11 18 6.8035774
11 13 1.2049632
11 33 1.7191306
11 29 1.1994585
11 5 2.566925
11 34 2.5383046
11 20 0.9700393
11 2 2.121779
11 37 1.5513712
11 7 53.94935
11 27 0.8162689
11 16 1.1364018
11 25 0.77698094
12 26 2.4674854
12 32 3.7666352
12 10 135.3474
12 24 0.07395528
12 21 0.27642715
12 3 0.050389685
12 1 17.802896
13 30 18.049309
13 0 1.1422976
13 8 0.9176626
13 33 1.4523742
13 11 1.2049632
13 29 1.4838024
13 5 19.971113
13 34 152.24727
13 20 0.9703991
13 2 0.5443389
13 14 3.3580375
13 37 1.173688
13 7 2000.0
13 27 0.25086662
13 16 19.750181
13 25 0.25255027
14 30 6.9781084
14 20 1.3428001
14 13 3.3580375
14 27 2.0592172
14 33 0.35302353
14 11 2000.0
14 25 1.6699448
15 32 0.07308616
15 21 0.9861521
16 30 1.0891464
16 0 2000.0
16 8 1.4332676
16 18 1.3168278
16 13 19.750181
16 11 1.1364018
16 5 1.3606136
16 34 76.09174
16 20 31.01186
16 7 1.5126866
16 27 1.381402
16 23 3.3052073
16 25 1.042813
17 6 2.124015
17 26 1.6653366
17 10 0.035693876
17 24 0.12991272
17 31 1.0025529
17 9 0.031450592
17 4 0.1609668
17 19 32.941986
18 0 2000.0
18 30 0.6644933
18 8 1.193915
18 13 3767.443
18 11 6.8035774
18 29 2.2119534
18 5 0.56455535
18 2 2.7994769
18 37 3.0130668
18 7 2000.0
18 27 19.402388
18 16 1.3168278
18 23 1.1699672
19 28 186.59013
19 31 0.07138179
19 9 0.065326355
19 4 0.06537002
19 17 32.941986
20 30 1.5532594
20 13 0.9703991
20 33 0.889108
20 11 0.9700393
20 29 12.759289
20 5 2.0089204
20 34 1.0969026
20 2 2.0313802
20 14 1.3428001
20 37 3.579764
20 7 69.230774
20 27 2.179718
20 16 31.01186
20 25 0.481692
21 24 0.848064
21 35 0.036774192
21 12 0.27642715
21 15 0.9861521
22 31 118.51852
22 9 0.051116567
22 19 2000.0
23 30 1.3074439
23 0 2000.0
23 8 0.768793
23 2 8.207455
23 37 1.6781849
23 18 1.1699672
23 7 1.3990276
23 16 3.3052073
23 11 2000.0
23 29 0.5394651
23 5 2.3405318
24 26 0.03977273
24 32 0.20276949
24 10 0.102611184
24 21 0.848064
24 12 0.07395528
24 15 2000.0
24 17 0.12991272
25 30 25.498678
25 0 8.589247
25 13 0.25255027
25 33 0.5019766
25 11 0.77698094
25 29 1.9799364
25 34 2.0375497
25 20 0.481692
25 2 0.43128505
25 14 1.6699448
25 37 24.187798
25 7 8.28705
25 27 0.23525867
25 16 1.042813
26 32 9.944057
26 28 0.12074822
26 10 0.029502792
26 24 0.03977273
26 31 0.1261525
26 12 2.4674854
26 17 1.6653366
27 30 0.19264579
27 0 2000.0
27 8 1.1053972
27 18 19.402388
27 13 0.25086662
27 33 0.75101614
27 11 0.8162689
27 29 1.2670777
27 5 1.9191357
27 34 1.2827569
27 20 2.179718
27 2 2.019246
27 14 2.0592172
27 37 1.3660748
27 7 2000.0
27 16 1.381402
27 25 0.23525867
28 36 0.029859485
28 26 0.12074822
28 10 0.39496213
28 3 2.0823636
28 12 1192.1023
28 9 1.0051998
28 19 186.59013
29 0 21.587969
29 30 0.9652063
29 8 0.25413135
29 18 2.2119534
29 13 1.4838024
29 33 15.30959
29 11 1.1994585
29 5 4.4433336
29 34 3.0255473
29 20 12.759289
29 2 1.27335
29 37 1.4038836
29 27 1.2670777
29 16 2000.0
29 23 0.5394651
29 25 1.9799364
30 8 0.3735718
30 18 0.6644933
30 13 18.049309
30 33 13.648762
30 11 0.77690035
30 29 0.9652063
30 5 0.7873351
30 34 0.8826397
30 20 1.5532594
30 2 25.27607
30 14 6.9781084
30 37 16.110102
30 7 0.895105
30 27 0.19264579
30 16 1.0891464
30 23 1.3074439
30 25 25.498678
31 26 0.1261525
31 6 0.10962703
31 10 15.847267
31 35 160.0
31 22 118.51852
31 9 0.02945527
31 4 0.06774892
31 17 1.0025529
31 19 0.07138179
32 26 9.944057
32 24 0.20276949
32 12 3.7666352
32 15 0.07308616
33 30 13.648762
33 13 1.4523742
33 11 1.7191306
33 29 15.30959
33 5 2000.0
33 34 2000.0
33 20 0.889108
33 2 1.9235772
33 14 0.35302353
33 7 2000.0
33 27 0.75101614
33 16 3017.898
33 25 0.5019766
34 30 0.8826397
34 20 1.0969026
34 8 28.201838
34 37 2000.0
34 7 2000.0
34 13 152.24727
34 27 1.2827569
34 16 76.09174
34 11 2.5383046
34 29 3.0255473
34 25 2.0375497
34 5 5.3478184
35 21 0.036774192
35 31 160.0
36 28 0.029859485
36 3 0.61413133
36 9 0.34187108
37 30 16.110102
37 0 1.3623362
37 8 1.4980396
37 18 3.0130668
37 13 1.173688
37 11 1.5513712
37 29 1.4038836
37 5 29.667908
37 20 3.579764
37 2 0.73071915
37 7 123.07693
37 27 1.3660748
37 16 2000.0
37 23 1.6781849
37 25 24.187798
