0 8 11.0504265
0 2 1.079696
0 37 0.99835867
0 13 0.8709954
0 11 74.85263
0 29 12.091763
0 25 1000.00006
1 3 0.45318183
1 12 1304.7158
2 30 20.097034
2 0 1.079696
2 8 1.2130405
2 18 5.4276824
2 13 0.20997067
2 33 2.2999346
2 11 0.6113559
2 29 0.94971377
2 20 3.0165465
2 37 0.9605862
2 27 0.8425031
2 23 59.353542
2 25 1.211577
3 36 0.23700167
3 28 0.10145295
3 24 2000.0
3 12 0.060165282
3 1 0.45318183
3 9 0.33553517
4 31 0.067929514
4 9 0.07861101
4 17 0.07930578
4 19 0.08186506
5 30 0.92159367
5 8 0.7525803
5 18 0.5545378
5 13 2000.0
5 11 3.719073
5 29 2.263483
5 34 2.8725452
5 20 2.4409504
5 37 2000.0
5 7 4.22629
5 27 2.0493712
5 16 2.5284395
5 23 3.9591842
6 22 124.16263
6 31 1.6438955
6 17 1.3510728
7 34 6.842797
7 30 0.8244657
7 20 1.8481888
7 8 22.67062
7 37 30.837334
7 27 323.41333
7 16 1.308661
7 11 4.641259
7 23 0.9711257
7 25 6.4218388
7 5 4.22629
8 0 11.0504265
8 30 0.6175918
8 18 0.79661846
8 13 1.6529126
8 11 0.3564137
8 29 0.49240288
8 5 0.7525803
8 34 3.4690123
8 2 1.2130405
8 37 0.94068825
8 7 22.67062
8 27 0.823265
8 16 1.2543682
8 23 0.8446496
9 36 1.6939197
9 26 2000.0
9 28 2.8130918
9 10 4.398839
9 22 0.4505682
9 31 0.028558271
9 3 0.33553517
9 12 2000.0
9 17 0.05025149
9 4 0.07861101
9 19 0.065778434
10 26 0.03554763
10 28 0.28219473
10 24 0.081065014
10 31 0.029712843
10 12 22.691898
10 9 4.398839
10 17 0.030267552
11 0 74.85263
11 30 0.5724791
11 8 0.3564137
11 18 5.028666
11 13 0.4982494
11 33 2.0914237
11 29 0.6611903
11 5 3.719073
11 34 2.8634753
11 20 1.0040561
11 2 0.6113559
11 37 1.6161149
11 7 4.641259
11 27 0.90460134
11 16 0.74383324
11 25 0.9077356
12 26 1.0568564
12 28 4.7336087
12 32 0.24674691
12 10 22.691898
12 24 0.06972854
12 21 0.08437162
12 3 0.060165282
13 30 1.7732993
13 0 0.8709954
13 8 1.6529126
13 18 151.11375
13 33 0.92318004
13 11 0.4982494
13 29 0.8003638
13 34 14.410758
13 20 0.71888745
13 2 0.20997067
13 14 3.2330432
13 37 3.1335406
13 27 0.21302639
13 16 155.64665
13 25 0.5426838
14 20 1.3881391
14 13 3.2330432
14 33 0.47273555
14 27 1.9528337
14 11 2000.0
14 25 2.2148726
15 32 0.07290013
15 21 1.3821656
16 30 1.1022913
16 0 2000.0
16 8 1.2543682
16 18 0.7609456
16 13 155.64665
16 11 0.74383324
16 29 60.19287
16 5 2.5284395
16 20 10.924554
16 37 33.063602
16 7 1.308661
16 27 1.3836856
16 23 3.471223
16 25 0.9360693
17 26 1.8488636
17 6 1.3510728
17 10 0.030267552
17 24 0.2557681
17 31 1.2490337
17 9 0.05025149
17 4 0.07930578
17 19 3.6263216
18 0 2000.0
18 30 0.7170272
18 8 0.79661846
18 13 151.11375
18 11 5.028666
18 29 1.2545097
18 5 0.5545378
18 2 5.4276824
18 37 1.893391
18 7 2000.0
18 27 2.4283156
18 16 0.7609456
18 23 1.443749
19 31 0.073612854
19 9 0.065778434
19 17 3.6263216
19 4 0.08186506
20 30 6.508523
20 13 0.71888745
20 33 1.0143609
20 11 1.0040561
20 29 3.452447
20 5 2.4409504
20 34 0.8683426
20 2 3.0165465
20 14 1.3881391
20 37 2.5513773
20 7 1.8481888
20 27 0.5009974
20 16 10.924554
20 25 0.52995336
21 32 2000.0
21 10 2000.0
21 24 0.12759145
21 35 0.03849199
21 12 0.08437162
21 15 1.3821656
22 6 124.16263
22 31 46.42045
22 9 0.4505682
22 19 1056.0795
23 0 2000.0
23 30 0.9834016
23 2 59.353542
23 8 0.8446496
23 37 2.3516302
23 18 1.443749
23 7 0.9711257
23 16 3.471223
23 11 2000.0
23 29 4.5373054
23 5 3.9591842
24 26 0.0870356
24 32 0.10684596
24 10 0.081065014
24 21 0.12759145
24 31 8.478133
24 12 0.06972854
24 15 2000.0
24 17 0.2557681
25 0 1000.00006
25 30 1.2924597
25 13 0.5426838
25 33 0.7599191
25 11 0.9077356
25 29 2.183154
25 34 0.9576807
25 20 0.52995336
25 2 1.211577
25 14 2.2148726
25 37 27.38737
25 7 6.4218388
25 27 0.6132252
25 16 0.9360693
26 32 22.572975
26 28 0.04262043
26 10 0.03554763
26 24 0.0870356
26 31 0.07047033
26 12 1.0568564
26 17 1.8488636
27 0 2000.0
27 30 0.18010503
27 8 0.823265
27 18 2.4283156
27 13 0.21302639
27 33 0.8294508
27 11 0.90460134
27 29 0.72676134
27 5 2.0493712
27 34 1.7736322
27 20 0.5009974
27 2 0.8425031
27 14 1.9528337
27 37 2.481422
27 7 323.41333
27 16 1.3836856
27 25 0.6132252
28 36 0.04328734
28 26 0.04262043
28 10 0.28219473
28 3 0.10145295
28 12 4.7336087
28 9 2.8130918
29 0 12.091763
29 30 4.0348682
29 8 0.49240288
29 18 1.2545097
29 13 0.8003638
29 11 0.6611903
29 5 2.263483
29 34 3.194374
29 20 3.452447
29 2 0.94971377
29 37 1.1152915
29 7 2000.0
29 27 0.72676134
29 16 60.19287
29 23 4.5373054
29 25 2.183154
30 0 2000.0
30 8 0.6175918
30 18 0.7170272
30 13 1.7732993
30 33 1.6645316
30 11 0.5724791
30 29 4.0348682
30 5 0.92159367
30 34 1.8931024
30 20 6.508523
30 2 20.097034
30 14 2000.0
30 37 5.6214356
30 7 0.8244657
30 27 0.18010503
30 16 1.1022913
30 23 0.9834016
30 25 1.2924597
31 26 0.07047033
31 6 1.6438955
31 10 0.029712843
31 24 8.478133
31 22 46.42045
31 9 0.028558271
31 17 1.2490337
31 4 0.067929514
31 19 0.073612854
32 26 22.572975
32 24 0.10684596
32 12 0.24674691
32 15 0.07290013
33 34 2000.0
33 30 1.6645316
33 20 1.0143609
33 2 2.2999346
33 14 0.47273555
33 7 2000.0
33 13 0.92318004
33 27 0.8294508
33 16 2000.0
33 11 2.0914237
33 29 3275.3408
33 25 0.7599191
34 30 1.8931024
34 20 0.8683426
34 8 3.4690123
34 7 6.842797
34 13 14.410758
34 27 1.7736322
34 16 2536.0227
34 11 2.8634753
34 25 0.9576807
34 29 3.194374
34 5 2.8725452
35 21 0.03849199
36 26 2000.0
36 28 0.04328734
36 3 0.23700167
36 9 1.6939197
37 30 5.6214356
37 0 0.99835867
37 8 0.94068825
37 18 1.893391
37 13 3.1335406
37 11 1.6161149
37 29 1.1152915
37 20 2.5513773
37 2 0.9605862
37 7 30.837334
37 27 2.481422
37 16 33.063602
37 23 2.3516302
37 25 27.38737
