0 2 1.0325043
0 37 2.8586733
0 13 0.727983
0 29 15.797107
0 25 31.365788
1 3 1.4619954
1 12 13.891137
2 30 11.893742
2 0 1.0325043
2 8 1.2016312
2 18 2.7136216
2 13 0.5877688
2 33 1.5070986
2 11 1.4166989
2 29 1.1359984
2 20 2.7062268
2 37 0.84137493
2 27 692.89777
2 16 2000.0
2 23 19.995096
2 25 0.96310323
3 36 0.4690113
3 28 20.61903
3 24 156.52176
3 12 0.06538748
3 1 1.4619954
3 9 1.0139886
4 31 0.07117054
4 9 0.08218957
4 17 0.1369318
4 19 0.07255316
5 30 0.7343904
5 8 0.97719294
5 18 0.9141546
5 13 20.158522
5 11 1.5791932
5 29 3.888529
5 34 2.9383
5 20 1.7564176
5 37 15.248982
5 7 13.860565
5 27 779.5454
5 16 1.7417482
5 23 3.8170996
5 25 2000.0
6 31 0.19255681
6 17 2.1770434
7 30 0.8545132
7 20 35.015263
7 8 6.530733
7 16 1.2440953
7 23 1.2610635
7 11 72.93804
7 25 2.9964335
7 5 13.860565
8 0 2000.0
8 30 0.5563471
8 18 1.223031
8 13 1.9874084
8 11 1.0990132
8 29 0.50132644
8 5 0.97719294
8 34 19.418997
8 2 1.2016312
8 37 1.3606892
8 7 6.530733
8 27 1067.7273
8 16 1.6455178
8 23 1.0319543
8 25 2000.0
9 36 0.7010448
9 28 0.5062486
9 10 4.496935
9 22 0.06457947
9 31 0.029520817
9 12 2000.0
9 3 1.0139886
9 4 0.08218957
9 17 0.031873766
9 19 0.10177422
10 26 35.795452
10 28 0.49944422
10 24 0.07508783
10 31 1.2739626
10 12 116.25207
10 9 4.496935
10 17 0.030530382
11 0 2000.0
11 30 0.7277811
11 8 1.0990132
11 18 3.6040092
11 13 0.9554057
11 33 1.9748805
11 29 1.2665732
11 5 1.5791932
11 34 1.5713596
11 20 1.0830108
11 2 1.4166989
11 37 1.740341
11 7 72.93804
11 27 692.89777
11 16 1.1294496
11 25 1.0426812
12 26 2000.0
12 32 4.8433585
12 10 116.25207
12 24 0.0803794
12 21 0.08188002
12 3 0.06538748
12 1 13.891137
13 30 32.44964
13 0 0.727983
13 8 1.9874084
13 18 37.286167
13 33 0.9714568
13 11 0.9554057
13 29 0.8641436
13 5 20.158522
13 34 2408.0115
13 20 2.0573947
13 2 0.5877688
13 14 7.62358
13 37 1.7522854
13 7 2000.0
13 27 150.96591
13 16 35.99901
13 25 0.26390755
14 30 23.98543
14 20 3.213193
14 13 7.62358
14 27 5234.1475
14 33 0.7484254
14 11 2000.0
14 25 20.204344
15 32 0.06979408
15 21 77.29419
16 30 1.0843402
16 0 2000.0
16 8 1.6455178
16 18 1.545746
16 13 35.99901
16 11 1.1294496
16 5 1.7417482
16 34 68.28883
16 20 27.565815
16 7 1.2440953
16 27 1119.8296
16 23 4.334864
16 25 1.0905035
17 6 2.1770434
17 26 1034.8864
17 10 0.030530382
17 24 0.08971161
17 31 1.0167881
17 9 0.031873766
17 4 0.1369318
17 19 150.0
18 0 2000.0
18 30 0.8769942
18 8 1.223031
18 2 2.7136216
18 37 2.5022438
18 13 37.286167
18 27 2000.0
18 16 1.545746
18 11 3.6040092
18 23 1.351634
18 29 1.2009816
18 5 0.9141546
19 28 176.90672
19 31 0.11927518
19 9 0.10177422
19 4 0.07255316
19 17 150.0
20 30 1.7465005
20 13 2.0573947
20 33 1.0948066
20 11 1.0830108
20 29 8.394556
20 5 1.7564176
20 34 0.8925279
20 2 2.7062268
20 14 3.213193
20 37 2.6354256
20 7 35.015263
20 27 957.6705
20 16 27.565815
20 25 0.5887952
21 26 2000.0
21 32 2000.0
21 10 2000.0
21 24 1.007914
21 35 0.035530306
21 12 0.08188002
21 15 77.29419
22 31 55.415993
22 9 0.06457947
22 19 2000.0
23 0 2000.0
23 30 3.4202237
23 8 1.0319543
23 2 19.995096
23 37 1.7027262
23 18 1.351634
23 7 1.2610635
23 16 4.334864
23 11 2000.0
23 29 1.1006494
23 5 3.8170996
24 26 37.045452
24 32 0.24536246
24 10 0.07508783
24 21 1.007914
24 12 0.0803794
24 3 156.52176
24 15 2000.0
24 17 0.08971161
25 0 31.365788
25 30 11.780549
25 13 0.26390755
25 33 0.8186277
25 11 1.0426812
25 29 1.4518374
25 34 3.2722843
25 20 0.5887952
25 2 0.96310323
25 14 20.204344
25 37 37.103943
25 7 2.9964335
25 27 229.14774
25 16 1.0905035
28 36 0.031399034
28 26 51.81818
28 10 0.49944422
28 3 20.61903
28 12 1404.7727
28 9 0.5062486
28 19 176.90672
29 0 15.797107
29 30 1.2799562
29 8 0.50132644
29 18 1.2009816
29 13 0.8641436
29 33 15.162579
29 11 1.2665732
29 5 3.888529
29 34 3.346128
29 20 8.394556
29 2 1.1359984
29 37 1.2648746
29 7 2000.0
29 27 1898.9204
29 16 2000.0
29 23 1.1006494
29 25 1.4518374
30 8 0.5563471
30 18 0.8769942
30 13 32.44964
30 33 9.873164
30 11 0.7277811
30 29 1.2799562
30 5 0.7343904
30 34 0.9403686
30 20 1.7465005
30 2 11.893742
30 14 23.98543
30 37 10.214101
30 7 0.8545132
30 27 147.78409
30 16 1.0843402
30 23 3.4202237
30 25 11.780549
31 26 2000.0
31 6 0.19255681
31 10 1.2739626
31 35 21.117899
31 22 55.415993
31 9 0.029520817
31 4 0.07117054
31 17 1.0167881
31 19 0.11927518
32 26 2000.0
32 24 0.24536246
32 12 4.8433585
32 15 0.06979408
33 30 9.873164
33 13 0.9714568
33 11 1.9748805
33 29 15.162579
33 5 2000.0
33 34 2000.0
33 20 1.0948066
33 2 1.5070986
33 14 0.7484254
33 7 2000.0
33 27 698.2386
33 16 2619.6023
33 25 0.8186277
34 30 0.9403686
34 20 0.8925279
34 8 19.418997
34 37 2000.0
34 7 2000.0
34 27 716.8182
34 16 68.28883
34 11 1.5713596
34 29 3.346128
34 25 3.2722843
34 5 2.9383
35 21 0.035530306
35 31 21.117899
36 28 0.031399034
36 3 0.4690113
36 9 0.7010448
37 30 10.214101
37 0 2.8586733
37 8 1.3606892
37 18 2.5022438
37 13 1.7522854
37 11 1.740341
37 29 1.2648746
37 5 15.248982
37 20 2.6354256
37 2 0.84137493
37 7 1960.7954
37 27 725.7955
37 16 2000.0
37 23 1.7027262
37 25 37.103943
