0 2 0.75688857
0 37 2.9020648
0 13 0.7054482
0 25 17.89839
0 29 22.454481
1 3 0.5073954
1 12 1149.4319
2 30 29.165
2 0 0.75688857
2 8 1.4444008
2 18 2.928698
2 13 0.7584878
2 33 2.6646094
2 11 2.2402701
2 29 1.0842172
2 20 3.9310825
2 37 1.0504894
2 27 1.3844436
2 16 2000.0
2 23 13.415745
2 25 1.4831237
3 36 0.18207942
3 28 1107.5
3 24 2000.0
3 12 0.055962514
3 1 0.5073954
3 9 0.48176482
4 31 0.06625282
4 9 0.09315343
4 17 0.124000795
4 19 0.07319359
5 30 0.48990682
5 8 0.6236186
5 18 0.5686428
5 13 36.843826
5 11 1.4362036
5 29 3.247992
5 34 2.2532642
5 20 3.993549
5 37 27.97159
5 7 12.066977
5 27 1.6415946
5 16 1.499769
5 23 2.8081055
6 31 0.25606063
6 17 5.990259
7 34 1803.1818
7 30 1.1543827
7 20 35.23154
7 8 8.983847
7 16 1.1046344
7 11 27.029005
7 23 1.3518708
7 25 3.8024921
7 5 12.066977
8 0 2000.0
8 30 0.66623306
8 18 1.1708153
8 13 1.5843531
8 11 1.0190864
8 29 0.81560695
8 5 0.6236186
8 34 209.75774
8 2 1.4444008
8 37 1.2247074
8 7 8.983847
8 27 3.3423896
8 16 1.5298266
8 23 1.2391263
8 25 2000.0
9 36 0.57727146
9 26 2000.0
9 28 1.0479797
9 10 8.505503
9 22 0.049612593
9 31 0.03766045
9 3 0.48176482
9 4 0.09315343
9 17 0.041090496
9 19 0.06443586
10 26 0.03036513
10 28 0.6598747
10 24 0.11658129
10 31 0.6729798
10 12 47.940346
10 9 8.505503
10 17 0.030205281
11 0 2000.0
11 30 0.8037467
11 8 1.0190864
11 18 7.932642
11 13 1.4817117
11 33 2.0247846
11 29 1.055926
11 5 1.4362036
11 34 2.5350058
11 20 1.2499033
11 2 2.2402701
11 37 1.6608472
11 7 27.029005
11 27 0.7265649
11 16 1.3687189
11 25 0.9395233
12 26 0.7277142
12 32 1.8314849
12 28 95.1451
12 10 47.940346
12 24 0.08035461
12 21 0.17623022
12 3 0.055962514
13 30 39.963245
13 0 0.7054482
13 8 1.5843531
13 18 98.48579
13 33 1.1175458
13 11 1.4817117
13 29 0.9584273
13 5 36.843826
13 34 138.46155
13 20 1.033515
13 2 0.7584878
13 14 26.435055
13 37 2.1659925
13 7 2000.0
13 27 2.1226037
13 16 33.26058
13 25 0.25170478
14 30 6.148578
14 20 5.008617
14 13 26.435055
14 27 3.8017886
14 33 0.40432033
14 25 3.5073411
15 32 0.069611065
15 24 112.50001
15 21 7.4684653
16 0 2000.0
16 30 1.0826911
16 8 1.5298266
16 18 1.3856113
16 13 33.26058
16 11 1.3687189
16 29 107.40947
16 5 1.499769
16 34 122.30256
16 20 12.608059
16 7 1.1046344
16 27 1.464813
16 23 3.9420242
16 25 1.249258
17 6 5.990259
17 26 2.0133865
17 10 0.030205281
17 24 0.1052172
17 31 0.98394555
17 9 0.041090496
17 4 0.124000795
17 19 13.784623
18 0 2000.0
18 30 0.6607314
18 8 1.1708153
18 13 98.48579
18 11 7.932642
18 29 1.4216764
18 5 0.5686428
18 2 2.928698
18 37 2.6859345
18 7 2000.0
18 27 12.384673
18 16 1.3856113
18 23 1.6023291
19 31 0.05408394
19 9 0.06443586
19 4 0.07319359
19 17 13.784623
20 30 1.8053185
20 13 1.033515
20 33 1.6886026
20 11 1.2499033
20 29 48.32988
20 5 3.993549
20 34 1.1522131
20 2 3.9310825
20 14 5.008617
20 37 4.7143397
20 7 35.23154
20 27 2.5463881
20 16 12.608059
20 25 0.69260794
21 26 2000.0
21 32 2000.0
21 24 0.47905642
21 35 0.030223198
21 12 0.17623022
21 15 7.4684653
22 31 22.092873
22 9 0.049612593
22 19 2000.0
23 0 2000.0
23 30 2.6326551
23 8 1.2391263
23 2 13.415745
23 37 1.7132108
23 18 1.6023291
23 7 1.3518708
23 16 3.9420242
23 11 2000.0
23 29 1.3473788
23 5 2.8081055
24 26 0.034741234
24 32 0.11811693
24 10 0.11658129
24 21 0.47905642
24 12 0.08035461
24 15 112.50001
24 17 0.1052172
25 30 34.926308
25 0 17.89839
25 13 0.25170478
25 33 0.80839694
25 11 0.9395233
25 29 1.823348
25 34 1.1337333
25 20 0.69260794
25 2 1.4831237
25 14 3.5073411
25 37 33.46721
25 7 3.8024921
25 27 0.2695275
25 16 1.249258
26 32 9.203176
26 28 0.035428442
26 10 0.03036513
26 24 0.034741234
26 31 0.3655538
26 12 0.7277142
26 17 2.0133865
27 30 0.21172424
27 0 2000.0
27 8 3.3423896
27 18 12.384673
27 13 2.1226037
27 33 1.0030476
27 11 0.7265649
27 29 1.3346932
27 5 1.6415946
27 34 1.029409
27 20 2.5463881
27 2 1.3844436
27 14 3.8017886
27 37 1.4401443
27 7 2000.0
27 16 1.464813
27 25 0.2695275
28 36 0.035731453
28 26 0.035428442
28 10 0.6598747
28 12 95.1451
28 9 1.0479797
28 19 1232.0454
29 0 22.454481
29 30 2.1861095
29 8 0.81560695
29 18 1.4216764
29 13 0.9584273
29 33 16.332726
29 11 1.055926
29 5 3.247992
29 34 2.8996758
29 20 48.32988
29 2 1.0842172
29 37 0.7640282
29 7 2000.0
29 27 1.3346932
29 16 107.40947
29 23 1.3473788
29 25 1.823348
30 8 0.66623306
30 18 0.6607314
30 13 39.963245
30 33 8.797872
30 11 0.8037467
30 29 2.1861095
30 5 0.48990682
30 34 0.8142348
30 20 1.8053185
30 2 29.165
30 14 6.148578
30 37 12.624432
30 7 1.1543827
30 27 0.21172424
30 16 1.0826911
30 23 2.6326551
30 25 34.926308
31 26 0.3655538
31 6 0.25606063
31 10 0.6729798
31 22 22.092873
31 9 0.03766045
31 4 0.06625282
31 17 0.98394555
31 19 0.05408394
32 26 9.203176
32 24 0.11811693
32 21 2000.0
32 12 1.8314849
32 15 0.069611065
33 30 8.797872
33 8 2000.0
33 13 1.1175458
33 11 2.0247846
33 29 16.332726
33 34 2000.0
33 20 1.6886026
33 2 2.6646094
33 14 0.40432033
33 7 2000.0
33 27 1.0030476
33 16 1608.466
33 25 0.80839694
34 30 0.8142348
34 20 1.1522131
34 8 209.75774
34 37 860.5711
34 7 1803.1818
34 13 138.46155
34 27 1.029409
34 16 122.30256
34 11 2.5350058
34 29 2.8996758
34 25 1.1337333
34 5 2.2532642
35 21 0.030223198
35 31 1086.4204
36 28 0.035731453
36 3 0.18207942
36 9 0.57727146
37 30 12.624432
37 0 2.9020648
37 8 1.2247074
37 18 2.6859345
37 13 2.1659925
37 11 1.6608472
37 29 0.7640282
37 5 27.97159
37 34 860.5711
37 20 4.7143397
37 2 1.0504894
37 7 212.32898
37 27 1.4401443
37 16 2000.0
37 23 1.7132108
37 25 33.46721
