0 2 0.91371703
0 37 1.8343488
0 13 0.7435124
0 29 35.37949
0 25 22.561918
1 3 1.3524889
1 12 6.432734
2 30 26.390406
2 0 0.91371703
2 8 1.790982
2 18 2.7140658
2 13 0.5022608
2 33 2.5688562
2 11 1.5544075
2 29 1.1884017
2 20 2.2026904
2 37 0.8551382
2 27 0.7717733
2 16 2000.0
2 23 9.6603565
2 25 0.5713899
3 36 0.9772728
3 28 22.04286
3 24 2000.0
3 12 0.06530163
3 1 1.3524889
3 9 0.31848145
4 31 0.06525213
4 9 0.077941716
4 17 0.11502272
4 19 0.07212663
5 30 1.2220579
5 8 0.44529417
5 18 0.79264
5 13 15.219385
5 11 1.8837633
5 29 2.110747
5 34 4.1143546
5 20 2.8313577
5 37 14.205775
5 7 15.099736
5 27 1.4827791
5 16 1.6676654
5 23 1.7382457
5 25 2000.0
6 31 0.23866503
6 17 0.8553592
7 30 0.92175794
7 8 10.853435
7 37 169.03351
7 27 2000.0
7 16 1.3724865
7 23 1.2632477
7 11 111.57615
7 25 3.1644921
7 5 15.099736
8 0 2000.0
8 30 0.38785398
8 18 1.1126773
8 13 0.9234891
8 11 0.91551673
8 29 0.39705446
8 5 0.44529417
8 34 25.125484
8 2 1.790982
8 37 1.1908581
8 7 10.853435
8 27 0.9884605
8 16 1.4526236
8 23 0.8132229
8 25 2000.0
9 36 0.75131685
9 26 2000.0
9 28 0.917794
9 10 57.142857
9 22 0.049941376
9 31 0.029268427
9 3 0.31848145
9 4 0.077941716
9 17 0.045230478
9 19 0.07328745
10 26 0.029803207
10 28 0.5348746
10 24 0.071133904
10 31 9.283055
10 12 1211.3068
10 9 57.142857
10 17 0.029205326
11 0 2000.0
11 30 0.9321151
11 8 0.91551673
11 18 5.80387
11 13 1.0598191
11 33 2.2813265
11 29 1.0088699
11 5 1.8837633
11 34 2.9880414
11 20 1.3502434
11 2 1.5544075
11 37 1.7212567
11 7 111.57615
11 27 1.039136
11 16 1.2631646
11 25 0.7243619
12 26 0.44402522
12 32 3.8579543
12 24 0.06937406
12 21 0.11556086
12 3 0.06530163
12 1 6.432734
13 30 108.468185
13 0 0.7435124
13 8 0.9234891
13 18 146.92755
13 33 1.0078006
13 11 1.0598191
13 29 0.9763145
13 5 15.219385
13 34 738.8353
13 20 0.9603882
13 2 0.5022608
13 14 3.7076511
13 37 2.3816397
13 7 2000.0
13 27 0.47373736
13 16 59.78211
13 25 0.23970579
14 30 7.13986
14 20 4.106813
14 13 3.7076511
14 27 5.521601
14 33 0.8856509
14 25 3.5793002
15 32 0.07131869
15 21 11.126623
16 0 2000.0
16 30 1.1037012
16 8 1.4526236
16 18 1.251926
16 13 59.78211
16 11 1.2631646
16 5 1.6676654
16 34 47.554455
16 20 16.06057
16 7 1.3724865
16 27 1.6179613
16 23 2.4703069
16 25 1.4632951
17 6 0.8553592
17 26 1.5092142
17 10 0.029205326
17 24 0.106685065
17 31 0.97384065
17 9 0.045230478
17 4 0.11502272
17 19 68.10454
18 0 2000.0
18 30 0.6307765
18 8 1.1126773
18 13 146.92755
18 11 5.80387
18 29 1.3868947
18 5 0.79264
18 2 2.7140658
18 37 2.0553403
18 7 2000.0
18 27 45.94489
18 16 1.251926
18 23 1.0554632
19 31 0.0849952
19 9 0.07328745
19 17 68.10454
19 4 0.07212663
20 0 2000.0
20 30 1.0128895
20 13 0.9603882
20 33 1.2328731
20 11 1.3502434
20 29 19.163092
20 5 2.8313577
20 34 0.80457634
20 2 2.2026904
20 14 4.106813
20 37 3.6793873
20 7 4592.273
20 27 1.2795131
20 16 16.06057
20 25 0.70149887
21 32 2000.0
21 24 1.0834179
21 35 0.03711429
21 31 2000.0
21 12 0.11556086
21 15 11.126623
22 31 38.168564
22 9 0.049941376
22 19 2000.0
23 0 2000.0
23 30 1.3868304
23 8 0.8132229
23 2 9.6603565
23 37 2.4697165
23 18 1.0554632
23 7 1.2632477
23 16 2.4703069
23 11 2000.0
23 29 0.9464203
23 5 1.7382457
24 26 0.060907133
24 32 0.57046014
24 10 0.071133904
24 21 1.0834179
24 12 0.06937406
24 15 2000.0
24 17 0.106685065
25 0 22.561918
25 30 10.29389
25 13 0.23970579
25 33 0.90758145
25 11 0.7243619
25 29 2.1736243
25 34 1.7365735
25 20 0.70149887
25 2 0.5713899
25 14 3.5793002
25 37 26.459822
25 7 3.1644921
25 27 0.29026073
25 16 1.4632951
26 32 68.15732
26 28 0.16165069
26 10 0.029803207
26 24 0.060907133
26 31 0.092072405
26 12 0.44402522
26 17 1.5092142
27 30 0.27214006
27 0 2000.0
27 8 0.9884605
27 18 45.94489
27 13 0.47373736
27 33 0.94292647
27 11 1.039136
27 29 0.7041935
27 5 1.4827791
27 34 0.987884
27 20 1.2795131
27 2 0.7717733
27 14 5.521601
27 37 1.992683
27 7 2000.0
27 16 1.6179613
27 25 0.29026073
28 36 0.033230435
28 26 0.16165069
28 10 0.5348746
28 3 22.04286
28 12 1686.1932
28 9 0.917794
28 19 1379.716
29 0 35.37949
29 30 2.9615607
29 8 0.39705446
29 18 1.3868947
29 13 0.9763145
29 33 19.40422
29 11 1.0088699
29 5 2.110747
29 34 5.970343
29 20 19.163092
29 2 1.1884017
29 37 1.1192874
29 7 2000.0
29 27 0.7041935
29 16 2000.0
29 23 0.9464203
29 25 2.1736243
30 8 0.38785398
30 18 0.6307765
30 13 108.468185
30 33 8.762498
30 11 0.9321151
30 29 2.9615607
30 5 1.2220579
30 34 0.79127777
30 20 1.0128895
30 2 26.390406
30 14 7.13986
30 37 62.220604
30 7 0.92175794
30 27 0.27214006
30 16 1.1037012
30 23 1.3868304
30 25 10.29389
31 26 0.092072405
31 6 0.23866503
31 10 9.283055
31 35 139.90205
31 22 38.168564
31 9 0.029268427
31 4 0.06525213
31 17 0.97384065
31 19 0.0849952
32 26 68.15732
32 24 0.57046014
32 21 2000.0
32 12 3.8579543
32 15 0.07131869
33 30 8.762498
33 8 2000.0
33 13 1.0078006
33 11 2.2813265
33 29 19.40422
33 5 2000.0
33 34 2000.0
33 20 1.2328731
33 2 2.5688562
33 14 0.8856509
33 7 2000.0
33 27 0.94292647
33 16 3017.898
33 25 0.90758145
34 30 0.79127777
34 20 0.80457634
34 8 25.125484
34 37 2000.0
34 13 738.8353
34 7 2292.8218
34 27 0.987884
34 16 47.554455
34 11 2.9880414
34 29 5.970343
34 25 1.7365735
34 5 4.1143546
35 21 0.03711429
35 31 139.90205
36 28 0.033230435
36 3 0.9772728
36 9 0.75131685
37 30 62.220604
37 0 1.8343488
37 8 1.1908581
37 18 2.0553403
37 13 2.3816397
37 11 1.7212567
37 29 1.1192874
37 5 14.205775
37 20 3.6793873
37 2 0.8551382
37 7 169.03351
37 27 1.992683
37 16 2000.0
37 23 2.4697165
37 25 26.459822
