0 8 6.8143706
0 2 1.4274962
0 37 0.8216167
0 13 0.8374357
0 11 46.696632
0 29 9.171367
1 3 0.30627236
1 12 70.94709
2 30 23.163322
2 0 1.4274962
2 8 1.2102938
2 18 4.738185
2 13 0.3230609
2 33 3.4929664
2 11 1.149584
2 29 1.1320847
2 20 2.810703
2 37 0.8472119
2 27 0.9122292
2 16 2000.0
2 23 28.785513
2 25 1.366363
3 36 0.21411586
3 28 0.13984674
3 24 514.2857
3 12 0.058389187
3 1 0.30627236
3 9 0.26893264
4 31 0.07338349
4 9 0.0792749
4 17 0.07505788
4 19 0.08618976
5 30 0.7336946
5 8 0.61800635
5 18 0.57994115
5 13 2000.0
5 11 6.955021
5 29 3.7519195
5 34 4.983807
5 20 6.552194
5 37 2000.0
5 7 4.159816
5 27 3.5515661
5 16 2.0318396
5 23 3.8112752
6 31 1.2581917
6 17 1.6823708
7 34 8.995793
7 30 1.7984633
7 20 1.8688087
7 8 70.56035
7 37 6.0028987
7 27 334.45392
7 16 1.457627
7 11 9.494171
7 23 1.1325041
7 25 18.856527
7 5 4.159816
8 0 6.8143706
8 30 0.7311027
8 18 1.166533
8 13 2.3491702
8 11 0.4429947
8 29 0.8315182
8 5 0.61800635
8 34 1.5008838
8 2 1.2102938
8 37 0.5535561
8 7 70.56035
8 27 1.0309412
8 16 1.1868656
8 23 0.9427574
9 36 1.7014424
9 26 2000.0
9 28 3.550631
9 10 2.4124775
9 22 0.43886352
9 31 0.03139903
9 3 0.26893264
9 17 0.044780433
9 4 0.0792749
9 19 0.076003924
10 26 0.031864002
10 28 0.17816092
10 24 0.054240815
10 31 0.05311265
10 12 7.7005053
10 9 2.4124775
10 17 0.04137451
11 0 46.696632
11 30 0.47132826
11 8 0.4429947
11 18 4.871348
11 13 0.5376527
11 33 4.832345
11 29 0.8487251
11 5 6.955021
11 34 1.7752066
11 20 1.6884241
11 2 1.149584
11 37 1.3417422
11 7 9.494171
11 27 0.47802994
11 16 0.94439805
11 25 0.7331157
12 26 0.87940466
12 28 4.1081486
12 32 0.24901985
12 10 7.7005053
12 24 0.0669477
12 21 0.07197488
12 3 0.058389187
12 1 70.94709
13 30 2.8693793
13 0 0.8374357
13 8 2.3491702
13 18 1200.0
13 33 0.98410976
13 11 0.5376527
13 29 1.8897413
13 34 7.0273004
13 20 1.0240514
13 2 0.3230609
13 14 2.754014
13 37 1.3022616
13 27 0.23739007
13 16 265.85748
13 25 0.6322814
14 20 0.67547226
14 13 2.754014
14 33 0.4400292
14 27 2.342815
14 11 2000.0
14 25 1.484248
15 32 0.08206562
15 21 1.2073144
16 0 2000.0
16 30 2.0886614
16 8 1.1868656
16 18 0.70215905
16 13 265.85748
16 11 0.94439805
16 29 91.78977
16 5 2.0318396
16 20 29.012598
16 37 64.64447
16 7 1.457627
16 27 2.7118645
16 23 12.21411
16 25 1.1307403
17 26 3.7402604
17 6 1.6823708
17 10 0.04137451
17 24 0.33087453
17 31 2.4305556
17 9 0.044780433
17 4 0.07505788
17 19 3.9600694
18 30 0.7380104
18 2 4.738185
18 8 1.166533
18 37 1.0361072
18 7 2000.0
18 13 1200.0
18 27 5.90897
18 16 0.70215905
18 23 0.98538876
18 11 4.871348
18 29 0.9617535
18 5 0.57994115
19 31 0.07202494
19 9 0.076003924
19 17 3.9600694
19 4 0.08618976
20 30 17.779858
20 13 1.0240514
20 33 1.1685951
20 11 1.6884241
20 29 11.003262
20 5 6.552194
20 34 0.82910955
20 2 2.810703
20 14 0.67547226
20 37 4.358416
20 7 1.8688087
20 27 1.2929386
20 16 29.012598
20 25 0.50313026
21 24 0.33383855
21 35 0.045510948
21 12 0.07197488
21 15 1.2073144
22 6 1612.4432
22 31 80.52653
22 9 0.43886352
22 19 1394.0342
23 0 2000.0
23 30 1.1417423
23 2 28.785513
23 8 0.9427574
23 37 1.1750482
23 18 0.98538876
23 7 1.1325041
23 16 12.21411
23 11 2000.0
23 29 2.446402
23 5 3.8112752
24 26 0.054331042
24 32 0.09122068
24 10 0.054240815
24 21 0.33383855
24 31 5.884844
24 12 0.0669477
24 3 514.2857
24 15 2000.0
24 17 0.33087453
25 30 1.1928065
25 13 0.6322814
25 33 0.29320866
25 11 0.7331157
25 29 5.2578225
25 34 1.8519335
25 20 0.50313026
25 2 1.366363
25 14 1.484248
25 37 43.717716
25 7 18.856527
25 27 0.731834
25 16 1.1307403
26 36 454.17374
26 32 34.13017
26 28 0.030458946
26 10 0.031864002
26 24 0.054331042
26 31 0.08311567
26 12 0.87940466
26 17 3.7402604
27 0 2000.0
27 30 0.25936964
27 8 1.0309412
27 18 5.90897
27 13 0.23739007
27 33 1.2235757
27 11 0.47802994
27 29 0.614673
27 5 3.5515661
27 34 0.8416176
27 20 1.2929386
27 2 0.9122292
27 14 2.342815
27 37 0.60349464
27 7 334.45392
27 16 2.7118645
27 25 0.731834
28 36 0.032047287
28 26 0.030458946
28 10 0.17816092
28 3 0.13984674
28 12 4.1081486
28 9 3.550631
29 0 9.171367
29 30 4.234812
29 8 0.8315182
29 18 0.9617535
29 13 1.8897413
29 11 0.8487251
29 5 3.7519195
29 34 3.9491572
29 20 11.003262
29 2 1.1320847
29 37 0.9117801
29 7 2000.0
29 27 0.614673
29 16 91.78977
29 23 2.446402
29 25 5.2578225
30 0 2000.0
30 8 0.7311027
30 18 0.7380104
30 13 2.8693793
30 33 4.213215
30 11 0.47132826
30 29 4.234812
30 5 0.7336946
30 34 1.3562692
30 20 17.779858
30 2 23.163322
30 14 2000.0
30 37 6.113418
30 7 1.7984633
30 27 0.25936964
30 16 2.0886614
30 23 1.1417423
30 25 1.1928065
31 26 0.08311567
31 6 1.2581917
31 10 0.05311265
31 24 5.884844
31 22 80.52653
31 9 0.03139903
31 17 2.4305556
31 4 0.07338349
31 19 0.07202494
32 26 34.13017
32 24 0.09122068
32 12 0.24901985
32 15 0.08206562
33 30 4.213215
33 8 2000.0
33 13 0.98410976
33 11 4.832345
33 29 1421.591
33 5 2000.0
33 34 2000.0
33 20 1.1685951
33 2 3.4929664
33 14 0.4400292
33 7 2000.0
33 27 1.2235757
33 16 2000.0
33 25 0.29320866
34 30 1.3562692
34 20 0.82910955
34 8 1.5008838
34 13 7.0273004
34 7 8.995793
34 27 0.8416176
34 16 5535.0566
34 11 1.7752066
34 25 1.8519335
34 29 3.9491572
34 5 4.983807
35 21 0.045510948
36 26 454.17374
36 28 0.032047287
36 3 0.21411586
36 9 1.7014424
37 30 6.113418
37 0 0.8216167
37 8 0.5535561
37 18 1.0361072
37 13 1.3022616
37 11 1.3417422
37 29 0.9117801
37 20 4.358416
37 2 0.8472119
37 7 6.0028987
37 27 0.60349464
37 16 64.64447
37 23 1.1750482
37 25 43.717716
