0 8 7.7365904
0 2 1.0499047
0 37 0.847849
0 13 0.3608522
0 11 102.494316
0 29 13.339456
1 3 0.25075758
1 12 1202.159
2 30 9.498009
2 0 1.0499047
2 8 1.4484389
2 18 4.6257024
2 13 0.48741883
2 33 1.9501101
2 11 1.042879
2 29 0.93134934
2 20 3.2918322
2 37 0.8467047
2 27 0.46791145
2 16 2000.0
2 23 44.090202
2 25 2.3317008
3 36 0.36911505
3 28 0.11848086
3 24 2000.0
3 12 0.050994318
3 1 0.25075758
3 9 0.17800815
4 31 0.087695554
4 9 0.052432757
4 17 0.11983131
4 19 0.08179294
5 30 0.5875575
5 8 0.5328174
5 18 0.4122988
5 13 2000.0
5 11 2.973563
5 29 4.147074
5 34 0.87113786
5 20 1.9129263
5 37 2000.0
5 7 4.968965
5 27 1.4609694
5 16 1.2577869
5 23 8.525364
6 22 160.0
6 31 1.1891193
6 17 1.1139015
7 34 5.3536534
7 30 0.9112984
7 20 1.2045846
7 8 17.526886
7 37 6.563511
7 27 31.852999
7 16 1.0057396
7 11 5.572284
7 23 1.2577076
7 25 7.2518454
7 5 4.968965
8 0 7.7365904
8 30 0.46226045
8 18 0.8365934
8 13 2.3539717
8 11 0.8568984
8 29 0.50438255
8 5 0.5328174
8 34 2.2366776
8 2 1.4484389
8 37 1.0414778
8 7 17.526886
8 27 1.1661747
8 16 1.6699544
8 23 0.8841184
9 36 1.4741429
9 26 2000.0
9 28 3.263383
9 10 5.0336366
9 22 0.27820516
9 31 0.028722612
9 12 2000.0
9 3 0.17800815
9 17 0.04304226
9 4 0.052432757
9 19 0.07209169
10 26 0.031774472
10 28 0.15428503
10 24 0.042593274
10 31 0.05443641
10 12 3.768595
10 9 5.0336366
10 17 0.03320051
11 0 102.494316
11 30 0.49954042
11 8 0.8568984
11 18 7.57841
11 13 0.9834083
11 33 1.8304045
11 29 0.7905365
11 5 2.973563
11 34 1.8235868
11 20 0.78485626
11 2 1.042879
11 37 1.526203
11 7 5.572284
11 27 0.47674125
11 16 0.9442235
11 25 1.0268111
12 26 1.9121146
12 28 3.8614557
12 32 0.15825881
12 10 3.768595
12 24 0.083684444
12 21 0.077762
12 3 0.050994318
13 30 3.0043151
13 0 0.3608522
13 8 2.3539717
13 18 2000.0
13 33 0.70581174
13 11 0.9834083
13 29 0.9312612
13 5 2000.0
13 34 6.616363
13 20 0.61247885
13 2 0.48741883
13 14 2.6159828
13 37 2.6759143
13 27 0.34566286
13 16 100.0
13 25 0.820852
14 20 1.4256017
14 13 2.6159828
14 33 0.46613842
14 27 1.8311162
14 11 2000.0
14 25 1.8986081
15 32 0.06773669
15 21 0.9986961
16 0 2000.0
16 30 1.0848423
16 8 1.6699544
16 18 0.85362923
16 13 100.0
16 11 0.9442235
16 29 60.337616
16 5 1.2577869
16 20 10.925968
16 37 84.273224
16 7 1.0057396
16 27 1.6423128
16 23 15.80573
16 25 0.9922207
17 26 1.6436187
17 6 1.1139015
17 10 0.03320051
17 24 0.17889118
17 31 1.275276
17 9 0.04304226
17 4 0.11983131
17 19 2.1693497
18 30 0.78253335
18 2 4.6257024
18 8 0.8365934
18 37 1.3607559
18 7 2000.0
18 27 3.8137474
18 16 0.85362923
18 23 1.125517
18 11 7.57841
18 29 1.0816035
18 5 0.4122988
19 31 0.08042464
19 9 0.07209169
19 17 2.1693497
19 4 0.08179294
20 30 5.2881017
20 13 0.61247885
20 33 1.2418095
20 11 0.78485626
20 29 4.5513883
20 5 1.9129263
20 34 0.8129309
20 2 3.2918322
20 14 1.4256017
20 37 2.4183173
20 7 1.2045846
20 27 0.7645813
20 16 10.925968
20 25 0.6323043
21 32 2000.0
21 24 0.44791985
21 35 0.03751157
21 12 0.077762
21 15 0.9986961
22 6 160.0
22 31 1168.0114
22 9 0.27820516
22 19 1329.4886
23 30 2.838569
23 0 2000.0
23 2 44.090202
23 8 0.8841184
23 37 1.7488515
23 18 1.125517
23 7 1.2577076
23 16 15.80573
23 11 2000.0
23 29 13.925583
23 5 8.525364
24 26 0.058716424
24 32 0.087815195
24 10 0.042593274
24 21 0.44791985
24 31 6.39804
24 12 0.083684444
24 15 2000.0
24 17 0.17889118
25 0 2000.0
25 30 2.0783043
25 13 0.820852
25 33 0.45999742
25 11 1.0268111
25 29 5.66842
25 34 1.143432
25 20 0.6323043
25 2 2.3317008
25 14 1.8986081
25 37 46.544857
25 7 7.2518454
25 27 1.4500023
25 16 0.9922207
26 32 19.5435
26 28 0.031394828
26 10 0.031774472
26 24 0.058716424
26 31 0.07393047
26 12 1.9121146
26 17 1.6436187
27 0 2000.0
27 30 0.20135146
27 8 1.1661747
27 18 3.8137474
27 13 0.34566286
27 33 0.9095996
27 11 0.47674125
27 29 0.6965855
27 5 1.4609694
27 34 1.1493558
27 20 0.7645813
27 2 0.46791145
27 14 1.8311162
27 37 0.6573661
27 7 31.852999
27 16 1.6423128
27 25 1.4500023
28 36 0.038324777
28 26 0.031394828
28 10 0.15428503
28 3 0.11848086
28 12 3.8614557
28 9 3.263383
29 0 13.339456
29 30 1.9431771
29 8 0.50438255
29 18 1.0816035
29 13 0.9312612
29 11 0.7905365
29 5 4.147074
29 34 5.5041976
29 20 4.5513883
29 2 0.93134934
29 37 1.4678652
29 7 2000.0
29 27 0.6965855
29 16 60.337616
29 23 13.925583
29 25 5.66842
30 0 2000.0
30 8 0.46226045
30 18 0.78253335
30 13 3.0043151
30 33 2.3088512
30 11 0.49954042
30 29 1.9431771
30 5 0.5875575
30 34 0.63003284
30 20 5.2881017
30 2 9.498009
30 14 2000.0
30 37 3.741728
30 7 0.9112984
30 27 0.20135146
30 16 1.0848423
30 23 2.838569
30 25 2.0783043
31 26 0.07393047
31 6 1.1891193
31 10 0.05443641
31 24 6.39804
31 22 1168.0114
31 9 0.028722612
31 17 1.275276
31 4 0.087695554
31 19 0.08042464
32 26 19.5435
32 24 0.087815195
32 12 0.15825881
32 15 0.06773669
33 30 2.3088512
33 8 2000.0
33 13 0.70581174
33 11 1.8304045
33 29 2000.0
33 34 2000.0
33 20 1.2418095
33 2 1.9501101
33 14 0.46613842
33 7 2000.0
33 27 0.9095996
33 16 2000.0
33 25 0.45999742
34 30 0.63003284
34 20 0.8129309
34 8 2.2366776
34 13 6.616363
34 7 5.3536534
34 27 1.1493558
34 16 1215.0568
34 11 1.8235868
34 25 1.143432
34 29 5.5041976
34 5 0.87113786
35 21 0.03751157
36 26 1575.3408
36 28 0.038324777
36 3 0.36911505
36 9 1.4741429
37 30 3.741728
37 0 0.847849
37 8 1.0414778
37 18 1.3607559
37 13 2.6759143
37 11 1.526203
37 29 1.4678652
37 20 2.4183173
37 2 0.8467047
37 7 6.563511
37 27 0.6573661
37 16 84.273224
37 23 1.7488515
37 25 46.544857
