2 30 5.4008465
2 8 1.0694746
2 18 27.168966
2 13 0.2855949
2 33 2.6923182
2 11 0.5850791
2 29 0.8367585
2 20 2.4720716
2 37 0.80176437
2 27 0.63742954
2 16 2000.0
2 23 31.268574
2 25 1.4089179
3 36 0.43418828
3 28 0.09593441
3 24 189.47371
3 12 0.05202361
3 9 0.7163157
4 31 0.08812491
4 9 0.068926975
4 17 0.092639886
4 19 0.09022917
5 30 0.7137451
5 8 0.87540984
5 18 0.53168625
5 13 304.1033
5 11 1.6409659
5 29 2.8363817
5 34 1.3538718
5 20 1.6599743
5 37 2000.0
5 7 3.704089
5 27 3.6402922
5 16 1.4140009
5 23 3.8262477
6 31 0.52394104
6 17 1.44407
7 34 7.1178737
7 30 0.89676857
7 20 1.5195074
7 8 31.721382
7 37 11.123282
7 27 51.956924
7 16 1.2729273
7 11 3.5490541
7 23 0.8600649
7 25 5.1791167
7 5 3.704089
8 30 0.826323
8 18 0.78283495
8 13 2.673673
8 11 2.528856
8 29 0.69094956
8 5 0.87540984
8 34 2.909504
8 2 1.0694746
8 37 0.6390974
8 7 31.721382
8 27 1.4470197
8 16 1.3168966
8 23 1.1110817
9 36 1.1703341
9 28 1.3808769
9 10 26.345453
9 22 0.21418977
9 31 0.029203322
9 3 0.7163157
9 12 2000.0
9 17 0.46089506
9 4 0.068926975
9 19 0.07001466
10 26 0.041437313
10 28 0.32965267
10 24 0.14868036
10 31 0.035253715
10 12 7.2988076
10 9 26.345453
10 17 0.030055694
11 30 0.35565037
11 8 2.528856
11 18 7.852653
11 13 0.5760814
11 33 1.5414027
11 29 1.1627157
11 5 1.6409659
11 34 1.2529278
11 20 0.89756787
11 2 0.5850791
11 37 1.041344
11 7 3.5490541
11 27 0.3710158
11 16 0.85326064
11 25 0.46734464
12 26 0.83977264
12 28 4.909515
12 32 0.379143
12 10 7.2988076
12 24 0.087664336
12 21 0.08792751
12 3 0.05202361
13 30 0.6942472
13 8 2.673673
13 18 249.40472
13 33 0.6998747
13 11 0.5760814
13 29 0.8701244
13 5 304.1033
13 34 6.153767
13 20 0.70493066
13 2 0.2855949
13 14 2.3876095
13 37 1.2173843
13 27 0.2942751
13 16 70.51057
13 25 0.63042355
14 34 2000.0
14 20 1.6573659
14 13 2.3876095
14 27 2.8511887
14 33 0.3258702
14 11 2000.0
14 25 1.7444292
15 32 0.06815479
15 21 1.1002083
16 30 1.080507
16 8 1.3168966
16 18 0.32966727
16 13 70.51057
16 11 0.85326064
16 29 12.371591
16 5 1.4140009
16 20 10.385907
16 37 22.609512
16 7 1.2729273
16 27 1.8545281
16 23 3.3818288
16 25 0.59031534
17 26 1.6062851
17 6 1.44407
17 10 0.030055694
17 24 0.42878172
17 31 1.2358502
17 9 0.46089506
17 4 0.092639886
17 19 4.446715
18 30 0.6866174
18 2 27.168966
18 8 0.78283495
18 37 0.8632173
18 7 2000.0
18 13 249.40472
18 27 4.6133547
18 16 0.32966727
18 23 0.89020145
18 11 7.852653
18 29 0.97430235
18 5 0.53168625
19 31 0.11408571
19 9 0.07001466
19 17 4.446715
19 4 0.09022917
20 30 9.675741
20 13 0.70493066
20 33 4.5512204
20 11 0.89756787
20 29 3.3513026
20 5 1.6599743
20 34 1.149938
20 2 2.4720716
20 14 1.6573659
20 37 3.1083164
20 7 1.5195074
20 27 1.8188707
20 16 10.385907
20 25 1.1264477
21 26 2000.0
21 32 2000.0
21 24 0.58610284
21 35 0.03288938
21 12 0.08792751
21 15 1.1002083
22 6 1269.716
22 31 1181.1932
22 9 0.21418977
22 19 1288.409
23 30 1.2618787
23 2 31.268574
23 8 1.1110817
23 37 1.0528797
23 18 0.89020145
23 7 0.8600649
23 16 3.3818288
23 11 2000.0
23 29 1.8255514
23 5 3.8262477
24 26 0.04959255
24 32 0.13672712
24 10 0.14868036
24 21 0.58610284
24 31 11.111111
24 3 189.47371
24 12 0.087664336
24 15 2000.0
24 17 0.42878172
25 30 6.0343122
25 13 0.63042355
25 33 0.34308714
25 11 0.46734464
25 29 5.9589024
25 34 1.0242903
25 20 1.1264477
25 2 1.4089179
25 14 1.7444292
25 37 120.8329
25 7 5.1791167
25 27 0.86031115
25 16 0.59031534
26 36 450.00003
26 32 24.132835
26 28 0.050707903
26 10 0.041437313
26 24 0.04959255
26 31 0.05666221
26 12 0.83977264
26 17 1.6062851
27 30 0.18836173
27 8 1.4470197
27 18 4.6133547
27 13 0.2942751
27 33 1.6307988
27 11 0.3710158
27 29 0.5620899
27 5 3.6402922
27 34 1.3018981
27 20 1.8188707
27 2 0.63742954
27 14 2.8511887
27 37 1.0947227
27 7 51.956924
27 16 1.8545281
27 23 2000.0
27 25 0.86031115
28 36 0.038400017
28 26 0.050707903
28 10 0.32965267
28 3 0.09593441
28 12 4.909515
28 9 1.3808769
29 30 5.192032
29 8 0.69094956
29 18 0.97430235
29 13 0.8701244
29 11 1.1627157
29 5 2.8363817
29 34 8.122792
29 20 3.3513026
29 2 0.8367585
29 37 0.47755682
29 7 2000.0
29 27 0.5620899
29 16 12.371591
29 23 1.8255514
29 25 5.9589024
30 8 0.826323
30 18 0.6866174
30 13 0.6942472
30 33 2.7020466
30 11 0.35565037
30 29 5.192032
30 5 0.7137451
30 34 0.9358564
30 20 9.675741
30 2 5.4008465
30 37 6.6955223
30 7 0.89676857
30 27 0.18836173
30 16 1.080507
30 23 1.2618787
30 25 6.0343122
31 26 0.05666221
31 6 0.52394104
31 10 0.035253715
31 24 11.111111
31 9 0.029203322
31 17 1.2358502
31 4 0.08812491
31 19 0.11408571
32 26 24.132835
32 24 0.13672712
32 12 0.379143
32 15 0.06815479
33 34 2000.0
33 30 2.7020466
33 20 4.5512204
33 2 2.6923182
33 14 0.3258702
33 7 2000.0
33 13 0.6998747
33 27 1.6307988
33 16 1249.4886
33 11 1.5414027
33 29 8077.4434
33 25 0.34308714
34 30 0.9358564
34 20 1.149938
34 8 2.909504
34 13 6.153767
34 7 7.1178737
34 27 1.3018981
34 16 1215.0568
34 11 1.2529278
34 25 1.0242903
34 29 8.122792
34 5 1.3538718
35 21 0.03288938
36 26 450.00003
36 28 0.038400017
36 3 0.43418828
36 9 1.1703341
37 30 6.6955223
37 8 0.6390974
37 18 0.8632173
37 13 1.2173843
37 11 1.041344
37 29 0.47755682
37 20 3.1083164
37 2 0.80176437
37 7 11.123282
37 27 1.0947227
37 16 22.609512
37 23 1.0528797
37 25 120.8329
