0 2 0.8066599
0 37 1.3688784
0 13 0.72101486
0 29 25.347126
0 25 16.652058
1 3 0.48715472
1 12 24.812979
2 30 12.258018
2 0 0.8066599
2 8 1.1349227
2 18 2.6870334
2 13 0.6821633
2 33 2.5748005
2 11 1.3217365
2 29 1.287297
2 20 2.5590158
2 37 0.8237197
2 27 1.8427
2 16 2000.0
2 23 10.617408
2 25 0.52906984
3 36 0.42676666
3 28 5.572254
3 24 2000.0
3 12 0.073264755
3 1 0.48715472
3 9 0.47217605
4 31 0.06755084
4 9 0.10218109
4 17 0.16535054
4 19 0.07807016
5 30 0.6565249
5 8 0.56358224
5 18 0.899045
5 13 31.20868
5 11 1.9349526
5 29 3.7724693
5 34 1.9209794
5 20 1.9859775
5 37 11.736615
5 7 8.975744
5 27 1.9185935
5 16 1.3089156
5 23 2.9153094
5 25 2000.0
6 31 0.15661657
6 17 5.0322304
7 34 126.946976
7 30 0.87686425
7 20 50.225746
7 8 5.5464487
7 37 100.0
7 16 1.1585113
7 23 1.3420378
7 11 87.563446
7 25 2.9071174
7 5 8.975744
8 0 2000.0
8 30 0.39427528
8 18 1.2611542
8 13 0.7969338
8 11 0.99425846
8 29 0.4458318
8 5 0.56358224
8 34 59.912846
8 2 1.1349227
8 37 1.2243587
8 7 5.5464487
8 27 1.4563041
8 16 1.496794
8 23 0.76038843
8 25 2000.0
9 36 1.0066078
9 26 2000.0
9 28 1.2415909
9 10 13.614285
9 22 0.047707014
9 31 0.028344942
9 3 0.47217605
9 4 0.10218109
9 17 0.04131112
9 19 0.0777467
10 26 0.02813548
10 28 0.20167203
10 24 0.08391299
10 31 20.919033
10 12 1481.7614
10 9 13.614285
10 17 0.031053623
11 0 2000.0
11 30 0.66801065
11 8 0.99425846
11 18 9.440365
11 13 0.7850085
11 33 1.5725406
11 29 1.2359873
11 5 1.9349526
11 34 2.684505
11 20 1.3967319
11 2 1.3217365
11 37 1.1875442
11 7 87.563446
11 27 0.6719066
11 16 1.1326388
11 25 0.72998637
12 26 1.1453569
12 32 6.34361
12 24 0.07470802
12 21 0.097683564
12 3 0.073264755
12 1 24.812979
13 30 109.00675
13 0 0.72101486
13 8 0.7969338
13 18 62.482105
13 33 1.3347204
13 11 0.7850085
13 29 0.79708576
13 5 31.20868
13 34 69.230774
13 20 1.1555502
13 2 0.6821633
13 14 5.8657804
13 37 1.5762024
13 7 2000.0
13 27 0.35772768
13 16 46.886105
13 25 0.26152694
14 30 15.562836
14 20 1.7660342
14 13 5.8657804
14 27 3.5365894
14 33 0.39316854
14 11 2000.0
14 25 2.6471226
15 32 0.077483505
15 21 4.2050424
16 30 1.0670997
16 0 2000.0
16 8 1.496794
16 18 1.5382597
16 13 46.886105
16 11 1.1326388
16 5 1.3089156
16 34 39.0968
16 20 18.310936
16 7 1.1585113
16 27 1.3843917
16 23 2.631229
16 25 1.2139196
17 6 5.0322304
17 26 1.5696678
17 10 0.031053623
17 24 0.14208595
17 31 0.9666242
17 9 0.04131112
17 4 0.16535054
17 19 80.0
18 0 2000.0
18 30 0.738127
18 8 1.2611542
18 13 62.482105
18 11 9.440365
18 29 1.4591125
18 5 0.899045
18 2 2.6870334
18 37 1.9013156
18 7 2000.0
18 27 22.501753
18 16 1.5382597
18 23 1.3407489
19 31 0.08361023
19 9 0.0777467
19 4 0.07807016
19 17 80.0
20 30 1.3130646
20 13 1.1555502
20 33 0.9337192
20 11 1.3967319
20 29 13.145372
20 5 1.9859775
20 34 0.8666237
20 2 2.5590158
20 14 1.7660342
20 37 2.1818762
20 7 50.225746
20 27 0.7447659
20 16 18.310936
20 25 0.370231
21 26 2000.0
21 32 2000.0
21 24 0.9548938
21 35 0.03229472
21 12 0.097683564
21 15 4.2050424
22 31 119.27883
22 9 0.047707014
22 19 2000.0
23 0 2000.0
23 30 2.3795621
23 8 0.76038843
23 2 10.617408
23 37 2.443718
23 18 1.3407489
23 7 1.3420378
23 16 2.631229
23 11 2000.0
23 29 2.1302807
23 5 2.9153094
24 26 0.044850096
24 32 0.3157211
24 10 0.08391299
24 21 0.9548938
24 12 0.07470802
24 15 2000.0
24 17 0.14208595
25 30 17.553745
25 0 16.652058
25 13 0.26152694
25 33 0.6244776
25 11 0.72998637
25 29 1.8501287
25 34 2.016622
25 20 0.370231
25 2 0.52906984
25 14 2.6471226
25 37 39.95503
25 7 2.9071174
25 27 0.26637647
25 16 1.2139196
26 32 64.0
26 28 0.061157882
26 10 0.02813548
26 24 0.044850096
26 31 0.09785354
26 12 1.1453569
26 17 1.5696678
27 30 0.43755814
27 0 2000.0
27 8 1.4563041
27 18 22.501753
27 13 0.35772768
27 33 0.8010467
27 11 0.6719066
27 29 0.7599613
27 5 1.9185935
27 34 0.9846312
27 20 0.7447659
27 2 1.8427
27 14 3.5365894
27 37 0.9357883
27 7 2000.0
27 16 1.3843917
27 25 0.26637647
28 36 0.029376592
28 26 0.061157882
28 10 0.20167203
28 3 5.572254
28 12 1205.3977
28 9 1.2415909
28 19 1364.4886
29 0 25.347126
29 30 3.1183777
29 8 0.4458318
29 18 1.4591125
29 13 0.79708576
29 33 35.112823
29 11 1.2359873
29 5 3.7724693
29 34 4.4206448
29 20 13.145372
29 2 1.287297
29 37 0.9525615
29 7 2000.0
29 27 0.7599613
29 16 2000.0
29 23 2.1302807
29 25 1.8501287
30 8 0.39427528
30 18 0.738127
30 13 109.00675
30 33 32.597107
30 11 0.66801065
30 29 3.1183777
30 5 0.6565249
30 34 0.90389407
30 20 1.3130646
30 2 12.258018
30 14 15.562836
30 37 21.23008
30 7 0.87686425
30 27 0.43755814
30 16 1.0670997
30 23 2.3795621
30 25 17.553745
31 26 0.09785354
31 6 0.15661657
31 10 20.919033
31 22 119.27883
31 9 0.028344942
31 4 0.06755084
31 17 0.9666242
31 19 0.08361023
32 26 64.0
32 24 0.3157211
32 21 2000.0
32 12 6.34361
32 15 0.077483505
33 30 32.597107
33 8 2000.0
33 13 1.3347204
33 11 1.5725406
33 29 35.112823
33 5 2000.0
33 34 2000.0
33 20 0.9337192
33 2 2.5748005
33 14 0.39316854
33 7 2000.0
33 27 0.8010467
33 16 3017.898
33 25 0.6244776
34 30 0.90389407
34 20 0.8666237
34 8 59.912846
34 37 2000.0
34 7 126.946976
34 13 69.230774
34 27 0.9846312
34 16 39.0968
34 11 2.684505
34 29 4.4206448
34 25 2.016622
34 5 1.9209794
35 21 0.03229472
35 31 144.7091
36 28 0.029376592
36 3 0.42676666
36 9 1.0066078
37 30 21.23008
37 0 1.3688784
37 8 1.2243587
37 18 1.9013156
37 13 1.5762024
37 11 1.1875442
37 29 0.9525615
37 5 11.736615
37 20 2.1818762
37 2 0.8237197
37 7 100.0
37 27 0.9357883
37 16 2000.0
37 23 2.443718
37 25 39.95503
