0 2 1.0694393
0 37 1.972281
0 13 0.8363216
0 29 12.902305
0 25 9.617308
1 3 1.2168887
1 12 23.461931
2 30 27.246468
2 0 1.0694393
2 8 1.1011142
2 18 3.1071646
2 13 0.5849731
2 33 2.8562465
2 11 1.4903517
2 29 1.1321591
2 20 1.8264457
2 37 0.8270902
2 27 1.2786412
2 16 2000.0
2 23 13.699751
2 25 0.58190864
3 36 0.244906
3 28 24.675379
3 24 900.00006
3 12 0.051330548
3 1 1.2168887
3 9 0.58862716
4 31 0.06879566
4 9 0.08500193
4 17 0.18698661
4 19 0.09623366
5 30 0.63219047
5 8 0.49626392
5 18 0.7142167
5 13 35.91418
5 11 2.7126353
5 29 2.9846969
5 34 2.9068973
5 20 2.3334982
5 37 18.705114
5 7 17.008923
5 27 2.294178
5 16 1.831549
5 23 3.34492
6 31 0.14521816
6 17 3.5755687
7 34 266.6667
7 30 0.70191497
7 20 43.523964
7 8 4.3625755
7 37 145.14354
7 16 1.2167269
7 23 1.3194561
7 29 1000.00006
7 25 2.844208
7 5 17.008923
8 0 2000.0
8 30 0.30753335
8 18 1.1062576
8 13 0.7474866
8 11 0.9118182
8 29 0.34738457
8 5 0.49626392
8 34 29.311077
8 2 1.1011142
8 37 1.2719358
8 7 4.3625755
8 27 0.633331
8 16 1.4817271
8 23 1.01211
8 25 2000.0
9 36 0.56839144
9 26 2000.0
9 28 1.3337121
9 10 12.9098015
9 22 0.044469878
9 31 0.032565508
9 3 0.58862716
9 12 2000.0
9 4 0.08500193
9 17 0.036762107
9 19 0.07770345
10 26 0.02936915
10 28 0.38269797
10 24 0.09837506
10 31 22.818182
10 12 95.92707
10 9 12.9098015
10 17 0.03106753
11 0 2000.0
11 30 0.6797664
11 8 0.9118182
11 18 6.429667
11 13 1.5816772
11 33 1.8136492
11 29 0.8673021
11 5 2.7126353
11 34 2.6700823
11 20 0.95995766
11 2 1.4903517
11 37 2.1979332
11 7 190.04494
11 27 1.3167254
11 16 0.9874217
11 25 0.6942775
12 26 0.31560746
12 32 12.159448
12 10 95.92707
12 24 0.07622383
12 21 0.1306112
12 3 0.051330548
12 1 23.461931
13 30 31.371653
13 0 0.8363216
13 8 0.7474866
13 33 0.88311905
13 11 1.5816772
13 29 1.1664982
13 5 35.91418
13 34 71.52463
13 20 2.1602485
13 2 0.5849731
13 14 7.11459
13 37 1.3061266
13 7 2000.0
13 27 0.29491898
13 16 23.821753
13 25 0.305757
14 30 9.063094
14 20 2.7726169
14 13 7.11459
14 27 2.4301634
14 33 0.54209715
14 25 2.6852067
15 32 0.087756604
15 24 490.00003
15 21 10.156374
16 30 1.1373683
16 0 2000.0
16 8 1.4817271
16 18 1.0617898
16 13 23.821753
16 11 0.9874217
16 5 1.831549
16 34 42.596943
16 20 24.649525
16 7 1.2167269
16 27 1.264438
16 23 5.101686
16 25 0.68018645
17 6 3.5755687
17 26 1.3456614
17 10 0.03106753
17 24 0.12509121
17 31 0.97351384
17 9 0.036762107
17 4 0.18698661
17 19 53.30841
18 0 2000.0
18 30 0.7315625
18 8 1.1062576
18 13 2175.966
18 11 6.429667
18 29 0.940268
18 5 0.7142167
18 2 3.1071646
18 37 3.2284966
18 7 2000.0
18 27 25.869825
18 16 1.0617898
18 23 1.2673194
19 31 0.09002272
19 9 0.07770345
19 17 53.30841
19 4 0.09623366
20 30 1.1594465
20 13 2.1602485
20 33 2.035345
20 11 0.95995766
20 29 23.623405
20 5 2.3334982
20 34 0.909646
20 2 1.8264457
20 14 2.7726169
20 37 3.6008203
20 7 43.523964
20 27 0.93087023
20 16 24.649525
20 25 0.3642803
21 26 2000.0
21 32 800.0
21 10 2000.0
21 24 0.6254878
21 35 0.02970243
21 31 2000.0
21 12 0.1306112
21 15 10.156374
22 31 113.63637
22 9 0.044469878
22 19 2000.0
23 0 2000.0
23 30 3.0390568
23 8 1.01211
23 2 13.699751
23 37 2.0045455
23 18 1.2673194
23 7 1.3194561
23 16 5.101686
23 11 2000.0
23 29 1.0881974
23 5 3.34492
24 26 0.042976562
24 32 0.20473643
24 10 0.09837506
24 21 0.6254878
24 3 900.00006
24 12 0.07622383
24 15 490.00003
24 17 0.12509121
25 30 10.518236
25 0 9.617308
25 13 0.305757
25 33 1.0854385
25 11 0.6942775
25 29 1.5643262
25 34 1.6401279
25 20 0.3642803
25 2 0.58190864
25 14 2.6852067
25 37 44.866173
25 7 2.844208
25 27 0.2777416
25 16 0.68018645
26 32 69.890915
26 28 0.041011896
26 10 0.02936915
26 24 0.042976562
26 31 0.24827679
26 12 0.31560746
26 17 1.3456614
27 30 0.20814754
27 0 2000.0
27 8 0.633331
27 18 25.869825
27 13 0.29491898
27 33 0.781596
27 11 1.3167254
27 29 0.5320337
27 5 2.294178
27 34 0.898479
27 20 0.93087023
27 2 1.2786412
27 14 2.4301634
27 37 1.1543459
27 7 2781.4773
27 16 1.264438
27 25 0.2777416
28 36 0.031530093
28 26 0.041011896
28 10 0.38269797
28 3 24.675379
28 12 1594.9431
28 9 1.3337121
28 19 1364.5454
29 0 12.902305
29 30 0.98527205
29 8 0.34738457
29 18 0.940268
29 13 1.1664982
29 33 17.52577
29 11 0.8673021
29 5 2.9846969
29 34 2.1199698
29 20 23.623405
29 2 1.1321591
29 37 0.54096943
29 7 1000.00006
29 27 0.5320337
29 16 2000.0
29 23 1.0881974
29 25 1.5643262
30 8 0.30753335
30 18 0.7315625
30 13 31.371653
30 33 14.071037
30 11 0.6797664
30 29 0.98527205
30 5 0.63219047
30 34 0.9610215
30 20 1.1594465
30 2 27.246468
30 14 9.063094
30 37 19.825176
30 7 0.70191497
30 27 0.20814754
30 16 1.1373683
30 23 3.0390568
30 25 10.518236
31 26 0.24827679
31 6 0.14521816
31 10 22.818182
31 22 113.63637
31 9 0.032565508
31 4 0.06879566
31 17 0.97351384
31 19 0.09002272
32 26 69.890915
32 24 0.20473643
32 21 800.0
32 12 12.159448
32 15 0.087756604
33 30 14.071037
33 8 2000.0
33 13 0.88311905
33 11 1.8136492
33 29 17.52577
33 34 2000.0
33 20 2.035345
33 2 2.8562465
33 14 0.54209715
33 7 2000.0
33 27 0.781596
33 16 1971.0227
33 25 1.0854385
34 30 0.9610215
34 20 0.909646
34 8 29.311077
34 37 2000.0
34 7 266.6667
34 13 71.52463
34 27 0.898479
34 16 42.596943
34 11 2.6700823
34 29 2.1199698
34 25 1.6401279
34 5 2.9068973
35 21 0.02970243
35 31 1088.409
36 28 0.031530093
36 3 0.244906
36 9 0.56839144
37 30 19.825176
37 0 1.972281
37 8 1.2719358
37 18 3.2284966
37 13 1.3061266
37 11 2.1979332
37 29 0.54096943
37 5 18.705114
37 20 3.6008203
37 2 0.8270902
37 7 145.14354
37 27 1.1543459
37 16 2000.0
37 23 2.0045455
37 25 44.866173
