0 2 1.6932476
0 37 2.1884406
0 13 0.81181735
0 29 25.083998
0 25 15.629983
1 3 0.8563501
1 12 17.236118
2 30 13.617789
2 0 1.6932476
2 8 1.0402404
2 18 2.530532
2 13 0.55418247
2 33 2.656566
2 11 1.8211867
2 29 0.8816736
2 20 3.4038825
2 37 0.88356256
2 27 0.8706108
2 16 2000.0
2 23 11.979355
2 25 0.41816136
3 36 0.7057083
3 28 4.335931
3 24 1134.375
3 12 0.06890205
3 1 0.8563501
3 9 0.9688818
4 31 0.07332252
4 9 0.08231319
4 17 0.16034487
4 19 0.083062775
5 30 0.4717679
5 8 0.5123499
5 18 0.83719414
5 13 16.708055
5 11 1.1487615
5 29 1.5594268
5 34 2.795777
5 20 1.4432064
5 37 13.742981
5 7 7.406269
5 27 1.0550343
5 16 1.7928853
5 23 1.7903342
5 25 2000.0
6 31 0.15115742
6 17 2.7572424
7 34 1018.6492
7 30 0.9621115
7 20 110.7716
7 8 5.2656155
7 37 66.66667
7 16 1.0425948
7 11 2000.0
7 23 1.5402217
7 25 3.676706
7 29 1666.6667
7 5 7.406269
8 0 2000.0
8 30 0.2883282
8 18 1.3541396
8 13 0.67395234
8 11 0.8956996
8 29 0.63838875
8 5 0.5123499
8 34 41.454872
8 2 1.0402404
8 37 0.9774002
8 7 5.2656155
8 27 2.6072354
8 16 1.3917835
8 23 0.79808885
8 25 2000.0
9 36 0.55305606
9 26 2000.0
9 28 0.6788429
9 10 9.826799
9 22 0.049937084
9 31 0.029917428
9 3 0.9688818
9 4 0.08231319
9 17 0.040311746
9 19 0.06974665
10 26 0.030998506
10 28 0.30912644
10 24 0.11772018
10 31 22.293184
10 12 108.28066
10 9 9.826799
10 17 0.0330264
11 0 2000.0
11 30 0.73127526
11 8 0.8956996
11 18 12.478072
11 13 1.0155047
11 33 2.1068792
11 29 0.61619544
11 5 1.1487615
11 34 2.0925567
11 20 1.7935618
11 2 1.8211867
11 37 2.0936103
11 7 2000.0
11 27 0.7373595
11 16 1.0102832
11 25 0.73192656
12 26 1.8319893
12 32 9.076049
12 10 108.28066
12 24 0.08068916
12 21 0.23292686
12 3 0.06890205
12 1 17.236118
13 30 36.43932
13 0 0.81181735
13 8 0.67395234
13 18 124.13787
13 33 1.3769497
13 11 1.0155047
13 29 0.63372034
13 5 16.708055
13 34 3346.875
13 20 0.9359609
13 2 0.55418247
13 14 9.482727
13 37 1.2316337
13 7 2000.0
13 27 0.36278224
13 16 16.167177
13 25 0.20370898
14 30 15.096049
14 20 2.673669
14 13 9.482727
14 27 5.1355114
14 33 0.3976948
14 11 2000.0
14 25 2.339575
15 32 0.070422985
15 24 2000.0
15 21 10.778891
16 0 2000.0
16 30 1.1022247
16 8 1.3917835
16 18 1.4744769
16 13 16.167177
16 11 1.0102832
16 5 1.7928853
16 34 107.298355
16 20 63.957443
16 7 1.0425948
16 27 1.58445
16 23 3.3911347
16 25 0.86698484
17 6 2.7572424
17 26 1.3278614
17 10 0.0330264
17 24 0.21017219
17 31 0.9615733
17 9 0.040311746
17 4 0.16034487
17 19 65.00695
18 0 2000.0
18 30 0.8453845
18 8 1.3541396
18 13 124.13787
18 11 12.478072
18 29 1.2779765
18 5 0.83719414
18 2 2.530532
18 37 2.3973742
18 7 2000.0
18 27 18.906816
18 16 1.4744769
18 23 1.5635682
19 28 160.0
19 31 0.08476118
19 9 0.06974665
19 17 65.00695
19 4 0.083062775
20 30 1.5441525
20 13 0.9359609
20 33 1.3685124
20 11 1.7935618
20 29 22.70408
20 5 1.4432064
20 34 0.90332574
20 2 3.4038825
20 14 2.673669
20 37 2.602134
20 7 110.7716
20 27 2.3542945
20 16 63.957443
20 25 0.2919709
21 26 2000.0
21 32 2000.0
21 24 0.7844559
21 35 0.04883569
21 31 2000.0
21 12 0.23292686
21 15 10.778891
22 31 277.77777
22 9 0.049937084
22 19 2000.0
23 0 2000.0
23 30 1.4760648
23 8 0.79808885
23 2 11.979355
23 37 1.8121377
23 18 1.5635682
23 7 1.5402217
23 16 3.3911347
23 11 2000.0
23 29 1.0566101
23 5 1.7903342
24 26 0.03499787
24 32 0.5035093
24 10 0.11772018
24 21 0.7844559
24 12 0.08068916
24 15 2000.0
24 17 0.21017219
25 0 15.629983
25 30 38.609695
25 13 0.20370898
25 33 0.798626
25 11 0.73192656
25 29 1.5085155
25 34 1.4840823
25 20 0.2919709
25 2 0.41816136
25 14 2.339575
25 37 19.567625
25 7 3.676706
25 27 0.31604454
25 16 0.86698484
26 32 69.27626
26 28 0.05873516
26 10 0.030998506
26 24 0.03499787
26 31 0.11794144
26 12 1.8319893
26 17 1.3278614
27 30 0.32090184
27 0 2000.0
27 8 2.6072354
27 18 18.906816
27 13 0.36278224
27 33 1.0986167
27 11 0.7373595
27 29 1.1480536
27 5 1.0550343
27 34 1.1680111
27 20 2.3542945
27 2 0.8706108
27 14 5.1355114
27 37 1.0264916
27 7 7117.8975
27 16 1.58445
27 25 0.31604454
28 36 0.033736166
28 26 0.05873516
28 10 0.30912644
28 3 4.335931
28 12 1209.4886
28 9 0.6788429
28 19 160.0
29 0 25.083998
29 30 0.96537787
29 8 0.63838875
29 18 1.2779765
29 13 0.63372034
29 33 15.142622
29 11 0.61619544
29 5 1.5594268
29 34 3.243303
29 20 22.70408
29 2 0.8816736
29 37 0.8808545
29 7 1666.6667
29 27 1.1480536
29 16 2000.0
29 23 1.0566101
29 25 1.5085155
30 8 0.2883282
30 18 0.8453845
30 13 36.43932
30 33 5.493543
30 11 0.73127526
30 29 0.96537787
30 5 0.4717679
30 34 0.8155844
30 20 1.5441525
30 2 13.617789
30 14 15.096049
30 37 12.266944
30 7 0.9621115
30 27 0.32090184
30 16 1.1022247
30 23 1.4760648
30 25 38.609695
31 26 0.11794144
31 6 0.15115742
31 10 22.293184
31 35 67.670456
31 22 277.77777
31 9 0.029917428
31 4 0.07332252
31 17 0.9615733
31 19 0.08476118
32 26 69.27626
32 24 0.5035093
32 12 9.076049
32 15 0.070422985
33 30 5.493543
33 8 2000.0
33 13 1.3769497
33 11 2.1068792
33 29 15.142622
33 5 2000.0
33 34 2000.0
33 20 1.3685124
33 2 2.656566
33 14 0.3976948
33 7 2000.0
33 27 1.0986167
33 16 3017.898
33 25 0.798626
34 30 0.8155844
34 20 0.90332574
34 8 41.454872
34 37 2000.0
34 7 1018.6492
34 27 1.1680111
34 16 107.298355
34 11 2.0925567
34 29 3.243303
34 25 1.4840823
34 5 2.795777
35 21 0.04883569
35 31 67.670456
36 28 0.033736166
36 3 0.7057083
36 9 0.55305606
37 30 12.266944
37 0 2.1884406
37 8 0.9774002
37 18 2.3973742
37 13 1.2316337
37 11 2.0936103
37 29 0.8808545
37 5 13.742981
37 20 2.602134
37 2 0.88356256
37 7 66.66667
37 27 1.0264916
37 16 2000.0
37 23 1.8121377
37 25 19.567625
