0 2 0.94223297
0 37 1.567996
0 13 0.9621901
0 29 45.151318
0 25 11.609533
1 3 0.5652709
1 12 36.773643
2 30 12.446975
2 0 0.94223297
2 8 1.3205295
2 18 2.261849
2 13 0.6171738
2 33 2.3385093
2 11 1.852491
2 29 1.0589532
2 20 4.237342
2 37 0.92499566
2 27 0.76087624
2 16 2000.0
2 23 6.575743
2 25 0.3970228
3 36 0.29029772
3 28 49.467125
3 24 2000.0
3 12 0.09350945
3 1 0.5652709
3 9 0.8363246
4 31 0.06822839
4 9 0.07913562
4 17 0.13798083
4 19 0.08029993
5 30 0.6376994
5 8 0.55066764
5 18 0.6406269
5 13 21.22004
5 11 5.435437
5 29 3.971839
5 34 1.9868553
5 20 3.2852452
5 37 9.580036
5 7 10.757629
5 27 1.0733793
5 16 1.3512372
5 23 1.8108366
6 31 0.13676047
6 17 2.9787824
7 30 0.64653593
7 20 33.803177
7 8 23.673264
7 16 1.2397158
7 23 1.2438319
7 11 40.279545
7 25 2.843133
7 29 2000.0
7 5 10.757629
8 0 2000.0
8 30 0.51585114
8 18 1.4370534
8 13 1.7106062
8 11 1.6627238
8 29 1.0791878
8 5 0.55066764
8 34 55.10439
8 2 1.3205295
8 37 0.9037281
8 7 23.673264
8 27 2.5809882
8 16 2.0926569
8 23 1.598852
8 25 2000.0
9 36 1.1086131
9 28 1.5558511
9 10 22.132307
9 22 0.060766228
9 31 0.0347651
9 3 0.8363246
9 4 0.07913562
9 17 0.040076826
9 19 0.068566605
10 26 0.03153409
10 28 0.34700128
10 24 0.14783835
10 31 6.709903
10 12 116.167206
10 9 22.132307
10 17 0.030929895
11 0 2000.0
11 30 1.0099851
11 8 1.6627238
11 18 6.9353433
11 13 1.4148356
11 33 1.7940485
11 29 1.1049058
11 5 5.435437
11 34 2.6577857
11 20 1.1736482
11 2 1.852491
11 37 1.3332373
11 7 40.279545
11 27 0.63294435
11 16 1.0760342
11 25 1.0897713
12 26 0.82475644
12 32 11.653894
12 28 160.0
12 10 116.167206
12 24 0.072470106
12 21 0.18619673
12 3 0.09350945
12 1 36.773643
13 30 145.69092
13 0 0.9621901
13 8 1.7106062
13 18 384.29617
13 33 1.0550855
13 11 1.4148356
13 29 1.1813027
13 5 21.22004
13 34 177.63635
13 20 1.5224288
13 2 0.6171738
13 14 4.322776
13 37 0.9584565
13 7 2000.0
13 27 0.39722067
13 16 39.220673
13 25 0.24024715
14 30 5.842174
14 20 1.3938514
14 13 4.322776
14 27 2.5356104
14 33 0.52114004
14 25 1.472063
15 32 0.08836415
15 24 102.083336
15 21 5.2670755
16 30 1.1207386
16 0 2000.0
16 8 2.0926569
16 18 1.1344849
16 13 39.220673
16 11 1.0760342
16 29 264.22696
16 5 1.3512372
16 34 37.683807
16 20 57.95462
16 7 1.2397158
16 27 1.3868452
16 23 2.8319654
16 25 0.7458295
17 6 2.9787824
17 26 1.877497
17 10 0.030929895
17 24 0.12867408
17 31 0.98732775
17 9 0.040076826
17 4 0.13798083
17 19 104.154175
18 0 2000.0
18 30 0.68333906
18 8 1.4370534
18 13 384.29617
18 11 6.9353433
18 29 1.2227635
18 5 0.6406269
18 2 2.261849
18 37 2.0961468
18 7 2000.0
18 27 18.14297
18 16 1.1344849
18 23 1.3633622
19 31 0.088093735
19 9 0.068566605
19 4 0.08029993
19 17 104.154175
20 0 2000.0
20 30 1.8620061
20 13 1.5224288
20 33 1.5983963
20 11 1.1736482
20 29 6.6316223
20 5 3.2852452
20 34 0.9819506
20 2 4.237342
20 14 1.3938514
20 37 3.351298
20 7 33.803177
20 27 2.9843895
20 16 57.95462
20 25 0.90508217
21 32 1600.0
21 24 0.87211204
21 35 0.033587016
21 31 2000.0
21 12 0.18619673
21 15 5.2670755
22 31 114.28571
22 9 0.060766228
22 19 2000.0
23 0 2000.0
23 30 1.0765109
23 8 1.598852
23 2 6.575743
23 37 1.3677485
23 18 1.3633622
23 7 1.2438319
23 16 2.8319654
23 11 2000.0
23 29 0.7743731
23 5 1.8108366
24 26 0.037794
24 32 0.2103299
24 10 0.14783835
24 21 0.87211204
24 12 0.072470106
24 15 102.083336
24 17 0.12867408
25 30 28.51919
25 0 11.609533
25 13 0.24024715
25 33 0.7769134
25 11 1.0897713
25 29 1.8305516
25 34 2.3061042
25 20 0.90508217
25 2 0.3970228
25 14 1.472063
25 37 33.729984
25 7 2.843133
25 27 0.21755552
25 16 0.7458295
26 32 29.783466
26 28 0.060089465
26 10 0.03153409
26 24 0.037794
26 31 0.2419786
26 12 0.82475644
26 17 1.877497
27 30 0.2721338
27 0 2000.0
27 8 2.5809882
27 18 18.14297
27 13 0.39722067
27 33 0.80985564
27 11 0.63294435
27 29 0.46532512
27 5 1.0733793
27 34 1.1941063
27 20 2.9843895
27 2 0.76087624
27 14 2.5356104
27 37 0.80966735
27 7 3469.9434
27 16 1.3868452
27 25 0.21755552
28 36 0.030769851
28 26 0.060089465
28 10 0.34700128
28 3 49.467125
28 12 160.0
28 9 1.5558511
28 19 1469.8865
29 0 45.151318
29 30 1.0704756
29 8 1.0791878
29 18 1.2227635
29 13 1.1813027
29 33 7.9770107
29 11 1.1049058
29 5 3.971839
29 34 3.4392023
29 20 6.6316223
29 2 1.0589532
29 37 0.6470273
29 27 0.46532512
29 16 264.22696
29 23 0.7743731
29 25 1.8305516
30 8 0.51585114
30 18 0.68333906
30 13 145.69092
30 33 8.0036335
30 11 1.0099851
30 29 1.0704756
30 5 0.6376994
30 34 0.79021984
30 20 1.8620061
30 2 12.446975
30 14 5.842174
30 37 11.771533
30 7 0.64653593
30 27 0.2721338
30 16 1.1207386
30 23 1.0765109
30 25 28.51919
31 26 0.2419786
31 6 0.13676047
31 10 6.709903
31 35 20.840359
31 22 114.28571
31 9 0.0347651
31 4 0.06822839
31 17 0.98732775
31 19 0.088093735
32 26 29.783466
32 24 0.2103299
32 21 1600.0
32 12 11.653894
32 15 0.08836415
33 30 8.0036335
33 8 2000.0
33 13 1.0550855
33 11 1.7940485
33 29 7.9770107
33 34 2000.0
33 20 1.5983963
33 2 2.3385093
33 14 0.52114004
33 7 2000.0
33 27 0.80985564
33 16 1971.0227
33 25 0.7769134
34 30 0.79021984
34 20 0.9819506
34 8 55.10439
34 37 2000.0
34 7 3153.5684
34 13 177.63635
34 27 1.1941063
34 16 37.683807
34 11 2.6577857
34 29 3.4392023
34 25 2.3061042
34 5 1.9868553
35 21 0.033587016
35 31 20.840359
36 28 0.030769851
36 3 0.29029772
36 9 1.1086131
37 30 11.771533
37 0 1.567996
37 8 0.9037281
37 18 2.0961468
37 13 0.9584565
37 11 1.3332373
37 29 0.6470273
37 5 9.580036
37 20 3.351298
37 2 0.92499566
37 7 1397.5568
37 27 0.80966735
37 16 2000.0
37 23 1.3677485
37 25 33.729984
