0 8 5.9231405
0 2 1.288931
0 37 0.7333877
0 13 0.7065501
0 11 45.454544
0 29 8.319043
1 3 0.2722507
1 12 34.901394
2 30 21.616764
2 0 1.288931
2 8 1.1078391
2 18 8.640917
2 13 0.907466
2 33 2.8114352
2 11 0.8386079
2 29 0.91980565
2 20 3.5351284
2 37 1.0008869
2 27 1.2806741
2 23 52.351078
2 25 2.3673146
3 36 0.19381315
3 28 0.12640151
3 24 327.27274
3 12 0.06784308
3 1 0.2722507
3 9 0.17242289
4 31 0.086047694
4 9 0.06857303
4 17 0.08654627
4 19 0.08944806
5 34 4.786347
5 30 0.71895754
5 20 7.442414
5 8 0.45831642
5 37 2000.0
5 18 0.49566308
5 7 6.199697
5 27 1.3709443
5 16 1.8330294
5 23 4.29772
5 11 2.977051
5 29 2.0639665
6 31 1.0877358
6 17 2.1577663
7 34 8.446771
7 30 2.7570775
7 20 1.6459746
7 8 28.64924
7 37 18.834143
7 27 96.411224
7 16 1.5682019
7 11 8.557434
7 23 2.0707023
7 25 8.669731
7 5 6.199697
8 0 5.9231405
8 30 0.88433206
8 18 1.0399946
8 13 2.0233324
8 11 0.6192598
8 29 0.68695223
8 5 0.45831642
8 34 10.618955
8 2 1.1078391
8 37 2.4382622
8 7 28.64924
8 27 3.7225928
8 16 1.1758187
8 23 1.0407871
9 36 1.0440538
9 28 0.9487763
9 10 4.885653
9 22 0.36262953
9 31 0.028723292
9 3 0.17242289
9 17 0.06399031
9 4 0.06857303
9 19 0.08602978
10 26 0.034567326
10 28 0.25846183
10 24 0.049599905
10 31 0.04671921
10 12 2.2937903
10 9 4.885653
10 17 0.030956442
11 0 45.454544
11 30 0.39493218
11 8 0.6192598
11 18 4.6916394
11 13 0.3930665
11 33 5.8934216
11 29 0.9612808
11 5 2.977051
11 34 5.721873
11 20 1.2294174
11 2 0.8386079
11 37 1.400734
11 7 8.557434
11 27 0.32444543
11 16 1.0165544
11 25 1.5643669
12 26 1.6606221
12 28 5.9053793
12 32 0.23159306
12 10 2.2937903
12 24 0.07687817
12 21 0.086554505
12 3 0.06784308
12 1 34.901394
13 30 2.6346593
13 0 0.7065501
13 8 2.0233324
13 18 150.0
13 33 1.2455595
13 11 0.3930665
13 29 0.86948
13 34 5.236602
13 20 0.5452013
13 2 0.907466
13 14 3.1987898
13 37 3.3252034
13 27 0.856191
13 16 69.83736
13 25 0.7102697
14 20 1.9750865
14 13 3.1987898
14 33 1.38083
14 27 3.14866
14 11 2000.0
14 25 3.7478068
15 32 0.06638388
15 21 10.779477
16 0 2000.0
16 30 1.5721737
16 8 1.1758187
16 18 0.8945252
16 13 69.83736
16 11 1.0165544
16 29 83.99039
16 5 1.8330294
16 20 9.399148
16 37 76.587234
16 7 1.5682019
16 27 2.2270336
16 23 7.1774726
16 25 1.2318678
17 26 2.7901018
17 6 2.1577663
17 10 0.030956442
17 24 0.10300769
17 31 2.4138184
17 9 0.06399031
17 4 0.08654627
17 19 4.225526
18 30 0.68257886
18 2 8.640917
18 8 1.0399946
18 37 1.2956907
18 7 2000.0
18 13 150.0
18 27 6.812319
18 16 0.8945252
18 23 1.2123625
18 11 4.6916394
18 29 1.1247218
18 5 0.49566308
19 31 0.064264126
19 9 0.08602978
19 17 4.225526
19 4 0.08944806
20 0 2000.0
20 30 26.032347
20 13 0.5452013
20 33 2.142136
20 11 1.2294174
20 29 2.0323963
20 5 7.442414
20 34 1.4430257
20 2 3.5351284
20 14 1.9750865
20 37 2.7671838
20 7 1.6459746
20 27 1.7061532
20 16 9.399148
20 25 0.81729066
21 32 2000.0
21 10 2000.0
21 24 0.113957584
21 35 0.046833083
21 12 0.086554505
21 15 10.779477
22 6 1138.3523
22 31 1207.8978
22 9 0.36262953
22 19 1386.4772
23 0 2000.0
23 30 2.1577196
23 2 52.351078
23 8 1.0407871
23 37 3.3014357
23 18 1.2123625
23 7 2.0707023
23 16 7.1774726
23 11 2000.0
23 29 2.8119726
23 5 4.29772
24 26 0.050290283
24 32 0.08961049
24 10 0.049599905
24 21 0.113957584
24 31 13.05578
24 3 327.27274
24 12 0.07687817
24 15 2000.0
24 17 0.10300769
25 30 1.7516642
25 13 0.7102697
25 33 0.35720006
25 11 1.5643669
25 29 3.3452866
25 34 3.5283062
25 20 0.81729066
25 2 2.3673146
25 14 3.7478068
25 37 14.47527
25 7 8.669731
25 27 0.66572756
25 16 1.2318678
26 36 179.28409
26 32 113.42854
26 28 0.031528037
26 10 0.034567326
26 24 0.050290283
26 31 0.054508198
26 12 1.6606221
26 17 2.7901018
27 0 2000.0
27 30 0.33566436
27 8 3.7225928
27 18 6.812319
27 13 0.856191
27 33 4.8015933
27 11 0.32444543
27 29 0.858631
27 5 1.3709443
27 34 1.2494742
27 20 1.7061532
27 2 1.2806741
27 14 3.14866
27 37 1.0804546
27 7 96.411224
27 16 2.2270336
27 25 0.66572756
28 36 0.032470193
28 26 0.031528037
28 10 0.25846183
28 3 0.12640151
28 12 5.9053793
28 9 0.9487763
29 0 8.319043
29 30 7.3564982
29 8 0.68695223
29 18 1.1247218
29 13 0.86948
29 11 0.9612808
29 5 2.0639665
29 34 5.207238
29 20 2.0323963
29 2 0.91980565
29 37 0.8571596
29 7 2000.0
29 27 0.858631
29 16 83.99039
29 23 2.8119726
29 25 3.3452866
30 0 2000.0
30 8 0.88433206
30 18 0.68257886
30 13 2.6346593
30 33 8.205887
30 11 0.39493218
30 29 7.3564982
30 5 0.71895754
30 34 2.5615213
30 20 26.032347
30 2 21.616764
30 14 2000.0
30 37 8.10995
30 7 2.7570775
30 27 0.33566436
30 16 1.5721737
30 23 2.1577196
30 25 1.7516642
31 26 0.054508198
31 6 1.0877358
31 10 0.04671921
31 24 13.05578
31 9 0.028723292
31 17 2.4138184
31 4 0.086047694
31 19 0.064264126
32 26 113.42854
32 24 0.08961049
32 12 0.23159306
32 15 0.06638388
33 30 8.205887
33 8 2000.0
33 13 1.2455595
33 11 5.8934216
33 29 1374.716
33 5 2000.0
33 34 2000.0
33 20 2.142136
33 2 2.8114352
33 14 1.38083
33 7 2000.0
33 27 4.8015933
33 16 2000.0
33 25 0.35720006
34 30 2.5615213
34 20 1.4430257
34 8 10.618955
34 7 8.446771
34 13 5.236602
34 27 1.2494742
34 16 5535.0566
34 11 5.721873
34 25 3.5283062
34 29 5.207238
34 5 4.786347
35 21 0.046833083
36 26 179.28409
36 28 0.032470193
36 3 0.19381315
36 9 1.0440538
37 30 8.10995
37 0 0.7333877
37 8 2.4382622
37 18 1.2956907
37 13 3.3252034
37 11 1.400734
37 29 0.8571596
37 20 2.7671838
37 2 1.0008869
37 7 18.834143
37 27 1.0804546
37 16 76.587234
37 23 3.3014357
37 25 14.47527
