0 8 400.0
0 2 0.96629333
0 37 2.115293
0 13 0.78406787
0 29 10.977334
0 25 22.810047
1 3 0.3964443
1 12 23.58979
2 30 12.835881
2 0 0.96629333
2 8 1.2825534
2 18 2.3279047
2 13 0.84733886
2 33 2.5458536
2 11 1.610691
2 29 1.1980245
2 20 3.2255874
2 37 1.0020921
2 27 692.89777
2 16 2000.0
2 23 8.322014
2 25 0.41428047
3 36 0.63398093
3 28 80.0
3 24 378.94742
3 12 0.0872881
3 1 0.3964443
3 9 0.99785393
4 31 0.06764098
4 9 0.08177492
4 17 0.1424409
4 19 0.0756938
5 30 0.72949314
5 8 0.753996
5 18 0.8015094
5 13 45.752754
5 11 1.4145557
5 29 2.4760175
5 34 2.6786785
5 20 1.6827068
5 37 17.151915
5 7 7.0754447
5 27 779.5454
5 16 0.9608323
5 23 2.667004
5 25 2000.0
6 31 0.1473485
6 17 1.0613638
7 30 1.3555545
7 20 48.00406
7 8 6.8809733
7 37 104.888245
7 16 1.4356247
7 23 1.6589277
7 11 160.0
7 25 1.4454167
7 5 7.0754447
8 0 400.0
8 30 0.2784961
8 18 1.1791443
8 13 1.049351
8 11 1.1804187
8 29 1.1626375
8 5 0.753996
8 34 15.1805525
8 2 1.2825534
8 37 0.89639825
8 7 6.8809733
8 27 1067.7273
8 16 1.3972831
8 23 1.3105614
8 25 2000.0
9 36 0.56951064
9 26 2000.0
9 28 0.6463276
9 10 2.696179
9 22 0.07153882
9 31 0.03476155
9 3 0.99785393
9 12 2000.0
9 4 0.08177492
9 17 0.031957902
9 19 0.077335864
10 26 35.795452
10 28 0.44189882
10 24 0.07165478
10 31 6.9399357
10 12 1887.4432
10 9 2.696179
10 17 0.030811
11 0 2000.0
11 30 0.7461958
11 8 1.1804187
11 18 3.264727
11 13 1.2213954
11 33 1.7919799
11 29 1.0260217
11 5 1.4145557
11 34 1.907849
11 20 1.0726506
11 2 1.610691
11 37 1.4096113
11 7 160.0
11 27 692.89777
11 16 0.8492338
11 25 0.68467784
12 26 2000.0
12 32 4.8641624
12 24 0.07898539
12 21 0.12266167
12 3 0.0872881
12 1 23.58979
13 30 21.84877
13 0 0.78406787
13 8 1.049351
13 18 30.399843
13 33 1.4064633
13 11 1.2213954
13 29 1.1696979
13 5 45.752754
13 34 307.2384
13 20 1.0387104
13 2 0.84733886
13 14 7.4932833
13 37 1.7728289
13 7 2000.0
13 27 150.96591
13 16 142.02827
13 25 0.24474162
14 30 8.487941
14 20 2.2419095
14 13 7.4932833
14 27 5234.1475
14 33 1.4221303
14 11 2000.0
14 25 3.449148
15 32 0.07501951
15 21 9.930622
16 0 2000.0
16 30 1.0850898
16 8 1.3972831
16 18 1.2980479
16 13 142.02827
16 33 246.27505
16 11 0.8492338
16 5 0.9608323
16 34 50.666607
16 20 79.23712
16 7 1.4356247
16 27 1119.8296
16 23 2.802373
16 25 0.9049123
17 6 1.0613638
17 26 1034.8864
17 10 0.030811
17 24 0.079991095
17 31 0.9989847
17 9 0.031957902
17 4 0.1424409
17 19 75.0
18 0 2000.0
18 30 0.68817186
18 8 1.1791443
18 2 2.3279047
18 37 2.3931117
18 13 30.399843
18 27 2000.0
18 16 1.2980479
18 11 3.264727
18 23 1.241271
18 29 1.2908888
18 5 0.8015094
19 28 75.19339
19 31 0.076845706
19 9 0.077335864
19 4 0.0756938
19 17 75.0
20 30 1.731397
20 8 2000.0
20 13 1.0387104
20 33 1.1562376
20 11 1.0726506
20 29 5.2674046
20 5 1.6827068
20 34 0.8937087
20 2 3.2255874
20 14 2.2419095
20 37 4.0289965
20 7 48.00406
20 27 957.6705
20 16 79.23712
20 25 0.3008956
21 32 2000.0
21 24 0.62049407
21 35 0.034466643
21 12 0.12266167
21 15 9.930622
22 31 180.00002
22 9 0.07153882
22 19 2000.0
23 0 2000.0
23 30 4.5717726
23 8 1.3105614
23 2 8.322014
23 37 1.7677823
23 18 1.241271
23 7 1.6589277
23 16 2.802373
23 11 2000.0
23 29 1.4257512
23 5 2.667004
24 26 37.045452
24 32 0.29795837
24 10 0.07165478
24 21 0.62049407
24 3 378.94742
24 12 0.07898539
24 15 2000.0
24 17 0.079991095
25 30 16.337927
25 0 22.810047
25 13 0.24474162
25 33 0.5887922
25 11 0.68467784
25 29 1.4982873
25 34 4.126889
25 20 0.3008956
25 2 0.41428047
25 14 3.449148
25 37 22.172132
25 7 1.4454167
25 27 229.14774
25 16 0.9049123
28 36 0.029850615
28 26 51.81818
28 10 0.44189882
28 12 1274.3182
28 3 80.0
28 9 0.6463276
28 19 75.19339
29 0 10.977334
29 30 2.182099
29 8 1.1626375
29 18 1.2908888
29 13 1.1696979
29 33 42.393303
29 11 1.0260217
29 5 2.4760175
29 34 3.7747824
29 20 5.2674046
29 2 1.1980245
29 37 1.1451509
29 7 2000.0
29 27 1898.9204
29 16 2000.0
29 23 1.4257512
29 25 1.4982873
30 8 0.2784961
30 18 0.68817186
30 13 21.84877
30 33 10.291522
30 11 0.7461958
30 29 2.182099
30 5 0.72949314
30 34 0.8455868
30 20 1.731397
30 2 12.835881
30 14 8.487941
30 37 16.017956
30 7 1.3555545
30 27 147.78409
30 16 1.0850898
30 23 4.5717726
30 25 16.337927
31 26 2000.0
31 6 0.1473485
31 10 6.9399357
31 35 69.92869
31 22 180.00002
31 9 0.03476155
31 4 0.06764098
31 17 0.9989847
31 19 0.076845706
32 26 2000.0
32 24 0.29795837
32 21 2000.0
32 12 4.8641624
32 15 0.07501951
33 30 10.291522
33 13 1.4064633
33 11 1.7919799
33 29 42.393303
33 5 2000.0
33 34 2000.0
33 20 1.1562376
33 2 2.5458536
33 14 1.4221303
33 7 2000.0
33 27 698.2386
33 16 246.27505
33 25 0.5887922
34 30 0.8455868
34 20 0.8937087
34 8 15.1805525
34 37 2000.0
34 13 307.2384
34 7 2452.443
34 27 716.8182
34 16 50.666607
34 11 1.907849
34 29 3.7747824
34 25 4.126889
34 5 2.6786785
35 21 0.034466643
35 31 69.92869
36 28 0.029850615
36 3 0.63398093
36 12 2000.0
36 9 0.56951064
37 30 16.017956
37 0 2.115293
37 8 0.89639825
37 18 2.3931117
37 13 1.7728289
37 11 1.4096113
37 29 1.1451509
37 5 17.151915
37 20 4.0289965
37 2 1.0020921
37 7 104.888245
37 27 725.7955
37 16 2000.0
37 23 1.7677823
37 25 22.172132
