0 8 13.408246
0 2 0.54471445
0 37 5.0976095
0 13 0.68899
0 25 2000.0
0 29 9.309212
1 3 0.38522726
1 12 1217.216
2 30 12.698439
2 0 0.54471445
2 8 3.0284488
2 18 7.067828
2 13 1.1664636
2 33 1.2159892
2 11 2.8246708
2 29 1.2119222
2 20 5.3020344
2 37 3.1549287
2 27 2.589646
2 23 34.782608
2 25 1.6639576
3 36 0.6042468
3 28 0.103609614
3 24 450.00003
3 12 0.07488663
3 1 0.38522726
3 9 0.42580172
4 31 0.077028595
4 9 0.07040813
4 17 0.09063633
4 19 0.08228412
5 34 6.0389194
5 30 1.3284928
5 20 5.1688223
5 8 1.4709599
5 37 2000.0
5 18 1.3199067
5 7 7.4791036
5 27 5.7539134
5 16 1.3563029
5 23 4.0748906
5 11 6.899578
5 29 1.7207404
6 22 1112.6704
6 31 1.2266784
6 17 0.93506396
7 34 14.935131
7 30 1.520804
7 20 2.0056427
7 8 29.567919
7 37 48.215816
7 27 61.250004
7 16 1.20606
7 11 26.401506
7 23 1.8360661
7 25 17.156118
7 5 7.4791036
8 0 13.408246
8 30 1.0923377
8 18 1.2184273
8 13 23.914513
8 11 0.9346179
8 29 0.79575026
8 5 1.4709599
8 34 17.023344
8 2 3.0284488
8 37 2.6666145
8 7 29.567919
8 27 5.9718695
8 16 3.3290293
8 23 1.8585544
9 36 2.1947572
9 26 2000.0
9 28 8.358043
9 10 2.0400455
9 22 0.19190434
9 31 0.031706147
9 3 0.42580172
9 17 0.0605547
9 4 0.07040813
9 19 0.06800775
10 26 0.044614825
10 28 0.8140229
10 24 0.06927609
10 31 0.03158611
10 12 11.303166
10 9 2.0400455
10 17 0.029121649
11 0 2000.0
11 30 1.5356992
11 8 0.9346179
11 18 8.026049
11 13 2.7986965
11 33 3.8351674
11 29 1.3836329
11 5 6.899578
11 34 5.6833305
11 20 1.7533151
11 2 2.8246708
11 37 3.6186242
11 7 26.401506
11 27 1.1998401
11 16 2.0814722
11 25 2.9993098
12 26 0.84709805
12 28 6.129451
12 32 0.35907415
12 10 11.303166
12 24 0.08256122
12 21 0.096800245
12 3 0.07488663
13 0 0.68899
13 30 2.4132404
13 8 23.914513
13 18 138.88889
13 33 1.6675674
13 11 2.7986965
13 29 0.44524926
13 5 2000.0
13 34 16.949438
13 20 0.79725987
13 2 1.1664636
13 14 6.3189526
13 37 2.8747425
13 27 0.22589356
13 16 85.18271
13 25 0.73235345
14 20 3.8654819
14 13 6.3189526
14 33 0.82331896
14 27 3.0310504
14 11 2000.0
14 25 3.8337884
15 32 0.07829285
15 21 14.4761505
16 30 1.2415997
16 0 2000.0
16 8 3.3290293
16 18 1.0213667
16 13 85.18271
16 11 2.0814722
16 29 443.23868
16 5 1.3563029
16 20 18.616793
16 37 65.58106
16 7 1.20606
16 27 1.8487448
16 23 4.208045
16 25 2.0686405
17 26 1.8796924
17 6 0.93506396
17 10 0.029121649
17 24 0.3439241
17 31 1.1306412
17 9 0.0605547
17 4 0.09063633
17 19 4.5976076
18 30 1.149815
18 2 7.067828
18 8 1.2184273
18 37 1.2862597
18 13 138.88889
18 7 2000.0
18 27 3.7311296
18 16 1.0213667
18 23 1.4836776
18 11 8.026049
18 29 1.371095
18 5 1.3199067
19 31 0.067073695
19 9 0.06800775
19 17 4.5976076
19 4 0.08228412
20 30 8.813445
20 0 2000.0
20 13 0.79725987
20 33 2.1824064
20 11 1.7533151
20 29 2.4086823
20 5 5.1688223
20 34 1.3955532
20 2 5.3020344
20 14 3.8654819
20 37 5.5933275
20 7 2.0056427
20 27 0.7055877
20 16 18.616793
20 25 1.2536777
21 32 400.0
21 24 0.09647362
21 35 0.049245317
21 12 0.096800245
21 15 14.4761505
22 6 1112.6704
22 31 2000.0
22 9 0.19190434
22 19 1218.5796
23 0 2000.0
23 30 1.753236
23 2 34.782608
23 8 1.8585544
23 37 8.132665
23 18 1.4836776
23 7 1.8360661
23 16 4.208045
23 11 2000.0
23 29 3.294088
23 5 4.0748906
24 26 0.076606594
24 32 0.08967027
24 10 0.06927609
24 21 0.09647362
24 31 7.8009076
24 12 0.08256122
24 3 450.00003
24 15 2000.0
24 17 0.3439241
25 0 2000.0
25 30 7.0826755
25 13 0.73235345
25 33 0.80816644
25 11 2.9993098
25 29 9.203107
25 5 2000.0
25 34 4.391898
25 20 1.2536777
25 2 1.6639576
25 14 3.8337884
25 7 17.156118
25 27 1.9477739
25 16 2.0686405
26 32 34.487907
26 28 0.048020832
26 10 0.044614825
26 24 0.076606594
26 31 0.12946813
26 12 0.84709805
26 17 1.8796924
27 0 2000.0
27 30 0.42136034
27 8 5.9718695
27 18 3.7311296
27 13 0.22589356
27 33 1.4073112
27 11 1.1998401
27 29 0.4645586
27 5 5.7539134
27 34 2.256029
27 20 0.7055877
27 2 2.589646
27 14 3.0310504
27 37 4.559136
27 7 61.250004
27 16 1.8487448
27 25 1.9477739
28 36 0.03553847
28 26 0.048020832
28 10 0.8140229
28 3 0.103609614
28 12 6.129451
28 9 8.358043
29 0 9.309212
29 30 7.248086
29 8 0.79575026
29 18 1.371095
29 13 0.44524926
29 11 1.3836329
29 5 1.7207404
29 34 12.834554
29 20 2.4086823
29 2 1.2119222
29 37 1.4496335
29 7 2000.0
29 27 0.4645586
29 16 443.23868
29 23 3.294088
29 25 9.203107
30 0 2000.0
30 8 1.0923377
30 18 1.149815
30 13 2.4132404
30 33 3.9965632
30 11 1.5356992
30 29 7.248086
30 5 1.3284928
30 34 2.685082
30 20 8.813445
30 2 12.698439
30 14 2000.0
30 37 21.312412
30 7 1.520804
30 27 0.42136034
30 16 1.2415997
30 23 1.753236
30 25 7.0826755
31 26 0.12946813
31 6 1.2266784
31 10 0.03158611
31 24 7.8009076
31 9 0.031706147
31 17 1.1306412
31 4 0.077028595
31 19 0.067073695
32 26 34.487907
32 24 0.08967027
32 21 400.0
32 12 0.35907415
32 15 0.07829285
33 30 3.9965632
33 13 1.6675674
33 11 3.8351674
33 29 2000.0
33 5 2000.0
33 34 2000.0
33 20 2.1824064
33 2 1.2159892
33 14 0.82331896
33 7 2000.0
33 27 1.4073112
33 16 2000.0
33 25 0.80816644
34 30 2.685082
34 20 1.3955532
34 8 17.023344
34 7 14.935131
34 13 16.949438
34 27 2.256029
34 16 2000.0
34 11 5.6833305
34 25 4.391898
34 29 12.834554
34 5 6.0389194
35 21 0.049245317
36 26 2000.0
36 28 0.03553847
36 3 0.6042468
36 9 2.1947572
37 30 21.312412
37 0 5.0976095
37 8 2.6666145
37 18 1.2862597
37 13 2.8747425
37 11 3.6186242
37 29 1.4496335
37 20 5.5933275
37 2 3.1549287
37 7 48.215816
37 27 4.559136
37 16 65.58106
37 23 8.132665
37 25 8314.433
