0 2 1.3201231
0 37 1.6313945
0 13 1.1490728
0 29 13.769042
0 25 24.078644
1 3 0.69327325
1 12 22.143938
2 30 14.064928
2 0 1.3201231
2 8 1.4913404
2 18 2.3186257
2 13 0.5914763
2 33 2.2312217
2 11 1.9596022
2 29 1.195472
2 20 5.3211274
2 37 0.8139155
2 27 1.2116779
2 16 2000.0
2 23 8.809484
2 25 0.5296994
3 36 0.36162516
3 28 10.842219
3 24 2000.0
3 12 0.06796316
3 1 0.69327325
3 9 0.90861064
4 31 0.06669151
4 9 0.09807788
4 17 0.12528117
4 19 0.068614505
5 30 0.5446917
5 8 0.41095695
5 18 0.8950415
5 13 24.132977
5 11 1.9524932
5 29 1.6427555
5 34 1.4084836
5 20 1.6191747
5 37 12.785066
5 7 6.831818
5 27 1.0492085
5 16 1.3165265
5 23 1.968027
5 25 2000.0
6 31 0.16715184
6 17 8.432142
7 30 1.0180601
7 20 44.246025
7 8 6.8153753
7 37 34.00495
7 16 0.90932
7 23 1.4751297
7 25 4.4176664
7 5 6.831818
8 0 2000.0
8 30 0.4397745
8 18 1.1893104
8 13 1.0166509
8 11 0.8833448
8 29 0.27627385
8 5 0.41095695
8 34 19.82553
8 2 1.4913404
8 37 0.9399929
8 7 6.8153753
8 27 0.82098967
8 16 1.698408
8 23 0.81434417
8 25 2000.0
9 36 0.49206406
9 26 2000.0
9 28 2.6750314
9 10 65.1091
9 22 0.044507243
9 31 0.028920515
9 3 0.90861064
9 4 0.09807788
9 17 0.051906507
9 19 0.066126645
10 26 0.030341092
10 28 0.24802056
10 24 0.078364104
10 31 6.0733285
10 12 1293.3523
10 9 65.1091
10 17 0.030067815
11 0 2000.0
11 30 0.760428
11 8 0.8833448
11 18 3.274845
11 13 0.91305745
11 33 1.6854898
11 29 1.1135619
11 5 1.9524932
11 34 2.6838648
11 20 1.252791
11 2 1.9596022
11 37 1.4782246
11 7 1666.7614
11 27 0.72552896
11 16 1.0428262
11 25 0.7945894
12 26 1.0481958
12 32 6.414457
12 24 0.06586412
12 21 0.3291554
12 3 0.06796316
12 1 22.143938
13 30 21.366865
13 0 1.1490728
13 8 1.0166509
13 18 504.59546
13 33 1.1068803
13 11 0.91305745
13 29 0.86196643
13 5 24.132977
13 34 2000.0
13 20 2.1443274
13 2 0.5914763
13 14 31.19498
13 37 1.1836363
13 7 2000.0
13 27 0.47141078
13 16 23.930143
13 25 0.2977871
14 30 11.483578
14 20 6.1194634
14 13 31.19498
14 27 2.6772017
14 33 0.4831744
14 11 2000.0
14 25 2.3873925
15 32 0.080082946
15 21 4.120592
16 30 1.5170424
16 0 2000.0
16 8 1.698408
16 18 1.5250609
16 13 23.930143
16 11 1.0428262
16 5 1.3165265
16 34 41.434536
16 20 95.01277
16 7 0.90932
16 27 1.8747029
16 23 3.7017365
16 25 1.4363425
17 6 8.432142
17 26 2.10108
17 10 0.030067815
17 24 0.1633634
17 31 1.3555006
17 9 0.051906507
17 4 0.12528117
17 19 50.443184
18 0 2000.0
18 30 0.64508617
18 8 1.1893104
18 13 504.59546
18 11 3.274845
18 29 0.8005526
18 5 0.8950415
18 2 2.3186257
18 37 2.6634493
18 7 2000.0
18 27 29.00742
18 16 1.5250609
18 23 1.1868086
19 31 0.06213343
19 9 0.066126645
19 4 0.068614505
19 17 50.443184
20 30 1.2961147
20 13 2.1443274
20 33 0.9912405
20 11 1.252791
20 29 7.160085
20 5 1.6191747
20 34 0.84382343
20 2 5.3211274
20 14 6.1194634
20 37 3.5081866
20 7 44.246025
20 27 1.6962366
20 16 95.01277
20 25 0.44306916
21 24 0.6751732
21 35 0.039906304
21 31 2000.0
21 12 0.3291554
21 15 4.120592
22 31 2000.0
22 9 0.044507243
22 19 2000.0
23 0 2000.0
23 30 2.0356712
23 8 0.81434417
23 2 8.809484
23 37 2.8677564
23 18 1.1868086
23 7 1.4751297
23 16 3.7017365
23 11 2000.0
23 29 0.7333357
23 5 1.968027
24 26 0.042425655
24 32 0.5421055
24 10 0.078364104
24 21 0.6751732
24 12 0.06586412
24 15 2000.0
24 17 0.1633634
25 30 18.383722
25 0 24.078644
25 13 0.2977871
25 33 0.6722103
25 11 0.7945894
25 29 1.0532004
25 34 2.4098353
25 20 0.44306916
25 2 0.5296994
25 14 2.3873925
25 37 50.0
25 7 4.4176664
25 27 0.20893492
25 16 1.4363425
26 32 1199.5455
26 28 0.0638551
26 10 0.030341092
26 24 0.042425655
26 31 0.17463043
26 12 1.0481958
26 17 2.10108
27 30 0.21573667
27 0 2000.0
27 8 0.82098967
27 18 29.00742
27 13 0.47141078
27 33 0.79993415
27 11 0.72552896
27 29 0.7159184
27 5 1.0492085
27 34 1.1614854
27 20 1.6962366
27 2 1.2116779
27 14 2.6772017
27 37 1.0739584
27 7 7117.8975
27 16 1.8747029
27 25 0.20893492
28 36 0.035082445
28 26 0.0638551
28 10 0.24802056
28 3 10.842219
28 12 1211.9319
28 9 2.6750314
28 19 1378.2386
29 0 13.769042
29 30 0.78750706
29 8 0.27627385
29 18 0.8005526
29 13 0.86196643
29 33 13.589594
29 11 1.1135619
29 5 1.6427555
29 34 3.890094
29 20 7.160085
29 2 1.195472
29 37 0.9275304
29 7 2000.0
29 27 0.7159184
29 16 2000.0
29 23 0.7333357
29 25 1.0532004
30 8 0.4397745
30 18 0.64508617
30 13 21.366865
30 33 4.387143
30 11 0.760428
30 29 0.78750706
30 5 0.5446917
30 34 0.8619973
30 20 1.2961147
30 2 14.064928
30 14 11.483578
30 37 20.635847
30 7 1.0180601
30 27 0.21573667
30 16 1.5170424
30 23 2.0356712
30 25 18.383722
31 26 0.17463043
31 6 0.16715184
31 10 6.0733285
31 35 32.73772
31 9 0.028920515
31 4 0.06669151
31 17 1.3555006
31 19 0.06213343
32 24 0.5421055
32 12 6.414457
32 15 0.080082946
33 30 4.387143
33 8 2000.0
33 13 1.1068803
33 11 1.6854898
33 29 13.589594
33 34 2000.0
33 20 0.9912405
33 2 2.2312217
33 14 0.4831744
33 7 2000.0
33 27 0.79993415
33 16 3017.898
33 25 0.6722103
34 30 0.8619973
34 20 0.84382343
34 8 19.82553
34 37 2000.0
34 7 2000.0
34 13 2000.0
34 27 1.1614854
34 16 41.434536
34 11 2.6838648
34 29 3.890094
34 25 2.4098353
34 5 1.4084836
35 21 0.039906304
35 31 32.73772
36 28 0.035082445
36 3 0.36162516
36 9 0.49206406
37 30 20.635847
37 0 1.6313945
37 8 0.9399929
37 18 2.6634493
37 13 1.1836363
37 11 1.4782246
37 29 0.9275304
37 5 12.785066
37 20 3.5081866
37 2 0.8139155
37 7 34.00495
37 27 1.0739584
37 16 2000.0
37 23 2.8677564
37 25 50.0
