0 2 1.1778977
0 37 4.5807114
0 13 0.9053759
0 25 144.00002
0 29 32.550533
1 3 0.7629929
1 12 22.580643
2 30 9.671988
2 0 1.1778977
2 8 1.8153661
2 18 2.275463
2 13 0.5628378
2 33 2.2238004
2 11 1.5215759
2 29 1.0038774
2 20 2.436531
2 37 0.81426436
2 27 0.34049064
2 16 2000.0
2 23 11.709571
2 25 0.39104056
3 36 0.47323865
3 28 36.36514
3 24 1596.9318
3 12 0.067648716
3 1 0.7629929
3 9 0.21100014
4 31 0.06590054
4 9 0.08616473
4 17 0.15959296
4 19 0.07445556
5 30 0.67644376
5 8 0.52218103
5 18 0.9839623
5 13 28.816214
5 11 1.3961264
5 29 3.600677
5 34 1.6151814
5 20 1.4857312
5 37 6.176045
5 7 12.612104
5 27 1.733982
5 16 1.3486007
5 23 3.8916469
5 25 2000.0
6 31 0.105553836
6 17 0.59963477
7 30 1.9633645
7 20 204.93073
7 8 12.444163
7 16 1.6884238
7 11 78.65981
7 23 1.6018933
7 25 3.2036195
7 5 12.612104
8 0 2000.0
8 30 0.5077671
8 18 1.270012
8 13 3.0261805
8 11 1.3251162
8 29 0.64701265
8 5 0.52218103
8 34 72.34754
8 2 1.8153661
8 37 0.8364648
8 7 12.444163
8 27 0.7974367
8 16 1.760002
8 23 1.1782782
8 25 2000.0
9 36 0.6495442
9 26 2000.0
9 28 0.8801491
9 10 6.656095
9 22 0.04516252
9 31 0.028876169
9 3 0.21100014
9 12 2000.0
9 4 0.08616473
9 17 0.04854034
9 19 0.09740518
10 26 0.033623658
10 28 0.26813886
10 24 0.12428977
10 31 1.0996773
10 12 1632.1023
10 9 6.656095
10 17 0.030270457
11 0 2000.0
11 30 0.6189425
11 8 1.3251162
11 18 6.74747
11 13 0.8851537
11 33 1.3781016
11 29 0.72662073
11 5 1.3961264
11 34 1.464782
11 20 1.1954495
11 2 1.5215759
11 37 1.168191
11 7 78.65981
11 27 0.79995
11 16 0.8182205
11 25 0.36333334
12 26 0.7836691
12 32 2.8576934
12 28 160.0
12 24 0.068663195
12 21 0.17922647
12 3 0.067648716
12 1 22.580643
13 30 17.648596
13 0 0.9053759
13 8 3.0261805
13 18 33.588203
13 33 1.0271295
13 11 0.8851537
13 29 1.1408186
13 5 28.816214
13 34 200.0
13 20 1.2193964
13 2 0.5628378
13 14 7.3715796
13 37 1.1881119
13 7 2000.0
13 27 0.6314906
13 16 50.83198
13 25 0.22217807
14 30 13.480786
14 20 2.1767888
14 13 7.3715796
14 27 4.8948317
14 33 0.51440465
14 11 2000.0
14 25 2.3201566
15 32 0.06506598
15 21 14.412338
16 0 2000.0
16 30 1.0502111
16 8 1.760002
16 18 3.3052392
16 13 50.83198
16 11 0.8182205
16 5 1.3486007
16 34 33.624126
16 20 13.761257
16 7 1.6884238
16 27 1.2695398
16 23 2.3466904
16 25 1.1446809
17 6 0.59963477
17 26 1.4460889
17 10 0.030270457
17 24 0.09492318
17 31 0.98270875
17 9 0.04854034
17 4 0.15959296
17 19 2000.0
18 0 2000.0
18 30 0.979233
18 8 1.270012
18 13 33.588203
18 11 6.74747
18 29 0.96753246
18 5 0.9839623
18 2 2.275463
18 37 7.8372164
18 7 2000.0
18 27 106.7295
18 16 3.3052392
18 23 1.3715128
19 28 86.2434
19 31 0.10345256
19 9 0.09740518
19 4 0.07445556
20 30 1.2656653
20 13 1.2193964
20 33 0.80441815
20 11 1.1954495
20 29 5.3435655
20 5 1.4857312
20 34 0.79373044
20 2 2.436531
20 14 2.1767888
20 37 3.3767428
20 7 204.93073
20 27 1.6779515
20 16 13.761257
20 25 0.4560572
21 26 2000.0
21 32 400.0
21 24 1.0917
21 35 0.034516603
21 31 2000.0
21 12 0.17922647
21 15 14.412338
22 31 216.10768
22 9 0.04516252
22 19 2000.0
23 0 2000.0
23 30 3.4094868
23 8 1.1782782
23 2 11.709571
23 37 2.0003874
23 18 1.3715128
23 7 1.6018933
23 16 2.3466904
23 11 2000.0
23 29 1.0763205
23 5 3.8916469
24 26 0.043950595
24 32 0.6501358
24 10 0.12428977
24 21 1.0917
24 12 0.068663195
24 15 2000.0
24 17 0.09492318
25 0 144.00002
25 30 15.780845
25 13 0.22217807
25 33 0.9935737
25 11 0.36333334
25 29 2.8974576
25 34 3.292894
25 20 0.4560572
25 2 0.39104056
25 14 2.3201566
25 37 62.5176
25 7 3.2036195
25 27 0.21045654
25 16 1.1446809
26 32 44.69495
26 28 0.060381357
26 10 0.033623658
26 24 0.043950595
26 31 0.70850754
26 12 0.7836691
26 17 1.4460889
27 30 0.16097799
27 0 2000.0
27 8 0.7974367
27 18 106.7295
27 13 0.6314906
27 33 0.792761
27 11 0.79995
27 29 0.7232465
27 5 1.733982
27 34 0.87558776
27 20 1.6779515
27 2 0.34049064
27 14 4.8948317
27 37 0.9145253
27 7 2000.0
27 16 1.2695398
27 25 0.21045654
28 36 0.034750734
28 26 0.060381357
28 10 0.26813886
28 3 36.36514
28 12 160.0
28 9 0.8801491
28 19 86.2434
29 0 32.550533
29 30 1.9739715
29 8 0.64701265
29 18 0.96753246
29 13 1.1408186
29 33 15.30414
29 11 0.72662073
29 5 3.600677
29 34 2.3578985
29 20 5.3435655
29 2 1.0038774
29 37 0.9454952
29 7 2000.0
29 27 0.7232465
29 16 2000.0
29 23 1.0763205
29 25 2.8974576
30 8 0.5077671
30 18 0.979233
30 13 17.648596
30 33 7.200477
30 11 0.6189425
30 29 1.9739715
30 5 0.67644376
30 34 0.7181364
30 20 1.2656653
30 2 9.671988
30 14 13.480786
30 37 9.928939
30 7 1.9633645
30 27 0.16097799
30 16 1.0502111
30 23 3.4094868
30 25 15.780845
31 26 0.70850754
31 6 0.105553836
31 10 1.0996773
31 35 7.1820717
31 22 216.10768
31 21 2000.0
31 9 0.028876169
31 4 0.06590054
31 17 0.98270875
31 19 0.10345256
32 26 44.69495
32 24 0.6501358
32 21 400.0
32 12 2.8576934
32 15 0.06506598
33 30 7.200477
33 8 2000.0
33 13 1.0271295
33 11 1.3781016
33 29 15.30414
33 5 2000.0
33 34 2000.0
33 20 0.80441815
33 2 2.2238004
33 14 0.51440465
33 7 2000.0
33 27 0.792761
33 16 2040.0568
33 25 0.9935737
34 30 0.7181364
34 20 0.79373044
34 8 72.34754
34 37 2000.0
34 13 200.0
34 7 2378.8447
34 27 0.87558776
34 16 33.624126
34 11 1.464782
34 29 2.3578985
34 25 3.292894
34 5 1.6151814
35 21 0.034516603
35 31 7.1820717
36 28 0.034750734
36 3 0.47323865
36 9 0.6495442
37 30 9.928939
37 0 4.5807114
37 8 0.8364648
37 18 7.8372164
37 13 1.1881119
37 11 1.168191
37 29 0.9454952
37 5 6.176045
37 20 3.3767428
37 2 0.81426436
37 7 305.89117
37 27 0.9145253
37 16 2000.0
37 23 2.0003874
37 25 62.5176
