0 8 4.8956895
0 2 0.817936
0 37 1.265605
0 13 0.7875399
0 11 46.15385
0 29 18.223236
1 3 0.32749268
1 12 35.659092
2 30 12.992704
2 0 0.817936
2 8 1.2518845
2 18 11.414113
2 13 0.37483072
2 33 1.6974308
2 11 1.0955069
2 29 1.2374805
2 20 4.123465
2 37 0.6017795
2 27 0.93798155
2 16 2000.0
2 23 10.818903
2 25 0.94958454
3 36 0.31402734
3 28 0.09058166
3 24 342.85715
3 12 0.05241567
3 1 0.32749268
3 9 0.18804985
4 31 0.08049854
4 9 0.07522355
4 17 0.09928674
4 19 0.08252608
5 30 1.0947374
5 8 0.79732573
5 18 0.38093558
5 13 92.706924
5 11 3.3844047
5 29 2.6347978
5 34 1.8107324
5 20 2.0596247
5 37 2000.0
5 7 5.532729
5 27 3.5938923
5 16 1.5626423
5 23 6.075735
6 22 209.19447
6 31 0.27060154
6 17 1.0873377
7 34 10.248589
7 30 1.8089772
7 20 1.5406443
7 8 60.72387
7 37 8.077399
7 16 0.79124016
7 11 7.971158
7 23 0.96634924
7 25 3.5195248
7 5 5.532729
8 0 4.8956895
8 30 0.81375676
8 18 0.9430966
8 13 2.2555285
8 11 0.7263211
8 29 1.1377306
8 5 0.79732573
8 34 2.6798103
8 2 1.2518845
8 37 0.92543626
8 7 60.72387
8 27 1.8041867
8 16 1.2103894
8 23 0.8245896
9 36 1.9689476
9 28 2.9668975
9 10 6.9307632
9 22 0.36620143
9 31 0.029761907
9 12 2000.0
9 3 0.18804985
9 17 0.074122034
9 4 0.07522355
9 19 0.08161978
10 26 0.030115742
10 28 0.3868328
10 24 0.04975401
10 31 0.05189394
10 12 6.02591
10 9 6.9307632
10 17 0.035362557
11 0 46.15385
11 30 0.39402944
11 8 0.7263211
11 18 8.058644
11 13 0.45685
11 33 1.9671178
11 29 1.3554455
11 5 3.3844047
11 34 2.126451
11 20 0.6524758
11 2 1.0955069
11 37 1.0052197
11 7 7.971158
11 27 0.8113239
11 16 0.88448817
11 25 0.6831133
12 26 2.6639037
12 28 5.130442
12 32 0.21574974
12 10 6.02591
12 24 0.068705626
12 21 0.11257892
12 3 0.05241567
12 1 35.659092
13 0 0.7875399
13 30 3.2967937
13 8 2.2555285
13 18 199.05296
13 33 0.75081044
13 11 0.45685
13 29 0.87225664
13 5 92.706924
13 34 7.2815022
13 20 1.0749495
13 2 0.37483072
13 14 3.057502
13 37 1.1609544
13 27 0.35634968
13 16 93.62371
13 25 0.45780268
14 20 0.95852435
14 13 3.057502
14 27 3.845558
14 33 0.3927003
14 11 2000.0
14 25 2.1061668
15 32 0.07262088
15 21 1.1362617
16 0 2000.0
16 30 1.2753903
16 8 1.2103894
16 18 0.9198978
16 13 93.62371
16 11 0.88448817
16 29 29.650898
16 5 1.5626423
16 20 2.8101034
16 37 18.21156
16 7 0.79124016
16 27 1.3346722
16 23 4.6422524
16 25 1.07294
17 26 1.6645243
17 6 1.0873377
17 10 0.035362557
17 24 0.24874756
17 31 1.5390983
17 9 0.074122034
17 4 0.09928674
17 19 2.7690027
18 30 0.67745316
18 2 11.414113
18 8 0.9430966
18 37 1.2934014
18 13 199.05296
18 7 2000.0
18 27 4.8094745
18 16 0.9198978
18 23 1.1962197
18 11 8.058644
18 29 0.98794276
18 5 0.38093558
19 31 0.08304589
19 9 0.08161978
19 17 2.7690027
19 4 0.08252608
20 30 10.614945
20 13 1.0749495
20 33 1.2788899
20 11 0.6524758
20 29 10.956234
20 5 2.0596247
20 34 0.7824345
20 2 4.123465
20 14 0.95852435
20 37 1.726916
20 7 1.5406443
20 27 0.85669863
20 16 2.8101034
20 25 0.38496727
21 26 2000.0
21 32 2000.0
21 24 0.35884663
21 35 0.04032931
21 12 0.11257892
21 15 1.1362617
22 6 209.19447
22 31 1246.1364
22 9 0.36620143
22 19 1318.8068
23 0 2000.0
23 30 1.7015773
23 2 10.818903
23 8 0.8245896
23 37 2.6472206
23 18 1.1962197
23 7 0.96634924
23 16 4.6422524
23 11 2000.0
23 29 2.3500402
23 5 6.075735
24 26 0.05240664
24 32 0.112238154
24 10 0.04975401
24 21 0.35884663
24 31 3.7023745
24 12 0.068705626
24 3 342.85715
24 15 2000.0
24 17 0.24874756
25 30 1.9254742
25 13 0.45780268
25 33 0.3368438
25 11 0.6831133
25 29 2.8129094
25 34 1.9074636
25 20 0.38496727
25 2 0.94958454
25 14 2.1061668
25 37 49.192333
25 7 3.5195248
25 27 0.630553
25 16 1.07294
26 36 162.1143
26 32 71.645706
26 28 0.10335227
26 10 0.030115742
26 24 0.05240664
26 31 0.058094263
26 12 2.6639037
26 17 1.6645243
27 0 2000.0
27 30 1.0120773
27 8 1.8041867
27 18 4.8094745
27 13 0.35634968
27 33 1.1862704
27 11 0.8113239
27 29 0.40966812
27 5 3.5938923
27 34 1.082101
27 20 0.85669863
27 2 0.93798155
27 14 3.845558
27 37 1.0834874
27 7 3685.8523
27 16 1.3346722
27 25 0.630553
28 36 0.03623106
28 26 0.10335227
28 10 0.3868328
28 3 0.09058166
28 12 5.130442
28 9 2.9668975
29 0 18.223236
29 30 4.645901
29 8 1.1377306
29 18 0.98794276
29 13 0.87225664
29 11 1.3554455
29 5 2.6347978
29 34 5.122553
29 20 10.956234
29 2 1.2374805
29 37 1.0092003
29 7 2000.0
29 27 0.40966812
29 16 29.650898
29 23 2.3500402
29 25 2.8129094
30 0 2000.0
30 8 0.81375676
30 18 0.67745316
30 13 3.2967937
30 33 1.281287
30 11 0.39402944
30 29 4.645901
30 5 1.0947374
30 34 1.247868
30 20 10.614945
30 2 12.992704
30 37 7.616397
30 7 1.8089772
30 27 1.0120773
30 16 1.2753903
30 23 1.7015773
30 25 1.9254742
31 26 0.058094263
31 6 0.27060154
31 10 0.05189394
31 24 3.7023745
31 9 0.029761907
31 17 1.5390983
31 4 0.08049854
31 19 0.08304589
32 26 71.645706
32 24 0.112238154
32 12 0.21574974
32 15 0.07262088
33 34 2000.0
33 30 1.281287
33 20 1.2788899
33 2 1.6974308
33 14 0.3927003
33 7 2000.0
33 13 0.75081044
33 27 1.1862704
33 16 2020.4546
33 11 1.9671178
33 29 2580.5112
33 25 0.3368438
34 30 1.247868
34 20 0.7824345
34 8 2.6798103
34 13 7.2815022
34 7 10.248589
34 27 1.082101
34 16 1215.0568
34 11 2.126451
34 25 1.9074636
34 29 5.122553
34 5 1.8107324
35 21 0.04032931
36 26 162.1143
36 28 0.03623106
36 3 0.31402734
36 9 1.9689476
37 30 7.616397
37 0 1.265605
37 8 0.92543626
37 18 1.2934014
37 13 1.1609544
37 11 1.0052197
37 29 1.0092003
37 20 1.726916
37 2 0.6017795
37 7 8.077399
37 27 1.0834874
37 16 18.21156
37 23 2.6472206
37 25 49.192333
