0 2 0.8485938
0 37 1.4880902
0 13 0.7606017
0 25 12.59873
0 29 26.801575
1 3 0.84445906
1 12 35.838207
2 30 22.7297
2 0 0.8485938
2 8 1.3105179
2 18 5.272759
2 13 0.5042222
2 33 1.9458425
2 11 1.3372953
2 29 1.6633917
2 20 2.23786
2 37 1.0577488
2 27 0.8039236
2 16 2000.0
2 23 14.967169
2 25 0.5364466
3 36 1.0695356
3 28 15.232757
3 24 2000.0
3 12 0.051648658
3 1 0.84445906
3 9 1.3343107
4 31 0.06646131
4 9 0.06624846
4 17 0.14948508
4 19 0.071836635
5 30 0.7679108
5 8 0.28524122
5 18 0.47082555
5 13 22.373363
5 11 1.8197978
5 29 3.5947986
5 34 5.8189816
5 20 1.5251298
5 37 47.033466
5 7 9.921397
5 27 2.4932647
5 16 2.5348258
5 23 4.253472
5 25 2000.0
6 31 0.1432102
6 17 2.1482525
7 34 133.33334
7 30 0.89999574
7 20 81.046486
7 8 7.090382
7 37 128.57143
7 16 1.3198546
7 23 1.5245446
7 11 133.33334
7 25 3.3581803
7 5 9.921397
8 0 2000.0
8 30 0.2759385
8 18 1.3399265
8 13 0.605258
8 11 0.8678434
8 29 0.4167526
8 5 0.28524122
8 34 68.46253
8 2 1.3105179
8 37 1.792619
8 7 7.090382
8 27 0.8703375
8 16 1.6242802
8 23 0.8882892
8 25 2000.0
9 36 0.5486111
9 26 2000.0
9 28 2.9819546
9 10 12.247818
9 22 0.053860847
9 31 0.029977279
9 3 1.3343107
9 12 2000.0
9 4 0.06624846
9 17 0.030654259
9 19 0.07357265
10 26 0.028822958
10 28 0.59723485
10 24 0.09872868
10 31 13.382931
10 12 1489.8864
10 9 12.247818
10 17 0.034195036
11 0 2000.0
11 30 0.8095567
11 8 0.8678434
11 18 7.047847
11 13 0.8334452
11 33 1.911746
11 29 0.7037181
11 5 1.8197978
11 34 2.0300298
11 20 0.8130349
11 2 1.3372953
11 37 1.9374202
11 7 133.33334
11 27 0.9796758
11 16 1.1222473
11 25 0.52808017
12 26 2.579802
12 32 3.7481062
12 28 139.71774
12 24 0.06950448
12 21 0.32250643
12 3 0.051648658
12 1 35.838207
12 15 2000.0
13 30 98.39839
13 0 0.7606017
13 8 0.605258
13 18 167.41476
13 33 0.8455658
13 11 0.8334452
13 29 0.90398073
13 5 22.373363
13 34 70.876785
13 20 0.97698265
13 2 0.5042222
13 14 3.2282248
13 37 1.1432654
13 7 2000.0
13 27 0.6498524
13 16 22.068497
13 25 0.29243794
14 30 4.0974026
14 20 2.025977
14 13 3.2282248
14 27 2.1814606
14 33 0.436526
14 11 2000.0
14 25 1.897401
15 32 0.090289414
15 21 1.661638
16 0 2000.0
16 30 1.0451087
16 8 1.6242802
16 18 1.166823
16 13 22.068497
16 11 1.1222473
16 5 2.5348258
16 34 65.867004
16 20 21.517908
16 7 1.3198546
16 27 1.5739838
16 23 3.1560543
16 25 1.7034973
17 6 2.1482525
17 26 1.4417051
17 10 0.034195036
17 24 0.07019876
17 31 0.96140563
17 9 0.030654259
17 4 0.14948508
17 19 64.26956
18 0 2000.0
18 30 0.6950944
18 8 1.3399265
18 13 167.41476
18 11 7.047847
18 29 1.0478698
18 5 0.47082555
18 2 5.272759
18 37 15.80267
18 7 2000.0
18 27 15.95419
18 16 1.166823
18 23 1.1368364
19 31 0.098739244
19 9 0.07357265
19 4 0.071836635
19 17 64.26956
20 30 1.6798633
20 13 0.97698265
20 33 1.0518258
20 11 0.8130349
20 29 4.0152864
20 5 1.5251298
20 34 0.97360766
20 2 2.23786
20 14 2.025977
20 37 3.4638054
20 7 81.046486
20 27 1.701674
20 16 21.517908
20 25 0.7901397
21 26 2000.0
21 32 2000.0
21 24 1.184686
21 35 0.033678632
21 31 2000.0
21 12 0.32250643
21 15 1.661638
22 31 105.882355
22 9 0.053860847
22 19 2000.0
23 0 2000.0
23 30 1.5652747
23 8 0.8882892
23 2 14.967169
23 37 1.0892804
23 18 1.1368364
23 7 1.5245446
23 16 3.1560543
23 11 2000.0
23 29 0.7901524
23 5 4.253472
24 26 0.036039274
24 32 0.25135243
24 10 0.09872868
24 21 1.184686
24 12 0.06950448
24 15 2000.0
24 17 0.07019876
25 30 14.0225525
25 0 12.59873
25 13 0.29243794
25 33 0.5825958
25 11 0.52808017
25 29 2.7838585
25 34 1.9179372
25 20 0.7901397
25 2 0.5364466
25 14 1.897401
25 37 70.0698
25 7 3.3581803
25 27 0.32272667
25 16 1.7034973
26 32 12.654624
26 28 0.10978458
26 10 0.028822958
26 24 0.036039274
26 31 0.13776831
26 12 2.579802
26 17 1.4417051
27 30 0.22589225
27 0 2000.0
27 8 0.8703375
27 18 15.95419
27 13 0.6498524
27 33 0.7590028
27 11 0.9796758
27 29 0.7207687
27 5 2.4932647
27 34 1.5839478
27 20 1.701674
27 2 0.8039236
27 14 2.1814606
27 37 2.0155718
27 7 2000.0
27 16 1.5739838
27 25 0.32272667
28 36 0.04173387
28 26 0.10978458
28 10 0.59723485
28 3 15.232757
28 12 139.71774
28 9 2.9819546
28 19 1373.466
29 0 26.801575
29 30 1.1916957
29 8 0.4167526
29 18 1.0478698
29 13 0.90398073
29 33 10.702912
29 11 0.7037181
29 5 3.5947986
29 34 5.6913476
29 20 4.0152864
29 2 1.6633917
29 37 1.2230774
29 7 2000.0
29 27 0.7207687
29 16 2000.0
29 23 0.7901524
29 25 2.7838585
30 8 0.2759385
30 18 0.6950944
30 13 98.39839
30 33 4.69954
30 11 0.8095567
30 29 1.1916957
30 5 0.7679108
30 34 0.95652497
30 20 1.6798633
30 2 22.7297
30 14 4.0974026
30 37 35.15572
30 7 0.89999574
30 27 0.22589225
30 16 1.0451087
30 23 1.5652747
30 25 14.0225525
31 26 0.13776831
31 6 0.1432102
31 10 13.382931
31 35 28.01239
31 22 105.882355
31 9 0.029977279
31 4 0.06646131
31 17 0.96140563
31 19 0.098739244
32 26 12.654624
32 24 0.25135243
32 12 3.7481062
32 15 0.090289414
33 30 4.69954
33 8 2000.0
33 13 0.8455658
33 11 1.911746
33 29 10.702912
33 34 2000.0
33 20 1.0518258
33 2 1.9458425
33 14 0.436526
33 7 2000.0
33 27 0.7590028
33 16 3017.898
33 25 0.5825958
34 30 0.95652497
34 20 0.97360766
34 8 68.46253
34 37 2000.0
34 13 70.876785
34 7 133.33334
34 27 1.5839478
34 16 65.867004
34 11 2.0300298
34 29 5.6913476
34 25 1.9179372
34 5 5.8189816
35 21 0.033678632
35 31 28.01239
36 28 0.04173387
36 3 1.0695356
36 9 0.5486111
37 30 35.15572
37 0 1.4880902
37 8 1.792619
37 18 15.80267
37 13 1.1432654
37 11 1.9374202
37 29 1.2230774
37 5 47.033466
37 20 3.4638054
37 2 1.0577488
37 7 128.57143
37 27 2.0155718
37 16 2000.0
37 23 1.0892804
37 25 70.0698
