0 2 0.90284145
0 37 1.1639153
0 13 0.8569157
0 29 13.664224
0 25 10.60606
1 3 1.2969575
1 12 8.327371
2 30 12.907726
2 0 0.90284145
2 8 1.4329466
2 18 1.5606167
2 13 0.6440733
2 33 9.223771
2 11 1.5431602
2 29 0.95465314
2 20 2.3586872
2 37 0.7374118
2 27 2.0370662
2 16 2000.0
2 23 7.4798803
2 25 1.2989944
3 36 1.1602877
3 28 11.0332
3 24 2000.0
3 12 0.07540275
3 1 1.2969575
3 9 0.45771128
4 31 0.06342335
4 9 0.08000675
4 17 0.122286595
4 19 0.066124305
5 30 0.5608324
5 8 0.6915885
5 18 1.239681
5 13 11.390994
5 11 2.915506
5 29 2.534722
5 34 2.8882213
5 20 2.1499946
5 37 10.878481
5 7 6.4207845
5 27 1.7389048
5 16 1.3472865
5 23 1.5110797
5 25 2000.0
6 31 0.2635927
6 17 6.1806045
7 30 0.78729606
7 20 138.88017
7 8 3.685394
7 16 1.1990386
7 23 1.3860656
7 25 4.1837454
7 5 6.4207845
8 0 2000.0
8 30 0.6059413
8 18 1.2389722
8 13 3.2006495
8 11 0.91355866
8 29 0.8070007
8 5 0.6915885
8 34 24.98106
8 2 1.4329466
8 37 0.8817584
8 7 3.685394
8 27 2.3168097
8 16 1.4154762
8 23 1.444946
8 25 2000.0
9 36 0.47417715
9 26 2000.0
9 28 0.859965
9 10 18.89814
9 22 0.060342148
9 31 0.031190878
9 3 0.45771128
9 4 0.08000675
9 17 0.034879666
9 19 0.07276453
10 26 0.034475703
10 28 0.28987405
10 24 0.10969618
10 31 12.809604
10 12 1383.6364
10 9 18.89814
10 17 0.033727206
11 0 2000.0
11 30 0.84390706
11 8 0.91355866
11 18 10.732825
11 13 0.9105874
11 33 2.99152
11 29 0.9656316
11 5 2.915506
11 34 4.362898
11 20 1.09516
11 2 1.5431602
11 37 1.4128554
11 7 1348.2954
11 27 0.7327834
11 16 1.3794544
11 25 1.5478995
12 26 0.5749243
12 32 3.9673934
12 28 149.19829
12 24 0.070578314
12 21 0.1785165
12 3 0.07540275
12 1 8.327371
13 30 42.382305
13 0 0.8569157
13 8 3.2006495
13 18 182.25
13 33 4.5180526
13 11 0.9105874
13 29 1.1210666
13 5 11.390994
13 34 86.64646
13 20 1.0446537
13 2 0.6440733
13 14 7.74062
13 37 1.531437
13 7 2000.0
13 27 0.6820813
13 16 32.437263
13 25 0.32508534
14 30 4.1278987
14 20 4.0312386
14 13 7.74062
14 27 4.179766
14 33 0.50510824
14 11 2000.0
14 25 5.323681
15 32 0.08663738
15 21 1.902421
16 34 72.931076
16 30 1.0593326
16 20 20.616556
16 8 1.4154762
16 18 0.9733157
16 13 32.437263
16 7 1.1990386
16 27 1.4577391
16 11 1.3794544
16 23 2.4331732
16 25 1.2300317
16 5 1.3472865
17 6 6.1806045
17 26 1.7403139
17 10 0.033727206
17 24 0.08289889
17 31 0.9342523
17 9 0.034879666
17 4 0.122286595
17 19 1495.5114
18 0 2000.0
18 30 0.6961904
18 8 1.2389722
18 13 182.25
18 11 10.732825
18 29 1.1775535
18 5 1.239681
18 2 1.5606167
18 37 2.4170837
18 7 2000.0
18 27 24.242514
18 16 0.9733157
18 23 1.2876137
19 31 0.09484971
19 9 0.07276453
19 4 0.066124305
20 30 1.3908707
20 13 1.0446537
20 33 3.261982
20 11 1.09516
20 29 5.712561
20 5 2.1499946
20 34 1.8944732
20 2 2.3586872
20 14 4.0312386
20 37 4.1146636
20 7 138.88017
20 27 1.2197222
20 16 20.616556
20 25 1.2892929
21 26 2000.0
21 10 2000.0
21 24 0.88652277
21 35 0.031458825
21 12 0.1785165
21 15 1.902421
22 31 225.00002
22 9 0.060342148
22 19 2000.0
23 0 2000.0
23 30 1.64529
23 8 1.444946
23 2 7.4798803
23 37 1.7940193
23 18 1.2876137
23 7 1.3860656
23 16 2.4331732
23 11 2000.0
23 29 1.2951304
23 5 1.5110797
24 26 0.04881939
24 32 0.21463701
24 10 0.10969618
24 21 0.88652277
24 12 0.070578314
24 17 0.08289889
25 30 15.219639
25 0 10.60606
25 13 0.32508534
25 33 0.6222989
25 11 1.5478995
25 29 1.6577634
25 34 4.131779
25 20 1.2892929
25 2 1.2989944
25 14 5.323681
25 37 94.117645
25 7 4.1837454
25 27 0.27205664
25 16 1.2300317
26 32 29.072067
26 28 0.059543304
26 10 0.034475703
26 24 0.04881939
26 31 0.12095812
26 12 0.5749243
26 17 1.7403139
27 30 0.3292084
27 0 2000.0
27 8 2.3168097
27 18 24.242514
27 13 0.6820813
27 33 0.9703869
27 11 0.7327834
27 29 0.9999901
27 5 1.7389048
27 34 1.6332679
27 20 1.2197222
27 2 2.0370662
27 14 4.179766
27 37 1.416196
27 7 2000.0
27 16 1.4577391
27 25 0.27205664
28 36 0.031204911
28 26 0.059543304
28 10 0.28987405
28 3 11.0332
28 12 149.19829
28 9 0.859965
28 19 1369.4319
29 0 13.664224
29 30 0.71963346
29 8 0.8070007
29 18 1.1775535
29 13 1.1210666
29 33 17.411722
29 11 0.9656316
29 5 2.534722
29 34 3.392222
29 20 5.712561
29 2 0.95465314
29 37 0.94872147
29 27 0.9999901
29 16 2000.0
29 23 1.2951304
29 25 1.6577634
30 8 0.6059413
30 18 0.6961904
30 13 42.382305
30 33 13.0180235
30 11 0.84390706
30 29 0.71963346
30 5 0.5608324
30 34 0.8410266
30 20 1.3908707
30 2 12.907726
30 14 4.1278987
30 37 13.769059
30 7 0.78729606
30 27 0.3292084
30 16 1.0593326
30 23 1.64529
30 25 15.219639
31 26 0.12095812
31 6 0.2635927
31 10 12.809604
31 35 131.12244
31 22 225.00002
31 9 0.031190878
31 4 0.06342335
31 17 0.9342523
31 19 0.09484971
32 26 29.072067
32 24 0.21463701
32 12 3.9673934
32 15 0.08663738
33 30 13.0180235
33 13 4.5180526
33 11 2.99152
33 29 17.411722
33 5 2000.0
33 34 2000.0
33 20 3.261982
33 2 9.223771
33 14 0.50510824
33 7 2000.0
33 27 0.9703869
33 16 3017.898
33 25 0.6222989
34 30 0.8410266
34 20 1.8944732
34 8 24.98106
34 37 2000.0
34 7 2000.0
34 13 86.64646
34 27 1.6332679
34 16 72.931076
34 11 4.362898
34 29 3.392222
34 25 4.131779
34 5 2.8882213
35 21 0.031458825
35 31 131.12244
36 28 0.031204911
36 3 1.1602877
36 9 0.47417715
37 30 13.769059
37 0 1.1639153
37 8 0.8817584
37 18 2.4170837
37 13 1.531437
37 11 1.4128554
37 29 0.94872147
37 5 10.878481
37 20 4.1146636
37 2 0.7374118
37 7 2966.932
37 27 1.416196
37 16 2000.0
37 23 1.7940193
37 25 94.117645
