0 2 0.7430465
0 37 1.3168408
0 13 0.64668363
0 29 59.91568
0 25 9.041089
1 3 0.75864065
1 12 10.30158
2 30 24.361374
2 0 0.7430465
2 8 1.4703133
2 18 3.1527164
2 13 0.7015672
2 33 2.343077
2 11 1.3928571
2 29 1.780278
2 20 2.8137012
2 37 1.114109
2 27 1.3526537
2 16 2000.0
2 23 10.827068
2 25 0.51576537
3 36 1.6708742
3 28 3.7273774
3 24 2000.0
3 12 0.051911566
3 1 0.75864065
3 9 0.3379028
4 31 0.068841726
4 9 0.068944015
4 17 0.15650812
4 19 0.06868572
5 30 0.56738937
5 8 0.2850715
5 18 0.5474766
5 13 19.07197
5 11 2.0314786
5 29 5.145416
5 34 2.0454547
5 20 2.0618355
5 37 18.233437
5 7 6.234942
5 27 1.0535898
5 16 1.3630931
5 23 2.32984
6 31 0.13535768
6 17 2.1415367
7 30 0.60962933
7 20 76.38775
7 8 9.104098
7 16 1.0815438
7 11 174.61197
7 23 1.5560708
7 25 2.316665
7 5 6.234942
8 0 2000.0
8 30 0.4946747
8 18 1.1431093
8 13 1.0798227
8 11 0.8289542
8 29 0.4687026
8 5 0.2850715
8 34 16.876322
8 2 1.4703133
8 37 0.8329359
8 7 9.104098
8 27 2.020404
8 16 1.5580263
8 23 0.96758574
8 25 2000.0
9 36 0.6338778
9 26 2000.0
9 28 1.3552902
9 10 16.920908
9 22 0.052169017
9 31 0.030334592
9 3 0.3379028
9 4 0.068944015
9 17 0.033994883
9 19 0.07091835
10 26 0.039111782
10 28 0.7602766
10 24 0.13411286
10 31 26.077478
10 12 114.28571
10 9 16.920908
10 17 0.04034103
11 0 2000.0
11 30 0.7643584
11 8 0.8289542
11 18 5.1531863
11 13 0.6919631
11 33 2.3720899
11 29 0.9328241
11 5 2.0314786
11 34 1.6212516
11 20 1.2167414
11 2 1.3928571
11 37 1.5068257
11 7 174.61197
11 27 1.3915529
11 16 1.0046577
11 25 0.7768281
12 26 5.8226013
12 32 2.0487013
12 28 145.86208
12 10 114.28571
12 24 0.067190275
12 21 0.24587832
12 3 0.051911566
12 1 10.30158
13 30 48.299236
13 0 0.64668363
13 8 1.0798227
13 18 136.63936
13 33 0.90886366
13 11 0.6919631
13 29 0.86173785
13 5 19.07197
13 34 157.30841
13 20 0.8136827
13 2 0.7015672
13 14 6.4077315
13 37 1.0751368
13 7 2000.0
13 27 0.24684344
13 16 28.321247
13 25 0.26442897
14 30 7.972571
14 20 1.192842
14 13 6.4077315
14 27 3.7333603
14 33 0.39392626
14 11 2000.0
14 25 2.3071103
15 32 0.068848856
15 21 1.4318497
16 0 2000.0
16 30 1.1047297
16 8 1.5580263
16 18 1.1839786
16 13 28.321247
16 11 1.0046577
16 5 1.3630931
16 34 64.27965
16 20 39.26027
16 7 1.0815438
16 27 1.4050663
16 23 2.528603
16 25 0.9124043
17 6 2.1415367
17 26 1.4376023
17 10 0.04034103
17 24 0.101416916
17 31 1.0021368
17 9 0.033994883
17 4 0.15650812
17 19 194.18967
18 0 2000.0
18 30 0.7193031
18 8 1.1431093
18 13 136.63936
18 11 5.1531863
18 29 1.4486276
18 5 0.5474766
18 2 3.1527164
18 37 2.2528718
18 7 2000.0
18 27 17.949194
18 16 1.1839786
18 23 1.008629
19 28 85.33897
19 31 0.080255285
19 9 0.07091835
19 17 194.18967
19 4 0.06868572
20 30 0.85624665
20 13 0.8136827
20 33 1.15598
20 11 1.2167414
20 29 8.054722
20 5 2.0618355
20 34 0.8020628
20 2 2.8137012
20 14 1.192842
20 37 2.581146
20 7 76.38775
20 27 0.8167929
20 16 39.26027
20 25 0.4887988
21 10 2000.0
21 24 0.86672604
21 35 0.02997152
21 31 2000.0
21 12 0.24587832
21 15 1.4318497
22 31 200.0
22 9 0.052169017
22 19 2000.0
23 30 2.7402503
23 0 2000.0
23 8 0.96758574
23 2 10.827068
23 37 1.4703966
23 18 1.008629
23 7 1.5560708
23 16 2.528603
23 11 2000.0
23 29 0.9782676
23 5 2.32984
24 26 0.040989604
24 32 0.2118584
24 10 0.13411286
24 21 0.86672604
24 12 0.067190275
24 17 0.101416916
25 30 12.516574
25 0 9.041089
25 13 0.26442897
25 33 0.5186857
25 11 0.7768281
25 29 1.4337453
25 34 1.6573935
25 20 0.4887988
25 2 0.51576537
25 14 2.3071103
25 37 70.87656
25 7 2.316665
25 27 0.36667284
25 16 0.9124043
26 32 26.666666
26 28 0.13915798
26 10 0.039111782
26 24 0.040989604
26 31 0.13043746
26 12 5.8226013
26 17 1.4376023
27 30 0.24784066
27 0 2000.0
27 8 2.020404
27 18 17.949194
27 13 0.24684344
27 33 0.7835951
27 11 1.3915529
27 29 1.0165399
27 5 1.0535898
27 34 1.1193757
27 20 0.8167929
27 2 1.3526537
27 14 3.7333603
27 37 1.6332046
27 7 2000.0
27 16 1.4050663
27 25 0.36667284
28 36 0.05296095
28 26 0.13915798
28 10 0.7602766
28 3 3.7273774
28 12 145.86208
28 9 1.3552902
28 19 85.33897
29 0 59.91568
29 30 0.942016
29 8 0.4687026
29 18 1.4486276
29 13 0.86173785
29 33 22.940842
29 11 0.9328241
29 5 5.145416
29 34 5.0184927
29 20 8.054722
29 2 1.780278
29 37 1.0091152
29 27 1.0165399
29 16 2000.0
29 23 0.9782676
29 25 1.4337453
30 8 0.4946747
30 18 0.7193031
30 13 48.299236
30 33 8.985258
30 11 0.7643584
30 29 0.942016
30 5 0.56738937
30 34 0.89706206
30 20 0.85624665
30 2 24.361374
30 14 7.972571
30 37 16.122744
30 7 0.60962933
30 27 0.24784066
30 16 1.1047297
30 23 2.7402503
30 25 12.516574
31 26 0.13043746
31 6 0.13535768
31 10 26.077478
31 35 47.790318
31 22 200.0
31 9 0.030334592
31 4 0.068841726
31 17 1.0021368
31 19 0.080255285
32 26 26.666666
32 24 0.2118584
32 21 2000.0
32 12 2.0487013
32 15 0.068848856
33 30 8.985258
33 13 0.90886366
33 11 2.3720899
33 29 22.940842
33 5 2000.0
33 34 2000.0
33 20 1.15598
33 2 2.343077
33 14 0.39392626
33 7 2000.0
33 27 0.7835951
33 16 3017.898
33 25 0.5186857
34 30 0.89706206
34 20 0.8020628
34 8 16.876322
34 37 2000.0
34 13 157.30841
34 7 3707.7842
34 27 1.1193757
34 16 64.27965
34 11 1.6212516
34 29 5.0184927
34 25 1.6573935
34 5 2.0454547
35 21 0.02997152
35 31 47.790318
36 28 0.05296095
36 3 1.6708742
36 9 0.6338778
37 30 16.122744
37 0 1.3168408
37 8 0.8329359
37 18 2.2528718
37 13 1.0751368
37 11 1.5068257
37 29 1.0091152
37 5 18.233437
37 20 2.581146
37 2 1.114109
37 7 2930.284
37 27 1.6332046
37 16 2000.0
37 23 1.4703966
37 25 70.87656
