0 2 1.1387041
0 37 1.7448981
0 13 1.6099703
0 29 64.90774
0 25 26.792439
1 3 1.7303597
1 12 17.157583
2 30 48.555912
2 0 1.1387041
2 8 1.2927802
2 18 2.1458886
2 13 0.9049736
2 33 2.578363
2 11 1.7805507
2 29 1.3809522
2 20 4.488797
2 37 0.8066515
2 27 1.3506986
2 16 2000.0
2 23 8.536064
2 25 0.51392806
3 36 0.29311693
3 28 33.884865
3 24 2000.0
3 12 0.08015025
3 1 1.7303597
3 9 0.6545493
4 31 0.06882332
4 9 0.080157556
4 17 0.1193942
4 19 0.07208315
5 30 0.7125275
5 8 0.5293411
5 18 0.84768736
5 13 36.74816
5 11 3.6034405
5 29 2.5090306
5 34 4.518571
5 20 1.9414715
5 37 9.605789
5 7 9.82145
5 27 2.1769826
5 16 1.5141683
5 23 1.3980467
5 25 2000.0
6 31 0.1616569
6 17 1.6755682
7 34 2000.0
7 30 0.9587745
7 20 27.659937
7 8 9.777273
7 16 1.1956819
7 23 1.2773051
7 11 1354.2614
7 25 2.3275094
7 5 9.82145
8 0 2000.0
8 30 0.49768516
8 18 1.1897054
8 13 1.9846764
8 11 1.0242298
8 29 0.29938495
8 5 0.5293411
8 34 39.54739
8 2 1.2927802
8 37 1.0320837
8 7 9.777273
8 27 1.3671875
8 16 1.5188718
8 23 0.80194384
8 25 2000.0
9 36 0.35378632
9 26 2000.0
9 28 1.3980023
9 10 16.493065
9 22 0.04508929
9 31 0.028654456
9 12 2000.0
9 3 0.6545493
9 4 0.080157556
9 17 0.035932478
9 19 0.06114719
10 26 0.029858176
10 28 0.22573051
10 24 0.087960765
10 31 23.838268
10 12 1357.8977
10 9 16.493065
10 17 0.03809065
11 0 2000.0
11 30 0.60646933
11 8 1.0242298
11 18 12.395977
11 13 0.8345959
11 33 1.8041886
11 29 1.1356316
11 5 3.6034405
11 34 3.384255
11 20 1.1696595
11 2 1.7805507
11 37 1.9179717
11 7 1354.2614
11 27 0.64048064
11 16 1.3460071
11 25 0.90953696
12 26 0.70162714
12 32 3.7855215
12 24 0.07087121
12 21 0.15293173
12 3 0.08015025
12 1 17.157583
13 30 1506.9507
13 0 1.6099703
13 8 1.9846764
13 18 724.27734
13 33 0.82400614
13 11 0.8345959
13 29 0.8864309
13 5 36.74816
13 34 2000.0
13 20 0.8732108
13 2 0.9049736
13 14 7.5736065
13 37 0.9680023
13 7 2000.0
13 27 0.33837473
13 16 51.45768
13 25 0.29928052
14 30 14.036671
14 20 1.9422368
14 13 7.5736065
14 27 3.0906112
14 33 0.39046466
14 25 1.1572949
15 32 0.07215802
15 21 5.4438715
16 30 1.367681
16 0 2000.0
16 8 1.5188718
16 18 1.4015027
16 13 51.45768
16 11 1.3460071
16 5 1.5141683
16 34 77.30565
16 20 48.192295
16 7 1.1956819
16 27 1.3914053
16 23 2.9179204
16 25 1.4284616
17 6 1.6755682
17 26 1.6059829
17 10 0.03809065
17 24 0.12626109
17 31 1.1916596
17 9 0.035932478
17 4 0.1193942
17 19 48.10552
18 0 2000.0
18 30 0.6999348
18 8 1.1897054
18 13 724.27734
18 11 12.395977
18 29 1.5952885
18 5 0.84768736
18 2 2.1458886
18 37 2.8892124
18 7 2000.0
18 27 14.94409
18 16 1.4015027
18 23 1.3974125
19 31 0.084633484
19 9 0.06114719
19 4 0.07208315
19 17 48.10552
20 30 1.3321464
20 13 0.8732108
20 33 0.8635138
20 11 1.1696595
20 29 4.577357
20 5 1.9414715
20 34 0.85580873
20 2 4.488797
20 14 1.9422368
20 37 2.2692406
20 7 27.659937
20 27 0.57727355
20 16 48.192295
20 25 0.41555828
21 26 2000.0
21 32 2000.0
21 24 0.8887273
21 35 0.03031405
21 31 2000.0
21 12 0.15293173
21 15 5.4438715
22 31 90.31534
22 9 0.04508929
22 19 2000.0
23 0 2000.0
23 30 1.7055477
23 8 0.80194384
23 2 8.536064
23 37 1.3984034
23 18 1.3974125
23 7 1.2773051
23 16 2.9179204
23 11 2000.0
23 29 1.7087687
23 5 1.3980467
24 26 0.042524498
24 32 0.24838868
24 10 0.087960765
24 21 0.8887273
24 12 0.07087121
24 17 0.12626109
25 30 24.424063
25 0 26.792439
25 13 0.29928052
25 33 0.6785692
25 11 0.90953696
25 29 1.4843214
25 34 2.2785895
25 20 0.41555828
25 2 0.51392806
25 14 1.1572949
25 37 23.738491
25 7 2.3275094
25 27 0.25732955
25 16 1.4284616
26 32 14.120809
26 28 0.10042613
26 10 0.029858176
26 24 0.042524498
26 31 0.0934251
26 12 0.70162714
26 17 1.6059829
27 30 0.23385642
27 0 2000.0
27 8 1.3671875
27 18 14.94409
27 13 0.33837473
27 33 0.7804813
27 11 0.64048064
27 29 0.7302273
27 5 2.1769826
27 34 1.2282336
27 20 0.57727355
27 2 1.3506986
27 14 3.0906112
27 37 0.8362612
27 7 2000.0
27 16 1.3914053
27 25 0.25732955
28 36 0.029071279
28 26 0.10042613
28 10 0.22573051
28 3 33.884865
28 12 1208.409
28 9 1.3980023
28 19 1361.8182
29 0 64.90774
29 30 1.1228964
29 8 0.29938495
29 18 1.5952885
29 13 0.8864309
29 33 34.10868
29 11 1.1356316
29 5 2.5090306
29 34 10.119621
29 20 4.577357
29 2 1.3809522
29 37 0.780807
29 7 2000.0
29 27 0.7302273
29 16 2000.0
29 23 1.7087687
29 25 1.4843214
30 8 0.49768516
30 18 0.6999348
30 13 1506.9507
30 33 10.040099
30 11 0.60646933
30 29 1.1228964
30 5 0.7125275
30 34 1.288662
30 20 1.3321464
30 2 48.555912
30 14 14.036671
30 37 33.049156
30 7 0.9587745
30 27 0.23385642
30 16 1.367681
30 23 1.7055477
30 25 24.424063
31 26 0.0934251
31 6 0.1616569
31 10 23.838268
31 35 144.70341
31 22 90.31534
31 9 0.028654456
31 4 0.06882332
31 17 1.1916596
31 19 0.084633484
32 26 14.120809
32 24 0.24838868
32 12 3.7855215
32 15 0.07215802
33 30 10.040099
33 8 2000.0
33 13 0.82400614
33 11 1.8041886
33 29 34.10868
33 5 2000.0
33 34 2000.0
33 20 0.8635138
33 2 2.578363
33 14 0.39046466
33 7 2000.0
33 27 0.7804813
33 16 3017.898
33 25 0.6785692
34 30 1.288662
34 20 0.85580873
34 8 39.54739
34 37 2000.0
34 7 2000.0
34 13 2000.0
34 27 1.2282336
34 16 77.30565
34 11 3.384255
34 29 10.119621
34 25 2.2785895
34 5 4.518571
35 21 0.03031405
35 31 144.70341
36 28 0.029071279
36 3 0.29311693
36 9 0.35378632
37 30 33.049156
37 0 1.7448981
37 8 1.0320837
37 18 2.8892124
37 13 0.9680023
37 11 1.9179717
37 29 0.780807
37 5 9.605789
37 20 2.2692406
37 2 0.8066515
37 7 3740.7954
37 27 0.8362612
37 16 2000.0
37 23 1.3984034
37 25 23.738491
