0 8 7.781141
0 2 1.0881358
0 37 1.2846695
0 13 1.105566
0 11 152.97615
0 29 2.8836179
0 25 533.3334
1 3 0.3859971
1 12 1302.6705
2 30 27.410627
2 0 1.0881358
2 8 1.1589878
2 18 6.953286
2 13 0.4331499
2 33 1.696627
2 11 0.9320855
2 29 1.1964295
2 20 10.572825
2 37 1.5853865
2 27 0.7223465
2 16 2000.0
2 23 24.424368
2 25 1.0990778
3 36 0.22080953
3 28 0.098592944
3 24 2000.0
3 12 0.06715594
3 1 0.3859971
3 9 0.22052138
4 31 0.07003789
4 9 0.07654621
4 17 0.10137652
4 19 0.08613636
5 30 0.54745233
5 8 0.7384438
5 18 0.6784907
5 13 2000.0
5 11 4.1965303
5 29 1.7751207
5 34 4.089634
5 20 2.8069637
5 37 2000.0
5 7 4.6333246
5 27 1.4004457
5 16 1.8241802
5 23 3.8239732
6 22 160.0
6 31 0.75442535
6 17 0.80462956
7 34 12.849163
7 30 0.71480715
7 20 2.1138785
7 8 29.075998
7 37 19.41519
7 16 1.3903593
7 11 5.359311
7 23 1.008556
7 25 7.305807
7 5 4.6333246
8 0 7.781141
8 30 0.8389583
8 18 1.1063107
8 13 1.7341068
8 11 0.68993694
8 29 0.79226327
8 5 0.7384438
8 34 2.772135
8 2 1.1589878
8 37 1.398397
8 7 29.075998
8 27 0.8421498
8 16 1.3211323
8 23 1.0245216
9 36 1.2086241
9 26 2000.0
9 28 10.838459
9 10 2.518953
9 22 0.70044255
9 31 0.028995031
9 3 0.22052138
9 17 0.052713506
9 4 0.07654621
9 19 0.06764128
10 26 0.034759898
10 28 0.6866478
10 24 0.07677886
10 31 0.03099346
10 12 15.238096
10 9 2.518953
10 17 0.030004768
11 0 152.97615
11 30 0.40808937
11 8 0.68993694
11 18 4.938043
11 13 0.4568014
11 33 3.7458405
11 29 0.63446975
11 5 4.1965303
11 34 2.018854
11 20 0.8044706
11 2 0.9320855
11 37 1.6807053
11 7 5.359311
11 27 0.42463845
11 16 0.8600724
11 25 1.0886477
12 26 0.29702735
12 28 5.1027174
12 32 0.17803352
12 10 15.238096
12 24 0.12331724
12 21 0.07223337
12 3 0.06715594
13 30 1.0665289
13 0 1.105566
13 8 1.7341068
13 18 1224.9999
13 33 0.893798
13 11 0.4568014
13 29 0.31299978
13 34 9.772897
13 20 0.68060064
13 2 0.4331499
13 14 2.553197
13 37 1.9146222
13 27 0.19847769
13 16 74.97785
13 25 0.542806
14 20 1.4235778
14 13 2.553197
14 33 0.5592609
14 27 4.181843
14 11 2000.0
14 25 1.499792
15 32 0.06901111
15 21 2.1996613
16 0 2000.0
16 30 1.4025568
16 8 1.3211323
16 18 0.6766179
16 13 74.97785
16 11 0.8600724
16 29 858.89935
16 5 1.8241802
16 20 8.218512
16 37 115.90205
16 7 1.3903593
16 27 2.3968241
16 23 8.203663
16 25 1.295459
17 26 2.21781
17 6 0.80462956
17 10 0.030004768
17 24 0.20628834
17 31 1.9866107
17 9 0.052713506
17 4 0.10137652
17 19 3.8681655
18 30 0.7647524
18 2 6.953286
18 8 1.1063107
18 37 1.1996013
18 13 1224.9999
18 7 2000.0
18 27 3.2044482
18 16 0.6766179
18 23 1.2342271
18 11 4.938043
18 29 1.1951991
18 5 0.6784907
19 31 0.06840909
19 9 0.06764128
19 17 3.8681655
19 4 0.08613636
20 30 10.632307
20 13 0.68060064
20 33 1.3531439
20 11 0.8044706
20 29 1.250069
20 5 2.8069637
20 34 0.97946244
20 2 10.572825
20 14 1.4235778
20 37 9.359981
20 7 2.1138785
20 27 0.47328228
20 16 8.218512
20 25 0.5678931
21 24 0.10173343
21 35 0.036545545
21 12 0.07223337
21 15 2.1996613
22 6 160.0
22 31 72.11688
22 9 0.70044255
22 19 1203.9772
23 0 2000.0
23 30 0.88182944
23 2 24.424368
23 8 1.0245216
23 37 3.151922
23 18 1.2342271
23 7 1.008556
23 16 8.203663
23 11 2000.0
23 29 5.3676524
23 5 3.8239732
24 26 0.077572785
24 32 0.09824699
24 10 0.07677886
24 21 0.10173343
24 31 10.034658
24 12 0.12331724
24 15 2000.0
24 17 0.20628834
25 30 2.221925
25 0 533.3334
25 13 0.542806
25 33 0.7404397
25 11 1.0886477
25 29 4.0952544
25 34 1.2171624
25 20 0.5678931
25 2 1.0990778
25 14 1.499792
25 37 244.06627
25 7 7.305807
25 27 0.5875018
25 16 1.295459
26 32 45.429543
26 28 0.043139238
26 10 0.034759898
26 24 0.077572785
26 31 0.07688089
26 12 0.29702735
26 17 2.21781
27 0 2000.0
27 30 0.21215758
27 8 0.8421498
27 18 3.2044482
27 13 0.19847769
27 33 1.2897202
27 11 0.42463845
27 29 0.3514085
27 5 1.4004457
27 34 1.8149872
27 20 0.47328228
27 2 0.7223465
27 14 4.181843
27 37 1.0036336
27 7 2989.2046
27 16 2.3968241
27 25 0.5875018
28 36 0.042537794
28 26 0.043139238
28 10 0.6866478
28 3 0.098592944
28 12 5.1027174
28 9 10.838459
29 0 2.8836179
29 30 2.759034
29 8 0.79226327
29 18 1.1951991
29 13 0.31299978
29 11 0.63446975
29 5 1.7751207
29 34 2.814989
29 20 1.250069
29 2 1.1964295
29 37 0.60805696
29 7 2000.0
29 27 0.3514085
29 16 858.89935
29 23 5.3676524
29 25 4.0952544
30 0 2000.0
30 8 0.8389583
30 18 0.7647524
30 13 1.0665289
30 33 2.2512627
30 11 0.40808937
30 29 2.759034
30 5 0.54745233
30 34 4.5714493
30 20 10.632307
30 2 27.410627
30 14 2000.0
30 37 10.35456
30 7 0.71480715
30 27 0.21215758
30 16 1.4025568
30 23 0.88182944
30 25 2.221925
31 26 0.07688089
31 6 0.75442535
31 10 0.03099346
31 24 10.034658
31 9 0.028995031
31 17 1.9866107
31 4 0.07003789
31 19 0.06840909
32 26 45.429543
32 24 0.09824699
32 12 0.17803352
32 15 0.06901111
33 30 2.2512627
33 8 2000.0
33 13 0.893798
33 11 3.7458405
33 29 2382.1023
33 5 2000.0
33 34 2000.0
33 20 1.3531439
33 2 1.696627
33 14 0.5592609
33 7 2000.0
33 27 1.2897202
33 16 2000.0
33 25 0.7404397
34 30 4.5714493
34 20 0.97946244
34 8 2.772135
34 7 12.849163
34 13 9.772897
34 27 1.8149872
34 16 2536.0227
34 11 2.018854
34 25 1.2171624
34 29 2.814989
34 5 4.089634
35 21 0.036545545
36 26 2000.0
36 28 0.042537794
36 3 0.22080953
36 9 1.2086241
37 30 10.35456
37 0 1.2846695
37 8 1.398397
37 18 1.1996013
37 13 1.9146222
37 11 1.6807053
37 29 0.60805696
37 20 9.359981
37 2 1.5853865
37 7 19.41519
37 27 1.0036336
37 16 115.90205
37 23 3.151922
37 25 244.06627
