0 2 1.5806854
0 37 2.5621984
0 13 0.9119855
0 29 24.345
0 25 107.16336
1 3 0.6388917
1 12 34.85191
2 30 41.101902
2 0 1.5806854
2 8 1.3211278
2 18 2.8965127
2 13 0.6208449
2 33 2.2646437
2 11 1.8958262
2 29 0.834245
2 20 3.803524
2 37 0.97801644
2 27 1.142951
2 16 2000.0
2 23 10.803789
2 25 0.47843748
3 36 1.5825067
3 28 81.818184
3 24 2000.0
3 12 0.08079857
3 1 0.6388917
3 9 0.6109662
4 31 0.06903409
4 9 0.068380736
4 17 0.14426081
4 19 0.08481744
5 30 0.7129957
5 8 0.557479
5 18 1.3970469
5 13 48.025215
5 11 1.5862184
5 29 2.6899288
5 34 4.6550126
5 20 1.8405669
5 37 9.237533
5 7 9.60676
5 27 3.2919734
5 16 1.3214562
5 23 8.248357
5 25 2000.0
6 31 0.18940279
6 17 2.6554813
7 34 1828.5227
7 30 2.7525523
7 20 29.752743
7 8 12.16712
7 37 212.69296
7 16 1.5965321
7 23 1.6758668
7 25 2.6457517
7 5 9.60676
8 0 2000.0
8 30 0.5211479
8 18 1.3056712
8 13 2.956835
8 11 0.8667459
8 29 1.034718
8 5 0.557479
8 34 85.72836
8 2 1.3211278
8 37 1.5227028
8 7 12.16712
8 27 3.0529306
8 16 1.3214736
8 23 0.910762
8 25 2000.0
9 36 0.41739815
9 28 1.0327216
9 10 10.734472
9 22 0.05696023
9 31 0.030549243
9 12 2000.0
9 3 0.6109662
9 4 0.068380736
9 17 0.04535335
9 19 0.08819129
10 26 0.035043992
10 28 0.40898097
10 24 0.086099096
10 31 2.114831
10 12 1620.5114
10 9 10.734472
10 17 0.029971512
11 0 2000.0
11 30 0.98102343
11 8 0.8667459
11 18 4.1526947
11 13 0.9099564
11 33 2.1769226
11 29 0.8562133
11 5 1.5862184
11 34 2.8732681
11 20 0.807355
11 2 1.8958262
11 37 1.5066065
11 7 3518.182
11 27 1.2880683
11 16 1.1819886
11 25 0.8780686
12 26 1.2955348
12 32 8.6491375
12 24 0.075168066
12 21 0.14949614
12 3 0.08079857
12 1 34.85191
13 30 145.31883
13 0 0.9119855
13 8 2.956835
13 18 29.087769
13 33 0.98064303
13 11 0.9099564
13 29 0.81583065
13 5 48.025215
13 34 2000.0
13 20 0.81593394
13 2 0.6208449
13 14 5.9810553
13 37 1.1980668
13 7 2000.0
13 27 0.343085
13 16 45.46223
13 25 0.22766858
14 30 15.435381
14 20 5.201895
14 13 5.9810553
14 27 7.487003
14 33 1.155934
14 11 2000.0
14 25 1.587038
15 32 0.067906186
15 21 51.740707
16 30 1.1390312
16 0 2000.0
16 8 1.3214736
16 18 1.3718507
16 13 45.46223
16 11 1.1819886
16 5 1.3214562
16 34 49.76946
16 20 71.78891
16 7 1.5965321
16 27 1.3250514
16 23 2.7872307
16 25 1.2781047
17 6 2.6554813
17 26 1.7182996
17 10 0.029971512
17 24 0.06085255
17 31 1.0328583
17 9 0.04535335
17 4 0.14426081
17 19 2000.0
18 0 2000.0
18 30 0.7703687
18 8 1.3056712
18 13 29.087769
18 11 4.1526947
18 29 1.3516138
18 5 1.3970469
18 2 2.8965127
18 37 3.3484247
18 7 2000.0
18 27 143.40971
18 16 1.3718507
18 23 1.5288529
19 31 0.10232861
19 9 0.08819129
19 4 0.08481744
20 30 1.1550915
20 13 0.81593394
20 33 0.9457318
20 11 0.807355
20 29 5.008747
20 5 1.8405669
20 34 0.7982172
20 2 3.803524
20 14 5.201895
20 37 2.1050138
20 7 29.752743
20 27 1.9402791
20 16 71.78891
20 25 0.4998041
21 26 2000.0
21 32 400.0
21 24 1.4740766
21 35 0.036662802
21 31 2000.0
21 12 0.14949614
21 15 51.740707
22 31 1140.5681
22 9 0.05696023
22 19 2000.0
23 0 2000.0
23 30 2.619767
23 8 0.910762
23 2 10.803789
23 37 2.7918973
23 18 1.5288529
23 7 1.6758668
23 16 2.7872307
23 11 2000.0
23 29 3.0221932
23 5 8.248357
24 26 0.048938997
24 32 0.28202865
24 10 0.086099096
24 21 1.4740766
24 12 0.075168066
24 15 2000.0
24 17 0.06085255
25 0 107.16336
25 30 6.5599976
25 13 0.22766858
25 33 0.89138794
25 11 0.8780686
25 29 1.5626462
25 34 2.1634026
25 20 0.4998041
25 2 0.47843748
25 14 1.587038
25 37 44.468243
25 7 2.6457517
25 27 0.23134631
25 16 1.2781047
26 32 151.1591
26 28 0.06567796
26 10 0.035043992
26 24 0.048938997
26 31 0.15672371
26 12 1.2955348
26 17 1.7182996
27 30 0.18240683
27 0 2000.0
27 8 3.0529306
27 18 143.40971
27 13 0.343085
27 33 0.70767057
27 11 1.2880683
27 29 2.48969
27 5 3.2919734
27 34 0.85625154
27 20 1.9402791
27 2 1.142951
27 14 7.487003
27 37 0.91824436
27 7 2000.0
27 16 1.3250514
27 25 0.23134631
28 36 0.035208948
28 26 0.06567796
28 10 0.40898097
28 12 1143.4092
28 3 81.818184
28 9 1.0327216
28 19 1753.466
29 0 24.345
29 30 2.132458
29 8 1.034718
29 18 1.3516138
29 13 0.81583065
29 33 16.92678
29 11 0.8562133
29 5 2.6899288
29 34 5.2263746
29 20 5.008747
29 2 0.834245
29 37 0.76935023
29 7 2000.0
29 27 2.48969
29 16 2000.0
29 23 3.0221932
29 25 1.5626462
30 8 0.5211479
30 18 0.7703687
30 13 145.31883
30 33 11.161638
30 11 0.98102343
30 29 2.132458
30 5 0.7129957
30 34 1.4991499
30 20 1.1550915
30 2 41.101902
30 14 15.435381
30 37 14.412333
30 7 2.7525523
30 27 0.18240683
30 16 1.1390312
30 23 2.619767
30 25 6.5599976
31 26 0.15672371
31 6 0.18940279
31 10 2.114831
31 35 60.179863
31 9 0.030549243
31 4 0.06903409
31 17 1.0328583
31 19 0.10232861
32 26 151.1591
32 24 0.28202865
32 21 400.0
32 12 8.6491375
32 15 0.067906186
33 30 11.161638
33 8 2000.0
33 13 0.98064303
33 11 2.1769226
33 29 16.92678
33 5 2000.0
33 34 2000.0
33 20 0.9457318
33 2 2.2646437
33 14 1.155934
33 7 2000.0
33 27 0.70767057
33 16 2422.443
33 25 0.89138794
34 30 1.4991499
34 20 0.7982172
34 8 85.72836
34 37 2000.0
34 7 1828.5227
34 13 2000.0
34 27 0.85625154
34 16 49.76946
34 11 2.8732681
34 29 5.2263746
34 25 2.1634026
34 5 4.6550126
35 21 0.036662802
35 31 60.179863
36 28 0.035208948
36 3 1.5825067
36 9 0.41739815
37 30 14.412333
37 0 2.5621984
37 8 1.5227028
37 18 3.3484247
37 13 1.1980668
37 11 1.5066065
37 29 0.76935023
37 5 9.237533
37 20 2.1050138
37 2 0.97801644
37 7 212.69296
37 27 0.91824436
37 16 2000.0
37 23 2.7918973
37 25 44.468243
