0 2 0.95703006
0 37 1.0295606
0 13 1.1610206
0 29 7.6341186
0 25 8.369313
1 3 0.54431814
1 12 66.61914
2 30 14.426893
2 0 0.95703006
2 8 1.2924812
2 18 2.1429367
2 13 0.7662707
2 33 2.0936642
2 11 2.3652148
2 29 1.5200868
2 20 3.7202969
2 37 0.92963576
2 27 1.1228321
2 16 2000.0
2 23 8.505634
2 25 0.70947915
3 36 0.46607065
3 28 18.144344
3 24 2000.0
3 12 0.070978
3 1 0.54431814
3 9 0.31378245
4 31 0.06880498
4 9 0.07335388
4 17 0.14480333
4 19 0.10067642
5 30 0.5804855
5 8 0.46987003
5 18 1.0308211
5 13 45.056683
5 11 3.669921
5 29 5.982704
5 34 1.9262731
5 20 2.247527
5 37 14.762961
5 7 5.783178
5 27 1.030073
5 16 1.2158039
5 23 2.3491771
5 25 2000.0
6 31 0.2157787
6 17 1.0146189
7 34 160.0
7 30 0.63923794
7 20 100.0
7 8 10.73944
7 37 273.13675
7 16 1.1131032
7 23 1.5177377
7 11 88.22046
7 25 3.8196807
7 5 5.783178
8 0 2000.0
8 30 0.61815697
8 18 1.3277105
8 13 2.071171
8 11 1.4795347
8 29 0.67149866
8 5 0.46987003
8 34 65.8036
8 2 1.2924812
8 37 1.2291349
8 7 10.73944
8 27 2.858983
8 16 1.5242696
8 23 1.0476704
8 25 2000.0
9 36 0.78790945
9 26 2000.0
9 28 0.64492077
9 10 22.544989
9 22 0.07992656
9 31 0.045787208
9 3 0.31378245
9 12 2000.0
9 4 0.07335388
9 17 0.05189661
9 19 0.06853576
10 26 0.03251907
10 28 0.28948832
10 24 0.1704683
10 31 4.566013
10 12 1181.7045
10 9 22.544989
10 17 0.034002207
11 0 2000.0
11 30 1.0326177
11 8 1.4795347
11 18 7.9837775
11 13 3.4823806
11 33 1.9888072
11 29 1.1078293
11 5 3.669921
11 34 3.0935802
11 20 1.2275343
11 2 2.3652148
11 37 1.6817739
11 7 88.22046
11 27 0.9695052
11 16 0.8256837
11 25 0.9796826
12 26 0.55078125
12 32 5.580274
12 24 0.080757014
12 21 0.08685254
12 3 0.070978
13 30 59.04365
13 0 1.1610206
13 8 2.071171
13 18 200.0
13 33 0.96872014
13 11 3.4823806
13 29 1.4668448
13 5 45.056683
13 34 248.2759
13 20 2.685275
13 2 0.7662707
13 14 16.121504
13 37 1.477457
13 7 2000.0
13 27 0.95543605
13 16 59.579327
13 25 0.36097172
14 30 20.2067
14 20 4.2101936
14 13 16.121504
14 27 7.558157
14 33 0.84199286
14 11 2000.0
14 25 2.1248188
15 32 0.0770046
15 21 3.9345143
16 30 1.104702
16 0 2000.0
16 8 1.5242696
16 18 1.1945417
16 13 59.579327
16 11 0.8256837
16 5 1.2158039
16 34 41.445896
16 20 10.112784
16 7 1.1131032
16 27 1.4263353
16 23 2.3112814
16 25 1.0368762
17 6 1.0146189
17 26 1.4238749
17 10 0.034002207
17 24 0.15520032
17 31 0.9748599
17 9 0.05189661
17 4 0.14480333
17 19 38.278664
18 0 2000.0
18 30 0.7198478
18 8 1.3277105
18 13 200.0
18 11 7.9837775
18 29 1.1856703
18 5 1.0308211
18 2 2.1429367
18 37 1.8480383
18 7 2000.0
18 27 21.778591
18 16 1.1945417
18 23 1.5330224
19 31 0.08971684
19 9 0.06853576
19 17 38.278664
19 4 0.10067642
20 30 3.728234
20 13 2.685275
20 33 4.480175
20 11 1.2275343
20 29 12.068228
20 5 2.247527
20 34 1.2472023
20 2 3.7202969
20 14 4.2101936
20 37 5.6033955
20 7 100.0
20 27 2.223067
20 16 10.112784
20 25 0.88447976
21 26 2000.0
21 24 0.5303778
21 35 0.031066716
21 12 0.08685254
21 15 3.9345143
22 31 111.111115
22 9 0.07992656
22 19 2000.0
23 0 2000.0
23 30 4.9434705
23 8 1.0476704
23 2 8.505634
23 37 1.595339
23 18 1.5330224
23 7 1.5177377
23 16 2.3112814
23 11 2000.0
23 29 0.9667158
23 5 2.3491771
24 26 0.046049993
24 32 0.16649687
24 10 0.1704683
24 21 0.5303778
24 31 2000.0
24 12 0.080757014
24 15 2000.0
24 17 0.15520032
25 30 28.399338
25 0 8.369313
25 13 0.36097172
25 33 0.7540085
25 11 0.9796826
25 29 3.9578476
25 34 1.3978518
25 20 0.88447976
25 2 0.70947915
25 14 2.1248188
25 37 62.068966
25 7 3.8196807
25 27 0.2799776
25 16 1.0368762
26 32 33.447956
26 28 0.052804977
26 10 0.03251907
26 24 0.046049993
26 31 0.2935065
26 12 0.55078125
26 17 1.4238749
27 30 0.38922942
27 0 2000.0
27 8 2.858983
27 18 21.778591
27 13 0.95543605
27 33 0.9956557
27 11 0.9695052
27 29 1.018163
27 5 1.030073
27 34 0.978698
27 20 2.223067
27 2 1.1228321
27 14 7.558157
27 37 1.4406952
27 7 1939.4318
27 16 1.4263353
27 25 0.2799776
28 36 0.031494524
28 26 0.052804977
28 10 0.28948832
28 3 18.144344
28 12 1138.4658
28 9 0.64492077
28 19 1384.8295
29 0 7.6341186
29 30 2.3750865
29 8 0.67149866
29 18 1.1856703
29 13 1.4668448
29 33 35.080616
29 11 1.1078293
29 5 5.982704
29 34 6.963949
29 20 12.068228
29 2 1.5200868
29 37 1.8038688
29 7 2000.0
29 27 1.018163
29 16 2000.0
29 23 0.9667158
29 25 3.9578476
30 8 0.61815697
30 18 0.7198478
30 13 59.04365
30 33 8.22111
30 11 1.0326177
30 29 2.3750865
30 5 0.5804855
30 34 0.83146197
30 20 3.728234
30 2 14.426893
30 14 20.2067
30 37 11.959234
30 7 0.63923794
30 27 0.38922942
30 16 1.104702
30 23 4.9434705
30 25 28.399338
31 26 0.2935065
31 6 0.2157787
31 10 4.566013
31 35 132.21591
31 22 111.111115
31 9 0.045787208
31 4 0.06880498
31 17 0.9748599
31 19 0.08971684
32 26 33.447956
32 24 0.16649687
32 12 5.580274
32 15 0.0770046
33 30 8.22111
33 13 0.96872014
33 11 1.9888072
33 29 35.080616
33 5 2000.0
33 34 2000.0
33 20 4.480175
33 2 2.0936642
33 14 0.84199286
33 7 2000.0
33 27 0.9956557
33 16 3017.898
33 25 0.7540085
34 30 0.83146197
34 20 1.2472023
34 8 65.8036
34 37 2000.0
34 7 160.0
34 13 248.2759
34 27 0.978698
34 16 41.445896
34 11 3.0935802
34 29 6.963949
34 25 1.3978518
34 5 1.9262731
35 21 0.031066716
35 31 132.21591
36 28 0.031494524
36 3 0.46607065
36 9 0.78790945
37 30 11.959234
37 0 1.0295606
37 8 1.2291349
37 18 1.8480383
37 13 1.477457
37 11 1.6817739
37 29 1.8038688
37 5 14.762961
37 20 5.6033955
37 2 0.92963576
37 7 273.13675
37 27 1.4406952
37 16 2000.0
37 23 1.595339
37 25 62.068966
