0 8 4.968743
0 2 1.2651038
0 37 0.8548512
0 13 0.5456689
0 11 32.821476
0 29 7.8020506
1 3 0.2150884
1 12 1202.159
2 30 8.491231
2 0 1.2651038
2 8 1.309383
2 18 8.129702
2 13 0.2698784
2 33 2.3157437
2 11 0.96305454
2 29 0.76807314
2 20 1.6430908
2 37 0.6109519
2 27 0.62474644
2 16 2000.0
2 23 24.357794
2 25 0.7412903
3 36 0.33152598
3 28 0.06910009
3 24 1156.7614
3 12 0.056116328
3 1 0.2150884
3 9 0.4890827
4 31 0.07970383
4 9 0.07044255
4 17 0.107879266
4 19 0.07848982
5 34 2.4346035
5 30 0.7966123
5 20 4.0712147
5 8 0.7545624
5 37 2000.0
5 18 0.43198937
5 7 5.0772624
5 27 2.947159
5 16 1.5583915
5 23 6.8292327
5 11 3.492865
5 29 2.5120168
6 22 119.567055
6 31 0.47397783
6 17 1.1995739
7 34 7.462742
7 30 1.7744247
7 20 1.601076
7 8 84.81101
7 37 67.06716
7 16 1.1725973
7 11 5.4394565
7 23 0.82519937
7 25 5.995227
7 5 5.0772624
8 0 4.968743
8 30 0.64909786
8 18 1.6097842
8 13 3.0906062
8 11 0.6399088
8 29 0.840302
8 5 0.7545624
8 34 3.5696623
8 2 1.309383
8 37 1.5139904
8 7 84.81101
8 27 2.3338804
8 16 1.8327833
8 23 1.4578775
9 36 0.9355249
9 26 2000.0
9 28 1.0880245
9 10 13.38677
9 22 0.085109636
9 31 0.04185957
9 3 0.4890827
9 12 2000.0
9 17 0.121302
9 4 0.07044255
9 19 0.06954173
10 26 0.037605144
10 28 0.18002689
10 24 0.0385751
10 31 0.046771064
10 12 8.214123
10 9 13.38677
10 17 0.031377114
11 0 32.821476
11 30 0.3999574
11 8 0.6399088
11 18 9.227571
11 13 0.49527723
11 33 2.2766435
11 29 0.93507975
11 5 3.492865
11 34 2.2193315
11 20 1.3904672
11 2 0.96305454
11 37 1.8018736
11 7 5.4394565
11 27 0.7472917
11 16 1.0318619
11 25 0.93943435
12 26 1.7272438
12 28 5.691802
12 32 0.21691716
12 10 8.214123
12 24 0.068544336
12 21 0.066656426
12 3 0.056116328
12 1 1202.159
13 30 0.68221
13 0 0.5456689
13 8 3.0906062
13 18 145.03221
13 33 0.81049395
13 11 0.49527723
13 29 0.9748957
13 5 2014.8375
13 34 7.221688
13 20 0.5292758
13 2 0.2698784
13 14 3.9883149
13 37 1.5975811
13 27 0.691142
13 16 231.13107
13 25 0.476239
14 20 1.9898599
14 13 3.9883149
14 27 6.122597
14 33 0.6781181
14 11 2000.0
14 25 1.7570904
15 32 0.10976155
15 24 233.33334
16 0 2000.0
16 30 1.0630559
16 8 1.8327833
16 18 0.91972
16 13 231.13107
16 11 1.0318619
16 29 24.900972
16 5 1.5583915
16 20 6.6384335
16 37 22.870914
16 7 1.1725973
16 27 1.5984476
16 23 11.062229
16 25 1.8124472
17 26 1.8778366
17 6 1.1995739
17 10 0.031377114
17 24 0.12917817
17 31 1.1126231
17 9 0.121302
17 4 0.107879266
17 19 3.5733695
18 30 0.6928908
18 2 8.129702
18 8 1.6097842
18 37 1.2140677
18 13 145.03221
18 7 2000.0
18 27 3.3213046
18 16 0.91972
18 23 1.3660728
18 11 9.227571
18 29 1.463041
18 5 0.43198937
19 31 0.080030486
19 9 0.06954173
19 17 3.5733695
19 4 0.07848982
20 0 2000.0
20 30 16.60289
20 13 0.5292758
20 33 1.7002568
20 11 1.3904672
20 29 15.337002
20 5 4.0712147
20 34 1.0234388
20 2 1.6430908
20 14 1.9898599
20 37 3.1356142
20 7 1.601076
20 27 0.67855346
20 16 6.6384335
20 25 0.51932037
21 32 2000.0
21 24 0.23032613
21 35 0.03612916
21 12 0.066656426
21 15 1492.1592
22 6 119.567055
22 31 1449.034
22 9 0.085109636
22 19 1377.7842
23 0 2000.0
23 30 0.93888134
23 2 24.357794
23 8 1.4578775
23 37 2.9650412
23 18 1.3660728
23 7 0.82519937
23 16 11.062229
23 11 2000.0
23 29 4.3984857
23 5 6.8292327
24 26 0.0567819
24 32 0.13465762
24 10 0.0385751
24 21 0.23032613
24 31 6.016159
24 12 0.068544336
24 15 233.33334
24 17 0.12917817
25 0 2000.0
25 30 5.8530316
25 13 0.476239
25 33 0.4860548
25 11 0.93943435
25 29 4.6034646
25 34 2.040578
25 20 0.51932037
25 2 0.7412903
25 14 1.7570904
25 37 145.5473
25 7 5.995227
25 27 0.44321385
25 16 1.8124472
26 36 265.80682
26 32 45.692825
26 28 0.17373917
26 10 0.037605144
26 24 0.0567819
26 31 0.054542538
26 12 1.7272438
26 17 1.8778366
27 0 2000.0
27 30 0.74109334
27 8 2.3338804
27 18 3.3213046
27 13 0.691142
27 33 0.9406612
27 11 0.7472917
27 29 1.7887005
27 5 2.947159
27 34 2.1509771
27 20 0.67855346
27 2 0.62474644
27 14 6.122597
27 37 2.3598971
27 7 4054.659
27 16 1.5984476
27 25 0.44321385
28 36 0.03812017
28 26 0.17373917
28 10 0.18002689
28 3 0.06910009
28 12 5.691802
28 9 1.0880245
29 0 7.8020506
29 30 7.253818
29 8 0.840302
29 18 1.463041
29 13 0.9748957
29 11 0.93507975
29 5 2.5120168
29 34 31.249325
29 20 15.337002
29 2 0.76807314
29 37 1.300183
29 7 2000.0
29 27 1.7887005
29 16 24.900972
29 23 4.3984857
29 25 4.6034646
30 0 2000.0
30 8 0.64909786
30 18 0.6928908
30 13 0.68221
30 33 4.0231495
30 11 0.3999574
30 29 7.253818
30 5 0.7966123
30 34 3.8046784
30 20 16.60289
30 2 8.491231
30 37 5.5274167
30 7 1.7744247
30 27 0.74109334
30 16 1.0630559
30 23 0.93888134
30 25 5.8530316
31 26 0.054542538
31 6 0.47397783
31 10 0.046771064
31 24 6.016159
31 9 0.04185957
31 17 1.1126231
31 4 0.07970383
31 19 0.080030486
32 26 45.692825
32 24 0.13465762
32 12 0.21691716
32 15 0.10976155
33 34 2000.0
33 30 4.0231495
33 20 1.7002568
33 2 2.3157437
33 14 0.6781181
33 7 2000.0
33 13 0.81049395
33 27 0.9406612
33 16 2000.0
33 11 2.2766435
33 29 9223.978
33 25 0.4860548
34 30 3.8046784
34 20 1.0234388
34 8 3.5696623
34 13 7.221688
34 7 7.462742
34 27 2.1509771
34 16 1215.0568
34 11 2.2193315
34 25 2.040578
34 29 31.249325
34 5 2.4346035
35 21 0.03612916
36 26 265.80682
36 28 0.03812017
36 3 0.33152598
36 9 0.9355249
37 30 5.5274167
37 0 0.8548512
37 8 1.5139904
37 18 1.2140677
37 13 1.5975811
37 11 1.8018736
37 29 1.300183
37 20 3.1356142
37 2 0.6109519
37 7 67.06716
37 27 2.3598971
37 16 22.870914
37 23 2.9650412
37 25 145.5473
