0 8 9.575291
0 2 1.8994693
0 37 0.98365724
0 13 1.3657562
0 11 18.011831
0 29 10.44341
1 3 0.23588711
1 12 36.064774
2 30 31.521238
2 0 1.8994693
2 8 1.2544637
2 18 6.8273726
2 13 0.28498343
2 33 1.578654
2 11 0.7921718
2 29 0.8606179
2 20 1.6645647
2 37 0.77489465
2 27 0.8827697
2 16 2000.0
2 23 46.88564
2 25 1.3752317
3 36 0.25581297
3 28 0.09873795
3 24 249.27798
3 12 0.08794653
3 1 0.23588711
3 9 0.12832406
4 31 0.10665409
4 9 0.05150742
4 17 0.09839572
4 19 0.089878485
5 30 0.55443007
5 8 0.7132881
5 18 0.35288587
5 13 2000.0
5 11 3.2520473
5 29 2.7035394
5 34 1.248512
5 20 2.8554757
5 37 2000.0
5 7 3.9438438
5 27 1.8591907
5 16 1.2244844
5 23 2.5280638
6 31 0.9159254
6 17 1.3497236
7 34 9.340654
7 30 0.8400791
7 20 1.458484
7 8 31.422834
7 37 12.825103
7 27 86.15044
7 16 1.2476268
7 11 6.414531
7 23 1.271024
7 25 6.5536857
7 5 3.9438438
8 0 9.575291
8 30 0.6960017
8 18 0.800693
8 13 2.8262188
8 11 0.9096637
8 29 0.6741107
8 5 0.7132881
8 34 1.9490527
8 2 1.2544637
8 37 0.7510811
8 7 31.422834
8 27 1.6616048
8 16 1.2246166
8 23 0.8388193
9 36 0.9245264
9 26 2000.0
9 28 0.9255406
9 10 6.6100907
9 22 0.53485984
9 31 0.02823453
9 3 0.12832406
9 17 0.044476528
9 4 0.05150742
9 19 0.077564806
10 26 0.032125562
10 28 0.11757445
10 24 0.04463804
10 31 0.048951287
10 12 12.506898
10 9 6.6100907
10 17 0.032861404
11 0 18.011831
11 30 0.36973944
11 8 0.9096637
11 18 5.026759
11 13 0.5398633
11 33 1.702385
11 29 0.7355662
11 5 3.2520473
11 34 2.1919544
11 20 0.8237736
11 2 0.7921718
11 37 1.2508895
11 7 6.414531
11 27 0.38327122
11 16 1.1124295
11 25 0.87444323
12 26 1.7828556
12 28 3.40755
12 32 0.22048527
12 10 12.506898
12 24 0.07143308
12 21 0.09040494
12 3 0.08794653
12 1 36.064774
13 30 1.8001918
13 0 1.3657562
13 8 2.8262188
13 18 300.0
13 33 0.8648053
13 11 0.5398633
13 29 1.9428627
13 34 9.271916
13 20 0.47693226
13 2 0.28498343
13 14 2.5994978
13 37 1.7372413
13 7 2000.0
13 27 0.26153207
13 16 40.69046
13 25 0.66870207
14 20 1.9495567
14 13 2.5994978
14 33 0.46236962
14 27 2.1250248
14 11 2000.0
14 25 1.6999631
15 32 0.07080279
15 21 1.4241093
16 30 1.0674424
16 0 2000.0
16 8 1.2246166
16 18 0.9393588
16 13 40.69046
16 11 1.1124295
16 29 35.805008
16 5 1.2244844
16 20 6.82406
16 37 77.4977
16 7 1.2476268
16 27 1.271104
16 23 9.983873
16 25 1.0870152
17 26 1.9486711
17 6 1.3497236
17 10 0.032861404
17 24 0.20527896
17 31 1.3681725
17 9 0.044476528
17 4 0.09839572
17 19 1.8065891
18 0 2000.0
18 30 0.6918438
18 8 0.800693
18 13 300.0
18 11 5.026759
18 29 0.81901413
18 5 0.35288587
18 2 6.8273726
18 37 1.6359303
18 7 2000.0
18 27 4.8919806
18 16 0.9393588
18 23 1.408442
19 31 0.08185731
19 9 0.077564806
19 17 1.8065891
19 4 0.089878485
20 30 7.7451625
20 13 0.47693226
20 33 1.329898
20 11 0.8237736
20 29 2.8034358
20 5 2.8554757
20 34 0.9394886
20 2 1.6645647
20 14 1.9495567
20 37 2.7972639
20 7 1.458484
20 27 0.29979622
20 16 6.82406
20 25 0.7771051
21 32 2000.0
21 24 0.9212982
21 35 0.0432895
21 12 0.09040494
21 15 1.4241093
22 6 1586.9319
22 31 139.44063
22 9 0.53485984
22 19 1329.4886
23 0 2000.0
23 30 2.5747128
23 2 46.88564
23 8 0.8388193
23 37 1.7050604
23 18 1.408442
23 7 1.271024
23 16 9.983873
23 11 2000.0
23 29 5.6452675
23 5 2.5280638
24 26 0.07025185
24 32 0.1108581
24 10 0.04463804
24 21 0.9212982
24 31 13.269965
24 12 0.07143308
24 3 249.27798
24 15 2000.0
24 17 0.20527896
25 0 2000.0
25 30 4.363518
25 13 0.66870207
25 33 0.45873457
25 11 0.87444323
25 29 5.175185
25 5 2000.0
25 34 1.7958888
25 20 0.7771051
25 2 1.3752317
25 14 1.6999631
25 37 35.1291
25 7 6.5536857
25 27 0.733082
25 16 1.0870152
26 36 126.31579
26 32 64.95042
26 28 0.029426023
26 10 0.032125562
26 24 0.07025185
26 31 0.07057052
26 12 1.7828556
26 17 1.9486711
27 0 2000.0
27 30 0.23287207
27 8 1.6616048
27 18 4.8919806
27 13 0.26153207
27 33 1.0070038
27 11 0.38327122
27 29 0.5668592
27 5 1.8591907
27 34 0.920408
27 20 0.29979622
27 2 0.8827697
27 14 2.1250248
27 37 0.59750265
27 7 86.15044
27 16 1.271104
27 25 0.733082
28 36 0.02886862
28 26 0.029426023
28 10 0.11757445
28 3 0.09873795
28 12 3.40755
28 9 0.9255406
29 0 10.44341
29 30 2.80033
29 8 0.6741107
29 18 0.81901413
29 13 1.9428627
29 11 0.7355662
29 5 2.7035394
29 34 6.3022337
29 20 2.8034358
29 2 0.8606179
29 37 0.9545268
29 7 2000.0
29 27 0.5668592
29 16 35.805008
29 23 5.6452675
29 25 5.175185
30 0 2000.0
30 8 0.6960017
30 18 0.6918438
30 13 1.8001918
30 33 3.2531703
30 11 0.36973944
30 29 2.80033
30 5 0.55443007
30 34 1.6988829
30 20 7.7451625
30 2 31.521238
30 14 2000.0
30 37 4.3044934
30 7 0.8400791
30 27 0.23287207
30 16 1.0674424
30 23 2.5747128
30 25 4.363518
31 26 0.07057052
31 6 0.9159254
31 10 0.048951287
31 24 13.269965
31 22 139.44063
31 9 0.02823453
31 17 1.3681725
31 4 0.10665409
31 19 0.08185731
32 26 64.95042
32 24 0.1108581
32 12 0.22048527
32 15 0.07080279
33 30 3.2531703
33 8 2000.0
33 13 0.8648053
33 11 1.702385
33 29 2000.0
33 34 2000.0
33 20 1.329898
33 2 1.578654
33 14 0.46236962
33 7 2000.0
33 27 1.0070038
33 16 2000.0
33 25 0.45873457
34 30 1.6988829
34 20 0.9394886
34 8 1.9490527
34 13 9.271916
34 7 9.340654
34 27 0.920408
34 16 1215.0568
34 11 2.1919544
34 25 1.7958888
34 29 6.3022337
34 5 1.248512
35 21 0.0432895
36 26 126.31579
36 28 0.02886862
36 3 0.25581297
36 9 0.9245264
37 30 4.3044934
37 0 0.98365724
37 8 0.7510811
37 18 1.6359303
37 13 1.7372413
37 11 1.2508895
37 29 0.9545268
37 20 2.7972639
37 2 0.77489465
37 7 12.825103
37 27 0.59750265
37 16 77.4977
37 23 1.7050604
37 25 35.1291
