0 2 1.5684708
0 8 800.0
0 37 4.003186
0 13 1.0019388
0 29 37.343475
0 25 79.77427
1 3 0.98797655
1 12 36.362427
2 30 23.921299
2 0 1.5684708
2 8 1.5906643
2 18 3.1643493
2 13 0.6907111
2 33 1.8131106
2 11 2.0187185
2 29 1.1025163
2 20 5.644389
2 37 0.8921823
2 27 1.832459
2 16 2000.0
2 23 9.022872
2 25 0.504334
3 36 0.40716052
3 28 185.7035
3 24 2000.0
3 12 0.06634085
3 1 0.98797655
3 9 0.8379464
4 31 0.07263473
4 9 0.069759265
4 17 0.32942823
4 19 0.06550196
5 30 0.7992302
5 8 1.1345435
5 18 1.1344535
5 13 33.471718
5 11 3.9411147
5 29 12.552576
5 34 2.2579296
5 20 2.4273126
5 37 9.484
5 7 127.05108
5 27 7.8643546
5 16 2.1312838
5 23 6.955912
5 25 2000.0
6 31 0.10909091
6 17 9.729404
7 34 263.756
7 30 0.8412023
7 20 102.55132
7 8 6.218722
7 37 79.25193
7 16 1.3730148
7 23 1.7256109
7 25 3.9946163
7 5 127.05108
8 0 800.0
8 30 1.1944616
8 18 1.151384
8 13 2.795228
8 11 0.9314289
8 29 1.8003837
8 5 1.1345435
8 34 27.099352
8 2 1.5906643
8 37 1.1274542
8 7 6.218722
8 27 0.94935614
8 16 2.5455189
8 23 1.7265023
8 25 2000.0
9 36 0.60865
9 26 2000.0
9 28 1.6643047
9 10 13.235607
9 22 0.04770819
9 31 0.029265877
9 12 2000.0
9 3 0.8379464
9 4 0.069759265
9 17 0.03019716
9 19 0.07654737
10 26 0.03345993
10 28 0.37730938
10 24 0.11723164
10 31 0.9975668
10 12 1307.1023
10 9 13.235607
10 17 0.030242968
11 0 2000.0
11 30 0.6208258
11 8 0.9314289
11 18 5.802529
11 13 0.93619597
11 33 1.5718542
11 29 0.82382643
11 5 3.9411147
11 34 2.4367237
11 20 1.0615296
11 2 2.0187185
11 37 1.0686642
11 7 3488.5796
11 27 0.6622395
11 16 0.9325824
11 25 0.7150906
12 26 0.677826
12 32 5.784267
12 24 0.078808926
12 21 0.2440131
12 3 0.06634085
12 1 36.362427
13 30 45.606396
13 0 1.0019388
13 8 2.795228
13 18 40.004967
13 33 0.9665772
13 11 0.93619597
13 29 0.86607677
13 5 33.471718
13 34 117.29448
13 20 1.3414454
13 2 0.6907111
13 14 11.239631
13 37 1.3342041
13 7 2000.0
13 27 0.3407964
13 16 31.648787
13 25 0.26074597
14 30 30.620546
14 20 1.3191478
14 13 11.239631
14 27 4.244166
14 33 0.44822147
14 11 2000.0
14 25 1.7904143
15 32 0.07644294
15 21 9.712932
16 0 2000.0
16 30 1.9354839
16 8 2.5455189
16 18 3.5458753
16 13 31.648787
16 11 0.9325824
16 5 2.1312838
16 34 48.174152
16 20 68.306725
16 7 1.3730148
16 27 2.1596012
16 23 6.5018663
16 25 0.98468876
17 6 9.729404
17 26 3.1900754
17 10 0.030242968
17 24 0.12279683
17 31 0.9823881
17 9 0.03019716
17 4 0.32942823
17 19 2000.0
18 0 2000.0
18 30 1.0171988
18 8 1.151384
18 13 40.004967
18 11 5.802529
18 29 1.4356635
18 5 1.1344535
18 2 3.1643493
18 37 1.8235538
18 7 2000.0
18 27 103.76466
18 16 3.5458753
18 23 1.5256792
19 28 170.6403
19 31 0.08747102
19 9 0.07654737
19 4 0.06550196
20 30 2.0784383
20 13 1.3414454
20 33 1.411154
20 11 1.0615296
20 29 13.754606
20 5 2.4273126
20 34 0.9675879
20 2 5.644389
20 14 1.3191478
20 37 5.205305
20 7 102.55132
20 27 1.6498786
20 16 68.306725
20 25 0.481299
21 26 2000.0
21 32 450.00003
21 24 1.3345159
21 35 0.035907228
21 12 0.2440131
21 15 9.712932
22 31 72.03588
22 9 0.04770819
22 19 2000.0
23 0 2000.0
23 30 2.65152
23 8 1.7265023
23 2 9.022872
23 37 2.831735
23 18 1.5256792
23 7 1.7256109
23 16 6.5018663
23 11 2000.0
23 29 1.6642308
23 5 6.955912
24 26 0.047297187
24 32 0.34167558
24 10 0.11723164
24 21 1.3345159
24 12 0.078808926
24 15 2000.0
24 17 0.12279683
25 0 79.77427
25 30 17.666718
25 13 0.26074597
25 33 0.76244754
25 11 0.7150906
25 29 2.6351326
25 34 4.6695375
25 20 0.481299
25 2 0.504334
25 14 1.7904143
25 37 23.674006
25 7 3.9946163
25 27 0.21066457
25 16 0.98468876
26 32 27.735003
26 28 0.061701253
26 10 0.03345993
26 24 0.047297187
26 31 0.11133451
26 12 0.677826
26 17 3.1900754
27 30 0.19056974
27 0 2000.0
27 8 0.94935614
27 18 103.76466
27 13 0.3407964
27 33 0.71532077
27 11 0.6622395
27 29 0.9370869
27 5 7.8643546
27 34 1.0309485
27 20 1.6498786
27 2 1.832459
27 14 4.244166
27 37 1.077212
27 7 2000.0
27 16 2.1596012
27 25 0.21066457
28 36 0.03440435
28 26 0.061701253
28 10 0.37730938
28 12 1204.8296
28 3 185.7035
28 9 1.6643047
28 19 170.6403
29 0 37.343475
29 30 1.8321266
29 8 1.8003837
29 18 1.4356635
29 13 0.86607677
29 33 14.511246
29 11 0.82382643
29 5 12.552576
29 34 4.540541
29 20 13.754606
29 2 1.1025163
29 37 0.57957387
29 7 2000.0
29 27 0.9370869
29 16 2000.0
29 23 1.6642308
29 25 2.6351326
30 8 1.1944616
30 18 1.0171988
30 13 45.606396
30 33 10.396236
30 11 0.6208258
30 29 1.8321266
30 5 0.7992302
30 34 0.85404533
30 20 2.0784383
30 2 23.921299
30 14 30.620546
30 37 8.740812
30 7 0.8412023
30 27 0.19056974
30 16 1.9354839
30 23 2.65152
30 25 17.666718
31 26 0.11133451
31 6 0.10909091
31 10 0.9975668
31 35 35.786053
31 22 72.03588
31 9 0.029265877
31 4 0.07263473
31 17 0.9823881
31 19 0.08747102
32 26 27.735003
32 24 0.34167558
32 21 450.00003
32 12 5.784267
32 15 0.07644294
33 30 10.396236
33 13 0.9665772
33 11 1.5718542
33 29 14.511246
33 5 2000.0
33 34 2000.0
33 20 1.411154
33 2 1.8131106
33 14 0.44822147
33 7 2000.0
33 27 0.71532077
33 16 254.06967
33 25 0.76244754
34 30 0.85404533
34 20 0.9675879
34 8 27.099352
34 37 2000.0
34 7 263.756
34 13 117.29448
34 27 1.0309485
34 16 48.174152
34 11 2.4367237
34 29 4.540541
34 25 4.6695375
34 5 2.2579296
35 21 0.035907228
35 31 35.786053
36 28 0.03440435
36 3 0.40716052
36 9 0.60865
37 30 8.740812
37 0 4.003186
37 8 1.1274542
37 18 1.8235538
37 13 1.3342041
37 11 1.0686642
37 29 0.57957387
37 5 9.484
37 20 5.205305
37 2 0.8921823
37 7 79.25193
37 27 1.077212
37 16 2000.0
37 23 2.831735
37 25 23.674006
