0 8 6.811054
0 2 0.70648503
0 37 0.8024752
0 13 0.90524805
0 11 15.758217
0 29 22.985994
1 3 0.24903038
1 12 1208.2954
2 30 6.5082965
2 0 0.70648503
2 8 1.4736159
2 18 11.952371
2 13 0.36418828
2 33 1.5099024
2 11 1.0316471
2 29 0.7473817
2 20 1.3548691
2 37 0.6290384
2 27 0.7108184
2 16 2000.0
2 23 20.234137
2 25 0.74773896
3 36 0.22694808
3 28 0.10005468
3 24 450.00003
3 12 0.054063547
3 1 0.24903038
3 9 0.25269815
4 31 0.08075191
4 9 0.0690066
4 17 0.08380173
4 19 0.08984244
5 30 0.9318344
5 8 0.8683193
5 18 0.36540172
5 13 863.7444
5 11 4.6216774
5 29 2.6772113
5 34 1.5037707
5 20 4.1845365
5 37 2000.0
5 7 5.903628
5 27 1.4255667
5 16 1.7354836
5 23 6.6251154
6 31 0.60401195
6 17 0.7812264
7 34 14.612666
7 30 2.0417793
7 20 1.7002585
7 8 24.66078
7 37 12.478943
7 16 1.2681198
7 11 4.4578876
7 23 1.0482955
7 25 4.5925117
7 5 5.903628
8 0 6.811054
8 30 0.75634646
8 18 1.3699262
8 13 1.7745237
8 11 1.4919174
8 29 0.6965968
8 5 0.8683193
8 34 4.4988832
8 2 1.4736159
8 37 1.0114231
8 7 24.66078
8 27 0.9632018
8 16 1.3265451
8 23 1.2388912
9 36 0.998514
9 26 2000.0
9 28 1.2218539
9 10 6.106534
9 22 0.38235396
9 31 0.029167557
9 3 0.25269815
9 17 0.1144352
9 4 0.0690066
9 19 0.0715801
10 26 0.031818178
10 28 0.49328923
10 24 0.0683497
10 31 0.035264876
10 12 8.8310375
10 9 6.106534
10 17 0.035799757
11 0 15.758217
11 30 0.4303026
11 8 1.4919174
11 18 7.5680265
11 13 0.41436687
11 33 1.5868857
11 29 0.6720077
11 5 4.6216774
11 34 1.9997946
11 20 0.7662984
11 2 1.0316471
11 37 0.9690953
11 7 4.4578876
11 27 0.67690295
11 16 0.8750854
11 25 0.8898293
12 26 1.1515108
12 28 2.470783
12 32 0.2277535
12 10 8.8310375
12 24 0.07237516
12 21 0.13026345
12 3 0.054063547
13 0 0.90524805
13 30 2.81575
13 8 1.7745237
13 18 162.9822
13 33 1.1840241
13 11 0.41436687
13 29 0.74228257
13 5 863.7444
13 34 5.5428243
13 20 0.49630755
13 2 0.36418828
13 14 2.4057784
13 37 0.95908993
13 27 0.22871715
13 16 41.131123
13 25 0.47903332
14 20 0.9693183
14 13 2.4057784
14 27 4.3490667
14 33 0.42164004
14 11 2000.0
14 25 2.3589113
15 32 0.071875006
15 21 1.1321635
16 30 1.307547
16 0 2000.0
16 8 1.3265451
16 18 0.88144946
16 13 41.131123
16 11 0.8750854
16 29 37.87137
16 5 1.7354836
16 20 6.3781195
16 37 26.091118
16 7 1.2681198
16 27 1.5326501
16 23 6.7763906
16 25 1.0725162
17 26 3.576751
17 6 0.7812264
17 10 0.035799757
17 24 0.22106594
17 31 1.9534893
17 9 0.1144352
17 4 0.08380173
17 19 3.7321432
18 30 0.797114
18 2 11.952371
18 8 1.3699262
18 37 1.1394935
18 7 2000.0
18 13 162.9822
18 27 4.968171
18 16 0.88144946
18 23 1.2702909
18 11 7.5680265
18 29 1.0072956
18 5 0.36540172
19 31 0.084805906
19 9 0.0715801
19 17 3.7321432
19 4 0.08984244
20 30 27.134604
20 13 0.49630755
20 33 1.2484978
20 11 0.7662984
20 29 2.687758
20 5 4.1845365
20 34 0.8427318
20 2 1.3548691
20 14 0.9693183
20 37 1.6795377
20 7 1.7002585
20 27 0.5507312
20 16 6.3781195
20 25 0.4861325
21 32 2000.0
21 10 2000.0
21 24 1.1054716
21 35 0.039827716
21 12 0.13026345
21 15 1.1321635
22 6 1194.6023
22 31 1714.3181
22 9 0.38235396
22 19 1288.409
23 30 1.3920598
23 0 2000.0
23 2 20.234137
23 8 1.2388912
23 37 2.4565532
23 18 1.2702909
23 7 1.0482955
23 27 2000.0
23 16 6.7763906
23 11 2000.0
23 29 3.544727
23 5 6.6251154
24 26 0.05189394
24 32 0.09947648
24 10 0.0683497
24 21 1.1054716
24 31 2.10266
24 3 450.00003
24 12 0.07237516
24 15 2000.0
24 17 0.22106594
25 30 3.2755113
25 13 0.47903332
25 33 0.26218244
25 11 0.8898293
25 29 1.9466887
25 34 1.6568149
25 20 0.4861325
25 2 0.74773896
25 14 2.3589113
25 37 77.82879
25 7 4.5925117
25 27 0.61446065
25 16 1.0725162
26 36 1228.4849
26 32 16.460394
26 28 0.050717212
26 10 0.031818178
26 24 0.05189394
26 31 0.061053813
26 12 1.1515108
26 17 3.576751
27 0 2000.0
27 30 0.24462906
27 8 0.9632018
27 18 4.968171
27 13 0.22871715
27 33 0.81258273
27 11 0.67690295
27 29 0.5442093
27 5 1.4255667
27 34 0.92237407
27 20 0.5507312
27 2 0.7108184
27 14 4.3490667
27 37 1.0303214
27 7 4293.636
27 16 1.5326501
27 23 2000.0
27 25 0.61446065
28 36 0.043770492
28 26 0.050717212
28 10 0.49328923
28 3 0.10005468
28 12 2.470783
28 9 1.2218539
29 0 22.985994
29 30 2.2364922
29 8 0.6965968
29 18 1.0072956
29 13 0.74228257
29 33 49.02072
29 11 0.6720077
29 5 2.6772113
29 34 7.6714416
29 20 2.687758
29 2 0.7473817
29 37 0.94454396
29 7 2000.0
29 27 0.5442093
29 16 37.87137
29 23 3.544727
29 25 1.9466887
30 0 2000.0
30 8 0.75634646
30 18 0.797114
30 13 2.81575
30 33 1.4973977
30 11 0.4303026
30 29 2.2364922
30 5 0.9318344
30 34 1.0578841
30 20 27.134604
30 2 6.5082965
30 14 2000.0
30 37 7.189916
30 7 2.0417793
30 27 0.24462906
30 16 1.307547
30 23 1.3920598
30 25 3.2755113
31 26 0.061053813
31 6 0.60401195
31 10 0.035264876
31 24 2.10266
31 9 0.029167557
31 17 1.9534893
31 4 0.08075191
31 19 0.084805906
32 26 16.460394
32 24 0.09947648
32 12 0.2277535
32 15 0.071875006
33 34 2000.0
33 30 1.4973977
33 20 1.2484978
33 2 1.5099024
33 14 0.42164004
33 7 2000.0
33 13 1.1840241
33 27 0.81258273
33 16 1627.8408
33 11 1.5868857
33 29 49.02072
33 25 0.26218244
34 30 1.0578841
34 20 0.8427318
34 8 4.4988832
34 13 5.5428243
34 7 14.612666
34 27 0.92237407
34 16 1215.0568
34 11 1.9997946
34 25 1.6568149
34 29 7.6714416
34 5 1.5037707
35 21 0.039827716
36 26 1228.4849
36 28 0.043770492
36 3 0.22694808
36 9 0.998514
37 0 0.8024752
37 30 7.189916
37 8 1.0114231
37 18 1.1394935
37 13 0.95908993
37 11 0.9690953
37 29 0.94454396
37 20 1.6795377
37 2 0.6290384
37 7 12.478943
37 27 1.0303214
37 16 26.091118
37 23 2.4565532
37 25 77.82879
