0 2 3.4032075
0 37 1.1868005
0 13 1.5533934
0 29 24.963299
0 25 17.461365
1 3 0.65867203
1 12 22.15966
2 30 14.248802
2 0 3.4032075
2 8 1.3759966
2 18 2.467925
2 13 0.31150338
2 33 1.8656974
2 11 1.176345
2 29 1.1494828
2 20 5.8142066
2 37 0.8225142
2 27 0.8426075
2 16 2000.0
2 23 11.94151
2 25 0.59011996
3 36 0.7134024
3 28 4.5365105
3 24 1247.2727
3 12 0.049078844
3 1 0.65867203
3 9 0.54556453
4 31 0.0651391
4 9 0.08608481
4 17 0.13006327
4 19 0.06954729
5 30 0.5413712
5 8 0.7719233
5 18 0.6509206
5 13 64.16719
5 11 1.9634914
5 29 2.7219388
5 34 1.9359981
5 20 2.127818
5 37 7.9301066
5 7 6.3366675
5 27 1.9691702
5 16 1.3534298
5 23 2.6208537
5 25 2000.0
6 31 0.16211805
6 17 1.7919644
7 30 0.6867892
7 20 163.38173
7 8 5.444324
7 37 77.69006
7 16 1.1408514
7 23 1.4808023
7 25 4.3655415
7 5 6.3366675
8 0 2000.0
8 30 0.37038314
8 18 1.3551314
8 13 1.7105188
8 11 1.0883691
8 29 0.65204096
8 5 0.7719233
8 34 28.992903
8 2 1.3759966
8 37 0.91825545
8 7 5.444324
8 27 2.6670825
8 16 1.6851995
8 23 0.9759245
8 25 2000.0
9 36 0.64217716
9 28 0.94841397
9 10 19.650002
9 22 0.057260096
9 31 0.02982038
9 3 0.54556453
9 4 0.08608481
9 17 0.058356065
9 19 0.06517115
10 26 0.032693744
10 28 0.26768604
10 24 0.08300795
10 31 32.191116
10 12 1741.1931
10 9 19.650002
10 17 0.030361718
11 0 2000.0
11 30 0.69891536
11 8 1.0883691
11 18 10.923554
11 13 0.6529666
11 33 1.8118687
11 29 0.95528966
11 5 1.9634914
11 34 2.8807364
11 20 1.5105699
11 2 1.176345
11 37 1.9994811
11 7 4995.909
11 27 0.683534
11 16 0.98275125
11 25 1.0657071
12 26 5.090085
12 32 33.919544
12 24 0.07590909
12 21 0.12182765
12 3 0.049078844
12 1 22.15966
13 30 62.295456
13 0 1.5533934
13 8 1.7105188
13 18 229.57045
13 33 1.1674234
13 11 0.6529666
13 29 0.9249423
13 5 64.16719
13 34 2000.0
13 20 1.1508095
13 2 0.31150338
13 14 6.1246076
13 37 1.3020493
13 7 2000.0
13 27 0.77645063
13 16 75.711006
13 25 0.36526567
14 30 9.608484
14 20 1.6922574
14 13 6.1246076
14 27 4.430523
14 33 0.31407365
14 11 2000.0
14 25 2.9381254
15 32 0.075208336
15 21 5.6276865
15 12 2000.0
16 34 80.079544
16 30 1.1196362
16 20 99.18495
16 8 1.6851995
16 18 0.9788187
16 13 75.711006
16 7 1.1408514
16 27 1.534411
16 11 0.98275125
16 23 4.185021
16 25 0.9169239
16 5 1.3534298
17 6 1.7919644
17 26 1.5524703
17 10 0.030361718
17 24 0.18318
17 31 0.9877999
17 9 0.058356065
17 4 0.13006327
17 19 1258.3523
18 0 2000.0
18 30 0.7237901
18 8 1.3551314
18 13 229.57045
18 11 10.923554
18 29 1.1546718
18 5 0.6509206
18 2 2.467925
18 37 2.2022867
18 7 2000.0
18 27 19.352657
18 16 0.9788187
18 23 1.2634495
19 28 100.52115
19 31 0.103806995
19 9 0.06517115
19 4 0.06954729
20 30 2.5031872
20 13 1.1508095
20 33 1.1809652
20 11 1.5105699
20 29 5.7333565
20 5 2.127818
20 34 0.9496821
20 2 5.8142066
20 14 1.6922574
20 37 7.2877884
20 7 163.38173
20 27 3.4875133
20 16 99.18495
20 25 0.50770205
21 26 2000.0
21 32 2000.0
21 24 0.84906983
21 35 0.030938417
21 12 0.12182765
21 15 5.6276865
22 31 160.0
22 9 0.057260096
22 19 2000.0
23 0 2000.0
23 30 1.5311457
23 8 0.9759245
23 2 11.94151
23 37 1.7860109
23 18 1.2634495
23 7 1.4808023
23 16 4.185021
23 11 2000.0
23 29 1.557456
23 5 2.6208537
24 26 0.051282823
24 32 0.29839438
24 10 0.08300795
24 21 0.84906983
24 12 0.07590909
24 17 0.18318
25 0 17.461365
25 30 17.896347
25 13 0.36526567
25 33 0.64963
25 11 1.0657071
25 29 1.3360527
25 34 1.0642172
25 20 0.50770205
25 2 0.59011996
25 14 2.9381254
25 37 17.27482
25 7 4.3655415
25 27 0.29359087
25 16 0.9169239
26 32 74.40401
26 28 0.062219966
26 10 0.032693744
26 24 0.051282823
26 31 0.08595041
26 12 5.090085
26 17 1.5524703
27 30 0.5348863
27 0 2000.0
27 8 2.6670825
27 18 19.352657
27 13 0.77645063
27 33 1.2893864
27 11 0.683534
27 29 0.880167
27 5 1.9691702
27 34 1.1108168
27 20 3.4875133
27 2 0.8426075
27 14 4.430523
27 37 0.99462825
27 7 2000.0
27 16 1.534411
27 25 0.29359087
28 36 0.035187818
28 26 0.062219966
28 10 0.26768604
28 3 4.5365105
28 12 160.41933
28 9 0.94841397
28 19 100.52115
29 0 24.963299
29 30 1.2232364
29 8 0.65204096
29 18 1.1546718
29 13 0.9249423
29 33 14.677692
29 11 0.95528966
29 5 2.7219388
29 34 6.179475
29 20 5.7333565
29 2 1.1494828
29 37 0.79767805
29 7 2000.0
29 27 0.880167
29 16 2000.0
29 23 1.557456
29 25 1.3360527
30 8 0.37038314
30 18 0.7237901
30 13 62.295456
30 33 6.5911617
30 11 0.69891536
30 29 1.2232364
30 5 0.5413712
30 34 0.91985655
30 20 2.5031872
30 2 14.248802
30 14 9.608484
30 37 16.407188
30 7 0.6867892
30 27 0.5348863
30 16 1.1196362
30 23 1.5311457
30 25 17.896347
31 26 0.08595041
31 6 0.16211805
31 10 32.191116
31 35 71.89245
31 22 160.0
31 9 0.02982038
31 4 0.0651391
31 17 0.9877999
31 19 0.103806995
32 26 74.40401
32 24 0.29839438
32 12 33.919544
32 15 0.075208336
33 30 6.5911617
33 8 2000.0
33 13 1.1674234
33 11 1.8118687
33 29 14.677692
33 5 2000.0
33 34 2000.0
33 20 1.1809652
33 2 1.8656974
33 14 0.31407365
33 7 2000.0
33 27 1.2893864
33 16 3017.898
33 25 0.64963
34 30 0.91985655
34 20 0.9496821
34 8 28.992903
34 37 2000.0
34 7 2000.0
34 13 2000.0
34 27 1.1108168
34 16 80.079544
34 11 2.8807364
34 29 6.179475
34 25 1.0642172
34 5 1.9359981
35 21 0.030938417
35 31 71.89245
36 28 0.035187818
36 3 0.7134024
36 9 0.64217716
37 30 16.407188
37 0 1.1868005
37 8 0.91825545
37 18 2.2022867
37 13 1.3020493
37 11 1.9994811
37 29 0.79767805
37 5 7.9301066
37 20 7.2877884
37 2 0.8225142
37 7 77.69006
37 27 0.99462825
37 16 2000.0
37 23 1.7860109
37 25 17.27482
