0 8 4.9217925
0 2 1.147782
0 37 0.77009815
0 13 0.57413036
0 11 56.250004
0 29 12.474196
1 3 0.27519596
1 12 1202.159
2 30 41.06645
2 0 1.147782
2 8 2.248181
2 18 7.2970834
2 13 0.36980054
2 33 1.4911053
2 11 1.0713987
2 29 1.1203369
2 20 1.4052633
2 37 0.7288352
2 27 0.85751045
2 16 2000.0
2 23 348.3011
2 25 1.3510712
3 36 0.25249445
3 28 0.08985247
3 24 2000.0
3 12 0.048343457
3 1 0.27519596
3 9 0.13023941
4 31 0.08058507
4 9 0.051722277
4 17 0.0901504
4 19 0.09427732
5 30 0.7886698
5 8 0.8252825
5 18 0.28849465
5 13 2000.0
5 11 2.0017607
5 29 3.0747385
5 34 1.209678
5 20 1.2729378
5 37 2000.0
5 7 6.3019733
5 27 2.1628942
5 16 1.0710027
5 23 5.4572906
6 21 2000.0
6 31 0.62321615
6 17 1.3297218
7 34 6.303205
7 30 0.8708556
7 20 1.3923254
7 8 73.44581
7 37 8.652531
7 27 65.06108
7 16 1.2076159
7 11 2.7468886
7 23 1.1684334
7 25 7.5758653
7 5 6.3019733
8 0 4.9217925
8 30 0.8246777
8 18 0.8444486
8 13 3.2933424
8 11 0.66231734
8 29 1.0264632
8 5 0.8252825
8 34 2.536724
8 2 2.248181
8 37 0.95294845
8 7 73.44581
8 27 1.6603413
8 16 1.369034
8 23 1.0891287
9 36 0.72854215
9 28 1.4291788
9 10 2.6800103
9 22 0.23568451
9 31 0.03077496
9 3 0.13023941
9 17 0.045518786
9 4 0.051722277
9 19 0.0696535
10 26 0.039005682
10 28 0.27977717
10 24 0.03981274
10 31 0.050078183
10 12 4.175486
10 9 2.6800103
10 17 0.03210067
11 0 56.250004
11 30 0.46315667
11 8 0.66231734
11 18 6.138487
11 13 0.4741895
11 33 1.8354897
11 29 0.8811927
11 5 2.0017607
11 34 1.542904
11 20 0.59513414
11 2 1.0713987
11 37 1.3617289
11 7 2.7468886
11 27 0.38687503
11 16 0.90229243
11 25 1.1770669
12 26 1.1558776
12 28 3.8848302
12 32 0.23861353
12 10 4.175486
12 24 0.08724069
12 21 0.08384018
12 3 0.048343457
13 30 4.367235
13 0 0.57413036
13 8 3.2933424
13 18 544.44446
13 33 0.8952111
13 11 0.4741895
13 29 1.3064429
13 34 6.6064243
13 20 0.5424592
13 2 0.36980054
13 14 2.7378597
13 37 1.3741505
13 27 0.19746637
13 16 2000.0
13 25 1.0115826
14 20 1.1666313
14 13 2.7378597
14 33 0.38441548
14 27 1.7228276
14 11 2000.0
14 25 2.500265
15 32 0.07403663
15 21 1.6534208
16 0 2000.0
16 30 1.1398209
16 8 1.369034
16 18 1.0067391
16 13 2000.0
16 11 0.90229243
16 29 57.908897
16 5 1.0710027
16 20 5.886299
16 37 51.7554
16 7 1.2076159
16 27 1.2242923
16 23 7.398347
16 25 1.6446317
17 26 1.912119
17 6 1.3297218
17 10 0.03210067
17 24 0.23165753
17 31 1.2901473
17 9 0.045518786
17 4 0.0901504
17 19 1.9829545
18 30 0.7505575
18 2 7.2970834
18 8 0.8444486
18 37 1.1648412
18 13 544.44446
18 7 2000.0
18 27 3.205627
18 16 1.0067391
18 23 1.1860985
18 11 6.138487
18 29 1.3125296
18 5 0.28849465
19 31 0.08282054
19 9 0.0696535
19 17 1.9829545
19 4 0.09427732
20 30 7.2603774
20 13 0.5424592
20 33 1.2564087
20 11 0.59513414
20 29 4.5719814
20 5 1.2729378
20 34 0.80746955
20 2 1.4052633
20 14 1.1666313
20 37 2.3046172
20 7 1.3923254
20 27 0.42861792
20 16 5.886299
20 25 0.5758569
21 32 2000.0
21 10 2000.0
21 24 0.79881847
21 35 0.03426765
21 12 0.08384018
21 15 1.6534208
22 6 1556.4773
22 31 1478.0114
22 9 0.23568451
22 19 1330.5114
23 0 2000.0
23 30 1.8106412
23 2 348.3011
23 8 1.0891287
23 37 2.1255932
23 18 1.1860985
23 7 1.1684334
23 16 7.398347
23 11 2000.0
23 29 3.6995587
23 5 5.4572906
24 26 0.07120331
24 32 0.10984849
24 10 0.03981274
24 21 0.79881847
24 31 11.602966
24 12 0.08724069
24 15 2000.0
24 17 0.23165753
25 0 2000.0
25 30 1.717321
25 13 1.0115826
25 33 0.70864993
25 11 1.1770669
25 29 5.1427364
25 34 1.2905878
25 20 0.5758569
25 2 1.3510712
25 14 2.500265
25 37 55.769188
25 7 7.5758653
25 27 0.7046847
25 16 1.6446317
26 36 131.14284
26 32 28.161291
26 28 0.061015405
26 10 0.039005682
26 24 0.07120331
26 31 0.07474531
26 12 1.1558776
26 17 1.912119
27 0 2000.0
27 30 0.19864741
27 8 1.6603413
27 18 3.205627
27 13 0.19746637
27 33 0.9137376
27 11 0.38687503
27 29 0.8364404
27 5 2.1628942
27 34 0.9779244
27 20 0.42861792
27 2 0.85751045
27 14 1.7228276
27 37 0.6571234
27 7 65.06108
27 16 1.2242923
27 25 0.7046847
28 36 0.029592926
28 26 0.061015405
28 10 0.27977717
28 3 0.08985247
28 12 3.8848302
28 9 1.4291788
29 0 12.474196
29 30 3.0451202
29 8 1.0264632
29 18 1.3125296
29 13 1.3064429
29 33 11.111111
29 11 0.8811927
29 5 3.0747385
29 34 8.111491
29 20 4.5719814
29 2 1.1203369
29 37 0.795723
29 7 2000.0
29 27 0.8364404
29 16 57.908897
29 23 3.6995587
29 25 5.1427364
30 0 2000.0
30 8 0.8246777
30 18 0.7505575
30 13 4.367235
30 33 1.6666509
30 11 0.46315667
30 29 3.0451202
30 5 0.7886698
30 34 1.527029
30 20 7.2603774
30 2 41.06645
30 37 13.908186
30 7 0.8708556
30 27 0.19864741
30 16 1.1398209
30 23 1.8106412
30 25 1.717321
31 26 0.07474531
31 6 0.62321615
31 10 0.050078183
31 24 11.602966
31 9 0.03077496
31 17 1.2901473
31 4 0.08058507
31 19 0.08282054
32 26 28.161291
32 24 0.10984849
32 21 2000.0
32 12 0.23861353
32 15 0.07403663
33 30 1.6666509
33 13 0.8952111
33 11 1.8354897
33 29 11.111111
33 5 2000.0
33 34 2000.0
33 20 1.2564087
33 2 1.4911053
33 14 0.38441548
33 7 2000.0
33 27 0.9137376
33 16 2000.0
33 25 0.70864993
34 30 1.527029
34 20 0.80746955
34 8 2.536724
34 13 6.6064243
34 7 6.303205
34 27 0.9779244
34 16 1215.0568
34 11 1.542904
34 25 1.2905878
34 29 8.111491
34 5 1.209678
35 21 0.03426765
36 26 131.14284
36 28 0.029592926
36 3 0.25249445
36 9 0.72854215
37 30 13.908186
37 0 0.77009815
37 8 0.95294845
37 18 1.1648412
37 13 1.3741505
37 11 1.3617289
37 29 0.795723
37 20 2.3046172
37 2 0.7288352
37 7 8.652531
37 27 0.6571234
37 16 51.7554
37 23 2.1255932
37 25 55.769188
