0 8 5.4273653
0 2 1.139264
0 37 0.60701334
0 13 0.89974093
0 29 5.5391064
1 3 0.25117424
1 12 70.94709
2 30 15.799148
2 0 1.139264
2 8 1.8176144
2 18 18.20861
2 13 0.84027463
2 33 3.1242716
2 11 1.7562159
2 29 1.5073825
2 20 2.389424
2 37 1.5914093
2 27 1.6233746
2 16 2000.0
2 23 24.61596
2 25 4.0934086
3 36 0.27020094
3 28 0.11592426
3 24 66.66667
3 12 0.0635489
3 1 0.25117424
3 9 0.44366336
4 31 0.08972472
4 9 0.0539307
4 17 0.08763483
4 19 0.08778144
5 30 0.7305053
5 8 0.8052495
5 18 0.38420373
5 13 2000.0
5 11 9.602543
5 29 3.7177837
5 34 1.1815326
5 20 2.2672944
5 37 2000.0
5 7 5.3413763
5 27 2.3912644
5 16 2.6241224
5 23 6.684757
6 22 1377.9546
6 21 2000.0
6 31 0.3356818
6 17 0.88333327
7 34 7.296329
7 30 1.0550035
7 20 1.2151452
7 8 12.499433
7 37 9.605131
7 27 60.000004
7 16 1.1353387
7 11 2.989791
7 23 1.2121388
7 25 3.9053876
7 5 5.3413763
8 0 5.4273653
8 30 0.63595504
8 18 0.8703011
8 13 2.9806848
8 11 1.182235
8 29 1.2632048
8 5 0.8052495
8 34 2.5414674
8 2 1.8176144
8 37 1.3931421
8 7 12.499433
8 27 0.96720535
8 16 1.5651907
8 23 1.0190972
9 36 1.3821334
9 26 2000.0
9 28 1.6610441
9 10 9.877392
9 22 0.13905652
9 31 0.04415441
9 3 0.44366336
9 12 2000.0
9 17 0.043430623
9 4 0.0539307
9 19 0.07814065
10 26 0.031820547
10 28 0.18843232
10 24 0.037846502
10 31 0.048556652
10 12 7.7180915
10 9 9.877392
10 17 0.032513462
11 0 2750.7954
11 30 0.7074345
11 8 1.182235
11 18 6.242243
11 13 0.7274858
11 33 2.5827508
11 29 0.9183712
11 5 9.602543
11 34 1.5012795
11 20 1.4311132
11 2 1.7562159
11 37 1.529571
11 7 2.989791
11 27 0.82468843
11 16 0.9866697
11 25 1.8626508
12 26 1.5010123
12 28 5.098051
12 32 0.19685207
12 10 7.7180915
12 24 0.07956059
12 21 0.07103204
12 3 0.0635489
12 1 70.94709
13 30 7.079921
13 0 0.89974093
13 8 2.9806848
13 18 824.0986
13 33 0.7619102
13 11 0.7274858
13 29 1.0946497
13 34 7.417346
13 20 0.55775505
13 2 0.84027463
13 14 2.8190432
13 37 2.386906
13 27 0.21167403
13 16 100.0
13 25 0.67130286
14 34 2000.0
14 20 1.0522968
14 13 2.8190432
14 27 3.2627482
14 33 0.4453966
14 11 2000.0
14 25 1.8444014
15 32 0.08632638
15 21 1.6918708
16 30 1.0320048
16 0 2000.0
16 8 1.5651907
16 18 0.79594004
16 13 100.0
16 11 0.9866697
16 29 67.47181
16 5 2.6241224
16 20 4.4262934
16 37 23.890627
16 7 1.1353387
16 27 1.3826392
16 23 7.9876213
16 25 1.0284536
17 26 2.0739393
17 6 0.88333327
17 10 0.032513462
17 24 0.21795455
17 31 1.203472
17 9 0.043430623
17 4 0.08763483
17 19 1.9760364
18 30 0.6611651
18 2 18.20861
18 8 0.8703011
18 37 1.4307413
18 13 824.0986
18 7 2000.0
18 27 3.2068698
18 16 0.79594004
18 23 1.3214833
18 11 6.242243
18 29 1.005737
18 5 0.38420373
19 31 0.078099504
19 9 0.07814065
19 17 1.9760364
19 4 0.08778144
20 30 21.206993
20 13 0.55775505
20 33 1.0734829
20 11 1.4311132
20 29 2.2722993
20 5 2.2672944
20 34 0.81708306
20 2 2.389424
20 14 1.0522968
20 37 2.1694248
20 7 1.2151452
20 27 0.403242
20 16 4.4262934
20 25 0.5369863
21 32 2000.0
21 24 1.0445828
21 35 0.085763484
21 12 0.07103204
21 15 1.6918708
22 6 1377.9546
22 31 83.138145
22 9 0.13905652
22 19 1339.5455
23 0 2000.0
23 30 1.1075234
23 2 24.61596
23 8 1.0190972
23 37 2.1198165
23 18 1.3214833
23 7 1.2121388
23 16 7.9876213
23 11 2000.0
23 29 4.1671586
23 5 6.684757
24 26 0.09501007
24 32 0.11703757
24 10 0.037846502
24 21 1.0445828
24 31 10.072577
24 3 66.66667
24 12 0.07956059
24 15 2000.0
24 17 0.21795455
25 30 2.4947991
25 13 0.67130286
25 33 0.36813596
25 11 1.8626508
25 29 2.0060763
25 34 2.9484458
25 20 0.5369863
25 2 4.0934086
25 14 1.8444014
25 37 41.61675
25 7 3.9053876
25 27 0.84605175
25 16 1.0284536
26 36 400.0
26 32 1221.6477
26 28 0.10233583
26 10 0.031820547
26 24 0.09501007
26 31 0.07117267
26 12 1.5010123
26 17 2.0739393
27 0 2000.0
27 30 0.21047576
27 8 0.96720535
27 18 3.2068698
27 13 0.21167403
27 33 0.9727126
27 11 0.82468843
27 29 0.7001728
27 5 2.3912644
27 34 0.92560005
27 20 0.403242
27 2 1.6233746
27 14 3.2627482
27 37 1.1026299
27 7 60.000004
27 16 1.3826392
27 25 0.84605175
28 36 0.03424423
28 26 0.10233583
28 10 0.18843232
28 3 0.11592426
28 12 5.098051
28 9 1.6610441
29 0 5.5391064
29 30 2.428099
29 8 1.2632048
29 18 1.005737
29 13 1.0946497
29 11 0.9183712
29 5 3.7177837
29 34 6.3575454
29 20 2.2722993
29 2 1.5073825
29 37 0.99235153
29 7 2000.0
29 27 0.7001728
29 16 67.47181
29 23 4.1671586
29 25 2.0060763
30 0 2000.0
30 8 0.63595504
30 18 0.6611651
30 13 7.079921
30 33 2.3394885
30 11 0.7074345
30 29 2.428099
30 5 0.7305053
30 34 0.7413448
30 20 21.206993
30 2 15.799148
30 37 5.7945356
30 7 1.0550035
30 27 0.21047576
30 16 1.0320048
30 23 1.1075234
30 25 2.4947991
31 26 0.07117267
31 6 0.3356818
31 10 0.048556652
31 24 10.072577
31 22 83.138145
31 9 0.04415441
31 17 1.203472
31 4 0.08972472
31 19 0.078099504
32 24 0.11703757
32 12 0.19685207
32 15 0.08632638
33 30 2.3394885
33 13 0.7619102
33 11 2.5827508
33 29 5608.125
33 5 2000.0
33 34 2000.0
33 20 1.0734829
33 2 3.1242716
33 14 0.4453966
33 7 2000.0
33 27 0.9727126
33 16 2000.0
33 25 0.36813596
34 30 0.7413448
34 20 0.81708306
34 8 2.5414674
34 13 7.417346
34 7 7.296329
34 27 0.92560005
34 16 1215.0568
34 11 1.5012795
34 25 2.9484458
34 29 6.3575454
34 5 1.1815326
35 21 0.085763484
36 26 400.0
36 28 0.03424423
36 3 0.27020094
36 9 1.3821334
37 30 5.7945356
37 0 0.60701334
37 8 1.3931421
37 18 1.4307413
37 13 2.386906
37 11 1.529571
37 29 0.99235153
37 20 2.1694248
37 2 1.5914093
37 7 9.605131
37 27 1.1026299
37 16 23.890627
37 23 2.1198165
37 25 41.61675
