0 2 1.1903789
0 37 1.0281731
0 13 1.2770901
0 29 41.684937
0 25 11.515862
1 3 1.2728789
1 12 6.4659257
2 30 18.152143
2 0 1.1903789
2 8 1.2771021
2 18 2.6441422
2 13 0.56744003
2 33 2.026603
2 11 1.7597464
2 29 0.95163673
2 20 9.148958
2 37 0.7854249
2 27 1.08876
2 16 2000.0
2 23 8.418445
2 25 0.74639666
3 36 0.34905803
3 28 5.467585
3 24 2000.0
3 12 0.06770407
3 1 1.2728789
3 9 0.50705796
4 31 0.06980434
4 9 0.08231318
4 17 0.12615067
4 19 0.06742464
5 30 1.1388376
5 8 0.8861462
5 18 1.5351788
5 13 39.55545
5 11 1.2279506
5 29 1.4559917
5 34 2.4956236
5 20 1.6894516
5 37 11.312095
5 7 5.735713
5 27 1.4105321
5 16 1.0442722
5 23 2.0682428
5 25 2000.0
6 31 0.15827651
6 17 4.031759
7 30 0.66577744
7 20 46.313637
7 8 5.982103
7 16 1.189024
7 23 1.2340752
7 25 6.4228187
7 5 5.735713
8 0 2000.0
8 30 0.62180275
8 18 1.4540225
8 13 1.6105177
8 11 1.7078881
8 29 0.7824034
8 5 0.8861462
8 34 38.338543
8 2 1.2771021
8 37 0.9329174
8 7 5.982103
8 27 4.4185414
8 16 1.4999905
8 23 1.2844762
8 25 2000.0
9 36 0.48351243
9 26 2000.0
9 28 1.4699047
9 10 21.176472
9 22 0.061161596
9 31 0.034157217
9 3 0.50705796
9 12 2000.0
9 4 0.08231318
9 17 0.035061557
9 19 0.075962245
10 26 0.033641987
10 28 0.24721788
10 24 0.21505684
10 31 17.554605
10 12 59.298702
10 9 21.176472
10 17 0.035078242
11 0 2000.0
11 30 0.7841694
11 8 1.7078881
11 18 5.7968864
11 13 0.7430918
11 33 2.4468026
11 29 0.7166025
11 5 1.2279506
11 34 2.268231
11 20 2.4084563
11 2 1.7597464
11 37 1.9191405
11 7 1348.2954
11 27 0.6081558
11 16 1.3225292
11 25 1.1232878
12 26 1.5403627
12 28 38.180298
12 32 1.5028173
12 10 59.298702
12 24 0.069508925
12 21 0.4058497
12 3 0.06770407
12 1 6.4659257
13 30 30.488632
13 0 1.2770901
13 8 1.6105177
13 18 200.0
13 33 1.1211469
13 11 0.7430918
13 29 0.93660945
13 5 39.55545
13 34 43.883835
13 20 0.7777388
13 2 0.56744003
13 14 7.3142304
13 37 1.0516472
13 7 2000.0
13 27 0.46103895
13 16 26.115515
13 25 0.28587928
14 30 3.1422927
14 20 4.556377
14 13 7.3142304
14 27 6.0453005
14 33 0.5521109
14 11 2000.0
14 25 5.353911
15 32 0.07269934
15 21 1.418444
16 30 1.120797
16 0 2000.0
16 8 1.4999905
16 18 1.1778141
16 13 26.115515
16 11 1.3225292
16 5 1.0442722
16 34 35.968376
16 20 27.930426
16 7 1.189024
16 27 1.3922968
16 23 2.7407298
16 25 1.1298888
17 6 4.031759
17 26 1.834343
17 10 0.035078242
17 24 0.11188729
17 31 1.0013765
17 9 0.035061557
17 4 0.12615067
17 19 47.902557
18 0 2000.0
18 30 0.7640804
18 8 1.4540225
18 13 200.0
18 11 5.7968864
18 29 1.6281757
18 5 1.5351788
18 2 2.6441422
18 37 2.0837893
18 7 2000.0
18 27 22.431276
18 16 1.1778141
18 23 1.5931121
19 28 84.51784
19 31 0.07213115
19 9 0.075962245
19 17 47.902557
19 4 0.06742464
20 30 1.6329544
20 13 0.7777388
20 33 1.4383037
20 11 2.4084563
20 29 5.1396146
20 5 1.6894516
20 34 2.3757243
20 2 9.148958
20 14 4.556377
20 37 7.947104
20 7 46.313637
20 27 2.19185
20 16 27.930426
20 25 1.8125627
21 26 2000.0
21 32 2000.0
21 10 2000.0
21 24 1.1608804
21 35 0.036525972
21 12 0.4058497
21 15 1.418444
22 31 133.33334
22 9 0.061161596
22 19 2000.0
23 0 2000.0
23 30 2.074053
23 8 1.2844762
23 2 8.418445
23 37 1.1748139
23 18 1.5931121
23 7 1.2340752
23 16 2.7407298
23 11 2000.0
23 29 1.1704624
23 5 2.0682428
24 26 0.09919987
24 32 0.30128333
24 10 0.21505684
24 21 1.1608804
24 12 0.069508925
24 17 0.11188729
25 30 20.984613
25 0 11.515862
25 13 0.28587928
25 33 0.71934533
25 11 1.1232878
25 29 1.5468675
25 34 4.6560574
25 20 1.8125627
25 2 0.74639666
25 14 5.353911
25 37 29.838585
25 7 6.4228187
25 27 0.26731262
25 16 1.1298888
26 32 29.250002
26 28 0.05658144
26 10 0.033641987
26 24 0.09919987
26 31 0.3108694
26 12 1.5403627
26 17 1.834343
27 30 0.19682676
27 0 2000.0
27 8 4.4185414
27 18 22.431276
27 13 0.46103895
27 33 1.8702583
27 11 0.6081558
27 29 0.59675044
27 5 1.4105321
27 34 2.7566702
27 20 2.19185
27 2 1.08876
27 14 6.0453005
27 37 1.0875275
27 7 2000.0
27 16 1.3922968
27 25 0.26731262
28 36 0.03180963
28 26 0.05658144
28 10 0.24721788
28 3 5.467585
28 12 38.180298
28 9 1.4699047
28 19 84.51784
29 0 41.684937
29 30 1.9520246
29 8 0.7824034
29 18 1.6281757
29 13 0.93660945
29 33 7.905045
29 11 0.7166025
29 5 1.4559917
29 34 9.3796015
29 20 5.1396146
29 2 0.95163673
29 37 0.95836866
29 27 0.59675044
29 16 2000.0
29 23 1.1704624
29 25 1.5468675
30 8 0.62180275
30 18 0.7640804
30 13 30.488632
30 33 8.760957
30 11 0.7841694
30 29 1.9520246
30 5 1.1388376
30 34 1.27789
30 20 1.6329544
30 2 18.152143
30 14 3.1422927
30 37 28.497257
30 7 0.66577744
30 27 0.19682676
30 16 1.120797
30 23 2.074053
30 25 20.984613
31 26 0.3108694
31 6 0.15827651
31 10 17.554605
31 22 133.33334
31 9 0.034157217
31 4 0.06980434
31 17 1.0013765
31 19 0.07213115
32 26 29.250002
32 24 0.30128333
32 21 2000.0
32 12 1.5028173
32 15 0.07269934
33 30 8.760957
33 8 2000.0
33 13 1.1211469
33 11 2.4468026
33 29 7.905045
33 5 2000.0
33 34 2000.0
33 20 1.4383037
33 2 2.026603
33 14 0.5521109
33 7 2000.0
33 27 1.8702583
33 16 3017.898
33 25 0.71934533
34 30 1.27789
34 20 2.3757243
34 8 38.338543
34 37 2000.0
34 7 2000.0
34 13 43.883835
34 27 2.7566702
34 16 35.968376
34 11 2.268231
34 29 9.3796015
34 25 4.6560574
34 5 2.4956236
35 21 0.036525972
35 31 1195.966
36 28 0.03180963
36 3 0.34905803
36 9 0.48351243
37 30 28.497257
37 0 1.0281731
37 8 0.9329174
37 18 2.0837893
37 13 1.0516472
37 11 1.9191405
37 29 0.95836866
37 5 11.312095
37 20 7.947104
37 2 0.7854249
37 7 2966.932
37 27 1.0875275
37 16 2000.0
37 23 1.1748139
37 25 29.838585
