0 2 0.9042027
0 37 2.3807042
0 13 0.73883843
0 29 20.664309
0 25 266.6667
1 3 0.533003
1 12 37.166916
2 30 24.73103
2 0 0.9042027
2 8 0.9543496
2 18 2.7384093
2 13 0.48763412
2 33 1.7225738
2 11 1.556127
2 29 1.026712
2 20 6.1302457
2 37 0.8383648
2 27 1.0870456
2 16 2000.0
2 23 11.230854
2 25 0.4438005
3 36 1.1265525
3 28 25.228598
3 24 1138.8636
3 12 0.0774595
3 1 0.533003
3 9 0.6162816
4 31 0.0686217
4 9 0.06958831
4 17 0.15997578
4 19 0.084343165
5 30 0.8596311
5 8 0.95442796
5 18 1.0115352
5 13 18.029243
5 11 1.2925652
5 29 3.8793504
5 34 1.7029961
5 20 2.286138
5 37 8.675695
5 7 12.536875
5 27 3.144434
5 16 1.235765
5 23 4.4209576
5 25 2000.0
6 31 0.11695381
6 17 2.30329
7 30 1.010278
7 20 66.66667
7 8 6.239285
7 37 91.75271
7 16 1.803277
7 11 88.888885
7 23 1.3392711
7 25 2.3619998
7 5 12.536875
8 0 2000.0
8 30 0.6818182
8 18 1.3237835
8 13 1.2967572
8 11 0.8502744
8 29 0.47139144
8 5 0.95442796
8 34 55.0261
8 2 0.9543496
8 37 1.3815484
8 7 6.239285
8 27 2.1578574
8 16 1.5613635
8 23 1.4944602
8 25 2000.0
9 36 0.7904506
9 26 2000.0
9 28 0.8864042
9 10 8.621401
9 22 0.08499162
9 31 0.030374441
9 3 0.6162816
9 12 2000.0
9 4 0.06958831
9 17 0.044519946
9 19 0.08828408
10 26 0.032587785
10 28 0.25560609
10 24 0.08058336
10 31 2.3408785
10 12 1457.0454
10 9 8.621401
10 17 0.029556872
11 0 2000.0
11 30 0.7455913
11 8 0.8502744
11 18 3.2144856
11 13 1.238897
11 33 2.2994368
11 29 1.2144175
11 5 1.2925652
11 34 1.9499613
11 20 1.7365311
11 2 1.556127
11 37 1.417968
11 7 88.888885
11 27 0.95831066
11 16 1.5551169
11 25 0.51258975
12 26 0.64716846
12 32 4.9032826
12 24 0.06656408
12 21 0.17003681
12 3 0.0774595
12 1 37.166916
13 30 99.723274
13 0 0.73883843
13 8 1.2967572
13 18 32.321465
13 33 1.141133
13 11 1.238897
13 29 0.80641526
13 5 18.029243
13 34 2000.0
13 20 1.0898775
13 2 0.48763412
13 14 4.073456
13 37 0.91114277
13 7 2000.0
13 27 0.7718345
13 16 902.7415
13 25 0.23678704
14 30 18.405243
14 20 2.8621294
14 13 4.073456
14 27 5.7911787
14 33 0.6798168
14 25 2.8738666
15 32 0.07623915
15 21 33.207703
16 30 1.0849998
16 0 2000.0
16 8 1.5613635
16 18 2.232578
16 13 902.7415
16 11 1.5551169
16 5 1.235765
16 34 89.56163
16 20 140.66978
16 7 1.803277
16 27 1.434204
16 23 4.288395
16 25 3.9007068
17 6 2.30329
17 26 1.3288978
17 10 0.029556872
17 24 0.06638429
17 31 0.98241556
17 9 0.044519946
17 4 0.15997578
17 19 81.91716
18 0 2000.0
18 30 0.83776075
18 8 1.3237835
18 13 32.321465
18 11 3.2144856
18 29 1.0501602
18 5 1.0115352
18 2 2.7384093
18 37 3.6843586
18 7 2000.0
18 27 52.930573
18 16 2.232578
18 23 2.1467562
19 28 160.0
19 31 0.08572659
19 9 0.08828408
19 17 81.91716
19 4 0.084343165
20 30 2.2038498
20 13 1.0898775
20 33 1.6212852
20 11 1.7365311
20 29 5.749246
20 5 2.286138
20 34 0.74213713
20 2 6.1302457
20 14 2.8621294
20 37 3.684971
20 7 66.66667
20 27 1.1858582
20 16 140.66978
20 25 0.42145997
21 26 2000.0
21 32 2000.0
21 10 2000.0
21 24 1.3114498
21 35 0.034063872
21 31 2000.0
21 12 0.17003681
21 15 33.207703
22 31 160.0
22 9 0.08499162
22 19 2000.0
23 0 2000.0
23 30 3.3939393
23 8 1.4944602
23 2 11.230854
23 37 1.7498007
23 18 2.1467562
23 7 1.3392711
23 16 4.288395
23 11 2000.0
23 29 1.6029229
23 5 4.4209576
24 26 0.050817013
24 32 0.3831849
24 10 0.08058336
24 21 1.3114498
24 12 0.06656408
24 15 2000.0
24 17 0.06638429
25 0 266.6667
25 30 22.321304
25 13 0.23678704
25 33 0.76052636
25 11 0.51258975
25 29 1.5621911
25 34 1.4191117
25 20 0.42145997
25 2 0.4438005
25 14 2.8738666
25 37 36.235733
25 7 2.3619998
25 27 0.22309136
25 16 3.9007068
26 32 20.200983
26 28 0.06135915
26 10 0.032587785
26 24 0.050817013
26 31 0.19428255
26 12 0.64716846
26 17 1.3288978
27 30 0.4892639
27 0 2000.0
27 8 2.1578574
27 18 52.930573
27 13 0.7718345
27 33 0.73214763
27 11 0.95831066
27 29 2.9316661
27 5 3.144434
27 34 0.79501384
27 20 1.1858582
27 2 1.0870456
27 14 5.7911787
27 37 1.0775727
27 7 2000.0
27 16 1.434204
27 25 0.22309136
28 36 0.034912582
28 26 0.06135915
28 10 0.25560609
28 3 25.228598
28 12 1191.4204
28 9 0.8864042
28 19 160.0
29 0 20.664309
29 30 1.4507024
29 8 0.47139144
29 18 1.0501602
29 13 0.80641526
29 33 19.009916
29 11 1.2144175
29 5 3.8793504
29 34 1.9361024
29 20 5.749246
29 2 1.026712
29 37 1.1323442
29 7 2000.0
29 27 2.9316661
29 16 2000.0
29 23 1.6029229
29 25 1.5621911
30 8 0.6818182
30 18 0.83776075
30 13 99.723274
30 33 20.605143
30 11 0.7455913
30 29 1.4507024
30 5 0.8596311
30 34 1.0119078
30 20 2.2038498
30 2 24.73103
30 14 18.405243
30 37 29.588161
30 7 1.010278
30 27 0.4892639
30 16 1.0849998
30 23 3.3939393
30 25 22.321304
31 26 0.19428255
31 6 0.11695381
31 10 2.3408785
31 35 12.009896
31 22 160.0
31 9 0.030374441
31 4 0.0686217
31 17 0.98241556
31 19 0.08572659
32 26 20.200983
32 24 0.3831849
32 12 4.9032826
32 15 0.07623915
33 30 20.605143
33 13 1.141133
33 11 2.2994368
33 29 19.009916
33 5 2000.0
33 34 2000.0
33 20 1.6212852
33 2 1.7225738
33 14 0.6798168
33 7 2000.0
33 27 0.73214763
33 16 2422.443
33 25 0.76052636
34 30 1.0119078
34 20 0.74213713
34 8 55.0261
34 37 2000.0
34 7 2000.0
34 27 0.79501384
34 16 89.56163
34 11 1.9499613
34 29 1.9361024
34 25 1.4191117
34 5 1.7029961
35 21 0.034063872
35 31 12.009896
36 28 0.034912582
36 3 1.1265525
36 9 0.7904506
37 30 29.588161
37 0 2.3807042
37 8 1.3815484
37 18 3.6843586
37 13 0.91114277
37 11 1.417968
37 29 1.1323442
37 5 8.675695
37 20 3.684971
37 2 0.8383648
37 7 91.75271
37 27 1.0775727
37 16 2000.0
37 23 1.7498007
37 25 36.235733
