0 8 8.793182
0 2 1.6236377
0 37 0.7616349
0 13 1.1297508
0 11 93.506485
0 29 14.695598
1 3 0.26239005
1 12 1202.159
2 30 27.949955
2 0 1.6236377
2 8 2.00162
2 18 8.964793
2 13 0.7377819
2 33 2.9559786
2 11 6.4703894
2 29 2.2936733
2 20 6.906997
2 37 1.738756
2 27 2.1498618
2 16 2000.0
2 23 49.686718
2 25 4.8758316
3 36 0.32470915
3 28 0.22907284
3 24 94.736855
3 12 0.09246552
3 1 0.26239005
3 9 0.27598777
4 31 0.08341546
4 9 0.07648283
4 17 0.089950405
4 19 0.083262086
5 34 8.9969225
5 30 0.42235923
5 20 3.0506756
5 8 0.6733939
5 37 2000.0
5 18 0.37925082
5 7 3.262763
5 27 9.61553
5 16 1.9259431
5 23 11.332853
5 11 4.492813
5 29 4.1582317
6 31 1.6216748
6 17 1.0897852
7 34 8.99741
7 30 1.4343859
7 20 2.9881077
7 8 106.3267
7 37 21.04755
7 27 66.66667
7 16 1.3307585
7 11 11.589025
7 23 1.5726699
7 25 6.550116
7 5 3.262763
8 0 8.793182
8 30 1.1990758
8 18 1.1678368
8 13 2.8366773
8 11 4.6672983
8 29 0.958553
8 5 0.6733939
8 34 4.626739
8 2 2.00162
8 37 1.4224237
8 7 106.3267
8 27 1.5678536
8 16 3.5272243
8 23 0.95982033
9 36 2.352699
9 26 2000.0
9 28 2.7029645
9 10 5.4817505
9 22 0.3173497
9 31 0.028174607
9 3 0.27598777
9 17 0.04476117
9 4 0.07648283
9 19 0.082748435
10 26 0.054661892
10 28 0.23110133
10 24 0.06413318
10 31 0.029903844
10 12 3.9750316
10 9 5.4817505
10 17 0.029475747
11 0 93.506485
11 30 1.4675828
11 8 4.6672983
11 18 6.0084343
11 13 0.9926819
11 33 4.1081734
11 29 1.4907504
11 5 4.492813
11 34 5.877534
11 20 1.6954546
11 2 6.4703894
11 37 3.1863298
11 7 11.589025
11 27 0.8374843
11 16 1.3190464
11 25 2.1587617
12 26 3.3457222
12 28 6.6141095
12 32 0.28551137
12 10 3.9750316
12 24 0.0974292
12 21 0.06701674
12 3 0.09246552
12 1 1202.159
13 30 7.0276065
13 0 1.1297508
13 8 2.8366773
13 18 800.0
13 33 1.0261049
13 11 0.9926819
13 29 0.86342853
13 34 9.2498455
13 20 0.7175971
13 2 0.7377819
13 14 2.5223215
13 37 5.257098
13 27 0.7524327
13 16 531.14764
13 25 0.8751242
14 20 2.2813222
14 13 2.5223215
14 33 0.64552176
14 27 4.398606
14 11 2000.0
14 25 2.5221705
15 32 0.07144341
15 21 7.254199
16 0 2000.0
16 30 2.1052632
16 8 3.5272243
16 18 1.1212391
16 13 531.14764
16 11 1.3190464
16 29 483.95648
16 5 1.9259431
16 20 12.296426
16 37 54.197742
16 7 1.3307585
16 27 2.663707
16 23 9.230236
16 25 2.342803
17 26 3.809455
17 6 1.0897852
17 10 0.029475747
17 24 0.26357183
17 31 2.431611
17 9 0.04476117
17 4 0.089950405
17 19 3.7216692
18 30 0.7960488
18 2 8.964793
18 8 1.1678368
18 37 1.2249842
18 13 800.0
18 7 2000.0
18 27 9.264681
18 16 1.1212391
18 23 2.473529
18 11 6.0084343
18 29 1.3775183
18 5 0.37925082
19 31 0.06501572
19 9 0.082748435
19 17 3.7216692
19 4 0.083262086
20 0 2000.0
20 30 15.457087
20 13 0.7175971
20 33 2.0779614
20 11 1.6954546
20 29 2.6119537
20 5 3.0506756
20 34 1.2798735
20 2 6.906997
20 14 2.2813222
20 37 4.221453
20 7 2.9881077
20 27 0.65232664
20 16 12.296426
20 25 1.2394854
21 32 2000.0
21 10 2000.0
21 24 0.06803978
21 35 0.036496986
21 12 0.06701674
21 15 7.254199
22 6 1197.159
22 31 160.0
22 9 0.3173497
22 19 1386.4772
23 0 2000.0
23 30 1.9702721
23 2 49.686718
23 8 0.95982033
23 37 3.0722213
23 18 2.473529
23 7 1.5726699
23 16 9.230236
23 11 2000.0
23 29 3.3991933
23 5 11.332853
24 26 0.064666755
24 32 0.09925416
24 10 0.06413318
24 21 0.06803978
24 31 12.818653
24 12 0.0974292
24 3 94.736855
24 15 2000.0
24 17 0.26357183
25 30 10.726256
25 13 0.8751242
25 33 0.78339946
25 11 2.1587617
25 29 5.58727
25 34 1.8673646
25 20 1.2394854
25 2 4.8758316
25 14 2.5221705
25 37 41.509922
25 7 6.550116
25 27 0.9387981
25 16 2.342803
26 36 225.00002
26 32 1627.3864
26 28 0.047945417
26 10 0.054661892
26 24 0.064666755
26 31 0.0877706
26 12 3.3457222
26 17 3.809455
27 0 2000.0
27 30 0.41310447
27 8 1.5678536
27 18 9.264681
27 13 0.7524327
27 33 1.1559883
27 11 0.8374843
27 29 0.6711081
27 5 9.61553
27 34 1.104632
27 20 0.65232664
27 2 2.1498618
27 14 4.398606
27 37 4.62654
27 7 66.66667
27 16 2.663707
27 25 0.9387981
28 36 0.03212113
28 26 0.047945417
28 10 0.23110133
28 3 0.22907284
28 12 6.6141095
28 9 2.7029645
29 0 14.695598
29 30 12.193505
29 8 0.958553
29 18 1.3775183
29 13 0.86342853
29 11 1.4907504
29 5 4.1582317
29 34 4.56034
29 20 2.6119537
29 2 2.2936733
29 37 1.8351696
29 7 2000.0
29 27 0.6711081
29 16 483.95648
29 23 3.3991933
29 25 5.58727
30 0 2000.0
30 8 1.1990758
30 18 0.7960488
30 13 7.0276065
30 33 5.5165167
30 11 1.4675828
30 29 12.193505
30 5 0.42235923
30 34 2.0914319
30 20 15.457087
30 2 27.949955
30 14 2000.0
30 37 5.00072
30 7 1.4343859
30 27 0.41310447
30 16 2.1052632
30 23 1.9702721
30 25 10.726256
31 26 0.0877706
31 6 1.6216748
31 10 0.029903844
31 24 12.818653
31 22 160.0
31 9 0.028174607
31 17 2.431611
31 4 0.08341546
31 19 0.06501572
32 24 0.09925416
32 12 0.28551137
32 15 0.07144341
33 30 5.5165167
33 8 2000.0
33 13 1.0261049
33 11 4.1081734
33 29 1436.875
33 34 2000.0
33 20 2.0779614
33 2 2.9559786
33 14 0.64552176
33 7 2000.0
33 27 1.1559883
33 16 1622.3296
33 25 0.78339946
34 30 2.0914319
34 20 1.2798735
34 8 4.626739
34 7 8.99741
34 13 9.2498455
34 27 1.104632
34 16 5535.0566
34 11 5.877534
34 25 1.8673646
34 29 4.56034
34 5 8.9969225
35 21 0.036496986
36 26 225.00002
36 28 0.03212113
36 3 0.32470915
36 9 2.352699
37 30 5.00072
37 0 0.7616349
37 8 1.4224237
37 18 1.2249842
37 13 5.257098
37 11 3.1863298
37 29 1.8351696
37 20 4.221453
37 2 1.738756
37 7 21.04755
37 27 4.62654
37 16 54.197742
37 23 3.0722213
37 25 41.509922
