0 8 11.376762
0 2 1.2352506
0 37 0.79364014
0 13 0.77813995
0 11 71.42857
0 29 7.5022416
0 25 600.0
1 3 0.22219697
1 12 1218.2954
2 30 7.202612
2 0 1.2352506
2 8 1.4513777
2 18 7.414477
2 13 0.29766315
2 33 2.1336734
2 11 1.5210416
2 29 0.87310606
2 20 3.2088268
2 37 1.2341498
2 27 0.9705839
2 23 132.69786
2 25 1.3055109
3 36 0.23537679
3 28 0.08731372
3 24 211.76471
3 12 0.061177347
3 1 0.22219697
3 9 0.30924243
4 31 0.055018943
4 9 0.069728024
4 17 0.078761764
4 19 0.092436664
5 30 0.8865081
5 8 0.8655913
5 18 0.3503625
5 13 2000.0
5 11 2.5408885
5 29 3.3765016
5 34 3.8106556
5 20 1.945228
5 37 2000.0
5 7 4.678433
5 27 1.9344249
5 16 2.077809
5 23 4.8042145
6 31 1.1891514
6 17 0.49966887
7 34 11.308037
7 30 0.85886997
7 20 2.0368638
7 8 12.970739
7 37 15.640374
7 27 119.53409
7 16 1.3753943
7 11 8.762719
7 23 1.142275
7 25 12.23242
7 5 4.678433
8 0 11.376762
8 30 0.61905336
8 18 0.6879412
8 13 2.2968705
8 11 0.4973769
8 29 0.6168219
8 5 0.8655913
8 34 2.504471
8 2 1.4513777
8 37 1.2146713
8 7 12.970739
8 27 1.0806923
8 16 1.3538947
8 23 0.89779246
9 36 0.6137727
9 26 2000.0
9 28 0.9736743
9 10 7.126295
9 22 0.336494
9 31 0.030874267
9 3 0.30924243
9 17 0.05442206
9 4 0.069728024
9 19 0.07356317
10 26 0.031980183
10 28 0.18405621
10 24 0.065330386
10 31 0.030391052
10 12 2.3291323
10 9 7.126295
10 17 0.037005134
11 0 71.42857
11 30 0.41126117
11 8 0.4973769
11 18 5.729539
11 13 0.7128232
11 33 3.0671237
11 29 0.8103811
11 5 2.5408885
11 34 2.2905314
11 20 1.1063113
11 2 1.5210416
11 37 1.4255452
11 7 8.762719
11 27 0.40047732
11 16 0.9794929
11 25 1.0823952
12 26 3.7102146
12 28 3.9676945
12 32 0.25332493
12 10 2.3291323
12 24 0.08694782
12 21 0.08276055
12 3 0.061177347
13 30 0.6464223
13 0 0.77813995
13 8 2.2968705
13 18 2000.0
13 33 0.77654886
13 11 0.7128232
13 29 1.2622457
13 34 5.404852
13 20 0.6398454
13 2 0.29766315
13 14 2.919729
13 37 2.1711204
13 27 0.20846699
13 16 64.01574
13 25 0.48527083
14 20 1.2815255
14 13 2.919729
14 33 0.45089978
14 27 2.3982856
14 11 2000.0
14 25 2.0967364
15 32 0.07140462
15 21 1.5385966
16 0 2000.0
16 30 1.6254765
16 8 1.3538947
16 18 0.86122847
16 13 64.01574
16 11 0.9794929
16 29 78.4024
16 5 2.077809
16 20 11.884716
16 37 67.18532
16 7 1.3753943
16 27 1.903345
16 23 4.8200936
16 25 1.5735756
17 26 3.6290324
17 6 0.49966887
17 10 0.037005134
17 24 0.28880575
17 31 1.8650339
17 9 0.05442206
17 4 0.078761764
17 19 2.1441422
18 30 0.7249609
18 2 7.414477
18 8 0.6879412
18 37 1.1573455
18 13 2000.0
18 7 2000.0
18 27 2.3547199
18 16 0.86122847
18 23 1.365965
18 11 5.729539
18 29 1.0274047
18 5 0.3503625
19 31 0.06731558
19 9 0.07356317
19 17 2.1441422
19 4 0.092436664
20 30 6.2338305
20 13 0.6398454
20 33 0.9589648
20 11 1.1063113
20 29 1.012904
20 5 1.945228
20 34 0.74694043
20 2 3.2088268
20 14 1.2815255
20 37 1.6649146
20 7 2.0368638
20 27 0.5776862
20 16 11.884716
20 25 0.62451017
21 26 2000.0
21 32 2000.0
21 24 0.14314632
21 35 0.03973289
21 12 0.08276055
21 15 1.5385966
22 6 1300.625
22 31 1199.8864
22 9 0.336494
22 19 1329.8296
23 0 2000.0
23 30 1.9829547
23 2 132.69786
23 8 0.89779246
23 37 2.3041303
23 18 1.365965
23 7 1.142275
23 16 4.8200936
23 11 2000.0
23 29 2.013297
23 5 4.8042145
24 26 0.058072913
24 32 0.10906584
24 28 2000.0
24 10 0.065330386
24 21 0.14314632
24 31 12.215909
24 12 0.08694782
24 3 211.76471
24 15 2000.0
24 17 0.28880575
25 0 600.0
25 30 1.2738144
25 13 0.48527083
25 33 0.7052669
25 11 1.0823952
25 29 2.4375947
25 34 1.6861942
25 20 0.62451017
25 2 1.3055109
25 14 2.0967364
25 37 25.607807
25 7 12.23242
25 27 0.5475402
25 16 1.5735756
26 36 24.224028
26 32 131.44319
26 28 0.034613132
26 10 0.031980183
26 24 0.058072913
26 31 0.059613276
26 12 3.7102146
26 17 3.6290324
27 0 2000.0
27 30 0.21518771
27 8 1.0806923
27 18 2.3547199
27 13 0.20846699
27 33 1.4167045
27 11 0.40047732
27 29 0.52959055
27 5 1.9344249
27 34 1.0266509
27 20 0.5776862
27 2 0.9705839
27 14 2.3982856
27 37 1.51959
27 7 119.53409
27 16 1.903345
27 25 0.5475402
28 36 0.03180887
28 26 0.034613132
28 10 0.18405621
28 3 0.08731372
28 12 3.9676945
28 9 0.9736743
29 0 7.5022416
29 30 4.190257
29 8 0.6168219
29 18 1.0274047
29 13 1.2622457
29 11 0.8103811
29 5 3.3765016
29 34 13.39596
29 20 1.012904
29 2 0.87310606
29 37 0.8457398
29 7 2000.0
29 27 0.52959055
29 16 78.4024
29 23 2.013297
29 25 2.4375947
30 0 2000.0
30 8 0.61905336
30 18 0.7249609
30 13 0.6464223
30 33 2.3074207
30 11 0.41126117
30 29 4.190257
30 5 0.8865081
30 34 1.004105
30 20 6.2338305
30 2 7.202612
30 14 2000.0
30 37 6.7072773
30 7 0.85886997
30 27 0.21518771
30 16 1.6254765
30 23 1.9829547
30 25 1.2738144
31 26 0.059613276
31 6 1.1891514
31 10 0.030391052
31 24 12.215909
31 9 0.030874267
31 17 1.8650339
31 4 0.055018943
31 19 0.06731558
32 26 131.44319
32 24 0.10906584
32 12 0.25332493
32 15 0.07140462
33 30 2.3074207
33 13 0.77654886
33 11 3.0671237
33 29 3275.3408
33 5 2000.0
33 34 2000.0
33 20 0.9589648
33 2 2.1336734
33 14 0.45089978
33 7 2000.0
33 27 1.4167045
33 16 1998.8635
33 25 0.7052669
34 30 1.004105
34 20 0.74694043
34 8 2.504471
34 7 11.308037
34 13 5.404852
34 27 1.0266509
34 16 3216.9885
34 11 2.2905314
34 25 1.6861942
34 29 13.39596
34 5 3.8106556
35 21 0.03973289
36 26 24.224028
36 28 0.03180887
36 3 0.23537679
36 9 0.6137727
37 30 6.7072773
37 0 0.79364014
37 8 1.2146713
37 18 1.1573455
37 13 2.1711204
37 11 1.4255452
37 29 0.8457398
37 20 1.6649146
37 2 1.2341498
37 7 15.640374
37 27 1.51959
37 16 67.18532
37 23 2.3041303
37 25 25.607807
