0 8 14.79958
0 2 1.6753657
0 37 0.67550254
0 13 0.76630026
0 11 77.62078
0 29 5.639748
1 3 0.20908304
1 12 1202.159
2 30 14.401927
2 0 1.6753657
2 8 1.3442279
2 18 17.389944
2 13 0.41754162
2 33 2.5712209
2 11 1.6620535
2 29 1.5331134
2 20 2.7151115
2 37 1.0943842
2 27 0.52556306
2 16 2000.0
2 23 40.279316
2 25 1.1642776
3 36 0.25699782
3 28 0.06889923
3 24 326.1269
3 12 0.047783233
3 1 0.20908304
3 9 0.85907257
4 31 0.091428906
4 9 0.06501361
4 17 0.10083619
4 19 0.09286956
5 34 1.4191173
5 30 0.53944224
5 20 3.7381735
5 8 0.5875299
5 37 2000.0
5 18 0.528958
5 7 3.9047108
5 27 2.0988848
5 16 1.7835201
5 23 6.489287
5 11 4.2378964
5 29 1.6813803
6 24 2000.0
6 31 0.33398837
6 17 0.677412
7 34 5.285892
7 30 1.2660459
7 20 1.4800621
7 8 39.754498
7 37 15.6574745
7 16 1.0917652
7 11 11.500107
7 23 1.0546634
7 25 2.6733453
7 5 3.9047108
8 0 14.79958
8 30 0.9964438
8 18 1.1800655
8 13 3.6612926
8 11 0.7007225
8 29 1.3109021
8 5 0.5875299
8 34 2.3955739
8 2 1.3442279
8 37 1.9420063
8 7 39.754498
8 27 3.277341
8 16 1.5388829
8 23 1.0437177
9 36 2.074666
9 26 2000.0
9 28 2.9517984
9 10 26.276134
9 22 0.40435174
9 31 0.047424242
9 3 0.85907257
9 17 0.036182154
9 4 0.06501361
9 19 0.07648372
10 26 0.03145882
10 28 0.20894842
10 24 0.05090553
10 31 0.04824811
10 12 4.121536
10 9 26.276134
10 17 0.03465909
11 0 77.62078
11 30 0.6161018
11 8 0.7007225
11 18 11.766786
11 13 0.6407044
11 33 1.701341
11 29 0.8309434
11 5 4.2378964
11 34 1.7729877
11 20 1.4115379
11 2 1.6620535
11 37 1.4728606
11 7 11.500107
11 27 0.88861626
11 16 0.8477741
11 25 1.0266782
12 26 1.069233
12 28 4.2666583
12 32 0.19280356
12 10 4.121536
12 24 0.06403288
12 21 0.07016595
12 3 0.047783233
13 30 1.3350585
13 0 0.76630026
13 8 3.6612926
13 18 386.32336
13 33 0.9018685
13 11 0.6407044
13 29 0.8740046
13 5 2000.0
13 34 5.877771
13 20 0.58112013
13 2 0.41754162
13 14 3.6419365
13 37 1.9278977
13 27 0.9734878
13 16 192.28969
13 25 0.3040669
14 34 2000.0
14 20 2.3780615
14 13 3.6419365
14 27 4.0462437
14 33 0.3874912
14 11 2000.0
14 25 4.1252685
15 32 0.076731145
15 21 230.73701
16 0 2000.0
16 30 1.0800036
16 8 1.5388829
16 18 0.96823436
16 13 192.28969
16 11 0.8477741
16 29 8.028279
16 5 1.7835201
16 20 7.4244447
16 37 36.23337
16 7 1.0917652
16 27 1.2931929
16 23 10.640017
16 25 1.2905477
17 26 1.9389747
17 6 0.677412
17 10 0.03465909
17 24 0.18437093
17 31 1.27154
17 9 0.036182154
17 4 0.10083619
17 19 2.7752128
18 30 0.70785755
18 2 17.389944
18 8 1.1800655
18 37 1.264718
18 7 2000.0
18 13 386.32336
18 27 4.4475374
18 16 0.96823436
18 23 1.1742588
18 11 11.766786
18 29 2.3593097
18 5 0.528958
19 31 0.078001924
19 9 0.07648372
19 17 2.7752128
19 4 0.09286956
20 0 2000.0
20 30 56.496017
20 13 0.58112013
20 33 1.8100266
20 11 1.4115379
20 29 8.405921
20 5 3.7381735
20 34 1.1136777
20 2 2.7151115
20 14 2.3780615
20 37 2.8540988
20 7 1.4800621
20 27 0.3587846
20 16 7.4244447
20 25 0.63040346
21 32 2000.0
21 10 2000.0
21 24 0.19806558
21 35 0.08798829
21 12 0.07016595
21 15 230.73701
22 6 225.11993
22 31 1449.034
22 9 0.40435174
22 19 1377.7842
23 30 0.9312069
23 0 2000.0
23 2 40.279316
23 8 1.0437177
23 37 2.3173025
23 18 1.1742588
23 7 1.0546634
23 16 10.640017
23 11 2000.0
23 29 3.5171657
23 5 6.489287
24 26 0.054873258
24 32 0.10635228
24 10 0.05090553
24 21 0.19806558
24 31 6.1525497
24 12 0.06403288
24 3 326.1269
24 15 2000.0
24 17 0.18437093
25 0 2000.0
25 30 3.4946203
25 13 0.3040669
25 33 0.42926368
25 11 1.0266782
25 29 2.669326
25 34 0.9181211
25 20 0.63040346
25 2 1.1642776
25 14 4.1252685
25 37 100.39561
25 7 2.6733453
25 27 0.7467939
25 16 1.2905477
26 32 17.264027
26 28 0.06674361
26 10 0.03145882
26 24 0.054873258
26 31 0.072113276
26 12 1.069233
26 17 1.9389747
27 0 2000.0
27 30 0.16912222
27 8 3.277341
27 18 4.4475374
27 13 0.9734878
27 33 0.9252822
27 11 0.88861626
27 29 1.2799424
27 5 2.0988848
27 34 0.72179484
27 20 0.3587846
27 2 0.52556306
27 14 4.0462437
27 37 2.0209713
27 7 4054.659
27 16 1.2931929
27 23 2000.0
27 25 0.7467939
28 36 0.033115365
28 26 0.06674361
28 10 0.20894842
28 3 0.06889923
28 12 4.2666583
28 9 2.9517984
29 0 5.639748
29 30 8.620053
29 8 1.3109021
29 18 2.3593097
29 13 0.8740046
29 11 0.8309434
29 5 1.6813803
29 34 11.953071
29 20 8.405921
29 2 1.5331134
29 37 1.5445052
29 7 2000.0
29 27 1.2799424
29 16 8.028279
29 23 3.5171657
29 25 2.669326
30 0 2000.0
30 8 0.9964438
30 18 0.70785755
30 13 1.3350585
30 33 2.7394288
30 11 0.6161018
30 29 8.620053
30 5 0.53944224
30 34 2.023687
30 20 56.496017
30 2 14.401927
30 37 10.059648
30 7 1.2660459
30 27 0.16912222
30 16 1.0800036
30 23 0.9312069
30 25 3.4946203
31 26 0.072113276
31 6 0.33398837
31 10 0.04824811
31 24 6.1525497
31 9 0.047424242
31 17 1.27154
31 4 0.091428906
31 19 0.078001924
32 26 17.264027
32 24 0.10635228
32 12 0.19280356
32 15 0.076731145
33 34 2000.0
33 30 2.7394288
33 20 1.8100266
33 2 2.5712209
33 14 0.3874912
33 7 2000.0
33 13 0.9018685
33 27 0.9252822
33 16 2000.0
33 11 1.701341
33 29 9223.978
33 25 0.42926368
34 30 2.023687
34 20 1.1136777
34 8 2.3955739
34 13 5.877771
34 7 5.285892
34 27 0.72179484
34 16 1215.0568
34 11 1.7729877
34 25 0.9181211
34 29 11.953071
34 5 1.4191173
35 21 0.08798829
36 26 1351.0796
36 28 0.033115365
36 3 0.25699782
36 9 2.074666
37 30 10.059648
37 0 0.67550254
37 8 1.9420063
37 18 1.264718
37 13 1.9278977
37 11 1.4728606
37 29 1.5445052
37 20 2.8540988
37 2 1.0943842
37 7 15.6574745
37 27 2.0209713
37 16 36.23337
37 23 2.3173025
37 25 100.39561
