0 2 0.9029236
0 37 0.98658454
0 13 0.9028315
0 29 26.041668
0 25 15.9561205
1 3 1.0574242
1 12 72.66394
2 30 18.60121
2 0 0.9029236
2 8 1.2034258
2 18 1.7698724
2 13 0.66706413
2 33 2.645926
2 11 1.5094465
2 29 1.1075475
2 20 4.343893
2 37 0.89362323
2 27 0.9537106
2 16 2000.0
2 23 4.690761
2 25 0.5128054
3 36 0.49634486
3 28 6.6778903
3 24 2000.0
3 12 0.059239943
3 1 1.0574242
3 9 0.34662676
4 31 0.067270584
4 9 0.08209311
4 17 0.116458945
4 19 0.06756887
5 30 0.8647839
5 8 0.44620058
5 18 0.84609437
5 13 21.808329
5 11 2.1114292
5 29 1.5962043
5 34 2.4741864
5 20 2.3597891
5 37 12.477672
5 7 6.481402
5 27 1.1441538
5 16 1.599529
5 23 2.3342223
5 25 2000.0
6 31 0.22317436
6 17 2.77847
7 34 2000.0
7 30 1.0274843
7 20 96.27096
7 8 7.5092573
7 37 114.28571
7 16 1.2466055
7 23 1.3176242
7 25 1.781839
7 5 6.481402
8 0 2000.0
8 30 0.25468138
8 18 1.3207299
8 13 1.2599257
8 11 1.0263547
8 29 0.457301
8 5 0.44620058
8 34 38.443897
8 2 1.2034258
8 37 1.0503615
8 7 7.5092573
8 27 1.2453943
8 16 1.6548629
8 23 0.952625
8 25 2000.0
9 36 0.8089781
9 26 2000.0
9 28 1.2538954
9 10 43.636364
9 22 0.05776603
9 31 0.029963551
9 12 2000.0
9 3 0.34662676
9 4 0.08209311
9 17 0.042158786
9 19 0.066902526
10 26 0.030728545
10 28 0.26175547
10 24 0.08094883
10 31 10.793657
10 12 1761.7046
10 9 43.636364
10 17 0.031392045
11 0 2000.0
11 30 0.65471494
11 8 1.0263547
11 18 3.6539133
11 13 0.8792354
11 33 1.803021
11 29 0.71898067
11 5 2.1114292
11 34 2.4027135
11 20 0.90534216
11 2 1.5094465
11 37 1.4210459
11 7 1326.4204
11 27 0.61698234
11 16 1.12456
11 25 0.71804273
12 26 0.27175534
12 32 2.8299546
12 24 0.06857578
12 21 0.113893166
12 3 0.059239943
12 1 72.66394
13 30 22.923971
13 0 0.9028315
13 8 1.2599257
13 33 1.0881377
13 11 0.8792354
13 29 0.80594176
13 5 21.808329
13 34 104.94823
13 20 0.7698221
13 2 0.66706413
13 14 6.570517
13 37 1.4577091
13 7 2000.0
13 27 0.19972335
13 16 37.32335
13 25 0.23562793
14 30 6.8932815
14 20 2.3052902
14 13 6.570517
14 27 8.320455
14 33 0.42245334
14 11 2000.0
14 25 1.9988999
15 32 0.06818181
15 21 17.46458
16 30 1.121695
16 0 2000.0
16 8 1.6548629
16 18 1.1016756
16 13 37.32335
16 11 1.12456
16 5 1.599529
16 34 34.82292
16 20 48.41553
16 7 1.2466055
16 27 1.5161641
16 23 2.402766
16 25 0.82765305
17 6 2.77847
17 26 1.5044588
17 10 0.031392045
17 24 0.12203042
17 31 0.97384065
17 9 0.042158786
17 4 0.116458945
17 19 111.68343
18 0 2000.0
18 30 0.62791514
18 8 1.3207299
18 2 1.7698724
18 37 2.003966
18 13 2180.341
18 27 17.113308
18 16 1.1016756
18 11 3.6539133
18 23 1.501267
18 29 1.1674716
18 5 0.84609437
19 31 0.0701649
19 9 0.066902526
19 17 111.68343
19 4 0.06756887
20 30 1.0048369
20 13 0.7698221
20 33 0.9643716
20 11 0.90534216
20 29 17.319012
20 5 2.3597891
20 34 0.96203154
20 2 4.343893
20 14 2.3052902
20 37 2.1609445
20 7 96.27096
20 27 0.91656053
20 16 48.41553
20 25 0.57204384
21 26 2000.0
21 32 2000.0
21 24 1.4861331
21 35 0.03128726
21 31 2000.0
21 12 0.113893166
21 15 17.46458
22 31 69.55569
22 9 0.05776603
22 19 2000.0
23 0 2000.0
23 30 2.349394
23 8 0.952625
23 2 4.690761
23 37 2.1637464
23 18 1.501267
23 7 1.3176242
23 16 2.402766
23 11 2000.0
23 29 1.1490703
23 5 2.3342223
24 26 0.04639814
24 32 0.2923462
24 10 0.08094883
24 21 1.4861331
24 12 0.06857578
24 15 2000.0
24 17 0.12203042
25 30 15.476177
25 0 15.9561205
25 13 0.23562793
25 33 0.5491507
25 11 0.71804273
25 29 1.7336686
25 34 1.748454
25 20 0.57204384
25 2 0.5128054
25 14 1.9988999
25 37 23.098791
25 7 1.781839
25 27 0.21657974
25 16 0.82765305
26 32 30.7493
26 28 0.061636787
26 10 0.030728545
26 24 0.04639814
26 31 0.086005434
26 12 0.27175534
26 17 1.5044588
27 30 0.18223102
27 0 2000.0
27 8 1.2453943
27 18 17.113308
27 13 0.19972335
27 33 0.8447928
27 11 0.61698234
27 29 0.7002169
27 5 1.1441538
27 34 0.8596571
27 20 0.91656053
27 2 0.9537106
27 14 8.320455
27 37 0.99524885
27 7 3979.1477
27 16 1.5161641
27 25 0.21657974
28 36 0.034081895
28 26 0.061636787
28 10 0.26175547
28 3 6.6778903
28 12 1188.9205
28 9 1.2538954
28 19 1360.7386
29 0 26.041668
29 30 0.9992041
29 8 0.457301
29 18 1.1674716
29 13 0.80594176
29 33 32.05752
29 11 0.71898067
29 5 1.5962043
29 34 2.654439
29 20 17.319012
29 2 1.1075475
29 37 0.7590807
29 7 2000.0
29 27 0.7002169
29 16 2000.0
29 23 1.1490703
29 25 1.7336686
30 8 0.25468138
30 18 0.62791514
30 13 22.923971
30 33 9.974501
30 11 0.65471494
30 29 0.9992041
30 5 0.8647839
30 34 0.8268199
30 20 1.0048369
30 2 18.60121
30 14 6.8932815
30 37 6.6803765
30 7 1.0274843
30 27 0.18223102
30 16 1.121695
30 23 2.349394
30 25 15.476177
31 26 0.086005434
31 6 0.22317436
31 10 10.793657
31 22 69.55569
31 9 0.029963551
31 4 0.067270584
31 17 0.97384065
31 19 0.0701649
32 26 30.7493
32 24 0.2923462
32 12 2.8299546
32 15 0.06818181
33 30 9.974501
33 8 2000.0
33 13 1.0881377
33 11 1.803021
33 29 32.05752
33 5 2000.0
33 34 2000.0
33 20 0.9643716
33 2 2.645926
33 14 0.42245334
33 7 2000.0
33 27 0.8447928
33 16 3017.898
33 25 0.5491507
34 30 0.8268199
34 20 0.96203154
34 8 38.443897
34 37 2000.0
34 13 104.94823
34 7 2000.0
34 27 0.8596571
34 16 34.82292
34 11 2.4027135
34 29 2.654439
34 25 1.748454
34 5 2.4741864
35 21 0.03128726
35 31 1205.5682
36 28 0.034081895
36 3 0.49634486
36 9 0.8089781
37 30 6.6803765
37 0 0.98658454
37 8 1.0503615
37 18 2.003966
37 13 1.4577091
37 11 1.4210459
37 29 0.7590807
37 5 12.477672
37 20 2.1609445
37 2 0.89362323
37 7 114.28571
37 27 0.99524885
37 16 2000.0
37 23 2.1637464
37 25 23.098791
