0 2 0.7747589
0 37 2.4653182
0 13 0.8235293
0 29 45.67212
0 25 21.318016
1 3 1.6784091
1 12 9.470357
2 30 14.484402
2 0 0.7747589
2 8 1.904535
2 18 2.6552744
2 13 0.47100756
2 33 1.7257336
2 11 1.2245114
2 29 1.0456473
2 20 3.088678
2 37 1.0879984
2 27 0.70536053
2 16 2000.0
2 23 11.014297
2 25 0.49194783
3 36 0.8166084
3 28 23.666668
3 24 2000.0
3 12 0.051351666
3 1 1.6784091
3 9 1.0871947
4 31 0.06723057
4 9 0.065341964
4 17 0.12172112
4 19 0.06819929
5 30 0.8526591
5 8 0.84142786
5 18 0.914868
5 13 49.278168
5 11 7.348676
5 29 8.725634
5 34 2.4993637
5 20 1.468154
5 37 14.213856
5 7 19.715677
5 27 2.8838127
5 16 1.289015
5 23 3.2251544
6 31 0.18411978
6 17 4.1332235
7 30 0.7771886
7 20 56.38558
7 8 6.80763
7 37 1978.5035
7 16 1.18539
7 23 1.4582086
7 25 2.7459774
7 5 19.715677
8 0 2000.0
8 30 0.4674704
8 18 1.7595673
8 13 1.2762753
8 11 0.79754275
8 29 0.5032788
8 5 0.84142786
8 34 27.70559
8 2 1.904535
8 37 2.208268
8 7 6.80763
8 27 1.3923649
8 16 1.6955844
8 23 0.9677632
8 25 2000.0
9 36 0.39090645
9 26 2000.0
9 28 1.8007067
9 10 22.078207
9 22 0.06111111
9 31 0.02947575
9 3 1.0871947
9 12 2000.0
9 4 0.065341964
9 17 0.030413203
9 19 0.0664786
10 26 0.03077496
10 28 0.45478988
10 24 0.096803345
10 31 7.2893133
10 12 134.60832
10 9 22.078207
10 17 0.038162656
11 0 2000.0
11 30 0.66977084
11 8 0.79754275
11 18 6.8386364
11 13 0.77525204
11 33 3.3174388
11 29 1.2353264
11 5 7.348676
11 34 2.3333743
11 20 0.85803515
11 2 1.2245114
11 37 1.5920972
11 7 1623.466
11 27 0.7746435
11 16 0.89336455
11 25 0.9236647
12 26 3.9810781
12 32 5.054153
12 28 1148.0682
12 10 134.60832
12 24 0.07278386
12 21 0.39004767
12 3 0.051351666
12 1 9.470357
13 30 25.70408
13 0 0.8235293
13 8 1.2762753
13 18 160.13722
13 33 1.3819542
13 11 0.77525204
13 29 0.8137114
13 5 49.278168
13 34 133.33334
13 20 1.0407511
13 2 0.47100756
13 14 2.8049884
13 37 1.3987926
13 7 2000.0
13 27 0.47267187
13 16 24.940268
13 25 0.3198205
14 30 10.674522
14 20 2.4519475
14 13 2.8049884
14 27 3.314394
14 33 0.43441957
14 11 2000.0
14 25 2.0200794
15 32 0.07297339
15 21 0.96022725
15 12 2000.0
16 30 1.108907
16 0 2000.0
16 8 1.6955844
16 18 1.3358673
16 13 24.940268
16 11 0.89336455
16 5 1.289015
16 34 26.898758
16 20 15.219811
16 7 1.18539
16 27 1.3594141
16 23 2.0794291
16 25 1.059119
17 6 4.1332235
17 26 1.2445806
17 10 0.038162656
17 24 0.078916684
17 31 0.98859024
17 9 0.030413203
17 4 0.12172112
17 19 153.25055
18 0 2000.0
18 30 0.74736136
18 8 1.7595673
18 13 160.13722
18 11 6.8386364
18 29 2.5718238
18 5 0.914868
18 2 2.6552744
18 37 1.9923422
18 7 2000.0
18 27 26.78228
18 16 1.3358673
18 23 1.4001526
19 31 0.104034126
19 9 0.0664786
19 4 0.06819929
20 0 2000.0
20 30 1.5204895
20 13 1.0407511
20 33 1.0559765
20 11 0.85803515
20 29 10.981378
20 5 1.468154
20 34 1.0466529
20 2 3.088678
20 14 2.4519475
20 37 2.469934
20 7 56.38558
20 27 1.5817379
20 16 15.219811
20 25 0.6284957
21 26 2000.0
21 32 2000.0
21 10 2000.0
21 24 0.8660849
21 35 0.030467287
21 12 0.39004767
21 15 0.96022725
22 31 123.07693
22 9 0.06111111
22 19 2000.0
23 0 2000.0
23 30 1.5820706
23 8 0.9677632
23 2 11.014297
23 37 3.0629177
23 18 1.4001526
23 7 1.4582086
23 16 2.0794291
23 11 2000.0
23 29 1.3683469
23 5 3.2251544
24 26 0.040005386
24 32 0.22182488
24 10 0.096803345
24 21 0.8660849
24 12 0.07278386
24 15 2000.0
24 17 0.078916684
25 30 23.618422
25 0 21.318016
25 13 0.3198205
25 33 0.72167206
25 11 0.9236647
25 29 1.5920671
25 34 2.196972
25 20 0.6284957
25 2 0.49194783
25 14 2.0200794
25 37 43.29792
25 7 2.7459774
25 27 0.25480038
25 16 1.059119
26 32 10.984441
26 28 0.12780248
26 10 0.03077496
26 24 0.040005386
26 31 0.12869877
26 12 3.9810781
26 17 1.2445806
27 30 0.6587865
27 0 2000.0
27 8 1.3923649
27 18 26.78228
27 13 0.47267187
27 33 0.7896936
27 11 0.7746435
27 29 0.6659477
27 5 2.8838127
27 34 1.1049861
27 20 1.5817379
27 2 0.70536053
27 14 3.314394
27 37 1.3829697
27 7 2000.0
27 16 1.3594141
27 25 0.25480038
28 36 0.046187684
28 26 0.12780248
28 10 0.45478988
28 12 1148.0682
28 3 23.666668
28 9 1.8007067
28 19 1357.1592
29 0 45.67212
29 30 0.5435
29 8 0.5032788
29 18 2.5718238
29 13 0.8137114
29 33 9.902194
29 11 1.2353264
29 5 8.725634
29 34 5.824067
29 20 10.981378
29 2 1.0456473
29 37 1.0393977
29 7 2000.0
29 27 0.6659477
29 16 2000.0
29 23 1.3683469
29 25 1.5920671
30 8 0.4674704
30 18 0.74736136
30 13 25.70408
30 33 8.887971
30 11 0.66977084
30 29 0.5435
30 5 0.8526591
30 34 0.9630131
30 20 1.5204895
30 2 14.484402
30 14 10.674522
30 37 12.255291
30 7 0.7771886
30 27 0.6587865
30 16 1.108907
30 23 1.5820706
30 25 23.618422
31 26 0.12869877
31 6 0.18411978
31 10 7.2893133
31 22 123.07693
31 9 0.02947575
31 4 0.06723057
31 17 0.98859024
31 19 0.104034126
32 26 10.984441
32 10 2000.0
32 24 0.22182488
32 21 2000.0
32 12 5.054153
32 15 0.07297339
33 30 8.887971
33 8 2000.0
33 13 1.3819542
33 11 3.3174388
33 29 9.902194
33 34 2000.0
33 20 1.0559765
33 2 1.7257336
33 14 0.43441957
33 7 2000.0
33 27 0.7896936
33 16 3017.898
33 25 0.72167206
34 30 0.9630131
34 20 1.0466529
34 8 27.70559
34 37 2000.0
34 7 2000.0
34 13 133.33334
34 27 1.1049861
34 16 26.898758
34 11 2.3333743
34 29 5.824067
34 25 2.196972
34 5 2.4993637
35 21 0.030467287
35 31 1309.8296
36 28 0.046187684
36 3 0.8166084
36 9 0.39090645
37 30 12.255291
37 0 2.4653182
37 8 2.208268
37 18 1.9923422
37 13 1.3987926
37 11 1.5920972
37 29 1.0393977
37 5 14.213856
37 20 2.469934
37 2 1.0879984
37 7 1978.5035
37 27 1.3829697
37 16 2000.0
37 23 3.0629177
37 25 43.29792
