0 8 6.4919434
0 2 1.0727683
0 37 1.4649645
0 13 1.0920677
0 11 80.0
0 25 2000.0
0 29 15.880256
1 3 0.29130095
1 12 74.78261
2 30 29.011295
2 0 1.0727683
2 8 1.4377952
2 18 10.428875
2 13 0.331082
2 33 2.1324768
2 11 0.9909997
2 29 0.89116156
2 20 6.045725
2 37 1.2283745
2 27 0.9594109
2 16 2000.0
2 23 15.228488
2 25 1.3181494
3 36 0.204009
3 28 0.13546894
3 24 490.00003
3 12 0.061643384
3 1 0.29130095
3 9 0.38723174
4 31 0.0854404
4 9 0.0736833
4 17 0.07766188
4 19 0.11541085
5 30 2.235374
5 8 0.72082055
5 18 0.46251425
5 13 2000.0
5 11 4.108473
5 29 4.144091
5 34 4.452207
5 20 3.7781138
5 37 2000.0
5 7 5.2627964
5 27 2.2004113
5 16 1.8857657
5 23 8.390038
6 22 1148.5796
6 31 0.8865103
6 17 0.99540865
7 34 6.107619
7 30 1.0576755
7 20 2.135
7 8 23.062424
7 37 15.576307
7 27 67.83845
7 16 1.3405782
7 11 7.654087
7 23 1.3752897
7 25 5.757007
7 5 5.2627964
8 0 6.4919434
8 30 0.72042173
8 18 1.219054
8 13 2.3104537
8 11 1.6839048
8 29 0.6173657
8 5 0.72082055
8 34 8.009513
8 2 1.4377952
8 37 1.5014344
8 7 23.062424
8 27 1.9507163
8 16 1.7706978
8 23 1.9237397
9 36 0.55498326
9 26 2000.0
9 28 2.851793
9 10 3.9793386
9 22 0.25275707
9 31 0.03108195
9 3 0.38723174
9 17 0.044594157
9 4 0.0736833
9 19 0.08317062
10 26 0.034821045
10 28 0.37724254
10 24 0.070538774
10 31 0.030809173
10 12 4.1013103
10 9 3.9793386
10 17 0.030346498
11 0 80.0
11 30 0.389916
11 8 1.6839048
11 18 4.383928
11 13 0.603068
11 33 1.9740033
11 29 0.68038327
11 5 4.108473
11 34 2.1843994
11 20 1.0846734
11 2 0.9909997
11 37 1.2871429
11 7 7.654087
11 27 0.37320808
11 16 0.82109386
11 25 0.96240497
12 26 1.150071
12 28 5.192117
12 32 0.32187766
12 10 4.1013103
12 24 0.07665121
12 21 0.10547523
12 3 0.061643384
12 1 74.78261
13 30 1.4692757
13 0 1.0920677
13 8 2.3104537
13 18 2000.0
13 33 1.0104167
13 11 0.603068
13 29 0.9935625
13 34 14.642128
13 20 1.4176253
13 2 0.331082
13 14 2.5513968
13 37 1.6457741
13 27 0.26051283
13 16 140.97366
13 25 0.5382576
14 20 0.90809774
14 13 2.5513968
14 33 0.41343084
14 27 2.406375
14 11 2000.0
14 25 1.9763409
15 32 0.06942374
15 21 0.90000933
16 0 2000.0
16 30 1.160993
16 8 1.7706978
16 18 0.9575501
16 13 140.97366
16 11 0.82109386
16 29 83.22174
16 5 1.8857657
16 20 25.010227
16 37 102.15029
16 7 1.3405782
16 27 1.6064079
16 23 8.221573
16 25 1.5009742
17 26 1.7144614
17 6 0.99540865
17 10 0.030346498
17 24 0.23292196
17 31 1.3339169
17 9 0.044594157
17 4 0.07766188
17 19 2.7003682
18 30 1.3869288
18 2 10.428875
18 8 1.219054
18 37 1.3294191
18 13 2000.0
18 7 2000.0
18 27 3.5806348
18 16 0.9575501
18 23 1.503167
18 11 4.383928
18 29 1.058529
18 5 0.46251425
19 31 0.067203805
19 9 0.08317062
19 17 2.7003682
19 4 0.11541085
20 30 13.737111
20 13 1.4176253
20 33 0.90871257
20 11 1.0846734
20 29 4.422487
20 5 3.7781138
20 34 1.2295942
20 2 6.045725
20 14 0.90809774
20 37 4.704656
20 7 2.135
20 27 0.6181025
20 16 25.010227
20 25 0.50219864
21 32 2000.0
21 10 2000.0
21 24 0.16691825
21 35 0.06550891
21 12 0.10547523
21 15 0.90000933
22 6 1148.5796
22 31 124.57479
22 9 0.25275707
22 19 1289.6592
23 0 2000.0
23 30 1.2052723
23 2 15.228488
23 8 1.9237397
23 37 2.224573
23 18 1.503167
23 7 1.3752897
23 16 8.221573
23 11 2000.0
23 29 5.773516
23 5 8.390038
24 26 0.05735376
24 32 0.08860416
24 10 0.070538774
24 21 0.16691825
24 31 7.704249
24 12 0.07665121
24 3 490.00003
24 15 2000.0
24 17 0.23292196
25 0 2000.0
25 30 2.5942159
25 13 0.5382576
25 33 0.3916781
25 11 0.96240497
25 29 3.041367
25 34 1.4485059
25 20 0.50219864
25 2 1.3181494
25 14 1.9763409
25 37 34.178555
25 7 5.757007
25 27 0.41548517
25 16 1.5009742
26 36 54.545452
26 32 1130.341
26 28 0.033319335
26 10 0.034821045
26 24 0.05735376
26 31 0.052215908
26 12 1.150071
26 17 1.7144614
27 0 2000.0
27 30 0.6916628
27 8 1.9507163
27 18 3.5806348
27 13 0.26051283
27 33 1.0464513
27 11 0.37320808
27 29 0.7014236
27 5 2.2004113
27 34 0.88178825
27 20 0.6181025
27 2 0.9594109
27 14 2.406375
27 37 2.0048304
27 7 67.83845
27 16 1.6064079
27 25 0.41548517
28 36 0.033313528
28 26 0.033319335
28 10 0.37724254
28 3 0.13546894
28 12 5.192117
28 9 2.851793
29 0 15.880256
29 30 4.305088
29 8 0.6173657
29 18 1.058529
29 13 0.9935625
29 11 0.68038327
29 5 4.144091
29 34 16.03665
29 20 4.422487
29 2 0.89116156
29 37 1.0628036
29 7 2000.0
29 27 0.7014236
29 16 83.22174
29 23 5.773516
29 25 3.041367
30 0 2000.0
30 8 0.72042173
30 18 1.3869288
30 13 1.4692757
30 33 1.9657176
30 11 0.389916
30 29 4.305088
30 5 2.235374
30 34 2.10168
30 20 13.737111
30 2 29.011295
30 14 2000.0
30 37 8.50297
30 7 1.0576755
30 27 0.6916628
30 16 1.160993
30 23 1.2052723
30 25 2.5942159
31 26 0.052215908
31 6 0.8865103
31 10 0.030809173
31 24 7.704249
31 22 124.57479
31 9 0.03108195
31 17 1.3339169
31 4 0.0854404
31 19 0.067203805
32 24 0.08860416
32 12 0.32187766
32 15 0.06942374
33 30 1.9657176
33 8 2000.0
33 13 1.0104167
33 11 1.9740033
33 29 4032.443
33 34 2000.0
33 20 0.90871257
33 2 2.1324768
33 14 0.41343084
33 7 2000.0
33 27 1.0464513
33 16 1622.3296
33 25 0.3916781
34 30 2.10168
34 20 1.2295942
34 8 8.009513
34 7 6.107619
34 13 14.642128
34 27 0.88178825
34 16 5535.0566
34 11 2.1843994
34 25 1.4485059
34 29 16.03665
34 5 4.452207
35 21 0.06550891
36 26 54.545452
36 28 0.033313528
36 3 0.204009
36 9 0.55498326
37 30 8.50297
37 0 1.4649645
37 8 1.5014344
37 18 1.3294191
37 13 1.6457741
37 11 1.2871429
37 29 1.0628036
37 20 4.704656
37 2 1.2283745
37 7 15.576307
37 27 2.0048304
37 16 102.15029
37 23 2.224573
37 25 34.178555
