0 2 0.9293757
0 37 1.5446706
0 13 0.9339756
0 29 30.93209
0 25 22.902983
1 3 1.5420517
1 12 17.251625
2 30 19.683123
2 0 0.9293757
2 8 1.231563
2 18 2.4947047
2 13 0.8224948
2 33 2.6477888
2 11 2.148614
2 29 1.1680661
2 20 3.2293282
2 37 1.2773566
2 27 1.6290524
2 16 2000.0
2 23 6.314207
2 25 0.48118794
3 36 0.27031597
3 28 17.684616
3 24 200.0
3 12 0.10314755
3 1 1.5420517
3 9 1.1112181
4 31 0.08074614
4 9 0.0674212
4 17 0.1720971
4 19 0.0664537
5 30 0.86861145
5 8 0.9977229
5 18 0.875921
5 13 36.817852
5 11 4.165924
5 29 5.057232
5 34 3.4112647
5 20 1.548279
5 37 16.143118
5 7 15.716794
5 27 2.1876323
5 16 1.3575666
5 23 3.4789648
6 31 0.2046897
6 17 1.8360043
7 34 2000.0
7 30 0.82995313
7 20 211.57538
7 8 6.054313
7 16 1.3471783
7 23 1.095969
7 25 4.3781977
7 29 2000.0
7 5 15.716794
8 0 2000.0
8 30 0.5631276
8 18 1.5343463
8 13 1.4405665
8 11 0.9037479
8 29 0.32560608
8 5 0.9977229
8 34 55.202866
8 2 1.231563
8 37 0.8950317
8 7 6.054313
8 27 2.1353006
8 16 1.3752021
8 23 1.0011129
8 25 2000.0
9 36 0.30308706
9 26 2000.0
9 28 1.3945905
9 10 33.333336
9 22 0.08362948
9 31 0.031995155
9 12 2000.0
9 3 1.1112181
9 4 0.0674212
9 17 0.038769923
9 19 0.06742464
10 26 0.029421663
10 28 0.40611002
10 24 0.1668305
10 31 14.809038
10 12 1669.9432
10 9 33.333336
10 17 0.034887984
11 0 2000.0
11 30 1.0132265
11 8 0.9037479
11 18 12.225215
11 13 0.99089575
11 33 2.3410485
11 29 1.0564655
11 5 4.165924
11 34 2.3327491
11 20 1.8598157
11 2 2.148614
11 37 2.009197
11 7 1348.0114
11 27 0.6962152
11 16 0.96238804
11 25 1.18261
12 26 0.9066286
12 32 6.744717
12 24 0.06479541
12 21 0.38717455
12 3 0.10314755
12 1 17.251625
13 30 71.50317
13 0 0.9339756
13 8 1.4405665
13 18 498.2523
13 33 1.6446835
13 11 0.99089575
13 29 0.84120375
13 5 36.817852
13 34 164.17519
13 20 0.98211724
13 2 0.8224948
13 14 9.950152
13 37 0.9698367
13 7 2000.0
13 27 0.474055
13 16 41.198746
13 25 0.2722248
14 30 11.584459
14 20 3.9245932
14 13 9.950152
14 27 4.419682
14 33 0.78559834
14 25 1.3619561
15 32 0.06863424
15 21 7.755551
16 0 2000.0
16 30 1.1419643
16 8 1.3752021
16 18 1.02905
16 13 41.198746
16 11 0.96238804
16 29 600.0
16 5 1.3575666
16 34 34.81367
16 20 50.311615
16 7 1.3471783
16 27 1.6154845
16 23 3.5433238
16 25 0.70964676
17 6 1.8360043
17 26 2.4454865
17 10 0.034887984
17 24 0.20050482
17 31 1.0170455
17 9 0.038769923
17 4 0.1720971
17 19 40.871105
18 0 2000.0
18 30 0.8190814
18 8 1.5343463
18 13 498.2523
18 11 12.225215
18 29 1.3022543
18 5 0.875921
18 2 2.4947047
18 37 2.189094
18 7 2000.0
18 27 28.675503
18 16 1.02905
18 23 1.3925611
19 31 0.09691843
19 9 0.06742464
19 17 40.871105
19 4 0.0664537
20 30 1.5841492
20 13 0.98211724
20 33 1.4049629
20 11 1.8598157
20 29 10.701876
20 5 1.548279
20 34 2.4334214
20 2 3.2293282
20 14 3.9245932
20 37 3.512337
20 7 211.57538
20 27 0.99931604
20 16 50.311615
20 25 0.72496146
21 26 2000.0
21 32 2000.0
21 24 1.1373188
21 35 0.036308065
21 12 0.38717455
21 15 7.755551
22 31 342.85715
22 9 0.08362948
22 19 2000.0
23 0 2000.0
23 30 1.6133668
23 8 1.0011129
23 2 6.314207
23 37 2.340979
23 18 1.3925611
23 7 1.095969
23 16 3.5433238
23 11 2000.0
23 29 1.0470634
23 5 3.4789648
24 26 0.050816607
24 32 0.5778837
24 10 0.1668305
24 21 1.1373188
24 12 0.06479541
24 3 200.0
24 15 1745.284
24 17 0.20050482
25 30 11.917923
25 0 22.902983
25 13 0.2722248
25 33 0.5928026
25 11 1.18261
25 29 1.2632985
25 34 3.7047684
25 20 0.72496146
25 2 0.48118794
25 14 1.3619561
25 37 46.801388
25 7 4.3781977
25 27 0.25455952
25 16 0.70964676
26 32 17.194328
26 28 0.054861113
26 10 0.029421663
26 24 0.050816607
26 31 0.16209573
26 12 0.9066286
26 17 2.4454865
27 30 0.1872893
27 0 2000.0
27 8 2.1353006
27 18 28.675503
27 13 0.474055
27 33 0.6634442
27 11 0.6962152
27 29 0.6640619
27 5 2.1876323
27 34 1.1660676
27 20 0.99931604
27 2 1.6290524
27 14 4.419682
27 37 1.1352165
27 7 4729.829
27 16 1.6154845
27 25 0.25455952
28 36 0.054518856
28 26 0.054861113
28 10 0.40611002
28 3 17.684616
28 12 1414.0342
28 9 1.3945905
28 19 1374.5454
29 0 30.93209
29 30 1.2775856
29 8 0.32560608
29 18 1.3022543
29 13 0.84120375
29 33 8.972783
29 11 1.0564655
29 5 5.057232
29 34 1.6422832
29 20 10.701876
29 2 1.1680661
29 37 0.7945013
29 7 2000.0
29 27 0.6640619
29 16 600.0
29 23 1.0470634
29 25 1.2632985
30 8 0.5631276
30 18 0.8190814
30 13 71.50317
30 33 8.408295
30 11 1.0132265
30 29 1.2775856
30 5 0.86861145
30 34 0.817817
30 20 1.5841492
30 2 19.683123
30 14 11.584459
30 37 19.169483
30 7 0.82995313
30 27 0.1872893
30 16 1.1419643
30 23 1.6133668
30 25 11.917923
31 26 0.16209573
31 6 0.2046897
31 10 14.809038
31 22 342.85715
31 9 0.031995155
31 4 0.08074614
31 17 1.0170455
31 19 0.09691843
32 26 17.194328
32 24 0.5778837
32 21 2000.0
32 12 6.744717
32 15 0.06863424
33 30 8.408295
33 13 1.6446835
33 11 2.3410485
33 29 8.972783
33 5 2000.0
33 34 2000.0
33 20 1.4049629
33 2 2.6477888
33 14 0.78559834
33 7 2000.0
33 27 0.6634442
33 16 1971.0227
33 25 0.5928026
34 30 0.817817
34 20 2.4334214
34 8 55.202866
34 37 2000.0
34 13 164.17519
34 7 2000.0
34 27 1.1660676
34 16 34.81367
34 11 2.3327491
34 29 1.6422832
34 25 3.7047684
34 5 3.4112647
35 21 0.036308065
35 31 1099.659
36 28 0.054518856
36 3 0.27031597
36 9 0.30308706
37 30 19.169483
37 0 1.5446706
37 8 0.8950317
37 18 2.189094
37 13 0.9698367
37 11 2.009197
37 29 0.7945013
37 5 16.143118
37 20 3.512337
37 2 1.2773566
37 7 3731.7046
37 27 1.1352165
37 16 2000.0
37 23 2.340979
37 25 46.801388
