0 8 13.343297
0 2 0.72062117
0 37 0.7864513
0 13 0.90226537
0 11 48.250233
0 29 9.50672
1 3 0.21645896
1 12 1222.4432
2 30 11.643283
2 0 0.72062117
2 8 1.0120913
2 18 16.358171
2 13 0.5843818
2 33 2.2129045
2 11 0.9650469
2 29 0.5596885
2 20 5.4369693
2 37 0.7450685
2 27 0.6927707
2 16 2000.0
2 23 22.188358
2 25 0.93994176
3 36 0.25981933
3 28 0.13997933
3 24 266.6667
3 12 0.069473
3 1 0.21645896
3 9 0.30925024
4 31 0.09218499
4 9 0.07291973
4 17 0.07893738
4 19 0.09870529
5 30 1.0405694
5 8 0.6463689
5 18 0.5317852
5 13 1257.9886
5 11 2.950971
5 29 1.848558
5 34 7.4963813
5 20 3.0676742
5 37 2000.0
5 7 5.504029
5 27 3.7776525
5 16 1.8938458
5 23 2.269496
6 22 229.73729
6 31 0.3184815
6 17 0.39803943
7 34 9.859559
7 30 0.96007365
7 20 1.6851596
7 8 39.121063
7 37 10.7698965
7 27 160.0
7 16 1.0098819
7 11 7.5195765
7 23 0.9435189
7 25 14.831023
7 5 5.504029
8 0 13.343297
8 30 0.5527927
8 18 0.74580276
8 13 3.2004695
8 11 1.7357773
8 29 0.7468889
8 5 0.6463689
8 34 3.1960425
8 2 1.0120913
8 37 1.067997
8 7 39.121063
8 27 1.1314483
8 16 1.5935323
8 23 0.836593
9 36 1.8119597
9 26 2000.0
9 28 0.84982336
9 10 7.282921
9 22 0.3918126
9 31 0.029884532
9 3 0.30925024
9 12 2000.0
9 17 0.13574964
9 4 0.07291973
9 19 0.0741342
10 26 0.027408438
10 28 0.24436456
10 24 0.06668913
10 31 0.03554802
10 12 9.322866
10 9 7.282921
10 17 0.030341092
11 0 48.250233
11 30 0.41984406
11 8 1.7357773
11 18 4.5832343
11 13 0.75799674
11 33 2.6585312
11 29 0.6111287
11 5 2.950971
11 34 2.3280902
11 20 0.5624563
11 2 0.9650469
11 37 1.4011486
11 7 7.5195765
11 27 0.39096346
11 16 0.6497991
11 25 0.9639461
12 26 2.0066442
12 28 1.1338843
12 32 0.22361681
12 10 9.322866
12 24 0.070195176
12 21 0.11143455
12 3 0.069473
13 0 0.90226537
13 30 1.9405967
13 8 3.2004695
13 18 775.9773
13 33 1.091295
13 11 0.75799674
13 29 1.1599282
13 5 1257.9886
13 34 6.2347655
13 20 0.5370034
13 2 0.5843818
13 14 7.3435473
13 37 1.6692376
13 27 0.77810544
13 16 50.412594
13 25 0.6793712
14 20 1.6666411
14 13 7.3435473
14 27 3.4606645
14 33 0.49200055
14 11 2000.0
14 25 1.8248934
15 32 0.076638125
15 21 3.5155363
16 30 1.180343
16 0 2000.0
16 8 1.5935323
16 18 0.8967652
16 13 50.412594
16 11 0.6497991
16 29 15.498449
16 5 1.8938458
16 20 4.8268547
16 37 14.214844
16 7 1.0098819
16 27 1.4810714
16 23 4.410881
16 25 1.1441202
17 26 1.7682565
17 6 0.39803943
17 10 0.030341092
17 24 0.21783873
17 31 1.3176401
17 9 0.13574964
17 4 0.07893738
17 19 6.49569
18 30 0.6970831
18 2 16.358171
18 8 0.74580276
18 37 1.1991513
18 7 2000.0
18 13 775.9773
18 27 2.470686
18 16 0.8967652
18 23 1.1567146
18 11 4.5832343
18 29 0.99058175
18 5 0.5317852
19 31 0.084375
19 9 0.0741342
19 17 6.49569
19 4 0.09870529
20 30 18.90744
20 13 0.5370034
20 33 1.4772056
20 11 0.5624563
20 29 6.807168
20 5 3.0676742
20 34 0.8089866
20 2 5.4369693
20 14 1.6666411
20 37 2.1298237
20 7 1.6851596
20 27 0.9633288
20 16 4.8268547
20 25 0.35373622
21 26 2000.0
21 32 2000.0
21 10 2000.0
21 24 0.6021492
21 35 0.03825248
21 12 0.11143455
21 15 3.5155363
22 6 229.73729
22 31 1205.2842
22 9 0.3918126
22 19 1288.409
23 0 2000.0
23 30 0.98303807
23 2 22.188358
23 8 0.836593
23 37 1.9283502
23 18 1.1567146
23 7 0.9435189
23 16 4.410881
23 11 2000.0
23 29 1.7074268
23 5 2.269496
24 26 0.050344545
24 32 0.095498264
24 10 0.06668913
24 21 0.6021492
24 31 2.3936312
24 12 0.070195176
24 3 266.6667
24 15 2000.0
24 17 0.21783873
25 30 5.338984
25 13 0.6793712
25 33 0.3171772
25 11 0.9639461
25 29 6.4366074
25 34 1.2937261
25 20 0.35373622
25 2 0.93994176
25 14 1.8248934
25 37 38.918262
25 7 14.831023
25 27 0.6993342
25 16 1.1441202
26 36 1701.0227
26 32 21.842287
26 28 0.048528314
26 10 0.027408438
26 24 0.050344545
26 31 0.062954545
26 12 2.0066442
26 17 1.7682565
27 0 2000.0
27 30 0.2013323
27 8 1.1314483
27 18 2.470686
27 13 0.77810544
27 33 0.8521829
27 11 0.39096346
27 29 0.7968276
27 5 3.7776525
27 34 0.6058122
27 20 0.9633288
27 2 0.6927707
27 14 3.4606645
27 37 1.1133105
27 7 160.0
27 16 1.4810714
27 25 0.6993342
28 36 0.03561848
28 26 0.048528314
28 10 0.24436456
28 3 0.13997933
28 12 1.1338843
28 9 0.84982336
29 0 9.50672
29 30 2.389023
29 8 0.7468889
29 18 0.99058175
29 13 1.1599282
29 11 0.6111287
29 5 1.848558
29 34 8.271947
29 20 6.807168
29 2 0.5596885
29 37 0.9848186
29 27 0.7968276
29 16 15.498449
29 23 1.7074268
29 25 6.4366074
30 0 2000.0
30 8 0.5527927
30 18 0.6970831
30 13 1.9405967
30 33 3.3849149
30 11 0.41984406
30 29 2.389023
30 5 1.0405694
30 34 0.84545743
30 20 18.90744
30 2 11.643283
30 37 3.7125125
30 7 0.96007365
30 27 0.2013323
30 16 1.180343
30 23 0.98303807
30 25 5.338984
31 26 0.062954545
31 6 0.3184815
31 10 0.03554802
31 24 2.3936312
31 9 0.029884532
31 17 1.3176401
31 4 0.09218499
31 19 0.084375
32 26 21.842287
32 24 0.095498264
32 12 0.22361681
32 15 0.076638125
33 34 2000.0
33 30 3.3849149
33 20 1.4772056
33 2 2.2129045
33 14 0.49200055
33 7 2000.0
33 13 1.091295
33 27 0.8521829
33 16 2270.3408
33 11 2.6585312
33 29 111.12155
33 25 0.3171772
34 30 0.84545743
34 20 0.8089866
34 8 3.1960425
34 13 6.2347655
34 7 9.859559
34 27 0.6058122
34 16 1215.0568
34 11 2.3280902
34 25 1.2937261
34 29 8.271947
34 5 7.4963813
35 21 0.03825248
36 26 1701.0227
36 28 0.03561848
36 3 0.25981933
36 9 1.8119597
37 30 3.7125125
37 0 0.7864513
37 8 1.067997
37 18 1.1991513
37 13 1.6692376
37 11 1.4011486
37 29 0.9848186
37 20 2.1298237
37 2 0.7450685
37 7 10.7698965
37 27 1.1133105
37 16 14.214844
37 23 1.9283502
37 25 38.918262
