0 8 6.467322
0 2 1.4762535
0 37 0.7604829
0 13 0.9386141
0 11 85.17401
0 29 13.059531
1 3 0.22090909
1 12 1202.159
2 30 9.397263
2 0 1.4762535
2 8 1.175115
2 18 9.899683
2 13 0.2561235
2 33 2.8695655
2 11 1.1961868
2 29 0.7158566
2 20 2.1821928
2 37 0.8625733
2 27 0.5126365
2 23 35.15867
2 25 1.9821709
3 36 0.3032197
3 28 0.21829739
3 24 266.6667
3 12 0.05001863
3 1 0.22090909
3 9 0.47144765
4 31 0.088877946
4 9 0.06854829
4 17 0.10498273
4 19 0.1005778
5 30 0.6407324
5 8 0.9279683
5 18 0.38118747
5 13 202.01707
5 11 2.7204244
5 29 1.9708014
5 34 2.3553982
5 20 2.2745528
5 37 2000.0
5 7 2.4539533
5 27 1.4138795
5 16 2.3920243
5 23 4.3440223
6 31 0.66117215
6 17 1.0258117
7 34 10.526401
7 30 0.7399865
7 20 1.7858851
7 8 133.33334
7 37 20.840984
7 27 88.888885
7 16 1.4988129
7 11 7.1528735
7 23 1.1170373
7 25 5.627531
7 5 2.4539533
8 0 6.467322
8 30 2.0928485
8 18 0.794496
8 13 3.799637
8 11 3.317059
8 29 0.91258675
8 5 0.9279683
8 34 4.624959
8 2 1.175115
8 37 1.2273552
8 7 133.33334
8 27 1.6267148
8 16 1.5294182
8 23 1.2108171
9 36 1.0043142
9 26 2000.0
9 28 2.8718493
9 10 9.387561
9 22 0.6795824
9 31 0.034594942
9 3 0.47144765
9 17 0.034257393
9 4 0.06854829
9 19 0.08281837
10 26 0.034416918
10 28 0.6584686
10 24 0.20161292
10 31 0.036761362
10 12 11.843655
10 9 9.387561
10 17 0.029710414
11 0 85.17401
11 30 0.46235552
11 8 3.317059
11 18 7.287467
11 13 0.83316475
11 33 2.1506248
11 29 1.15755
11 5 2.7204244
11 34 2.7798007
11 20 2.1271644
11 2 1.1961868
11 37 1.1858692
11 7 7.1528735
11 27 0.74190086
11 16 0.8462835
11 25 1.2021672
12 26 1.6401687
12 28 6.1550574
12 32 0.34467348
12 10 11.843655
12 24 0.08099078
12 21 0.100062035
12 3 0.05001863
13 30 0.76345134
13 0 0.9386141
13 8 3.799637
13 18 195.35481
13 33 0.72547466
13 11 0.83316475
13 29 0.7419775
13 5 202.01707
13 34 8.469508
13 20 0.76191974
13 2 0.2561235
13 14 3.3497474
13 37 1.599749
13 27 0.19812822
13 16 141.32466
13 25 0.64323574
14 20 4.4498687
14 13 3.3497474
14 27 4.466884
14 33 0.3871423
14 11 2000.0
14 25 1.9395405
15 32 0.089705914
15 21 1.4176528
16 0 2000.0
16 30 1.0658321
16 8 1.5294182
16 18 0.8102163
16 13 141.32466
16 11 0.8462835
16 29 10.635038
16 5 2.3920243
16 20 7.534981
16 37 40.666077
16 7 1.4988129
16 27 1.4256427
16 23 3.7740755
16 25 1.5512916
17 26 1.8229289
17 6 1.0258117
17 10 0.029710414
17 24 0.09564629
17 31 1.4171908
17 9 0.034257393
17 4 0.10498273
17 19 5.7233477
18 30 0.626274
18 2 9.899683
18 8 0.794496
18 37 1.1762823
18 7 2000.0
18 13 195.35481
18 27 3.1461356
18 16 0.8102163
18 23 1.3265479
18 11 7.287467
18 29 1.3672774
18 5 0.38118747
19 31 0.0844076
19 9 0.08281837
19 17 5.7233477
19 4 0.1005778
20 30 63.38464
20 13 0.76191974
20 33 1.6815598
20 11 2.1271644
20 29 4.025593
20 5 2.2745528
20 34 0.80193484
20 2 2.1821928
20 14 4.4498687
20 37 4.0439024
20 7 1.7858851
20 27 0.8596503
20 16 7.534981
20 25 0.8229845
21 26 2000.0
21 32 2000.0
21 24 0.22754069
21 35 0.03204729
21 12 0.100062035
21 15 1.4176528
22 6 1234.4886
22 31 1196.875
22 9 0.6795824
22 19 1462.216
23 0 2000.0
23 30 0.9641718
23 2 35.15867
23 8 1.2108171
23 37 2.1099112
23 18 1.3265479
23 7 1.1170373
23 16 3.7740755
23 11 2000.0
23 29 4.2664075
23 5 4.3440223
24 26 0.03573458
24 32 0.09072736
24 10 0.20161292
24 21 0.22754069
24 31 4.1915307
24 3 266.6667
24 12 0.08099078
24 15 2000.0
24 17 0.09564629
25 30 7.551803
25 13 0.64323574
25 33 0.37806246
25 11 1.2021672
25 29 5.4138517
25 34 0.942756
25 20 0.8229845
25 2 1.9821709
25 14 1.9395405
25 37 184.52078
25 7 5.627531
25 27 0.6281936
25 16 1.5512916
26 36 66.66667
26 32 32.90412
26 28 0.031022727
26 10 0.034416918
26 24 0.03573458
26 31 0.08441834
26 12 1.6401687
26 17 1.8229289
27 0 2000.0
27 30 0.21393873
27 8 1.6267148
27 18 3.1461356
27 13 0.19812822
27 33 1.0601507
27 11 0.74190086
27 29 0.34675187
27 5 1.4138795
27 34 0.8166413
27 20 0.8596503
27 2 0.5126365
27 14 4.466884
27 37 0.8262623
27 7 88.888885
27 16 1.4256427
27 25 0.6281936
28 36 0.042441677
28 26 0.031022727
28 10 0.6584686
28 3 0.21829739
28 12 6.1550574
28 9 2.8718493
29 0 13.059531
29 30 3.6298234
29 8 0.91258675
29 18 1.3672774
29 13 0.7419775
29 11 1.15755
29 5 1.9708014
29 34 10.268434
29 20 4.025593
29 2 0.7158566
29 37 1.8914346
29 7 2000.0
29 27 0.34675187
29 16 10.635038
29 23 4.2664075
29 25 5.4138517
30 0 2000.0
30 8 2.0928485
30 18 0.626274
30 13 0.76345134
30 33 3.7016296
30 11 0.46235552
30 29 3.6298234
30 5 0.6407324
30 34 1.1528054
30 20 63.38464
30 2 9.397263
30 37 15.729247
30 7 0.7399865
30 27 0.21393873
30 16 1.0658321
30 23 0.9641718
30 25 7.551803
31 26 0.08441834
31 6 0.66117215
31 10 0.036761362
31 24 4.1915307
31 9 0.034594942
31 17 1.4171908
31 4 0.088877946
31 19 0.0844076
32 26 32.90412
32 24 0.09072736
32 21 2000.0
32 12 0.34467348
32 15 0.089705914
33 34 2000.0
33 30 3.7016296
33 20 1.6815598
33 2 2.8695655
33 14 0.3871423
33 7 2000.0
33 13 0.72547466
33 27 1.0601507
33 16 2226.3638
33 11 2.1506248
33 29 1349.034
33 25 0.37806246
34 30 1.1528054
34 20 0.80193484
34 8 4.624959
34 13 8.469508
34 7 10.526401
34 27 0.8166413
34 16 1215.0568
34 11 2.7798007
34 25 0.942756
34 29 10.268434
34 5 2.3553982
35 21 0.03204729
36 26 66.66667
36 28 0.042441677
36 3 0.3032197
36 9 1.0043142
37 30 15.729247
37 0 0.7604829
37 8 1.2273552
37 18 1.1762823
37 13 1.599749
37 11 1.1858692
37 29 1.8914346
37 20 4.0439024
37 2 0.8625733
37 7 20.840984
37 27 0.8262623
37 16 40.666077
37 23 2.1099112
37 25 184.52078
