0 8 9.944533
0 2 0.46030557
0 37 1.6492475
0 13 0.40017018
0 29 8.938675
1 3 0.25938419
1 12 70.41533
2 30 10.375254
2 0 0.46030557
2 8 1.6824235
2 18 4.1875105
2 13 0.6662462
2 33 4.166143
2 11 1.9990048
2 29 1.1129118
2 20 4.3322306
2 37 1.313845
2 27 1.1276089
2 16 2000.0
2 23 38.327484
2 25 1.3898723
3 36 0.28147468
3 28 0.11390315
3 24 300.0
3 12 0.058536846
3 1 0.25938419
3 9 0.49882156
4 31 0.076663986
4 9 0.07737107
4 17 0.07768258
4 19 0.107183605
5 30 1.2929527
5 8 0.8926269
5 18 1.287315
5 13 66.54455
5 11 4.152014
5 29 7.837733
5 34 5.563819
5 20 2.233342
5 37 2000.0
5 7 10.051387
5 27 2.522321
5 16 2.135931
5 23 7.3804364
6 31 1.6616735
6 17 2.2426515
7 34 15.519332
7 30 0.94352037
7 20 2.6272235
7 8 20.400164
7 37 24.076372
7 27 69.275764
7 16 1.7723669
7 11 23.039555
7 23 1.5352571
7 25 110.81481
7 5 10.051387
8 0 9.944533
8 30 0.79057
8 18 1.4019846
8 13 5.2072477
8 11 1.1460892
8 29 0.83203256
8 5 0.8926269
8 34 3.794859
8 2 1.6824235
8 37 1.4756277
8 7 20.400164
8 27 1.8368633
8 16 2.596928
8 23 1.623785
9 36 1.2348043
9 26 2000.0
9 28 8.214329
9 10 5.2850566
9 22 0.3631782
9 31 0.03305328
9 3 0.49882156
9 12 2000.0
9 17 0.053179987
9 4 0.07737107
9 19 0.06731649
10 26 0.04609809
10 28 0.9312872
10 24 0.075718924
10 31 0.031003397
10 12 7.5811024
10 9 5.2850566
10 17 0.03004363
11 0 2002.646
11 30 0.36166888
11 8 1.1460892
11 18 8.098006
11 13 0.47793785
11 33 3.73587
11 29 0.73902446
11 5 4.152014
11 34 1.662216
11 20 1.8792803
11 2 1.9990048
11 37 1.7749647
11 7 23.039555
11 27 0.33888516
11 16 1.126535
11 25 1.6326884
12 26 0.5446052
12 28 5.082491
12 32 0.21964751
12 10 7.5811024
12 24 0.093805246
12 21 0.07620837
12 3 0.058536846
12 1 70.41533
13 30 0.60172075
13 0 0.40017018
13 8 5.2072477
13 18 205.59221
13 33 0.8768734
13 11 0.47793785
13 29 0.59124494
13 5 66.54455
13 34 12.96537
13 20 0.46706322
13 2 0.6662462
13 14 1.9390309
13 37 2.4079244
13 27 0.2709071
13 16 75.75758
13 25 0.7286459
14 20 1.7308496
14 13 1.9390309
14 33 0.71727514
14 27 2.9078665
14 11 2000.0
14 25 2.462602
15 32 0.06731701
15 21 15.042795
16 0 2000.0
16 30 1.1402736
16 8 2.596928
16 18 0.5343747
16 13 75.75758
16 11 1.126535
16 29 205.44888
16 5 2.135931
16 20 10.264302
16 37 785.36884
16 7 1.7723669
16 27 1.4805034
16 23 12.88043
16 25 1.4452368
17 26 1.6487868
17 6 2.2426515
17 10 0.03004363
17 24 0.30542672
17 31 1.2288994
17 9 0.053179987
17 4 0.07768258
17 19 4.366833
18 30 0.7380966
18 2 4.1875105
18 8 1.4019846
18 37 1.1991477
18 13 205.59221
18 7 2000.0
18 27 6.524937
18 16 0.5343747
18 23 2.4111085
18 11 8.098006
18 29 0.98425245
18 5 1.287315
19 31 0.068963066
19 9 0.06731649
19 17 4.366833
19 4 0.107183605
20 0 2000.0
20 30 7.7829547
20 13 0.46706322
20 33 2.24762
20 11 1.8792803
20 29 1.7150774
20 5 2.233342
20 34 0.93833834
20 2 4.3322306
20 14 1.7308496
20 37 12.255422
20 7 2.6272235
20 27 0.30720925
20 16 10.264302
20 25 1.244955
21 32 2000.0
21 10 2000.0
21 24 0.06657974
21 35 0.03262068
21 12 0.07620837
21 15 15.042795
22 6 1282.6705
22 31 1121.8182
22 9 0.3631782
22 19 1594.4319
23 0 2000.0
23 30 1.3983105
23 2 38.327484
23 8 1.623785
23 37 3.8212986
23 18 2.4111085
23 7 1.5352571
23 16 12.88043
23 11 2000.0
23 29 8.481827
23 5 7.3804364
24 26 0.08270944
24 32 0.13266805
24 10 0.075718924
24 21 0.06657974
24 31 102.85715
24 3 300.0
24 12 0.093805246
24 15 2000.0
24 17 0.30542672
25 0 2000.0
25 30 1.4968421
25 13 0.7286459
25 33 1.1430496
25 11 1.6326884
25 29 20.476822
25 34 7.276318
25 20 1.244955
25 2 1.3898723
25 14 2.462602
25 37 101.48205
25 7 110.81481
25 27 0.85229266
25 16 1.4452368
26 36 2000.0
26 32 49.894978
26 28 0.043919265
26 10 0.04609809
26 24 0.08270944
26 31 0.09680872
26 12 0.5446052
26 17 1.6487868
27 0 2000.0
27 30 0.190141
27 8 1.8368633
27 18 6.524937
27 13 0.2709071
27 33 1.256605
27 11 0.33888516
27 29 0.4772336
27 5 2.522321
27 34 1.1927812
27 20 0.30720925
27 2 1.1276089
27 14 2.9078665
27 37 2.6375496
27 7 69.275764
27 16 1.4805034
27 25 0.85229266
28 36 0.04455826
28 26 0.043919265
28 10 0.9312872
28 3 0.11390315
28 12 5.082491
28 9 8.214329
29 0 8.938675
29 30 2.980607
29 8 0.83203256
29 18 0.98425245
29 13 0.59124494
29 11 0.73902446
29 5 7.837733
29 34 3.743402
29 20 1.7150774
29 2 1.1129118
29 37 1.034659
29 7 2000.0
29 27 0.4772336
29 16 205.44888
29 23 8.481827
29 25 20.476822
30 0 2000.0
30 8 0.79057
30 18 0.7380966
30 13 0.60172075
30 33 1.4538438
30 11 0.36166888
30 29 2.980607
30 5 1.2929527
30 34 1.8165584
30 20 7.7829547
30 2 10.375254
30 14 2000.0
30 37 3.5400028
30 7 0.94352037
30 27 0.190141
30 16 1.1402736
30 23 1.3983105
30 25 1.4968421
31 26 0.09680872
31 6 1.6616735
31 10 0.031003397
31 24 102.85715
31 9 0.03305328
31 17 1.2288994
31 4 0.076663986
31 19 0.068963066
32 26 49.894978
32 24 0.13266805
32 12 0.21964751
32 15 0.06731701
33 30 1.4538438
33 13 0.8768734
33 11 3.73587
33 29 2382.1023
33 5 2000.0
33 34 2000.0
33 20 2.24762
33 2 4.166143
33 14 0.71727514
33 7 2000.0
33 27 1.256605
33 16 2000.0
33 25 1.1430496
34 30 1.8165584
34 20 0.93833834
34 8 3.794859
34 7 15.519332
34 13 12.96537
34 27 1.1927812
34 16 2536.0227
34 11 1.662216
34 25 7.276318
34 29 3.743402
34 5 5.563819
35 21 0.03262068
36 26 2000.0
36 28 0.04455826
36 3 0.28147468
36 9 1.2348043
37 30 3.5400028
37 0 1.6492475
37 8 1.4756277
37 18 1.1991477
37 13 2.4079244
37 11 1.7749647
37 29 1.034659
37 20 12.255422
37 2 1.313845
37 7 24.076372
37 27 2.6375496
37 16 785.36884
37 23 3.8212986
37 25 101.48205
