0 8 12.440963
0 2 2.2998252
0 37 1.6948677
0 13 0.9776136
0 11 79.80372
0 25 1250.0
0 29 16.882217
1 3 0.61151546
1 12 34.527664
2 30 17.383942
2 0 2.2998252
2 8 1.1596656
2 18 5.742436
2 13 0.2664099
2 33 2.7172945
2 11 0.9135505
2 29 0.74323004
2 20 3.3146658
2 37 1.0112782
2 27 0.48428607
2 23 25.81268
2 25 1.7923805
3 36 0.446514
3 28 0.11340907
3 24 2000.0
3 12 0.06540317
3 1 0.61151546
3 9 0.30071202
4 31 0.077898234
4 9 0.06309854
4 17 0.08979743
4 19 0.09215368
5 30 0.619738
5 8 0.6454365
5 18 0.39166033
5 13 2000.0
5 11 2.7807863
5 29 2.0205045
5 34 2.484833
5 20 6.638315
5 37 2000.0
5 7 7.991064
5 27 4.3961663
5 16 2.1519198
5 23 8.18258
6 22 180.47308
6 31 1.2275585
6 17 1.0838845
7 34 3.7010043
7 30 0.7572443
7 20 1.8307222
7 8 20.635624
7 37 26.17611
7 27 163.63637
7 16 1.2421438
7 11 21.7626
7 23 1.0809848
7 25 4.8408394
7 5 7.991064
8 0 12.440963
8 30 0.6148798
8 18 0.74807507
8 13 2.4758835
8 11 0.5852305
8 29 0.8473152
8 5 0.6454365
8 34 2.631057
8 2 1.1596656
8 37 1.0912918
8 7 20.635624
8 27 1.0811316
8 16 1.362624
8 23 0.8679002
9 36 1.1294383
9 26 2000.0
9 28 1.6985086
9 10 7.2382917
9 22 0.3170641
9 31 0.028361114
9 3 0.30071202
9 17 0.05258942
9 4 0.06309854
9 19 0.06633715
10 26 0.033523317
10 28 0.1842204
10 24 0.06859739
10 31 0.030674605
10 12 11.851007
10 9 7.2382917
10 17 0.029940402
11 0 79.80372
11 30 0.49172083
11 8 0.5852305
11 18 6.3276176
11 13 0.6416204
11 33 2.3604958
11 29 0.57164663
11 5 2.7807863
11 34 1.6684868
11 20 0.9971728
11 2 0.9135505
11 37 1.611286
11 7 21.7626
11 27 0.72837836
11 16 0.9903618
11 25 1.1592078
12 26 2.1083965
12 28 5.1169896
12 32 0.25136763
12 10 11.851007
12 24 0.13967672
12 21 0.07686034
12 3 0.06540317
12 1 34.527664
13 30 1.5899817
13 0 0.9776136
13 8 2.4758835
13 18 863.3333
13 33 1.0154774
13 11 0.6416204
13 29 1.1174079
13 34 10.420858
13 20 0.6569709
13 2 0.2664099
13 14 4.202084
13 37 1.6535864
13 27 0.18675126
13 16 160.0
13 25 0.624954
14 20 2.064535
14 13 4.202084
14 33 0.39630678
14 27 3.433857
14 11 2000.0
14 25 2.7554991
15 32 0.0730742
15 21 1.4126889
16 0 2000.0
16 30 1.3064317
16 8 1.362624
16 18 0.6615087
16 13 160.0
16 11 0.9903618
16 29 63.90574
16 5 2.1519198
16 34 100.0
16 20 12.388193
16 37 26.817354
16 7 1.2421438
16 27 1.6428988
16 23 4.96145
16 25 1.2050056
17 26 2.243211
17 6 1.0838845
17 10 0.029940402
17 24 0.27457508
17 31 1.335995
17 9 0.05258942
17 4 0.08979743
17 19 2.820617
18 30 0.6432293
18 2 5.742436
18 8 0.74807507
18 37 1.1936738
18 7 2000.0
18 13 863.3333
18 27 2.4293296
18 16 0.6615087
18 23 1.1091042
18 11 6.3276176
18 29 1.0538023
18 5 0.39166033
19 31 0.064191796
19 9 0.06633715
19 17 2.820617
19 4 0.09215368
20 30 14.490785
20 13 0.6569709
20 33 1.1312855
20 11 0.9971728
20 29 1.9448639
20 5 6.638315
20 34 0.77180374
20 2 3.3146658
20 14 2.064535
20 37 1.7571023
20 7 1.8307222
20 27 0.6625967
20 16 12.388193
20 25 0.6255188
21 32 2000.0
21 10 2000.0
21 24 0.10180529
21 35 0.039226774
21 12 0.07686034
21 15 1.4126889
22 6 180.47308
22 31 1199.8864
22 9 0.3170641
22 19 1056.0795
23 0 2000.0
23 30 0.8172044
23 2 25.81268
23 8 0.8679002
23 37 2.3307478
23 18 1.1091042
23 7 1.0809848
23 16 4.96145
23 11 2000.0
23 29 2.0364804
23 5 8.18258
24 26 0.07967839
24 32 0.11654018
24 10 0.06859739
24 21 0.10180529
24 31 13.629615
24 12 0.13967672
24 15 2000.0
24 17 0.27457508
25 0 1250.0
25 30 1.0855161
25 13 0.624954
25 33 0.5485779
25 11 1.1592078
25 29 2.2802308
25 34 1.5101628
25 20 0.6255188
25 2 1.7923805
25 14 2.7554991
25 37 34.26573
25 7 4.8408394
25 27 0.6467801
25 16 1.2050056
26 32 22.46867
26 28 0.035712976
26 10 0.033523317
26 24 0.07967839
26 31 0.07318577
26 12 2.1083965
26 17 2.243211
27 0 2000.0
27 30 0.16697332
27 8 1.0811316
27 18 2.4293296
27 13 0.18675126
27 33 1.2293708
27 11 0.72837836
27 29 0.49810302
27 5 4.3961663
27 34 1.550693
27 20 0.6625967
27 2 0.48428607
27 14 3.433857
27 37 1.4150375
27 7 163.63637
27 16 1.6428988
27 25 0.6467801
28 36 0.04146267
28 26 0.035712976
28 10 0.1842204
28 3 0.11340907
28 12 5.1169896
28 9 1.6985086
29 0 16.882217
29 30 3.6715817
29 8 0.8473152
29 18 1.0538023
29 13 1.1174079
29 11 0.57164663
29 5 2.0205045
29 34 4.537905
29 20 1.9448639
29 2 0.74323004
29 37 1.1988161
29 7 2000.0
29 27 0.49810302
29 16 63.90574
29 23 2.0364804
29 25 2.2802308
30 0 2000.0
30 8 0.6148798
30 18 0.6432293
30 13 1.5899817
30 33 2.1399794
30 11 0.49172083
30 29 3.6715817
30 5 0.619738
30 34 1.7517556
30 20 14.490785
30 2 17.383942
30 14 2000.0
30 37 4.87359
30 7 0.7572443
30 27 0.16697332
30 16 1.3064317
30 23 0.8172044
30 25 1.0855161
31 26 0.07318577
31 6 1.2275585
31 10 0.030674605
31 24 13.629615
31 9 0.028361114
31 17 1.335995
31 4 0.077898234
31 19 0.064191796
32 26 22.46867
32 24 0.11654018
32 12 0.25136763
32 15 0.0730742
33 34 2000.0
33 30 2.1399794
33 20 1.1312855
33 2 2.7172945
33 14 0.39630678
33 7 2000.0
33 13 1.0154774
33 27 1.2293708
33 16 2000.0
33 11 2.3604958
33 29 3275.3408
33 25 0.5485779
34 30 1.7517556
34 20 0.77180374
34 8 2.631057
34 7 3.7010043
34 13 10.420858
34 27 1.550693
34 16 100.0
34 11 1.6684868
34 25 1.5101628
34 29 4.537905
34 5 2.484833
35 21 0.039226774
36 26 1178.5227
36 28 0.04146267
36 3 0.446514
36 9 1.1294383
37 30 4.87359
37 0 1.6948677
37 8 1.0912918
37 18 1.1936738
37 13 1.6535864
37 11 1.611286
37 29 1.1988161
37 20 1.7571023
37 2 1.0112782
37 7 26.17611
37 27 1.4150375
37 16 26.817354
37 23 2.3307478
37 25 34.26573
