0 2 0.9281446
0 37 2.510978
0 13 0.96218646
0 25 28.160921
0 29 195.3553
1 3 1.8139678
1 12 36.198402
2 30 20.214773
2 0 0.9281446
2 8 1.0725386
2 18 5.674019
2 13 0.4620995
2 33 1.4207331
2 11 1.1997172
2 29 1.0368644
2 20 2.0693614
2 37 0.8106859
2 27 1.0601432
2 16 2000.0
2 23 8.542929
2 25 0.66037923
3 36 0.6546618
3 28 2.3575284
3 24 2000.0
3 12 0.060366686
3 1 1.8139678
3 9 0.4284116
4 31 0.06522781
4 9 0.102334835
4 17 0.17560765
4 19 0.066221856
5 30 0.7217926
5 8 0.89586425
5 18 0.6936553
5 13 19.498451
5 11 1.4845496
5 29 2.6463046
5 34 4.116683
5 20 1.9055076
5 37 7.3519177
5 7 6.1380315
5 27 1.4346352
5 16 1.1934758
5 23 2.4967697
6 31 0.16729966
6 17 1.8482751
7 34 348.29745
7 30 0.90269077
7 20 109.382576
7 8 5.630797
7 37 34.369125
7 16 1.1497471
7 11 147.36478
7 23 1.4615543
7 25 3.9921527
7 29 800.0
7 5 6.1380315
8 0 2000.0
8 30 0.4306254
8 18 1.3894583
8 13 3.2725039
8 11 0.90282166
8 29 0.37457165
8 5 0.89586425
8 34 41.926746
8 2 1.0725386
8 37 0.81359655
8 7 5.630797
8 27 1.7727273
8 16 1.6342021
8 23 0.8555719
8 25 2000.0
9 36 0.41669548
9 26 2000.0
9 28 0.9125052
9 10 39.089046
9 22 0.05185547
9 31 0.029701093
9 3 0.4284116
9 4 0.102334835
9 17 0.045186687
9 19 0.072762705
10 26 0.029419718
10 28 0.21169354
10 24 0.097311825
10 31 16.601685
10 12 114.59903
10 9 39.089046
10 17 0.033053014
11 0 2000.0
11 30 0.63888466
11 8 0.90282166
11 18 12.286932
11 13 0.78685224
11 33 1.707678
11 29 0.83463025
11 5 1.4845496
11 34 1.9162878
11 20 0.93914413
11 2 1.1997172
11 37 1.3105992
11 7 147.36478
11 27 0.53570294
11 16 1.0205956
11 25 0.76614714
12 26 0.611244
12 32 2.5061536
12 10 114.59903
12 24 0.09199077
12 21 0.16250546
12 3 0.060366686
12 1 36.198402
13 30 116.05515
13 0 0.96218646
13 8 3.2725039
13 18 122.786385
13 33 1.3694063
13 11 0.78685224
13 29 0.89292455
13 5 19.498451
13 34 113.87969
13 20 1.124093
13 2 0.4620995
13 14 8.181569
13 37 1.5947133
13 7 2000.0
13 27 0.32073003
13 16 50.784683
13 25 0.28742623
14 30 5.954055
14 20 3.7504478
14 13 8.181569
14 27 3.97457
14 33 0.6071636
14 11 2000.0
14 25 4.434782
15 32 0.085575566
15 21 3.2586029
15 12 2000.0
16 30 1.0590488
16 0 2000.0
16 8 1.6342021
16 18 1.666633
16 13 50.784683
16 11 1.0205956
16 5 1.1934758
16 34 84.96073
16 20 13.542971
16 7 1.1497471
16 27 1.5026194
16 23 2.4081233
16 25 1.4525409
17 6 1.8482751
17 26 1.6339983
17 10 0.033053014
17 24 0.084800504
17 31 0.97375506
17 9 0.045186687
17 4 0.17560765
17 19 133.33334
18 0 2000.0
18 30 0.6933215
18 8 1.3894583
18 13 122.786385
18 11 12.286932
18 29 1.5696931
18 5 0.6936553
18 2 5.674019
18 37 2.2757173
18 7 2000.0
18 27 21.195131
18 16 1.666633
18 23 1.2105212
19 31 0.082541116
19 9 0.072762705
19 4 0.066221856
19 17 133.33334
20 30 1.4389136
20 13 1.124093
20 33 1.4565685
20 11 0.93914413
20 29 21.260145
20 5 1.9055076
20 34 1.1389215
20 2 2.0693614
20 14 3.7504478
20 37 4.3386197
20 7 109.382576
20 27 1.2023014
20 16 13.542971
20 25 0.43364996
21 32 2000.0
21 24 0.9445278
21 35 0.046958834
21 31 2000.0
21 12 0.16250546
21 15 3.2586029
22 31 145.62175
22 9 0.05185547
22 19 2000.0
23 0 2000.0
23 30 1.4392501
23 8 0.8555719
23 2 8.542929
23 37 1.2472569
23 18 1.2105212
23 7 1.4615543
23 16 2.4081233
23 11 2000.0
23 29 1.2412064
23 5 2.4967697
24 26 0.054611154
24 32 0.24288769
24 10 0.097311825
24 21 0.9445278
24 12 0.09199077
24 15 2000.0
24 17 0.084800504
25 30 32.187393
25 0 28.160921
25 13 0.28742623
25 33 0.76974124
25 11 0.76614714
25 29 2.2432168
25 34 6.261233
25 20 0.43364996
25 2 0.66037923
25 14 4.434782
25 37 54.443653
25 7 3.9921527
25 27 0.24947788
25 16 1.4525409
26 32 97.74043
26 28 0.07587976
26 10 0.029419718
26 24 0.054611154
26 31 0.108031064
26 12 0.611244
26 17 1.6339983
27 30 0.24685577
27 0 2000.0
27 8 1.7727273
27 18 21.195131
27 13 0.32073003
27 33 0.768444
27 11 0.53570294
27 29 0.7454688
27 5 1.4346352
27 34 0.92611873
27 20 1.2023014
27 2 1.0601432
27 14 3.97457
27 37 0.9811222
27 7 2000.0
27 16 1.5026194
27 25 0.24947788
28 36 0.03001916
28 26 0.07587976
28 10 0.21169354
28 3 2.3575284
28 12 1210.4546
28 9 0.9125052
28 19 78.94135
29 0 195.3553
29 30 0.90377
29 8 0.37457165
29 18 1.5696931
29 13 0.89292455
29 33 18.872904
29 11 0.83463025
29 5 2.6463046
29 34 2.458862
29 20 21.260145
29 2 1.0368644
29 37 0.65654397
29 7 800.0
29 27 0.7454688
29 16 2000.0
29 23 1.2412064
29 25 2.2432168
30 8 0.4306254
30 18 0.6933215
30 13 116.05515
30 33 8.409511
30 11 0.63888466
30 29 0.90377
30 5 0.7217926
30 34 0.83234817
30 20 1.4389136
30 2 20.214773
30 14 5.954055
30 37 8.618331
30 7 0.90269077
30 27 0.24685577
30 16 1.0590488
30 23 1.4392501
30 25 32.187393
31 26 0.108031064
31 6 0.16729966
31 10 16.601685
31 35 34.44859
31 22 145.62175
31 9 0.029701093
31 4 0.06522781
31 17 0.97375506
31 19 0.082541116
32 26 97.74043
32 24 0.24288769
32 21 2000.0
32 12 2.5061536
32 15 0.085575566
33 30 8.409511
33 13 1.3694063
33 11 1.707678
33 29 18.872904
33 5 2000.0
33 34 2000.0
33 20 1.4565685
33 2 1.4207331
33 14 0.6071636
33 7 2000.0
33 27 0.768444
33 16 3017.898
33 25 0.76974124
34 30 0.83234817
34 20 1.1389215
34 8 41.926746
34 37 2000.0
34 13 113.87969
34 7 348.29745
34 27 0.92611873
34 16 84.96073
34 11 1.9162878
34 29 2.458862
34 25 6.261233
34 5 4.116683
35 21 0.046958834
35 31 34.44859
36 28 0.03001916
36 3 0.6546618
36 9 0.41669548
37 30 8.618331
37 0 2.510978
37 8 0.81359655
37 18 2.2757173
37 13 1.5947133
37 11 1.3105992
37 29 0.65654397
37 5 7.3519177
37 20 4.3386197
37 2 0.8106859
37 7 34.369125
37 27 0.9811222
37 16 2000.0
37 23 1.2472569
37 25 54.443653
