0 2 1.265669
0 37 3.8178542
0 13 1.0994496
0 25 9.168446
0 29 20.512821
1 3 0.68676686
1 12 34.61025
2 30 22.590881
2 0 1.265669
2 8 1.428383
2 18 2.0969706
2 13 0.7316909
2 33 2.7283342
2 11 2.6101017
2 29 0.96144706
2 5 2000.0
2 20 2.6095076
2 37 0.7710949
2 27 1.4398415
2 16 2000.0
2 23 3.843182
2 25 0.98051304
3 36 0.25913608
3 28 31.137732
3 24 2000.0
3 12 0.052599836
3 1 0.68676686
3 9 0.43675485
4 31 0.08011896
4 9 0.083231844
4 17 0.17308897
4 19 0.0737513
5 30 0.7539301
5 8 0.55242676
5 18 0.49808225
5 13 32.376865
5 11 5.893169
5 29 25.637234
5 34 2.2572238
5 20 2.6675394
5 37 2000.0
5 7 37.07116
5 27 3.1701555
5 16 1.9079831
5 23 2.2956161
5 25 2000.0
6 31 0.29851103
6 17 4.115341
7 34 266.6667
7 30 1.0988605
7 20 133.32335
7 8 5.0365753
7 37 114.28571
7 16 1.1834018
7 23 1.3419222
7 25 2.2646456
7 5 37.07116
8 0 2000.0
8 30 0.51773846
8 18 1.4872056
8 13 1.0812484
8 11 1.5072474
8 29 0.64984053
8 5 0.55242676
8 34 2000.0
8 2 1.428383
8 37 1.3963633
8 7 5.0365753
8 27 2.1002505
8 16 1.7984738
8 23 1.5129098
8 25 2000.0
9 36 0.38626894
9 26 2000.0
9 28 0.9092176
9 10 9.583983
9 22 0.09329798
9 31 0.032267723
9 3 0.43675485
9 12 2000.0
9 4 0.083231844
9 17 0.04085131
9 19 0.074475944
10 26 0.02848764
10 28 0.5086599
10 24 0.07710079
10 31 1.4345113
10 12 1184.9432
10 9 9.583983
10 17 0.04785985
11 0 2000.0
11 30 0.9237261
11 8 1.5072474
11 18 7.357445
11 13 1.415348
11 33 2.7988226
11 29 1.0773786
11 5 5.893169
11 34 2.3701532
11 20 0.9538572
11 2 2.6101017
11 37 2.2565334
11 7 1479.8864
11 27 0.8361621
11 16 0.90595096
11 25 0.8258797
12 26 0.41289967
12 32 3.034188
12 24 0.06967213
12 21 0.16206549
12 3 0.052599836
12 1 34.61025
13 30 49.48019
13 0 1.0994496
13 8 1.0812484
13 18 123.46119
13 33 0.99656534
13 11 1.415348
13 29 1.0251722
13 5 32.376865
13 34 3177.1592
13 20 1.1897228
13 2 0.7316909
13 14 9.087741
13 37 1.4767486
13 7 2000.0
13 27 1.6677525
13 16 93.128784
13 25 0.22728921
14 30 4.3829284
14 20 2.7107246
14 13 9.087741
14 27 3.1351168
14 33 0.47494096
14 11 2000.0
14 25 2.1624887
15 32 0.08884129
15 24 80.0
15 21 24.514206
16 30 1.1021795
16 8 1.7984738
16 18 1.0546374
16 13 93.128784
16 11 0.90595096
16 29 1492.5547
16 5 1.9079831
16 34 61.538464
16 20 89.20797
16 7 1.1834018
16 27 1.8969423
16 23 6.185753
16 25 0.6568925
17 6 4.115341
17 26 1.5381253
17 10 0.04785985
17 24 0.07873008
17 31 1.0002421
17 9 0.04085131
17 4 0.17308897
17 19 269.76135
18 0 2000.0
18 30 0.70842916
18 8 1.4872056
18 13 123.46119
18 11 7.357445
18 29 1.5011679
18 5 0.49808225
18 2 2.0969706
18 37 2.522669
18 7 2000.0
18 27 16.11446
18 16 1.0546374
18 23 1.4915582
19 31 0.09525084
19 9 0.074475944
19 4 0.0737513
20 30 2.595245
20 13 1.1897228
20 33 1.6731838
20 11 0.9538572
20 29 77.5301
20 5 2.6675394
20 34 1.0708586
20 2 2.6095076
20 14 2.7107246
20 37 3.658194
20 7 133.32335
20 27 1.2510372
20 16 89.20797
20 25 0.5488194
21 26 2000.0
21 32 128.0
21 24 0.3540057
21 35 0.032721687
21 12 0.16206549
21 15 24.514206
22 31 19.574785
22 9 0.09329798
22 19 2000.0
23 0 2000.0
23 30 1.7613817
23 8 1.5129098
23 2 3.843182
23 37 4.13817
23 18 1.4915582
23 7 1.3419222
23 16 6.185753
23 11 2000.0
23 29 1.5875694
23 5 2.2956161
24 26 0.035209913
24 32 0.14785568
24 10 0.07710079
24 21 0.3540057
24 12 0.06967213
24 3 2000.0
24 15 80.0
24 17 0.07873008
25 30 25.099537
25 0 9.168446
25 13 0.22728921
25 33 0.8022785
25 11 0.8258797
25 29 2.4067378
25 34 1.4647249
25 20 0.5488194
25 2 0.98051304
25 14 2.1624887
25 37 150.0
25 7 2.2646456
25 27 0.23775901
25 16 0.6568925
26 32 15.130569
26 28 0.046387985
26 10 0.02848764
26 24 0.035209913
26 31 0.18173513
26 12 0.41289967
26 17 1.5381253
27 30 0.16089168
27 0 2000.0
27 8 2.1002505
27 18 16.11446
27 13 1.6677525
27 33 0.7175761
27 11 0.8361621
27 29 1.073685
27 5 3.1701555
27 34 1.1469798
27 20 1.2510372
27 2 1.4398415
27 14 3.1351168
27 37 1.9344778
27 7 2000.0
27 16 1.8969423
27 25 0.23775901
28 36 0.029133216
28 26 0.046387985
28 10 0.5086599
28 3 31.137732
28 12 1387.9546
28 9 0.9092176
28 19 1225.5114
29 0 20.512821
29 30 1.8546767
29 8 0.64984053
29 18 1.5011679
29 13 1.0251722
29 33 7.961201
29 11 1.0773786
29 5 25.637234
29 34 2.4513152
29 20 77.5301
29 2 0.96144706
29 37 0.62004465
29 7 2000.0
29 27 1.073685
29 16 1492.5547
29 23 1.5875694
29 25 2.4067378
30 8 0.51773846
30 18 0.70842916
30 13 49.48019
30 33 5.864703
30 11 0.9237261
30 29 1.8546767
30 5 0.7539301
30 34 0.8416732
30 20 2.595245
30 2 22.590881
30 14 4.3829284
30 37 39.79244
30 7 1.0988605
30 27 0.16089168
30 16 1.1021795
30 23 1.7613817
30 25 25.099537
31 26 0.18173513
31 6 0.29851103
31 10 1.4345113
31 22 19.574785
31 9 0.032267723
31 4 0.08011896
31 17 1.0002421
31 19 0.09525084
32 26 15.130569
32 10 2000.0
32 24 0.14785568
32 21 128.0
32 12 3.034188
32 15 0.08884129
33 34 2000.0
33 30 5.864703
33 20 1.6731838
33 2 2.7283342
33 14 0.47494096
33 13 0.99656534
33 7 2000.0
33 27 0.7175761
33 16 1971.0227
33 11 2.7988226
33 29 7.961201
33 25 0.8022785
34 30 0.8416732
34 20 1.0708586
34 37 2000.0
34 7 266.6667
34 27 1.1469798
34 16 61.538464
34 11 2.3701532
34 29 2.4513152
34 25 1.4647249
34 5 2.2572238
35 21 0.032721687
35 31 1086.4204
36 28 0.029133216
36 3 0.25913608
36 9 0.38626894
37 30 39.79244
37 0 3.8178542
37 8 1.3963633
37 18 2.522669
37 13 1.4767486
37 11 2.2565334
37 29 0.62004465
37 5 2000.0
37 20 3.658194
37 2 0.7710949
37 7 114.28571
37 27 1.9344778
37 16 2000.0
37 23 4.13817
37 25 150.0
