0 8 8.328804
0 2 1.4470977
0 37 0.7771245
0 13 1.2903777
0 11 23.878906
0 29 22.12078
0 25 2000.0
1 3 0.2672654
1 12 17.450697
2 30 14.416189
2 0 1.4470977
2 8 1.4473143
2 18 6.223762
2 13 1.3578894
2 33 7.2133822
2 11 1.5008696
2 29 1.4855993
2 20 8.558784
2 37 1.2410916
2 27 0.912508
2 16 2000.0
2 23 49.894245
2 25 1.1514964
3 36 0.25288963
3 28 0.109204546
3 24 128.0
3 12 0.06053708
3 1 0.2672654
3 9 0.2752736
4 31 0.073743664
4 9 0.065505885
4 17 0.07153024
4 19 0.08435829
5 34 2.6894367
5 30 0.54301554
5 20 2.9440503
5 8 0.41106215
5 37 2000.0
5 18 0.48703602
5 7 17.40565
5 27 6.296104
5 16 1.3976746
5 23 4.7149696
5 11 2.2319908
5 29 2.952412
6 22 1612.4432
6 31 1.510213
6 17 1.5289358
7 34 21.141146
7 30 3.6839414
7 20 2.7231238
7 8 58.87733
7 37 12.899904
7 27 166.77524
7 16 2.1398475
7 11 20.633244
7 23 1.731972
7 25 13.209415
7 5 17.40565
8 0 8.328804
8 30 2.2190754
8 18 2.461798
8 13 4.048768
8 11 1.2011919
8 29 0.37012982
8 5 0.41106215
8 34 7.2596693
8 2 1.4473143
8 37 1.6797382
8 7 58.87733
8 27 1.775284
8 16 1.4703702
8 23 1.645533
9 36 1.8845539
9 26 2000.0
9 28 1.6416194
9 10 2.5865262
9 22 0.61707217
9 31 0.053681575
9 3 0.2752736
9 17 0.043738242
9 4 0.065505885
9 19 0.10441764
10 26 0.03347521
10 28 0.28510767
10 24 0.054665647
10 31 0.054922033
10 12 3.4863827
10 9 2.5865262
10 17 0.029794045
11 0 23.878906
11 30 0.49390376
11 8 1.2011919
11 18 5.841591
11 13 0.52598536
11 33 5.45255
11 29 1.1231213
11 5 2.2319908
11 34 2.5715487
11 20 2.3252506
11 2 1.5008696
11 37 1.8665211
11 7 20.633244
11 27 0.5259226
11 16 1.0778837
11 25 1.1243578
12 26 4.0420156
12 28 3.4140146
12 32 0.24812695
12 10 3.4863827
12 24 0.07822451
12 21 0.10092213
12 3 0.06053708
12 1 17.450697
13 30 10.339739
13 0 1.2903777
13 8 4.048768
13 18 800.0
13 33 1.0602686
13 11 0.52598536
13 29 0.7288813
13 34 18.516384
13 20 0.73632264
13 2 1.3578894
13 14 5.552557
13 37 7.0245357
13 27 1.5610273
13 16 180.00002
13 25 0.7259058
14 20 1.6772177
14 13 5.552557
14 33 0.24419643
14 27 4.6827683
14 11 2000.0
14 25 2.339583
15 32 0.069913395
15 21 4.72258
16 0 2000.0
16 30 1.5729778
16 8 1.4703702
16 18 0.8950783
16 13 180.00002
16 11 1.0778837
16 29 67.460175
16 5 1.3976746
16 20 8.322818
16 37 80.04211
16 7 2.1398475
16 27 1.5729266
16 23 20.108028
16 25 1.9344832
17 26 1.6946496
17 6 1.5289358
17 10 0.029794045
17 24 0.18873893
17 31 1.3214055
17 9 0.043738242
17 4 0.07153024
17 19 2.4210176
18 30 1.176192
18 2 6.223762
18 8 2.461798
18 37 1.9538925
18 7 2000.0
18 13 800.0
18 27 5.9114504
18 16 0.8950783
18 23 1.9837309
18 11 5.841591
18 29 1.17543
18 5 0.48703602
19 31 0.10444603
19 9 0.10441764
19 17 2.4210176
19 4 0.08435829
20 0 2000.0
20 30 46.264217
20 13 0.73632264
20 33 2.7481782
20 11 2.3252506
20 29 2.326965
20 5 2.9440503
20 34 1.1659327
20 2 8.558784
20 14 1.6772177
20 37 2.8037264
20 7 2.7231238
20 27 0.70008075
20 16 8.322818
20 25 0.77256846
21 32 2000.0
21 24 0.07890526
21 35 0.099692665
21 12 0.10092213
21 15 4.72258
22 6 1612.4432
22 31 167.24739
22 9 0.61707217
22 19 1386.4772
23 30 4.0182853
23 0 2000.0
23 2 49.894245
23 8 1.645533
23 37 3.9136689
23 18 1.9837309
23 7 1.731972
23 16 20.108028
23 11 2000.0
23 29 2.968727
23 5 4.7149696
24 26 0.057599433
24 32 0.08589016
24 28 2000.0
24 10 0.054665647
24 21 0.07890526
24 31 22.609194
24 3 128.0
24 12 0.07822451
24 15 2000.0
24 17 0.18873893
25 0 2000.0
25 30 3.2752724
25 13 0.7259058
25 33 0.3588624
25 11 1.1243578
25 29 1.744118
25 34 6.74672
25 20 0.77256846
25 2 1.1514964
25 14 2.339583
25 37 44.502842
25 7 13.209415
25 27 0.9245846
25 16 1.9344832
26 36 2000.0
26 32 18.971178
26 28 0.03030504
26 10 0.03347521
26 24 0.057599433
26 31 0.051387854
26 12 4.0420156
26 17 1.6946496
27 0 2000.0
27 30 0.26659268
27 8 1.775284
27 18 5.9114504
27 13 1.5610273
27 33 1.5544066
27 11 0.5259226
27 29 0.7362052
27 5 6.296104
27 34 1.2584791
27 20 0.70008075
27 2 0.912508
27 14 4.6827683
27 37 3.0326087
27 7 166.77524
27 16 1.5729266
27 25 0.9245846
28 36 0.030906253
28 26 0.03030504
28 10 0.28510767
28 3 0.109204546
28 12 3.4140146
28 9 1.6416194
29 0 22.12078
29 30 0.97654504
29 8 0.37012982
29 18 1.17543
29 13 0.7288813
29 33 28.678797
29 11 1.1231213
29 5 2.952412
29 34 16.652447
29 20 2.326965
29 2 1.4855993
29 37 1.3724362
29 7 2000.0
29 27 0.7362052
29 16 67.460175
29 23 2.968727
29 25 1.744118
30 0 2000.0
30 8 2.2190754
30 18 1.176192
30 13 10.339739
30 33 5.4120674
30 11 0.49390376
30 29 0.97654504
30 5 0.54301554
30 34 6.6410303
30 20 46.264217
30 2 14.416189
30 14 2000.0
30 37 18.896118
30 7 3.6839414
30 27 0.26659268
30 16 1.5729778
30 23 4.0182853
30 25 3.2752724
31 26 0.051387854
31 6 1.510213
31 10 0.054922033
31 24 22.609194
31 22 167.24739
31 9 0.053681575
31 17 1.3214055
31 4 0.073743664
31 19 0.10444603
32 26 18.971178
32 24 0.08589016
32 12 0.24812695
32 15 0.069913395
33 30 5.4120674
33 8 2000.0
33 13 1.0602686
33 11 5.45255
33 29 28.678797
33 5 2000.0
33 34 2000.0
33 20 2.7481782
33 2 7.2133822
33 14 0.24419643
33 7 2000.0
33 27 1.5544066
33 16 2000.0
33 25 0.3588624
34 30 6.6410303
34 20 1.1659327
34 8 7.2596693
34 7 21.141146
34 13 18.516384
34 27 1.2584791
34 16 5535.0566
34 11 2.5715487
34 25 6.74672
34 29 16.652447
34 5 2.6894367
35 21 0.099692665
36 26 2000.0
36 28 0.030906253
36 3 0.25288963
36 9 1.8845539
37 30 18.896118
37 0 0.7771245
37 8 1.6797382
37 18 1.9538925
37 13 7.0245357
37 11 1.8665211
37 29 1.3724362
37 20 2.8037264
37 2 1.2410916
37 7 12.899904
37 27 3.0326087
37 16 80.04211
37 23 3.9136689
37 25 44.502842
