0 2 0.83920217
0 37 1.5703661
0 13 0.8042798
0 25 48.039215
0 29 70.84518
1 3 0.3632066
1 12 22.474155
2 30 18.350506
2 0 0.83920217
2 8 1.4828522
2 18 1.8512118
2 13 0.5387482
2 33 2.48948
2 11 1.7577971
2 29 1.526679
2 20 2.3792465
2 37 0.80528384
2 27 0.6684203
2 16 2000.0
2 23 8.704172
2 25 0.49790052
3 36 0.47959098
3 28 11.275176
3 24 2000.0
3 12 0.06745785
3 1 0.3632066
3 9 0.43243372
4 31 0.08216253
4 9 0.0825383
4 17 0.113357246
4 19 0.0695231
5 30 0.95978737
5 8 0.6633788
5 18 0.8603516
5 13 47.890175
5 11 1.7871306
5 29 5.755307
5 34 2.0137362
5 20 2.9329987
5 37 17.291035
5 7 12.469636
5 27 1.2304466
5 16 1.6273023
5 23 2.5804546
5 25 2000.0
6 31 0.18005736
6 17 1.6691787
7 30 0.8868413
7 20 74.293274
7 8 5.613505
7 37 102.4209
7 16 1.179082
7 23 1.4239322
7 11 32.74353
7 25 3.0515258
7 5 12.469636
8 0 2000.0
8 30 0.42592907
8 18 1.2682792
8 13 1.5081788
8 11 0.9015065
8 29 0.2188894
8 5 0.6633788
8 34 27.250427
8 2 1.4828522
8 37 1.205632
8 7 5.613505
8 27 1.731065
8 16 1.5196519
8 23 0.8651948
8 25 2000.0
9 36 0.8428057
9 28 1.1916012
9 10 49.59359
9 22 0.04663392
9 31 0.027990155
9 3 0.43243372
9 12 2000.0
9 4 0.0825383
9 17 0.043238636
9 19 0.066310056
10 26 0.029945187
10 28 0.23870969
10 24 0.091391414
10 31 34.259987
10 12 53.94887
10 9 49.59359
10 17 0.029782217
11 0 2000.0
11 30 0.77047384
11 8 0.9015065
11 18 7.889378
11 13 0.84688485
11 33 1.6861206
11 29 1.0112708
11 5 1.7871306
11 34 2.4239678
11 20 1.7818414
11 2 1.7577971
11 37 1.6316187
11 7 32.74353
11 27 0.6628666
11 16 1.2392234
11 25 0.798933
12 26 0.77266043
12 32 6.7449145
12 10 53.94887
12 24 0.06749676
12 21 0.1374771
12 3 0.06745785
12 1 22.474155
13 30 18.070118
13 0 0.8042798
13 8 1.5081788
13 18 115.54641
13 33 0.7819196
13 11 0.84688485
13 29 0.7365694
13 5 47.890175
13 34 1786.591
13 20 0.97718877
13 2 0.5387482
13 14 6.817353
13 37 0.9042884
13 7 2000.0
13 27 0.21106976
13 16 58.735283
13 25 0.2830617
14 30 19.621153
14 20 1.6703658
14 13 6.817353
14 27 2.2651172
14 33 0.51999503
14 11 2000.0
14 25 2.523397
15 32 0.07573139
15 21 4.8141274
16 30 1.0700265
16 0 2000.0
16 8 1.5196519
16 18 1.0674922
16 13 58.735283
16 11 1.2392234
16 5 1.6273023
16 34 40.243107
16 20 15.898369
16 7 1.179082
16 27 1.4259698
16 23 2.7529879
16 25 1.2719421
17 6 1.6691787
17 26 1.505595
17 10 0.029782217
17 24 0.11578706
17 31 0.96025467
17 9 0.043238636
17 4 0.113357246
17 19 32.379925
18 0 2000.0
18 30 1.0645164
18 8 1.2682792
18 13 115.54641
18 11 7.889378
18 29 1.0667602
18 5 0.8603516
18 2 1.8512118
18 37 2.364816
18 7 2000.0
18 27 34.35933
18 16 1.0674922
18 23 1.1929866
19 31 0.08399094
19 9 0.066310056
19 17 32.379925
19 4 0.0695231
20 30 1.4431757
20 13 0.97718877
20 33 1.4935659
20 11 1.7818414
20 29 5.237954
20 5 2.9329987
20 34 0.8721609
20 2 2.3792465
20 14 1.6703658
20 37 2.0657287
20 7 74.293274
20 27 1.424951
20 16 15.898369
20 25 0.32753798
21 24 0.95364165
21 35 0.03326682
21 12 0.1374771
21 15 4.8141274
22 31 106.67207
22 9 0.04663392
22 19 2000.0
23 0 2000.0
23 30 1.2191458
23 8 0.8651948
23 2 8.704172
23 37 1.8617595
23 18 1.1929866
23 7 1.4239322
23 16 2.7529879
23 11 2000.0
23 29 1.3146496
23 5 2.5804546
24 26 0.0451878
24 32 0.29364252
24 10 0.091391414
24 21 0.95364165
24 12 0.06749676
24 17 0.11578706
25 0 48.039215
25 30 6.832139
25 13 0.2830617
25 33 0.568534
25 11 0.798933
25 29 1.3856153
25 34 1.7636327
25 20 0.32753798
25 2 0.49790052
25 14 2.523397
25 37 15.547616
25 7 3.0515258
25 27 0.25807443
25 16 1.2719421
26 32 51.569443
26 28 0.08488635
26 10 0.029945187
26 24 0.0451878
26 31 0.18653198
26 12 0.77266043
26 17 1.505595
27 30 0.32667872
27 0 2000.0
27 8 1.731065
27 18 34.35933
27 13 0.21106976
27 33 0.76344085
27 11 0.6628666
27 29 0.7662688
27 5 1.2304466
27 34 0.8664309
27 20 1.424951
27 2 0.6684203
27 14 2.2651172
27 37 0.9044078
27 7 2000.0
27 16 1.4259698
27 25 0.25807443
28 36 0.032736745
28 26 0.08488635
28 10 0.23870969
28 3 11.275176
28 12 1443.9205
28 9 1.1916012
28 19 1377.3296
29 0 70.84518
29 30 2.2801435
29 8 0.2188894
29 18 1.0667602
29 13 0.7365694
29 33 29.251759
29 11 1.0112708
29 5 5.755307
29 34 2.9771218
29 20 5.237954
29 2 1.526679
29 37 1.0223256
29 7 2000.0
29 27 0.7662688
29 16 2000.0
29 23 1.3146496
29 25 1.3856153
30 8 0.42592907
30 18 1.0645164
30 13 18.070118
30 33 6.8397837
30 11 0.77047384
30 29 2.2801435
30 5 0.95978737
30 34 1.2268739
30 20 1.4431757
30 2 18.350506
30 14 19.621153
30 37 14.336581
30 7 0.8868413
30 27 0.32667872
30 16 1.0700265
30 23 1.2191458
30 25 6.832139
31 26 0.18653198
31 6 0.18005736
31 10 34.259987
31 22 106.67207
31 9 0.027990155
31 4 0.08216253
31 17 0.96025467
31 19 0.08399094
32 26 51.569443
32 24 0.29364252
32 12 6.7449145
32 15 0.07573139
33 30 6.8397837
33 8 2000.0
33 13 0.7819196
33 11 1.6861206
33 29 29.251759
33 5 2000.0
33 34 2000.0
33 20 1.4935659
33 2 2.48948
33 14 0.51999503
33 7 2000.0
33 27 0.76344085
33 16 3017.898
33 25 0.568534
34 30 1.2268739
34 20 0.8721609
34 8 27.250427
34 37 2000.0
34 7 2000.0
34 27 0.8664309
34 16 40.243107
34 11 2.4239678
34 29 2.9771218
34 25 1.7636327
34 5 2.0137362
35 21 0.03326682
35 31 143.9591
36 28 0.032736745
36 3 0.47959098
36 9 0.8428057
37 30 14.336581
37 0 1.5703661
37 8 1.205632
37 18 2.364816
37 13 0.9042884
37 11 1.6316187
37 29 1.0223256
37 5 17.291035
37 20 2.0657287
37 2 0.80528384
37 7 102.4209
37 27 0.9044078
37 16 2000.0
37 23 1.8617595
37 25 15.547616
