0 8 7.125848
0 2 1.3920313
0 37 0.5755976
0 13 0.8845661
0 11 31.398973
0 29 5.6134453
1 3 0.20401333
1 12 1202.159
2 30 15.115067
2 0 1.3920313
2 8 1.3677627
2 18 14.792177
2 13 0.4979461
2 33 3.0239558
2 11 0.96323526
2 29 0.9691787
2 20 5.666609
2 37 0.8738331
2 27 1.1065391
2 16 2000.0
2 23 44.444443
2 25 1.628052
3 36 0.2807918
3 28 0.07125692
3 24 378.94742
3 12 0.054161336
3 1 0.20401333
3 9 0.6007759
4 31 0.081063256
4 9 0.069506876
4 17 0.10313678
4 19 0.089451976
5 30 0.73418367
5 8 0.9711984
5 18 0.43144697
5 13 2955.8994
5 11 5.042726
5 29 8.102161
5 34 2.9825196
5 20 2.4004796
5 37 2000.0
5 7 5.6897135
5 27 3.2280579
5 16 1.3919505
5 23 4.1976643
6 24 2000.0
6 31 0.44216383
6 17 1.3079185
7 34 9.857793
7 30 0.93230194
7 20 1.5266163
7 8 47.18078
7 37 18.449913
7 16 1.187207
7 11 11.803167
7 23 1.2068324
7 25 4.5916653
7 5 5.6897135
8 0 7.125848
8 30 1.8854882
8 18 0.99789983
8 13 2.6335824
8 11 0.9941813
8 29 1.2586342
8 5 0.9711984
8 34 6.0158534
8 2 1.3677627
8 37 2.0547273
8 7 47.18078
8 27 1.963648
8 16 1.389131
8 23 1.0436931
9 36 3.2270203
9 26 2000.0
9 28 0.8763892
9 10 13.663244
9 22 0.16378064
9 31 0.036393348
9 3 0.6007759
9 17 0.06149099
9 4 0.069506876
9 19 0.06868803
10 26 0.032357477
10 28 0.15645596
10 24 0.03857325
10 31 0.036419522
10 12 7.6967173
10 9 13.663244
10 17 0.03695076
11 0 31.398973
11 30 0.47371274
11 8 0.9941813
11 18 7.912242
11 13 0.40342048
11 33 2.2763429
11 29 0.5676113
11 5 5.042726
11 34 4.4802227
11 20 0.8095096
11 2 0.96323526
11 37 1.3870488
11 7 11.803167
11 27 0.66008586
11 16 0.774119
11 25 1.1403104
12 26 1.6928518
12 28 4.0429287
12 32 0.25944263
12 10 7.6967173
12 24 0.08016011
12 21 0.097684614
12 3 0.054161336
13 30 0.7209279
13 0 0.8845661
13 8 2.6335824
13 18 2000.0
13 33 0.8438783
13 11 0.40342048
13 29 0.75333077
13 5 2955.8994
13 34 10.061462
13 20 1.0370136
13 2 0.4979461
13 14 2.7712767
13 37 1.3559555
13 27 0.26700166
13 16 184.14885
13 25 0.54593474
14 20 1.9750867
14 13 2.7712767
14 27 4.0358925
14 33 0.34728396
14 11 2000.0
14 25 2.6400325
15 32 0.06685519
15 21 0.7491478
16 0 2000.0
16 30 1.1197159
16 8 1.389131
16 18 1.0299743
16 13 184.14885
16 11 0.774119
16 29 7.954943
16 5 1.3919505
16 20 6.460612
16 37 23.141203
16 7 1.187207
16 27 1.2033838
16 23 5.9873166
16 25 1.0207407
17 26 1.713791
17 6 1.3079185
17 10 0.03695076
17 24 0.20843807
17 31 1.149925
17 9 0.06149099
17 4 0.10313678
17 19 3.7730858
18 30 0.76567805
18 2 14.792177
18 8 0.99789983
18 37 1.7412066
18 7 2000.0
18 13 2000.0
18 27 2.6935515
18 16 1.0299743
18 23 1.275903
18 11 7.912242
18 29 1.2055895
18 5 0.43144697
19 31 0.07795691
19 9 0.06868803
19 17 3.7730858
19 4 0.089451976
20 30 12.508563
20 13 1.0370136
20 33 1.7978377
20 11 0.8095096
20 29 3.4534802
20 5 2.4004796
20 34 0.888146
20 2 5.666609
20 14 1.9750867
20 37 4.0946627
20 7 1.5266163
20 27 0.30418658
20 16 6.460612
20 25 0.4581634
21 32 2000.0
21 24 0.9153065
21 35 0.03276609
21 12 0.097684614
21 15 0.7491478
22 6 972.4432
22 31 1196.875
22 9 0.16378064
22 19 1462.216
23 0 2000.0
23 30 2.331941
23 2 44.444443
23 8 1.0436931
23 37 3.4948416
23 18 1.275903
23 7 1.2068324
23 16 5.9873166
23 11 2000.0
23 29 2.8230991
23 5 4.1976643
24 26 0.050460976
24 32 0.096703246
24 10 0.03857325
24 21 0.9153065
24 31 1.8824104
24 12 0.08016011
24 3 378.94742
24 15 2000.0
24 17 0.20843807
25 30 1.7918575
25 13 0.54593474
25 33 0.32620224
25 11 1.1403104
25 29 3.8195097
25 34 1.5665531
25 20 0.4581634
25 2 1.628052
25 14 2.6400325
25 37 77.43888
25 7 4.5916653
25 27 0.65307677
25 16 1.0207407
26 32 54.31932
26 28 0.09262419
26 10 0.032357477
26 24 0.050460976
26 31 0.081522256
26 12 1.6928518
26 17 1.713791
27 0 2000.0
27 30 0.22218825
27 8 1.963648
27 18 2.6935515
27 13 0.26700166
27 33 1.0078189
27 11 0.66008586
27 29 0.5723013
27 5 3.2280579
27 34 1.3445022
27 20 0.30418658
27 2 1.1065391
27 14 4.0358925
27 37 2.3853965
27 7 4116.4204
27 16 1.2033838
27 25 0.65307677
28 36 0.036336143
28 26 0.09262419
28 10 0.15645596
28 3 0.07125692
28 12 4.0429287
28 9 0.8763892
29 0 5.6134453
29 30 2.6382067
29 8 1.2586342
29 18 1.2055895
29 13 0.75333077
29 11 0.5676113
29 5 8.102161
29 34 11.348812
29 20 3.4534802
29 2 0.9691787
29 37 1.2445828
29 7 2000.0
29 27 0.5723013
29 16 7.954943
29 23 2.8230991
29 25 3.8195097
30 0 2000.0
30 8 1.8854882
30 18 0.76567805
30 13 0.7209279
30 33 2.0275862
30 11 0.47371274
30 29 2.6382067
30 5 0.73418367
30 34 2.1513984
30 20 12.508563
30 2 15.115067
30 37 6.8558235
30 7 0.93230194
30 27 0.22218825
30 16 1.1197159
30 23 2.331941
30 25 1.7918575
31 26 0.081522256
31 6 0.44216383
31 10 0.036419522
31 24 1.8824104
31 9 0.036393348
31 17 1.149925
31 4 0.081063256
31 19 0.07795691
32 26 54.31932
32 24 0.096703246
32 12 0.25944263
32 15 0.06685519
33 34 2000.0
33 30 2.0275862
33 20 1.7978377
33 2 3.0239558
33 14 0.34728396
33 7 2000.0
33 13 0.8438783
33 27 1.0078189
33 16 2226.3638
33 11 2.2763429
33 29 1349.034
33 25 0.32620224
34 30 2.1513984
34 20 0.888146
34 8 6.0158534
34 13 10.061462
34 7 9.857793
34 27 1.3445022
34 16 1215.0568
34 11 4.4802227
34 25 1.5665531
34 29 11.348812
34 5 2.9825196
35 21 0.03276609
36 26 2000.0
36 28 0.036336143
36 3 0.2807918
36 9 3.2270203
37 30 6.8558235
37 0 0.5755976
37 8 2.0547273
37 18 1.7412066
37 13 1.3559555
37 11 1.3870488
37 29 1.2445828
37 20 4.0946627
37 2 0.8738331
37 7 18.449913
37 27 2.3853965
37 16 23.141203
37 23 3.4948416
37 25 77.43888
