0 2 1.1895053
0 37 4.4578967
0 13 1.0663615
0 29 68.149086
0 25 45.321217
1 3 1.5483392
1 12 36.892048
2 30 15.611145
2 0 1.1895053
2 8 1.4505872
2 18 4.022375
2 13 0.6404327
2 33 2.4814677
2 11 1.9050885
2 29 1.3136623
2 20 4.3148093
2 37 0.8661636
2 27 1.0035604
2 16 2000.0
2 23 10.131057
2 25 0.43968704
3 36 0.7853079
3 28 19.754997
3 24 2000.0
3 12 0.07868617
3 1 1.5483392
3 9 1.0179063
4 31 0.06664042
4 9 0.09096017
4 17 0.17613636
4 19 0.06918778
5 30 0.6566226
5 8 0.8252737
5 18 1.1201183
5 13 28.996477
5 11 4.270489
5 29 4.175953
5 34 1.7256931
5 20 2.103734
5 37 14.835938
5 7 13.910063
5 27 2.0247037
5 16 2.0053732
5 23 3.5865579
5 25 2000.0
6 31 0.17518345
6 17 1.5855621
7 30 1.5622429
7 20 60.127068
7 8 6.827963
7 16 1.4182612
7 23 1.7409495
7 25 2.7930124
7 5 13.910063
8 0 2000.0
8 30 0.44483146
8 18 1.5063142
8 13 2.6146352
8 11 0.78357095
8 29 1.0754863
8 5 0.8252737
8 34 41.573326
8 2 1.4505872
8 37 0.92706347
8 7 6.827963
8 27 2.78937
8 16 2.1277084
8 23 1.1929176
8 25 2000.0
9 36 0.36406878
9 26 2000.0
9 28 1.997102
9 10 7.2865767
9 22 0.051582187
9 31 0.029295467
9 12 2000.0
9 3 1.0179063
9 4 0.09096017
9 17 0.033051614
9 19 0.06593582
10 26 0.030250955
10 28 0.5594461
10 24 0.10440658
10 31 0.8491665
10 12 50.288868
10 9 7.2865767
10 17 0.031777732
11 0 2000.0
11 30 0.7055181
11 8 0.78357095
11 18 11.084782
11 13 0.7424156
11 33 2.3067586
11 29 1.4877361
11 5 4.270489
11 34 1.7045951
11 20 1.0931062
11 2 1.9050885
11 37 1.5231377
11 7 1348.2386
11 27 0.70551413
11 16 0.83114225
11 25 1.2439715
12 26 0.8417166
12 32 2.5007467
12 10 50.288868
12 24 0.07320743
12 21 0.15751505
12 3 0.07868617
12 1 36.892048
12 15 2000.0
13 30 35.881878
13 0 1.0663615
13 8 2.6146352
13 18 16.7819
13 33 0.7856921
13 11 0.7424156
13 29 1.0113093
13 5 28.996477
13 34 105.414696
13 20 1.2452024
13 2 0.6404327
13 14 6.140969
13 37 1.057456
13 7 2000.0
13 27 0.24595492
13 16 60.000004
13 25 0.23364803
14 34 2000.0
14 30 31.7893
14 20 3.1761982
14 13 6.140969
14 27 3.545909
14 33 0.6436677
14 11 2000.0
14 25 2.6519048
15 32 0.07927304
15 21 13.272107
16 0 2000.0
16 30 1.1594434
16 8 2.1277084
16 18 2.577276
16 13 60.000004
16 11 0.83114225
16 5 2.0053732
16 34 116.71485
16 20 36.687504
16 37 200.0
16 7 1.4182612
16 27 1.3247684
16 23 3.74776
16 25 0.65349066
17 6 1.5855621
17 26 1.5945957
17 10 0.031777732
17 24 0.07538166
17 31 0.99968934
17 9 0.033051614
17 4 0.17613636
17 19 1805.341
18 0 2000.0
18 30 0.7866753
18 8 1.5063142
18 2 4.022375
18 37 3.375842
18 13 16.7819
18 27 55.399654
18 16 2.577276
18 11 11.084782
18 23 1.6448383
18 29 1.5158287
18 5 1.1201183
19 31 0.10546214
19 9 0.06593582
19 4 0.06918778
20 30 2.7245471
20 13 1.2452024
20 33 1.2330743
20 11 1.0931062
20 29 15.483395
20 5 2.103734
20 34 0.89349914
20 2 4.3148093
20 14 3.1761982
20 37 9.310958
20 7 60.127068
20 27 2.8475738
20 16 36.687504
20 25 0.4871317
21 32 2000.0
21 24 1.3056945
21 35 0.036130775
21 12 0.15751505
21 15 13.272107
22 31 2000.0
22 9 0.051582187
22 19 2000.0
23 0 2000.0
23 30 1.5136055
23 8 1.1929176
23 2 10.131057
23 37 1.8859284
23 18 1.6448383
23 7 1.7409495
23 16 3.74776
23 11 2000.0
23 29 2.6446972
23 5 3.5865579
24 26 0.053030297
24 32 0.392119
24 10 0.10440658
24 21 1.3056945
24 12 0.07320743
24 15 2000.0
24 17 0.07538166
25 0 45.321217
25 30 15.357846
25 13 0.23364803
25 33 0.5983375
25 11 1.2439715
25 29 2.7134476
25 34 2.275759
25 20 0.4871317
25 2 0.43968704
25 14 2.6519048
25 37 200.57814
25 7 2.7930124
25 27 0.41135532
25 16 0.65349066
26 32 1363.125
26 28 0.060784314
26 10 0.030250955
26 24 0.053030297
26 31 0.7870257
26 12 0.8417166
26 17 1.5945957
27 30 0.25236025
27 0 2000.0
27 8 2.78937
27 18 55.399654
27 13 0.24595492
27 33 0.8812849
27 11 0.70551413
27 29 1.2141258
27 5 2.0247037
27 34 1.1862254
27 20 2.8475738
27 2 1.0035604
27 14 3.545909
27 37 0.7719141
27 7 2000.0
27 16 1.3247684
27 25 0.41135532
28 36 0.03600431
28 26 0.060784314
28 10 0.5594461
28 3 19.754997
28 12 2000.0
28 9 1.997102
28 19 1376.0796
29 0 68.149086
29 30 2.534659
29 8 1.0754863
29 18 1.5158287
29 13 1.0113093
29 33 17.364183
29 11 1.4877361
29 5 4.175953
29 34 3.7328973
29 20 15.483395
29 2 1.3136623
29 37 0.89965224
29 7 2000.0
29 27 1.2141258
29 16 2000.0
29 23 2.6446972
29 25 2.7134476
30 8 0.44483146
30 18 0.7866753
30 13 35.881878
30 33 7.085216
30 11 0.7055181
30 29 2.534659
30 5 0.6566226
30 34 0.9099065
30 20 2.7245471
30 2 15.611145
30 14 31.7893
30 37 24.67619
30 7 1.5622429
30 27 0.25236025
30 16 1.1594434
30 23 1.5136055
30 25 15.357846
31 26 0.7870257
31 6 0.17518345
31 10 0.8491665
31 35 2.0425436
31 22 2000.0
31 21 2000.0
31 9 0.029295467
31 4 0.06664042
31 17 0.99968934
31 19 0.10546214
32 26 1363.125
32 24 0.392119
32 12 2.5007467
32 15 0.07927304
33 30 7.085216
33 8 2000.0
33 13 0.7856921
33 11 2.3067586
33 29 17.364183
33 5 2000.0
33 34 2000.0
33 20 1.2330743
33 2 2.4814677
33 14 0.6436677
33 7 2000.0
33 27 0.8812849
33 16 2738.6362
33 25 0.5983375
34 30 0.9099065
34 20 0.89349914
34 8 41.573326
34 37 2000.0
34 13 105.414696
34 7 2000.0
34 27 1.1862254
34 16 116.71485
34 11 1.7045951
34 29 3.7328973
34 25 2.275759
34 5 1.7256931
35 21 0.036130775
35 31 2.0425436
36 28 0.03600431
36 3 0.7853079
36 9 0.36406878
37 30 24.67619
37 0 4.4578967
37 8 0.92706347
37 18 3.375842
37 13 1.057456
37 11 1.5231377
37 29 0.89965224
37 5 14.835938
37 20 9.310958
37 2 0.8661636
37 7 3014.8865
37 27 0.7719141
37 16 200.0
37 23 1.8859284
37 25 200.57814
