0 2 1.0110329
0 37 4.269035
0 13 1.1009723
0 29 24.764448
0 25 120.00001
1 3 0.7568181
1 12 13.703317
2 30 16.541668
2 0 1.0110329
2 8 1.419442
2 18 2.1843314
2 13 0.5513765
2 33 2.2154615
2 11 1.4874699
2 29 1.7324866
2 20 3.187258
2 37 0.7954059
2 27 0.97780746
2 16 2000.0
2 23 19.181425
2 25 0.40986222
3 36 0.74602944
3 28 129.76363
3 24 1596.9318
3 12 0.069982395
3 1 0.7568181
3 9 0.75670636
4 31 0.07057563
4 9 0.070080206
4 17 0.2221386
4 19 0.07295438
5 30 1.4910814
5 8 0.8983886
5 18 1.6382405
5 13 22.835527
5 11 1.575644
5 29 5.258897
5 34 2.5123835
5 20 2.3377407
5 37 25.119104
5 7 36.53888
5 27 1.8213636
5 16 1.690171
5 23 2.347916
5 25 2000.0
6 31 0.26515365
6 17 2.4410896
7 34 424.08157
7 30 0.87897307
7 20 56.20966
7 8 10.798138
7 37 73.88291
7 16 1.6457504
7 23 1.5113503
7 11 220.20195
7 25 2.5777247
7 5 36.53888
8 0 2000.0
8 30 0.5445677
8 18 1.5558673
8 13 2.3090854
8 11 1.5184525
8 29 0.6311055
8 5 0.8983886
8 34 240.65018
8 2 1.419442
8 37 0.99485016
8 7 10.798138
8 27 0.41917
8 16 1.5306336
8 23 1.2121902
8 25 2000.0
9 36 0.62455326
9 26 2000.0
9 28 2.0844698
9 10 9.522785
9 22 0.0674911
9 31 0.028973725
9 12 2000.0
9 3 0.75670636
9 4 0.070080206
9 17 0.04586475
9 19 0.07496736
10 26 0.034723073
10 28 0.5029389
10 24 0.076200925
10 31 2.1604247
10 12 1632.1023
10 9 9.522785
10 17 0.030380394
11 0 2000.0
11 30 0.7812119
11 8 1.5184525
11 18 7.0407963
11 13 0.8768341
11 33 1.7226202
11 29 0.65832716
11 5 1.575644
11 34 2.1979213
11 20 2.761558
11 2 1.4874699
11 37 1.3235852
11 7 220.20195
11 27 0.70501286
11 16 1.393778
11 25 0.6625786
12 26 1.2539966
12 32 9.333497
12 10 1632.1023
12 24 0.07225523
12 21 0.17106146
12 3 0.069982395
12 1 13.703317
13 30 27.692814
13 0 1.1009723
13 8 2.3090854
13 18 65.81285
13 33 0.8546455
13 11 0.8768341
13 29 0.76584417
13 5 22.835527
13 34 201.93752
13 20 1.1635824
13 2 0.5513765
13 14 5.8712416
13 37 1.0121415
13 7 2000.0
13 27 0.2981448
13 16 75.42741
13 25 0.23489636
14 30 20.314991
14 20 1.3286289
14 13 5.8712416
14 27 6.4536023
14 33 0.43449485
14 11 2000.0
14 25 1.7354007
15 32 0.07200104
15 21 12.066845
16 34 38.76371
16 30 1.3904153
16 20 68.02865
16 8 1.5306336
16 18 2.4735126
16 13 75.42741
16 7 1.6457504
16 27 2.0146148
16 11 1.393778
16 23 5.333192
16 25 1.2276913
16 5 1.690171
17 6 2.4410896
17 26 2.8272145
17 10 0.030380394
17 24 0.07721435
17 31 1.5230116
17 9 0.04586475
17 4 0.2221386
17 19 2000.0
18 0 2000.0
18 30 0.92158145
18 8 1.5558673
18 13 65.81285
18 11 7.0407963
18 29 1.1973585
18 5 1.6382405
18 2 2.1843314
18 37 4.2854915
18 7 2000.0
18 27 64.765526
18 16 2.4735126
18 23 1.4036388
19 31 0.090982996
19 9 0.07496736
19 17 2000.0
19 4 0.07295438
20 30 1.8531507
20 13 1.1635824
20 33 1.1661645
20 11 2.761558
20 29 6.551106
20 5 2.3377407
20 34 0.9523742
20 2 3.187258
20 14 1.3286289
20 37 5.966275
20 7 56.20966
20 27 1.31314
20 16 68.02865
20 25 0.58253413
21 32 2000.0
21 24 0.9939394
21 35 0.03671181
21 31 2000.0
21 12 0.17106146
21 15 12.066845
22 31 190.0947
22 9 0.0674911
22 19 2000.0
23 0 2000.0
23 30 1.5720352
23 8 1.2121902
23 2 19.181425
23 37 1.7880446
23 18 1.4036388
23 7 1.5113503
23 16 5.333192
23 11 2000.0
23 29 1.0649024
23 5 2.347916
24 26 0.03801458
24 32 0.38365188
24 10 0.076200925
24 21 0.9939394
24 12 0.07225523
24 3 1596.9318
24 17 0.07721435
25 0 120.00001
25 30 14.414148
25 13 0.23489636
25 33 0.6927116
25 11 0.6625786
25 29 2.4672675
25 34 4.1050005
25 20 0.58253413
25 2 0.40986222
25 14 1.7354007
25 37 40.75942
25 7 2.5777247
25 27 0.24399145
25 16 1.2276913
26 32 1217.6704
26 28 0.05858705
26 10 0.034723073
26 24 0.03801458
26 31 0.22123407
26 12 1.2539966
26 17 2.8272145
27 30 0.24926637
27 0 2000.0
27 8 0.41917
27 18 64.765526
27 13 0.2981448
27 33 0.7734802
27 11 0.70501286
27 29 2.2522497
27 5 1.8213636
27 34 0.8428166
27 20 1.31314
27 2 0.97780746
27 14 6.4536023
27 37 0.9805698
27 7 2000.0
27 16 2.0146148
27 25 0.24399145
28 36 0.03502999
28 26 0.05858705
28 10 0.5029389
28 12 1144.9432
28 3 129.76363
28 9 2.0844698
28 19 1373.5227
29 0 24.764448
29 30 0.7645829
29 8 0.6311055
29 18 1.1973585
29 13 0.76584417
29 33 17.383186
29 11 0.65832716
29 5 5.258897
29 34 6.8572316
29 20 6.551106
29 2 1.7324866
29 37 0.8930628
29 7 2000.0
29 27 2.2522497
29 16 2000.0
29 23 1.0649024
29 25 2.4672675
30 8 0.5445677
30 18 0.92158145
30 13 27.692814
30 33 9.875609
30 11 0.7812119
30 29 0.7645829
30 5 1.4910814
30 34 0.92592233
30 20 1.8531507
30 2 16.541668
30 14 20.314991
30 37 23.684925
30 7 0.87897307
30 27 0.24926637
30 16 1.3904153
30 23 1.5720352
30 25 14.414148
31 26 0.22123407
31 6 0.26515365
31 10 2.1604247
31 35 23.703703
31 22 190.0947
31 9 0.028973725
31 4 0.07057563
31 17 1.5230116
31 19 0.090982996
32 24 0.38365188
32 12 9.333497
32 15 0.07200104
33 30 9.875609
33 8 2000.0
33 13 0.8546455
33 11 1.7226202
33 29 17.383186
33 5 2000.0
33 34 2000.0
33 20 1.1661645
33 2 2.2154615
33 14 0.43449485
33 7 2000.0
33 27 0.7734802
33 16 2422.443
33 25 0.6927116
34 30 0.92592233
34 20 0.9523742
34 8 240.65018
34 37 2000.0
34 13 201.93752
34 7 424.08157
34 27 0.8428166
34 16 38.76371
34 11 2.1979213
34 29 6.8572316
34 25 4.1050005
34 5 2.5123835
35 21 0.03671181
35 31 23.703703
36 28 0.03502999
36 3 0.74602944
36 9 0.62455326
37 30 23.684925
37 0 4.269035
37 8 0.99485016
37 18 4.2854915
37 13 1.0121415
37 11 1.3235852
37 29 0.8930628
37 5 25.119104
37 20 5.966275
37 2 0.7954059
37 7 73.88291
37 27 0.9805698
37 16 2000.0
37 23 1.7880446
37 25 40.75942
