0 2 2.2730298
0 37 1.3561935
0 13 1.0860584
0 29 51.98492
0 25 25.14148
1 3 0.31678393
1 12 35.470753
2 30 13.624836
2 0 2.2730298
2 8 1.9194517
2 18 1.8445514
2 13 0.62177044
2 33 2.780725
2 11 1.6733371
2 29 2.0369887
2 20 2.854072
2 37 0.8281052
2 27 1.3723572
2 16 2000.0
2 23 14.514396
2 25 0.4898201
3 36 0.4827922
3 28 9.468613
3 24 2000.0
3 12 0.06593733
3 1 0.31678393
3 9 0.4811688
4 31 0.067677036
4 9 0.109898575
4 17 0.20120342
4 19 0.06615038
5 30 0.84753686
5 8 0.8147262
5 18 1.4324174
5 13 44.24435
5 11 5.221529
5 29 14.8727045
5 34 4.999531
5 20 4.877145
5 37 15.499476
5 7 27.636112
5 27 3.8830066
5 16 2.2382555
5 23 8.2696705
5 25 2000.0
6 31 0.11089974
6 17 1.1544708
7 34 200.0
7 30 0.85365826
7 20 184.37827
7 8 9.496797
7 37 133.33334
7 16 1.2017474
7 23 1.8082469
7 11 84.692924
7 25 2.308824
7 5 27.636112
8 0 2000.0
8 30 0.3544227
8 18 1.2240176
8 13 2.7204256
8 11 1.2701855
8 29 1.0580965
8 5 0.8147262
8 34 32.556984
8 2 1.9194517
8 37 1.3462553
8 7 9.496797
8 27 4.0083747
8 16 2.460434
8 23 1.3618251
8 25 2000.0
9 36 0.49012288
9 26 2000.0
9 28 2.9635122
9 10 44.720497
9 22 0.046389736
9 31 0.028786108
9 3 0.4811688
9 4 0.109898575
9 17 0.035171997
9 19 0.06298075
10 26 0.028697394
10 28 0.39227602
10 24 0.09261364
10 31 8.589114
10 12 1117.7273
10 9 44.720497
10 17 0.03300066
11 0 2000.0
11 30 0.73037213
11 8 1.2701855
11 18 9.336839
11 13 0.7521481
11 33 2.1591654
11 29 1.7837455
11 5 5.221529
11 34 4.536189
11 20 5.64043
11 2 1.6733371
11 37 1.9394032
11 7 84.692924
11 27 1.3870542
11 16 1.3136102
11 25 0.93794644
12 26 0.38201064
12 32 8.098388
12 24 0.0671272
12 21 0.13797921
12 3 0.06593733
12 1 35.470753
13 30 62.57763
13 0 1.0860584
13 8 2.7204256
13 18 68.630394
13 33 1.3658398
13 11 0.7521481
13 29 2.2007372
13 5 44.24435
13 34 100.0
13 20 2.2233405
13 2 0.62177044
13 14 6.255057
13 37 1.0809045
13 7 2000.0
13 27 0.8213211
13 16 130.67256
13 25 0.33602962
14 30 13.857351
14 20 5.686801
14 13 6.255057
14 27 1.987994
14 33 0.32583758
14 11 2000.0
14 25 2.296995
15 32 0.07840732
15 21 14.093223
16 30 1.7543707
16 0 2000.0
16 8 2.460434
16 18 1.110491
16 13 130.67256
16 11 1.3136102
16 29 200.0
16 5 2.2382555
16 34 31.616846
16 20 187.31877
16 7 1.2017474
16 27 3.137255
16 23 4.0260067
16 25 1.5521218
17 6 1.1544708
17 26 2.6848
17 10 0.03300066
17 24 0.11287879
17 31 1.9341321
17 9 0.035171997
17 4 0.20120342
17 19 1310.966
18 0 2000.0
18 30 0.9964419
18 8 1.2240176
18 13 68.630394
18 11 9.336839
18 29 1.304624
18 5 1.4324174
18 2 1.8445514
18 37 4.8755183
18 7 2000.0
18 27 16.262487
18 16 1.110491
18 23 1.8469698
19 28 100.671196
19 31 0.08408323
19 9 0.06298075
19 4 0.06615038
20 0 2000.0
20 30 1.6112366
20 13 2.2233405
20 33 2.1141121
20 11 5.64043
20 29 11.323248
20 5 4.877145
20 34 1.7662481
20 2 2.854072
20 14 5.686801
20 37 14.81773
20 7 184.37827
20 27 1.9573653
20 16 187.31877
20 25 1.231204
21 32 2000.0
21 24 0.9615109
21 35 0.03467742
21 12 0.13797921
21 15 14.093223
22 31 59.398674
22 9 0.046389736
22 19 2000.0
23 0 2000.0
23 30 1.4610065
23 8 1.3618251
23 2 14.514396
23 37 1.2279892
23 18 1.8469698
23 7 1.8082469
23 16 4.0260067
23 11 2000.0
23 29 2.415696
23 5 8.2696705
24 26 0.04359926
24 32 0.16747893
24 10 0.09261364
24 21 0.9615109
24 31 2000.0
24 12 0.0671272
24 15 2000.0
24 17 0.11287879
25 30 13.331464
25 0 25.14148
25 13 0.33602962
25 33 0.6037269
25 11 0.93794644
25 29 2.2467132
25 34 9.536385
25 20 1.231204
25 2 0.4898201
25 14 2.296995
25 37 28.342262
25 7 2.308824
25 27 0.24869598
25 16 1.5521218
26 32 35.708244
26 28 0.050389133
26 10 0.028697394
26 24 0.04359926
26 31 0.2557058
26 12 0.38201064
26 17 2.6848
27 30 0.60756993
27 0 2000.0
27 8 4.0083747
27 18 16.262487
27 13 0.8213211
27 33 0.8786364
27 11 1.3870542
27 29 1.982506
27 5 3.8830066
27 34 0.8821081
27 20 1.9573653
27 2 1.3723572
27 14 1.987994
27 37 1.1621107
27 7 2000.0
27 16 3.137255
27 25 0.24869598
28 36 0.036451105
28 26 0.050389133
28 10 0.39227602
28 3 9.468613
28 12 1216.1364
28 9 2.9635122
28 19 100.671196
29 0 51.98492
29 30 2.7432265
29 8 1.0580965
29 18 1.304624
29 13 2.2007372
29 33 30.905539
29 11 1.7837455
29 5 14.8727045
29 34 5.2834334
29 20 11.323248
29 2 2.0369887
29 37 1.2095325
29 7 2000.0
29 27 1.982506
29 16 200.0
29 23 2.415696
29 25 2.2467132
30 8 0.3544227
30 18 0.9964419
30 13 62.57763
30 33 9.697777
30 11 0.73037213
30 29 2.7432265
30 5 0.84753686
30 34 1.1059239
30 20 1.6112366
30 2 13.624836
30 14 13.857351
30 37 9.241058
30 7 0.85365826
30 27 0.60756993
30 16 1.7543707
30 23 1.4610065
30 25 13.331464
31 26 0.2557058
31 6 0.11089974
31 10 8.589114
31 22 59.398674
31 9 0.028786108
31 4 0.067677036
31 17 1.9341321
31 19 0.08408323
32 26 35.708244
32 24 0.16747893
32 12 8.098388
32 15 0.07840732
33 30 9.697777
33 8 2000.0
33 13 1.3658398
33 11 2.1591654
33 29 30.905539
33 5 2000.0
33 34 2000.0
33 20 2.1141121
33 2 2.780725
33 14 0.32583758
33 7 2000.0
33 27 0.8786364
33 16 3017.898
33 25 0.6037269
34 30 1.1059239
34 20 1.7662481
34 8 32.556984
34 37 2000.0
34 7 200.0
34 13 100.0
34 27 0.8821081
34 16 31.616846
34 11 4.536189
34 29 5.2834334
34 25 9.536385
34 5 4.999531
35 21 0.03467742
35 31 677.7273
36 28 0.036451105
36 3 0.4827922
36 9 0.49012288
37 30 9.241058
37 0 1.3561935
37 8 1.3462553
37 18 4.8755183
37 13 1.0809045
37 11 1.9394032
37 29 1.2095325
37 5 15.499476
37 20 14.81773
37 2 0.8281052
37 7 133.33334
37 27 1.1621107
37 16 2000.0
37 23 1.2279892
37 25 28.342262
