0 2 1.4438175
0 37 1.5444134
0 13 0.9470555
0 29 50.99819
0 25 14.369441
1 3 1.1950892
1 12 1247.7273
2 30 15.238784
2 0 1.4438175
2 8 1.4328411
2 18 4.33531
2 13 0.5440194
2 33 1.9158745
2 11 2.0675507
2 29 1.1502744
2 20 2.909554
2 37 1.0409786
2 27 0.93452847
2 16 2000.0
2 23 14.54496
2 25 0.60715556
3 36 0.31329855
3 28 16.31055
3 24 2000.0
3 12 0.056941368
3 1 1.1950892
3 9 0.65045613
4 31 0.07420316
4 9 0.07805092
4 17 0.14421642
4 19 0.06763196
5 30 0.7036539
5 8 0.5111435
5 18 0.92708886
5 13 17.950974
5 11 2.4423368
5 29 3.178431
5 34 1.7159842
5 20 2.738066
5 37 17.135584
5 7 18.732706
5 27 1.2305372
5 16 1.4174883
5 23 2.1418145
5 25 2000.0
6 31 0.18172204
6 17 1.0492009
7 30 0.8265369
7 20 113.40984
7 8 5.997226
7 37 66.66667
7 27 2000.0
7 16 1.4517978
7 23 1.4225144
7 11 1636.25
7 25 3.8802454
7 5 18.732706
8 0 2000.0
8 30 0.47924462
8 18 1.3713729
8 13 1.0849385
8 11 0.816424
8 29 0.39228263
8 5 0.5111435
8 34 43.946712
8 2 1.4328411
8 37 0.9065222
8 7 5.997226
8 27 1.4104373
8 16 1.403648
8 23 0.7162465
8 25 2000.0
9 36 0.3548087
9 26 2000.0
9 28 1.1736618
9 10 34.75568
9 22 0.07246221
9 31 0.04260055
9 3 0.65045613
9 4 0.07805092
9 17 0.029652288
9 19 0.0723068
10 26 0.030695677
10 28 0.24772727
10 24 0.12599358
10 31 200.0
10 12 1249.034
10 9 34.75568
10 17 0.0342254
11 0 2000.0
11 30 1.1233582
11 8 0.816424
11 18 5.4980097
11 13 1.2273641
11 33 1.9742624
11 29 0.9922693
11 5 2.4423368
11 34 6.461624
11 20 1.4843571
11 2 2.0675507
11 37 1.939171
11 7 1636.25
11 27 0.6413753
11 16 1.0721499
11 25 0.884062
12 26 0.5660839
12 32 4.5935855
12 24 0.07086269
12 21 0.14086777
12 3 0.056941368
13 30 79.977554
13 0 0.9470555
13 8 1.0849385
13 18 116.41477
13 33 0.88533354
13 11 1.2273641
13 29 0.70600516
13 5 17.950974
13 34 2451.591
13 20 1.0423198
13 2 0.5440194
13 14 6.048497
13 37 1.1714947
13 7 2000.0
13 27 0.33991686
13 16 13.445262
13 25 0.24737011
14 30 6.597527
14 20 3.587719
14 13 6.048497
14 27 2.3097055
14 33 0.3468615
14 11 2000.0
14 25 2.6550448
15 32 0.066872634
15 21 3.2776425
16 30 1.1369482
16 0 2000.0
16 8 1.403648
16 18 1.411014
16 13 13.445262
16 11 1.0721499
16 5 1.4174883
16 34 58.162563
16 20 15.202725
16 7 1.4517978
16 27 1.4034007
16 23 2.2220469
16 25 1.2764986
17 6 1.0492009
17 26 1.4029278
17 10 0.0342254
17 24 0.0683562
17 31 0.9475156
17 9 0.029652288
17 4 0.14421642
17 19 133.77556
18 0 2000.0
18 30 0.78514236
18 8 1.3713729
18 13 116.41477
18 11 5.4980097
18 29 1.3696821
18 5 0.92708886
18 2 4.33531
18 37 8.346689
18 7 2000.0
18 27 14.8279505
18 16 1.411014
18 23 1.0638483
19 28 1368.125
19 31 0.12346041
19 9 0.0723068
19 4 0.06763196
19 17 133.77556
20 30 1.8514873
20 13 1.0423198
20 33 0.955813
20 11 1.4843571
20 29 7.740981
20 5 2.738066
20 34 0.820634
20 2 2.909554
20 14 3.587719
20 37 2.5551164
20 7 113.40984
20 27 0.99690425
20 16 15.202725
20 25 0.43916
21 32 2000.0
21 10 2000.0
21 24 1.0371814
21 35 0.032991208
21 31 2000.0
21 12 0.14086777
21 15 3.2776425
22 31 88.92819
22 9 0.07246221
22 19 2000.0
23 0 2000.0
23 30 2.606334
23 8 0.7162465
23 2 14.54496
23 37 1.0643015
23 18 1.0638483
23 7 1.4225144
23 16 2.2220469
23 11 2000.0
23 29 1.0776072
23 5 2.1418145
24 26 0.039802544
24 32 0.20762032
24 10 0.12599358
24 21 1.0371814
24 12 0.07086269
24 3 2000.0
24 15 2000.0
24 17 0.0683562
25 30 29.463991
25 0 14.369441
25 13 0.24737011
25 33 0.7243857
25 11 0.884062
25 29 2.0065653
25 34 3.2042675
25 20 0.43916
25 2 0.60715556
25 14 2.6550448
25 37 28.905088
25 7 3.8802454
25 27 0.42984143
25 16 1.2764986
26 32 47.630116
26 28 0.13520801
26 10 0.030695677
26 24 0.039802544
26 31 0.15046057
26 12 0.5660839
26 17 1.4029278
27 30 0.28711262
27 0 2000.0
27 8 1.4104373
27 18 14.8279505
27 13 0.33991686
27 33 0.7639002
27 11 0.6413753
27 29 0.65169066
27 5 1.2305372
27 34 0.837346
27 20 0.99690425
27 2 0.93452847
27 14 2.3097055
27 37 1.1200399
27 7 2000.0
27 16 1.4034007
27 25 0.42984143
28 36 0.03110097
28 26 0.13520801
28 10 0.24772727
28 3 16.31055
28 12 1202.2728
28 9 1.1736618
28 19 1368.125
29 0 50.99819
29 30 0.59745455
29 8 0.39228263
29 18 1.3696821
29 13 0.70600516
29 33 29.41643
29 11 0.9922693
29 5 3.178431
29 34 2.1653848
29 20 7.740981
29 2 1.1502744
29 37 0.8076117
29 27 0.65169066
29 16 2000.0
29 23 1.0776072
29 25 2.0065653
30 8 0.47924462
30 18 0.78514236
30 13 79.977554
30 33 9.337437
30 11 1.1233582
30 29 0.59745455
30 5 0.7036539
30 34 1.588471
30 20 1.8514873
30 2 15.238784
30 14 6.597527
30 37 17.586163
30 7 0.8265369
30 27 0.28711262
30 16 1.1369482
30 23 2.606334
30 25 29.463991
31 26 0.15046057
31 6 0.18172204
31 10 200.0
31 35 135.61914
31 21 2000.0
31 22 88.92819
31 9 0.04260055
31 4 0.07420316
31 17 0.9475156
31 19 0.12346041
32 26 47.630116
32 24 0.20762032
32 12 4.5935855
32 15 0.066872634
33 30 9.337437
33 8 2000.0
33 13 0.88533354
33 11 1.9742624
33 29 29.41643
33 34 2000.0
33 20 0.955813
33 2 1.9158745
33 14 0.3468615
33 7 2000.0
33 27 0.7639002
33 16 3017.898
33 25 0.7243857
34 30 1.588471
34 20 0.820634
34 8 43.946712
34 37 2000.0
34 7 4102.9355
34 27 0.837346
34 16 58.162563
34 11 6.461624
34 29 2.1653848
34 25 3.2042675
34 5 1.7159842
35 21 0.032991208
35 31 135.61914
36 28 0.03110097
36 3 0.31329855
36 9 0.3548087
37 30 17.586163
37 0 1.5444134
37 8 0.9065222
37 18 8.346689
37 13 1.1714947
37 11 1.939171
37 29 0.8076117
37 5 17.135584
37 20 2.5551164
37 2 1.0409786
37 7 66.66667
37 27 1.1200399
37 16 2000.0
37 23 1.0643015
37 25 28.905088
