0 8 12.659465
0 2 1.2038004
0 37 0.84303033
0 13 0.6332539
0 11 55.267178
0 29 7.3965263
1 3 0.288447
1 12 1202.159
2 30 18.349874
2 0 1.2038004
2 8 1.662901
2 18 14.0485935
2 13 0.60274714
2 33 3.8849628
2 11 1.1602917
2 29 0.8485592
2 20 1.945849
2 37 1.7130477
2 27 2.0836365
2 16 2000.0
2 23 108.78053
2 25 3.8665912
3 36 0.24038462
3 28 0.083540656
3 24 1675.1704
3 12 0.056278292
3 1 0.288447
3 9 0.26475346
4 31 0.09041739
4 9 0.05838301
4 17 0.08903202
4 19 0.08350945
5 30 0.7976063
5 8 1.0367934
5 18 0.44703507
5 13 2000.0
5 11 2.6196601
5 29 7.9645777
5 34 2.2559357
5 20 4.9818354
5 37 2000.0
5 7 5.7477875
5 27 2.2043793
5 16 1.5754308
5 23 9.52139
6 31 0.8364606
6 17 1.2820905
7 34 5.536245
7 30 0.9135869
7 20 1.7189157
7 8 30.151777
7 37 15.931347
7 27 85.53311
7 16 1.1382678
7 11 5.327782
7 23 1.2582101
7 25 5.9418726
7 5 5.7477875
8 0 12.659465
8 30 0.767269
8 18 1.0844169
8 13 3.232889
8 11 0.82875186
8 29 0.5146908
8 5 1.0367934
8 34 4.3412647
8 2 1.662901
8 37 0.81444865
8 7 30.151777
8 27 1.3483281
8 16 1.5502602
8 23 0.8784848
9 36 1.3710227
9 26 2000.0
9 28 161.64772
9 10 5.8975177
9 22 0.29525205
9 31 0.030034617
9 12 2000.0
9 3 0.26475346
9 17 0.046972133
9 4 0.05838301
9 19 0.06879583
10 26 0.03430725
10 28 0.31694824
10 24 0.046452016
10 31 0.05023827
10 12 1.5944602
10 9 5.8975177
10 17 0.031992305
11 0 55.267178
11 30 0.60626835
11 8 0.82875186
11 18 5.023674
11 13 0.633827
11 33 1.8817351
11 29 1.2135148
11 5 2.6196601
11 34 2.4559717
11 20 0.6940726
11 2 1.1602917
11 37 1.2430638
11 7 5.327782
11 27 0.5435856
11 16 0.777558
11 25 1.0658132
12 26 1.3325024
12 28 9.768812
12 32 0.20455688
12 10 1.5944602
12 24 0.08328266
12 21 0.08653592
12 3 0.056278292
13 30 4.8126826
13 0 0.6332539
13 8 3.232889
13 18 450.00003
13 33 0.87668854
13 11 0.633827
13 29 0.99505764
13 34 12.328935
13 20 0.90317994
13 2 0.60274714
13 14 2.7818687
13 37 1.5693631
13 27 0.30389145
13 16 161.25249
13 25 0.65433955
14 34 2000.0
14 20 1.1959139
14 13 2.7818687
14 27 3.8826811
14 33 0.45806432
14 11 2000.0
14 25 1.2758374
15 32 0.080528505
15 21 1.9410748
16 30 1.0648047
16 0 2000.0
16 8 1.5502602
16 18 0.86324084
16 13 161.25249
16 11 0.777558
16 29 44.653614
16 5 1.5754308
16 20 18.587755
16 37 35.681606
16 7 1.1382678
16 27 1.3628411
16 23 7.3205376
16 25 0.9261949
17 26 1.8871729
17 6 1.2820905
17 10 0.031992305
17 24 0.20771223
17 31 1.1757364
17 9 0.046972133
17 4 0.08903202
17 19 2.5077012
18 30 0.684517
18 2 14.0485935
18 8 1.0844169
18 37 1.3127546
18 13 450.00003
18 7 2000.0
18 27 3.1650677
18 16 0.86324084
18 23 1.2554954
18 11 5.023674
18 29 1.0731934
18 5 0.44703507
19 31 0.07790437
19 9 0.06879583
19 17 2.5077012
19 4 0.08350945
20 30 31.009445
20 13 0.90317994
20 33 1.1624166
20 11 0.6940726
20 29 5.51169
20 5 4.9818354
20 34 0.8438159
20 2 1.945849
20 14 1.1959139
20 37 4.098862
20 7 1.7189157
20 27 0.51303107
20 16 18.587755
20 25 0.64761066
21 32 2000.0
21 10 2000.0
21 24 0.6242716
21 35 0.029655453
21 12 0.08653592
21 15 1.9410748
22 6 725.3409
22 31 1478.0114
22 9 0.29525205
22 19 1330.5114
23 0 2000.0
23 30 1.3765402
23 2 108.78053
23 8 0.8784848
23 37 1.0579416
23 18 1.2554954
23 7 1.2582101
23 16 7.3205376
23 11 2000.0
23 29 5.4430747
23 5 9.52139
24 26 0.065753296
24 32 0.14844276
24 10 0.046452016
24 21 0.6242716
24 31 7.8823338
24 12 0.08328266
24 3 1675.1704
24 15 2000.0
24 17 0.20771223
25 30 1.778568
25 13 0.65433955
25 33 0.51322883
25 11 1.0658132
25 29 3.191982
25 34 1.8954512
25 20 0.64761066
25 2 3.8665912
25 14 1.2758374
25 37 328.3165
25 7 5.9418726
25 27 0.66741973
25 16 0.9261949
26 36 2000.0
26 32 19.795145
26 28 0.09082527
26 10 0.03430725
26 24 0.065753296
26 31 0.07068401
26 12 1.3325024
26 17 1.8871729
27 0 2000.0
27 30 0.18885568
27 8 1.3483281
27 18 3.1650677
27 13 0.30389145
27 33 1.2067953
27 11 0.5435856
27 29 0.6245052
27 5 2.2043793
27 34 1.2232704
27 20 0.51303107
27 2 2.0836365
27 14 3.8826811
27 37 1.123018
27 7 85.53311
27 16 1.3628411
27 25 0.66741973
28 36 0.036979165
28 26 0.09082527
28 10 0.31694824
28 3 0.083540656
28 12 9.768812
28 9 161.64772
29 0 7.3965263
29 30 2.1557593
29 8 0.5146908
29 18 1.0731934
29 13 0.99505764
29 11 1.2135148
29 5 7.9645777
29 34 6.3730774
29 20 5.51169
29 2 0.8485592
29 37 0.8646097
29 7 2000.0
29 27 0.6245052
29 16 44.653614
29 23 5.4430747
29 25 3.191982
30 0 2000.0
30 8 0.767269
30 18 0.684517
30 13 4.8126826
30 33 3.032343
30 11 0.60626835
30 29 2.1557593
30 5 0.7976063
30 34 1.1574785
30 20 31.009445
30 2 18.349874
30 37 5.916396
30 7 0.9135869
30 27 0.18885568
30 16 1.0648047
30 23 1.3765402
30 25 1.778568
31 26 0.07068401
31 6 0.8364606
31 10 0.05023827
31 24 7.8823338
31 9 0.030034617
31 17 1.1757364
31 4 0.09041739
31 19 0.07790437
32 26 19.795145
32 24 0.14844276
32 21 2000.0
32 12 0.20455688
32 15 0.080528505
33 30 3.032343
33 13 0.87668854
33 11 1.8817351
33 29 5608.125
33 5 2000.0
33 34 2000.0
33 20 1.1624166
33 2 3.8849628
33 14 0.45806432
33 7 2000.0
33 27 1.2067953
33 16 2000.0
33 25 0.51322883
34 30 1.1574785
34 20 0.8438159
34 8 4.3412647
34 13 12.328935
34 7 5.536245
34 27 1.2232704
34 16 1215.0568
34 11 2.4559717
34 25 1.8954512
34 29 6.3730774
34 5 2.2559357
35 21 0.029655453
36 26 2000.0
36 28 0.036979165
36 3 0.24038462
36 9 1.3710227
37 30 5.916396
37 0 0.84303033
37 8 0.81444865
37 18 1.3127546
37 13 1.5693631
37 11 1.2430638
37 29 0.8646097
37 20 4.098862
37 2 1.7130477
37 7 15.931347
37 27 1.123018
37 16 35.681606
37 23 1.0579416
37 25 328.3165
