0 8 7.760545
0 2 1.2870045
0 37 0.87605286
0 13 0.7595758
0 11 86.38296
0 29 7.4705534
1 3 0.25128788
1 12 1202.159
2 30 20.793938
2 0 1.2870045
2 8 1.2544332
2 18 5.5728807
2 13 0.7969643
2 33 1.5631982
2 11 0.48343995
2 29 0.79095924
2 20 2.2744777
2 37 0.7071341
2 27 0.5490869
2 16 2000.0
2 23 34.92621
2 25 2.5428715
3 36 0.1654535
3 28 0.07089016
3 24 200.0
3 12 0.05589975
3 1 0.25128788
3 9 0.26063633
4 31 0.08231185
4 9 0.05619321
4 17 0.08623107
4 19 0.08413245
5 30 0.70672697
5 8 0.829769
5 18 0.6567855
5 13 2000.0
5 11 1.5731562
5 29 5.1628795
5 34 2.915946
5 20 2.5170732
5 37 2000.0
5 7 3.8490608
5 27 3.7278771
5 16 1.3753551
5 23 5.286822
6 31 1.2292448
6 17 1.1476626
7 34 7.1370015
7 30 0.89051676
7 20 1.0540425
7 8 15.614879
7 37 8.138376
7 27 59.158627
7 16 1.2032915
7 11 3.1844804
7 23 1.1122478
7 25 13.470325
7 5 3.8490608
8 0 7.760545
8 30 0.6290524
8 18 1.1433681
8 13 4.4155912
8 11 1.0432439
8 29 0.6785391
8 5 0.829769
8 34 2.0288908
8 2 1.2544332
8 37 1.9396125
8 7 15.614879
8 27 1.0238568
8 16 1.4404538
8 23 1.0712322
9 36 1.8660376
9 26 2000.0
9 28 3.178571
9 10 4.304245
9 22 0.32878324
9 31 0.029656619
9 3 0.26063633
9 17 0.042708285
9 4 0.05619321
9 19 0.082433715
10 26 0.03199065
10 28 0.1834504
10 24 0.043287132
10 31 0.049968243
10 12 11.502984
10 9 4.304245
10 17 0.031322155
11 0 86.38296
11 30 0.31086648
11 8 1.0432439
11 18 5.224599
11 13 0.37216297
11 33 1.9185867
11 29 0.5858695
11 5 1.5731562
11 34 2.0720282
11 20 0.7518138
11 2 0.48343995
11 37 1.2699113
11 7 3.1844804
11 27 0.34381878
11 16 0.7907524
11 25 1.571057
12 26 1.8375622
12 28 4.8532743
12 32 0.29587442
12 10 11.502984
12 24 0.081972905
12 21 0.09645626
12 3 0.05589975
13 30 7.198579
13 0 0.7595758
13 8 4.4155912
13 18 137.72072
13 33 0.86504984
13 11 0.37216297
13 29 4.1010933
13 34 7.6322613
13 20 0.53937197
13 2 0.7969643
13 14 3.7730198
13 37 1.6099418
13 27 0.33858243
13 16 3366.0796
13 25 0.91713303
14 20 0.80408305
14 13 3.7730198
14 33 0.36200514
14 27 3.1046023
14 11 2000.0
14 25 2.0063772
15 32 0.067179665
15 21 3.1562502
16 0 2000.0
16 30 1.1220163
16 8 1.4404538
16 18 1.0513256
16 11 0.7907524
16 29 20.708487
16 5 1.3753551
16 20 3.0732589
16 37 31.144533
16 7 1.2032915
16 27 1.2692537
16 23 7.511947
16 25 1.5169713
17 26 2.073957
17 6 1.1476626
17 10 0.031322155
17 24 0.30157742
17 31 1.2102611
17 9 0.042708285
17 4 0.08623107
17 19 2.7189925
18 30 0.7871388
18 2 5.5728807
18 8 1.1433681
18 37 1.0844027
18 7 2000.0
18 13 137.72072
18 27 2.92786
18 16 1.0513256
18 23 1.679629
18 11 5.224599
18 29 1.4204812
18 5 0.6567855
19 31 0.094158836
19 9 0.082433715
19 17 2.7189925
19 4 0.08413245
20 30 15.57153
20 13 0.53937197
20 33 1.2093055
20 11 0.7518138
20 29 4.301457
20 5 2.5170732
20 34 0.7357215
20 2 2.2744777
20 14 0.80408305
20 37 1.735041
20 7 1.0540425
20 27 0.28981194
20 16 3.0732589
20 25 0.8105017
21 10 2000.0
21 24 0.46463066
21 35 0.040191874
21 12 0.09645626
21 15 3.1562502
22 6 1591.9318
22 31 1168.0114
22 9 0.32878324
22 19 1330.5114
23 30 2.2291524
23 0 2000.0
23 2 34.92621
23 8 1.0712322
23 37 4.9590387
23 18 1.679629
23 7 1.1122478
23 16 7.511947
23 11 2000.0
23 29 1.3309282
23 5 5.286822
24 26 0.05995793
24 32 0.12424447
24 10 0.043287132
24 21 0.46463066
24 31 8.12743
24 12 0.081972905
24 3 200.0
24 15 2000.0
24 17 0.30157742
25 0 2000.0
25 30 5.2894588
25 13 0.91713303
25 33 0.32974276
25 11 1.571057
25 29 3.6318114
25 34 1.6088427
25 20 0.8105017
25 2 2.5428715
25 14 2.0063772
25 37 11.807231
25 7 13.470325
25 27 0.73129505
25 16 1.5169713
26 32 19.630835
26 28 0.029939324
26 10 0.03199065
26 24 0.05995793
26 31 0.07456068
26 12 1.8375622
26 17 2.073957
27 0 2000.0
27 30 0.23656528
27 8 1.0238568
27 18 2.92786
27 13 0.33858243
27 33 0.9746255
27 11 0.34381878
27 29 0.70265156
27 5 3.7278771
27 34 0.7677104
27 20 0.28981194
27 2 0.5490869
27 14 3.1046023
27 37 0.58043796
27 7 59.158627
27 16 1.2692537
27 25 0.73129505
28 36 0.048350442
28 26 0.029939324
28 10 0.1834504
28 3 0.07089016
28 12 4.8532743
28 9 3.178571
29 0 7.4705534
29 30 4.2728424
29 8 0.6785391
29 18 1.4204812
29 13 4.1010933
29 11 0.5858695
29 5 5.1628795
29 34 6.1681733
29 20 4.301457
29 2 0.79095924
29 37 0.89210117
29 7 2000.0
29 27 0.70265156
29 16 20.708487
29 23 1.3309282
29 25 3.6318114
30 0 2000.0
30 8 0.6290524
30 18 0.7871388
30 13 7.198579
30 33 2.2985618
30 11 0.31086648
30 29 4.2728424
30 5 0.70672697
30 34 1.1890152
30 20 15.57153
30 2 20.793938
30 14 2000.0
30 37 3.9665365
30 7 0.89051676
30 27 0.23656528
30 16 1.1220163
30 23 2.2291524
30 25 5.2894588
31 26 0.07456068
31 6 1.2292448
31 10 0.049968243
31 24 8.12743
31 9 0.029656619
31 17 1.2102611
31 4 0.08231185
31 19 0.094158836
32 26 19.630835
32 24 0.12424447
32 12 0.29587442
32 15 0.067179665
33 30 2.2985618
33 8 2000.0
33 13 0.86504984
33 11 1.9185867
33 29 2000.0
33 5 2000.0
33 34 2000.0
33 20 1.2093055
33 2 1.5631982
33 14 0.36200514
33 7 2000.0
33 27 0.9746255
33 16 2000.0
33 25 0.32974276
34 30 1.1890152
34 20 0.7357215
34 8 2.0288908
34 13 7.6322613
34 7 7.1370015
34 27 0.7677104
34 16 1215.0568
34 11 2.0720282
34 25 1.6088427
34 29 6.1681733
34 5 2.915946
35 21 0.040191874
36 26 1575.3408
36 28 0.048350442
36 3 0.1654535
36 9 1.8660376
37 30 3.9665365
37 0 0.87605286
37 8 1.9396125
37 18 1.0844027
37 13 1.6099418
37 11 1.2699113
37 29 0.89210117
37 20 1.735041
37 2 0.7071341
37 7 8.138376
37 27 0.58043796
37 16 31.144533
37 23 4.9590387
37 25 11.807231
