0 2 0.9870788
0 37 2.440995
0 13 0.91969347
0 29 29.418924
0 25 8.722696
1 3 1.6548612
1 12 14.390278
2 30 33.63055
2 0 0.9870788
2 8 1.1466932
2 18 2.8795328
2 13 0.86224073
2 33 2.503667
2 11 1.4024147
2 29 1.3920099
2 20 2.9300885
2 37 0.85630196
2 27 1.1895267
2 16 2000.0
2 23 20.77393
2 25 0.8064198
3 36 0.72971344
3 28 40.588196
3 24 80.0
3 12 0.052272726
3 1 1.6548612
3 9 1.0288981
4 31 0.065476194
4 9 0.09306516
4 17 0.15783197
4 19 0.06834408
5 30 0.57411677
5 8 0.58671427
5 18 0.5481489
5 13 30.670046
5 11 2.0369668
5 29 4.821069
5 34 2.4464822
5 20 1.7020153
5 37 5.971058
5 7 20.921398
5 27 2.5730271
5 16 2.1011808
5 23 4.082769
6 31 0.11385478
6 17 4.510528
7 34 266.6667
7 30 0.89717185
7 8 4.498827
7 37 115.50569
7 16 1.2366978
7 23 1.4964628
7 25 2.0042226
7 5 20.921398
8 0 2000.0
8 30 0.38922408
8 18 1.2567402
8 13 0.96411246
8 11 1.0499034
8 29 0.26605147
8 5 0.58671427
8 34 51.11452
8 2 1.1466932
8 37 1.0669941
8 7 4.498827
8 27 1.3129619
8 16 1.6001449
8 23 0.83304745
8 25 2000.0
9 36 0.5721146
9 26 2000.0
9 28 0.91773987
9 10 31.580994
9 22 0.05892468
9 31 0.03166304
9 12 2000.0
9 3 1.0288981
9 4 0.09306516
9 17 0.033560462
9 19 0.07630402
10 26 0.030467585
10 28 0.22674242
10 24 0.11411153
10 31 11.687868
10 12 1489.8864
10 9 31.580994
10 17 0.03651878
11 0 2000.0
11 30 0.62358433
11 8 1.0499034
11 18 11.107525
11 13 0.77673554
11 33 1.9846656
11 29 1.0822443
11 5 2.0369668
11 34 2.9765193
11 20 1.3659644
11 2 1.4024147
11 37 2.5051289
11 7 1745.625
11 27 0.58278346
11 16 1.6256685
11 25 0.75160474
12 26 2.792921
12 32 1.9856544
12 24 0.08926302
12 21 0.22643526
12 3 0.052272726
12 1 14.390278
13 30 97.07926
13 0 0.91969347
13 8 0.96411246
13 18 140.81357
13 33 0.9709786
13 11 0.77673554
13 29 1.1923728
13 5 30.670046
13 34 200.0
13 20 1.1697837
13 2 0.86224073
13 14 4.527237
13 37 1.3992244
13 7 2000.0
13 27 0.34169137
13 16 55.31588
13 25 0.30592525
14 30 9.95302
14 20 5.0640464
14 13 4.527237
14 27 3.6028705
14 33 0.6515849
14 11 2000.0
14 25 1.4295847
15 32 0.08238256
15 21 0.98261386
16 30 1.2305491
16 0 2000.0
16 8 1.6001449
16 18 1.5213668
16 13 55.31588
16 11 1.6256685
16 5 2.1011808
16 34 92.307686
16 20 14.688673
16 7 1.2366978
16 27 1.2575481
16 23 3.2743506
16 25 1.1417686
17 6 4.510528
17 26 1.520231
17 10 0.03651878
17 24 0.07315341
17 31 0.973436
17 9 0.033560462
17 4 0.15783197
17 19 64.28571
18 0 2000.0
18 30 0.674625
18 8 1.2567402
18 13 140.81357
18 11 11.107525
18 29 1.0298026
18 5 0.5481489
18 2 2.8795328
18 37 1.7381998
18 7 2000.0
18 27 21.87444
18 16 1.5213668
18 23 1.1672896
19 28 160.0
19 31 0.080953315
19 9 0.07630402
19 4 0.06834408
19 17 64.28571
20 0 2000.0
20 30 2.788157
20 13 1.1697837
20 33 0.90403956
20 11 1.3659644
20 29 11.774135
20 5 1.7020153
20 34 0.91955626
20 2 2.9300885
20 14 5.0640464
20 37 2.590927
20 7 1554.2046
20 27 1.4929571
20 16 14.688673
20 25 0.37756032
21 26 2000.0
21 32 2000.0
21 24 0.6752319
21 35 0.05882079
21 12 0.22643526
21 15 0.98261386
22 31 203.87048
22 9 0.05892468
22 19 2000.0
23 0 2000.0
23 30 1.6205771
23 8 0.83304745
23 2 20.77393
23 37 1.4233556
23 18 1.1672896
23 7 1.4964628
23 16 3.2743506
23 11 2000.0
23 29 1.3910321
23 5 4.082769
24 26 0.04468986
24 32 0.23166642
24 10 0.11411153
24 21 0.6752319
24 12 0.08926302
24 3 80.0
24 15 2000.0
24 17 0.07315341
25 30 21.286697
25 0 8.722696
25 13 0.30592525
25 33 0.44989604
25 11 0.75160474
25 29 2.2771566
25 34 3.160669
25 20 0.37756032
25 2 0.8064198
25 14 1.4295847
25 37 27.434593
25 7 2.0042226
25 27 0.26937205
25 16 1.1417686
26 32 13.908182
26 28 0.07815249
26 10 0.030467585
26 24 0.04468986
26 31 0.16808157
26 12 2.792921
26 17 1.520231
27 30 0.16098484
27 0 2000.0
27 8 1.3129619
27 18 21.87444
27 13 0.34169137
27 33 0.7686535
27 11 0.58278346
27 29 0.6323103
27 5 2.5730271
27 34 1.1117204
27 20 1.4929571
27 2 1.1895267
27 14 3.6028705
27 37 1.024318
27 7 2000.0
27 16 1.2575481
27 25 0.26937205
28 36 0.031231375
28 26 0.07815249
28 10 0.22674242
28 3 40.588196
28 12 1213.3523
28 9 0.91773987
28 19 160.0
29 0 29.418924
29 30 1.0786358
29 8 0.26605147
29 18 1.0298026
29 13 1.1923728
29 33 13.766125
29 11 1.0822443
29 5 4.821069
29 34 4.9372406
29 20 11.774135
29 2 1.3920099
29 37 0.8923884
29 7 2000.0
29 27 0.6323103
29 16 2000.0
29 23 1.3910321
29 25 2.2771566
30 8 0.38922408
30 18 0.674625
30 13 97.07926
30 33 11.490107
30 11 0.62358433
30 29 1.0786358
30 5 0.57411677
30 34 1.0212605
30 20 2.788157
30 2 33.63055
30 14 9.95302
30 37 27.59803
30 7 0.89717185
30 27 0.16098484
30 16 1.2305491
30 23 1.6205771
30 25 21.286697
31 26 0.16808157
31 6 0.11385478
31 10 11.687868
31 35 15.747802
31 22 203.87048
31 9 0.03166304
31 4 0.065476194
31 17 0.973436
31 19 0.080953315
32 26 13.908182
32 10 2000.0
32 24 0.23166642
32 12 1.9856544
32 15 0.08238256
33 30 11.490107
33 8 2000.0
33 13 0.9709786
33 11 1.9846656
33 29 13.766125
33 5 2000.0
33 34 2000.0
33 20 0.90403956
33 2 2.503667
33 14 0.6515849
33 7 2000.0
33 27 0.7686535
33 16 3017.898
33 25 0.44989604
34 30 1.0212605
34 20 0.91955626
34 8 51.11452
34 37 2000.0
34 7 266.6667
34 13 200.0
34 27 1.1117204
34 16 92.307686
34 11 2.9765193
34 29 4.9372406
34 25 3.160669
34 5 2.4464822
35 21 0.05882079
35 31 15.747802
36 28 0.031231375
36 3 0.72971344
36 9 0.5721146
37 30 27.59803
37 0 2.440995
37 8 1.0669941
37 18 1.7381998
37 13 1.3992244
37 11 2.5051289
37 29 0.8923884
37 5 5.971058
37 20 2.590927
37 2 0.85630196
37 7 115.50569
37 27 1.024318
37 16 2000.0
37 23 1.4233556
37 25 27.434593
