0 2 1.1193181
0 37 2.0414572
0 13 1.7591364
0 29 55.641644
0 25 13.674307
1 3 0.37328935
1 12 35.625004
2 30 14.75907
2 0 1.1193181
2 8 0.95587367
2 18 3.900478
2 13 0.7668932
2 33 1.8865209
2 11 5.2702265
2 29 1.4509838
2 20 6.714555
2 37 0.9018162
2 27 1.1114154
2 16 2000.0
2 23 6.5868597
2 25 0.56106406
3 36 0.28595516
3 28 30.056593
3 24 2000.0
3 12 0.067688145
3 1 0.37328935
3 9 0.30269417
4 31 0.08117756
4 9 0.078629024
4 17 0.12944177
4 19 0.067980416
5 30 0.5602513
5 8 0.48168683
5 18 0.72787195
5 13 15.930567
5 11 10.714711
5 29 6.4494963
5 34 3.0804746
5 20 4.726929
5 37 14.44341
5 7 7.685516
5 27 1.276626
5 16 1.5337732
5 23 3.5260353
5 25 2000.0
6 31 0.12862965
6 17 0.98036313
7 34 353.80585
7 30 0.67358494
7 20 171.66335
7 8 4.428507
7 16 1.030347
7 23 1.2645681
7 11 84.09963
7 25 3.313347
7 5 7.685516
8 0 2000.0
8 30 0.35194054
8 18 1.3030336
8 13 0.750799
8 11 1.1696322
8 29 1.2418875
8 5 0.48168683
8 34 32.954887
8 2 0.95587367
8 37 0.96915066
8 7 4.428507
8 27 1.8520273
8 16 1.5057782
8 23 0.9289044
8 25 2000.0
9 36 0.34994736
9 26 2000.0
9 28 0.7459311
9 10 19.655247
9 22 0.055419438
9 31 0.029167557
9 3 0.30269417
9 12 2000.0
9 4 0.078629024
9 17 0.065451615
9 19 0.07327239
10 26 0.03471391
10 28 0.3463558
10 24 0.17582393
10 31 18.18315
10 12 1181.7045
10 9 19.655247
10 17 0.035692997
11 0 2000.0
11 30 0.8226155
11 8 1.1696322
11 18 10.56145
11 13 0.932452
11 33 2.460571
11 29 2.3643198
11 5 10.714711
11 34 2.1047206
11 20 2.1650608
11 2 5.2702265
11 37 1.3279338
11 7 84.09963
11 27 0.7855999
11 16 1.1526815
11 25 1.0192482
12 26 0.2054595
12 32 4.6511254
12 24 0.063960366
12 21 0.11973469
12 3 0.067688145
12 1 35.625004
13 30 40.430965
13 0 1.7591364
13 8 0.750799
13 33 1.3151973
13 11 0.932452
13 29 1.4142554
13 5 15.930567
13 34 200.0
13 20 1.8042616
13 2 0.7668932
13 14 4.9735646
13 37 1.5116978
13 7 2000.0
13 27 0.42873657
13 16 19.178146
13 25 0.4240779
14 30 15.921229
14 20 3.9534678
14 13 4.9735646
14 27 8.424047
14 33 0.38653663
14 11 2000.0
14 25 3.1502793
15 32 0.07213896
15 21 4.2104235
16 30 1.5251626
16 0 2000.0
16 8 1.5057782
16 18 1.2433378
16 13 19.178146
16 11 1.1526815
16 29 2000.0
16 5 1.5337732
16 34 146.93877
16 20 22.894333
16 7 1.030347
16 27 2.2222223
16 23 2.9997168
16 25 0.96252173
17 6 0.98036313
17 26 2.1514907
17 10 0.035692997
17 24 0.11396414
17 31 1.1666915
17 9 0.065451615
17 4 0.12944177
17 19 1476.599
18 0 2000.0
18 30 0.6720561
18 8 1.3030336
18 13 1739.091
18 11 10.56145
18 29 1.1208395
18 5 0.72787195
18 2 3.900478
18 37 2.7497334
18 7 2000.0
18 27 18.254206
18 16 1.2433378
18 23 1.369422
19 31 0.081287265
19 9 0.07327239
19 4 0.067980416
19 17 1476.599
20 30 3.4453223
20 13 1.8042616
20 33 6.592952
20 11 2.1650608
20 29 11.737956
20 5 4.726929
20 34 1.5365411
20 2 6.714555
20 14 3.9534678
20 37 3.6493256
20 7 171.66335
20 27 2.4252625
20 16 22.894333
20 25 1.0292625
21 26 2000.0
21 24 0.34271002
21 35 0.030537523
21 31 2000.0
21 12 0.11973469
21 15 4.2104235
22 31 68.571434
22 9 0.055419438
22 19 2000.0
23 0 2000.0
23 30 2.0215523
23 8 0.9289044
23 2 6.5868597
23 37 1.604572
23 18 1.369422
23 7 1.2645681
23 16 2.9997168
23 11 2000.0
23 29 1.8725084
23 5 3.5260353
24 26 0.046364833
24 32 0.18827903
24 10 0.17582393
24 21 0.34271002
24 12 0.063960366
24 15 2000.0
24 17 0.11396414
25 30 10.901422
25 0 13.674307
25 13 0.4240779
25 33 0.5718347
25 11 1.0192482
25 29 2.7864265
25 34 2.4668026
25 20 1.0292625
25 2 0.56106406
25 14 3.1502793
25 37 100.0
25 7 3.313347
25 27 0.40990636
25 16 0.96252173
26 32 18.622309
26 28 0.060020227
26 10 0.03471391
26 24 0.046364833
26 31 0.18727402
26 12 0.2054595
26 17 2.1514907
27 30 0.1853741
27 0 2000.0
27 8 1.8520273
27 18 18.254206
27 13 0.42873657
27 33 0.81046754
27 11 0.7855999
27 29 1.2102466
27 5 1.276626
27 34 1.5605191
27 20 2.4252625
27 2 1.1114154
27 14 8.424047
27 37 1.4444535
27 7 1939.4318
27 16 2.2222223
27 25 0.40990636
28 36 0.031215444
28 26 0.060020227
28 10 0.3463558
28 12 1138.4658
28 3 30.056593
28 9 0.7459311
28 19 1384.8295
29 0 55.641644
29 30 1.5532707
29 8 1.2418875
29 18 1.1208395
29 13 1.4142554
29 33 16.090681
29 11 2.3643198
29 5 6.4494963
29 34 4.176173
29 20 11.737956
29 2 1.4509838
29 37 0.80604035
29 7 2000.0
29 27 1.2102466
29 16 2000.0
29 23 1.8725084
29 25 2.7864265
30 8 0.35194054
30 18 0.6720561
30 13 40.430965
30 33 16.30266
30 11 0.8226155
30 29 1.5532707
30 5 0.5602513
30 34 0.87666243
30 20 3.4453223
30 2 14.75907
30 14 15.921229
30 37 13.580914
30 7 0.67358494
30 27 0.1853741
30 16 1.5251626
30 23 2.0215523
30 25 10.901422
31 26 0.18727402
31 6 0.12862965
31 10 18.18315
31 35 1155.8523
31 22 68.571434
31 9 0.029167557
31 4 0.08117756
31 17 1.1666915
31 19 0.081287265
32 26 18.622309
32 24 0.18827903
32 21 2000.0
32 12 4.6511254
32 15 0.07213896
33 30 16.30266
33 8 2000.0
33 13 1.3151973
33 11 2.460571
33 29 16.090681
33 5 2000.0
33 34 2000.0
33 20 6.592952
33 2 1.8865209
33 14 0.38653663
33 7 2000.0
33 27 0.81046754
33 16 3017.898
33 25 0.5718347
34 30 0.87666243
34 20 1.5365411
34 8 32.954887
34 37 2000.0
34 7 353.80585
34 13 200.0
34 27 1.5605191
34 16 146.93877
34 11 2.1047206
34 29 4.176173
34 25 2.4668026
34 5 3.0804746
35 21 0.030537523
35 31 1155.8523
36 28 0.031215444
36 3 0.28595516
36 9 0.34994736
37 30 13.580914
37 0 2.0414572
37 8 0.96915066
37 18 2.7497334
37 13 1.5116978
37 11 1.3279338
37 29 0.80604035
37 5 14.44341
37 20 3.6493256
37 2 0.9018162
37 7 2675.625
37 27 1.4444535
37 16 2000.0
37 23 1.604572
37 25 100.0
