0 8 6.244979
0 2 1.3236407
0 37 0.8631035
0 13 0.6956117
0 11 97.13012
0 29 7.1279645
1 3 0.25260264
1 12 1202.159
2 30 16.681902
2 0 1.3236407
2 8 1.6135687
2 18 12.1622505
2 13 0.6345949
2 33 2.650177
2 11 1.1143608
2 29 0.9718565
2 20 2.2935433
2 37 1.1643418
2 27 0.2554918
2 16 2000.0
2 23 24.396137
2 25 2.2260575
3 36 0.21869017
3 28 0.07136769
3 24 1675.1704
3 12 0.050233934
3 1 0.25260264
3 9 0.17475379
4 31 0.08074693
4 9 0.06379268
4 17 0.08632698
4 19 0.079571635
5 30 0.71601325
5 8 0.7679027
5 18 0.3765568
5 13 2000.0
5 11 2.0742693
5 29 2.964216
5 34 1.5378098
5 20 1.6584814
5 37 2000.0
5 7 5.4054427
5 27 2.219512
5 16 1.4083128
5 23 5.2313304
6 31 0.5452872
6 17 3.08891
7 34 5.0463734
7 30 0.92397034
7 20 2.0484812
7 8 31.722336
7 37 16.20543
7 27 391.85577
7 16 1.835477
7 11 5.244933
7 23 1.038825
7 25 6.380706
7 5 5.4054427
8 0 6.244979
8 30 0.6525385
8 18 0.9198528
8 13 3.5367174
8 11 0.52254224
8 29 0.5104603
8 5 0.7679027
8 34 5.521219
8 2 1.6135687
8 37 0.8316848
8 7 31.722336
8 27 1.5689323
8 16 1.4886332
8 23 1.2555398
9 36 1.9378978
9 26 2000.0
9 28 0.76063055
9 10 4.225743
9 22 0.3219945
9 31 0.03007968
9 12 2000.0
9 3 0.17475379
9 17 0.042769432
9 4 0.06379268
9 19 0.06721302
10 26 0.031864453
10 28 0.16367303
10 24 0.039737795
10 31 0.05058651
10 12 6.561819
10 9 4.225743
10 17 0.032805517
11 0 97.13012
11 30 0.3755682
11 8 0.52254224
11 18 7.0658975
11 13 0.4299981
11 33 1.685516
11 29 0.9707426
11 5 2.0742693
11 34 2.874948
11 20 0.76802063
11 2 1.1143608
11 37 1.290199
11 7 5.244933
11 27 0.38371286
11 16 0.8709314
11 25 1.0359578
12 26 1.8107358
12 28 8.920684
12 32 0.27356648
12 10 6.561819
12 24 0.07954547
12 21 0.06835318
12 3 0.050233934
13 30 3.909572
13 0 0.6956117
13 8 3.5367174
13 18 900.00006
13 33 0.76536363
13 11 0.4299981
13 29 0.5342477
13 34 13.351725
13 20 0.5307303
13 2 0.6345949
13 14 2.6314442
13 37 1.8534886
13 27 0.22023745
13 16 118.418465
13 25 0.68309194
14 34 2000.0
14 20 1.5579685
14 13 2.6314442
14 27 2.3795485
14 33 0.43697396
14 11 2000.0
14 25 2.2634518
15 32 0.07636364
15 21 1.7067224
16 30 1.9349638
16 0 2000.0
16 8 1.4886332
16 18 0.97319883
16 13 118.418465
16 11 0.8709314
16 29 186.92728
16 5 1.4083128
16 20 10.839827
16 37 35.9222
16 7 1.835477
16 27 2.2441223
16 23 13.339876
16 25 1.8051351
17 26 3.3884168
17 6 3.08891
17 10 0.032805517
17 24 0.24307236
17 31 1.8926104
17 9 0.042769432
17 4 0.08632698
17 19 2.54375
18 30 0.70962083
18 2 12.1622505
18 8 0.9198528
18 37 1.1310605
18 13 900.00006
18 7 2000.0
18 27 2.8710046
18 16 0.97319883
18 23 1.3752116
18 11 7.0658975
18 29 1.2392122
18 5 0.3765568
19 31 0.089094274
19 9 0.06721302
19 17 2.54375
19 4 0.079571635
20 30 19.0946
20 13 0.5307303
20 33 1.497887
20 11 0.76802063
20 29 2.3666513
20 5 1.6584814
20 34 0.758136
20 2 2.2935433
20 14 1.5579685
20 37 1.6263857
20 7 2.0484812
20 27 0.65271544
20 16 10.839827
20 25 0.4580678
21 32 2000.0
21 10 2000.0
21 24 0.45931688
21 35 0.044072546
21 12 0.06835318
21 15 1.7067224
22 6 725.3409
22 31 1478.0114
22 9 0.3219945
22 19 1330.5114
23 0 2000.0
23 30 1.9138939
23 2 24.396137
23 8 1.2555398
23 37 1.4023582
23 18 1.3752116
23 7 1.038825
23 16 13.339876
23 11 2000.0
23 29 2.265276
23 5 5.2313304
24 26 0.07260493
24 32 0.12620176
24 10 0.039737795
24 21 0.45931688
24 31 4.4125066
24 12 0.07954547
24 15 2000.0
24 17 0.24307236
25 0 2000.0
25 30 2.8647537
25 13 0.68309194
25 33 0.3642937
25 11 1.0359578
25 29 4.967111
25 34 3.440959
25 20 0.4580678
25 2 2.2260575
25 14 2.2634518
25 37 76.59714
25 7 6.380706
25 27 0.74919116
25 16 1.8051351
26 36 266.6667
26 32 25.204962
26 28 0.06695795
26 10 0.031864453
26 24 0.07260493
26 31 0.072860226
26 12 1.8107358
26 17 3.3884168
27 0 2000.0
27 30 0.22708324
27 8 1.5689323
27 18 2.8710046
27 13 0.22023745
27 33 0.78660566
27 11 0.38371286
27 29 0.7113861
27 5 2.219512
27 34 0.8629622
27 20 0.65271544
27 2 0.2554918
27 14 2.3795485
27 37 0.8083195
27 7 391.85577
27 16 2.2441223
27 25 0.74919116
28 36 0.036737077
28 26 0.06695795
28 10 0.16367303
28 3 0.07136769
28 12 8.920684
28 9 0.76063055
29 0 7.1279645
29 30 5.255778
29 8 0.5104603
29 18 1.2392122
29 13 0.5342477
29 11 0.9707426
29 5 2.964216
29 34 6.9897847
29 20 2.3666513
29 2 0.9718565
29 37 1.1399398
29 27 0.7113861
29 16 186.92728
29 23 2.265276
29 25 4.967111
30 0 2000.0
30 8 0.6525385
30 18 0.70962083
30 13 3.909572
30 33 2.1104548
30 11 0.3755682
30 29 5.255778
30 5 0.71601325
30 34 1.3496778
30 20 19.0946
30 2 16.681902
30 37 3.551209
30 7 0.92397034
30 27 0.22708324
30 16 1.9349638
30 23 1.9138939
30 25 2.8647537
31 26 0.072860226
31 6 0.5452872
31 10 0.05058651
31 24 4.4125066
31 9 0.03007968
31 17 1.8926104
31 4 0.08074693
31 19 0.089094274
32 26 25.204962
32 24 0.12620176
32 12 0.27356648
32 15 0.07636364
33 30 2.1104548
33 13 0.76536363
33 11 1.685516
33 29 5608.125
33 5 2000.0
33 34 2000.0
33 20 1.497887
33 2 2.650177
33 14 0.43697396
33 7 2000.0
33 27 0.78660566
33 16 2000.0
33 25 0.3642937
34 30 1.3496778
34 20 0.758136
34 8 5.521219
34 13 13.351725
34 7 5.0463734
34 27 0.8629622
34 16 1215.0568
34 11 2.874948
34 25 3.440959
34 29 6.9897847
34 5 1.5378098
35 21 0.044072546
36 26 266.6667
36 28 0.036737077
36 3 0.21869017
36 9 1.9378978
37 30 3.551209
37 0 0.8631035
37 8 0.8316848
37 18 1.1310605
37 13 1.8534886
37 11 1.290199
37 29 1.1399398
37 20 1.6263857
37 2 1.1643418
37 7 16.20543
37 27 0.8083195
37 16 35.9222
37 23 1.4023582
37 25 76.59714
