0 2 0.66243315
0 37 0.90395474
0 13 0.7606248
0 29 34.735836
0 25 12.538021
1 3 0.74776393
1 12 17.46237
2 30 22.478334
2 0 0.66243315
2 8 1.2457348
2 18 2.0312014
2 13 0.49549004
2 33 3.1563907
2 11 1.1927668
2 29 1.1872507
2 20 2.7156384
2 37 0.82616526
2 27 0.7159672
2 16 2000.0
2 23 8.605543
2 25 0.98209745
3 36 0.49308103
3 28 4.9480114
3 24 2000.0
3 12 0.053965446
3 1 0.74776393
3 9 0.9749753
4 31 0.0769933
4 9 0.06717225
4 17 0.24699467
4 19 0.09541058
5 30 0.73903006
5 8 0.81441087
5 18 0.36424243
5 13 24.67059
5 11 1.9162866
5 29 11.31993
5 34 5.2797527
5 20 2.1726189
5 37 70.201164
5 7 8.121478
5 27 1.8450797
5 16 1.6154836
5 23 3.093238
6 31 0.11592869
6 17 1.4844788
7 30 1.0058299
7 20 32.457462
7 8 5.8250537
7 37 123.07693
7 16 1.0282362
7 11 87.23709
7 23 1.3506609
7 25 4.37987
7 5 8.121478
8 0 2000.0
8 30 0.3592519
8 18 1.1628652
8 13 1.1702819
8 11 0.98539275
8 29 0.86915094
8 5 0.81441087
8 34 104.75682
8 2 1.2457348
8 37 0.8872814
8 7 5.8250537
8 27 1.0478325
8 16 1.9706334
8 23 0.9754472
8 25 2000.0
9 36 0.39391837
9 26 2000.0
9 28 1.1911157
9 10 17.42694
9 22 0.060543958
9 31 0.030160805
9 3 0.9749753
9 12 2000.0
9 4 0.06717225
9 17 0.03757238
9 19 0.0712785
10 26 0.028636716
10 28 0.48826984
10 24 0.111453354
10 31 11.731494
10 12 1489.8864
10 9 17.42694
10 17 0.035433993
11 0 2000.0
11 30 0.68851465
11 8 0.98539275
11 18 5.805891
11 13 0.6529974
11 33 2.233117
11 29 0.835835
11 5 1.9162866
11 34 2.4565818
11 20 0.9136649
11 2 1.1927668
11 37 1.6129571
11 7 87.23709
11 27 0.73524034
11 16 0.97490245
11 25 0.97120947
12 26 1.440379
12 32 4.709034
12 24 0.08309717
12 21 0.22612606
12 3 0.053965446
12 1 17.46237
12 15 2000.0
13 30 27.311365
13 0 0.7606248
13 8 1.1702819
13 18 133.33334
13 33 1.6096977
13 11 0.6529974
13 29 1.1283772
13 5 24.67059
13 34 76.04104
13 20 0.9903688
13 2 0.49549004
13 14 6.553419
13 37 1.2591877
13 7 2000.0
13 27 0.700276
13 16 41.333927
13 25 0.25004736
14 30 8.092398
14 20 1.4679925
14 13 6.553419
14 27 3.0782828
14 33 0.42679977
14 11 2000.0
14 25 2.7135673
15 32 0.07392373
15 21 1.8253813
16 30 1.0748911
16 0 2000.0
16 8 1.9706334
16 18 1.8739536
16 13 41.333927
16 11 0.97490245
16 5 1.6154836
16 34 92.06144
16 20 13.694612
16 7 1.0282362
16 27 1.4504118
16 23 1.8312709
16 25 1.3271257
17 6 1.4844788
17 26 1.3749216
17 10 0.035433993
17 24 0.11727737
17 31 1.0318182
17 9 0.03757238
17 4 0.24699467
17 19 44.15057
18 0 2000.0
18 30 0.658476
18 8 1.1628652
18 2 2.0312014
18 37 2.8803267
18 13 133.33334
18 27 19.261152
18 16 1.8739536
18 11 5.805891
18 23 1.0752811
18 29 1.5816896
18 5 0.36424243
19 31 0.09215904
19 9 0.0712785
19 17 44.15057
19 4 0.09541058
20 30 1.3553361
20 13 0.9903688
20 33 0.896499
20 11 0.9136649
20 29 6.349355
20 5 2.1726189
20 34 0.9737141
20 2 2.7156384
20 14 1.4679925
20 37 5.03965
20 7 32.457462
20 27 1.0194753
20 16 13.694612
20 25 0.51039934
21 10 2000.0
21 24 0.5301321
21 35 0.030160805
21 12 0.22612606
21 15 1.8253813
22 31 327.27274
22 9 0.060543958
22 19 2000.0
23 30 1.5138613
23 0 2000.0
23 8 0.9754472
23 2 8.605543
23 37 0.7194129
23 18 1.0752811
23 7 1.3506609
23 16 1.8312709
23 11 2000.0
23 29 1.6033187
23 5 3.093238
24 26 0.04008051
24 32 0.3585987
24 10 0.111453354
24 21 0.5301321
24 12 0.08309717
24 15 2000.0
24 17 0.11727737
25 30 15.661554
25 0 12.538021
25 13 0.25004736
25 33 0.67965907
25 11 0.97120947
25 29 3.6367598
25 34 2.361464
25 20 0.51039934
25 2 0.98209745
25 14 2.7135673
25 37 34.572243
25 7 4.37987
25 27 0.39091036
25 16 1.3271257
26 32 14.104661
26 28 0.12094157
26 10 0.028636716
26 24 0.04008051
26 31 0.15665513
26 12 1.440379
26 17 1.3749216
27 30 0.4684556
27 0 2000.0
27 8 1.0478325
27 18 19.261152
27 13 0.700276
27 33 0.7675891
27 11 0.73524034
27 29 0.8747629
27 5 1.8450797
27 34 1.2773637
27 20 1.0194753
27 2 0.7159672
27 14 3.0782828
27 37 1.5250179
27 7 2000.0
27 16 1.4504118
27 25 0.39091036
28 36 0.031026453
28 26 0.12094157
28 10 0.48826984
28 3 4.9480114
28 12 1192.1023
28 9 1.1911157
28 19 1373.466
29 0 34.735836
29 30 1.4201092
29 8 0.86915094
29 18 1.5816896
29 13 1.1283772
29 33 18.316065
29 11 0.835835
29 5 11.31993
29 34 4.826245
29 20 6.349355
29 2 1.1872507
29 37 1.071237
29 7 2000.0
29 27 0.8747629
29 16 2000.0
29 23 1.6033187
29 25 3.6367598
30 8 0.3592519
30 18 0.658476
30 13 27.311365
30 33 12.727336
30 11 0.68851465
30 29 1.4201092
30 5 0.73903006
30 34 0.9434912
30 20 1.3553361
30 2 22.478334
30 14 8.092398
30 37 32.40292
30 7 1.0058299
30 27 0.4684556
30 16 1.0748911
30 23 1.5138613
30 25 15.661554
31 26 0.15665513
31 6 0.11592869
31 10 11.731494
31 35 29.72682
31 22 327.27274
31 9 0.030160805
31 4 0.0769933
31 17 1.0318182
31 19 0.09215904
32 26 14.104661
32 24 0.3585987
32 21 2000.0
32 12 4.709034
32 15 0.07392373
33 34 2000.0
33 30 12.727336
33 20 0.896499
33 2 3.1563907
33 14 0.42679977
33 7 2000.0
33 13 1.6096977
33 27 0.7675891
33 16 3017.898
33 11 2.233117
33 29 18.316065
33 25 0.67965907
34 30 0.9434912
34 20 0.9737141
34 8 104.75682
34 37 2000.0
34 7 2000.0
34 13 76.04104
34 27 1.2773637
34 16 92.06144
34 11 2.4565818
34 29 4.826245
34 25 2.361464
34 5 5.2797527
35 21 0.030160805
35 31 29.72682
36 28 0.031026453
36 3 0.49308103
36 9 0.39391837
37 30 32.40292
37 0 0.90395474
37 8 0.8872814
37 18 2.8803267
37 13 1.2591877
37 11 1.6129571
37 29 1.071237
37 5 70.201164
37 20 5.03965
37 2 0.82616526
37 7 123.07693
37 27 1.5250179
37 16 2000.0
37 23 0.7194129
37 25 34.572243
