0 8 11.80057
0 2 0.8846154
0 37 0.98145247
0 13 0.89550936
0 11 41.80114
0 25 514.2857
0 29 13.979687
1 3 0.35513434
1 12 74.86859
2 30 14.393939
2 0 0.8846154
2 8 2.365148
2 18 8.204164
2 13 0.39911997
2 33 4.567614
2 11 1.1244723
2 29 1.1085488
2 20 5.795353
2 37 0.98350513
2 27 0.86347646
2 23 19.409416
2 25 2.7673454
3 36 0.23598486
3 28 0.09109291
3 24 2000.0
3 12 0.06094284
3 1 0.35513434
3 9 0.27337274
4 31 0.083971776
4 9 0.06957899
4 17 0.09091981
4 19 0.082036324
5 30 0.7205439
5 8 0.86886686
5 18 0.577146
5 13 2000.0
5 11 7.677771
5 29 5.070787
5 34 4.246538
5 20 2.6144993
5 37 2000.0
5 7 7.9168606
5 27 2.0919807
5 16 1.3225516
5 23 6.9636664
6 22 200.0
6 31 1.6588844
6 17 1.287805
7 34 24.183334
7 30 0.9211546
7 20 2.1674566
7 8 29.719038
7 37 10.789356
7 27 80.0
7 16 1.1646993
7 11 7.827738
7 23 1.1730005
7 25 11.974899
7 5 7.9168606
8 0 11.80057
8 30 0.5964016
8 18 0.98899037
8 13 2.2414153
8 11 0.62913764
8 29 1.1298606
8 5 0.86886686
8 34 4.580564
8 2 2.365148
8 37 1.2291243
8 7 29.719038
8 27 0.99474293
8 16 1.4134278
8 23 0.92567754
9 36 0.7830634
9 26 2000.0
9 28 3.8525138
9 10 2.636604
9 22 0.39844373
9 31 0.02860869
9 3 0.27337274
9 17 0.059761547
9 4 0.06957899
9 19 0.06623959
10 26 0.035483498
10 28 0.18807024
10 24 0.07454612
10 31 0.06361926
10 12 4.413779
10 9 2.636604
10 17 0.029904928
11 0 41.80114
11 30 0.3929974
11 8 0.62913764
11 18 5.168807
11 13 0.49542418
11 33 2.478733
11 29 1.153607
11 5 7.677771
11 34 3.6860645
11 20 0.8640504
11 2 1.1244723
11 37 1.4596151
11 7 7.827738
11 27 0.540667
11 16 0.64878726
11 25 1.3403758
12 26 1.2757802
12 28 6.2003255
12 32 0.17770036
12 10 4.413779
12 24 0.062452216
12 21 0.07095721
12 3 0.06094284
12 1 74.86859
13 30 2.5356297
13 0 0.89550936
13 8 2.2414153
13 18 228.57143
13 33 0.9280887
13 11 0.49542418
13 29 0.70985794
13 34 7.0026517
13 20 0.47727275
13 2 0.39911997
13 14 3.3977976
13 37 2.6043136
13 27 0.27518043
13 16 41.91667
13 25 0.5827837
14 20 1.0557897
14 13 3.3977976
14 33 0.42574382
14 27 2.601782
14 11 2000.0
14 25 1.9955144
15 32 0.06924547
15 21 2.2527843
16 0 2000.0
16 30 1.1018816
16 8 1.4134278
16 18 0.70203143
16 13 41.91667
16 11 0.64878726
16 29 25.097342
16 5 1.3225516
16 20 5.690817
16 37 70.85682
16 7 1.1646993
16 27 1.282692
16 23 5.525046
16 25 1.4572563
17 26 1.9533637
17 6 1.287805
17 10 0.029904928
17 24 0.20924585
17 31 1.3319176
17 9 0.059761547
17 4 0.09091981
17 19 2.733094
18 30 0.6913335
18 2 8.204164
18 8 0.98899037
18 37 1.0039537
18 13 228.57143
18 7 2000.0
18 27 3.463976
18 16 0.70203143
18 23 1.2051051
18 11 5.168807
18 29 1.184126
18 5 0.577146
19 22 1248.466
19 31 0.0701974
19 9 0.06623959
19 17 2.733094
19 4 0.082036324
20 0 2000.0
20 30 6.6574674
20 13 0.47727275
20 33 1.7774101
20 11 0.8640504
20 29 3.1839945
20 5 2.6144993
20 34 1.1082084
20 2 5.795353
20 14 1.0557897
20 37 5.8203106
20 7 2.1674566
20 27 0.7480584
20 16 5.690817
20 25 0.9564383
21 26 2000.0
21 32 2000.0
21 10 2000.0
21 24 0.12442587
21 35 0.04010344
21 12 0.07095721
21 15 2.2527843
22 6 200.0
22 31 1076.3068
22 9 0.39844373
22 19 1248.466
23 30 1.9487251
23 0 2000.0
23 2 19.409416
23 8 0.92567754
23 37 2.2498813
23 18 1.2051051
23 7 1.1730005
23 16 5.525046
23 11 2000.0
23 29 5.612492
23 5 6.9636664
24 26 0.0787895
24 32 0.097165614
24 28 2000.0
24 10 0.07454612
24 21 0.12442587
24 31 8.735903
24 12 0.062452216
24 15 2000.0
24 17 0.20924585
25 0 514.2857
25 30 4.296545
25 13 0.5827837
25 33 0.6035561
25 11 1.3403758
25 29 3.4500685
25 34 2.4853745
25 20 0.9564383
25 2 2.7673454
25 14 1.9955144
25 37 11.891099
25 7 11.974899
25 27 0.73135704
25 16 1.4572563
26 32 28.72434
26 28 0.036061153
26 10 0.035483498
26 24 0.0787895
26 31 0.07247636
26 12 1.2757802
26 17 1.9533637
27 0 2000.0
27 30 0.18690191
27 8 0.99474293
27 18 3.463976
27 13 0.27518043
27 33 1.0737671
27 11 0.540667
27 29 0.8070542
27 5 2.0919807
27 34 1.1590277
27 20 0.7480584
27 2 0.86347646
27 14 2.601782
27 37 1.7255455
27 7 80.0
27 16 1.282692
27 25 0.73135704
28 36 0.040995654
28 26 0.036061153
28 10 0.18807024
28 3 0.09109291
28 12 6.2003255
28 9 3.8525138
29 0 13.979687
29 30 4.9614344
29 8 1.1298606
29 18 1.184126
29 13 0.70985794
29 11 1.153607
29 5 5.070787
29 34 6.122412
29 20 3.1839945
29 2 1.1085488
29 37 1.3273144
29 7 2000.0
29 27 0.8070542
29 16 25.097342
29 23 5.612492
29 25 3.4500685
30 0 2000.0
30 8 0.5964016
30 18 0.6913335
30 13 2.5356297
30 33 2.5645761
30 11 0.3929974
30 29 4.9614344
30 5 0.7205439
30 34 2.590306
30 20 6.6574674
30 2 14.393939
30 37 3.6938305
30 7 0.9211546
30 27 0.18690191
30 16 1.1018816
30 23 1.9487251
30 25 4.296545
31 26 0.07247636
31 6 1.6588844
31 10 0.06361926
31 24 8.735903
31 9 0.02860869
31 17 1.3319176
31 4 0.083971776
31 19 0.0701974
32 26 28.72434
32 24 0.097165614
32 12 0.17770036
32 15 0.06924547
33 30 2.5645761
33 13 0.9280887
33 11 2.478733
33 29 2287.557
33 5 2000.0
33 34 327.27274
33 20 1.7774101
33 2 4.567614
33 14 0.42574382
33 7 2000.0
33 27 1.0737671
33 16 2000.0
33 25 0.6035561
34 30 2.590306
34 20 1.1082084
34 8 4.580564
34 7 24.183334
34 13 7.0026517
34 27 1.1590277
34 16 2536.0227
34 11 3.6860645
34 25 2.4853745
34 29 6.122412
34 5 4.246538
35 21 0.04010344
36 26 2000.0
36 28 0.040995654
36 3 0.23598486
36 9 0.7830634
37 30 3.6938305
37 0 0.98145247
37 8 1.2291243
37 18 1.0039537
37 13 2.6043136
37 11 1.4596151
37 29 1.3273144
37 20 5.8203106
37 2 0.98350513
37 7 10.789356
37 27 1.7255455
37 16 70.85682
37 23 2.2498813
37 25 11.891099
