0 2 0.8665496
0 37 1.3085307
0 13 0.8215126
0 29 33.730335
0 25 11.29697
1 3 0.5907576
1 12 14.173068
2 30 34.94257
2 0 0.8665496
2 8 1.6046532
2 18 2.3379536
2 13 0.6843124
2 33 2.23679
2 11 2.2047937
2 29 1.6156664
2 20 2.686822
2 37 0.8262586
2 27 1.8439728
2 16 2000.0
2 23 11.035663
2 25 0.99720204
3 36 0.5562072
3 28 22.699184
3 24 2000.0
3 12 0.074191935
3 1 0.5907576
3 9 0.3435438
4 31 0.06764071
4 9 0.080580115
4 17 0.13762227
4 19 0.07371122
5 30 0.7867852
5 8 0.5990927
5 18 1.1164604
5 13 20.490911
5 11 1.2306354
5 29 5.7660513
5 34 2.566399
5 20 1.8888248
5 37 14.287975
5 7 7.9027905
5 27 1.123232
5 16 1.6905725
5 23 2.047486
5 25 2000.0
6 31 0.3133981
6 17 1.1053582
7 30 1.2248803
7 20 73.6572
7 8 4.718385
7 16 1.0442834
7 11 57.323383
7 23 1.7179717
7 25 3.4370978
7 5 7.9027905
8 0 2000.0
8 30 0.48031336
8 18 1.3027055
8 13 0.8677364
8 11 0.81583065
8 29 0.4058495
8 5 0.5990927
8 34 29.16401
8 2 1.6046532
8 37 1.386922
8 7 4.718385
8 27 1.0890093
8 16 1.5880721
8 23 0.846215
8 25 2000.0
9 36 0.5543243
9 26 2000.0
9 28 0.9723849
9 10 34.44976
9 22 0.04662757
9 31 0.029565888
9 3 0.3435438
9 12 2000.0
9 4 0.080580115
9 17 0.039675705
9 19 0.07188002
10 26 0.03509245
10 28 0.66579914
10 24 0.10216188
10 31 15.474948
10 12 1275.625
10 9 34.44976
10 17 0.05312367
11 0 2000.0
11 30 0.76908475
11 8 0.81583065
11 18 9.575506
11 13 0.8048456
11 33 2.0760815
11 29 1.1664773
11 5 1.2306354
11 34 1.6648489
11 20 1.3678186
11 2 2.2047937
11 37 1.6541567
11 7 57.323383
11 27 0.6044083
11 16 1.0609815
11 25 0.7744807
12 26 1.4716526
12 32 3.6860797
12 28 158.87502
12 24 0.06671427
12 21 0.1194182
12 3 0.074191935
12 1 14.173068
13 30 26.501015
13 0 0.8215126
13 8 0.8677364
13 18 203.20316
13 33 0.9553184
13 11 0.8048456
13 29 0.88721824
13 5 20.490911
13 34 376.2881
13 20 0.86186224
13 2 0.6843124
13 14 5.767437
13 37 0.9604221
13 7 2000.0
13 27 0.33817104
13 16 43.86973
13 25 0.24086992
14 30 12.325641
14 20 1.4192677
14 13 5.767437
14 27 2.3708887
14 33 0.38041905
14 11 2000.0
14 25 2.2956765
15 32 0.06911075
15 21 6.97096
16 0 2000.0
16 30 1.076389
16 8 1.5880721
16 18 1.4229472
16 13 43.86973
16 11 1.0609815
16 5 1.6905725
16 34 30.201382
16 20 10.2969
16 7 1.0442834
16 27 1.4593757
16 23 3.2266965
16 25 1.5503998
17 6 1.1053582
17 26 1.7930967
17 10 0.05312367
17 24 0.135983
17 31 0.9339464
17 9 0.039675705
17 4 0.13762227
17 19 56.704765
18 0 2000.0
18 30 0.60593134
18 8 1.3027055
18 13 203.20316
18 11 9.575506
18 29 1.0417714
18 5 1.1164604
18 2 2.3379536
18 37 2.735918
18 7 2000.0
18 27 36.090893
18 16 1.4229472
18 23 1.4283775
19 28 159.94795
19 31 0.07607323
19 9 0.07188002
19 17 56.704765
19 4 0.07371122
20 30 0.89912045
20 13 0.86186224
20 33 1.5403218
20 11 1.3678186
20 29 9.252111
20 5 1.8888248
20 34 0.81891954
20 2 2.686822
20 14 1.4192677
20 37 5.4417324
20 7 73.6572
20 27 0.6587007
20 16 10.2969
20 25 0.7112003
21 32 2000.0
21 24 1.2745823
21 35 0.03155798
21 31 2000.0
21 12 0.1194182
21 15 6.97096
21 4 2000.0
22 31 114.28571
22 9 0.04662757
22 19 2000.0
23 0 2000.0
23 30 2.8666317
23 8 0.846215
23 2 11.035663
23 37 2.4527388
23 18 1.4283775
23 7 1.7179717
23 16 3.2266965
23 11 2000.0
23 29 2.1971545
23 5 2.047486
24 26 0.05240231
24 32 0.2151113
24 10 0.10216188
24 21 1.2745823
24 12 0.06671427
24 17 0.135983
25 30 11.873711
25 0 11.29697
25 13 0.24086992
25 33 0.8672103
25 11 0.7744807
25 29 2.7861779
25 34 2.0790956
25 20 0.7112003
25 2 0.99720204
25 14 2.2956765
25 37 74.107956
25 7 3.4370978
25 27 0.22465332
25 16 1.5503998
26 32 23.90625
26 28 0.06297654
26 10 0.03509245
26 24 0.05240231
26 31 0.31463847
26 12 1.4716526
26 17 1.7930967
27 30 0.26831812
27 0 2000.0
27 8 1.0890093
27 18 36.090893
27 13 0.33817104
27 33 0.8741645
27 11 0.6044083
27 29 0.7603449
27 5 1.123232
27 34 0.8458516
27 20 0.6587007
27 2 1.8439728
27 14 2.3708887
27 37 0.92698556
27 7 2000.0
27 16 1.4593757
27 25 0.22465332
28 36 0.034631453
28 26 0.06297654
28 10 0.66579914
28 3 22.699184
28 12 158.87502
28 9 0.9723849
28 19 159.94795
29 0 33.730335
29 30 1.9995334
29 8 0.4058495
29 18 1.0417714
29 13 0.88721824
29 33 19.668106
29 11 1.1664773
29 5 5.7660513
29 34 2.5138829
29 20 9.252111
29 2 1.6156664
29 37 1.2918701
29 7 2000.0
29 27 0.7603449
29 16 2000.0
29 23 2.1971545
29 25 2.7861779
30 8 0.48031336
30 18 0.60593134
30 13 26.501015
30 33 18.828644
30 11 0.76908475
30 29 1.9995334
30 5 0.7867852
30 34 0.9092281
30 20 0.89912045
30 2 34.94257
30 14 12.325641
30 37 25.62929
30 7 1.2248803
30 27 0.26831812
30 16 1.076389
30 23 2.8666317
30 25 11.873711
31 26 0.31463847
31 6 0.3133981
31 10 15.474948
31 35 34.451614
31 22 114.28571
31 9 0.029565888
31 4 0.06764071
31 17 0.9339464
31 19 0.07607323
32 26 23.90625
32 24 0.2151113
32 12 3.6860797
32 15 0.06911075
33 30 18.828644
33 8 2000.0
33 13 0.9553184
33 11 2.0760815
33 29 19.668106
33 34 2000.0
33 20 1.5403218
33 2 2.23679
33 14 0.38041905
33 7 2000.0
33 27 0.8741645
33 16 3017.898
33 25 0.8672103
34 30 0.9092281
34 20 0.81891954
34 8 29.16401
34 37 2000.0
34 7 2000.0
34 13 376.2881
34 27 0.8458516
34 16 30.201382
34 11 1.6648489
34 29 2.5138829
34 25 2.0790956
34 5 2.566399
35 21 0.03155798
35 31 34.451614
36 28 0.034631453
36 3 0.5562072
36 9 0.5543243
37 30 25.62929
37 0 1.3085307
37 8 1.386922
37 18 2.735918
37 13 0.9604221
37 11 1.6541567
37 29 1.2918701
37 5 14.287975
37 20 5.4417324
37 2 0.8262586
37 7 2593.3523
37 27 0.92698556
37 16 2000.0
37 23 2.4527388
37 25 74.107956
