0 2 1.5164614
0 37 1.7226973
0 13 0.93213487
0 29 42.86058
0 25 13.602164
1 3 0.46866173
1 12 23.730625
2 30 9.382914
2 0 1.5164614
2 8 1.5664699
2 18 2.0527415
2 13 0.47245678
2 33 2.211454
2 11 2.2204452
2 29 1.2891421
2 20 3.009091
2 37 0.89349383
2 27 1.0553409
2 16 2000.0
2 23 7.6325107
2 25 0.4894532
3 36 0.47294226
3 28 4.16411
3 24 200.0
3 12 0.07453603
3 1 0.46866173
3 9 0.81138986
4 31 0.07117771
4 9 0.08506494
4 17 0.1520117
4 19 0.07444654
5 30 0.51788074
5 8 0.38955954
5 18 0.92301804
5 13 25.017706
5 11 1.4505001
5 29 3.1980746
5 34 2.2941613
5 20 2.8162427
5 37 15.681613
5 7 16.944132
5 27 0.8455028
5 16 1.6907585
5 23 2.0522125
5 25 2000.0
6 31 0.17268811
6 17 7.0280075
7 30 0.5760065
7 20 225.1425
7 8 4.17117
7 37 294.36978
7 16 1.2400991
7 23 1.4689748
7 11 91.04124
7 25 2.2752695
7 5 16.944132
8 0 2000.0
8 30 0.5130591
8 18 1.1740922
8 13 2.2880747
8 11 0.93471074
8 29 0.37914336
8 5 0.38955954
8 34 20.14765
8 2 1.5664699
8 37 0.7836287
8 7 4.17117
8 27 1.0386589
8 16 1.6195005
8 23 0.8631087
8 25 2000.0
9 36 0.3216218
9 28 1.4140079
9 10 31.34022
9 22 0.05110842
9 31 0.030306086
9 3 0.81138986
9 12 2000.0
9 4 0.08506494
9 17 0.03585688
9 19 0.07935344
10 26 0.030635998
10 28 0.2210044
10 24 0.08365859
10 31 13.407587
10 12 1293.3523
10 9 31.34022
10 17 0.030153096
11 0 2000.0
11 30 0.7823874
11 8 0.93471074
11 18 7.299682
11 13 1.085739
11 33 1.7800943
11 29 1.2678064
11 5 1.4505001
11 34 2.7807522
11 20 1.6920426
11 2 2.2204452
11 37 1.5348833
11 7 91.04124
11 27 0.68455094
11 16 1.4484388
11 25 0.5547173
12 26 0.38119325
12 32 15.775001
12 28 1211.9319
12 24 0.06572513
12 21 0.3098586
12 3 0.07453603
12 1 23.730625
13 30 10.158288
13 0 0.93213487
13 8 2.2880747
13 18 266.6667
13 33 0.93161064
13 11 1.085739
13 29 1.1771599
13 5 25.017706
13 34 2000.0
13 20 1.000269
13 2 0.47245678
13 14 6.9194
13 37 1.1918449
13 7 2000.0
13 27 0.40684253
13 16 33.8625
13 25 0.24424398
14 30 10.625755
14 20 2.2128038
14 13 6.9194
14 27 1.8802032
14 33 0.43142945
14 11 2000.0
14 25 2.7539713
15 32 0.07811739
15 21 5.664754
16 30 1.1053299
16 0 2000.0
16 8 1.6195005
16 18 1.099066
16 13 33.8625
16 11 1.4484388
16 5 1.6907585
16 34 36.538055
16 20 24.195501
16 7 1.2400991
16 27 1.4106351
16 23 2.1498175
16 25 1.4522647
17 6 7.0280075
17 26 1.593257
17 10 0.030153096
17 24 0.15581444
17 31 0.9795962
17 9 0.03585688
17 4 0.1520117
17 19 53.417194
18 0 2000.0
18 30 0.6411858
18 8 1.1740922
18 13 266.6667
18 11 7.299682
18 29 0.8885585
18 5 0.92301804
18 2 2.0527415
18 37 1.9922845
18 7 2000.0
18 27 20.888067
18 16 1.099066
18 23 1.4384948
19 31 0.05570976
19 9 0.07935344
19 4 0.07444654
19 17 53.417194
20 30 2.0811317
20 13 1.000269
20 33 1.0119042
20 11 1.6920426
20 29 9.408686
20 5 2.8162427
20 34 0.8161182
20 2 3.009091
20 14 2.2128038
20 37 2.4799216
20 7 225.1425
20 27 2.209578
20 16 24.195501
20 25 0.5154883
21 32 2000.0
21 24 1.0762504
21 35 0.047334727
21 31 2000.0
21 12 0.3098586
21 15 5.664754
22 31 211.76471
22 9 0.05110842
22 19 2000.0
23 0 2000.0
23 30 1.2208806
23 8 0.8631087
23 2 7.6325107
23 37 1.0862191
23 18 1.4384948
23 7 1.4689748
23 16 2.1498175
23 11 2000.0
23 29 1.2307285
23 5 2.0522125
24 26 0.04037628
24 32 0.30515802
24 10 0.08365859
24 21 1.0762504
24 12 0.06572513
24 3 200.0
24 15 2000.0
24 17 0.15581444
25 30 15.735833
25 0 13.602164
25 13 0.24424398
25 33 0.63799566
25 11 0.5547173
25 29 1.428974
25 34 1.3395294
25 20 0.5154883
25 2 0.4894532
25 14 2.7539713
25 7 2.2752695
25 27 0.25116837
25 16 1.4522647
26 32 17.841053
26 28 0.059182547
26 10 0.030635998
26 24 0.04037628
26 31 0.17936157
26 12 0.38119325
26 17 1.593257
27 30 0.22503722
27 0 2000.0
27 8 1.0386589
27 18 20.888067
27 13 0.40684253
27 33 0.67239064
27 11 0.68455094
27 29 0.67795193
27 5 0.8455028
27 34 0.8748277
27 20 2.209578
27 2 1.0553409
27 14 1.8802032
27 37 1.142786
27 7 7117.8975
27 16 1.4106351
27 25 0.25116837
28 36 0.065018944
28 26 0.059182547
28 10 0.2210044
28 3 4.16411
28 12 1211.9319
28 9 1.4140079
28 19 1378.2386
29 0 42.86058
29 30 1.2907611
29 8 0.37914336
29 18 0.8885585
29 13 1.1771599
29 33 22.527777
29 11 1.2678064
29 5 3.1980746
29 34 5.0193367
29 20 9.408686
29 2 1.2891421
29 37 0.88122016
29 7 2000.0
29 27 0.67795193
29 16 2000.0
29 23 1.2307285
29 25 1.428974
30 8 0.5130591
30 18 0.6411858
30 13 10.158288
30 33 6.324988
30 11 0.7823874
30 29 1.2907611
30 5 0.51788074
30 34 0.92777
30 20 2.0811317
30 2 9.382914
30 14 10.625755
30 37 13.787059
30 7 0.5760065
30 27 0.22503722
30 16 1.1053299
30 23 1.2208806
30 25 15.735833
31 26 0.17936157
31 6 0.17268811
31 10 13.407587
31 35 133.86478
31 22 211.76471
31 9 0.030306086
31 4 0.07117771
31 17 0.9795962
31 19 0.05570976
32 26 17.841053
32 24 0.30515802
32 12 15.775001
32 15 0.07811739
33 30 6.324988
33 8 2000.0
33 13 0.93161064
33 11 1.7800943
33 29 22.527777
33 34 2000.0
33 20 1.0119042
33 2 2.211454
33 14 0.43142945
33 7 2000.0
33 27 0.67239064
33 16 3017.898
33 25 0.63799566
34 30 0.92777
34 20 0.8161182
34 8 20.14765
34 37 2000.0
34 7 2000.0
34 13 2000.0
34 27 0.8748277
34 16 36.538055
34 11 2.7807522
34 29 5.0193367
34 25 1.3395294
34 5 2.2941613
35 21 0.047334727
35 31 133.86478
36 28 0.065018944
36 3 0.47294226
36 9 0.3216218
37 30 13.787059
37 0 1.7226973
37 8 0.7836287
37 18 1.9922845
37 13 1.1918449
37 11 1.5348833
37 29 0.88122016
37 5 15.681613
37 20 2.4799216
37 2 0.89349383
37 7 294.36978
37 27 1.142786
37 16 2000.0
37 23 1.0862191
37 25 3860.5684
