0 2 1.2220067
0 37 2.3782444
0 13 1.1823075
0 29 28.773762
0 25 30.246916
1 3 0.57327586
1 12 35.26425
2 30 16.129486
2 0 1.2220067
2 8 1.6887448
2 18 2.8344095
2 13 0.5903944
2 33 2.442865
2 11 1.4824914
2 29 0.830103
2 20 3.886722
2 37 0.80821913
2 27 1.0842922
2 16 2000.0
2 23 8.981102
2 25 0.43652093
3 36 0.5942748
3 28 11.357852
3 24 236.3254
3 12 0.063915804
3 1 0.57327586
3 9 0.64099133
4 31 0.07286909
4 9 0.08394543
4 17 0.13276249
4 19 0.076456666
5 30 0.582918
5 8 0.8765296
5 18 0.860674
5 13 51.03276
5 11 2.5146232
5 29 4.245612
5 34 2.8773026
5 20 2.3545296
5 37 10.1619005
5 7 8.797962
5 27 1.5577376
5 16 1.3604729
5 23 2.575292
5 25 2000.0
6 31 0.17140462
6 17 3.115221
7 30 1.0357181
7 20 106.491234
7 8 6.0600467
7 37 113.70385
7 16 1.4083058
7 23 1.4089291
7 11 150.39108
7 25 5.125614
7 29 1000.00006
7 5 8.797962
8 0 2000.0
8 30 0.9018683
8 18 1.3045619
8 13 1.6392186
8 11 0.9471178
8 29 1.3528608
8 5 0.8765296
8 34 39.689716
8 2 1.6887448
8 37 1.5707638
8 7 6.0600467
8 27 4.282711
8 16 1.6008079
8 23 1.062686
8 25 2000.0
9 36 0.6852712
9 26 2000.0
9 28 1.2557143
9 10 45.24069
9 22 0.058499757
9 31 0.02997152
9 3 0.64099133
9 12 2000.0
9 4 0.08394543
9 17 0.04286107
9 19 0.06731968
10 26 0.030268544
10 28 0.24209261
10 24 0.07915314
10 31 19.647392
10 12 1741.1931
10 9 45.24069
10 17 0.028991465
11 0 2000.0
11 30 0.6590151
11 8 0.9471178
11 18 11.141129
11 13 0.89325744
11 33 2.205097
11 29 0.9899794
11 5 2.5146232
11 34 2.1796052
11 20 2.2192693
11 2 1.4824914
11 37 1.4416809
11 7 150.39108
11 27 0.7976421
11 16 1.3229883
11 25 0.79143745
12 26 1.5785623
12 32 6.9254622
12 24 0.082133844
12 21 0.14094636
12 3 0.063915804
12 1 35.26425
13 30 207.7216
13 0 1.1823075
13 8 1.6392186
13 18 135.78676
13 33 1.1183922
13 11 0.89325744
13 29 0.90090936
13 5 51.03276
13 34 2000.0
13 20 1.0942738
13 2 0.5903944
13 14 5.3339887
13 37 1.2964511
13 7 2000.0
13 27 0.27293524
13 16 41.22463
13 25 0.26483038
14 30 7.7601895
14 20 2.980737
14 13 5.3339887
14 27 2.5479178
14 33 0.33551136
14 11 2000.0
14 25 1.2907606
15 32 0.075321175
15 21 11.488278
16 30 1.3509699
16 0 2000.0
16 8 1.6008079
16 18 1.2665751
16 13 41.22463
16 11 1.3229883
16 5 1.3604729
16 34 147.32388
16 20 49.52132
16 7 1.4083058
16 27 1.6052251
16 23 2.106715
16 25 1.48835
17 6 3.115221
17 26 1.648251
17 10 0.028991465
17 24 0.15802951
17 31 1.1158371
17 9 0.04286107
17 4 0.13276249
17 19 1258.3523
18 0 2000.0
18 30 0.81019205
18 8 1.3045619
18 13 135.78676
18 11 11.141129
18 29 0.9553756
18 5 0.860674
18 2 2.8344095
18 37 2.4428904
18 7 2000.0
18 27 20.028164
18 16 1.2665751
18 23 1.3638507
19 31 0.11901092
19 9 0.06731968
19 4 0.076456666
20 0 2000.0
20 30 1.9289193
20 13 1.0942738
20 33 1.4061564
20 11 2.2192693
20 29 7.709559
20 5 2.3545296
20 34 1.0763128
20 2 3.886722
20 14 2.980737
20 37 3.1871214
20 7 106.491234
20 27 1.3297156
20 16 49.52132
20 25 0.5828582
21 32 2000.0
21 24 0.9109616
21 35 0.071517006
21 12 0.14094636
21 15 11.488278
22 31 90.00001
22 9 0.058499757
22 19 2000.0
23 0 2000.0
23 30 1.1662935
23 8 1.062686
23 2 8.981102
23 37 2.7055182
23 18 1.3638507
23 7 1.4089291
23 16 2.106715
23 11 2000.0
23 29 2.484811
23 5 2.575292
24 26 0.060903843
24 32 0.4214615
24 10 0.07915314
24 21 0.9109616
24 12 0.082133844
24 3 236.3254
24 17 0.15802951
25 0 30.246916
25 30 15.349907
25 13 0.26483038
25 33 0.5110227
25 11 0.79143745
25 29 1.6282977
25 34 2.0781527
25 20 0.5828582
25 2 0.43652093
25 14 1.2907606
25 37 42.380165
25 7 5.125614
25 27 0.24891888
25 16 1.48835
26 32 77.500206
26 28 0.06268528
26 10 0.030268544
26 24 0.060903843
26 31 0.11650949
26 12 1.5785623
26 17 1.648251
27 30 0.37594455
27 0 2000.0
27 8 4.282711
27 18 20.028164
27 13 0.27293524
27 33 0.70407325
27 11 0.7976421
27 29 1.0582181
27 5 1.5577376
27 34 1.0685998
27 20 1.3297156
27 2 1.0842922
27 14 2.5479178
27 37 1.004559
27 7 2000.0
27 16 1.6052251
27 25 0.24891888
28 36 0.03439974
28 26 0.06268528
28 10 0.24209261
28 3 11.357852
28 12 1145.8523
28 9 1.2557143
28 19 1477.0454
29 0 28.773762
29 30 2.522838
29 8 1.3528608
29 18 0.9553756
29 13 0.90090936
29 33 14.504579
29 11 0.9899794
29 5 4.245612
29 34 2.0104024
29 20 7.709559
29 2 0.830103
29 37 0.95873576
29 7 1000.00006
29 27 1.0582181
29 16 2000.0
29 23 2.484811
29 25 1.6282977
30 8 0.9018683
30 18 0.81019205
30 13 207.7216
30 33 6.8242283
30 11 0.6590151
30 29 2.522838
30 5 0.582918
30 34 0.9646281
30 20 1.9289193
30 2 16.129486
30 14 7.7601895
30 37 32.765434
30 7 1.0357181
30 27 0.37594455
30 16 1.3509699
30 23 1.1662935
30 25 15.349907
31 26 0.11650949
31 6 0.17140462
31 10 19.647392
31 35 27.23182
31 22 90.00001
31 21 2000.0
31 9 0.02997152
31 4 0.07286909
31 17 1.1158371
31 19 0.11901092
32 26 77.500206
32 24 0.4214615
32 21 2000.0
32 12 6.9254622
32 15 0.075321175
33 34 2000.0
33 30 6.8242283
33 20 1.4061564
33 2 2.442865
33 14 0.33551136
33 7 2000.0
33 13 1.1183922
33 27 0.70407325
33 16 3017.898
33 11 2.205097
33 29 14.504579
33 25 0.5110227
34 30 0.9646281
34 20 1.0763128
34 8 39.689716
34 37 2000.0
34 13 2000.0
34 7 2000.0
34 27 1.0685998
34 16 147.32388
34 11 2.1796052
34 29 2.0104024
34 25 2.0781527
34 5 2.8773026
35 21 0.071517006
35 31 27.23182
36 28 0.03439974
36 3 0.5942748
36 9 0.6852712
37 30 32.765434
37 0 2.3782444
37 8 1.5707638
37 18 2.4428904
37 13 1.2964511
37 11 1.4416809
37 29 0.95873576
37 5 10.1619005
37 20 3.1871214
37 2 0.80821913
37 7 113.70385
37 27 1.004559
37 16 2000.0
37 23 2.7055182
37 25 42.380165
