0 2 0.9853484
0 37 1.6431528
0 13 1.0834198
0 29 33.460663
0 25 27.331326
1 3 1.5284457
1 12 1197.7273
2 30 30.278038
2 0 0.9853484
2 8 1.0648729
2 18 2.758736
2 13 0.4801271
2 33 1.3894595
2 11 1.759987
2 29 1.5241174
2 20 2.235761
2 37 0.9509142
2 27 0.4824381
2 16 2000.0
2 23 9.853892
2 25 0.44591844
3 36 0.3842558
3 28 17.031427
3 24 2000.0
3 12 0.06531396
3 1 1.5284457
3 9 0.39191863
4 31 0.06536975
4 9 0.111906536
4 17 0.12471341
4 19 0.07427439
5 30 0.61867523
5 8 0.74323785
5 18 0.5336476
5 13 23.57852
5 11 3.3874106
5 29 4.370484
5 34 3.5069835
5 20 3.2273264
5 37 25.81123
5 7 7.859872
5 27 1.623003
5 16 1.6793183
5 23 1.5480696
5 25 2000.0
6 31 0.14853255
6 17 1.729314
7 30 0.83726084
7 20 51.755054
7 8 3.7398453
7 16 1.0789068
7 23 1.2449715
7 11 2000.0
7 25 2.0293257
7 5 7.859872
8 0 2000.0
8 30 0.3774969
8 18 1.194542
8 13 1.1795388
8 11 1.171783
8 29 0.43368778
8 5 0.74323785
8 34 33.846657
8 2 1.0648729
8 37 0.9149357
8 7 3.7398453
8 27 0.62212974
8 16 1.6462905
8 23 0.79936665
8 25 2000.0
9 36 0.62450284
9 26 2000.0
9 28 0.6096236
9 10 24.290834
9 22 0.048356738
9 31 0.02941265
9 3 0.39191863
9 4 0.111906536
9 17 0.03382079
9 19 0.06979321
10 26 0.029367583
10 28 0.21033727
10 24 0.08827189
10 31 11.716945
10 12 114.8077
10 9 24.290834
10 17 0.034741394
11 0 2000.0
11 30 0.7450653
11 8 1.171783
11 18 8.051201
11 13 1.0382465
11 33 1.6669395
11 29 1.0030342
11 5 3.3874106
11 34 2.3300738
11 20 1.5423982
11 2 1.759987
11 37 1.2360964
11 7 2000.0
11 27 0.6131129
11 16 1.235613
11 25 0.49402395
12 26 0.72960865
12 32 2.7406652
12 10 114.8077
12 24 0.06850388
12 21 0.20397294
12 3 0.06531396
13 30 158.39029
13 0 1.0834198
13 8 1.1795388
13 18 480.00003
13 33 0.83553773
13 11 1.0382465
13 29 1.6320386
13 5 23.57852
13 34 650.64417
13 20 2.16101
13 2 0.4801271
13 14 22.57491
13 37 1.0719829
13 7 2000.0
13 27 0.29366535
13 16 64.76641
13 25 0.2692382
14 30 13.250881
14 20 1.9906019
14 13 22.57491
14 27 1.7195122
14 33 0.3809201
14 25 1.8667711
15 32 0.07028673
15 21 2.9770322
16 0 2000.0
16 30 1.103344
16 8 1.6462905
16 18 1.3509855
16 13 64.76641
16 11 1.235613
16 5 1.6793183
16 34 25.134094
16 20 42.631332
16 7 1.0789068
16 27 1.2647408
16 23 3.5669122
16 25 1.5159868
17 6 1.729314
17 26 1.45647
17 10 0.034741394
17 24 0.15864924
17 31 0.982498
17 9 0.03382079
17 4 0.12471341
17 19 48.541767
18 0 2000.0
18 30 0.6283021
18 8 1.194542
18 13 480.00003
18 11 8.051201
18 29 1.1934886
18 5 0.5336476
18 2 2.758736
18 37 2.7350385
18 7 2000.0
18 27 18.122257
18 16 1.3509855
18 23 1.1751274
19 31 0.101909466
19 9 0.06979321
19 17 48.541767
19 4 0.07427439
20 30 1.3366705
20 13 2.16101
20 33 0.8150738
20 11 1.5423982
20 29 10.801067
20 5 3.2273264
20 34 0.9798655
20 2 2.235761
20 14 1.9906019
20 37 1.8349802
20 7 51.755054
20 27 0.9892877
20 16 42.631332
20 25 0.3800509
21 32 2000.0
21 24 0.9812804
21 35 0.032212242
21 31 2000.0
21 12 0.20397294
21 15 2.9770322
22 31 60.210228
22 9 0.048356738
22 19 2000.0
23 0 2000.0
23 30 1.2825335
23 8 0.79936665
23 2 9.853892
23 37 1.9289687
23 18 1.1751274
23 7 1.2449715
23 16 3.5669122
23 11 2000.0
23 29 1.3210286
23 5 1.5480696
24 26 0.053452555
24 32 0.25540575
24 10 0.08827189
24 21 0.9812804
24 12 0.06850388
24 15 2000.0
24 17 0.15864924
25 30 25.061209
25 0 27.331326
25 13 0.2692382
25 33 0.5431819
25 11 0.49402395
25 29 2.2271988
25 34 1.7132173
25 20 0.3800509
25 2 0.44591844
25 14 1.8667711
25 37 25.64881
25 7 2.0293257
25 27 0.23121786
25 16 1.5159868
26 32 36.362907
26 28 0.08329842
26 10 0.029367583
26 24 0.053452555
26 31 0.09401633
26 12 0.72960865
26 17 1.45647
27 30 0.36260447
27 0 2000.0
27 8 0.62212974
27 18 18.122257
27 13 0.29366535
27 33 0.6736392
27 11 0.6131129
27 29 0.87368596
27 5 1.623003
27 34 0.8830368
27 20 0.9892877
27 2 0.4824381
27 14 1.7195122
27 37 0.8729918
27 7 2000.0
27 16 1.2647408
27 25 0.23121786
28 36 0.030588675
28 26 0.08329842
28 10 0.21033727
28 12 1199.091
28 3 17.031427
28 9 0.6096236
28 19 1387.3864
29 0 33.460663
29 30 0.616654
29 8 0.43368778
29 18 1.1934886
29 13 1.6320386
29 33 15.786363
29 11 1.0030342
29 5 4.370484
29 34 7.9659085
29 20 10.801067
29 2 1.5241174
29 37 0.7863039
29 7 2000.0
29 27 0.87368596
29 16 2000.0
29 23 1.3210286
29 25 2.2271988
30 8 0.3774969
30 18 0.6283021
30 13 158.39029
30 33 4.30776
30 11 0.7450653
30 29 0.616654
30 5 0.61867523
30 34 0.98074746
30 20 1.3366705
30 2 30.278038
30 14 13.250881
30 37 20.593842
30 7 0.83726084
30 27 0.36260447
30 16 1.103344
30 23 1.2825335
30 25 25.061209
31 26 0.09401633
31 6 0.14853255
31 10 11.716945
31 35 148.31664
31 22 60.210228
31 21 2000.0
31 9 0.02941265
31 4 0.06536975
31 17 0.982498
31 19 0.101909466
32 26 36.362907
32 24 0.25540575
32 21 2000.0
32 12 2.7406652
32 15 0.07028673
33 30 4.30776
33 8 2000.0
33 13 0.83553773
33 11 1.6669395
33 29 15.786363
33 5 2000.0
33 34 2000.0
33 20 0.8150738
33 2 1.3894595
33 14 0.3809201
33 7 2000.0
33 27 0.6736392
33 16 3017.898
33 25 0.5431819
34 30 0.98074746
34 20 0.9798655
34 8 33.846657
34 37 2000.0
34 7 1869.0796
34 27 0.8830368
34 16 25.134094
34 11 2.3300738
34 29 7.9659085
34 25 1.7132173
34 5 3.5069835
35 21 0.032212242
35 31 148.31664
36 28 0.030588675
36 3 0.3842558
36 9 0.62450284
37 30 20.593842
37 0 1.6431528
37 8 0.9149357
37 18 2.7350385
37 13 1.0719829
37 11 1.2360964
37 29 0.7863039
37 5 25.81123
37 20 1.8349802
37 2 0.9509142
37 7 3298.409
37 27 0.8729918
37 16 2000.0
37 23 1.9289687
37 25 25.64881
