0 2 1.0569867
0 37 1.8325471
0 13 0.7727914
0 29 25.001102
0 25 9.498522
1 3 0.58306456
1 12 32.78556
2 30 11.7768545
2 0 1.0569867
2 8 1.1684601
2 18 3.9238634
2 13 0.51151294
2 33 1.3823671
2 11 1.8156993
2 29 1.0983472
2 20 1.9534602
2 37 0.7853577
2 27 0.6911645
2 16 2000.0
2 23 15.752906
2 25 0.50762093
3 36 0.46622956
3 28 8.405007
3 24 2000.0
3 12 0.049355883
3 1 0.58306456
3 9 0.99827206
4 31 0.06899722
4 9 0.07197581
4 17 0.32269514
4 19 0.07742604
5 30 0.729038
5 8 0.8683143
5 18 0.6642847
5 13 41.092876
5 11 2.1807344
5 29 8.137827
5 34 6.6677322
5 20 2.150969
5 37 16.86615
5 7 10.185264
5 27 1.1026235
5 16 1.6062073
5 23 2.6576495
6 31 0.21562967
6 17 2.9792476
7 34 806.5874
7 30 1.0521672
7 20 76.2365
7 8 8.824121
7 37 66.66667
7 16 1.2728413
7 23 1.4259404
7 11 100.0
7 25 1.8820283
7 5 10.185264
8 0 2000.0
8 30 0.3391679
8 18 1.2490299
8 13 1.7071265
8 11 0.90245014
8 29 0.6502422
8 5 0.8683143
8 34 52.16518
8 2 1.1684601
8 37 0.8704558
8 7 8.824121
8 27 0.9083375
8 16 1.4840802
8 23 0.89525515
8 25 2000.0
9 36 0.56979
9 26 2000.0
9 28 1.0920455
9 10 27.732058
9 22 0.05905365
9 31 0.03187347
9 12 2000.0
9 3 0.99827206
9 4 0.07197581
9 17 0.03047275
9 19 0.066337146
10 26 0.027721366
10 28 0.34622934
10 24 0.11507913
10 31 15.907405
10 12 43.24645
10 9 27.732058
10 17 0.03375656
11 0 2000.0
11 30 0.8000014
11 8 0.90245014
11 18 4.4236813
11 13 0.8562325
11 33 1.457069
11 29 0.76017916
11 5 2.1807344
11 34 2.18049
11 20 0.9630681
11 2 1.8156993
11 37 2.1376655
11 7 100.0
11 27 0.67726547
11 16 1.1639488
11 25 0.44905776
12 26 0.38393897
12 28 150.90796
12 32 1.7142857
12 10 43.24645
12 24 0.09957965
12 21 0.11591981
12 3 0.049355883
12 1 32.78556
13 30 38.607346
13 0 0.7727914
13 8 1.7071265
13 18 511.81827
13 33 0.8784174
13 11 0.8562325
13 29 1.8348438
13 5 41.092876
13 34 2548.9773
13 20 0.8777084
13 2 0.51151294
13 14 4.697616
13 37 1.164636
13 7 2000.0
13 27 0.41347978
13 16 49.431816
13 25 0.23632975
14 30 13.602164
14 20 1.5913943
14 13 4.697616
14 27 2.554712
14 33 0.4397238
14 11 2000.0
14 25 2.7150137
15 32 0.068362094
15 21 1.289285
16 30 1.1043135
16 0 2000.0
16 8 1.4840802
16 18 1.1819457
16 13 49.431816
16 11 1.1639488
16 5 1.6062073
16 34 52.982136
16 20 19.464262
16 7 1.2728413
16 27 1.2641819
16 23 3.1756904
16 25 0.94382286
17 6 2.9792476
17 26 1.3754574
17 10 0.03375656
17 24 0.06708979
17 31 0.9603534
17 9 0.03047275
17 4 0.32269514
17 19 82.40711
18 0 2000.0
18 30 0.8959203
18 8 1.2490299
18 13 511.81827
18 11 4.4236813
18 29 0.9418683
18 5 0.6642847
18 2 3.9238634
18 37 2.8774526
18 7 2000.0
18 27 26.747906
18 16 1.1819457
18 23 1.4358346
19 31 0.085339114
19 9 0.066337146
19 4 0.07742604
19 17 82.40711
20 30 1.4775178
20 13 0.8777084
20 33 0.96224487
20 11 0.9630681
20 29 12.836157
20 5 2.150969
20 34 0.8985182
20 2 1.9534602
20 14 1.5913943
20 37 2.1078758
20 7 76.2365
20 27 0.87380826
20 16 19.464262
20 25 0.30497193
21 32 2000.0
21 24 1.4478226
21 35 0.029815132
21 31 2000.0
21 12 0.11591981
21 15 1.289285
22 31 53.012447
22 9 0.05905365
22 19 2000.0
23 0 2000.0
23 30 1.6089016
23 8 0.89525515
23 2 15.752906
23 37 0.9116542
23 18 1.4358346
23 7 1.4259404
23 16 3.1756904
23 11 2000.0
23 29 0.8809306
23 5 2.6576495
24 26 0.041690122
24 32 0.23050813
24 10 0.11507913
24 21 1.4478226
24 12 0.09957965
24 15 2000.0
24 17 0.06708979
25 30 26.871128
25 0 9.498522
25 13 0.23632975
25 33 0.6218743
25 11 0.44905776
25 29 3.3328846
25 34 2.9224646
25 20 0.30497193
25 2 0.50762093
25 14 2.7150137
25 37 24.421463
25 7 1.8820283
25 27 0.26230794
25 16 0.94382286
26 32 28.755737
26 28 0.0681545
26 10 0.027721366
26 24 0.041690122
26 31 0.19230771
26 12 0.38393897
26 17 1.3754574
27 30 0.35406682
27 0 2000.0
27 8 0.9083375
27 18 26.747906
27 13 0.41347978
27 33 0.76881087
27 11 0.67726547
27 29 0.93783015
27 5 1.1026235
27 34 0.8565272
27 20 0.87380826
27 2 0.6911645
27 14 2.554712
27 37 0.7320572
27 7 2000.0
27 16 1.2641819
27 25 0.26230794
28 36 0.028179144
28 26 0.0681545
28 10 0.34622934
28 3 8.405007
28 12 150.90796
28 9 1.0920455
28 19 1383.8636
29 0 25.001102
29 30 1.046762
29 8 0.6502422
29 18 0.9418683
29 13 1.8348438
29 33 13.1135025
29 11 0.76017916
29 5 8.137827
29 34 5.8572564
29 20 12.836157
29 2 1.0983472
29 37 0.90898484
29 7 2000.0
29 27 0.93783015
29 16 2000.0
29 23 0.8809306
29 25 3.3328846
30 8 0.3391679
30 18 0.8959203
30 13 38.607346
30 33 13.756687
30 11 0.8000014
30 29 1.046762
30 5 0.729038
30 34 0.7730113
30 20 1.4775178
30 2 11.7768545
30 14 13.602164
30 37 25.352026
30 7 1.0521672
30 27 0.35406682
30 16 1.1043135
30 23 1.6089016
30 25 26.871128
31 26 0.19230771
31 6 0.21562967
31 10 15.907405
31 22 53.012447
31 9 0.03187347
31 4 0.06899722
31 17 0.9603534
31 19 0.085339114
32 26 28.755737
32 24 0.23050813
32 21 2000.0
32 12 1.7142857
32 15 0.068362094
33 30 13.756687
33 13 0.8784174
33 11 1.457069
33 29 13.1135025
33 5 2000.0
33 34 2000.0
33 20 0.96224487
33 2 1.3823671
33 14 0.4397238
33 7 2000.0
33 27 0.76881087
33 16 3017.898
33 25 0.6218743
34 30 0.7730113
34 20 0.8985182
34 8 52.16518
34 37 2000.0
34 7 806.5874
34 27 0.8565272
34 16 52.982136
34 11 2.18049
34 29 5.8572564
34 25 2.9224646
34 5 6.6677322
35 21 0.029815132
35 31 324.0909
36 28 0.028179144
36 3 0.46622956
36 9 0.56979
37 30 25.352026
37 0 1.8325471
37 8 0.8704558
37 18 2.8774526
37 13 1.164636
37 11 2.1376655
37 29 0.90898484
37 5 16.86615
37 20 2.1078758
37 2 0.7853577
37 7 66.66667
37 27 0.7320572
37 16 2000.0
37 23 0.9116542
37 25 24.421463
