0 2 0.9416246
0 37 2.3333874
0 13 1.0330667
0 29 17.414934
0 25 19.086699
1 3 2.1746378
1 12 1215.625
2 30 25.336851
2 0 0.9416246
2 8 2.0128329
2 18 2.958267
2 13 0.78804106
2 33 1.8855547
2 11 2.3803627
2 29 1.22782
2 20 6.2320476
2 37 1.2376444
2 27 692.89777
2 16 2000.0
2 23 26.985647
2 25 0.6236931
3 36 0.5410882
3 28 33.7412
3 24 2000.0
3 12 0.067181274
3 1 2.1746378
3 9 0.50266963
4 31 0.071819045
4 9 0.069300175
4 17 0.20431896
4 19 0.0782306
5 30 0.7102049
5 8 1.4049865
5 18 0.8755763
5 13 31.687693
5 11 1.2847751
5 29 4.4728703
5 34 2.2987642
5 20 2.2877924
5 37 9.179144
5 7 11.244318
5 27 779.5454
5 16 1.5805012
5 23 5.626077
5 25 2000.0
6 31 0.13753788
6 17 7.9287925
7 30 0.7137303
7 20 35.71479
7 8 14.274796
7 16 1.0640172
7 23 1.6459004
7 25 2.4476156
7 5 11.244318
8 0 2000.0
8 30 0.7455475
8 18 1.082462
8 13 5.1114135
8 11 1.2560523
8 29 1.0390576
8 5 1.4049865
8 34 84.67465
8 2 2.0128329
8 37 1.3025844
8 7 14.274796
8 27 1067.7273
8 16 2.7377892
8 23 1.4859962
8 25 2000.0
9 36 0.77309394
9 26 2000.0
9 28 0.83646446
9 10 7.6168213
9 22 0.058931105
9 31 0.03131415
9 12 2000.0
9 3 0.50266963
9 4 0.069300175
9 17 0.03283346
9 19 0.11817481
10 26 35.795452
10 28 0.4375
10 24 0.06545968
10 31 3.0845814
10 12 1198.409
10 9 7.6168213
10 17 0.03174177
11 0 2000.0
11 30 0.8701945
11 8 1.2560523
11 18 4.6644387
11 13 0.9673119
11 33 2.2854364
11 29 1.0655075
11 5 1.2847751
11 34 4.334533
11 20 1.428453
11 2 2.3803627
11 37 1.5212882
11 7 2516.6477
11 27 692.89777
11 16 1.0133328
11 25 1.2174735
12 26 2000.0
12 32 3.9016662
12 24 0.09275793
12 21 0.10803957
12 3 0.067181274
13 30 70.233215
13 0 1.0330667
13 8 5.1114135
13 18 8.942023
13 33 1.1555254
13 11 0.9673119
13 29 1.0189061
13 5 31.687693
13 34 225.00002
13 20 0.9594137
13 2 0.78804106
13 14 3.6101444
13 37 0.9836539
13 7 2000.0
13 27 150.96591
13 16 81.79898
13 25 0.30311218
14 34 2000.0
14 30 16.28557
14 20 1.4217895
14 13 3.6101444
14 27 5234.1475
14 33 0.33756682
14 11 2000.0
14 25 2.8570375
15 32 0.07044478
15 21 7.36872
16 0 2000.0
16 30 1.1216915
16 8 2.7377892
16 18 1.1899611
16 13 81.79898
16 11 1.0133328
16 5 1.5805012
16 34 75.67645
16 20 38.807205
16 37 2000.0
16 7 1.0640172
16 27 1119.8296
16 23 3.75214
16 25 0.7605625
17 6 7.9287925
17 26 1034.8864
17 10 0.03174177
17 24 0.058648996
17 31 0.9989475
17 9 0.03283346
17 4 0.20431896
17 19 58.6304
18 0 2000.0
18 30 0.3727105
18 8 1.082462
18 2 2.958267
18 37 1.8538396
18 13 8.942023
18 27 2000.0
18 16 1.1899611
18 11 4.6644387
18 23 0.9627674
18 29 0.9553767
18 5 0.8755763
19 28 70.96353
19 31 0.07153568
19 9 0.11817481
19 17 58.6304
19 4 0.0782306
20 30 5.3172107
20 8 2000.0
20 13 0.9594137
20 33 1.0558407
20 11 1.428453
20 29 6.5796895
20 5 2.2877924
20 34 0.8777531
20 2 6.2320476
20 14 1.4217895
20 37 2.8319075
20 7 35.71479
20 27 957.6705
20 16 38.807205
20 25 0.48596054
21 32 2000.0
21 24 0.77952075
21 35 0.04162035
21 31 2000.0
21 12 0.10803957
21 15 7.36872
22 31 2000.0
22 9 0.058931105
22 19 2000.0
23 0 2000.0
23 30 1.8825052
23 8 1.4859962
23 2 26.985647
23 37 1.7526516
23 18 0.9627674
23 7 1.6459004
23 16 3.75214
23 11 2000.0
23 29 1.1677058
23 5 5.626077
24 26 37.045452
24 32 0.20615552
24 10 0.06545968
24 21 0.77952075
24 12 0.09275793
24 15 2000.0
24 17 0.058648996
25 0 19.086699
25 30 13.408451
25 13 0.30311218
25 33 0.54320616
25 11 1.2174735
25 29 2.4810927
25 34 8.492685
25 20 0.48596054
25 2 0.6236931
25 14 2.8570375
25 37 16.625948
25 7 2.4476156
25 27 229.14774
25 16 0.7605625
28 36 0.036335696
28 26 51.81818
28 10 0.4375
28 12 1274.3182
28 3 33.7412
28 9 0.83646446
28 19 70.96353
29 0 17.414934
29 30 1.3136513
29 8 1.0390576
29 18 0.9553767
29 13 1.0189061
29 33 16.89148
29 11 1.0655075
29 5 4.4728703
29 34 4.081707
29 20 6.5796895
29 2 1.22782
29 37 0.8729445
29 7 2000.0
29 27 1898.9204
29 16 2000.0
29 23 1.1677058
29 25 2.4810927
30 8 0.7455475
30 18 0.3727105
30 13 70.233215
30 33 9.273565
30 11 0.8701945
30 29 1.3136513
30 5 0.7102049
30 34 1.084641
30 20 5.3172107
30 2 25.336851
30 14 16.28557
30 37 16.697144
30 7 0.7137303
30 27 147.78409
30 16 1.1216915
30 23 1.8825052
30 25 13.408451
31 26 2000.0
31 6 0.13753788
31 10 3.0845814
31 35 19.924707
31 22 2000.0
31 21 2000.0
31 9 0.03131415
31 4 0.071819045
31 17 0.9989475
31 19 0.07153568
32 26 2000.0
32 24 0.20615552
32 12 3.9016662
32 15 0.07044478
33 30 9.273565
33 8 2000.0
33 13 1.1555254
33 11 2.2854364
33 29 16.89148
33 5 2000.0
33 34 2000.0
33 20 1.0558407
33 2 1.8855547
33 14 0.33756682
33 7 2000.0
33 27 698.2386
33 16 2619.6023
33 25 0.54320616
34 30 1.084641
34 20 0.8777531
34 8 84.67465
34 37 2000.0
34 7 3597.3865
34 13 225.00002
34 27 716.8182
34 16 75.67645
34 11 4.334533
34 29 4.081707
34 25 8.492685
34 5 2.2987642
35 21 0.04162035
35 31 19.924707
36 28 0.036335696
36 3 0.5410882
36 9 0.77309394
37 30 16.697144
37 0 2.3333874
37 8 1.3025844
37 18 1.8538396
37 13 0.9836539
37 11 1.5212882
37 29 0.8729445
37 5 9.179144
37 20 2.8319075
37 2 1.2376444
37 7 2153.9204
37 27 725.7955
37 16 2000.0
37 23 1.7526516
37 25 16.625948
