0 8 8.644692
0 2 1.473541
0 37 0.8064665
0 13 0.77815396
0 11 12.166581
0 29 9.465134
1 3 0.26246333
1 12 35.473545
2 30 12.026438
2 0 1.473541
2 8 1.0664483
2 18 7.3982925
2 13 0.20876724
2 33 2.1519725
2 11 0.5595428
2 29 1.1464927
2 20 3.3174932
2 37 0.7340297
2 27 0.29039842
2 23 14.59242
2 25 1.3675759
3 36 0.21625002
3 28 0.14521417
3 24 400.0
3 12 0.06786172
3 1 0.26246333
3 9 0.4491097
4 31 0.06942065
4 9 0.08422671
4 17 0.1468636
4 19 0.087169506
5 30 0.87654936
5 8 1.2324005
5 18 1.172864
5 13 2000.0
5 11 1.6083823
5 29 2.6658716
5 34 4.1219244
5 20 2.7700882
5 37 2000.0
5 7 12.955819
5 27 2.2402673
5 16 2.4942935
5 23 6.04946
6 31 1.1770358
6 17 0.7509799
7 34 16.38443
7 30 1.0574487
7 20 4.739486
7 8 17.42898
7 37 13.369369
7 27 160.0
7 16 1.2801136
7 11 9.262234
7 23 1.3881779
7 25 7.6505685
7 5 12.955819
8 0 8.644692
8 30 0.8223421
8 18 1.2423148
8 13 2.7835543
8 11 0.6753416
8 29 0.7208617
8 5 1.2324005
8 34 4.6802397
8 2 1.0664483
8 37 1.0962925
8 7 17.42898
8 27 2.24178
8 16 1.2553178
8 23 1.2600952
9 36 3.0513978
9 26 2000.0
9 28 3.0403595
9 10 14.442979
9 22 0.17434852
9 31 0.028736599
9 3 0.4491097
9 17 0.047021944
9 4 0.08422671
9 19 0.06655058
10 26 0.031783327
10 28 0.21576247
10 24 0.047881152
10 31 0.04932936
10 12 9.566448
10 9 14.442979
10 17 0.041491397
11 0 12.166581
11 30 0.49130663
11 8 0.6753416
11 18 4.9907312
11 13 0.44182017
11 33 2.2336762
11 29 0.7305956
11 5 1.6083823
11 34 2.90167
11 20 1.276719
11 2 0.5595428
11 37 1.4080704
11 7 9.262234
11 27 0.4501211
11 16 0.8047373
11 25 0.9997291
12 26 1.9264364
12 28 5.749776
12 32 0.40477735
12 10 9.566448
12 24 0.077351645
12 21 0.07406882
12 3 0.06786172
12 1 35.473545
13 30 2.1367145
13 0 0.77815396
13 8 2.7835543
13 18 600.0
13 33 1.0261604
13 11 0.44182017
13 29 0.9931593
13 5 2000.0
13 34 7.3043137
13 20 0.76397
13 2 0.20876724
13 14 3.7119515
13 37 1.250419
13 27 0.3928147
13 16 52.442085
13 25 0.71392
14 20 1.2845153
14 13 3.7119515
14 33 0.40191227
14 27 3.038919
14 11 2000.0
14 25 1.4774274
15 32 0.078119636
15 21 1.0742992
16 30 1.2492267
16 0 2000.0
16 8 1.2553178
16 18 0.73235595
16 13 52.442085
16 11 0.8047373
16 29 87.9877
16 5 2.4942935
16 20 6.349849
16 37 163.48434
16 7 1.2801136
16 27 2.0501738
16 23 7.3862357
16 25 1.441671
17 26 15.252558
17 6 0.7509799
17 10 0.041491397
17 24 0.34788436
17 31 2.3913548
17 9 0.047021944
17 4 0.1468636
17 19 1.5035015
18 30 0.7054992
18 2 7.3982925
18 8 1.2423148
18 37 1.1219519
18 7 2000.0
18 13 600.0
18 27 7.1293983
18 16 0.73235595
18 23 1.1410463
18 11 4.9907312
18 29 1.226696
18 5 1.172864
19 31 0.063178204
19 9 0.06655058
19 17 1.5035015
19 4 0.087169506
20 30 26.13802
20 13 0.76397
20 33 1.4328293
20 11 1.276719
20 29 12.8297825
20 5 2.7700882
20 34 0.7635619
20 2 3.3174932
20 14 1.2845153
20 37 3.6455848
20 7 4.739486
20 27 1.0672277
20 16 6.349849
20 25 0.5668033
21 32 2000.0
21 24 0.30317503
21 35 0.037849903
21 12 0.07406882
21 15 1.0742992
22 6 1202.2728
22 31 1094.9431
22 9 0.17434852
22 19 1394.0342
23 0 2000.0
23 30 1.6759742
23 2 14.59242
23 8 1.2600952
23 37 1.7427967
23 18 1.1410463
23 7 1.3881779
23 16 7.3862357
23 11 2000.0
23 29 2.7182205
23 5 6.04946
24 26 0.054244116
24 32 0.12958397
24 10 0.047881152
24 21 0.30317503
24 31 15.5123
24 12 0.077351645
24 3 400.0
24 15 2000.0
24 17 0.34788436
25 30 1.2101384
25 13 0.71392
25 33 0.29082093
25 11 0.9997291
25 29 2.3578825
25 34 2.9065044
25 20 0.5668033
25 2 1.3675759
25 14 1.4774274
25 37 17.777779
25 7 7.6505685
25 27 0.7126138
25 16 1.441671
26 36 1827.7653
26 32 1189.6117
26 28 0.03909743
26 10 0.031783327
26 24 0.054244116
26 31 0.07730367
26 12 1.9264364
26 17 15.252558
27 0 2000.0
27 30 0.21412997
27 8 2.24178
27 18 7.1293983
27 13 0.3928147
27 33 0.99647945
27 11 0.4501211
27 29 0.93175125
27 5 2.2402673
27 34 1.9562737
27 20 1.0672277
27 2 0.29039842
27 14 3.038919
27 37 1.7689455
27 7 160.0
27 16 2.0501738
27 25 0.7126138
28 36 0.030884298
28 26 0.03909743
28 10 0.21576247
28 3 0.14521417
28 12 5.749776
28 9 3.0403595
29 0 9.465134
29 30 3.537116
29 8 0.7208617
29 18 1.226696
29 13 0.9931593
29 33 174.26047
29 11 0.7305956
29 5 2.6658716
29 34 5.842082
29 20 12.8297825
29 2 1.1464927
29 37 1.3140686
29 7 2000.0
29 27 0.93175125
29 16 87.9877
29 23 2.7182205
29 25 2.3578825
30 0 2000.0
30 8 0.8223421
30 18 0.7054992
30 13 2.1367145
30 33 6.7799687
30 11 0.49130663
30 29 3.537116
30 5 0.87654936
30 34 1.9319881
30 20 26.13802
30 2 12.026438
30 14 2000.0
30 37 5.0632367
30 7 1.0574487
30 27 0.21412997
30 16 1.2492267
30 23 1.6759742
30 25 1.2101384
31 26 0.07730367
31 6 1.1770358
31 10 0.04932936
31 24 15.5123
31 9 0.028736599
31 17 2.3913548
31 4 0.06942065
31 19 0.063178204
32 26 1189.6117
32 24 0.12958397
32 12 0.40477735
32 15 0.078119636
33 30 6.7799687
33 13 1.0261604
33 11 2.2336762
33 29 174.26047
33 5 2000.0
33 34 2000.0
33 20 1.4328293
33 2 2.1519725
33 14 0.40191227
33 7 2000.0
33 27 0.99647945
33 16 2000.0
33 25 0.29082093
34 30 1.9319881
34 20 0.7635619
34 8 4.6802397
34 13 7.3043137
34 7 16.38443
34 27 1.9562737
34 16 95.091415
34 11 2.90167
34 25 2.9065044
34 29 5.842082
34 5 4.1219244
35 21 0.037849903
36 26 1827.7653
36 28 0.030884298
36 3 0.21625002
36 9 3.0513978
37 30 5.0632367
37 0 0.8064665
37 8 1.0962925
37 18 1.1219519
37 13 1.250419
37 11 1.4080704
37 29 1.3140686
37 20 3.6455848
37 2 0.7340297
37 7 13.369369
37 27 1.7689455
37 16 163.48434
37 23 1.7427967
37 25 17.777779
