0 2 2.056846
0 37 4.0881658
0 13 0.8577945
0 29 16.732872
0 25 33.02454
1 3 1.5639118
1 12 22.64131
2 30 25.46572
2 0 2.056846
2 8 1.7596962
2 18 3.8486867
2 13 0.6388717
2 33 1.5849346
2 11 1.6782529
2 29 1.127629
2 20 4.026974
2 37 0.7469418
2 27 1.1936983
2 16 2000.0
2 23 11.508041
2 25 0.5223965
3 36 0.5145759
3 28 101.14567
3 24 2000.0
3 12 0.066789374
3 1 1.5639118
3 9 0.9893999
4 31 0.07044478
4 9 0.09813711
4 17 0.21957617
4 19 0.08343581
5 30 0.8559344
5 8 1.3492777
5 18 0.79495454
5 13 70.58444
5 11 4.939431
5 29 4.315195
5 34 4.038711
5 20 5.5651627
5 37 7.7275114
5 7 17.126938
5 27 2.0009484
5 16 3.461929
5 23 8.081417
5 25 2000.0
6 31 0.14021982
6 17 4.7769885
7 34 109.090904
7 30 0.88430136
7 20 29.496346
7 8 13.236174
7 16 1.1363704
7 11 146.67189
7 23 1.6709647
7 25 2.9235914
7 5 17.126938
8 0 2000.0
8 30 0.47313264
8 18 1.3952684
8 13 2.5108373
8 11 0.9519958
8 29 0.7866925
8 5 1.3492777
8 34 72.58862
8 2 1.7596962
8 37 0.8965279
8 7 13.236174
8 27 1.1492777
8 16 2.9633977
8 23 1.6154432
8 25 2000.0
9 36 0.5698668
9 28 1.1355114
9 10 3.1181254
9 22 0.051239315
9 31 0.035995986
9 3 0.9893999
9 12 2000.0
9 4 0.09813711
9 17 0.032423623
9 19 0.06498025
10 26 0.02989606
10 28 0.2806397
10 24 0.08435087
10 31 0.8673016
10 12 1612.5568
10 9 3.1181254
10 17 0.034880582
11 0 2000.0
11 30 0.8083083
11 8 0.9519958
11 18 6.767668
11 13 1.1349915
11 33 1.5453044
11 29 1.2337687
11 5 4.939431
11 34 2.9076877
11 20 2.5976703
11 2 1.6782529
11 37 1.1416075
11 7 146.67189
11 27 0.68707085
11 16 1.3981794
11 25 1.60268
12 26 0.37753978
12 32 1.3868008
12 24 0.071549736
12 21 0.21230438
12 3 0.066789374
12 1 22.64131
13 30 146.59354
13 0 0.8577945
13 8 2.5108373
13 18 22.703186
13 33 0.82698476
13 11 1.1349915
13 29 0.91245955
13 5 70.58444
13 34 225.00002
13 20 1.0473449
13 2 0.6388717
13 14 4.4944477
13 37 0.8417672
13 7 2000.0
13 27 0.27931178
13 16 4746.307
13 25 0.32606786
14 30 18.490839
14 20 1.9821701
14 13 4.4944477
14 27 1.7368252
14 33 0.857191
14 11 2000.0
14 25 2.6355062
15 32 0.0687497
15 21 12.755313
16 34 50.85658
16 0 2000.0
16 30 1.6250641
16 20 14.589858
16 8 2.9633977
16 18 2.6947827
16 7 1.1363704
16 27 1.8143213
16 11 1.3981794
16 23 3.2151415
16 25 1.9320093
16 5 3.461929
17 6 4.7769885
17 26 3.4285715
17 10 0.034880582
17 24 0.089971446
17 31 1.2576227
17 9 0.032423623
17 4 0.21957617
17 19 1870.2272
18 0 2000.0
18 30 0.7234828
18 8 1.3952684
18 2 3.8486867
18 37 4.549363
18 13 22.703186
18 27 110.70329
18 16 2.6947827
18 11 6.767668
18 23 1.2816285
18 29 2.4687665
18 5 0.79495454
19 28 49.66856
19 31 0.087715566
19 9 0.06498025
19 4 0.08343581
20 30 1.3532097
20 8 2000.0
20 13 1.0473449
20 33 1.5214301
20 11 2.5976703
20 29 8.654774
20 5 5.5651627
20 34 1.2524114
20 2 4.026974
20 14 1.9821701
20 37 4.916658
20 7 29.496346
20 27 1.615793
20 16 14.589858
20 25 1.1320245
21 32 2000.0
21 10 2000.0
21 24 0.73649377
21 35 0.034365837
21 31 2000.0
21 12 0.21230438
21 15 12.755313
22 31 200.0
22 9 0.051239315
22 19 2000.0
23 0 2000.0
23 30 1.6157786
23 8 1.6154432
23 2 11.508041
23 37 1.3325602
23 18 1.2816285
23 7 1.6709647
23 16 3.2151415
23 11 2000.0
23 29 3.136919
23 5 8.081417
24 26 0.044889092
24 32 0.25102487
24 10 0.08435087
24 21 0.73649377
24 12 0.071549736
24 17 0.089971446
25 0 33.02454
25 30 15.777195
25 13 0.32606786
25 33 0.59563756
25 11 1.60268
25 29 2.352941
25 34 2.2451298
25 20 1.1320245
25 2 0.5223965
25 14 2.6355062
25 37 36.922592
25 7 2.9235914
25 27 0.4662848
25 16 1.9320093
26 32 1149.716
26 28 0.065449245
26 10 0.02989606
26 24 0.044889092
26 31 0.25172824
26 12 0.37753978
26 17 3.4285715
27 30 0.18580855
27 0 2000.0
27 8 1.1492777
27 18 110.70329
27 13 0.27931178
27 33 0.67155457
27 11 0.68707085
27 29 0.6312017
27 5 2.0009484
27 34 1.4644033
27 20 1.615793
27 2 1.1936983
27 14 1.7368252
27 37 0.81239694
27 7 2000.0
27 16 1.8143213
27 25 0.4662848
28 36 0.037579354
28 26 0.065449245
28 10 0.2806397
28 12 2000.0
28 3 101.14567
28 9 1.1355114
28 19 49.66856
29 0 16.732872
29 30 1.9530015
29 8 0.7866925
29 18 2.4687665
29 13 0.91245955
29 33 16.656054
29 11 1.2337687
29 5 4.315195
29 34 3.2132943
29 20 8.654774
29 2 1.127629
29 37 0.6830605
29 7 2000.0
29 27 0.6312017
29 16 2000.0
29 23 3.136919
29 25 2.352941
30 8 0.47313264
30 18 0.7234828
30 13 146.59354
30 33 4.976588
30 11 0.8083083
30 29 1.9530015
30 5 0.8559344
30 34 1.2301846
30 20 1.3532097
30 2 25.46572
30 14 18.490839
30 37 37.552925
30 7 0.88430136
30 27 0.18580855
30 16 1.6250641
30 23 1.6157786
30 25 15.777195
31 26 0.25172824
31 6 0.14021982
31 10 0.8673016
31 35 5.8299856
31 22 200.0
31 9 0.035995986
31 4 0.07044478
31 17 1.2576227
31 19 0.087715566
32 24 0.25102487
32 12 1.3868008
32 15 0.0687497
33 30 4.976588
33 8 2000.0
33 13 0.82698476
33 11 1.5453044
33 29 16.656054
33 5 2000.0
33 34 2000.0
33 20 1.5214301
33 2 1.5849346
33 14 0.857191
33 7 2000.0
33 27 0.67155457
33 16 2738.6362
33 25 0.59563756
34 30 1.2301846
34 20 1.2524114
34 8 72.58862
34 37 2000.0
34 7 109.090904
34 13 225.00002
34 27 1.4644033
34 16 50.85658
34 11 2.9076877
34 29 3.2132943
34 25 2.2451298
34 5 4.038711
35 21 0.034365837
35 31 5.8299856
36 28 0.037579354
36 3 0.5145759
36 9 0.5698668
37 30 37.552925
37 0 4.0881658
37 8 0.8965279
37 18 4.549363
37 13 0.8417672
37 11 1.1416075
37 29 0.6830605
37 5 7.7275114
37 20 4.916658
37 2 0.7469418
37 7 1436.4204
37 27 0.81239694
37 16 1696.4204
37 23 1.3325602
37 25 36.922592
