0 2 0.8977238
0 37 1.7570347
0 13 0.884908
0 29 59.406525
0 25 17.88788
1 3 0.6620579
1 12 70.28987
2 30 26.445738
2 0 0.8977238
2 8 1.1803316
2 18 1.7740296
2 13 0.6347835
2 33 1.4553998
2 11 2.4935172
2 29 1.1112165
2 20 1.8887757
2 37 0.87057006
2 27 0.79845583
2 16 2000.0
2 23 8.343626
2 25 0.5681373
3 36 0.6027358
3 28 10.9824505
3 24 1140.966
3 12 0.07983691
3 1 0.6620579
3 9 1.4252194
4 31 0.07014108
4 9 0.09961029
4 17 0.15181796
4 19 0.09605606
5 30 0.73424244
5 8 0.6507433
5 18 0.7172709
5 13 34.08625
5 11 1.8995944
5 29 5.8317394
5 34 3.2064986
5 20 1.8644346
5 37 16.737667
5 7 9.13404
5 27 1.4285715
5 16 1.7599775
5 23 3.4169214
5 25 2000.0
6 31 0.15701158
6 17 0.8993059
7 34 200.0
7 30 1.0877815
7 20 30.530273
7 8 5.191133
7 16 1.0292194
7 23 1.4548558
7 25 2.698736
7 5 9.13404
8 0 2000.0
8 30 0.4518732
8 18 1.2725716
8 13 1.4208173
8 11 1.0781566
8 29 0.6548016
8 5 0.6507433
8 34 30.894743
8 2 1.1803316
8 37 1.1549307
8 7 5.191133
8 27 1.1424825
8 16 1.7651857
8 23 1.1179546
8 25 2000.0
9 36 0.8341013
9 26 2000.0
9 28 1.7374634
9 10 26.96165
9 22 0.04975348
9 31 0.029178288
9 3 1.4252194
9 12 2000.0
9 4 0.09961029
9 17 0.05276989
9 19 0.070764266
10 26 0.029949797
10 28 0.48487538
10 24 0.10306554
10 31 15.099561
10 12 1481.7614
10 9 26.96165
10 17 0.029268427
11 0 2000.0
11 30 0.82724565
11 8 1.0781566
11 18 7.4196377
11 13 0.9986405
11 33 2.0052311
11 29 0.67022526
11 5 1.8995944
11 34 1.8235626
11 20 1.164184
11 2 2.4935172
11 37 1.4273401
11 7 1644.659
11 27 0.6174784
11 16 1.0510172
11 25 0.694223
12 26 0.5374789
12 32 4.0533195
12 24 0.07495199
12 21 0.09306028
12 3 0.07983691
12 1 70.28987
13 30 52.793613
13 0 0.884908
13 8 1.4208173
13 33 1.2504057
13 11 0.9986405
13 29 1.0329065
13 5 34.08625
13 34 177.77777
13 20 1.2963692
13 2 0.6347835
13 14 3.685669
13 37 1.1356232
13 7 2000.0
13 27 0.21443644
13 16 103.17815
13 25 0.308906
14 30 15.038785
14 20 1.7695963
14 13 3.685669
14 27 1.3076128
14 33 0.40618995
14 11 2000.0
14 25 1.6400031
15 32 0.07721685
15 21 3.9353864
16 30 1.2893182
16 0 2000.0
16 8 1.7651857
16 18 1.2899425
16 13 103.17815
16 11 1.0510172
16 29 151.51517
16 5 1.7599775
16 34 42.591034
16 20 10.276844
16 7 1.0292194
16 27 1.2661932
16 23 3.1763256
16 25 0.9069343
17 6 0.8993059
17 26 1.424378
17 10 0.029268427
17 24 0.13970658
17 31 0.9733739
17 9 0.05276989
17 4 0.15181796
17 19 1310.5682
18 0 2000.0
18 30 0.69897544
18 8 1.2725716
18 13 347.94177
18 11 7.4196377
18 29 1.8530995
18 5 0.7172709
18 2 1.7740296
18 37 2.0190008
18 7 2000.0
18 27 27.180862
18 16 1.2899425
18 23 1.5070157
19 31 0.08068096
19 9 0.070764266
19 4 0.09605606
20 30 1.3139071
20 13 1.2963692
20 33 0.9679823
20 11 1.164184
20 29 7.3564305
20 5 1.8644346
20 34 0.8494993
20 2 1.8887757
20 14 1.7695963
20 37 1.5243211
20 7 30.530273
20 27 0.9285125
20 16 10.276844
20 25 0.5385081
21 32 2000.0
21 24 0.9385982
21 35 0.031146534
21 31 2000.0
21 12 0.09306028
21 15 3.9353864
22 31 258.3688
22 9 0.04975348
22 19 2000.0
23 0 2000.0
23 30 1.30698
23 8 1.1179546
23 2 8.343626
23 37 3.323745
23 18 1.5070157
23 7 1.4548558
23 16 3.1763256
23 11 2000.0
23 29 1.4443588
23 5 3.4169214
24 26 0.04652658
24 32 0.26810476
24 10 0.10306554
24 21 0.9385982
24 12 0.07495199
24 17 0.13970658
25 30 14.105709
25 0 17.88788
25 13 0.308906
25 33 0.72318023
25 11 0.694223
25 29 2.8967023
25 34 2.2105732
25 20 0.5385081
25 2 0.5681373
25 14 1.6400031
25 37 30.668507
25 7 2.698736
25 27 0.28056177
25 16 0.9069343
26 32 49.929462
26 28 0.07025904
26 10 0.029949797
26 24 0.04652658
26 31 0.07730274
26 12 0.5374789
26 17 1.424378
27 30 0.21238485
27 0 2000.0
27 8 1.1424825
27 18 27.180862
27 13 0.21443644
27 33 0.9177432
27 11 0.6174784
27 29 0.7351196
27 5 1.4285715
27 34 0.9102367
27 20 0.9285125
27 2 0.79845583
27 14 1.3076128
27 37 0.8297313
27 7 2000.0
27 16 1.2661932
27 25 0.28056177
28 36 0.030570045
28 26 0.07025904
28 10 0.48487538
28 3 10.9824505
28 12 1205.3977
28 9 1.7374634
28 19 1377.3296
29 0 59.406525
29 30 1.3942232
29 8 0.6548016
29 18 1.8530995
29 13 1.0329065
29 33 39.73719
29 11 0.67022526
29 5 5.8317394
29 34 5.893811
29 20 7.3564305
29 2 1.1112165
29 37 0.6597046
29 7 2000.0
29 27 0.7351196
29 16 151.51517
29 23 1.4443588
29 25 2.8967023
30 8 0.4518732
30 18 0.69897544
30 13 52.793613
30 33 12.285984
30 11 0.82724565
30 29 1.3942232
30 5 0.73424244
30 34 1.7376077
30 20 1.3139071
30 2 26.445738
30 14 15.038785
30 37 20.345455
30 7 1.0877815
30 27 0.21238485
30 16 1.2893182
30 23 1.30698
30 25 14.105709
31 26 0.07730274
31 6 0.15701158
31 10 15.099561
31 35 71.09553
31 22 258.3688
31 9 0.029178288
31 4 0.07014108
31 17 0.9733739
31 19 0.08068096
32 26 49.929462
32 24 0.26810476
32 12 4.0533195
32 15 0.07721685
33 30 12.285984
33 8 2000.0
33 13 1.2504057
33 11 2.0052311
33 29 39.73719
33 5 2000.0
33 34 2000.0
33 20 0.9679823
33 2 1.4553998
33 14 0.40618995
33 7 2000.0
33 27 0.9177432
33 16 3017.898
33 25 0.72318023
34 30 1.7376077
34 20 0.8494993
34 8 30.894743
34 37 2000.0
34 13 177.77777
34 7 200.0
34 27 0.9102367
34 16 42.591034
34 11 1.8235626
34 29 5.893811
34 25 2.2105732
34 5 3.2064986
35 21 0.031146534
35 31 71.09553
36 28 0.030570045
36 3 0.6027358
36 9 0.8341013
37 30 20.345455
37 0 1.7570347
37 8 1.1549307
37 18 2.0190008
37 13 1.1356232
37 11 1.4273401
37 29 0.6597046
37 5 16.737667
37 20 1.5243211
37 2 0.87057006
37 7 1285.2273
37 27 0.8297313
37 16 2000.0
37 23 3.323745
37 25 30.668507
