0 2 2.3701756
0 37 1.4252408
0 13 0.7462627
0 29 26.224672
0 25 33.241825
1 3 0.73460037
1 12 36.131416
2 30 30.06642
2 0 2.3701756
2 8 1.2784525
2 18 2.6921144
2 13 0.34657907
2 33 1.5747421
2 11 1.1760601
2 29 1.710311
2 20 1.7247356
2 37 0.84873724
2 27 0.5041469
2 16 2000.0
2 23 10.600464
2 25 0.37518936
3 36 0.6587243
3 28 200.0
3 24 2000.0
3 12 0.056588728
3 1 0.73460037
3 9 0.46221384
4 31 0.07727451
4 9 0.08321716
4 17 0.1074166
4 19 0.10126316
5 30 0.6071956
5 8 0.51996654
5 18 0.75486034
5 13 26.081573
5 11 2.018356
5 29 2.8587143
5 34 1.592753
5 20 2.8155859
5 37 8.794913
5 7 7.776575
5 27 2.8656173
5 16 1.4235446
5 23 2.349401
5 25 2000.0
6 31 0.17503725
6 17 6.372047
7 30 0.8646902
7 20 107.83742
7 8 4.5817957
7 37 298.49408
7 16 1.233701
7 23 1.5294806
7 29 1200.0
7 25 6.7793403
7 5 7.776575
8 0 2000.0
8 30 0.4618893
8 18 1.1913327
8 13 2.132096
8 11 0.8172178
8 29 0.35116577
8 5 0.51996654
8 34 23.698826
8 2 1.2784525
8 37 1.2300866
8 7 4.5817957
8 27 2.0143397
8 16 1.5361438
8 23 1.1164774
8 25 2000.0
9 36 0.737146
9 26 2000.0
9 28 1.2038962
9 10 14.592032
9 22 0.050829664
9 31 0.028198656
9 3 0.46221384
9 12 2000.0
9 4 0.08321716
9 17 0.043836266
9 19 0.06199753
10 26 0.030820161
10 28 0.48579547
10 24 0.08250474
10 31 15.09029
10 12 44.759888
10 9 14.592032
10 17 0.03293653
11 0 2000.0
11 30 0.94410384
11 8 0.8172178
11 18 10.679282
11 13 1.0036894
11 33 2.2987208
11 29 0.74999046
11 5 2.018356
11 34 2.6451743
11 20 1.0736772
11 2 1.1760601
11 37 1.3230518
11 7 5245.341
11 27 0.8642239
11 16 0.9017496
11 25 0.6876879
12 26 1.1597222
12 32 8.994383
12 10 44.759888
12 24 0.085259736
12 21 0.17677785
12 3 0.056588728
12 1 36.131416
13 30 51.29562
13 0 0.7462627
13 8 2.132096
13 18 622.70917
13 33 0.76970273
13 11 1.0036894
13 29 0.81592524
13 5 26.081573
13 34 355.55554
13 20 1.0007175
13 2 0.34657907
13 14 9.052519
13 37 1.1897031
13 7 2000.0
13 27 0.38810095
13 16 22.421072
13 25 0.26502016
14 30 14.364756
14 20 6.533369
14 13 9.052519
14 27 4.609293
14 33 0.89919984
14 11 2000.0
14 25 2.556237
15 32 0.07364488
15 21 9.413236
16 30 1.0895091
16 0 2000.0
16 8 1.5361438
16 18 1.3490783
16 13 22.421072
16 11 0.9017496
16 5 1.4235446
16 34 46.01232
16 20 16.380907
16 7 1.233701
16 27 1.3910258
16 23 3.0774322
16 25 0.89986306
17 6 6.372047
17 26 1.7204815
17 10 0.03293653
17 24 0.23756169
17 31 0.9472129
17 9 0.043836266
17 4 0.1074166
17 19 83.007996
18 0 2000.0
18 30 0.6902287
18 8 1.1913327
18 13 622.70917
18 11 10.679282
18 29 2.3183894
18 5 0.75486034
18 2 2.6921144
18 37 2.4378657
18 7 2000.0
18 27 27.80431
18 16 1.3490783
18 23 1.4157134
19 31 0.062931605
19 9 0.06199753
19 17 83.007996
19 4 0.10126316
20 30 3.9899476
20 13 1.0007175
20 33 1.270629
20 11 1.0736772
20 29 6.2243257
20 5 2.8155859
20 34 1.3749533
20 2 1.7247356
20 14 6.533369
20 37 3.5899558
20 7 107.83742
20 27 1.9681262
20 16 16.380907
20 25 0.557304
21 26 2000.0
21 32 2000.0
21 24 0.98745215
21 35 0.04537471
21 31 2000.0
21 12 0.17677785
21 15 9.413236
21 4 2000.0
22 31 150.0
22 9 0.050829664
22 19 2000.0
23 0 2000.0
23 30 2.1948793
23 8 1.1164774
23 2 10.600464
23 37 0.6542984
23 18 1.4157134
23 7 1.5294806
23 16 3.0774322
23 11 2000.0
23 29 2.279131
23 5 2.349401
24 26 0.047630563
24 32 0.4883891
24 10 0.08250474
24 21 0.98745215
24 12 0.085259736
24 15 2000.0
24 17 0.23756169
25 30 46.823826
25 0 33.241825
25 13 0.26502016
25 33 0.5919617
25 11 0.6876879
25 29 3.2251983
25 34 5.5072775
25 20 0.557304
25 2 0.37518936
25 14 2.556237
25 37 73.85904
25 7 6.7793403
25 27 0.24452767
25 16 0.89986306
26 32 18.993893
26 28 0.06716851
26 10 0.030820161
26 24 0.047630563
26 31 0.26660842
26 12 1.1597222
26 17 1.7204815
27 30 0.5013315
27 0 2000.0
27 8 2.0143397
27 18 27.80431
27 13 0.38810095
27 33 0.7928297
27 11 0.8642239
27 29 1.8098717
27 5 2.8656173
27 34 1.583632
27 20 1.9681262
27 2 0.5041469
27 14 4.609293
27 37 1.0797774
27 7 2000.0
27 16 1.3910258
27 25 0.24452767
28 36 0.032188237
28 26 0.06716851
28 10 0.48579547
28 12 1190.0568
28 3 200.0
28 9 1.2038962
28 19 1371.0227
29 0 26.224672
29 30 4.454256
29 8 0.35116577
29 18 2.3183894
29 13 0.81592524
29 33 32.017498
29 11 0.74999046
29 5 2.8587143
29 34 8.016279
29 20 6.2243257
29 2 1.710311
29 37 0.98102826
29 7 1200.0
29 27 1.8098717
29 16 2000.0
29 23 2.279131
29 25 3.2251983
30 8 0.4618893
30 18 0.6902287
30 13 51.29562
30 33 16.3201
30 11 0.94410384
30 29 4.454256
30 5 0.6071956
30 34 1.236904
30 20 3.9899476
30 2 30.06642
30 14 14.364756
30 37 17.197334
30 7 0.8646902
30 27 0.5013315
30 16 1.0895091
30 23 2.1948793
30 25 46.823826
31 26 0.26660842
31 6 0.17503725
31 10 15.09029
31 35 67.74744
31 22 150.0
31 9 0.028198656
31 4 0.07727451
31 17 0.9472129
31 19 0.062931605
32 26 18.993893
32 24 0.4883891
32 21 2000.0
32 12 8.994383
32 15 0.07364488
33 30 16.3201
33 8 2000.0
33 13 0.76970273
33 11 2.2987208
33 29 32.017498
33 5 2000.0
33 34 2000.0
33 20 1.270629
33 2 1.5747421
33 14 0.89919984
33 7 2000.0
33 27 0.7928297
33 16 3017.898
33 25 0.5919617
34 30 1.236904
34 20 1.3749533
34 8 23.698826
34 37 2000.0
34 7 2000.0
34 13 355.55554
34 27 1.583632
34 16 46.01232
34 11 2.6451743
34 29 8.016279
34 25 5.5072775
34 5 1.592753
35 21 0.04537471
35 31 67.74744
36 28 0.032188237
36 3 0.6587243
36 9 0.737146
37 30 17.197334
37 0 1.4252408
37 8 1.2300866
37 18 2.4378657
37 13 1.1897031
37 11 1.3230518
37 29 0.98102826
37 5 8.794913
37 20 3.5899558
37 2 0.84873724
37 7 298.49408
37 27 1.0797774
37 16 2000.0
37 23 0.6542984
37 25 73.85904
