0 2 0.69164425
0 37 1.5556207
0 13 0.6500698
0 29 25.750736
0 25 18.587223
1 3 1.3371212
1 12 17.515463
2 30 14.1635
2 0 0.69164425
2 8 1.4380155
2 18 1.6243306
2 13 0.54373753
2 33 2.0756261
2 11 1.1788857
2 29 1.2907434
2 20 3.8531697
2 37 1.0884517
2 27 0.8594632
2 16 2000.0
2 23 5.5979137
2 25 0.34186846
3 36 0.5307814
3 28 3.381211
3 24 2000.0
3 12 0.050600402
3 1 1.3371212
3 9 0.70153576
4 31 0.09321367
4 9 0.091226384
4 17 0.17367181
4 19 0.0765392
5 30 0.9560117
5 8 0.5569787
5 18 0.8815959
5 13 49.539406
5 11 2.589344
5 29 1.7840233
5 34 2.3719492
5 20 1.6552218
5 37 16.38312
5 7 9.45888
5 27 2.8450017
5 16 1.385036
5 23 3.1767993
6 31 0.20690984
6 17 6.081542
7 30 0.62989336
7 20 130.02583
7 8 4.4235325
7 37 88.888885
7 16 1.3479527
7 23 1.1865952
7 25 3.620223
7 5 9.45888
8 0 2000.0
8 30 0.4951873
8 18 1.2708137
8 13 1.1955438
8 11 0.930512
8 29 0.6803628
8 5 0.5569787
8 34 16.517004
8 2 1.4380155
8 37 1.2045099
8 7 4.4235325
8 27 1.3555489
8 16 1.817742
8 23 0.8831067
8 25 2000.0
9 36 0.40985504
9 26 2000.0
9 28 0.9564215
9 10 21.111296
9 22 0.06488971
9 31 0.030324414
9 3 0.70153576
9 12 2000.0
9 4 0.091226384
9 17 0.03205826
9 19 0.067269
10 26 0.030046828
10 28 0.37045455
10 24 0.09905121
10 31 7.6860294
10 12 147.13004
10 9 21.111296
10 17 0.034054853
11 0 2000.0
11 30 0.6974865
11 8 0.930512
11 18 4.689085
11 13 0.8224969
11 33 2.0804777
11 29 1.0010567
11 5 2.589344
11 34 1.7166132
11 20 0.93910503
11 2 1.1788857
11 37 1.1704476
11 7 1623.466
11 27 0.64331955
11 16 1.0294029
11 25 0.74292743
12 26 1.1412878
12 32 4.4725437
12 10 147.13004
12 24 0.08051661
12 21 0.2558577
12 3 0.050600402
12 1 17.515463
13 30 63.519608
13 0 0.6500698
13 8 1.1955438
13 33 1.0293016
13 11 0.8224969
13 29 1.0733337
13 5 49.539406
13 34 131.31769
13 20 1.3580445
13 2 0.54373753
13 14 4.184455
13 37 2.0192544
13 7 2000.0
13 27 0.444232
13 16 70.66327
13 25 0.41247702
14 30 5.1787105
14 20 1.4770653
14 13 4.184455
14 27 1.9952737
14 33 0.41298467
14 11 2000.0
14 25 2.5727494
15 32 0.067597754
15 21 1.3179166
15 12 2000.0
16 34 56.164776
16 30 1.1427753
16 20 28.414564
16 8 1.817742
16 18 0.99831855
16 13 70.66327
16 7 1.3479527
16 27 1.3333055
16 11 1.0294029
16 23 1.8029393
16 25 1.0348427
16 5 1.385036
17 6 6.081542
17 26 1.4210515
17 10 0.034054853
17 24 0.11264866
17 31 0.98812467
17 9 0.03205826
17 4 0.17367181
17 19 150.41942
18 0 2000.0
18 30 0.90228873
18 8 1.2708137
18 2 1.6243306
18 37 2.308545
18 13 1707.5
18 27 14.807361
18 16 0.99831855
18 11 4.689085
18 23 1.3440406
18 29 2.219179
18 5 0.8815959
19 31 0.11419523
19 9 0.067269
19 4 0.0765392
19 17 150.41942
20 30 1.6915065
20 13 1.3580445
20 33 0.9832169
20 11 0.93910503
20 29 10.60055
20 5 1.6552218
20 34 1.181387
20 2 3.8531697
20 14 1.4770653
20 37 8.434425
20 7 130.02583
20 27 1.1922976
20 16 28.414564
20 25 0.605063
21 10 2000.0
21 24 1.720582
21 35 0.0443102
21 31 2000.0
21 12 0.2558577
21 15 1.3179166
21 4 2000.0
22 31 100.0
22 9 0.06488971
22 19 2000.0
23 0 2000.0
23 30 2.8925416
23 8 0.8831067
23 2 5.5979137
23 37 2.210807
23 18 1.3440406
23 7 1.1865952
23 16 1.8029393
23 11 2000.0
23 29 1.0795267
23 5 3.1767993
24 26 0.037319854
24 32 0.26362455
24 10 0.09905121
24 21 1.720582
24 12 0.08051661
24 17 0.11264866
25 30 15.021061
25 0 18.587223
25 13 0.41247702
25 33 0.71053463
25 11 0.74292743
25 29 1.7773168
25 34 1.5633385
25 20 0.605063
25 2 0.34186846
25 14 2.5727494
25 37 213.85469
25 7 3.620223
25 27 0.19972944
25 16 1.0348427
26 32 45.283356
26 28 0.11495103
26 10 0.030046828
26 24 0.037319854
26 31 0.11272321
26 12 1.1412878
26 17 1.4210515
27 30 0.18896453
27 0 2000.0
27 8 1.3555489
27 18 14.807361
27 13 0.444232
27 33 0.7725128
27 11 0.64331955
27 29 0.80788606
27 5 2.8450017
27 34 0.87465507
27 20 1.1922976
27 2 0.8594632
27 14 1.9952737
27 37 0.99439126
27 7 2000.0
27 16 1.3333055
27 25 0.19972944
28 36 0.030381946
28 26 0.11495103
28 10 0.37045455
28 3 3.381211
28 12 1139.2614
28 9 0.9564215
28 19 1357.1592
29 0 25.750736
29 30 1.372041
29 8 0.6803628
29 18 2.219179
29 13 1.0733337
29 33 21.433567
29 11 1.0010567
29 5 1.7840233
29 34 4.0457587
29 20 10.60055
29 2 1.2907434
29 37 0.9072646
29 7 2000.0
29 27 0.80788606
29 16 2000.0
29 23 1.0795267
29 25 1.7773168
30 8 0.4951873
30 18 0.90228873
30 13 63.519608
30 33 12.725883
30 11 0.6974865
30 29 1.372041
30 5 0.9560117
30 34 0.8998685
30 20 1.6915065
30 2 14.1635
30 14 5.1787105
30 37 20.73927
30 7 0.62989336
30 27 0.18896453
30 16 1.1427753
30 23 2.8925416
30 25 15.021061
31 26 0.11272321
31 6 0.20690984
31 10 7.6860294
31 35 146.47433
31 22 100.0
31 9 0.030324414
31 4 0.09321367
31 17 0.98812467
31 19 0.11419523
32 26 45.283356
32 24 0.26362455
32 21 2000.0
32 12 4.4725437
32 15 0.067597754
33 30 12.725883
33 8 2000.0
33 13 1.0293016
33 11 2.0804777
33 29 21.433567
33 34 2000.0
33 20 0.9832169
33 2 2.0756261
33 14 0.41298467
33 7 2000.0
33 27 0.7725128
33 16 3017.898
33 25 0.71053463
34 30 0.8998685
34 20 1.181387
34 8 16.517004
34 37 2000.0
34 7 2000.0
34 13 131.31769
34 27 0.87465507
34 16 56.164776
34 11 1.7166132
34 29 4.0457587
34 25 1.5633385
34 5 2.3719492
35 21 0.0443102
35 31 146.47433
36 28 0.030381946
36 3 0.5307814
36 9 0.40985504
37 30 20.73927
37 0 1.5556207
37 8 1.2045099
37 18 2.308545
37 13 2.0192544
37 11 1.1704476
37 29 0.9072646
37 5 16.38312
37 20 8.434425
37 2 1.0884517
37 7 88.888885
37 27 0.99439126
37 16 2000.0
37 23 2.210807
37 25 213.85469
