0 2 1.4503102
0 37 3.0574508
0 13 1.4016503
0 29 66.171425
0 25 11.08572
1 3 1.5383334
1 12 14.403689
2 30 68.14366
2 0 1.4503102
2 8 1.5201856
2 18 2.0512838
2 13 0.6732335
2 33 4.208908
2 11 1.5781769
2 29 1.192572
2 20 4.3874598
2 37 1.4901117
2 27 1.0113956
2 16 2000.0
2 23 8.190296
2 25 1.2928685
3 36 0.4462121
3 28 32.01286
3 24 2000.0
3 12 0.08855389
3 1 1.5383334
3 9 0.4824287
4 31 0.065495655
4 9 0.08129847
4 17 0.13743497
4 19 0.06617752
5 30 1.0600183
5 8 1.510544
5 18 0.579401
5 13 34.320953
5 11 2.5043254
5 29 2.707112
5 34 3.569172
5 20 2.6546538
5 37 8.63849
5 7 7.8608017
5 27 2.158758
5 16 1.3602574
5 23 2.3901734
6 31 0.11985002
6 17 2.8553073
7 30 1.2955966
7 20 120.00001
7 8 10.244339
7 37 2000.0
7 16 0.99892366
7 23 1.395326
7 11 69.78087
7 25 4.5747576
7 5 7.8608017
8 0 2000.0
8 30 0.7433929
8 18 1.3452414
8 13 1.8911499
8 11 1.3312094
8 29 0.9089657
8 5 1.510544
8 34 65.00795
8 2 1.5201856
8 37 1.2040019
8 7 10.244339
8 27 10.327948
8 16 1.2252663
8 23 1.9367177
8 25 2000.0
9 36 0.3128476
9 26 2000.0
9 28 1.4397912
9 10 18.429546
9 22 0.05242382
9 31 0.02983398
9 3 0.4824287
9 12 2000.0
9 4 0.08129847
9 17 0.04454934
9 19 0.06321568
10 26 0.029561162
10 28 0.26779
10 24 0.09620502
10 31 18.574675
10 12 50.178978
10 9 18.429546
10 17 0.030108908
11 0 2000.0
11 30 1.3252106
11 8 1.3312094
11 18 7.4284353
11 13 0.9170314
11 33 4.0546494
11 29 1.1250783
11 5 2.5043254
11 34 3.3511374
11 20 1.2637043
11 2 1.5781769
11 37 1.6481633
11 7 69.78087
11 27 0.8180512
11 16 0.9644581
11 25 2.211503
12 26 0.83862865
12 32 7.3314133
12 10 50.178978
12 24 0.078658216
12 21 0.15839645
12 3 0.08855389
12 1 14.403689
13 30 31.687672
13 0 1.4016503
13 8 1.8911499
13 18 49.096035
13 33 1.40661
13 11 0.9170314
13 29 0.7894278
13 5 34.320953
13 34 129.93102
13 20 1.0802758
13 2 0.6732335
13 14 5.21797
13 37 1.1859412
13 7 2000.0
13 27 1.2812535
13 16 47.58886
13 25 0.37920073
14 30 17.798826
14 20 5.1519146
14 13 5.21797
14 27 8.07576
14 33 0.8636294
14 11 2000.0
14 25 5.780694
15 32 0.08797654
15 21 1.7500439
15 12 2000.0
16 0 2000.0
16 30 1.045192
16 8 1.2252663
16 18 1.1529847
16 13 47.58886
16 11 0.9644581
16 5 1.3602574
16 34 107.69217
16 20 34.57016
16 37 2000.0
16 7 0.99892366
16 27 1.9047377
16 23 2.0254545
16 25 0.8053834
17 6 2.8553073
17 26 1.3580792
17 10 0.030108908
17 24 0.15598959
17 31 0.98768157
17 9 0.04454934
17 4 0.13743497
17 19 78.209755
18 0 2000.0
18 30 0.7053358
18 8 1.3452414
18 13 49.096035
18 11 7.4284353
18 29 1.3088996
18 5 0.579401
18 2 2.0512838
18 37 2.944167
18 7 2000.0
18 27 13.74174
18 16 1.1529847
18 23 1.4411608
19 31 0.090861015
19 9 0.06321568
19 4 0.06617752
19 17 78.209755
20 30 1.3043275
20 13 1.0802758
20 33 2.326638
20 11 1.2637043
20 29 11.790973
20 5 2.6546538
20 34 1.7610587
20 2 4.3874598
20 14 5.1519146
20 37 8.995899
20 7 120.00001
20 27 1.5207385
20 16 34.57016
20 25 1.0474292
21 26 2000.0
21 32 2000.0
21 24 0.39394122
21 35 0.032840908
21 12 0.15839645
21 15 1.7500439
22 31 378.94742
22 9 0.05242382
22 19 2000.0
23 0 2000.0
23 30 3.2982955
23 8 1.9367177
23 2 8.190296
23 37 1.5655531
23 18 1.4411608
23 7 1.395326
23 16 2.0254545
23 11 2000.0
23 29 1.3591738
23 5 2.3901734
24 26 0.044053987
24 32 0.20175052
24 10 0.09620502
24 21 0.39394122
24 12 0.078658216
24 15 2000.0
24 17 0.15598959
25 30 21.532112
25 0 11.08572
25 13 0.37920073
25 33 0.6559101
25 11 2.211503
25 29 2.2055511
25 34 2.5160282
25 20 1.0474292
25 2 1.2928685
25 14 5.780694
25 37 61.01451
25 7 4.5747576
25 27 0.24134313
25 16 0.8053834
26 32 14.919317
26 28 0.053284008
26 10 0.029561162
26 24 0.044053987
26 31 0.14744282
26 12 0.83862865
26 17 1.3580792
27 30 0.23042479
27 0 2000.0
27 8 10.327948
27 18 13.74174
27 13 1.2812535
27 33 1.8273436
27 11 0.8180512
27 29 0.92257327
27 5 2.158758
27 34 2.1122606
27 20 1.5207385
27 2 1.0113956
27 14 8.07576
27 37 1.346484
27 7 2000.0
27 16 1.9047377
27 25 0.24134313
28 36 0.030667631
28 26 0.053284008
28 10 0.26779
28 3 32.01286
28 12 1213.409
28 9 1.4397912
28 19 1369.4319
29 0 66.171425
29 30 4.582979
29 8 0.9089657
29 18 1.3088996
29 13 0.7894278
29 33 12.78844
29 11 1.1250783
29 5 2.707112
29 34 2.5339937
29 20 11.790973
29 2 1.192572
29 37 0.9656686
29 7 2000.0
29 27 0.92257327
29 16 2000.0
29 23 1.3591738
29 25 2.2055511
30 8 0.7433929
30 18 0.7053358
30 13 31.687672
30 33 37.585144
30 11 1.3252106
30 29 4.582979
30 5 1.0600183
30 34 0.9183763
30 20 1.3043275
30 2 68.14366
30 14 17.798826
30 37 14.142036
30 7 1.2955966
30 27 0.23042479
30 16 1.045192
30 23 3.2982955
30 25 21.532112
31 26 0.14744282
31 6 0.11985002
31 10 18.574675
31 35 140.0055
31 22 378.94742
31 9 0.02983398
31 4 0.065495655
31 17 0.98768157
31 19 0.090861015
32 26 14.919317
32 24 0.20175052
32 12 7.3314133
32 15 0.08797654
33 30 37.585144
33 8 2000.0
33 13 1.40661
33 11 4.0546494
33 29 12.78844
33 5 2000.0
33 34 2000.0
33 20 2.326638
33 2 4.208908
33 14 0.8636294
33 7 2000.0
33 27 1.8273436
33 16 3017.898
33 25 0.6559101
34 30 0.9183763
34 20 1.7610587
34 8 65.00795
34 37 2000.0
34 13 129.93102
34 7 2000.0
34 27 2.1122606
34 16 107.69217
34 11 3.3511374
34 29 2.5339937
34 25 2.5160282
34 5 3.569172
35 21 0.032840908
35 31 140.0055
36 28 0.030667631
36 3 0.4462121
36 9 0.3128476
37 30 14.142036
37 0 3.0574508
37 8 1.2040019
37 18 2.944167
37 13 1.1859412
37 11 1.6481633
37 29 0.9656686
37 5 8.63849
37 20 8.995899
37 2 1.4901117
37 7 2000.0
37 27 1.346484
37 16 2000.0
37 23 1.5655531
37 25 61.01451
