0 2 0.9174635
0 37 1.758492
0 13 1.115089
0 29 49.068493
0 25 20.019104
1 3 2.3007958
1 12 23.12462
2 30 41.735523
2 0 0.9174635
2 8 2.8151288
2 18 1.821377
2 13 0.51554143
2 33 2.2920887
2 11 1.3143061
2 29 1.086672
2 20 2.4260993
2 37 0.8617246
2 27 1.6810646
2 16 2000.0
2 23 11.055832
2 25 0.57087386
3 36 0.5190111
3 28 35.101135
3 24 2000.0
3 12 0.05762854
3 1 2.3007958
3 9 0.7489003
4 31 0.068208866
4 9 0.06496169
4 17 0.2133286
4 19 0.06849341
5 30 0.63514054
5 8 0.61156034
5 18 0.697044
5 13 20.256552
5 11 1.6884044
5 29 3.4223723
5 34 3.7484925
5 20 1.8646176
5 37 18.009296
5 7 9.330792
5 27 2.6714017
5 16 1.2234359
5 23 2.7847822
6 31 0.22940475
6 17 2.489042
7 34 266.6667
7 30 0.82473695
7 20 41.43831
7 8 13.049116
7 37 66.66667
7 16 1.541709
7 23 1.3677136
7 11 73.58311
7 25 1.5726414
7 5 9.330792
8 0 2000.0
8 30 0.46324787
8 18 1.3115929
8 13 2.0260847
8 11 0.8642467
8 29 0.4236401
8 5 0.61156034
8 34 2000.0
8 2 2.8151288
8 37 0.9912867
8 7 13.049116
8 27 1.7823116
8 16 1.9990926
8 23 1.1340237
8 25 2000.0
9 36 0.4533571
9 28 0.86256874
9 10 58.76188
9 22 0.06648775
9 31 0.029957848
9 12 2000.0
9 3 0.7489003
9 4 0.06496169
9 17 0.031085853
9 19 0.06693723
10 26 0.029232372
10 28 0.42771497
10 24 0.10443826
10 31 5.563966
10 12 64.6964
10 9 58.76188
10 17 0.0340819
11 0 2000.0
11 30 0.66228694
11 8 0.8642467
11 18 2.6215036
11 13 0.6550745
11 33 1.7778151
11 29 0.82228434
11 5 1.6884044
11 34 2.3135734
11 20 1.2800742
11 2 1.3143061
11 37 1.9113866
11 7 73.58311
11 27 0.5574856
11 16 1.0872289
11 25 0.8449049
12 26 0.8094184
12 32 2.011111
12 10 64.6964
12 24 0.061108943
12 21 0.13969201
12 3 0.05762854
12 1 23.12462
13 30 138.52841
13 0 1.115089
13 8 2.0260847
13 18 318.2857
13 33 1.0888836
13 11 0.6550745
13 29 0.75110346
13 5 20.256552
13 34 2548.9773
13 20 1.0337397
13 2 0.51554143
13 14 7.5670586
13 37 1.8064767
13 7 2000.0
13 27 0.28166446
13 16 25.308924
13 25 0.26582935
14 30 7.95794
14 20 2.0215747
14 13 7.5670586
14 27 2.906028
14 33 0.7397099
14 11 2000.0
14 25 1.6548004
15 32 0.07125559
15 21 1.7866137
16 30 1.2981749
16 0 2000.0
16 8 1.9990926
16 18 1.0929173
16 13 25.308924
16 11 1.0872289
16 5 1.2234359
16 34 64.28571
16 20 15.798439
16 7 1.541709
16 27 1.8744345
16 23 3.979612
16 25 1.307301
17 6 2.489042
17 26 3.5396333
17 10 0.0340819
17 24 0.078700304
17 31 1.133903
17 9 0.031085853
17 4 0.2133286
17 19 1274.9756
18 0 2000.0
18 30 0.66519886
18 8 1.3115929
18 2 1.821377
18 37 2.1372306
18 13 318.2857
18 27 14.830493
18 16 1.0929173
18 11 2.6215036
18 23 1.4344473
18 29 0.843392
18 5 0.697044
19 28 158.35338
19 31 0.070184425
19 9 0.06693723
19 4 0.06849341
19 17 1274.9756
20 30 1.5311468
20 13 1.0337397
20 33 0.94704014
20 11 1.2800742
20 29 5.7461886
20 5 1.8646176
20 34 0.8624571
20 2 2.4260993
20 14 2.0215747
20 37 1.7041744
20 7 41.43831
20 27 1.2303327
20 16 15.798439
20 25 0.419557
21 10 2000.0
21 24 0.58214486
21 35 0.03348697
21 12 0.13969201
21 15 1.7866137
22 31 169.89204
22 9 0.06648775
22 19 2000.0
23 0 2000.0
23 30 1.6455704
23 8 1.1340237
23 2 11.055832
23 37 2.1188595
23 18 1.4344473
23 7 1.3677136
23 16 3.979612
23 11 2000.0
23 29 0.9072894
23 5 2.7847822
24 26 0.04755435
24 32 0.17131741
24 10 0.10443826
24 21 0.58214486
24 12 0.061108943
24 15 2000.0
24 17 0.078700304
25 30 28.383095
25 0 20.019104
25 13 0.26582935
25 33 0.5490157
25 11 0.8449049
25 29 2.0888698
25 34 2.3836882
25 20 0.419557
25 2 0.57087386
25 14 1.6548004
25 37 44.105824
25 7 1.5726414
25 27 0.35444143
25 16 1.307301
26 32 20.194386
26 28 0.07620426
26 10 0.029232372
26 24 0.04755435
26 31 0.13713843
26 12 0.8094184
26 17 3.5396333
27 30 0.20153666
27 0 2000.0
27 8 1.7823116
27 18 14.830493
27 13 0.28166446
27 33 0.7534709
27 11 0.5574856
27 29 0.6977909
27 5 2.6714017
27 34 1.0186769
27 20 1.2303327
27 2 1.6810646
27 14 2.906028
27 37 0.89108866
27 7 2000.0
27 16 1.8744345
27 25 0.35444143
28 36 0.03135096
28 26 0.07620426
28 10 0.42771497
28 3 35.101135
28 12 1210.4546
28 9 0.86256874
28 19 158.35338
29 0 49.068493
29 30 0.37252143
29 8 0.4236401
29 18 0.843392
29 13 0.75110346
29 33 14.338212
29 11 0.82228434
29 5 3.4223723
29 34 3.6665359
29 20 5.7461886
29 2 1.086672
29 37 0.79430807
29 27 0.6977909
29 16 2000.0
29 23 0.9072894
29 25 2.0888698
30 8 0.46324787
30 18 0.66519886
30 13 138.52841
30 33 13.380836
30 11 0.66228694
30 29 0.37252143
30 5 0.63514054
30 34 0.8018766
30 20 1.5311468
30 2 41.735523
30 14 7.95794
30 37 16.965574
30 7 0.82473695
30 27 0.20153666
30 16 1.2981749
30 23 1.6455704
30 25 28.383095
31 26 0.13713843
31 6 0.22940475
31 10 5.563966
31 35 8.64716
31 22 169.89204
31 9 0.029957848
31 4 0.068208866
31 17 1.133903
31 19 0.070184425
32 26 20.194386
32 24 0.17131741
32 21 2000.0
32 12 2.011111
32 15 0.07125559
33 30 13.380836
33 13 1.0888836
33 11 1.7778151
33 29 14.338212
33 5 2000.0
33 34 2000.0
33 20 0.94704014
33 2 2.2920887
33 14 0.7397099
33 7 2000.0
33 27 0.7534709
33 16 3017.898
33 25 0.5490157
34 30 0.8018766
34 20 0.8624571
34 8 2000.0
34 37 2000.0
34 7 266.6667
34 27 1.0186769
34 16 64.28571
34 11 2.3135734
34 29 3.6665359
34 25 2.3836882
34 5 3.7484925
35 21 0.03348697
35 31 8.64716
36 28 0.03135096
36 3 0.5190111
36 9 0.4533571
37 30 16.965574
37 0 1.758492
37 8 0.9912867
37 18 2.1372306
37 13 1.8064767
37 11 1.9113866
37 29 0.79430807
37 5 18.009296
37 20 1.7041744
37 2 0.8617246
37 7 66.66667
37 27 0.89108866
37 16 2000.0
37 23 2.1188595
37 25 44.105824
