0 2 0.92567813
0 37 1.2715353
0 13 1.6337422
0 29 24.043127
0 25 9.437204
1 3 1.7050941
1 12 35.03446
2 30 13.325621
2 0 0.92567813
2 8 1.3800614
2 18 1.6296096
2 13 0.5826012
2 33 4.71277
2 11 1.4174415
2 29 1.1259922
2 20 2.949911
2 37 0.878943
2 27 0.9086688
2 16 2000.0
2 23 4.272057
2 25 0.3805699
3 36 0.5702502
3 28 13.641787
3 24 2000.0
3 12 0.06227948
3 1 1.7050941
3 9 1.0735458
4 31 0.06725337
4 9 0.0858943
4 17 0.13160758
4 19 0.07107816
5 30 0.7712828
5 8 0.6132214
5 18 0.8810327
5 13 20.851494
5 11 2.1229496
5 29 1.9299712
5 34 2.3660524
5 20 2.316763
5 37 19.347805
5 7 14.491814
5 27 1.5994775
5 16 1.4562054
5 23 3.6535437
5 25 2000.0
6 31 0.14622372
6 17 2.1216633
7 34 2000.0
7 30 0.7622269
7 20 47.72728
7 8 4.027048
7 37 100.0
7 16 1.2116652
7 23 1.2023218
7 11 219.08882
7 25 3.6524527
7 5 14.491814
8 0 2000.0
8 30 0.42639738
8 18 1.3897239
8 13 0.8596578
8 11 0.8933956
8 29 0.39811248
8 5 0.6132214
8 34 15.506608
8 2 1.3800614
8 37 0.8536814
8 7 4.027048
8 27 0.7525557
8 16 1.4614464
8 23 0.8346838
8 25 2000.0
9 36 0.7035665
9 28 0.86594075
9 10 9.0926
9 22 0.06662653
9 31 0.030242968
9 12 2000.0
9 3 1.0735458
9 4 0.0858943
9 17 0.036903407
9 19 0.08059017
10 26 0.030448956
10 28 0.7251955
10 24 0.17377326
10 31 40.095333
10 12 1369.034
10 9 9.0926
10 17 0.038609214
11 0 2000.0
11 30 0.7442516
11 8 0.8933956
11 18 14.799327
11 13 1.4250135
11 33 2.3331034
11 29 0.98485506
11 5 2.1229496
11 34 2.1902807
11 20 1.4837797
11 2 1.4174415
11 37 1.561064
11 7 219.08882
11 27 0.66802686
11 16 1.3481812
11 25 1.0207592
12 26 0.6496212
12 32 6.560439
12 24 0.076552056
12 21 0.32504213
12 3 0.06227948
12 1 35.03446
13 30 33.535084
13 0 1.6337422
13 8 0.8596578
13 18 503.1397
13 33 1.5169495
13 11 1.4250135
13 29 0.86966884
13 5 20.851494
13 34 93.8518
13 20 0.89694214
13 2 0.5826012
13 14 7.72709
13 37 1.1180142
13 7 2000.0
13 27 0.24115565
13 16 48.606026
13 25 0.25787976
14 30 13.021414
14 20 3.3662603
14 13 7.72709
14 27 5.3190556
14 33 0.31446427
14 11 2000.0
14 25 3.28962
15 32 0.06897113
15 21 1.551197
16 30 1.5081513
16 0 2000.0
16 8 1.4614464
16 18 1.1178707
16 13 48.606026
16 11 1.3481812
16 5 1.4562054
16 34 57.142857
16 20 24.776785
16 7 1.2116652
16 27 1.5313847
16 23 2.5043626
16 25 0.8719801
17 6 2.1216633
17 26 1.7599049
17 10 0.038609214
17 24 0.14802597
17 31 1.3763165
17 9 0.036903407
17 4 0.13160758
17 19 77.92403
18 0 2000.0
18 30 0.70728785
18 8 1.3897239
18 13 503.1397
18 11 14.799327
18 29 1.208667
18 5 0.8810327
18 2 1.6296096
18 37 2.1595323
18 7 2000.0
18 27 23.415031
18 16 1.1178707
18 23 1.1860565
19 31 0.08989216
19 9 0.08059017
19 4 0.07107816
19 17 77.92403
20 30 1.2901194
20 13 0.89694214
20 33 1.803726
20 11 1.4837797
20 29 8.680012
20 5 2.316763
20 34 1.2917922
20 2 2.949911
20 14 3.3662603
20 37 3.7176096
20 7 47.72728
20 27 1.3808701
20 16 24.776785
20 25 0.28728813
21 26 2000.0
21 32 2000.0
21 10 2000.0
21 24 1.539654
21 35 0.043988273
21 12 0.32504213
21 15 1.551197
22 31 88.888885
22 9 0.06662653
22 19 2000.0
23 0 2000.0
23 30 1.11478
23 8 0.8346838
23 2 4.272057
23 37 1.0064064
23 18 1.1860565
23 7 1.2023218
23 16 2.5043626
23 11 2000.0
23 29 1.1644597
23 5 3.6535437
24 26 0.037912022
24 32 0.17157331
24 10 0.17377326
24 21 1.539654
24 12 0.076552056
24 15 2000.0
24 17 0.14802597
25 30 10.401171
25 0 9.437204
25 13 0.25787976
25 33 0.73042107
25 11 1.0207592
25 29 2.0444472
25 34 1.2911266
25 20 0.28728813
25 2 0.3805699
25 14 3.28962
25 37 97.11237
25 7 3.6524527
25 27 0.2492798
25 16 0.8719801
26 32 18.62368
26 28 0.05659348
26 10 0.030448956
26 24 0.037912022
26 31 0.18885118
26 12 0.6496212
26 17 1.7599049
27 30 0.19957386
27 0 2000.0
27 8 0.7525557
27 18 23.415031
27 13 0.24115565
27 33 1.1173656
27 11 0.66802686
27 29 1.4104484
27 5 1.5994775
27 34 1.1433724
27 20 1.3808701
27 2 0.9086688
27 14 5.3190556
27 37 1.1730152
27 7 3911.4204
27 16 1.5313847
27 25 0.2492798
28 36 0.033359013
28 26 0.05659348
28 10 0.7251955
28 3 13.641787
28 12 1144.5454
28 9 0.86594075
28 19 1376.3636
29 0 24.043127
29 30 2.1842558
29 8 0.39811248
29 18 1.208667
29 13 0.86966884
29 33 15.378159
29 11 0.98485506
29 5 1.9299712
29 34 2.8017383
29 20 8.680012
29 2 1.1259922
29 37 1.1923811
29 7 2000.0
29 27 1.4104484
29 16 2000.0
29 23 1.1644597
29 25 2.0444472
30 8 0.42639738
30 18 0.70728785
30 13 33.535084
30 33 6.9339876
30 11 0.7442516
30 29 2.1842558
30 5 0.7712828
30 34 0.83121806
30 20 1.2901194
30 2 13.325621
30 14 13.021414
30 37 16.060703
30 7 0.7622269
30 27 0.19957386
30 16 1.5081513
30 23 1.11478
30 25 10.401171
31 26 0.18885118
31 6 0.14622372
31 10 40.095333
31 22 88.888885
31 9 0.030242968
31 4 0.06725337
31 17 1.3763165
31 19 0.08989216
32 26 18.62368
32 24 0.17157331
32 12 6.560439
32 15 0.06897113
33 30 6.9339876
33 8 2000.0
33 13 1.5169495
33 11 2.3331034
33 29 15.378159
33 5 2000.0
33 34 2000.0
33 20 1.803726
33 2 4.71277
33 14 0.31446427
33 7 2000.0
33 27 1.1173656
33 16 3017.898
33 25 0.73042107
34 30 0.83121806
34 20 1.2917922
34 8 15.506608
34 37 2000.0
34 13 93.8518
34 7 2000.0
34 27 1.1433724
34 16 57.142857
34 11 2.1902807
34 29 2.8017383
34 25 1.2911266
34 5 2.3660524
35 21 0.043988273
35 31 1065.4546
36 28 0.033359013
36 3 0.5702502
36 9 0.7035665
37 30 16.060703
37 0 1.2715353
37 8 0.8536814
37 18 2.1595323
37 13 1.1180142
37 11 1.561064
37 29 1.1923811
37 5 19.347805
37 20 3.7176096
37 2 0.878943
37 7 100.0
37 27 1.1730152
37 16 2000.0
37 23 1.0064064
37 25 97.11237
