0 2 0.988043
0 37 2.0587118
0 13 0.85431916
0 29 24.653208
0 25 52.840908
1 3 0.977743
1 12 22.384346
2 30 14.296225
2 0 0.988043
2 8 1.1473522
2 18 2.5832345
2 13 0.5656502
2 33 2.00971
2 11 1.6659755
2 29 1.2046771
2 20 5.1607003
2 37 0.888906
2 27 0.8115252
2 16 2000.0
2 23 7.981363
2 25 0.42185283
3 36 0.36793524
3 28 17.023321
3 24 2000.0
3 12 0.06633297
3 1 0.977743
3 9 0.6037879
4 31 0.07618295
4 9 0.0981353
4 17 0.21226719
4 19 0.06703704
5 30 0.8227353
5 8 0.8271512
5 18 1.239584
5 13 47.82472
5 11 4.2018423
5 29 10.588536
5 34 5.163889
5 20 3.3629253
5 37 5.678531
5 7 22.349848
5 27 1.4768429
5 16 1.7264568
5 23 2.8657086
5 25 2000.0
6 31 0.113431446
6 17 1.414479
7 30 0.7321465
7 20 120.60624
7 8 4.6432943
7 16 1.1699269
7 23 1.3269308
7 11 145.58638
7 25 2.0318482
7 5 22.349848
8 0 2000.0
8 30 0.35958606
8 18 1.2248901
8 13 1.271123
8 11 0.9765403
8 29 0.7174412
8 5 0.8271512
8 34 34.20471
8 2 1.1473522
8 37 0.7662725
8 7 4.6432943
8 27 2.7154121
8 16 1.7392794
8 23 1.0800917
8 25 2000.0
9 36 1.1128153
9 26 2000.0
9 28 3.1074176
9 10 83.53024
9 22 0.074449696
9 31 0.02914824
9 3 0.6037879
9 12 2000.0
9 4 0.0981353
9 17 0.03375052
9 19 0.06526672
10 26 0.030123869
10 28 0.4314043
10 24 0.07432096
10 31 6.2341003
10 12 1281.4773
10 9 83.53024
10 17 0.034190062
11 0 2000.0
11 30 0.86415565
11 8 0.9765403
11 18 9.614109
11 13 1.1056083
11 33 1.6575125
11 29 1.141928
11 5 4.2018423
11 34 2.6974685
11 20 2.787017
11 2 1.6659755
11 37 1.3190005
11 7 145.58638
11 27 0.8654123
11 16 1.0409809
11 25 0.7652533
12 26 0.74414974
12 32 6.9480467
12 24 0.07140111
12 21 0.19291085
12 3 0.06633297
12 1 22.384346
13 30 49.992535
13 0 0.85431916
13 8 1.271123
13 18 88.98265
13 33 1.1805376
13 11 1.1056083
13 29 1.0283617
13 5 47.82472
13 34 376.9231
13 20 1.2371386
13 2 0.5656502
13 14 13.414288
13 37 1.18647
13 7 2000.0
13 27 0.27566653
13 16 81.78509
13 25 0.25947216
14 30 14.280969
14 20 5.4700933
14 13 13.414288
14 27 2.3620296
14 33 0.4841243
14 11 2000.0
14 25 4.6919794
15 32 0.07596704
15 21 11.117014
16 0 2000.0
16 30 1.0674818
16 8 1.7392794
16 18 1.1615598
16 13 81.78509
16 11 1.0409809
16 29 266.6667
16 5 1.7264568
16 34 35.806496
16 20 60.84968
16 7 1.1699269
16 27 1.2785664
16 23 2.2436862
16 25 0.79367834
17 6 1.414479
17 26 1.8142661
17 10 0.034190062
17 24 0.09796788
17 31 0.96700287
17 9 0.03375052
17 4 0.21226719
17 19 1514.3182
18 0 2000.0
18 30 0.68906516
18 8 1.2248901
18 13 88.98265
18 11 9.614109
18 29 1.2432847
18 5 1.239584
18 2 2.5832345
18 37 2.0264237
18 7 2000.0
18 27 41.164917
18 16 1.1615598
18 23 1.0566833
19 31 0.1087501
19 9 0.06526672
19 4 0.06703704
20 30 2.3667054
20 13 1.2371386
20 33 2.7805576
20 11 2.787017
20 29 5.062667
20 5 3.3629253
20 34 1.2351446
20 2 5.1607003
20 14 5.4700933
20 37 6.782051
20 7 120.60624
20 27 2.6880903
20 16 60.84968
20 25 0.90268445
21 26 2000.0
21 32 2000.0
21 24 0.9552584
21 35 0.03402781
21 12 0.19291085
21 15 11.117014
22 31 138.46155
22 9 0.074449696
22 19 2000.0
23 30 2.1895816
23 0 2000.0
23 8 1.0800917
23 2 7.981363
23 37 1.3457729
23 18 1.0566833
23 7 1.3269308
23 16 2.2436862
23 11 2000.0
23 29 1.575601
23 5 2.8657086
24 26 0.0408211
24 32 0.2881891
24 10 0.07432096
24 21 0.9552584
24 12 0.07140111
24 15 2000.0
24 17 0.09796788
25 30 9.36132
25 0 52.840908
25 13 0.25947216
25 33 0.5107954
25 11 0.7652533
25 29 2.9519095
25 34 1.7112604
25 20 0.90268445
25 2 0.42185283
25 14 4.6919794
25 37 50.38462
25 7 2.0318482
25 27 0.2789167
25 16 0.79367834
26 32 1202.7462
26 28 0.053157624
26 10 0.030123869
26 24 0.0408211
26 31 0.109689154
26 12 0.74414974
26 17 1.8142661
27 30 0.341113
27 0 2000.0
27 8 2.7154121
27 18 41.164917
27 13 0.27566653
27 33 0.72449815
27 11 0.8654123
27 29 0.8887251
27 5 1.4768429
27 34 0.97714597
27 20 2.6880903
27 2 0.8115252
27 14 2.3620296
27 37 0.82191116
27 7 2000.0
27 16 1.2785664
27 25 0.2789167
28 36 0.04911432
28 26 0.053157624
28 10 0.4314043
28 3 17.023321
28 12 1211.1364
28 9 3.1074176
28 19 1367.1023
29 0 24.653208
29 30 1.9499521
29 8 0.7174412
29 18 1.2432847
29 13 1.0283617
29 33 20.729048
29 11 1.141928
29 5 10.588536
29 34 6.5620003
29 20 5.062667
29 2 1.2046771
29 37 0.783106
29 7 2000.0
29 27 0.8887251
29 16 266.6667
29 23 1.575601
29 25 2.9519095
30 8 0.35958606
30 18 0.68906516
30 13 49.992535
30 33 11.598801
30 11 0.86415565
30 29 1.9499521
30 5 0.8227353
30 34 0.9883757
30 20 2.3667054
30 2 14.296225
30 14 14.280969
30 37 13.540534
30 7 0.7321465
30 27 0.341113
30 16 1.0674818
30 23 2.1895816
30 25 9.36132
31 26 0.109689154
31 6 0.113431446
31 10 6.2341003
31 22 138.46155
31 9 0.02914824
31 4 0.07618295
31 17 0.96700287
31 19 0.1087501
32 26 1202.7462
32 24 0.2881891
32 12 6.9480467
32 15 0.07596704
33 30 11.598801
33 13 1.1805376
33 11 1.6575125
33 29 20.729048
33 5 2000.0
33 34 2000.0
33 20 2.7805576
33 2 2.00971
33 14 0.4841243
33 7 2000.0
33 27 0.72449815
33 16 3017.898
33 25 0.5107954
34 30 0.9883757
34 20 1.2351446
34 8 34.20471
34 37 2000.0
34 7 2000.0
34 27 0.97714597
34 16 35.806496
34 11 2.6974685
34 29 6.5620003
34 25 1.7112604
34 5 5.163889
35 21 0.03402781
35 31 1599.3181
36 28 0.04911432
36 3 0.36793524
36 9 1.1128153
37 30 13.540534
37 0 2.0587118
37 8 0.7662725
37 18 2.0264237
37 13 1.18647
37 11 1.3190005
37 29 0.783106
37 5 5.678531
37 20 6.782051
37 2 0.888906
37 7 1691.9886
37 27 0.82191116
37 16 2000.0
37 23 1.3457729
37 25 50.38462
