0 2 1.797024
0 37 1.3808836
0 13 1.0565618
0 29 25.853725
0 25 16.519604
1 3 0.4745298
1 12 14.369263
2 30 38.274418
2 0 1.797024
2 8 1.2660688
2 18 1.9748677
2 13 0.6231017
2 33 1.8175373
2 11 1.4512165
2 29 1.1547151
2 20 2.697842
2 37 0.8514719
2 27 1.0505666
2 16 2000.0
2 23 12.41735
2 25 0.6538408
3 36 0.6129679
3 28 35.6012
3 24 256.82767
3 12 0.06742465
3 1 0.4745298
3 9 0.6325227
4 31 0.076210886
4 9 0.08654992
4 17 0.11244221
4 19 0.07098484
5 30 0.99379957
5 8 0.55995625
5 18 0.77505386
5 13 28.235447
5 11 1.4723507
5 29 3.9663801
5 34 3.2973018
5 20 2.1309233
5 37 13.818835
5 7 11.026483
5 27 2.6762679
5 16 1.3083186
5 23 3.9366643
5 25 2000.0
6 31 0.19189271
6 17 2.317089
7 34 400.0
7 30 1.7306577
7 20 23.763521
7 8 5.122869
7 16 1.1923631
7 23 1.5599475
7 25 2.6691382
7 5 11.026483
8 0 2000.0
8 30 0.43197975
8 18 1.2466934
8 13 1.0316101
8 11 0.86366844
8 29 0.87652624
8 5 0.55995625
8 34 35.603188
8 2 1.2660688
8 37 1.0091807
8 7 5.122869
8 27 0.83908767
8 16 1.4025884
8 23 0.7854994
8 25 2000.0
9 36 0.68813634
9 26 2000.0
9 28 1.8949486
9 10 65.62256
9 22 0.045159202
9 31 0.029052086
9 12 2000.0
9 3 0.6325227
9 4 0.08654992
9 17 0.041880496
9 19 0.07822311
10 26 0.030350106
10 28 0.2550379
10 24 0.072866455
10 31 21.859947
10 12 1481.7614
10 9 65.62256
10 17 0.029764194
11 0 2000.0
11 30 0.76965636
11 8 0.86366844
11 18 11.639246
11 13 0.7067184
11 33 4.04248
11 29 0.99758255
11 5 1.4723507
11 34 3.2075226
11 20 1.0367906
11 2 1.4512165
11 37 1.3876598
11 7 1644.659
11 27 0.6910822
11 16 1.2259011
11 25 0.73934907
12 26 1.4292816
12 32 4.765572
12 24 0.0754743
12 21 0.1946152
12 3 0.06742465
12 1 14.369263
13 30 72.358955
13 0 1.0565618
13 8 1.0316101
13 18 238.7965
13 33 1.1738775
13 11 0.7067184
13 29 0.94978565
13 5 28.235447
13 34 2000.0
13 20 1.104569
13 2 0.6231017
13 14 4.8676143
13 37 1.2415397
13 7 2000.0
13 27 0.37236303
13 16 80.4304
13 25 0.3211338
14 30 18.710304
14 20 2.866329
14 13 4.8676143
14 27 1.2362689
14 33 0.42506245
14 11 2000.0
14 25 1.9372631
15 32 0.073524565
15 21 5.478352
16 30 1.0890043
16 0 2000.0
16 8 1.4025884
16 18 1.2855577
16 13 80.4304
16 11 1.2259011
16 5 1.3083186
16 34 182.12752
16 20 11.888711
16 7 1.1923631
16 27 1.4777329
16 23 2.877105
16 25 1.1334372
17 6 2.317089
17 26 1.4437535
17 10 0.029764194
17 24 0.10180333
17 31 1.0012645
17 9 0.041880496
17 4 0.11244221
17 19 94.437996
18 0 2000.0
18 30 0.9019742
18 8 1.2466934
18 13 238.7965
18 11 11.639246
18 29 1.3384836
18 5 0.77505386
18 2 1.9748677
18 37 2.1720493
18 7 2000.0
18 27 19.33924
18 16 1.2855577
18 23 1.5163002
19 31 0.13455334
19 9 0.07822311
19 17 94.437996
19 4 0.07098484
20 0 2000.0
20 30 2.3182049
20 8 2000.0
20 13 1.104569
20 33 1.1786325
20 11 1.0367906
20 29 10.947406
20 5 2.1309233
20 34 0.8859951
20 2 2.697842
20 14 2.866329
20 37 2.0408776
20 7 23.763521
20 27 0.9586601
20 16 11.888711
20 25 0.958877
21 26 2000.0
21 32 2000.0
21 24 0.8740068
21 35 0.033383008
21 31 2000.0
21 12 0.1946152
21 15 5.478352
22 31 74.79098
22 9 0.045159202
22 19 2000.0
23 0 2000.0
23 30 2.0000336
23 8 0.7854994
23 2 12.41735
23 37 1.9808614
23 18 1.5163002
23 7 1.5599475
23 16 2.877105
23 11 2000.0
23 29 1.7045584
23 5 3.9366643
24 26 0.039732557
24 32 0.2753819
24 10 0.072866455
24 21 0.8740068
24 12 0.0754743
24 3 256.82767
24 15 2000.0
24 17 0.10180333
25 0 16.519604
25 30 35.934635
25 13 0.3211338
25 33 0.8301582
25 11 0.73934907
25 29 2.7714128
25 34 1.7441769
25 20 0.958877
25 2 0.6538408
25 14 1.9372631
25 37 39.010445
25 7 2.6691382
25 27 0.22785294
25 16 1.1334372
26 32 53.333332
26 28 0.0657197
26 10 0.030350106
26 24 0.039732557
26 31 0.08775253
26 12 1.4292816
26 17 1.4437535
27 30 0.70052314
27 0 2000.0
27 8 0.83908767
27 18 19.33924
27 13 0.37236303
27 33 0.9275201
27 11 0.6910822
27 29 0.7950693
27 5 2.6762679
27 34 1.4889762
27 20 0.9586601
27 2 1.0505666
27 14 1.2362689
27 37 1.1750108
27 7 2000.0
27 16 1.4777329
27 25 0.22785294
28 36 0.035897918
28 26 0.0657197
28 10 0.2550379
28 3 35.6012
28 12 1205.3977
28 9 1.8949486
28 19 1377.3296
29 0 25.853725
29 30 3.0933475
29 8 0.87652624
29 18 1.3384836
29 13 0.94978565
29 33 30.874434
29 11 0.99758255
29 5 3.9663801
29 34 5.5376325
29 20 10.947406
29 2 1.1547151
29 37 0.85210484
29 7 2000.0
29 27 0.7950693
29 16 2000.0
29 23 1.7045584
29 25 2.7714128
30 8 0.43197975
30 18 0.9019742
30 13 72.358955
30 33 50.19389
30 11 0.76965636
30 29 3.0933475
30 5 0.99379957
30 34 1.6307851
30 20 2.3182049
30 2 38.274418
30 14 18.710304
30 37 45.667606
30 7 1.7306577
30 27 0.70052314
30 16 1.0890043
30 23 2.0000336
30 25 35.934635
31 26 0.08775253
31 6 0.19189271
31 10 21.859947
31 35 72.01478
31 22 74.79098
31 9 0.029052086
31 4 0.076210886
31 17 1.0012645
31 19 0.13455334
32 26 53.333332
32 24 0.2753819
32 12 4.765572
32 15 0.073524565
33 30 50.19389
33 8 2000.0
33 13 1.1738775
33 11 4.04248
33 29 30.874434
33 5 2000.0
33 34 2000.0
33 20 1.1786325
33 2 1.8175373
33 14 0.42506245
33 7 2000.0
33 27 0.9275201
33 16 3017.898
33 25 0.8301582
34 30 1.6307851
34 20 0.8859951
34 8 35.603188
34 37 2000.0
34 7 400.0
34 27 1.4889762
34 16 182.12752
34 11 3.2075226
34 29 5.5376325
34 25 1.7441769
34 5 3.2973018
35 21 0.033383008
35 31 72.01478
36 28 0.035897918
36 3 0.6129679
36 9 0.68813634
37 30 45.667606
37 0 1.3808836
37 8 1.0091807
37 18 2.1720493
37 13 1.2415397
37 11 1.3876598
37 29 0.85210484
37 5 13.818835
37 20 2.0408776
37 2 0.8514719
37 7 1285.2273
37 27 1.1750108
37 16 2000.0
37 23 1.9808614
37 25 39.010445
