0 2 1.0821809
0 37 1.7724053
0 13 1.1794851
0 29 26.114359
0 25 44.545456
1 3 0.7478084
1 12 5.712289
2 30 10.468135
2 0 1.0821809
2 8 1.3201051
2 18 1.6054595
2 13 0.45573264
2 33 2.0284631
2 11 1.7041929
2 29 1.2153631
2 20 3.30381
2 37 0.93107575
2 27 1.3925709
2 16 2000.0
2 23 10.603583
2 25 0.7411982
3 36 0.4397727
3 28 6.7451005
3 24 2000.0
3 12 0.060550075
3 1 0.7478084
3 9 0.38308084
4 31 0.06869501
4 9 0.103427425
4 17 0.20147383
4 19 0.068337604
5 30 0.64410394
5 8 0.5982136
5 18 1.4860247
5 13 15.510757
5 11 1.528435
5 29 1.5765071
5 34 3.8997996
5 20 1.9891614
5 37 9.458982
5 7 35.89055
5 27 1.0352225
5 16 1.4318851
5 23 2.258044
5 25 2000.0
6 31 0.21752909
6 17 2.3482618
7 30 0.9652972
7 20 60.086308
7 8 6.292425
7 37 114.28571
7 16 1.9751887
7 11 42.457314
7 23 1.311462
7 25 4.011974
7 29 1657.8636
7 5 35.89055
8 0 2000.0
8 30 0.35158348
8 18 1.1354166
8 13 1.0141865
8 11 0.93085563
8 29 0.2765084
8 5 0.5982136
8 34 42.17003
8 2 1.3201051
8 37 0.8048314
8 7 6.292425
8 27 0.99603266
8 16 1.6614696
8 23 0.87020653
8 25 2000.0
9 36 0.29243958
9 26 2000.0
9 28 1.5328572
9 10 12.542026
9 22 0.10280493
9 31 0.030681819
9 3 0.38308084
9 12 2000.0
9 4 0.103427425
9 17 0.033013634
9 19 0.06967214
10 26 0.02960044
10 28 0.25540754
10 24 0.111036316
10 31 8.723119
10 12 1400.0
10 9 12.542026
10 17 0.029265873
11 0 2000.0
11 30 0.69816494
11 8 0.93085563
11 18 10.855878
11 13 1.0767044
11 33 1.9410621
11 29 0.81699777
11 5 1.528435
11 34 2.0092366
11 20 1.2357774
11 2 1.7041929
11 37 1.349938
11 7 42.457314
11 27 0.678235
11 16 0.99474794
11 25 0.76353407
12 26 0.895963
12 32 6.6194077
12 24 0.071508564
12 21 0.26902682
12 3 0.060550075
12 1 5.712289
13 30 91.001976
13 0 1.1794851
13 8 1.0141865
13 18 150.0
13 33 0.91729456
13 11 1.0767044
13 29 0.88891107
13 5 15.510757
13 34 269.25943
13 20 0.88426006
13 2 0.45573264
13 14 4.403039
13 37 1.7834738
13 7 2000.0
13 27 0.7715813
13 16 36.506565
13 25 0.2340012
14 30 12.608375
14 20 2.7913632
14 13 4.403039
14 27 3.297375
14 33 0.43447155
14 11 2000.0
14 25 2.5565026
15 32 0.06997561
15 21 8.054518
16 34 77.93414
16 30 1.0743228
16 20 45.200844
16 8 1.6614696
16 18 0.98410285
16 13 36.506565
16 7 1.9751887
16 27 1.3228586
16 11 0.99474794
16 23 3.7436657
16 25 0.64798075
16 5 1.4318851
17 6 2.3482618
17 26 1.551633
17 10 0.029265873
17 24 0.30738562
17 31 1.0157025
17 9 0.033013634
17 4 0.20147383
17 19 166.2534
18 0 2000.0
18 30 0.7067493
18 8 1.1354166
18 13 150.0
18 11 10.855878
18 29 1.150274
18 5 1.4860247
18 2 1.6054595
18 37 2.4928734
18 7 2000.0
18 27 24.298101
18 16 0.98410285
18 23 1.6502006
19 28 165.54547
19 31 0.11696841
19 9 0.06967214
19 4 0.068337604
19 17 166.2534
20 30 1.3238287
20 8 2000.0
20 13 0.88426006
20 33 0.9868253
20 11 1.2357774
20 29 5.9416037
20 5 1.9891614
20 34 1.0494318
20 2 3.30381
20 14 2.7913632
20 37 2.0158753
20 7 60.086308
20 27 1.5683923
20 16 45.200844
20 25 0.32736298
21 32 720.00006
21 24 1.1433505
21 35 0.054723196
21 31 2000.0
21 12 0.26902682
21 15 8.054518
22 31 43.31037
22 9 0.10280493
22 19 2000.0
23 0 2000.0
23 30 1.876316
23 8 0.87020653
23 2 10.603583
23 37 1.6027457
23 18 1.6502006
23 7 1.311462
23 16 3.7436657
23 11 2000.0
23 29 1.2005128
23 5 2.258044
24 26 0.038995825
24 32 0.43905887
24 10 0.111036316
24 21 1.1433505
24 12 0.071508564
24 15 2000.0
24 17 0.30738562
25 30 26.16992
25 0 44.545456
25 13 0.2340012
25 33 0.5191632
25 11 0.76353407
25 29 3.4450226
25 34 2.7954297
25 20 0.32736298
25 2 0.7411982
25 14 2.5565026
25 37 45.507572
25 7 4.011974
25 27 0.26021764
25 16 0.64798075
26 32 41.26309
26 28 0.062326662
26 10 0.02960044
26 24 0.038995825
26 31 0.14914924
26 12 0.895963
26 17 1.551633
27 30 0.3316013
27 0 2000.0
27 8 0.99603266
27 18 24.298101
27 13 0.7715813
27 33 0.91691786
27 11 0.678235
27 29 0.67646116
27 5 1.0352225
27 34 0.83747613
27 20 1.5683923
27 2 1.3925709
27 14 3.297375
27 37 1.225077
27 7 2000.0
27 16 1.3228586
27 25 0.26021764
28 36 0.03619318
28 26 0.062326662
28 10 0.25540754
28 3 6.7451005
28 12 1210.5114
28 9 1.5328572
28 19 165.54547
29 0 26.114359
29 30 2.2565634
29 8 0.2765084
29 18 1.150274
29 13 0.88891107
29 33 28.77585
29 11 0.81699777
29 5 1.5765071
29 34 4.168688
29 20 5.9416037
29 2 1.2153631
29 37 1.3608232
29 7 1657.8636
29 27 0.67646116
29 16 2000.0
29 23 1.2005128
29 25 3.4450226
30 8 0.35158348
30 18 0.7067493
30 13 91.001976
30 33 5.2951565
30 11 0.69816494
30 29 2.2565634
30 5 0.64410394
30 34 1.2199913
30 20 1.3238287
30 2 10.468135
30 14 12.608375
30 37 19.769197
30 7 0.9652972
30 27 0.3316013
30 16 1.0743228
30 23 1.876316
30 25 26.16992
31 26 0.14914924
31 6 0.21752909
31 10 8.723119
31 35 141.63411
31 22 43.31037
31 9 0.030681819
31 4 0.06869501
31 17 1.0157025
31 19 0.11696841
32 26 41.26309
32 24 0.43905887
32 21 720.00006
32 12 6.6194077
32 15 0.06997561
33 30 5.2951565
33 8 2000.0
33 13 0.91729456
33 11 1.9410621
33 29 28.77585
33 5 2000.0
33 34 2000.0
33 20 0.9868253
33 2 2.0284631
33 14 0.43447155
33 7 2000.0
33 27 0.91691786
33 16 3017.898
33 25 0.5191632
34 30 1.2199913
34 20 1.0494318
34 8 42.17003
34 37 2000.0
34 7 2000.0
34 13 269.25943
34 27 0.83747613
34 16 77.93414
34 11 2.0092366
34 29 4.168688
34 25 2.7954297
34 5 3.8997996
35 21 0.054723196
35 31 141.63411
36 28 0.03619318
36 3 0.4397727
36 9 0.29243958
37 30 19.769197
37 0 1.7724053
37 8 0.8048314
37 18 2.4928734
37 13 1.7834738
37 11 1.349938
37 29 1.3608232
37 5 9.458982
37 20 2.0158753
37 2 0.93107575
37 7 114.28571
37 27 1.225077
37 16 2000.0
37 23 1.6027457
37 25 45.507572
