0 8 15.397902
0 2 1.4263626
0 37 0.82492787
0 13 1.1526265
0 11 112.29545
0 29 7.1720076
0 25 450.00003
1 3 0.25984848
1 12 1202.3295
2 30 13.49064
2 0 1.4263626
2 8 1.19703
2 18 7.061336
2 13 0.4886035
2 33 3.0885448
2 11 1.2019789
2 29 1.2849168
2 20 8.7694645
2 37 1.0732102
2 27 0.67624503
2 23 44.444443
2 25 1.1439003
3 36 0.19524153
3 28 0.107633226
3 24 114.28571
3 12 0.08576171
3 1 0.25984848
3 9 0.3304024
4 31 0.08419766
4 9 0.06560147
4 17 0.081608236
4 19 0.07960639
5 30 0.623075
5 8 0.6391233
5 18 0.39819443
5 13 2000.0
5 11 8.001562
5 29 2.3246596
5 34 3.7218614
5 20 2.703299
5 37 2000.0
5 7 13.521177
5 27 2.0457795
5 16 1.7294267
5 23 9.669318
6 31 2.194555
6 17 1.4118607
7 34 7.663191
7 30 1.0239631
7 20 1.5843189
7 8 29.244316
7 37 9.729229
7 27 215.77298
7 16 1.2531947
7 11 6.9027953
7 23 1.5550402
7 25 8.5430355
7 5 13.521177
8 0 15.397902
8 30 1.1354523
8 18 0.8932098
8 13 1.6284543
8 11 1.7294104
8 29 0.56494755
8 5 0.6391233
8 34 2.7571094
8 2 1.19703
8 37 1.6854854
8 7 29.244316
8 27 0.9039924
8 16 1.7217772
8 23 1.077165
9 36 1.0560893
9 26 2000.0
9 28 17.70341
9 10 5.1558795
9 22 0.15234485
9 31 0.02934054
9 3 0.3304024
9 17 0.052666143
9 4 0.06560147
9 19 0.070866935
10 26 0.03456745
10 28 0.7145707
10 24 0.071886234
10 31 0.031225298
10 12 9.1096945
10 9 5.1558795
10 17 0.029439695
11 0 112.29545
11 30 0.6343331
11 8 1.7294104
11 18 8.16395
11 13 0.7707728
11 33 2.496085
11 29 0.968568
11 5 8.001562
11 34 1.6998785
11 20 0.96251804
11 2 1.2019789
11 37 1.4347433
11 7 6.9027953
11 27 0.55380964
11 16 0.9776477
11 25 1.2587298
12 26 0.5709169
12 28 5.260236
12 32 0.24825613
12 10 9.1096945
12 24 0.090157084
12 21 0.07364075
12 3 0.08576171
13 30 0.92560387
13 0 1.1526265
13 8 1.6284543
13 18 450.00003
13 33 0.8109991
13 11 0.7707728
13 29 0.7476585
13 34 7.0883226
13 20 0.47111863
13 2 0.4886035
13 14 2.368753
13 37 2.1871765
13 27 0.30261248
13 16 128.57143
13 25 0.7877619
14 20 0.81930417
14 13 2.368753
14 33 0.7103045
14 27 4.289741
14 11 2000.0
14 25 1.7078322
15 32 0.078836955
15 21 1.2395966
16 30 1.1206913
16 0 2000.0
16 8 1.7217772
16 18 0.74544996
16 13 128.57143
16 11 0.9776477
16 29 473.99026
16 5 1.7294267
16 20 2.7056236
16 37 41.64528
16 7 1.2531947
16 27 1.5610399
16 23 3.5964358
16 25 1.2132621
17 26 1.8229238
17 6 1.4118607
17 10 0.029439695
17 24 0.22122993
17 31 1.2486844
17 9 0.052666143
17 4 0.081608236
17 19 2.871955
18 0 2000.0
18 30 0.6315684
18 8 0.8932098
18 13 450.00003
18 11 8.16395
18 29 1.1763072
18 5 0.39819443
18 2 7.061336
18 37 1.6490473
18 7 2000.0
18 27 2.6735096
18 16 0.74544996
18 23 1.1490734
19 31 0.06855441
19 9 0.070866935
19 17 2.871955
19 4 0.07960639
20 30 5.264648
20 13 0.47111863
20 33 1.563943
20 11 0.96251804
20 29 1.327341
20 5 2.703299
20 34 0.82159597
20 2 8.7694645
20 14 0.81930417
20 37 4.7671824
20 7 1.5843189
20 27 0.27405062
20 16 2.7056236
20 25 0.7469293
21 32 2000.0
21 10 2000.0
21 24 0.097035155
21 35 0.0446878
21 12 0.07364075
21 15 1.2395966
22 6 1684.2046
22 31 1232.6136
22 9 0.15234485
22 19 1248.466
23 0 2000.0
23 30 1.6226189
23 2 44.444443
23 8 1.077165
23 37 2.0798352
23 18 1.1490734
23 7 1.5550402
23 16 3.5964358
23 11 2000.0
23 29 1.5132192
23 5 9.669318
24 26 0.07767818
24 32 0.096147925
24 10 0.071886234
24 21 0.097035155
24 31 8.116399
24 3 114.28571
24 12 0.090157084
24 15 2000.0
24 17 0.22122993
25 0 450.00003
25 30 3.6463046
25 13 0.7877619
25 33 0.65314966
25 11 1.2587298
25 29 7.5286684
25 34 3.0597088
25 20 0.7469293
25 2 1.1439003
25 14 1.7078322
25 37 18.976843
25 7 8.5430355
25 27 0.8061897
25 16 1.2132621
26 32 23.640762
26 28 0.040916424
26 10 0.03456745
26 24 0.07767818
26 31 0.05996319
26 12 0.5709169
26 17 1.8229238
27 0 2000.0
27 30 0.21056521
27 8 0.9039924
27 18 2.6735096
27 13 0.30261248
27 33 1.2720296
27 11 0.55380964
27 29 0.48321027
27 5 2.0457795
27 34 1.6493834
27 20 0.27405062
27 2 0.67624503
27 14 4.289741
27 37 2.2213733
27 7 215.77298
27 16 1.5610399
27 25 0.8061897
28 36 0.041513827
28 26 0.040916424
28 10 0.7145707
28 3 0.107633226
28 12 5.260236
28 9 17.70341
29 0 7.1720076
29 30 4.021145
29 8 0.56494755
29 18 1.1763072
29 13 0.7476585
29 11 0.968568
29 5 2.3246596
29 34 1.4957836
29 20 1.327341
29 2 1.2849168
29 37 0.81741774
29 7 2000.0
29 27 0.48321027
29 16 473.99026
29 23 1.5132192
29 25 7.5286684
30 0 2000.0
30 8 1.1354523
30 18 0.6315684
30 13 0.92560387
30 33 2.5686908
30 11 0.6343331
30 29 4.021145
30 5 0.623075
30 34 3.2279923
30 20 5.264648
30 2 13.49064
30 14 2000.0
30 37 8.212699
30 7 1.0239631
30 27 0.21056521
30 16 1.1206913
30 23 1.6226189
30 25 3.6463046
31 26 0.05996319
31 6 2.194555
31 10 0.031225298
31 24 8.116399
31 9 0.02934054
31 17 1.2486844
31 4 0.08419766
31 19 0.06855441
32 26 23.640762
32 24 0.096147925
32 12 0.24825613
32 15 0.078836955
33 30 2.5686908
33 13 0.8109991
33 11 2.496085
33 29 2382.1023
33 5 2000.0
33 34 2000.0
33 20 1.563943
33 2 3.0885448
33 14 0.7103045
33 7 2000.0
33 27 1.2720296
33 16 2000.0
33 25 0.65314966
34 30 3.2279923
34 20 0.82159597
34 8 2.7571094
34 7 7.663191
34 13 7.0883226
34 27 1.6493834
34 16 2536.0227
34 11 1.6998785
34 25 3.0597088
34 29 1.4957836
34 5 3.7218614
35 21 0.0446878
36 26 2000.0
36 28 0.041513827
36 3 0.19524153
36 9 1.0560893
37 30 8.212699
37 0 0.82492787
37 8 1.6854854
37 18 1.6490473
37 13 2.1871765
37 11 1.4347433
37 29 0.81741774
37 20 4.7671824
37 2 1.0732102
37 7 9.729229
37 27 2.2213733
37 16 41.64528
37 23 2.0798352
37 25 18.976843
