0 2 0.98854506
0 37 3.3258755
0 13 0.94335026
0 29 7.948666
0 25 16.874369
1 3 0.68636364
1 12 36.485798
2 30 12.896211
2 0 0.98854506
2 8 1.1908575
2 18 2.0215924
2 13 0.60767174
2 33 1.7954199
2 11 1.615249
2 29 1.1326095
2 20 3.0172658
2 37 1.1279595
2 27 0.88391304
2 16 2000.0
2 23 6.2658243
2 25 0.50862414
3 36 0.46346274
3 28 14.740108
3 24 2000.0
3 12 0.06956439
3 1 0.68636364
3 9 0.43567705
4 31 0.076204225
4 9 0.06391602
4 17 0.14632936
4 19 0.08485027
5 30 0.82377064
5 8 1.1180571
5 18 0.48884994
5 13 21.126884
5 11 2.1254385
5 29 4.5701585
5 34 6.8081565
5 20 1.6485499
5 37 24.094776
5 7 11.175773
5 27 2.4375675
5 16 4.380697
5 23 2.4684844
6 31 0.12756133
6 17 4.410612
7 34 781.5171
7 30 0.6248704
7 20 94.829544
7 8 4.2624755
7 37 286.09198
7 16 1.011095
7 23 1.1563945
7 25 2.0381622
7 5 11.175773
8 0 2000.0
8 30 0.44047484
8 18 1.3616867
8 13 1.6321597
8 11 0.76517045
8 29 0.7909709
8 5 1.1180571
8 34 68.36622
8 2 1.1908575
8 37 0.8434603
8 7 4.2624755
8 27 1.1756874
8 16 1.4217787
8 23 0.8913076
8 25 2000.0
9 36 0.7450995
9 26 2000.0
9 28 1.3204731
9 10 12.785984
9 22 0.048421405
9 31 0.029755175
9 12 2000.0
9 3 0.43567705
9 4 0.06391602
9 17 0.0312673
9 19 0.07987223
10 26 0.030205883
10 28 0.22911821
10 24 0.10082115
10 31 4.683028
10 12 1295.966
10 9 12.785984
10 17 0.029943055
11 0 2000.0
11 30 0.6346036
11 8 0.76517045
11 18 5.5692425
11 13 0.92053705
11 33 2.1466873
11 29 0.96042
11 5 2.1254385
11 34 2.3030381
11 20 1.0991844
11 2 1.615249
11 37 1.4089278
11 7 973.86365
11 27 0.6409824
11 16 1.2293053
11 25 1.2444296
12 26 0.31175584
12 32 5.156139
12 28 133.33334
12 24 0.06874211
12 21 0.18027273
12 3 0.06956439
12 1 36.485798
13 30 39.63344
13 0 0.94335026
13 8 1.6321597
13 18 190.97238
13 33 1.3198181
13 11 0.92053705
13 29 0.74046737
13 5 21.126884
13 34 154.32536
13 20 1.1569852
13 2 0.60767174
13 14 6.73719
13 37 1.6275288
13 7 2000.0
13 27 0.5362602
13 16 26.194887
13 25 0.24986468
14 30 6.6689744
14 20 5.9383526
14 13 6.73719
14 27 4.262008
14 33 0.678489
14 11 2000.0
14 25 5.208878
15 32 0.07706962
15 21 2.0396464
16 0 2000.0
16 30 1.0450935
16 8 1.4217787
16 18 1.3364203
16 13 26.194887
16 11 1.2293053
16 5 4.380697
16 34 87.47545
16 20 61.583187
16 7 1.011095
16 27 1.3795996
16 23 2.7115119
16 25 1.1872529
17 6 4.410612
17 26 1.4374084
17 10 0.029943055
17 24 0.08631571
17 31 0.9613278
17 9 0.0312673
17 4 0.14632936
17 19 86.39586
18 0 2000.0
18 30 0.6064252
18 8 1.3616867
18 2 2.0215924
18 37 1.8435522
18 13 190.97238
18 27 27.22254
18 16 1.3364203
18 11 5.5692425
18 23 0.99302095
18 29 1.2764332
18 5 0.48884994
19 31 0.066656426
19 9 0.07987223
19 17 86.39586
19 4 0.08485027
20 30 0.9660633
20 13 1.1569852
20 33 0.9936908
20 11 1.0991844
20 29 6.4504733
20 5 1.6485499
20 34 0.7901133
20 2 3.0172658
20 14 5.9383526
20 37 1.6267349
20 7 94.829544
20 27 1.1110009
20 16 61.583187
20 25 0.4006309
21 24 1.2006226
21 35 0.031445604
21 12 0.18027273
21 15 2.0396464
22 31 83.10228
22 9 0.048421405
22 19 2000.0
23 0 2000.0
23 30 3.021956
23 8 0.8913076
23 2 6.2658243
23 37 0.8472861
23 18 0.99302095
23 7 1.1563945
23 16 2.7115119
23 11 2000.0
23 29 1.566731
23 5 2.4684844
24 26 0.036141224
24 32 0.2423774
24 10 0.10082115
24 21 1.2006226
24 12 0.06874211
24 15 2000.0
24 17 0.08631571
25 30 20.66282
25 0 16.874369
25 13 0.24986468
25 33 0.7739118
25 11 1.2444296
25 29 2.6982532
25 34 1.2441459
25 20 0.4006309
25 2 0.50862414
25 14 5.208878
25 37 45.920456
25 7 2.0381622
25 27 0.23934464
25 16 1.1872529
26 32 12.965982
26 28 0.08392644
26 10 0.030205883
26 24 0.036141224
26 31 0.2190023
26 12 0.31175584
26 17 1.4374084
27 30 0.24138531
27 0 2000.0
27 8 1.1756874
27 18 27.22254
27 13 0.5362602
27 33 0.81894493
27 11 0.6409824
27 29 0.8494326
27 5 2.4375675
27 34 0.82150686
27 20 1.1110009
27 2 0.88391304
27 14 4.262008
27 37 1.031192
27 7 4402.386
27 16 1.3795996
27 25 0.23934464
28 36 0.032581966
28 26 0.08392644
28 10 0.22911821
28 3 14.740108
28 12 133.33334
28 9 1.3204731
28 19 1341.875
29 0 7.948666
29 30 1.9491876
29 8 0.7909709
29 18 1.2764332
29 13 0.74046737
29 33 9.978067
29 11 0.96042
29 5 4.5701585
29 34 4.850737
29 20 6.4504733
29 2 1.1326095
29 37 0.7879083
29 7 2000.0
29 27 0.8494326
29 16 2000.0
29 23 1.566731
29 25 2.6982532
30 8 0.44047484
30 18 0.6064252
30 13 39.63344
30 33 9.935379
30 11 0.6346036
30 29 1.9491876
30 5 0.82377064
30 34 0.9367858
30 20 0.9660633
30 2 12.896211
30 14 6.6689744
30 37 30.796906
30 7 0.6248704
30 27 0.24138531
30 16 1.0450935
30 23 3.021956
30 25 20.66282
31 26 0.2190023
31 6 0.12756133
31 10 4.683028
31 22 83.10228
31 9 0.029755175
31 4 0.076204225
31 17 0.9613278
31 19 0.066656426
32 26 12.965982
32 24 0.2423774
32 12 5.156139
32 15 0.07706962
33 30 9.935379
33 13 1.3198181
33 11 2.1466873
33 29 9.978067
33 5 2000.0
33 34 2000.0
33 20 0.9936908
33 2 1.7954199
33 14 0.678489
33 7 2000.0
33 27 0.81894493
33 16 3017.898
33 25 0.7739118
34 30 0.9367858
34 20 0.7901133
34 8 68.36622
34 37 2000.0
34 7 781.5171
34 13 154.32536
34 27 0.82150686
34 16 87.47545
34 11 2.3030381
34 29 4.850737
34 25 1.2441459
34 5 6.8081565
35 21 0.031445604
35 31 1208.3523
36 28 0.032581966
36 3 0.46346274
36 9 0.7450995
37 30 30.796906
37 0 3.3258755
37 8 0.8434603
37 18 1.8435522
37 13 1.6275288
37 11 1.4089278
37 29 0.7879083
37 5 24.094776
37 20 1.6267349
37 2 1.1279595
37 7 286.09198
37 27 1.031192
37 16 2000.0
37 23 0.8472861
37 25 45.920456
