0 2 0.7335575
0 37 1.9057649
0 13 0.63978606
0 29 16.836044
0 25 21.552067
1 3 0.6008191
1 12 12.743508
2 30 17.326653
2 0 0.7335575
2 8 1.3435211
2 18 3.3654082
2 13 0.52665865
2 33 2.8201811
2 11 1.6436131
2 29 1.3921465
2 20 4.8039775
2 37 0.88757706
2 27 1.8524419
2 16 2000.0
2 23 8.43505
2 25 0.62079316
3 36 0.82837754
3 28 15.356433
3 24 378.94742
3 12 0.051659454
3 1 0.6008191
3 9 1.1265496
4 31 0.068334796
4 9 0.068162546
4 17 0.25697905
4 19 0.069340035
5 30 0.53144276
5 8 0.39603344
5 18 0.70952165
5 13 18.131273
5 11 1.9734913
5 29 1.5961399
5 34 4.0071316
5 20 2.7354496
5 37 23.845694
5 7 10.972963
5 27 1.0904119
5 16 1.5996112
5 23 2.3517992
5 25 2000.0
6 31 0.10490823
6 17 3.683114
7 34 2000.0
7 30 0.8503896
7 20 119.39697
7 8 4.0460153
7 37 47.058823
7 16 1.1782002
7 23 1.3831769
7 25 4.099383
7 5 10.972963
8 0 2000.0
8 30 0.47360703
8 18 1.363301
8 13 1.389982
8 11 0.813457
8 29 0.45861906
8 5 0.39603344
8 34 18.48697
8 2 1.3435211
8 37 0.91904986
8 7 4.0460153
8 27 1.2546262
8 16 1.7012177
8 23 0.81982857
8 25 2000.0
9 36 0.7144321
9 28 1.4880265
9 10 5.4763837
9 22 0.054869577
9 31 0.030383833
9 3 1.1265496
9 4 0.068162546
9 17 0.032455336
9 19 0.06953242
10 26 0.02982153
10 28 0.35579544
10 24 0.10536414
10 31 17.944641
10 12 1489.8864
10 9 5.4763837
10 17 0.03430202
11 0 2000.0
11 30 0.6791415
11 8 0.813457
11 18 4.786888
11 13 1.0132191
11 33 2.1107228
11 29 0.96096987
11 5 1.9734913
11 34 2.479838
11 20 0.9954119
11 2 1.6436131
11 37 2.153022
11 7 1628.1818
11 27 1.3617642
11 16 0.9613534
11 25 0.82575077
12 26 1.6270168
12 32 1.9632156
12 24 0.10063581
12 21 0.2799874
12 3 0.051659454
12 1 12.743508
13 30 114.62261
13 0 0.63978606
13 8 1.389982
13 18 65.0733
13 33 1.6002266
13 11 1.0132191
13 29 1.0543575
13 5 18.131273
13 34 32.052242
13 20 1.4324613
13 2 0.52665865
13 14 5.3205686
13 37 1.2673655
13 7 2000.0
13 27 1.6574048
13 16 37.13799
13 25 0.45125476
14 30 7.5583134
14 20 3.1285505
14 13 5.3205686
14 27 4.3743315
14 33 0.40934455
14 11 2000.0
14 25 2.8049304
15 32 0.095399566
15 24 800.0
15 21 2.886662
16 0 2000.0
16 30 1.0899116
16 8 1.7012177
16 18 1.6143374
16 13 37.13799
16 11 0.9613534
16 5 1.5996112
16 34 21.975275
16 20 31.035961
16 7 1.1782002
16 27 1.2883664
16 23 2.6935508
16 25 1.0000323
17 6 3.683114
17 26 1.4926387
17 10 0.03430202
17 24 0.07930086
17 31 0.9602229
17 9 0.032455336
17 4 0.25697905
17 19 69.56898
18 0 2000.0
18 30 0.6822305
18 8 1.363301
18 2 3.3654082
18 37 3.8425453
18 13 65.0733
18 27 22.127728
18 16 1.6143374
18 11 4.786888
18 23 1.337381
18 29 1.2835075
18 5 0.70952165
19 31 0.08771514
19 9 0.06953242
19 17 69.56898
19 4 0.069340035
20 30 2.2164419
20 13 1.4324613
20 33 1.037401
20 11 0.9954119
20 29 7.686128
20 5 2.7354496
20 34 2.2397234
20 2 4.8039775
20 14 3.1285505
20 37 3.7056239
20 7 119.39697
20 27 2.0224955
20 16 31.035961
20 25 0.46907097
21 26 2000.0
21 32 2000.0
21 10 2000.0
21 24 2.2776732
21 35 0.040292196
21 12 0.2799874
21 15 2.886662
22 31 100.0
22 9 0.054869577
22 19 2000.0
23 0 2000.0
23 30 1.4773458
23 8 0.81982857
23 2 8.43505
23 37 1.2217999
23 18 1.337381
23 7 1.3831769
23 16 2.6935508
23 11 2000.0
23 29 1.2094283
23 5 2.3517992
24 26 0.04428132
24 32 0.15692219
24 10 0.10536414
24 21 2.2776732
24 12 0.10063581
24 3 378.94742
24 15 800.0
24 17 0.07930086
25 0 21.552067
25 30 31.169243
25 13 0.45125476
25 33 0.6451894
25 11 0.82575077
25 29 2.228687
25 34 3.1428535
25 20 0.46907097
25 2 0.62079316
25 14 2.8049304
25 37 70.56464
25 7 4.099383
25 27 0.27159125
25 16 1.0000323
26 32 15.62942
26 28 0.09441762
26 10 0.02982153
26 24 0.04428132
26 31 0.13576885
26 12 1.6270168
26 17 1.4926387
27 30 0.22719721
27 0 2000.0
27 8 1.2546262
27 18 22.127728
27 13 1.6574048
27 33 0.7923157
27 11 1.3617642
27 29 0.8151168
27 5 1.0904119
27 34 0.8310493
27 20 2.0224955
27 2 1.8524419
27 14 4.3743315
27 37 1.2847984
27 7 2000.0
27 16 1.2883664
27 25 0.27159125
28 36 0.031242486
28 26 0.09441762
28 10 0.35579544
28 3 15.356433
28 12 1208.6364
28 9 1.4880265
28 19 201.04514
29 0 16.836044
29 30 1.520332
29 8 0.45861906
29 18 1.2835075
29 13 1.0543575
29 33 23.283587
29 11 0.96096987
29 5 1.5961399
29 34 3.628017
29 20 7.686128
29 2 1.3921465
29 37 0.6646259
29 7 2000.0
29 27 0.8151168
29 16 2000.0
29 23 1.2094283
29 25 2.228687
30 8 0.47360703
30 18 0.6822305
30 13 114.62261
30 33 6.9006276
30 11 0.6791415
30 29 1.520332
30 5 0.53144276
30 34 0.8525664
30 20 2.2164419
30 2 17.326653
30 14 7.5583134
30 37 20.230614
30 7 0.8503896
30 27 0.22719721
30 16 1.0899116
30 23 1.4773458
30 25 31.169243
31 26 0.13576885
31 6 0.10490823
31 10 17.944641
31 22 100.0
31 9 0.030383833
31 4 0.068334796
31 17 0.9602229
31 19 0.08771514
32 26 15.62942
32 24 0.15692219
32 12 1.9632156
32 15 0.095399566
33 30 6.9006276
33 8 2000.0
33 13 1.6002266
33 11 2.1107228
33 29 23.283587
33 34 2000.0
33 20 1.037401
33 2 2.8201811
33 14 0.40934455
33 7 2000.0
33 27 0.7923157
33 16 3017.898
33 25 0.6451894
34 30 0.8525664
34 20 2.2397234
34 8 18.48697
34 37 2000.0
34 7 2000.0
34 13 32.052242
34 27 0.8310493
34 16 21.975275
34 11 2.479838
34 29 3.628017
34 25 3.1428535
34 5 4.0071316
35 21 0.040292196
35 31 1060.3977
36 28 0.031242486
36 3 0.82837754
36 9 0.7144321
37 30 20.230614
37 0 1.9057649
37 8 0.91904986
37 18 3.8425453
37 13 1.2673655
37 11 2.153022
37 29 0.6646259
37 5 23.845694
37 20 3.7056239
37 2 0.88757706
37 7 47.058823
37 27 1.2847984
37 16 2000.0
37 23 1.2217999
37 25 70.56464
