0 8 6.976201
0 2 1.5109305
0 37 0.9699631
0 13 0.88219404
0 11 38.004543
0 29 14.130552
1 3 0.20674488
1 12 1202.159
2 30 11.908021
2 0 1.5109305
2 8 1.0611932
2 18 10.730868
2 13 0.50621665
2 33 2.2187996
2 11 0.93365574
2 29 0.913684
2 20 1.3845347
2 37 1.4094621
2 27 0.39917988
2 23 31.801577
2 25 1.1806204
3 36 0.3082845
3 28 0.07325592
3 24 2000.0
3 12 0.04827363
3 1 0.20674488
3 9 0.6951246
4 31 0.09368817
4 9 0.0508514
4 17 0.11218547
4 19 0.09042908
5 30 0.6880343
5 8 0.77043873
5 18 0.3349272
5 13 758.84937
5 11 4.2787533
5 29 3.203127
5 34 2.8763094
5 20 2.1489305
5 37 2000.0
5 7 4.2155404
5 27 1.3817835
5 16 2.0535336
5 23 3.1530502
6 22 106.042206
6 31 0.2710643
6 17 0.6180195
7 34 8.3644085
7 30 0.8534387
7 20 1.2861814
7 8 21.226076
7 37 28.568405
7 27 53.844887
7 16 1.1492897
7 11 12.444167
7 23 1.3396351
7 25 3.5291367
7 5 4.2155404
8 0 6.976201
8 30 0.8729771
8 18 0.9570632
8 13 4.27139
8 11 0.5484719
8 29 1.4391139
8 5 0.77043873
8 34 3.8390179
8 2 1.0611932
8 37 2.0644155
8 7 21.226076
8 27 2.249848
8 16 1.3413707
8 23 1.1499748
9 36 1.8639318
9 26 2000.0
9 28 2.493794
9 10 10.702207
9 22 0.36925486
9 31 0.031070767
9 12 2000.0
9 3 0.6951246
9 17 0.0346831
9 4 0.0508514
9 19 0.074748516
10 26 0.032057002
10 28 0.1975517
10 24 0.040808957
10 31 0.035992097
10 12 6.727612
10 9 10.702207
10 17 0.031515766
11 0 38.004543
11 30 0.37202892
11 8 0.5484719
11 18 5.0662084
11 13 0.6845066
11 33 1.4394822
11 29 0.9155822
11 5 4.2787533
11 34 2.6263518
11 20 0.69803566
11 2 0.93365574
11 37 1.7407763
11 7 12.444167
11 27 0.3739661
11 16 0.9360632
11 25 0.8074538
12 26 1.1152272
12 28 4.1186147
12 32 0.16140975
12 10 6.727612
12 24 0.08089577
12 21 0.06852081
12 3 0.04827363
13 30 2.7555552
13 0 0.88219404
13 8 4.27139
13 18 181.90381
13 33 0.89227587
13 11 0.6845066
13 29 1.2824996
13 5 758.84937
13 34 14.956081
13 20 0.5457468
13 2 0.50621665
13 14 5.43848
13 37 2.1002717
13 27 0.7825656
13 16 2958.2954
13 25 0.41402164
14 20 1.312199
14 13 5.43848
14 27 8.48665
14 33 0.36963463
14 11 2000.0
14 25 2.2510474
15 32 0.073350444
15 21 1.0672411
16 0 2000.0
16 30 1.2802489
16 8 1.3413707
16 18 0.9459331
16 11 0.9360632
16 29 36.690342
16 5 2.0535336
16 20 22.14969
16 37 53.747276
16 7 1.1492897
16 27 1.7578664
16 23 9.081422
16 25 1.3627428
17 26 2.775026
17 6 0.6180195
17 10 0.031515766
17 24 0.2931166
17 31 2.031269
17 9 0.0346831
17 4 0.11218547
17 19 2.8101323
18 30 0.72557896
18 2 10.730868
18 8 0.9570632
18 37 1.3290982
18 7 2000.0
18 13 181.90381
18 27 3.265957
18 16 0.9459331
18 23 1.3406137
18 11 5.0662084
18 29 1.1132526
18 5 0.3349272
19 31 0.09483696
19 9 0.074748516
19 17 2.8101323
19 4 0.09042908
20 30 8.463402
20 13 0.5457468
20 33 1.3019223
20 11 0.69803566
20 29 2.5021725
20 5 2.1489305
20 34 1.048471
20 2 1.3845347
20 14 1.312199
20 37 2.0871987
20 7 1.2861814
20 27 0.59397846
20 16 22.14969
20 25 0.33973423
21 32 2000.0
21 10 2000.0
21 24 0.38488838
21 35 0.05828695
21 12 0.06852081
21 15 1.0672411
22 6 106.042206
22 31 1105.6818
22 9 0.36925486
22 19 1377.7842
23 0 2000.0
23 30 0.96116185
23 2 31.801577
23 8 1.1499748
23 37 2.2968564
23 18 1.3406137
23 7 1.3396351
23 16 9.081422
23 11 2000.0
23 29 4.0361323
23 5 3.1530502
24 26 0.054552883
24 32 0.108169824
24 10 0.040808957
24 21 0.38488838
24 31 3.0705097
24 12 0.08089577
24 15 2000.0
24 17 0.2931166
25 30 1.8337935
25 13 0.41402164
25 33 0.26492974
25 11 0.8074538
25 29 3.08424
25 34 0.7194471
25 20 0.33973423
25 2 1.1806204
25 14 2.2510474
25 37 630.40393
25 7 3.5291367
25 27 0.3910209
25 16 1.3627428
26 32 20.498215
26 28 0.06639341
26 10 0.032057002
26 24 0.054552883
26 31 0.07280432
26 12 1.1152272
26 17 2.775026
27 0 2000.0
27 30 0.16104694
27 8 2.249848
27 18 3.265957
27 13 0.7825656
27 33 0.875356
27 11 0.3739661
27 29 0.5412015
27 5 1.3817835
27 34 0.78338253
27 20 0.59397846
27 2 0.39917988
27 14 8.48665
27 37 0.85080576
27 7 53.844887
27 16 1.7578664
27 25 0.3910209
28 36 0.042957753
28 26 0.06639341
28 10 0.1975517
28 3 0.07325592
28 12 4.1186147
28 9 2.493794
29 0 14.130552
29 30 4.986174
29 8 1.4391139
29 18 1.1132526
29 13 1.2824996
29 33 132.63943
29 11 0.9155822
29 5 3.203127
29 34 4.369228
29 20 2.5021725
29 2 0.913684
29 37 1.1965905
29 27 0.5412015
29 16 36.690342
29 23 4.0361323
29 25 3.08424
30 0 2000.0
30 8 0.8729771
30 18 0.72557896
30 13 2.7555552
30 33 2.3215313
30 11 0.37202892
30 29 4.986174
30 5 0.6880343
30 34 1.536968
30 20 8.463402
30 2 11.908021
30 14 2000.0
30 37 13.319206
30 7 0.8534387
30 27 0.16104694
30 16 1.2802489
30 23 0.96116185
30 25 1.8337935
31 26 0.07280432
31 6 0.2710643
31 10 0.035992097
31 24 3.0705097
31 9 0.031070767
31 17 2.031269
31 4 0.09368817
31 19 0.09483696
32 26 20.498215
32 24 0.108169824
32 12 0.16140975
32 15 0.073350444
33 34 2000.0
33 30 2.3215313
33 20 1.3019223
33 2 2.2187996
33 14 0.36963463
33 7 2000.0
33 13 0.89227587
33 27 0.875356
33 16 2000.0
33 11 1.4394822
33 29 132.63943
33 25 0.26492974
34 30 1.536968
34 20 1.048471
34 8 3.8390179
34 13 14.956081
34 7 8.3644085
34 27 0.78338253
34 16 1215.0568
34 11 2.6263518
34 25 0.7194471
34 29 4.369228
34 5 2.8763094
35 21 0.05828695
36 26 2000.0
36 28 0.042957753
36 3 0.3082845
36 9 1.8639318
37 30 13.319206
37 0 0.9699631
37 8 2.0644155
37 18 1.3290982
37 13 2.1002717
37 11 1.7407763
37 29 1.1965905
37 20 2.0871987
37 2 1.4094621
37 7 28.568405
37 27 0.85080576
37 16 53.747276
37 23 2.2968564
37 25 630.40393
