0 2 1.2822107
0 37 2.8084266
0 13 0.74180317
0 25 266.6667
0 29 7.121089
1 3 0.75454545
1 12 60.000004
2 30 18.801521
2 0 1.2822107
2 8 1.3540486
2 18 4.3436656
2 13 0.56490123
2 33 1.9703205
2 11 2.1173472
2 29 1.2484435
2 20 4.085778
2 37 0.82006204
2 27 1.0851837
2 16 2000.0
2 23 24.253246
2 25 0.51349175
3 36 1.0760101
3 28 29.871164
3 24 1596.9318
3 12 0.0791795
3 1 0.75454545
3 9 1.1858354
4 31 0.07376904
4 9 0.08038529
4 17 0.13115203
4 19 0.06996087
5 30 0.8707549
5 8 0.833585
5 18 1.4564626
5 13 46.868355
5 11 1.7843248
5 29 4.9334526
5 34 3.0965805
5 20 1.4973253
5 37 11.308046
5 7 8.345189
5 27 2.8044586
5 16 2.039193
5 23 5.179691
5 25 2000.0
6 31 0.19081594
6 17 1.1632046
7 30 1.492136
7 20 68.067154
7 8 4.0080132
7 16 1.3055909
7 11 80.0
7 23 2.700697
7 25 2.8372931
7 5 8.345189
8 0 2000.0
8 30 0.5040623
8 18 1.4185332
8 13 1.2942661
8 11 0.79508525
8 29 0.47723356
8 5 0.833585
8 34 60.78782
8 2 1.3540486
8 37 0.9585639
8 7 4.0080132
8 27 0.50758004
8 16 1.7037566
8 23 1.0011652
8 25 2000.0
9 36 1.0528232
9 26 2000.0
9 28 0.97367364
9 10 12.572254
9 22 0.09324163
9 31 0.028759493
9 12 2000.0
9 3 1.1858354
9 4 0.08038529
9 17 0.046495814
9 19 0.23798119
10 26 0.035394937
10 28 0.25456315
10 24 0.091398
10 31 1.9841254
10 12 127.72976
10 9 12.572254
10 17 0.030252136
11 0 2000.0
11 30 0.70799065
11 8 0.79508525
11 18 3.4995148
11 13 0.92185575
11 33 1.8779513
11 29 0.91288656
11 5 1.7843248
11 34 2.012195
11 20 0.96308994
11 2 2.1173472
11 37 1.2455728
11 7 80.0
11 27 0.89536345
11 16 1.321579
11 25 0.63400406
12 26 0.659789
12 32 8.333334
12 10 127.72976
12 24 0.06996985
12 21 0.14851648
12 3 0.0791795
12 1 60.000004
13 30 113.78213
13 0 0.74180317
13 8 1.2942661
13 18 49.292553
13 33 0.8464431
13 11 0.92185575
13 29 1.2958777
13 5 46.868355
13 34 106.52173
13 20 0.90364504
13 2 0.56490123
13 14 6.208575
13 37 1.412713
13 7 2000.0
13 27 0.21032697
13 16 796.1467
13 25 0.23979208
14 30 13.430069
14 20 6.2802925
14 13 6.208575
14 27 10.622728
14 33 1.685121
14 25 13.628885
15 32 0.09622789
15 21 22.222221
16 30 1.0656879
16 0 2000.0
16 8 1.7037566
16 18 1.1664218
16 13 796.1467
16 11 1.321579
16 5 2.039193
16 34 101.55066
16 20 58.239204
16 7 1.3055909
16 27 1.6579837
16 23 5.6768804
16 25 1.2674072
17 6 1.1632046
17 26 1.5758052
17 10 0.030252136
17 24 0.07226146
17 31 0.92117625
17 9 0.046495814
17 4 0.13115203
17 19 2000.0
18 0 2000.0
18 30 0.9568084
18 8 1.4185332
18 13 49.292553
18 11 3.4995148
18 29 1.5651727
18 5 1.4564626
18 2 4.3436656
18 37 2.202403
18 7 2000.0
18 27 44.97784
18 16 1.1664218
18 23 1.235993
19 28 41.267616
19 31 0.18544894
19 9 0.23798119
19 4 0.06996087
20 30 3.7830896
20 13 0.90364504
20 33 1.4434422
20 11 0.96308994
20 29 4.035975
20 5 1.4973253
20 34 0.8515898
20 2 4.085778
20 14 6.2802925
20 37 2.1121044
20 7 68.067154
20 27 1.3669928
20 16 58.239204
20 25 0.42485687
21 26 2000.0
21 32 416.6667
21 10 2000.0
21 24 1.1553985
21 35 0.03564841
21 31 2000.0
21 12 0.14851648
21 15 22.222221
22 31 114.056816
22 9 0.09324163
22 19 2000.0
23 0 2000.0
23 30 3.1156445
23 8 1.0011652
23 2 24.253246
23 37 2.0613637
23 18 1.235993
23 7 2.700697
23 16 5.6768804
23 11 2000.0
23 29 2.9770055
23 5 5.179691
24 26 0.049807396
24 32 0.67479664
24 10 0.091398
24 21 1.1553985
24 12 0.06996985
24 15 2000.0
24 17 0.07226146
25 0 266.6667
25 30 18.266201
25 13 0.23979208
25 33 1.0427967
25 11 0.63400406
25 29 3.0064864
25 34 1.5647423
25 20 0.42485687
25 2 0.51349175
25 14 13.628885
25 37 34.956768
25 7 2.8372931
25 27 0.21606536
25 16 1.2674072
26 32 1217.6704
26 28 0.06632526
26 10 0.035394937
26 24 0.049807396
26 31 0.18188502
26 12 0.659789
26 17 1.5758052
27 30 0.19768415
27 0 2000.0
27 8 0.50758004
27 18 44.97784
27 13 0.21032697
27 33 0.8761178
27 11 0.89536345
27 29 2.0516212
27 5 2.8044586
27 34 1.0427995
27 20 1.3669928
27 2 1.0851837
27 14 10.622728
27 37 1.0065507
27 7 2000.0
27 16 1.6579837
27 25 0.21606536
28 36 0.040238228
28 26 0.06632526
28 10 0.25456315
28 3 29.871164
28 12 1144.9432
28 9 0.97367364
28 19 41.267616
29 0 7.121089
29 30 4.375828
29 8 0.47723356
29 18 1.5651727
29 13 1.2958777
29 33 36.56068
29 11 0.91288656
29 5 4.9334526
29 34 7.84953
29 20 4.035975
29 2 1.2484435
29 37 0.8349971
29 7 2000.0
29 27 2.0516212
29 16 2000.0
29 23 2.9770055
29 25 3.0064864
30 8 0.5040623
30 18 0.9568084
30 13 113.78213
30 33 12.240266
30 11 0.70799065
30 29 4.375828
30 5 0.8707549
30 34 0.74936444
30 20 3.7830896
30 2 18.801521
30 14 13.430069
30 37 18.347794
30 7 1.492136
30 27 0.19768415
30 16 1.0656879
30 23 3.1156445
30 25 18.266201
31 26 0.18188502
31 6 0.19081594
31 10 1.9841254
31 35 7.817925
31 22 114.056816
31 9 0.028759493
31 4 0.07376904
31 17 0.92117625
31 19 0.18544894
32 26 1217.6704
32 24 0.67479664
32 21 416.6667
32 12 8.333334
32 15 0.09622789
33 30 12.240266
33 13 0.8464431
33 11 1.8779513
33 29 36.56068
33 5 2000.0
33 34 2000.0
33 20 1.4434422
33 2 1.9703205
33 14 1.685121
33 7 2000.0
33 27 0.8761178
33 16 2422.443
33 25 1.0427967
34 30 0.74936444
34 20 0.8515898
34 8 60.78782
34 37 2000.0
34 7 6033.125
34 13 106.52173
34 27 1.0427995
34 16 101.55066
34 11 2.012195
34 29 7.84953
34 25 1.5647423
34 5 3.0965805
35 21 0.03564841
35 31 7.817925
36 28 0.040238228
36 3 1.0760101
36 9 1.0528232
37 30 18.347794
37 0 2.8084266
37 8 0.9585639
37 18 2.202403
37 13 1.412713
37 11 1.2455728
37 29 0.8349971
37 5 11.308046
37 20 2.1121044
37 2 0.82006204
37 7 3981.875
37 27 1.0065507
37 16 2000.0
37 23 2.0613637
37 25 34.956768
