0 8 10.671875
0 2 0.6879009
0 37 0.6130199
0 13 0.6136971
0 11 28.241474
0 29 18.895725
0 25 2000.0
1 3 0.48963833
1 12 76.38523
2 30 15.748261
2 0 0.6879009
2 8 1.1950647
2 18 3.643691
2 13 0.36338007
2 33 2.9245818
2 11 0.9613283
2 29 1.0285553
2 20 3.0951374
2 37 0.9384252
2 27 1.0514346
2 16 2000.0
2 23 20.325153
2 25 1.1115544
3 36 0.15432225
3 28 0.13563311
3 24 400.0
3 12 0.07631851
3 1 0.48963833
3 9 0.15486741
4 31 0.06966282
4 9 0.07966654
4 17 0.07910609
4 19 0.09112243
5 30 0.68131745
5 8 0.69034094
5 18 0.6163598
5 13 2000.0
5 11 3.5992315
5 29 1.6430854
5 34 3.8327494
5 20 2.038076
5 37 2000.0
5 7 6.0764537
5 27 2.4981823
5 16 1.9285944
5 23 4.8641677
6 31 0.99553096
6 17 0.8813023
7 34 7.2141557
7 30 1.0359312
7 20 1.4764264
7 8 20.869896
7 37 10.62872
7 27 70.36548
7 16 1.0857388
7 11 8.4997425
7 23 1.138284
7 25 10.497135
7 5 6.0764537
8 0 10.671875
8 30 0.6792896
8 18 0.8341184
8 13 2.487598
8 11 0.41661477
8 29 0.6641383
8 5 0.69034094
8 34 7.6978216
8 2 1.1950647
8 37 1.2587088
8 7 20.869896
8 27 1.4855318
8 16 1.4951439
8 23 1.1629493
9 36 1.9213605
9 26 2000.0
9 28 3.043045
9 10 3.9032154
9 22 0.5045686
9 31 0.03174487
9 3 0.15486741
9 17 0.040962227
9 4 0.07966654
9 19 0.065147966
10 26 0.03453259
10 28 0.16121633
10 24 0.06808457
10 31 0.03122788
10 12 2.8968477
10 9 3.9032154
10 17 0.02997588
11 0 28.241474
11 30 0.40353066
11 8 0.41661477
11 18 7.7927365
11 13 0.51871085
11 33 2.4154422
11 29 0.7735907
11 5 3.5992315
11 34 2.8438702
11 20 1.2377132
11 2 0.9613283
11 37 1.094559
11 7 8.4997425
11 27 0.559976
11 16 0.76100975
11 25 1.0335735
12 26 0.9842173
12 28 4.8963637
12 32 0.47999516
12 10 2.8968477
12 24 0.06989015
12 21 0.073784724
12 3 0.07631851
12 1 76.38523
13 30 0.72811586
13 0 0.6136971
13 8 2.487598
13 18 600.0
13 33 0.73732865
13 11 0.51871085
13 29 0.6928855
13 34 9.817805
13 20 0.5590608
13 2 0.36338007
13 14 3.621271
13 37 2.4313345
13 27 0.17297831
13 16 33.333336
13 25 0.36141035
14 20 1.2631841
14 13 3.621271
14 33 0.5340321
14 27 4.0184503
14 11 2000.0
14 25 2.4228914
15 32 0.06987645
15 21 1.9756867
16 0 2000.0
16 30 1.1207103
16 8 1.4951439
16 18 0.97033703
16 13 33.333336
16 11 0.76100975
16 29 31.690472
16 5 1.9285944
16 20 5.747775
16 37 66.21568
16 7 1.0857388
16 27 1.3401095
16 23 6.669781
16 25 1.1628305
17 26 1.8188424
17 6 0.8813023
17 10 0.02997588
17 24 0.2710946
17 31 1.2808288
17 9 0.040962227
17 4 0.07910609
17 19 3.1433134
18 30 0.74982
18 2 3.643691
18 8 0.8341184
18 37 0.9600724
18 7 2000.0
18 13 600.0
18 27 2.9915059
18 16 0.97033703
18 23 1.5003216
18 11 7.7927365
18 29 1.1466101
18 5 0.6163598
19 31 0.07273522
19 9 0.065147966
19 17 3.1433134
19 4 0.09112243
20 0 2000.0
20 30 10.980468
20 13 0.5590608
20 33 1.3491993
20 11 1.2377132
20 29 5.005982
20 5 2.038076
20 34 0.90826166
20 2 3.0951374
20 14 1.2631841
20 37 4.3881426
20 7 1.4764264
20 27 0.4803136
20 16 5.747775
20 25 0.49592915
21 10 2000.0
21 24 0.11905354
21 35 0.10756102
21 12 0.073784724
21 15 1.9756867
22 6 1376.752
22 31 1290.3977
22 9 0.5045686
22 19 1289.6592
23 0 2000.0
23 30 1.9214188
23 2 20.325153
23 8 1.1629493
23 37 2.4623969
23 18 1.5003216
23 7 1.138284
23 16 6.669781
23 11 2000.0
23 29 2.821102
23 5 4.8641677
24 26 0.06287068
24 32 0.098576
24 10 0.06808457
24 21 0.11905354
24 31 14.852304
24 12 0.06989015
24 3 400.0
24 15 2000.0
24 17 0.2710946
25 0 2000.0
25 30 0.96856964
25 13 0.36141035
25 33 0.47689703
25 11 1.0335735
25 29 2.1646867
25 34 1.7561709
25 20 0.49592915
25 2 1.1115544
25 14 2.4228914
25 37 22.537903
25 7 10.497135
25 27 0.3945198
25 16 1.1628305
26 36 69.65266
26 32 36.421593
26 28 0.04556632
26 10 0.03453259
26 24 0.06287068
26 31 0.058343302
26 12 0.9842173
26 17 1.8188424
27 0 2000.0
27 30 0.27194756
27 8 1.4855318
27 18 2.9915059
27 13 0.17297831
27 33 0.8749696
27 11 0.559976
27 29 0.6074225
27 5 2.4981823
27 34 1.0897367
27 20 0.4803136
27 2 1.0514346
27 14 4.0184503
27 37 0.88851935
27 7 70.36548
27 16 1.3401095
27 25 0.3945198
28 36 0.037316713
28 26 0.04556632
28 10 0.16121633
28 3 0.13563311
28 12 4.8963637
28 9 3.043045
29 30 1.987024
29 0 18.895725
29 8 0.6641383
29 18 1.1466101
29 13 0.6928855
29 11 0.7735907
29 5 1.6430854
29 34 8.242648
29 20 5.005982
29 2 1.0285553
29 37 0.8895274
29 7 2000.0
29 27 0.6074225
29 16 31.690472
29 23 2.821102
29 25 2.1646867
30 0 2000.0
30 8 0.6792896
30 18 0.74982
30 13 0.72811586
30 33 2.2200053
30 11 0.40353066
30 29 1.987024
30 5 0.68131745
30 34 2.5659895
30 20 10.980468
30 2 15.748261
30 14 2000.0
30 37 2.3793528
30 7 1.0359312
30 27 0.27194756
30 16 1.1207103
30 23 1.9214188
30 25 0.96856964
31 26 0.058343302
31 6 0.99553096
31 10 0.03122788
31 24 14.852304
31 9 0.03174487
31 17 1.2808288
31 4 0.06966282
31 19 0.07273522
32 26 36.421593
32 24 0.098576
32 12 0.47999516
32 15 0.06987645
33 30 2.2200053
33 8 2000.0
33 13 0.73732865
33 11 2.4154422
33 29 4032.443
33 5 2000.0
33 34 2000.0
33 20 1.3491993
33 2 2.9245818
33 14 0.5340321
33 7 2000.0
33 27 0.8749696
33 16 1998.8635
33 25 0.47689703
34 30 2.5659895
34 20 0.90826166
34 8 7.6978216
34 7 7.2141557
34 13 9.817805
34 27 1.0897367
34 16 5535.0566
34 11 2.8438702
34 25 1.7561709
34 29 8.242648
34 5 3.8327494
35 21 0.10756102
36 26 69.65266
36 28 0.037316713
36 3 0.15432225
36 9 1.9213605
37 30 2.3793528
37 0 0.6130199
37 8 1.2587088
37 18 0.9600724
37 13 2.4313345
37 11 1.094559
37 29 0.8895274
37 5 2000.0
37 20 4.3881426
37 2 0.9384252
37 7 10.62872
37 27 0.88851935
37 16 66.21568
37 23 2.4623969
37 25 22.537903
