0 2 1.3622773
0 37 1.3283057
0 13 1.0536942
0 29 46.580017
0 25 27.146816
1 3 1.1890283
1 12 11.706501
2 30 16.505013
2 0 1.3622773
2 8 1.0890328
2 18 2.059496
2 13 0.4883287
2 33 2.6021075
2 11 1.5632292
2 29 1.4262879
2 20 2.9681437
2 37 0.8736674
2 27 0.72893775
2 16 2000.0
2 23 13.27749
2 25 0.6676966
3 36 0.41804814
3 28 34.86023
3 24 2000.0
3 12 0.055544212
3 1 1.1890283
3 9 0.35979024
4 31 0.06668264
4 9 0.09211286
4 17 0.1556094
4 19 0.08424296
5 30 0.61846465
5 8 0.48183846
5 18 0.6672047
5 13 27.19729
5 11 0.8129954
5 29 2.8948865
5 34 2.5340908
5 20 3.3435717
5 37 12.871443
5 7 12.062642
5 27 1.8239973
5 16 1.6842589
5 23 2.4510133
5 25 2000.0
6 31 0.16612555
6 17 2.1746197
7 30 0.86688155
7 8 5.898096
7 37 337.6796
7 16 1.3153639
7 23 1.494385
7 25 4.195246
7 5 12.062642
8 0 2000.0
8 30 0.3785374
8 18 1.1866504
8 13 0.8528636
8 11 0.830394
8 29 0.37136662
8 5 0.48183846
8 34 19.415363
8 2 1.0890328
8 37 1.2469083
8 7 5.898096
8 27 0.86102635
8 16 1.4313366
8 23 0.89167815
8 25 2000.0
9 36 0.82186186
9 26 2000.0
9 28 1.327586
9 10 13.5857725
9 22 0.05259534
9 31 0.029575614
9 3 0.35979024
9 12 2000.0
9 4 0.09211286
9 17 0.043268494
9 19 0.06837422
10 26 0.032032415
10 28 0.26697212
10 24 0.08379989
10 31 13.43905
10 12 66.06392
10 9 13.5857725
10 17 0.031259164
11 0 2000.0
11 30 0.7649522
11 8 0.830394
11 18 5.068274
11 13 0.76934916
11 33 2.9993753
11 29 0.7322031
11 5 0.8129954
11 34 1.8438103
11 20 0.9670106
11 2 1.5632292
11 37 1.3189117
11 7 1326.4204
11 27 0.73337144
11 16 0.95354766
11 25 0.78606385
12 26 4.586697
12 32 5.762372
12 10 66.06392
12 24 0.07684885
12 21 0.15810762
12 3 0.055544212
12 1 11.706501
13 30 64.00636
13 0 1.0536942
13 8 0.8528636
13 18 147.05637
13 33 1.0722363
13 11 0.76934916
13 29 0.9932075
13 5 27.19729
13 34 375.57812
13 20 1.1622036
13 2 0.4883287
13 14 12.66456
13 37 1.1684175
13 7 2000.0
13 27 0.26522636
13 16 15.086419
13 25 0.23307368
14 34 2000.0
14 30 8.446687
14 20 4.993157
14 13 12.66456
14 27 4.0508466
14 33 0.38216895
14 11 2000.0
14 25 3.710058
15 32 0.07741214
15 21 6.802843
16 0 2000.0
16 30 1.5254387
16 8 1.4313366
16 18 1.0847491
16 13 15.086419
16 11 0.95354766
16 5 1.6842589
16 34 26.34789
16 20 19.122309
16 7 1.3153639
16 27 1.9930013
16 23 2.3925555
16 25 0.680286
17 6 2.1746197
17 26 2.277093
17 10 0.031259164
17 24 0.13512568
17 31 1.0881556
17 9 0.043268494
17 4 0.1556094
17 19 165.22337
18 0 2000.0
18 30 0.596535
18 8 1.1866504
18 13 147.05637
18 11 5.068274
18 29 1.0808077
18 5 0.6672047
18 2 2.059496
18 37 2.0510988
18 7 2000.0
18 27 24.64446
18 16 1.0847491
18 23 1.2753727
19 28 1373.0114
19 31 0.08725171
19 9 0.06837422
19 4 0.08424296
19 17 165.22337
20 30 2.3374116
20 13 1.1622036
20 33 1.065471
20 11 0.9670106
20 29 6.930107
20 5 3.3435717
20 34 0.83902186
20 2 2.9681437
20 14 4.993157
20 37 5.35508
20 7 1617.6136
20 27 1.5821106
20 16 19.122309
20 25 0.33667952
21 32 2000.0
21 24 1.0704931
21 35 0.031399034
21 12 0.15810762
21 15 6.802843
22 31 100.0
22 9 0.05259534
22 19 2000.0
23 0 2000.0
23 30 1.2708217
23 8 0.89167815
23 2 13.27749
23 37 2.4901035
23 18 1.2753727
23 7 1.494385
23 16 2.3925555
23 11 2000.0
23 29 1.2488486
23 5 2.4510133
24 26 0.047823764
24 32 0.28975704
24 10 0.08379989
24 21 1.0704931
24 3 2000.0
24 12 0.07684885
24 15 2000.0
24 17 0.13512568
25 30 16.628891
25 0 27.146816
25 13 0.23307368
25 33 0.6049278
25 11 0.78606385
25 29 2.7362194
25 34 4.226163
25 20 0.33667952
25 2 0.6676966
25 14 3.710058
25 37 36.001106
25 7 4.195246
25 27 0.2802114
25 16 0.680286
26 32 66.8216
26 28 0.064174406
26 10 0.032032415
26 24 0.047823764
26 31 0.1098471
26 12 4.586697
26 17 2.277093
27 30 0.25144938
27 0 2000.0
27 8 0.86102635
27 18 24.64446
27 13 0.26522636
27 33 1.3539476
27 11 0.73337144
27 29 0.7225141
27 5 1.8239973
27 34 1.0521768
27 20 1.5821106
27 2 0.72893775
27 14 4.0508466
27 37 0.9278926
27 7 3979.1477
27 16 1.9930013
27 25 0.2802114
28 36 0.035966434
28 26 0.064174406
28 10 0.26697212
28 3 34.86023
28 12 1188.9205
28 9 1.327586
28 19 1373.0114
29 0 46.580017
29 30 2.411376
29 8 0.37136662
29 18 1.0808077
29 13 0.9932075
29 33 19.09905
29 11 0.7322031
29 5 2.8948865
29 34 3.688356
29 20 6.930107
29 2 1.4262879
29 37 0.97959673
29 7 2000.0
29 27 0.7225141
29 16 2000.0
29 23 1.2488486
29 25 2.7362194
30 8 0.3785374
30 18 0.596535
30 13 64.00636
30 33 11.746032
30 11 0.7649522
30 29 2.411376
30 5 0.61846465
30 34 0.8131382
30 20 2.3374116
30 2 16.505013
30 14 8.446687
30 37 29.494179
30 7 0.86688155
30 27 0.25144938
30 16 1.5254387
30 23 1.2708217
30 25 16.628891
31 26 0.1098471
31 6 0.16612555
31 10 13.43905
31 35 43.860085
31 22 100.0
31 9 0.029575614
31 4 0.06668264
31 17 1.0881556
31 19 0.08725171
32 26 66.8216
32 24 0.28975704
32 12 5.762372
32 15 0.07741214
33 30 11.746032
33 8 2000.0
33 13 1.0722363
33 11 2.9993753
33 29 19.09905
33 5 2000.0
33 34 2000.0
33 20 1.065471
33 2 2.6021075
33 14 0.38216895
33 7 2000.0
33 27 1.3539476
33 16 3017.898
33 25 0.6049278
34 30 0.8131382
34 20 0.83902186
34 8 19.415363
34 37 2000.0
34 13 375.57812
34 7 1782.5757
34 27 1.0521768
34 16 26.34789
34 11 1.8438103
34 29 3.688356
34 25 4.226163
34 5 2.5340908
35 21 0.031399034
35 31 43.860085
36 28 0.035966434
36 3 0.41804814
36 9 0.82186186
37 30 29.494179
37 0 1.3283057
37 8 1.2469083
37 18 2.0510988
37 13 1.1684175
37 11 1.3189117
37 29 0.97959673
37 5 12.871443
37 20 5.35508
37 2 0.8736674
37 7 337.6796
37 27 0.9278926
37 16 2000.0
37 23 2.4901035
37 25 36.001106
