0 2 2.3951783
0 37 1.5336757
0 13 0.9567551
0 25 20.152935
0 29 26.972874
1 3 0.9187151
1 12 69.71591
2 30 13.084263
2 0 2.3951783
2 8 1.442372
2 18 1.9563962
2 13 0.39115724
2 33 1.9122536
2 11 1.487905
2 29 1.2170836
2 20 1.924345
2 37 0.8275961
2 27 1.1166229
2 16 2000.0
2 23 12.535688
2 25 0.90343714
3 36 0.38311133
3 28 2.5404222
3 24 200.0
3 12 0.072705984
3 1 0.9187151
3 9 0.37486252
4 31 0.06755051
4 9 0.11621573
4 17 0.13109402
4 19 0.07545598
5 30 0.95161486
5 8 0.64791673
5 18 1.5074414
5 13 42.510235
5 11 2.2908633
5 29 5.6233125
5 34 4.2227616
5 20 6.3759975
5 37 11.420894
5 7 8.554006
5 27 2.6241355
5 16 1.5072286
5 23 5.229704
5 25 2000.0
6 31 0.15460046
6 17 2.0262785
7 30 1.1465955
7 20 39.649746
7 8 4.8643036
7 37 93.473175
7 16 1.6717201
7 23 1.3557284
7 25 1.2378535
7 5 8.554006
8 0 2000.0
8 30 0.32990527
8 18 1.2856507
8 13 1.8876277
8 11 1.0396094
8 29 0.51918006
8 5 0.64791673
8 34 28.735518
8 2 1.442372
8 37 2.672619
8 7 4.8643036
8 27 1.0124663
8 16 1.7932588
8 23 0.8232656
8 25 2000.0
9 36 0.5279061
9 28 1.2768695
9 10 19.18837
9 22 0.07600367
9 31 0.03075603
9 3 0.37486252
9 12 2000.0
9 4 0.11621573
9 17 0.034232806
9 19 0.07126809
10 26 0.02927744
10 28 0.2748045
10 24 0.07852565
10 31 12.89263
10 12 1264.2045
10 9 19.18837
10 17 0.032248903
11 0 2000.0
11 30 0.8622309
11 8 1.0396094
11 18 7.604671
11 13 1.2541907
11 33 2.8073184
11 29 0.83856624
11 5 2.2908633
11 34 4.3142624
11 20 1.0865028
11 2 1.487905
11 37 1.6475313
11 7 1285.341
11 27 0.8166519
11 16 1.0030787
11 25 1.6958115
12 26 0.39353207
12 32 11.2325325
12 24 0.08017779
12 21 0.12746789
12 3 0.072705984
12 1 69.71591
13 30 43.715797
13 0 0.9567551
13 8 1.8876277
13 18 2000.0
13 33 0.9213709
13 11 1.2541907
13 29 1.1181935
13 5 42.510235
13 34 233.52594
13 20 1.1455486
13 2 0.39115724
13 14 18.765953
13 37 1.3454655
13 7 2000.0
13 27 0.49093956
13 16 32.071476
13 25 0.2199115
14 30 21.45589
14 20 9.335449
14 13 18.765953
14 27 14.065513
14 33 0.49749616
14 25 2.2596602
15 32 0.07392866
15 21 7.640767
16 30 1.1006054
16 0 2000.0
16 8 1.7932588
16 18 1.0871985
16 13 32.071476
16 11 1.0030787
16 29 200.0
16 5 1.5072286
16 34 115.66102
16 20 101.33958
16 7 1.6717201
16 27 1.8649851
16 23 2.2268972
16 25 2.7246914
17 6 2.0262785
17 26 1.3825489
17 10 0.032248903
17 24 0.16142142
17 31 0.98327535
17 9 0.034232806
17 4 0.13109402
17 19 164.77882
18 0 2000.0
18 30 0.808018
18 8 1.2856507
18 13 2000.0
18 11 7.604671
18 29 1.5053356
18 5 1.5074414
18 2 1.9563962
18 37 2.0488636
18 7 2000.0
18 27 18.436289
18 16 1.0871985
18 23 0.9905411
19 31 0.09434041
19 9 0.07126809
19 17 164.77882
19 4 0.07545598
20 0 2000.0
20 30 1.3573388
20 13 1.1455486
20 33 1.1985486
20 11 1.0865028
20 29 14.787764
20 5 6.3759975
20 34 1.2224655
20 2 1.924345
20 14 9.335449
20 37 5.5005035
20 7 39.649746
20 27 2.7619796
20 16 101.33958
20 25 0.84025216
21 32 2000.0
21 24 0.68697935
21 35 0.22349107
21 31 2000.0
21 12 0.12746789
21 15 7.640767
22 31 185.18518
22 9 0.07600367
22 19 2000.0
23 30 3.0670533
23 0 2000.0
23 8 0.8232656
23 2 12.535688
23 37 1.2523782
23 18 0.9905411
23 7 1.3557284
23 16 2.2268972
23 11 2000.0
23 29 1.3818078
23 5 5.229704
24 26 0.043032784
24 32 0.35883623
24 10 0.07852565
24 21 0.68697935
24 12 0.08017779
24 3 200.0
24 15 2000.0
24 17 0.16142142
25 30 23.57873
25 0 20.152935
25 13 0.2199115
25 33 0.63056433
25 11 1.6958115
25 29 2.9431121
25 34 2.5061798
25 20 0.84025216
25 2 0.90343714
25 14 2.2596602
25 37 51.711006
25 7 1.2378535
25 27 0.21249038
25 16 2.7246914
26 32 1191.6478
26 28 0.0600543
26 10 0.02927744
26 24 0.043032784
26 31 0.077909395
26 12 0.39353207
26 17 1.3825489
27 30 0.4665001
27 0 2000.0
27 8 1.0124663
27 18 18.436289
27 13 0.49093956
27 33 0.74569964
27 11 0.8166519
27 29 1.0489777
27 5 2.6241355
27 34 1.3628337
27 20 2.7619796
27 2 1.1166229
27 14 14.065513
27 37 1.1716412
27 7 2000.0
27 16 1.8649851
27 25 0.21249038
28 36 0.029116457
28 26 0.0600543
28 10 0.2748045
28 3 2.5404222
28 12 1183.2955
28 9 1.2768695
28 19 1367.8977
29 0 26.972874
29 30 1.647742
29 8 0.51918006
29 18 1.5053356
29 13 1.1181935
29 33 15.384172
29 11 0.83856624
29 5 5.6233125
29 34 5.930795
29 20 14.787764
29 2 1.2170836
29 37 1.2376666
29 7 2000.0
29 27 1.0489777
29 16 200.0
29 23 1.3818078
29 25 2.9431121
30 8 0.32990527
30 18 0.808018
30 13 43.715797
30 33 9.422966
30 11 0.8622309
30 29 1.647742
30 5 0.95161486
30 34 1.3684884
30 20 1.3573388
30 2 13.084263
30 14 21.45589
30 37 21.073168
30 7 1.1465955
30 27 0.4665001
30 16 1.1006054
30 23 3.0670533
30 25 23.57873
31 26 0.077909395
31 6 0.15460046
31 10 12.89263
31 35 61.029324
31 22 185.18518
31 9 0.03075603
31 4 0.06755051
31 17 0.98327535
31 19 0.09434041
32 26 1191.6478
32 24 0.35883623
32 12 11.2325325
32 15 0.07392866
33 30 9.422966
33 13 0.9213709
33 11 2.8073184
33 29 15.384172
33 5 2000.0
33 34 2000.0
33 20 1.1985486
33 2 1.9122536
33 14 0.49749616
33 7 2000.0
33 27 0.74569964
33 16 3017.898
33 25 0.63056433
34 30 1.3684884
34 20 1.2224655
34 8 28.735518
34 37 2000.0
34 13 233.52594
34 7 2000.0
34 27 1.3628337
34 16 115.66102
34 11 4.3142624
34 29 5.930795
34 25 2.5061798
34 5 4.2227616
35 21 0.22349107
35 31 61.029324
36 28 0.029116457
36 3 0.38311133
36 9 0.5279061
37 30 21.073168
37 0 1.5336757
37 8 2.672619
37 18 2.0488636
37 13 1.3454655
37 11 1.6475313
37 29 1.2376666
37 5 11.420894
37 20 5.5005035
37 2 0.8275961
37 7 93.473175
37 27 1.1716412
37 16 2000.0
37 23 1.2523782
37 25 51.711006
