0 8 9.670139
0 2 0.65558195
0 37 0.7613231
0 13 0.84033865
0 11 34.285717
0 29 10.910474
1 3 0.25305033
1 12 37.054344
2 30 11.945077
2 0 0.65558195
2 8 1.0331384
2 18 10.33165
2 13 0.20960459
2 33 2.0776098
2 11 0.9206913
2 29 0.8799276
2 20 1.4959406
2 37 0.8391624
2 27 0.42164704
2 23 17.517347
2 25 0.91424257
3 36 0.29400983
3 28 0.14624204
3 24 2000.0
3 12 0.050190512
3 1 0.25305033
3 9 0.3674639
4 31 0.083920255
4 9 0.07429331
4 17 0.09181451
4 19 0.08307149
5 30 1.1312708
5 8 0.45848915
5 18 0.36936635
5 13 264.37122
5 11 3.177101
5 29 2.5300038
5 34 6.510872
5 20 5.899301
5 37 2000.0
5 7 5.2610826
5 27 2.531932
5 16 1.8753594
5 23 1.9277766
6 22 200.0
6 31 0.5306392
6 17 0.4395312
7 34 9.30055
7 30 0.8317531
7 20 1.4990752
7 8 18.18831
7 37 10.795957
7 27 133.33334
7 16 1.1776733
7 11 6.695069
7 23 1.1842631
7 25 5.3348594
7 5 5.2610826
8 0 9.670139
8 30 0.63607174
8 18 0.9575075
8 13 4.090168
8 11 0.90348506
8 29 0.97048086
8 5 0.45848915
8 34 4.705105
8 2 1.0331384
8 37 1.1038039
8 7 18.18831
8 27 1.5380925
8 16 1.431129
8 23 1.1483791
9 36 1.5806534
9 26 2000.0
9 28 2.7037616
9 10 10.045861
9 22 0.73189515
9 31 0.030616615
9 3 0.3674639
9 12 2000.0
9 17 0.14060554
9 4 0.07429331
9 19 0.0739198
10 26 0.044304434
10 28 0.2802045
10 24 0.06708666
10 31 0.041963913
10 12 7.720388
10 9 10.045861
10 17 0.03090176
11 0 34.285717
11 30 0.7340766
11 8 0.90348506
11 18 6.9940963
11 13 0.66903406
11 33 1.5797262
11 29 0.649198
11 5 3.177101
11 34 2.1416261
11 20 0.5289564
11 2 0.9206913
11 37 1.2816784
11 7 6.695069
11 27 0.7842028
11 16 0.85780746
11 25 1.0913309
12 26 2.2811937
12 28 1.1070405
12 32 0.20894429
12 10 7.720388
12 24 0.0770091
12 21 0.09906266
12 3 0.050190512
12 1 37.054344
13 0 0.84033865
13 30 1.0072026
13 8 4.090168
13 18 162.98021
13 33 1.0125021
13 11 0.66903406
13 29 1.3172491
13 5 264.37122
13 34 7.663618
13 20 0.6178681
13 2 0.20960459
13 14 3.8275063
13 37 1.1435052
13 27 0.2551089
13 16 43.431816
13 25 0.69608676
14 20 1.3555282
14 13 3.8275063
14 27 3.4656672
14 33 0.38533953
14 11 2000.0
14 25 1.2704526
15 32 0.07271156
15 24 653.3333
15 21 1.4957386
16 0 2000.0
16 30 1.0993197
16 8 1.431129
16 18 0.9756538
16 13 43.431816
16 11 0.85780746
16 29 13.669128
16 5 1.8753594
16 20 6.177901
16 37 15.5980215
16 7 1.1776733
16 27 1.6510715
16 23 4.6903076
16 25 1.6974442
17 26 1.7434905
17 6 0.4395312
17 10 0.03090176
17 24 0.20272298
17 31 1.2234178
17 9 0.14060554
17 4 0.09181451
17 19 2.6212928
18 30 0.70371646
18 2 10.33165
18 8 0.9575075
18 37 1.0129316
18 7 2000.0
18 13 162.98021
18 27 3.5344174
18 16 0.9756538
18 23 1.3992355
18 11 6.9940963
18 29 0.8928586
18 5 0.36936635
19 31 0.08104839
19 9 0.0739198
19 17 2.6212928
19 4 0.08307149
20 30 18.19276
20 13 0.6178681
20 33 1.7641369
20 11 0.5289564
20 29 5.493563
20 5 5.899301
20 34 0.82998127
20 2 1.4959406
20 14 1.3555282
20 37 4.634645
20 7 1.4990752
20 27 0.4456378
20 16 6.177901
20 25 0.5179574
21 32 2000.0
21 10 2000.0
21 24 0.42560706
21 35 0.054560892
21 12 0.09906266
21 15 1.4957386
22 6 200.0
22 31 1205.2842
22 9 0.73189515
22 19 1288.409
23 0 2000.0
23 30 1.4652939
23 2 17.517347
23 8 1.1483791
23 37 1.8986447
23 18 1.3992355
23 7 1.1842631
23 16 4.6903076
23 11 2000.0
23 29 2.2985675
23 5 1.9277766
24 26 0.053929128
24 32 0.08681073
24 10 0.06708666
24 21 0.42560706
24 31 5.172003
24 3 2000.0
24 12 0.0770091
24 15 653.3333
24 17 0.20272298
25 30 0.92056876
25 13 0.69608676
25 33 0.3622218
25 11 1.0913309
25 29 5.3560424
25 34 1.2169086
25 20 0.5179574
25 2 0.91424257
25 14 1.2704526
25 37 38.49089
25 7 5.3348594
25 27 0.7309837
25 16 1.6974442
26 36 235.52625
26 32 25.49112
26 28 0.05533751
26 10 0.044304434
26 24 0.053929128
26 31 0.0919144
26 12 2.2811937
26 17 1.7434905
27 0 2000.0
27 30 0.5981345
27 8 1.5380925
27 18 3.5344174
27 13 0.2551089
27 33 0.78965896
27 11 0.7842028
27 29 0.906
27 5 2.531932
27 34 0.9426347
27 20 0.4456378
27 2 0.42164704
27 14 3.4656672
27 37 0.82125604
27 7 133.33334
27 16 1.6510715
27 25 0.7309837
28 36 0.038489744
28 26 0.05533751
28 10 0.2802045
28 3 0.14624204
28 12 1.1070405
28 9 2.7037616
29 0 10.910474
29 30 3.4174716
29 8 0.97048086
29 18 0.8928586
29 13 1.3172491
29 33 622.78406
29 11 0.649198
29 5 2.5300038
29 34 5.67642
29 20 5.493563
29 2 0.8799276
29 37 0.8806769
29 7 2000.0
29 27 0.906
29 16 13.669128
29 23 2.2985675
29 25 5.3560424
30 0 2000.0
30 8 0.63607174
30 18 0.70371646
30 13 1.0072026
30 33 2.834373
30 11 0.7340766
30 29 3.4174716
30 5 1.1312708
30 34 1.8675915
30 20 18.19276
30 2 11.945077
30 37 4.154126
30 7 0.8317531
30 27 0.5981345
30 16 1.0993197
30 23 1.4652939
30 25 0.92056876
31 26 0.0919144
31 6 0.5306392
31 10 0.041963913
31 24 5.172003
31 9 0.030616615
31 17 1.2234178
31 4 0.083920255
31 19 0.08104839
32 26 25.49112
32 24 0.08681073
32 12 0.20894429
32 15 0.07271156
33 34 2000.0
33 30 2.834373
33 20 1.7641369
33 2 2.0776098
33 14 0.38533953
33 7 2000.0
33 13 1.0125021
33 27 0.78965896
33 16 2270.3408
33 11 1.5797262
33 29 622.78406
33 25 0.3622218
34 30 1.8675915
34 20 0.82998127
34 8 4.705105
34 13 7.663618
34 7 9.30055
34 27 0.9426347
34 16 1215.0568
34 11 2.1416261
34 25 1.2169086
34 29 5.67642
34 5 6.510872
35 21 0.054560892
36 26 235.52625
36 28 0.038489744
36 3 0.29400983
36 9 1.5806534
37 30 4.154126
37 0 0.7613231
37 8 1.1038039
37 18 1.0129316
37 13 1.1435052
37 11 1.2816784
37 29 0.8806769
37 20 4.634645
37 2 0.8391624
37 7 10.795957
37 27 0.82125604
37 16 15.5980215
37 23 1.8986447
37 25 38.49089
