0 8 3.7614238
0 2 0.6332045
0 37 0.94934094
0 13 0.81722
0 11 48.918385
0 29 8.722962
1 3 0.2546769
1 12 1308.2386
2 30 6.2398024
2 0 0.6332045
2 8 0.97313774
2 18 16.157707
2 13 0.22540383
2 33 2.320297
2 11 0.51597804
2 29 0.73860043
2 20 0.95618176
2 37 0.6702879
2 27 0.35005715
2 23 45.169167
2 25 1.7167128
3 36 0.36143693
3 28 0.10365755
3 24 2000.0
3 12 0.06660688
3 1 0.2546769
3 9 0.40739477
4 31 0.08233979
4 9 0.06961624
4 17 0.083655626
4 19 0.08801145
5 30 0.51119316
5 8 0.73275095
5 18 0.5156925
5 13 623.7
5 11 3.4138334
5 29 1.7213304
5 34 1.2187289
5 20 2.6645977
5 37 2000.0
5 7 7.0714283
5 27 1.8875291
5 16 1.831884
5 23 3.7803094
6 22 97.644325
6 31 0.23424439
6 17 1.0230716
7 34 4.153462
7 30 0.65044427
7 20 1.4397913
7 8 50.01299
7 37 13.712194
7 27 180.00002
7 16 0.9946804
7 11 4.096292
7 23 1.0311183
7 25 6.1042876
7 5 7.0714283
8 0 3.7614238
8 30 0.82207096
8 18 1.2393941
8 13 2.767577
8 11 1.7767843
8 29 0.9062119
8 5 0.73275095
8 34 2.4886954
8 2 0.97313774
8 37 0.84328675
8 7 50.01299
8 27 1.2916386
8 16 1.8322551
8 23 0.986012
9 36 1.8398541
9 26 2000.0
9 28 1.306734
9 10 10.333807
9 22 0.26919407
9 31 0.032902207
9 12 2000.0
9 3 0.40739477
9 17 0.051927302
9 4 0.06961624
9 19 0.0786379
10 26 0.054469347
10 28 0.5782403
10 24 0.06401859
10 31 0.036631927
10 12 14.873207
10 9 10.333807
10 17 0.04771308
11 0 48.918385
11 30 0.37527174
11 8 1.7767843
11 18 9.345447
11 13 0.57732344
11 33 1.8258322
11 29 0.74830747
11 5 3.4138334
11 34 2.0191069
11 20 0.63689226
11 2 0.51597804
11 37 2.0298793
11 7 4.096292
11 27 0.44413352
11 16 2.0367317
11 25 0.9008794
12 26 1.0392103
12 28 2.8568037
12 32 0.21720654
12 10 14.873207
12 24 0.073453285
12 21 0.097834125
12 3 0.06660688
13 0 0.81722
13 30 0.8500018
13 8 2.767577
13 18 79.25416
13 33 0.82124704
13 11 0.57732344
13 29 0.802244
13 5 623.7
13 34 9.122006
13 20 0.46548265
13 2 0.22540383
13 14 1.6282164
13 37 1.1063423
13 27 0.3760627
13 16 42.137646
13 25 0.6219126
14 20 1.6684502
14 13 1.6282164
14 27 2.5797417
14 33 0.8995492
14 11 2000.0
14 25 3.0704408
15 32 0.08495685
15 21 1.1077573
16 0 2000.0
16 30 1.9444445
16 8 1.8322551
16 18 1.0736222
16 13 42.137646
16 11 2.0367317
16 29 41.376896
16 5 1.831884
16 20 4.7945967
16 37 29.764917
16 7 0.9946804
16 27 1.7259922
16 23 7.9970837
16 25 1.2707518
17 26 5.0
17 6 1.0230716
17 10 0.04771308
17 24 0.4069478
17 31 1.8380982
17 9 0.051927302
17 4 0.083655626
17 19 11.2350855
18 30 0.7056975
18 2 16.157707
18 8 1.2393941
18 37 1.1008265
18 13 79.25416
18 7 2000.0
18 27 4.801343
18 16 1.0736222
18 23 1.0976344
18 11 9.345447
18 29 1.280982
18 5 0.5156925
19 31 0.08004507
19 9 0.0786379
19 17 11.2350855
19 4 0.08801145
20 30 13.336808
20 13 0.46548265
20 33 1.5534648
20 11 0.63689226
20 29 3.3289614
20 5 2.6645977
20 34 0.84611636
20 2 0.95618176
20 14 1.6684502
20 37 1.8453383
20 7 1.4397913
20 27 0.8596952
20 16 4.7945967
20 25 0.4945691
21 32 2000.0
21 10 2000.0
21 24 0.3721514
21 35 0.03841215
21 12 0.097834125
21 15 1.1077573
22 6 97.644325
22 31 1181.1932
22 9 0.26919407
22 19 1288.409
23 0 2000.0
23 30 1.0286447
23 2 45.169167
23 8 0.986012
23 37 2.2237093
23 18 1.0976344
23 7 1.0311183
23 16 7.9970837
23 11 2000.0
23 29 3.7542062
23 5 3.7803094
24 26 0.050693374
24 32 0.11260465
24 10 0.06401859
24 21 0.3721514
24 31 3.1028695
24 3 2000.0
24 12 0.073453285
24 15 2000.0
24 17 0.4069478
25 30 2.1555817
25 0 2000.0
25 13 0.6219126
25 33 1.00587
25 11 0.9008794
25 29 2.563423
25 34 1.1348058
25 20 0.4945691
25 2 1.7167128
25 14 3.0704408
25 7 6.1042876
25 27 0.5390862
25 16 1.2707518
26 36 120.10227
26 32 51.887177
26 28 0.05878788
26 10 0.054469347
26 24 0.050693374
26 31 0.07807751
26 12 1.0392103
26 17 5.0
27 0 2000.0
27 30 0.23138614
27 8 1.2916386
27 18 4.801343
27 13 0.3760627
27 33 0.7580778
27 11 0.44413352
27 29 0.6559786
27 5 1.8875291
27 34 0.866182
27 20 0.8596952
27 2 0.35005715
27 14 2.5797417
27 37 1.0772729
27 7 180.00002
27 16 1.7259922
27 25 0.5390862
28 36 0.09376099
28 26 0.05878788
28 10 0.5782403
28 3 0.10365755
28 12 2.8568037
28 9 1.306734
29 0 8.722962
29 30 3.1068792
29 8 0.9062119
29 18 1.280982
29 13 0.802244
29 11 0.74830747
29 5 1.7213304
29 34 7.1540637
29 20 3.3289614
29 2 0.73860043
29 37 1.5414839
29 7 2000.0
29 27 0.6559786
29 16 41.376896
29 23 3.7542062
29 25 2.563423
30 0 2000.0
30 8 0.82207096
30 18 0.7056975
30 13 0.8500018
30 33 1.3521603
30 11 0.37527174
30 29 3.1068792
30 5 0.51119316
30 34 0.9748619
30 20 13.336808
30 2 6.2398024
30 37 7.262683
30 7 0.65044427
30 27 0.23138614
30 16 1.9444445
30 23 1.0286447
30 25 2.1555817
31 26 0.07807751
31 6 0.23424439
31 10 0.036631927
31 24 3.1028695
31 9 0.032902207
31 17 1.8380982
31 4 0.08233979
31 19 0.08004507
32 26 51.887177
32 24 0.11260465
32 12 0.21720654
32 15 0.08495685
33 34 2000.0
33 30 1.3521603
33 20 1.5534648
33 2 2.320297
33 14 0.8995492
33 7 2000.0
33 13 0.82124704
33 27 0.7580778
33 16 1627.8408
33 11 1.8258322
33 29 1898.4092
33 25 1.00587
34 30 0.9748619
34 20 0.84611636
34 8 2.4886954
34 13 9.122006
34 7 4.153462
34 27 0.866182
34 16 1215.0568
34 11 2.0191069
34 25 1.1348058
34 29 7.1540637
34 5 1.2187289
35 21 0.03841215
36 26 120.10227
36 28 0.09376099
36 3 0.36143693
36 9 1.8398541
37 0 0.94934094
37 30 7.262683
37 8 0.84328675
37 18 1.1008265
37 13 1.1063423
37 11 2.0298793
37 29 1.5414839
37 20 1.8453383
37 2 0.6702879
37 7 13.712194
37 27 1.0772729
37 16 29.764917
37 23 2.2237093
37 25 2104.1477
