0 8 8.0004635
0 2 1.4936675
0 37 1.0011989
0 13 0.76072365
0 11 21.947302
0 29 20.321548
1 3 0.29102662
1 12 60.000004
2 30 12.272243
2 0 1.4936675
2 8 1.3398343
2 18 11.563232
2 13 0.8355954
2 33 7.2754087
2 11 1.913079
2 29 0.92490894
2 20 6.6004634
2 37 1.8182735
2 27 0.8832573
2 16 2000.0
2 23 100.0
2 25 1.9750904
3 36 0.2958523
3 28 0.15404707
3 24 63.157894
3 12 0.061235346
3 1 0.29102662
3 9 0.18500875
4 31 0.06543337
4 9 0.06685678
4 17 0.087532595
4 19 0.07755551
5 34 3.2288806
5 30 0.69051915
5 20 6.990315
5 8 0.4692508
5 37 2000.0
5 18 0.535429
5 7 7.70197
5 27 2.7413516
5 16 1.7458605
5 23 5.290358
5 11 4.3367233
5 29 2.973147
6 22 1217.3674
6 31 1.2178249
6 17 1.6086589
7 34 11.220559
7 30 2.412743
7 20 6.176041
7 8 33.77418
7 37 17.750492
7 27 44.444443
7 16 1.6469698
7 11 6.143384
7 23 1.853597
7 25 11.987506
7 5 7.70197
8 0 8.0004635
8 30 0.61592907
8 18 1.2445209
8 13 2.0456603
8 11 0.45616418
8 29 0.5344866
8 5 0.4692508
8 34 8.255536
8 2 1.3398343
8 37 1.4181707
8 7 33.77418
8 27 1.563586
8 16 1.3344266
8 23 1.1025954
9 36 1.5979261
9 26 2000.0
9 28 1.388595
9 10 2.8860986
9 22 0.5139611
9 31 0.029824186
9 12 2000.0
9 3 0.18500875
9 17 0.045913845
9 4 0.06685678
9 19 0.07594086
10 26 0.030823868
10 28 0.27060753
10 24 0.05463178
10 31 0.050971407
10 12 2.3628376
10 9 2.8860986
10 17 0.029796947
11 0 21.947302
11 30 0.32672596
11 8 0.45616418
11 18 6.6401553
11 13 0.6580945
11 33 4.436334
11 29 0.6961738
11 5 4.3367233
11 34 2.7705603
11 20 0.98366845
11 2 1.913079
11 37 1.8452078
11 7 6.143384
11 27 0.54410005
11 16 0.97353065
11 25 1.0095748
12 26 3.3688977
12 28 6.0653253
12 32 0.35997054
12 10 2.3628376
12 24 0.114581175
12 21 0.08283657
12 3 0.061235346
12 1 60.000004
13 30 2.407644
13 0 0.76072365
13 8 2.0456603
13 18 2000.0
13 33 1.4588081
13 11 0.6580945
13 29 0.8876844
13 5 2000.0
13 34 20.450375
13 20 0.5223512
13 2 0.8355954
13 14 2.7931173
13 37 3.0954757
13 27 1.9866223
13 16 94.58608
13 25 0.7000947
14 20 1.510101
14 13 2.7931173
14 33 0.998295
14 27 4.6767
14 11 2000.0
14 25 1.1497399
15 32 0.09032259
15 21 8.889268
16 0 2000.0
16 30 1.0843217
16 8 1.3344266
16 18 1.1997054
16 13 94.58608
16 11 0.97353065
16 29 35.923843
16 5 1.7458605
16 20 8.767902
16 37 23.384785
16 7 1.6469698
16 27 1.3893117
16 23 17.70612
16 25 1.5134614
17 26 2.0204768
17 6 1.6086589
17 10 0.029796947
17 24 0.23728092
17 31 1.3266305
17 9 0.045913845
17 4 0.087532595
17 19 1.9621458
18 30 0.61349434
18 2 11.563232
18 8 1.2445209
18 37 1.8155373
18 7 2000.0
18 13 2000.0
18 27 4.7143593
18 16 1.1997054
18 23 1.2001559
18 11 6.6401553
18 29 1.0908232
18 5 0.535429
19 31 0.07705802
19 9 0.07594086
19 17 1.9621458
19 4 0.07755551
20 0 2000.0
20 30 8.213555
20 13 0.5223512
20 33 2.8842907
20 11 0.98366845
20 29 3.9312491
20 5 6.990315
20 34 1.0962546
20 2 6.6004634
20 14 1.510101
20 37 4.2957745
20 7 6.176041
20 27 0.6973411
20 16 8.767902
20 25 0.7097817
21 32 2000.0
21 10 2000.0
21 24 0.13570417
21 35 0.04627422
21 12 0.08283657
21 15 8.889268
22 6 1217.3674
22 31 1207.8978
22 9 0.5139611
22 19 1386.4772
23 0 2000.0
23 30 4.3099117
23 2 100.0
23 8 1.1025954
23 37 5.4591346
23 18 1.2001559
23 7 1.853597
23 16 17.70612
23 11 2000.0
23 29 7.415756
23 5 5.290358
24 26 0.059551336
24 32 0.098459296
24 10 0.05463178
24 21 0.13570417
24 31 9.273178
24 3 63.157894
24 12 0.114581175
24 15 2000.0
24 17 0.23728092
25 0 2000.0
25 30 6.376954
25 13 0.7000947
25 33 0.4498622
25 11 1.0095748
25 29 4.435848
25 34 4.47295
25 20 0.7097817
25 2 1.9750904
25 14 1.1497399
25 37 64.65848
25 7 11.987506
25 27 0.787482
25 16 1.5134614
26 32 24.851208
26 28 0.031742383
26 10 0.030823868
26 24 0.059551336
26 31 0.05372596
26 12 3.3688977
26 17 2.0204768
27 0 2000.0
27 30 0.2503171
27 8 1.563586
27 18 4.7143593
27 13 1.9866223
27 33 1.3455642
27 11 0.54410005
27 29 0.9998336
27 5 2.7413516
27 34 1.574817
27 20 0.6973411
27 2 0.8832573
27 14 4.6767
27 37 1.1938996
27 7 44.444443
27 16 1.3893117
27 25 0.787482
28 36 0.03239568
28 26 0.031742383
28 10 0.27060753
28 3 0.15404707
28 12 6.0653253
28 9 1.388595
29 0 20.321548
29 30 2.2716894
29 8 0.5344866
29 18 1.0908232
29 13 0.8876844
29 33 1374.716
29 11 0.6961738
29 5 2.973147
29 34 16.639137
29 20 3.9312491
29 2 0.92490894
29 37 0.915919
29 7 2000.0
29 27 0.9998336
29 16 35.923843
29 23 7.415756
29 25 4.435848
30 0 2000.0
30 8 0.61592907
30 18 0.61349434
30 13 2.407644
30 33 9.6128845
30 11 0.32672596
30 29 2.2716894
30 5 0.69051915
30 34 5.7144628
30 20 8.213555
30 2 12.272243
30 14 2000.0
30 37 8.548327
30 7 2.412743
30 27 0.2503171
30 16 1.0843217
30 23 4.3099117
30 25 6.376954
31 26 0.05372596
31 6 1.2178249
31 10 0.050971407
31 24 9.273178
31 9 0.029824186
31 17 1.3266305
31 4 0.06543337
31 19 0.07705802
32 26 24.851208
32 24 0.098459296
32 12 0.35997054
32 15 0.09032259
33 30 9.6128845
33 8 2000.0
33 13 1.4588081
33 11 4.436334
33 29 1374.716
33 5 2000.0
33 34 2000.0
33 20 2.8842907
33 2 7.2754087
33 14 0.998295
33 7 2000.0
33 27 1.3455642
33 16 2000.0
33 25 0.4498622
34 30 5.7144628
34 20 1.0962546
34 8 8.255536
34 7 11.220559
34 13 20.450375
34 27 1.574817
34 16 5535.0566
34 11 2.7705603
34 25 4.47295
34 29 16.639137
34 5 3.2288806
35 21 0.04627422
36 26 1693.2386
36 28 0.03239568
36 3 0.2958523
36 9 1.5979261
37 30 8.548327
37 0 1.0011989
37 8 1.4181707
37 18 1.8155373
37 13 3.0954757
37 11 1.8452078
37 29 0.915919
37 20 4.2957745
37 2 1.8182735
37 7 17.750492
37 27 1.1938996
37 16 23.384785
37 23 5.4591346
37 25 64.65848
