0 2 1.0921005
0 37 6.016958
0 13 1.0014818
0 29 24.408497
0 25 19.06064
1 3 0.7720076
1 12 14.293145
2 30 18.704086
2 0 1.0921005
2 8 1.2874197
2 18 3.642608
2 13 0.6624245
2 33 2.4741812
2 11 1.7447724
2 29 1.026407
2 20 4.3001795
2 37 0.9872641
2 27 0.916749
2 16 2000.0
2 23 5.461419
2 25 1.1530418
3 36 0.46241483
3 28 8.516181
3 24 2000.0
3 12 0.050609563
3 1 0.7720076
3 9 0.6346966
4 31 0.08319282
4 9 0.11710563
4 17 0.17359452
4 19 0.07221498
5 30 0.73819554
5 8 0.58866525
5 18 1.3853818
5 13 20.149368
5 11 1.5965207
5 29 6.0669017
5 34 1.6026571
5 20 3.1898997
5 37 10.7633915
5 7 17.04333
5 27 1.8620095
5 16 1.4767742
5 23 2.0911982
5 25 2000.0
6 31 0.19884406
6 17 6.207308
7 30 0.85915637
7 20 132.21245
7 8 3.4003632
7 37 111.38012
7 16 1.8061037
7 23 1.2083334
7 11 146.64803
7 25 2.9347882
7 5 17.04333
8 0 2000.0
8 30 0.33057007
8 18 1.3337924
8 13 1.1184849
8 11 0.9294726
8 29 0.30076197
8 5 0.58866525
8 34 19.798794
8 20 2000.0
8 2 1.2874197
8 37 1.3559438
8 7 3.4003632
8 27 1.6880347
8 16 1.4816608
8 23 0.81041324
8 25 2000.0
9 36 0.5421014
9 26 2000.0
9 28 1.7367302
9 10 19.913692
9 22 0.046302754
9 31 0.03138819
9 3 0.6346966
9 4 0.11710563
9 17 0.033960868
9 19 0.07417361
10 26 0.028291255
10 28 0.20776516
10 24 0.0790333
10 31 14.392218
10 12 52.67278
10 9 19.913692
10 17 0.030485312
11 0 2000.0
11 30 0.66782504
11 8 0.9294726
11 18 15.799864
11 13 0.9871169
11 33 2.3168795
11 29 0.81845653
11 5 1.5965207
11 34 1.8058636
11 20 1.3092272
11 2 1.7447724
11 37 1.5184946
11 7 146.64803
11 27 0.61518717
11 16 0.8424736
11 25 0.7332903
12 26 2.756931
12 32 1.8127753
12 10 52.67278
12 24 0.07220711
12 21 1.1155957
12 3 0.050609563
12 1 14.293145
13 30 65.15857
13 0 1.0014818
13 8 1.1184849
13 18 203.0398
13 33 1.2697886
13 11 0.9871169
13 29 0.93196553
13 5 20.149368
13 34 440.79547
13 20 1.2574651
13 2 0.6624245
13 14 7.3175154
13 37 1.1324209
13 7 2000.0
13 27 0.98613536
13 16 59.539707
13 25 0.2749426
14 34 2000.0
14 30 7.888882
14 20 3.5670457
14 13 7.3175154
14 27 1.6105396
14 33 0.416579
14 11 2000.0
14 25 1.821284
15 32 0.07743845
15 21 14.82891
16 0 2000.0
16 30 1.1209512
16 8 1.4816608
16 18 1.6667639
16 13 59.539707
16 11 0.8424736
16 5 1.4767742
16 34 46.44521
16 20 15.161613
16 7 1.8061037
16 27 1.3930843
16 23 2.5322204
16 25 1.1495785
17 6 6.207308
17 26 2.6087463
17 10 0.030485312
17 24 0.09076219
17 31 0.95993906
17 9 0.033960868
17 4 0.17359452
17 19 192.14449
18 0 2000.0
18 30 0.7619683
18 8 1.3337924
18 13 203.0398
18 11 15.799864
18 29 1.3767517
18 5 1.3853818
18 2 3.642608
18 37 3.3266435
18 7 2000.0
18 27 16.413578
18 16 1.6667639
18 23 1.4561771
19 31 0.097221546
19 9 0.07417361
19 4 0.07221498
19 17 192.14449
20 30 2.4042602
20 13 1.2574651
20 33 0.99382323
20 11 1.3092272
20 29 9.513384
20 5 3.1898997
20 34 0.85737604
20 2 4.3001795
20 14 3.5670457
20 37 2.1922703
20 7 132.21245
20 27 1.3036808
20 16 15.161613
20 25 0.50018245
21 32 2000.0
21 24 1.169641
21 35 0.047537263
21 12 1.1155957
21 15 14.82891
22 31 178.63852
22 9 0.046302754
22 19 2000.0
23 0 2000.0
23 30 1.3111278
23 8 0.81041324
23 2 5.461419
23 37 1.3877724
23 18 1.4561771
23 7 1.2083334
23 16 2.5322204
23 11 2000.0
23 29 0.98157924
23 5 2.0911982
24 26 0.040033866
24 32 0.337657
24 10 0.0790333
24 21 1.169641
24 12 0.07220711
24 15 2000.0
24 17 0.09076219
25 30 15.927814
25 0 19.06064
25 13 0.2749426
25 33 0.73576075
25 11 0.7332903
25 29 1.8423697
25 34 2.1350226
25 20 0.50018245
25 2 1.1530418
25 14 1.821284
25 37 32.0
25 7 2.9347882
25 27 0.21056427
25 16 1.1495785
26 32 16.88409
26 28 0.0737513
26 10 0.028291255
26 24 0.040033866
26 31 0.26432633
26 12 2.756931
26 17 2.6087463
27 30 0.543298
27 0 2000.0
27 8 1.6880347
27 18 16.413578
27 13 0.98613536
27 33 1.0177512
27 11 0.61518717
27 29 0.51929367
27 5 1.8620095
27 34 1.0382718
27 20 1.3036808
27 2 0.916749
27 14 1.6105396
27 37 1.350369
27 7 3972.7273
27 16 1.3930843
27 25 0.21056427
28 36 0.044548362
28 26 0.0737513
28 10 0.20776516
28 3 8.516181
28 12 1203.8636
28 9 1.7367302
28 19 1545.284
29 0 24.408497
29 30 2.1433406
29 8 0.30076197
29 18 1.3767517
29 13 0.93196553
29 33 10.319055
29 11 0.81845653
29 5 6.0669017
29 34 2.935791
29 20 9.513384
29 2 1.026407
29 37 0.8524922
29 7 2000.0
29 27 0.51929367
29 16 2000.0
29 23 0.98157924
29 25 1.8423697
30 8 0.33057007
30 18 0.7619683
30 13 65.15857
30 33 5.981149
30 11 0.66782504
30 29 2.1433406
30 5 0.73819554
30 34 0.7729429
30 20 2.4042602
30 2 18.704086
30 14 7.888882
30 37 24.236391
30 7 0.85915637
30 27 0.543298
30 16 1.1209512
30 23 1.3111278
30 25 15.927814
31 26 0.26432633
31 6 0.19884406
31 10 14.392218
31 35 48.359234
31 22 178.63852
31 9 0.03138819
31 4 0.08319282
31 17 0.95993906
31 19 0.097221546
32 26 16.88409
32 24 0.337657
32 12 1.8127753
32 15 0.07743845
33 30 5.981149
33 8 2000.0
33 13 1.2697886
33 11 2.3168795
33 29 10.319055
33 5 2000.0
33 34 2000.0
33 20 0.99382323
33 2 2.4741812
33 14 0.416579
33 7 2000.0
33 27 1.0177512
33 16 3017.898
33 25 0.73576075
34 30 0.7729429
34 20 0.85737604
34 8 19.798794
34 37 2000.0
34 7 2000.0
34 13 440.79547
34 27 1.0382718
34 16 46.44521
34 11 1.8058636
34 29 2.935791
34 25 2.1350226
34 5 1.6026571
35 21 0.047537263
35 31 48.359234
36 28 0.044548362
36 3 0.46241483
36 9 0.5421014
37 30 24.236391
37 0 6.016958
37 8 1.3559438
37 18 3.3266435
37 13 1.1324209
37 11 1.5184946
37 29 0.8524922
37 5 10.7633915
37 20 2.1922703
37 2 0.9872641
37 7 111.38012
37 27 1.350369
37 16 2000.0
37 23 1.3877724
37 25 32.0
