0 8 6.049813
0 2 1.3413935
0 37 1.0101196
0 13 0.6849126
0 11 92.39359
0 29 15.025814
1 3 0.21297656
1 12 1202.159
2 30 7.559934
2 0 1.3413935
2 8 1.4534665
2 18 33.0095
2 13 0.64250654
2 33 2.4787724
2 11 2.0181959
2 29 0.9112713
2 20 2.8054097
2 37 1.490937
2 27 1.7171192
2 16 2000.0
2 25 1.7333145
3 36 0.31296358
3 28 0.1437049
3 24 400.0
3 12 0.05130586
3 1 0.21297656
3 9 0.56767243
4 31 0.086188436
4 9 0.05144374
4 17 0.09395969
4 19 0.108658
5 30 0.5959386
5 8 0.8570067
5 18 0.607643
5 13 602.1273
5 11 3.3449569
5 29 2.9056475
5 34 1.8942405
5 20 2.1112986
5 37 2000.0
5 7 6.92953
5 27 2.1866066
5 16 1.7264472
5 23 4.1938267
6 31 0.5306744
6 17 0.4645403
7 34 12.397727
7 30 0.8315309
7 20 1.3658302
7 8 104.813644
7 37 23.73777
7 27 113.63637
7 16 1.0248967
7 11 6.7284746
7 23 1.2161268
7 25 7.189535
7 5 6.92953
8 0 6.049813
8 30 0.7704005
8 18 0.8069845
8 13 4.2205257
8 11 1.145703
8 29 0.98771554
8 5 0.8570067
8 34 5.416001
8 2 1.4534665
8 37 0.8968669
8 7 104.813644
8 27 1.0159678
8 16 1.4185821
8 23 1.220627
9 36 1.3616349
9 28 1.815128
9 10 17.391304
9 22 0.4323725
9 31 0.030809816
9 3 0.56767243
9 12 2000.0
9 17 0.03599138
9 4 0.05144374
9 19 0.07815898
10 26 0.03037285
10 28 0.19072303
10 24 0.036910772
10 31 0.035410203
10 12 5.2572556
10 9 17.391304
10 17 0.029398829
11 0 92.39359
11 30 0.6523824
11 8 1.145703
11 18 7.896157
11 13 0.82803977
11 33 2.5353007
11 29 0.6545292
11 5 3.3449569
11 34 3.3871455
11 20 0.9202231
11 2 2.0181959
11 37 1.9107221
11 7 6.7284746
11 27 0.47834387
11 16 0.82699007
11 25 1.5235902
12 26 0.7674631
12 28 3.9646235
12 32 0.1856643
12 10 5.2572556
12 24 0.079780035
12 21 0.07037412
12 3 0.05130586
13 30 1.4601583
13 0 0.6849126
13 8 4.2205257
13 18 257.89474
13 33 0.75663674
13 11 0.82803977
13 29 0.57319814
13 5 602.1273
13 34 11.857798
13 20 0.8262472
13 2 0.64250654
13 14 3.5228863
13 37 2.3122127
13 27 0.42124438
13 16 362.3912
13 25 0.6329376
14 34 2000.0
14 20 0.6181488
14 13 3.5228863
14 27 1.8818398
14 33 0.3909228
14 11 2000.0
14 25 2.6600912
15 32 0.083062775
15 21 1.7504815
16 0 2000.0
16 30 1.1033347
16 8 1.4185821
16 18 1.1138431
16 11 0.82699007
16 29 19.339212
16 5 1.7264472
16 20 4.2459197
16 37 33.396183
16 7 1.0248967
16 27 1.5635308
16 23 5.792112
16 25 1.8990496
17 26 1.5785121
17 6 0.4645403
17 10 0.029398829
17 24 0.2516041
17 31 1.3524029
17 9 0.03599138
17 4 0.09395969
17 19 3.0162976
18 30 0.78860277
18 2 33.0095
18 8 0.8069845
18 37 1.4419612
18 7 2000.0
18 13 257.89474
18 27 5.9018784
18 16 1.1138431
18 23 1.1516191
18 11 7.896157
18 29 1.2826424
18 5 0.607643
19 31 0.080618106
19 9 0.07815898
19 17 3.0162976
19 4 0.108658
20 30 14.419149
20 13 0.8262472
20 33 1.5462236
20 11 0.9202231
20 29 3.723397
20 5 2.1112986
20 34 0.84555537
20 2 2.8054097
20 14 0.6181488
20 37 3.2598567
20 7 1.3658302
20 27 0.5544651
20 16 4.2459197
20 25 0.6396821
21 32 2000.0
21 24 0.57959276
21 35 0.04445065
21 12 0.07037412
21 15 1.7504815
22 6 1649.5454
22 31 1105.6818
22 9 0.4323725
22 19 1377.7842
23 0 2000.0
23 30 1.6502366
23 2 1345.341
23 8 1.220627
23 37 2.4663012
23 18 1.1516191
23 7 1.2161268
23 16 5.792112
23 11 2000.0
23 29 2.1336968
23 5 4.1938267
24 26 0.066211075
24 32 0.10829494
24 10 0.036910772
24 21 0.57959276
24 31 2.319988
24 12 0.079780035
24 3 400.0
24 15 2000.0
24 17 0.2516041
25 30 1.747615
25 13 0.6329376
25 33 0.42362148
25 11 1.5235902
25 29 2.6243436
25 34 1.8166083
25 20 0.6396821
25 2 1.7333145
25 14 2.6600912
25 37 162.63414
25 7 7.189535
25 27 0.64263326
25 16 1.8990496
26 36 138.70454
26 32 53.45739
26 28 0.078277275
26 10 0.03037285
26 24 0.066211075
26 31 0.06993053
26 12 0.7674631
26 17 1.5785121
27 0 2000.0
27 30 0.21352465
27 8 1.0159678
27 18 5.9018784
27 13 0.42124438
27 33 1.110552
27 11 0.47834387
27 29 0.65798616
27 5 2.1866066
27 34 1.2302126
27 20 0.5544651
27 2 1.7171192
27 14 1.8818398
27 37 0.8541265
27 7 113.63637
27 16 1.5635308
27 25 0.64263326
28 36 0.039094202
28 26 0.078277275
28 10 0.19072303
28 3 0.1437049
28 12 3.9646235
28 9 1.815128
29 30 4.2699823
29 0 15.025814
29 8 0.98771554
29 18 1.2826424
29 13 0.57319814
29 11 0.6545292
29 5 2.9056475
29 34 4.9450836
29 20 3.723397
29 2 0.9112713
29 37 1.0271853
29 7 2000.0
29 27 0.65798616
29 16 19.339212
29 23 2.1336968
29 25 2.6243436
30 0 2000.0
30 8 0.7704005
30 18 0.78860277
30 13 1.4601583
30 33 2.1192539
30 11 0.6523824
30 29 4.2699823
30 5 0.5959386
30 34 2.5262866
30 20 14.419149
30 2 7.559934
30 37 3.5281034
30 7 0.8315309
30 27 0.21352465
30 16 1.1033347
30 23 1.6502366
30 25 1.747615
31 26 0.06993053
31 6 0.5306744
31 10 0.035410203
31 24 2.319988
31 9 0.030809816
31 17 1.3524029
31 4 0.086188436
31 19 0.080618106
32 26 53.45739
32 24 0.10829494
32 12 0.1856643
32 15 0.083062775
33 34 2000.0
33 30 2.1192539
33 20 1.5462236
33 2 2.4787724
33 14 0.3909228
33 7 2000.0
33 13 0.75663674
33 27 1.110552
33 16 2000.0
33 11 2.5353007
33 29 2067.8977
33 25 0.42362148
34 30 2.5262866
34 20 0.84555537
34 8 5.416001
34 13 11.857798
34 7 12.397727
34 27 1.2302126
34 16 1215.0568
34 11 3.3871455
34 25 1.8166083
34 29 4.9450836
34 5 1.8942405
35 21 0.04445065
36 26 138.70454
36 28 0.039094202
36 3 0.31296358
36 9 1.3616349
37 30 3.5281034
37 0 1.0101196
37 8 0.8968669
37 18 1.4419612
37 13 2.3122127
37 11 1.9107221
37 29 1.0271853
37 20 3.2598567
37 2 1.490937
37 7 23.73777
37 27 0.8541265
37 16 33.396183
37 23 2.4663012
37 25 162.63414
