0 8 7.169426
0 2 1.3393098
0 37 0.6966272
0 13 0.7786362
0 11 33.405975
0 29 13.092676
1 3 0.21466276
1 12 1202.159
2 30 7.980193
2 0 1.3393098
2 8 1.5458816
2 18 15.100629
2 13 0.67885804
2 33 2.4122677
2 11 1.1523076
2 29 1.1777403
2 20 4.5915112
2 37 1.0299021
2 27 0.8548334
2 16 2000.0
2 23 17.359072
2 25 1.4370277
3 36 0.29447174
3 28 0.0682406
3 24 2000.0
3 12 0.05069648
3 1 0.21466276
3 9 1.4576999
4 31 0.07973332
4 9 0.067514785
4 17 0.090659894
4 19 0.08768896
5 30 0.40719697
5 8 0.6135167
5 18 0.33452326
5 13 132.65018
5 11 4.088242
5 29 2.7508812
5 34 1.3518871
5 20 2.3101847
5 37 2000.0
5 7 5.66065
5 27 2.7834203
5 16 2.206844
5 23 6.5396233
6 22 89.06605
6 31 0.80086446
6 17 0.8913368
7 34 13.309127
7 30 0.6209281
7 20 2.4808102
7 37 25.32334
7 27 144.44939
7 16 1.098872
7 11 4.1389465
7 23 1.6400468
7 25 3.8126068
7 5 5.66065
8 0 7.169426
8 30 0.7453917
8 18 0.74068
8 13 2.5266798
8 11 1.9573091
8 29 1.0744839
8 5 0.6135167
8 34 5.8156533
8 2 1.5458816
8 37 1.1583115
8 7 233.86732
8 27 1.5069615
8 16 1.2662091
8 23 1.1056116
9 36 1.7688488
9 26 2000.0
9 28 1.6961818
9 10 4.5482426
9 22 0.5609245
9 31 0.03303682
9 3 1.4576999
9 17 0.10439137
9 4 0.067514785
9 19 0.0675857
10 26 0.031770833
10 28 0.5648021
10 24 0.0720349
10 31 0.03723213
10 12 6.3658576
10 9 4.5482426
10 17 0.030622082
11 0 33.405975
11 30 0.5094787
11 8 1.9573091
11 18 4.935311
11 13 0.64234185
11 33 1.7698592
11 29 0.44036263
11 5 4.088242
11 34 3.133807
11 20 1.6336732
11 2 1.1523076
11 37 1.2524105
11 7 4.1389465
11 27 0.46719205
11 16 0.88797235
11 25 1.3560243
12 26 1.1643478
12 28 6.0758996
12 32 0.38782606
12 10 6.3658576
12 24 0.083783336
12 21 0.1083558
12 3 0.05069648
13 30 2.0196083
13 0 0.7786362
13 8 2.5266798
13 18 256.3393
13 33 1.3957702
13 11 0.64234185
13 29 0.6207824
13 5 132.65018
13 34 11.909605
13 20 0.86466134
13 2 0.67885804
13 14 1.7170722
13 37 2.7240386
13 27 0.1989456
13 16 58.56248
13 25 0.54281837
14 20 1.8638427
14 13 1.7170722
14 27 1.9845619
14 33 0.39287743
14 11 2000.0
14 25 0.90963596
15 32 0.07697917
15 24 445.45456
15 21 0.99275076
16 30 1.1020305
16 0 2000.0
16 8 1.2662091
16 18 1.0177087
16 13 58.56248
16 11 0.88797235
16 29 25.999365
16 5 2.206844
16 20 4.5171494
16 37 35.500385
16 7 1.098872
16 27 1.2003044
16 23 14.500189
16 25 1.4209129
17 26 2.008859
17 6 0.8913368
17 10 0.030622082
17 24 0.29064178
17 31 1.1099001
17 9 0.10439137
17 4 0.090659894
17 19 3.8316069
18 30 0.6806819
18 2 15.100629
18 8 0.74068
18 37 0.9800122
18 13 256.3393
18 7 2000.0
18 27 3.3162591
18 16 1.0177087
18 23 1.0983734
18 11 4.935311
18 29 1.0153259
18 5 0.33452326
19 31 0.08092093
19 9 0.0675857
19 17 3.8316069
19 4 0.08768896
20 30 16.796305
20 13 0.86466134
20 33 1.8741585
20 11 1.6336732
20 29 2.524621
20 5 2.3101847
20 34 0.8442873
20 2 4.5915112
20 14 1.8638427
20 37 2.0231667
20 7 2.4808102
20 27 0.42960218
20 16 4.5171494
20 25 0.46435955
21 32 2000.0
21 24 0.7012541
21 35 0.03356095
21 12 0.1083558
21 15 0.99275076
22 6 89.06605
22 31 1196.875
22 9 0.5609245
22 19 1462.216
23 0 2000.0
23 30 1.5148832
23 2 17.359072
23 8 1.1056116
23 37 1.853251
23 18 1.0983734
23 7 1.6400468
23 16 14.500189
23 11 2000.0
23 29 2.1348937
23 5 6.5396233
24 26 0.051633082
24 32 0.1099872
24 10 0.0720349
24 21 0.7012541
24 31 3.6197069
24 12 0.083783336
24 15 445.45456
24 17 0.29064178
25 30 2.22541
25 13 0.54281837
25 33 0.33253902
25 11 1.3560243
25 29 2.827945
25 34 2.8822641
25 20 0.46435955
25 2 1.4370277
25 14 0.90963596
25 37 133.33334
25 7 3.8126068
25 27 0.83222336
25 16 1.4209129
26 32 57.346355
26 28 0.12212184
26 10 0.031770833
26 24 0.051633082
26 31 0.08419526
26 12 1.1643478
26 17 2.008859
27 0 2000.0
27 30 0.23987828
27 8 1.5069615
27 18 3.3162591
27 13 0.1989456
27 33 0.99712497
27 11 0.46719205
27 29 0.53693897
27 5 2.7834203
27 34 2.828383
27 20 0.42960218
27 2 0.8548334
27 14 1.9845619
27 37 1.122982
27 7 144.44939
27 16 1.2003044
27 25 0.83222336
28 36 0.03543929
28 26 0.12212184
28 10 0.5648021
28 3 0.0682406
28 12 6.0758996
28 9 1.6961818
29 0 13.092676
29 30 7.300747
29 8 1.0744839
29 18 1.0153259
29 13 0.6207824
29 11 0.44036263
29 5 2.7508812
29 34 8.435161
29 20 2.524621
29 2 1.1777403
29 37 1.3745844
29 7 2000.0
29 27 0.53693897
29 16 25.999365
29 23 2.1348937
29 25 2.827945
30 0 2000.0
30 8 0.7453917
30 18 0.6806819
30 13 2.0196083
30 33 4.4518924
30 11 0.5094787
30 29 7.300747
30 5 0.40719697
30 34 2.9149554
30 20 16.796305
30 2 7.980193
30 37 7.3502774
30 7 0.6209281
30 27 0.23987828
30 16 1.1020305
30 23 1.5148832
30 25 2.22541
31 26 0.08419526
31 6 0.80086446
31 10 0.03723213
31 24 3.6197069
31 9 0.03303682
31 17 1.1099001
31 4 0.07973332
31 19 0.08092093
32 26 57.346355
32 24 0.1099872
32 12 0.38782606
32 15 0.07697917
33 34 2000.0
33 30 4.4518924
33 20 1.8741585
33 2 2.4122677
33 14 0.39287743
33 7 2000.0
33 13 1.3957702
33 27 0.99712497
33 16 2226.3638
33 11 1.7698592
33 29 1349.034
33 25 0.33253902
34 30 2.9149554
34 20 0.8442873
34 8 5.8156533
34 13 11.909605
34 7 13.309127
34 27 2.828383
34 16 1215.0568
34 11 3.133807
34 25 2.8822641
34 29 8.435161
34 5 1.3518871
35 21 0.03356095
36 26 2000.0
36 28 0.03543929
36 3 0.29447174
36 9 1.7688488
37 30 7.3502774
37 0 0.6966272
37 8 1.1583115
37 18 0.9800122
37 13 2.7240386
37 11 1.2524105
37 29 1.3745844
37 20 2.0231667
37 2 1.0299021
37 7 25.32334
37 27 1.122982
37 16 35.500385
37 23 1.853251
37 25 133.33334
