0 2 0.9889875
0 37 2.507454
0 13 1.0193028
0 29 16.649517
0 25 16.778227
1 3 0.8156159
1 12 8.589651
2 30 12.2154455
2 0 0.9889875
2 8 1.246602
2 18 1.7631103
2 13 0.6429248
2 33 2.7646358
2 11 2.4899044
2 29 1.3555071
2 20 3.0401678
2 37 0.8164185
2 27 1.1593181
2 16 2000.0
2 23 10.303064
2 25 0.7822335
3 36 0.5706566
3 28 8.110569
3 24 2000.0
3 12 0.05057735
3 1 0.8156159
3 9 0.6240057
4 31 0.08835514
4 9 0.081369296
4 17 0.13348468
4 19 0.06839259
5 30 0.64318305
5 8 0.5340776
5 18 1.067772
5 13 57.220394
5 11 1.5489367
5 29 3.6187878
5 34 1.3556936
5 20 1.8853759
5 37 7.111978
5 7 17.006756
5 27 1.6835951
5 16 1.463967
5 23 1.8664411
5 25 2000.0
6 31 0.17224292
6 17 2.4955926
7 30 0.81406933
7 20 113.29748
7 8 6.7698445
7 37 161.46684
7 27 200.0
7 16 1.2638985
7 23 1.6445322
7 25 5.4926567
7 5 17.006756
8 0 2000.0
8 30 0.46703285
8 18 1.312472
8 13 1.1082333
8 11 1.1077343
8 29 0.5756357
8 5 0.5340776
8 34 27.245207
8 2 1.246602
8 37 1.0763972
8 7 6.7698445
8 27 1.4679416
8 16 1.4906704
8 23 0.78889227
8 25 2000.0
9 36 0.45079523
9 26 2000.0
9 28 2.1508262
9 10 20.518726
9 22 0.06718684
9 31 0.035359804
9 12 2000.0
9 3 0.6240057
9 4 0.081369296
9 17 0.044941604
9 19 0.068410866
10 26 0.028853785
10 28 0.36958334
10 24 0.075161174
10 31 25.20581
10 12 1287.5568
10 9 20.518726
10 17 0.029735718
11 0 2000.0
11 30 0.78722334
11 8 1.1077343
11 18 4.4714494
11 13 1.076353
11 33 2.675214
11 29 1.039195
11 5 1.5489367
11 34 2.648305
11 20 1.1807535
11 2 2.4899044
11 37 2.221767
11 7 1630.625
11 27 0.6691538
11 16 0.8792459
11 25 0.62454206
12 26 2.7034094
12 32 4.1759253
12 24 0.06748773
12 21 0.23393257
12 3 0.05057735
12 1 8.589651
13 30 114.09744
13 0 1.0193028
13 8 1.1082333
13 18 128.13698
13 33 1.622519
13 11 1.076353
13 29 0.8213125
13 5 57.220394
13 34 545.0974
13 20 2.0161269
13 2 0.6429248
13 14 9.50964
13 37 1.2147425
13 7 2000.0
13 27 0.7229652
13 16 47.355656
13 25 0.29353592
14 34 2000.0
14 30 19.310522
14 20 1.7656622
14 13 9.50964
14 27 5.2709084
14 33 0.41215912
14 11 2000.0
14 25 2.7998698
15 32 0.0833649
15 21 5.666929
16 0 2000.0
16 30 1.0741127
16 8 1.4906704
16 18 1.2538408
16 13 47.355656
16 11 0.8792459
16 5 1.463967
16 34 43.485363
16 20 62.908714
16 7 1.2638985
16 27 1.3571631
16 23 2.9380846
16 25 1.2009203
17 6 2.4955926
17 26 1.5216733
17 10 0.029735718
17 24 0.100736536
17 31 1.0011364
17 9 0.044941604
17 4 0.13348468
17 19 25.046633
18 0 2000.0
18 30 0.7142398
18 8 1.312472
18 13 128.13698
18 11 4.4714494
18 29 1.6073779
18 5 1.067772
18 2 1.7631103
18 37 2.2834325
18 7 2000.0
18 27 22.768135
18 16 1.2538408
18 23 1.4246558
19 31 0.08419282
19 9 0.068410866
19 17 25.046633
19 4 0.06839259
20 30 1.9068062
20 13 2.0161269
20 33 0.9263634
20 11 1.1807535
20 29 11.09096
20 5 1.8853759
20 34 0.80421996
20 2 3.0401678
20 14 1.7656622
20 37 5.9787016
20 7 113.29748
20 27 1.6065909
20 16 62.908714
20 25 0.5093721
21 32 2000.0
21 24 0.861683
21 35 0.031690527
21 31 2000.0
21 12 0.23393257
21 15 5.666929
22 31 129.91891
22 9 0.06718684
22 19 2000.0
23 0 2000.0
23 30 1.7912936
23 8 0.78889227
23 2 10.303064
23 37 1.5168027
23 18 1.4246558
23 7 1.6445322
23 16 2.9380846
23 11 2000.0
23 29 0.54645175
23 5 1.8664411
24 26 0.045363635
24 32 0.37696746
24 10 0.075161174
24 21 0.861683
24 12 0.06748773
24 15 2000.0
24 17 0.100736536
25 30 26.533327
25 0 16.778227
25 13 0.29353592
25 33 0.62858856
25 11 0.62454206
25 29 1.7570658
25 34 2.5121772
25 20 0.5093721
25 2 0.7822335
25 14 2.7998698
25 37 65.20721
25 7 5.4926567
25 27 0.3037831
25 16 1.2009203
26 32 1204.8864
26 28 0.0755303
26 10 0.028853785
26 24 0.045363635
26 31 0.087273754
26 12 2.7034094
26 17 1.5216733
27 30 0.20553751
27 0 2000.0
27 8 1.4679416
27 18 22.768135
27 13 0.7229652
27 33 1.025575
27 11 0.6691538
27 29 0.84814775
27 5 1.6835951
27 34 0.8000238
27 20 1.6065909
27 2 1.1593181
27 14 5.2709084
27 37 1.5497692
27 7 200.0
27 16 1.3571631
27 25 0.3037831
28 36 0.031818185
28 26 0.0755303
28 10 0.36958334
28 3 8.110569
28 12 1203.8636
28 9 2.1508262
28 19 1545.284
29 0 16.649517
29 30 1.2713712
29 8 0.5756357
29 18 1.6073779
29 13 0.8213125
29 33 17.777693
29 11 1.039195
29 5 3.6187878
29 34 2.7407756
29 20 11.09096
29 2 1.3555071
29 37 0.9446456
29 7 2000.0
29 27 0.84814775
29 16 2000.0
29 23 0.54645175
29 25 1.7570658
30 8 0.46703285
30 18 0.7142398
30 13 114.09744
30 33 6.554872
30 11 0.78722334
30 29 1.2713712
30 5 0.64318305
30 34 1.0767823
30 20 1.9068062
30 2 12.2154455
30 14 19.310522
30 37 15.811368
30 7 0.81406933
30 27 0.20553751
30 16 1.0741127
30 23 1.7912936
30 25 26.533327
31 26 0.087273754
31 6 0.17224292
31 10 25.20581
31 35 34.979263
31 22 129.91891
31 21 2000.0
31 9 0.035359804
31 4 0.08835514
31 17 1.0011364
31 19 0.08419282
32 26 1204.8864
32 24 0.37696746
32 12 4.1759253
32 15 0.0833649
33 30 6.554872
33 13 1.622519
33 11 2.675214
33 29 17.777693
33 5 2000.0
33 34 2000.0
33 20 0.9263634
33 2 2.7646358
33 14 0.41215912
33 7 2000.0
33 27 1.025575
33 16 3017.898
33 25 0.62858856
34 30 1.0767823
34 20 0.80421996
34 8 27.245207
34 37 2000.0
34 13 545.0974
34 7 2000.0
34 27 0.8000238
34 16 43.485363
34 11 2.648305
34 29 2.7407756
34 25 2.5121772
34 5 1.3556936
35 21 0.031690527
35 31 34.979263
36 28 0.031818185
36 3 0.5706566
36 9 0.45079523
37 30 15.811368
37 0 2.507454
37 8 1.0763972
37 18 2.2834325
37 13 1.2147425
37 11 2.221767
37 29 0.9446456
37 5 7.111978
37 20 5.9787016
37 2 0.8164185
37 7 161.46684
37 27 1.5497692
37 16 2000.0
37 23 1.5168027
37 25 65.20721
