0 2 1.0743538
0 37 3.2638264
0 13 0.74262506
0 25 83.333336
0 29 21.06089
1 3 1.0215518
1 12 14.12828
2 30 20.975964
2 0 1.0743538
2 8 1.9061384
2 18 3.374148
2 13 0.463911
2 33 2.0655036
2 11 1.4597875
2 29 0.9872208
2 20 1.94811
2 37 0.9357575
2 27 1.4508381
2 16 2000.0
2 23 15.346498
2 25 0.5813321
3 36 1.0329912
3 28 57.623035
3 24 2000.0
3 12 0.06611126
3 1 1.0215518
3 9 0.3550735
4 31 0.06796549
4 9 0.071818896
4 17 0.124929205
4 19 0.08782744
5 30 1.485609
5 8 0.64222187
5 18 1.7927293
5 13 58.344604
5 11 1.1858346
5 29 3.023437
5 34 3.017683
5 20 2.0764565
5 37 7.6314964
5 7 16.941175
5 27 2.3510194
5 16 1.4185697
5 23 3.3155596
5 25 2000.0
6 31 0.14825404
6 17 9.799503
7 34 627.4653
7 30 3.188491
7 20 202.6695
7 8 7.776354
7 16 2.8712952
7 23 1.3256601
7 11 88.888885
7 25 2.4943514
7 5 16.941175
8 0 2000.0
8 30 0.4453699
8 18 1.5234401
8 13 1.5570906
8 11 1.7557335
8 29 0.66060674
8 5 0.64222187
8 34 66.92466
8 2 1.9061384
8 37 1.0294337
8 7 7.776354
8 27 1.1046603
8 16 1.5740917
8 23 1.1470248
8 25 2000.0
9 36 0.42297664
9 26 2000.0
9 28 0.74142224
9 10 22.855003
9 22 0.054397937
9 31 0.02948476
9 12 2000.0
9 3 0.3550735
9 4 0.071818896
9 17 0.045590315
9 19 0.083400644
10 26 0.034778226
10 28 0.29263198
10 24 0.13226072
10 31 2.057785
10 12 1485.7386
10 9 22.855003
10 17 0.030979881
11 0 2000.0
11 30 0.7857879
11 8 1.7557335
11 18 4.575284
11 13 0.97835815
11 33 1.5592668
11 29 0.7751017
11 5 1.1858346
11 34 2.1890144
11 20 0.9999887
11 2 1.4597875
11 37 0.96881443
11 7 88.888885
11 27 0.7619784
11 16 1.3051963
11 25 0.6014695
12 26 0.7541533
12 32 10.12778
12 24 0.07703265
12 21 0.13789906
12 3 0.06611126
12 1 14.12828
13 30 119.913025
13 0 0.74262506
13 8 1.5570906
13 18 64.257774
13 33 1.001096
13 11 0.97835815
13 29 0.66927713
13 5 58.344604
13 34 2000.0
13 20 0.99984217
13 2 0.463911
13 14 11.028264
13 37 1.3016202
13 7 2000.0
13 27 0.4487919
13 16 135.7524
13 25 0.23113023
14 30 9.331007
14 20 5.9554
14 13 11.028264
14 27 9.286272
14 33 1.1740338
14 11 2000.0
14 25 4.6610675
15 32 0.078203924
15 21 13.892899
16 34 18.597246
16 30 1.131589
16 20 66.07213
16 8 1.5740917
16 18 2.0450141
16 7 2.8712952
16 13 135.7524
16 27 1.6454
16 11 1.3051963
16 23 6.1513157
16 25 0.7207047
16 5 1.4185697
17 26 1.8792081
17 6 9.799503
17 10 0.030979881
17 24 0.0912597
17 31 0.98491573
17 9 0.045590315
17 4 0.124929205
17 19 2000.0
18 0 2000.0
18 30 1.0009048
18 8 1.5234401
18 13 64.257774
18 11 4.575284
18 29 1.8008251
18 5 1.7927293
18 2 3.374148
18 37 3.7544327
18 7 2000.0
18 27 93.63118
18 16 2.0450141
18 23 1.6107324
19 28 172.06024
19 31 0.18382156
19 9 0.083400644
19 4 0.08782744
19 17 2000.0
20 30 3.4643183
20 8 2000.0
20 13 0.99984217
20 33 1.0295347
20 11 0.9999887
20 29 10.86054
20 5 2.0764565
20 34 0.96716154
20 2 1.94811
20 14 5.9554
20 37 5.797453
20 7 202.6695
20 27 1.53298
20 16 66.07213
20 25 0.61906403
21 26 2000.0
21 32 2000.0
21 24 1.0297389
21 35 0.035401396
21 31 2000.0
21 12 0.13789906
21 15 13.892899
22 31 47.523674
22 9 0.054397937
22 19 2000.0
23 0 2000.0
23 30 1.5413202
23 8 1.1470248
23 2 15.346498
23 37 1.7589785
23 18 1.6107324
23 7 1.3256601
23 16 6.1513157
23 11 2000.0
23 29 1.468984
23 5 3.3155596
24 26 0.045128535
24 32 0.333915
24 10 0.13226072
24 21 1.0297389
24 12 0.07703265
24 17 0.0912597
25 30 15.134662
25 0 83.333336
25 13 0.23113023
25 33 0.84314984
25 11 0.6014695
25 29 1.5647645
25 34 2.2874012
25 20 0.61906403
25 2 0.5813321
25 14 4.6610675
25 37 30.177446
25 7 2.4943514
25 27 0.2777038
25 16 0.7207047
26 32 1217.6704
26 28 0.0558545
26 10 0.034778226
26 24 0.045128535
26 31 0.20412312
26 12 0.7541533
26 17 1.8792081
27 30 0.25126743
27 0 2000.0
27 8 1.1046603
27 18 93.63118
27 13 0.4487919
27 33 0.735008
27 11 0.7619784
27 29 2.4319816
27 5 2.3510194
27 34 1.146301
27 20 1.53298
27 2 1.4508381
27 14 9.286272
27 37 2.0626874
27 7 2000.0
27 16 1.6454
27 25 0.2777038
28 36 0.034081895
28 26 0.0558545
28 10 0.29263198
28 12 1144.9432
28 3 57.623035
28 9 0.74142224
28 19 172.06024
29 0 21.06089
29 30 1.7210305
29 8 0.66060674
29 18 1.8008251
29 13 0.66927713
29 33 32.24853
29 11 0.7751017
29 5 3.023437
29 34 8.109503
29 20 10.86054
29 2 0.9872208
29 37 0.91842806
29 7 2000.0
29 27 2.4319816
29 16 2000.0
29 23 1.468984
29 25 1.5647645
30 8 0.4453699
30 18 1.0009048
30 13 119.913025
30 33 7.063541
30 11 0.7857879
30 29 1.7210305
30 5 1.485609
30 34 1.4024217
30 20 3.4643183
30 2 20.975964
30 14 9.331007
30 37 16.826107
30 7 3.188491
30 27 0.25126743
30 16 1.131589
30 23 1.5413202
30 25 15.134662
31 26 0.20412312
31 6 0.14825404
31 10 2.057785
31 35 14.024245
31 22 47.523674
31 9 0.02948476
31 4 0.06796549
31 17 0.98491573
31 19 0.18382156
32 24 0.333915
32 21 2000.0
32 12 10.12778
32 15 0.078203924
33 30 7.063541
33 8 2000.0
33 13 1.001096
33 11 1.5592668
33 29 32.24853
33 5 2000.0
33 34 2000.0
33 20 1.0295347
33 2 2.0655036
33 14 1.1740338
33 7 2000.0
33 27 0.735008
33 16 2422.443
33 25 0.84314984
34 30 1.4024217
34 20 0.96716154
34 8 66.92466
34 37 2000.0
34 7 627.4653
34 13 2000.0
34 27 1.146301
34 16 18.597246
34 11 2.1890144
34 29 8.109503
34 25 2.2874012
34 5 3.017683
35 21 0.035401396
35 31 14.024245
36 28 0.034081895
36 3 1.0329912
36 9 0.42297664
37 30 16.826107
37 0 3.2638264
37 8 1.0294337
37 18 3.7544327
37 13 1.3016202
37 11 0.96881443
37 29 0.91842806
37 5 7.6314964
37 20 5.797453
37 2 0.9357575
37 7 6957.6133
37 27 2.0626874
37 16 2000.0
37 23 1.7589785
37 25 30.177446
