0 8 32.930035
0 2 0.40574956
0 37 2.5454934
0 13 0.98150504
0 29 3.6027482
0 25 2000.0
1 3 0.20765498
1 12 23.94523
2 30 25.097818
2 0 0.40574956
2 8 5.675981
2 18 10.8963585
2 13 1.2947913
2 33 1.2425454
2 11 3.858069
2 29 0.9149197
2 20 3.7643692
2 37 1.0584829
2 27 2.2093544
2 23 100.0
2 25 3.3659742
3 36 0.59833914
3 28 0.08940147
3 24 2000.0
3 12 0.07538631
3 1 0.20765498
3 9 0.44983694
4 31 0.06801957
4 9 0.0775543
4 17 0.095580816
4 19 0.08101085
5 34 7.13173
5 30 0.6576271
5 20 4.3825
5 8 1.7212172
5 37 2000.0
5 18 0.5874715
5 7 10.751382
5 27 4.28015
5 16 1.4966843
5 23 3.25964
5 11 4.0357904
5 29 1.0713319
6 22 55.227856
6 31 1.0495325
6 17 1.4101392
7 34 17.052107
7 30 1.055488
7 20 1.6286801
7 8 87.60095
7 37 48.12801
7 27 180.00002
7 16 1.4538532
7 11 28.919804
7 23 1.4762014
7 25 5.6416373
7 5 10.751382
8 0 32.930035
8 30 0.7278214
8 18 1.506839
8 13 18.065254
8 11 8.024648
8 29 0.86101216
8 5 1.7212172
8 34 16.9391
8 2 5.675981
8 37 2.0868492
8 7 87.60095
8 27 3.0758412
8 16 1.4903178
8 23 1.472162
9 36 1.5842332
9 26 2000.0
9 28 11.1445265
9 10 2.6393461
9 22 0.24284689
9 31 0.029470371
9 3 0.44983694
9 17 0.056329984
9 4 0.0775543
9 19 0.06764943
10 26 0.04240853
10 28 0.6552609
10 24 0.07234134
10 31 0.030943988
10 12 8.838453
10 9 2.6393461
10 17 0.036171578
11 0 2000.0
11 30 2.3701625
11 8 8.024648
11 18 7.3971243
11 13 1.2690341
11 33 4.0838118
11 29 2.3042688
11 5 4.0357904
11 34 5.275023
11 20 2.6468964
11 2 3.858069
11 37 2.7421658
11 7 28.919804
11 27 0.9293256
11 16 1.0792629
11 25 1.4425591
12 26 0.5902655
12 28 5.8460107
12 32 0.5502386
12 10 8.838453
12 24 0.09818484
12 21 0.15727907
12 3 0.07538631
12 1 23.94523
13 0 0.98150504
13 30 6.27885
13 8 18.065254
13 18 142.85715
13 33 0.87481064
13 11 1.2690341
13 29 2.6685562
13 5 2000.0
13 34 10.551147
13 20 0.94302475
13 2 1.2947913
13 14 4.4600186
13 37 3.0159407
13 27 0.20597838
13 16 68.36156
13 25 0.7816835
14 34 2000.0
14 20 3.5418847
14 13 4.4600186
14 33 0.38912135
14 27 4.551719
14 11 2000.0
14 25 2.774372
15 32 0.06770408
15 21 23.151897
16 30 1.1205776
16 0 2000.0
16 8 1.4903178
16 18 1.017949
16 13 68.36156
16 11 1.0792629
16 29 800.0
16 5 1.4966843
16 20 6.7991753
16 7 1.4538532
16 27 1.3150225
16 23 4.740336
16 25 1.3161916
17 26 1.9359524
17 6 1.4101392
17 10 0.036171578
17 24 0.33053795
17 31 1.175331
17 9 0.056329984
17 4 0.095580816
17 19 3.5159507
18 30 0.73136556
18 2 10.8963585
18 8 1.506839
18 37 1.2153093
18 13 142.85715
18 7 2000.0
18 27 2.926575
18 16 1.017949
18 23 2.3070366
18 11 7.3971243
18 29 1.0407025
18 5 0.5874715
19 22 115.36767
19 31 0.07835743
19 9 0.06764943
19 17 3.5159507
19 4 0.08101085
20 30 9.647857
20 0 2000.0
20 13 0.94302475
20 33 2.4434454
20 11 2.6468964
20 29 1.8581442
20 5 4.3825
20 34 1.4707631
20 2 3.7643692
20 14 3.5418847
20 37 6.756448
20 7 1.6286801
20 27 0.5230823
20 16 6.7991753
20 25 1.8103372
21 32 2000.0
21 24 0.098062076
21 35 0.05261017
21 12 0.15727907
21 15 23.151897
22 6 55.227856
22 31 2000.0
22 9 0.24284689
22 19 115.36767
23 0 2000.0
23 30 1.2069688
23 2 100.0
23 8 1.472162
23 37 10.29459
23 18 2.3070366
23 7 1.4762014
23 16 4.740336
23 11 2000.0
23 29 3.419476
23 5 3.25964
24 26 0.06854008
24 32 0.08723592
24 28 2000.0
24 10 0.07234134
24 21 0.098062076
24 31 8.234291
24 12 0.09818484
24 15 2000.0
24 17 0.33053795
25 0 2000.0
25 30 4.7640142
25 13 0.7816835
25 33 1.3441477
25 11 1.4425591
25 29 5.94951
25 34 7.265552
25 20 1.8103372
25 2 3.3659742
25 14 2.774372
25 37 106.666664
25 7 5.6416373
25 27 1.0349561
25 16 1.3161916
26 32 21.846073
26 28 0.0433663
26 10 0.04240853
26 24 0.06854008
26 31 0.06028557
26 12 0.5902655
26 17 1.9359524
27 0 2000.0
27 30 0.5749303
27 8 3.0758412
27 18 2.926575
27 13 0.20597838
27 33 1.8787125
27 11 0.9293256
27 29 0.2618573
27 5 4.28015
27 34 2.802688
27 20 0.5230823
27 2 2.2093544
27 14 4.551719
27 37 13.118467
27 7 180.00002
27 16 1.3150225
27 25 1.0349561
28 36 0.035023037
28 26 0.0433663
28 10 0.6552609
28 3 0.08940147
28 12 5.8460107
28 9 11.1445265
29 0 3.6027482
29 30 2.8871129
29 8 0.86101216
29 18 1.0407025
29 13 2.6685562
29 11 2.3042688
29 5 1.0713319
29 34 14.219058
29 20 1.8581442
29 2 0.9149197
29 37 1.1433746
29 27 0.2618573
29 16 800.0
29 23 3.419476
29 25 5.94951
30 0 2000.0
30 8 0.7278214
30 18 0.73136556
30 13 6.27885
30 33 10.938414
30 11 2.3701625
30 29 2.8871129
30 5 0.6576271
30 34 2.717188
30 20 9.647857
30 2 25.097818
30 14 2000.0
30 37 8.857409
30 7 1.055488
30 27 0.5749303
30 16 1.1205776
30 23 1.2069688
30 25 4.7640142
31 26 0.06028557
31 6 1.0495325
31 10 0.030943988
31 24 8.234291
31 9 0.029470371
31 17 1.175331
31 4 0.06801957
31 19 0.07835743
32 26 21.846073
32 24 0.08723592
32 12 0.5502386
32 15 0.06770408
33 34 2000.0
33 30 10.938414
33 20 2.4434454
33 2 1.2425454
33 14 0.38912135
33 7 2000.0
33 13 0.87481064
33 27 1.8787125
33 16 2000.0
33 11 4.0838118
33 29 2000.0
33 25 1.3441477
34 30 2.717188
34 20 1.4707631
34 8 16.9391
34 7 17.052107
34 13 10.551147
34 27 2.802688
34 16 2000.0
34 11 5.275023
34 25 7.265552
34 29 14.219058
34 5 7.13173
35 21 0.05261017
36 26 2000.0
36 28 0.035023037
36 3 0.59833914
36 9 1.5842332
37 30 8.857409
37 0 2.5454934
37 8 2.0868492
37 18 1.2153093
37 13 3.0159407
37 11 2.7421658
37 29 1.1433746
37 20 6.756448
37 2 1.0584829
37 7 48.12801
37 27 13.118467
37 16 1769.4967
37 23 10.29459
37 25 106.666664
