0 8 11.589949
0 2 1.4020883
0 37 0.779795
0 13 0.7788801
0 11 36.507164
0 29 8.173316
0 25 2000.0
1 3 0.25417417
1 12 1202.159
2 30 14.423893
2 0 1.4020883
2 8 1.1680433
2 18 6.5835953
2 13 0.24928488
2 33 2.3591652
2 11 0.6934989
2 29 0.7609142
2 20 3.818222
2 37 0.9363286
2 27 0.40363935
2 23 14.896677
2 25 0.92135894
3 36 0.18784966
3 28 0.12234238
3 24 280.4442
3 12 0.059577037
3 1 0.25417417
3 9 0.36066437
4 31 0.0940541
4 9 0.06826707
4 17 0.110626005
4 19 0.09107705
5 30 1.2244382
5 8 0.5837929
5 18 1.2510614
5 13 2000.0
5 11 2.2768922
5 29 3.0847726
5 34 6.9868875
5 20 2.7338288
5 37 2000.0
5 7 8.90996
5 27 1.9967833
5 16 1.7781126
5 23 3.9492507
6 22 200.16539
6 31 1.2025974
6 17 0.8124312
7 34 10.740398
7 30 1.2736465
7 20 2.1011832
7 8 59.52381
7 37 15.773462
7 16 1.3025835
7 11 6.719229
7 23 1.3086923
7 25 4.0724816
7 5 8.90996
8 0 11.589949
8 30 0.7316998
8 18 1.1532595
8 13 3.33495
8 11 0.34524643
8 29 1.0720497
8 5 0.5837929
8 34 3.0676377
8 2 1.1680433
8 37 0.7534112
8 7 59.52381
8 27 0.9597089
8 16 1.1921437
8 23 0.957679
9 36 0.6453493
9 26 2000.0
9 28 1.6266981
9 10 3.86024
9 22 0.43432382
9 31 0.029407991
9 3 0.36066437
9 17 0.043172188
9 4 0.06826707
9 19 0.06607462
10 26 0.03385655
10 28 0.21289985
10 24 0.048427597
10 31 0.051164307
10 12 4.117955
10 9 3.86024
10 17 0.041651394
11 0 36.507164
11 30 0.3817822
11 8 0.34524643
11 18 5.1277404
11 13 0.43720615
11 33 2.3357491
11 29 0.49571022
11 5 2.2768922
11 34 1.8350601
11 20 0.93471956
11 2 0.6934989
11 37 1.1130885
11 7 6.719229
11 27 0.44310072
11 16 0.7951057
11 25 1.0149404
12 26 1.0103073
12 28 5.086379
12 32 0.26947466
12 10 4.117955
12 24 0.06407829
12 21 0.0699047
12 3 0.059577037
13 30 2.3746996
13 0 0.7788801
13 8 3.33495
13 18 327.27274
13 33 0.9656998
13 11 0.43720615
13 29 0.9558197
13 34 8.3648205
13 20 0.72762007
13 2 0.24928488
13 14 2.607774
13 37 1.5165861
13 27 0.24534228
13 16 157.36038
13 25 0.6757241
14 20 1.3369337
14 13 2.607774
14 33 0.42349958
14 27 2.6755338
14 11 2000.0
14 25 1.3028255
15 32 0.07142595
15 21 0.97388554
16 0 2000.0
16 30 1.0850166
16 8 1.1921437
16 18 0.7541201
16 13 157.36038
16 11 0.7951057
16 29 21.621506
16 5 1.7781126
16 20 12.51124
16 37 18.595633
16 7 1.3025835
16 27 1.3179122
16 23 7.3864446
16 25 1.0849062
17 26 1.7945521
17 6 0.8124312
17 10 0.041651394
17 24 0.25388056
17 31 1.4528409
17 9 0.043172188
17 4 0.110626005
17 19 2.8787055
18 30 0.7293614
18 0 2000.0
18 8 1.1532595
18 13 327.27274
18 11 5.1277404
18 29 1.2958058
18 5 1.2510614
18 2 6.5835953
18 37 0.9795825
18 7 2000.0
18 27 5.952883
18 16 0.7541201
18 23 1.425505
19 31 0.06507567
19 9 0.06607462
19 17 2.8787055
19 4 0.09107705
20 30 17.329239
20 13 0.72762007
20 33 1.3570414
20 11 0.93471956
20 29 10.934659
20 5 2.7338288
20 34 0.8219313
20 2 3.818222
20 14 1.3369337
20 37 1.3753335
20 7 2.1011832
20 27 0.98805577
20 16 12.51124
20 25 0.5316049
21 32 2000.0
21 24 0.29612976
21 35 0.04514147
21 12 0.0699047
21 15 0.97388554
22 6 200.16539
22 31 1207.8978
22 9 0.43432382
22 19 1394.0342
23 0 2000.0
23 30 0.94654804
23 2 14.896677
23 8 0.957679
23 37 1.1189654
23 18 1.425505
23 7 1.3086923
23 16 7.3864446
23 11 2000.0
23 29 1.9310478
23 5 3.9492507
24 26 0.05377721
24 32 0.094360344
24 10 0.048427597
24 21 0.29612976
24 31 8.562345
24 12 0.06407829
24 3 280.4442
24 15 2000.0
24 17 0.25388056
25 30 1.1270454
25 13 0.6757241
25 33 0.30825388
25 11 1.0149404
25 29 4.113991
25 34 1.2932675
25 20 0.5316049
25 2 0.92135894
25 14 1.3028255
25 37 29.005346
25 7 4.0724816
25 27 0.6792485
25 16 1.0849062
26 36 150.0
26 32 10.023011
26 28 0.031453475
26 10 0.03385655
26 24 0.05377721
26 31 0.07208018
26 12 1.0103073
26 17 1.7945521
27 0 2000.0
27 30 0.22608726
27 8 0.9597089
27 18 5.952883
27 13 0.24534228
27 33 1.7243181
27 11 0.44310072
27 29 0.4412438
27 5 1.9967833
27 34 0.98475194
27 20 0.98805577
27 2 0.40363935
27 14 2.6755338
27 37 0.6011673
27 7 3437.4434
27 16 1.3179122
27 25 0.6792485
28 36 0.03162258
28 26 0.031453475
28 10 0.21289985
28 3 0.12234238
28 12 5.086379
28 9 1.6266981
29 0 8.173316
29 30 4.7281213
29 8 1.0720497
29 18 1.2958058
29 13 0.9558197
29 11 0.49571022
29 5 3.0847726
29 34 6.7001524
29 20 10.934659
29 2 0.7609142
29 37 0.92904246
29 7 2000.0
29 27 0.4412438
29 16 21.621506
29 23 1.9310478
29 25 4.113991
30 0 2000.0
30 8 0.7316998
30 18 0.7293614
30 13 2.3746996
30 33 4.5329766
30 11 0.3817822
30 29 4.7281213
30 5 1.2244382
30 34 2.0125704
30 20 17.329239
30 2 14.423893
30 14 2000.0
30 37 7.672954
30 7 1.2736465
30 27 0.22608726
30 16 1.0850166
30 23 0.94654804
30 25 1.1270454
31 26 0.07208018
31 6 1.2025974
31 10 0.051164307
31 24 8.562345
31 9 0.029407991
31 17 1.4528409
31 4 0.0940541
31 19 0.06507567
32 26 10.023011
32 24 0.094360344
32 12 0.26947466
32 15 0.07142595
33 30 4.5329766
33 8 2000.0
33 13 0.9656998
33 11 2.3357491
33 29 1421.591
33 34 2000.0
33 20 1.3570414
33 2 2.3591652
33 14 0.42349958
33 7 2000.0
33 27 1.7243181
33 16 2000.0
33 25 0.30825388
34 30 2.0125704
34 20 0.8219313
34 8 3.0676377
34 13 8.3648205
34 7 10.740398
34 27 0.98475194
34 16 5535.0566
34 11 1.8350601
34 25 1.2932675
34 29 6.7001524
34 5 6.9868875
35 21 0.04514147
36 26 150.0
36 28 0.03162258
36 3 0.18784966
36 9 0.6453493
37 30 7.672954
37 0 0.779795
37 8 0.7534112
37 18 0.9795825
37 13 1.5165861
37 11 1.1130885
37 29 0.92904246
37 20 1.3753335
37 2 0.9363286
37 7 15.773462
37 27 0.6011673
37 16 18.595633
37 23 1.1189654
37 25 29.005346
