0 2 1.1557469
0 37 2.7791824
0 13 2.2368624
0 29 33.097633
0 25 34.848484
1 3 1.1733506
1 12 68.925
2 30 9.2482
2 0 1.1557469
2 8 2.3253086
2 18 2.6946554
2 13 0.5368869
2 33 2.9223554
2 11 2.0238173
2 29 1.3102107
2 20 3.5691724
2 37 0.8877119
2 27 0.8202544
2 16 2000.0
2 23 18.894156
2 25 0.47413322
3 36 0.4704179
3 28 8.647727
3 24 133.33334
3 12 0.06767779
3 1 1.1733506
3 9 0.31563783
4 31 0.07433837
4 9 0.10628013
4 17 0.21939273
4 19 0.06868585
5 30 0.76097846
5 8 2.1740742
5 18 0.77239037
5 13 42.98111
5 11 1.8996412
5 29 8.688722
5 34 1.4100808
5 20 4.2425504
5 37 22.6366
5 7 11.732025
5 27 5.5231667
5 16 2.273001
5 23 4.9107656
5 25 2000.0
6 31 0.121634774
6 17 3.641663
7 30 0.93360114
7 20 165.1107
7 8 9.085042
7 16 1.2813033
7 23 1.4029781
7 11 96.62814
7 25 2.9362824
7 5 11.732025
8 0 2000.0
8 30 0.922599
8 18 1.3192017
8 13 1.8595994
8 11 1.5436423
8 29 2.8253503
8 5 2.1740742
8 34 19.522516
8 2 2.3253086
8 37 0.9974587
8 7 9.085042
8 27 5.648252
8 16 2.180018
8 23 1.8256849
8 25 2000.0
9 36 0.7891877
9 28 2.363098
9 10 55.384624
9 22 0.059319776
9 31 0.030602502
9 12 2000.0
9 3 0.31563783
9 4 0.10628013
9 17 0.036509458
9 19 0.053137466
10 26 0.029985337
10 28 0.22112297
10 24 0.09524683
10 31 13.405079
10 12 1117.7273
10 9 55.384624
10 17 0.03716926
11 0 2000.0
11 30 1.7004263
11 8 1.5436423
11 18 23.346233
11 13 1.1752899
11 33 3.6969433
11 29 1.5505352
11 5 1.8996412
11 34 3.97938
11 20 2.2220392
11 2 2.0238173
11 37 2.2463977
11 7 96.62814
11 27 0.9112153
11 16 1.2424784
11 25 0.8126734
12 26 0.8346285
12 32 8.057705
12 24 0.068355896
12 21 0.1146108
12 3 0.06767779
12 1 68.925
13 30 86.91011
13 0 2.2368624
13 8 1.8595994
13 18 118.09454
13 33 1.0254303
13 11 1.1752899
13 29 1.136695
13 5 42.98111
13 34 209.76498
13 20 1.3847728
13 2 0.5368869
13 14 2.004033
13 37 1.1162834
13 7 2000.0
13 27 0.8473646
13 16 78.10911
13 25 0.2439579
14 30 14.332941
14 20 3.3655849
14 13 2.004033
14 27 1.6332057
14 33 0.37830484
14 25 1.7997893
15 32 0.08457172
15 21 9.198548
16 30 1.256483
16 0 2000.0
16 8 2.180018
16 18 1.4023468
16 13 78.10911
16 11 1.2424784
16 29 168.09995
16 5 2.273001
16 34 21.3463
16 20 260.6179
16 7 1.2813033
16 27 1.6161526
16 23 4.4273114
16 25 1.3418677
17 6 3.641663
17 26 1.4310646
17 10 0.03716926
17 24 0.109775305
17 31 0.9988916
17 9 0.036509458
17 4 0.21939273
17 19 133.33334
18 0 2000.0
18 30 0.6569666
18 8 1.3192017
18 13 118.09454
18 11 23.346233
18 29 1.6276971
18 5 0.77239037
18 2 2.6946554
18 37 2.3849514
18 7 2000.0
18 27 60.576233
18 16 1.4023468
18 23 1.3991637
19 31 0.08017385
19 9 0.053137466
19 4 0.06868585
19 17 133.33334
20 0 2000.0
20 30 2.4798515
20 8 2000.0
20 13 1.3847728
20 33 1.7174088
20 11 2.2220392
20 29 29.492987
20 5 4.2425504
20 34 1.2399555
20 2 3.5691724
20 14 3.3655849
20 37 25.019432
20 7 165.1107
20 27 3.1853337
20 16 260.6179
20 25 0.7290351
21 26 2000.0
21 32 2000.0
21 24 1.135042
21 35 0.035028365
21 31 2000.0
21 12 0.1146108
21 15 9.198548
21 4 2000.0
22 31 69.98243
22 9 0.059319776
22 19 2000.0
23 0 2000.0
23 30 3.5332954
23 8 1.8256849
23 2 18.894156
23 37 2.4055946
23 18 1.3991637
23 7 1.4029781
23 16 4.4273114
23 11 2000.0
23 29 1.8880546
23 5 4.9107656
24 26 0.06040447
24 32 0.2767195
24 10 0.09524683
24 21 1.135042
24 31 2000.0
24 12 0.068355896
24 3 133.33334
24 17 0.109775305
25 30 8.133316
25 0 34.848484
25 13 0.2439579
25 33 0.63391954
25 11 0.8126734
25 29 4.7052
25 34 9.70499
25 20 0.7290351
25 2 0.47413322
25 14 1.7997893
25 37 93.34528
25 7 2.9362824
25 27 0.2273674
25 16 1.3418677
26 32 1106.0796
26 28 0.05118371
26 10 0.029985337
26 24 0.06040447
26 31 0.3274196
26 12 0.8346285
26 17 1.4310646
27 30 0.36981234
27 0 2000.0
27 8 5.648252
27 18 60.576233
27 13 0.8473646
27 33 0.78875214
27 11 0.9112153
27 29 2.4395638
27 5 5.5231667
27 34 0.8834091
27 20 3.1853337
27 2 0.8202544
27 14 1.6332057
27 37 1.284243
27 7 2000.0
27 16 1.6161526
27 25 0.2273674
28 36 0.046525575
28 26 0.05118371
28 10 0.22112297
28 3 8.647727
28 12 1216.1364
28 9 2.363098
28 19 1372.6704
29 0 33.097633
29 30 2.2940774
29 8 2.8253503
29 18 1.6276971
29 13 1.136695
29 33 25.871498
29 11 1.5505352
29 5 8.688722
29 34 4.1177855
29 20 29.492987
29 2 1.3102107
29 37 1.0726995
29 27 2.4395638
29 16 168.09995
29 23 1.8880546
29 25 4.7052
30 8 0.922599
30 18 0.6569666
30 13 86.91011
30 33 10.567065
30 11 1.7004263
30 29 2.2940774
30 5 0.76097846
30 34 1.1740643
30 20 2.4798515
30 2 9.2482
30 14 14.332941
30 37 12.745948
30 7 0.93360114
30 27 0.36981234
30 16 1.256483
30 23 3.5332954
30 25 8.133316
31 26 0.3274196
31 6 0.121634774
31 10 13.405079
31 22 69.98243
31 9 0.030602502
31 4 0.07433837
31 17 0.9988916
31 19 0.08017385
32 24 0.2767195
32 12 8.057705
32 15 0.08457172
33 30 10.567065
33 8 2000.0
33 13 1.0254303
33 11 3.6969433
33 29 25.871498
33 5 2000.0
33 34 2000.0
33 20 1.7174088
33 2 2.9223554
33 14 0.37830484
33 7 2000.0
33 27 0.78875214
33 16 3017.898
33 25 0.63391954
34 30 1.1740643
34 20 1.2399555
34 8 19.522516
34 37 2000.0
34 7 2000.0
34 13 209.76498
34 27 0.8834091
34 16 21.3463
34 11 3.97938
34 29 4.1177855
34 25 9.70499
34 5 1.4100808
35 21 0.035028365
35 31 677.7273
36 28 0.046525575
36 3 0.4704179
36 9 0.7891877
37 30 12.745948
37 0 2.7791824
37 8 0.9974587
37 18 2.3849514
37 13 1.1162834
37 11 2.2463977
37 29 1.0726995
37 5 22.6366
37 20 25.019432
37 2 0.8877119
37 7 3890.4546
37 27 1.284243
37 16 2000.0
37 23 2.4055946
37 25 93.34528
