0 8 5.385379
0 2 1.3111477
0 37 0.748914
0 13 0.69813216
0 11 36.184994
0 29 21.850906
1 3 0.20709962
1 12 1202.159
2 30 15.213054
2 0 1.3111477
2 8 1.1821126
2 18 5.9152055
2 13 0.33250746
2 33 1.9025992
2 11 0.90570176
2 29 1.2990092
2 20 3.5542164
2 37 1.0077431
2 27 0.36121505
2 16 2000.0
2 23 2000.0
2 25 2.1521158
3 36 0.24312203
3 28 0.09982368
3 24 423.52942
3 12 0.06939709
3 1 0.20709962
3 9 0.38912618
4 31 0.084269166
4 9 0.075502984
4 17 0.08513785
4 19 0.083181106
5 30 0.47355545
5 8 0.6798387
5 18 0.34633398
5 13 382.8369
5 11 3.7659693
5 29 2.7911036
5 34 1.5827643
5 20 4.4802175
5 37 2000.0
5 7 3.7896976
5 27 3.7268639
5 16 1.7168392
5 23 4.224496
6 22 1701.0039
6 31 0.4246645
6 17 0.7838137
7 34 6.2706184
7 30 1.340646
7 20 1.7016661
7 8 47.058823
7 37 14.91731
7 27 2000.0
7 16 0.8115337
7 11 9.265245
7 23 1.0502957
7 25 5.337224
7 5 3.7896976
8 0 5.385379
8 30 1.5647908
8 18 0.9669686
8 13 6.0408244
8 11 4.220564
8 29 1.3983606
8 5 0.6798387
8 34 5.56607
8 2 1.1821126
8 37 1.1661503
8 7 47.058823
8 27 2.4914
8 16 1.3615501
8 23 1.1444212
9 36 1.8404889
9 26 2000.0
9 28 3.2463288
9 10 2.8907843
9 22 0.31858945
9 31 0.034438238
9 3 0.38912618
9 17 0.41031396
9 4 0.075502984
9 19 0.069886364
10 26 0.11022661
10 28 0.4263167
10 24 0.3215337
10 31 0.063753925
10 12 7.6074038
10 9 2.8907843
10 17 0.032154143
11 0 36.184994
11 30 1.2044542
11 8 4.220564
11 18 5.3793287
11 13 1.0133498
11 33 1.9848696
11 29 1.1561823
11 5 3.7659693
11 34 2.3498137
11 20 3.1841643
11 2 0.90570176
11 37 1.1068989
11 7 9.265245
11 27 0.90781134
11 16 0.8470567
11 25 1.5740064
12 26 1.0175923
12 28 3.5442367
12 32 0.21679959
12 10 7.6074038
12 24 0.07649192
12 21 0.13772355
12 3 0.06939709
13 30 4.945405
13 0 0.69813216
13 8 6.0408244
13 18 233.85367
13 33 0.9691986
13 11 1.0133498
13 29 1.1574821
13 5 382.8369
13 34 8.811131
13 20 1.1286387
13 2 0.33250746
13 14 8.242107
13 37 1.82801
13 27 0.8984136
13 16 129.11223
13 25 0.6592867
14 20 0.9994663
14 13 8.242107
14 27 4.4236116
14 33 0.4520292
14 11 2000.0
14 25 1.9270408
15 32 0.07135179
15 24 266.6667
15 21 0.7603607
16 30 1.1401291
16 0 2000.0
16 8 1.3615501
16 18 0.92970943
16 13 129.11223
16 11 0.8470567
16 29 47.093052
16 5 1.7168392
16 20 5.3863945
16 37 12.262627
16 7 0.8115337
16 27 1.5224229
16 23 3.5681152
16 25 1.7061962
17 26 2.034518
17 6 0.7838137
17 10 0.032154143
17 24 0.2140374
17 31 1.2281193
17 9 0.41031396
17 4 0.08513785
17 19 3.5556676
18 30 0.70296204
18 2 5.9152055
18 8 0.9669686
18 37 1.2260194
18 7 2000.0
18 13 233.85367
18 27 6.0548577
18 16 0.92970943
18 23 1.0830144
18 11 5.3793287
18 29 1.0705358
18 5 0.34633398
19 31 0.0888509
19 9 0.069886364
19 17 3.5556676
19 4 0.083181106
20 30 18.302877
20 13 1.1286387
20 33 1.6539217
20 11 3.1841643
20 29 11.104726
20 5 4.4802175
20 34 0.7530086
20 2 3.5542164
20 14 0.9994663
20 37 1.8026601
20 7 1.7016661
20 27 0.8146862
20 16 5.3863945
20 25 0.77335316
21 32 2000.0
21 24 0.3834826
21 35 0.03209729
21 12 0.13772355
21 15 0.7603607
22 6 1701.0039
22 31 1181.1932
22 9 0.31858945
22 19 1288.409
23 0 2000.0
23 30 1.7260072
23 2 2000.0
23 8 1.1444212
23 37 1.1900645
23 18 1.0830144
23 7 1.0502957
23 16 3.5681152
23 11 2000.0
23 29 1.4338746
23 5 4.224496
24 26 0.0790555
24 32 0.10639437
24 10 0.3215337
24 21 0.3834826
24 31 2.3378158
24 12 0.07649192
24 3 423.52942
24 15 266.6667
24 17 0.2140374
25 30 10.012999
25 13 0.6592867
25 33 0.28156656
25 11 1.5740064
25 29 2.1215892
25 34 1.6758184
25 20 0.77335316
25 2 2.1521158
25 14 1.9270408
25 37 37.92341
25 7 5.337224
25 27 0.81791043
25 16 1.7061962
26 36 158.34421
26 32 144.99571
26 28 0.06372982
26 10 0.11022661
26 24 0.0790555
26 31 0.061212897
26 12 1.0175923
26 17 2.034518
27 0 2000.0
27 30 0.60488886
27 8 2.4914
27 18 6.0548577
27 13 0.8984136
27 33 1.1022512
27 11 0.90781134
27 29 0.36270744
27 5 3.7268639
27 34 0.6845862
27 20 0.8146862
27 2 0.36121505
27 14 4.4236116
27 37 0.8806372
27 7 2000.0
27 16 1.5224229
27 25 0.81791043
28 36 0.048779976
28 26 0.06372982
28 10 0.4263167
28 3 0.09982368
28 12 3.5442367
28 9 3.2463288
29 0 21.850906
29 30 5.8339376
29 8 1.3983606
29 18 1.0705358
29 13 1.1574821
29 11 1.1561823
29 5 2.7911036
29 34 15.27139
29 20 11.104726
29 2 1.2990092
29 37 1.4910487
29 7 2000.0
29 27 0.36270744
29 16 47.093052
29 23 1.4338746
29 25 2.1215892
30 0 2000.0
30 8 1.5647908
30 18 0.70296204
30 13 4.945405
30 33 2.3835516
30 11 1.2044542
30 29 5.8339376
30 5 0.47355545
30 34 0.66867167
30 20 18.302877
30 2 15.213054
30 37 4.525227
30 7 1.340646
30 27 0.60488886
30 16 1.1401291
30 23 1.7260072
30 25 10.012999
31 26 0.061212897
31 6 0.4246645
31 10 0.063753925
31 24 2.3378158
31 9 0.034438238
31 17 1.2281193
31 4 0.084269166
31 19 0.0888509
32 26 144.99571
32 24 0.10639437
32 12 0.21679959
32 15 0.07135179
33 34 2000.0
33 30 2.3835516
33 20 1.6539217
33 2 1.9025992
33 14 0.4520292
33 7 2000.0
33 13 0.9691986
33 27 1.1022512
33 16 1249.4886
33 11 1.9848696
33 29 8077.4434
33 25 0.28156656
34 30 0.66867167
34 20 0.7530086
34 8 5.56607
34 13 8.811131
34 7 6.2706184
34 27 0.6845862
34 16 1215.0568
34 11 2.3498137
34 25 1.6758184
34 29 15.27139
34 5 1.5827643
35 21 0.03209729
36 26 158.34421
36 28 0.048779976
36 3 0.24312203
36 9 1.8404889
37 30 4.525227
37 0 0.748914
37 8 1.1661503
37 18 1.2260194
37 13 1.82801
37 11 1.1068989
37 29 1.4910487
37 20 1.8026601
37 2 1.0077431
37 7 14.91731
37 27 0.8806372
37 16 12.262627
37 23 1.1900645
37 25 37.92341
