0 8 18.914312
0 2 1.1680219
0 37 1.4026842
0 13 0.96617687
0 11 42.902958
0 29 14.3770075
0 25 2000.0
1 3 0.37962386
1 12 37.62016
2 30 8.895206
2 0 1.1680219
2 8 2.2729177
2 18 6.9943247
2 13 0.7782935
2 33 3.293495
2 11 1.4732372
2 29 1.1439708
2 20 3.8186488
2 37 0.91742766
2 27 1.1708002
2 23 48.96006
2 25 2.011993
3 36 0.25068998
3 28 0.09792663
3 24 206.6932
3 12 0.05943347
3 1 0.37962386
3 9 0.31855443
4 31 0.080397725
4 9 0.08949134
4 17 0.07509564
4 19 0.0933675
5 30 0.99906254
5 8 0.9889829
5 18 0.35040292
5 13 2000.0
5 11 3.6217465
5 29 2.1903036
5 34 3.2533154
5 20 1.92862
5 37 2000.0
5 7 6.2457757
5 27 3.4089031
5 16 1.816181
5 23 4.9260798
6 31 1.5942719
6 17 1.7643865
7 34 10.722759
7 30 0.76819557
7 20 1.6042628
7 8 35.227596
7 37 19.21711
7 27 410.35754
7 16 1.1785535
7 11 5.717893
7 23 1.1649778
7 25 9.419986
7 5 6.2457757
8 0 18.914312
8 30 0.7957251
8 18 0.913279
8 13 3.4772425
8 11 0.43598184
8 29 1.0082691
8 5 0.9889829
8 34 7.1496906
8 2 2.2729177
8 37 1.2110279
8 7 35.227596
8 27 2.3988755
8 16 1.1859523
8 23 1.019952
9 36 1.2691365
9 26 2000.0
9 28 4.2214036
9 10 2.6474562
9 22 0.6296778
9 31 0.034860976
9 3 0.31855443
9 17 0.0474851
9 4 0.08949134
9 19 0.06759531
10 26 0.034961276
10 28 0.19845963
10 24 0.06927229
10 31 0.030458272
10 12 17.613443
10 9 2.6474562
10 17 0.036922656
11 0 42.902958
11 30 0.46301705
11 8 0.43598184
11 18 2.7307515
11 13 0.79175323
11 33 2.5883765
11 29 0.77764934
11 5 3.6217465
11 34 2.2695978
11 20 1.0100242
11 2 1.4732372
11 37 1.1647483
11 7 5.717893
11 27 0.36790788
11 16 0.685331
11 25 1.3187246
12 26 1.6048881
12 28 5.8365564
12 32 0.30275744
12 10 17.613443
12 24 0.07773266
12 21 0.10040983
12 3 0.05943347
12 1 37.62016
13 30 2.0198233
13 0 0.96617687
13 8 3.4772425
13 18 890.9091
13 33 0.75319815
13 11 0.79175323
13 29 0.9111113
13 34 4.734956
13 20 0.5563417
13 2 0.7782935
13 14 2.7041297
13 37 1.9840703
13 27 0.19338842
13 16 294.37866
13 25 0.63126624
14 30 2000.0
14 20 0.73736364
14 13 2.7041297
14 33 0.42121005
14 27 2.8821027
14 11 2000.0
14 25 2.215766
15 32 0.07330177
15 21 1.7813445
16 0 2000.0
16 30 1.2685677
16 8 1.1859523
16 18 1.0186276
16 13 294.37866
16 11 0.685331
16 29 56.157673
16 5 1.816181
16 20 6.656572
16 37 31.641424
16 7 1.1785535
16 27 1.4195229
16 23 6.0411577
16 25 1.2528526
17 26 2.0753903
17 6 1.7643865
17 10 0.036922656
17 24 0.34221765
17 31 1.8304043
17 9 0.0474851
17 4 0.07509564
17 19 1.5928348
18 30 0.6657485
18 0 2000.0
18 8 0.913279
18 13 890.9091
18 11 2.7307515
18 29 0.8519059
18 5 0.35040292
18 2 6.9943247
18 37 1.0359868
18 7 2000.0
18 27 3.0393102
18 16 1.0186276
18 23 1.4962705
19 31 0.07481727
19 9 0.06759531
19 17 1.5928348
19 4 0.0933675
20 30 16.894773
20 13 0.5563417
20 33 0.93570006
20 11 1.0100242
20 29 2.8858511
20 5 1.92862
20 34 0.84324056
20 2 3.8186488
20 14 0.73736364
20 37 2.537513
20 7 1.6042628
20 27 0.46025068
20 16 6.656572
20 25 0.47245592
21 24 0.10500771
21 35 0.0769779
21 12 0.10040983
21 15 1.7813445
22 6 1140.4546
22 31 1199.8864
22 9 0.6296778
22 19 1329.8296
23 0 2000.0
23 30 1.2241297
23 2 48.96006
23 8 1.019952
23 37 3.3167665
23 18 1.4962705
23 7 1.1649778
23 16 6.0411577
23 11 2000.0
23 29 2.0995092
23 5 4.9260798
24 26 0.056655377
24 32 0.12019791
24 10 0.06927229
24 21 0.10500771
24 31 16.430353
24 12 0.07773266
24 3 206.6932
24 15 2000.0
24 17 0.34221765
25 0 2000.0
25 30 2.961881
25 13 0.63126624
25 33 0.39683583
25 11 1.3187246
25 29 4.168528
25 34 2.6580822
25 20 0.47245592
25 2 2.011993
25 14 2.215766
25 37 39.164352
25 7 9.419986
25 27 1.045902
25 16 1.2528526
26 36 86.110535
26 32 88.19438
26 28 0.03866669
26 10 0.034961276
26 24 0.056655377
26 31 0.07128912
26 12 1.6048881
26 17 2.0753903
27 0 2000.0
27 30 0.29093206
27 8 2.3988755
27 18 3.0393102
27 13 0.19338842
27 33 1.3967475
27 11 0.36790788
27 29 0.4492115
27 5 3.4089031
27 34 1.549777
27 20 0.46025068
27 2 1.1708002
27 14 2.8821027
27 37 1.3172288
27 7 410.35754
27 16 1.4195229
27 25 1.045902
28 36 0.046833087
28 26 0.03866669
28 10 0.19845963
28 3 0.09792663
28 12 5.8365564
28 9 4.2214036
29 0 14.3770075
29 30 9.180712
29 8 1.0082691
29 18 0.8519059
29 13 0.9111113
29 11 0.77764934
29 5 2.1903036
29 34 4.142955
29 20 2.8858511
29 2 1.1439708
29 37 0.89636564
29 7 2000.0
29 27 0.4492115
29 16 56.157673
29 23 2.0995092
29 25 4.168528
30 0 2000.0
30 8 0.7957251
30 18 0.6657485
30 13 2.0198233
30 33 4.291468
30 11 0.46301705
30 29 9.180712
30 5 0.99906254
30 34 1.6238925
30 20 16.894773
30 2 8.895206
30 14 2000.0
30 37 7.2400875
30 7 0.76819557
30 27 0.29093206
30 16 1.2685677
30 23 1.2241297
30 25 2.961881
31 26 0.07128912
31 6 1.5942719
31 10 0.030458272
31 24 16.430353
31 9 0.034860976
31 17 1.8304043
31 4 0.080397725
31 19 0.07481727
32 26 88.19438
32 24 0.12019791
32 12 0.30275744
32 15 0.07330177
33 30 4.291468
33 13 0.75319815
33 11 2.5883765
33 29 3275.3408
33 5 2000.0
33 34 2000.0
33 20 0.93570006
33 2 3.293495
33 14 0.42121005
33 7 2000.0
33 27 1.3967475
33 16 1998.8635
33 25 0.39683583
34 30 1.6238925
34 20 0.84324056
34 8 7.1496906
34 7 10.722759
34 13 4.734956
34 27 1.549777
34 16 5535.0566
34 11 2.2695978
34 25 2.6580822
34 29 4.142955
34 5 3.2533154
35 21 0.0769779
36 26 86.110535
36 28 0.046833087
36 3 0.25068998
36 9 1.2691365
37 30 7.2400875
37 0 1.4026842
37 8 1.2110279
37 18 1.0359868
37 13 1.9840703
37 11 1.1647483
37 29 0.89636564
37 20 2.537513
37 2 0.91742766
37 7 19.21711
37 27 1.3172288
37 16 31.641424
37 23 3.3167665
37 25 39.164352
