0 2 1.1651785
0 37 4.2759714
0 13 1.141785
0 29 34.87354
0 25 18.76219
1 3 0.8318966
1 12 1340.284
2 30 13.053229
2 0 1.1651785
2 8 1.2363511
2 18 3.3152268
2 13 0.64552075
2 33 2.706264
2 11 1.5275208
2 29 1.0824844
2 20 3.7726753
2 37 0.93100303
2 27 1.7977322
2 16 2000.0
2 23 6.375183
2 25 0.7247334
3 36 0.23264462
3 28 24.51214
3 24 2000.0
3 12 0.073193595
3 1 0.8318966
3 9 0.28319672
4 31 0.06481236
4 9 0.062163454
4 17 0.14515346
4 19 0.08065477
5 30 0.57975364
5 8 0.49637783
5 18 0.7654453
5 13 13.327133
5 11 2.534545
5 29 6.963951
5 34 2.1752675
5 20 1.3950046
5 37 13.844639
5 7 10.386029
5 27 1.0435627
5 16 1.1369253
5 23 3.1491454
5 25 2000.0
6 31 0.3376833
6 17 2.0406537
7 30 0.8904857
7 20 57.142857
7 8 4.3007207
7 16 1.2486898
7 23 1.2807379
7 11 156.08766
7 25 3.0988288
7 5 10.386029
8 0 2000.0
8 30 0.4652746
8 18 1.2871114
8 13 0.8748035
8 11 0.8793914
8 29 0.9607911
8 5 0.49637783
8 34 71.570404
8 2 1.2363511
8 37 0.897109
8 7 4.3007207
8 27 1.1778604
8 16 1.5458025
8 23 1.4142866
8 25 2000.0
9 36 0.599758
9 26 2000.0
9 28 1.9213842
9 10 18.07318
9 22 0.061320163
9 31 0.031415675
9 12 2000.0
9 3 0.28319672
9 4 0.062163454
9 17 0.077359535
9 19 0.06747874
10 26 0.030877423
10 28 0.32530266
10 24 0.17980587
10 31 15.505598
10 12 1301.0228
10 9 18.07318
10 17 0.05967532
11 0 2000.0
11 30 0.7873041
11 8 0.8793914
11 18 11.546358
11 13 1.2408105
11 33 2.0999758
11 29 1.1710042
11 5 2.534545
11 34 3.5601988
11 20 4.0089264
11 2 1.5275208
11 37 1.6608045
11 7 156.08766
11 27 0.65523994
11 16 1.1038498
11 25 1.3303145
12 26 0.90974975
12 32 7.1499367
12 24 0.17579098
12 21 0.14175646
12 3 0.073193595
13 30 26.208584
13 0 1.141785
13 8 0.8748035
13 33 1.0526497
13 11 1.2408105
13 29 0.8267619
13 5 13.327133
13 34 266.6667
13 20 1.5751668
13 2 0.64552075
13 14 6.002988
13 37 1.2841636
13 7 2000.0
13 27 0.6257277
13 16 49.609646
13 25 0.29899386
14 30 7.856143
14 20 1.5649674
14 13 6.002988
14 27 4.6755295
14 33 0.5343639
14 25 2.0056906
15 32 0.071656115
15 21 16.842274
16 30 1.1053138
16 0 2000.0
16 8 1.5458025
16 18 1.5043885
16 13 49.609646
16 11 1.1038498
16 5 1.1369253
16 34 26.878134
16 20 28.373623
16 7 1.2486898
16 27 1.5010741
16 23 2.6669085
16 25 1.2538285
17 6 2.0406537
17 26 1.8488054
17 10 0.05967532
17 24 0.16537029
17 31 0.9887243
17 9 0.077359535
17 4 0.14515346
17 19 1441.7614
18 0 2000.0
18 30 0.7437293
18 8 1.2871114
18 13 2000.0
18 11 11.546358
18 29 0.9760645
18 5 0.7654453
18 2 3.3152268
18 37 2.5252771
18 7 2000.0
18 27 27.077843
18 16 1.5043885
18 23 1.1209004
19 31 0.11301948
19 9 0.06747874
19 4 0.08065477
20 30 1.356728
20 8 2000.0
20 13 1.5751668
20 33 1.7306125
20 11 4.0089264
20 29 9.789418
20 5 1.3950046
20 34 2.5355763
20 2 3.7726753
20 14 1.5649674
20 37 2.5334952
20 7 57.142857
20 27 1.6273412
20 16 28.373623
20 25 1.7268037
21 26 2000.0
21 32 2000.0
21 10 2000.0
21 24 1.0409491
21 35 0.033468947
21 31 2000.0
21 12 0.14175646
21 15 16.842274
22 31 150.0
22 9 0.061320163
22 19 2000.0
23 0 2000.0
23 30 1.5405412
23 8 1.4142866
23 2 6.375183
23 37 1.3027259
23 18 1.1209004
23 7 1.2807379
23 16 2.6669085
23 11 2000.0
23 29 1.7719725
23 5 3.1491454
24 26 0.04594292
24 32 0.17184158
24 10 0.17980587
24 21 1.0409491
24 12 0.17579098
24 3 2000.0
24 15 2000.0
24 17 0.16537029
25 30 9.965908
25 0 18.76219
25 13 0.29899386
25 33 0.8012161
25 11 1.3303145
25 29 2.165514
25 34 3.1992922
25 20 1.7268037
25 2 0.7247334
25 14 2.0056906
25 37 43.088017
25 7 3.0988288
25 27 0.23541024
25 16 1.2538285
26 32 10.477495
26 28 0.1421286
26 10 0.030877423
26 24 0.04594292
26 31 0.40344363
26 12 0.90974975
26 17 1.8488054
27 30 0.18966942
27 0 2000.0
27 8 1.1778604
27 18 27.077843
27 13 0.6257277
27 33 0.9791509
27 11 0.65523994
27 29 0.81202114
27 5 1.0435627
27 34 1.3026067
27 20 1.6273412
27 2 1.7977322
27 14 4.6755295
27 37 1.0014218
27 7 3911.4204
27 16 1.5010741
27 25 0.23541024
28 36 0.0313777
28 26 0.1421286
28 10 0.32530266
28 3 24.51214
28 12 1414.0342
28 9 1.9213842
28 19 1374.5454
29 0 34.87354
29 30 1.5056939
29 8 0.9607911
29 18 0.9760645
29 13 0.8267619
29 33 14.229826
29 11 1.1710042
29 5 6.963951
29 34 8.487087
29 20 9.789418
29 2 1.0824844
29 37 0.72031105
29 7 2000.0
29 27 0.81202114
29 16 2000.0
29 23 1.7719725
29 25 2.165514
30 8 0.4652746
30 18 0.7437293
30 13 26.208584
30 33 16.5566
30 11 0.7873041
30 29 1.5056939
30 5 0.57975364
30 34 0.85158664
30 20 1.356728
30 2 13.053229
30 14 7.856143
30 37 16.403868
30 7 0.8904857
30 27 0.18966942
30 16 1.1053138
30 23 1.5405412
30 25 9.965908
31 26 0.40344363
31 6 0.3376833
31 10 15.505598
31 35 70.05242
31 22 150.0
31 9 0.031415675
31 4 0.06481236
31 17 0.9887243
31 19 0.11301948
32 26 10.477495
32 24 0.17184158
32 12 7.1499367
32 15 0.071656115
33 30 16.5566
33 13 1.0526497
33 11 2.0999758
33 29 14.229826
33 5 2000.0
33 34 2000.0
33 20 1.7306125
33 2 2.706264
33 14 0.5343639
33 7 2000.0
33 27 0.9791509
33 16 1971.0227
33 25 0.8012161
34 30 0.85158664
34 20 2.5355763
34 8 71.570404
34 37 2000.0
34 7 2000.0
34 13 266.6667
34 27 1.3026067
34 16 26.878134
34 11 3.5601988
34 29 8.487087
34 25 3.1992922
34 5 2.1752675
35 21 0.033468947
35 31 70.05242
36 28 0.0313777
36 3 0.23264462
36 9 0.599758
37 30 16.403868
37 0 4.2759714
37 8 0.897109
37 18 2.5252771
37 13 1.2841636
37 11 1.6608045
37 29 0.72031105
37 5 13.844639
37 20 2.5334952
37 2 0.93100303
37 7 3654.7727
37 27 1.0014218
37 16 2000.0
37 23 1.3027259
37 25 43.088017
