0 8 11.065641
0 2 0.7765239
0 37 1.5161002
0 13 0.67671365
0 11 69.230774
0 25 2000.0
0 29 6.9809155
1 3 0.38908333
1 12 17.885712
2 30 18.86803
2 0 0.7765239
2 8 1.4704977
2 18 7.678559
2 13 0.3963969
2 33 1.3973675
2 11 1.0293751
2 29 1.0739661
2 20 2.074027
2 37 0.7742921
2 27 0.7160282
2 16 2000.0
2 23 60.179302
2 25 1.5719228
3 36 0.23750001
3 28 0.088829756
3 24 2000.0
3 12 0.068673946
3 1 0.38908333
3 9 0.20801522
4 31 0.06742465
4 9 0.07136095
4 17 0.07473699
4 19 0.083293624
5 30 1.1149019
5 8 0.7903194
5 18 0.4199229
5 13 1200.0
5 11 5.3964624
5 29 4.0026474
5 34 3.8657057
5 20 1.9021405
5 37 2000.0
5 7 5.312799
5 27 3.164155
5 16 1.2394791
5 23 3.6053336
6 31 1.3140185
6 17 1.6323987
7 34 11.63479
7 30 0.9677832
7 20 1.7669023
7 8 65.64517
7 37 24.256577
7 27 158.49336
7 16 1.1925523
7 11 10.079645
7 23 1.1160053
7 25 9.834452
7 5 5.312799
8 0 11.065641
8 30 0.74573314
8 18 0.9503665
8 13 1.3902644
8 11 0.99739
8 29 0.40616697
8 5 0.7903194
8 34 3.1629002
8 2 1.4704977
8 37 1.2532917
8 7 65.64517
8 27 0.75165004
8 16 1.3177183
8 23 0.86609006
9 36 2.0263548
9 26 2000.0
9 28 3.6884358
9 10 3.5148485
9 22 0.87384754
9 31 0.034112133
9 3 0.20801522
9 12 2000.0
9 17 0.047727272
9 4 0.07136095
9 19 0.07363453
10 26 0.035888597
10 28 0.26222816
10 24 0.07928409
10 31 0.030342747
10 12 4.821514
10 9 3.5148485
10 17 0.030846775
11 0 69.230774
11 30 0.38232955
11 8 0.99739
11 18 4.6323953
11 13 0.8005833
11 33 2.9083595
11 29 0.88661516
11 5 5.3964624
11 34 2.164881
11 20 1.0446281
11 2 1.0293751
11 37 0.9832468
11 7 10.079645
11 27 0.39904064
11 16 0.8975691
11 25 1.2214439
12 26 1.5574538
12 28 5.098201
12 32 0.17332923
12 10 4.821514
12 24 0.065751046
12 21 0.07198501
12 3 0.068673946
12 1 17.885712
13 30 1.1233398
13 0 0.67671365
13 8 1.3902644
13 18 800.0
13 33 0.8461918
13 11 0.8005833
13 29 0.6431995
13 5 1200.0
13 34 8.1480055
13 20 0.5791886
13 2 0.3963969
13 14 2.0134678
13 37 1.3582444
13 27 0.20975558
13 16 133.33334
13 25 0.45629063
14 20 0.81081814
14 13 2.0134678
14 33 0.5766162
14 27 2.5620217
14 11 2000.0
14 25 1.703363
15 32 0.09017595
15 21 1.9694976
16 30 1.0849448
16 0 2000.0
16 8 1.3177183
16 18 0.513311
16 13 133.33334
16 11 0.8975691
16 29 37.14338
16 5 1.2394791
16 20 14.247946
16 37 28.72182
16 7 1.1925523
16 27 1.2941569
16 23 4.967476
16 25 0.811401
17 26 1.967742
17 6 1.6323987
17 10 0.030846775
17 24 0.1829157
17 31 1.2352401
17 9 0.047727272
17 4 0.07473699
17 19 1.8624936
18 30 0.67260563
18 2 7.678559
18 8 0.9503665
18 37 1.0143297
18 7 2000.0
18 13 800.0
18 27 2.193182
18 16 0.513311
18 23 1.1352273
18 11 4.6323953
18 29 0.93643665
18 5 0.4199229
19 22 40.090908
19 31 0.06536272
19 9 0.07363453
19 17 1.8624936
19 4 0.083293624
20 30 11.067827
20 13 0.5791886
20 33 2.1629622
20 11 1.0446281
20 29 0.97573847
20 5 1.9021405
20 34 0.8206968
20 2 2.074027
20 14 0.81081814
20 37 2.0510542
20 7 1.7669023
20 27 0.5665478
20 16 14.247946
20 25 0.5433327
21 10 2000.0
21 24 0.08434063
21 35 0.050209332
21 12 0.07198501
21 15 1.9694976
22 6 1575.3408
22 31 1199.8864
22 9 0.87384754
22 19 40.090908
23 0 2000.0
23 30 1.4770321
23 2 60.179302
23 8 0.86609006
23 37 2.1117496
23 18 1.1352273
23 7 1.1160053
23 16 4.967476
23 11 2000.0
23 29 2.725284
23 5 3.6053336
24 26 0.056556813
24 32 0.12341897
24 10 0.07928409
24 21 0.08434063
24 31 12.751152
24 12 0.065751046
24 15 2000.0
24 17 0.1829157
25 0 2000.0
25 30 2.6141074
25 13 0.45629063
25 33 0.62419784
25 11 1.2214439
25 29 3.2605376
25 34 1.5334829
25 20 0.5433327
25 2 1.5719228
25 14 1.703363
25 37 14.29137
25 7 9.834452
25 27 0.83883834
25 16 0.811401
26 36 111.11111
26 32 149.87541
26 28 0.034787208
26 10 0.035888597
26 24 0.056556813
26 31 0.05938898
26 12 1.5574538
26 17 1.967742
27 0 2000.0
27 30 0.1956507
27 8 0.75165004
27 18 2.193182
27 13 0.20975558
27 33 0.7377441
27 11 0.39904064
27 29 0.519368
27 5 3.164155
27 34 1.4377835
27 20 0.5665478
27 2 0.7160282
27 14 2.5620217
27 37 1.5183161
27 7 158.49336
27 16 1.2941569
27 25 0.83883834
28 36 0.04336432
28 26 0.034787208
28 10 0.26222816
28 3 0.088829756
28 12 5.098201
28 9 3.6884358
29 0 6.9809155
29 30 3.2733567
29 8 0.40616697
29 18 0.93643665
29 13 0.6431995
29 11 0.88661516
29 5 4.0026474
29 34 1.9633583
29 20 0.97573847
29 2 1.0739661
29 37 0.988655
29 7 2000.0
29 27 0.519368
29 16 37.14338
29 23 2.725284
29 25 3.2605376
30 0 2000.0
30 8 0.74573314
30 18 0.67260563
30 13 1.1233398
30 33 1.9749041
30 11 0.38232955
30 29 3.2733567
30 5 1.1149019
30 34 1.380385
30 20 11.067827
30 2 18.86803
30 14 2000.0
30 37 5.976038
30 7 0.9677832
30 27 0.1956507
30 16 1.0849448
30 23 1.4770321
30 25 2.6141074
31 26 0.05938898
31 6 1.3140185
31 10 0.030342747
31 24 12.751152
31 9 0.034112133
31 17 1.2352401
31 4 0.06742465
31 19 0.06536272
32 24 0.12341897
32 12 0.17332923
32 15 0.09017595
33 30 1.9749041
33 8 2000.0
33 13 0.8461918
33 11 2.9083595
33 29 3275.3408
33 34 2000.0
33 20 2.1629622
33 2 1.3973675
33 14 0.5766162
33 7 2000.0
33 27 0.7377441
33 16 1998.8635
33 25 0.62419784
34 30 1.380385
34 20 0.8206968
34 8 3.1629002
34 7 11.63479
34 13 8.1480055
34 27 1.4377835
34 16 3216.9885
34 11 2.164881
34 25 1.5334829
34 29 1.9633583
34 5 3.8657057
35 21 0.050209332
36 26 111.11111
36 28 0.04336432
36 3 0.23750001
36 9 2.0263548
37 30 5.976038
37 0 1.5161002
37 8 1.2532917
37 18 1.0143297
37 13 1.3582444
37 11 0.9832468
37 29 0.988655
37 20 2.0510542
37 2 0.7742921
37 7 24.256577
37 27 1.5183161
37 16 28.72182
37 23 2.1117496
37 25 14.29137
