0 8 4.984557
0 2 1.2914369
0 37 0.7460544
0 13 1.1728171
0 11 39.44697
0 29 15.652175
1 3 0.20472284
1 12 1202.159
2 30 27.952478
2 0 1.2914369
2 8 2.1688225
2 18 17.250435
2 13 0.6401923
2 33 3.089113
2 11 2.137747
2 29 1.6353321
2 20 3.146495
2 37 1.5316718
2 27 3.1054602
2 16 2000.0
2 23 28.125002
2 25 2.794235
3 36 0.39465728
3 28 0.10655157
3 24 300.0
3 12 0.05146237
3 1 0.20472284
3 9 0.4528268
4 31 0.08789642
4 9 0.07334683
4 17 0.08676529
4 19 0.09431338
5 34 1.453193
5 30 0.5950782
5 20 4.7231064
5 8 0.8648955
5 37 2000.0
5 18 0.38430184
5 7 4.2284575
5 27 2.200863
5 16 1.5896729
5 23 10.591872
5 11 4.6455913
5 29 3.1773555
6 22 35.86212
6 31 0.34736297
6 17 0.6670616
7 34 8.723738
7 30 3.503922
7 20 3.6358924
7 8 64.08842
7 37 28.878014
7 27 502.50278
7 16 1.327569
7 11 26.560705
7 23 1.3692253
7 25 7.5049105
7 5 4.2284575
8 0 4.984557
8 30 1.1129205
8 18 1.5909913
8 13 4.71664
8 11 0.5496633
8 29 0.5299671
8 5 0.8648955
8 34 3.0450516
8 2 2.1688225
8 37 1.4279475
8 7 64.08842
8 27 4.850137
8 16 1.3612106
8 23 1.527086
9 36 2.859034
9 26 2000.0
9 28 2.0727737
9 10 7.4761105
9 22 0.30394933
9 31 0.034514572
9 3 0.4528268
9 12 2000.0
9 17 0.050824784
9 4 0.07334683
9 19 0.098396726
10 26 0.030332081
10 28 0.26106253
10 24 0.038219944
10 31 0.03727718
10 12 1.3302058
10 9 7.4761105
10 17 0.028217075
11 0 39.44697
11 30 0.7415043
11 8 0.5496633
11 18 13.099772
11 13 0.8544445
11 33 4.633192
11 29 1.4492052
11 5 4.6455913
11 34 2.6016343
11 20 2.566563
11 2 2.137747
11 37 1.8374888
11 7 26.560705
11 27 1.6423901
11 16 1.4464138
11 25 1.9912055
12 26 7.784478
12 28 4.998089
12 32 0.124098755
12 10 1.3302058
12 24 0.08103416
12 21 0.0809945
12 3 0.05146237
12 1 1202.159
13 30 2.4557476
13 0 1.1728171
13 8 4.71664
13 18 128.0
13 33 0.93949807
13 11 0.8544445
13 29 1.1210293
13 5 2000.0
13 34 11.4564085
13 20 0.8873362
13 2 0.6401923
13 14 2.1203966
13 37 2.734504
13 27 0.85942054
13 16 2511.1362
13 25 0.7602292
14 20 4.717066
14 13 2.1203966
14 27 3.5378478
14 33 0.877436
14 11 2000.0
14 25 4.1118026
15 32 0.07932191
15 21 8.679579
16 30 1.1466873
16 0 2000.0
16 8 1.3612106
16 18 0.8913052
16 11 1.4464138
16 29 31.396229
16 5 1.5896729
16 20 22.742655
16 37 14.496075
16 7 1.327569
16 27 1.456117
16 23 5.262175
16 25 2.0005183
17 26 1.8726597
17 6 0.6670616
17 10 0.028217075
17 24 0.25561228
17 31 1.2234634
17 9 0.050824784
17 4 0.08676529
17 19 2.7535136
18 30 0.7375623
18 2 17.250435
18 8 1.5909913
18 37 1.2310107
18 13 128.0
18 7 2000.0
18 27 3.0241652
18 16 0.8913052
18 23 1.7879245
18 11 13.099772
18 29 1.2472872
18 5 0.38430184
19 22 141.71495
19 31 0.084943295
19 9 0.098396726
19 17 2.7535136
19 4 0.09431338
20 0 2000.0
20 30 59.730217
20 13 0.8873362
20 33 1.6401032
20 11 2.566563
20 29 6.0469093
20 5 4.7231064
20 34 0.9487364
20 2 3.146495
20 14 4.717066
20 37 3.9941
20 7 3.6358924
20 27 0.7754746
20 16 22.742655
20 25 0.7851694
21 32 2000.0
21 10 2000.0
21 24 0.1336175
21 35 0.039529223
21 12 0.0809945
21 15 8.679579
22 6 35.86212
22 31 144.0729
22 9 0.30394933
22 19 141.71495
23 0 2000.0
23 30 1.9092379
23 2 28.125002
23 8 1.527086
23 37 2.6350834
23 18 1.7879245
23 7 1.3692253
23 27 2000.0
23 16 5.262175
23 11 2000.0
23 29 2.891811
23 5 10.591872
24 26 0.050408542
24 32 0.09826806
24 10 0.038219944
24 21 0.1336175
24 31 4.8573866
24 3 300.0
24 12 0.08103416
24 15 2000.0
24 17 0.25561228
25 30 9.203703
25 13 0.7602292
25 33 1.881849
25 11 1.9912055
25 29 5.202804
25 34 2.0471184
25 20 0.7851694
25 2 2.794235
25 14 4.1118026
25 37 230.70248
25 7 7.5049105
25 27 1.0562593
25 16 2.0005183
26 36 215.36594
26 32 23.619316
26 28 0.12455976
26 10 0.030332081
26 24 0.050408542
26 31 0.084038496
26 12 7.784478
26 17 1.8726597
27 0 2000.0
27 30 1.0298642
27 8 4.850137
27 18 3.0241652
27 13 0.85942054
27 33 1.0773858
27 11 1.6423901
27 29 0.7020678
27 5 2.200863
27 34 1.4264958
27 20 0.7754746
27 2 3.1054602
27 14 3.5378478
27 37 6.280167
27 7 502.50278
27 16 1.456117
27 25 1.0562593
28 36 0.044447985
28 26 0.12455976
28 10 0.26106253
28 3 0.10655157
28 12 4.998089
28 9 2.0727737
29 0 15.652175
29 30 2.4114585
29 8 0.5299671
29 18 1.2472872
29 13 1.1210293
29 11 1.4492052
29 5 3.1773555
29 34 8.401098
29 20 6.0469093
29 2 1.6353321
29 37 1.3924167
29 7 2000.0
29 27 0.7020678
29 16 31.396229
29 23 2.891811
29 25 5.202804
30 0 2000.0
30 8 1.1129205
30 18 0.7375623
30 13 2.4557476
30 33 1.8903803
30 11 0.7415043
30 29 2.4114585
30 5 0.5950782
30 34 0.96416396
30 20 59.730217
30 2 27.952478
30 37 18.455425
30 7 3.503922
30 27 1.0298642
30 16 1.1466873
30 23 1.9092379
30 25 9.203703
31 26 0.084038496
31 6 0.34736297
31 10 0.03727718
31 24 4.8573866
31 22 144.0729
31 9 0.034514572
31 17 1.2234634
31 4 0.08789642
31 19 0.084943295
32 26 23.619316
32 24 0.09826806
32 12 0.124098755
32 15 0.07932191
33 34 2000.0
33 30 1.8903803
33 20 1.6401032
33 2 3.089113
33 14 0.877436
33 7 2000.0
33 13 0.93949807
33 27 1.0773858
33 16 2226.3638
33 11 4.633192
33 29 1349.034
33 25 1.881849
34 30 0.96416396
34 20 0.9487364
34 8 3.0450516
34 13 11.4564085
34 7 8.723738
34 27 1.4264958
34 16 1215.0568
34 11 2.6016343
34 25 2.0471184
34 29 8.401098
34 5 1.453193
35 21 0.039529223
36 26 215.36594
36 28 0.044447985
36 3 0.39465728
36 9 2.859034
37 30 18.455425
37 0 0.7460544
37 8 1.4279475
37 18 1.2310107
37 13 2.734504
37 11 1.8374888
37 29 1.3924167
37 20 3.9941
37 2 1.5316718
37 7 28.878014
37 27 6.280167
37 16 14.496075
37 23 2.6350834
37 25 230.70248
