0 2 4.170942
0 37 2.395887
0 13 1.2215064
0 29 76.85635
0 25 28.959276
1 3 0.5569697
1 12 35.07312
2 30 10.774614
2 0 4.170942
2 8 1.3036362
2 18 2.0966387
2 13 0.4096292
2 33 1.3872628
2 11 1.0848625
2 29 1.2503109
2 20 10.719535
2 37 0.82393974
2 27 0.6798137
2 16 2000.0
2 23 15.856653
2 25 0.6939394
3 36 0.48100147
3 28 10.426137
3 24 2000.0
3 12 0.04851905
3 1 0.5569697
3 9 0.59204555
4 31 0.07347304
4 9 0.08509207
4 17 0.30730408
4 19 0.07384531
5 30 0.95847756
5 8 1.1969303
5 18 1.0293052
5 13 32.638847
5 11 6.879782
5 29 6.2829885
5 34 5.3978868
5 20 5.734906
5 37 18.182024
5 7 12.791137
5 27 1.4010205
5 16 1.319427
5 23 4.1403027
5 25 2000.0
6 31 0.119709395
6 17 3.6577804
7 34 1065.7687
7 30 0.74422514
7 20 53.27536
7 8 7.906275
7 37 163.63637
7 16 1.0678829
7 23 1.5832679
7 11 81.610344
7 25 4.90202
7 5 12.791137
8 0 2000.0
8 30 0.4670909
8 18 1.2439255
8 13 1.3262957
8 11 1.2681094
8 29 1.501682
8 5 1.1969303
8 34 15.741801
8 2 1.3036362
8 37 1.2915976
8 7 7.906275
8 27 2.1995344
8 16 2.126473
8 23 1.3796498
8 25 2000.0
9 36 0.603388
9 26 2000.0
9 28 1.9811219
9 10 30.06299
9 22 0.04711252
9 31 0.030746581
9 3 0.59204555
9 12 2000.0
9 4 0.08509207
9 17 0.042282797
9 19 0.06976971
10 26 0.029818282
10 28 0.3500304
10 24 0.081395045
10 31 11.756312
10 12 1305.7954
10 9 30.06299
10 17 0.034523584
11 0 2000.0
11 30 0.7349106
11 8 1.2681094
11 18 6.651439
11 13 1.2576603
11 33 2.3479958
11 29 1.2895963
11 5 6.879782
11 34 2.7555046
11 20 4.034995
11 2 1.0848625
11 37 2.000055
11 7 81.610344
11 27 0.7074113
11 16 1.7124357
11 25 0.66713613
12 26 0.4269751
12 32 12.0518465
12 24 0.06606915
12 21 0.11532932
12 3 0.04851905
12 1 35.07312
13 30 97.03743
13 0 1.2215064
13 8 1.3262957
13 18 354.56894
13 33 0.76613945
13 11 1.2576603
13 29 1.1208872
13 5 32.638847
13 34 2118.75
13 20 1.331402
13 2 0.4096292
13 14 3.1459289
13 37 1.2015797
13 7 2000.0
13 27 0.49130166
13 16 131.09131
13 25 0.32033914
14 30 20.862732
14 20 1.777287
14 13 3.1459289
14 27 3.4059703
14 33 0.52060306
14 11 2000.0
14 25 2.2205606
15 32 0.08109525
15 21 10.062399
16 0 2000.0
16 30 1.0770439
16 8 2.126473
16 18 1.4551599
16 13 131.09131
16 11 1.7124357
16 5 1.319427
16 34 39.368774
16 20 23.80632
16 7 1.0678829
16 27 1.4963472
16 23 3.8137052
16 25 1.1571431
17 6 3.6577804
17 26 1.702734
17 10 0.034523584
17 24 0.12644675
17 31 0.96720123
17 9 0.042282797
17 4 0.30730408
17 19 47.88464
18 0 2000.0
18 30 0.65688264
18 8 1.2439255
18 13 354.56894
18 11 6.651439
18 29 1.4446766
18 5 1.0293052
18 2 2.0966387
18 37 3.2798195
18 7 2000.0
18 27 27.939865
18 16 1.4551599
18 23 1.8290347
19 31 0.06664755
19 9 0.06976971
19 4 0.07384531
19 17 47.88464
20 0 2000.0
20 30 2.6952004
20 13 1.331402
20 33 2.118952
20 11 4.034995
20 29 6.248314
20 5 5.734906
20 34 1.0922415
20 2 10.719535
20 14 1.777287
20 37 8.06106
20 7 53.27536
20 27 4.0139327
20 16 23.80632
20 25 0.9111081
21 26 2000.0
21 32 2000.0
21 10 2000.0
21 24 1.6928543
21 35 0.035963114
21 31 2000.0
21 12 0.11532932
21 15 10.062399
22 31 23.327477
22 9 0.04711252
22 19 2000.0
23 0 2000.0
23 30 1.380728
23 8 1.3796498
23 2 15.856653
23 37 3.4690914
23 18 1.8290347
23 7 1.5832679
23 16 3.8137052
23 11 2000.0
23 29 1.9314374
23 5 4.1403027
24 26 0.038752317
24 32 0.34943184
24 10 0.081395045
24 21 1.6928543
24 12 0.06606915
24 15 2000.0
24 17 0.12644675
25 0 28.959276
25 30 13.839592
25 13 0.32033914
25 33 0.665235
25 11 0.66713613
25 29 1.4848304
25 34 4.488211
25 20 0.9111081
25 2 0.6939394
25 14 2.2205606
25 37 31.609072
25 7 4.90202
25 27 0.31893942
25 16 1.1571431
26 32 76.884735
26 28 0.053357087
26 10 0.029818282
26 24 0.038752317
26 31 0.10555555
26 12 0.4269751
26 17 1.702734
27 30 0.27444354
27 0 2000.0
27 8 2.1995344
27 18 27.939865
27 13 0.49130166
27 33 0.768631
27 11 0.7074113
27 29 1.3194667
27 5 1.4010205
27 34 1.0447491
27 20 4.0139327
27 2 0.6798137
27 14 3.4059703
27 37 1.5685737
27 7 2000.0
27 16 1.4963472
27 25 0.31893942
28 36 0.035539214
28 26 0.053357087
28 10 0.3500304
28 3 10.426137
28 12 1209.2046
28 9 1.9811219
28 19 1378.6932
29 0 76.85635
29 30 1.4476272
29 8 1.501682
29 18 1.4446766
29 13 1.1208872
29 33 23.072786
29 11 1.2895963
29 5 6.2829885
29 34 3.5210843
29 20 6.248314
29 2 1.2503109
29 37 0.8021452
29 7 2000.0
29 27 1.3194667
29 16 2000.0
29 23 1.9314374
29 25 1.4848304
30 8 0.4670909
30 18 0.65688264
30 13 97.03743
30 33 5.706354
30 11 0.7349106
30 29 1.4476272
30 5 0.95847756
30 34 1.0251365
30 20 2.6952004
30 2 10.774614
30 14 20.862732
30 37 25.10406
30 7 0.74422514
30 27 0.27444354
30 16 1.0770439
30 23 1.380728
30 25 13.839592
31 26 0.10555555
31 6 0.119709395
31 10 11.756312
31 35 48.02727
31 22 23.327477
31 9 0.030746581
31 4 0.07347304
31 17 0.96720123
31 19 0.06664755
32 26 76.884735
32 24 0.34943184
32 12 12.0518465
32 15 0.08109525
33 34 2000.0
33 30 5.706354
33 20 2.118952
33 2 1.3872628
33 14 0.52060306
33 7 2000.0
33 13 0.76613945
33 27 0.768631
33 16 3017.898
33 11 2.3479958
33 29 23.072786
33 25 0.665235
34 30 1.0251365
34 20 1.0922415
34 8 15.741801
34 37 2000.0
34 7 1065.7687
34 27 1.0447491
34 16 39.368774
34 11 2.7555046
34 29 3.5210843
34 25 4.488211
34 5 5.3978868
35 21 0.035963114
35 31 48.02727
36 28 0.035539214
36 3 0.48100147
36 9 0.603388
37 30 25.10406
37 0 2.395887
37 8 1.2915976
37 18 3.2798195
37 13 1.2015797
37 11 2.000055
37 29 0.8021452
37 5 18.182024
37 20 8.06106
37 2 0.82393974
37 7 163.63637
37 27 1.5685737
37 16 2000.0
37 23 3.4690914
37 25 31.609072
