0 2 0.82763934
0 37 1.5292356
0 13 0.9299243
0 29 48.403076
0 25 141.58142
1 3 2.3178787
1 12 37.094486
2 0 0.82763934
2 30 39.343956
2 8 1.309339
2 18 3.0228386
2 13 0.678967
2 33 3.2229
2 11 1.9018941
2 29 0.9241705
2 20 4.8998585
2 37 0.7800943
2 27 1.207427
2 16 2000.0
2 23 16.729883
2 25 0.7650848
3 36 0.36291578
3 28 26.149649
3 24 2000.0
3 12 0.086140595
3 1 2.3178787
3 9 0.39943773
4 31 0.060841713
4 9 0.074962735
4 17 0.12200359
4 19 0.08094416
5 30 0.55738634
5 8 0.54291415
5 18 1.0316166
5 13 29.076603
5 11 1.6049794
5 29 1.3112221
5 34 2.299345
5 20 5.3307652
5 37 174.27834
5 7 13.743995
5 27 0.90000004
5 16 1.703058
5 23 4.4135747
6 31 0.17332253
6 17 9.128675
7 34 87.633354
7 30 0.96700203
7 20 80.54629
7 8 5.12245
7 37 2000.0
7 16 1.3251506
7 11 25.374697
7 23 1.7202119
7 25 3.042644
7 29 640.0
7 5 13.743995
8 0 2000.0
8 30 0.48902285
8 18 1.3901775
8 13 1.0995328
8 11 0.8831349
8 29 0.46435136
8 5 0.54291415
8 34 1254.091
8 2 1.309339
8 37 1.0871648
8 7 5.12245
8 27 2.437978
8 16 1.8508197
8 23 1.1367363
8 25 2000.0
9 36 0.67602247
9 26 2000.0
9 28 0.79797167
9 10 22.08018
9 22 0.04869555
9 31 0.031013506
9 3 0.39943773
9 4 0.074962735
9 17 0.042384375
9 19 0.04892808
10 26 0.029160257
10 28 1.1127945
10 24 0.0848531
10 31 0.5033867
10 12 1449.5455
10 9 22.08018
10 17 0.03234686
11 0 2000.0
11 30 0.7208297
11 8 0.8831349
11 18 7.2020397
11 13 0.7720849
11 33 1.1756911
11 29 1.0251082
11 5 1.6049794
11 34 2.385249
11 20 1.7269554
11 2 1.9018941
11 37 1.7546008
11 7 25.374697
11 27 0.82732856
11 16 1.3260189
11 25 1.0345356
12 26 0.34834483
12 32 8.244058
12 28 202.4591
12 24 0.07395528
12 21 0.12651537
12 3 0.086140595
12 1 37.094486
13 30 111.48769
13 0 0.9299243
13 8 1.0995328
13 18 98.07618
13 33 0.947501
13 11 0.7720849
13 29 0.8248962
13 5 29.076603
13 34 101.83247
13 20 1.1346916
13 2 0.678967
13 14 7.3659186
13 37 1.5991478
13 7 2000.0
13 27 0.76937544
13 16 24.301813
13 25 0.26414934
14 30 5.7697387
14 20 2.2855759
14 13 7.3659186
14 27 13.907024
14 33 0.927624
14 25 7.512695
15 32 0.07606185
15 21 8.314521
16 0 2000.0
16 30 1.1400317
16 8 1.8508197
16 18 1.4799942
16 13 24.301813
16 33 108.45491
16 11 1.3260189
16 29 20.32706
16 5 1.703058
16 34 450.00003
16 20 18.643753
16 7 1.3251506
16 27 1.4158634
16 23 2.9894197
16 25 1.4541676
17 26 1.4280752
17 6 9.128675
17 10 0.03234686
17 24 0.2919835
17 31 0.9525323
17 9 0.042384375
17 4 0.12200359
17 19 34.62834
18 0 2000.0
18 30 1.1354252
18 8 1.3901775
18 13 98.07618
18 11 7.2020397
18 29 2.7948098
18 5 1.0316166
18 2 3.0228386
18 37 3.6125624
18 7 2000.0
18 27 24.21939
18 16 1.4799942
18 23 2.110348
19 28 1208.8446
19 31 0.091033295
19 9 0.04892808
19 4 0.08094416
19 17 34.62834
20 30 5.079414
20 13 1.1346916
20 33 2.0493143
20 11 1.7269554
20 29 80.54011
20 5 5.3307652
20 34 0.89552754
20 2 4.8998585
20 14 2.2855759
20 37 7.9437823
20 7 80.54629
20 27 1.0944716
20 16 18.643753
20 25 0.604313
21 26 2000.0
21 32 160.0
21 24 0.29192245
21 35 0.05190255
21 12 0.12651537
21 15 8.314521
22 31 10.800638
22 9 0.04869555
22 19 2000.0
23 30 4.267218
23 0 2000.0
23 8 1.1367363
23 2 16.729883
23 37 1.3142858
23 18 2.110348
23 7 1.7202119
23 16 2.9894197
23 11 2000.0
23 29 2.1296153
23 5 4.4135747
24 26 0.029793538
24 28 2000.0
24 32 0.28786656
24 10 0.0848531
24 21 0.29192245
24 31 2000.0
24 12 0.07395528
24 15 337.93106
24 17 0.2919835
25 30 127.726456
25 0 141.58142
25 13 0.26414934
25 33 0.69633096
25 11 1.0345356
25 29 3.2581232
25 34 1.5813336
25 20 0.604313
25 2 0.7650848
25 14 7.512695
25 37 683.7182
25 7 3.042644
25 27 0.30985832
25 16 1.4541676
26 32 17.21432
26 28 0.031515237
26 10 0.029160257
26 24 0.029793538
26 31 0.0770756
26 12 0.34834483
26 17 1.4280752
27 30 0.20486823
27 0 2000.0
27 8 2.437978
27 18 24.21939
27 13 0.76937544
27 33 0.7273458
27 11 0.82732856
27 29 1.2012404
27 5 0.90000004
27 34 0.8565228
27 20 1.0944716
27 2 1.207427
27 14 13.907024
27 37 1.0789438
27 7 2000.0
27 16 1.4158634
27 25 0.30985832
28 36 0.031240366
28 26 0.031515237
28 10 1.1127945
28 3 26.149649
28 12 202.4591
28 9 0.79797167
28 19 1208.8446
29 0 48.403076
29 30 3.9167378
29 8 0.46435136
29 18 2.7948098
29 13 0.8248962
29 33 6.2754273
29 11 1.0251082
29 5 1.3112221
29 34 3.910674
29 20 80.54011
29 2 0.9241705
29 37 1.2833883
29 7 640.0
29 27 1.2012404
29 16 20.32706
29 23 2.1296153
29 25 3.2581232
30 8 0.48902285
30 18 1.1354252
30 13 111.48769
30 33 4.4410586
30 11 0.7208297
30 29 3.9167378
30 5 0.55738634
30 34 1.0398922
30 20 5.079414
30 2 39.343956
30 14 5.7697387
30 37 102.947395
30 7 0.96700203
30 27 0.20486823
30 16 1.1400317
30 23 4.267218
30 25 127.726456
31 26 0.0770756
31 6 0.17332253
31 10 0.5033867
31 35 1308.5133
31 22 10.800638
31 9 0.031013506
31 4 0.060841713
31 17 0.9525323
31 19 0.091033295
32 26 17.21432
32 24 0.28786656
32 21 160.0
32 12 8.244058
32 15 0.07606185
33 30 4.4410586
33 8 2000.0
33 13 0.947501
33 11 1.1756911
33 29 6.2754273
33 34 2000.0
33 20 2.0493143
33 2 3.2229
33 14 0.927624
33 7 2000.0
33 27 0.7273458
33 16 108.45491
33 25 0.69633096
34 30 1.0398922
34 20 0.89552754
34 37 2000.0
34 13 101.83247
34 7 87.633354
34 27 0.8565228
34 16 450.00003
34 11 2.385249
34 29 3.910674
34 25 1.5813336
34 5 2.299345
35 21 0.05190255
35 31 1308.5133
36 28 0.031240366
36 3 0.36291578
36 9 0.67602247
37 30 102.947395
37 0 1.5292356
37 8 1.0871648
37 18 3.6125624
37 13 1.5991478
37 11 1.7546008
37 29 1.2833883
37 5 174.27834
37 20 7.9437823
37 2 0.7800943
37 7 2000.0
37 27 1.0789438
37 16 3024.6592
37 23 1.3142858
37 25 683.7182
