0 2 2.5884688
0 37 1.6520239
0 13 1.9646173
0 29 21.200695
0 25 15.047937
1 3 1.1139623
1 12 11.200667
2 30 29.363874
2 0 2.5884688
2 8 2.110027
2 18 2.166026
2 13 0.568574
2 33 2.3171637
2 11 1.6139249
2 29 1.0603849
2 20 6.345146
2 37 0.89459
2 27 1.7212745
2 16 2000.0
2 23 18.811298
2 25 0.51533276
3 36 0.6226675
3 28 9.410525
3 24 1247.2727
3 12 0.07320262
3 1 1.1139623
3 9 0.84804296
4 31 0.06757789
4 9 0.0851155
4 17 0.1305766
4 19 0.06766775
5 30 0.6273523
5 8 0.73887265
5 18 0.9364368
5 13 47.616486
5 11 3.1006808
5 29 2.3386993
5 34 3.0842805
5 20 2.6290433
5 37 20.638075
5 7 13.375694
5 27 1.2137293
5 16 2.1329265
5 23 2.287528
5 25 2000.0
6 31 0.17466438
6 17 3.0588582
7 30 0.7445511
7 20 66.66667
7 8 8.15407
7 16 1.1541456
7 23 1.1844414
7 25 5.70659
7 5 13.375694
8 0 2000.0
8 30 0.7649486
8 18 1.7256029
8 13 3.0634706
8 11 1.0121933
8 29 0.69812125
8 5 0.73887265
8 34 54.539
8 2 2.110027
8 37 1.0975269
8 7 8.15407
8 27 2.5715268
8 16 1.4385405
8 23 1.2076476
8 25 2000.0
9 36 0.7248303
9 26 2000.0
9 28 0.8026412
9 10 20.777122
9 22 0.06100252
9 31 0.029106755
9 3 0.84804296
9 12 2000.0
9 4 0.0851155
9 17 0.13395289
9 19 0.06384507
10 26 0.02986664
10 28 0.24367373
10 24 0.13012686
10 31 15.286546
10 12 1741.1931
10 9 20.777122
10 17 0.028653467
11 0 2000.0
11 30 0.65705335
11 8 1.0121933
11 18 20.722597
11 13 1.1307122
11 33 2.0228925
11 29 1.2270958
11 5 3.1006808
11 34 3.9792082
11 20 3.4666634
11 2 1.6139249
11 37 1.8282884
11 7 4995.909
11 27 0.9213971
11 16 1.2221254
11 25 1.1663445
12 26 4.8254843
12 32 8.576332
12 28 56.056442
12 24 0.068429254
12 21 0.20814827
12 3 0.07320262
12 1 11.200667
13 30 79.09375
13 0 1.9646173
13 8 3.0634706
13 18 225.00002
13 33 1.0151249
13 11 1.1307122
13 29 1.220541
13 5 47.616486
13 34 2177.2727
13 20 0.9670731
13 2 0.568574
13 14 9.841593
13 37 1.1328629
13 7 2000.0
13 27 0.9426862
13 16 28.933882
13 25 0.23075621
14 34 2000.0
14 30 8.876877
14 20 3.3193054
14 13 9.841593
14 27 3.382408
14 33 0.38899624
14 11 2000.0
14 25 1.7058432
15 32 0.07611803
15 21 6.5807633
16 0 2000.0
16 30 1.1043215
16 8 1.4385405
16 18 1.5171282
16 13 28.933882
16 11 1.2221254
16 5 2.1329265
16 34 58.19954
16 20 121.45844
16 7 1.1541456
16 27 1.3167924
16 23 2.6011522
16 25 1.0468143
17 6 3.0588582
17 26 1.3029481
17 10 0.028653467
17 24 0.2087575
17 31 0.9472357
17 9 0.13395289
17 4 0.1305766
17 19 89.115906
18 0 2000.0
18 30 0.64456683
18 8 1.7256029
18 13 225.00002
18 11 20.722597
18 29 0.8847466
18 5 0.9364368
18 2 2.166026
18 37 2.4510221
18 7 2000.0
18 27 36.21609
18 16 1.5171282
18 23 1.3391117
19 28 1375.698
19 31 0.07884396
19 9 0.06384507
19 4 0.06766775
19 17 89.115906
20 30 1.3205959
20 13 0.9670731
20 33 1.3639772
20 11 3.4666634
20 29 8.434755
20 5 2.6290433
20 34 0.9991689
20 2 6.345146
20 14 3.3193054
20 37 6.745477
20 7 66.66667
20 27 1.093197
20 16 121.45844
20 25 0.960708
21 26 2000.0
21 32 2000.0
21 24 1.0036591
21 35 0.035448767
21 12 0.20814827
21 15 6.5807633
22 31 217.39133
22 9 0.06100252
22 19 2000.0
23 0 2000.0
23 30 1.6707906
23 8 1.2076476
23 2 18.811298
23 37 1.4413574
23 18 1.3391117
23 7 1.1844414
23 16 2.6011522
23 11 2000.0
23 29 1.273929
23 5 2.287528
24 26 0.050232437
24 32 0.33472496
24 10 0.13012686
24 21 1.0036591
24 12 0.068429254
24 17 0.2087575
25 30 21.770668
25 0 15.047937
25 13 0.23075621
25 33 0.7202569
25 11 1.1663445
25 29 1.0468045
25 34 1.5062025
25 20 0.960708
25 2 0.51533276
25 14 1.7058432
25 37 34.131115
25 7 5.70659
25 27 0.22932507
25 16 1.0468143
26 32 28.591593
26 28 0.3159883
26 10 0.02986664
26 24 0.050232437
26 31 0.09416153
26 12 4.8254843
26 17 1.3029481
27 30 0.67203856
27 0 2000.0
27 8 2.5715268
27 18 36.21609
27 13 0.9426862
27 33 0.8774522
27 11 0.9213971
27 29 0.8336064
27 5 1.2137293
27 34 0.87780637
27 20 1.093197
27 2 1.7212745
27 14 3.382408
27 37 1.4337362
27 7 2000.0
27 16 1.3167924
27 25 0.22932507
28 36 0.034054264
28 26 0.3159883
28 10 0.24367373
28 3 9.410525
28 12 56.056442
28 9 0.8026412
28 19 1375.698
29 0 21.200695
29 30 1.2687818
29 8 0.69812125
29 18 0.8847466
29 13 1.220541
29 33 10.164622
29 11 1.2270958
29 5 2.3386993
29 34 2.6398673
29 20 8.434755
29 2 1.0603849
29 37 0.70503026
29 7 2000.0
29 27 0.8336064
29 16 2000.0
29 23 1.273929
29 25 1.0468045
30 8 0.7649486
30 18 0.64456683
30 13 79.09375
30 33 10.560667
30 11 0.65705335
30 29 1.2687818
30 5 0.6273523
30 34 1.0870914
30 20 1.3205959
30 2 29.363874
30 14 8.876877
30 37 14.098003
30 7 0.7445511
30 27 0.67203856
30 16 1.1043215
30 23 1.6707906
30 25 21.770668
31 26 0.09416153
31 6 0.17466438
31 10 15.286546
31 35 133.91898
31 22 217.39133
31 9 0.029106755
31 4 0.06757789
31 17 0.9472357
31 19 0.07884396
32 26 28.591593
32 24 0.33472496
32 21 2000.0
32 12 8.576332
32 15 0.07611803
33 30 10.560667
33 8 2000.0
33 13 1.0151249
33 11 2.0228925
33 29 10.164622
33 5 2000.0
33 34 2000.0
33 20 1.3639772
33 2 2.3171637
33 14 0.38899624
33 7 2000.0
33 27 0.8774522
33 16 3017.898
33 25 0.7202569
34 30 1.0870914
34 20 0.9991689
34 8 54.539
34 37 2000.0
34 7 2000.0
34 27 0.87780637
34 16 58.19954
34 11 3.9792082
34 29 2.6398673
34 25 1.5062025
34 5 3.0842805
35 21 0.035448767
35 31 133.91898
36 28 0.034054264
36 3 0.6226675
36 9 0.7248303
37 30 14.098003
37 0 1.6520239
37 8 1.0975269
37 18 2.4510221
37 13 1.1328629
37 11 1.8282884
37 29 0.70503026
37 5 20.638075
37 20 6.745477
37 2 0.89459
37 7 1911.9886
37 27 1.4337362
37 16 2000.0
37 23 1.4413574
37 25 34.131115
