0 8 9.2179785
0 2 1.3805889
0 37 0.8190267
0 13 0.9034092
0 11 117.53864
0 29 17.346096
1 3 0.2640828
1 12 1202.159
2 30 21.844269
2 0 1.3805889
2 8 1.0816079
2 18 26.019806
2 13 0.9071814
2 33 2.348718
2 11 1.7240803
2 29 1.3134407
2 20 2.688602
2 37 1.7558442
2 27 0.6885326
2 16 2000.0
2 23 49.17005
2 25 1.3486694
3 36 0.18986697
3 28 0.07029382
3 24 480.00003
3 12 0.05041717
3 1 0.2640828
3 9 0.63866496
4 31 0.09284856
4 9 0.049495526
4 17 0.0892521
4 19 0.079562634
5 30 1.2093889
5 8 0.7506221
5 18 0.39599523
5 13 1200.0
5 11 6.435945
5 29 3.268444
5 34 1.8872317
5 20 1.9861901
5 37 2000.0
5 7 4.179862
5 27 1.3451717
5 16 3.6355414
5 23 12.250918
6 31 0.9767777
6 17 1.3777598
7 34 7.1429806
7 30 1.0576335
7 20 1.4081031
7 8 50.240765
7 37 5.634061
7 16 1.1663301
7 11 61.695976
7 23 1.1903998
7 25 7.6653934
7 5 4.179862
8 0 9.2179785
8 30 0.689275
8 18 0.83774227
8 13 2.8790815
8 11 1.6386751
8 29 0.784892
8 5 0.7506221
8 34 4.000371
8 2 1.0816079
8 37 0.85236406
8 7 50.240765
8 27 0.8081806
8 16 1.5891201
8 23 1.0531647
9 36 1.5595701
9 26 2000.0
9 28 0.9489131
9 10 18.455135
9 22 0.70661366
9 31 0.029727556
9 3 0.63866496
9 17 0.04722903
9 4 0.049495526
9 19 0.07030268
10 26 0.034962364
10 28 0.20125231
10 24 0.040055882
10 31 0.08057021
10 12 22.30928
10 9 18.455135
10 17 0.03194069
11 0 117.53864
11 30 0.7620868
11 8 1.6386751
11 18 5.986796
11 13 1.1046901
11 33 3.278409
11 29 1.3914162
11 5 6.435945
11 34 3.709841
11 20 1.5884738
11 2 1.7240803
11 37 1.3020213
11 7 61.695976
11 27 0.8635418
11 16 0.94601315
11 25 2.081157
12 26 0.8357007
12 28 4.536648
12 32 0.26409733
12 10 22.30928
12 24 0.095373265
12 21 0.06969618
12 3 0.05041717
13 30 7.839204
13 0 0.9034092
13 8 2.8790815
13 18 521.94086
13 33 0.96239954
13 11 1.1046901
13 29 0.98658407
13 5 1200.0
13 34 6.879905
13 20 0.6552353
13 2 0.9071814
13 14 3.2305322
13 37 1.0795703
13 27 0.24600431
13 16 2902.6704
13 25 0.8262005
14 34 2000.0
14 20 1.2487916
14 13 3.2305322
14 27 2.6072474
14 33 0.43075305
14 11 2000.0
14 25 3.2779737
15 32 0.08161394
15 21 1.476173
16 0 2000.0
16 30 1.140157
16 8 1.5891201
16 18 0.6460764
16 11 0.94601315
16 29 12.361211
16 5 3.6355414
16 20 6.739773
16 37 22.417305
16 7 1.1663301
16 27 1.2229959
16 23 12.667579
16 25 0.88618827
17 26 1.5775945
17 6 1.3777598
17 10 0.03194069
17 24 0.116073
17 31 1.2272156
17 9 0.04722903
17 4 0.0892521
17 19 2.8283727
18 30 0.74794453
18 2 26.019806
18 8 0.83774227
18 37 1.1670696
18 13 521.94086
18 7 2000.0
18 27 4.025872
18 16 0.6460764
18 23 1.1813068
18 11 5.986796
18 29 1.1828088
18 5 0.39599523
19 31 0.09026463
19 9 0.07030268
19 17 2.8283727
19 4 0.079562634
20 30 22.286308
20 13 0.6552353
20 33 1.088992
20 11 1.5884738
20 29 3.7933443
20 5 1.9861901
20 34 0.89759433
20 2 2.688602
20 14 1.2487916
20 37 2.847636
20 7 1.4081031
20 27 0.42007983
20 16 6.739773
20 25 0.8225243
21 32 2000.0
21 10 2000.0
21 24 0.45186237
21 35 0.048789427
21 12 0.06969618
21 15 1.476173
22 6 1377.9546
22 31 159.15402
22 9 0.70661366
22 19 1339.5455
23 0 2000.0
23 30 1.8370131
23 2 49.17005
23 8 1.0531647
23 37 2.7102551
23 18 1.1813068
23 7 1.1903998
23 16 12.667579
23 11 2000.0
23 29 1.8886845
23 5 12.250918
24 26 0.10442042
24 28 2000.0
24 32 0.10478764
24 10 0.040055882
24 21 0.45186237
24 31 4.3023305
24 12 0.095373265
24 3 480.00003
24 15 2000.0
24 17 0.116073
25 34 3.0097246
25 30 3.369469
25 20 0.8225243
25 2 1.3486694
25 14 3.2779737
25 7 7.6653934
25 13 0.8262005
25 33 0.3567347
25 27 0.6239719
25 16 0.88618827
25 11 2.081157
25 29 2.0310762
26 36 259.875
26 32 64.511536
26 28 0.06981105
26 10 0.034962364
26 24 0.10442042
26 31 0.07127422
26 12 0.8357007
26 17 1.5775945
27 0 2000.0
27 30 0.22633967
27 8 0.8081806
27 18 4.025872
27 13 0.24600431
27 33 0.9327168
27 11 0.8635418
27 29 0.4755045
27 5 1.3451717
27 34 1.0130092
27 20 0.42007983
27 2 0.6885326
27 14 2.6072474
27 37 0.5547193
27 7 2000.0
27 16 1.2229959
27 25 0.6239719
28 36 0.034512356
28 26 0.06981105
28 10 0.20125231
28 3 0.07029382
28 12 4.536648
28 9 0.9489131
29 0 17.346096
29 30 3.4968474
29 8 0.784892
29 18 1.1828088
29 13 0.98658407
29 11 1.3914162
29 5 3.268444
29 34 10.881994
29 20 3.7933443
29 2 1.3134407
29 37 1.0170629
29 7 2000.0
29 27 0.4755045
29 16 12.361211
29 23 1.8886845
29 25 2.0310762
30 0 2000.0
30 8 0.689275
30 18 0.74794453
30 13 7.839204
30 33 2.4336424
30 11 0.7620868
30 29 3.4968474
30 5 1.2093889
30 34 1.6707408
30 20 22.286308
30 2 21.844269
30 37 3.4023569
30 7 1.0576335
30 27 0.22633967
30 16 1.140157
30 23 1.8370131
30 25 3.369469
31 26 0.07127422
31 6 0.9767777
31 10 0.08057021
31 24 4.3023305
31 9 0.029727556
31 17 1.2272156
31 4 0.09284856
31 19 0.09026463
32 26 64.511536
32 24 0.10478764
32 21 2000.0
32 12 0.26409733
32 15 0.08161394
33 34 2000.0
33 30 2.4336424
33 20 1.088992
33 2 2.348718
33 14 0.43075305
33 7 2000.0
33 13 0.96239954
33 27 0.9327168
33 16 2000.0
33 11 3.278409
33 29 5608.125
33 25 0.3567347
34 30 1.6707408
34 20 0.89759433
34 8 4.000371
34 13 6.879905
34 7 7.1429806
34 27 1.0130092
34 16 1215.0568
34 11 3.709841
34 25 3.0097246
34 29 10.881994
34 5 1.8872317
35 21 0.048789427
36 26 259.875
36 28 0.034512356
36 3 0.18986697
36 9 1.5595701
37 30 3.4023569
37 0 0.8190267
37 8 0.85236406
37 18 1.1670696
37 13 1.0795703
37 11 1.3020213
37 29 1.0170629
37 20 2.847636
37 2 1.7558442
37 7 5.634061
37 27 0.5547193
37 16 22.417305
37 23 2.7102551
37 25 2687.3862
