0 2 0.9122727
0 37 1.590491
0 13 0.7853926
0 29 14.025719
0 25 10.071357
1 3 0.70890146
1 12 72.453804
2 30 14.551536
2 0 0.9122727
2 8 1.4748583
2 18 2.689613
2 13 0.51224166
2 33 1.2316284
2 11 1.7501392
2 29 1.1160487
2 20 2.4729009
2 37 0.8592185
2 27 0.7795508
2 16 2000.0
2 23 11.215391
2 25 0.39213684
3 36 0.36792684
3 28 8.212895
3 24 2000.0
3 12 0.0535841
3 1 0.70890146
3 9 0.47671384
4 31 0.07114665
4 9 0.086949855
4 17 0.13480355
4 19 0.08185427
5 30 0.7256087
5 8 0.43906745
5 18 0.8941323
5 13 18.055162
5 11 2.033469
5 29 2.062634
5 34 3.8233278
5 20 1.5033259
5 37 10.777456
5 7 3.5811222
5 27 1.2033299
5 16 1.0979254
5 23 2.3202007
5 25 2000.0
6 31 0.21726453
6 17 4.1977882
7 34 160.0
7 30 0.5672505
7 20 31.679873
7 8 6.1932216
7 37 88.888885
7 16 1.4880766
7 11 40.106766
7 23 1.194774
7 25 3.3115876
7 29 2000.0
7 5 3.5811222
8 0 2000.0
8 30 0.59414196
8 18 1.1337249
8 13 2.3446922
8 11 0.7782017
8 29 0.47650322
8 5 0.43906745
8 34 31.51359
8 2 1.4748583
8 37 0.7849824
8 7 6.1932216
8 27 1.9383564
8 16 1.3733054
8 23 1.1934614
8 25 2000.0
9 36 0.5251229
9 26 2000.0
9 28 1.5616952
9 10 13.594806
9 22 0.055026222
9 31 0.03418255
9 3 0.47671384
9 4 0.086949855
9 17 0.040451255
9 19 0.0671993
10 26 0.029536288
10 28 0.44696406
10 24 0.08093842
10 31 60.61054
10 12 1145.7954
10 9 13.594806
10 17 0.030956745
11 0 2000.0
11 30 0.6993054
11 8 0.7782017
11 18 9.87506
11 13 0.6665188
11 33 2.3164651
11 29 0.88456327
11 5 2.033469
11 34 2.5354102
11 20 1.9293894
11 2 1.7501392
11 37 1.4696409
11 7 40.106766
11 27 0.70487654
11 16 1.0720574
11 25 0.73778063
12 26 1.1609629
12 32 10.544745
12 24 0.068878375
12 21 0.089097336
12 3 0.0535841
12 1 72.453804
13 30 33.14468
13 0 0.7853926
13 8 2.3446922
13 18 247.79547
13 33 1.0269821
13 11 0.6665188
13 29 0.8012854
13 5 18.055162
13 34 354.7293
13 20 1.1124034
13 2 0.51224166
13 14 11.097754
13 37 1.3216908
13 7 2000.0
13 27 0.3968575
13 16 47.191162
13 25 0.22121385
14 30 4.9722843
14 20 3.2219954
14 13 11.097754
14 27 3.0452797
14 33 0.5732065
14 25 5.0709333
15 32 0.06923746
15 24 200.0
15 21 9.676771
16 30 1.1374687
16 8 1.3733054
16 18 0.9770494
16 13 47.191162
16 11 1.0720574
16 29 269.8921
16 5 1.0979254
16 34 94.32433
16 20 11.398589
16 7 1.4880766
16 27 1.5468422
16 23 3.294267
16 25 1.0164756
17 6 4.1977882
17 26 1.4933693
17 10 0.030956745
17 24 0.14398049
17 31 0.9876499
17 9 0.040451255
17 4 0.13480355
17 19 1196.875
18 0 2000.0
18 30 0.73911643
18 8 1.1337249
18 13 247.79547
18 11 9.87506
18 29 1.0008049
18 5 0.8941323
18 2 2.689613
18 37 3.0932336
18 7 2000.0
18 27 37.994312
18 16 0.9770494
18 23 1.3618624
19 28 155.36404
19 31 0.14577751
19 9 0.0671993
19 4 0.08185427
20 30 1.9622753
20 8 2000.0
20 13 1.1124034
20 33 1.0941868
20 11 1.9293894
20 29 12.289216
20 5 1.5033259
20 34 1.1183313
20 2 2.4729009
20 14 3.2219954
20 37 3.121032
20 7 31.679873
20 27 1.2539421
20 16 11.398589
20 25 0.41403776
21 32 800.0
21 10 2000.0
21 24 0.74146324
21 35 0.030920092
21 31 2000.0
21 12 0.089097336
21 15 9.676771
22 31 2000.0
22 9 0.055026222
22 19 2000.0
23 0 2000.0
23 30 1.2680928
23 8 1.1934614
23 2 11.215391
23 37 1.1639934
23 18 1.3618624
23 7 1.194774
23 16 3.294267
23 11 2000.0
23 29 1.2961925
23 5 2.3202007
24 26 0.06817185
24 32 0.1546885
24 10 0.08093842
24 21 0.74146324
24 12 0.068878375
24 15 200.0
24 17 0.14398049
25 0 10.071357
25 30 16.145903
25 13 0.22121385
25 33 0.66552436
25 11 0.73778063
25 29 1.4934262
25 34 2.0781846
25 20 0.41403776
25 2 0.39213684
25 14 5.0709333
25 37 15.343735
25 7 3.3115876
25 27 0.28310972
25 16 1.0164756
26 32 57.93674
26 28 0.056513302
26 10 0.029536288
26 24 0.06817185
26 31 0.25992954
26 12 1.1609629
26 17 1.4933693
27 30 0.18173636
27 0 2000.0
27 8 1.9383564
27 18 37.994312
27 13 0.3968575
27 33 0.77140826
27 11 0.70487654
27 29 1.040691
27 5 1.2033299
27 34 1.4806576
27 20 1.2539421
27 2 0.7795508
27 14 3.0452797
27 37 0.9067405
27 7 3690.9658
27 16 1.5468422
27 25 0.28310972
28 36 0.029007021
28 26 0.056513302
28 10 0.44696406
28 3 8.212895
28 12 1372.1023
28 9 1.5616952
28 19 155.36404
29 0 14.025719
29 30 1.2707986
29 8 0.47650322
29 18 1.0008049
29 13 0.8012854
29 33 7.8435855
29 11 0.88456327
29 5 2.062634
29 34 15.016203
29 20 12.289216
29 2 1.1160487
29 37 0.848106
29 7 2000.0
29 27 1.040691
29 16 269.8921
29 23 1.2961925
29 25 1.4934262
30 8 0.59414196
30 18 0.73911643
30 13 33.14468
30 33 7.9627333
30 11 0.6993054
30 29 1.2707986
30 5 0.7256087
30 34 0.8810311
30 20 1.9622753
30 2 14.551536
30 14 4.9722843
30 37 10.88537
30 7 0.5672505
30 27 0.18173636
30 16 1.1374687
30 23 1.2680928
30 25 16.145903
31 26 0.25992954
31 6 0.21726453
31 10 60.61054
31 9 0.03418255
31 4 0.07114665
31 17 0.9876499
31 19 0.14577751
32 26 57.93674
32 10 2000.0
32 24 0.1546885
32 21 800.0
32 12 10.544745
32 15 0.06923746
33 30 7.9627333
33 8 2000.0
33 13 1.0269821
33 11 2.3164651
33 29 7.8435855
33 5 2000.0
33 34 2000.0
33 20 1.0941868
33 2 1.2316284
33 14 0.5732065
33 7 2000.0
33 27 0.77140826
33 16 1971.0227
33 25 0.66552436
34 30 0.8810311
34 20 1.1183313
34 8 31.51359
34 37 2000.0
34 7 160.0
34 13 354.7293
34 27 1.4806576
34 16 94.32433
34 11 2.5354102
34 29 15.016203
34 25 2.0781846
34 5 3.8233278
35 21 0.030920092
35 31 1108.5795
36 28 0.029007021
36 3 0.36792684
36 9 0.5251229
37 30 10.88537
37 0 1.590491
37 8 0.7849824
37 18 3.0932336
37 13 1.3216908
37 11 1.4696409
37 29 0.848106
37 5 10.777456
37 20 3.121032
37 2 0.8592185
37 7 88.888885
37 27 0.9067405
37 16 2000.0
37 23 1.1639934
37 25 15.343735
