0 2 1.2078876
0 37 2.7294424
0 13 0.9646125
0 29 11.282567
0 25 9.08504
1 3 1.121591
1 12 66.87597
2 30 17.101856
2 0 1.2078876
2 8 1.0342866
2 18 3.5431607
2 13 0.54993725
2 33 2.362932
2 11 2.1595707
2 29 1.1884649
2 20 6.3741026
2 37 1.0457346
2 27 1.1324161
2 16 2000.0
2 23 9.877172
2 25 0.8211769
3 36 0.38942188
3 28 2.817338
3 24 240.00002
3 12 0.07993607
3 1 1.121591
3 9 0.51701534
4 31 0.0661382
4 9 0.07593267
4 17 0.14957921
4 19 0.06868572
5 30 0.53431326
5 8 0.38980165
5 18 0.54976594
5 13 49.061214
5 11 2.5874157
5 29 2.5282037
5 34 2.5190446
5 20 3.3344438
5 37 10.585011
5 7 4.885798
5 27 1.4476113
5 16 1.7742592
5 23 2.404711
5 25 2000.0
6 31 0.13773827
6 17 1.4466234
7 34 100.0
7 30 1.4093618
7 20 178.80896
7 8 5.0966063
7 37 100.0
7 16 1.0936377
7 23 1.534113
7 11 88.888885
7 25 2.5476642
7 29 800.0
7 5 4.885798
8 0 2000.0
8 30 0.32296124
8 18 1.1862346
8 13 0.8792015
8 11 1.0335835
8 29 0.4488919
8 5 0.38980165
8 34 29.088602
8 2 1.0342866
8 37 0.9833951
8 7 5.0966063
8 27 1.4352854
8 16 2.2927747
8 23 1.130615
8 25 2000.0
9 36 0.6049487
9 26 2000.0
9 28 1.8532927
9 10 31.826298
9 22 0.079471186
9 31 0.03808411
9 3 0.51701534
9 4 0.07593267
9 17 0.043095153
9 19 0.06949787
10 26 0.031277943
10 28 0.5353667
10 24 0.19222175
10 31 19.139193
10 12 1355.284
10 9 31.826298
10 17 0.03016862
11 0 2000.0
11 30 0.85680825
11 8 1.0335835
11 18 5.454702
11 13 0.9457603
11 33 2.741302
11 29 1.1613069
11 5 2.5874157
11 34 5.870872
11 20 1.7114687
11 2 2.1595707
11 37 1.5954953
11 7 88.888885
11 27 0.79621553
11 16 1.1192572
11 25 0.7985618
12 26 0.68117374
12 32 31.032074
12 24 0.069690764
12 21 0.12688439
12 3 0.07993607
12 1 66.87597
13 30 77.38152
13 0 0.9646125
13 8 0.8792015
13 33 0.94915956
13 11 0.9457603
13 29 0.94655675
13 5 49.061214
13 34 532.42426
13 20 1.2173111
13 2 0.54993725
13 14 10.745369
13 37 1.2965231
13 7 2000.0
13 27 0.74758786
13 16 24.882156
13 25 0.20673068
14 30 11.362358
14 20 7.2806087
14 13 10.745369
14 27 4.0714765
14 33 0.40427297
14 25 3.1143525
15 32 0.07510417
15 24 144.11763
15 21 5.0178475
16 30 1.5304962
16 0 2000.0
16 8 2.2927747
16 18 1.4908714
16 13 24.882156
16 11 1.1192572
16 5 1.7742592
16 34 44.983784
16 20 17.102581
16 7 1.0936377
16 27 1.874855
16 23 3.171801
16 25 1.489409
17 6 1.4466234
17 26 1.9056773
17 10 0.03016862
17 24 0.22984152
17 31 1.1999799
17 9 0.043095153
17 4 0.14957921
17 19 57.142857
18 0 2000.0
18 30 0.6970599
18 8 1.1862346
18 13 4490.284
18 11 5.454702
18 29 1.1608028
18 5 0.54976594
18 2 3.5431607
18 37 2.7393467
18 7 2000.0
18 27 17.662338
18 16 1.4908714
18 23 1.2027179
19 31 0.08805266
19 9 0.06949787
19 4 0.06868572
19 17 57.142857
20 30 1.6066136
20 13 1.2173111
20 33 2.3006175
20 11 1.7114687
20 29 8.799026
20 5 3.3344438
20 34 2.2258656
20 2 6.3741026
20 14 7.2806087
20 37 3.2168343
20 7 178.80896
20 27 1.378422
20 16 17.102581
20 25 0.899518
21 32 2000.0
21 24 1.1478577
21 35 0.030377148
21 12 0.12688439
21 15 5.0178475
22 31 249.99998
22 9 0.079471186
22 19 2000.0
23 0 2000.0
23 30 2.206327
23 8 1.130615
23 2 9.877172
23 37 1.5852942
23 18 1.2027179
23 7 1.534113
23 16 3.171801
23 11 2000.0
23 29 1.3010076
23 5 2.404711
24 26 0.04593782
24 32 0.17568995
24 10 0.19222175
24 21 1.1478577
24 3 240.00002
24 12 0.069690764
24 15 144.11763
24 17 0.22984152
25 30 18.50553
25 0 9.08504
25 13 0.20673068
25 33 1.0402014
25 11 0.7985618
25 29 1.7912679
25 34 2.6808064
25 20 0.899518
25 2 0.8211769
25 14 3.1143525
25 37 46.085304
25 7 2.5476642
25 27 0.21439773
25 16 1.489409
26 32 51.753246
26 28 0.077542625
26 10 0.031277943
26 24 0.04593782
26 31 0.18843125
26 12 0.68117374
26 17 1.9056773
27 30 0.18673442
27 0 2000.0
27 8 1.4352854
27 18 17.662338
27 13 0.74758786
27 33 1.4412476
27 11 0.79621553
27 29 0.67376286
27 5 1.4476113
27 34 1.8169
27 20 1.378422
27 2 1.1324161
27 14 4.0714765
27 37 0.8615744
27 7 3469.9434
27 16 1.874855
27 25 0.21439773
28 36 0.09871959
28 26 0.077542625
28 10 0.5353667
28 3 2.817338
28 12 1470.5682
28 9 1.8532927
28 19 1469.8865
29 0 11.282567
29 30 0.50576985
29 8 0.4488919
29 18 1.1608028
29 13 0.94655675
29 33 12.478663
29 11 1.1613069
29 5 2.5282037
29 34 4.553174
29 20 8.799026
29 2 1.1884649
29 37 1.2180388
29 7 800.0
29 27 0.67376286
29 16 2000.0
29 23 1.3010076
29 25 1.7912679
30 8 0.32296124
30 18 0.6970599
30 13 77.38152
30 33 7.265496
30 11 0.85680825
30 29 0.50576985
30 5 0.53431326
30 34 0.77467144
30 20 1.6066136
30 2 17.101856
30 14 11.362358
30 37 10.928505
30 7 1.4093618
30 27 0.18673442
30 16 1.5304962
30 23 2.206327
30 25 18.50553
31 26 0.18843125
31 6 0.13773827
31 10 19.139193
31 35 60.000004
31 22 249.99998
31 9 0.03808411
31 4 0.0661382
31 17 1.1999799
31 19 0.08805266
32 26 51.753246
32 24 0.17568995
32 12 31.032074
32 15 0.07510417
33 30 7.265496
33 8 2000.0
33 13 0.94915956
33 11 2.741302
33 29 12.478663
33 5 2000.0
33 34 2000.0
33 20 2.3006175
33 2 2.362932
33 14 0.40427297
33 7 2000.0
33 27 1.4412476
33 16 1971.0227
33 25 1.0402014
34 30 0.77467144
34 20 2.2258656
34 8 29.088602
34 37 2000.0
34 7 100.0
34 13 532.42426
34 27 1.8169
34 16 44.983784
34 11 5.870872
34 29 4.553174
34 25 2.6808064
34 5 2.5190446
35 21 0.030377148
35 31 60.000004
36 28 0.09871959
36 3 0.38942188
36 9 0.6049487
37 30 10.928505
37 0 2.7294424
37 8 0.9833951
37 18 2.7393467
37 13 1.2965231
37 11 1.5954953
37 29 1.2180388
37 5 10.585011
37 20 3.2168343
37 2 1.0457346
37 7 100.0
37 27 0.8615744
37 16 2000.0
37 23 1.5852942
37 25 46.085304
