0 2 1.2390212
0 37 1.700855
0 13 0.99330217
0 25 48.783024
0 29 33.345238
1 3 0.49312237
1 12 33.143402
2 30 23.774792
2 0 1.2390212
2 8 1.3901037
2 18 1.9076914
2 13 0.5686976
2 33 2.663745
2 11 1.512017
2 29 1.0371774
2 20 6.544707
2 37 0.8097073
2 27 1.1317309
2 16 2000.0
2 23 8.93174
2 25 0.67551786
3 36 0.54883116
3 28 13.682881
3 24 2000.0
3 12 0.06571571
3 1 0.49312237
3 9 0.9681426
4 31 0.06695324
4 9 0.07581361
4 17 0.13148311
4 19 0.07592897
5 30 1.1926805
5 8 0.5958916
5 18 0.6976359
5 13 35.851337
5 11 1.1525736
5 29 1.0874126
5 34 1.3468107
5 20 2.336196
5 37 8.580458
5 7 10.636463
5 27 1.6323295
5 16 1.7559811
5 23 2.0194907
5 25 2000.0
6 31 0.16541107
6 17 1.5097709
7 30 0.65767044
7 20 125.177475
7 8 6.8439555
7 37 2000.0
7 27 114.28571
7 16 1.166657
7 23 1.2261136
7 11 74.444405
7 25 2.6937857
7 5 10.636463
8 0 2000.0
8 30 0.52781296
8 18 1.2454937
8 13 1.2657157
8 11 1.041479
8 29 0.39714512
8 5 0.5958916
8 34 29.031057
8 2 1.3901037
8 37 0.9697521
8 7 6.8439555
8 27 1.8354534
8 16 1.4374107
8 23 0.6352392
8 25 2000.0
9 36 0.50180507
9 26 2000.0
9 28 3.4984736
9 10 21.974869
9 22 0.04199944
9 31 0.028426547
9 12 2000.0
9 3 0.9681426
9 4 0.07581361
9 17 0.04057749
9 19 0.08075444
10 26 0.030774353
10 28 0.19956897
10 24 0.07552694
10 31 1.5202774
10 12 1211.3068
10 9 21.974869
10 17 0.032818504
11 0 2000.0
11 30 0.94546926
11 8 1.041479
11 18 5.269045
11 13 0.92295265
11 33 2.1326613
11 29 0.8157212
11 5 1.1525736
11 34 1.9672972
11 20 0.82120174
11 2 1.512017
11 37 1.6510979
11 7 74.444405
11 27 0.7530875
11 16 1.1270133
11 25 0.71565443
12 26 1.5191802
12 32 4.5974736
12 24 0.08068654
12 21 0.20103487
12 3 0.06571571
12 1 33.143402
13 30 60.12602
13 0 0.99330217
13 8 1.2657157
13 18 450.00003
13 33 1.0165832
13 11 0.92295265
13 29 0.8030822
13 5 35.851337
13 34 158.94276
13 20 1.0656396
13 2 0.5686976
13 14 2.9852912
13 37 1.1084701
13 7 2000.0
13 27 0.30770716
13 16 22.012129
13 25 0.25936013
14 30 11.054974
14 20 2.5578732
14 13 2.9852912
14 27 6.0332108
14 33 0.47015405
14 11 2000.0
14 25 1.8082184
15 32 0.075595975
15 21 5.083475
16 0 2000.0
16 30 1.1035452
16 8 1.4374107
16 18 0.8041013
16 13 22.012129
16 11 1.1270133
16 5 1.7559811
16 34 19.954693
16 20 26.650906
16 7 1.166657
16 27 1.4668114
16 23 2.4153745
16 25 0.82920855
17 6 1.5097709
17 26 1.4357052
17 10 0.032818504
17 24 0.22568317
17 31 0.9745408
17 9 0.04057749
17 4 0.13148311
17 19 1280.5681
18 0 2000.0
18 30 0.6321429
18 8 1.2454937
18 13 450.00003
18 11 5.269045
18 29 2.1464806
18 5 0.6976359
18 2 1.9076914
18 37 1.7778428
18 7 2000.0
18 27 20.200373
18 16 0.8041013
18 23 1.4726043
19 31 0.06551983
19 9 0.08075444
19 4 0.07592897
20 30 1.0929704
20 13 1.0656396
20 33 1.1506118
20 11 0.82120174
20 29 4.114354
20 5 2.336196
20 34 1.0428092
20 2 6.544707
20 14 2.5578732
20 37 2.6913073
20 7 125.177475
20 27 0.90083337
20 16 26.650906
20 25 0.42157164
21 24 0.928243
21 35 0.029868357
21 31 2000.0
21 12 0.20103487
21 15 5.083475
22 31 24.536932
22 9 0.04199944
22 19 2000.0
23 0 2000.0
23 30 1.2292719
23 8 0.6352392
23 2 8.93174
23 37 1.4959456
23 18 1.4726043
23 7 1.2261136
23 16 2.4153745
23 11 2000.0
23 29 1.5905961
23 5 2.0194907
24 26 0.049408626
24 32 0.333279
24 10 0.07552694
24 21 0.928243
24 12 0.08068654
24 17 0.22568317
25 30 10.221033
25 0 48.783024
25 13 0.25936013
25 33 0.6700624
25 11 0.71565443
25 29 1.908937
25 34 1.795298
25 20 0.42157164
25 2 0.67551786
25 14 1.8082184
25 37 23.189579
25 7 2.6937857
25 27 0.23997554
25 16 0.82920855
26 32 27.845457
26 28 0.06376467
26 10 0.030774353
26 24 0.049408626
26 31 0.088540204
26 12 1.5191802
26 17 1.4357052
27 30 0.2407025
27 0 2000.0
27 8 1.8354534
27 18 20.200373
27 13 0.30770716
27 33 0.8545674
27 11 0.7530875
27 29 1.0639513
27 5 1.6323295
27 34 0.7693283
27 20 0.90083337
27 2 1.1317309
27 14 6.0332108
27 37 1.1263725
27 7 114.28571
27 16 1.4668114
27 25 0.23997554
28 36 0.03449143
28 26 0.06376467
28 10 0.19956897
28 3 13.682881
28 12 1686.1932
28 9 3.4984736
28 19 1379.716
29 0 33.345238
29 30 0.8959642
29 8 0.39714512
29 18 2.1464806
29 13 0.8030822
29 33 30.19918
29 11 0.8157212
29 5 1.0874126
29 34 2.8719027
29 20 4.114354
29 2 1.0371774
29 37 0.9388878
29 7 2000.0
29 27 1.0639513
29 16 2000.0
29 23 1.5905961
29 25 1.908937
30 8 0.52781296
30 18 0.6321429
30 13 60.12602
30 33 20.008524
30 11 0.94546926
30 29 0.8959642
30 5 1.1926805
30 34 0.9936729
30 20 1.0929704
30 2 23.774792
30 14 11.054974
30 37 22.046297
30 7 0.65767044
30 27 0.2407025
30 16 1.1035452
30 23 1.2292719
30 25 10.221033
31 26 0.088540204
31 6 0.16541107
31 10 1.5202774
31 35 42.92265
31 22 24.536932
31 21 2000.0
31 9 0.028426547
31 4 0.06695324
31 17 0.9745408
31 19 0.06551983
32 26 27.845457
32 24 0.333279
32 12 4.5974736
32 15 0.075595975
33 30 20.008524
33 8 2000.0
33 13 1.0165832
33 11 2.1326613
33 29 30.19918
33 5 2000.0
33 34 2000.0
33 20 1.1506118
33 2 2.663745
33 14 0.47015405
33 7 2000.0
33 27 0.8545674
33 16 3017.898
33 25 0.6700624
34 30 0.9936729
34 20 1.0428092
34 8 29.031057
34 37 2000.0
34 13 158.94276
34 7 2000.0
34 27 0.7693283
34 16 19.954693
34 11 1.9672972
34 29 2.8719027
34 25 1.795298
34 5 1.3468107
35 21 0.029868357
35 31 42.92265
36 28 0.03449143
36 3 0.54883116
36 9 0.50180507
37 30 22.046297
37 0 1.700855
37 8 0.9697521
37 18 1.7778428
37 13 1.1084701
37 11 1.6510979
37 29 0.9388878
37 5 8.580458
37 20 2.6913073
37 2 0.8097073
37 7 2000.0
37 27 1.1263725
37 16 2000.0
37 23 1.4959456
37 25 23.189579
