0 2 0.9493636
0 37 1.7813551
0 13 0.90307945
0 25 12.841011
0 29 28.070175
1 3 0.5931818
1 12 14.457161
2 30 19.751707
2 0 0.9493636
2 8 1.5790135
2 18 3.721396
2 13 0.6327462
2 33 2.3247755
2 11 2.3487413
2 29 0.98878336
2 20 3.1738389
2 37 0.8591611
2 27 1.0175724
2 16 2000.0
2 23 11.962866
2 25 0.84622645
3 36 0.7304079
3 28 5.4560723
3 24 180.00002
3 12 0.064946845
3 1 0.5931818
3 9 0.44593534
4 31 0.0699702
4 9 0.06983048
4 17 0.20152904
4 19 0.07420317
5 30 0.731348
5 8 0.5953656
5 18 1.2130544
5 13 29.852104
5 11 1.5799472
5 29 3.0467446
5 34 2.1859293
5 20 3.5199606
5 37 10.4072275
5 7 13.552571
5 27 1.9074948
5 16 1.5281911
5 23 3.9537563
5 25 2000.0
6 31 0.18491162
6 17 2.7911935
7 30 0.6091028
7 20 113.338135
7 8 10.255824
7 37 100.0
7 16 1.4525299
7 23 1.1281699
7 11 266.6667
7 25 5.0643215
7 5 13.552571
8 0 2000.0
8 30 0.48359144
8 18 1.1952652
8 13 2.226911
8 11 0.9248085
8 29 0.43926606
8 5 0.5953656
8 34 20.926416
8 2 1.5790135
8 37 1.458311
8 7 10.255824
8 27 1.0452299
8 16 1.4554213
8 23 1.0787244
8 25 2000.0
9 36 0.7032417
9 28 1.8173796
9 10 35.797863
9 22 0.05015496
9 31 0.031183714
9 3 0.44593534
9 4 0.06983048
9 17 0.032983936
9 19 0.0674517
10 26 0.031246837
10 28 0.32895455
10 24 0.11486943
10 31 13.567964
10 12 59.859097
10 9 35.797863
10 17 0.06353401
11 0 2000.0
11 30 0.6200379
11 8 0.9248085
11 18 12.993232
11 13 1.0114425
11 33 2.2378933
11 29 1.0335089
11 5 1.5799472
11 34 2.140244
11 20 1.4339968
11 2 2.3487413
11 37 1.7581134
11 7 266.6667
11 27 0.89286554
11 16 1.7007636
11 25 1.0210557
12 26 1.5495338
12 32 5.021346
12 28 1202.2728
12 10 59.859097
12 24 0.068557456
12 21 0.16212551
12 3 0.064946845
12 1 14.457161
13 30 95.44773
13 0 0.90307945
13 8 2.226911
13 18 200.0
13 33 0.9147497
13 11 1.0114425
13 29 1.2660755
13 5 29.852104
13 34 97.017654
13 20 1.0214224
13 2 0.6327462
13 14 6.8128686
13 37 1.3996409
13 7 2000.0
13 27 0.31993636
13 16 67.27509
13 25 0.5001683
14 30 12.1245165
14 20 1.6715097
14 13 6.8128686
14 27 2.434035
14 33 0.4634464
14 11 2000.0
14 25 2.7459495
15 32 0.072671086
15 21 1.5215862
16 30 2.0
16 0 2000.0
16 8 1.4554213
16 18 2.0531974
16 13 67.27509
16 11 1.7007636
16 5 1.5281911
16 34 67.616196
16 20 39.438213
16 7 1.4525299
16 27 2.2959182
16 23 7.727515
16 25 3.6901534
17 6 2.7911935
17 26 2.172542
17 10 0.06353401
17 24 0.11213406
17 31 1.7597712
17 9 0.032983936
17 4 0.20152904
17 19 95.60422
18 0 2000.0
18 30 0.70611966
18 8 1.1952652
18 13 200.0
18 11 12.993232
18 29 1.258333
18 5 1.2130544
18 2 3.721396
18 37 5.1641555
18 7 2000.0
18 27 14.736951
18 16 2.0531974
18 23 1.0150862
19 28 130.2535
19 31 0.07865563
19 9 0.0674517
19 4 0.07420317
19 17 95.60422
20 30 1.9971017
20 13 1.0214224
20 33 1.1780448
20 11 1.4339968
20 29 7.559508
20 5 3.5199606
20 34 0.8546575
20 2 3.1738389
20 14 1.6715097
20 37 1.6644738
20 7 113.338135
20 27 1.5248749
20 16 39.438213
20 25 1.1046344
21 32 2000.0
21 10 2000.0
21 24 0.5013424
21 35 0.029399417
21 31 2000.0
21 12 0.16212551
21 15 1.5215862
22 31 46.31676
22 9 0.05015496
22 19 2000.0
23 30 1.8191174
23 0 2000.0
23 8 1.0787244
23 2 11.962866
23 37 1.2131916
23 18 1.0150862
23 7 1.1281699
23 16 7.727515
23 11 2000.0
23 29 0.9869118
23 5 3.9537563
24 26 0.036669035
24 32 0.28052998
24 10 0.11486943
24 21 0.5013424
24 12 0.068557456
24 3 180.00002
24 15 2000.0
24 17 0.11213406
25 30 33.82605
25 0 12.841011
25 13 0.5001683
25 33 0.5442843
25 11 1.0210557
25 29 4.69266
25 34 3.0712855
25 20 1.1046344
25 2 0.84622645
25 14 2.7459495
25 37 38.134525
25 7 5.0643215
25 27 1.0458565
25 16 3.6901534
26 32 17.438353
26 28 0.078295454
26 10 0.031246837
26 24 0.036669035
26 31 0.13073856
26 12 1.5495338
26 17 2.172542
27 30 0.1964899
27 0 2000.0
27 8 1.0452299
27 18 14.736951
27 13 0.31993636
27 33 0.78671086
27 11 0.89286554
27 29 0.6942205
27 5 1.9074948
27 34 1.6682434
27 20 1.5248749
27 2 1.0175724
27 14 2.434035
27 37 0.99732304
27 7 2000.0
27 16 2.2959182
27 25 1.0458565
28 36 0.030605728
28 26 0.078295454
28 10 0.32895455
28 3 5.4560723
28 12 1202.2728
28 9 1.8173796
28 19 130.2535
29 0 28.070175
29 30 1.1436328
29 8 0.43926606
29 18 1.258333
29 13 1.2660755
29 33 44.53773
29 11 1.0335089
29 5 3.0467446
29 34 2.8302052
29 20 7.559508
29 2 0.98878336
29 37 0.96119004
29 27 0.6942205
29 16 2000.0
29 23 0.9869118
29 25 4.69266
30 8 0.48359144
30 18 0.70611966
30 13 95.44773
30 33 10.840581
30 11 0.6200379
30 29 1.1436328
30 5 0.731348
30 34 0.9743355
30 20 1.9971017
30 2 19.751707
30 14 12.1245165
30 37 18.674738
30 7 0.6091028
30 27 0.1964899
30 16 2.0
30 23 1.8191174
30 25 33.82605
31 26 0.13073856
31 6 0.18491162
31 10 13.567964
31 22 46.31676
31 9 0.031183714
31 4 0.0699702
31 17 1.7597712
31 19 0.07865563
32 26 17.438353
32 24 0.28052998
32 21 2000.0
32 12 5.021346
32 15 0.072671086
33 30 10.840581
33 13 0.9147497
33 11 2.2378933
33 29 44.53773
33 5 2000.0
33 34 2000.0
33 20 1.1780448
33 2 2.3247755
33 14 0.4634464
33 7 2000.0
33 27 0.78671086
33 16 3017.898
33 25 0.5442843
34 30 0.9743355
34 20 0.8546575
34 8 20.926416
34 37 2000.0
34 7 2000.0
34 13 97.017654
34 27 1.6682434
34 16 67.616196
34 11 2.140244
34 29 2.8302052
34 25 3.0712855
34 5 2.1859293
35 21 0.029399417
35 31 1102.5
36 28 0.030605728
36 3 0.7304079
36 9 0.7032417
37 30 18.674738
37 0 1.7813551
37 8 1.458311
37 18 5.1641555
37 13 1.3996409
37 11 1.7581134
37 29 0.96119004
37 5 10.4072275
37 20 1.6644738
37 2 0.8591611
37 7 100.0
37 27 0.99732304
37 16 2000.0
37 23 1.2131916
37 25 38.134525
