0 2 1.0054543
0 37 1.4318182
0 13 0.9304317
0 29 32.129677
0 25 10.79784
1 3 0.8880095
1 12 16.76022
2 30 19.827488
2 0 1.0054543
2 8 1.0909199
2 18 3.8326445
2 13 0.6887755
2 33 1.9895607
2 11 2.5889997
2 29 1.1254168
2 20 7.9361467
2 37 0.934084
2 27 1.5561689
2 16 2000.0
2 23 10.294558
2 25 1.1568826
3 36 0.29188284
3 28 10.37593
3 24 2000.0
3 12 0.076818615
3 1 0.8880095
3 9 0.47527435
4 31 0.069874346
4 9 0.08000802
4 17 0.1638468
4 19 0.07367148
5 30 0.6811566
5 8 0.65432197
5 18 0.6770946
5 13 42.90731
5 11 5.208169
5 29 2.2462635
5 34 4.8281727
5 20 2.2448642
5 37 8.993798
5 7 2.5851345
5 27 1.9623443
5 16 1.0944197
5 23 2.3433702
5 25 2000.0
6 31 0.32823542
6 17 1.9659433
7 30 0.6742488
7 20 61.905846
7 8 3.819066
7 16 1.0831667
7 11 26.084095
7 23 1.2879195
7 25 3.6645396
7 5 2.5851345
8 0 2000.0
8 30 0.4707522
8 18 1.282273
8 13 0.8660646
8 11 1.0952826
8 29 0.62087893
8 5 0.65432197
8 34 34.772728
8 2 1.0909199
8 37 0.7891752
8 7 3.819066
8 27 2.2136364
8 16 1.4996766
8 23 1.4833481
8 25 2000.0
9 36 0.3913999
9 26 2000.0
9 28 1.1644795
9 10 16.28246
9 22 0.056769162
9 31 0.028954653
9 3 0.47527435
9 12 2000.0
9 4 0.08000802
9 17 0.03407626
9 19 0.072669335
10 26 0.03500709
10 28 0.2403226
10 24 0.1508195
10 31 18.626833
10 12 20.81692
10 9 16.28246
10 17 0.03495992
11 0 2000.0
11 30 0.92017114
11 8 1.0952826
11 18 6.551841
11 13 1.1544307
11 33 3.0730398
11 29 1.3307521
11 5 5.208169
11 34 2.3961701
11 20 3.088697
11 2 2.5889997
11 37 1.6850665
11 7 26.084095
11 27 2.006561
11 16 1.0918202
11 25 2.1652
12 26 1.1377841
12 32 5.284127
12 10 20.81692
12 24 0.0683297
12 21 0.11824391
12 3 0.076818615
12 1 16.76022
13 30 42.500988
13 0 0.9304317
13 8 0.8660646
13 18 165.9138
13 33 1.1162517
13 11 1.1544307
13 29 0.9338238
13 5 42.90731
13 34 238.59392
13 20 1.220182
13 2 0.6887755
13 14 7.950824
13 37 0.8706498
13 7 2000.0
13 27 1.3248252
13 16 40.704
13 25 0.2707533
14 30 6.1977277
14 20 5.9344034
14 13 7.950824
14 27 4.045668
14 33 0.3714675
14 11 2000.0
14 25 3.8364296
15 32 0.07031708
15 21 1.8093971
16 0 2000.0
16 30 1.0741829
16 8 1.4996766
16 18 0.97397923
16 13 40.704
16 11 1.0918202
16 29 654.5455
16 5 1.0944197
16 34 50.427868
16 20 56.442066
16 7 1.0831667
16 27 1.4065579
16 23 2.7580197
16 25 1.2027459
17 6 1.9659433
17 26 1.6504776
17 10 0.03495992
17 24 0.10436647
17 31 0.97373164
17 9 0.03407626
17 4 0.1638468
17 19 259.8352
18 0 2000.0
18 30 0.6866032
18 8 1.282273
18 13 165.9138
18 11 6.551841
18 29 1.3337455
18 5 0.6770946
18 2 3.8326445
18 37 2.0814512
18 7 2000.0
18 27 15.88447
18 16 0.97397923
18 23 1.3670577
19 31 0.09101555
19 9 0.072669335
19 4 0.07367148
20 30 2.1905446
20 13 1.220182
20 33 2.3939712
20 11 3.088697
20 29 16.452578
20 5 2.2448642
20 34 1.1058648
20 2 7.9361467
20 14 5.9344034
20 37 6.386955
20 7 61.905846
20 27 3.8838863
20 16 56.442066
20 25 0.82628155
21 32 2000.0
21 24 0.68439686
21 35 0.031653225
21 31 2000.0
21 12 0.11824391
21 15 1.8093971
22 31 109.090904
22 9 0.056769162
22 19 2000.0
23 0 2000.0
23 30 1.6929168
23 8 1.4833481
23 2 10.294558
23 37 1.5540507
23 18 1.3670577
23 7 1.2879195
23 16 2.7580197
23 11 2000.0
23 29 0.6148631
23 5 2.3433702
24 26 0.045874793
24 32 0.20034944
24 10 0.1508195
24 21 0.68439686
24 12 0.0683297
24 15 2000.0
24 17 0.10436647
25 30 22.727327
25 0 10.79784
25 13 0.2707533
25 33 0.50108427
25 11 2.1652
25 29 4.807838
25 34 2.9838264
25 20 0.82628155
25 2 1.1568826
25 14 3.8364296
25 37 25.871483
25 7 3.6645396
25 27 0.42656395
25 16 1.2027459
26 32 34.84554
26 28 0.056506615
26 10 0.03500709
26 24 0.045874793
26 31 0.1118786
26 12 1.1377841
26 17 1.6504776
27 30 0.21479338
27 0 2000.0
27 8 2.2136364
27 18 15.88447
27 13 1.3248252
27 33 0.89187217
27 11 2.006561
27 29 0.7128589
27 5 1.9623443
27 34 1.1724929
27 20 3.8838863
27 2 1.5561689
27 14 4.045668
27 37 1.2415459
27 7 1939.4318
27 16 1.4065579
27 25 0.42656395
28 36 0.031432282
28 26 0.056506615
28 10 0.2403226
28 3 10.37593
28 12 1141.4205
28 9 1.1644795
28 19 1384.8295
29 0 32.129677
29 30 1.4809283
29 8 0.62087893
29 18 1.3337455
29 13 0.9338238
29 33 10.230681
29 11 1.3307521
29 5 2.2462635
29 34 7.174856
29 20 16.452578
29 2 1.1254168
29 37 1.0622303
29 27 0.7128589
29 16 654.5455
29 23 0.6148631
29 25 4.807838
30 8 0.4707522
30 18 0.6866032
30 13 42.500988
30 33 7.42613
30 11 0.92017114
30 29 1.4809283
30 5 0.6811566
30 34 0.951563
30 20 2.1905446
30 2 19.827488
30 14 6.1977277
30 37 14.938706
30 7 0.6742488
30 27 0.21479338
30 16 1.0741829
30 23 1.6929168
30 25 22.727327
31 26 0.1118786
31 6 0.32823542
31 10 18.626833
31 35 27.885458
31 22 109.090904
31 9 0.028954653
31 4 0.069874346
31 17 0.97373164
31 19 0.09101555
32 26 34.84554
32 24 0.20034944
32 12 5.284127
32 15 0.07031708
33 30 7.42613
33 13 1.1162517
33 11 3.0730398
33 29 10.230681
33 5 2000.0
33 34 2000.0
33 20 2.3939712
33 2 1.9895607
33 14 0.3714675
33 7 2000.0
33 27 0.89187217
33 16 3017.898
33 25 0.50108427
34 30 0.951563
34 20 1.1058648
34 8 34.772728
34 37 2000.0
34 13 238.59392
34 7 3440.1135
34 27 1.1724929
34 16 50.427868
34 11 2.3961701
34 29 7.174856
34 25 2.9838264
34 5 4.8281727
35 21 0.031653225
35 31 27.885458
36 28 0.031432282
36 3 0.29188284
36 9 0.3913999
37 30 14.938706
37 0 1.4318182
37 8 0.7891752
37 18 2.0814512
37 13 0.8706498
37 11 1.6850665
37 29 1.0622303
37 5 8.993798
37 20 6.386955
37 2 0.934084
37 7 2171.0227
37 27 1.2415459
37 16 2000.0
37 23 1.5540507
37 25 25.871483
