0 2 0.86346906
0 37 1.3743926
0 13 0.84186685
0 25 37.1869
0 29 1.8079249
1 3 1.4826924
1 12 17.775196
2 30 17.427254
2 0 0.86346906
2 8 1.5494992
2 18 2.5135815
2 13 0.84695905
2 33 2.5342314
2 11 3.1753244
2 29 1.0655842
2 20 4.3570004
2 37 0.82652575
2 27 692.89777
2 16 2000.0
2 23 20.31861
2 25 0.53864396
3 36 0.6248462
3 28 0.48684716
3 24 100.0
3 12 0.10862957
3 1 1.4826924
3 9 0.60020083
4 31 0.07904796
4 9 0.06772796
4 17 0.11487324
4 19 0.072341256
5 30 0.59369
5 8 1.0948396
5 18 1.0850047
5 13 46.70485
5 11 2.2069216
5 29 2.2896812
5 34 1.7312207
5 20 1.6618391
5 37 22.675426
5 7 5.334903
5 27 779.5454
5 16 1.9669601
5 23 3.7240355
5 25 2000.0
6 31 0.1311217
6 17 3.8401778
7 30 0.6807842
7 20 50.888943
7 8 6.4510975
7 37 44.444443
7 16 1.2320346
7 23 1.380102
7 25 1.908357
7 5 5.334903
8 0 2000.0
8 30 0.5996494
8 18 1.4120543
8 13 2.203976
8 11 1.9951746
8 29 0.6618936
8 5 1.0948396
8 34 71.19969
8 2 1.5494992
8 37 1.4496206
8 7 6.4510975
8 27 1067.7273
8 16 1.5224235
8 23 1.0421222
8 25 2000.0
9 36 0.6095174
9 26 2000.0
9 28 1.0796502
9 10 9.2678585
9 22 0.0987216
9 31 0.035553142
9 3 0.60020083
9 4 0.06772796
9 17 0.039719917
9 19 0.085284114
10 26 35.795452
10 28 0.42390418
10 24 0.0663782
10 31 1.0859936
10 12 1427.5569
10 9 9.2678585
10 17 0.030664416
11 0 2000.0
11 30 0.7773258
11 8 1.9951746
11 18 4.8077335
11 13 1.7569963
11 33 1.9876698
11 29 0.7792208
11 5 2.2069216
11 34 2.1656826
11 20 1.2280155
11 2 3.1753244
11 37 2.0315318
11 7 2563.807
11 27 692.89777
11 16 1.1070783
11 25 0.9475496
12 26 2000.0
12 32 7.0077605
12 24 0.07663695
12 21 0.15581103
12 3 0.10862957
12 1 17.775196
13 30 68.217125
13 0 0.84186685
13 8 2.203976
13 18 23.288675
13 33 1.2137492
13 11 1.7569963
13 29 0.6756615
13 5 46.70485
13 34 2000.0
13 20 0.9647703
13 2 0.84695905
13 14 9.730233
13 37 1.2294824
13 7 2000.0
13 27 150.96591
13 16 48.839012
13 25 0.28214216
14 30 10.906367
14 20 1.7783315
14 13 9.730233
14 27 5234.1475
14 33 0.37259302
14 11 2000.0
14 25 5.068624
15 32 0.07394612
15 21 6.1125426
16 30 1.1023846
16 0 2000.0
16 8 1.5224235
16 18 1.1015096
16 13 48.839012
16 11 1.1070783
16 5 1.9669601
16 34 98.94887
16 20 39.8308
16 7 1.2320346
16 27 1119.8296
16 23 3.6731155
16 25 1.0678866
17 6 3.8401778
17 26 1034.8864
17 10 0.030664416
17 24 0.07067573
17 31 0.9673724
17 9 0.039719917
17 4 0.11487324
17 19 118.67045
18 0 2000.0
18 30 0.6811591
18 8 1.4120543
18 13 23.288675
18 11 4.8077335
18 29 0.91009504
18 5 1.0850047
18 2 2.5135815
18 37 1.76448
18 7 2000.0
18 27 2000.0
18 16 1.1015096
18 23 1.1986691
19 28 144.8159
19 31 0.071645394
19 9 0.085284114
19 17 118.67045
19 4 0.072341256
20 30 4.0106955
20 8 2000.0
20 13 0.9647703
20 33 1.1648047
20 11 1.2280155
20 29 3.2253144
20 5 1.6618391
20 34 1.1391565
20 2 4.3570004
20 14 1.7783315
20 37 1.8138592
20 7 50.888943
20 27 957.6705
20 16 39.8308
20 25 0.5657238
21 26 2000.0
21 32 2000.0
21 24 0.93915486
21 35 0.03362833
21 12 0.15581103
21 15 6.1125426
21 4 2000.0
22 31 68.571434
22 9 0.0987216
22 19 2000.0
23 0 2000.0
23 30 2.7074413
23 8 1.0421222
23 2 20.31861
23 37 1.7582424
23 18 1.1986691
23 7 1.380102
23 16 3.6731155
23 11 2000.0
23 29 1.7099754
23 5 3.7240355
24 26 37.045452
24 32 0.21554711
24 10 0.0663782
24 21 0.93915486
24 12 0.07663695
24 3 100.0
24 15 2000.0
24 17 0.07067573
25 0 37.1869
25 30 37.617603
25 13 0.28214216
25 33 0.61462295
25 11 0.9475496
25 29 1.9582179
25 34 2.9938076
25 20 0.5657238
25 2 0.53864396
25 14 5.068624
25 7 1.908357
25 27 229.14774
25 16 1.0678866
28 36 0.03133383
28 26 51.81818
28 10 0.42390418
28 3 0.48684716
28 12 1219.8296
28 9 1.0796502
28 19 144.8159
29 0 1.8079249
29 30 3.3381248
29 8 0.6618936
29 18 0.91009504
29 13 0.6756615
29 11 0.7792208
29 5 2.2896812
29 34 8.793256
29 20 3.2253144
29 2 1.0655842
29 37 0.869453
29 7 2000.0
29 27 1898.9204
29 23 1.7099754
29 25 1.9582179
30 8 0.5996494
30 18 0.6811591
30 13 68.217125
30 33 7.743608
30 11 0.7773258
30 29 3.3381248
30 5 0.59369
30 34 0.86851996
30 20 4.0106955
30 2 17.427254
30 14 10.906367
30 37 43.36014
30 7 0.6807842
30 27 147.78409
30 16 1.1023846
30 23 2.7074413
30 25 37.617603
31 26 2000.0
31 6 0.1311217
31 10 1.0859936
31 35 22.223055
31 22 68.571434
31 9 0.035553142
31 4 0.07904796
31 17 0.9673724
31 19 0.071645394
32 26 2000.0
32 24 0.21554711
32 12 7.0077605
32 15 0.07394612
33 34 2000.0
33 30 7.743608
33 20 1.1648047
33 2 2.5342314
33 14 0.37259302
33 7 2000.0
33 13 1.2137492
33 27 698.2386
33 16 2619.6023
33 11 1.9876698
33 29 2034.6592
33 25 0.61462295
34 30 0.86851996
34 20 1.1391565
34 8 71.19969
34 37 2000.0
34 7 2000.0
34 13 2000.0
34 27 716.8182
34 16 98.94887
34 11 2.1656826
34 29 8.793256
34 25 2.9938076
34 5 1.7312207
35 21 0.03362833
35 31 22.223055
36 28 0.03133383
36 3 0.6248462
36 9 0.6095174
37 30 43.36014
37 0 1.3743926
37 8 1.4496206
37 18 1.76448
37 13 1.2294824
37 11 2.0315318
37 29 0.869453
37 5 22.675426
37 20 1.8138592
37 2 0.82652575
37 7 44.444443
37 27 725.7955
37 16 2000.0
37 23 1.7582424
37 25 1772.8408
