0 2 1.0173211
0 37 2.122689
0 13 1.3311428
0 29 16.067368
0 25 38.581394
1 3 0.97496337
1 12 22.802025
2 30 13.107857
2 0 1.0173211
2 8 1.5168902
2 18 2.0385065
2 13 0.45456105
2 33 1.7296419
2 11 2.078548
2 29 1.1667094
2 20 8.768638
2 37 0.8048725
2 27 1.6426661
2 16 2000.0
2 23 11.92757
2 25 1.6051428
3 36 0.7315456
3 28 14.261418
3 24 2000.0
3 12 0.06289062
3 1 0.97496337
3 9 0.7347496
4 31 0.06982184
4 9 0.102682926
4 17 0.22231935
4 19 0.069840096
5 30 0.72394484
5 8 0.96841496
5 18 0.80706644
5 13 25.389772
5 11 4.483448
5 29 8.675246
5 34 3.1478739
5 20 4.566213
5 37 7.6913247
5 7 3.7287369
5 27 2.687048
5 16 1.4800001
5 23 3.3419328
5 25 2000.0
6 31 0.17448682
6 17 3.3049636
7 30 0.8459581
7 20 55.02938
7 8 8.071591
7 37 100.0
7 16 1.2337157
7 23 1.4994382
7 11 164.28992
7 25 2.062486
7 5 3.7287369
8 0 2000.0
8 30 0.32278958
8 18 1.5894898
8 13 1.1616007
8 11 1.0339496
8 29 1.0316731
8 5 0.96841496
8 34 26.250406
8 2 1.5168902
8 37 1.5453366
8 7 8.071591
8 27 0.90496206
8 16 1.8391249
8 23 1.2399405
8 25 2000.0
9 36 0.38366938
9 26 2000.0
9 28 2.6899734
9 10 27.272726
9 22 0.1139971
9 31 0.027289374
9 3 0.7347496
9 12 2000.0
9 4 0.102682926
9 17 0.034289215
9 19 0.0671362
10 26 0.029482547
10 28 0.6608543
10 24 0.076342136
10 31 10.0229435
10 12 1645.1704
10 9 27.272726
10 17 0.031188402
11 0 2000.0
11 30 1.28314
11 8 1.0339496
11 18 18.150936
11 13 1.6352812
11 33 1.6201705
11 29 1.8225605
11 5 4.483448
11 34 3.4817572
11 20 1.387969
11 2 2.078548
11 37 1.8996634
11 7 164.28992
11 27 0.7168826
11 16 1.4995705
11 25 1.5938466
12 26 1.5731801
12 32 4.745881
12 24 0.059715822
12 21 0.12357955
12 3 0.06289062
12 1 22.802025
13 30 64.26031
13 0 1.3311428
13 8 1.1616007
13 18 266.6667
13 33 0.8831686
13 11 1.6352812
13 29 1.2878214
13 5 25.389772
13 34 200.0
13 20 1.3621244
13 2 0.45456105
13 14 3.9033346
13 37 1.1006072
13 7 2000.0
13 27 0.33624205
13 16 56.830856
13 25 0.458056
14 30 6.6923656
14 20 11.793091
14 13 3.9033346
14 27 2.8489509
14 33 0.72626394
14 25 5.2250533
15 32 0.07524553
15 21 11.1327
16 30 1.8750001
16 0 2000.0
16 8 1.8391249
16 18 3.96549
16 13 56.830856
16 11 1.4995705
16 29 2000.0
16 5 1.4800001
16 34 67.025566
16 20 64.434845
16 7 1.2337157
16 27 2.4843442
16 23 3.1480935
16 25 1.1647233
17 26 3.0075188
17 6 3.3049636
17 10 0.031188402
17 24 0.16210699
17 31 1.3409674
17 9 0.034289215
17 4 0.22231935
17 19 1252.6136
18 0 2000.0
18 30 0.6975876
18 8 1.5894898
18 13 266.6667
18 11 18.150936
18 29 1.3690568
18 5 0.80706644
18 2 2.0385065
18 37 2.4766698
18 7 2000.0
18 27 26.144867
18 16 3.96549
18 23 1.4627359
19 31 0.091799326
19 9 0.0671362
19 4 0.069840096
19 17 1252.6136
20 30 4.2102346
20 13 1.3621244
20 33 1.4411368
20 11 1.387969
20 29 15.0425825
20 5 4.566213
20 34 1.4697673
20 2 8.768638
20 14 11.793091
20 37 4.716523
20 7 55.02938
20 27 1.4691356
20 16 64.434845
20 25 0.8267451
21 32 2000.0
21 10 2000.0
21 24 0.88840157
21 35 0.038983293
21 31 2000.0
21 12 0.12357955
21 15 11.1327
22 31 62.6087
22 9 0.1139971
22 19 2000.0
23 0 2000.0
23 30 2.3250337
23 8 1.2399405
23 2 11.92757
23 37 2.9224696
23 18 1.4627359
23 7 1.4994382
23 16 3.1480935
23 11 2000.0
23 29 2.7182198
23 5 3.3419328
24 26 0.041778438
24 32 0.37174386
24 10 0.076342136
24 21 0.88840157
24 31 2000.0
24 12 0.059715822
24 15 2000.0
24 17 0.16210699
25 0 38.581394
25 30 28.50631
25 13 0.458056
25 33 0.6373658
25 11 1.5938466
25 29 5.531873
25 34 3.6477406
25 20 0.8267451
25 2 1.6051428
25 14 5.2250533
25 37 34.831295
25 7 2.062486
25 27 0.5007837
25 16 1.1647233
26 32 37.6598
26 28 0.06063415
26 10 0.029482547
26 24 0.041778438
26 31 0.0799603
26 12 1.5731801
26 17 3.0075188
27 30 0.1856737
27 0 2000.0
27 8 0.90496206
27 18 26.144867
27 13 0.33624205
27 33 0.68344015
27 11 0.7168826
27 29 0.7466657
27 5 2.687048
27 34 2.3516157
27 20 1.4691356
27 2 1.6426661
27 14 2.8489509
27 37 0.95099694
27 7 2000.0
27 16 2.4843442
27 25 0.5007837
28 36 0.03251509
28 26 0.06063415
28 10 0.6608543
28 12 1200.3408
28 3 14.261418
28 9 2.6899734
28 19 1367.8977
29 0 16.067368
29 30 2.306794
29 8 1.0316731
29 18 1.3690568
29 13 1.2878214
29 33 12.067221
29 11 1.8225605
29 5 8.675246
29 34 6.8381157
29 20 15.0425825
29 2 1.1667094
29 37 1.2734518
29 7 2000.0
29 27 0.7466657
29 16 2000.0
29 23 2.7182198
29 25 5.531873
30 8 0.32278958
30 18 0.6975876
30 13 64.26031
30 33 12.446835
30 11 1.28314
30 29 2.306794
30 5 0.72394484
30 34 0.9897938
30 20 4.2102346
30 2 13.107857
30 14 6.6923656
30 37 27.985706
30 7 0.8459581
30 27 0.1856737
30 16 1.8750001
30 23 2.3250337
30 25 28.50631
31 26 0.0799603
31 6 0.17448682
31 10 10.0229435
31 35 134.32037
31 22 62.6087
31 9 0.027289374
31 4 0.06982184
31 17 1.3409674
31 19 0.091799326
32 26 37.6598
32 24 0.37174386
32 12 4.745881
32 15 0.07524553
33 30 12.446835
33 13 0.8831686
33 11 1.6201705
33 29 12.067221
33 5 2000.0
33 34 2000.0
33 20 1.4411368
33 2 1.7296419
33 14 0.72626394
33 7 2000.0
33 27 0.68344015
33 16 3017.898
33 25 0.6373658
34 30 0.9897938
34 20 1.4697673
34 8 26.250406
34 37 2000.0
34 7 2000.0
34 13 200.0
34 27 2.3516157
34 16 67.025566
34 11 3.4817572
34 29 6.8381157
34 25 3.6477406
34 5 3.1478739
35 21 0.038983293
35 31 134.32037
36 28 0.03251509
36 3 0.7315456
36 9 0.38366938
37 30 27.985706
37 0 2.122689
37 8 1.5453366
37 18 2.4766698
37 13 1.1006072
37 11 1.8996634
37 29 1.2734518
37 5 7.6913247
37 20 4.716523
37 2 0.8048725
37 7 100.0
37 27 0.95099694
37 16 2000.0
37 23 2.9224696
37 25 34.831295
