0 8 6.0079665
0 2 0.7104776
0 37 12.362867
0 13 1.4745033
0 11 411.95688
0 29 7.0418057
1 3 0.27395892
1 12 1199.659
2 30 25.694487
2 0 0.7104776
2 8 2.2517226
2 18 12.701348
2 13 1.3015256
2 33 9.237234
2 11 3.1004767
2 29 0.7490588
2 20 4.21117
2 37 2.2673805
2 27 3.0186923
2 23 73.52941
2 25 0.99241036
3 36 0.29039192
3 28 0.09915908
3 24 2000.0
3 12 0.09908088
3 1 0.27395892
3 9 0.3296554
4 31 0.07498738
4 9 0.09096017
4 17 0.07300723
4 19 0.08664225
5 30 0.8338496
5 8 1.4754802
5 18 1.6515905
5 13 426.0869
5 11 2.2442465
5 29 14.548179
5 34 6.507733
5 20 3.124402
5 37 2000.0
5 7 12.13074
5 27 2.4188762
5 16 1.6316649
5 23 9.1645775
6 31 1.5847479
6 17 2.6573153
7 34 38.920513
7 30 1.113918
7 20 4.3861403
7 8 74.42099
7 37 46.37471
7 27 81.56201
7 16 1.9997821
7 11 12.156991
7 23 1.7455978
7 25 17.834677
7 5 12.13074
8 0 6.0079665
8 30 0.6892609
8 18 1.4290072
8 13 14.656264
8 11 10.123087
8 29 0.8605702
8 5 1.4754802
8 34 11.697922
8 2 2.2517226
8 37 1.8664559
8 7 74.42099
8 27 3.532815
8 16 1.8539343
8 23 1.3866237
9 36 1.044655
9 26 2000.0
9 28 4.823258
9 10 5.0936623
9 22 0.40307093
9 31 0.029316783
9 3 0.3296554
9 17 0.05553279
9 4 0.09096017
9 19 0.066613264
10 26 0.04558259
10 28 0.69193816
10 24 0.06886132
10 31 0.033051617
10 12 3.5424244
10 9 5.0936623
10 17 0.036916036
11 0 411.95688
11 30 1.0868887
11 8 10.123087
11 18 9.272321
11 13 2.2997482
11 33 2.9196312
11 29 1.4995574
11 5 2.2442465
11 34 3.5127978
11 20 1.7435247
11 2 3.1004767
11 37 2.7095265
11 7 12.156991
11 27 0.6347502
11 16 2.588599
11 25 1.7135268
12 26 0.99727607
12 28 2.7136364
12 32 0.13518174
12 10 3.5424244
12 24 0.12018958
12 21 0.09101382
12 3 0.09908088
13 30 1.3429753
13 0 1.4745033
13 8 14.656264
13 18 800.0
13 33 1.3255223
13 11 2.2997482
13 29 7.4982305
13 5 426.0869
13 34 21.66463
13 20 0.72159433
13 2 1.3015256
13 14 2.9204464
13 37 8.171096
13 27 1.3630522
13 16 3265.2842
13 25 0.60378957
14 20 1.6972404
14 13 2.9204464
14 33 0.40415615
14 27 3.427874
14 11 2000.0
14 25 3.7995243
15 32 0.066174366
15 21 8.5475855
16 0 2000.0
16 30 2.0660696
16 8 1.8539343
16 18 1.4118515
16 11 2.588599
16 29 480.00003
16 5 1.6316649
16 20 16.26557
16 37 404.57388
16 7 1.9997821
16 27 2.527106
16 23 5.670853
16 25 2.3779087
17 26 2.2876916
17 6 2.6573153
17 10 0.036916036
17 24 0.25923294
17 31 2.5806453
17 9 0.05553279
17 4 0.07300723
17 19 2.2853944
18 30 0.76376534
18 2 12.701348
18 8 1.4290072
18 37 1.1844925
18 13 800.0
18 7 2000.0
18 27 6.699772
18 16 1.4118515
18 23 2.208993
18 11 9.272321
18 29 1.6290916
18 5 1.6515905
19 31 0.09268795
19 9 0.066613264
19 17 2.2853944
19 4 0.08664225
20 0 2000.0
20 30 10.731053
20 13 0.72159433
20 33 1.8167479
20 11 1.7435247
20 29 4.143006
20 5 3.124402
20 34 1.071148
20 2 4.21117
20 14 1.6972404
20 37 8.550204
20 7 4.3861403
20 27 0.5619289
20 16 16.26557
20 25 1.2578762
21 32 2000.0
21 24 0.05655777
21 35 0.04248662
21 12 0.09101382
21 15 8.5475855
22 6 1055.7954
22 31 76.09091
22 9 0.40307093
22 19 1594.4319
23 0 2000.0
23 30 4.372655
23 2 73.52941
23 8 1.3866237
23 37 11.277722
23 18 2.208993
23 7 1.7455978
23 16 5.670853
23 11 2000.0
23 29 2.835821
23 5 9.1645775
24 26 0.07411171
24 32 0.103778966
24 10 0.06886132
24 21 0.05655777
24 31 9.441987
24 12 0.12018958
24 15 2000.0
24 17 0.25923294
25 0 2000.0
25 30 2.1390972
25 13 0.60378957
25 33 0.7702024
25 11 1.7135268
25 29 5.45923
25 34 7.963855
25 20 1.2578762
25 2 0.99241036
25 14 3.7995243
25 37 124.99999
25 7 17.834677
25 27 0.8540112
25 16 2.3779087
26 32 19.336601
26 28 0.043857347
26 10 0.04558259
26 24 0.07411171
26 31 0.09599383
26 12 0.99727607
26 17 2.2876916
27 0 2000.0
27 30 0.18189038
27 8 3.532815
27 18 6.699772
27 13 1.3630522
27 33 1.3542023
27 11 0.6347502
27 29 0.49735838
27 5 2.4188762
27 34 1.5478082
27 20 0.5619289
27 2 3.0186923
27 14 3.427874
27 37 7.61638
27 7 81.56201
27 16 2.527106
27 25 0.8540112
28 36 0.043191288
28 26 0.043857347
28 10 0.69193816
28 3 0.09915908
28 12 2.7136364
28 9 4.823258
29 0 7.0418057
29 30 3.0341759
29 8 0.8605702
29 18 1.6290916
29 13 7.4982305
29 11 1.4995574
29 5 14.548179
29 34 12.57409
29 20 4.143006
29 2 0.7490588
29 37 1.0258654
29 7 2000.0
29 27 0.49735838
29 16 480.00003
29 23 2.835821
29 25 5.45923
30 0 2000.0
30 8 0.6892609
30 18 0.76376534
30 13 1.3429753
30 33 4.2588873
30 11 1.0868887
30 29 3.0341759
30 5 0.8338496
30 34 3.4159815
30 20 10.731053
30 2 25.694487
30 14 2000.0
30 37 24.73589
30 7 1.113918
30 27 0.18189038
30 16 2.0660696
30 23 4.372655
30 25 2.1390972
31 26 0.09599383
31 6 1.5847479
31 10 0.033051617
31 24 9.441987
31 22 76.09091
31 9 0.029316783
31 17 2.5806453
31 4 0.07498738
31 19 0.09268795
32 26 19.336601
32 24 0.103778966
32 12 0.13518174
32 15 0.066174366
33 30 4.2588873
33 13 1.3255223
33 11 2.9196312
33 29 1351.0227
33 5 2000.0
33 34 2000.0
33 20 1.8167479
33 2 9.237234
33 14 0.40415615
33 7 2000.0
33 27 1.3542023
33 16 2000.0
33 25 0.7702024
34 30 3.4159815
34 20 1.071148
34 8 11.697922
34 7 38.920513
34 13 21.66463
34 27 1.5478082
34 16 3659.4888
34 11 3.5127978
34 25 7.963855
34 29 12.57409
34 5 6.507733
35 21 0.04248662
36 26 2000.0
36 28 0.043191288
36 3 0.29039192
36 9 1.044655
37 30 24.73589
37 0 12.362867
37 8 1.8664559
37 18 1.1844925
37 13 8.171096
37 11 2.7095265
37 29 1.0258654
37 20 8.550204
37 2 2.2673805
37 7 46.37471
37 27 7.61638
37 16 404.57388
37 23 11.277722
37 25 124.99999
