0 2 0.9657308
0 37 2.213501
0 13 0.8506425
0 29 16.88593
0 25 25.971308
1 3 1.3682631
1 12 71.56705
2 30 11.57793
2 0 0.9657308
2 8 2.0677116
2 18 2.3089662
2 13 0.93203104
2 33 2.4349794
2 11 2.156995
2 29 1.1925619
2 20 2.8063266
2 37 1.1608236
2 27 692.89777
2 16 2000.0
2 23 9.183567
2 25 0.46120948
3 36 0.87267053
3 28 72.91364
3 24 2000.0
3 12 0.07787292
3 1 1.3682631
3 9 0.7813257
4 31 0.06871365
4 9 0.07133672
4 17 0.15452681
4 19 0.08232885
5 30 0.69615996
5 8 0.6846351
5 18 1.278061
5 13 306.96857
5 11 3.0550818
5 29 3.2351003
5 34 2.6292012
5 20 4.569411
5 37 12.276821
5 7 12.203328
5 27 779.5454
5 16 2.6829822
5 23 10.750906
5 25 2000.0
6 31 0.1025347
6 17 1.9695896
7 34 832.635
7 30 0.88627225
7 20 66.70816
7 8 10.719237
7 16 1.4075636
7 23 1.5727266
7 11 972.5
7 25 3.1719759
7 5 12.203328
8 0 2000.0
8 30 0.402269
8 18 1.1595033
8 13 1.8119624
8 11 0.91814774
8 29 1.0423093
8 5 0.6846351
8 34 35.55395
8 2 2.0677116
8 37 1.303919
8 7 10.719237
8 27 1067.7273
8 16 1.5155728
8 23 1.6219897
8 25 2000.0
9 36 0.64796674
9 26 2000.0
9 28 1.1263921
9 10 8.708917
9 22 0.053253114
9 31 0.029403636
9 12 2000.0
9 3 0.7813257
9 4 0.07133672
9 17 0.05108138
9 19 0.07065947
10 26 35.795452
10 28 0.456553
10 24 0.07660832
10 31 1.0194578
10 12 1096.8182
10 9 8.708917
10 17 0.02891917
11 0 2000.0
11 30 0.6783121
11 8 0.91814774
11 18 2.5165365
11 13 1.1997776
11 33 2.2328384
11 29 0.77217686
11 5 3.0550818
11 34 1.9867123
11 20 1.2520797
11 2 2.156995
11 37 1.0566689
11 7 972.5
11 27 692.89777
11 16 1.0742271
11 25 0.6485555
12 26 2000.0
12 32 3.0482664
12 24 0.089566104
12 21 0.090110235
12 3 0.07787292
12 1 71.56705
13 30 114.73251
13 0 0.8506425
13 8 1.8119624
13 18 92.86671
13 33 1.5739112
13 11 1.1997776
13 29 0.9274917
13 5 306.96857
13 34 134.28497
13 20 1.6316932
13 2 0.93203104
13 14 7.446861
13 37 1.6169062
13 27 150.96591
13 16 55.43372
13 25 0.35425273
14 30 8.12265
14 20 2.0839226
14 13 7.446861
14 27 5234.1475
14 33 0.4407934
14 11 2000.0
14 25 2.9589345
15 32 0.07048249
15 21 15.695984
16 34 39.8459
16 30 1.1404364
16 20 23.276888
16 8 1.5155728
16 18 1.0260708
16 13 55.43372
16 7 1.4075636
16 27 1119.8296
16 11 1.0742271
16 23 3.160319
16 25 0.7504351
16 5 2.6829822
17 6 1.9695896
17 26 1034.8864
17 10 0.02891917
17 24 0.07221654
17 31 0.9512907
17 9 0.05108138
17 4 0.15452681
17 19 86.80052
18 30 0.53027546
18 0 2000.0
18 8 1.1595033
18 2 2.3089662
18 37 5.484899
18 13 92.86671
18 16 1.0260708
18 11 2.5165365
18 23 1.0051032
18 29 0.9203262
18 5 1.278061
19 28 151.64319
19 31 0.07662621
19 9 0.07065947
19 4 0.08232885
19 17 86.80052
20 30 2.7238815
20 8 2000.0
20 13 1.6316932
20 33 1.5709838
20 11 1.2520797
20 29 7.410386
20 5 4.569411
20 34 0.9812711
20 2 2.8063266
20 14 2.0839226
20 37 4.6154265
20 7 66.70816
20 27 957.6705
20 16 23.276888
20 25 0.29835024
21 32 555.55554
21 24 1.1303774
21 35 0.03477597
21 12 0.090110235
21 15 15.695984
22 31 2000.0
22 9 0.053253114
22 19 2000.0
23 0 2000.0
23 30 3.782653
23 8 1.6219897
23 2 9.183567
23 37 1.0199666
23 18 1.0051032
23 7 1.5727266
23 16 3.160319
23 11 2000.0
23 29 1.2719746
23 5 10.750906
24 26 37.045452
24 32 0.3409733
24 10 0.07660832
24 21 1.1303774
24 12 0.089566104
24 17 0.07221654
25 0 25.971308
25 30 9.035429
25 13 0.35425273
25 33 0.65508527
25 11 0.6485555
25 29 1.489817
25 34 2.0249634
25 20 0.29835024
25 2 0.46120948
25 14 2.9589345
25 37 43.42695
25 7 3.1719759
25 27 229.14774
25 16 0.7504351
28 36 0.047361646
28 26 51.81818
28 10 0.456553
28 12 1222.3295
28 3 72.91364
28 9 1.1263921
28 19 151.64319
29 0 16.88593
29 30 1.406765
29 8 1.0423093
29 18 0.9203262
29 13 0.9274917
29 33 14.90654
29 11 0.77217686
29 5 3.2351003
29 34 3.2484262
29 20 7.410386
29 2 1.1925619
29 37 0.61391586
29 7 2000.0
29 27 1898.9204
29 16 2000.0
29 23 1.2719746
29 25 1.489817
30 8 0.402269
30 18 0.53027546
30 13 114.73251
30 33 9.22207
30 11 0.6783121
30 29 1.406765
30 5 0.69615996
30 34 0.78974223
30 20 2.7238815
30 2 11.57793
30 14 8.12265
30 37 14.743357
30 7 0.88627225
30 27 147.78409
30 16 1.1404364
30 23 3.782653
30 25 9.035429
31 26 79.88636
31 6 0.1025347
31 10 1.0194578
31 35 35.523552
31 22 2000.0
31 9 0.029403636
31 4 0.06871365
31 17 0.9512907
31 19 0.07662621
32 26 2000.0
32 24 0.3409733
32 21 555.55554
32 12 3.0482664
32 15 0.07048249
33 30 9.22207
33 13 1.5739112
33 11 2.2328384
33 29 14.90654
33 5 2000.0
33 34 2000.0
33 20 1.5709838
33 2 2.4349794
33 14 0.4407934
33 7 2000.0
33 27 698.2386
33 16 2422.443
33 25 0.65508527
34 30 0.78974223
34 20 0.9812711
34 8 35.55395
34 37 2000.0
34 13 134.28497
34 7 832.635
34 27 716.8182
34 16 39.8459
34 11 1.9867123
34 29 3.2484262
34 25 2.0249634
34 5 2.6292012
35 21 0.03477597
35 31 35.523552
36 28 0.047361646
36 3 0.87267053
36 9 0.64796674
37 30 14.743357
37 0 2.213501
37 8 1.303919
37 18 5.484899
37 13 1.6169062
37 11 1.0566689
37 29 0.61391586
37 5 12.276821
37 20 4.6154265
37 2 1.1608236
37 7 3070.5112
37 27 725.7955
37 16 2000.0
37 23 1.0199666
37 25 43.42695
