0 2 0.9860405
0 37 2.5893624
0 13 1.0245531
0 29 27.593748
0 25 11.614282
1 3 0.5671832
1 12 18.921633
2 30 23.67838
2 0 0.9860405
2 8 1.5254811
2 18 3.0677598
2 13 0.7071023
2 33 2.4031873
2 11 1.3998203
2 29 1.1700066
2 20 3.6979065
2 37 0.9929082
2 27 1.4607683
2 16 2000.0
2 23 6.291676
2 25 0.9241787
3 36 0.21063764
3 28 4.5972347
3 24 2000.0
3 12 0.07048204
3 1 0.5671832
3 9 0.5285314
4 31 0.06703747
4 9 0.077476956
4 17 0.16759413
4 19 0.075591736
5 30 0.7240801
5 8 0.47726163
5 18 0.81244826
5 13 30.476624
5 11 5.1656704
5 29 2.7520278
5 34 5.3304996
5 20 2.3198423
5 37 11.112805
5 7 8.842543
5 27 2.0452309
5 16 1.3682055
5 23 3.4678683
5 25 2000.0
6 31 0.12572132
6 17 0.95053905
7 30 0.7573704
7 20 44.75941
7 8 7.623371
7 37 88.888885
7 16 1.3647114
7 23 1.3398099
7 11 33.337463
7 29 2000.0
7 25 1.7011069
7 5 8.842543
8 0 2000.0
8 30 0.5378862
8 18 1.4148039
8 13 0.871281
8 11 0.859625
8 29 0.6474421
8 5 0.47726163
8 34 78.17573
8 2 1.5254811
8 37 1.1935718
8 7 7.623371
8 27 1.2838994
8 16 1.5068804
8 23 0.95170355
8 25 2000.0
9 36 0.73545
9 26 2000.0
9 28 1.582428
9 10 14.8475685
9 22 0.106136985
9 31 0.045863774
9 3 0.5285314
9 4 0.077476956
9 17 0.04842961
9 19 0.06860326
10 26 0.031250764
10 28 0.6557002
10 24 0.10461056
10 31 18.606026
10 12 1355.284
10 9 14.8475685
10 17 0.031371087
11 0 2000.0
11 30 1.0476241
11 8 0.859625
11 18 5.445929
11 13 1.2575334
11 33 3.1455593
11 29 0.6911528
11 5 5.1656704
11 34 2.755179
11 20 1.303513
11 2 1.3998203
11 37 1.4435631
11 7 33.337463
11 27 0.6310604
11 16 0.90584296
11 25 0.8404005
12 26 0.73922676
12 32 9.879366
12 24 0.071811885
12 21 0.11178893
12 3 0.07048204
12 1 18.921633
13 30 29.311195
13 0 1.0245531
13 8 0.871281
13 18 144.56981
13 33 0.96641207
13 11 1.2575334
13 29 0.7085514
13 5 30.476624
13 34 132.53865
13 20 1.3206413
13 2 0.7071023
13 14 6.124074
13 37 1.016741
13 7 2000.0
13 27 0.29700533
13 16 40.645695
13 25 0.21171032
14 30 7.092135
14 20 3.2025666
14 13 6.124074
14 27 2.4097059
14 33 0.42233947
14 11 2000.0
14 25 2.676967
15 32 0.060879085
15 24 245.00002
15 21 6.242616
16 34 45.243286
16 30 1.1374093
16 20 62.196102
16 8 1.5068804
16 18 1.012744
16 13 40.645695
16 7 1.3647114
16 27 1.4546983
16 11 0.90584296
16 23 3.841751
16 25 0.80024314
16 5 1.3682055
17 6 0.95053905
17 26 1.5635241
17 10 0.031371087
17 24 0.12875253
17 31 1.0017205
17 9 0.04842961
17 4 0.16759413
17 19 89.02904
18 0 2000.0
18 30 0.7284861
18 8 1.4148039
18 13 144.56981
18 11 5.445929
18 29 1.2109467
18 5 0.81244826
18 2 3.0677598
18 37 2.4392018
18 7 2000.0
18 27 8.424729
18 16 1.012744
18 23 1.4674131
19 31 0.10516785
19 9 0.06860326
19 17 89.02904
19 4 0.075591736
20 0 2000.0
20 30 5.989714
20 13 1.3206413
20 33 1.4000007
20 11 1.303513
20 29 11.831608
20 5 2.3198423
20 34 0.960877
20 2 3.6979065
20 14 3.2025666
20 37 3.7805574
20 7 44.75941
20 27 2.9212575
20 16 62.196102
20 25 0.46569708
21 26 2000.0
21 32 2000.0
21 10 2000.0
21 24 1.1862531
21 35 0.040426135
21 31 2000.0
21 12 0.11178893
21 15 6.242616
22 31 189.47371
22 9 0.106136985
22 19 2000.0
23 0 2000.0
23 30 1.3965163
23 8 0.95170355
23 2 6.291676
23 37 1.2268474
23 18 1.4674131
23 7 1.3398099
23 16 3.841751
23 11 2000.0
23 29 1.026114
23 5 3.4678683
24 26 0.044802528
24 32 0.20284091
24 10 0.10461056
24 21 1.1862531
24 3 2000.0
24 12 0.071811885
24 15 245.00002
24 17 0.12875253
25 30 27.554363
25 0 11.614282
25 13 0.21171032
25 33 0.75906295
25 11 0.8404005
25 29 2.2960334
25 34 1.730854
25 20 0.46569708
25 2 0.9241787
25 14 2.676967
25 37 61.913784
25 7 1.7011069
25 27 0.27930194
25 16 0.80024314
26 32 45.731815
26 28 0.1159989
26 10 0.031250764
26 24 0.044802528
26 31 0.13517831
26 12 0.73922676
26 17 1.5635241
27 30 0.24551247
27 0 2000.0
27 8 1.2838994
27 18 8.424729
27 13 0.29700533
27 33 0.62241775
27 11 0.6310604
27 29 0.674631
27 5 2.0452309
27 34 1.3197038
27 20 2.9212575
27 2 1.4607683
27 14 2.4097059
27 37 1.1078262
27 7 2000.0
27 16 1.4546983
27 25 0.27930194
28 36 0.037708066
28 26 0.1159989
28 10 0.6557002
28 3 4.5972347
28 12 1470.5682
28 9 1.582428
28 19 1465.8523
29 0 27.593748
29 30 1.0828782
29 8 0.6474421
29 18 1.2109467
29 13 0.7085514
29 33 17.234898
29 11 0.6911528
29 5 2.7520278
29 34 6.0184073
29 20 11.831608
29 2 1.1700066
29 37 0.906034
29 7 2000.0
29 27 0.674631
29 16 2000.0
29 23 1.026114
29 25 2.2960334
30 8 0.5378862
30 18 0.7284861
30 13 29.311195
30 33 5.029044
30 11 1.0476241
30 29 1.0828782
30 5 0.7240801
30 34 1.0637841
30 20 5.989714
30 2 23.67838
30 14 7.092135
30 37 13.323329
30 7 0.7573704
30 27 0.24551247
30 16 1.1374093
30 23 1.3965163
30 25 27.554363
31 26 0.13517831
31 6 0.12572132
31 10 18.606026
31 35 24.202108
31 22 189.47371
31 9 0.045863774
31 4 0.06703747
31 17 1.0017205
31 19 0.10516785
32 26 45.731815
32 24 0.20284091
32 21 2000.0
32 12 9.879366
32 15 0.060879085
33 30 5.029044
33 8 2000.0
33 13 0.96641207
33 11 3.1455593
33 29 17.234898
33 34 2000.0
33 20 1.4000007
33 2 2.4031873
33 14 0.42233947
33 7 2000.0
33 27 0.62241775
33 16 1971.0227
33 25 0.75906295
34 30 1.0637841
34 20 0.960877
34 8 78.17573
34 37 2000.0
34 13 132.53865
34 7 2817.2158
34 27 1.3197038
34 16 45.243286
34 11 2.755179
34 29 6.0184073
34 25 1.730854
34 5 5.3304996
35 21 0.040426135
35 31 24.202108
36 28 0.037708066
36 3 0.21063764
36 9 0.73545
37 30 13.323329
37 0 2.5893624
37 8 1.1935718
37 18 2.4392018
37 13 1.016741
37 11 1.4435631
37 29 0.906034
37 5 11.112805
37 20 3.7805574
37 2 0.9929082
37 7 88.888885
37 27 1.1078262
37 16 2000.0
37 23 1.2268474
37 25 61.913784
