0 8 13.675867
0 2 0.57653874
0 37 1.2511339
0 13 0.5953603
0 11 362.96295
0 29 5.987933
0 25 2000.0
1 3 0.20075758
1 12 68.76819
2 30 19.037848
2 0 0.57653874
2 8 2.272583
2 18 11.519079
2 13 0.41684386
2 33 1.7441708
2 11 0.56204075
2 29 0.8684466
2 20 1.0172926
2 37 1.8104699
2 27 0.5322014
2 23 23.304419
2 25 2.2738516
3 36 0.23571429
3 28 0.09222734
3 24 133.33334
3 12 0.10503254
3 1 0.20075758
3 9 0.33954546
4 31 0.06426411
4 9 0.0695928
4 17 0.080035396
4 19 0.084500745
5 30 0.7947905
5 8 0.9493846
5 18 0.69335383
5 13 2000.0
5 11 1.7302933
5 29 1.9690082
5 34 4.193939
5 20 3.6757302
5 37 2000.0
5 7 12.350167
5 27 2.2925394
5 16 1.495949
5 23 5.7655177
6 31 1.5090225
6 17 1.3295302
7 34 17.517445
7 30 1.1901246
7 20 2.022093
7 8 56.484474
7 37 23.167137
7 27 171.90057
7 16 1.5945977
7 11 8.34054
7 23 1.4493413
7 25 28.921127
7 5 12.350167
8 0 13.675867
8 30 0.7503904
8 18 1.1074764
8 13 3.0103672
8 11 0.6870515
8 29 0.58012396
8 5 0.9493846
8 34 4.049226
8 2 2.272583
8 37 1.5907584
8 7 56.484474
8 27 1.564362
8 16 1.7488616
8 23 1.4424944
9 36 1.2965293
9 26 2000.0
9 28 14.922058
9 10 8.934344
9 22 0.36714703
9 31 0.028714562
9 3 0.33954546
9 12 2000.0
9 17 0.05541404
9 4 0.0695928
9 19 0.07541915
10 26 0.047101006
10 28 0.94215715
10 24 0.0725607
10 31 0.030412214
10 12 7.3495007
10 9 8.934344
10 17 0.02983398
11 0 362.96295
11 30 0.5007127
11 8 0.6870515
11 18 7.577154
11 13 0.43102378
11 33 2.4553702
11 29 0.54078245
11 5 1.7302933
11 34 8.225537
11 20 0.5111402
11 2 0.56204075
11 37 2.3083775
11 7 8.34054
11 27 0.39008707
11 16 0.7471292
11 25 1.6722827
12 26 0.4369376
12 28 4.853133
12 32 0.22438312
12 10 7.3495007
12 24 0.08350432
12 21 0.074865416
12 3 0.10503254
12 1 68.76819
13 30 0.7683368
13 0 0.5953603
13 8 3.0103672
13 18 208.33334
13 33 0.7953376
13 11 0.43102378
13 29 0.9457233
13 34 5.368003
13 20 0.54930884
13 2 0.41684386
13 14 2.6090686
13 37 2.5238993
13 27 0.26929083
13 16 311.39206
13 25 0.6729371
14 20 0.81488657
14 13 2.6090686
14 33 0.790693
14 27 2.8589609
14 11 2000.0
14 25 1.624339
15 32 0.08361454
15 21 1.7948908
16 0 2000.0
16 30 1.0321708
16 8 1.7488616
16 18 1.1404865
16 13 311.39206
16 11 0.7471292
16 29 627.36365
16 5 1.495949
16 20 3.6510735
16 37 143.23341
16 7 1.5945977
16 27 1.4634187
16 23 8.4911995
16 25 1.3767337
17 26 1.75314
17 6 1.3295302
17 10 0.02983398
17 24 0.31323028
17 31 1.0948092
17 9 0.05541404
17 4 0.080035396
17 19 1.6069163
18 30 0.6884258
18 0 2000.0
18 8 1.1074764
18 13 208.33334
18 11 7.577154
18 29 0.9867155
18 5 0.69335383
18 2 11.519079
18 37 1.3435147
18 7 2000.0
18 27 2.2230878
18 16 1.1404865
18 23 1.331343
19 31 0.07614791
19 9 0.07541915
19 17 1.6069163
19 4 0.084500745
20 30 3.9622035
20 13 0.54930884
20 33 1.089874
20 11 0.5111402
20 29 1.37896
20 5 3.6757302
20 34 1.2076168
20 2 1.0172926
20 14 0.81488657
20 37 8.797231
20 7 2.022093
20 27 0.37940064
20 16 3.6510735
20 25 0.61300504
21 32 2000.0
21 24 0.10826271
21 35 0.04487851
21 12 0.074865416
21 15 1.7948908
22 6 1676.591
22 31 1121.8182
22 9 0.36714703
22 19 1203.9772
23 0 2000.0
23 30 1.4691342
23 2 23.304419
23 8 1.4424944
23 37 10.048115
23 18 1.331343
23 7 1.4493413
23 16 8.4911995
23 11 2000.0
23 29 8.836548
23 5 5.7655177
24 26 0.08220144
24 32 0.13098088
24 10 0.0725607
24 21 0.10826271
24 31 11.0497675
24 12 0.08350432
24 3 133.33334
24 15 2000.0
24 17 0.31323028
25 0 2000.0
25 30 4.0217586
25 13 0.6729371
25 33 0.5875081
25 11 1.6722827
25 29 3.8510365
25 34 3.8320317
25 20 0.61300504
25 2 2.2738516
25 14 1.624339
25 37 20.002674
25 7 28.921127
25 27 0.8579693
25 16 1.3767337
26 32 27.65199
26 28 0.04100464
26 10 0.047101006
26 24 0.08220144
26 31 0.07028959
26 12 0.4369376
26 17 1.75314
27 0 2000.0
27 30 0.19084495
27 8 1.564362
27 18 2.2230878
27 13 0.26929083
27 33 0.7448304
27 11 0.39008707
27 29 0.4250825
27 5 2.2925394
27 34 1.7273295
27 20 0.37940064
27 2 0.5322014
27 14 2.8589609
27 37 5.0220556
27 7 171.90057
27 16 1.4634187
27 25 0.8579693
28 36 0.04923512
28 26 0.04100464
28 10 0.94215715
28 3 0.09222734
28 12 4.853133
28 9 14.922058
29 0 5.987933
29 30 4.2087674
29 8 0.58012396
29 18 0.9867155
29 13 0.9457233
29 11 0.54078245
29 5 1.9690082
29 34 8.254284
29 20 1.37896
29 2 0.8684466
29 37 0.9792682
29 7 2000.0
29 27 0.4250825
29 16 627.36365
29 23 8.836548
29 25 3.8510365
30 0 2000.0
30 8 0.7503904
30 18 0.6884258
30 13 0.7683368
30 33 3.818768
30 11 0.5007127
30 29 4.2087674
30 5 0.7947905
30 34 4.511416
30 20 3.9622035
30 2 19.037848
30 14 2000.0
30 37 8.1313925
30 7 1.1901246
30 27 0.19084495
30 16 1.0321708
30 23 1.4691342
30 25 4.0217586
31 26 0.07028959
31 6 1.5090225
31 10 0.030412214
31 24 11.0497675
31 9 0.028714562
31 17 1.0948092
31 4 0.06426411
31 19 0.07614791
32 26 27.65199
32 24 0.13098088
32 12 0.22438312
32 15 0.08361454
33 30 3.818768
33 13 0.7953376
33 11 2.4553702
33 29 2382.1023
33 5 2000.0
33 34 2000.0
33 20 1.089874
33 2 1.7441708
33 14 0.790693
33 7 2000.0
33 27 0.7448304
33 16 2000.0
33 25 0.5875081
34 30 4.511416
34 20 1.2076168
34 8 4.049226
34 7 17.517445
34 13 5.368003
34 27 1.7273295
34 16 2536.0227
34 11 8.225537
34 25 3.8320317
34 29 8.254284
34 5 4.193939
35 21 0.04487851
36 26 1487.3864
36 28 0.04923512
36 3 0.23571429
36 9 1.2965293
37 30 8.1313925
37 0 1.2511339
37 8 1.5907584
37 18 1.3435147
37 13 2.5238993
37 11 2.3083775
37 29 0.9792682
37 20 8.797231
37 2 1.8104699
37 7 23.167137
37 27 5.0220556
37 16 143.23341
37 23 10.048115
37 25 20.002674
