0 2 1.9828614
0 37 2.887352
0 13 0.81267923
0 25 52.253883
0 29 62.59502
1 3 1.1232327
1 12 33.79059
2 30 20.006016
2 0 1.9828614
2 8 1.6959842
2 18 2.3692548
2 13 0.6735333
2 33 3.4551895
2 11 2.3355246
2 29 1.3579478
2 20 3.449613
2 37 1.6420252
2 27 1.2011623
2 16 2000.0
2 23 9.490679
2 25 1.1701263
3 36 1.2269397
3 28 32.91158
3 24 2000.0
3 12 0.07365206
3 1 1.1232327
3 9 0.35433996
4 31 0.06746525
4 9 0.08190471
4 17 0.11912287
4 19 0.06893016
5 30 0.887112
5 8 1.5925059
5 18 1.0139003
5 13 47.347588
5 11 4.116545
5 29 4.26445
5 34 4.8491774
5 20 3.0951178
5 37 5.445107
5 7 13.884848
5 27 3.5938723
5 16 1.6011214
5 23 2.1010125
5 25 2000.0
6 31 0.18512483
6 17 8.549311
7 30 0.7125558
7 20 71.86622
7 8 6.1540217
7 16 1.0877111
7 11 1309.8864
7 23 1.2070365
7 25 3.101939
7 5 13.884848
8 0 2000.0
8 30 0.46932748
8 18 2.1777759
8 13 0.83163387
8 11 1.2768257
8 29 1.1870608
8 5 1.5925059
8 34 34.730564
8 2 1.6959842
8 37 1.0419396
8 7 6.1540217
8 27 2.3846955
8 16 2.085409
8 23 1.5384288
8 25 2000.0
9 36 0.421783
9 26 2000.0
9 28 0.7794226
9 10 10.280747
9 22 0.05468917
9 31 0.029977283
9 12 2000.0
9 3 0.35433996
9 4 0.08190471
9 17 0.03383942
9 19 0.0672714
10 26 0.03128726
10 28 0.5148502
10 24 0.07730133
10 31 1.7001392
10 12 1596.9886
10 9 10.280747
10 17 0.03183651
11 0 2000.0
11 30 0.79196584
11 8 1.2768257
11 18 7.862911
11 13 1.3226413
11 33 1.9799894
11 29 1.6855979
11 5 4.116545
11 34 3.147092
11 20 1.4053159
11 2 2.3355246
11 37 1.8430161
11 7 1309.8864
11 27 0.8772361
11 16 2.0392795
11 25 0.5359591
12 26 0.24921629
12 32 4.7158537
12 24 0.07425606
12 21 0.13508981
12 3 0.07365206
12 1 33.79059
13 30 58.810814
13 0 0.81267923
13 8 0.83163387
13 18 39.18333
13 33 0.9915215
13 11 1.3226413
13 29 0.90060663
13 5 47.347588
13 34 3318.2954
13 20 1.1062062
13 2 0.6735333
13 14 4.5665336
13 37 1.2555043
13 7 2000.0
13 27 0.2270988
13 16 282.35458
13 25 0.25136817
14 30 28.27151
14 20 6.146172
14 13 4.5665336
14 27 2.5450487
14 33 0.34112605
14 11 2000.0
14 25 2.1948247
15 32 0.07253167
15 21 7.978699
16 0 2000.0
16 30 1.1406106
16 8 2.085409
16 18 1.3226929
16 13 282.35458
16 11 2.0392795
16 29 49.425007
16 5 1.6011214
16 34 59.827473
16 20 286.08728
16 7 1.0877111
16 27 1.4723699
16 23 2.9326613
16 25 1.001018
17 6 8.549311
17 26 1.8923424
17 10 0.03183651
17 24 0.051705778
17 31 0.98277134
17 9 0.03383942
17 4 0.11912287
17 19 88.888885
18 0 2000.0
18 30 0.9448226
18 8 2.1777759
18 2 2.3692548
18 37 5.368358
18 13 39.18333
18 27 77.279884
18 16 1.3226929
18 11 7.862911
18 23 1.4984268
18 29 2.080702
18 5 1.0139003
19 28 79.83102
19 31 0.09437361
19 9 0.0672714
19 4 0.06893016
19 17 88.888885
20 30 3.2159326
20 8 2000.0
20 13 1.1062062
20 33 1.0475539
20 11 1.4053159
20 29 19.287086
20 5 3.0951178
20 34 1.1441437
20 2 3.449613
20 14 6.146172
20 37 10.120883
20 7 71.86622
20 27 1.3113046
20 16 286.08728
20 25 0.73903865
21 26 2000.0
21 32 2000.0
21 24 1.0985749
21 35 0.047470674
21 31 2000.0
21 12 0.13508981
21 15 7.978699
22 31 90.51263
22 9 0.05468917
22 19 2000.0
23 0 2000.0
23 30 2.1584733
23 8 1.5384288
23 2 9.490679
23 37 1.5710086
23 18 1.4984268
23 7 1.2070365
23 16 2.9326613
23 11 2000.0
23 29 1.1975267
23 5 2.1010125
24 26 0.048270755
24 32 0.19848487
24 10 0.07730133
24 21 1.0985749
24 12 0.07425606
24 15 2000.0
24 17 0.051705778
25 30 8.910398
25 0 52.253883
25 13 0.25136817
25 33 0.61262023
25 11 0.5359591
25 29 3.2415428
25 34 4.133055
25 20 0.73903865
25 2 1.1701263
25 14 2.1948247
25 37 26.666666
25 7 3.101939
25 27 0.23782198
25 16 1.001018
26 32 143.89774
26 28 0.14205967
26 10 0.03128726
26 24 0.048270755
26 31 0.2177723
26 12 0.24921629
26 17 1.8923424
27 30 0.20231763
27 0 2000.0
27 8 2.3846955
27 18 77.279884
27 13 0.2270988
27 33 0.6712022
27 11 0.8772361
27 29 0.7878548
27 5 3.5938723
27 34 0.8500504
27 20 1.3113046
27 2 1.2011623
27 14 2.5450487
27 37 1.5159949
27 7 3753.2954
27 16 1.4723699
27 25 0.23782198
28 36 0.035073433
28 26 0.14205967
28 10 0.5148502
28 3 32.91158
28 12 1208.8069
28 9 0.7794226
28 19 79.83102
29 0 62.59502
29 30 1.1584476
29 8 1.1870608
29 18 2.080702
29 13 0.90060663
29 33 33.129147
29 11 1.6855979
29 5 4.26445
29 34 7.37095
29 20 19.287086
29 2 1.3579478
29 37 1.0014355
29 7 2000.0
29 27 0.7878548
29 16 49.425007
29 23 1.1975267
29 25 3.2415428
30 8 0.46932748
30 18 0.9448226
30 13 58.810814
30 33 5.6209273
30 11 0.79196584
30 29 1.1584476
30 5 0.887112
30 34 1.4182885
30 20 3.2159326
30 2 20.006016
30 14 28.27151
30 37 15.145579
30 7 0.7125558
30 27 0.20231763
30 16 1.1406106
30 23 2.1584733
30 25 8.910398
31 26 0.2177723
31 6 0.18512483
31 10 1.7001392
31 35 58.67705
31 22 90.51263
31 9 0.029977283
31 4 0.06746525
31 17 0.98277134
31 19 0.09437361
32 26 143.89774
32 24 0.19848487
32 12 4.7158537
32 15 0.07253167
33 30 5.6209273
33 13 0.9915215
33 11 1.9799894
33 29 33.129147
33 5 2000.0
33 34 2000.0
33 20 1.0475539
33 2 3.4551895
33 14 0.34112605
33 7 2000.0
33 27 0.6712022
33 16 2738.6362
33 25 0.61262023
34 30 1.4182885
34 20 1.1441437
34 8 34.730564
34 37 2000.0
34 7 2260.443
34 27 0.8500504
34 16 59.827473
34 11 3.147092
34 29 7.37095
34 25 4.133055
34 5 4.8491774
35 21 0.047470674
35 31 58.67705
36 28 0.035073433
36 3 1.2269397
36 9 0.421783
37 30 15.145579
37 0 2.887352
37 8 1.0419396
37 18 5.368358
37 13 1.2555043
37 11 1.8430161
37 29 1.0014355
37 5 5.445107
37 20 10.120883
37 2 1.6420252
37 7 2964.4316
37 27 1.5159949
37 16 2000.0
37 23 1.5710086
37 25 26.666666
