0 8 5.6015816
0 2 1.4674873
0 37 0.78686684
0 13 0.9691422
0 11 38.855698
0 29 17.356375
1 3 0.22884016
1 12 73.35208
2 30 25.726063
2 0 1.4674873
2 8 1.165396
2 18 16.887125
2 13 0.59883946
2 33 1.647309
2 11 0.997164
2 29 1.140023
2 20 2.75554
2 37 1.0602169
2 27 1.2753596
2 23 59.592197
2 25 1.341707
3 36 0.26859504
3 28 0.066456415
3 24 266.6667
3 12 0.048088573
3 1 0.22884016
3 9 0.73934025
4 31 0.089528546
4 9 0.07282132
4 17 0.1304633
4 19 0.08203631
5 30 0.6884147
5 8 0.78282833
5 18 0.37831593
5 13 331.34818
5 11 4.7271767
5 29 4.0301657
5 34 2.6843545
5 20 3.516685
5 37 2000.0
5 7 6.0220156
5 27 3.4198816
5 16 1.9253962
5 23 6.6340327
6 31 0.72432953
6 17 0.9849318
7 34 8.165037
7 30 1.0819064
7 20 2.012542
7 37 15.040618
7 16 1.1130255
7 11 4.586382
7 23 0.8670853
7 25 5.4904265
7 5 6.0220156
8 0 5.6015816
8 30 1.2917008
8 18 1.5860156
8 13 2.410505
8 11 1.1065634
8 29 0.8394139
8 5 0.78282833
8 34 6.041514
8 2 1.165396
8 37 1.4683243
8 7 2283.9204
8 27 2.0261693
8 16 1.5054233
8 23 0.91862833
9 36 1.6599748
9 28 2.2683115
9 10 7.650488
9 22 0.14601114
9 31 0.033928663
9 3 0.73934025
9 17 0.038343985
9 4 0.07282132
9 19 0.06775795
10 26 0.029873936
10 28 0.81016636
10 24 0.03962451
10 31 0.034595963
10 12 7.112985
10 9 7.650488
10 17 0.02930195
11 0 38.855698
11 30 0.5732369
11 8 1.1065634
11 18 22.23812
11 13 0.77590096
11 33 2.172472
11 29 0.66281825
11 5 4.7271767
11 34 2.9097574
11 20 0.731559
11 2 0.997164
11 37 2.5291915
11 7 4.586382
11 27 0.44057766
11 16 0.7163618
11 25 0.8992847
12 26 0.9658896
12 28 4.5375714
12 32 0.13611259
12 10 7.112985
12 24 0.08400288
12 21 0.08625797
12 3 0.048088573
12 1 73.35208
13 30 4.013932
13 0 0.9691422
13 8 2.410505
13 18 142.85715
13 33 0.84016514
13 11 0.77590096
13 29 0.73510504
13 5 331.34818
13 34 14.732527
13 20 0.502381
13 2 0.59883946
13 14 8.168548
13 37 1.7087022
13 27 0.40673265
13 16 128.54453
13 25 0.58705395
14 20 0.8400438
14 13 8.168548
14 27 3.0578995
14 33 0.6629246
14 11 2000.0
14 25 1.6323159
15 32 0.06721731
15 21 0.65796036
16 30 1.1211731
16 0 2000.0
16 8 1.5054233
16 18 0.9956558
16 13 128.54453
16 11 0.7163618
16 29 22.305193
16 5 1.9253962
16 20 6.182529
16 37 16.451284
16 7 1.1130255
16 27 1.3875247
16 23 8.066659
16 25 0.9142792
17 26 1.9367536
17 6 0.9849318
17 10 0.02930195
17 24 0.26003194
17 31 1.0729939
17 9 0.038343985
17 4 0.1304633
17 19 3.4209335
18 30 0.7765024
18 2 16.887125
18 8 1.5860156
18 37 1.5880545
18 13 142.85715
18 7 2000.0
18 27 3.112216
18 16 0.9956558
18 23 0.9955999
18 11 22.23812
18 29 1.5356354
18 5 0.37831593
19 31 0.08159464
19 9 0.06775795
19 17 3.4209335
19 4 0.08203631
20 30 21.007984
20 13 0.502381
20 33 2.2412798
20 11 0.731559
20 29 3.1049604
20 5 3.516685
20 34 0.7932281
20 2 2.75554
20 14 0.8400438
20 37 3.0097046
20 7 2.012542
20 27 0.658098
20 16 6.182529
20 25 0.32921243
21 26 2000.0
21 32 2000.0
21 10 2000.0
21 24 0.17948756
21 35 0.036432683
21 12 0.08625797
21 15 0.65796036
22 6 1146.591
22 31 1246.0796
22 9 0.14601114
22 19 1462.216
23 30 1.308596
23 0 2000.0
23 2 59.592197
23 8 0.91862833
23 37 3.7990632
23 18 0.9955999
23 7 0.8670853
23 16 8.066659
23 11 2000.0
23 29 2.306834
23 5 6.6340327
24 26 0.05563198
24 32 0.121157624
24 10 0.03962451
24 21 0.17948756
24 31 3.658958
24 12 0.08400288
24 3 266.6667
24 15 2000.0
24 17 0.26003194
25 30 2.9231582
25 13 0.58705395
25 33 0.38541615
25 11 0.8992847
25 29 4.693208
25 34 1.0826961
25 20 0.32921243
25 2 1.341707
25 14 1.6323159
25 37 13.185065
25 7 5.4904265
25 27 0.70426553
25 16 0.9142792
26 36 229.47957
26 32 24.202652
26 28 0.061412316
26 10 0.029873936
26 24 0.05563198
26 31 0.082734615
26 12 0.9658896
26 17 1.9367536
27 0 2000.0
27 30 1.1251857
27 8 2.0261693
27 18 3.112216
27 13 0.40673265
27 33 0.9714712
27 11 0.44057766
27 29 1.6139187
27 5 3.4198816
27 34 1.0744828
27 20 0.658098
27 2 1.2753596
27 14 3.0578995
27 37 1.7238914
27 7 3011.875
27 16 1.3875247
27 25 0.70426553
28 36 0.12847537
28 26 0.061412316
28 10 0.81016636
28 3 0.066456415
28 12 4.5375714
28 9 2.2683115
29 0 17.356375
29 30 7.270547
29 8 0.8394139
29 18 1.5356354
29 13 0.73510504
29 11 0.66281825
29 5 4.0301657
29 34 13.562924
29 20 3.1049604
29 2 1.140023
29 37 1.1720766
29 7 2000.0
29 27 1.6139187
29 16 22.305193
29 23 2.306834
29 25 4.693208
30 0 2000.0
30 8 1.2917008
30 18 0.7765024
30 13 4.013932
30 33 3.0714755
30 11 0.5732369
30 29 7.270547
30 5 0.6884147
30 34 1.6631492
30 20 21.007984
30 2 25.726063
30 37 11.277968
30 7 1.0819064
30 27 1.1251857
30 16 1.1211731
30 23 1.308596
30 25 2.9231582
31 26 0.082734615
31 6 0.72432953
31 10 0.034595963
31 24 3.658958
31 9 0.033928663
31 17 1.0729939
31 4 0.089528546
31 19 0.08159464
32 26 24.202652
32 24 0.121157624
32 12 0.13611259
32 15 0.06721731
33 34 2000.0
33 30 3.0714755
33 20 2.2412798
33 2 1.647309
33 14 0.6629246
33 7 2000.0
33 13 0.84016514
33 27 0.9714712
33 16 2226.3638
33 11 2.172472
33 29 1349.034
33 25 0.38541615
34 30 1.6631492
34 20 0.7932281
34 8 6.041514
34 13 14.732527
34 7 8.165037
34 27 1.0744828
34 16 1215.0568
34 11 2.9097574
34 25 1.0826961
34 29 13.562924
34 5 2.6843545
35 21 0.036432683
36 26 229.47957
36 28 0.12847537
36 3 0.26859504
36 9 1.6599748
37 30 11.277968
37 0 0.78686684
37 8 1.4683243
37 18 1.5880545
37 13 1.7087022
37 11 2.5291915
37 29 1.1720766
37 20 3.0097046
37 2 1.0602169
37 7 15.040618
37 27 1.7238914
37 16 16.451284
37 23 3.7990632
37 25 13.185065
