0 8 1942.8977
0 2 1.1162038
0 37 3.1601758
0 13 0.8395579
0 25 28.403269
0 29 23.298063
1 3 0.7081012
1 12 9.893869
2 30 19.534475
2 0 1.1162038
2 8 1.4661864
2 18 3.7145753
2 13 0.5301778
2 33 2.0339503
2 11 2.9526005
2 29 1.1052995
2 20 3.4081142
2 37 0.8490449
2 27 1.1248529
2 16 2000.0
2 23 9.753473
2 25 0.5316016
3 36 0.6261914
3 28 8.342347
3 24 2000.0
3 12 0.0495499
3 1 0.7081012
3 9 0.48908353
4 31 0.07358725
4 9 0.0921951
4 17 0.117106944
4 19 0.06968715
5 30 0.8782228
5 8 0.90384686
5 18 1.3209114
5 13 31.501184
5 11 2.7264802
5 29 7.936545
5 34 1.7326009
5 20 2.1256928
5 37 20.191479
5 7 10.747496
5 27 1.7157384
5 16 1.2462205
5 23 3.5379944
5 25 2000.0
6 31 0.1700261
6 17 0.776272
7 34 2000.0
7 30 0.56924564
7 20 136.08116
7 8 6.7315273
7 16 1.2767931
7 23 1.7542955
7 11 170.08212
7 25 3.3379188
7 5 10.747496
8 0 1942.8977
8 30 0.41652745
8 18 1.362161
8 13 0.9164123
8 11 1.0769514
8 29 0.7460679
8 5 0.90384686
8 34 35.823864
8 2 1.4661864
8 37 1.0776197
8 7 6.7315273
8 27 1.4405671
8 16 1.5207815
8 23 0.80363166
8 25 2000.0
9 36 0.6206843
9 26 2000.0
9 28 1.8552054
9 10 16.36049
9 22 0.054611374
9 31 0.029220777
9 3 0.48908353
9 4 0.0921951
9 17 0.034335542
9 19 0.06420192
10 26 0.029335959
10 28 0.21362822
10 24 0.09357253
10 31 61.049076
10 12 105.165276
10 9 16.36049
10 17 0.039465025
11 0 2000.0
11 30 0.71991265
11 8 1.0769514
11 18 10.002736
11 13 1.4091434
11 33 1.8258394
11 29 1.6118338
11 5 2.7264802
11 34 2.6360512
11 20 1.0613123
11 2 2.9526005
11 37 1.8298534
11 7 170.08212
11 27 0.87289685
11 16 1.2791326
11 25 0.8681848
12 26 3.1127458
12 32 1.9871658
12 10 105.165276
12 24 0.066292316
12 21 0.3135146
12 3 0.0495499
12 1 9.893869
13 30 62.0713
13 0 0.8395579
13 8 0.9164123
13 18 120.27882
13 33 0.748113
13 11 1.4091434
13 29 1.2889453
13 5 31.501184
13 34 131.58286
13 20 1.7744492
13 2 0.5301778
13 14 9.660981
13 37 1.5939876
13 7 2000.0
13 27 0.3925814
13 16 64.90098
13 25 0.23843339
14 30 8.912206
14 20 3.0353453
14 13 9.660981
14 27 2.1069427
14 33 0.44211167
14 11 2000.0
14 25 2.17833
15 32 0.08285282
15 21 7.6885715
16 0 2000.0
16 30 1.1209027
16 8 1.5207815
16 18 2.1978695
16 13 64.90098
16 11 1.2791326
16 5 1.2462205
16 34 54.17801
16 20 18.804308
16 7 1.2767931
16 27 1.4019984
16 23 2.9656372
16 25 2.5823774
17 6 0.776272
17 26 1.48821
17 10 0.039465025
17 24 0.25458232
17 31 0.97380954
17 9 0.034335542
17 4 0.117106944
17 19 85.835236
18 0 2000.0
18 30 0.7029526
18 8 1.362161
18 13 120.27882
18 11 10.002736
18 29 1.37534
18 5 1.3209114
18 2 3.7145753
18 37 2.1154175
18 7 2000.0
18 27 22.341692
18 16 2.1978695
18 23 1.8543106
19 28 170.66734
19 31 0.08288364
19 9 0.06420192
19 4 0.06968715
19 17 85.835236
20 30 1.1064433
20 13 1.7744492
20 33 0.872868
20 11 1.0613123
20 29 10.560267
20 5 2.1256928
20 34 0.9676552
20 2 3.4081142
20 14 3.0353453
20 37 4.3741884
20 7 136.08116
20 27 1.3885405
20 16 18.804308
20 25 0.32670972
21 26 2000.0
21 32 2000.0
21 24 1.7234337
21 35 0.037469845
21 31 2000.0
21 12 0.3135146
21 15 7.6885715
22 31 62.13514
22 9 0.054611374
22 19 2000.0
23 0 2000.0
23 30 2.1259153
23 8 0.80363166
23 2 9.753473
23 37 2.2008169
23 18 1.8543106
23 7 1.7542955
23 16 2.9656372
23 11 2000.0
23 29 1.1644695
23 5 3.5379944
24 26 0.047322184
24 32 0.36882183
24 10 0.09357253
24 21 1.7234337
24 12 0.066292316
24 15 2000.0
24 17 0.25458232
25 0 28.403269
25 30 20.107231
25 13 0.23843339
25 33 0.67766535
25 11 0.8681848
25 29 2.159927
25 34 2.7926314
25 20 0.32670972
25 2 0.5316016
25 14 2.17833
25 37 35.95184
25 7 3.3379188
25 27 0.26800358
25 16 2.5823774
26 32 17.758665
26 28 0.07267712
26 10 0.029335959
26 24 0.047322184
26 31 0.20431353
26 12 3.1127458
26 17 1.48821
27 30 0.2764087
27 0 2000.0
27 8 1.4405671
27 18 22.341692
27 13 0.3925814
27 33 0.549368
27 11 0.87289685
27 29 1.4373758
27 5 1.7157384
27 34 1.1522475
27 20 1.3885405
27 2 1.1248529
27 14 2.1069427
27 37 0.9747315
27 7 3315.1516
27 16 1.4019984
27 25 0.26800358
28 36 0.04386139
28 26 0.07267712
28 10 0.21362822
28 3 8.342347
28 12 1203.8636
28 9 1.8552054
28 19 170.66734
29 0 23.298063
29 30 4.5889688
29 8 0.7460679
29 18 1.37534
29 13 1.2889453
29 33 29.107502
29 11 1.6118338
29 5 7.936545
29 34 4.2704535
29 20 10.560267
29 2 1.1052995
29 37 1.5769584
29 7 2000.0
29 27 1.4373758
29 16 2000.0
29 23 1.1644695
29 25 2.159927
30 8 0.41652745
30 18 0.7029526
30 13 62.0713
30 33 4.6333647
30 11 0.71991265
30 29 4.5889688
30 5 0.8782228
30 34 1.04257
30 20 1.1064433
30 2 19.534475
30 14 8.912206
30 37 25.409561
30 7 0.56924564
30 27 0.2764087
30 16 1.1209027
30 23 2.1259153
30 25 20.107231
31 26 0.20431353
31 6 0.1700261
31 10 61.049076
31 35 63.67522
31 22 62.13514
31 9 0.029220777
31 4 0.07358725
31 17 0.97380954
31 19 0.08288364
32 26 17.758665
32 24 0.36882183
32 12 1.9871658
32 15 0.08285282
33 30 4.6333647
33 8 2000.0
33 13 0.748113
33 11 1.8258394
33 29 29.107502
33 34 2000.0
33 20 0.872868
33 2 2.0339503
33 14 0.44211167
33 7 2000.0
33 27 0.549368
33 16 3017.898
33 25 0.67766535
34 30 1.04257
34 20 0.9676552
34 8 35.823864
34 37 2000.0
34 7 2000.0
34 13 131.58286
34 27 1.1522475
34 16 54.17801
34 11 2.6360512
34 29 4.2704535
34 25 2.7926314
34 5 1.7326009
35 21 0.037469845
35 31 63.67522
36 28 0.04386139
36 3 0.6261914
36 9 0.6206843
37 30 25.409561
37 0 3.1601758
37 8 1.0776197
37 18 2.1154175
37 13 1.5939876
37 11 1.8298534
37 29 1.5769584
37 5 20.191479
37 20 4.3741884
37 2 0.8490449
37 7 2791.4204
37 27 0.9747315
37 16 2000.0
37 23 2.2008169
37 25 35.95184
