0 2 1.6375445
0 37 4.7478876
0 13 0.82155824
0 25 33.37192
0 29 24.253439
1 3 0.9709189
1 12 33.42216
2 30 8.842131
2 0 1.6375445
2 8 1.2686474
2 18 3.6303294
2 13 0.5392767
2 33 1.928878
2 11 2.2802055
2 29 1.311963
2 20 9.148375
2 37 0.94527584
2 27 0.88383836
2 16 2000.0
2 23 7.028146
2 25 0.5033114
3 36 0.39365992
3 28 53.290356
3 24 2000.0
3 12 0.06804769
3 1 0.9709189
3 9 0.3086641
4 31 0.06979321
4 9 0.08597544
4 17 0.21590541
4 19 0.07807917
5 30 0.7406762
5 8 0.8217161
5 18 1.0628844
5 13 40.14694
5 11 2.2748272
5 29 3.0101826
5 34 3.14825
5 20 4.5042114
5 37 5.451528
5 7 8.755021
5 27 3.833305
5 16 2.1139698
5 23 8.508544
5 25 2000.0
6 31 0.17069282
6 17 2.3028188
7 30 0.8520603
7 20 103.06363
7 8 9.68304
7 37 147.72943
7 16 0.95134944
7 23 1.9357293
7 25 5.1710196
7 5 8.755021
8 0 2000.0
8 30 0.47270706
8 18 1.3119053
8 13 0.72492105
8 11 0.9103409
8 29 0.9443477
8 5 0.8217161
8 34 54.94011
8 2 1.2686474
8 37 1.3610461
8 7 9.68304
8 27 1.7788408
8 16 2.5976772
8 23 1.8143367
8 25 2000.0
9 36 0.5851914
9 26 2000.0
9 28 0.92672926
9 10 19.58725
9 22 0.053015027
9 31 0.028998002
9 12 2000.0
9 3 0.3086641
9 4 0.08597544
9 17 0.028391633
9 19 0.062683284
10 26 0.031445604
10 28 0.46371192
10 24 0.07911255
10 31 0.7165072
10 12 1187.1023
10 9 19.58725
10 17 0.03186553
11 0 2000.0
11 30 1.1945435
11 8 0.9103409
11 18 9.767432
11 13 1.6599499
11 33 1.9278759
11 29 1.6216908
11 5 2.2748272
11 34 2.256076
11 20 1.9397788
11 2 2.2802055
11 37 1.630593
11 7 1348.2386
11 27 0.9318247
11 16 1.0855751
11 25 1.011232
12 26 0.5467745
12 32 3.2488215
12 24 0.06966282
12 21 0.14087057
12 3 0.06804769
12 1 33.42216
12 15 2000.0
13 30 27.03812
13 0 0.82155824
13 8 0.72492105
13 18 49.321968
13 33 1.5053318
13 11 1.6599499
13 29 1.1082424
13 5 40.14694
13 34 250.02034
13 20 1.3749243
13 2 0.5392767
13 14 4.17721
13 37 1.1820016
13 7 2000.0
13 27 0.2886291
13 16 3481.7046
13 25 0.23425324
14 34 2000.0
14 30 5.907329
14 20 4.3888555
14 13 4.17721
14 27 2.508172
14 33 0.39988306
14 11 2000.0
14 25 1.9496804
15 32 0.07996559
15 21 8.06646
16 34 33.313637
16 0 2000.0
16 30 1.0669228
16 20 89.56656
16 8 2.5976772
16 18 2.1282694
16 7 0.95134944
16 27 1.4490051
16 11 1.0855751
16 23 4.1849933
16 25 2.2218897
16 5 2.1139698
17 6 2.3028188
17 26 1.3631155
17 10 0.03186553
17 24 0.08022493
17 31 0.93588525
17 9 0.028391633
17 4 0.21590541
17 19 124.68182
18 0 2000.0
18 30 1.1548095
18 8 1.3119053
18 13 49.321968
18 11 9.767432
18 29 0.9362103
18 5 1.0628844
18 2 3.6303294
18 37 3.454931
18 7 2000.0
18 27 134.47597
18 16 2.1282694
18 23 1.4309429
19 28 165.81366
19 31 0.0820814
19 9 0.062683284
19 4 0.07807917
19 17 124.68182
20 30 4.628758
20 13 1.3749243
20 33 1.4437182
20 11 1.9397788
20 29 8.471217
20 5 4.5042114
20 34 0.7692667
20 2 9.148375
20 14 4.3888555
20 37 6.323619
20 7 103.06363
20 27 0.78656036
20 16 89.56656
20 25 0.5185673
21 26 2000.0
21 32 2000.0
21 24 0.68656886
21 35 0.03438365
21 31 2000.0
21 12 0.14087057
21 15 8.06646
22 31 83.333336
22 9 0.053015027
22 19 2000.0
23 0 2000.0
23 30 2.7813034
23 8 1.8143367
23 2 7.028146
23 37 1.7548937
23 18 1.4309429
23 7 1.9357293
23 16 4.1849933
23 11 2000.0
23 29 1.9038718
23 5 8.508544
24 26 0.0501901
24 32 0.27711678
24 10 0.07911255
24 21 0.68656886
24 12 0.06966282
24 15 2000.0
24 17 0.08022493
25 0 33.37192
25 30 11.065187
25 13 0.23425324
25 33 0.5728661
25 11 1.011232
25 29 1.7996855
25 34 2.471384
25 20 0.5185673
25 2 0.5033114
25 14 1.9496804
25 37 66.4183
25 7 5.1710196
25 27 0.25810358
25 16 2.2218897
26 32 1202.8977
26 28 0.067479946
26 10 0.031445604
26 24 0.0501901
26 31 0.17850581
26 12 0.5467745
26 17 1.3631155
27 30 0.23159586
27 0 2000.0
27 8 1.7788408
27 18 134.47597
27 13 0.2886291
27 33 0.8372597
27 11 0.9318247
27 29 0.8925142
27 5 3.833305
27 34 1.0524592
27 20 0.78656036
27 2 0.88383836
27 14 2.508172
27 37 0.92471343
27 7 2000.0
27 16 1.4490051
27 25 0.25810358
28 36 0.035080384
28 26 0.067479946
28 10 0.46371192
28 12 1208.8069
28 3 53.290356
28 9 0.92672926
28 19 165.81366
29 0 24.253439
29 30 2.0815508
29 8 0.9443477
29 18 0.9362103
29 13 1.1082424
29 33 12.465074
29 11 1.6216908
29 5 3.0101826
29 34 3.24172
29 20 8.471217
29 2 1.311963
29 37 0.6171563
29 7 2000.0
29 27 0.8925142
29 16 2000.0
29 23 1.9038718
29 25 1.7996855
30 8 0.47270706
30 18 1.1548095
30 13 27.03812
30 33 5.586837
30 11 1.1945435
30 29 2.0815508
30 5 0.7406762
30 34 0.97096187
30 20 4.628758
30 2 8.842131
30 14 5.907329
30 37 9.878013
30 7 0.8520603
30 27 0.23159586
30 16 1.0669228
30 23 2.7813034
30 25 11.065187
31 26 0.17850581
31 6 0.17069282
31 10 0.7165072
31 35 23.301138
31 22 83.333336
31 9 0.028998002
31 4 0.06979321
31 17 0.93588525
31 19 0.0820814
32 24 0.27711678
32 12 3.2488215
32 15 0.07996559
33 30 5.586837
33 8 2000.0
33 13 1.5053318
33 11 1.9278759
33 29 12.465074
33 34 2000.0
33 20 1.4437182
33 2 1.928878
33 14 0.39988306
33 7 2000.0
33 27 0.8372597
33 16 2738.6362
33 25 0.5728661
34 30 0.97096187
34 20 0.7692667
34 8 54.94011
34 37 2000.0
34 7 2000.0
34 27 1.0524592
34 16 33.313637
34 11 2.256076
34 29 3.24172
34 25 2.471384
34 5 3.14825
35 21 0.03438365
35 31 23.301138
36 28 0.035080384
36 3 0.39365992
36 9 0.5851914
37 30 9.878013
37 0 4.7478876
37 8 1.3610461
37 18 3.454931
37 13 1.1820016
37 11 1.630593
37 29 0.6171563
37 5 5.451528
37 20 6.323619
37 2 0.94527584
37 7 147.72943
37 27 0.92471343
37 16 2000.0
37 23 1.7548937
37 25 66.4183
