0 8 3.832885
0 2 1.2421719
0 37 0.7222799
0 13 0.5884291
0 11 31.746864
0 29 9.001454
1 3 0.25020224
1 12 1202.159
2 30 13.38728
2 0 1.2421719
2 8 1.6031381
2 18 21.352865
2 13 0.39010397
2 33 2.38136
2 11 1.0741574
2 29 1.4388038
2 20 3.9709845
2 37 1.189687
2 27 1.3124456
2 23 46.63791
2 25 2.6802478
3 36 0.20793372
3 28 0.17000811
3 24 450.00003
3 12 0.05229674
3 1 0.25020224
3 9 0.22444114
4 31 0.09451272
4 9 0.085864015
4 17 0.092288956
4 19 0.086261176
5 34 1.4029036
5 30 0.4968371
5 20 2.4819505
5 8 0.4233537
5 37 2000.0
5 18 0.31079552
5 7 3.4103565
5 27 2.2627819
5 16 2.4271097
5 23 13.169679
5 11 3.8079443
5 29 1.7850212
6 22 1571.9034
6 31 0.31902748
6 17 1.1465911
7 34 4.647403
7 30 0.7213624
7 20 1.5560104
7 8 20.64448
7 37 9.568814
7 27 166.81412
7 16 1.2331989
7 11 20.389465
7 23 1.3254095
7 25 11.785511
7 5 3.4103565
8 0 3.832885
8 30 0.853642
8 18 1.1397597
8 13 3.5791326
8 11 0.88301545
8 29 0.8044737
8 5 0.4233537
8 34 2.7885551
8 2 1.6031381
8 37 1.0865943
8 7 20.64448
8 27 1.262843
8 16 1.4774586
8 23 0.79851985
9 36 1.6577443
9 26 2000.0
9 28 3.7547586
9 10 8.336182
9 22 0.23064838
9 31 0.02998534
9 3 0.22444114
9 17 0.04388972
9 4 0.085864015
9 19 0.07930328
10 26 0.032637853
10 28 0.19734846
10 24 0.037935916
10 31 0.04977645
10 12 11.933552
10 9 8.336182
10 17 0.036764156
11 0 31.746864
11 30 0.6261506
11 8 0.88301545
11 18 7.040412
11 13 1.0281346
11 33 2.551678
11 29 0.9502352
11 5 3.8079443
11 34 2.6455348
11 20 1.0700039
11 2 1.0741574
11 37 1.6953219
11 7 20.389465
11 27 0.64533144
11 16 1.1160288
11 25 1.0522033
12 26 1.4968337
12 28 2.939874
12 32 0.2399985
12 10 11.933552
12 24 0.06433503
12 21 0.09641798
12 3 0.05229674
13 30 1.7184582
13 0 0.5884291
13 8 3.5791326
13 18 148.68608
13 33 0.74722886
13 11 1.0281346
13 29 0.7894923
13 5 2000.0
13 34 10.6564455
13 20 0.4620761
13 2 0.39010397
13 14 2.138765
13 37 1.4649096
13 27 0.25527772
13 16 237.07495
13 25 0.4777849
14 20 0.88997537
14 13 2.138765
14 27 1.6380347
14 33 0.37974647
14 11 2000.0
14 25 1.8104683
15 32 0.06871422
15 21 2.121818
16 0 2000.0
16 30 1.1786385
16 8 1.4774586
16 18 1.3322455
16 13 237.07495
16 11 1.1160288
16 29 34.0262
16 5 2.4271097
16 20 8.803443
16 37 32.515976
16 7 1.2331989
16 27 1.3048843
16 23 16.642347
16 25 1.4454514
17 26 2.1947494
17 6 1.1465911
17 10 0.036764156
17 24 0.22140062
17 31 1.3248395
17 9 0.04388972
17 4 0.092288956
17 19 2.8626988
18 30 0.71511364
18 0 2000.0
18 8 1.1397597
18 13 148.68608
18 11 7.040412
18 29 1.0215715
18 5 0.31079552
18 2 21.352865
18 37 2.047817
18 7 2000.0
18 27 4.3118134
18 16 1.3322455
18 23 1.779896
19 31 0.08594698
19 9 0.07930328
19 17 2.8626988
19 4 0.086261176
20 30 18.420597
20 13 0.4620761
20 33 1.2487141
20 11 1.0700039
20 29 2.3756135
20 5 2.4819505
20 34 0.8343595
20 2 3.9709845
20 14 0.88997537
20 37 3.439977
20 7 1.5560104
20 27 0.40707073
20 16 8.803443
20 25 0.44144836
21 32 2000.0
21 24 0.3427056
21 35 0.03359192
21 12 0.09641798
21 15 2.121818
22 6 1571.9034
22 31 1506.9886
22 9 0.23064838
22 19 1339.5455
23 0 2000.0
23 30 1.23157
23 2 46.63791
23 8 0.79851985
23 37 5.0761776
23 18 1.779896
23 7 1.3254095
23 16 16.642347
23 11 2000.0
23 29 2.9443746
23 5 13.169679
24 26 0.070638604
24 32 0.091587886
24 10 0.037935916
24 21 0.3427056
24 31 1.6335632
24 12 0.06433503
24 3 450.00003
24 15 2000.0
24 17 0.22140062
25 30 2.2392082
25 13 0.4777849
25 33 0.3006129
25 11 1.0522033
25 29 2.756373
25 34 2.5335152
25 20 0.44144836
25 2 2.6802478
25 14 1.8104683
25 37 50.0
25 7 11.785511
25 27 0.7199428
25 16 1.4454514
26 36 300.09546
26 32 33.87411
26 28 0.103813104
26 10 0.032637853
26 24 0.070638604
26 31 0.07941699
26 12 1.4968337
26 17 2.1947494
27 0 2000.0
27 30 0.20777267
27 8 1.262843
27 18 4.3118134
27 13 0.25527772
27 33 0.93557554
27 11 0.64533144
27 29 0.58987033
27 5 2.2627819
27 34 1.6557552
27 20 0.40707073
27 2 1.3124456
27 14 1.6380347
27 37 0.6831545
27 7 166.81412
27 16 1.3048843
27 25 0.7199428
28 36 0.04635805
28 26 0.103813104
28 10 0.19734846
28 3 0.17000811
28 12 2.939874
28 9 3.7547586
29 0 9.001454
29 30 4.9833307
29 8 0.8044737
29 18 1.0215715
29 13 0.7894923
29 11 0.9502352
29 5 1.7850212
29 34 10.10996
29 20 2.3756135
29 2 1.4388038
29 37 1.010694
29 7 2000.0
29 27 0.58987033
29 16 34.0262
29 23 2.9443746
29 25 2.756373
30 0 2000.0
30 8 0.853642
30 18 0.71511364
30 13 1.7184582
30 33 5.413224
30 11 0.6261506
30 29 4.9833307
30 5 0.4968371
30 34 0.8374931
30 20 18.420597
30 2 13.38728
30 37 5.197211
30 7 0.7213624
30 27 0.20777267
30 16 1.1786385
30 23 1.23157
30 25 2.2392082
31 26 0.07941699
31 6 0.31902748
31 10 0.04977645
31 24 1.6335632
31 9 0.02998534
31 17 1.3248395
31 4 0.09451272
31 19 0.08594698
32 26 33.87411
32 24 0.091587886
32 12 0.2399985
32 15 0.06871422
33 34 2000.0
33 30 5.413224
33 20 1.2487141
33 2 2.38136
33 14 0.37974647
33 7 2000.0
33 13 0.74722886
33 27 0.93557554
33 16 2000.0
33 11 2.551678
33 29 3444.3184
33 25 0.3006129
34 30 0.8374931
34 20 0.8343595
34 8 2.7885551
34 13 10.6564455
34 7 4.647403
34 27 1.6557552
34 16 1215.0568
34 11 2.6455348
34 25 2.5335152
34 29 10.10996
34 5 1.4029036
35 21 0.03359192
36 26 300.09546
36 28 0.04635805
36 3 0.20793372
36 9 1.6577443
37 30 5.197211
37 0 0.7222799
37 8 1.0865943
37 18 2.047817
37 13 1.4649096
37 11 1.6953219
37 29 1.010694
37 20 3.439977
37 2 1.189687
37 7 9.568814
37 27 0.6831545
37 16 32.515976
37 23 5.0761776
37 25 50.0
