0 2 1.4910485
0 37 3.0828497
0 13 0.865999
0 25 27.272726
0 29 58.926975
1 3 1.5553724
1 12 25.704361
2 30 21.081884
2 0 1.4910485
2 8 1.4108828
2 18 3.2694447
2 13 0.7328418
2 33 2.3643854
2 11 1.7316301
2 29 1.39051
2 20 8.626419
2 37 1.0449339
2 27 1.3142645
2 16 2000.0
2 23 16.275404
2 25 1.3468877
3 36 0.48574573
3 28 40.93435
3 24 2000.0
3 12 0.055039123
3 1 1.5553724
3 9 0.1997392
4 31 0.067541815
4 9 0.08155858
4 17 0.14492889
4 19 0.10725673
5 30 0.67027164
5 8 1.0111325
5 18 0.6863508
5 13 21.71347
5 11 2.0497324
5 29 4.1915555
5 34 5.3748593
5 20 2.88711
5 37 10.425697
5 7 10.275484
5 27 2.4607606
5 16 1.8473911
5 23 4.7438707
5 25 2000.0
6 31 0.15675943
6 17 1.9085866
7 30 1.3858886
7 20 67.90234
7 8 11.259254
7 37 89.0365
7 16 1.3096431
7 11 151.67685
7 23 1.9159926
7 25 6.4465666
7 5 10.275484
8 0 2000.0
8 30 0.6161655
8 18 1.4114196
8 13 1.3355114
8 11 0.89572626
8 29 1.1162238
8 5 1.0111325
8 34 20.36214
8 2 1.4108828
8 37 1.1357073
8 7 11.259254
8 27 1.1811196
8 16 1.7641481
8 23 1.5068287
8 25 2000.0
9 36 0.38327464
9 26 2000.0
9 28 1.7135715
9 10 10.755867
9 22 0.059222475
9 31 0.03920597
9 3 0.1997392
9 12 2000.0
9 4 0.08155858
9 17 0.0329915
9 19 0.06705492
10 26 0.029532647
10 28 0.7794355
10 24 0.07674265
10 31 0.5211399
10 12 85.471375
10 9 10.755867
10 17 0.029683352
11 0 2000.0
11 30 0.7767686
11 8 0.89572626
11 18 6.473248
11 13 1.2386839
11 33 2.3768349
11 29 1.9809628
11 5 2.0497324
11 34 1.3701489
11 20 1.7198964
11 2 1.7316301
11 37 1.1921911
11 7 151.67685
11 27 0.8521353
11 16 0.9263097
11 25 0.91401166
12 26 0.79423887
12 32 6.81452
12 10 85.471375
12 24 0.06714655
12 21 0.46086618
12 3 0.055039123
12 1 25.704361
13 30 20.023226
13 0 0.865999
13 8 1.3355114
13 18 26.00542
13 33 0.96590906
13 11 1.2386839
13 29 1.1066157
13 5 21.71347
13 34 129.17717
13 20 1.0835278
13 2 0.7328418
13 14 3.7686193
13 37 1.4409688
13 7 2000.0
13 27 0.35916546
13 16 376.82956
13 25 0.23629506
14 30 8.913368
14 20 2.2612498
14 13 3.7686193
14 27 2.2897563
14 33 0.44397897
14 11 2000.0
14 25 1.9239125
15 32 0.075962536
15 21 10.405416
15 12 2000.0
16 30 1.72449
16 0 2000.0
16 8 1.7641481
16 18 2.2688212
16 13 376.82956
16 11 0.9263097
16 5 1.8473911
16 34 53.333332
16 20 36.585613
16 7 1.3096431
16 27 1.9496607
16 23 3.9628239
16 25 0.96539885
17 6 1.9085866
17 26 1.9496555
17 10 0.029683352
17 24 0.090932146
17 31 1.2186476
17 9 0.0329915
17 4 0.14492889
17 19 2000.0
18 0 2000.0
18 30 0.65044695
18 8 1.4114196
18 13 26.00542
18 11 6.473248
18 29 1.4465863
18 5 0.6863508
18 2 3.2694447
18 37 1.9981736
18 7 2000.0
18 27 62.82711
18 16 2.2688212
18 23 1.4236869
19 31 0.09755961
19 9 0.06705492
19 4 0.10725673
20 30 3.8379655
20 13 1.0835278
20 33 1.1306936
20 11 1.7198964
20 29 20.906015
20 5 2.88711
20 34 1.1950892
20 2 8.626419
20 14 2.2612498
20 37 5.132089
20 7 67.90234
20 27 1.813004
20 16 36.585613
20 25 0.56144345
21 26 2000.0
21 32 2000.0
21 24 0.75735295
21 35 0.03986282
21 31 2000.0
21 12 0.46086618
21 15 10.405416
22 31 266.6667
22 9 0.059222475
22 19 2000.0
23 0 2000.0
23 30 5.72269
23 8 1.5068287
23 2 16.275404
23 37 1.6172642
23 18 1.4236869
23 7 1.9159926
23 16 3.9628239
23 11 2000.0
23 29 2.9835289
23 5 4.7438707
24 26 0.061442923
24 32 0.3620086
24 10 0.07674265
24 21 0.75735295
24 12 0.06714655
24 15 2000.0
24 17 0.090932146
25 0 27.272726
25 30 13.631031
25 13 0.23629506
25 33 0.70878106
25 11 0.91401166
25 29 2.7042217
25 34 4.316606
25 20 0.56144345
25 2 1.3468877
25 14 1.9239125
25 37 47.963364
25 7 6.4465666
25 27 0.27207682
25 16 0.96539885
26 32 75.00177
26 28 0.06694504
26 10 0.029532647
26 24 0.061442923
26 31 0.25568178
26 12 0.79423887
26 17 1.9496555
27 30 0.22497362
27 0 2000.0
27 8 1.1811196
27 18 62.82711
27 13 0.35916546
27 33 1.0356538
27 11 0.8521353
27 29 1.0919778
27 5 2.4607606
27 34 0.8172011
27 20 1.813004
27 2 1.3142645
27 14 2.2897563
27 37 1.2805984
27 7 2000.0
27 16 1.9496607
27 25 0.27207682
28 36 0.045973748
28 26 0.06694504
28 10 0.7794355
28 3 40.93435
28 12 1208.8069
28 9 1.7135715
28 19 172.2273
29 0 58.926975
29 30 2.1787343
29 8 1.1162238
29 18 1.4465863
29 13 1.1066157
29 33 14.240853
29 11 1.9809628
29 5 4.1915555
29 34 3.7911968
29 20 20.906015
29 2 1.39051
29 37 1.1100537
29 7 2000.0
29 27 1.0919778
29 16 2000.0
29 23 2.9835289
29 25 2.7042217
30 8 0.6161655
30 18 0.65044695
30 13 20.023226
30 33 10.223187
30 11 0.7767686
30 29 2.1787343
30 5 0.67027164
30 34 0.795479
30 20 3.8379655
30 2 21.081884
30 14 8.913368
30 37 9.416528
30 7 1.3858886
30 27 0.22497362
30 16 1.72449
30 23 5.72269
30 25 13.631031
31 26 0.25568178
31 6 0.15675943
31 10 0.5211399
31 35 21.688635
31 22 266.6667
31 9 0.03920597
31 4 0.067541815
31 17 1.2186476
31 19 0.09755961
32 26 75.00177
32 24 0.3620086
32 12 6.81452
32 15 0.075962536
33 30 10.223187
33 13 0.96590906
33 11 2.3768349
33 29 14.240853
33 5 2000.0
33 34 2000.0
33 20 1.1306936
33 2 2.3643854
33 14 0.44397897
33 7 2000.0
33 27 1.0356538
33 16 2738.6362
33 25 0.70878106
34 30 0.795479
34 20 1.1950892
34 8 20.36214
34 37 2000.0
34 7 2000.0
34 13 129.17717
34 27 0.8172011
34 16 53.333332
34 11 1.3701489
34 29 3.7911968
34 25 4.316606
34 5 5.3748593
35 21 0.03986282
35 31 21.688635
36 28 0.045973748
36 3 0.48574573
36 9 0.38327464
37 30 9.416528
37 0 3.0828497
37 8 1.1357073
37 18 1.9981736
37 13 1.4409688
37 11 1.1921911
37 29 1.1100537
37 5 10.425697
37 20 5.132089
37 2 1.0449339
37 7 89.0365
37 27 1.2805984
37 16 2000.0
37 23 1.6172642
37 25 47.963364
