0 8 5.5169826
0 2 1.3371049
0 37 0.74592596
0 13 0.9701714
0 11 20.954355
0 29 16.872847
1 3 0.28071973
1 12 1202.159
2 30 6.631142
2 0 1.3371049
2 8 1.099976
2 18 10.632842
2 13 0.3039595
2 33 1.8261048
2 11 0.7127628
2 29 0.96136147
2 20 4.1333637
2 37 0.8023538
2 27 0.5069607
2 16 2000.0
2 23 100.0
2 25 2.11639
3 36 0.19349602
3 28 0.11849823
3 24 90.00001
3 12 0.092074536
3 1 0.28071973
3 9 0.28054303
4 31 0.082399525
4 9 0.068759166
4 17 0.090795994
4 19 0.08423063
5 30 0.67811716
5 8 0.9215066
5 18 1.2340052
5 13 2000.0
5 11 2.7192633
5 29 4.022502
5 34 14.033155
5 20 5.0575967
5 37 2000.0
5 7 3.3256633
5 27 3.0185547
5 16 1.8712139
5 23 20.70561
6 31 1.3560108
6 17 0.88573277
7 34 8.52631
7 30 0.9154041
7 20 2.7174704
7 8 42.217335
7 37 21.657738
7 27 57.02918
7 16 1.3686763
7 11 5.128364
7 23 1.3863316
7 25 5.7944
7 5 3.3256633
8 0 5.5169826
8 30 0.6808886
8 18 1.089629
8 13 3.252921
8 11 0.8682923
8 29 1.4647448
8 5 0.9215066
8 34 1.8872368
8 2 1.099976
8 37 0.83487344
8 7 42.217335
8 27 2.8251429
8 16 1.4977154
8 23 1.1217107
9 36 0.8892379
9 26 2000.0
9 28 1.2433184
9 10 4.771986
9 22 0.87356913
9 31 0.02813853
9 3 0.28054303
9 17 0.043988273
9 4 0.068759166
9 19 0.06746971
10 26 0.031888004
10 28 0.26713228
10 24 0.04752483
10 31 0.051106907
10 12 8.280019
10 9 4.771986
10 17 0.03283346
11 0 20.954355
11 30 0.47084287
11 8 0.8682923
11 18 5.105972
11 13 0.7011855
11 33 2.3099747
11 29 1.3799404
11 5 2.7192633
11 34 2.5615914
11 20 1.1283095
11 2 0.7127628
11 37 1.2599947
11 7 5.128364
11 27 0.4828614
11 16 0.7765794
11 25 1.2963315
12 26 1.0936135
12 28 5.510716
12 32 0.6152276
12 10 8.280019
12 24 0.07949812
12 21 0.08543738
12 3 0.092074536
13 30 1.8398925
13 0 0.9701714
13 8 3.252921
13 18 1088.8889
13 33 1.0318904
13 11 0.7011855
13 29 0.8993591
13 34 8.761365
13 20 0.9888272
13 2 0.3039595
13 14 3.1992924
13 37 1.8787441
13 27 0.45501563
13 16 61.36902
13 25 0.7478394
14 20 2.144202
14 13 3.1992924
14 33 0.39553568
14 27 2.788502
14 11 2000.0
14 25 5.6067185
15 32 0.075843714
15 21 1.7537086
16 30 1.1202747
16 0 2000.0
16 8 1.4977154
16 18 1.9036661
16 13 61.36902
16 11 0.7765794
16 29 14.025526
16 5 1.8712139
16 20 25.238462
16 37 88.32727
16 7 1.3686763
16 27 1.33964
16 23 17.59394
16 25 1.8320336
17 26 2.0166717
17 6 0.88573277
17 10 0.03283346
17 24 0.18778735
17 31 1.2319896
17 9 0.043988273
17 4 0.090795994
17 19 2.6107426
18 30 0.7092487
18 2 10.632842
18 8 1.089629
18 37 1.5168328
18 13 1088.8889
18 7 2000.0
18 27 2.4855413
18 16 1.9036661
18 23 1.3041024
18 11 5.105972
18 29 1.202148
18 5 1.2340052
19 31 0.08233948
19 9 0.06746971
19 17 2.6107426
19 4 0.08423063
20 30 14.66426
20 13 0.9888272
20 33 1.2829596
20 11 1.1283095
20 29 1.8011597
20 5 5.0575967
20 34 0.85179216
20 2 4.1333637
20 14 2.144202
20 37 1.8710147
20 7 2.7174704
20 27 1.4215049
20 16 25.238462
20 25 0.66125166
21 10 2000.0
21 24 0.81786627
21 35 0.039205067
21 12 0.08543738
21 15 1.7537086
22 6 1615.6818
22 31 1244.1478
22 9 0.87356913
22 19 1329.4886
23 0 2000.0
23 30 1.2340419
23 2 100.0
23 8 1.1217107
23 37 2.909562
23 18 1.3041024
23 7 1.3863316
23 16 17.59394
23 11 2000.0
23 29 3.4016726
23 5 20.70561
24 26 0.109856725
24 32 0.116625875
24 28 2000.0
24 10 0.04752483
24 21 0.81786627
24 31 12.612613
24 3 90.00001
24 12 0.07949812
24 15 2000.0
24 17 0.18778735
25 30 3.5177407
25 13 0.7478394
25 33 0.36571267
25 11 1.2963315
25 29 4.046595
25 34 1.6134201
25 20 0.66125166
25 2 2.11639
25 14 5.6067185
25 37 22.844158
25 7 5.7944
25 27 0.90678406
25 16 1.8320336
26 32 37.36717
26 28 0.029159682
26 10 0.031888004
26 24 0.109856725
26 31 0.069364004
26 12 1.0936135
26 17 2.0166717
27 0 2000.0
27 30 0.21401398
27 8 2.8251429
27 18 2.4855413
27 13 0.45501563
27 33 1.1376791
27 11 0.4828614
27 29 1.3676231
27 5 3.0185547
27 34 1.1434826
27 20 1.4215049
27 2 0.5069607
27 14 2.788502
27 37 0.8002937
27 7 57.02918
27 16 1.33964
27 25 0.90678406
28 36 0.029665897
28 26 0.029159682
28 10 0.26713228
28 3 0.11849823
28 12 5.510716
28 9 1.2433184
29 0 16.872847
29 30 4.041312
29 8 1.4647448
29 18 1.202148
29 13 0.8993591
29 11 1.3799404
29 5 4.022502
29 34 12.282185
29 20 1.8011597
29 2 0.96136147
29 37 0.75224084
29 7 2000.0
29 27 1.3676231
29 16 14.025526
29 23 3.4016726
29 25 4.046595
30 0 2000.0
30 8 0.6808886
30 18 0.7092487
30 13 1.8398925
30 33 2.7124078
30 11 0.47084287
30 29 4.041312
30 5 0.67811716
30 34 2.2003715
30 20 14.66426
30 2 6.631142
30 37 6.384641
30 7 0.9154041
30 27 0.21401398
30 16 1.1202747
30 23 1.2340419
30 25 3.5177407
31 26 0.069364004
31 6 1.3560108
31 10 0.051106907
31 24 12.612613
31 9 0.02813853
31 17 1.2319896
31 4 0.082399525
31 19 0.08233948
32 26 37.36717
32 24 0.116625875
32 12 0.6152276
32 15 0.075843714
33 30 2.7124078
33 8 2000.0
33 13 1.0318904
33 11 2.3099747
33 29 7853.409
33 34 2000.0
33 20 1.2829596
33 2 1.8261048
33 14 0.39553568
33 7 2000.0
33 27 1.1376791
33 16 2000.0
33 25 0.36571267
34 30 2.2003715
34 20 0.85179216
34 8 1.8872368
34 13 8.761365
34 7 8.52631
34 27 1.1434826
34 16 1215.0568
34 11 2.5615914
34 25 1.6134201
34 29 12.282185
34 5 14.033155
35 21 0.039205067
36 26 1204.4886
36 28 0.029665897
36 3 0.19349602
36 9 0.8892379
37 30 6.384641
37 0 0.74592596
37 8 0.83487344
37 18 1.5168328
37 13 1.8787441
37 11 1.2599947
37 29 0.75224084
37 20 1.8710147
37 2 0.8023538
37 7 21.657738
37 27 0.8002937
37 16 88.32727
37 23 2.909562
37 25 22.844158
