0 8 7.6992393
0 2 1.3173745
0 37 0.78083855
0 13 0.7328662
0 11 17.107155
0 29 7.5671487
1 3 0.27214074
1 12 36.064774
2 30 17.346207
2 0 1.3173745
2 8 1.1507391
2 18 7.070362
2 13 0.53758806
2 33 5.55832
2 11 2.2586513
2 29 1.0192784
2 20 2.020412
2 37 0.954096
2 27 3.0737922
2 23 14.6512375
2 25 1.7427689
3 36 0.21900661
3 28 0.13034292
3 24 225.00002
3 12 0.05857247
3 1 0.27214074
3 9 0.22323512
4 31 0.06732548
4 9 0.058407202
4 17 0.07679899
4 19 0.09178946
5 34 1.4644492
5 30 1.048356
5 20 1.5847561
5 8 0.47084066
5 37 2000.0
5 18 1.3823112
5 7 4.7812266
5 27 2.088714
5 16 1.449695
5 23 10.905294
5 11 3.8639078
5 29 1.321785
6 31 1.5162133
6 17 1.1219034
7 34 25.764706
7 30 2.160636
7 20 3.0719194
7 8 17.894062
7 37 18.438559
7 27 90.62406
7 16 1.2843006
7 11 22.540796
7 23 1.5003446
7 25 6.399456
7 5 4.7812266
8 0 7.6992393
8 30 0.65504843
8 18 1.2180048
8 13 2.443071
8 11 0.5927003
8 29 0.7169633
8 5 0.47084066
8 34 6.5094976
8 2 1.1507391
8 37 1.4387424
8 7 17.894062
8 27 1.3938056
8 16 1.2482833
8 23 0.85885173
9 36 1.5994792
9 26 2000.0
9 28 2.7495987
9 10 4.6754746
9 22 0.798812
9 31 0.029975876
9 3 0.22323512
9 12 2000.0
9 17 0.042356182
9 4 0.058407202
9 19 0.06981274
10 26 0.032366794
10 28 0.2226664
10 24 0.053329807
10 31 0.052369736
10 12 3.287696
10 9 4.6754746
10 17 0.03372415
11 0 17.107155
11 30 0.43258798
11 8 0.5927003
11 18 4.5930943
11 13 0.5209719
11 33 6.2047386
11 29 0.7718539
11 5 3.8639078
11 34 2.97079
11 20 1.37327
11 2 2.2586513
11 37 1.2109737
11 7 22.540796
11 27 0.45315138
11 16 0.8191018
11 25 1.4242061
12 26 1.508882
12 28 6.4814816
12 32 0.3925998
12 10 3.287696
12 24 0.08436361
12 21 0.08057534
12 3 0.05857247
12 1 36.064774
13 30 0.98044175
13 0 0.7328662
13 8 2.443071
13 18 1960.0001
13 33 0.80616635
13 11 0.5209719
13 29 0.65734553
13 34 16.06774
13 20 0.65750813
13 2 0.53758806
13 14 2.2642674
13 37 1.8241549
13 27 0.6964776
13 16 117.63069
13 25 0.7242808
14 20 1.5472245
14 13 2.2642674
14 33 0.41048053
14 27 2.8990092
14 11 2000.0
14 25 1.9581656
15 32 0.0688647
15 21 5.155694
16 0 2000.0
16 30 1.0674456
16 8 1.2482833
16 18 1.0811089
16 13 117.63069
16 11 0.8191018
16 29 45.549355
16 5 1.449695
16 20 12.370368
16 37 60.479115
16 7 1.2843006
16 27 1.2319871
16 23 21.932993
16 25 1.0603844
17 26 1.794385
17 6 1.1219034
17 10 0.03372415
17 24 0.14180507
17 31 1.1114112
17 9 0.042356182
17 4 0.07679899
17 19 2.011516
18 30 0.70938444
18 2 7.070362
18 8 1.2180048
18 37 1.2065808
18 13 1960.0001
18 7 2000.0
18 27 5.0748353
18 16 1.0811089
18 23 1.2877439
18 11 4.5930943
18 29 1.1909987
18 5 1.3823112
19 31 0.07095721
19 9 0.06981274
19 17 2.011516
19 4 0.09178946
20 0 2000.0
20 30 20.109156
20 13 0.65750813
20 33 2.742011
20 11 1.37327
20 29 5.0031967
20 5 1.5847561
20 34 1.2255903
20 2 2.020412
20 14 1.5472245
20 37 8.882068
20 7 3.0719194
20 27 0.84626794
20 16 12.370368
20 25 0.9173227
21 32 2000.0
21 24 0.06761601
21 35 0.045535535
21 12 0.08057534
21 15 5.155694
22 6 1612.4432
22 31 140.272
22 9 0.798812
22 19 1386.4772
23 0 2000.0
23 30 3.5483801
23 2 14.6512375
23 8 0.85885173
23 37 2.885915
23 18 1.2877439
23 7 1.5003446
23 16 21.932993
23 11 2000.0
23 29 6.7555933
23 5 10.905294
24 26 0.056528516
24 32 0.19841975
24 10 0.053329807
24 21 0.06761601
24 31 20.318964
24 3 225.00002
24 12 0.08436361
24 15 2000.0
24 17 0.14180507
25 30 4.5519576
25 13 0.7242808
25 33 0.55499935
25 11 1.4242061
25 29 4.414312
25 34 3.1101997
25 20 0.9173227
25 2 1.7427689
25 14 1.9581656
25 37 27.400068
25 7 6.399456
25 27 0.8279534
25 16 1.0603844
26 32 68.94831
26 28 0.033243153
26 10 0.032366794
26 24 0.056528516
26 31 0.056567375
26 12 1.508882
26 17 1.794385
27 0 2000.0
27 30 0.21419422
27 8 1.3938056
27 18 5.0748353
27 13 0.6964776
27 33 3.6902568
27 11 0.45315138
27 29 0.5461487
27 5 2.088714
27 34 1.3106644
27 20 0.84626794
27 2 3.0737922
27 14 2.8990092
27 37 1.8635906
27 7 90.62406
27 16 1.2319871
27 25 0.8279534
28 36 0.030538682
28 26 0.033243153
28 10 0.2226664
28 3 0.13034292
28 12 6.4814816
28 9 2.7495987
29 0 7.5671487
29 30 3.2953534
29 8 0.7169633
29 18 1.1909987
29 13 0.65734553
29 11 0.7718539
29 5 1.321785
29 34 11.345455
29 20 5.0031967
29 2 1.0192784
29 37 1.2205571
29 7 2000.0
29 27 0.5461487
29 16 45.549355
29 23 6.7555933
29 25 4.414312
30 0 2000.0
30 8 0.65504843
30 18 0.70938444
30 13 0.98044175
30 33 1.6103599
30 11 0.43258798
30 29 3.2953534
30 5 1.048356
30 34 1.711376
30 20 20.109156
30 2 17.346207
30 14 2000.0
30 37 14.13187
30 7 2.160636
30 27 0.21419422
30 16 1.0674456
30 23 3.5483801
30 25 4.5519576
31 26 0.056567375
31 6 1.5162133
31 10 0.052369736
31 24 20.318964
31 22 140.272
31 9 0.029975876
31 17 1.1114112
31 4 0.06732548
31 19 0.07095721
32 26 68.94831
32 24 0.19841975
32 12 0.3925998
32 15 0.0688647
33 30 1.6103599
33 8 2000.0
33 13 0.80616635
33 11 6.2047386
33 29 1633.2386
33 5 2000.0
33 34 2000.0
33 20 2.742011
33 2 5.55832
33 14 0.41048053
33 7 2000.0
33 27 3.6902568
33 16 2000.0
33 25 0.55499935
34 30 1.711376
34 20 1.2255903
34 8 6.5094976
34 7 25.764706
34 13 16.06774
34 27 1.3106644
34 16 5535.0566
34 11 2.97079
34 25 3.1101997
34 29 11.345455
34 5 1.4644492
35 21 0.045535535
36 26 2000.0
36 28 0.030538682
36 3 0.21900661
36 9 1.5994792
37 30 14.13187
37 0 0.78083855
37 8 1.4387424
37 18 1.2065808
37 13 1.8241549
37 11 1.2109737
37 29 1.2205571
37 20 8.882068
37 2 0.954096
37 7 18.438559
37 27 1.8635906
37 16 60.479115
37 23 2.885915
37 25 27.400068
