0 8 19.15594
0 2 1.2125947
0 37 0.8687806
0 13 0.9267225
0 11 64.10257
0 29 3.147197
0 25 312.5
1 3 0.4291084
1 12 38.51228
2 30 22.590641
2 0 1.2125947
2 8 2.6694272
2 18 6.4959784
2 13 0.60426986
2 33 1.9407487
2 11 1.06743
2 29 2.1570475
2 20 2.7227168
2 37 1.0792062
2 27 1.50205
2 16 2000.0
2 23 55.625435
2 25 2.2198632
3 36 0.26487845
3 28 0.10538447
3 24 225.00002
3 12 0.05845573
3 1 0.4291084
3 9 0.31256816
4 31 0.07376336
4 9 0.067433655
4 17 0.080679245
4 19 0.09004735
5 30 0.68785995
5 8 0.7787216
5 18 0.39461285
5 13 200.0
5 11 3.5178015
5 29 3.466915
5 34 5.5168743
5 20 2.896027
5 37 2000.0
5 7 8.238939
5 27 2.2055345
5 16 1.4826066
5 23 3.4859083
6 31 1.9664112
6 17 1.1557785
7 34 12.616627
7 30 1.2852699
7 20 3.3942628
7 8 94.540146
7 37 20.093056
7 27 73.48966
7 16 1.3229734
7 11 13.032905
7 23 1.2344182
7 25 22.04356
7 5 8.238939
8 0 19.15594
8 30 0.94697785
8 18 0.89304996
8 13 2.2536738
8 11 0.6500882
8 29 0.6896811
8 5 0.7787216
8 34 3.4385717
8 2 2.6694272
8 37 1.226126
8 7 94.540146
8 27 2.5862455
8 16 1.2840841
8 23 0.8868282
9 36 0.899223
9 26 2000.0
9 28 1.0291685
9 10 5.670529
9 22 0.35600057
9 31 0.028898858
9 3 0.31256816
9 12 2000.0
9 17 0.050948553
9 4 0.067433655
9 19 0.06712719
10 26 0.044668544
10 28 0.34719235
10 24 0.07475425
10 31 0.03162612
10 12 3.3057177
10 9 5.670529
10 17 0.03036479
11 0 64.10257
11 30 0.38378924
11 8 0.6500882
11 18 5.3925023
11 13 0.48050427
11 33 3.4766726
11 29 1.8971262
11 5 3.5178015
11 34 5.804848
11 20 0.50510883
11 2 1.06743
11 37 1.5359396
11 7 13.032905
11 27 0.5093166
11 16 0.81267816
11 25 1.0665596
12 26 1.9658633
12 28 7.787389
12 32 0.31423447
12 10 3.3057177
12 24 0.09642937
12 21 0.06761394
12 3 0.05845573
12 1 38.51228
13 30 1.4320247
13 0 0.9267225
13 8 2.2536738
13 18 640.0
13 33 0.85675615
13 11 0.48050427
13 29 0.67739904
13 5 200.0
13 34 6.6690845
13 20 0.42191076
13 2 0.60426986
13 14 2.441596
13 37 4.8566074
13 27 0.40852273
13 16 83.184044
13 25 0.61824375
14 20 0.8514731
14 13 2.441596
14 33 0.5036473
14 27 1.839664
14 11 2000.0
14 25 3.7496033
15 32 0.07393754
15 21 1.7863663
16 30 2.206571
16 0 2000.0
16 8 1.2840841
16 18 0.7854723
16 13 83.184044
16 11 0.81267816
16 29 159.1106
16 5 1.4826066
16 20 4.9212213
16 37 160.0
16 7 1.3229734
16 27 3.1943214
16 23 11.04412
16 25 1.254208
17 26 4.615385
17 6 1.1557785
17 10 0.03036479
17 24 0.20760942
17 31 3.4027781
17 9 0.050948553
17 4 0.080679245
17 19 6.920383
18 30 0.7004882
18 0 2000.0
18 8 0.89304996
18 13 640.0
18 11 5.3925023
18 29 0.9785855
18 5 0.39461285
18 2 6.4959784
18 37 1.5279356
18 7 2000.0
18 27 2.7457924
18 16 0.7854723
18 23 1.5707384
19 31 0.072216876
19 9 0.06712719
19 17 6.920383
19 4 0.09004735
20 30 8.235408
20 13 0.42191076
20 33 0.96615887
20 11 0.50510883
20 29 1.4004092
20 5 2.896027
20 34 0.8476125
20 2 2.7227168
20 14 0.8514731
20 37 17.60605
20 7 3.3942628
20 27 0.3363779
20 16 4.9212213
20 25 0.8125933
21 32 2000.0
21 10 2000.0
21 24 0.117815346
21 35 0.045716684
21 12 0.06761394
21 15 1.7863663
22 6 1669.8864
22 31 139.26021
22 9 0.35600057
22 19 1203.9772
23 0 2000.0
23 30 1.8997035
23 2 55.625435
23 8 0.8868282
23 37 2.2572231
23 18 1.5707384
23 7 1.2344182
23 16 11.04412
23 11 2000.0
23 29 3.163708
23 5 3.4859083
24 26 0.07803623
24 32 0.11063946
24 10 0.07475425
24 21 0.117815346
24 31 11.914222
24 12 0.09642937
24 3 225.00002
24 15 2000.0
24 17 0.20760942
25 0 312.5
25 30 1.9139442
25 13 0.61824375
25 33 0.8567333
25 11 1.0665596
25 29 5.4214983
25 34 4.35143
25 20 0.8125933
25 2 2.2198632
25 14 3.7496033
25 37 46.296295
25 7 22.04356
25 27 0.8152605
25 16 1.254208
26 32 33.88743
26 28 0.04502274
26 10 0.044668544
26 24 0.07803623
26 31 0.10914868
26 12 1.9658633
26 17 4.615385
27 0 2000.0
27 30 0.17734276
27 8 2.5862455
27 18 2.7457924
27 13 0.40852273
27 33 0.8569368
27 11 0.5093166
27 29 0.42922348
27 5 2.2055345
27 34 1.2280781
27 20 0.3363779
27 2 1.50205
27 14 1.839664
27 37 1.6284117
27 7 73.48966
27 16 3.1943214
27 25 0.8152605
28 36 0.039365225
28 26 0.04502274
28 10 0.34719235
28 3 0.10538447
28 12 7.787389
28 9 1.0291685
29 0 3.147197
29 30 3.2323108
29 8 0.6896811
29 18 0.9785855
29 13 0.67739904
29 11 1.8971262
29 5 3.466915
29 34 0.7931144
29 20 1.4004092
29 2 2.1570475
29 37 0.870702
29 7 2000.0
29 27 0.42922348
29 16 159.1106
29 23 3.163708
29 25 5.4214983
30 0 2000.0
30 8 0.94697785
30 18 0.7004882
30 13 1.4320247
30 33 3.7016883
30 11 0.38378924
30 29 3.2323108
30 5 0.68785995
30 34 1.7510188
30 20 8.235408
30 2 22.590641
30 14 2000.0
30 37 12.869574
30 7 1.2852699
30 27 0.17734276
30 16 2.206571
30 23 1.8997035
30 25 1.9139442
31 26 0.10914868
31 6 1.9664112
31 10 0.03162612
31 24 11.914222
31 22 139.26021
31 9 0.028898858
31 17 3.4027781
31 4 0.07376336
31 19 0.072216876
32 26 33.88743
32 24 0.11063946
32 12 0.31423447
32 15 0.07393754
33 30 3.7016883
33 8 2000.0
33 13 0.85675615
33 11 3.4766726
33 29 2382.1023
33 34 2000.0
33 20 0.96615887
33 2 1.9407487
33 14 0.5036473
33 7 2000.0
33 27 0.8569368
33 16 2000.0
33 25 0.8567333
34 30 1.7510188
34 20 0.8476125
34 8 3.4385717
34 7 12.616627
34 13 6.6690845
34 27 1.2280781
34 16 2536.0227
34 11 5.804848
34 25 4.35143
34 29 0.7931144
34 5 5.5168743
35 21 0.045716684
36 26 2000.0
36 28 0.039365225
36 3 0.26487845
36 9 0.899223
37 30 12.869574
37 0 0.8687806
37 8 1.226126
37 18 1.5279356
37 13 4.8566074
37 11 1.5359396
37 29 0.870702
37 20 17.60605
37 2 1.0792062
37 7 20.093056
37 27 1.6284117
37 16 160.0
37 23 2.2572231
37 25 46.296295
