0 8 20.168066
0 2 0.8545752
0 37 1.0474682
0 13 0.7507026
0 11 18.890955
0 29 5.959726
1 3 0.26744157
1 12 1201.4773
2 30 14.755167
2 0 0.8545752
2 8 1.3424648
2 18 20.379263
2 13 0.28960937
2 33 1.8374157
2 11 0.59434605
2 29 0.99240565
2 20 1.428192
2 37 0.7593302
2 27 0.29103535
2 23 16.940744
2 25 1.2962765
3 36 0.32046273
3 28 0.09092839
3 24 228.57143
3 12 0.04857711
3 1 0.26744157
3 9 0.41909972
4 31 0.088914886
4 9 0.07606305
4 17 0.09096902
4 19 0.08177205
5 30 1.1131538
5 8 0.64089775
5 18 0.3633981
5 13 59.072906
5 11 2.7140772
5 29 9.358891
5 34 1.3458161
5 20 1.7979212
5 37 2000.0
5 7 5.959345
5 27 1.2808439
5 16 0.9852465
5 23 2.2498353
6 22 147.55763
6 31 0.23083922
6 17 1.086718
7 34 7.6897526
7 30 1.1665848
7 20 1.3997025
7 8 1981.0134
7 37 13.30949
7 27 125.78587
7 16 1.1693801
7 11 3.4218714
7 23 0.9854386
7 25 5.5849724
7 5 5.959345
8 0 20.168066
8 30 0.8721243
8 18 0.9419827
8 13 5.017606
8 11 1.1568526
8 29 0.8038529
8 5 0.64089775
8 34 2.7722986
8 2 1.3424648
8 37 1.0386229
8 7 1981.0134
8 27 1.3167001
8 16 1.9722661
8 23 1.1359563
9 36 1.8046765
9 26 2000.0
9 28 2.7854798
9 10 6.686531
9 22 0.42137897
9 31 0.03768553
9 3 0.41909972
9 17 0.078582436
9 4 0.07606305
9 19 0.0677399
10 26 0.03084948
10 28 0.30191737
10 24 0.055803496
10 31 0.03379735
10 12 7.60575
10 9 6.686531
10 17 0.03547005
11 0 18.890955
11 30 0.28791147
11 8 1.1568526
11 18 5.5415215
11 13 0.3499066
11 33 1.6815487
11 29 0.6752267
11 5 2.7140772
11 34 1.4403623
11 20 0.7852989
11 2 0.59434605
11 37 1.3713003
11 7 3.4218714
11 27 0.27474433
11 16 0.7218653
11 25 1.0304854
12 26 1.3193672
12 28 2.9514678
12 32 0.24621649
12 10 7.60575
12 24 0.078893326
12 21 0.103047945
12 3 0.04857711
13 0 0.7507026
13 30 1.3160682
13 8 5.017606
13 18 182.29869
13 33 0.70993656
13 11 0.3499066
13 29 1.2658019
13 5 59.072906
13 34 7.184621
13 20 0.43408737
13 2 0.28960937
13 14 1.8926435
13 37 1.2422192
13 27 0.29517648
13 16 33.421906
13 25 0.50028384
14 20 0.92880934
14 13 1.8926435
14 27 3.557989
14 33 0.38661727
14 11 2000.0
14 25 2.8759518
15 32 0.0762987
15 24 544.44446
15 21 0.99824995
16 30 1.1192614
16 0 2000.0
16 8 1.9722661
16 18 0.81996506
16 13 33.421906
16 11 0.7218653
16 29 18.291494
16 5 0.9852465
16 20 8.651858
16 37 36.109764
16 7 1.1693801
16 27 1.3709576
16 23 4.1371684
16 25 1.3940785
17 26 1.8008858
17 6 1.086718
17 10 0.03547005
17 24 0.32102272
17 31 1.2501856
17 9 0.078582436
17 4 0.09096902
17 19 1.9650974
18 30 0.75662255
18 2 20.379263
18 8 0.9419827
18 37 1.2049952
18 7 2000.0
18 13 182.29869
18 27 2.8731568
18 16 0.81996506
18 23 1.0908905
18 11 5.5415215
18 29 1.006545
18 5 0.3633981
19 31 0.08417416
19 9 0.0677399
19 17 1.9650974
19 4 0.08177205
20 30 41.821934
20 13 0.43408737
20 33 1.7519197
20 11 0.7852989
20 29 5.133756
20 5 1.7979212
20 34 0.8155467
20 2 1.428192
20 14 0.92880934
20 37 2.3826795
20 7 1.3997025
20 27 0.8532106
20 16 8.651858
20 25 0.46486744
21 32 2000.0
21 10 2000.0
21 24 0.575185
21 35 0.04331843
21 12 0.103047945
21 15 0.99824995
22 6 147.55763
22 31 1246.1364
22 9 0.42137897
22 19 1318.8068
23 0 2000.0
23 30 1.9259273
23 2 16.940744
23 8 1.1359563
23 37 2.8022997
23 18 1.0908905
23 7 0.9854386
23 27 2000.0
23 16 4.1371684
23 11 2000.0
23 29 3.202057
23 5 2.2498353
24 26 0.06473485
24 32 0.11464097
24 10 0.055803496
24 21 0.575185
24 31 4.5388565
24 12 0.078893326
24 3 228.57143
24 15 544.44446
24 17 0.32102272
25 0 2000.0
25 30 3.308087
25 13 0.50028384
25 33 0.3429705
25 11 1.0304854
25 29 4.7243958
25 34 1.1112463
25 20 0.46486744
25 2 1.2962765
25 14 2.8759518
25 37 46.164036
25 7 5.5849724
25 27 0.48557293
25 16 1.3940785
26 36 169.29073
26 32 25.729546
26 28 0.04173753
26 10 0.03084948
26 24 0.06473485
26 31 0.061637934
26 12 1.3193672
26 17 1.8008858
27 0 2000.0
27 30 0.17327315
27 8 1.3167001
27 18 2.8731568
27 13 0.29517648
27 33 0.79973614
27 11 0.27474433
27 29 0.6938078
27 5 1.2808439
27 34 1.1999298
27 20 0.8532106
27 2 0.29103535
27 14 3.557989
27 37 1.0263633
27 7 125.78587
27 16 1.3709576
27 23 2000.0
27 25 0.48557293
28 36 0.036271498
28 26 0.04173753
28 10 0.30191737
28 3 0.09092839
28 12 2.9514678
28 9 2.7854798
29 0 5.959726
29 30 5.6685123
29 8 0.8038529
29 18 1.006545
29 13 1.2658019
29 33 270.08142
29 11 0.6752267
29 5 9.358891
29 34 13.471656
29 20 5.133756
29 2 0.99240565
29 37 1.2466645
29 7 2000.0
29 27 0.6938078
29 16 18.291494
29 23 3.202057
29 25 4.7243958
30 0 2000.0
30 8 0.8721243
30 18 0.75662255
30 13 1.3160682
30 33 3.0804791
30 11 0.28791147
30 29 5.6685123
30 5 1.1131538
30 34 2.0029793
30 20 41.821934
30 2 14.755167
30 37 12.590037
30 7 1.1665848
30 27 0.17327315
30 16 1.1192614
30 23 1.9259273
30 25 3.308087
31 26 0.061637934
31 6 0.23083922
31 10 0.03379735
31 24 4.5388565
31 9 0.03768553
31 17 1.2501856
31 4 0.088914886
31 19 0.08417416
32 26 25.729546
32 24 0.11464097
32 12 0.24621649
32 15 0.0762987
33 34 2000.0
33 30 3.0804791
33 20 1.7519197
33 2 1.8374157
33 14 0.38661727
33 7 2000.0
33 13 0.70993656
33 27 0.79973614
33 16 2020.4546
33 11 1.6815487
33 29 270.08142
33 25 0.3429705
34 30 2.0029793
34 20 0.8155467
34 8 2.7722986
34 13 7.184621
34 7 7.6897526
34 27 1.1999298
34 16 1215.0568
34 11 1.4403623
34 25 1.1112463
34 29 13.471656
34 5 1.3458161
35 21 0.04331843
36 26 169.29073
36 28 0.036271498
36 3 0.32046273
36 9 1.8046765
37 30 12.590037
37 0 1.0474682
37 8 1.0386229
37 18 1.2049952
37 13 1.2422192
37 11 1.3713003
37 29 1.2466645
37 20 2.3826795
37 2 0.7593302
37 7 13.30949
37 27 1.0263633
37 16 36.109764
37 23 2.8022997
37 25 46.164036
