0 8 31.897587
0 2 0.5938116
0 37 2.9854307
0 13 0.5751295
0 29 5.4305015
0 25 2000.0
1 3 0.21763551
1 12 17.878622
2 30 13.011738
2 0 0.5938116
2 8 3.8603537
2 18 28.998957
2 13 0.9589395
2 33 11.41699
2 11 2.669104
2 29 1.1281205
2 20 3.1269577
2 37 1.3849493
2 27 1.1544255
2 16 2000.0
2 23 86.305855
2 25 2.4685538
3 36 0.18312027
3 28 0.09748217
3 24 200.0
3 12 0.061940983
3 1 0.21763551
3 9 0.5248326
4 31 0.07022193
4 9 0.06792498
4 17 0.10821346
4 19 0.09533821
5 30 0.73918813
5 8 1.4621496
5 18 0.81550705
5 13 136.45454
5 11 15.605272
5 29 16.317295
5 34 4.068058
5 20 9.541548
5 37 2000.0
5 7 5.950021
5 27 5.487232
5 16 2.175711
5 23 6.9958487
5 25 2000.0
6 22 108.45426
6 31 0.93960696
6 17 1.4684699
7 34 13.205133
7 30 1.4565284
7 20 4.3391266
7 8 42.857143
7 37 42.134403
7 16 2.125382
7 11 20.001163
7 23 1.7770822
7 25 17.30914
7 5 5.950021
8 0 31.897587
8 30 0.7419485
8 18 2.1060138
8 13 9.396878
8 11 3.098705
8 29 1.078561
8 5 1.4621496
8 34 27.5959
8 2 3.8603537
8 37 2.0121844
8 7 42.857143
8 27 1.4435124
8 16 1.6237593
8 23 1.466829
9 36 2.3393133
9 26 2000.0
9 28 0.8236317
9 10 6.294694
9 22 0.15464625
9 31 0.03283346
9 3 0.5248326
9 17 0.06062366
9 4 0.06792498
9 19 0.09678566
10 26 0.04624267
10 28 0.791659
10 24 0.07059021
10 31 0.03207162
10 12 1.3865752
10 9 6.294694
10 17 0.029859485
11 0 2000.0
11 30 1.9413936
11 8 3.098705
11 18 7.126777
11 13 1.130413
11 33 5.9455833
11 29 1.4312599
11 5 15.605272
11 34 13.696543
11 20 1.7618464
11 2 2.669104
11 37 3.1019847
11 7 20.001163
11 27 0.8206269
11 16 1.9729506
11 25 2.074743
12 26 0.6295156
12 28 5.6133103
12 32 0.3158355
12 10 1.3865752
12 24 0.08634717
12 21 0.113246754
12 3 0.061940983
12 1 17.878622
13 30 15.492874
13 0 0.5751295
13 8 9.396878
13 18 2000.0
13 33 0.81259614
13 11 1.130413
13 29 1.4143194
13 5 136.45454
13 34 10.916242
13 20 0.7453615
13 2 0.9589395
13 14 3.5537033
13 37 6.961275
13 27 0.5660302
13 16 160.61201
13 25 0.9481144
14 20 1.4330676
14 13 3.5537033
14 33 0.41783613
14 27 2.4145498
14 11 2000.0
14 25 3.367438
15 32 0.06814577
15 21 13.296306
16 30 1.0861268
16 0 2000.0
16 8 1.6237593
16 18 0.8509247
16 13 160.61201
16 11 1.9729506
16 29 66.903404
16 5 2.175711
16 20 28.282564
16 37 665.9174
16 7 2.125382
16 27 1.4886574
16 23 6.55253
16 25 1.4879138
17 26 2.0359933
17 6 1.4684699
17 10 0.029859485
17 24 0.2799226
17 31 1.3625313
17 9 0.06062366
17 4 0.10821346
17 19 1.6387388
18 30 1.1621628
18 2 28.998957
18 8 2.1060138
18 37 2.4126406
18 7 2000.0
18 27 9.151667
18 16 0.8509247
18 23 2.406581
18 11 7.126777
18 29 1.5227629
18 5 0.81550705
19 31 0.06750578
19 9 0.09678566
19 17 1.6387388
19 4 0.09533821
20 0 2000.0
20 30 6.0010357
20 8 2000.0
20 13 0.7453615
20 33 4.185492
20 11 1.7618464
20 29 4.4673595
20 5 9.541548
20 34 2.423301
20 2 3.1269577
20 14 1.4330676
20 37 24.554789
20 7 4.3391266
20 27 0.48862475
20 16 28.282564
20 25 1.056534
21 32 2000.0
21 10 2000.0
21 24 0.057121262
21 35 0.036125187
21 12 0.113246754
21 15 13.296306
22 6 108.45426
22 31 1121.8182
22 9 0.15464625
22 19 1594.4319
23 0 2000.0
23 30 1.7423344
23 2 86.305855
23 8 1.466829
23 37 6.1107955
23 18 2.406581
23 7 1.7770822
23 16 6.55253
23 11 2000.0
23 29 3.41216
23 5 6.9958487
24 26 0.07417452
24 32 0.095217034
24 10 0.07059021
24 21 0.057121262
24 31 13.465084
24 12 0.08634717
24 3 200.0
24 15 2000.0
24 17 0.2799226
25 0 2000.0
25 30 4.411311
25 13 0.9481144
25 33 2.5033212
25 11 2.074743
25 29 3.4814527
25 5 2000.0
25 34 5.206253
25 20 1.056534
25 2 2.4685538
25 14 3.367438
25 37 150.0
25 7 17.30914
25 27 1.0501211
25 16 1.4879138
26 32 49.43485
26 28 0.043125
26 10 0.04624267
26 24 0.07417452
26 31 0.08118259
26 12 0.6295156
26 17 2.0359933
27 0 2000.0
27 30 0.23388673
27 8 1.4435124
27 18 9.151667
27 13 0.5660302
27 33 1.2588942
27 11 0.8206269
27 29 0.55029196
27 5 5.487232
27 34 1.5587425
27 20 0.48862475
27 2 1.1544255
27 14 2.4145498
27 37 8.806803
27 7 7818.8066
27 16 1.4886574
27 25 1.0501211
28 36 0.042436667
28 26 0.043125
28 10 0.791659
28 3 0.09748217
28 12 5.6133103
28 9 0.8236317
29 0 5.4305015
29 30 4.8016715
29 8 1.078561
29 18 1.5227629
29 13 1.4143194
29 11 1.4312599
29 5 16.317295
29 34 2.6683247
29 20 4.4673595
29 2 1.1281205
29 37 1.2481736
29 7 2000.0
29 27 0.55029196
29 16 66.903404
29 23 3.41216
29 25 3.4814527
30 0 2000.0
30 8 0.7419485
30 18 1.1621628
30 13 15.492874
30 33 2.8049867
30 11 1.9413936
30 29 4.8016715
30 5 0.73918813
30 34 2.9560173
30 20 6.0010357
30 2 13.011738
30 14 2000.0
30 37 5.4396043
30 7 1.4565284
30 27 0.23388673
30 16 1.0861268
30 23 1.7423344
30 25 4.411311
31 26 0.08118259
31 6 0.93960696
31 10 0.03207162
31 24 13.465084
31 9 0.03283346
31 17 1.3625313
31 4 0.07022193
31 19 0.06750578
32 26 49.43485
32 24 0.095217034
32 12 0.3158355
32 15 0.06814577
33 30 2.8049867
33 8 2000.0
33 13 0.81259614
33 11 5.9455833
33 29 2382.1023
33 34 2000.0
33 20 4.185492
33 2 11.41699
33 14 0.41783613
33 7 2000.0
33 27 1.2588942
33 16 2000.0
33 25 2.5033212
34 30 2.9560173
34 20 2.423301
34 8 27.5959
34 7 13.205133
34 13 10.916242
34 27 1.5587425
34 16 2536.0227
34 11 13.696543
34 25 5.206253
34 29 2.6683247
34 5 4.068058
35 21 0.036125187
36 26 2000.0
36 28 0.042436667
36 3 0.18312027
36 9 2.3393133
37 30 5.4396043
37 0 2.9854307
37 8 2.0121844
37 18 2.4126406
37 13 6.961275
37 11 3.1019847
37 29 1.2481736
37 20 24.554789
37 2 1.3849493
37 7 42.134403
37 27 8.806803
37 16 665.9174
37 23 6.1107955
37 25 150.0
