0 2 0.97614974
0 37 4.173649
0 13 0.8145755
0 25 120.00001
0 29 27.225832
1 3 1.0178874
1 12 68.68977
2 30 15.816758
2 0 0.97614974
2 8 1.2184557
2 18 1.9216878
2 13 0.37522727
2 33 1.9131197
2 11 1.6379019
2 29 1.3222264
2 20 4.08486
2 37 0.8781721
2 27 1.3235475
2 16 2000.0
2 23 12.414585
2 25 0.5009132
3 36 0.63537395
3 28 21.727596
3 24 1138.8636
3 12 0.07423723
3 1 1.0178874
3 9 0.438172
4 31 0.07198575
4 9 0.086378165
4 17 0.15956803
4 19 0.079142824
5 30 0.88759714
5 8 0.7453491
5 18 1.2957101
5 13 29.439596
5 11 1.100723
5 29 2.2715669
5 34 1.8702406
5 20 3.2916148
5 37 9.77589
5 7 19.86675
5 27 2.9771907
5 16 1.3096204
5 23 3.7148438
5 25 2000.0
6 31 0.11613625
6 17 1.3378404
7 30 1.1089163
7 20 121.479034
7 8 7.245007
7 37 291.8903
7 16 1.877167
7 23 2.3111603
7 11 133.33334
7 25 3.6676037
7 5 19.86675
8 0 2000.0
8 30 0.46950644
8 18 1.2831596
8 13 1.301493
8 11 1.069193
8 29 0.48545614
8 5 0.7453491
8 34 60.471275
8 2 1.2184557
8 37 1.2960651
8 7 7.245007
8 27 2.6610186
8 16 1.5670222
8 23 1.1767582
8 25 2000.0
9 36 0.7542253
9 26 2000.0
9 28 0.826194
9 10 4.9757237
9 22 0.055120297
9 31 0.029367583
9 12 2000.0
9 3 0.438172
9 4 0.086378165
9 17 0.043115534
9 19 0.08526333
10 26 0.034796365
10 28 0.43513387
10 24 0.139908
10 31 1.4046113
10 12 1457.0454
10 9 4.9757237
10 17 0.031510014
11 0 2000.0
11 30 0.74647224
11 8 1.069193
11 18 5.786472
11 13 0.9485463
11 33 1.7152919
11 29 0.9145243
11 5 1.100723
11 34 2.3438754
11 20 1.0608422
11 2 1.6379019
11 37 1.478952
11 7 133.33334
11 27 0.79992896
11 16 0.93605536
11 25 0.742649
12 26 0.6705966
12 32 6.9485326
12 24 0.06834673
12 21 0.13472444
12 3 0.07423723
12 1 68.68977
13 30 261.35654
13 0 0.8145755
13 8 1.301493
13 18 36.336975
13 33 1.4085158
13 11 0.9485463
13 29 0.8776399
13 5 29.439596
13 34 160.0
13 20 1.1083504
13 2 0.37522727
13 14 5.1668673
13 37 0.9842771
13 7 2000.0
13 27 0.442717
13 16 55.411613
13 25 0.27011365
14 34 2000.0
14 30 34.82048
14 20 4.4511204
14 13 5.1668673
14 27 6.2837405
14 33 0.8262886
14 25 6.627998
15 32 0.06663063
15 21 12.785595
16 0 2000.0
16 30 1.1031669
16 8 1.5670222
16 18 2.2814121
16 13 55.411613
16 11 0.93605536
16 29 383.61224
16 5 1.3096204
16 34 118.92876
16 20 102.49989
16 7 1.877167
16 27 1.5958018
16 23 3.853452
16 25 1.1734807
17 6 1.3378404
17 26 1.5416869
17 10 0.031510014
17 24 0.059295468
17 31 1.0156534
17 9 0.043115534
17 4 0.15956803
17 19 1292.9546
18 0 2000.0
18 30 0.7505688
18 8 1.2831596
18 13 36.336975
18 11 5.786472
18 29 1.8984522
18 5 1.2957101
18 2 1.9216878
18 37 3.8380833
18 7 2000.0
18 27 85.26109
18 16 2.2814121
18 23 2.5567446
19 28 160.0
19 31 0.075877704
19 9 0.08526333
19 4 0.079142824
20 0 2000.0
20 30 2.32862
20 13 1.1083504
20 33 1.4531926
20 11 1.0608422
20 29 4.823082
20 5 3.2916148
20 34 0.9076608
20 2 4.08486
20 14 4.4511204
20 37 5.4765563
20 7 121.479034
20 27 1.4880682
20 16 102.49989
20 25 0.31292123
21 32 266.6667
21 24 0.5513691
21 35 0.033000212
21 12 0.13472444
21 15 12.785595
22 31 200.0
22 9 0.055120297
22 19 2000.0
23 0 2000.0
23 30 2.245839
23 8 1.1767582
23 2 12.414585
23 37 1.8431177
23 18 2.5567446
23 7 2.3111603
23 16 3.853452
23 11 2000.0
23 29 1.8971633
23 5 3.7148438
24 26 0.045093607
24 32 0.29452604
24 10 0.139908
24 21 0.5513691
24 12 0.06834673
24 17 0.059295468
25 0 120.00001
25 30 16.794981
25 13 0.27011365
25 33 0.69545835
25 11 0.742649
25 29 1.7110012
25 34 1.7378441
25 20 0.31292123
25 2 0.5009132
25 14 6.627998
25 37 102.00568
25 7 3.6676037
25 27 0.22798295
25 16 1.1734807
26 32 78.27882
26 28 0.061068088
26 10 0.034796365
26 24 0.045093607
26 31 0.1730312
26 12 0.6705966
26 17 1.5416869
27 30 0.2086128
27 0 2000.0
27 8 2.6610186
27 18 85.26109
27 13 0.442717
27 33 0.7178237
27 11 0.79992896
27 29 2.0427306
27 5 2.9771907
27 34 0.88399386
27 20 1.4880682
27 2 1.3235475
27 14 6.2837405
27 37 0.96600425
27 7 2000.0
27 16 1.5958018
27 25 0.22798295
28 36 0.03593242
28 26 0.061068088
28 10 0.43513387
28 3 21.727596
28 12 1191.4204
28 9 0.826194
28 19 160.0
29 0 27.225832
29 30 1.5342852
29 8 0.48545614
29 18 1.8984522
29 13 0.8776399
29 33 17.463602
29 11 0.9145243
29 5 2.2715669
29 34 4.8568854
29 20 4.823082
29 2 1.3222264
29 37 0.74285954
29 7 2000.0
29 27 2.0427306
29 16 383.61224
29 23 1.8971633
29 25 1.7110012
30 8 0.46950644
30 18 0.7505688
30 13 261.35654
30 33 7.369366
30 11 0.74647224
30 29 1.5342852
30 5 0.88759714
30 34 0.9723828
30 20 2.32862
30 2 15.816758
30 14 34.82048
30 37 35.52766
30 7 1.1089163
30 27 0.2086128
30 16 1.1031669
30 23 2.245839
30 25 16.794981
31 26 0.1730312
31 6 0.11613625
31 10 1.4046113
31 35 12.380192
31 22 200.0
31 9 0.029367583
31 4 0.07198575
31 17 1.0156534
31 19 0.075877704
32 26 78.27882
32 24 0.29452604
32 21 266.6667
32 12 6.9485326
32 15 0.06663063
33 30 7.369366
33 8 2000.0
33 13 1.4085158
33 11 1.7152919
33 29 17.463602
33 34 2000.0
33 20 1.4531926
33 2 1.9131197
33 14 0.8262886
33 7 2000.0
33 27 0.7178237
33 16 2422.443
33 25 0.69545835
34 30 0.9723828
34 20 0.9076608
34 8 60.471275
34 37 2000.0
34 13 160.0
34 7 2000.0
34 27 0.88399386
34 16 118.92876
34 11 2.3438754
34 29 4.8568854
34 25 1.7378441
34 5 1.8702406
35 21 0.033000212
35 31 12.380192
36 28 0.03593242
36 3 0.63537395
36 9 0.7542253
37 30 35.52766
37 0 4.173649
37 8 1.2960651
37 18 3.8380833
37 13 0.9842771
37 11 1.478952
37 29 0.74285954
37 5 9.77589
37 20 5.4765563
37 2 0.8781721
37 7 291.8903
37 27 0.96600425
37 16 2000.0
37 23 1.8431177
37 25 102.00568
