0 8 10.363258
0 2 1.4689796
0 37 0.8563625
0 13 0.7270819
0 11 21.046995
0 29 14.48808
0 25 2000.0
1 3 0.22864422
1 12 37.308388
2 30 7.219208
2 0 1.4689796
2 8 2.2018692
2 18 10.702941
2 13 0.2777596
2 33 1.4997565
2 11 0.9172515
2 29 0.92675966
2 20 3.2447114
2 37 0.88246584
2 27 0.6863542
2 16 2000.0
2 23 11.866544
2 25 1.4636894
3 36 0.30537486
3 28 0.08790447
3 24 2000.0
3 12 0.05162208
3 1 0.22864422
3 9 0.6677117
4 31 0.0824059
4 9 0.047535714
4 17 0.09100223
4 19 0.102776624
5 30 0.83595634
5 8 0.6470917
5 18 0.33183655
5 13 145.8019
5 11 2.857679
5 29 2.2101476
5 34 1.6737174
5 20 2.503981
5 37 2000.0
5 7 5.881867
5 27 4.283107
5 16 1.2776504
5 23 2.9701319
6 31 0.67459756
6 17 1.7241069
7 34 7.7931824
7 30 1.2436522
7 20 2.91779
7 8 34.600494
7 37 17.97398
7 27 160.0
7 16 1.0488839
7 11 6.673295
7 23 1.1290939
7 25 7.67364
7 5 5.881867
8 0 10.363258
8 30 1.189386
8 18 0.93118393
8 13 5.8327155
8 11 1.8580052
8 29 1.060321
8 5 0.6470917
8 34 2.4658306
8 2 2.2018692
8 37 0.87268263
8 7 34.600494
8 27 2.8332386
8 16 1.7071456
8 23 1.0552293
9 36 1.7602603
9 26 2000.0
9 28 2.148812
9 10 18.181818
9 22 0.5603896
9 31 0.038160548
9 12 2000.0
9 3 0.6677117
9 17 0.19811787
9 4 0.047535714
9 19 0.098127
10 26 0.05157085
10 28 0.5313213
10 24 0.1710119
10 31 0.034589738
10 12 10.065259
10 9 18.181818
10 17 0.031049209
11 0 21.046995
11 30 0.33218583
11 8 1.8580052
11 18 7.692194
11 13 0.5609172
11 33 1.9423474
11 29 1.0546799
11 5 2.857679
11 34 1.559998
11 20 1.6073915
11 2 0.9172515
11 37 1.1550001
11 7 6.673295
11 27 0.6662601
11 16 0.59772336
11 25 1.2761953
12 26 0.58730555
12 28 3.7076755
12 32 0.32973716
12 10 10.065259
12 24 0.08097844
12 21 0.18623199
12 3 0.05162208
12 1 37.308388
13 30 2.9864752
13 0 0.7270819
13 8 5.8327155
13 18 102.2356
13 33 1.9765872
13 11 0.5609172
13 29 1.7583175
13 5 145.8019
13 34 7.9776907
13 20 2.0205643
13 2 0.2777596
13 14 4.832108
13 37 2.0903537
13 27 0.8493731
13 16 42.80772
13 25 0.92105633
14 34 2000.0
14 20 2.1987476
14 13 4.832108
14 27 3.9830804
14 33 0.42223883
14 11 2000.0
14 25 1.9701313
15 32 0.08309997
15 21 1.2198908
16 30 1.2764791
16 0 2000.0
16 8 1.7071456
16 18 1.033657
16 13 42.80772
16 11 0.59772336
16 29 28.222647
16 5 1.2776504
16 20 10.789134
16 37 47.226162
16 7 1.0488839
16 27 1.2671591
16 23 11.038707
16 25 1.628359
17 26 3.7280452
17 6 1.7241069
17 10 0.031049209
17 24 0.20759709
17 31 2.8095677
17 9 0.19811787
17 4 0.09100223
17 19 3.447939
18 30 0.87422615
18 2 10.702941
18 8 0.93118393
18 37 0.8924891
18 13 102.2356
18 7 2000.0
18 27 4.6178536
18 16 1.033657
18 23 1.2721698
18 11 7.692194
18 29 1.2532829
18 5 0.33183655
19 31 0.08043672
19 9 0.098127
19 17 3.447939
19 4 0.102776624
20 30 29.47054
20 13 2.0205643
20 33 3.335903
20 11 1.6073915
20 29 3.4817376
20 5 2.503981
20 34 1.486356
20 2 3.2447114
20 14 2.1987476
20 37 3.4116268
20 7 2.91779
20 27 2.896766
20 16 10.789134
20 25 1.0107403
21 26 2000.0
21 32 2000.0
21 24 0.81440914
21 35 0.05568084
21 12 0.18623199
21 15 1.2198908
22 6 1269.716
22 31 1181.1932
22 9 0.5603896
22 19 1288.409
23 0 2000.0
23 30 0.8041139
23 2 11.866544
23 8 1.0552293
23 37 2.0115027
23 18 1.2721698
23 7 1.1290939
23 16 11.038707
23 11 2000.0
23 29 2.0678449
23 5 2.9701319
24 26 0.066101514
24 32 0.10850314
24 10 0.1710119
24 21 0.81440914
24 31 2.7057884
24 3 2000.0
24 12 0.08097844
24 15 2000.0
24 17 0.20759709
25 0 2000.0
25 30 9.235985
25 13 0.92105633
25 33 0.48046452
25 11 1.2761953
25 29 5.7467976
25 34 1.5198631
25 20 1.0107403
25 2 1.4636894
25 14 1.9701313
25 37 31.324617
25 7 7.67364
25 27 0.68507487
25 16 1.628359
26 32 36.10256
26 28 0.04951565
26 10 0.05157085
26 24 0.066101514
26 31 0.06166444
26 12 0.58730555
26 17 3.7280452
27 0 2000.0
27 30 0.20011413
27 8 2.8332386
27 18 4.6178536
27 13 0.8493731
27 33 2.4401321
27 11 0.6662601
27 29 0.4401903
27 5 4.283107
27 34 0.57528406
27 20 2.896766
27 2 0.6863542
27 14 3.9830804
27 37 1.0035253
27 7 160.0
27 16 1.2671591
27 25 0.68507487
28 36 0.034732405
28 26 0.04951565
28 10 0.5313213
28 3 0.08790447
28 12 3.7076755
28 9 2.148812
29 0 14.48808
29 30 3.3843584
29 8 1.060321
29 18 1.2532829
29 13 1.7583175
29 11 1.0546799
29 5 2.2101476
29 34 6.215241
29 20 3.4817376
29 2 0.92675966
29 37 1.197913
29 7 2000.0
29 27 0.4401903
29 16 28.222647
29 23 2.0678449
29 25 5.7467976
30 0 2000.0
30 8 1.189386
30 18 0.87422615
30 13 2.9864752
30 33 2.9858997
30 11 0.33218583
30 29 3.3843584
30 5 0.83595634
30 34 1.9243777
30 20 29.47054
30 2 7.219208
30 37 8.056184
30 7 1.2436522
30 27 0.20011413
30 16 1.2764791
30 23 0.8041139
30 25 9.235985
31 26 0.06166444
31 6 0.67459756
31 10 0.034589738
31 24 2.7057884
31 9 0.038160548
31 17 2.8095677
31 4 0.0824059
31 19 0.08043672
32 26 36.10256
32 24 0.10850314
32 12 0.32973716
32 15 0.08309997
33 34 2000.0
33 30 2.9858997
33 20 3.335903
33 2 1.4997565
33 14 0.42223883
33 7 2000.0
33 13 1.9765872
33 27 2.4401321
33 16 1249.4886
33 11 1.9423474
33 29 8077.4434
33 25 0.48046452
34 30 1.9243777
34 20 1.486356
34 8 2.4658306
34 13 7.9776907
34 7 7.7931824
34 27 0.57528406
34 33 2000.0
34 16 1215.0568
34 11 1.559998
34 25 1.5198631
34 29 6.215241
34 5 1.6737174
35 21 0.05568084
36 26 2000.0
36 28 0.034732405
36 3 0.30537486
36 9 1.7602603
37 30 8.056184
37 0 0.8563625
37 8 0.87268263
37 18 0.8924891
37 13 2.0903537
37 11 1.1550001
37 29 1.197913
37 20 3.4116268
37 2 0.88246584
37 7 17.97398
37 27 1.0035253
37 16 47.226162
37 23 2.0115027
37 25 31.324617
