0 2 0.95130724
0 8 2000.0
0 37 1.6474236
0 13 0.7559977
0 29 10.683421
0 25 26.77197
1 3 0.8267045
1 12 23.34743
2 30 23.102192
2 0 0.95130724
2 8 1.2138089
2 18 2.464001
2 13 0.5228122
2 33 2.1707335
2 11 1.4923071
2 29 1.1493644
2 20 4.785259
2 37 0.9396006
2 27 1.3783033
2 16 2000.0
2 23 7.516447
2 25 0.4906746
3 36 0.5519109
3 28 48.779545
3 24 2000.0
3 12 0.07956913
3 1 0.8267045
3 9 1.360203
4 31 0.06514453
4 9 0.07540542
4 17 0.15392324
4 19 0.07199588
5 30 0.7779276
5 8 0.7349974
5 18 1.058587
5 13 39.79321
5 11 1.3316754
5 29 2.0866797
5 34 2.749574
5 20 1.982743
5 37 9.349415
5 7 23.436684
5 27 1.4400569
5 16 1.6323186
5 23 2.0711474
5 25 2000.0
6 31 0.113840014
6 17 3.2874002
7 34 300.29056
7 30 0.94185567
7 20 144.30153
7 8 10.926655
7 16 1.3487343
7 23 1.5243508
7 11 55.41383
7 25 4.7227616
7 5 23.436684
8 0 2000.0
8 30 0.53587925
8 18 1.253174
8 13 2.4433348
8 11 0.851056
8 29 0.38828596
8 5 0.7349974
8 34 34.02804
8 2 1.2138089
8 37 1.1757883
8 7 10.926655
8 27 0.82961506
8 16 1.5972029
8 23 1.0321996
8 25 2000.0
9 36 0.48263246
9 26 2000.0
9 28 0.65636784
9 10 9.659659
9 22 0.056796614
9 31 0.028061226
9 12 2000.0
9 3 1.360203
9 4 0.07540542
9 17 0.1037794
9 19 0.08251517
10 26 0.035199933
10 28 0.24944384
10 24 0.06466561
10 31 0.74833995
10 12 1305.1136
10 9 9.659659
10 17 0.029565888
11 0 2000.0
11 30 0.7983832
11 8 0.851056
11 18 4.1277285
11 13 0.8974366
11 33 1.4589885
11 29 0.6426431
11 5 1.3316754
11 34 1.4479535
11 20 1.2309574
11 2 1.4923071
11 37 1.6639677
11 7 55.41383
11 27 1.0467297
11 16 0.9186539
11 25 0.5790668
12 26 1.0660721
12 32 5.5188026
12 24 0.07371804
12 21 0.13098899
12 3 0.07956913
12 1 23.34743
13 30 99.972565
13 0 0.7559977
13 8 2.4433348
13 18 57.066612
13 33 1.7549443
13 11 0.8974366
13 29 0.88469875
13 5 39.79321
13 34 80.337
13 20 0.9563901
13 2 0.5228122
13 14 7.0071893
13 37 1.293503
13 7 2000.0
13 27 0.56613564
13 16 76.086815
13 25 0.26297653
14 30 5.141677
14 20 1.4953184
14 13 7.0071893
14 27 6.235916
14 33 1.0012808
14 11 2000.0
14 25 2.05884
15 32 0.07512627
15 21 7.200526
16 0 2000.0
16 30 1.3221796
16 8 1.5972029
16 18 1.7098931
16 13 76.086815
16 11 0.9186539
16 5 1.6323186
16 34 83.333336
16 20 26.398502
16 7 1.3487343
16 27 1.73117
16 23 3.511969
16 25 1.4243869
17 6 3.2874002
17 26 1.502151
17 10 0.029565888
17 24 0.06913931
17 31 1.1380082
17 9 0.1037794
17 4 0.15392324
17 19 133.33334
18 0 2000.0
18 30 0.74708104
18 8 1.253174
18 2 2.464001
18 37 3.855817
18 13 57.066612
18 27 74.8101
18 16 1.7098931
18 11 4.1277285
18 23 1.371049
18 29 1.0269711
18 5 1.058587
19 31 0.08783811
19 9 0.08251517
19 4 0.07199588
19 17 133.33334
20 30 0.7831778
20 13 0.9563901
20 33 1.2506438
20 11 1.2309574
20 29 4.1991415
20 5 1.982743
20 34 0.81425995
20 2 4.785259
20 14 1.4953184
20 37 2.5762618
20 7 144.30153
20 27 1.3828716
20 16 26.398502
20 25 0.40946877
21 26 2000.0
21 32 2000.0
21 10 2000.0
21 24 1.0899668
21 35 0.03673866
21 31 2000.0
21 12 0.13098899
21 15 7.200526
22 31 378.94742
22 9 0.056796614
22 19 2000.0
23 0 2000.0
23 30 2.6282775
23 8 1.0321996
23 2 7.516447
23 37 1.9357004
23 18 1.371049
23 7 1.5243508
23 16 3.511969
23 11 2000.0
23 29 2.0400884
23 5 2.0711474
24 26 0.04207824
24 32 0.22207479
24 10 0.06466561
24 21 1.0899668
24 12 0.07371804
24 17 0.06913931
25 30 18.673653
25 0 26.77197
25 13 0.26297653
25 33 0.8931489
25 11 0.5790668
25 29 1.41849
25 34 1.3328109
25 20 0.40946877
25 2 0.4906746
25 14 2.05884
25 37 20.07909
25 7 4.7227616
25 27 0.2321071
25 16 1.4243869
26 32 48.706818
26 28 0.05344828
26 10 0.035199933
26 24 0.04207824
26 31 0.15412343
26 12 1.0660721
26 17 1.502151
27 30 0.21315014
27 0 2000.0
27 8 0.82961506
27 18 74.8101
27 13 0.56613564
27 33 0.7335427
27 11 1.0467297
27 29 2.0592601
27 5 1.4400569
27 34 0.9229382
27 20 1.3828716
27 2 1.3783033
27 14 6.235916
27 37 1.2759858
27 7 2000.0
27 16 1.73117
27 25 0.2321071
28 36 0.03536699
28 26 0.05344828
28 10 0.24944384
28 3 48.779545
28 12 1192.9546
28 9 0.65636784
28 19 1384.2614
29 0 10.683421
29 30 1.014637
29 8 0.38828596
29 18 1.0269711
29 13 0.88469875
29 33 8.875133
29 11 0.6426431
29 5 2.0866797
29 34 2.396606
29 20 4.1991415
29 2 1.1493644
29 37 0.61226857
29 7 2000.0
29 27 2.0592601
29 16 2000.0
29 23 2.0400884
29 25 1.41849
30 8 0.53587925
30 18 0.74708104
30 13 99.972565
30 33 17.072683
30 11 0.7983832
30 29 1.014637
30 5 0.7779276
30 34 0.79339117
30 20 0.7831778
30 2 23.102192
30 14 5.141677
30 37 19.288755
30 7 0.94185567
30 27 0.21315014
30 16 1.3221796
30 23 2.6282775
30 25 18.673653
31 26 0.15412343
31 6 0.113840014
31 10 0.74833995
31 35 10.688835
31 22 378.94742
31 9 0.028061226
31 4 0.06514453
31 17 1.1380082
31 19 0.08783811
32 26 48.706818
32 24 0.22207479
32 21 2000.0
32 12 5.5188026
32 15 0.07512627
33 30 17.072683
33 13 1.7549443
33 11 1.4589885
33 29 8.875133
33 5 2000.0
33 34 2000.0
33 20 1.2506438
33 2 2.1707335
33 14 1.0012808
33 7 2000.0
33 27 0.7335427
33 16 2422.443
33 25 0.8931489
34 30 0.79339117
34 20 0.81425995
34 8 34.02804
34 37 2000.0
34 13 80.337
34 7 300.29056
34 27 0.9229382
34 16 83.333336
34 11 1.4479535
34 29 2.396606
34 25 1.3328109
34 5 2.749574
35 21 0.03673866
35 31 10.688835
36 28 0.03536699
36 3 0.5519109
36 9 0.48263246
37 30 19.288755
37 0 1.6474236
37 8 1.1757883
37 18 3.855817
37 13 1.293503
37 11 1.6639677
37 29 0.61226857
37 5 9.349415
37 20 2.5762618
37 2 0.9396006
37 7 2088.75
37 27 1.2759858
37 16 2000.0
37 23 1.9357004
37 25 20.07909
