0 8 7.885091
0 2 0.66517967
0 37 0.6591857
0 13 0.57047737
0 11 27.01604
0 29 10.008979
1 3 0.23772727
1 12 74.88893
2 30 10.443353
2 0 0.66517967
2 8 0.997327
2 18 27.191631
2 13 0.5031892
2 33 1.9786906
2 11 1.1568174
2 29 0.6397434
2 20 1.0714285
2 37 0.73244643
2 27 0.5238555
2 16 2000.0
2 23 32.41964
2 25 1.0527878
3 36 0.27171674
3 28 0.09351174
3 24 360.00003
3 12 0.060162075
3 1 0.23772727
3 9 0.685097
4 31 0.07892842
4 9 0.06752379
4 17 0.09646465
4 19 0.08135126
5 30 1.2752568
5 8 0.6730813
5 18 1.3921987
5 13 160.11356
5 11 2.690199
5 29 2.814465
5 34 3.4067643
5 20 3.9558852
5 37 2000.0
5 7 6.4425774
5 27 2.3418672
5 16 1.5497065
5 23 3.8250313
6 31 0.6012
6 17 0.8830645
7 34 5.878567
7 30 0.7853845
7 20 1.0429995
7 8 72.61512
7 37 28.820248
7 27 200.0
7 16 0.79418975
7 11 6.597032
7 23 1.0721805
7 25 4.363147
7 5 6.4425774
8 0 7.885091
8 30 0.47169814
8 18 1.4131191
8 13 2.134508
8 11 1.1415908
8 29 0.5388357
8 5 0.6730813
8 34 1.5975809
8 2 0.997327
8 37 1.0473831
8 7 72.61512
8 27 1.127735
8 16 1.5029488
8 23 0.8416085
9 36 1.644344
9 26 2000.0
9 28 0.788926
9 10 8.952923
9 22 0.35960376
9 31 0.030545305
9 3 0.685097
9 17 0.23897925
9 4 0.06752379
9 19 0.06522523
10 26 0.02813548
10 28 0.2252273
10 24 0.1388127
10 31 0.034622435
10 12 8.086991
10 9 8.952923
10 17 0.031121701
11 0 27.01604
11 30 0.74990857
11 8 1.1415908
11 18 10.810332
11 13 0.5546081
11 33 2.0848064
11 29 0.60487497
11 5 2.690199
11 34 2.3867624
11 20 0.68306357
11 2 1.1568174
11 37 1.3808206
11 7 6.597032
11 27 0.91565514
11 16 0.8178667
11 25 1.2213722
12 26 1.9628294
12 28 1.9132633
12 32 0.18456501
12 10 8.086991
12 24 0.06670985
12 21 0.11807335
12 3 0.060162075
12 1 74.88893
13 0 0.57047737
13 30 2.2883205
13 8 2.134508
13 18 93.17148
13 33 0.8708582
13 11 0.5546081
13 29 0.7973026
13 5 160.11356
13 34 5.272059
13 20 0.7604072
13 2 0.5031892
13 14 2.7942078
13 37 0.8977742
13 27 0.43870318
13 16 41.66461
13 25 0.66057944
14 34 2000.0
14 20 1.5748639
14 13 2.7942078
14 27 2.5432074
14 33 0.63047796
14 11 2000.0
14 25 1.7172521
15 32 0.09260674
15 21 1.1630967
16 30 1.0849891
16 0 2000.0
16 8 1.5029488
16 18 0.851188
16 13 41.66461
16 11 0.8178667
16 29 27.275562
16 5 1.5497065
16 20 5.0606503
16 37 13.709035
16 7 0.79418975
16 27 1.3245498
16 23 5.767882
16 25 1.28373
17 26 1.7059753
17 6 0.8830645
17 10 0.031121701
17 24 0.34687912
17 31 1.1526963
17 9 0.23897925
17 4 0.09646465
17 19 4.161879
18 30 0.9236597
18 2 27.191631
18 8 1.4131191
18 37 1.2818806
18 13 93.17148
18 7 2000.0
18 27 4.2416162
18 16 0.851188
18 23 1.3249855
18 11 10.810332
18 29 1.474395
18 5 1.3921987
19 31 0.066887766
19 9 0.06522523
19 17 4.161879
19 4 0.08135126
20 30 29.251461
20 13 0.7604072
20 33 2.7165568
20 11 0.68306357
20 29 5.523367
20 5 3.9558852
20 34 0.8702713
20 2 1.0714285
20 14 1.5748639
20 37 1.8387619
20 7 1.0429995
20 27 0.6516985
20 16 5.0606503
20 25 0.5316427
21 32 2000.0
21 10 2000.0
21 24 1.1506797
21 35 0.032234292
21 12 0.11807335
21 15 1.1630967
22 6 1690.9092
22 31 1205.2842
22 9 0.35960376
22 19 1288.409
23 30 2.2818317
23 0 2000.0
23 2 32.41964
23 8 0.8416085
23 37 1.8883263
23 18 1.3249855
23 7 1.0721805
23 16 5.767882
23 11 2000.0
23 29 2.7276394
23 5 3.8250313
24 26 0.07071838
24 32 0.102284
24 10 0.1388127
24 21 1.1506797
24 31 9.746589
24 12 0.06670985
24 3 360.00003
24 15 2000.0
24 17 0.34687912
25 30 2.0121222
25 13 0.66057944
25 33 0.26826537
25 11 1.2213722
25 29 2.9634178
25 34 1.0579131
25 20 0.5316427
25 2 1.0527878
25 14 1.7172521
25 37 31.637753
25 7 4.363147
25 27 0.6018548
25 16 1.28373
26 32 21.764294
26 28 0.045951705
26 10 0.02813548
26 24 0.07071838
26 31 0.046401516
26 12 1.9628294
26 17 1.7059753
27 0 2000.0
27 30 0.19840543
27 8 1.127735
27 18 4.2416162
27 13 0.43870318
27 33 1.0364999
27 11 0.91565514
27 29 0.5822149
27 5 2.3418672
27 34 0.77971154
27 20 0.6516985
27 2 0.5238555
27 14 2.5432074
27 37 0.6815818
27 7 200.0
27 16 1.3245498
27 25 0.6018548
28 36 0.035969574
28 26 0.045951705
28 10 0.2252273
28 3 0.09351174
28 12 1.9132633
28 9 0.788926
29 0 10.008979
29 30 3.8640516
29 8 0.5388357
29 18 1.474395
29 13 0.7973026
29 11 0.60487497
29 5 2.814465
29 34 2.4240825
29 20 5.523367
29 2 0.6397434
29 37 0.6869155
29 7 2000.0
29 27 0.5822149
29 16 27.275562
29 23 2.7276394
29 25 2.9634178
30 0 2000.0
30 8 0.47169814
30 18 0.9236597
30 13 2.2883205
30 33 2.8116024
30 11 0.74990857
30 29 3.8640516
30 5 1.2752568
30 34 1.2912847
30 20 29.251461
30 2 10.443353
30 37 6.683895
30 7 0.7853845
30 27 0.19840543
30 16 1.0849891
30 23 2.2818317
30 25 2.0121222
31 26 0.046401516
31 6 0.6012
31 10 0.034622435
31 24 9.746589
31 9 0.030545305
31 17 1.1526963
31 4 0.07892842
31 19 0.066887766
32 26 21.764294
32 24 0.102284
32 12 0.18456501
32 15 0.09260674
33 34 2000.0
33 30 2.8116024
33 20 2.7165568
33 2 1.9786906
33 14 0.63047796
33 7 2000.0
33 13 0.8708582
33 27 1.0364999
33 16 2270.3408
33 11 2.0848064
33 29 1419.8864
33 25 0.26826537
34 30 1.2912847
34 20 0.8702713
34 8 1.5975809
34 13 5.272059
34 7 5.878567
34 27 0.77971154
34 16 1215.0568
34 11 2.3867624
34 25 1.0579131
34 29 2.4240825
34 5 3.4067643
35 21 0.032234292
36 26 2000.0
36 28 0.035969574
36 3 0.27171674
36 9 1.644344
37 30 6.683895
37 0 0.6591857
37 8 1.0473831
37 18 1.2818806
37 13 0.8977742
37 11 1.3808206
37 29 0.6869155
37 20 1.8387619
37 2 0.73244643
37 7 28.820248
37 27 0.6815818
37 16 13.709035
37 23 1.8883263
37 25 31.637753
