0 2 0.91912943
0 37 1.0712153
0 13 0.9127272
0 29 18.806116
0 25 8.9617195
1 3 1.0052563
1 12 65.42534
2 30 21.262192
2 0 0.91912943
2 8 1.7357501
2 18 4.119499
2 13 0.6964159
2 33 1.507688
2 11 1.8746281
2 29 1.5624897
2 20 6.275198
2 37 0.78862804
2 27 1.1571001
2 16 2000.0
2 23 10.07452
2 25 0.65352935
3 36 0.446526
3 28 18.023184
3 24 2000.0
3 12 0.05135991
3 1 1.0052563
3 9 0.9268492
4 31 0.07743919
4 9 0.101100914
4 17 0.13118792
4 19 0.06728609
5 30 0.5834317
5 8 0.5395438
5 18 0.7265432
5 13 26.299543
5 11 2.3095162
5 29 2.212059
5 34 2.3342254
5 20 3.7203956
5 37 5.9006567
5 7 11.5254
5 27 1.6889064
5 16 1.3561109
5 23 1.6607723
5 25 2000.0
6 31 0.1519156
6 17 0.78915447
7 34 2000.0
7 30 0.77999264
7 8 5.861734
7 16 1.2558656
7 23 1.2669489
7 25 3.0531473
7 29 800.0
7 5 11.5254
8 0 2000.0
8 30 0.45888257
8 18 1.4243691
8 13 1.2934577
8 11 0.8912383
8 29 0.71720177
8 5 0.5395438
8 34 53.054474
8 2 1.7357501
8 37 0.92077804
8 7 5.861734
8 27 3.4412248
8 16 1.4528186
8 23 0.9968928
8 25 2000.0
9 36 0.49653956
9 26 2000.0
9 28 1.7155646
9 10 11.256699
9 22 0.057283442
9 31 0.03020588
9 12 2000.0
9 3 0.9268492
9 4 0.101100914
9 17 0.03733195
9 19 0.08103006
10 26 0.029633502
10 28 0.2823106
10 24 0.076132976
10 31 22.292704
10 12 1355.284
10 9 11.256699
10 17 0.03057546
11 0 2000.0
11 30 1.0792391
11 8 0.8912383
11 18 12.2840605
11 13 1.1503298
11 33 2.48397
11 29 0.94514203
11 5 2.3095162
11 34 3.3366404
11 20 1.3581054
11 2 1.8746281
11 37 1.702612
11 7 4546.1934
11 27 0.7231691
11 16 0.889108
11 25 1.0287306
12 26 0.7361876
12 28 170.77567
12 32 2.6152256
12 24 0.09505772
12 21 0.12682953
12 3 0.05135991
12 1 65.42534
13 30 34.9692
13 0 0.9127272
13 8 1.2934577
13 18 314.57953
13 33 0.9292916
13 11 1.1503298
13 29 1.1103953
13 5 26.299543
13 34 3018.9204
13 20 1.9343575
13 2 0.6964159
13 14 12.511869
13 37 1.1305673
13 7 2000.0
13 27 0.46510786
13 16 27.48714
13 25 0.23531157
14 30 6.0778475
14 20 2.3345454
14 13 12.511869
14 27 6.988596
14 33 0.66057295
14 25 3.6400244
15 32 0.069002084
15 21 5.763924
16 30 1.1046015
16 0 2000.0
16 8 1.4528186
16 18 1.2894818
16 13 27.48714
16 11 0.889108
16 5 1.3561109
16 34 60.262474
16 20 32.941185
16 7 1.2558656
16 27 1.3487462
16 23 2.7821877
16 25 0.70400643
17 6 0.78915447
17 26 1.6999223
17 10 0.03057546
17 24 0.114454046
17 31 0.9877999
17 9 0.03733195
17 4 0.13118792
17 19 179.5299
18 0 2000.0
18 30 0.7772538
18 8 1.4243691
18 13 314.57953
18 11 12.2840605
18 29 1.0504622
18 5 0.7265432
18 2 4.119499
18 37 2.3974864
18 7 2000.0
18 27 37.702568
18 16 1.2894818
18 23 1.483276
19 28 150.50455
19 31 0.10621335
19 9 0.08103006
19 4 0.06728609
19 17 179.5299
20 0 2000.0
20 30 2.080689
20 13 1.9343575
20 33 1.2946337
20 11 1.3581054
20 29 25.251661
20 5 3.7203956
20 34 1.8843762
20 2 6.275198
20 14 2.3345454
20 37 5.604461
20 7 3264.5454
20 27 1.4238535
20 16 32.941185
20 25 1.0127022
21 26 2000.0
21 32 2000.0
21 24 0.6472225
21 35 0.030194806
21 31 2000.0
21 12 0.12682953
21 15 5.763924
22 31 180.00002
22 9 0.057283442
22 19 2000.0
23 0 2000.0
23 30 1.193834
23 8 0.9968928
23 2 10.07452
23 37 1.6315994
23 18 1.483276
23 7 1.2669489
23 16 2.7821877
23 11 2000.0
23 29 1.2962282
23 5 1.6607723
24 26 0.054257266
24 32 0.27198827
24 10 0.076132976
24 21 0.6472225
24 12 0.09505772
24 3 2000.0
24 15 2000.0
24 17 0.114454046
25 30 8.021254
25 0 8.9617195
25 13 0.23531157
25 33 0.5726849
25 11 1.0287306
25 29 1.4266918
25 34 2.8791852
25 20 1.0127022
25 2 0.65352935
25 14 3.6400244
25 37 27.253511
25 7 3.0531473
25 27 0.2669116
25 16 0.70400643
26 32 51.35795
26 28 0.055044264
26 10 0.029633502
26 24 0.054257266
26 31 0.22350974
26 12 0.7361876
26 17 1.6999223
27 30 0.2501709
27 0 2000.0
27 8 3.4412248
27 18 37.702568
27 13 0.46510786
27 33 0.7372257
27 11 0.7231691
27 29 0.7286305
27 5 1.6889064
27 34 1.0489153
27 20 1.4238535
27 2 1.1571001
27 14 6.988596
27 37 0.79685724
27 7 2000.0
27 16 1.3487462
27 25 0.2669116
28 36 0.07521185
28 26 0.055044264
28 10 0.2823106
28 3 18.023184
28 12 170.77567
28 9 1.7155646
28 19 150.50455
29 0 18.806116
29 30 1.2318887
29 8 0.71720177
29 18 1.0504622
29 13 1.1103953
29 33 13.171111
29 11 0.94514203
29 5 2.212059
29 34 4.229421
29 20 25.251661
29 2 1.5624897
29 37 0.5760567
29 7 800.0
29 27 0.7286305
29 16 2000.0
29 23 1.2962282
29 25 1.4266918
30 8 0.45888257
30 18 0.7772538
30 13 34.9692
30 33 10.135364
30 11 1.0792391
30 29 1.2318887
30 5 0.5834317
30 34 1.0056765
30 20 2.080689
30 2 21.262192
30 14 6.0778475
30 37 9.591903
30 7 0.77999264
30 27 0.2501709
30 16 1.1046015
30 23 1.193834
30 25 8.021254
31 26 0.22350974
31 6 0.1519156
31 10 22.292704
31 22 180.00002
31 9 0.03020588
31 4 0.07743919
31 17 0.9877999
31 19 0.10621335
32 26 51.35795
32 24 0.27198827
32 21 2000.0
32 12 2.6152256
32 15 0.069002084
33 30 10.135364
33 8 2000.0
33 13 0.9292916
33 11 2.48397
33 29 13.171111
33 34 2000.0
33 20 1.2946337
33 2 1.507688
33 14 0.66057295
33 7 2000.0
33 27 0.7372257
33 16 1971.0227
33 25 0.5726849
34 30 1.0056765
34 20 1.8843762
34 8 53.054474
34 37 2000.0
34 7 2000.0
34 27 1.0489153
34 16 60.262474
34 11 3.3366404
34 29 4.229421
34 25 2.8791852
34 5 2.3342254
35 21 0.030194806
35 31 1046.4773
36 28 0.07521185
36 3 0.446526
36 9 0.49653956
37 30 9.591903
37 0 1.0712153
37 8 0.92077804
37 18 2.3974864
37 13 1.1305673
37 11 1.702612
37 29 0.5760567
37 5 5.9006567
37 20 5.604461
37 2 0.78862804
37 7 3183.5793
37 27 0.79685724
37 16 2000.0
37 23 1.6315994
37 25 27.253511
