0 2 0.97419524
0 37 5.3416677
0 13 0.8437632
0 29 10.599096
0 25 23.69667
1 3 0.9477274
1 12 12.135511
2 30 21.459238
2 0 0.97419524
2 8 1.580998
2 18 3.5802968
2 13 0.47136363
2 33 2.2136495
2 11 1.0813751
2 29 1.3381629
2 20 2.8697484
2 37 0.9696637
2 27 1.1521071
2 16 2000.0
2 23 16.166973
2 25 0.42225698
3 36 0.338558
3 28 21.603642
3 24 2000.0
3 12 0.050394062
3 1 0.9477274
3 9 0.32475257
4 31 0.06720838
4 9 0.06493677
4 17 0.27910987
4 19 0.07836327
5 30 0.6090531
5 8 0.51610315
5 18 2.0982256
5 13 47.277702
5 11 1.5295646
5 29 3.7532096
5 34 4.550713
5 20 3.5357387
5 37 52.111053
5 7 8.622198
5 27 2.4895523
5 16 3.1018267
5 23 3.4959176
5 25 2000.0
6 31 0.10211809
6 17 3.4077559
7 30 0.6237397
7 20 181.60135
7 8 4.4366126
7 37 184.17564
7 27 335.07278
7 16 1.1177675
7 23 1.1963166
7 25 1.7384467
7 5 8.622198
8 0 2000.0
8 30 0.424611
8 18 1.531745
8 13 1.1351025
8 11 0.7918615
8 29 0.63102984
8 5 0.51610315
8 34 17.594984
8 2 1.580998
8 37 0.9848149
8 7 4.4366126
8 27 1.5493777
8 16 2.0047932
8 23 0.8948529
8 25 2000.0
9 36 0.2700128
9 26 2000.0
9 28 1.3380843
9 10 19.9446
9 22 0.048193995
9 31 0.027992511
9 3 0.32475257
9 12 2000.0
9 4 0.06493677
9 17 0.042744797
9 19 0.071967706
10 26 0.030055694
10 28 0.42077294
10 24 0.09218566
10 31 21.008476
10 12 1596.4204
10 9 19.9446
10 17 0.034569938
11 0 2000.0
11 30 0.61143106
11 8 0.7918615
11 18 7.5895667
11 13 0.751636
11 33 1.7584225
11 29 0.84216654
11 5 1.5295646
11 34 2.7703283
11 20 1.136312
11 2 1.0813751
11 37 1.5839825
11 7 2619.2046
11 27 0.5906129
11 16 1.1032696
11 25 0.64575654
12 26 6.6901217
12 32 5.4724326
12 28 142.86137
12 24 0.074332684
12 21 0.18816562
12 3 0.050394062
12 1 12.135511
13 30 42.380325
13 0 0.8437632
13 8 1.1351025
13 18 74.04992
13 33 0.9758875
13 11 0.751636
13 29 0.9155938
13 5 47.277702
13 34 182.16411
13 20 1.6416085
13 2 0.47136363
13 14 6.157943
13 37 1.3214393
13 7 2000.0
13 27 0.3258162
13 16 53.033844
13 25 0.28898358
14 30 9.292696
14 20 5.550903
14 13 6.157943
14 27 3.701573
14 33 0.5354511
14 11 2000.0
14 25 7.4176655
15 32 0.11413384
15 21 1.3949538
16 30 1.0734825
16 0 2000.0
16 8 2.0047932
16 18 1.1910435
16 13 53.033844
16 11 1.1032696
16 5 3.1018267
16 34 153.13731
16 20 19.849092
16 7 1.1177675
16 27 1.437558
16 23 2.7959886
16 25 1.1276923
17 6 3.4077559
17 26 1.583213
17 10 0.034569938
17 24 0.06819113
17 31 0.9612587
17 9 0.042744797
17 4 0.27910987
17 19 1188.9205
18 0 2000.0
18 30 0.6668884
18 8 1.531745
18 13 74.04992
18 11 7.5895667
18 29 1.1600538
18 5 2.0982256
18 2 3.5802968
18 37 2.7036104
18 7 2000.0
18 27 14.366493
18 16 1.1910435
18 23 1.389953
19 28 156.66423
19 31 0.10184908
19 9 0.071967706
19 4 0.07836327
20 30 1.3106475
20 13 1.6416085
20 33 0.91301924
20 11 1.136312
20 29 7.1147413
20 5 3.5357387
20 34 0.8828232
20 2 2.8697484
20 14 5.550903
20 37 6.1241946
20 7 181.60135
20 27 0.7115837
20 16 19.849092
20 25 0.55217195
21 24 0.76889485
21 35 0.031147545
21 12 0.18816562
21 15 1.3949538
22 31 109.090904
22 9 0.048193995
22 19 2000.0
23 30 1.9738638
23 0 2000.0
23 8 0.8948529
23 2 16.166973
23 37 1.3836913
23 18 1.389953
23 7 1.1963166
23 16 2.7959886
23 11 2000.0
23 29 2.1574802
23 5 3.4959176
24 26 0.054001287
24 32 0.18520573
24 10 0.09218566
24 21 0.76889485
24 31 2000.0
24 12 0.074332684
24 15 2000.0
24 17 0.06819113
25 0 23.69667
25 30 13.261921
25 13 0.28898358
25 33 0.6218653
25 11 0.64575654
25 29 1.7345719
25 34 2.6922238
25 20 0.55217195
25 2 0.42225698
25 14 7.4176655
25 37 30.633974
25 7 1.7384467
25 27 0.22579226
25 16 1.1276923
26 32 37.22728
26 28 0.13552994
26 10 0.030055694
26 24 0.054001287
26 31 0.17847061
26 12 6.6901217
26 17 1.583213
27 30 0.24622616
27 0 2000.0
27 8 1.5493777
27 18 14.366493
27 13 0.3258162
27 33 0.8767355
27 11 0.5906129
27 29 1.0887232
27 5 2.4895523
27 34 2.2593834
27 20 0.7115837
27 2 1.1521071
27 14 3.701573
27 37 1.2053574
27 7 335.07278
27 16 1.437558
27 25 0.22579226
28 36 0.031566694
28 26 0.13552994
28 10 0.42077294
28 12 142.86137
28 3 21.603642
28 9 1.3380843
28 19 156.66423
29 0 10.599096
29 30 2.059833
29 8 0.63102984
29 18 1.1600538
29 13 0.9155938
29 33 10.965233
29 11 0.84216654
29 5 3.7532096
29 34 3.4401448
29 20 7.1147413
29 2 1.3381629
29 37 0.7042775
29 7 2000.0
29 27 1.0887232
29 16 2000.0
29 23 2.1574802
29 25 1.7345719
30 8 0.424611
30 18 0.6668884
30 13 42.380325
30 33 8.6482935
30 11 0.61143106
30 29 2.059833
30 5 0.6090531
30 34 0.9531371
30 20 1.3106475
30 2 21.459238
30 14 9.292696
30 37 20.015621
30 7 0.6237397
30 27 0.24622616
30 16 1.0734825
30 23 1.9738638
30 25 13.261921
31 26 0.17847061
31 6 0.10211809
31 10 21.008476
31 22 109.090904
31 9 0.027992511
31 4 0.06720838
31 17 0.9612587
31 19 0.10184908
32 26 37.22728
32 24 0.18520573
32 12 5.4724326
32 15 0.11413384
33 30 8.6482935
33 8 2000.0
33 13 0.9758875
33 11 1.7584225
33 29 10.965233
33 5 2000.0
33 34 2000.0
33 20 0.91301924
33 2 2.2136495
33 14 0.5354511
33 7 2000.0
33 27 0.8767355
33 16 3017.898
33 25 0.6218653
34 30 0.9531371
34 20 0.8828232
34 8 17.594984
34 37 2000.0
34 7 2000.0
34 13 182.16411
34 27 2.2593834
34 16 153.13731
34 11 2.7703283
34 29 3.4401448
34 25 2.6922238
34 5 4.550713
35 21 0.031147545
35 31 1419.4886
36 28 0.031566694
36 3 0.338558
36 9 0.2700128
37 30 20.015621
37 0 5.3416677
37 8 0.9848149
37 18 2.7036104
37 13 1.3214393
37 11 1.5839825
37 29 0.7042775
37 5 52.111053
37 20 6.1241946
37 2 0.9696637
37 7 184.17564
37 27 1.2053574
37 16 2000.0
37 23 1.3836913
37 25 30.633974
