0 2 0.8736573
0 37 1.6532705
0 13 1.0387064
0 25 18.134258
0 29 18.80256
1 3 0.68178153
1 12 64.81782
2 30 10.684101
2 0 0.8736573
2 8 1.417724
2 18 3.4620116
2 13 0.7439812
2 33 2.1600225
2 11 1.7479206
2 29 1.2729819
2 20 5.1492734
2 37 1.5991861
2 27 692.89777
2 16 2000.0
2 23 10.841804
2 25 0.54481125
3 36 1.5142757
3 28 33.38547
3 24 276.9231
3 12 0.06964499
3 1 0.68178153
3 9 0.61488247
4 31 0.06793845
4 9 0.12795231
4 17 0.16530982
4 19 0.071150765
5 30 0.7274591
5 8 1.0237993
5 18 1.0526578
5 13 97.19803
5 11 5.171273
5 29 10.113005
5 34 1.9391487
5 20 4.9584007
5 37 15.202948
5 7 12.689957
5 27 779.5454
5 16 1.4091364
5 23 5.959106
5 25 2000.0
6 31 0.40867376
6 17 12.064393
7 34 268.37006
7 30 0.77650523
7 20 39.981777
7 8 5.4105854
7 16 1.7389324
7 23 1.4235858
7 11 100.0
7 25 2.8801575
7 5 12.689957
8 0 3618.5796
8 30 0.60957336
8 18 1.0586005
8 13 5.386339
8 11 0.8191326
8 29 0.8256391
8 5 1.0237993
8 34 25.614546
8 2 1.417724
8 37 1.4272754
8 7 5.4105854
8 27 1067.7273
8 16 1.4222363
8 23 1.1455383
8 25 2000.0
9 36 1.0924466
9 26 2000.0
9 28 0.38143936
9 10 8.003497
9 22 0.07039142
9 31 0.031393994
9 12 2000.0
9 3 0.61488247
9 4 0.12795231
9 17 0.033318184
9 19 0.10865078
10 26 35.795452
10 28 0.54488695
10 24 0.064117685
10 31 1.5394225
10 12 110.22389
10 9 8.003497
10 17 0.030090133
11 0 2000.0
11 30 0.86719
11 8 0.8191326
11 18 3.5036738
11 13 1.0098755
11 33 1.4868795
11 29 1.4455036
11 5 5.171273
11 34 1.3548197
11 20 1.203362
11 2 1.7479206
11 37 1.1933033
11 7 100.0
11 27 692.89777
11 16 1.4044514
11 25 0.61491287
12 26 2000.0
12 32 4.42046
12 10 110.22389
12 24 0.07793496
12 21 0.10814148
12 3 0.06964499
12 1 64.81782
13 30 16.666445
13 0 1.0387064
13 8 5.386339
13 18 29.239796
13 33 1.4803485
13 11 1.0098755
13 29 1.5259666
13 5 97.19803
13 34 65.70834
13 20 1.021281
13 2 0.7439812
13 14 9.578024
13 37 1.3797393
13 7 2000.0
13 27 150.96591
13 16 155.48085
13 25 0.25973326
14 30 15.355286
14 20 1.9195396
14 13 9.578024
14 27 5234.1475
14 33 0.39118803
14 25 9.455602
15 32 0.067064226
15 21 10.879716
16 30 1.120226
16 0 2000.0
16 8 1.4222363
16 18 1.0982263
16 13 155.48085
16 11 1.4044514
16 5 1.4091364
16 34 51.5714
16 20 35.267487
16 7 1.7389324
16 27 1119.8296
16 23 2.7077203
16 25 0.710194
17 6 12.064393
17 26 1034.8864
17 10 0.030090133
17 24 0.053896803
17 31 0.9826904
17 9 0.033318184
17 4 0.16530982
17 19 45.385418
18 0 2000.0
18 30 0.6423744
18 8 1.0586005
18 2 3.4620116
18 37 2.0723517
18 13 29.239796
18 27 2000.0
18 16 1.0982263
18 11 3.5036738
18 23 1.3259442
18 29 0.84318185
18 5 1.0526578
19 28 30.110739
19 31 0.07672058
19 9 0.10865078
19 17 45.385418
19 4 0.071150765
20 30 2.2167683
20 13 1.021281
20 33 0.8835
20 11 1.203362
20 29 7.542551
20 5 4.9584007
20 34 1.083581
20 2 5.1492734
20 14 1.9195396
20 37 3.9288375
20 7 39.981777
20 27 957.6705
20 16 35.267487
20 25 0.39147222
21 26 2000.0
21 32 2000.0
21 24 1.1331205
21 35 0.03264209
21 12 0.10814148
21 15 10.879716
22 31 2000.0
22 9 0.07039142
22 19 2000.0
23 0 2000.0
23 30 2.0235283
23 8 1.1455383
23 2 10.841804
23 37 1.2927115
23 18 1.3259442
23 7 1.4235858
23 16 2.7077203
23 11 2000.0
23 29 2.8200378
23 5 5.959106
24 26 37.045452
24 32 0.2819563
24 10 0.064117685
24 21 1.1331205
24 3 276.9231
24 12 0.07793496
24 15 2000.0
24 17 0.053896803
25 30 11.957428
25 0 18.134258
25 13 0.25973326
25 33 0.6164694
25 11 0.61491287
25 29 4.833277
25 34 2.388397
25 20 0.39147222
25 2 0.54481125
25 14 9.455602
25 37 78.05966
25 7 2.8801575
25 27 229.14774
25 16 0.710194
28 36 0.02331826
28 26 51.81818
28 10 0.54488695
28 12 1274.3182
28 3 33.38547
28 9 0.38143936
28 19 30.110739
29 0 18.80256
29 30 2.6461957
29 8 0.8256391
29 18 0.84318185
29 13 1.5259666
29 33 64.11105
29 11 1.4455036
29 5 10.113005
29 34 4.079571
29 20 7.542551
29 2 1.2729819
29 37 1.1449597
29 7 2000.0
29 27 1898.9204
29 16 2000.0
29 23 2.8200378
29 25 4.833277
30 8 0.60957336
30 18 0.6423744
30 13 16.666445
30 33 20.980743
30 11 0.86719
30 29 2.6461957
30 5 0.7274591
30 34 0.87597096
30 20 2.2167683
30 2 10.684101
30 14 15.355286
30 37 9.220041
30 7 0.77650523
30 27 147.78409
30 16 1.120226
30 23 2.0235283
30 25 11.957428
31 26 2000.0
31 6 0.40867376
31 10 1.5394225
31 35 10.423059
31 9 0.031393994
31 4 0.06793845
31 17 0.9826904
31 19 0.07672058
32 26 2000.0
32 24 0.2819563
32 12 4.42046
32 15 0.067064226
33 30 20.980743
33 8 2000.0
33 13 1.4803485
33 11 1.4868795
33 29 64.11105
33 5 2000.0
33 34 2000.0
33 20 0.8835
33 2 2.1600225
33 14 0.39118803
33 7 2000.0
33 27 698.2386
33 16 2422.443
33 25 0.6164694
34 30 0.87597096
34 20 1.083581
34 8 25.614546
34 37 2000.0
34 13 65.70834
34 7 268.37006
34 27 716.8182
34 16 51.5714
34 11 1.3548197
34 29 4.079571
34 25 2.388397
34 5 1.9391487
35 21 0.03264209
35 31 10.423059
36 28 0.02331826
36 3 1.5142757
36 9 1.0924466
37 30 9.220041
37 0 1.6532705
37 8 1.4272754
37 18 2.0723517
37 13 1.3797393
37 11 1.1933033
37 29 1.1449597
37 5 15.202948
37 20 3.9288375
37 2 1.5991861
37 7 5185.1133
37 27 725.7955
37 16 2000.0
37 23 1.2927115
37 25 78.05966
