0 2 0.9040509
0 37 4.008981
0 13 0.82451946
0 29 72.19924
0 25 18.904545
1 3 1.1811216
1 12 17.745157
2 30 11.469777
2 0 0.9040509
2 8 1.2633868
2 18 3.3409734
2 13 0.5054718
2 33 1.8429635
2 11 1.6584251
2 29 1.1533196
2 20 2.1774013
2 37 0.91164345
2 27 0.7920194
2 16 2000.0
2 23 9.035147
2 25 1.6585197
3 36 0.58734983
3 28 10.854842
3 24 360.00003
3 12 0.0673481
3 1 1.1811216
3 9 0.5523883
4 31 0.06734353
4 9 0.08128817
4 17 0.113675535
4 19 0.06630167
5 30 0.7180536
5 8 0.83761966
5 18 2.0928564
5 13 49.14773
5 11 4.1776276
5 29 3.638099
5 34 4.56158
5 20 2.8262508
5 37 11.980098
5 7 9.57427
5 27 2.7394269
5 16 2.0041904
5 23 3.8200226
5 25 2000.0
6 31 0.14266035
6 17 1.1404203
7 30 0.7910098
7 20 129.21754
7 8 4.40799
7 16 1.1537524
7 23 1.4208574
7 25 4.4320345
7 29 360.00003
7 5 9.57427
8 0 2000.0
8 30 0.43205947
8 18 1.354289
8 13 2.0215354
8 11 0.95933443
8 29 1.1907138
8 5 0.83761966
8 34 44.290638
8 2 1.2633868
8 37 1.7224575
8 7 4.40799
8 27 1.1356502
8 16 1.8370808
8 23 1.0765958
8 25 2000.0
9 36 1.5266188
9 26 2000.0
9 28 1.6082513
9 10 11.694754
9 22 0.052393176
9 31 0.029983236
9 3 0.5523883
9 12 2000.0
9 4 0.08128817
9 17 0.035606056
9 19 0.066257335
10 26 0.0286353
10 28 1.4089077
10 24 0.07495173
10 31 6.961148
10 12 1585.7386
10 9 11.694754
10 17 0.031956222
11 0 2000.0
11 30 0.79484844
11 8 0.95933443
11 18 5.59291
11 13 0.8376741
11 33 1.806313
11 29 1.6146554
11 5 4.1776276
11 34 2.1001515
11 20 1.303662
11 2 1.6584251
11 37 1.6753201
11 7 1395.7386
11 27 0.7295693
11 16 1.1415278
11 25 1.3468044
12 26 0.7444983
12 32 4.7931504
12 24 0.07312749
12 21 0.09632955
12 3 0.0673481
12 1 17.745157
13 30 197.29422
13 0 0.82451946
13 8 2.0215354
13 18 170.25
13 33 0.96084654
13 11 0.8376741
13 29 1.712033
13 5 49.14773
13 34 177.77777
13 20 0.9869606
13 2 0.5054718
13 14 11.200656
13 37 1.121924
13 7 2000.0
13 27 0.6339775
13 16 153.0057
13 25 0.26604882
14 34 2000.0
14 30 17.389732
14 20 5.623776
14 13 11.200656
14 27 3.4283228
14 33 0.5002329
14 25 1.9299314
15 32 0.07082713
15 21 11.042523
16 0 2000.0
16 30 1.0668868
16 8 1.8370808
16 18 1.4500176
16 13 153.0057
16 11 1.1415278
16 29 228.57143
16 5 2.0041904
16 34 64.37045
16 20 36.106285
16 7 1.1537524
16 27 1.3749542
16 23 2.3320374
16 25 1.4654303
17 6 1.1404203
17 26 1.4023052
17 10 0.031956222
17 24 0.18761215
17 31 0.9826446
17 9 0.035606056
17 4 0.113675535
17 19 140.54428
18 0 2000.0
18 30 0.7008476
18 8 1.354289
18 13 170.25
18 11 5.59291
18 29 1.8841655
18 5 2.0928564
18 2 3.3409734
18 37 2.1473508
18 7 2000.0
18 27 17.39333
18 16 1.4500176
18 23 1.4058572
19 31 0.09368792
19 9 0.066257335
19 17 140.54428
19 4 0.06630167
20 30 1.2385559
20 8 2000.0
20 13 0.9869606
20 33 1.1214665
20 11 1.303662
20 29 11.324992
20 5 2.8262508
20 34 0.8498376
20 2 2.1774013
20 14 5.623776
20 37 3.0049176
20 7 129.21754
20 27 2.748352
20 16 36.106285
20 25 0.96816504
21 26 2000.0
21 32 1200.0
21 24 1.4467822
21 35 0.036317065
21 31 2000.0
21 12 0.09632955
21 15 11.042523
22 31 2000.0
22 9 0.052393176
22 19 2000.0
23 30 1.1571808
23 0 2000.0
23 8 1.0765958
23 2 9.035147
23 37 2.9196699
23 18 1.4058572
23 7 1.4208574
23 16 2.3320374
23 11 2000.0
23 29 2.4004498
23 5 3.8200226
24 26 0.038189273
24 32 0.47081876
24 10 0.07495173
24 21 1.4467822
24 12 0.07312749
24 3 360.00003
24 15 2000.0
24 17 0.18761215
25 30 26.2407
25 0 18.904545
25 13 0.26604882
25 33 0.75067914
25 11 1.3468044
25 29 3.5154836
25 34 3.4892538
25 20 0.96816504
25 2 1.6585197
25 14 1.9299314
25 37 13.106784
25 7 4.4320345
25 27 0.24694833
25 16 1.4654303
26 32 26.982847
26 28 0.047146406
26 10 0.0286353
26 24 0.038189273
26 31 0.15503956
26 12 0.7444983
26 17 1.4023052
27 30 0.28041574
27 0 2000.0
27 8 1.1356502
27 18 17.39333
27 13 0.6339775
27 33 0.75734925
27 11 0.7295693
27 29 0.8042215
27 5 2.7394269
27 34 1.6474113
27 20 2.748352
27 2 0.7920194
27 14 3.4283228
27 37 1.4980662
27 7 2000.0
27 16 1.3749542
27 25 0.24694833
28 36 0.030177789
28 26 0.047146406
28 10 1.4089077
28 3 10.854842
28 12 1200.3408
28 9 1.6082513
28 19 1474.9431
29 0 72.19924
29 30 1.9311833
29 8 1.1907138
29 18 1.8841655
29 13 1.712033
29 33 6.396694
29 11 1.6146554
29 5 3.638099
29 34 3.6307182
29 20 11.324992
29 2 1.1533196
29 37 1.0173348
29 7 360.00003
29 27 0.8042215
29 16 228.57143
29 23 2.4004498
29 25 3.5154836
30 8 0.43205947
30 18 0.7008476
30 13 197.29422
30 33 16.742899
30 11 0.79484844
30 29 1.9311833
30 5 0.7180536
30 34 1.0448695
30 20 1.2385559
30 2 11.469777
30 14 17.389732
30 37 23.790508
30 7 0.7910098
30 27 0.28041574
30 16 1.0668868
30 23 1.1571808
30 25 26.2407
31 26 0.15503956
31 6 0.14266035
31 10 6.961148
31 22 2000.0
31 9 0.029983236
31 4 0.06734353
31 17 0.9826446
31 19 0.09368792
32 26 26.982847
32 24 0.47081876
32 21 1200.0
32 12 4.7931504
32 15 0.07082713
33 30 16.742899
33 8 2000.0
33 13 0.96084654
33 11 1.806313
33 29 6.396694
33 5 2000.0
33 34 2000.0
33 20 1.1214665
33 2 1.8429635
33 14 0.5002329
33 7 2000.0
33 27 0.75734925
33 16 3017.898
33 25 0.75067914
34 30 1.0448695
34 20 0.8498376
34 8 44.290638
34 37 2000.0
34 7 3600.966
34 13 177.77777
34 27 1.6474113
34 16 64.37045
34 11 2.1001515
34 29 3.6307182
34 25 3.4892538
34 5 4.56158
35 21 0.036317065
35 31 1095.2273
36 28 0.030177789
36 3 0.58734983
36 9 1.5266188
37 30 23.790508
37 0 4.008981
37 8 1.7224575
37 18 2.1473508
37 13 1.121924
37 11 1.6753201
37 29 1.0173348
37 5 11.980098
37 20 3.0049176
37 2 0.91164345
37 7 1355.6818
37 27 1.4980662
37 16 2000.0
37 23 2.9196699
37 25 13.106784
