0 8 400.0
0 2 0.9003746
0 37 1.8335599
0 13 0.97761095
0 29 9.7618685
0 25 21.201065
1 3 0.5097727
1 12 37.73286
2 30 50.33512
2 0 0.9003746
2 8 1.0673201
2 18 1.213868
2 13 0.58756953
2 33 1.8046627
2 11 2.004773
2 29 0.9517511
2 20 4.3296943
2 37 0.7670366
2 27 692.89777
2 16 2000.0
2 23 16.675854
2 25 0.43227738
3 36 0.7601996
3 28 19.538633
3 24 2000.0
3 12 0.06743365
3 1 0.5097727
3 9 1.2449453
4 31 0.07100583
4 9 0.081521
4 17 0.10131468
4 19 0.07517028
5 30 0.5603577
5 8 0.71344876
5 18 0.8845141
5 13 28.135443
5 11 1.8469292
5 29 3.07103
5 34 2.2643747
5 20 2.277406
5 37 7.510046
5 7 12.057102
5 27 779.5454
5 16 2.1184552
5 23 1.5304044
5 25 2000.0
6 31 0.10587522
6 17 4.785574
7 34 163.63637
7 30 0.63866746
7 20 30.66294
7 8 2.7291138
7 16 1.6677797
7 11 98.34254
7 23 1.2560711
7 25 4.2686687
7 5 12.057102
8 0 400.0
8 30 0.5030973
8 18 0.8729072
8 13 1.6720914
8 11 1.0409532
8 29 0.6147123
8 5 0.71344876
8 34 13.335929
8 2 1.0673201
8 37 1.3044558
8 7 2.7291138
8 27 1067.7273
8 16 1.6691716
8 23 0.90521485
8 25 2000.0
9 36 1.0569358
9 26 2000.0
9 28 0.89215934
9 10 4.567233
9 22 0.05115163
9 31 0.028061226
9 12 2000.0
9 3 1.2449453
9 4 0.081521
9 17 0.049701944
9 19 0.0807108
10 26 35.795452
10 28 0.44686523
10 24 0.095705405
10 31 1.0990036
10 12 48.119316
10 9 4.567233
10 17 0.030307107
11 0 2000.0
11 30 0.87637514
11 8 1.0409532
11 18 3.189904
11 13 1.1276366
11 33 3.0299504
11 29 0.76210314
11 5 1.8469292
11 34 2.7254322
11 20 0.993986
11 2 2.004773
11 37 1.6212229
11 7 98.34254
11 27 692.89777
11 16 0.8862566
11 25 0.7860765
12 26 2000.0
12 32 4.8391333
12 10 48.119316
12 24 0.08309127
12 21 0.119227834
12 3 0.06743365
12 1 37.73286
13 30 24.863363
13 0 0.97761095
13 8 1.6720914
13 18 39.17086
13 33 1.218891
13 11 1.1276366
13 29 1.0250818
13 5 28.135443
13 34 416.56067
13 20 1.0080405
13 2 0.58756953
13 14 7.3952255
13 37 1.366606
13 7 2000.0
13 27 150.96591
13 16 24.856392
13 25 0.26861
14 34 2000.0
14 30 9.252372
14 20 1.0419081
14 13 7.3952255
14 27 5234.1475
14 33 0.37573865
14 11 2000.0
14 25 1.9947679
15 32 0.06953776
15 21 13.582882
16 34 36.429142
16 30 1.1022074
16 20 71.64672
16 8 1.6691716
16 18 0.85570556
16 13 24.856392
16 7 1.6677797
16 27 1119.8296
16 11 0.8862566
16 23 1.8697922
16 25 0.87587607
16 5 2.1184552
17 6 4.785574
17 26 1034.8864
17 10 0.030307107
17 24 0.11529017
17 31 0.93594646
17 9 0.049701944
17 4 0.10131468
17 19 23.824781
18 0 2000.0
18 30 0.30982283
18 8 0.8729072
18 2 1.213868
18 37 2.596901
18 13 39.17086
18 16 0.85570556
18 11 3.189904
18 23 0.79595315
18 29 1.1488085
18 5 0.8845141
19 28 147.66478
19 31 0.065160066
19 9 0.0807108
19 4 0.07517028
19 17 23.824781
20 30 1.6001382
20 8 2000.0
20 13 1.0080405
20 33 1.2200394
20 11 0.993986
20 29 4.567691
20 5 2.277406
20 34 0.8431721
20 2 4.3296943
20 14 1.0419081
20 37 3.9869
20 7 30.66294
20 27 957.6705
20 16 71.64672
20 25 0.4843827
21 26 2000.0
21 32 2000.0
21 24 0.774476
21 35 0.034347445
21 12 0.119227834
21 15 13.582882
22 31 138.88889
22 9 0.05115163
22 19 2000.0
23 30 1.4251066
23 0 2000.0
23 8 0.90521485
23 2 16.675854
23 37 0.9318137
23 18 0.79595315
23 7 1.2560711
23 16 1.8697922
23 11 2000.0
23 29 1.0067257
23 5 1.5304044
24 26 37.045452
24 32 0.23931818
24 10 0.095705405
24 21 0.774476
24 12 0.08309127
24 17 0.11529017
25 0 21.201065
25 30 11.840305
25 13 0.26861
25 33 0.7220346
25 11 0.7860765
25 29 2.2389462
25 34 2.1861641
25 20 0.4843827
25 2 0.43227738
25 14 1.9947679
25 37 119.17075
25 7 4.2686687
25 27 229.14774
25 16 0.87587607
28 36 0.035318587
28 26 51.81818
28 10 0.44686523
28 3 19.538633
28 12 1222.3295
28 9 0.89215934
28 19 147.66478
29 0 9.7618685
29 30 1.1739917
29 8 0.6147123
29 18 1.1488085
29 13 1.0250818
29 33 10.471445
29 11 0.76210314
29 5 3.07103
29 34 2.600173
29 20 4.567691
29 2 0.9517511
29 37 0.6525961
29 7 2000.0
29 27 1898.9204
29 16 2000.0
29 23 1.0067257
29 25 2.2389462
30 8 0.5030973
30 18 0.30982283
30 13 24.863363
30 33 7.9089785
30 11 0.87637514
30 29 1.1739917
30 5 0.5603577
30 34 0.7617458
30 20 1.6001382
30 2 50.33512
30 14 9.252372
30 37 8.473051
30 7 0.63866746
30 27 147.78409
30 16 1.1022074
30 23 1.4251066
30 25 11.840305
31 26 79.88636
31 6 0.10587522
31 10 1.0990036
31 35 47.517227
31 22 138.88889
31 9 0.028061226
31 4 0.07100583
31 17 0.93594646
31 19 0.065160066
32 26 2000.0
32 24 0.23931818
32 12 4.8391333
32 15 0.06953776
33 30 7.9089785
33 8 2000.0
33 13 1.218891
33 11 3.0299504
33 29 10.471445
33 34 2000.0
33 20 1.2200394
33 2 1.8046627
33 14 0.37573865
33 7 2000.0
33 27 698.2386
33 16 2422.443
33 25 0.7220346
34 30 0.7617458
34 20 0.8431721
34 8 13.335929
34 37 2000.0
34 7 163.63637
34 13 416.56067
34 27 716.8182
34 16 36.429142
34 11 2.7254322
34 29 2.600173
34 25 2.1861641
34 5 2.2643747
35 21 0.034347445
35 31 47.517227
36 28 0.035318587
36 3 0.7601996
36 9 1.0569358
37 30 8.473051
37 0 1.8335599
37 8 1.3044558
37 18 2.596901
37 13 1.366606
37 11 1.6212229
37 29 0.6525961
37 5 7.510046
37 20 3.9869
37 2 0.7670366
37 7 3070.5112
37 27 725.7955
37 16 2000.0
37 23 0.9318137
37 25 119.17075
