0 8 335.92044
0 2 0.954437
0 37 2.3962173
0 13 1.0199325
0 25 20.016867
0 29 32.719395
1 3 1.1754057
1 12 24.47746
2 30 42.22606
2 0 0.954437
2 8 1.2502977
2 18 3.2177777
2 13 0.6143221
2 33 1.5270029
2 11 1.0248353
2 29 0.90134627
2 20 1.482096
2 37 1.044011
2 27 1.0668652
2 16 2000.0
2 23 8.039492
2 25 0.6158812
3 36 0.3471526
3 28 11.462776
3 24 127.594154
3 12 0.07366233
3 1 1.1754057
3 9 0.8957486
4 31 0.0769933
4 9 0.084072284
4 17 0.11231326
4 19 0.08029499
5 30 1.1425822
5 8 0.5144849
5 18 0.65150785
5 13 29.000732
5 11 1.8205228
5 29 3.4737966
5 34 3.9682438
5 20 1.6481303
5 37 22.765884
5 7 6.9735613
5 27 2.3763995
5 16 1.8911068
5 23 4.5106096
5 25 2000.0
6 31 0.16642046
6 17 1.438619
7 34 317.30743
7 30 1.2305644
7 20 72.38031
7 8 4.2538977
7 37 90.911934
7 16 1.4949867
7 23 1.3097329
7 25 1.4043897
7 5 6.9735613
8 0 335.92044
8 30 0.40546757
8 18 0.98848444
8 13 0.8887858
8 11 0.9560845
8 29 0.32634062
8 5 0.5144849
8 34 56.291573
8 2 1.2502977
8 37 1.2230829
8 7 4.2538977
8 27 1.2681541
8 16 1.9729277
8 23 0.8813552
8 25 2000.0
9 36 0.7378247
9 26 2000.0
9 28 0.5435345
9 10 20.99056
9 22 0.045116343
9 31 0.030952951
9 3 0.8957486
9 12 2000.0
9 4 0.084072284
9 17 0.042931147
9 19 0.066848174
10 26 0.028679658
10 28 0.36134234
10 24 0.092432775
10 31 13.218089
10 12 1211.3068
10 9 20.99056
10 17 0.030252894
11 0 2000.0
11 30 0.78593785
11 8 0.9560845
11 18 8.196961
11 13 1.0621364
11 33 4.5435266
11 29 1.0016028
11 5 1.8205228
11 34 2.6565588
11 20 1.4085627
11 2 1.0248353
11 37 1.3764566
11 7 1645.341
11 27 1.0339557
11 16 1.074058
11 25 1.0298694
12 26 0.54545456
12 32 5.8686867
12 24 0.076206416
12 21 0.102576464
12 3 0.07366233
12 1 24.47746
13 30 24.427414
13 0 1.0199325
13 8 0.8887858
13 18 182.3345
13 33 0.87586725
13 11 1.0621364
13 29 1.0796244
13 5 29.000732
13 34 99.47472
13 20 0.9311843
13 2 0.6143221
13 14 2.4192696
13 37 1.4397136
13 7 2000.0
13 27 0.42340094
13 16 32.845154
13 25 0.23943
14 30 16.972923
14 20 1.5250297
14 13 2.4192696
14 27 2.8945134
14 33 0.8779037
14 11 2000.0
14 25 2.2038503
15 32 0.08462183
15 21 5.067822
16 30 1.1047057
16 0 2000.0
16 8 1.9729277
16 18 1.3099232
16 13 32.845154
16 11 1.074058
16 29 2000.0
16 5 1.8911068
16 34 201.01396
16 20 28.583874
16 7 1.4949867
16 27 1.9164641
16 23 2.8759096
16 25 0.98603225
17 6 1.438619
17 26 1.600682
17 10 0.030252894
17 24 0.17673594
17 31 0.9873357
17 9 0.042931147
17 4 0.11231326
17 19 1582.159
18 0 2000.0
18 30 0.5682396
18 8 0.98848444
18 13 182.3345
18 11 8.196961
18 29 1.0938041
18 5 0.65150785
18 2 3.2177777
18 37 3.1867702
18 7 2000.0
18 27 19.623135
18 16 1.3099232
18 23 1.2368609
19 28 82.41933
19 31 0.09950482
19 9 0.066848174
19 4 0.08029499
20 30 0.74401104
20 13 0.9311843
20 33 1.3568302
20 11 1.4085627
20 29 7.210893
20 5 1.6481303
20 34 0.82542986
20 2 1.482096
20 14 1.5250297
20 37 2.2845652
20 7 72.38031
20 27 1.1929235
20 16 28.583874
20 25 0.37054276
21 26 2000.0
21 32 800.0
21 24 1.0109266
21 35 0.04124817
21 31 2000.0
21 12 0.102576464
21 15 5.067822
22 31 46.153843
22 9 0.045116343
22 19 2000.0
23 0 2000.0
23 30 1.3922176
23 8 0.8813552
23 2 8.039492
23 37 2.1724486
23 18 1.2368609
23 7 1.3097329
23 16 2.8759096
23 11 2000.0
23 29 0.9491241
23 5 4.5106096
24 26 0.04807423
24 32 0.32119498
24 10 0.092432775
24 21 1.0109266
24 12 0.076206416
24 3 127.594154
24 15 2000.0
24 17 0.17673594
25 0 20.016867
25 30 11.911425
25 13 0.23943
25 33 0.6988447
25 11 1.0298694
25 29 2.4520571
25 34 1.9074028
25 20 0.37054276
25 2 0.6158812
25 14 2.2038503
25 37 43.919495
25 7 1.4043897
25 27 0.24138239
25 16 0.98603225
26 32 21.285875
26 28 0.06689138
26 10 0.028679658
26 24 0.04807423
26 31 0.11188252
26 12 0.54545456
26 17 1.600682
27 30 2.1496449
27 0 2000.0
27 8 1.2681541
27 18 19.623135
27 13 0.42340094
27 33 0.91456616
27 11 1.0339557
27 29 0.85476124
27 5 2.3763995
27 34 1.1047384
27 20 1.1929235
27 2 1.0668652
27 14 2.8945134
27 37 2.0910594
27 7 2000.0
27 16 1.9164641
27 25 0.24138239
28 36 0.03440249
28 26 0.06689138
28 10 0.36134234
28 3 11.462776
28 12 1686.1932
28 9 0.5435345
28 19 82.41933
29 0 32.719395
29 30 1.7287782
29 8 0.32634062
29 18 1.0938041
29 13 1.0796244
29 33 18.737953
29 11 1.0016028
29 5 3.4737966
29 34 5.164846
29 20 7.210893
29 2 0.90134627
29 37 1.043112
29 7 2000.0
29 27 0.85476124
29 16 2000.0
29 23 0.9491241
29 25 2.4520571
30 8 0.40546757
30 18 0.5682396
30 13 24.427414
30 33 6.9395747
30 11 0.78593785
30 29 1.7287782
30 5 1.1425822
30 34 2.4014792
30 20 0.74401104
30 2 42.22606
30 14 16.972923
30 37 12.759416
30 7 1.2305644
30 27 2.1496449
30 16 1.1047057
30 23 1.3922176
30 25 11.911425
31 26 0.11188252
31 6 0.16642046
31 10 13.218089
31 35 25.60865
31 22 46.153843
31 9 0.030952951
31 4 0.0769933
31 17 0.9873357
31 19 0.09950482
32 26 21.285875
32 24 0.32119498
32 21 800.0
32 12 5.8686867
32 15 0.08462183
33 34 2000.0
33 30 6.9395747
33 20 1.3568302
33 2 1.5270029
33 14 0.8779037
33 7 2000.0
33 13 0.87586725
33 27 0.91456616
33 16 3017.898
33 11 4.5435266
33 29 18.737953
33 25 0.6988447
34 30 2.4014792
34 20 0.82542986
34 8 56.291573
34 37 2000.0
34 13 99.47472
34 7 317.30743
34 27 1.1047384
34 16 201.01396
34 11 2.6565588
34 29 5.164846
34 25 1.9074028
34 5 3.9682438
35 21 0.04124817
35 31 25.60865
36 28 0.03440249
36 3 0.3471526
36 9 0.7378247
37 30 12.759416
37 0 2.3962173
37 8 1.2230829
37 18 3.1867702
37 13 1.4397136
37 11 1.3764566
37 29 1.043112
37 5 22.765884
37 20 2.2845652
37 2 1.044011
37 7 90.911934
37 27 2.0910594
37 16 2000.0
37 23 2.1724486
37 25 43.919495
