0 8 14.779671
0 2 0.9524525
0 37 0.6373748
0 13 1.0290269
0 11 58.94318
0 29 9.575276
0 25 2000.0
1 3 0.32030794
1 12 73.468796
2 30 17.650324
2 0 0.9524525
2 8 1.420748
2 18 7.790208
2 13 0.47088185
2 33 3.217344
2 11 1.4389441
2 29 0.99178064
2 20 4.789773
2 37 0.98710823
2 27 0.682707
2 16 2000.0
2 23 22.289062
2 25 1.8929366
3 36 0.23200579
3 28 0.090138674
3 24 2000.0
3 12 0.057893172
3 1 0.32030794
3 9 0.40718308
4 31 0.07433603
4 9 0.06857578
4 17 0.07612927
4 19 0.08191914
5 30 1.2997078
5 8 0.6242007
5 18 0.3693672
5 13 2000.0
5 11 2.5319085
5 29 2.0767586
5 34 3.02423
5 20 1.3616832
5 37 2000.0
5 7 7.1889577
5 27 3.2304935
5 16 1.4394758
5 23 7.5920734
6 31 1.2022264
6 17 1.2224346
7 34 13.825929
7 30 0.8637083
7 20 2.1579752
7 8 26.75306
7 37 20.375242
7 27 266.6667
7 16 1.2196338
7 11 10.280763
7 23 1.1545278
7 25 11.328214
7 5 7.1889577
8 0 14.779671
8 30 0.6322043
8 18 1.0153751
8 13 2.2167065
8 11 0.4603129
8 29 0.6596377
8 5 0.6242007
8 34 4.372542
8 2 1.420748
8 37 1.6467627
8 7 26.75306
8 27 1.207151
8 16 1.4325095
8 23 1.0803529
9 36 1.5021282
9 26 2000.0
9 28 0.8605372
9 10 6.9225636
9 22 0.77873236
9 31 0.030792676
9 3 0.40718308
9 17 0.04177534
9 4 0.06857578
9 19 0.07715359
10 26 0.037230354
10 28 0.24267921
10 24 0.06681461
10 31 0.030107664
10 12 1.824697
10 9 6.9225636
10 17 0.029903842
11 0 58.94318
11 30 0.4258596
11 8 0.4603129
11 18 5.43212
11 13 0.62029016
11 33 2.3421123
11 29 0.8416353
11 5 2.5319085
11 34 3.0071397
11 20 1.0587256
11 2 1.4389441
11 37 1.2658691
11 7 10.280763
11 27 0.469696
11 16 0.779723
11 25 0.91993606
12 26 2.2238808
12 28 4.940486
12 32 0.3688167
12 10 1.824697
12 24 0.072577335
12 21 0.07369067
12 3 0.057893172
12 1 73.468796
13 30 0.6363357
13 0 1.0290269
13 8 2.2167065
13 18 119.38051
13 33 1.0306866
13 11 0.62029016
13 29 0.6372054
13 34 14.394616
13 20 0.765059
13 2 0.47088185
13 14 2.682847
13 37 2.1858444
13 27 0.20019342
13 16 53.596172
13 25 0.53967834
14 20 0.84259903
14 13 2.682847
14 33 0.41191736
14 27 2.1278567
14 11 2000.0
14 25 1.4733013
15 32 0.07534633
15 21 1.7275095
16 0 2000.0
16 30 1.1400809
16 8 1.4325095
16 18 0.74520636
16 13 53.596172
16 11 0.779723
16 29 187.22076
16 5 1.4394758
16 20 9.2174015
16 37 45.609123
16 7 1.2196338
16 27 1.5716889
16 23 14.012529
16 25 0.8270484
17 26 1.9358625
17 6 1.2224346
17 10 0.029903842
17 24 0.19926757
17 31 1.8999268
17 9 0.04177534
17 4 0.07612927
17 19 2.5482423
18 30 0.7375568
18 2 7.790208
18 8 1.0153751
18 37 1.0332879
18 13 119.38051
18 7 2000.0
18 27 1.9811376
18 16 0.74520636
18 23 1.2956507
18 11 5.43212
18 29 1.0804108
18 5 0.3693672
19 31 0.078588486
19 9 0.07715359
19 17 2.5482423
19 4 0.08191914
20 30 5.22197
20 13 0.765059
20 33 0.89142483
20 11 1.0587256
20 29 0.93394303
20 5 1.3616832
20 34 0.794899
20 2 4.789773
20 14 0.84259903
20 37 2.688783
20 7 2.1579752
20 27 0.45807996
20 16 9.2174015
20 25 0.4919711
21 24 0.10853394
21 35 0.079033084
21 12 0.07369067
21 15 1.7275095
22 6 683.75
22 31 1290.3977
22 9 0.77873236
22 19 1289.6592
23 0 2000.0
23 30 2.010782
23 2 22.289062
23 8 1.0803529
23 37 3.527842
23 18 1.2956507
23 7 1.1545278
23 16 14.012529
23 11 2000.0
23 29 1.5286016
23 5 7.5920734
24 26 0.09584447
24 32 0.10558529
24 10 0.06681461
24 21 0.10853394
24 31 18.426376
24 12 0.072577335
24 3 2000.0
24 15 2000.0
24 17 0.19926757
25 30 0.99277425
25 13 0.53967834
25 33 0.66147894
25 11 0.91993606
25 29 2.0557902
25 34 3.1237361
25 20 0.4919711
25 2 1.8929366
25 14 1.4733013
25 37 85.16981
25 7 11.328214
25 27 0.5506851
25 16 0.8270484
26 36 53.35847
26 32 52.2711
26 28 0.03611215
26 10 0.037230354
26 24 0.09584447
26 31 0.06033131
26 12 2.2238808
26 17 1.9358625
27 0 2000.0
27 30 0.17860632
27 8 1.207151
27 18 1.9811376
27 13 0.20019342
27 33 0.856229
27 11 0.469696
27 29 0.46197492
27 5 3.2304935
27 34 2.420765
27 20 0.45807996
27 2 0.682707
27 14 2.1278567
27 37 0.9287609
27 7 266.6667
27 16 1.5716889
27 25 0.5506851
28 36 0.032310877
28 26 0.03611215
28 10 0.24267921
28 3 0.090138674
28 12 4.940486
28 9 0.8605372
29 30 2.1702497
29 0 9.575276
29 8 0.6596377
29 18 1.0804108
29 13 0.6372054
29 11 0.8416353
29 5 2.0767586
29 34 6.6467414
29 20 0.93394303
29 2 0.99178064
29 37 1.0414716
29 7 2000.0
29 27 0.46197492
29 16 187.22076
29 23 1.5286016
29 25 2.0557902
30 0 2000.0
30 8 0.6322043
30 18 0.7375568
30 13 0.6363357
30 33 2.2145336
30 11 0.4258596
30 29 2.1702497
30 5 1.2997078
30 34 3.388502
30 20 5.22197
30 2 17.650324
30 14 2000.0
30 37 6.143868
30 7 0.8637083
30 27 0.17860632
30 16 1.1400809
30 23 2.010782
30 25 0.99277425
31 26 0.06033131
31 6 1.2022264
31 10 0.030107664
31 24 18.426376
31 9 0.030792676
31 17 1.8999268
31 4 0.07433603
31 19 0.078588486
32 26 52.2711
32 24 0.10558529
32 12 0.3688167
32 15 0.07534633
33 30 2.2145336
33 8 2000.0
33 13 1.0306866
33 11 2.3421123
33 29 3275.3408
33 5 2000.0
33 34 2000.0
33 20 0.89142483
33 2 3.217344
33 14 0.41191736
33 7 2000.0
33 27 0.856229
33 16 1998.8635
33 25 0.66147894
34 30 3.388502
34 20 0.794899
34 8 4.372542
34 7 13.825929
34 13 14.394616
34 27 2.420765
34 16 5535.0566
34 11 3.0071397
34 25 3.1237361
34 29 6.6467414
34 5 3.02423
35 21 0.079033084
36 26 53.35847
36 28 0.032310877
36 3 0.23200579
36 9 1.5021282
37 30 6.143868
37 0 0.6373748
37 8 1.6467627
37 18 1.0332879
37 13 2.1858444
37 11 1.2658691
37 29 1.0414716
37 20 2.688783
37 2 0.98710823
37 7 20.375242
37 27 0.9287609
37 16 45.609123
37 23 3.527842
37 25 85.16981
