0 8 6.9744496
0 2 1.4274896
0 37 0.88637584
0 13 0.7823137
0 11 72.288895
0 29 10.779561
0 25 2000.0
1 3 0.22073178
1 12 36.064774
2 30 14.640303
2 0 1.4274896
2 8 0.86630815
2 18 5.8728895
2 13 0.4476205
2 33 1.4856213
2 11 1.0741554
2 29 0.8258015
2 20 1.2343901
2 37 0.73212594
2 27 1.2377024
2 16 2000.0
2 23 31.250208
2 25 1.2358896
3 36 0.20404038
3 28 0.07513354
3 24 2000.0
3 12 0.05235946
3 1 0.22073178
3 9 0.23353925
4 31 0.08483729
4 9 0.0737275
4 17 0.09242085
4 19 0.10027406
5 30 0.50372744
5 8 0.66436046
5 18 0.47273725
5 13 2000.0
5 11 1.7784351
5 29 1.5006762
5 34 1.1889304
5 20 1.7342128
5 37 2000.0
5 7 5.1784186
5 27 2.9934652
5 16 1.0527037
5 23 6.0661335
6 22 122.30762
6 21 2000.0
6 31 1.5013254
6 17 0.56259996
7 34 9.361666
7 30 0.7081032
7 20 1.3127391
7 8 149.76746
7 37 17.12339
7 27 66.66667
7 16 1.170117
7 11 5.8709445
7 23 1.0951006
7 25 6.957649
7 5 5.1784186
8 0 6.9744496
8 30 0.6267938
8 18 0.88396275
8 13 3.4687362
8 11 0.5996474
8 29 0.4905438
8 5 0.66436046
8 34 2.4130864
8 2 0.86630815
8 37 0.93831915
8 7 149.76746
8 27 1.0946653
8 16 1.287116
8 23 0.88573384
9 36 2.4568381
9 26 2000.0
9 28 3.689198
9 10 8.027494
9 22 0.15058652
9 31 0.029591274
9 3 0.23353925
9 17 0.043871086
9 4 0.0737275
9 19 0.06735283
10 26 0.040983614
10 28 0.19079071
10 24 0.050459217
10 31 0.048723195
10 12 12.086189
10 9 8.027494
10 17 0.031385988
11 0 72.288895
11 30 0.3763587
11 8 0.5996474
11 18 5.027465
11 13 0.67343575
11 33 2.041288
11 29 0.9889146
11 5 1.7784351
11 34 1.729957
11 20 0.6856171
11 2 1.0741554
11 37 1.2999203
11 7 5.8709445
11 27 0.42298305
11 16 0.8396545
11 25 0.77166396
12 26 1.9613093
12 28 5.401887
12 32 0.20418468
12 10 12.086189
12 24 0.08311238
12 21 0.08623107
12 3 0.05235946
12 1 36.064774
13 30 1.6790023
13 0 0.7823137
13 8 3.4687362
13 18 2000.0
13 33 0.85981244
13 11 0.67343575
13 29 0.9040348
13 5 2000.0
13 34 9.167005
13 20 0.5960154
13 2 0.4476205
13 14 3.5310507
13 37 2.7895515
13 27 0.27882344
13 16 2887.1023
13 25 0.486326
14 20 0.73602843
14 13 3.5310507
14 33 0.41690075
14 27 2.8797896
14 11 2000.0
14 25 0.9725466
15 32 0.073000416
15 21 1.1871659
16 0 2000.0
16 30 1.1023751
16 8 1.287116
16 18 0.93225205
16 11 0.8396545
16 29 33.539146
16 5 1.0527037
16 20 9.62998
16 37 146.7077
16 7 1.170117
16 27 1.456795
16 23 7.360748
16 25 1.0125046
17 26 1.9104625
17 6 0.56259996
17 10 0.031385988
17 24 0.1890499
17 31 1.2495111
17 9 0.043871086
17 4 0.09242085
17 19 2.2149842
18 30 0.7024408
18 2 5.8728895
18 8 0.88396275
18 37 1.2107649
18 7 2000.0
18 13 2000.0
18 27 2.1208637
18 16 0.93225205
18 23 1.2119926
18 11 5.027465
18 29 0.74851066
18 5 0.47273725
19 31 0.0963274
19 9 0.06735283
19 17 2.2149842
19 4 0.10027406
20 30 9.176018
20 13 0.5960154
20 33 0.86943215
20 11 0.6856171
20 29 5.7114363
20 5 1.7342128
20 34 0.84943527
20 2 1.2343901
20 14 0.73602843
20 37 2.1962183
20 7 1.3127391
20 27 0.49267507
20 16 9.62998
20 25 0.3779588
21 32 2000.0
21 24 0.5929864
21 35 0.03797916
21 12 0.08623107
21 15 1.1871659
22 6 122.30762
22 31 1168.0114
22 9 0.15058652
22 19 1329.4886
23 30 1.7358856
23 0 2000.0
23 2 31.250208
23 8 0.88573384
23 37 2.593887
23 18 1.2119926
23 7 1.0951006
23 16 7.360748
23 11 2000.0
23 29 9.278425
23 5 6.0661335
24 26 0.058129378
24 32 0.0914937
24 10 0.050459217
24 21 0.5929864
24 31 10.174022
24 3 2000.0
24 12 0.08311238
24 15 2000.0
24 17 0.1890499
25 0 2000.0
25 30 0.79810315
25 13 0.486326
25 33 0.34436825
25 11 0.77166396
25 29 2.2027926
25 34 1.066254
25 20 0.3779588
25 2 1.2358896
25 14 0.9725466
25 37 47.058823
25 7 6.957649
25 27 0.6476082
25 16 1.0125046
26 32 12.564534
26 28 0.03749069
26 10 0.040983614
26 24 0.058129378
26 31 0.07398674
26 12 1.9613093
26 17 1.9104625
27 0 2000.0
27 30 0.21241197
27 8 1.0946653
27 18 2.1208637
27 13 0.27882344
27 33 0.8356273
27 11 0.42298305
27 29 0.5818087
27 5 2.9934652
27 34 0.97448504
27 20 0.49267507
27 2 1.2377024
27 14 2.8797896
27 37 0.8382411
27 7 66.66667
27 16 1.456795
27 25 0.6476082
28 36 0.034032147
28 26 0.03749069
28 10 0.19079071
28 3 0.07513354
28 12 5.401887
28 9 3.689198
29 0 10.779561
29 30 4.891578
29 8 0.4905438
29 18 0.74851066
29 13 0.9040348
29 11 0.9889146
29 5 1.5006762
29 34 5.1341076
29 20 5.7114363
29 2 0.8258015
29 37 1.0283736
29 7 2000.0
29 27 0.5818087
29 16 33.539146
29 23 9.278425
29 25 2.2027926
30 0 2000.0
30 8 0.6267938
30 18 0.7024408
30 13 1.6790023
30 33 2.3194914
30 11 0.3763587
30 29 4.891578
30 5 0.50372744
30 34 1.0351766
30 20 9.176018
30 2 14.640303
30 14 2000.0
30 37 2.9512656
30 7 0.7081032
30 27 0.21241197
30 16 1.1023751
30 23 1.7358856
30 25 0.79810315
31 26 0.07398674
31 6 1.5013254
31 10 0.048723195
31 24 10.174022
31 9 0.029591274
31 17 1.2495111
31 4 0.08483729
31 19 0.0963274
32 26 12.564534
32 24 0.0914937
32 12 0.20418468
32 15 0.073000416
33 34 2000.0
33 30 2.3194914
33 20 0.86943215
33 2 1.4856213
33 14 0.41690075
33 7 2000.0
33 13 0.85981244
33 27 0.8356273
33 16 2000.0
33 11 2.041288
33 29 2000.0
33 25 0.34436825
34 30 1.0351766
34 20 0.84943527
34 8 2.4130864
34 13 9.167005
34 7 9.361666
34 27 0.97448504
34 16 1215.0568
34 11 1.729957
34 25 1.066254
34 29 5.1341076
34 5 1.1889304
35 21 0.03797916
36 26 1575.3408
36 28 0.034032147
36 3 0.20404038
36 9 2.4568381
37 30 2.9512656
37 0 0.88637584
37 8 0.93831915
37 18 1.2107649
37 13 2.7895515
37 11 1.2999203
37 29 1.0283736
37 20 2.1962183
37 2 0.73212594
37 7 17.12339
37 27 0.8382411
37 16 146.7077
37 23 2.593887
37 25 47.058823
