0 2 1.3204468
0 37 1.8229572
0 13 1.5967826
0 29 35.600037
0 25 15.883425
1 3 0.62292325
1 12 16.222347
2 30 18.423681
2 0 1.3204468
2 8 1.517111
2 18 3.9427207
2 13 0.30553278
2 33 2.594643
2 11 2.5827827
2 29 1.2072533
2 20 3.2199478
2 37 0.82340205
2 27 0.50585264
2 16 2000.0
2 23 8.785015
2 25 0.43436572
3 36 0.74568975
3 28 4.030114
3 24 2000.0
3 12 0.056330286
3 1 0.62292325
3 9 0.8335515
4 31 0.06738859
4 9 0.085691296
4 17 0.19854082
4 19 0.07939037
5 30 0.5730373
5 8 0.57095635
5 18 1.5853796
5 13 17.379148
5 11 3.8745306
5 29 3.3423998
5 34 4.945212
5 20 3.119865
5 37 20.483286
5 7 19.883842
5 27 0.9450234
5 16 1.9407936
5 23 2.4270325
5 25 2000.0
6 31 0.23842001
6 17 2.1181843
7 30 0.85746616
7 20 70.03871
7 8 2.9337533
7 37 77.20681
7 16 1.4595976
7 23 1.2981448
7 11 216.6932
7 25 4.920278
7 5 19.883842
8 0 2000.0
8 30 0.49142766
8 18 1.4969208
8 13 0.8260536
8 11 0.9127097
8 29 0.9072561
8 5 0.57095635
8 34 13.726719
8 2 1.517111
8 37 0.92432016
8 7 2.9337533
8 27 1.212804
8 16 2.1566548
8 23 0.83294034
8 25 2000.0
9 36 0.42101344
9 26 2000.0
9 28 0.87572604
9 10 28.592731
9 22 0.06351584
9 31 0.030096384
9 3 0.8335515
9 12 2000.0
9 4 0.085691296
9 17 0.0349016
9 19 0.06974665
10 26 0.029322509
10 28 0.22178032
10 24 0.0836774
10 31 13.458847
10 12 1400.0
10 9 28.592731
10 17 0.030260269
11 0 2000.0
11 30 0.7061776
11 8 0.9127097
11 18 9.149894
11 13 1.7202427
11 33 2.0743682
11 29 0.6765756
11 5 3.8745306
11 34 1.8098347
11 20 1.1938951
11 2 2.5827827
11 37 1.2887726
11 7 216.6932
11 27 0.7220567
11 16 0.99990207
11 25 0.84147394
12 26 1.3776616
12 32 2.0257576
12 24 0.071843
12 21 0.23560606
12 3 0.056330286
12 1 16.222347
13 30 62.845535
13 0 1.5967826
13 8 0.8260536
13 18 200.0
13 33 1.1502305
13 11 1.7202427
13 29 0.7690853
13 5 17.379148
13 34 351.63553
13 20 0.8662128
13 2 0.30553278
13 14 5.9098835
13 37 0.88672477
13 7 2000.0
13 27 0.66758144
13 16 39.41055
13 25 0.24187739
14 30 44.203503
14 20 2.5703986
14 13 5.9098835
14 27 3.3536363
14 33 0.4984206
14 11 2000.0
14 25 1.8143914
15 32 0.078937724
15 21 9.914343
16 0 2000.0
16 30 1.0989085
16 8 2.1566548
16 18 1.3888379
16 13 39.41055
16 11 0.99990207
16 5 1.9407936
16 34 55.916943
16 20 19.085691
16 7 1.4595976
16 27 1.385675
16 23 2.7291636
16 25 1.9747348
17 6 2.1181843
17 26 1.4746585
17 10 0.030260269
17 24 0.16021879
17 31 0.9734983
17 9 0.0349016
17 4 0.19854082
17 19 181.56364
18 0 2000.0
18 30 0.6750734
18 8 1.4969208
18 2 3.9427207
18 37 2.4215152
18 13 200.0
18 27 21.76802
18 16 1.3888379
18 11 9.149894
18 23 1.3480681
18 29 1.2586815
18 5 1.5853796
19 31 0.08125414
19 9 0.06974665
19 4 0.07939037
19 17 181.56364
20 30 3.4405944
20 13 0.8662128
20 33 1.3177896
20 11 1.1938951
20 29 5.4507256
20 5 3.119865
20 34 0.9455579
20 2 3.2199478
20 14 2.5703986
20 37 2.5428877
20 7 70.03871
20 27 1.2535774
20 16 19.085691
20 25 0.5216917
21 26 2000.0
21 32 2000.0
21 24 0.6506051
21 35 0.025863651
21 31 2000.0
21 12 0.23560606
21 15 9.914343
22 31 30.903856
22 9 0.06351584
22 19 2000.0
23 0 2000.0
23 30 1.2204285
23 8 0.83294034
23 2 8.785015
23 37 1.2529047
23 18 1.3480681
23 7 1.2981448
23 16 2.7291636
23 11 2000.0
23 29 1.0480263
23 5 2.4270325
24 26 0.042002063
24 32 0.3965959
24 10 0.0836774
24 21 0.6506051
24 12 0.071843
24 15 2000.0
24 17 0.16021879
25 30 13.53539
25 0 15.883425
25 13 0.24187739
25 33 0.66391176
25 11 0.84147394
25 29 1.9047109
25 34 2.5895426
25 20 0.5216917
25 2 0.43436572
25 14 1.8143914
25 37 34.066967
25 7 4.920278
25 27 0.2493474
25 16 1.9747348
26 32 38.39176
26 28 0.066793665
26 10 0.029322509
26 24 0.042002063
26 31 0.118216485
26 12 1.3776616
26 17 1.4746585
27 30 0.64175844
27 0 2000.0
27 8 1.212804
27 18 21.76802
27 13 0.66758144
27 33 1.0852594
27 11 0.7220567
27 29 1.5553305
27 5 0.9450234
27 34 1.1452094
27 20 1.2535774
27 2 0.50585264
27 14 3.3536363
27 37 1.3096199
27 7 2000.0
27 16 1.385675
27 25 0.2493474
28 36 0.033696957
28 26 0.066793665
28 10 0.22178032
28 3 4.030114
28 12 1210.5114
28 9 0.87572604
28 19 1534.4318
29 0 35.600037
29 30 1.4576215
29 8 0.9072561
29 18 1.2586815
29 13 0.7690853
29 33 20.933743
29 11 0.6765756
29 5 3.3423998
29 34 6.433962
29 20 5.4507256
29 2 1.2072533
29 37 0.5576338
29 7 2000.0
29 27 1.5553305
29 16 2000.0
29 23 1.0480263
29 25 1.9047109
30 8 0.49142766
30 18 0.6750734
30 13 62.845535
30 33 7.244657
30 11 0.7061776
30 29 1.4576215
30 5 0.5730373
30 34 0.89441466
30 20 3.4405944
30 2 18.423681
30 14 44.203503
30 37 18.368334
30 7 0.85746616
30 27 0.64175844
30 16 1.0989085
30 23 1.2204285
30 25 13.53539
31 26 0.118216485
31 6 0.23842001
31 10 13.458847
31 22 30.903856
31 9 0.030096384
31 4 0.06738859
31 17 0.9734983
31 19 0.08125414
32 26 38.39176
32 24 0.3965959
32 12 2.0257576
32 15 0.078937724
33 30 7.244657
33 8 2000.0
33 13 1.1502305
33 11 2.0743682
33 29 20.933743
33 5 2000.0
33 34 2000.0
33 20 1.3177896
33 2 2.594643
33 14 0.4984206
33 7 2000.0
33 27 1.0852594
33 16 3017.898
33 25 0.66391176
34 30 0.89441466
34 20 0.9455579
34 8 13.726719
34 37 2000.0
34 13 351.63553
34 7 2000.0
34 27 1.1452094
34 16 55.916943
34 11 1.8098347
34 29 6.433962
34 25 2.5895426
34 5 4.945212
35 21 0.025863651
35 31 1133.3523
36 28 0.033696957
36 3 0.74568975
36 9 0.42101344
37 30 18.368334
37 0 1.8229572
37 8 0.92432016
37 18 2.4215152
37 13 0.88672477
37 11 1.2887726
37 29 0.5576338
37 5 20.483286
37 20 2.5428877
37 2 0.82340205
37 7 77.20681
37 27 1.3096199
37 16 2000.0
37 23 1.2529047
37 25 34.066967
