0 8 19.749231
0 2 1.1209397
0 37 0.95407975
0 13 1.1512489
0 11 54.682026
0 29 13.664669
0 25 800.0
1 3 0.36429617
1 12 1213.5796
2 30 11.132981
2 0 1.1209397
2 8 1.2858937
2 18 9.662432
2 13 0.48844042
2 33 2.5592344
2 11 1.5143555
2 29 0.98772407
2 20 3.7010112
2 37 0.8230383
2 27 1.0843625
2 16 2000.0
2 23 65.30863
2 25 0.88775265
3 36 0.27321923
3 28 0.1278409
3 24 200.0
3 12 0.05927774
3 1 0.36429617
3 9 0.19333206
4 31 0.07339015
4 9 0.076545626
4 17 0.08601642
4 19 0.09561368
5 30 1.3268087
5 8 0.7799212
5 18 0.49283862
5 13 2000.0
5 11 2.9045873
5 29 2.894474
5 34 3.905967
5 20 1.8494576
5 37 2000.0
5 7 6.2613964
5 27 2.3946784
5 16 1.5313532
5 23 5.6293097
6 31 0.88031656
6 17 1.3210921
7 34 7.089166
7 30 1.0183321
7 20 1.9294662
7 8 33.916195
7 37 22.477974
7 27 146.87424
7 16 1.4598778
7 11 5.254036
7 23 1.2712779
7 25 11.913915
7 5 6.2613964
8 0 19.749231
8 30 0.6942314
8 18 0.8968495
8 13 1.6060402
8 11 0.41341993
8 29 0.49040142
8 5 0.7799212
8 34 4.082939
8 2 1.2858937
8 37 0.8461268
8 7 33.916195
8 27 1.6161553
8 16 1.4292793
8 23 0.90760064
9 36 0.7194248
9 26 2000.0
9 28 4.6700177
9 10 4.7369843
9 22 0.557287
9 31 0.029557027
9 3 0.19333206
9 17 0.042400047
9 4 0.076545626
9 19 0.06522309
10 26 0.03696433
10 28 0.18471788
10 24 0.06455026
10 31 0.029401155
10 12 2.9157782
10 9 4.7369843
10 17 0.029493775
11 0 54.682026
11 30 0.3991288
11 8 0.41341993
11 18 3.515063
11 13 0.6395147
11 33 2.1068485
11 29 0.93427044
11 5 2.9045873
11 34 2.1545212
11 20 0.6032358
11 2 1.5143555
11 37 1.313639
11 7 5.254036
11 27 0.5057143
11 16 1.0196435
11 25 1.1467083
12 26 1.6715199
12 32 0.24513744
12 28 6.661343
12 10 2.9157782
12 24 0.06382083
12 21 0.07368164
12 3 0.05927774
13 30 0.826001
13 0 1.1512489
13 8 1.6060402
13 18 332.9504
13 33 0.8535469
13 11 0.6395147
13 29 0.7866408
13 34 12.0144615
13 20 0.45600516
13 2 0.48844042
13 14 2.784623
13 37 1.6044033
13 27 0.2484875
13 16 142.9233
13 25 0.35490435
14 20 1.048014
14 13 2.784623
14 33 0.46304783
14 27 2.5227916
14 11 2000.0
14 25 2.445973
15 32 0.07979893
15 21 1.9913659
16 30 1.120464
16 0 2000.0
16 8 1.4292793
16 18 0.741855
16 13 142.9233
16 33 121.568184
16 11 1.0196435
16 29 90.39405
16 5 1.5313532
16 20 6.414049
16 37 51.492317
16 7 1.4598778
16 27 1.3369492
16 23 1492.1592
16 25 1.1083103
17 26 1.7891728
17 6 1.3210921
17 10 0.029493775
17 24 0.16966556
17 31 1.2274204
17 9 0.042400047
17 4 0.08601642
17 19 2.4506092
18 30 0.7685505
18 2 9.662432
18 8 0.8968495
18 37 1.0816118
18 7 2000.0
18 13 332.9504
18 27 6.262039
18 16 0.741855
18 23 1.3295854
18 11 3.515063
18 29 0.829446
18 5 0.49283862
19 31 0.074113145
19 9 0.06522309
19 17 2.4506092
19 4 0.09561368
20 30 8.752339
20 13 0.45600516
20 33 0.99045455
20 11 0.6032358
20 29 2.6169212
20 5 1.8494576
20 34 0.75462
20 2 3.7010112
20 14 1.048014
20 37 3.0327044
20 7 1.9294662
20 27 0.40698192
20 16 6.414049
20 25 0.5012791
21 24 0.16001926
21 35 0.06857893
21 12 0.07368164
21 15 1.9913659
22 6 1285.2273
22 31 1456.9319
22 9 0.557287
22 19 1289.6592
23 0 2000.0
23 30 1.5241122
23 2 65.30863
23 8 0.90760064
23 37 2.2292793
23 18 1.3295854
23 7 1.2712779
23 16 1492.1592
23 11 2000.0
23 29 3.5698633
23 5 5.6293097
24 26 0.064871
24 32 0.10448159
24 10 0.06455026
24 21 0.16001926
24 31 15.251569
24 3 200.0
24 12 0.06382083
24 15 2000.0
24 17 0.16966556
25 0 800.0
25 30 0.8005346
25 13 0.35490435
25 33 0.52718604
25 11 1.1467083
25 29 2.277031
25 34 1.5310696
25 20 0.5012791
25 2 0.88775265
25 14 2.445973
25 37 17.513054
25 7 11.913915
25 27 0.30570802
25 16 1.1083103
26 36 58.685608
26 32 120.00001
26 28 0.034703862
26 10 0.03696433
26 24 0.064871
26 31 0.051667888
26 12 1.6715199
26 17 1.7891728
27 0 2000.0
27 30 0.5470969
27 8 1.6161553
27 18 6.262039
27 13 0.2484875
27 33 1.016531
27 11 0.5057143
27 29 0.43855765
27 5 2.3946784
27 34 0.8523768
27 20 0.40698192
27 2 1.0843625
27 14 2.5227916
27 37 1.7670478
27 7 146.87424
27 16 1.3369492
27 25 0.30570802
28 36 0.035001323
28 26 0.034703862
28 10 0.18471788
28 3 0.1278409
28 12 6.661343
28 9 4.6700177
29 0 13.664669
29 30 3.144398
29 8 0.49040142
29 18 0.829446
29 13 0.7866408
29 11 0.93427044
29 5 2.894474
29 34 3.1627274
29 20 2.6169212
29 2 0.98772407
29 37 0.8820533
29 7 2000.0
29 27 0.43855765
29 16 90.39405
29 23 3.5698633
29 25 2.277031
30 0 2000.0
30 8 0.6942314
30 18 0.7685505
30 13 0.826001
30 33 3.2163963
30 11 0.3991288
30 29 3.144398
30 5 1.3268087
30 34 1.0259794
30 20 8.752339
30 2 11.132981
30 14 2000.0
30 37 9.047531
30 7 1.0183321
30 27 0.5470969
30 16 1.120464
30 23 1.5241122
30 25 0.8005346
31 26 0.051667888
31 6 0.88031656
31 10 0.029401155
31 24 15.251569
31 9 0.029557027
31 17 1.2274204
31 4 0.07339015
31 19 0.074113145
32 26 120.00001
32 24 0.10448159
32 12 0.24513744
32 15 0.07979893
33 30 3.2163963
33 13 0.8535469
33 11 2.1068485
33 29 4032.443
33 5 2000.0
33 34 2000.0
33 20 0.99045455
33 2 2.5592344
33 14 0.46304783
33 7 2000.0
33 27 1.016531
33 16 121.568184
33 25 0.52718604
34 30 1.0259794
34 20 0.75462
34 8 4.082939
34 7 7.089166
34 13 12.0144615
34 27 0.8523768
34 16 5535.0566
34 11 2.1545212
34 25 1.5310696
34 29 3.1627274
34 5 3.905967
35 21 0.06857893
36 26 58.685608
36 28 0.035001323
36 3 0.27321923
36 9 0.7194248
37 30 9.047531
37 0 0.95407975
37 8 0.8461268
37 18 1.0816118
37 13 1.6044033
37 11 1.313639
37 29 0.8820533
37 20 3.0327044
37 2 0.8230383
37 7 22.477974
37 27 1.7670478
37 16 51.492317
37 23 2.2292793
37 25 17.513054
