0 2 0.9903163
0 37 1.4901149
0 13 0.81037855
0 29 13.401582
0 25 13.607007
1 3 0.54902315
1 12 17.758097
2 30 7.4262094
2 0 0.9903163
2 8 1.2536397
2 18 1.7619464
2 13 0.5121367
2 33 1.7426844
2 11 1.5872564
2 29 1.2326612
2 20 3.1826708
2 37 0.876124
2 27 0.9679262
2 16 2000.0
2 23 7.6043887
2 25 0.45441607
3 36 0.5263585
3 28 2.5896497
3 24 2000.0
3 12 0.050316088
3 1 0.54902315
3 9 1.1957386
4 31 0.07485096
4 9 0.08580417
4 17 0.12547348
4 19 0.07663469
5 30 0.77272415
5 8 0.63575816
5 18 0.66743064
5 13 22.462233
5 11 1.6749514
5 29 3.5795128
5 34 1.8721523
5 20 1.9439455
5 37 8.398679
5 7 15.88521
5 27 1.3766466
5 16 1.8438315
5 23 2.3939877
5 25 2000.0
6 31 0.24681444
6 17 1.8206537
7 30 1.1108311
7 20 70.56973
7 8 6.429233
7 16 1.2403402
7 11 86.15601
7 23 1.5771608
7 25 3.6922624
7 5 15.88521
8 0 2000.0
8 30 0.4178833
8 18 1.1053627
8 13 0.9936924
8 11 0.9018309
8 29 0.7160856
8 5 0.63575816
8 34 62.72451
8 2 1.2536397
8 37 1.0180949
8 7 6.429233
8 27 0.9343538
8 16 1.3713672
8 23 1.0196716
8 25 2000.0
9 36 0.41513255
9 26 2000.0
9 28 1.5068309
9 10 28.216513
9 22 0.062527396
9 31 0.031780303
9 3 1.1957386
9 4 0.08580417
9 17 0.03345718
9 19 0.07452694
10 26 0.029684104
10 28 0.28973356
10 24 0.07507867
10 31 18.098701
10 12 1400.0
10 9 28.216513
10 17 0.030060327
11 0 2000.0
11 30 0.6557116
11 8 0.9018309
11 18 3.6358697
11 13 0.9147597
11 33 1.535694
11 29 0.78046256
11 5 1.6749514
11 34 2.1245716
11 20 1.039255
11 2 1.5872564
11 37 1.347586
11 7 86.15601
11 27 0.6397262
11 16 0.91535383
11 25 0.9718459
12 26 1.4853381
12 32 7.6165504
12 24 0.06561003
12 21 0.1596236
12 3 0.050316088
12 1 17.758097
13 30 34.30161
13 0 0.81037855
13 8 0.9936924
13 18 38.887074
13 33 1.0254904
13 11 0.9147597
13 29 1.0284323
13 5 22.462233
13 34 236.45404
13 20 1.2200077
13 2 0.5121367
13 14 8.989045
13 37 0.84522086
13 7 2000.0
13 27 0.8965332
13 16 46.637333
13 25 0.3442106
14 30 8.0187
14 20 2.345504
14 13 8.989045
14 27 3.506629
14 33 0.44738477
14 11 2000.0
14 25 2.0886977
15 32 0.074223764
15 21 7.5338655
16 30 1.1049457
16 0 2000.0
16 8 1.3713672
16 18 0.9604527
16 13 46.637333
16 11 0.91535383
16 5 1.8438315
16 34 35.951187
16 20 22.407896
16 7 1.2403402
16 27 1.1602043
16 23 2.5275269
16 25 2.3180592
17 6 1.8206537
17 26 1.4845171
17 10 0.030060327
17 24 0.31615928
17 31 1.0158765
17 9 0.03345718
17 4 0.12547348
17 19 137.18144
18 0 2000.0
18 30 0.63851976
18 8 1.1053627
18 13 38.887074
18 11 3.6358697
18 29 1.2195545
18 5 0.66743064
18 2 1.7619464
18 37 2.6499162
18 7 2000.0
18 27 15.197622
18 16 0.9604527
18 23 1.4551231
19 31 0.082639076
19 9 0.07452694
19 17 137.18144
19 4 0.07663469
20 30 1.1295052
20 13 1.2200077
20 33 0.9371238
20 11 1.039255
20 29 9.805785
20 5 1.9439455
20 34 0.8683518
20 2 3.1826708
20 14 2.345504
20 37 1.6360168
20 7 70.56973
20 27 1.6989136
20 16 22.407896
20 25 0.53121257
21 26 2000.0
21 24 1.0113237
21 35 0.027312389
21 31 2000.0
21 12 0.1596236
21 15 7.5338655
22 31 241.66443
22 9 0.062527396
22 19 2000.0
23 0 2000.0
23 30 1.3789567
23 8 1.0196716
23 2 7.6043887
23 37 1.509224
23 18 1.4551231
23 7 1.5771608
23 16 2.5275269
23 11 2000.0
23 29 1.084488
23 5 2.3939877
24 26 0.041113198
24 32 0.611856
24 10 0.07507867
24 21 1.0113237
24 12 0.06561003
24 15 2000.0
24 17 0.31615928
25 30 46.50316
25 0 13.607007
25 13 0.3442106
25 33 0.80186105
25 11 0.9718459
25 29 1.2836862
25 34 2.251544
25 20 0.53121257
25 2 0.45441607
25 14 2.0886977
25 37 46.34801
25 7 3.6922624
25 27 0.359371
25 16 2.3180592
26 32 1354.8864
26 28 0.09496474
26 10 0.029684104
26 24 0.041113198
26 31 0.16735537
26 12 1.4853381
26 17 1.4845171
27 30 0.34145626
27 0 2000.0
27 8 0.9343538
27 18 15.197622
27 13 0.8965332
27 33 0.7695702
27 11 0.6397262
27 29 1.1605704
27 5 1.3766466
27 34 0.9658462
27 20 1.6989136
27 2 0.9679262
27 14 3.506629
27 37 0.9204153
27 7 2000.0
27 16 1.1602043
27 25 0.359371
28 36 0.036290325
28 26 0.09496474
28 10 0.28973356
28 3 2.5896497
28 12 1210.5114
28 9 1.5068309
28 19 1534.4318
29 0 13.401582
29 30 1.434685
29 8 0.7160856
29 18 1.2195545
29 13 1.0284323
29 33 31.225105
29 11 0.78046256
29 5 3.5795128
29 34 4.6563897
29 20 9.805785
29 2 1.2326612
29 37 0.8535962
29 7 2000.0
29 27 1.1605704
29 16 2000.0
29 23 1.084488
29 25 1.2836862
30 8 0.4178833
30 18 0.63851976
30 13 34.30161
30 33 7.568242
30 11 0.6557116
30 29 1.434685
30 5 0.77272415
30 34 0.934218
30 20 1.1295052
30 2 7.4262094
30 14 8.0187
30 37 21.098328
30 7 1.1108311
30 27 0.34145626
30 16 1.1049457
30 23 1.3789567
30 25 46.50316
31 26 0.16735537
31 6 0.24681444
31 10 18.098701
31 22 241.66443
31 9 0.031780303
31 4 0.07485096
31 17 1.0158765
31 19 0.082639076
32 24 0.611856
32 12 7.6165504
32 15 0.074223764
33 34 2000.0
33 30 7.568242
33 20 0.9371238
33 2 1.7426844
33 14 0.44738477
33 7 2000.0
33 13 1.0254904
33 27 0.7695702
33 16 3017.898
33 11 1.535694
33 29 31.225105
33 25 0.80186105
34 30 0.934218
34 20 0.8683518
34 8 62.72451
34 37 2000.0
34 7 2000.0
34 13 236.45404
34 27 0.9658462
34 16 35.951187
34 11 2.1245716
34 29 4.6563897
34 25 2.251544
34 5 1.8721523
35 21 0.027312389
35 31 1133.3523
36 28 0.036290325
36 3 0.5263585
36 9 0.41513255
37 30 21.098328
37 0 1.4901149
37 8 1.0180949
37 18 2.6499162
37 13 0.84522086
37 11 1.347586
37 29 0.8535962
37 5 8.398679
37 20 1.6360168
37 2 0.876124
37 7 3762.841
37 27 0.9204153
37 16 2000.0
37 23 1.509224
37 25 46.34801
