0 2 1.2857549
0 37 2.9813015
0 13 1.0368625
0 29 21.173544
0 25 9.095204
1 3 0.672942
1 12 11.848613
2 30 221.69962
2 0 1.2857549
2 8 1.4725239
2 18 1.82709
2 13 0.67011803
2 33 2.9571424
2 11 1.7956957
2 29 1.1360699
2 20 3.971023
2 37 0.86901
2 27 1.2832904
2 16 2000.0
2 23 9.386227
2 25 0.7534685
3 36 0.31335536
3 28 36.600285
3 24 2000.0
3 12 0.05751012
3 1 0.672942
3 9 0.63953066
4 31 0.07997667
4 9 0.064549185
4 17 0.10518523
4 19 0.07107073
5 30 0.62535465
5 8 0.5397001
5 18 2.041401
5 13 19.058317
5 11 2.812358
5 29 2.150622
5 34 2.5262668
5 20 3.4610553
5 37 17.788334
5 7 25.21944
5 27 1.4193219
5 16 1.4845942
5 23 3.1203558
5 25 2000.0
6 31 0.2957193
6 17 1.9482418
7 30 1.1521472
7 20 37.161938
7 8 26.198984
7 37 100.0
7 16 1.1117045
7 23 1.2329038
7 11 46.697147
7 25 1.7386699
7 5 25.21944
8 0 2000.0
8 30 0.39198533
8 18 1.5732017
8 13 2.4930222
8 11 1.0924352
8 29 0.63211524
8 5 0.5397001
8 34 2000.0
8 2 1.4725239
8 37 1.0706019
8 7 26.198984
8 27 1.9252143
8 16 2.0136368
8 23 1.2749957
8 25 2000.0
9 36 0.2503906
9 28 0.8691919
9 10 2.2948682
9 22 0.06419094
9 31 0.0554231
9 3 0.63953066
9 12 2000.0
9 4 0.064549185
9 17 0.03820594
9 19 0.066186376
10 26 0.02914223
10 28 0.6062121
10 24 0.07679619
10 31 3.5805838
10 12 1184.9432
10 9 2.2948682
10 17 0.04635544
11 0 2000.0
11 30 0.7245638
11 8 1.0924352
11 18 71.5858
11 13 0.8041277
11 33 2.149558
11 29 0.8909543
11 5 2.812358
11 34 2.480397
11 20 1.1574181
11 2 1.7956957
11 37 1.6042111
11 7 46.697147
11 27 0.8223247
11 16 1.3315951
11 25 0.95716643
12 26 0.29949775
12 32 3.481203
12 24 0.08456167
12 21 0.14166228
12 3 0.05751012
12 1 11.848613
13 30 134.96016
13 0 1.0368625
13 8 2.4930222
13 18 306.42325
13 33 0.9720209
13 11 0.8041277
13 29 0.8317209
13 5 19.058317
13 34 182.28233
13 20 0.94997853
13 2 0.67011803
13 14 4.5002418
13 37 0.953674
13 7 2000.0
13 27 0.44701707
13 16 7.670146
13 25 0.2361269
14 30 10.173423
14 20 1.6248243
14 13 4.5002418
14 27 4.399224
14 33 0.42729342
14 11 2000.0
14 25 2.528184
15 32 0.073522724
15 21 7.582653
16 30 1.0853051
16 8 2.0136368
16 18 1.1746465
16 13 7.670146
16 11 1.3315951
16 29 86.76136
16 5 1.4845942
16 34 19.403412
16 20 20.453123
16 7 1.1117045
16 27 1.6206073
16 23 2.5747678
16 25 0.9410377
17 6 1.9482418
17 26 1.740361
17 10 0.04635544
17 24 0.10699152
17 31 0.92255956
17 9 0.03820594
17 4 0.10518523
17 19 0.49208686
18 0 2000.0
18 30 0.6456664
18 8 1.5732017
18 13 306.42325
18 11 71.5858
18 29 1.8771108
18 5 2.041401
18 2 1.82709
18 37 2.6190414
18 7 2000.0
18 27 17.710148
18 16 1.1746465
18 23 1.679855
19 28 72.727844
19 31 0.06265401
19 9 0.066186376
19 17 0.49208686
19 4 0.07107073
20 30 1.1627331
20 13 0.94997853
20 33 3.2715027
20 11 1.1574181
20 29 34.916664
20 5 3.4610553
20 34 1.0978565
20 2 3.971023
20 14 1.6248243
20 37 8.135609
20 7 37.161938
20 27 1.0148209
20 16 20.453123
20 25 0.56812096
21 26 2000.0
21 32 300.0
21 24 0.5935492
21 35 0.032130297
21 12 0.14166228
21 15 7.582653
22 31 2000.0
22 9 0.06419094
22 19 2000.0
23 0 2000.0
23 30 1.9929311
23 8 1.2749957
23 2 9.386227
23 37 1.81847
23 18 1.679855
23 7 1.2329038
23 16 2.5747678
23 11 2000.0
23 29 1.5691022
23 5 3.1203558
24 26 0.036109045
24 32 0.14809252
24 10 0.07679619
24 21 0.5935492
24 12 0.08456167
24 15 2000.0
24 17 0.10699152
25 0 9.095204
25 30 23.785364
25 13 0.2361269
25 33 1.4272627
25 11 0.95716643
25 29 2.2806652
25 34 2.443087
25 20 0.56812096
25 2 0.7534685
25 14 2.528184
25 37 81.17137
25 7 1.7386699
25 27 0.22163907
25 16 0.9410377
26 32 16.055775
26 28 0.06752393
26 10 0.02914223
26 24 0.036109045
26 31 0.18143137
26 12 0.29949775
26 17 1.740361
27 30 0.22762898
27 0 2000.0
27 8 1.9252143
27 18 17.710148
27 13 0.44701707
27 33 0.8705661
27 11 0.8223247
27 29 0.7224475
27 5 1.4193219
27 34 1.486455
27 20 1.0148209
27 2 1.2832904
27 14 4.399224
27 37 1.2183145
27 7 2000.0
27 16 1.6206073
27 25 0.22163907
28 36 0.03126863
28 26 0.06752393
28 10 0.6062121
28 12 1376.875
28 3 36.600285
28 9 0.8691919
28 19 72.727844
29 0 21.173544
29 30 3.7515504
29 8 0.63211524
29 18 1.8771108
29 13 0.8317209
29 33 25.51072
29 11 0.8909543
29 5 2.150622
29 34 4.8782554
29 20 34.916664
29 2 1.1360699
29 37 1.0867039
29 7 2000.0
29 27 0.7224475
29 16 86.76136
29 23 1.5691022
29 25 2.2806652
30 8 0.39198533
30 18 0.6456664
30 13 134.96016
30 33 6.9450645
30 11 0.7245638
30 29 3.7515504
30 5 0.62535465
30 34 0.9806551
30 20 1.1627331
30 2 221.69962
30 14 10.173423
30 37 99.45804
30 7 1.1521472
30 27 0.22762898
30 16 1.0853051
30 23 1.9929311
30 25 23.785364
31 26 0.18143137
31 6 0.2957193
31 10 3.5805838
31 9 0.0554231
31 4 0.07997667
31 17 0.92255956
31 19 0.06265401
32 26 16.055775
32 24 0.14809252
32 21 300.0
32 12 3.481203
32 15 0.073522724
33 34 2000.0
33 30 6.9450645
33 20 3.2715027
33 2 2.9571424
33 14 0.42729342
33 13 0.9720209
33 7 2000.0
33 27 0.8705661
33 16 1971.0227
33 11 2.149558
33 29 25.51072
33 25 1.4272627
34 30 0.9806551
34 20 1.0978565
34 37 2000.0
34 13 182.28233
34 7 2000.0
34 27 1.486455
34 16 19.403412
34 11 2.480397
34 29 4.8782554
34 25 2.443087
34 5 2.5262668
35 21 0.032130297
35 31 1086.4204
36 28 0.03126863
36 3 0.31335536
36 9 0.2503906
37 30 99.45804
37 0 2.9813015
37 8 1.0706019
37 18 2.6190414
37 13 0.953674
37 11 1.6042111
37 29 1.0867039
37 5 17.788334
37 20 8.135609
37 2 0.86901
37 7 100.0
37 27 1.2183145
37 16 2000.0
37 23 1.81847
37 25 81.17137
