0 2 1.5024352
0 37 2.0757961
0 13 1.5266974
0 29 15.8638115
0 25 12.3827095
1 3 0.7059091
1 12 14.256025
2 30 14.892449
2 0 1.5024352
2 8 1.2865148
2 18 1.8252467
2 13 0.47161776
2 33 2.2311168
2 11 1.9033972
2 29 0.9519838
2 20 3.95727
2 37 1.0740056
2 27 1.1077353
2 16 2000.0
2 23 8.290181
2 25 1.0430553
3 36 0.32833126
3 28 30.018751
3 24 2000.0
3 12 0.07554624
3 1 0.7059091
3 9 0.2947694
4 31 0.06553031
4 9 0.0888934
4 17 0.12825654
4 19 0.07278554
5 30 0.5046767
5 8 0.26689667
5 18 0.67772967
5 13 28.632103
5 11 1.851785
5 29 4.4850926
5 34 4.644072
5 20 1.6850973
5 37 7.58425
5 7 9.163895
5 27 1.0294744
5 16 1.2820046
5 23 1.7975035
5 25 2000.0
6 31 0.19759375
6 17 3.5748186
7 34 156.52176
7 30 0.69865096
7 20 82.99897
7 8 7.025224
7 37 100.0
7 16 1.2290891
7 23 1.2679121
7 25 3.657596
7 5 9.163895
8 0 2000.0
8 30 0.49644276
8 18 1.2124717
8 13 1.07953
8 11 1.0556427
8 29 0.7759307
8 5 0.26689667
8 34 34.97694
8 2 1.2865148
8 37 0.8013059
8 7 7.025224
8 27 1.4843582
8 16 1.6428487
8 23 0.8095098
8 25 2000.0
9 36 0.71596885
9 26 2000.0
9 28 1.642844
9 10 20.851532
9 22 0.059255466
9 31 0.033097375
9 3 0.2947694
9 12 2000.0
9 4 0.0888934
9 17 0.0384203
9 19 0.06733894
10 26 0.028970014
10 28 0.45901513
10 24 0.15266335
10 31 10.3573475
10 12 1301.0228
10 9 20.851532
10 17 0.034295827
11 0 2000.0
11 30 0.7975119
11 8 1.0556427
11 18 12.998055
11 13 0.7135381
11 33 3.277307
11 29 1.0883818
11 5 1.851785
11 34 1.9886655
11 20 2.2784653
11 2 1.9033972
11 37 1.9652945
11 7 1243.6932
11 27 0.79734194
11 16 1.0385795
11 25 0.96933454
12 26 1.3008935
12 32 3.9113774
12 24 0.06980634
12 21 0.20941143
12 3 0.07554624
12 1 14.256025
13 30 30.937162
13 0 1.5266974
13 8 1.07953
13 33 1.4540272
13 11 0.7135381
13 29 0.83594567
13 5 28.632103
13 34 3262.2158
13 20 1.0152581
13 2 0.47161776
13 14 14.195385
13 37 1.095707
13 7 2000.0
13 27 0.3624842
13 16 91.09777
13 25 0.2492095
14 30 8.728476
14 20 9.214368
14 13 14.195385
14 27 8.389528
14 33 0.47996956
14 11 2000.0
14 25 3.6031895
15 32 0.07009279
15 21 5.8114552
16 0 2000.0
16 30 1.059133
16 8 1.6428487
16 18 1.1755716
16 13 91.09777
16 11 1.0385795
16 29 80.0
16 5 1.2820046
16 34 43.518826
16 20 19.509378
16 7 1.2290891
16 27 1.6811873
16 23 2.9371097
16 25 1.698609
17 6 3.5748186
17 26 1.4328749
17 10 0.034295827
17 24 0.14113812
17 31 0.974712
17 9 0.0384203
17 4 0.12825654
17 19 133.33334
18 0 2000.0
18 30 0.6742464
18 8 1.2124717
18 13 2020.3977
18 11 12.998055
18 29 1.075617
18 5 0.67772967
18 2 1.8252467
18 37 1.9328691
18 7 2000.0
18 27 18.241497
18 16 1.1755716
18 23 1.3905394
19 31 0.08247802
19 9 0.06733894
19 4 0.07278554
19 17 133.33334
20 0 2000.0
20 30 2.1285663
20 13 1.0152581
20 33 2.990482
20 11 2.2784653
20 29 11.451174
20 5 1.6850973
20 34 1.0736983
20 2 3.95727
20 14 9.214368
20 37 5.4831223
20 7 82.99897
20 27 1.5517055
20 16 19.509378
20 25 1.0330994
21 32 1440.0001
21 24 0.88730824
21 35 0.031445604
21 31 2000.0
21 12 0.20941143
21 15 5.8114552
22 31 553.8462
22 9 0.059255466
22 19 2000.0
23 0 2000.0
23 30 1.3388611
23 8 0.8095098
23 2 8.290181
23 37 1.4436393
23 18 1.3905394
23 7 1.2679121
23 16 2.9371097
23 11 2000.0
23 29 1.345351
23 5 1.7975035
24 26 0.042941436
24 32 0.18248966
24 10 0.15266335
24 21 0.88730824
24 12 0.06980634
24 3 2000.0
24 17 0.14113812
25 30 24.855114
25 0 12.3827095
25 13 0.2492095
25 33 0.7798334
25 11 0.96933454
25 29 2.2599614
25 34 1.6548394
25 20 1.0330994
25 2 1.0430553
25 14 3.6031895
25 37 30.940737
25 7 3.657596
25 27 0.24272728
25 16 1.698609
26 32 15.45625
26 28 0.04861052
26 10 0.028970014
26 24 0.042941436
26 31 0.14373624
26 12 1.3008935
26 17 1.4328749
27 30 0.18838604
27 0 2000.0
27 8 1.4843582
27 18 18.241497
27 13 0.3624842
27 33 1.4278901
27 11 0.79734194
27 29 0.24201204
27 5 1.0294744
27 34 1.1398213
27 20 1.5517055
27 2 1.1077353
27 14 8.389528
27 37 0.85185605
27 7 3911.4204
27 16 1.6811873
27 25 0.24272728
28 36 0.03156133
28 26 0.04861052
28 10 0.45901513
28 3 30.018751
28 12 1181.25
28 9 1.642844
28 19 1372.5568
29 0 15.8638115
29 30 1.1442288
29 8 0.7759307
29 18 1.075617
29 13 0.83594567
29 33 23.057833
29 11 1.0883818
29 5 4.4850926
29 34 7.8402233
29 20 11.451174
29 2 0.9519838
29 37 1.0555465
29 27 0.24201204
29 16 80.0
29 23 1.345351
29 25 2.2599614
30 8 0.49644276
30 18 0.6742464
30 13 30.937162
30 33 9.013763
30 11 0.7975119
30 29 1.1442288
30 5 0.5046767
30 34 0.8336319
30 20 2.1285663
30 2 14.892449
30 14 8.728476
30 37 9.9896145
30 7 0.69865096
30 27 0.18838604
30 16 1.059133
30 23 1.3388611
30 25 24.855114
31 26 0.14373624
31 6 0.19759375
31 10 10.3573475
31 22 553.8462
31 9 0.033097375
31 4 0.06553031
31 17 0.974712
31 19 0.08247802
32 26 15.45625
32 24 0.18248966
32 21 1440.0001
32 12 3.9113774
32 15 0.07009279
33 30 9.013763
33 8 2000.0
33 13 1.4540272
33 11 3.277307
33 29 23.057833
33 34 2000.0
33 20 2.990482
33 2 2.2311168
33 14 0.47996956
33 7 2000.0
33 27 1.4278901
33 16 1971.0227
33 25 0.7798334
34 30 0.8336319
34 20 1.0736983
34 8 34.97694
34 37 2000.0
34 7 156.52176
34 27 1.1398213
34 16 43.518826
34 11 1.9886655
34 29 7.8402233
34 25 1.6548394
34 5 4.644072
35 21 0.031445604
35 31 1217.0454
36 28 0.03156133
36 3 0.32833126
36 9 0.71596885
37 30 9.9896145
37 0 2.0757961
37 8 0.8013059
37 18 1.9328691
37 13 1.095707
37 11 1.9652945
37 29 1.0555465
37 5 7.58425
37 20 5.4831223
37 2 1.0740056
37 7 100.0
37 27 0.85185605
37 16 2000.0
37 23 1.4436393
37 25 30.940737
