0 2 1.0527159
0 37 2.263769
0 13 1.5408739
0 29 30.613853
0 25 25.744812
1 3 1.0249567
1 12 9.072993
2 30 23.167452
2 0 1.0527159
2 8 1.2614242
2 18 2.1130517
2 13 0.8394704
2 33 3.0723262
2 11 1.3194654
2 29 1.1801151
2 20 6.0960727
2 37 0.82079715
2 27 1.2936264
2 16 2000.0
2 23 5.6748824
2 25 0.59807396
3 36 0.7023793
3 28 20.671467
3 24 2000.0
3 12 0.07266313
3 1 1.0249567
3 9 0.22041395
4 31 0.07170628
4 9 0.081819996
4 17 0.11762524
4 19 0.068878114
5 30 0.6899636
5 8 0.5334669
5 18 0.9641769
5 13 19.386446
5 11 0.78367
5 29 2.722008
5 34 2.0936742
5 20 3.8118992
5 37 9.89501
5 7 10.977788
5 27 1.7793584
5 16 1.6082891
5 23 2.9724336
5 25 2000.0
6 31 0.22210412
6 17 2.6441164
7 30 1.1440363
7 20 39.910812
7 8 6.755645
7 37 125.04914
7 16 1.4115669
7 23 1.2800857
7 11 178.31609
7 25 3.9622567
7 5 10.977788
8 0 2000.0
8 30 0.33513758
8 18 1.2962152
8 13 0.7018288
8 11 0.87604934
8 29 0.42266062
8 5 0.5334669
8 34 21.771263
8 2 1.2614242
8 37 1.0070827
8 7 6.755645
8 27 0.9146687
8 16 1.8414683
8 23 0.8664986
8 25 2000.0
9 36 0.64825606
9 28 2.1652377
9 10 13.427208
9 22 0.04443083
9 31 0.029610807
9 3 0.22041395
9 12 2000.0
9 4 0.081819996
9 17 0.043157466
9 19 0.07070707
10 26 0.030259967
10 28 0.23728004
10 24 0.094074674
10 31 13.164206
10 12 53.343414
10 9 13.427208
10 17 0.029736185
11 0 2000.0
11 30 0.92354536
11 8 0.87604934
11 18 9.289046
11 13 0.91348094
11 33 2.0588756
11 29 0.76993376
11 5 0.78367
11 34 1.9653643
11 20 1.3447349
11 2 1.3194654
11 37 1.437012
11 7 178.31609
11 27 0.66086966
11 16 1.1873575
11 25 0.5656398
12 26 1.0860333
12 32 5.951194
12 10 53.343414
12 24 0.0708049
12 21 0.14711598
12 3 0.07266313
12 1 9.072993
13 30 146.21347
13 0 1.5408739
13 8 0.7018288
13 18 129.13931
13 33 0.9743982
13 11 0.91348094
13 29 0.79721785
13 5 19.386446
13 34 1993.0
13 20 1.3598984
13 2 0.8394704
13 14 6.193061
13 37 1.7117108
13 7 2000.0
13 27 0.23607983
13 16 48.197002
13 25 0.3307866
14 30 13.553116
14 20 1.8081759
14 13 6.193061
14 27 1.9534588
14 33 0.41768226
14 25 2.034549
15 32 0.075855166
15 21 5.927426
16 30 1.1148912
16 0 2000.0
16 8 1.8414683
16 18 1.2430965
16 13 48.197002
16 11 1.1873575
16 5 1.6082891
16 34 102.28615
16 20 26.836044
16 7 1.4115669
16 27 1.4225465
16 23 2.28593
16 25 0.6452691
17 6 2.6441164
17 26 1.6963428
17 10 0.029736185
17 24 0.1393821
17 31 0.973265
17 9 0.043157466
17 4 0.11762524
17 19 188.87599
18 0 2000.0
18 30 0.7952086
18 8 1.2962152
18 13 129.13931
18 11 9.289046
18 29 1.591162
18 5 0.9641769
18 2 2.1130517
18 37 2.2816625
18 7 2000.0
18 27 45.228573
18 16 1.2430965
18 23 1.2168398
19 31 0.0889606
19 9 0.07070707
19 4 0.068878114
19 17 188.87599
20 30 2.0926628
20 13 1.3598984
20 33 1.2989283
20 11 1.3447349
20 29 8.509469
20 5 3.8118992
20 34 1.0484592
20 2 6.0960727
20 14 1.8081759
20 37 2.290657
20 7 39.910812
20 27 1.6191752
20 16 26.836044
20 25 0.42475307
21 32 2000.0
21 24 1.303018
21 35 0.051122155
21 31 2000.0
21 12 0.14711598
21 15 5.927426
22 31 54.134422
22 9 0.04443083
22 19 2000.0
23 0 2000.0
23 30 1.6540045
23 8 0.8664986
23 2 5.6748824
23 37 1.1679795
23 18 1.2168398
23 7 1.2800857
23 16 2.28593
23 11 2000.0
23 29 1.402551
23 5 2.9724336
24 26 0.041017573
24 32 0.30465442
24 10 0.094074674
24 21 1.303018
24 31 2000.0
24 12 0.0708049
24 15 2000.0
24 17 0.1393821
25 30 11.620384
25 0 25.744812
25 13 0.3307866
25 33 0.72781295
25 11 0.5656398
25 29 2.2238307
25 34 1.6752971
25 20 0.42475307
25 2 0.59807396
25 14 2.034549
25 37 25.211264
25 7 3.9622567
25 27 0.26605374
25 16 0.6452691
26 32 33.87841
26 28 0.067257315
26 10 0.030259967
26 24 0.041017573
26 31 0.09115614
26 12 1.0860333
26 17 1.6963428
27 30 0.5538961
27 0 2000.0
27 8 0.9146687
27 18 45.228573
27 13 0.23607983
27 33 0.84685457
27 11 0.66086966
27 29 0.7651042
27 5 1.7793584
27 34 0.79772294
27 20 1.6191752
27 2 1.2936264
27 14 1.9534588
27 37 1.0973157
27 7 2000.0
27 16 1.4225465
27 25 0.26605374
28 36 0.034503188
28 26 0.067257315
28 10 0.23728004
28 3 20.671467
28 12 1205.3977
28 9 2.1652377
28 19 1377.3296
29 0 30.613853
29 30 1.6244726
29 8 0.42266062
29 18 1.591162
29 13 0.79721785
29 33 14.582401
29 11 0.76993376
29 5 2.722008
29 34 4.4197073
29 20 8.509469
29 2 1.1801151
29 37 0.82048255
29 7 2000.0
29 27 0.7651042
29 16 2000.0
29 23 1.402551
29 25 2.2238307
30 8 0.33513758
30 18 0.7952086
30 13 146.21347
30 33 36.985714
30 11 0.92354536
30 29 1.6244726
30 5 0.6899636
30 34 1.2978895
30 20 2.0926628
30 2 23.167452
30 14 13.553116
30 37 22.482956
30 7 1.1440363
30 27 0.5538961
30 16 1.1148912
30 23 1.6540045
30 25 11.620384
31 26 0.09115614
31 6 0.22210412
31 10 13.164206
31 35 19.630518
31 22 54.134422
31 9 0.029610807
31 4 0.07170628
31 17 0.973265
31 19 0.0889606
32 26 33.87841
32 24 0.30465442
32 12 5.951194
32 15 0.075855166
33 30 36.985714
33 8 2000.0
33 13 0.9743982
33 11 2.0588756
33 29 14.582401
33 34 2000.0
33 20 1.2989283
33 2 3.0723262
33 14 0.41768226
33 7 2000.0
33 27 0.84685457
33 16 3017.898
33 25 0.72781295
34 30 1.2978895
34 20 1.0484592
34 8 21.771263
34 37 2000.0
34 7 2000.0
34 27 0.79772294
34 16 102.28615
34 11 1.9653643
34 29 4.4197073
34 25 1.6752971
34 5 2.0936742
35 21 0.051122155
35 31 19.630518
36 28 0.034503188
36 3 0.7023793
36 9 0.64825606
37 30 22.482956
37 0 2.263769
37 8 1.0070827
37 18 2.2816625
37 13 1.7117108
37 11 1.437012
37 29 0.82048255
37 5 9.89501
37 20 2.290657
37 2 0.82079715
37 7 125.04914
37 27 1.0973157
37 16 2000.0
37 23 1.1679795
37 25 25.211264
