0 2 0.7937794
0 37 1.6182184
0 13 0.64605486
0 29 33.47784
0 25 8.840973
1 3 0.5318915
1 12 7.8943734
2 30 15.765652
2 0 0.7937794
2 8 1.0254266
2 18 2.0516496
2 13 0.5665131
2 33 3.310413
2 11 1.4501673
2 29 1.3167717
2 20 3.0051997
2 37 0.7959332
2 27 0.8519094
2 16 2000.0
2 23 5.5459714
2 25 0.8907954
3 36 0.9109238
3 28 13.325285
3 24 211.76471
3 12 0.056940343
3 1 0.5318915
3 9 0.5314209
4 31 0.06540595
4 9 0.068438426
4 17 0.15166084
4 19 0.0695231
5 30 0.7178932
5 8 0.582709
5 18 0.3804369
5 13 33.75838
5 11 2.031529
5 29 9.295187
5 34 6.623056
5 20 2.3492134
5 37 32.340683
5 7 4.464755
5 27 1.4998152
5 16 1.6840332
5 23 2.9271672
6 31 0.14084972
6 17 2.1540673
7 30 0.5638579
7 20 43.70594
7 8 6.9848495
7 16 0.9927459
7 23 1.1563833
7 11 84.94602
7 25 2.0772922
7 5 4.464755
8 0 2000.0
8 30 0.3609146
8 18 1.2318711
8 13 0.92514384
8 11 0.867888
8 29 0.8922465
8 5 0.582709
8 34 39.470882
8 2 1.0254266
8 37 1.0992727
8 7 6.9848495
8 27 0.9587595
8 16 1.4393257
8 23 0.8419604
8 25 2000.0
9 36 0.74951124
9 28 1.9084597
9 10 15.298952
9 22 0.052516237
9 31 0.028627284
9 3 0.5314209
9 4 0.068438426
9 17 0.030753972
9 19 0.06714792
10 26 0.03149813
10 28 0.6805555
10 24 0.10402917
10 31 20.161932
10 12 53.833138
10 9 15.298952
10 17 0.036140088
11 0 2000.0
11 30 0.7874301
11 8 0.867888
11 18 4.2337737
11 13 0.76144475
11 33 2.0520477
11 29 1.3650973
11 5 2.031529
11 34 1.8535498
11 20 1.7294178
11 2 1.4501673
11 37 1.4200863
11 7 84.94602
11 27 0.68174493
11 16 1.1085322
11 25 0.5668107
12 26 2.0553408
12 32 4.2375803
12 10 53.833138
12 24 0.07644188
12 21 0.23718603
12 3 0.056940343
12 1 7.8943734
13 30 32.737164
13 0 0.64605486
13 8 0.92514384
13 33 1.3910971
13 11 0.76144475
13 29 1.5040872
13 5 33.75838
13 34 160.0
13 20 1.322842
13 2 0.5665131
13 14 5.21995
13 37 1.8836918
13 7 2000.0
13 27 0.39428952
13 16 31.141771
13 25 0.4031424
14 30 6.0076566
14 20 2.0995476
14 13 5.21995
14 27 4.6321044
14 33 0.3783329
14 11 2000.0
14 25 2.705808
15 32 0.07136095
15 21 0.5374441
15 12 2000.0
16 30 1.9130821
16 0 2000.0
16 8 1.4393257
16 18 1.3187174
16 13 31.141771
16 11 1.1085322
16 5 1.6840332
16 34 72.7644
16 20 23.442295
16 7 0.9927459
16 27 1.7883868
16 23 3.549684
16 25 1.2703618
17 6 2.1540673
17 26 3.090969
17 10 0.036140088
17 24 0.11213064
17 31 1.1012723
17 9 0.030753972
17 4 0.15166084
17 19 1195.2273
18 0 2000.0
18 30 0.6159557
18 8 1.2318711
18 13 2274.4888
18 11 4.2337737
18 29 1.2792673
18 5 0.3804369
18 2 2.0516496
18 37 3.2014875
18 7 2000.0
18 27 11.71627
18 16 1.3187174
18 23 1.0636364
19 31 0.09357588
19 9 0.06714792
19 4 0.0695231
20 0 2000.0
20 30 1.6258883
20 13 1.322842
20 33 1.0397726
20 11 1.7294178
20 29 12.799337
20 5 2.3492134
20 34 0.90594065
20 2 3.0051997
20 14 2.0995476
20 37 2.806511
20 7 43.70594
20 27 1.2614913
20 16 23.442295
20 25 0.69207865
21 26 2000.0
21 24 0.61595136
21 35 0.030203821
21 12 0.23718603
21 15 0.5374441
22 31 94.736855
22 9 0.052516237
22 19 2000.0
23 30 1.843712
23 0 2000.0
23 8 0.8419604
23 2 5.5459714
23 37 0.93990535
23 18 1.0636364
23 7 1.1563833
23 16 3.549684
23 11 2000.0
23 29 1.3490819
23 5 2.9271672
24 26 0.045388017
24 32 0.16317147
24 10 0.10402917
24 21 0.61595136
24 12 0.07644188
24 3 211.76471
24 15 2000.0
24 17 0.11213064
25 30 15.053154
25 0 8.840973
25 13 0.4031424
25 33 0.7712355
25 11 0.5668107
25 29 1.7467394
25 34 2.2922146
25 20 0.69207865
25 2 0.8907954
25 14 2.705808
25 37 100.0
25 7 2.0772922
25 27 0.30211046
25 16 1.2703618
26 32 48.577976
26 28 0.12294189
26 10 0.03149813
26 24 0.045388017
26 31 0.1796875
26 12 2.0553408
26 17 3.090969
27 30 0.24970669
27 0 2000.0
27 8 0.9587595
27 18 11.71627
27 13 0.39428952
27 33 0.84269345
27 11 0.68174493
27 29 0.7917276
27 5 1.4998152
27 34 1.3849511
27 20 1.2614913
27 2 0.8519094
27 14 4.6321044
27 37 1.3902129
27 7 2392.2727
27 16 1.7883868
27 25 0.30211046
28 36 0.03550655
28 26 0.12294189
28 10 0.6805555
28 3 13.325285
28 12 1190.6818
28 9 1.9084597
28 19 1464.7727
29 0 33.47784
29 30 2.6858916
29 8 0.8922465
29 18 1.2792673
29 13 1.5040872
29 33 14.001059
29 11 1.3650973
29 5 9.295187
29 34 3.4018037
29 20 12.799337
29 2 1.3167717
29 37 0.9356331
29 7 2000.0
29 27 0.7917276
29 16 2000.0
29 23 1.3490819
29 25 1.7467394
30 8 0.3609146
30 18 0.6159557
30 13 32.737164
30 33 4.079108
30 11 0.7874301
30 29 2.6858916
30 5 0.7178932
30 34 1.1525272
30 20 1.6258883
30 2 15.765652
30 14 6.0076566
30 37 20.118277
30 7 0.5638579
30 27 0.24970669
30 16 1.9130821
30 23 1.843712
30 25 15.053154
31 26 0.1796875
31 6 0.14084972
31 10 20.161932
31 22 94.736855
31 9 0.028627284
31 4 0.06540595
31 17 1.1012723
31 19 0.09357588
32 26 48.577976
32 24 0.16317147
32 21 800.0
32 12 4.2375803
32 15 0.07136095
33 30 4.079108
33 13 1.3910971
33 11 2.0520477
33 29 14.001059
33 5 2000.0
33 34 2000.0
33 20 1.0397726
33 2 3.310413
33 14 0.3783329
33 7 2000.0
33 27 0.84269345
33 16 3017.898
33 25 0.7712355
34 30 1.1525272
34 20 0.90594065
34 8 39.470882
34 37 2000.0
34 13 160.0
34 7 2000.0
34 27 1.3849511
34 16 72.7644
34 11 1.8535498
34 29 3.4018037
34 25 2.2922146
34 5 6.623056
35 21 0.030203821
35 31 1115.1136
36 28 0.03550655
36 3 0.9109238
36 9 0.74951124
37 30 20.118277
37 0 1.6182184
37 8 1.0992727
37 18 3.2014875
37 13 1.8836918
37 11 1.4200863
37 29 0.9356331
37 5 32.340683
37 20 2.806511
37 2 0.7959332
37 7 2930.284
37 27 1.3902129
37 16 2000.0
37 23 0.93990535
37 25 100.0
