0 2 1.0344999
0 37 1.5033616
0 13 0.6967267
0 29 29.060358
0 25 18.581575
1 3 0.5439249
1 12 34.230576
2 30 30.457218
2 0 1.0344999
2 8 1.0863745
2 18 2.5846195
2 13 0.70330805
2 33 1.4263781
2 11 2.0590546
2 29 1.3350345
2 20 5.4654965
2 37 1.2201383
2 27 692.89777
2 16 2000.0
2 23 16.772589
2 25 0.65777946
3 36 0.72681195
3 28 42.857143
3 24 2000.0
3 12 0.072287135
3 1 0.5439249
3 9 0.45566002
4 31 0.06774918
4 9 0.074049935
4 17 0.10026738
4 19 0.076562665
5 30 0.7625406
5 8 0.6600005
5 18 0.9732058
5 13 12.633004
5 11 3.7607327
5 29 2.324126
5 34 1.6851604
5 20 4.016779
5 37 9.382102
5 7 11.252614
5 27 779.5454
5 16 1.9550229
5 23 3.4057882
5 25 2000.0
6 31 0.6731305
6 17 10.240996
7 30 1.0083864
7 20 83.42614
7 8 3.7155795
7 37 114.28571
7 16 1.0482812
7 11 123.62561
7 23 1.6172086
7 25 2.299976
7 5 11.252614
8 0 2000.0
8 30 0.42129767
8 18 0.9655612
8 13 2.010153
8 11 1.30049
8 29 0.6668398
8 5 0.6600005
8 34 22.117289
8 2 1.0863745
8 37 0.9242345
8 7 3.7155795
8 27 1067.7273
8 16 2.5176685
8 23 1.2686101
8 25 2000.0
9 36 1.6930963
9 28 0.4716433
9 10 7.105051
9 22 0.069174364
9 31 0.031192375
9 3 0.45566002
9 12 2000.0
9 4 0.074049935
9 17 0.032563336
9 19 0.09592478
10 26 35.795452
10 28 0.5657258
10 24 0.07196831
10 31 7.500063
10 12 44.338837
10 9 7.105051
10 17 0.03071022
11 0 2000.0
11 30 0.7419989
11 8 1.30049
11 18 4.7079735
11 13 1.4105579
11 33 1.3115069
11 29 0.90437055
11 5 3.7607327
11 34 2.2686267
11 20 1.5096532
11 2 2.0590546
11 37 1.5566698
11 7 123.62561
11 27 692.89777
11 16 0.9163562
11 25 0.7543692
12 26 2000.0
12 32 5.2916346
12 10 44.338837
12 24 0.09193165
12 21 0.14034322
12 3 0.072287135
12 1 34.230576
13 30 35.43671
13 0 0.6967267
13 8 2.010153
13 18 15.982562
13 33 1.0343429
13 11 1.4105579
13 29 0.8191537
13 5 12.633004
13 34 102.22278
13 20 1.2016175
13 2 0.70330805
13 14 5.7196145
13 37 1.5897319
13 7 2000.0
13 27 150.96591
13 16 27.219364
13 25 0.27455145
14 30 17.787748
14 20 7.1291666
14 13 5.7196145
14 27 5234.1475
14 33 1.6214778
14 11 2000.0
14 25 2.0147796
15 32 0.085370935
15 21 9.931435
16 0 2000.0
16 30 1.120895
16 8 2.5176685
16 18 1.2857429
16 13 27.219364
16 11 0.9163562
16 29 400.0
16 5 1.9550229
16 34 70.49734
16 20 38.53291
16 7 1.0482812
16 27 1119.8296
16 23 4.2592716
16 25 0.87560153
17 26 1034.8864
17 6 10.240996
17 10 0.03071022
17 24 0.06956269
17 31 0.9991058
17 9 0.032563336
17 4 0.10026738
17 19 49.521107
18 0 2000.0
18 30 0.47318345
18 8 0.9655612
18 2 2.5846195
18 37 3.7946615
18 13 15.982562
18 27 2000.0
18 16 1.2857429
18 11 4.7079735
18 23 1.0996406
18 29 1.211751
18 5 0.9732058
19 28 39.52354
19 31 0.08626762
19 9 0.09592478
19 17 49.521107
19 4 0.076562665
20 30 2.0832775
20 13 1.2016175
20 33 1.0565857
20 11 1.5096532
20 29 10.087776
20 5 4.016779
20 34 0.8497051
20 2 5.4654965
20 14 7.1291666
20 37 7.1030846
20 7 83.42614
20 27 957.6705
20 16 38.53291
20 25 0.40129048
21 32 400.0
21 24 0.9290065
21 35 0.0346875
21 31 2000.0
21 12 0.14034322
21 15 9.931435
22 31 166.66667
22 9 0.069174364
22 19 2000.0
23 0 2000.0
23 30 1.2244413
23 8 1.2686101
23 2 16.772589
23 37 2.085968
23 18 1.0996406
23 7 1.6172086
23 16 4.2592716
23 11 2000.0
23 29 1.797822
23 5 3.4057882
24 26 37.045452
24 32 0.31566983
24 10 0.07196831
24 21 0.9290065
24 12 0.09193165
24 15 2000.0
24 17 0.06956269
25 0 18.581575
25 30 19.480358
25 13 0.27455145
25 33 0.5636829
25 11 0.7543692
25 29 3.0994644
25 34 1.3082232
25 20 0.40129048
25 2 0.65777946
25 14 2.0147796
25 37 26.289577
25 7 2.299976
25 27 229.14774
25 16 0.87560153
28 36 0.029557876
28 26 51.81818
28 10 0.5657258
28 12 1274.3182
28 3 42.857143
28 9 0.4716433
28 19 39.52354
29 0 29.060358
29 30 1.3188682
29 8 0.6668398
29 18 1.211751
29 13 0.8191537
29 33 22.732351
29 11 0.90437055
29 5 2.324126
29 34 2.6656923
29 20 10.087776
29 2 1.3350345
29 37 0.88883704
29 7 2000.0
29 27 1898.9204
29 16 400.0
29 23 1.797822
29 25 3.0994644
30 8 0.42129767
30 18 0.47318345
30 13 35.43671
30 33 3.6851315
30 11 0.7419989
30 29 1.3188682
30 5 0.7625406
30 34 0.8429998
30 20 2.0832775
30 2 30.457218
30 14 17.787748
30 37 26.287725
30 7 1.0083864
30 27 147.78409
30 16 1.120895
30 23 1.2244413
30 25 19.480358
31 26 2000.0
31 6 0.6731305
31 10 7.500063
31 35 24.001566
31 22 166.66667
31 9 0.031192375
31 4 0.06774918
31 17 0.9991058
31 19 0.08626762
32 26 2000.0
32 24 0.31566983
32 21 400.0
32 12 5.2916346
32 15 0.085370935
33 30 3.6851315
33 13 1.0343429
33 11 1.3115069
33 29 22.732351
33 5 2000.0
33 34 2000.0
33 20 1.0565857
33 2 1.4263781
33 14 1.6214778
33 7 2000.0
33 27 698.2386
33 16 2422.443
33 25 0.5636829
34 30 0.8429998
34 20 0.8497051
34 8 22.117289
34 37 2000.0
34 13 102.22278
34 7 4369.602
34 27 716.8182
34 16 70.49734
34 11 2.2686267
34 29 2.6656923
34 25 1.3082232
34 5 1.6851604
35 21 0.0346875
35 31 24.001566
36 28 0.029557876
36 3 0.72681195
36 9 1.6930963
37 30 26.287725
37 0 1.5033616
37 8 0.9242345
37 18 3.7946615
37 13 1.5897319
37 11 1.5566698
37 29 0.88883704
37 5 9.382102
37 20 7.1030846
37 2 1.2201383
37 7 114.28571
37 27 725.7955
37 16 2000.0
37 23 2.085968
37 25 26.289577
