0 8 6.6948533
0 2 1.5237391
0 37 1.4297546
0 13 1.1082485
0 11 98.83822
0 29 13.158477
1 3 0.22826767
1 12 1202.159
2 30 14.51675
2 0 1.5237391
2 8 1.4068023
2 18 17.865112
2 13 0.5527927
2 33 2.913843
2 11 1.1260287
2 29 0.8365518
2 20 1.8879546
2 37 1.2215543
2 27 0.49208114
2 16 2000.0
2 23 79.94741
2 25 1.0500001
3 36 0.32122436
3 28 0.120183975
3 24 2000.0
3 12 0.05592279
3 1 0.22826767
3 9 0.6070193
4 31 0.078385904
4 9 0.06277929
4 17 0.092508085
4 19 0.082203075
5 30 0.73011136
5 8 1.0784806
5 18 0.44699585
5 13 1250.0
5 11 2.445956
5 29 5.0556774
5 34 2.182975
5 20 2.2441273
5 37 2000.0
5 7 3.2432826
5 27 1.5230321
5 16 1.3901907
5 23 3.0634265
6 22 185.44643
6 31 0.58023816
6 17 0.7215563
7 34 16.920176
7 30 0.7953615
7 20 2.591205
7 8 2000.0
7 37 21.2755
7 16 1.1173358
7 11 3.2484074
7 23 0.8106094
7 25 6.4424305
7 5 3.2432826
8 0 6.6948533
8 30 0.6724984
8 18 0.9748744
8 13 3.5412545
8 11 1.1001595
8 29 1.1144792
8 5 1.0784806
8 34 2.6670218
8 2 1.4068023
8 37 1.0628852
8 7 2000.0
8 27 2.099775
8 16 1.2408593
8 23 1.3207086
9 36 1.0985118
9 26 2000.0
9 28 3.6954112
9 10 31.912663
9 22 0.3095976
9 31 0.03937329
9 3 0.6070193
9 17 0.034329116
9 4 0.06277929
9 19 0.072020605
10 26 0.03899452
10 28 0.15746172
10 24 0.03882638
10 31 0.035227273
10 12 4.6422
10 9 31.912663
10 17 0.035146274
11 0 98.83822
11 30 0.5862735
11 8 1.1001595
11 18 4.249755
11 13 0.9782671
11 33 2.1024463
11 29 1.217891
11 5 2.445956
11 34 4.7128596
11 20 0.7745874
11 2 1.1260287
11 37 1.0674465
11 7 3.2484074
11 27 0.57525665
11 16 0.85685366
11 25 0.94700813
12 26 1.242579
12 28 3.7272234
12 32 0.27625245
12 10 4.6422
12 24 0.08601641
12 21 0.09994411
12 3 0.05592279
13 30 1.2465081
13 0 1.1082485
13 8 3.5412545
13 18 2000.0
13 33 0.8312893
13 11 0.9782671
13 29 0.80591136
13 5 1250.0
13 34 5.553903
13 20 0.5164075
13 2 0.5527927
13 14 2.3803635
13 37 1.2356032
13 27 0.21276562
13 16 269.875
13 25 0.40969396
14 20 0.67157596
14 13 2.3803635
14 27 1.9585747
14 33 0.38101783
14 11 2000.0
14 25 0.862054
15 32 0.07666907
15 21 1.5263743
16 0 2000.0
16 30 1.0677251
16 8 1.2408593
16 18 1.0125321
16 13 269.875
16 11 0.85685366
16 29 16.34394
16 5 1.3901907
16 20 8.230372
16 37 28.929113
16 7 1.1173358
16 27 1.3062881
16 23 8.345365
16 25 1.2283292
17 26 1.9259794
17 6 0.7215563
17 10 0.035146274
17 24 0.22270787
17 31 1.2091788
17 9 0.034329116
17 4 0.092508085
17 19 2.0021882
18 30 0.70051736
18 2 17.865112
18 8 0.9748744
18 37 1.1651062
18 13 2000.0
18 7 2000.0
18 27 2.7111485
18 16 1.0125321
18 23 1.1410617
18 11 4.249755
18 29 1.1025615
18 5 0.44699585
19 31 0.08037934
19 9 0.072020605
19 17 2.0021882
19 4 0.082203075
20 30 15.279076
20 13 0.5164075
20 33 1.0316206
20 11 0.7745874
20 29 5.4246697
20 5 2.2441273
20 34 0.8354472
20 2 1.8879546
20 14 0.67157596
20 37 1.756365
20 7 2.591205
20 27 0.28153756
20 16 8.230372
20 25 0.42603084
21 32 2000.0
21 24 0.6175015
21 35 0.045793224
21 12 0.09994411
21 15 1.5263743
22 6 185.44643
22 31 1105.6818
22 9 0.3095976
22 19 1377.7842
23 0 2000.0
23 30 0.92135715
23 2 79.94741
23 8 1.3207086
23 37 1.0988016
23 18 1.1410617
23 7 0.8106094
23 16 8.345365
23 11 2000.0
23 29 1.9778162
23 5 3.0634265
24 26 0.052432626
24 32 0.109135196
24 10 0.03882638
24 21 0.6175015
24 31 1.5980103
24 12 0.08601641
24 3 2000.0
24 15 2000.0
24 17 0.22270787
25 30 4.0142536
25 13 0.40969396
25 33 0.27268553
25 11 0.94700813
25 29 2.467452
25 34 3.917641
25 20 0.42603084
25 2 1.0500001
25 14 0.862054
25 37 43.41976
25 7 6.4424305
25 27 0.47751975
25 16 1.2283292
26 36 120.60298
26 32 18.683147
26 28 0.07297892
26 10 0.03899452
26 24 0.052432626
26 31 0.07925818
26 12 1.242579
26 17 1.9259794
27 0 2000.0
27 30 0.18897533
27 8 2.099775
27 18 2.7111485
27 13 0.21276562
27 33 0.9475486
27 11 0.57525665
27 29 0.48278654
27 5 1.5230321
27 34 2.4414773
27 20 0.28153756
27 2 0.49208114
27 14 1.9585747
27 37 0.6836777
27 7 2889.943
27 16 1.3062881
27 25 0.47751975
28 36 0.041517857
28 26 0.07297892
28 10 0.15746172
28 3 0.120183975
28 12 3.7272234
28 9 3.6954112
29 0 13.158477
29 30 14.673445
29 8 1.1144792
29 18 1.1025615
29 13 0.80591136
29 33 188.84267
29 11 1.217891
29 5 5.0556774
29 34 16.81005
29 20 5.4246697
29 2 0.8365518
29 37 1.0532159
29 7 2000.0
29 27 0.48278654
29 16 16.34394
29 23 1.9778162
29 25 2.467452
30 0 2000.0
30 8 0.6724984
30 18 0.70051736
30 13 1.2465081
30 33 2.0731533
30 11 0.5862735
30 29 14.673445
30 5 0.73011136
30 34 2.2597547
30 20 15.279076
30 2 14.51675
30 37 12.130843
30 7 0.7953615
30 27 0.18897533
30 16 1.0677251
30 23 0.92135715
30 25 4.0142536
31 26 0.07925818
31 6 0.58023816
31 10 0.035227273
31 24 1.5980103
31 9 0.03937329
31 17 1.2091788
31 4 0.078385904
31 19 0.08037934
32 26 18.683147
32 24 0.109135196
32 12 0.27625245
32 15 0.07666907
33 34 2000.0
33 30 2.0731533
33 20 1.0316206
33 2 2.913843
33 14 0.38101783
33 7 2000.0
33 13 0.8312893
33 27 0.9475486
33 16 2000.0
33 11 2.1024463
33 29 188.84267
33 25 0.27268553
34 30 2.2597547
34 20 0.8354472
34 8 2.6670218
34 13 5.553903
34 7 16.920176
34 27 2.4414773
34 16 1215.0568
34 11 4.7128596
34 25 3.917641
34 29 16.81005
34 5 2.182975
35 21 0.045793224
36 26 120.60298
36 28 0.041517857
36 3 0.32122436
36 9 1.0985118
37 30 12.130843
37 0 1.4297546
37 8 1.0628852
37 18 1.1651062
37 13 1.2356032
37 11 1.0674465
37 29 1.0532159
37 20 1.756365
37 2 1.2215543
37 7 21.2755
37 27 0.6836777
37 16 28.929113
37 23 1.0988016
37 25 43.41976
