0 2 0.98438346
0 37 1.4365379
0 13 0.80292684
0 29 122.73846
0 25 26.299244
1 3 0.5663352
1 12 23.995712
2 30 18.791666
2 0 0.98438346
2 8 1.1208179
2 18 1.3501288
2 13 0.63023186
2 33 1.5530114
2 11 2.048935
2 29 1.5709963
2 20 3.7216332
2 37 0.934042
2 27 1.255276
2 16 2000.0
2 23 5.4123483
2 25 0.43959612
3 36 0.4943831
3 28 5.920617
3 24 514.2857
3 12 0.055907976
3 1 0.5663352
3 9 0.43171674
4 31 0.07135678
4 9 0.084304936
4 17 0.11075486
4 19 0.06307218
5 30 0.6527751
5 8 0.46707198
5 18 1.054128
5 13 38.179718
5 11 1.2949687
5 29 1.2957926
5 34 3.5561233
5 20 1.9647442
5 37 19.635647
5 7 13.76806
5 27 1.4345787
5 16 1.9800688
5 23 3.0198746
5 25 2000.0
6 31 0.36990473
6 17 1.110302
7 34 257.14285
7 30 0.8690282
7 20 64.05247
7 8 6.6162877
7 37 133.38698
7 16 1.2863845
7 23 1.2327851
7 25 3.3227618
7 5 13.76806
8 0 2000.0
8 30 0.28056914
8 18 1.5212787
8 13 0.8019403
8 11 0.9003527
8 29 0.815292
8 5 0.46707198
8 34 66.751816
8 2 1.1208179
8 37 0.8659113
8 7 6.6162877
8 27 0.6757381
8 16 1.6395596
8 23 0.86088765
8 25 2000.0
9 36 0.8043758
9 26 2000.0
9 28 1.5820314
9 10 56.69555
9 22 0.053303163
9 31 0.029239783
9 3 0.43171674
9 4 0.084304936
9 17 0.031656522
9 19 0.07342235
10 26 0.030551419
10 28 0.3385146
10 24 0.08956341
10 31 25.365458
10 12 1400.0
10 9 56.69555
10 17 0.029739074
11 0 2000.0
11 30 0.776032
11 8 0.9003527
11 18 5.986936
11 13 0.8441964
11 33 1.4189128
11 29 1.0364225
11 5 1.2949687
11 34 2.264942
11 20 2.3659024
11 2 2.048935
11 37 1.4524381
11 7 1983.409
11 27 0.65001863
11 16 1.5068202
11 25 0.74020714
12 26 1.0421196
12 32 8.752705
12 24 0.07067869
12 21 0.20140193
12 3 0.055907976
12 1 23.995712
13 30 75.87452
13 0 0.80292684
13 8 0.8019403
13 18 160.0
13 33 0.9171655
13 11 0.8441964
13 29 0.7815676
13 5 38.179718
13 34 112.98376
13 20 0.99820435
13 2 0.63023186
13 14 8.3378725
13 37 1.039673
13 7 2000.0
13 27 0.61695445
13 16 84.51863
13 25 0.35570306
14 30 11.56475
14 20 3.019804
14 13 8.3378725
14 27 2.593318
14 33 0.3556073
14 11 2000.0
14 25 2.6828513
15 32 0.07227416
15 21 5.233753
16 0 2000.0
16 30 1.0890073
16 8 1.6395596
16 18 1.6670738
16 13 84.51863
16 11 1.5068202
16 5 1.9800688
16 34 46.753242
16 20 22.713982
16 7 1.2863845
16 27 1.4180964
16 23 2.589331
16 25 1.4058378
17 6 1.110302
17 26 1.6078714
17 10 0.029739074
17 24 0.24653994
17 31 0.99185663
17 9 0.031656522
17 4 0.11075486
17 19 180.22572
18 0 2000.0
18 30 0.7073769
18 8 1.5212787
18 13 160.0
18 11 5.986936
18 29 1.563175
18 5 1.054128
18 2 1.3501288
18 37 2.0923822
18 7 2000.0
18 27 23.2374
18 16 1.6670738
18 23 1.7040137
19 31 0.08161775
19 9 0.07342235
19 4 0.06307218
19 17 180.22572
20 30 1.5969546
20 13 0.99820435
20 33 1.0749253
20 11 2.3659024
20 29 34.50974
20 5 1.9647442
20 34 0.81211126
20 2 3.7216332
20 14 3.019804
20 37 3.3649871
20 7 64.05247
20 27 2.117768
20 16 22.713982
20 25 0.3094847
21 32 2000.0
21 24 0.82644033
21 35 0.033920404
21 31 2000.0
21 12 0.20140193
21 15 5.233753
22 31 119.68182
22 9 0.053303163
22 19 2000.0
23 0 2000.0
23 30 1.4872994
23 8 0.86088765
23 2 5.4123483
23 37 1.4161158
23 18 1.7040137
23 7 1.2327851
23 16 2.589331
23 11 2000.0
23 29 0.895928
23 5 3.0198746
24 26 0.046747744
24 32 0.4912363
24 10 0.08956341
24 21 0.82644033
24 31 2000.0
24 12 0.07067869
24 3 514.2857
24 15 2000.0
24 17 0.24653994
25 30 25.759089
25 0 26.299244
25 13 0.35570306
25 33 0.7207284
25 11 0.74020714
25 29 2.114524
25 34 2.0965445
25 20 0.3094847
25 2 0.43959612
25 14 2.6828513
25 37 40.181366
25 7 3.3227618
25 27 0.22824961
25 16 1.4058378
26 32 1212.5569
26 28 0.5202978
26 10 0.030551419
26 24 0.046747744
26 31 0.15310815
26 12 1.0421196
26 17 1.6078714
27 30 0.36143446
27 0 2000.0
27 8 0.6757381
27 18 23.2374
27 13 0.61695445
27 33 0.73537314
27 11 0.65001863
27 29 0.62832534
27 5 1.4345787
27 34 0.816297
27 20 2.117768
27 2 1.255276
27 14 2.593318
27 37 0.9070828
27 7 2000.0
27 16 1.4180964
27 25 0.22824961
28 36 0.035994846
28 26 0.5202978
28 10 0.3385146
28 3 5.920617
28 12 1210.5114
28 9 1.5820314
28 19 1468.466
29 0 122.73846
29 30 0.95437694
29 8 0.815292
29 18 1.563175
29 13 0.7815676
29 33 37.90536
29 11 1.0364225
29 5 1.2957926
29 34 5.1487894
29 20 34.50974
29 2 1.5709963
29 37 0.98534316
29 7 2000.0
29 27 0.62832534
29 16 2000.0
29 23 0.895928
29 25 2.114524
30 8 0.28056914
30 18 0.7073769
30 13 75.87452
30 33 5.765534
30 11 0.776032
30 29 0.95437694
30 5 0.6527751
30 34 0.99153554
30 20 1.5969546
30 2 18.791666
30 14 11.56475
30 37 12.942303
30 7 0.8690282
30 27 0.36143446
30 16 1.0890073
30 23 1.4872994
30 25 25.759089
31 26 0.15310815
31 6 0.36990473
31 10 25.365458
31 35 76.73126
31 22 119.68182
31 9 0.029239783
31 4 0.07135678
31 17 0.99185663
31 19 0.08161775
32 24 0.4912363
32 12 8.752705
32 15 0.07227416
33 30 5.765534
33 13 0.9171655
33 11 1.4189128
33 29 37.90536
33 5 2000.0
33 34 2000.0
33 20 1.0749253
33 2 1.5530114
33 14 0.3556073
33 7 2000.0
33 27 0.73537314
33 16 3017.898
33 25 0.7207284
34 30 0.99153554
34 20 0.81211126
34 8 66.751816
34 37 2000.0
34 7 257.14285
34 13 112.98376
34 27 0.816297
34 16 46.753242
34 11 2.264942
34 29 5.1487894
34 25 2.0965445
34 5 3.5561233
35 21 0.033920404
35 31 76.73126
36 28 0.035994846
36 3 0.4943831
36 9 0.8043758
37 30 12.942303
37 0 1.4365379
37 8 0.8659113
37 18 2.0923822
37 13 1.039673
37 11 1.4524381
37 29 0.98534316
37 5 19.635647
37 20 3.3649871
37 2 0.934042
37 7 133.38698
37 27 0.9070828
37 16 2000.0
37 23 1.4161158
37 25 40.181366
