0 8 13.99042
0 2 1.4486324
0 37 0.7440657
0 13 0.72016877
0 11 15.973827
0 29 16.65303
1 3 0.27173755
1 12 1202.159
2 30 7.7339334
2 0 1.4486324
2 8 1.4982669
2 18 5.6846595
2 13 0.3288796
2 33 1.8059748
2 11 0.67839617
2 29 0.9623072
2 20 3.6442235
2 37 1.0540534
2 27 1.9665775
2 23 22.958097
2 25 2.31441
3 36 0.15599433
3 28 0.11927311
3 24 200.0
3 12 0.063394934
3 1 0.27173755
3 9 0.19141206
4 31 0.1913495
4 9 0.06960316
4 17 0.23114343
4 19 0.08127915
5 34 6.6602044
5 30 0.7627551
5 20 3.6425955
5 8 0.7331502
5 18 1.2440679
5 13 2000.0
5 7 7.6229143
5 27 3.3718293
5 16 1.630906
5 23 3.3371043
5 11 1.7377604
5 29 7.033974
6 22 160.0
6 31 1.213234
6 17 1.1269739
7 34 9.739382
7 30 1.5778252
7 20 2.1092625
7 8 60.752525
7 37 12.413678
7 27 105.933205
7 16 1.4364549
7 11 12.060192
7 23 1.206781
7 25 9.683613
7 5 7.6229143
8 0 13.99042
8 30 0.61472726
8 18 1.3259342
8 13 5.0424504
8 11 0.48448282
8 29 1.2024248
8 5 0.7331502
8 34 5.5525723
8 2 1.4982669
8 37 0.706975
8 7 60.752525
8 27 1.546796
8 16 1.4373275
8 23 1.2276958
9 36 0.904298
9 26 2000.0
9 28 1.3752275
9 10 2.8040419
9 22 0.5870707
9 31 0.028902775
9 3 0.19141206
9 17 0.055914227
9 4 0.06960316
9 19 0.07994228
10 26 0.030915948
10 28 0.13104506
10 24 0.06891912
10 31 0.050829116
10 12 6.3815656
10 9 2.8040419
10 17 0.04296838
11 0 15.973827
11 30 0.4417743
11 8 0.48448282
11 18 11.693413
11 13 0.5921222
11 33 1.9599448
11 29 1.061224
11 5 1.7377604
11 34 1.6185431
11 20 1.4335179
11 2 0.67839617
11 37 1.0109504
11 7 12.060192
11 27 0.891642
11 16 0.91650677
11 25 1.0985085
12 26 0.86520076
12 28 6.131771
12 32 0.34418556
12 10 6.3815656
12 24 0.07238481
12 21 0.06711759
12 3 0.063394934
13 30 5.9417686
13 0 0.72016877
13 8 5.0424504
13 18 800.0
13 33 0.88102794
13 11 0.5921222
13 29 1.1608382
13 34 9.993579
13 20 0.9529067
13 2 0.3288796
13 14 3.4094584
13 37 2.2114575
13 27 0.9816791
13 16 4020.0566
13 25 0.72652954
14 20 3.748481
14 13 3.4094584
14 33 0.6036802
14 27 2.2692008
14 11 2000.0
14 25 1.9902391
15 32 0.06701229
15 21 3.3926167
16 0 2000.0
16 30 1.0655978
16 8 1.4373275
16 18 1.6204628
16 11 0.91650677
16 29 35.396736
16 5 1.630906
16 20 15.940353
16 37 55.315907
16 7 1.4364549
16 27 1.3702844
16 23 11.479664
16 25 1.0419096
17 26 1.7530698
17 6 1.1269739
17 10 0.04296838
17 24 0.19976898
17 31 1.4326167
17 9 0.055914227
17 4 0.23114343
17 19 3.5746393
18 30 0.81364447
18 2 5.6846595
18 8 1.3259342
18 37 2.919732
18 7 2000.0
18 13 800.0
18 27 8.534083
18 16 1.6204628
18 23 1.2966506
18 11 11.693413
18 29 1.4582254
18 5 1.2440679
19 31 0.07359835
19 9 0.07994228
19 17 3.5746393
19 4 0.08127915
20 30 17.363636
20 13 0.9529067
20 33 1.6632129
20 11 1.4335179
20 29 9.7225895
20 5 3.6425955
20 34 0.79368067
20 2 3.6442235
20 14 3.748481
20 37 4.997301
20 7 2.1092625
20 27 1.2542614
20 16 15.940353
20 25 1.4682398
21 10 2000.0
21 24 0.63344985
21 35 0.038695578
21 12 0.06711759
21 15 3.3926167
22 6 160.0
22 31 1108.2385
22 9 0.5870707
22 19 1329.4886
23 0 2000.0
23 30 2.7265382
23 2 22.958097
23 8 1.2276958
23 37 3.3793337
23 18 1.2966506
23 7 1.206781
23 16 11.479664
23 11 2000.0
23 29 3.461427
23 5 3.3371043
24 26 0.057629872
24 32 0.13031526
24 28 2000.0
24 10 0.06891912
24 21 0.63344985
24 31 25.28064
24 3 200.0
24 12 0.07238481
24 15 2000.0
24 17 0.19976898
25 30 2.1737695
25 13 0.72652954
25 33 0.35516867
25 11 1.0985085
25 29 4.8448253
25 34 1.2173735
25 20 1.4682398
25 2 2.31441
25 14 1.9902391
25 37 54.97046
25 7 9.683613
25 27 0.94600374
25 16 1.0419096
26 36 171.42856
26 32 13.30434
26 28 0.032781206
26 10 0.030915948
26 24 0.057629872
26 31 0.050291985
26 12 0.86520076
26 17 1.7530698
27 0 2000.0
27 30 0.55075383
27 8 1.546796
27 18 8.534083
27 13 0.9816791
27 33 0.9000091
27 11 0.891642
27 29 0.82653785
27 5 3.3718293
27 34 1.3898033
27 20 1.2542614
27 2 1.9665775
27 14 2.2692008
27 37 1.6109917
27 7 105.933205
27 16 1.3702844
27 25 0.94600374
28 36 0.032973178
28 26 0.032781206
28 10 0.13104506
28 3 0.11927311
28 12 6.131771
28 9 1.3752275
29 0 16.65303
29 30 3.3917243
29 8 1.2024248
29 18 1.4582254
29 13 1.1608382
29 11 1.061224
29 5 7.033974
29 34 4.5517044
29 20 9.7225895
29 2 0.9623072
29 37 1.9222572
29 7 2000.0
29 27 0.82653785
29 16 35.396736
29 23 3.461427
29 25 4.8448253
30 0 2000.0
30 8 0.61472726
30 18 0.81364447
30 13 5.9417686
30 33 5.61045
30 11 0.4417743
30 29 3.3917243
30 5 0.7627551
30 34 2.5893378
30 20 17.363636
30 2 7.7339334
30 37 5.0610547
30 7 1.5778252
30 27 0.55075383
30 16 1.0655978
30 23 2.7265382
30 25 2.1737695
31 26 0.050291985
31 6 1.213234
31 10 0.050829116
31 24 25.28064
31 9 0.028902775
31 17 1.4326167
31 4 0.1913495
31 19 0.07359835
32 26 13.30434
32 24 0.13031526
32 12 0.34418556
32 15 0.06701229
33 30 5.61045
33 8 2000.0
33 13 0.88102794
33 11 1.9599448
33 29 1630.909
33 5 2000.0
33 34 2000.0
33 20 1.6632129
33 2 1.8059748
33 14 0.6036802
33 7 2000.0
33 27 0.9000091
33 16 2000.0
33 25 0.35516867
34 30 2.5893378
34 20 0.79368067
34 8 5.5525723
34 13 9.993579
34 7 9.739382
34 27 1.3898033
34 16 1215.0568
34 11 1.6185431
34 25 1.2173735
34 29 4.5517044
34 5 6.6602044
35 21 0.038695578
36 26 171.42856
36 28 0.032973178
36 3 0.15599433
36 9 0.904298
37 30 5.0610547
37 0 0.7440657
37 8 0.706975
37 18 2.919732
37 13 2.2114575
37 11 1.0109504
37 29 1.9222572
37 20 4.997301
37 2 1.0540534
37 7 12.413678
37 27 1.6109917
37 16 55.315907
37 23 3.3793337
37 25 54.97046
