0 8 824.1294
0 2 0.93613666
0 37 1.3642311
0 13 0.9432719
0 29 14.824999
0 25 30.252102
1 3 0.59083575
1 12 34.69025
2 30 21.228888
2 0 0.93613666
2 8 1.8834622
2 18 1.931155
2 13 0.5774977
2 33 1.7443503
2 11 1.6898742
2 29 1.146335
2 20 3.725847
2 37 0.93481827
2 27 0.8906372
2 16 2000.0
2 23 9.036811
2 25 0.6007891
3 36 0.8267644
3 28 38.40199
3 24 2000.0
3 12 0.07792631
3 1 0.59083575
3 9 0.8589436
4 31 0.07655596
4 9 0.07381557
4 17 0.1311596
4 19 0.067921735
5 30 0.6683651
5 8 0.59226453
5 18 1.4382102
5 13 30.907686
5 11 1.1455886
5 29 1.6177685
5 34 2.4510126
5 20 3.1522977
5 37 11.878296
5 7 10.771867
5 27 1.4851019
5 16 1.9099911
5 23 3.0232399
5 25 2000.0
6 31 0.15135157
6 17 5.44938
7 30 0.7042197
7 20 85.05138
7 8 4.718884
7 16 1.1662917
7 23 1.1590041
7 25 3.2611763
7 5 10.771867
8 0 824.1294
8 30 0.39655763
8 18 1.2040317
8 13 1.8927976
8 11 0.9336964
8 29 0.43402573
8 5 0.59226453
8 34 98.06611
8 2 1.8834622
8 37 0.87199783
8 7 4.718884
8 27 0.43206406
8 16 1.5297108
8 23 2.4398484
8 25 2000.0
9 36 0.9187399
9 26 2000.0
9 28 0.8326297
9 10 16.270292
9 22 0.090766646
9 31 0.028967667
9 12 2000.0
9 3 0.8589436
9 4 0.07381557
9 17 0.04633191
9 19 0.080572456
10 26 0.034298234
10 28 0.37673825
10 24 0.07181931
10 31 0.86565834
10 12 1516.25
10 9 16.270292
10 17 0.029719124
11 0 2000.0
11 30 0.7162757
11 8 0.9336964
11 18 3.0376472
11 13 0.98940706
11 33 1.9266456
11 29 1.0411402
11 5 1.1455886
11 34 1.635202
11 20 0.9660443
11 2 1.6898742
11 37 1.0102228
11 7 5771.7046
11 27 0.725829
11 16 0.92102283
11 25 0.5964276
12 26 0.60802263
12 32 4.7196193
12 28 151.84546
12 24 0.06588683
12 21 0.079369836
12 3 0.07792631
12 1 34.69025
13 30 101.521034
13 0 0.9432719
13 8 1.8927976
13 18 39.586536
13 33 0.95412827
13 11 0.98940706
13 29 0.9796152
13 5 30.907686
13 34 229.83334
13 20 0.8656221
13 2 0.5774977
13 14 6.091841
13 37 1.0345824
13 7 2000.0
13 27 0.3084806
13 16 42.016388
13 25 0.34112832
14 30 13.431768
14 20 2.9184027
14 13 6.091841
14 27 7.601298
14 33 1.0727128
14 11 2000.0
14 25 3.0524504
15 32 0.06966942
15 21 8.220336
16 34 125.27272
16 30 1.103127
16 20 50.22393
16 8 1.5297108
16 18 1.2392527
16 13 42.016388
16 7 1.1662917
16 27 1.43438
16 11 0.92102283
16 23 3.3475857
16 25 1.1216434
16 5 1.9099911
17 6 5.44938
17 26 1.4142854
17 10 0.029719124
17 24 0.06267416
17 31 0.9217003
17 9 0.04633191
17 4 0.1311596
17 19 1302.3864
18 0 2000.0
18 30 0.6915404
18 8 1.2040317
18 13 39.586536
18 11 3.0376472
18 29 1.1252568
18 5 1.4382102
18 2 1.931155
18 37 3.7892523
18 7 2000.0
18 27 85.743195
18 16 1.2392527
18 23 1.2582629
19 28 41.358047
19 31 0.07895522
19 9 0.080572456
19 4 0.067921735
20 30 1.3737948
20 8 2000.0
20 13 0.8656221
20 33 1.1245784
20 11 0.9660443
20 29 5.2096896
20 5 3.1522977
20 34 0.85908884
20 2 3.725847
20 14 2.9184027
20 37 2.6495733
20 7 85.05138
20 27 1.2668843
20 16 50.22393
20 25 0.4043705
21 32 800.0
21 24 0.950883
21 35 0.03319853
21 31 2000.0
21 12 0.079369836
21 15 8.220336
22 31 313.04352
22 9 0.090766646
22 19 2000.0
23 0 2000.0
23 30 2.760392
23 8 2.4398484
23 2 9.036811
23 37 1.5590513
23 18 1.2582629
23 7 1.1590041
23 16 3.3475857
23 11 2000.0
23 29 0.97352123
23 5 3.0232399
24 26 0.048199646
24 32 0.3918791
24 10 0.07181931
24 21 0.950883
24 12 0.06588683
24 17 0.06267416
25 0 30.252102
25 30 11.9378
25 13 0.34112832
25 33 0.80878687
25 11 0.5964276
25 29 2.0201123
25 34 2.2743185
25 20 0.4043705
25 2 0.6007891
25 14 3.0524504
25 37 100.97637
25 7 3.2611763
25 27 0.22122495
25 16 1.1216434
26 32 73.060234
26 28 0.05020223
26 10 0.034298234
26 24 0.048199646
26 31 0.29973164
26 12 0.60802263
26 17 1.4142854
27 30 0.21967505
27 0 2000.0
27 8 0.43206406
27 18 85.743195
27 13 0.3084806
27 33 0.73513407
27 11 0.725829
27 29 1.9621965
27 5 1.4851019
27 34 0.9436728
27 20 1.2668843
27 2 0.8906372
27 14 7.601298
27 37 0.86136657
27 7 2000.0
27 16 1.43438
27 25 0.22122495
28 36 0.038478535
28 26 0.05020223
28 10 0.37673825
28 12 151.84546
28 3 38.40199
28 9 0.8326297
28 19 41.358047
29 0 14.824999
29 30 1.4717504
29 8 0.43402573
29 18 1.1252568
29 13 0.9796152
29 33 10.406142
29 11 1.0411402
29 5 1.6177685
29 34 2.793072
29 20 5.2096896
29 2 1.146335
29 37 1.0121838
29 7 2000.0
29 27 1.9621965
29 16 2000.0
29 23 0.97352123
29 25 2.0201123
30 8 0.39655763
30 18 0.6915404
30 13 101.521034
30 33 10.942723
30 11 0.7162757
30 29 1.4717504
30 5 0.6683651
30 34 0.8555159
30 20 1.3737948
30 2 21.228888
30 14 13.431768
30 37 8.610024
30 7 0.7042197
30 27 0.21967505
30 16 1.103127
30 23 2.760392
30 25 11.9378
31 26 0.29973164
31 6 0.15135157
31 10 0.86565834
31 35 7.7378373
31 22 313.04352
31 9 0.028967667
31 4 0.07655596
31 17 0.9217003
31 19 0.07895522
32 26 73.060234
32 24 0.3918791
32 21 800.0
32 12 4.7196193
32 15 0.06966942
33 30 10.942723
33 8 2000.0
33 13 0.95412827
33 11 1.9266456
33 29 10.406142
33 5 2000.0
33 34 2000.0
33 20 1.1245784
33 2 1.7443503
33 14 1.0727128
33 7 2000.0
33 27 0.73513407
33 16 2422.443
33 25 0.80878687
34 30 0.8555159
34 20 0.85908884
34 8 98.06611
34 37 2000.0
34 13 229.83334
34 7 2000.0
34 27 0.9436728
34 16 125.27272
34 11 1.635202
34 29 2.793072
34 25 2.2743185
34 5 2.4510126
35 21 0.03319853
35 31 7.7378373
36 28 0.038478535
36 3 0.8267644
36 9 0.9187399
37 30 8.610024
37 0 1.3642311
37 8 0.87199783
37 18 3.7892523
37 13 1.0345824
37 11 1.0102228
37 29 1.0121838
37 5 11.878296
37 20 2.6495733
37 2 0.93481827
37 7 5460.739
37 27 0.86136657
37 16 2000.0
37 23 1.5590513
37 25 100.97637
