0 2 0.63905054
0 37 2.3530178
0 13 0.61514556
0 25 136.55545
0 29 72.883446
1 3 1.3049512
1 12 1322.5569
2 0 0.63905054
2 30 22.843952
2 8 1.3818884
2 18 2.178372
2 13 0.69496804
2 33 1.7634573
2 11 1.4619361
2 29 1.115092
2 20 7.776212
2 37 0.8754727
2 27 1.7455019
2 16 2000.0
2 23 7.2610974
2 25 0.871379
3 36 0.21839494
3 28 31.239504
3 24 133.33334
3 12 0.051667288
3 1 1.3049512
3 9 0.5175157
4 31 0.0618585
4 9 0.076001085
4 17 0.1354579
4 19 0.07044539
5 30 0.5416928
5 8 0.41504285
5 18 0.89494115
5 13 51.41667
5 11 2.2875245
5 29 2.5219083
5 34 3.0064871
5 20 2.9931502
5 37 55.12082
5 7 9.358691
5 27 1.7234789
5 16 1.6829336
5 23 2.1920154
6 31 0.18833426
6 17 2.7629929
7 34 2000.0
7 30 0.73541296
7 8 7.6638637
7 16 1.099432
7 11 16.261131
7 23 1.0678042
7 25 1.9793364
7 5 9.358691
8 0 2000.0
8 30 0.51923287
8 18 1.3888063
8 13 1.1755188
8 11 1.0305678
8 29 0.7451726
8 5 0.41504285
8 34 99.778984
8 2 1.3818884
8 37 0.871569
8 7 7.6638637
8 27 1.7722516
8 16 1.6402695
8 23 0.7888431
8 25 2000.0
9 36 0.32437226
9 28 0.6571022
9 10 22.63961
9 22 0.04004329
9 31 0.030295147
9 3 0.5175157
9 4 0.076001085
9 17 0.03594697
9 19 0.050384898
10 26 0.029664591
10 28 0.80119747
10 24 0.093224786
10 31 0.5383033
10 12 1449.5455
10 9 22.63961
10 17 0.031454917
11 30 1.1002568
11 0 2000.0
11 8 1.0305678
11 18 27.58106
11 13 0.8566
11 33 2.641674
11 29 0.81425154
11 5 2.2875245
11 34 5.887582
11 20 1.9992859
11 2 1.4619361
11 37 1.4052273
11 7 16.261131
11 27 0.9004192
11 16 1.0596055
11 25 1.1915199
12 26 0.6159883
12 32 7.640833
12 24 0.07649852
12 21 0.10867492
12 3 0.051667288
13 30 41.979153
13 0 0.61514556
13 8 1.1755188
13 18 100.0
13 33 1.0301495
13 11 0.8566
13 29 3.1457887
13 5 51.41667
13 34 190.36365
13 20 1.0814029
13 2 0.69496804
13 14 12.880991
13 37 1.2856144
13 7 2000.0
13 27 1.412365
13 16 42.216537
13 25 0.22699264
14 30 8.526421
14 20 8.593239
14 13 12.880991
14 27 9.782991
14 33 0.8335228
14 25 1.9789224
15 32 0.06695764
15 24 426.0869
15 21 22.733986
16 0 2000.0
16 30 1.1056353
16 8 1.6402695
16 18 1.592358
16 13 42.216537
16 33 289.4648
16 11 1.0596055
16 29 14.77524
16 5 1.6829336
16 34 207.55438
16 20 15.688121
16 7 1.099432
16 27 1.5770866
16 23 4.79045
16 25 1.4750271
17 26 1.569986
17 6 2.7629929
17 10 0.031454917
17 24 0.18177299
17 31 0.96769685
17 9 0.03594697
17 4 0.1354579
17 19 38.832848
18 0 2000.0
18 30 0.7235911
18 8 1.3888063
18 13 100.0
18 11 27.58106
18 29 1.4438875
18 5 0.89494115
18 2 2.178372
18 37 2.6433394
18 7 2000.0
18 27 24.095331
18 16 1.592358
18 23 1.4901847
19 28 155.05397
19 31 0.07483597
19 9 0.050384898
19 17 38.832848
19 4 0.07044539
20 0 2000.0
20 30 2.5436535
20 13 1.0814029
20 33 1.4589611
20 11 1.9992859
20 29 18.462185
20 5 2.9931502
20 34 0.92002356
20 2 7.776212
20 14 8.593239
20 37 4.295746
20 7 7140.5684
20 27 3.6034555
20 16 15.688121
20 25 1.3850935
21 26 2000.0
21 32 300.0
21 24 0.4102746
21 35 0.08767511
21 12 0.10867492
21 15 22.733986
22 31 27.430115
22 9 0.04004329
22 19 2000.0
23 30 1.4410313
23 0 2000.0
23 8 0.7888431
23 2 7.2610974
23 37 1.7067721
23 18 1.4901847
23 7 1.0678042
23 16 4.79045
23 11 2000.0
23 29 1.0298636
23 5 2.1920154
24 26 0.03769015
24 32 0.24211064
24 28 2000.0
24 10 0.093224786
24 21 0.4102746
24 12 0.07649852
24 3 133.33334
24 15 426.0869
24 17 0.18177299
25 30 154.57388
25 0 136.55545
25 13 0.22699264
25 33 0.5959586
25 11 1.1915199
25 29 2.1674993
25 34 1.8801041
25 20 1.3850935
25 2 0.871379
25 14 1.9789224
25 37 113.63149
25 7 1.9793364
25 27 0.32331192
25 16 1.4750271
26 32 16.094698
26 28 0.03148511
26 10 0.029664591
26 24 0.03769015
26 31 0.10413249
26 12 0.6159883
26 17 1.569986
27 30 0.19415702
27 0 2000.0
27 8 1.7722516
27 18 24.095331
27 13 1.412365
27 33 0.7925926
27 11 0.9004192
27 29 0.7153695
27 5 1.7234789
27 34 1.0257177
27 20 3.6034555
27 2 1.7455019
27 14 9.782991
27 37 1.2886252
27 7 2000.0
27 16 1.5770866
27 25 0.32331192
28 36 0.02851256
28 26 0.03148511
28 10 0.80119747
28 3 31.239504
28 12 2000.0
28 9 0.6571022
28 19 155.05397
29 0 72.883446
29 30 3.1621962
29 8 0.7451726
29 18 1.4438875
29 13 3.1457887
29 33 11.54164
29 11 0.81425154
29 5 2.5219083
29 34 3.4221222
29 20 18.462185
29 2 1.115092
29 37 0.7136929
29 7 2000.0
29 27 0.7153695
29 16 14.77524
29 23 1.0298636
29 25 2.1674993
30 8 0.51923287
30 18 0.7235911
30 13 41.979153
30 33 6.563056
30 11 1.1002568
30 29 3.1621962
30 5 0.5416928
30 34 1.1853642
30 20 2.5436535
30 2 22.843952
30 14 8.526421
30 37 31.336088
30 7 0.73541296
30 27 0.19415702
30 16 1.1056353
30 23 1.4410313
30 25 154.57388
31 26 0.10413249
31 6 0.18833426
31 10 0.5383033
31 35 140.84874
31 22 27.430115
31 9 0.030295147
31 4 0.0618585
31 17 0.96769685
31 19 0.07483597
32 26 16.094698
32 24 0.24211064
32 21 300.0
32 12 7.640833
32 15 0.06695764
33 34 2000.0
33 30 6.563056
33 20 1.4589611
33 2 1.7634573
33 14 0.8335228
33 13 1.0301495
33 7 2000.0
33 27 0.7925926
33 16 289.4648
33 11 2.641674
33 29 11.54164
33 25 0.5959586
34 30 1.1853642
34 20 0.92002356
34 8 99.778984
34 37 2000.0
34 7 2000.0
34 13 190.36365
34 27 1.0257177
34 16 207.55438
34 11 5.887582
34 29 3.4221222
34 25 1.8801041
34 5 3.0064871
35 21 0.08767511
35 31 140.84874
36 28 0.02851256
36 3 0.21839494
36 9 0.32437226
37 30 31.336088
37 0 2.3530178
37 8 0.871569
37 18 2.6433394
37 13 1.2856144
37 11 1.4052273
37 29 0.7136929
37 5 55.12082
37 20 4.295746
37 2 0.8754727
37 7 3624.6592
37 27 1.2886252
37 16 3024.6592
37 23 1.7067721
37 25 113.63149
