0 2 1.2206359
0 37 4.162709
0 13 1.7872388
0 29 15.603354
0 25 29.68023
1 3 1.1631348
1 12 14.802609
2 30 19.01464
2 0 1.2206359
2 8 1.324961
2 18 4.2779894
2 13 0.62732434
2 33 4.501616
2 11 1.7516774
2 29 1.0003146
2 20 3.9293866
2 37 0.91485757
2 27 1.1548425
2 16 2000.0
2 23 5.216205
2 25 0.6717002
3 36 0.7019556
3 28 11.641594
3 24 2000.0
3 12 0.07011096
3 1 1.1631348
3 9 0.47896338
4 31 0.07762533
4 9 0.09294623
4 17 0.113636374
4 19 0.06604309
5 30 0.5502821
5 8 0.52406377
5 18 0.7633905
5 13 22.227814
5 11 0.9192709
5 29 1.4934399
5 34 1.7817992
5 20 1.6227554
5 37 18.535849
5 7 9.329274
5 27 0.77472365
5 16 1.3925575
5 23 3.262942
5 25 2000.0
6 31 0.15330265
6 17 4.01568
7 30 0.78396827
7 8 3.5822847
7 16 1.1485516
7 23 1.3970357
7 25 3.021016
7 5 9.329274
8 0 2000.0
8 30 0.48996437
8 18 1.2158111
8 13 1.298112
8 11 1.0214783
8 29 0.5445141
8 5 0.52406377
8 34 37.32323
8 2 1.324961
8 37 0.99206847
8 7 3.5822847
8 27 1.3917614
8 16 1.5415878
8 23 0.86279804
8 25 2000.0
9 36 0.5155447
9 26 2000.0
9 28 1.1608148
9 10 16.146914
9 22 0.04824888
9 31 0.029044673
9 3 0.47896338
9 12 2000.0
9 4 0.09294623
9 17 0.03563174
9 19 0.079629585
10 26 0.034650374
10 28 0.28433952
10 24 0.15468435
10 31 23.089582
10 12 1181.7045
10 9 16.146914
10 17 0.03471408
11 0 2000.0
11 30 0.8110524
11 8 1.0214783
11 18 12.646679
11 13 2.2311714
11 33 2.0700085
11 29 0.90506285
11 5 0.9192709
11 34 3.0188122
11 20 2.2477102
11 2 1.7516774
11 37 2.0086951
11 7 1458.0114
11 27 0.662826
11 16 2.2751665
11 25 1.392543
12 26 0.82651883
12 32 5.177499
12 24 0.075828984
12 21 0.11814457
12 3 0.07011096
12 1 14.802609
13 30 34.81445
13 0 1.7872388
13 8 1.298112
13 18 536.3786
13 33 1.944691
13 11 2.2311714
13 29 1.196634
13 5 22.227814
13 34 227.03938
13 20 1.3891643
13 2 0.62732434
13 14 7.091007
13 37 1.5394435
13 7 2000.0
13 27 0.35863447
13 16 34.72644
13 25 0.28222167
14 30 8.760168
14 20 3.8853312
14 13 7.091007
14 27 1.9543806
14 33 0.5170145
14 11 2000.0
14 25 2.0773358
15 32 0.06957899
15 21 1.8006067
16 30 1.5836837
16 0 2000.0
16 8 1.5415878
16 18 1.6827602
16 13 34.72644
16 11 2.2751665
16 5 1.3925575
16 34 195.6392
16 20 35.72282
16 7 1.1485516
16 27 2.0119345
16 23 2.6515658
16 25 0.96845156
17 6 4.01568
17 26 3.0013611
17 10 0.03471408
17 24 0.13342439
17 31 1.7117984
17 9 0.03563174
17 4 0.113636374
17 19 66.04112
18 0 2000.0
18 30 0.7537258
18 8 1.2158111
18 13 536.3786
18 11 12.646679
18 29 1.3857095
18 5 0.7633905
18 2 4.2779894
18 37 2.0203729
18 7 2000.0
18 27 18.889942
18 16 1.6827602
18 23 1.3662528
19 31 0.081325084
19 9 0.079629585
19 4 0.06604309
19 17 66.04112
20 30 1.5995986
20 13 1.3891643
20 33 2.370167
20 11 2.2477102
20 29 8.032851
20 5 1.6227554
20 34 0.92978257
20 2 3.9293866
20 14 3.8853312
20 37 6.478049
20 7 2669.8296
20 27 2.6233027
20 16 35.72282
20 25 0.43428552
21 32 2000.0
21 10 2000.0
21 24 1.456836
21 35 0.029709538
21 31 2000.0
21 12 0.11814457
21 15 1.8006067
22 31 57.142857
22 9 0.04824888
22 19 2000.0
23 0 2000.0
23 30 2.287659
23 8 0.86279804
23 2 5.216205
23 37 1.5410981
23 18 1.3662528
23 7 1.3970357
23 16 2.6515658
23 11 2000.0
23 29 0.6355807
23 5 3.262942
24 6 2000.0
24 26 0.04504704
24 32 0.20264038
24 10 0.15468435
24 21 1.456836
24 12 0.075828984
24 15 2000.0
24 17 0.13342439
25 30 20.381805
25 0 29.68023
25 13 0.28222167
25 33 0.60765016
25 11 1.392543
25 29 4.511801
25 34 2.1088579
25 20 0.43428552
25 2 0.6717002
25 14 2.0773358
25 37 62.441185
25 7 3.021016
25 27 0.28964567
25 16 0.96845156
26 32 23.444828
26 28 0.05735376
26 10 0.034650374
26 24 0.04504704
26 31 0.37376976
26 12 0.82651883
26 17 3.0013611
27 30 0.18347962
27 0 2000.0
27 8 1.3917614
27 18 18.889942
27 13 0.35863447
27 33 0.87701905
27 11 0.662826
27 29 1.3065038
27 5 0.77472365
27 34 1.3129942
27 20 2.6233027
27 2 1.1548425
27 14 1.9543806
27 37 1.0238636
27 7 257.14285
27 16 2.0119345
27 25 0.28964567
28 36 0.030593826
28 26 0.05735376
28 10 0.28433952
28 3 11.641594
28 12 1146.591
28 9 1.1608148
28 19 1384.8295
29 0 15.603354
29 30 0.99084854
29 8 0.5445141
29 18 1.3857095
29 13 1.196634
29 33 51.043587
29 11 0.90506285
29 5 1.4934399
29 34 2.9688427
29 20 8.032851
29 2 1.0003146
29 37 1.035221
29 7 2000.0
29 27 1.3065038
29 16 2000.0
29 23 0.6355807
29 25 4.511801
30 8 0.48996437
30 18 0.7537258
30 13 34.81445
30 33 17.270088
30 11 0.8110524
30 29 0.99084854
30 5 0.5502821
30 34 0.7506481
30 20 1.5995986
30 2 19.01464
30 14 8.760168
30 37 18.025768
30 7 0.78396827
30 27 0.18347962
30 16 1.5836837
30 23 2.287659
30 25 20.381805
31 26 0.37376976
31 6 0.15330265
31 10 23.089582
31 35 126.0033
31 22 57.142857
31 9 0.029044673
31 4 0.07762533
31 17 1.7117984
31 19 0.081325084
32 26 23.444828
32 10 2000.0
32 24 0.20264038
32 21 2000.0
32 12 5.177499
32 15 0.06957899
33 30 17.270088
33 8 2000.0
33 13 1.944691
33 11 2.0700085
33 29 51.043587
33 5 2000.0
33 34 2000.0
33 20 2.370167
33 2 4.501616
33 14 0.5170145
33 7 2000.0
33 27 0.87701905
33 16 3017.898
33 25 0.60765016
34 30 0.7506481
34 20 0.92978257
34 8 37.32323
34 37 2000.0
34 13 227.03938
34 7 3264.6309
34 27 1.3129942
34 16 195.6392
34 11 3.0188122
34 29 2.9688427
34 25 2.1088579
34 5 1.7817992
35 21 0.029709538
35 31 126.0033
36 28 0.030593826
36 3 0.7019556
36 9 0.5155447
37 30 18.025768
37 0 4.162709
37 8 0.99206847
37 18 2.0203729
37 13 1.5394435
37 11 2.0086951
37 29 1.035221
37 5 18.535849
37 20 6.478049
37 2 0.91485757
37 7 1600.6818
37 27 1.0238636
37 16 2000.0
37 23 1.5410981
37 25 62.441185
