0 8 7.922021
0 2 0.4211266
0 37 1.6411943
0 13 1.3034209
0 29 10.074937
1 3 0.2666178
1 12 68.530975
2 30 24.799286
2 0 0.4211266
2 8 3.7926006
2 18 11.024887
2 13 2.6714976
2 33 6.592246
2 11 1.7884312
2 29 1.4684578
2 20 4.471838
2 37 1.2006276
2 27 3.853242
2 16 2000.0
2 25 4.4064727
3 36 0.84314954
3 28 0.09193127
3 24 200.0
3 12 0.124992
3 1 0.2666178
3 9 0.46465525
4 31 0.070824526
4 9 0.0549945
4 17 0.08296771
4 19 0.107944645
5 34 3.5752804
5 30 0.77659386
5 20 1.9739169
5 8 2.1048288
5 18 1.4559228
5 7 9.293206
5 27 3.9922018
5 16 1.5457141
5 11 6.5450406
5 23 11.0869665
5 29 6.274071
6 31 0.89272326
6 17 1.3842113
7 34 13.385614
7 30 1.1958987
7 20 2.2370596
7 8 54.543
7 37 12.970412
7 27 102.32888
7 16 1.3605084
7 11 34.11834
7 23 1.3896708
7 25 13.476446
7 5 9.293206
8 0 7.922021
8 30 1.1290184
8 18 1.4943761
8 13 31.526152
8 11 11.543671
8 29 1.9246079
8 5 2.1048288
8 34 9.30175
8 2 3.7926006
8 37 2.2338183
8 7 54.543
8 27 2.2416224
8 16 2.526661
8 23 2.1605973
9 36 1.0765879
9 26 2000.0
9 28 5.243149
9 10 4.245997
9 22 0.1499432
9 31 0.03022391
9 3 0.46465525
9 12 2000.0
9 17 0.05212791
9 4 0.0549945
9 19 0.07877327
10 26 0.05226549
10 28 0.6468417
10 24 0.079464756
10 31 0.030498652
10 12 2.2512503
10 9 4.245997
10 17 0.030268544
11 0 2000.0
11 30 0.69311535
11 8 11.543671
11 18 14.762032
11 13 1.6498245
11 33 2.9737089
11 29 1.8355635
11 5 6.5450406
11 34 9.89848
11 20 4.6234856
11 2 1.7884312
11 37 4.163407
11 7 34.11834
11 27 1.2212945
11 16 1.2353331
11 25 2.6602697
12 26 1.5879681
12 28 2.263863
12 32 0.15811452
12 10 2.2512503
12 24 0.16556187
12 21 0.083657384
12 3 0.124992
12 1 68.530975
13 0 1.3034209
13 30 8.456724
13 8 31.526152
13 18 300.0
13 33 1.3070054
13 11 1.6498245
13 29 0.9481203
13 5 2000.0
13 34 18.211153
13 20 0.5511042
13 2 2.6714976
13 14 4.492661
13 37 3.7911713
13 27 0.20843284
13 16 190.04025
13 25 0.77844155
14 20 3.455262
14 13 4.492661
14 33 0.884718
14 27 2.7332745
14 11 2000.0
14 25 3.6349196
15 32 0.07683526
15 21 11.527221
16 0 2000.0
16 30 1.1795235
16 8 2.526661
16 18 1.2697278
16 13 190.04025
16 11 1.2353331
16 29 5044.6025
16 5 1.5457141
16 20 10.929741
16 37 332.37274
16 7 1.3605084
16 27 1.4446343
16 23 10.913713
16 25 2.7463195
17 26 2.3663642
17 6 1.3842113
17 10 0.030268544
17 24 0.29939997
17 31 1.2770238
17 9 0.05212791
17 4 0.08296771
17 19 4.19871
18 30 0.987727
18 2 11.024887
18 8 1.4943761
18 37 2.8613465
18 7 2000.0
18 13 300.0
18 27 4.5609336
18 16 1.2697278
18 23 2.1188164
18 11 14.762032
18 29 2.999252
18 5 1.4559228
19 22 192.15686
19 31 0.07346907
19 9 0.07877327
19 17 4.19871
19 4 0.107944645
20 0 2000.0
20 30 29.20416
20 13 0.5511042
20 33 1.9079957
20 11 4.6234856
20 29 5.4406247
20 5 1.9739169
20 34 1.4875555
20 2 4.471838
20 14 3.455262
20 37 9.731494
20 7 2.2370596
20 27 0.48022476
20 16 10.929741
20 25 1.7960398
21 32 2000.0
21 10 2000.0
21 24 0.078425094
21 35 0.04822464
21 12 0.083657384
21 15 11.527221
22 6 1485.625
22 31 2000.0
22 9 0.1499432
22 19 192.15686
23 0 2000.0
23 30 6.411557
23 2 495.2441
23 8 2.1605973
23 37 3.5928419
23 18 2.1188164
23 7 1.3896708
23 16 10.913713
23 11 2000.0
23 29 3.6692874
23 5 11.0869665
24 26 0.08758905
24 32 0.103544496
24 10 0.079464756
24 21 0.078425094
24 31 12.095515
24 12 0.16556187
24 3 200.0
24 15 2000.0
24 17 0.29939997
25 0 2000.0
25 30 3.6288383
25 13 0.77844155
25 33 1.0458227
25 11 2.6602697
25 29 33.774506
25 34 6.9003115
25 20 1.7960398
25 2 4.4064727
25 14 3.6349196
25 37 18.480343
25 7 13.476446
25 27 2.4368474
25 16 2.7463195
26 32 15.106764
26 28 0.0454072
26 10 0.05226549
26 24 0.08758905
26 31 0.07774351
26 12 1.5879681
26 17 2.3663642
27 0 2000.0
27 30 0.29696783
27 8 2.2416224
27 18 4.5609336
27 13 0.20843284
27 33 5.0691533
27 11 1.2212945
27 29 0.54535764
27 5 3.9922018
27 34 1.8472186
27 20 0.48022476
27 2 3.853242
27 14 2.7332745
27 37 2.5414574
27 7 102.32888
27 16 1.4446343
27 25 2.4368474
28 36 0.050512522
28 26 0.0454072
28 10 0.6468417
28 3 0.09193127
28 12 2.263863
28 9 5.243149
29 0 10.074937
29 30 2.1243753
29 8 1.9246079
29 18 2.999252
29 13 0.9481203
29 11 1.8355635
29 5 6.274071
29 34 12.753675
29 20 5.4406247
29 2 1.4684578
29 37 1.6879941
29 27 0.54535764
29 23 3.6692874
29 25 33.774506
30 0 2000.0
30 8 1.1290184
30 18 0.987727
30 13 8.456724
30 33 3.8003786
30 11 0.69311535
30 29 2.1243753
30 5 0.77659386
30 34 3.494336
30 20 29.20416
30 2 24.799286
30 14 2000.0
30 37 12.897101
30 7 1.1958987
30 27 0.29696783
30 16 1.1795235
30 23 6.411557
30 25 3.6288383
31 26 0.07774351
31 6 0.89272326
31 10 0.030498652
31 24 12.095515
31 9 0.03022391
31 17 1.2770238
31 4 0.070824526
31 19 0.07346907
32 26 15.106764
32 24 0.103544496
32 12 0.15811452
32 15 0.07683526
33 34 2000.0
33 30 3.8003786
33 20 1.9079957
33 2 6.592246
33 14 0.884718
33 7 2000.0
33 13 1.3070054
33 27 5.0691533
33 16 2000.0
33 11 2.9737089
33 29 2000.0
33 25 1.0458227
34 30 3.494336
34 20 1.4875555
34 8 9.30175
34 7 13.385614
34 13 18.211153
34 27 1.8472186
34 16 2000.0
34 11 9.89848
34 25 6.9003115
34 29 12.753675
34 5 3.5752804
35 21 0.04822464
36 26 2000.0
36 28 0.050512522
36 3 0.84314954
36 9 1.0765879
37 0 1.6411943
37 30 12.897101
37 8 2.2338183
37 18 2.8613465
37 13 3.7911713
37 11 4.163407
37 29 1.6879941
37 20 9.731494
37 2 1.2006276
37 7 12.970412
37 27 2.5414574
37 16 332.37274
37 23 3.5928419
37 25 18.480343
