0 2 1.3057566
0 37 3.2136362
0 13 2.1886766
0 29 32.338253
0 25 24.297237
1 3 0.9159091
1 12 30.000002
2 30 13.897575
2 0 1.3057566
2 8 1.0702391
2 18 1.743891
2 13 0.4835728
2 33 1.8420118
2 11 1.1157738
2 29 1.0932553
2 20 2.2343495
2 37 0.74173385
2 27 0.67107844
2 16 2000.0
2 23 9.037011
2 25 0.48497722
3 36 0.41242692
3 28 4.946372
3 24 2000.0
3 12 0.0522822
3 1 0.9159091
3 9 0.32964233
4 31 0.06810069
4 9 0.06510804
4 17 0.15005352
4 19 0.0851918
5 30 0.72721493
5 8 0.5352234
5 18 0.77578676
5 13 23.136168
5 11 1.5087646
5 29 3.3660226
5 34 1.600212
5 20 1.8303686
5 37 8.683896
5 7 8.214904
5 27 2.2671247
5 16 1.8888685
5 23 2.1195345
5 25 2000.0
6 31 0.45045453
6 17 7.7223682
7 30 0.87589496
7 20 111.32387
7 8 12.829275
7 37 67.169235
7 16 1.2254268
7 23 1.6109626
7 25 9.458751
7 5 8.214904
8 0 2000.0
8 30 0.47337872
8 18 1.30794
8 13 1.8610836
8 11 0.8141983
8 29 0.33753857
8 5 0.5352234
8 34 20.384134
8 2 1.0702391
8 37 0.88525563
8 7 12.829275
8 27 1.5284021
8 16 1.3886815
8 23 0.89871925
8 25 2000.0
9 36 0.3893519
9 26 2000.0
9 28 1.3642962
9 10 14.5225935
9 22 0.04754098
9 31 0.030050576
9 3 0.32964233
9 12 2000.0
9 4 0.06510804
9 17 0.03175664
9 19 0.06499088
10 26 0.029869454
10 28 0.26064396
10 24 0.118629806
10 31 13.746567
10 12 1153.2386
10 9 14.5225935
10 17 0.040068377
11 0 2000.0
11 30 0.8058798
11 8 0.8141983
11 18 3.0400949
11 13 1.0473748
11 33 1.9022877
11 29 0.8199136
11 5 1.5087646
11 34 3.1257832
11 20 1.2360642
11 2 1.1157738
11 37 1.4095845
11 7 1372.8408
11 27 0.78305304
11 16 1.5244406
11 25 0.7097521
12 26 1.8184618
12 32 2.3940923
12 24 0.084283076
12 21 0.17646
12 3 0.0522822
12 1 30.000002
13 30 62.458775
13 0 2.1886766
13 8 1.8610836
13 18 266.6667
13 33 1.0467722
13 11 1.0473748
13 29 0.9046651
13 5 23.136168
13 34 184.85512
13 20 1.7273465
13 2 0.4835728
13 14 6.452738
13 37 1.1887412
13 7 2000.0
13 27 0.2716891
13 16 23.17836
13 25 0.3346534
14 30 13.963963
14 20 1.7737576
14 13 6.452738
14 27 3.884926
14 33 0.42743245
14 25 1.9711826
15 32 0.075693525
15 21 1.0545455
16 30 1.089473
16 0 2000.0
16 8 1.3886815
16 18 1.0798296
16 13 23.17836
16 11 1.5244406
16 5 1.8888685
16 34 31.02402
16 20 15.407703
16 7 1.2254268
16 27 1.241872
16 23 2.2265825
16 25 0.78427285
17 6 7.7223682
17 26 1.5641303
17 10 0.040068377
17 24 0.15263085
17 31 0.98956054
17 9 0.03175664
17 4 0.15005352
17 19 1404.0342
18 0 2000.0
18 30 0.68317413
18 8 1.30794
18 13 266.6667
18 11 3.0400949
18 29 1.0970882
18 5 0.77578676
18 2 1.743891
18 37 1.81477
18 7 2000.0
18 27 17.199245
18 16 1.0798296
18 23 1.0790815
19 31 0.07293848
19 9 0.06499088
19 4 0.0851918
19 17 1404.0342
20 30 1.295981
20 13 1.7273465
20 33 1.086613
20 11 1.2360642
20 29 10.429467
20 5 1.8303686
20 34 0.85975385
20 2 2.2343495
20 14 1.7737576
20 37 2.0865746
20 7 111.32387
20 27 2.2760434
20 16 15.407703
20 25 0.4237598
21 26 2000.0
21 32 2000.0
21 10 2000.0
21 24 0.8843036
21 35 0.037316713
21 12 0.17646
21 15 1.0545455
22 31 117.01078
22 9 0.04754098
22 19 2000.0
23 0 2000.0
23 30 1.711572
23 8 0.89871925
23 2 9.037011
23 37 0.959489
23 18 1.0790815
23 7 1.6109626
23 16 2.2265825
23 11 2000.0
23 29 1.2315482
23 5 2.1195345
24 26 0.04258569
24 32 0.29976934
24 10 0.118629806
24 21 0.8843036
24 12 0.084283076
24 15 2000.0
24 17 0.15263085
25 30 31.035149
25 0 24.297237
25 13 0.3346534
25 33 0.5965251
25 11 0.7097521
25 29 1.4906526
25 34 2.3642492
25 20 0.4237598
25 2 0.48497722
25 14 1.9711826
25 37 154.66096
25 7 9.458751
25 27 0.3791548
25 16 0.78427285
26 32 73.34543
26 28 0.08012948
26 10 0.029869454
26 24 0.04258569
26 31 0.09853315
26 12 1.8184618
26 17 1.5641303
27 30 0.24675326
27 0 2000.0
27 8 1.5284021
27 18 17.199245
27 13 0.2716891
27 33 0.77087414
27 11 0.78305304
27 29 1.819739
27 5 2.2671247
27 34 1.6325637
27 20 2.2760434
27 2 0.67107844
27 14 3.884926
27 37 0.926383
27 7 4868.125
27 16 1.241872
27 25 0.3791548
28 36 0.03125
28 26 0.08012948
28 10 0.26064396
28 3 4.946372
28 12 1137.2727
28 9 1.3642962
28 19 1367.7842
29 0 32.338253
29 30 0.5167865
29 8 0.33753857
29 18 1.0970882
29 13 0.9046651
29 33 38.71545
29 11 0.8199136
29 5 3.3660226
29 34 3.562932
29 20 10.429467
29 2 1.0932553
29 37 0.7763354
29 7 2000.0
29 27 1.819739
29 16 2000.0
29 23 1.2315482
29 25 1.4906526
30 8 0.47337872
30 18 0.68317413
30 13 62.458775
30 33 10.570829
30 11 0.8058798
30 29 0.5167865
30 5 0.72721493
30 34 0.941793
30 20 1.295981
30 2 13.897575
30 14 13.963963
30 37 20.980282
30 7 0.87589496
30 27 0.24675326
30 16 1.089473
30 23 1.711572
30 25 31.035149
31 26 0.09853315
31 6 0.45045453
31 10 13.746567
31 35 42.864735
31 22 117.01078
31 9 0.030050576
31 4 0.06810069
31 17 0.98956054
31 19 0.07293848
32 26 73.34543
32 24 0.29976934
32 12 2.3940923
32 15 0.075693525
33 34 2000.0
33 30 10.570829
33 20 1.086613
33 2 1.8420118
33 14 0.42743245
33 7 2000.0
33 13 1.0467722
33 27 0.77087414
33 16 3017.898
33 11 1.9022877
33 29 38.71545
33 25 0.5965251
34 30 0.941793
34 20 0.85975385
34 8 20.384134
34 37 2000.0
34 13 184.85512
34 7 2326.9697
34 27 1.6325637
34 16 31.02402
34 11 3.1257832
34 29 3.562932
34 25 2.3642492
34 5 1.600212
35 21 0.037316713
35 31 42.864735
36 28 0.03125
36 3 0.41242692
36 9 0.3893519
37 30 20.980282
37 0 3.2136362
37 8 0.88525563
37 18 1.81477
37 13 1.1887412
37 11 1.4095845
37 29 0.7763354
37 5 8.683896
37 20 2.0865746
37 2 0.74173385
37 7 67.169235
37 27 0.926383
37 16 2000.0
37 23 0.959489
37 25 154.66096
