0 2 0.8248124
0 37 2.7628107
0 13 0.7811717
0 25 25.546705
0 29 11.068327
1 3 0.85261405
1 12 13.618033
2 30 20.951483
2 0 0.8248124
2 8 3.0436416
2 18 2.216856
2 13 0.44833213
2 33 2.1756487
2 11 1.6031543
2 29 1.4889901
2 20 2.9207683
2 37 0.8819812
2 27 692.89777
2 16 2000.0
2 23 7.8335495
2 25 0.4198325
3 36 0.6926299
3 28 81.24579
3 24 2000.0
3 12 0.06309348
3 1 0.85261405
3 9 0.96477085
4 31 0.07753407
4 9 0.0706781
4 17 0.1900006
4 19 0.06659854
5 30 0.7808404
5 8 0.84095
5 18 0.73964036
5 13 19.066765
5 11 3.2291949
5 29 7.33936
5 34 1.5054599
5 20 2.2240174
5 37 12.956117
5 7 12.736917
5 27 779.5454
5 16 1.7765104
5 23 3.1963575
5 25 2000.0
6 31 0.2561476
6 17 5.2313614
7 30 0.9102572
7 20 188.80884
7 8 9.523533
7 16 2.310964
7 23 3.832834
7 25 1.7486414
7 5 12.736917
8 0 2000.0
8 30 0.61914873
8 18 1.015848
8 13 1.4496093
8 11 0.81526285
8 29 2.5466506
8 5 0.84095
8 34 27.348593
8 2 3.0436416
8 37 0.9765393
8 7 9.523533
8 27 1067.7273
8 16 1.6018292
8 23 1.1515878
8 25 2000.0
9 36 1.1164174
9 26 2000.0
9 28 0.59378153
9 10 8.726053
9 22 0.061762396
9 31 0.030402385
9 12 2000.0
9 3 0.96477085
9 4 0.0706781
9 17 0.11428292
9 19 0.08423296
10 26 35.795452
10 28 0.19727273
10 24 0.10537588
10 31 4.0291433
10 12 1439.034
10 9 8.726053
10 17 0.03162258
11 0 2000.0
11 30 0.7136632
11 8 0.81526285
11 18 3.469679
11 13 1.113226
11 33 1.487656
11 29 1.8779091
11 5 3.2291949
11 34 1.4461914
11 20 0.98232824
11 2 1.6031543
11 37 2.623391
11 7 4195.511
11 27 692.89777
11 16 1.3234229
11 25 0.58615553
12 26 2000.0
12 32 7.8992724
12 24 0.08374628
12 21 0.10863243
12 3 0.06309348
12 1 13.618033
13 30 62.554317
13 0 0.7811717
13 8 1.4496093
13 18 21.346743
13 33 1.2872474
13 11 1.113226
13 29 1.5544882
13 5 19.066765
13 34 88.888885
13 20 0.9120557
13 2 0.44833213
13 14 4.788657
13 37 1.5138308
13 7 2000.0
13 27 150.96591
13 16 41.39018
13 25 0.35578385
14 30 5.9708834
14 20 3.0832875
14 13 4.788657
14 27 5234.1475
14 33 0.8527375
14 11 2000.0
14 25 4.83198
15 32 0.0796735
15 21 9.139953
16 0 2000.0
16 30 1.3014809
16 8 1.6018292
16 18 1.5005715
16 13 41.39018
16 11 1.3234229
16 29 2000.0
16 5 1.7765104
16 34 116.3932
16 20 18.357773
16 7 2.310964
16 27 1119.8296
16 23 3.3164203
16 25 0.93822455
17 6 5.2313614
17 26 1034.8864
17 10 0.03162258
17 24 0.061335344
17 31 1.4623923
17 9 0.11428292
17 4 0.1900006
17 19 201.65543
18 0 2000.0
18 30 0.5330905
18 8 1.015848
18 2 2.216856
18 37 2.0067885
18 13 21.346743
18 27 2000.0
18 16 1.5005715
18 11 3.469679
18 23 1.0669672
18 29 1.121764
18 5 0.73964036
19 28 1207.0454
19 31 0.07537879
19 9 0.08423296
19 4 0.06659854
19 17 201.65543
20 30 1.4536524
20 13 0.9120557
20 33 1.244712
20 11 0.98232824
20 29 15.954097
20 5 2.2240174
20 34 0.977519
20 2 2.9207683
20 14 3.0832875
20 37 4.816225
20 7 188.80884
20 27 957.6705
20 16 18.357773
20 25 0.29689905
21 26 2000.0
21 32 2000.0
21 24 1.0901419
21 35 0.034303814
21 12 0.10863243
21 15 9.139953
22 31 325.8409
22 9 0.061762396
22 19 2000.0
23 0 2000.0
23 30 2.991054
23 8 1.1515878
23 2 7.8335495
23 37 1.7391088
23 18 1.0669672
23 7 3.832834
23 16 3.3164203
23 11 2000.0
23 29 1.2107328
23 5 3.1963575
24 26 37.045452
24 32 0.2242204
24 10 0.10537588
24 21 1.0901419
24 12 0.08374628
24 17 0.061335344
25 0 25.546705
25 30 27.929808
25 13 0.35578385
25 33 0.6017786
25 11 0.58615553
25 29 1.6717086
25 34 1.7369303
25 20 0.29689905
25 2 0.4198325
25 14 4.83198
25 37 158.05467
25 7 1.7486414
25 27 229.14774
25 16 0.93822455
28 36 0.031882484
28 26 51.81818
28 10 0.19727273
28 12 1274.3182
28 3 81.24579
28 9 0.59378153
28 19 1207.0454
29 0 11.068327
29 30 4.7568054
29 8 2.5466506
29 18 1.121764
29 13 1.5544882
29 33 23.126686
29 11 1.8779091
29 5 7.33936
29 34 4.138342
29 20 15.954097
29 2 1.4889901
29 37 1.6188921
29 7 2000.0
29 27 1898.9204
29 16 2000.0
29 23 1.2107328
29 25 1.6717086
30 8 0.61914873
30 18 0.5330905
30 13 62.554317
30 33 11.007874
30 11 0.7136632
30 29 4.7568054
30 5 0.7808404
30 34 0.89553094
30 20 1.4536524
30 2 20.951483
30 14 5.9708834
30 37 12.740581
30 7 0.9102572
30 27 147.78409
30 16 1.3014809
30 23 2.991054
30 25 27.929808
31 26 79.88636
31 6 0.2561476
31 10 4.0291433
31 35 14.571843
31 22 325.8409
31 9 0.030402385
31 4 0.07753407
31 17 1.4623923
31 19 0.07537879
32 26 2000.0
32 24 0.2242204
32 12 7.8992724
32 15 0.0796735
33 30 11.007874
33 13 1.2872474
33 11 1.487656
33 29 23.126686
33 5 2000.0
33 34 2000.0
33 20 1.244712
33 2 2.1756487
33 14 0.8527375
33 7 2000.0
33 27 698.2386
33 16 2422.443
33 25 0.6017786
34 30 0.89553094
34 20 0.977519
34 8 27.348593
34 37 2000.0
34 7 3249.1477
34 13 88.888885
34 27 716.8182
34 16 116.3932
34 11 1.4461914
34 29 4.138342
34 25 1.7369303
34 5 1.5054599
35 21 0.034303814
35 31 14.571843
36 28 0.031882484
36 3 0.6926299
36 9 1.1164174
37 30 12.740581
37 0 2.7628107
37 8 0.9765393
37 18 2.0067885
37 13 1.5138308
37 11 2.623391
37 29 1.6188921
37 5 12.956117
37 20 4.816225
37 2 0.8819812
37 7 4445.682
37 27 725.7955
37 16 2000.0
37 23 1.7391088
37 25 158.05467
