0 2 0.97812164
0 37 1.8597538
0 13 0.84186095
0 25 8.820944
0 29 96.681175
1 3 1.0094156
1 12 11.784369
2 30 26.561703
2 0 0.97812164
2 8 1.0736573
2 18 1.8698666
2 13 0.54099655
2 33 1.6702354
2 11 1.7480183
2 29 1.0112383
2 20 2.6490386
2 37 0.81587
2 27 1.0867244
2 16 2000.0
2 23 17.12458
2 25 1.027933
3 36 0.28767642
3 28 10.958393
3 24 2000.0
3 12 0.081329405
3 1 1.0094156
3 9 0.8672273
4 31 0.06775335
4 9 0.08167577
4 17 0.14708039
4 19 0.067145206
5 30 0.8778982
5 8 0.9041263
5 18 0.92392147
5 13 42.137203
5 11 3.733959
5 29 4.6638064
5 34 6.1493225
5 20 4.215863
5 37 22.3964
5 7 27.186527
5 27 2.7878816
5 16 1.7394612
5 23 4.337506
5 25 2000.0
6 31 0.16952549
6 17 2.1720777
7 34 360.00003
7 30 0.8352155
7 20 28.592918
7 8 8.983893
7 37 100.0
7 16 1.3400351
7 23 1.6828219
7 25 3.2655976
7 5 27.186527
8 0 2000.0
8 30 0.6062115
8 18 1.222783
8 13 0.76903224
8 11 0.92492765
8 29 0.6621591
8 5 0.9041263
8 34 29.049122
8 2 1.0736573
8 37 1.4027206
8 7 8.983893
8 27 1.4989448
8 16 1.8337135
8 23 1.2729136
8 25 2000.0
9 36 0.25326246
9 26 2000.0
9 28 2.0282373
9 10 17.12446
9 22 0.05134442
9 31 0.029349552
9 12 2000.0
9 3 0.8672273
9 4 0.08167577
9 17 0.03370688
9 19 0.063907154
10 26 0.028636012
10 28 0.74646914
10 24 0.072073095
10 31 8.708991
10 12 30.601986
10 9 17.12446
10 17 0.03054741
11 0 2000.0
11 30 1.0261431
11 8 0.92492765
11 18 9.5124655
11 13 1.1473076
11 33 1.5584114
11 29 1.7047318
11 5 3.733959
11 34 4.3663816
11 20 1.8269693
11 2 1.7480183
11 37 1.805692
11 7 2813.4092
11 27 1.1608226
11 16 1.7624025
11 25 1.158039
12 26 0.56993276
12 32 3.409893
12 10 30.601986
12 24 0.06829175
12 21 0.11290738
12 3 0.081329405
12 1 11.784369
13 30 150.47394
13 0 0.84186095
13 8 0.76903224
13 18 68.08296
13 33 1.0091152
13 11 1.1473076
13 29 0.955773
13 5 42.137203
13 34 133.33334
13 20 1.0263909
13 2 0.54099655
13 14 3.1094885
13 37 1.2938287
13 7 2000.0
13 27 0.39666432
13 16 44.917442
13 25 0.42397207
14 30 9.153357
14 20 16.082062
14 13 3.1094885
14 27 0.63224155
14 33 0.6889561
14 11 2000.0
14 25 4.856098
15 32 0.07798003
15 21 8.348722
16 30 1.158082
16 0 2000.0
16 8 1.8337135
16 18 1.1665556
16 13 44.917442
16 11 1.7624025
16 29 100.0
16 5 1.7394612
16 34 57.946392
16 20 30.108715
16 7 1.3400351
16 27 1.5016723
16 23 2.7938085
16 25 0.73762184
17 6 2.1720777
17 26 1.5821824
17 10 0.03054741
17 24 0.24358344
17 31 0.98288274
17 9 0.03370688
17 4 0.14708039
17 19 68.32439
18 0 2000.0
18 30 0.7350841
18 8 1.222783
18 13 68.08296
18 11 9.5124655
18 29 1.0387245
18 5 0.92392147
18 2 1.8698666
18 37 2.4288502
18 7 2000.0
18 27 10.361603
18 16 1.1665556
18 23 1.5336031
19 31 0.1025801
19 9 0.063907154
19 17 68.32439
19 4 0.067145206
20 0 2000.0
20 30 0.756737
20 13 1.0263909
20 33 1.3397558
20 11 1.8269693
20 29 16.776293
20 5 4.215863
20 34 1.0644041
20 2 2.6490386
20 14 16.082062
20 37 3.0184596
20 7 28.592918
20 27 1.274638
20 16 30.108715
20 25 1.2413503
21 26 2000.0
21 32 2000.0
21 24 1.5035506
21 35 0.035217218
21 31 2000.0
21 12 0.11290738
21 15 8.348722
22 31 2000.0
22 9 0.05134442
22 19 2000.0
23 0 2000.0
23 30 2.412333
23 8 1.2729136
23 2 17.12458
23 37 1.8270419
23 18 1.5336031
23 7 1.6828219
23 16 2.7938085
23 11 2000.0
23 29 1.3108863
23 5 4.337506
24 26 0.042876348
24 32 0.33188957
24 10 0.072073095
24 21 1.5035506
24 12 0.06829175
24 15 2000.0
24 17 0.24358344
25 0 8.820944
25 30 22.063885
25 13 0.42397207
25 33 0.4876956
25 11 1.158039
25 29 6.090047
25 34 1.7308985
25 20 1.2413503
25 2 1.027933
25 14 4.856098
25 37 65.86158
25 7 3.2655976
25 27 0.2998294
25 16 0.73762184
26 32 51.917202
26 28 0.05855882
26 10 0.028636012
26 24 0.042876348
26 31 0.12281531
26 12 0.56993276
26 17 1.5821824
27 30 0.20230062
27 0 2000.0
27 8 1.4989448
27 18 10.361603
27 13 0.39666432
27 33 0.7628552
27 11 1.1608226
27 29 0.5747408
27 5 2.7878816
27 34 0.94350475
27 20 1.274638
27 2 1.0867244
27 14 0.63224155
27 37 0.9553779
27 7 2000.0
27 16 1.5016723
27 25 0.2998294
28 36 0.045664433
28 26 0.05855882
28 10 0.74646914
28 3 10.958393
28 12 1200.3408
28 9 2.0282373
28 19 1367.8977
29 0 96.681175
29 30 0.9614459
29 8 0.6621591
29 18 1.0387245
29 13 0.955773
29 33 16.306559
29 11 1.7047318
29 5 4.6638064
29 34 8.162439
29 20 16.776293
29 2 1.0112383
29 37 0.996301
29 7 2000.0
29 27 0.5747408
29 16 100.0
29 23 1.3108863
29 25 6.090047
30 8 0.6062115
30 18 0.7350841
30 13 150.47394
30 33 13.601459
30 11 1.0261431
30 29 0.9614459
30 5 0.8778982
30 34 1.2343062
30 20 0.756737
30 2 26.561703
30 14 9.153357
30 37 25.94496
30 7 0.8352155
30 27 0.20230062
30 16 1.158082
30 23 2.412333
30 25 22.063885
31 26 0.12281531
31 6 0.16952549
31 10 8.708991
31 35 68.09545
31 22 2000.0
31 9 0.029349552
31 4 0.06775335
31 17 0.98288274
31 19 0.1025801
32 26 51.917202
32 24 0.33188957
32 12 3.409893
32 15 0.07798003
33 30 13.601459
33 8 2000.0
33 13 1.0091152
33 11 1.5584114
33 29 16.306559
33 5 2000.0
33 34 2000.0
33 20 1.3397558
33 2 1.6702354
33 14 0.6889561
33 7 2000.0
33 27 0.7628552
33 16 3017.898
33 25 0.4876956
34 30 1.2343062
34 20 1.0644041
34 8 29.049122
34 37 2000.0
34 7 360.00003
34 13 133.33334
34 27 0.94350475
34 16 57.946392
34 11 4.3663816
34 29 8.162439
34 25 1.7308985
34 5 6.1493225
35 21 0.035217218
35 31 68.09545
36 28 0.045664433
36 3 0.28767642
36 9 0.25326246
37 30 25.94496
37 0 1.8597538
37 8 1.4027206
37 18 2.4288502
37 13 1.2938287
37 11 1.805692
37 29 0.996301
37 5 22.3964
37 20 3.0184596
37 2 0.81587
37 7 100.0
37 27 0.9553779
37 16 2000.0
37 23 1.8270419
37 25 65.86158
