0 8 6.857063
0 2 0.612624
0 37 0.95086503
0 13 0.6695375
0 11 52.16019
0 29 12.895948
0 25 2000.0
1 3 0.28276515
1 12 36.363636
2 30 15.868865
2 0 0.612624
2 8 1.4394925
2 18 9.567505
2 13 0.21324395
2 33 2.1107304
2 11 0.7241041
2 29 0.73910314
2 20 0.8351439
2 37 0.7960853
2 27 0.25253373
2 23 30.36205
2 25 0.50162935
3 36 0.18572617
3 28 0.08798982
3 24 276.9231
3 12 0.07013912
3 1 0.28276515
3 9 0.44242427
4 31 0.07919441
4 9 0.07328374
4 17 0.11546635
4 19 0.086496204
5 30 0.97999346
5 8 0.43301046
5 18 0.4355511
5 13 120.277435
5 11 2.1675594
5 29 0.9558299
5 34 1.1726786
5 20 3.7348833
5 37 2000.0
5 7 12.290158
5 27 1.5005761
5 16 1.8068181
5 23 2.4989152
6 31 0.33682203
6 17 1.0740317
7 34 7.975325
7 30 0.8263817
7 20 1.5199597
7 8 36.44378
7 37 18.699425
7 27 114.28571
7 16 1.990279
7 11 7.4036565
7 23 0.98979276
7 25 5.0578513
7 5 12.290158
8 0 6.857063
8 30 0.88125277
8 18 0.88500947
8 13 2.638811
8 11 0.52510595
8 29 0.8606012
8 5 0.43301046
8 34 1.8407352
8 2 1.4394925
8 37 0.69756615
8 7 36.44378
8 27 1.1749316
8 16 1.2731386
8 23 0.8098541
9 36 2.1833065
9 28 1.84086
9 10 8.964324
9 22 0.23227781
9 31 0.030216845
9 3 0.44242427
9 17 0.0778409
9 4 0.07328374
9 19 0.074748516
10 26 0.034736767
10 28 0.17893499
10 24 0.05612455
10 31 0.030240899
10 12 6.0840774
10 9 8.964324
10 17 0.034893155
11 0 52.16019
11 30 0.35423455
11 8 0.52510595
11 18 8.736724
11 13 0.46299243
11 33 2.0202086
11 29 0.7030173
11 5 2.1675594
11 34 1.8590027
11 20 0.7148324
11 2 0.7241041
11 37 1.2809712
11 7 7.4036565
11 27 0.5326613
11 16 0.97352695
11 25 0.88598436
12 26 1.363416
12 28 3.9951417
12 32 0.2637746
12 10 6.0840774
12 24 0.07734364
12 21 0.103679866
12 3 0.07013912
12 1 36.363636
13 0 0.6695375
13 30 2.4333653
13 8 2.638811
13 18 142.33624
13 33 0.7506542
13 11 0.46299243
13 29 0.85171646
13 5 120.277435
13 34 5.848367
13 20 1.0317228
13 2 0.21324395
13 14 3.4191527
13 37 1.0443642
13 27 0.23362067
13 16 43.50856
13 25 0.35208532
14 20 1.3324095
14 13 3.4191527
14 27 3.4558887
14 33 0.45035028
14 11 2000.0
14 25 0.8517138
15 32 0.07679619
15 24 515.7895
15 21 0.83431417
16 30 1.5378455
16 0 2000.0
16 8 1.2731386
16 18 0.90247095
16 13 43.50856
16 11 0.97352695
16 29 18.57723
16 5 1.8068181
16 20 8.582714
16 37 26.634764
16 7 1.990279
16 27 2.7832246
16 23 6.8882003
16 25 1.0131965
17 26 3.3333333
17 6 1.0740317
17 10 0.034893155
17 24 0.21144061
17 31 1.9275075
17 9 0.0778409
17 4 0.11546635
17 19 2.0630932
18 30 0.69670886
18 2 9.567505
18 8 0.88500947
18 37 0.9409427
18 13 142.33624
18 7 2000.0
18 27 4.6925445
18 16 0.90247095
18 23 1.0063982
18 11 8.736724
18 29 0.96804816
18 5 0.4355511
19 31 0.098323196
19 9 0.074748516
19 17 2.0630932
19 4 0.086496204
20 30 10.365388
20 13 1.0317228
20 33 1.0065243
20 11 0.7148324
20 29 3.0964088
20 5 3.7348833
20 34 0.8654509
20 2 0.8351439
20 14 1.3324095
20 37 1.7984337
20 7 1.5199597
20 27 0.47464022
20 16 8.582714
20 25 0.50178045
21 32 2000.0
21 24 1.2390662
21 35 0.036764707
21 12 0.103679866
21 15 0.83431417
22 6 1289.375
22 31 48.040684
22 9 0.23227781
22 19 134.58221
23 0 2000.0
23 30 1.0923359
23 2 30.36205
23 8 0.8098541
23 37 1.0068245
23 18 1.0063982
23 7 0.98979276
23 16 6.8882003
23 11 2000.0
23 29 2.0259645
23 5 2.4989152
24 26 0.055446096
24 32 0.104080744
24 10 0.05612455
24 21 1.2390662
24 31 3.931514
24 12 0.07734364
24 3 276.9231
24 15 515.7895
24 17 0.21144061
25 30 0.7006316
25 13 0.35208532
25 33 0.31054598
25 11 0.88598436
25 29 1.378555
25 34 1.0157874
25 20 0.50178045
25 2 0.50162935
25 14 0.8517138
25 37 12.492914
25 7 5.0578513
25 27 0.35214433
25 16 1.0131965
26 32 24.197126
26 28 0.03454017
26 10 0.034736767
26 24 0.055446096
26 31 0.05092469
26 12 1.363416
26 17 3.3333333
27 0 2000.0
27 30 0.1570008
27 8 1.1749316
27 18 4.6925445
27 13 0.23362067
27 33 1.1551893
27 11 0.5326613
27 29 0.47401115
27 5 1.5005761
27 34 0.8301331
27 20 0.47464022
27 2 0.25253373
27 14 3.4558887
27 37 0.7879702
27 7 114.28571
27 16 2.7832246
27 25 0.35214433
28 36 0.03319343
28 26 0.03454017
28 10 0.17893499
28 3 0.08798982
28 12 3.9951417
28 9 1.84086
29 0 12.895948
29 30 4.8516903
29 8 0.8606012
29 18 0.96804816
29 13 0.85171646
29 11 0.7030173
29 5 0.9558299
29 34 10.240759
29 20 3.0964088
29 2 0.73910314
29 37 1.2955273
29 7 2000.0
29 27 0.47401115
29 16 18.57723
29 23 2.0259645
29 25 1.378555
30 0 2000.0
30 8 0.88125277
30 18 0.69670886
30 13 2.4333653
30 33 1.8146787
30 11 0.35423455
30 29 4.8516903
30 5 0.97999346
30 34 0.90743923
30 20 10.365388
30 2 15.868865
30 37 6.1318593
30 7 0.8263817
30 27 0.1570008
30 16 1.5378455
30 23 1.0923359
30 25 0.7006316
31 26 0.05092469
31 6 0.33682203
31 10 0.030240899
31 24 3.931514
31 22 48.040684
31 9 0.030216845
31 17 1.9275075
31 4 0.07919441
31 19 0.098323196
32 26 24.197126
32 24 0.104080744
32 12 0.2637746
32 15 0.07679619
33 34 2000.0
33 30 1.8146787
33 20 1.0065243
33 2 2.1107304
33 14 0.45035028
33 7 2000.0
33 13 0.7506542
33 27 1.1551893
33 16 2020.4546
33 11 2.0202086
33 29 4910.5117
33 25 0.31054598
34 30 0.90743923
34 20 0.8654509
34 8 1.8407352
34 13 5.848367
34 7 7.975325
34 27 0.8301331
34 16 1215.0568
34 11 1.8590027
34 25 1.0157874
34 29 10.240759
34 5 1.1726786
35 21 0.036764707
36 26 1522.0455
36 28 0.03319343
36 3 0.18572617
36 9 2.1833065
37 30 6.1318593
37 0 0.95086503
37 8 0.69756615
37 18 0.9409427
37 13 1.0443642
37 11 1.2809712
37 29 1.2955273
37 20 1.7984337
37 2 0.7960853
37 7 18.699425
37 27 0.7879702
37 16 26.634764
37 23 1.0068245
37 25 12.492914
