0 2 0.73922557
0 8 800.0
0 37 1.4176359
0 13 0.5826931
0 29 8.04158
0 25 63.743282
1 3 1.4508939
1 12 33.658283
2 30 17.753136
2 0 0.73922557
2 8 1.1221817
2 18 2.3573472
2 13 0.6113513
2 33 1.8932492
2 11 1.6235678
2 29 0.83239484
2 20 3.0530994
2 37 0.9168818
2 27 692.89777
2 16 2000.0
2 23 5.564756
2 25 0.4157504
3 36 0.62022734
3 28 32.13433
3 24 2000.0
3 12 0.08481762
3 1 1.4508939
3 9 0.7685206
4 31 0.07623558
4 9 0.088858046
4 17 0.1611582
4 19 0.06803066
5 30 0.5184293
5 8 1.6053823
5 18 0.9776435
5 13 39.978397
5 11 1.4523451
5 29 4.7180467
5 34 3.1238384
5 20 5.5001745
5 37 33.95798
5 7 14.465818
5 27 779.5454
5 16 1.51322
5 23 3.4569497
5 25 2000.0
6 31 0.1334341
6 17 3.0568948
7 30 0.77577907
7 20 20.34375
7 8 17.812815
7 33 234.40102
7 16 1.15625
7 23 1.472243
7 25 1.5520716
7 5 14.465818
8 0 800.0
8 30 0.52952224
8 18 1.1022329
8 13 2.350813
8 11 0.9915593
8 29 0.56822836
8 5 1.6053823
8 34 59.08346
8 2 1.1221817
8 37 1.5258623
8 7 17.812815
8 27 1067.7273
8 16 1.497747
8 23 1.0973854
8 25 2000.0
9 36 0.99474424
9 26 2000.0
9 28 1.0575534
9 10 16.286036
9 22 0.048444975
9 31 0.029259413
9 3 0.7685206
9 4 0.088858046
9 17 0.035634898
9 19 0.086355954
10 26 35.795452
10 28 0.5317652
10 24 0.086945504
10 31 7.018845
10 12 110.05416
10 9 16.286036
10 17 0.030910924
11 0 2000.0
11 30 0.7257101
11 8 0.9915593
11 18 7.8085446
11 13 1.5314443
11 33 1.5569772
11 29 1.4159995
11 5 1.4523451
11 34 1.9614239
11 20 1.1889744
11 2 1.6235678
11 37 1.463407
11 7 1076.1932
11 27 692.89777
11 16 1.2605712
11 25 0.60113037
12 26 2000.0
12 32 3.5972729
12 10 110.05416
12 24 0.07559542
12 21 0.12335977
12 3 0.08481762
12 1 33.658283
13 30 42.981018
13 0 0.5826931
13 8 2.350813
13 18 16.452414
13 33 1.273911
13 11 1.5314443
13 29 0.78667325
13 5 39.978397
13 34 159.12831
13 20 1.3586047
13 2 0.6113513
13 14 2.589256
13 37 0.8635676
13 7 2000.0
13 27 150.96591
13 16 77.09827
13 25 0.29333216
14 30 12.730426
14 20 9.108384
14 13 2.589256
14 27 5234.1475
14 33 0.5573207
14 11 2000.0
14 25 1.4604939
15 32 0.076115415
15 21 12.457963
16 34 46.03112
16 30 1.1208807
16 20 89.778915
16 8 1.497747
16 18 1.1389772
16 13 77.09827
16 7 1.15625
16 27 1119.8296
16 11 1.2605712
16 23 3.4759443
16 25 1.2310723
16 5 1.51322
17 6 3.0568948
17 26 1034.8864
17 10 0.030910924
17 24 0.052528463
17 31 0.98319286
17 9 0.035634898
17 4 0.1611582
17 19 45.267048
18 0 2000.0
18 30 0.6039869
18 8 1.1022329
18 2 2.3573472
18 37 2.6285896
18 13 16.452414
18 27 2000.0
18 16 1.1389772
18 11 7.8085446
18 23 1.3412443
18 29 0.6964312
18 5 0.9776435
19 28 41.0159
19 31 0.08404509
19 9 0.086355954
19 4 0.06803066
19 17 45.267048
20 30 3.1333358
20 8 2000.0
20 13 1.3586047
20 33 0.8992591
20 11 1.1889744
20 29 9.458148
20 5 5.5001745
20 34 1.2481419
20 2 3.0530994
20 14 9.108384
20 37 2.8080041
20 7 20.34375
20 27 957.6705
20 16 89.778915
20 25 0.5229448
21 26 2000.0
21 32 2000.0
21 10 2000.0
21 24 0.49024898
21 35 0.03770934
21 31 2000.0
21 12 0.12335977
21 15 12.457963
22 31 73.05341
22 9 0.048444975
22 19 2000.0
23 0 2000.0
23 30 2.4602218
23 8 1.0973854
23 2 5.564756
23 37 2.028612
23 18 1.3412443
23 7 1.472243
23 16 3.4759443
23 11 2000.0
23 29 2.2964513
23 5 3.4569497
24 26 37.045452
24 32 0.27301434
24 10 0.086945504
24 21 0.49024898
24 12 0.07559542
24 17 0.052528463
25 30 21.236422
25 0 63.743282
25 13 0.29333216
25 33 0.6245956
25 11 0.60113037
25 29 1.5614849
25 34 4.302936
25 20 0.5229448
25 2 0.4157504
25 14 1.4604939
25 37 116.46618
25 7 1.5520716
25 27 229.14774
25 16 1.2310723
28 36 0.030332081
28 26 51.81818
28 10 0.5317652
28 3 32.13433
28 12 1404.7727
28 9 1.0575534
28 19 41.0159
29 0 8.04158
29 30 1.1288443
29 8 0.56822836
29 18 0.6964312
29 13 0.78667325
29 33 11.475844
29 11 1.4159995
29 5 4.7180467
29 34 2.0179424
29 20 9.458148
29 2 0.83239484
29 37 0.6886045
29 7 2000.0
29 27 1898.9204
29 16 2000.0
29 23 2.2964513
29 25 1.5614849
30 8 0.52952224
30 18 0.6039869
30 13 42.981018
30 33 11.175344
30 11 0.7257101
30 29 1.1288443
30 5 0.5184293
30 34 0.8743347
30 20 3.1333358
30 2 17.753136
30 14 12.730426
30 37 10.124911
30 7 0.77577907
30 27 147.78409
30 16 1.1208807
30 23 2.4602218
30 25 21.236422
31 26 2000.0
31 6 0.1334341
31 10 7.018845
31 35 25.687777
31 22 73.05341
31 9 0.029259413
31 4 0.07623558
31 17 0.98319286
31 19 0.08404509
32 26 2000.0
32 24 0.27301434
32 12 3.5972729
32 15 0.076115415
33 30 11.175344
33 8 2000.0
33 13 1.273911
33 11 1.5569772
33 29 11.475844
33 5 2000.0
33 34 2000.0
33 20 0.8992591
33 2 1.8932492
33 14 0.5573207
33 7 234.40102
33 27 698.2386
33 16 2619.6023
33 25 0.6245956
34 30 0.8743347
34 20 1.2481419
34 8 59.08346
34 37 2000.0
34 7 4275.341
34 13 159.12831
34 27 716.8182
34 16 46.03112
34 11 1.9614239
34 29 2.0179424
34 25 4.302936
34 5 3.1238384
35 21 0.03770934
35 31 25.687777
36 28 0.030332081
36 3 0.62022734
36 9 0.99474424
37 30 10.124911
37 0 1.4176359
37 8 1.5258623
37 18 2.6285896
37 13 0.8635676
37 11 1.463407
37 29 0.6886045
37 5 33.95798
37 20 2.8080041
37 2 0.9168818
37 7 1960.7954
37 27 725.7955
37 16 2000.0
37 23 2.028612
37 25 116.46618
