0 8 11.46968
0 2 0.8577762
0 37 1.2083486
0 13 0.8596409
0 11 54.198154
0 29 8.800515
0 25 900.00006
1 3 0.25435153
1 12 1299.9432
2 30 16.855867
2 0 0.8577762
2 8 1.139074
2 18 9.008182
2 13 0.61734885
2 33 3.459596
2 11 1.5083587
2 29 0.947096
2 20 3.192421
2 37 1.0793853
2 27 0.6257387
2 23 34.40223
2 25 2.4202557
3 36 0.22331901
3 28 0.089210935
3 24 2000.0
3 12 0.08109217
3 1 0.25435153
3 9 0.20258799
4 31 0.06771262
4 9 0.065888494
4 17 0.07493813
4 19 0.07839281
5 30 1.1322933
5 8 0.81061924
5 18 0.6874502
5 13 2000.0
5 11 2.1764975
5 29 2.3135753
5 34 2.635484
5 20 3.6049294
5 37 2000.0
5 7 6.780405
5 27 3.2524235
5 16 1.496145
5 23 8.623343
6 24 2000.0
6 22 158.51663
6 31 1.3195894
6 17 1.9058229
7 34 6.4571896
7 30 0.7287318
7 20 1.4762454
7 8 46.03914
7 37 22.047176
7 27 59.25926
7 16 2.338292
7 11 4.5583115
7 23 1.1402692
7 25 10.940908
7 5 6.780405
8 0 11.46968
8 30 0.6344911
8 18 0.8528042
8 13 2.760734
8 11 0.50135225
8 29 0.68969476
8 5 0.81061924
8 34 9.41379
8 2 1.139074
8 37 1.398074
8 7 46.03914
8 27 1.217726
8 16 1.6427609
8 23 0.80059767
9 36 1.1821628
9 26 2000.0
9 28 2.6863637
9 10 2.7409546
9 22 0.120800406
9 31 0.029683217
9 3 0.20258799
9 17 0.043065935
9 4 0.065888494
9 19 0.065371454
10 26 0.04710977
10 28 0.27216777
10 24 0.06416442
10 31 0.038347766
10 12 2.577153
10 9 2.7409546
10 17 0.030323064
11 0 54.198154
11 30 0.24062449
11 8 0.50135225
11 18 3.2026155
11 13 0.44164708
11 33 3.089927
11 29 1.2126781
11 5 2.1764975
11 34 4.3038597
11 20 0.7665774
11 2 1.5083587
11 37 1.2111732
11 7 4.5583115
11 27 0.41055912
11 16 1.011464
11 25 0.781015
12 26 1.8333778
12 28 5.7826934
12 32 0.27822396
12 10 2.577153
12 24 0.06295814
12 21 0.07094436
12 3 0.08109217
13 30 2.257062
13 0 0.8596409
13 8 2.760734
13 18 714.28577
13 33 0.8391814
13 11 0.44164708
13 29 0.7875141
13 34 14.170229
13 20 0.58859724
13 2 0.61734885
13 14 1.9261198
13 37 4.046515
13 27 0.26188308
13 16 11964.773
13 25 0.45826498
14 34 2000.0
14 20 0.8640834
14 13 1.9261198
14 33 0.37849295
14 27 2.9311347
14 11 2000.0
14 25 2.139693
15 32 0.07967983
15 21 1.4909788
16 30 2.0008004
16 0 2000.0
16 8 1.6427609
16 18 0.8027882
16 11 1.011464
16 29 371.3932
16 5 1.496145
16 20 10.714821
16 37 57.95668
16 7 2.338292
16 27 3.162306
16 23 8.020609
16 25 1.1509856
17 26 2.2880323
17 6 1.9058229
17 10 0.030323064
17 24 0.28118724
17 31 2.6497085
17 9 0.043065935
17 4 0.07493813
17 19 1.4615669
18 30 0.669593
18 0 2000.0
18 8 0.8528042
18 13 714.28577
18 11 3.2026155
18 29 0.9931593
18 5 0.6874502
18 2 9.008182
18 37 1.2993883
18 7 2000.0
18 27 4.4218755
18 16 0.8027882
18 23 1.2164681
19 31 0.06625281
19 9 0.065371454
19 17 1.4615669
19 4 0.07839281
20 30 10.09644
20 13 0.58859724
20 33 0.9815723
20 11 0.7665774
20 29 4.0531526
20 5 3.6049294
20 34 0.8435953
20 2 3.192421
20 14 0.8640834
20 37 1.7935144
20 7 1.4762454
20 27 0.49617133
20 16 10.714821
20 25 0.43950066
21 24 0.082283236
21 35 0.051592454
21 12 0.07094436
21 15 1.4909788
22 6 158.51663
22 31 1199.8864
22 9 0.120800406
22 19 1329.8296
23 0 2000.0
23 30 0.86932373
23 2 34.40223
23 8 0.80059767
23 37 1.7724713
23 18 1.2164681
23 7 1.1402692
23 16 8.020609
23 11 2000.0
23 29 2.6643286
23 5 8.623343
24 26 0.052423913
24 32 0.13410892
24 10 0.06416442
24 21 0.082283236
24 31 16.847906
24 12 0.06295814
24 15 2000.0
24 17 0.28118724
25 0 900.00006
25 30 3.5155425
25 13 0.45826498
25 33 0.39573398
25 11 0.781015
25 29 2.3534093
25 34 3.1036835
25 20 0.43950066
25 2 2.4202557
25 14 2.139693
25 37 22.598652
25 7 10.940908
25 27 0.7180663
25 16 1.1509856
26 36 43.650005
26 32 26.101068
26 28 0.036420453
26 10 0.04710977
26 24 0.052423913
26 31 0.0865878
26 12 1.8333778
26 17 2.2880323
27 0 2000.0
27 30 0.1757342
27 8 1.217726
27 18 4.4218755
27 13 0.26188308
27 33 1.0163614
27 11 0.41055912
27 29 0.61516696
27 5 3.2524235
27 34 1.1644002
27 20 0.49617133
27 2 0.6257387
27 14 2.9311347
27 37 3.8809586
27 7 59.25926
27 16 3.162306
27 25 0.7180663
28 36 0.048296954
28 26 0.036420453
28 10 0.27216777
28 3 0.089210935
28 12 5.7826934
28 9 2.6863637
29 0 8.800515
29 30 4.6087785
29 8 0.68969476
29 18 0.9931593
29 13 0.7875141
29 11 1.2126781
29 5 2.3135753
29 34 10.521637
29 20 4.0531526
29 2 0.947096
29 37 2.1985946
29 7 2000.0
29 27 0.61516696
29 16 371.3932
29 23 2.6643286
29 25 2.3534093
30 0 2000.0
30 8 0.6344911
30 18 0.669593
30 13 2.257062
30 33 4.9983654
30 11 0.24062449
30 29 4.6087785
30 5 1.1322933
30 34 1.6998799
30 20 10.09644
30 2 16.855867
30 14 2000.0
30 37 5.5265737
30 7 0.7287318
30 27 0.1757342
30 16 2.0008004
30 23 0.86932373
30 25 3.5155425
31 26 0.0865878
31 6 1.3195894
31 10 0.038347766
31 24 16.847906
31 9 0.029683217
31 17 2.6497085
31 4 0.06771262
31 19 0.06625281
32 26 26.101068
32 24 0.13410892
32 12 0.27822396
32 15 0.07967983
33 34 2000.0
33 30 4.9983654
33 20 0.9815723
33 2 3.459596
33 14 0.37849295
33 7 2000.0
33 13 0.8391814
33 27 1.0163614
33 16 1998.8635
33 11 3.089927
33 29 3275.3408
33 25 0.39573398
34 30 1.6998799
34 20 0.8435953
34 8 9.41379
34 7 6.4571896
34 13 14.170229
34 27 1.1644002
34 16 5535.0566
34 11 4.3038597
34 25 3.1036835
34 29 10.521637
34 5 2.635484
35 21 0.051592454
36 26 43.650005
36 28 0.048296954
36 3 0.22331901
36 9 1.1821628
37 30 5.5265737
37 0 1.2083486
37 8 1.398074
37 18 1.2993883
37 13 4.046515
37 11 1.2111732
37 29 2.1985946
37 20 1.7935144
37 2 1.0793853
37 7 22.047176
37 27 3.8809586
37 16 57.95668
37 23 1.7724713
37 25 22.598652
