0 2 0.79883987
0 37 1.6585252
0 13 0.6517825
0 29 24.810535
0 25 7.637777
1 3 0.7054102
1 12 8.894934
2 30 15.566599
2 0 0.79883987
2 8 1.1074489
2 18 1.895983
2 13 0.5212483
2 33 1.5263965
2 11 2.0995793
2 29 1.2554251
2 20 2.3702676
2 37 0.7727841
2 27 0.70135313
2 16 2000.0
2 23 6.289831
2 25 0.3950522
3 36 0.49523288
3 28 15.242208
3 24 450.00003
3 12 0.05156239
3 1 0.7054102
3 9 0.6004284
4 31 0.073629156
4 9 0.11001775
4 17 0.1664777
4 19 0.06624797
5 30 0.63567436
5 8 0.63479877
5 18 1.367484
5 13 29.456427
5 11 1.3187994
5 29 3.5161324
5 34 6.6883187
5 20 1.4231937
5 37 13.939117
5 7 12.973704
5 27 1.3684115
5 16 2.6774726
5 23 2.9307215
6 31 0.21055989
6 17 2.2176776
7 34 2000.0
7 30 1.3432674
7 20 85.48183
7 8 7.0550714
7 16 1.3296152
7 23 1.8712032
7 11 56.428795
7 25 2.183465
7 29 2000.0
7 5 12.973704
8 0 2000.0
8 30 0.32848144
8 18 1.3387554
8 13 1.1151752
8 11 0.9002001
8 29 0.29901773
8 5 0.63479877
8 34 44.703506
8 2 1.1074489
8 37 0.91501755
8 7 7.0550714
8 27 0.769328
8 16 2.3145292
8 23 0.81758237
8 25 2000.0
9 36 0.51852447
9 28 1.8426275
9 10 11.870554
9 22 0.0696099
9 31 0.03531612
9 3 0.6004284
9 4 0.11001775
9 17 0.032032784
9 19 0.068539225
10 26 0.040128514
10 28 0.20692816
10 24 0.10818452
10 31 14.216162
10 12 100.0
10 9 11.870554
10 17 0.030984238
11 0 2000.0
11 30 0.7544259
11 8 0.9002001
11 18 8.335647
11 13 0.87797505
11 33 2.077144
11 29 1.0651538
11 5 1.3187994
11 34 1.9490608
11 20 1.2067324
11 2 2.0995793
11 37 1.3024039
11 7 56.428795
11 27 0.72588766
11 16 0.95681113
11 25 0.7682486
12 26 1.3966254
12 32 1.9851137
12 10 100.0
12 24 0.077428386
12 21 0.20274898
12 3 0.05156239
12 1 8.894934
13 30 41.718285
13 0 0.6517825
13 8 1.1151752
13 18 240.54314
13 33 1.0602851
13 11 0.87797505
13 29 0.7471936
13 5 29.456427
13 34 1004.983
13 20 0.94213724
13 2 0.5212483
13 14 4.36696
13 37 1.2186167
13 7 2000.0
13 27 0.23361854
13 16 21.444466
13 25 0.2571295
14 30 6.508566
14 20 1.7461407
14 13 4.36696
14 27 2.84459
14 33 0.7195549
14 25 5.5946927
15 32 0.0713301
15 21 1.484855
15 12 2000.0
16 30 1.1649629
16 0 2000.0
16 8 2.3145292
16 18 1.5670384
16 13 21.444466
16 11 0.95681113
16 29 355.74408
16 5 2.6774726
16 34 37.503937
16 20 15.361581
16 7 1.3296152
16 27 1.4206061
16 23 2.8445299
16 25 1.0876758
17 6 2.2176776
17 26 1.4176027
17 10 0.030984238
17 24 0.0825929
17 31 1.0034521
17 9 0.032032784
17 4 0.1664777
17 19 89.71187
18 0 2000.0
18 30 0.6353956
18 8 1.3387554
18 13 240.54314
18 11 8.335647
18 29 1.3443849
18 5 1.367484
18 2 1.895983
18 37 2.3569446
18 7 2000.0
18 27 12.160909
18 16 1.5670384
18 23 0.96025485
19 28 168.38795
19 31 0.07494233
19 9 0.068539225
19 17 89.71187
19 4 0.06624797
20 30 0.8960902
20 13 0.94213724
20 33 0.95636785
20 11 1.2067324
20 29 6.838965
20 5 1.4231937
20 34 0.84331435
20 2 2.3702676
20 14 1.7461407
20 37 2.9874053
20 7 85.48183
20 27 1.7808093
20 16 15.361581
20 25 0.43357024
21 24 1.0485364
21 35 0.04100073
21 12 0.20274898
21 15 1.484855
22 31 132.7042
22 9 0.0696099
22 19 2000.0
23 0 2000.0
23 30 2.5062823
23 8 0.81758237
23 2 6.289831
23 37 1.49975
23 18 0.96025485
23 7 1.8712032
23 16 2.8445299
23 11 2000.0
23 29 0.92839557
23 5 2.9307215
24 26 0.036073975
24 32 0.24714144
24 10 0.10818452
24 21 1.0485364
24 12 0.077428386
24 3 450.00003
24 15 2000.0
24 17 0.0825929
25 30 21.130064
25 0 7.637777
25 13 0.2571295
25 33 0.54285604
25 11 0.7682486
25 29 1.7666693
25 34 1.8746668
25 20 0.43357024
25 2 0.3950522
25 14 5.5946927
25 37 272.42084
25 7 2.183465
25 27 0.28761655
25 16 1.0876758
26 32 15.518938
26 28 0.089505345
26 10 0.040128514
26 24 0.036073975
26 31 0.17944026
26 12 1.3966254
26 17 1.4176027
27 30 0.28889918
27 0 2000.0
27 8 0.769328
27 18 12.160909
27 13 0.23361854
27 33 0.67345554
27 11 0.72588766
27 29 0.7684033
27 5 1.3684115
27 34 1.0888778
27 20 1.7808093
27 2 0.70135313
27 14 2.84459
27 37 1.1279402
27 7 4402.386
27 16 1.4206061
27 25 0.28761655
28 36 0.031782147
28 26 0.089505345
28 10 0.20692816
28 3 15.242208
28 12 1193.8636
28 9 1.8426275
28 19 168.38795
29 0 24.810535
29 30 0.4381534
29 8 0.29901773
29 18 1.3443849
29 13 0.7471936
29 33 5.6462903
29 11 1.0651538
29 5 3.5161324
29 34 5.9412727
29 20 6.838965
29 2 1.2554251
29 37 0.79045457
29 7 2000.0
29 27 0.7684033
29 16 355.74408
29 23 0.92839557
29 25 1.7666693
30 8 0.32848144
30 18 0.6353956
30 13 41.718285
30 33 9.33642
30 11 0.7544259
30 29 0.4381534
30 5 0.63567436
30 34 1.1747526
30 20 0.8960902
30 2 15.566599
30 14 6.508566
30 37 16.988424
30 7 1.3432674
30 27 0.28889918
30 16 1.1649629
30 23 2.5062823
30 25 21.130064
31 26 0.17944026
31 6 0.21055989
31 10 14.216162
31 35 1161.6951
31 22 132.7042
31 9 0.03531612
31 4 0.073629156
31 17 1.0034521
31 19 0.07494233
32 26 15.518938
32 24 0.24714144
32 12 1.9851137
32 15 0.0713301
33 30 9.33642
33 8 2000.0
33 13 1.0602851
33 11 2.077144
33 29 5.6462903
33 34 2000.0
33 20 0.95636785
33 2 1.5263965
33 14 0.7195549
33 7 2000.0
33 27 0.67345554
33 16 3017.898
33 25 0.54285604
34 30 1.1747526
34 20 0.84331435
34 8 44.703506
34 37 2000.0
34 7 2000.0
34 13 1004.983
34 27 1.0888778
34 16 37.503937
34 11 1.9490608
34 29 5.9412727
34 25 1.8746668
34 5 6.6883187
35 21 0.04100073
35 31 1161.6951
36 28 0.031782147
36 3 0.49523288
36 9 0.51852447
37 30 16.988424
37 0 1.6585252
37 8 0.91501755
37 18 2.3569446
37 13 1.2186167
37 11 1.3024039
37 29 0.79045457
37 5 13.939117
37 20 2.9874053
37 2 0.7727841
37 7 3140.6006
37 27 1.1279402
37 16 2000.0
37 23 1.49975
37 25 272.42084
