0 8 6.599026
0 2 0.6981569
0 37 0.6517534
0 13 0.7821322
0 11 12.828506
0 29 12.444349
1 3 0.23007576
1 12 1211.9319
2 30 7.165754
2 0 0.6981569
2 8 0.919968
2 18 24.04514
2 13 0.33027697
2 33 1.25694
2 11 0.96784043
2 29 0.73189205
2 20 1.1383051
2 37 0.6622212
2 27 0.45507076
2 16 2000.0
2 23 14.193282
2 25 0.64100057
3 36 0.60284096
3 28 0.09377991
3 24 800.0
3 12 0.063329
3 1 0.23007576
3 9 0.29355296
4 31 0.08421346
4 9 0.067692235
4 17 0.08651548
4 19 0.081665605
5 30 1.1530799
5 8 0.5488171
5 18 0.37101087
5 13 239.84851
5 11 4.2103734
5 29 3.2764895
5 34 0.5688581
5 20 2.9228785
5 37 2000.0
5 7 4.9788537
5 27 1.9383143
5 16 3.8707547
5 23 7.0594983
6 31 0.33418113
6 17 0.78556603
7 34 9.933848
7 30 0.899006
7 20 1.4250789
7 8 30.852924
7 37 26.89247
7 16 0.9549356
7 11 9.519126
7 23 0.90260774
7 25 5.906421
7 5 4.9788537
8 0 6.599026
8 30 0.525174
8 18 0.8580196
8 13 1.5449169
8 11 1.4439834
8 29 0.6773601
8 5 0.5488171
8 34 3.785756
8 2 0.919968
8 37 0.8032103
8 7 30.852924
8 27 1.6889151
8 16 1.2870663
8 23 0.83068186
9 36 1.6096591
9 26 2000.0
9 28 1.3887031
9 10 9.536847
9 22 0.13776675
9 31 0.029344155
9 3 0.29355296
9 17 0.07673344
9 4 0.067692235
9 19 0.066090584
10 26 0.0320231
10 28 0.240035
10 24 0.05164447
10 31 0.03515151
10 12 6.790742
10 9 9.536847
10 17 0.046385996
11 0 12.828506
11 30 0.47227743
11 8 1.4439834
11 18 5.221856
11 13 0.47374612
11 33 1.5800638
11 29 0.9366612
11 5 4.2103734
11 34 2.15468
11 20 0.6486713
11 2 0.96784043
11 37 1.143461
11 7 9.519126
11 27 0.56699026
11 16 0.7470815
11 25 0.8933959
12 26 1.231878
12 28 6.778289
12 32 0.2516101
12 10 6.790742
12 24 0.076066025
12 21 0.10486398
12 3 0.063329
13 0 0.7821322
13 30 1.7921401
13 8 1.5449169
13 18 66.66667
13 33 0.7686438
13 11 0.47374612
13 29 1.0440933
13 5 239.84851
13 34 13.551017
13 20 0.42236435
13 2 0.33027697
13 14 2.9177399
13 37 1.174646
13 27 0.6082108
13 16 34.465126
13 25 0.5017944
14 20 1.4459502
14 13 2.9177399
14 27 3.243724
14 33 0.4038765
14 11 2000.0
14 25 2.355359
15 32 0.07543464
15 21 1.0410663
16 30 1.1398389
16 0 2000.0
16 8 1.2870663
16 18 0.9714734
16 13 34.465126
16 11 0.7470815
16 29 17.9066
16 5 3.8707547
16 20 4.676969
16 37 10.442634
16 7 0.9549356
16 27 1.3152981
16 23 5.9063168
16 25 0.9886526
17 26 2.1007447
17 6 0.78556603
17 10 0.046385996
17 24 0.41600338
17 31 1.3866849
17 9 0.07673344
17 4 0.08651548
17 19 2.8562036
18 30 0.69401735
18 2 24.04514
18 8 0.8580196
18 37 1.0549834
18 7 2000.0
18 13 66.66667
18 27 3.1472769
18 16 0.9714734
18 23 1.2590531
18 11 5.221856
18 29 1.3825364
18 5 0.37101087
19 31 0.08241914
19 9 0.066090584
19 17 2.8562036
19 4 0.081665605
20 30 28.798147
20 13 0.42236435
20 33 1.5051373
20 11 0.6486713
20 29 6.5611367
20 5 2.9228785
20 34 0.79900813
20 2 1.1383051
20 14 1.4459502
20 37 1.6347393
20 7 1.4250789
20 27 0.9844088
20 16 4.676969
20 25 0.6695397
21 26 2000.0
21 32 2000.0
21 10 2000.0
21 24 1.0798545
21 35 0.046287004
21 12 0.10486398
21 15 1.0410663
22 6 1301.3069
22 31 1246.1364
22 9 0.13776675
22 19 1318.8068
23 0 2000.0
23 30 1.0362035
23 2 14.193282
23 8 0.83068186
23 37 1.8254238
23 18 1.2590531
23 7 0.90260774
23 16 5.9063168
23 11 2000.0
23 29 4.5661025
23 5 7.0594983
24 26 0.08024085
24 32 0.11354813
24 10 0.05164447
24 21 1.0798545
24 31 7.5245037
24 3 800.0
24 12 0.076066025
24 15 2000.0
24 17 0.41600338
25 30 0.5974291
25 13 0.5017944
25 33 0.29177862
25 11 0.8933959
25 29 3.9673033
25 34 1.5158029
25 20 0.6695397
25 2 0.64100057
25 14 2.355359
25 37 35.166195
25 7 5.906421
25 27 0.66503686
25 16 0.9886526
26 36 200.0
26 32 40.0
26 28 0.038610958
26 10 0.0320231
26 24 0.08024085
26 31 0.05517242
26 12 1.231878
26 17 2.1007447
27 0 2000.0
27 30 0.20334168
27 8 1.6889151
27 18 3.1472769
27 13 0.6082108
27 33 0.88078314
27 11 0.56699026
27 29 0.7217059
27 5 1.9383143
27 34 1.2082518
27 20 0.9844088
27 2 0.45507076
27 14 3.243724
27 37 0.7959993
27 7 3698.9773
27 16 1.3152981
27 25 0.66503686
28 36 0.036213785
28 26 0.038610958
28 10 0.240035
28 3 0.09377991
28 12 6.778289
28 9 1.3887031
29 0 12.444349
29 30 5.0860577
29 8 0.6773601
29 18 1.3825364
29 13 1.0440933
29 11 0.9366612
29 5 3.2764895
29 34 4.6073456
29 20 6.5611367
29 2 0.73189205
29 37 0.9198565
29 7 2000.0
29 27 0.7217059
29 16 17.9066
29 23 4.5661025
29 25 3.9673033
30 0 2000.0
30 8 0.525174
30 18 0.69401735
30 13 1.7921401
30 33 3.1033998
30 11 0.47227743
30 29 5.0860577
30 5 1.1530799
30 34 2.5051365
30 20 28.798147
30 2 7.165754
30 37 8.173044
30 7 0.899006
30 27 0.20334168
30 16 1.1398389
30 23 1.0362035
30 25 0.5974291
31 26 0.05517242
31 6 0.33418113
31 10 0.03515151
31 24 7.5245037
31 9 0.029344155
31 17 1.3866849
31 4 0.08421346
31 19 0.08241914
32 26 40.0
32 24 0.11354813
32 12 0.2516101
32 15 0.07543464
33 30 3.1033998
33 8 2000.0
33 13 0.7686438
33 11 1.5800638
33 29 2580.5112
33 34 2000.0
33 20 1.5051373
33 2 1.25694
33 14 0.4038765
33 7 2000.0
33 27 0.88078314
33 16 2020.4546
33 25 0.29177862
34 30 2.5051365
34 20 0.79900813
34 8 3.785756
34 13 13.551017
34 7 9.933848
34 27 1.2082518
34 16 1215.0568
34 11 2.15468
34 25 1.5158029
34 29 4.6073456
34 5 0.5688581
35 21 0.046287004
36 26 200.0
36 28 0.036213785
36 3 0.60284096
36 9 1.6096591
37 30 8.173044
37 0 0.6517534
37 8 0.8032103
37 18 1.0549834
37 13 1.174646
37 11 1.143461
37 29 0.9198565
37 20 1.6347393
37 2 0.6622212
37 7 26.89247
37 27 0.7959993
37 16 10.442634
37 23 1.8254238
37 25 35.166195
