0 8 3.3693178
0 2 0.7227173
0 37 0.71176344
0 13 0.88054603
0 11 7.0004735
0 29 7.473756
1 3 0.31935605
1 12 72.754555
2 30 7.978693
2 0 0.7227173
2 8 1.1479675
2 18 10.409893
2 13 0.37388054
2 33 1.9975551
2 11 0.92662233
2 29 0.65366906
2 20 2.033343
2 37 0.6650797
2 27 0.58245695
2 16 2000.0
2 23 46.449165
2 25 1.8395088
3 36 0.23508589
3 28 0.08930377
3 24 2000.0
3 12 0.05560558
3 1 0.31935605
3 9 0.46224323
4 31 0.08054786
4 9 0.0736533
4 17 0.076635964
4 19 0.09042475
5 30 1.2180398
5 8 0.47691277
5 18 0.4572901
5 13 585.53345
5 11 3.4909298
5 29 2.397264
5 34 1.4218868
5 20 4.267399
5 37 2000.0
5 7 9.691984
5 27 2.7399352
5 16 2.104062
5 23 4.0997753
6 31 0.20280035
6 17 1.0470519
7 34 6.7394185
7 30 0.7180627
7 20 1.0213044
7 8 21.278337
7 37 19.063078
7 27 112.50001
7 16 0.9652637
7 11 6.5552244
7 23 0.9600437
7 25 4.440388
7 5 9.691984
8 0 3.3693178
8 30 0.592059
8 18 0.78947234
8 13 4.0831
8 11 0.82833946
8 29 0.65165085
8 5 0.47691277
8 34 2.7314503
8 2 1.1479675
8 37 0.82322854
8 7 21.278337
8 27 1.4213675
8 16 1.5347651
8 23 1.0637939
8 25 2000.0
9 36 1.0330763
9 26 2000.0
9 28 0.88982964
9 10 8.424149
9 22 0.24475038
9 31 0.028885797
9 3 0.46224323
9 12 2000.0
9 17 0.072561145
9 4 0.0736533
9 19 0.067947455
10 26 0.09774683
10 28 0.19348107
10 24 0.052738827
10 31 0.03229167
10 12 10.473886
10 9 8.424149
10 17 0.035136536
11 0 7.0004735
11 30 0.3846513
11 8 0.82833946
11 18 7.4535766
11 13 0.53492755
11 33 1.3715794
11 29 0.77083975
11 5 3.4909298
11 34 1.651738
11 20 0.74944115
11 2 0.92662233
11 37 0.97990435
11 7 6.5552244
11 27 0.4448864
11 16 0.6694098
11 25 0.8547166
12 26 0.9729186
12 28 5.0712256
12 32 0.26585624
12 10 10.473886
12 24 0.0689288
12 21 0.105571344
12 3 0.05560558
12 1 72.754555
13 0 0.88054603
13 30 1.0409287
13 8 4.0831
13 18 1996.231
13 33 0.7327419
13 11 0.53492755
13 29 0.8441725
13 5 585.53345
13 34 8.057899
13 20 0.65771174
13 2 0.37388054
13 14 3.342057
13 37 0.96797276
13 27 0.31753954
13 16 48.91645
13 25 0.9487749
14 20 1.2302991
14 13 3.342057
14 27 2.1555007
14 33 0.39228266
14 11 2000.0
14 25 2.069059
15 32 0.07376148
15 21 1.6101943
16 30 1.0504045
16 0 2000.0
16 8 1.5347651
16 18 1.2562286
16 13 48.91645
16 11 0.6694098
16 29 11.439104
16 5 2.104062
16 20 8.215819
16 37 10.627963
16 7 0.9652637
16 27 1.4708991
16 23 7.3979955
16 25 1.2995468
17 26 1.83785
17 6 1.0470519
17 10 0.035136536
17 24 0.2547822
17 31 1.2350789
17 9 0.072561145
17 4 0.076635964
17 19 4.8390155
18 30 0.66931343
18 2 10.409893
18 8 0.78947234
18 37 1.0911064
18 7 2000.0
18 13 1996.231
18 27 2.8900592
18 16 1.2562286
18 23 1.1463656
18 11 7.4535766
18 29 0.8670647
18 5 0.4572901
19 31 0.08698814
19 9 0.067947455
19 17 4.8390155
19 4 0.09042475
20 30 33.110027
20 13 0.65771174
20 33 2.3946443
20 11 0.74944115
20 29 2.9393766
20 5 4.267399
20 34 1.2889446
20 2 2.033343
20 14 1.2302991
20 37 3.902677
20 7 1.0213044
20 27 0.42044398
20 16 8.215819
20 25 1.3126281
21 32 2000.0
21 24 0.37332004
21 35 0.0427586
21 12 0.105571344
21 15 1.6101943
22 6 1289.375
22 31 1158.0114
22 9 0.24475038
22 19 1757.0455
23 0 2000.0
23 30 1.0748426
23 2 46.449165
23 8 1.0637939
23 37 1.7285105
23 18 1.1463656
23 7 0.9600437
23 27 2000.0
23 16 7.3979955
23 11 2000.0
23 29 2.3770092
23 5 4.0997753
24 26 0.086771764
24 32 0.1009297
24 10 0.052738827
24 21 0.37332004
24 31 2.819683
24 12 0.0689288
24 3 2000.0
24 15 2000.0
24 17 0.2547822
25 0 2000.0
25 30 1.9908963
25 13 0.9487749
25 33 0.50821966
25 11 0.8547166
25 29 2.8229907
25 34 1.4815542
25 20 1.3126281
25 2 1.8395088
25 14 2.069059
25 37 26.597614
25 7 4.440388
25 27 0.5606331
25 16 1.2995468
26 36 160.0
26 32 10.665633
26 28 0.035720937
26 10 0.09774683
26 24 0.086771764
26 31 0.04833271
26 12 0.9729186
26 17 1.83785
27 0 2000.0
27 30 0.15495326
27 8 1.4213675
27 18 2.8900592
27 13 0.31753954
27 33 0.86502206
27 11 0.4448864
27 29 0.48758385
27 5 2.7399352
27 34 0.8415949
27 20 0.42044398
27 2 0.58245695
27 14 2.1555007
27 37 0.6179397
27 7 112.50001
27 16 1.4708991
27 25 0.5606331
28 36 0.040160988
28 26 0.035720937
28 10 0.19348107
28 3 0.08930377
28 12 5.0712256
28 9 0.88982964
29 0 7.473756
29 30 1.6528276
29 8 0.65165085
29 18 0.8670647
29 13 0.8441725
29 33 23.686518
29 11 0.77083975
29 5 2.397264
29 34 6.3101015
29 20 2.9393766
29 2 0.65366906
29 37 0.28676414
29 7 2000.0
29 27 0.48758385
29 16 11.439104
29 23 2.3770092
29 25 2.8229907
30 0 2000.0
30 8 0.592059
30 18 0.66931343
30 13 1.0409287
30 33 2.0998378
30 11 0.3846513
30 29 1.6528276
30 5 1.2180398
30 34 0.94090587
30 20 33.110027
30 2 7.978693
30 37 4.8932033
30 7 0.7180627
30 27 0.15495326
30 16 1.0504045
30 23 1.0748426
30 25 1.9908963
31 26 0.04833271
31 6 0.20280035
31 10 0.03229167
31 24 2.819683
31 9 0.028885797
31 17 1.2350789
31 4 0.08054786
31 19 0.08698814
32 26 10.665633
32 24 0.1009297
32 21 2000.0
32 12 0.26585624
32 15 0.07376148
33 30 2.0998378
33 8 2000.0
33 13 0.7327419
33 11 1.3715794
33 29 23.686518
33 34 2000.0
33 20 2.3946443
33 2 1.9975551
33 14 0.39228266
33 7 2000.0
33 27 0.86502206
33 16 2020.4546
33 25 0.50821966
34 30 0.94090587
34 20 1.2889446
34 8 2.7314503
34 13 8.057899
34 7 6.7394185
34 27 0.8415949
34 16 1215.0568
34 11 1.651738
34 25 1.4815542
34 29 6.3101015
34 5 1.4218868
35 21 0.0427586
36 26 160.0
36 28 0.040160988
36 3 0.23508589
36 9 1.0330763
37 30 4.8932033
37 0 0.71176344
37 8 0.82322854
37 18 1.0911064
37 13 0.96797276
37 11 0.97990435
37 29 0.28676414
37 20 3.902677
37 2 0.6650797
37 7 19.063078
37 27 0.6179397
37 16 10.627963
37 23 1.7285105
37 25 26.597614
