0 8 3.786205
0 2 0.54510075
0 37 1.2050364
0 13 0.60595405
0 11 81.61976
0 29 16.718483
1 3 0.25037882
1 12 1863.6364
2 30 15.246138
2 0 0.54510075
2 8 1.1340538
2 18 13.675308
2 13 0.28977272
2 33 2.6210017
2 11 0.61720943
2 29 1.0300591
2 20 2.5109577
2 37 0.5515497
2 27 0.66924375
2 16 2000.0
2 23 36.90227
2 25 0.92128396
3 36 0.20079352
3 28 0.10430922
3 24 112.50001
3 12 0.05402521
3 1 0.25037882
3 9 0.4947612
4 31 0.07987541
4 9 0.0795632
4 17 0.123393595
4 19 0.08116884
5 30 0.6682128
5 8 0.609098
5 18 0.34560382
5 13 201.69742
5 11 1.7012566
5 29 3.1774564
5 34 1.3223649
5 20 1.9160081
5 37 2000.0
5 7 6.3339486
5 27 2.539438
5 16 1.6473479
5 23 2.812753
6 22 1289.375
6 31 0.31848484
6 17 1.6205304
7 34 8.536905
7 30 0.80867803
7 20 2.619549
7 8 35.68226
7 37 65.22153
7 27 156.36308
7 16 1.5406591
7 11 7.2085304
7 23 1.2607229
7 25 9.131413
7 5 6.3339486
8 0 3.786205
8 30 0.59818727
8 18 1.1702389
8 13 3.3830478
8 11 0.6670676
8 29 0.7671152
8 5 0.609098
8 34 3.2595696
8 2 1.1340538
8 37 0.70695305
8 7 35.68226
8 27 1.4576833
8 16 1.4119136
8 23 0.86963516
9 36 1.1689631
9 26 2000.0
9 28 3.3292837
9 10 23.813566
9 22 0.22636506
9 31 0.029014636
9 3 0.4947612
9 17 0.07768683
9 4 0.0795632
9 19 0.06654113
10 26 0.031380404
10 28 0.30838072
10 24 0.06253157
10 31 0.030573593
10 12 14.17286
10 9 23.813566
10 17 0.03416186
11 0 81.61976
11 30 0.3488529
11 8 0.6670676
11 18 5.918595
11 13 0.5881669
11 33 2.0335853
11 29 1.2772856
11 5 1.7012566
11 34 2.1386762
11 20 1.5894663
11 2 0.61720943
11 37 1.2214465
11 7 7.2085304
11 27 0.6715028
11 16 1.7438687
11 25 0.9575135
12 26 1.66657
12 28 6.8231974
12 32 0.36217332
12 10 14.17286
12 24 0.09958743
12 21 0.119223505
12 3 0.05402521
13 0 0.60595405
13 30 1.5103148
13 8 3.3830478
13 18 91.99653
13 33 0.79901624
13 11 0.5881669
13 29 0.9444119
13 5 201.69742
13 34 6.6675406
13 20 0.6277763
13 2 0.28977272
13 14 3.5863655
13 37 1.006695
13 27 0.45472318
13 16 32.24574
13 25 0.45530307
14 20 1.1905541
14 13 3.5863655
14 27 2.8897457
14 33 0.39241144
14 11 2000.0
14 25 1.7670716
15 32 0.07932765
15 21 2.198723
16 30 1.1018909
16 0 2000.0
16 8 1.4119136
16 18 0.9509435
16 13 32.24574
16 11 1.7438687
16 29 20.499172
16 5 1.6473479
16 20 6.252285
16 37 22.548712
16 7 1.5406591
16 27 1.594192
16 23 4.2423606
16 25 2.4225707
17 26 1.9304873
17 6 1.6205304
17 10 0.03416186
17 24 0.23636012
17 31 1.2822702
17 9 0.07768683
17 4 0.123393595
17 19 6.8118086
18 30 0.68687683
18 2 13.675308
18 8 1.1702389
18 37 1.2633612
18 7 2000.0
18 13 91.99653
18 27 4.971318
18 16 0.9509435
18 23 1.1681167
18 11 5.918595
18 29 0.8909305
18 5 0.34560382
19 31 0.08937085
19 9 0.06654113
19 17 6.8118086
19 4 0.08116884
20 30 17.881845
20 13 0.6277763
20 33 1.5834309
20 11 1.5894663
20 29 5.1760163
20 5 1.9160081
20 34 0.91933686
20 2 2.5109577
20 14 1.1905541
20 37 2.8966157
20 7 2.619549
20 27 0.7446523
20 16 6.252285
20 25 1.1122402
21 32 2000.0
21 10 2000.0
21 24 0.59887046
21 35 0.043994762
21 12 0.119223505
21 15 2.198723
22 6 1289.375
22 31 1158.0114
22 9 0.22636506
22 19 1757.0455
23 0 2000.0
23 30 1.0683024
23 2 36.90227
23 8 0.86963516
23 37 1.8104881
23 18 1.1681167
23 7 1.2607229
23 16 4.2423606
23 11 2000.0
23 29 3.3549063
23 5 2.812753
24 26 0.054992277
24 32 0.13073348
24 10 0.06253157
24 21 0.59887046
24 31 3.8591459
24 3 112.50001
24 12 0.09958743
24 15 2000.0
24 17 0.23636012
25 30 1.8605459
25 13 0.45530307
25 33 0.42795786
25 11 0.9575135
25 29 3.9254386
25 34 0.73435575
25 20 1.1122402
25 2 0.92128396
25 14 1.7670716
25 37 29.893959
25 7 9.131413
25 27 0.5198052
25 16 2.4225707
26 36 127.64412
26 32 22.592932
26 28 0.036048017
26 10 0.031380404
26 24 0.054992277
26 31 0.050996646
26 12 1.66657
26 17 1.9304873
27 0 2000.0
27 30 0.16822065
27 8 1.4576833
27 18 4.971318
27 13 0.45472318
27 33 1.0706106
27 11 0.6715028
27 29 0.5172691
27 5 2.539438
27 34 0.828738
27 20 0.7446523
27 2 0.66924375
27 14 2.8897457
27 37 0.8351256
27 7 156.36308
27 16 1.594192
27 25 0.5198052
28 36 0.034280203
28 26 0.036048017
28 10 0.30838072
28 3 0.10430922
28 12 6.8231974
28 9 3.3292837
29 0 16.718483
29 30 4.2455297
29 8 0.7671152
29 18 0.8909305
29 13 0.9444119
29 33 158.0818
29 11 1.2772856
29 5 3.1774564
29 34 6.6594014
29 20 5.1760163
29 2 1.0300591
29 37 1.0100521
29 7 2000.0
29 27 0.5172691
29 16 20.499172
29 23 3.3549063
29 25 3.9254386
30 0 2000.0
30 8 0.59818727
30 18 0.68687683
30 13 1.5103148
30 33 2.0980446
30 11 0.3488529
30 29 4.2455297
30 5 0.6682128
30 34 1.0937303
30 20 17.881845
30 2 15.246138
30 37 8.936149
30 7 0.80867803
30 27 0.16822065
30 16 1.1018909
30 23 1.0683024
30 25 1.8605459
31 26 0.050996646
31 6 0.31848484
31 10 0.030573593
31 24 3.8591459
31 9 0.029014636
31 17 1.2822702
31 4 0.07987541
31 19 0.08937085
32 26 22.592932
32 24 0.13073348
32 12 0.36217332
32 15 0.07932765
33 30 2.0980446
33 8 2000.0
33 13 0.79901624
33 11 2.0335853
33 29 158.0818
33 34 2000.0
33 20 1.5834309
33 2 2.6210017
33 14 0.39241144
33 7 2000.0
33 27 1.0706106
33 16 2020.4546
33 25 0.42795786
34 30 1.0937303
34 20 0.91933686
34 8 3.2595696
34 13 6.6675406
34 7 8.536905
34 27 0.828738
34 16 1215.0568
34 11 2.1386762
34 25 0.73435575
34 29 6.6594014
34 5 1.3223649
35 21 0.043994762
36 26 127.64412
36 28 0.034280203
36 3 0.20079352
36 9 1.1689631
37 30 8.936149
37 0 1.2050364
37 8 0.70695305
37 18 1.2633612
37 13 1.006695
37 11 1.2214465
37 29 1.0100521
37 20 2.8966157
37 2 0.5515497
37 7 65.22153
37 27 0.8351256
37 16 22.548712
37 23 1.8104881
37 25 29.893959
