0 8 10.940383
0 2 0.41845754
0 37 3.3531365
0 13 3.3683422
0 29 39.729855
1 3 0.28354105
1 12 1209.7727
2 30 92.09319
2 0 0.41845754
2 8 3.9974215
2 18 36.03646
2 13 3.543675
2 33 6.8276424
2 11 4.9001374
2 29 2.006303
2 20 3.250522
2 37 3.4824717
2 27 5.883314
2 16 2000.0
2 25 8.806344
3 36 1.983506
3 28 0.27018058
3 24 225.00002
3 12 0.24374671
3 1 0.28354105
3 9 1.7822021
4 31 0.0699524
4 9 0.048189145
4 17 0.11832339
4 19 0.09516909
5 34 10.552211
5 30 0.78884834
5 20 3.2470744
5 8 2.1286397
5 37 2000.0
5 18 1.4295622
5 7 11.576485
5 27 3.545656
5 16 2.8093119
5 11 4.887838
5 23 7.904855
5 29 10.198779
6 31 1.4321216
6 17 0.784956
7 34 13.074961
7 30 1.6822679
7 20 1.8824428
7 8 23.279705
7 37 12.912392
7 27 444.28912
7 16 1.5781969
7 11 31.929596
7 23 1.4987464
7 25 9.800189
7 5 11.576485
8 0 10.940383
8 30 0.7352665
8 18 1.6757016
8 13 4.274952
8 11 5.273594
8 29 1.5587595
8 5 2.1286397
8 34 18.871155
8 2 3.9974215
8 37 2.0526886
8 7 23.279705
8 27 3.5311325
8 16 2.8522592
8 23 1.7946988
9 36 3.5640457
9 26 2000.0
9 28 4.325241
9 10 3.8864987
9 22 0.13636364
9 31 0.030856812
9 3 1.7822021
9 12 2000.0
9 17 0.14861214
9 4 0.048189145
9 19 0.081495486
10 26 0.053093433
10 28 0.75558555
10 24 0.08356331
10 31 0.03157811
10 12 1.9120287
10 9 3.8864987
10 17 0.030149926
11 0 2000.0
11 30 0.80437785
11 8 5.273594
11 18 13.0271015
11 13 2.508733
11 33 5.5063653
11 29 4.3061614
11 5 4.887838
11 34 4.6895885
11 20 2.0077136
11 2 4.9001374
11 37 4.8653235
11 7 31.929596
11 27 1.0890445
11 16 3.3215396
11 25 2.71087
12 26 0.74746895
12 28 7.8997426
12 32 0.29485667
12 10 1.9120287
12 24 0.1180139
12 21 0.049893472
12 3 0.24374671
13 0 3.3683422
13 30 10.433231
13 8 4.274952
13 18 133.33334
13 33 1.7005607
13 11 2.508733
13 29 1.6174663
13 5 2000.0
13 34 13.950669
13 20 0.70699453
13 2 3.543675
13 14 4.458514
13 37 3.9020848
13 27 0.17909484
13 16 97.299866
13 25 0.8044402
14 20 1.454917
14 13 4.458514
14 33 0.55145437
14 27 3.963875
14 11 2000.0
14 25 1.6148764
15 32 0.09995311
15 21 6.915799
16 30 1.7832388
16 0 2000.0
16 8 2.8522592
16 18 1.7257549
16 13 97.299866
16 11 3.3215396
16 29 2000.0
16 5 2.8093119
16 20 9.524971
16 37 114.28571
16 7 1.5781969
16 27 1.945295
16 23 6.088719
16 25 2.1768022
17 26 2.8683774
17 6 0.784956
17 10 0.030149926
17 24 0.36493662
17 31 1.4338502
17 9 0.14861214
17 4 0.11832339
17 19 5.541853
18 30 1.3349563
18 2 36.03646
18 8 1.6757016
18 37 3.2497487
18 7 2000.0
18 13 133.33334
18 27 3.0549638
18 16 1.7257549
18 23 1.6347436
18 11 13.0271015
18 29 1.9598671
18 5 1.4295622
19 31 0.08536995
19 9 0.081495486
19 17 5.541853
19 4 0.09516909
20 0 2000.0
20 30 18.78044
20 13 0.70699453
20 33 1.6606265
20 11 2.0077136
20 29 19.253998
20 5 3.2470744
20 34 0.84329355
20 2 3.250522
20 14 1.454917
20 37 8.602201
20 7 1.8824428
20 27 1.0680733
20 16 9.524971
20 25 1.4321191
21 32 2000.0
21 10 2000.0
21 24 0.050599538
21 35 0.04577759
21 12 0.049893472
21 15 6.915799
22 6 1485.625
22 31 2000.0
22 9 0.13636364
22 19 2000.0
23 0 2000.0
23 30 1.5642579
23 2 2170.341
23 8 1.7946988
23 37 9.083185
23 18 1.6347436
23 7 1.4987464
23 16 6.088719
23 11 2000.0
23 29 1.8287265
23 5 7.904855
24 26 0.08760613
24 32 0.112884365
24 10 0.08356331
24 21 0.050599538
24 31 12.319956
24 12 0.1180139
24 3 225.00002
24 15 2000.0
24 17 0.36493662
25 0 2000.0
25 30 4.1816974
25 13 0.8044402
25 33 2.319926
25 11 2.71087
25 29 12.378932
25 34 4.3910193
25 20 1.4321191
25 2 8.806344
25 14 1.6148764
25 37 54.44445
25 7 9.800189
25 27 2.155529
25 16 2.1768022
26 32 29.566204
26 28 0.044962168
26 10 0.053093433
26 24 0.08760613
26 31 0.0636721
26 12 0.74746895
26 17 2.8683774
27 0 2000.0
27 30 0.2848328
27 8 3.5311325
27 18 3.0549638
27 13 0.17909484
27 33 2.3828235
27 11 1.0890445
27 29 0.8131285
27 5 3.545656
27 34 1.5220431
27 20 1.0680733
27 2 5.883314
27 14 3.963875
27 37 1.232763
27 7 444.28912
27 16 1.945295
27 25 2.155529
28 36 0.07030934
28 26 0.044962168
28 10 0.75558555
28 3 0.27018058
28 12 7.8997426
28 9 4.325241
29 0 39.729855
29 30 11.247088
29 8 1.5587595
29 18 1.9598671
29 13 1.6174663
29 11 4.3061614
29 5 10.198779
29 34 9.339063
29 20 19.253998
29 2 2.006303
29 37 2.3989608
29 7 2000.0
29 27 0.8131285
29 23 1.8287265
29 25 12.378932
30 0 2000.0
30 8 0.7352665
30 18 1.3349563
30 13 10.433231
30 33 2.4605827
30 11 0.80437785
30 29 11.247088
30 5 0.78884834
30 34 3.133768
30 20 18.78044
30 2 92.09319
30 37 18.369316
30 7 1.6822679
30 27 0.2848328
30 16 1.7832388
30 23 1.5642579
30 25 4.1816974
31 26 0.0636721
31 6 1.4321216
31 10 0.03157811
31 24 12.319956
31 9 0.030856812
31 17 1.4338502
31 4 0.0699524
31 19 0.08536995
32 26 29.566204
32 24 0.112884365
32 12 0.29485667
32 15 0.09995311
33 30 2.4605827
33 13 1.7005607
33 11 5.5063653
33 29 2000.0
33 5 2000.0
33 34 2000.0
33 20 1.6606265
33 2 6.8276424
33 14 0.55145437
33 7 2000.0
33 27 2.3828235
33 16 2000.0
33 25 2.319926
34 30 3.133768
34 20 0.84329355
34 8 18.871155
34 7 13.074961
34 13 13.950669
34 27 1.5220431
34 16 2000.0
34 11 4.6895885
34 25 4.3910193
34 29 9.339063
34 5 10.552211
35 21 0.04577759
36 26 2000.0
36 28 0.07030934
36 3 1.983506
36 9 3.5640457
37 0 3.3531365
37 30 18.369316
37 8 2.0526886
37 18 3.2497487
37 13 3.9020848
37 11 4.8653235
37 29 2.3989608
37 20 8.602201
37 2 3.4824717
37 7 12.912392
37 27 1.232763
37 16 114.28571
37 23 9.083185
37 25 54.44445
