0 2 1.0530984
0 37 1.8481387
0 13 0.9854798
0 16 2000.0
0 29 63.179752
0 25 23.347403
1 3 1.2161015
1 12 67.70455
2 30 21.04378
2 0 1.0530984
2 8 1.2683011
2 18 2.2863777
2 13 0.772923
2 33 1.1818182
2 11 1.7242627
2 29 0.8039733
2 5 2000.0
2 20 3.0618129
2 37 0.77328944
2 27 1.6716323
2 16 2000.0
2 23 18.02158
2 25 0.98640656
3 36 0.22330333
3 28 83.38889
3 24 2000.0
3 12 0.049703136
3 1 1.2161015
3 9 0.40230942
4 31 0.07112697
4 9 0.0969247
4 17 0.102754235
4 19 0.07497207
5 30 0.58874875
5 8 0.6509307
5 18 0.6777357
5 13 19.267647
5 11 1.6297116
5 29 2.3587482
5 34 1.6309081
5 20 6.6336236
5 37 24.109566
5 7 35.719257
5 27 1.3693386
5 16 1.9684453
5 23 2.0156481
6 31 0.3184751
6 17 23.242235
7 34 439.63638
7 30 1.5776342
7 20 178.17955
7 8 7.697894
7 37 292.31198
7 16 1.4475182
7 23 1.2575135
7 11 146.2483
7 25 4.4356227
7 5 35.719257
8 0 2000.0
8 30 0.48507574
8 18 1.2801725
8 13 0.72340167
8 11 1.3002558
8 29 0.92750883
8 5 0.6509307
8 34 3867.557
8 2 1.2683011
8 37 1.1036209
8 7 7.697894
8 27 3.5470853
8 16 1.6248558
8 23 1.5324955
8 25 2000.0
9 36 0.38986018
9 26 2000.0
9 28 1.9171154
9 10 3.7440221
9 22 0.05349303
9 31 0.044177134
9 3 0.40230942
9 12 2000.0
9 4 0.0969247
9 17 0.03612146
9 19 0.06723536
10 26 0.030616619
10 28 0.41456977
10 24 0.082307205
10 31 0.79141563
10 12 90.52471
10 9 3.7440221
10 17 0.035245296
11 0 2000.0
11 30 0.703763
11 8 1.3002558
11 18 23.63655
11 13 1.0666652
11 33 2.0328531
11 29 0.86529803
11 5 1.6297116
11 34 2.7419884
11 20 1.2316436
11 2 1.7242627
11 37 1.5769496
11 7 146.2483
11 27 0.6853324
11 16 0.9190275
11 25 0.8691597
12 26 0.4531793
12 32 3.5594103
12 10 90.52471
12 24 0.064044826
12 21 0.12124786
12 3 0.049703136
12 1 67.70455
13 30 43.921783
13 0 0.9854798
13 8 0.72340167
13 18 113.86127
13 33 0.9955919
13 11 1.0666652
13 29 0.8892823
13 5 19.267647
13 34 75.35782
13 20 0.9314243
13 2 0.772923
13 14 8.616422
13 37 1.0844239
13 7 2000.0
13 27 0.57648605
13 16 322.56216
13 25 0.24548295
14 30 5.4596214
14 20 2.433785
14 13 8.616422
14 27 2.5433004
14 33 0.33071786
14 25 3.033715
15 32 0.09837868
15 21 9.102027
16 30 1.082478
16 0 2000.0
16 20 12.412886
16 8 1.6248558
16 18 1.0428056
16 7 1.4475182
16 27 1.4596639
16 11 0.9190275
16 23 4.492673
16 25 0.72844106
16 29 900.00006
16 5 1.9684453
17 6 23.242235
17 26 1.7134626
17 10 0.035245296
17 24 0.11182921
17 31 1.0006707
17 9 0.03612146
17 4 0.102754235
17 19 2.1370027
18 0 2000.0
18 30 0.6987798
18 8 1.2801725
18 13 113.86127
18 11 23.63655
18 29 1.0271643
18 5 0.6777357
18 2 2.2863777
18 37 3.0377162
18 7 2000.0
18 27 20.383104
18 16 1.0428056
18 23 1.5176159
19 31 0.06590385
19 9 0.06723536
19 17 2.1370027
19 4 0.07497207
20 30 1.2782671
20 13 0.9314243
20 33 7.437122
20 11 1.2316436
20 29 31.09413
20 5 6.6336236
20 34 1.559547
20 2 3.0618129
20 14 2.433785
20 37 3.5689745
20 7 178.17955
20 27 2.154352
20 16 12.412886
20 25 0.46957338
21 32 290.9091
21 24 0.3910779
21 35 0.030988457
21 12 0.12124786
21 15 9.102027
22 31 28.483177
22 9 0.05349303
22 19 2000.0
23 0 2000.0
23 30 1.7245892
23 8 1.5324955
23 2 18.02158
23 37 1.8390723
23 18 1.5176159
23 7 1.2575135
23 16 4.492673
23 11 2000.0
23 29 1.1095704
23 5 2.0156481
24 26 0.051743668
24 32 0.19725782
24 10 0.082307205
24 21 0.3910779
24 31 2000.0
24 12 0.064044826
24 15 362.96295
24 17 0.11182921
25 30 28.19132
25 0 23.347403
25 13 0.24548295
25 33 1.3565102
25 11 0.8691597
25 29 2.2603545
25 34 2.6548376
25 20 0.46957338
25 2 0.98640656
25 14 3.033715
25 37 103.68182
25 7 4.4356227
25 27 0.35881135
25 16 0.72844106
26 32 22.369495
26 28 0.07577459
26 10 0.030616619
26 24 0.051743668
26 31 0.17362778
26 12 0.4531793
26 17 1.7134626
27 30 0.17284358
27 0 2000.0
27 8 3.5470853
27 18 20.383104
27 13 0.57648605
27 33 0.94756126
27 11 0.6853324
27 29 1.154497
27 5 1.3693386
27 34 1.1627632
27 20 2.154352
27 2 1.6716323
27 14 2.5433004
27 37 1.289169
27 7 2781.4773
27 16 1.4596639
27 25 0.35881135
28 36 0.04080828
28 26 0.07577459
28 10 0.41456977
28 12 1594.9431
28 3 83.38889
28 9 1.9171154
28 19 1364.5454
29 0 63.179752
29 30 1.4002748
29 8 0.92750883
29 18 1.0271643
29 13 0.8892823
29 33 16.15104
29 11 0.86529803
29 5 2.3587482
29 34 3.125021
29 20 31.09413
29 2 0.8039733
29 37 0.9602139
29 7 2000.0
29 27 1.154497
29 16 900.00006
29 23 1.1095704
29 25 2.2603545
30 8 0.48507574
30 18 0.6987798
30 13 43.921783
30 33 6.8979273
30 11 0.703763
30 29 1.4002748
30 5 0.58874875
30 34 0.93548816
30 20 1.2782671
30 2 21.04378
30 14 5.4596214
30 37 16.301533
30 7 1.5776342
30 27 0.17284358
30 16 1.082478
30 23 1.7245892
30 25 28.19132
31 26 0.17362778
31 6 0.3184751
31 10 0.79141563
31 22 28.483177
31 9 0.044177134
31 4 0.07112697
31 17 1.0006707
31 19 0.06590385
32 26 22.369495
32 24 0.19725782
32 21 290.9091
32 12 3.5594103
32 15 0.09837868
33 30 6.8979273
33 8 2000.0
33 13 0.9955919
33 11 2.0328531
33 29 16.15104
33 34 2000.0
33 20 7.437122
33 2 1.1818182
33 14 0.33071786
33 7 2000.0
33 27 0.94756126
33 16 1971.0227
33 25 1.3565102
34 30 0.93548816
34 20 1.559547
34 37 2000.0
34 7 439.63638
34 13 75.35782
34 27 1.1627632
34 16 2000.0
34 11 2.7419884
34 29 3.125021
34 25 2.6548376
34 5 1.6309081
35 21 0.030988457
35 31 1125.6819
36 28 0.04080828
36 3 0.22330333
36 9 0.38986018
37 30 16.301533
37 0 1.8481387
37 8 1.1036209
37 18 3.0377162
37 13 1.0844239
37 11 1.5769496
37 29 0.9602139
37 5 24.109566
37 20 3.5689745
37 2 0.77328944
37 7 292.31198
37 27 1.289169
37 16 2000.0
37 23 1.8390723
37 25 103.68182
