0 8 6.7647967
0 2 0.9350095
0 37 1.4950001
0 13 0.92343694
0 11 48.758278
0 29 13.335561
0 25 2000.0
1 3 0.26026395
1 12 1299.9432
2 30 20.384687
2 0 0.9350095
2 8 1.5498081
2 18 8.584573
2 13 0.611599
2 33 6.5947714
2 11 1.1070181
2 29 1.3692693
2 20 9.757227
2 37 1.216284
2 27 3.949323
2 23 81.09763
2 25 1.7334454
3 36 0.197113
3 28 0.09902313
3 24 300.0
3 12 0.06288679
3 1 0.26026395
3 9 0.2665611
4 31 0.067352526
4 9 0.062246356
4 17 0.11312725
4 19 0.08484505
5 30 1.395916
5 8 0.8824143
5 18 0.53999424
5 13 2000.0
5 11 2.7335908
5 29 10.387828
5 34 5.5970235
5 20 2.72717
5 37 2000.0
5 7 6.136364
5 27 2.4426827
5 16 2.321835
5 23 3.9710357
6 31 1.5118129
6 17 1.7752622
7 34 8.916656
7 30 1.0155573
7 20 2.6506371
7 8 38.120457
7 37 27.235228
7 27 95.684525
7 16 1.2002296
7 11 21.482351
7 23 1.3636684
7 25 11.127718
7 5 6.136364
8 0 6.7647967
8 30 0.67285466
8 18 1.1007881
8 13 2.2435486
8 11 0.65788025
8 29 0.42738906
8 5 0.8824143
8 34 3.7126186
8 2 1.5498081
8 37 1.4434268
8 7 38.120457
8 27 1.2542768
8 16 3.6166039
8 23 1.3106185
9 36 0.50879765
9 26 2000.0
9 28 2.0172746
9 10 4.3314285
9 22 0.3453919
9 31 0.028860029
9 3 0.2665611
9 17 0.04216688
9 4 0.062246356
9 19 0.061322667
10 26 0.035357676
10 28 0.2594184
10 24 0.07469928
10 31 0.030486215
10 12 3.771957
10 9 4.3314285
10 17 0.03102172
11 0 48.758278
11 30 0.5513972
11 8 0.65788025
11 18 4.4439063
11 13 0.71859086
11 33 1.9789083
11 29 0.68951887
11 5 2.7335908
11 34 3.4833493
11 20 0.9465445
11 2 1.1070181
11 37 1.9349954
11 7 21.482351
11 27 0.59777737
11 16 0.7487684
11 25 1.1079283
12 26 2.5853496
12 28 9.186418
12 32 0.35302487
12 10 3.771957
12 24 0.06942867
12 21 0.08022153
12 3 0.06288679
13 30 1.6639957
13 0 0.92343694
13 8 2.2435486
13 18 408.43466
13 33 1.686415
13 11 0.71859086
13 29 1.0983057
13 34 8.29206
13 20 0.6083517
13 2 0.611599
13 14 2.8082545
13 37 2.643443
13 27 0.2793062
13 16 185.38219
13 25 0.74849683
14 20 1.6919541
14 13 2.8082545
14 33 1.1346378
14 27 3.776499
14 11 2000.0
14 25 2.3967419
15 32 0.07356557
15 21 2.2211804
16 0 2000.0
16 30 1.1392463
16 8 3.6166039
16 18 0.7479745
16 13 185.38219
16 11 0.7487684
16 29 46.482056
16 5 2.321835
16 20 9.612195
16 37 79.52149
16 7 1.2002296
16 27 1.4555452
16 23 22.119785
16 25 1.1940013
17 26 2.2640622
17 6 1.7752622
17 10 0.03102172
17 24 0.263479
17 31 1.3649608
17 9 0.04216688
17 4 0.11312725
17 19 3.4166903
18 30 0.67684895
18 0 2000.0
18 8 1.1007881
18 13 408.43466
18 11 4.4439063
18 29 0.978427
18 5 0.53999424
18 2 8.584573
18 37 1.6892629
18 7 2000.0
18 27 3.7005334
18 16 0.7479745
18 23 1.3042614
19 31 0.06631055
19 9 0.061322667
19 17 3.4166903
19 4 0.08484505
20 30 17.9806
20 13 0.6083517
20 33 1.3859849
20 11 0.9465445
20 29 3.2833602
20 5 2.72717
20 34 0.9140023
20 2 9.757227
20 14 1.6919541
20 37 1.7140996
20 7 2.6506371
20 27 0.39131495
20 16 9.612195
20 25 0.46351153
21 32 2000.0
21 24 0.14656325
21 35 0.10064497
21 12 0.08022153
21 15 2.2211804
22 6 233.97643
22 31 1199.8864
22 9 0.3453919
22 19 1329.8296
23 0 2000.0
23 30 1.1143694
23 2 81.09763
23 8 1.3106185
23 37 3.6808236
23 18 1.3042614
23 7 1.3636684
23 16 22.119785
23 11 2000.0
23 29 2.244876
23 5 3.9710357
24 26 0.05418314
24 32 0.11009171
24 10 0.07469928
24 21 0.14656325
24 31 16.394201
24 3 300.0
24 12 0.06942867
24 15 2000.0
24 17 0.263479
25 0 2000.0
25 30 4.01864
25 13 0.74849683
25 33 0.88405895
25 11 1.1079283
25 29 4.940383
25 34 3.769171
25 20 0.46351153
25 2 1.7334454
25 14 2.3967419
25 37 56.9793
25 7 11.127718
25 27 1.187001
25 16 1.1940013
26 36 1167.5568
26 32 15.812627
26 28 0.03484809
26 10 0.035357676
26 24 0.05418314
26 31 0.06053465
26 12 2.5853496
26 17 2.2640622
27 0 2000.0
27 30 0.19656444
27 8 1.2542768
27 18 3.7005334
27 13 0.2793062
27 33 1.0674522
27 11 0.59777737
27 29 0.642619
27 5 2.4426827
27 34 1.5786277
27 20 0.39131495
27 2 3.949323
27 14 3.776499
27 37 1.9305224
27 7 95.684525
27 16 1.4555452
27 25 1.187001
28 36 0.03033062
28 26 0.03484809
28 10 0.2594184
28 3 0.09902313
28 12 9.186418
28 9 2.0172746
29 0 13.335561
29 30 6.9304256
29 8 0.42738906
29 18 0.978427
29 13 1.0983057
29 11 0.68951887
29 5 10.387828
29 34 4.569147
29 20 3.2833602
29 2 1.3692693
29 37 0.94391745
29 7 2000.0
29 27 0.642619
29 16 46.482056
29 23 2.244876
29 25 4.940383
30 0 2000.0
30 8 0.67285466
30 18 0.67684895
30 13 1.6639957
30 33 3.746167
30 11 0.5513972
30 29 6.9304256
30 5 1.395916
30 34 3.2115433
30 20 17.9806
30 2 20.384687
30 14 2000.0
30 37 16.082018
30 7 1.0155573
30 27 0.19656444
30 16 1.1392463
30 23 1.1143694
30 25 4.01864
31 26 0.06053465
31 6 1.5118129
31 10 0.030486215
31 24 16.394201
31 9 0.028860029
31 17 1.3649608
31 4 0.067352526
31 19 0.06631055
32 26 15.812627
32 24 0.11009171
32 12 0.35302487
32 15 0.07356557
33 34 2000.0
33 30 3.746167
33 20 1.3859849
33 2 6.5947714
33 14 1.1346378
33 7 2000.0
33 13 1.686415
33 27 1.0674522
33 16 1998.8635
33 11 1.9789083
33 29 3275.3408
33 25 0.88405895
34 30 3.2115433
34 20 0.9140023
34 8 3.7126186
34 7 8.916656
34 13 8.29206
34 27 1.5786277
34 16 498.15512
34 11 3.4833493
34 25 3.769171
34 29 4.569147
34 5 5.5970235
35 21 0.10064497
36 26 1167.5568
36 28 0.03033062
36 3 0.197113
36 9 0.50879765
37 30 16.082018
37 0 1.4950001
37 8 1.4434268
37 18 1.6892629
37 13 2.643443
37 11 1.9349954
37 29 0.94391745
37 20 1.7140996
37 2 1.216284
37 7 27.235228
37 27 1.9305224
37 16 79.52149
37 23 3.6808236
37 25 56.9793
