0 8 4.3842807
0 2 0.8863416
0 37 0.92415166
0 13 1.155652
0 11 59.417473
0 29 14.470082
1 3 0.43406487
1 12 72.72727
2 30 22.219677
2 0 0.8863416
2 8 1.4367813
2 18 15.372388
2 13 0.7637185
2 33 1.943993
2 11 0.9030608
2 29 1.2663454
2 20 3.1833491
2 37 1.1295991
2 27 0.70832205
2 16 2000.0
2 23 65.2902
2 25 1.7790648
3 36 0.20584776
3 28 0.0836327
3 24 400.0
3 12 0.060377445
3 1 0.43406487
3 9 0.28150594
4 31 0.0797017
4 9 0.06845675
4 17 0.07485761
4 19 0.07944071
5 30 0.8958604
5 8 0.6953842
5 18 0.45407227
5 13 2000.0
5 11 6.3845496
5 29 2.4969974
5 34 4.8582273
5 20 2.153727
5 37 2000.0
5 7 4.7654595
5 27 2.4956002
5 16 2.0159209
5 23 3.0437067
6 22 184.0142
6 31 1.853134
6 17 1.0798824
7 34 9.42112
7 30 0.7499216
7 20 1.4513383
7 8 25.865654
7 37 31.885538
7 27 251.5624
7 16 1.1246046
7 11 11.001359
7 23 0.9449181
7 25 9.437101
7 5 4.7654595
8 0 4.3842807
8 30 0.59985745
8 18 1.010365
8 13 1.9404699
8 11 0.5968743
8 29 0.7207832
8 5 0.6953842
8 34 2.4033792
8 2 1.4367813
8 37 1.2720034
8 7 25.865654
8 27 1.1057622
8 16 2.217495
8 23 1.1254123
9 36 0.3783975
9 26 2000.0
9 28 1.020088
9 10 4.1679296
9 22 0.4954892
9 31 0.029833829
9 12 2000.0
9 3 0.28150594
9 17 0.049133286
9 4 0.06845675
9 19 0.07066969
10 26 0.035981745
10 28 0.16132881
10 24 0.07487581
10 31 0.03090821
10 12 7.4666038
10 9 4.1679296
10 17 0.033043016
11 0 59.417473
11 30 0.44582754
11 8 0.5968743
11 18 7.357942
11 13 0.805813
11 33 3.1435707
11 29 0.8708527
11 5 6.3845496
11 34 3.3236215
11 20 0.84524655
11 2 0.9030608
11 37 1.4514205
11 7 11.001359
11 27 0.3816496
11 16 0.7750035
11 25 1.3330036
12 26 2.0665371
12 28 5.0051575
12 32 0.27606726
12 10 7.4666038
12 24 0.08591751
12 21 0.077818245
12 3 0.060377445
12 1 72.72727
13 30 0.9705109
13 0 1.155652
13 8 1.9404699
13 18 600.0
13 33 0.9521051
13 11 0.805813
13 29 0.8832426
13 34 6.0126033
13 20 0.71775115
13 2 0.7637185
13 14 3.1484416
13 37 2.5592656
13 27 0.17896055
13 16 164.78416
13 25 0.6524568
14 20 0.9860807
14 13 3.1484416
14 33 1.4045049
14 27 2.9746656
14 11 2000.0
14 25 1.5845214
15 32 0.06774892
15 21 2.19115
16 30 1.1017013
16 0 2000.0
16 8 2.217495
16 18 0.9739891
16 13 164.78416
16 11 0.7750035
16 29 53.49184
16 5 2.0159209
16 34 70.7973
16 20 10.209415
16 37 32.987087
16 7 1.1246046
16 27 1.3689741
16 23 5.949107
16 25 1.4626076
17 26 1.7661774
17 6 1.0798824
17 10 0.033043016
17 24 0.25210482
17 31 1.2895399
17 9 0.049133286
17 4 0.07485761
17 19 3.0774279
18 30 0.7936521
18 2 15.372388
18 8 1.010365
18 37 1.430219
18 7 2000.0
18 13 600.0
18 27 4.697947
18 16 0.9739891
18 23 1.2912341
18 11 7.357942
18 29 1.0947553
18 5 0.45407227
19 31 0.062575646
19 9 0.07066969
19 17 3.0774279
19 4 0.07944071
20 30 17.323317
20 13 0.71775115
20 33 1.8423544
20 11 0.84524655
20 29 1.7189616
20 5 2.153727
20 34 0.82836926
20 2 3.1833491
20 14 0.9860807
20 37 3.425523
20 7 1.4513383
20 27 0.60278934
20 16 10.209415
20 25 0.6282971
21 24 0.11426834
21 35 0.04563629
21 12 0.077818245
21 15 2.19115
22 6 184.0142
22 31 1199.8864
22 9 0.4954892
22 19 1329.8296
23 0 2000.0
23 30 1.525047
23 2 65.2902
23 8 1.1254123
23 37 3.8102925
23 18 1.2912341
23 7 0.9449181
23 16 5.949107
23 11 2000.0
23 29 5.722419
23 5 3.0437067
24 26 0.05665518
24 6 2000.0
24 32 0.10280303
24 10 0.07487581
24 21 0.11426834
24 31 16.025642
24 12 0.08591751
24 3 400.0
24 15 2000.0
24 17 0.25210482
25 30 2.8471055
25 13 0.6524568
25 33 0.97139263
25 11 1.3330036
25 29 4.002567
25 34 3.5669403
25 20 0.6282971
25 2 1.7790648
25 14 1.5845214
25 37 29.166664
25 7 9.437101
25 27 0.7969556
25 16 1.4626076
26 36 266.6667
26 32 14.59263
26 28 0.034622297
26 10 0.035981745
26 24 0.05665518
26 31 0.06064643
26 12 2.0665371
26 17 1.7661774
27 0 2000.0
27 30 0.20620275
27 8 1.1057622
27 18 4.697947
27 13 0.17896055
27 33 2.0655303
27 11 0.3816496
27 29 0.7112916
27 5 2.4956002
27 34 1.8917191
27 20 0.60278934
27 2 0.70832205
27 14 2.9746656
27 37 2.3652742
27 7 251.5624
27 16 1.3689741
27 25 0.7969556
28 36 0.030311901
28 26 0.034622297
28 10 0.16132881
28 3 0.0836327
28 12 5.0051575
28 9 1.020088
29 0 14.470082
29 30 4.5510206
29 8 0.7207832
29 18 1.0947553
29 13 0.8832426
29 11 0.8708527
29 5 2.4969974
29 34 4.8912683
29 20 1.7189616
29 2 1.2663454
29 37 0.99909276
29 7 2000.0
29 27 0.7112916
29 16 53.49184
29 23 5.722419
29 25 4.002567
30 0 2000.0
30 8 0.59985745
30 18 0.7936521
30 13 0.9705109
30 33 2.8200169
30 11 0.44582754
30 29 4.5510206
30 5 0.8958604
30 34 2.5065103
30 20 17.323317
30 2 22.219677
30 14 2000.0
30 37 6.718854
30 7 0.7499216
30 27 0.20620275
30 16 1.1017013
30 23 1.525047
30 25 2.8471055
31 26 0.06064643
31 6 1.853134
31 10 0.03090821
31 24 16.025642
31 9 0.029833829
31 17 1.2895399
31 4 0.0797017
31 19 0.062575646
32 26 14.59263
32 24 0.10280303
32 12 0.27606726
32 15 0.06774892
33 34 2000.0
33 30 2.8200169
33 20 1.8423544
33 2 1.943993
33 14 1.4045049
33 7 2000.0
33 13 0.9521051
33 27 2.0655303
33 16 1998.8635
33 11 3.1435707
33 29 3275.3408
33 25 0.97139263
34 30 2.5065103
34 20 0.82836926
34 8 2.4033792
34 7 9.42112
34 13 6.0126033
34 27 1.8917191
34 16 70.7973
34 11 3.3236215
34 25 3.5669403
34 29 4.8912683
34 5 4.8582273
35 21 0.04563629
36 26 266.6667
36 28 0.030311901
36 3 0.20584776
36 9 0.3783975
37 30 6.718854
37 0 0.92415166
37 8 1.2720034
37 18 1.430219
37 13 2.5592656
37 11 1.4514205
37 29 0.99909276
37 20 3.425523
37 2 1.1295991
37 7 31.885538
37 27 2.3652742
37 16 32.987087
37 23 3.8102925
37 25 29.166664
