0 8 7.9553967
0 2 1.5144196
0 37 0.95398223
0 13 0.9186169
0 11 11.043679
0 29 16.322018
1 3 0.2140396
1 12 1202.159
2 30 11.807758
2 0 1.5144196
2 8 1.2993098
2 18 18.156212
2 13 0.34458664
2 33 2.215959
2 11 0.6635462
2 29 1.3293172
2 20 3.0767457
2 37 0.67351234
2 27 0.55691564
2 16 2000.0
2 23 16.121874
2 25 1.5929261
3 36 0.23611002
3 28 0.16315486
3 24 2000.0
3 12 0.054983154
3 1 0.2140396
3 9 0.66349924
4 31 0.08321114
4 9 0.06513579
4 17 0.073721476
4 19 0.083307885
5 30 0.5832872
5 8 0.64756787
5 18 0.55436563
5 13 225.00002
5 11 3.007452
5 29 3.2408576
5 34 1.6606199
5 20 3.6642184
5 37 2000.0
5 7 4.1577477
5 27 2.2589793
5 16 1.6424787
5 23 2.370065
6 22 1213.6931
6 31 0.2543573
6 17 1.0148069
7 34 5.633062
7 30 1.4775475
7 20 5.157347
7 8 48.31095
7 37 16.199291
7 27 58.061195
7 16 1.1525649
7 11 4.801075
7 23 1.1110303
7 25 5.8593674
7 5 4.1577477
8 0 7.9553967
8 30 0.83110917
8 18 1.1827716
8 13 3.7850287
8 11 3.9052577
8 29 0.97478765
8 5 0.64756787
8 34 2.0244446
8 2 1.2993098
8 37 1.1322155
8 7 48.31095
8 27 1.2298392
8 16 1.4434375
8 23 1.0891124
9 36 1.3083432
9 28 2.1662707
9 10 3.3244023
9 22 0.3930495
9 31 0.033753905
9 3 0.66349924
9 17 0.3491058
9 4 0.06513579
9 19 0.0664962
10 26 0.04277643
10 28 0.21345888
10 24 0.2628189
10 31 0.039182812
10 12 8.765408
10 9 3.3244023
10 17 0.028722601
11 0 11.043679
11 30 0.33737674
11 8 3.9052577
11 18 5.268673
11 13 1.2467704
11 33 2.5297678
11 29 0.6094054
11 5 3.007452
11 34 2.2475886
11 20 3.0410686
11 2 0.6635462
11 37 1.0886997
11 7 4.801075
11 27 0.80126053
11 16 0.74044895
11 25 1.2498819
12 26 1.5524172
12 28 2.270903
12 32 0.28133738
12 10 8.765408
12 24 0.08048176
12 21 0.1154967
12 3 0.054983154
13 30 2.4469461
13 0 0.9186169
13 8 3.7850287
13 18 285.33838
13 33 1.1318222
13 11 1.2467704
13 29 1.2291569
13 5 225.00002
13 34 10.106499
13 20 0.99030995
13 2 0.34458664
13 14 5.4272804
13 37 1.1159661
13 27 0.3176736
13 16 85.87529
13 25 0.68745834
14 20 1.3522824
14 13 5.4272804
14 27 4.358211
14 33 0.39808437
14 11 2000.0
14 25 1.6989113
15 32 0.08125414
15 21 0.8153445
16 30 1.1300312
16 0 2000.0
16 8 1.4434375
16 18 1.2127903
16 13 85.87529
16 11 0.74044895
16 29 21.065598
16 5 1.6424787
16 20 6.159949
16 37 19.427134
16 7 1.1525649
16 27 1.3370895
16 23 6.693323
16 25 1.3764348
17 26 2.0184476
17 6 1.0148069
17 10 0.028722601
17 24 0.17262907
17 31 1.1793585
17 9 0.3491058
17 4 0.073721476
17 19 3.085185
18 30 0.72942615
18 2 18.156212
18 8 1.1827716
18 37 1.3406439
18 7 2000.0
18 13 285.33838
18 27 5.030314
18 16 1.2127903
18 23 1.1412367
18 11 5.268673
18 29 2.155604
18 5 0.55436563
19 31 0.086343214
19 9 0.0664962
19 17 3.085185
19 4 0.083307885
20 30 18.619633
20 13 0.99030995
20 33 1.7154039
20 11 3.0410686
20 29 6.0694237
20 5 3.6642184
20 34 0.96266836
20 2 3.0767457
20 14 1.3522824
20 37 2.724503
20 7 5.157347
20 27 4.349652
20 16 6.159949
20 25 0.91365343
21 26 2000.0
21 32 2000.0
21 10 2000.0
21 24 0.5371183
21 35 0.03488975
21 12 0.1154967
21 15 0.8153445
22 6 1213.6931
22 31 1181.1932
22 9 0.3930495
22 19 1288.409
23 30 0.9975082
23 0 2000.0
23 2 16.121874
23 8 1.0891124
23 37 1.9845524
23 18 1.1412367
23 7 1.1110303
23 27 2000.0
23 16 6.693323
23 11 2000.0
23 29 2.6982222
23 5 2.370065
24 26 0.0576279
24 32 0.088434115
24 28 2000.0
24 10 0.2628189
24 21 0.5371183
24 31 1.5548855
24 12 0.08048176
24 3 2000.0
24 15 2000.0
24 17 0.17262907
25 30 4.203474
25 13 0.68745834
25 33 0.2982197
25 11 1.2498819
25 29 3.6480224
25 34 1.1799055
25 20 0.91365343
25 2 1.5929261
25 14 1.6989113
25 37 300.82886
25 7 5.8593674
25 27 0.91020834
25 16 1.3764348
26 36 225.00002
26 32 123.16267
26 28 0.049618457
26 10 0.04277643
26 24 0.0576279
26 31 0.05644638
26 12 1.5524172
26 17 2.0184476
27 0 2000.0
27 30 0.22708645
27 8 1.2298392
27 18 5.030314
27 13 0.3176736
27 33 0.85487163
27 11 0.80126053
27 29 0.6338953
27 5 2.2589793
27 34 0.8759382
27 20 4.349652
27 2 0.55691564
27 14 4.358211
27 37 2.0213785
27 7 58.061195
27 16 1.3370895
27 25 0.91020834
28 36 0.037473902
28 26 0.049618457
28 10 0.21345888
28 3 0.16315486
28 12 2.270903
28 9 2.1662707
29 0 16.322018
29 30 5.7061954
29 8 0.97478765
29 18 2.155604
29 13 1.2291569
29 11 0.6094054
29 5 3.2408576
29 34 18.945618
29 20 6.0694237
29 2 1.3293172
29 37 1.0409383
29 7 2000.0
29 27 0.6338953
29 16 21.065598
29 23 2.6982222
29 25 3.6480224
30 0 2000.0
30 8 0.83110917
30 18 0.72942615
30 13 2.4469461
30 33 2.076068
30 11 0.33737674
30 29 5.7061954
30 5 0.5832872
30 34 1.5572306
30 20 18.619633
30 2 11.807758
30 37 5.7019005
30 7 1.4775475
30 27 0.22708645
30 16 1.1300312
30 23 0.9975082
30 25 4.203474
31 26 0.05644638
31 6 0.2543573
31 10 0.039182812
31 24 1.5548855
31 9 0.033753905
31 17 1.1793585
31 4 0.08321114
31 19 0.086343214
32 26 123.16267
32 24 0.088434115
32 12 0.28133738
32 15 0.08125414
33 34 2000.0
33 30 2.076068
33 20 1.7154039
33 2 2.215959
33 14 0.39808437
33 7 2000.0
33 13 1.1318222
33 27 0.85487163
33 16 1249.4886
33 11 2.5297678
33 29 8077.4434
33 25 0.2982197
34 30 1.5572306
34 20 0.96266836
34 8 2.0244446
34 13 10.106499
34 7 5.633062
34 27 0.8759382
34 16 1215.0568
34 11 2.2475886
34 25 1.1799055
34 29 18.945618
34 5 1.6606199
35 21 0.03488975
36 26 225.00002
36 28 0.037473902
36 3 0.23611002
36 9 1.3083432
37 30 5.7019005
37 0 0.95398223
37 8 1.1322155
37 18 1.3406439
37 13 1.1159661
37 11 1.0886997
37 29 1.0409383
37 20 2.724503
37 2 0.67351234
37 7 16.199291
37 27 2.0213785
37 16 19.427134
37 23 1.9845524
37 25 300.82886
