0 2 1.1856798
0 37 1.9897276
0 13 0.82515585
0 29 39.929634
0 25 16.246777
1 3 0.8445748
1 12 17.254812
2 30 7.8395452
2 0 1.1856798
2 8 1.2602409
2 18 2.2341588
2 13 0.6150522
2 33 2.3787088
2 11 1.7813555
2 29 1.3469764
2 20 2.1991048
2 37 0.7966203
2 27 1.3795159
2 16 2000.0
2 23 11.971433
2 25 0.4591393
3 36 0.29783383
3 28 4.2996507
3 24 2000.0
3 12 0.050469328
3 1 0.8445748
3 9 0.7406525
4 31 0.069689475
4 9 0.07992947
4 17 0.09546455
4 19 0.07347674
5 30 0.63618034
5 8 0.5254191
5 18 0.75397795
5 13 49.741028
5 11 1.8614683
5 29 3.9959219
5 34 1.8511542
5 20 1.8668517
5 37 9.930466
5 7 12.227578
5 27 1.9310036
5 16 1.3268566
5 23 1.7014819
5 25 2000.0
6 31 0.18734677
6 17 1.3095897
7 30 0.8060174
7 20 55.345284
7 8 5.7323627
7 27 133.33334
7 16 1.134417
7 23 1.2630682
7 11 160.28926
7 25 3.4462073
7 29 2000.0
7 5 12.227578
8 0 2000.0
8 30 0.32892948
8 18 1.173592
8 13 1.5054959
8 11 0.8570986
8 29 0.42550737
8 5 0.5254191
8 34 21.597172
8 2 1.2602409
8 37 1.3368535
8 7 5.7323627
8 27 0.874191
8 16 1.6778395
8 23 0.7434998
8 25 2000.0
9 36 0.45247242
9 28 1.9044564
9 10 20.75439
9 22 0.054702982
9 31 0.028513823
9 12 2000.0
9 3 0.7406525
9 4 0.07992947
9 17 0.039973468
9 19 0.06511706
10 26 0.029448709
10 28 0.20890151
10 24 0.07598272
10 31 19.016396
10 12 1761.7046
10 9 20.75439
10 17 0.031516455
11 0 2000.0
11 30 0.75385326
11 8 0.8570986
11 18 5.302566
11 13 0.95346105
11 33 1.9475042
11 29 1.2207386
11 5 1.8614683
11 34 1.5133688
11 20 1.0823996
11 2 1.7813555
11 37 1.392286
11 7 160.28926
11 27 0.7155126
11 16 0.9485009
11 25 0.826694
12 26 2.7978408
12 32 7.7995257
12 24 0.07143887
12 21 0.117149256
12 3 0.050469328
12 1 17.254812
13 30 15.081997
13 0 0.82515585
13 8 1.5054959
13 18 141.10417
13 33 0.8087774
13 11 0.95346105
13 29 0.9360278
13 5 49.741028
13 34 90.01723
13 20 0.99775106
13 2 0.6150522
13 14 3.6703978
13 37 1.1689603
13 7 2000.0
13 27 0.23084995
13 16 24.61126
13 25 0.27671233
14 30 2.2202892
14 20 2.746459
14 13 3.6703978
14 27 6.6384244
14 33 0.4157385
14 11 2000.0
14 25 1.66075
15 32 0.074372105
15 21 10.008997
16 30 1.1049982
16 0 2000.0
16 8 1.6778395
16 18 1.3218488
16 13 24.61126
16 11 0.9485009
16 5 1.3268566
16 34 62.580494
16 20 15.520919
16 7 1.134417
16 27 1.34144
16 23 2.7899613
16 25 1.7180511
17 6 1.3095897
17 26 1.7906423
17 10 0.031516455
17 24 0.13585453
17 31 1.134211
17 9 0.039973468
17 4 0.09546455
17 19 171.42857
18 0 2000.0
18 30 0.7492346
18 8 1.173592
18 13 141.10417
18 11 5.302566
18 29 1.1201718
18 5 0.75397795
18 2 2.2341588
18 37 1.948276
18 7 2000.0
18 27 11.671753
18 16 1.3218488
18 23 1.2812332
19 31 0.06795646
19 9 0.06511706
19 17 171.42857
19 4 0.07347674
20 30 0.7852475
20 13 0.99775106
20 33 0.85226226
20 11 1.0823996
20 29 8.493591
20 5 1.8668517
20 34 0.81406295
20 2 2.1991048
20 14 2.746459
20 37 1.7027714
20 7 55.345284
20 27 0.9337567
20 16 15.520919
20 25 0.38988122
21 26 2000.0
21 32 2000.0
21 24 1.4429681
21 35 0.036903407
21 31 2000.0
21 12 0.117149256
21 15 10.008997
22 31 69.00366
22 9 0.054702982
22 19 2000.0
23 0 2000.0
23 30 1.1547239
23 8 0.7434998
23 2 11.971433
23 37 1.9808487
23 18 1.2812332
23 7 1.2630682
23 16 2.7899613
23 11 2000.0
23 29 0.98035765
23 5 1.7014819
24 26 0.05834013
24 32 0.37546006
24 10 0.07598272
24 21 1.4429681
24 12 0.07143887
24 3 2000.0
24 15 2000.0
24 17 0.13585453
25 0 16.246777
25 30 12.51807
25 13 0.27671233
25 33 0.70712805
25 11 0.826694
25 29 2.021291
25 34 1.5815669
25 20 0.38988122
25 2 0.4591393
25 14 1.66075
25 37 31.567331
25 7 3.4462073
25 27 0.216146
25 16 1.7180511
26 32 47.058823
26 28 0.067104235
26 10 0.029448709
26 24 0.05834013
26 31 0.12733608
26 12 2.7978408
26 17 1.7906423
27 0 2000.0
27 30 0.18723652
27 8 0.874191
27 18 11.671753
27 13 0.23084995
27 33 0.6948043
27 11 0.7155126
27 29 0.7392816
27 5 1.9310036
27 34 0.98924506
27 20 0.9337567
27 2 1.3795159
27 14 6.6384244
27 37 1.0631047
27 7 133.33334
27 16 1.34144
27 25 0.216146
28 36 0.036578435
28 26 0.067104235
28 10 0.20890151
28 3 4.2996507
28 12 1686.1932
28 9 1.9044564
28 19 1360.7386
29 0 39.929634
29 30 1.2524662
29 8 0.42550737
29 18 1.1201718
29 13 0.9360278
29 33 25.802233
29 11 1.2207386
29 5 3.9959219
29 34 3.2578652
29 20 8.493591
29 2 1.3469764
29 37 0.9928628
29 7 2000.0
29 27 0.7392816
29 16 2000.0
29 23 0.98035765
29 25 2.021291
30 8 0.32892948
30 18 0.7492346
30 13 15.081997
30 33 6.505203
30 11 0.75385326
30 29 1.2524662
30 5 0.63618034
30 34 0.80154216
30 20 0.7852475
30 2 7.8395452
30 14 2.2202892
30 37 8.389843
30 7 0.8060174
30 27 0.18723652
30 16 1.1049982
30 23 1.1547239
30 25 12.51807
31 26 0.12733608
31 6 0.18734677
31 10 19.016396
31 35 27.610119
31 22 69.00366
31 9 0.028513823
31 4 0.069689475
31 17 1.134211
31 19 0.06795646
32 26 47.058823
32 24 0.37546006
32 12 7.7995257
32 15 0.074372105
33 30 6.505203
33 8 2000.0
33 13 0.8087774
33 11 1.9475042
33 29 25.802233
33 34 2000.0
33 20 0.85226226
33 2 2.3787088
33 14 0.4157385
33 7 2000.0
33 27 0.6948043
33 16 3017.898
33 25 0.70712805
34 30 0.80154216
34 20 0.81406295
34 8 21.597172
34 37 2000.0
34 13 90.01723
34 7 2000.0
34 27 0.98924506
34 16 62.580494
34 11 1.5133688
34 29 3.2578652
34 25 1.5815669
34 5 1.8511542
35 21 0.036903407
35 31 27.610119
36 28 0.036578435
36 3 0.29783383
36 9 0.45247242
37 30 8.389843
37 0 1.9897276
37 8 1.3368535
37 18 1.948276
37 13 1.1689603
37 11 1.392286
37 29 0.9928628
37 5 9.930466
37 20 1.7027714
37 2 0.7966203
37 7 2620.625
37 27 1.0631047
37 16 2000.0
37 23 1.9808487
37 25 31.567331
