0 2 1.2370129
0 37 1.8946731
0 13 1.8573917
0 29 8.675012
0 25 29.69697
1 3 1.3595833
1 12 45.000004
2 30 18.361622
2 0 1.2370129
2 8 1.3681017
2 18 3.3009534
2 13 0.73564285
2 33 1.754356
2 11 3.3054876
2 29 1.7645156
2 20 7.371775
2 37 0.88986146
2 27 0.94817007
2 16 2000.0
2 23 5.5680804
2 25 0.5440388
3 36 0.39781106
3 28 9.866302
3 24 2000.0
3 12 0.076482825
3 1 1.3595833
3 9 0.32545263
4 31 0.06562325
4 9 0.08204366
4 17 0.15152414
4 19 0.07458275
5 30 0.60733306
5 8 0.36952946
5 18 0.5704983
5 13 25.607779
5 11 4.818621
5 29 3.085447
5 34 2.4427636
5 20 2.213082
5 37 10.8493595
5 7 6.133762
5 27 1.4028246
5 16 1.3852402
5 23 2.1452367
5 25 2000.0
6 31 0.18959236
6 17 2.720078
7 34 251.50484
7 30 1.0856509
7 20 46.926136
7 8 4.198023
7 37 2000.0
7 16 1.2943634
7 23 1.551757
7 11 84.181175
7 25 2.554253
7 5 6.133762
8 0 2000.0
8 30 0.42767325
8 18 1.4071444
8 13 1.031132
8 11 2.2999086
8 29 0.47873792
8 5 0.36952946
8 34 17.351799
8 2 1.3681017
8 37 0.9110306
8 7 4.198023
8 27 1.2731005
8 16 1.5964466
8 23 1.0233694
8 25 2000.0
9 36 0.55800617
9 26 2000.0
9 28 1.5295165
9 10 23.5616
9 22 0.07053234
9 31 0.029890386
9 3 0.32545263
9 12 2000.0
9 4 0.08204366
9 17 0.035293896
9 19 0.06935363
10 26 0.034924243
10 28 0.40373376
10 24 0.15493688
10 31 18.648863
10 12 1181.7045
10 9 23.5616
10 17 0.038694
11 0 2000.0
11 30 0.7090075
11 8 2.2999086
11 18 5.7332883
11 13 1.2119708
11 33 2.8282604
11 29 1.6933553
11 5 4.818621
11 34 3.1487348
11 20 1.9492325
11 2 3.3054876
11 37 1.5559871
11 7 84.181175
11 27 0.76331973
11 16 1.0364856
11 25 0.85913104
12 26 0.9730876
12 32 9.539645
12 24 0.06778947
12 21 0.18293734
12 3 0.076482825
12 1 45.000004
13 30 18.917576
13 0 1.8573917
13 8 1.031132
13 33 1.4662203
13 11 1.2119708
13 29 0.9949398
13 5 25.607779
13 34 109.09091
13 20 1.5127482
13 2 0.73564285
13 14 6.916769
13 37 1.1253846
13 7 2000.0
13 27 1.2032486
13 16 34.635986
13 25 0.9585037
14 30 13.789949
14 20 3.916562
14 13 6.916769
14 27 5.767121
14 33 0.5808704
14 11 2000.0
14 25 2.3123834
15 32 0.07971156
15 21 3.3197322
16 30 1.1204317
16 0 2000.0
16 8 1.5964466
16 18 1.0794028
16 13 34.635986
16 11 1.0364856
16 5 1.3852402
16 34 44.86132
16 20 23.001738
16 7 1.2943634
16 27 1.2526574
16 23 2.5596905
16 25 0.9633838
17 6 2.720078
17 26 1.6580966
17 10 0.038694
17 24 0.11514906
17 31 0.961205
17 9 0.035293896
17 4 0.15152414
17 19 47.08691
18 0 2000.0
18 30 0.84213734
18 8 1.4071444
18 13 1739.091
18 11 5.7332883
18 29 1.6062275
18 5 0.5704983
18 2 3.3009534
18 37 2.3046424
18 7 2000.0
18 27 20.049524
18 16 1.0794028
18 23 1.3832747
19 31 0.09104001
19 9 0.06935363
19 4 0.07458275
19 17 47.08691
20 30 1.5402892
20 13 1.5127482
20 33 6.0604877
20 11 1.9492325
20 29 8.668442
20 5 2.213082
20 34 0.81323177
20 2 7.371775
20 14 3.916562
20 37 1.8985077
20 7 46.926136
20 27 3.0178366
20 16 23.001738
20 25 0.77980626
21 26 2000.0
21 10 2000.0
21 24 0.5885303
21 35 0.031188406
21 31 2000.0
21 12 0.18293734
21 15 3.3197322
22 31 126.31579
22 9 0.07053234
22 19 2000.0
23 0 2000.0
23 30 1.2146646
23 8 1.0233694
23 2 5.5680804
23 37 2.037013
23 18 1.3832747
23 7 1.551757
23 16 2.5596905
23 11 2000.0
23 29 0.69216317
23 5 2.1452367
24 26 0.042029142
24 32 0.1519538
24 10 0.15493688
24 21 0.5885303
24 31 2000.0
24 12 0.06778947
24 15 2000.0
24 17 0.11514906
25 0 29.69697
25 30 13.463776
25 13 0.9585037
25 33 0.698906
25 11 0.85913104
25 29 3.346368
25 34 3.0812461
25 20 0.77980626
25 2 0.5440388
25 14 2.3123834
25 37 72.07076
25 7 2.554253
25 27 0.27357262
25 16 0.9633838
26 32 28.032957
26 28 0.056258406
26 10 0.034924243
26 24 0.042029142
26 31 0.19816847
26 12 0.9730876
26 17 1.6580966
27 30 0.17027974
27 0 2000.0
27 8 1.2731005
27 18 20.049524
27 13 1.2032486
27 33 0.91892153
27 11 0.76331973
27 29 0.6585881
27 5 1.4028246
27 34 0.9135812
27 20 3.0178366
27 2 0.94817007
27 14 5.767121
27 37 1.3301235
27 7 1939.4318
27 16 1.2526574
27 25 0.27357262
28 36 0.03300325
28 26 0.056258406
28 10 0.40373376
28 3 9.866302
28 12 1138.4658
28 9 1.5295165
28 19 1384.8295
29 0 8.675012
29 30 1.0530673
29 8 0.47873792
29 18 1.6062275
29 13 0.9949398
29 33 12.659662
29 11 1.6933553
29 5 3.085447
29 34 2.9932654
29 20 8.668442
29 2 1.7645156
29 37 1.1964931
29 27 0.6585881
29 16 2000.0
29 23 0.69216317
29 25 3.346368
30 8 0.42767325
30 18 0.84213734
30 13 18.917576
30 33 5.6456575
30 11 0.7090075
30 29 1.0530673
30 5 0.60733306
30 34 0.8117744
30 20 1.5402892
30 2 18.361622
30 14 13.789949
30 37 14.568303
30 7 1.0856509
30 27 0.17027974
30 16 1.1204317
30 23 1.2146646
30 25 13.463776
31 26 0.19816847
31 6 0.18959236
31 10 18.648863
31 35 76.60998
31 22 126.31579
31 9 0.029890386
31 4 0.06562325
31 17 0.961205
31 19 0.09104001
32 26 28.032957
32 24 0.1519538
32 21 2000.0
32 12 9.539645
32 15 0.07971156
33 30 5.6456575
33 8 2000.0
33 13 1.4662203
33 11 2.8282604
33 29 12.659662
33 34 2000.0
33 20 6.0604877
33 2 1.754356
33 14 0.5808704
33 7 2000.0
33 27 0.91892153
33 16 3017.898
33 25 0.698906
34 30 0.8117744
34 20 0.81323177
34 8 17.351799
34 37 2000.0
34 7 251.50484
34 13 109.09091
34 27 0.9135812
34 16 44.86132
34 11 3.1487348
34 29 2.9932654
34 25 3.0812461
34 5 2.4427636
35 21 0.031188406
35 31 76.60998
36 28 0.03300325
36 3 0.39781106
36 9 0.55800617
37 30 14.568303
37 0 1.8946731
37 8 0.9110306
37 18 2.3046424
37 13 1.1253846
37 11 1.5559871
37 29 1.1964931
37 5 10.8493595
37 20 1.8985077
37 2 0.88986146
37 7 2000.0
37 27 1.3301235
37 16 2000.0
37 23 2.037013
37 25 72.07076
