0 8 7.828263
0 2 1.0490255
0 37 1.1176493
0 13 0.46065304
0 29 5.761828
1 3 0.24952699
1 12 34.901394
2 30 13.368241
2 0 1.0490255
2 8 0.8467044
2 18 3.0419657
2 13 0.46124807
2 33 1.6681919
2 11 0.75002474
2 29 0.88921374
2 20 1.7749507
2 37 0.97874933
2 27 0.6208678
2 16 2000.0
2 23 20.001678
2 25 2.0184388
3 36 0.2696253
3 28 0.07160924
3 24 141.17647
3 12 0.050180882
3 1 0.24952699
3 9 0.14090909
4 31 0.0827665
4 9 0.07848678
4 17 0.09203629
4 19 0.101201564
5 30 0.71406126
5 8 1.0724983
5 18 0.38611525
5 13 2000.0
5 11 4.773774
5 29 4.9795117
5 34 1.5736763
5 20 4.146003
5 37 2000.0
5 7 5.4587727
5 27 4.1478033
5 16 2.0022726
5 23 9.589829
6 31 1.3519413
6 17 0.9723272
7 34 5.223373
7 30 0.8825911
7 20 1.3749738
7 8 39.453754
7 37 24.503574
7 27 88.90341
7 16 1.4897839
7 11 15.792859
7 23 1.340959
7 25 4.642374
7 5 5.4587727
8 0 7.828263
8 30 0.39833683
8 18 0.74090904
8 13 3.878619
8 11 4.213251
8 29 0.9887019
8 5 1.0724983
8 34 10.935907
8 2 0.8467044
8 37 2.2179596
8 7 39.453754
8 27 2.5687022
8 16 1.4112266
8 23 1.5928546
9 36 1.6066315
9 28 2.1853693
9 10 17.227028
9 22 0.9027172
9 31 0.03243263
9 3 0.14090909
9 17 0.03912686
9 4 0.07848678
9 19 0.107663095
10 26 0.037114847
10 28 0.17385013
10 24 0.04979785
10 31 0.054241613
10 12 60.000004
10 9 17.227028
10 17 0.031827953
11 0 1732.5
11 30 0.47501525
11 8 4.213251
11 18 9.2991085
11 13 1.3293183
11 33 2.2670074
11 29 0.69314516
11 5 4.773774
11 34 2.9884906
11 20 0.7952795
11 2 0.75002474
11 37 1.9161437
11 7 15.792859
11 27 1.0547704
11 16 1.096615
11 25 1.473894
12 26 1.3224924
12 28 5.9411654
12 32 0.22116013
12 10 60.000004
12 24 0.09080351
12 21 0.06858504
12 3 0.050180882
12 1 34.901394
13 30 2.3329191
13 0 0.46065304
13 8 3.878619
13 18 266.6667
13 33 0.89769095
13 11 1.3293183
13 29 1.7245356
13 34 12.56187
13 20 0.60441685
13 2 0.46124807
13 14 2.7798963
13 37 2.7365701
13 27 0.38478535
13 16 85.53728
13 25 0.591091
14 34 2000.0
14 20 1.4596342
14 13 2.7798963
14 33 0.44427925
14 27 2.5422654
14 11 2000.0
14 25 4.452911
15 32 0.07325467
15 21 1.4845018
16 30 1.1215237
16 0 2000.0
16 8 1.4112266
16 18 0.83809274
16 13 85.53728
16 11 1.096615
16 29 62.947037
16 5 2.0022726
16 20 10.890708
16 37 64.28571
16 7 1.4897839
16 27 1.4947095
16 23 10.342981
16 25 4.661267
17 26 1.6932133
17 6 0.9723272
17 10 0.031827953
17 24 0.15215093
17 31 1.0925282
17 9 0.03912686
17 4 0.09203629
17 19 1.823269
18 30 0.6832485
18 2 3.0419657
18 8 0.74090904
18 37 1.5103291
18 7 2000.0
18 13 266.6667
18 27 3.587904
18 16 0.83809274
18 23 1.2259083
18 11 9.2991085
18 29 0.9037128
18 5 0.38611525
19 22 43.76682
19 31 0.07956073
19 9 0.107663095
19 17 1.823269
19 4 0.101201564
20 30 15.103031
20 13 0.60441685
20 33 1.0232257
20 11 0.7952795
20 29 4.025063
20 5 4.146003
20 34 0.8995833
20 2 1.7749507
20 14 1.4596342
20 37 1.9892048
20 7 1.3749738
20 27 0.611691
20 16 10.890708
20 25 0.9518927
21 32 2000.0
21 10 2000.0
21 24 0.49527594
21 35 0.03336941
21 12 0.06858504
21 15 1.4845018
22 6 1591.9318
22 31 1168.0114
22 9 0.9027172
22 19 43.76682
23 0 2000.0
23 30 1.7452537
23 2 20.001678
23 8 1.5928546
23 37 5.586993
23 18 1.2259083
23 7 1.340959
23 16 10.342981
23 11 2000.0
23 29 2.1590767
23 5 9.589829
24 26 0.06696281
24 32 0.11314123
24 10 0.04979785
24 21 0.49527594
24 31 10.213402
24 3 141.17647
24 12 0.09080351
24 15 2000.0
24 17 0.15215093
25 0 2000.0
25 30 9.630173
25 13 0.591091
25 33 1.0721687
25 11 1.473894
25 29 0.81923306
25 34 2.5903003
25 20 0.9518927
25 2 2.0184388
25 14 4.452911
25 37 31.111113
25 7 4.642374
25 27 0.6226272
25 16 4.661267
26 32 22.472729
26 28 0.02978964
26 10 0.037114847
26 24 0.06696281
26 31 0.07620063
26 12 1.3224924
26 17 1.6932133
27 0 2000.0
27 30 0.23346496
27 8 2.5687022
27 18 3.587904
27 13 0.38478535
27 33 1.0675077
27 11 1.0547704
27 29 0.7795
27 5 4.1478033
27 34 1.9615043
27 20 0.611691
27 2 0.6208678
27 14 2.5422654
27 37 0.99476343
27 7 88.90341
27 16 1.4947095
27 25 0.6226272
28 36 0.03184643
28 26 0.02978964
28 10 0.17385013
28 3 0.07160924
28 12 5.9411654
28 9 2.1853693
29 0 5.761828
29 30 9.339617
29 8 0.9887019
29 18 0.9037128
29 13 1.7245356
29 11 0.69314516
29 5 4.9795117
29 34 4.196792
29 20 4.025063
29 2 0.88921374
29 37 0.6746386
29 7 2000.0
29 27 0.7795
29 16 62.947037
29 23 2.1590767
29 25 0.81923306
30 0 2000.0
30 8 0.39833683
30 18 0.6832485
30 13 2.3329191
30 33 2.9857483
30 11 0.47501525
30 29 9.339617
30 5 0.71406126
30 34 1.5261977
30 20 15.103031
30 2 13.368241
30 14 2000.0
30 37 9.377968
30 7 0.8825911
30 27 0.23346496
30 16 1.1215237
30 23 1.7452537
30 25 9.630173
31 26 0.07620063
31 6 1.3519413
31 10 0.054241613
31 24 10.213402
31 9 0.03243263
31 17 1.0925282
31 4 0.0827665
31 19 0.07956073
32 26 22.472729
32 24 0.11314123
32 12 0.22116013
32 15 0.07325467
33 34 2000.0
33 30 2.9857483
33 20 1.0232257
33 2 1.6681919
33 14 0.44427925
33 7 2000.0
33 13 0.89769095
33 27 1.0675077
33 16 2000.0
33 11 2.2670074
33 29 2000.0
33 25 1.0721687
34 30 1.5261977
34 20 0.8995833
34 8 10.935907
34 13 12.56187
34 7 5.223373
34 27 1.9615043
34 16 1215.0568
34 11 2.9884906
34 25 2.5903003
34 29 4.196792
34 5 1.5736763
35 21 0.03336941
36 26 1781.0607
36 28 0.03184643
36 3 0.2696253
36 9 1.6066315
37 30 9.377968
37 0 1.1176493
37 8 2.2179596
37 18 1.5103291
37 13 2.7365701
37 11 1.9161437
37 29 0.6746386
37 20 1.9892048
37 2 0.97874933
37 7 24.503574
37 27 0.99476343
37 16 64.28571
37 23 5.586993
37 25 31.111113
