0 8 5.094671
0 2 0.75946975
0 37 0.81499225
0 13 0.84830177
0 11 16.617369
0 29 6.8543425
1 3 0.18889296
1 12 74.768425
2 30 5.5780087
2 0 0.75946975
2 8 1.08901
2 18 5.2477903
2 13 0.28355813
2 33 1.9306091
2 11 0.77498585
2 29 0.81498355
2 20 3.5928605
2 37 0.68076026
2 27 0.58868474
2 16 2000.0
2 23 59.830658
2 25 2.1652098
3 36 0.24382474
3 28 0.091355644
3 24 177.77777
3 12 0.054065086
3 1 0.18889296
3 9 0.60405844
4 31 0.08038502
4 9 0.07763822
4 17 0.079683535
4 19 0.09827652
5 30 0.6231371
5 8 0.3935358
5 18 0.42709428
5 13 180.57198
5 11 2.2358804
5 29 2.324069
5 34 3.4496737
5 20 2.480904
5 37 2000.0
5 7 4.203934
5 27 1.8425322
5 16 1.2562546
5 23 2.6368055
6 31 0.36373714
6 17 1.024962
7 34 16.934921
7 30 0.7775
7 20 1.8594031
7 8 69.43111
7 37 12.617955
7 27 202.0814
7 16 1.1598128
7 11 4.9442663
7 23 1.1273335
7 25 5.6135097
7 5 4.203934
8 0 5.094671
8 30 0.6634629
8 18 1.1530708
8 13 3.647593
8 11 1.5506663
8 29 0.8156989
8 5 0.3935358
8 34 7.2269115
8 2 1.08901
8 37 1.0246711
8 7 69.43111
8 27 1.5942123
8 16 1.3195267
8 23 0.81993705
9 36 1.7365932
9 26 2000.0
9 28 2.705323
9 10 13.1272135
9 22 0.23149654
9 31 0.02784019
9 12 2000.0
9 3 0.60405844
9 17 0.17958334
9 4 0.07763822
9 19 0.07466822
10 26 0.032284245
10 28 0.2549452
10 24 0.09921176
10 31 0.035334837
10 12 6.6708393
10 9 13.1272135
10 17 0.031521924
11 0 16.617369
11 30 0.4281735
11 8 1.5506663
11 18 17.588434
11 13 0.4357465
11 33 2.0505235
11 29 0.59291273
11 5 2.2358804
11 34 2.917263
11 20 0.8043846
11 2 0.77498585
11 37 1.1872717
11 7 4.9442663
11 27 0.48352844
11 16 0.7334836
11 25 1.12164
12 26 1.6526078
12 28 2.5255969
12 32 0.2194437
12 10 6.6708393
12 24 0.072018534
12 21 0.08895933
12 3 0.054065086
12 1 74.768425
13 0 0.84830177
13 30 0.64920866
13 8 3.647593
13 18 178.57144
13 33 0.8438404
13 11 0.4357465
13 29 0.838426
13 5 180.57198
13 34 8.510885
13 20 1.1123451
13 2 0.28355813
13 14 2.3432775
13 37 1.3137618
13 27 0.4430566
13 16 38.213196
13 25 0.74505347
14 20 2.0392518
14 13 2.3432775
14 27 3.9532993
14 33 1.1122377
14 11 2000.0
14 25 2.538687
15 32 0.06951589
15 21 0.7486336
16 30 1.0486038
16 0 2000.0
16 8 1.3195267
16 18 1.472333
16 13 38.213196
16 11 0.7334836
16 29 17.296734
16 5 1.2562546
16 20 5.1261506
16 37 15.385915
16 7 1.1598128
16 27 1.5953125
16 23 6.507536
16 25 1.2897344
17 26 1.831171
17 6 1.024962
17 10 0.031521924
17 24 0.40283117
17 31 1.1569993
17 9 0.17958334
17 4 0.079683535
17 19 4.751497
18 30 0.6587893
18 2 5.2477903
18 8 1.1530708
18 37 1.4631264
18 13 178.57144
18 7 2000.0
18 27 4.523366
18 16 1.472333
18 23 1.2871277
18 11 17.588434
18 29 1.3626641
18 5 0.42709428
19 31 0.06852081
19 9 0.07466822
19 17 4.751497
19 4 0.09827652
20 30 53.302505
20 13 1.1123451
20 33 1.5280887
20 11 0.8043846
20 29 3.286211
20 5 2.480904
20 34 0.76639134
20 2 3.5928605
20 14 2.0392518
20 37 2.6775022
20 7 1.8594031
20 27 1.2512052
20 16 5.1261506
20 25 0.44531813
21 26 2000.0
21 32 2000.0
21 24 0.8014277
21 35 0.03505291
21 12 0.08895933
21 15 0.7486336
22 6 1690.9092
22 31 1246.1364
22 9 0.23149654
22 19 1288.409
23 0 2000.0
23 30 1.2421994
23 2 59.830658
23 8 0.81993705
23 37 2.3561177
23 18 1.2871277
23 7 1.1273335
23 16 6.507536
23 11 2000.0
23 29 3.2589345
23 5 2.6368055
24 26 0.083149634
24 32 0.1105695
24 10 0.09921176
24 21 0.8014277
24 31 4.561854
24 12 0.072018534
24 3 177.77777
24 15 2000.0
24 17 0.40283117
25 30 1.6043653
25 13 0.74505347
25 33 0.34912744
25 11 1.12164
25 29 4.253184
25 34 1.1599481
25 20 0.44531813
25 2 2.1652098
25 14 2.538687
25 37 76.577324
25 7 5.6135097
25 27 0.84540516
25 16 1.2897344
26 36 126.08903
26 32 20.626299
26 28 0.05089419
26 10 0.032284245
26 24 0.083149634
26 31 0.045362905
26 12 1.6526078
26 17 1.831171
27 0 2000.0
27 30 0.20381825
27 8 1.5942123
27 18 4.523366
27 13 0.4430566
27 33 0.8596748
27 11 0.48352844
27 29 1.1329463
27 5 1.8425322
27 34 0.9657072
27 20 1.2512052
27 2 0.58868474
27 14 3.9532993
27 37 0.5847379
27 7 202.0814
27 16 1.5953125
27 25 0.84540516
28 36 0.03604221
28 26 0.05089419
28 10 0.2549452
28 3 0.091355644
28 12 2.5255969
28 9 2.705323
29 0 6.8543425
29 30 3.9076195
29 8 0.8156989
29 18 1.3626641
29 13 0.838426
29 11 0.59291273
29 5 2.324069
29 34 7.353774
29 20 3.286211
29 2 0.81498355
29 37 0.6558167
29 7 2000.0
29 27 1.1329463
29 16 17.296734
29 23 3.2589345
29 25 4.253184
30 0 2000.0
30 8 0.6634629
30 18 0.6587893
30 13 0.64920866
30 33 2.190947
30 11 0.4281735
30 29 3.9076195
30 5 0.6231371
30 34 1.2667142
30 20 53.302505
30 2 5.5780087
30 37 2.9003448
30 7 0.7775
30 27 0.20381825
30 16 1.0486038
30 23 1.2421994
30 25 1.6043653
31 26 0.045362905
31 6 0.36373714
31 10 0.035334837
31 24 4.561854
31 9 0.02784019
31 17 1.1569993
31 4 0.08038502
31 19 0.06852081
32 26 20.626299
32 24 0.1105695
32 12 0.2194437
32 15 0.06951589
33 34 2000.0
33 30 2.190947
33 20 1.5280887
33 2 1.9306091
33 14 1.1122377
33 7 2000.0
33 13 0.8438404
33 27 0.8596748
33 16 2270.3408
33 11 2.0505235
33 29 1419.8864
33 25 0.34912744
34 30 1.2667142
34 20 0.76639134
34 8 7.2269115
34 13 8.510885
34 7 16.934921
34 27 0.9657072
34 16 1215.0568
34 11 2.917263
34 25 1.1599481
34 29 7.353774
34 5 3.4496737
35 21 0.03505291
36 26 126.08903
36 28 0.03604221
36 3 0.24382474
36 9 1.7365932
37 30 2.9003448
37 0 0.81499225
37 8 1.0246711
37 18 1.4631264
37 13 1.3137618
37 11 1.1872717
37 29 0.6558167
37 20 2.6775022
37 2 0.68076026
37 7 12.617955
37 27 0.5847379
37 16 15.385915
37 23 2.3561177
37 25 76.577324
