0 2 0.70993507
0 37 0.9822215
0 13 1.1061072
0 29 27.405912
0 25 93.506485
1 3 1.1122348
1 12 68.31706
2 30 24.73765
2 0 0.70993507
2 8 1.4686917
2 18 2.3743105
2 13 0.6876867
2 33 1.6866882
2 11 2.2222009
2 29 1.3449699
2 20 2.8958244
2 37 0.77612466
2 27 0.9989271
2 16 2000.0
2 23 10.803641
2 25 0.54513186
3 36 1.1339573
3 28 20.427675
3 24 800.0
3 12 0.06280242
3 1 1.1122348
3 9 0.37980625
4 31 0.069097996
4 9 0.080854625
4 17 0.14239332
4 19 0.08662785
5 30 0.7296535
5 8 0.87883955
5 18 0.50435007
5 13 38.118137
5 11 2.2037265
5 29 4.516051
5 34 1.7529603
5 20 3.2640448
5 37 34.046474
5 7 52.916843
5 27 3.0578964
5 16 1.7339008
5 23 1.8842375
5 25 2000.0
6 31 0.18626894
6 17 1.5116066
7 30 0.9855681
7 20 108.47941
7 8 29.18265
7 37 131.35933
7 16 1.6224879
7 23 1.3942283
7 25 8.34458
7 5 52.916843
8 0 2000.0
8 30 0.53822225
8 18 1.3516757
8 13 1.3185635
8 11 0.92873746
8 29 1.1457858
8 5 0.87883955
8 34 37.838707
8 2 1.4686917
8 37 1.2169245
8 7 29.18265
8 27 2.5810237
8 16 1.5423074
8 23 0.86317235
8 25 2000.0
9 36 0.58500516
9 26 2000.0
9 28 1.3551338
9 10 13.202313
9 22 0.064481206
9 31 0.02936758
9 3 0.37980625
9 4 0.080854625
9 17 0.044377856
9 19 0.077550486
10 26 0.030054647
10 28 0.25127354
10 24 0.090502895
10 31 9.236756
10 12 1826.8182
10 9 13.202313
10 17 0.029105458
11 0 2000.0
11 30 0.68865496
11 8 0.92873746
11 18 6.413014
11 13 0.85793126
11 33 1.9472018
11 29 1.0247569
11 5 2.2037265
11 34 2.260646
11 20 0.7794566
11 2 2.2222009
11 37 1.3035191
11 7 4549.3184
11 27 0.6842461
11 16 0.8479368
11 25 0.8064245
12 26 0.5891747
12 32 5.078182
12 24 0.07630342
12 21 0.14551508
12 3 0.06280242
12 1 68.31706
13 30 54.20178
13 0 1.1061072
13 8 1.3185635
13 18 69.56202
13 33 1.1114019
13 11 0.85793126
13 29 1.2966144
13 5 38.118137
13 34 873.9827
13 20 1.0966852
13 2 0.6876867
13 14 12.319649
13 37 1.0624641
13 7 2000.0
13 27 0.4312855
13 16 16.852966
13 25 0.27503985
14 30 14.551836
14 20 3.432848
14 13 12.319649
14 27 2.9529862
14 33 0.4398427
14 11 2000.0
14 25 2.86878
15 32 0.06775613
15 21 6.526872
16 30 1.1053345
16 0 2000.0
16 8 1.5423074
16 18 0.9747633
16 13 16.852966
16 11 0.8479368
16 5 1.7339008
16 34 31.904955
16 20 36.795906
16 7 1.6224879
16 27 1.7724568
16 23 2.6562417
16 25 1.0166314
17 6 1.5116066
17 26 1.5852019
17 10 0.029105458
17 24 0.12778445
17 31 1.0157629
17 9 0.044377856
17 4 0.14239332
17 19 1302.8977
18 0 2000.0
18 30 0.51465327
18 8 1.3516757
18 13 69.56202
18 11 6.413014
18 29 1.0093465
18 5 0.50435007
18 2 2.3743105
18 37 2.749552
18 7 2000.0
18 27 18.146307
18 16 0.9747633
18 23 1.5601523
19 28 133.33334
19 31 0.08132508
19 9 0.077550486
19 4 0.08662785
20 30 4.276198
20 13 1.0966852
20 33 1.5740188
20 11 0.7794566
20 29 6.929447
20 5 3.2640448
20 34 0.9716777
20 2 2.8958244
20 14 3.432848
20 37 2.2514503
20 7 108.47941
20 27 1.5608419
20 16 36.795906
20 25 0.5134841
21 24 0.9925859
21 35 0.032624636
21 31 2000.0
21 12 0.14551508
21 15 6.526872
22 31 66.61513
22 9 0.064481206
22 19 2000.0
23 0 2000.0
23 30 1.3295323
23 8 0.86317235
23 2 10.803641
23 37 4.573798
23 18 1.5601523
23 7 1.3942283
23 16 2.6562417
23 11 2000.0
23 29 2.0713751
23 5 1.8842375
24 26 0.04577174
24 32 0.4158927
24 10 0.090502895
24 21 0.9925859
24 12 0.07630342
24 3 800.0
24 15 2000.0
24 17 0.12778445
25 0 93.506485
25 30 20.113077
25 13 0.27503985
25 33 0.5808621
25 11 0.8064245
25 29 1.5403488
25 34 3.1279325
25 20 0.5134841
25 2 0.54513186
25 14 2.86878
25 37 53.85345
25 7 8.34458
25 27 0.28174618
25 16 1.0166314
26 32 14.268978
26 28 0.06066715
26 10 0.030054647
26 24 0.04577174
26 31 0.08715628
26 12 0.5891747
26 17 1.5852019
27 30 0.29840818
27 0 2000.0
27 8 2.5810237
27 18 18.146307
27 13 0.4312855
27 33 1.0042372
27 11 0.6842461
27 29 0.7021591
27 5 3.0578964
27 34 1.7209928
27 20 1.5608419
27 2 0.9989271
27 14 2.9529862
27 37 1.0587441
27 7 3979.1477
27 16 1.7724568
27 25 0.28174618
28 36 0.03287402
28 26 0.06066715
28 10 0.25127354
28 3 20.427675
28 12 1190.0568
28 9 1.3551338
28 19 133.33334
29 0 27.405912
29 30 1.5541838
29 8 1.1457858
29 18 1.0093465
29 13 1.2966144
29 33 29.5543
29 11 1.0247569
29 5 4.516051
29 34 3.825117
29 20 6.929447
29 2 1.3449699
29 37 0.9989154
29 7 2000.0
29 27 0.7021591
29 16 2000.0
29 23 2.0713751
29 25 1.5403488
30 8 0.53822225
30 18 0.51465327
30 13 54.20178
30 33 5.3666883
30 11 0.68865496
30 29 1.5541838
30 5 0.7296535
30 34 0.90019727
30 20 4.276198
30 2 24.73765
30 14 14.551836
30 37 19.909466
30 7 0.9855681
30 27 0.29840818
30 16 1.1053345
30 23 1.3295323
30 25 20.113077
31 26 0.08715628
31 6 0.18626894
31 10 9.236756
31 35 70.25739
31 22 66.61513
31 9 0.02936758
31 4 0.069097996
31 17 1.0157629
31 19 0.08132508
32 26 14.268978
32 24 0.4158927
32 12 5.078182
32 15 0.06775613
33 30 5.3666883
33 13 1.1114019
33 11 1.9472018
33 29 29.5543
33 5 2000.0
33 34 2000.0
33 20 1.5740188
33 2 1.6866882
33 14 0.4398427
33 7 2000.0
33 27 1.0042372
33 16 3017.898
33 25 0.5808621
34 30 0.90019727
34 20 0.9716777
34 8 37.838707
34 37 2000.0
34 7 2000.0
34 13 873.9827
34 27 1.7209928
34 16 31.904955
34 11 2.260646
34 29 3.825117
34 25 3.1279325
34 5 1.7529603
35 21 0.032624636
35 31 70.25739
36 28 0.03287402
36 3 1.1339573
36 9 0.58500516
37 30 19.909466
37 0 0.9822215
37 8 1.2169245
37 18 2.749552
37 13 1.0624641
37 11 1.3035191
37 29 0.9989154
37 5 34.046474
37 20 2.2514503
37 2 0.77612466
37 7 131.35933
37 27 1.0587441
37 16 2000.0
37 23 4.573798
37 25 53.85345
