0 2 0.794879
0 8 350.7149
0 37 2.4293659
0 13 0.6525498
0 29 21.083872
0 25 53.822433
1 3 0.78879863
1 12 24.058903
2 30 12.9614725
2 0 0.794879
2 8 1.5443214
2 18 4.9148936
2 13 0.6908149
2 33 2.103911
2 11 1.224111
2 29 1.0205197
2 20 2.8102474
2 37 1.140022
2 27 692.89777
2 16 2000.0
2 23 8.8242035
2 25 0.5527265
3 36 0.6203813
3 28 76.05566
3 24 2000.0
3 12 0.0695231
3 1 0.78879863
3 9 0.6441878
4 31 0.066637635
4 9 0.067505814
4 17 0.11286563
4 19 0.074368685
5 30 0.72090477
5 8 0.60582423
5 18 1.230498
5 13 18.367512
5 11 1.6149672
5 29 3.5327258
5 34 2.1998084
5 20 2.0907466
5 37 22.480986
5 7 17.699953
5 27 779.5454
5 16 1.3991529
5 23 1.9224919
5 25 2000.0
6 31 0.13684799
6 17 8.281723
7 30 0.92872477
7 20 40.257557
7 8 5.430231
7 37 133.33334
7 16 1.3907933
7 23 1.2825098
7 25 1.7282482
7 5 17.699953
8 0 350.7149
8 30 0.41081378
8 18 1.2554321
8 13 1.6898271
8 11 1.3232858
8 29 0.71761364
8 5 0.60582423
8 34 27.545187
8 2 1.5443214
8 37 1.9794135
8 7 5.430231
8 27 1067.7273
8 16 1.4754728
8 23 1.1383764
8 25 2000.0
9 36 0.8039774
9 26 2000.0
9 28 0.9617079
9 10 3.623206
9 22 0.063095674
9 31 0.029238524
9 3 0.6441878
9 12 2000.0
9 4 0.067505814
9 17 0.03160305
9 19 0.07720483
10 26 35.795452
10 28 0.55838567
10 24 0.06322821
10 31 4.8087606
10 12 1887.4432
10 9 3.623206
10 17 0.035033997
11 0 2000.0
11 30 1.045323
11 8 1.3232858
11 18 4.2071977
11 13 0.9592839
11 33 1.6695076
11 29 0.9971751
11 5 1.6149672
11 34 1.97163
11 20 1.2813379
11 2 1.224111
11 37 1.0997593
11 7 3414.8296
11 27 692.89777
11 16 1.6490929
11 25 0.7317026
12 26 2000.0
12 32 4.3406763
12 24 0.090134405
12 21 0.08579732
12 3 0.0695231
12 1 24.058903
13 30 70.72295
13 0 0.6525498
13 8 1.6898271
13 18 86.18395
13 33 1.1607369
13 11 0.9592839
13 29 1.0059925
13 5 18.367512
13 34 110.499245
13 20 0.91088027
13 2 0.6908149
13 14 5.1713853
13 37 2.0979023
13 7 2000.0
13 27 150.96591
13 16 46.460945
13 25 0.23415977
14 30 14.728755
14 20 2.8202505
14 13 5.1713853
14 27 5234.1475
14 33 0.6491859
14 11 2000.0
14 25 1.6049714
15 32 0.07256892
15 21 6.9426455
16 0 2000.0
16 30 1.0841478
16 8 1.4754728
16 18 1.3029902
16 13 46.460945
16 11 1.6490929
16 5 1.3991529
16 34 28.571428
16 20 27.987478
16 7 1.3907933
16 27 1119.8296
16 23 3.7813792
16 25 0.80459386
17 26 1034.8864
17 6 8.281723
17 10 0.035033997
17 24 0.09275089
17 31 0.95167136
17 9 0.03160305
17 4 0.11286563
17 19 131.15259
18 30 0.6843593
18 0 2000.0
18 8 1.2554321
18 2 4.9148936
18 37 2.6448503
18 13 86.18395
18 27 2000.0
18 16 1.3029902
18 11 4.2071977
18 23 1.4893634
18 29 1.4131062
18 5 1.230498
19 28 150.73827
19 31 0.08995963
19 9 0.07720483
19 4 0.074368685
19 17 131.15259
20 30 2.0889328
20 8 2000.0
20 13 0.91088027
20 33 1.1274042
20 11 1.2813379
20 29 7.721226
20 5 2.0907466
20 34 0.8422787
20 2 2.8102474
20 14 2.8202505
20 37 1.7854028
20 7 40.257557
20 27 957.6705
20 16 27.987478
20 25 0.34626788
21 32 800.0
21 24 0.86731964
21 35 0.034517165
21 12 0.08579732
21 15 6.9426455
22 31 2000.0
22 9 0.063095674
22 19 2000.0
23 0 2000.0
23 30 1.6098108
23 8 1.1383764
23 2 8.8242035
23 37 1.7643826
23 18 1.4893634
23 7 1.2825098
23 16 3.7813792
23 11 2000.0
23 29 2.972221
23 5 1.9224919
24 26 37.045452
24 32 0.3227939
24 10 0.06322821
24 21 0.86731964
24 12 0.090134405
24 15 2000.0
24 17 0.09275089
25 30 8.796598
25 0 53.822433
25 13 0.23415977
25 33 0.60764205
25 11 0.7317026
25 29 3.2602875
25 34 2.5715702
25 20 0.34626788
25 2 0.5527265
25 14 1.6049714
25 37 39.837208
25 7 1.7282482
25 27 229.14774
25 16 0.80459386
28 36 0.03640216
28 26 51.81818
28 10 0.55838567
28 12 1274.3182
28 3 76.05566
28 9 0.9617079
28 19 150.73827
29 0 21.083872
29 30 2.6843338
29 8 0.71761364
29 18 1.4131062
29 13 1.0059925
29 33 24.952517
29 11 0.9971751
29 5 3.5327258
29 34 5.6065063
29 20 7.721226
29 2 1.0205197
29 37 1.3912811
29 7 2000.0
29 27 1898.9204
29 16 2000.0
29 23 2.972221
29 25 3.2602875
30 8 0.41081378
30 18 0.6843593
30 13 70.72295
30 33 7.8371797
30 11 1.045323
30 29 2.6843338
30 5 0.72090477
30 34 0.88242406
30 20 2.0889328
30 2 12.9614725
30 14 14.728755
30 37 16.615213
30 7 0.92872477
30 27 147.78409
30 16 1.0841478
30 23 1.6098108
30 25 8.796598
31 26 2000.0
31 6 0.13684799
31 10 4.8087606
31 35 23.790455
31 9 0.029238524
31 4 0.066637635
31 17 0.95167136
31 19 0.08995963
32 24 0.3227939
32 21 800.0
32 12 4.3406763
32 15 0.07256892
33 30 7.8371797
33 8 2000.0
33 13 1.1607369
33 11 1.6695076
33 29 24.952517
33 5 2000.0
33 34 2000.0
33 20 1.1274042
33 2 2.103911
33 14 0.6491859
33 7 2000.0
33 27 698.2386
33 16 2619.6023
33 25 0.60764205
34 30 0.88242406
34 20 0.8422787
34 8 27.545187
34 37 2000.0
34 13 110.499245
34 7 2452.443
34 27 716.8182
34 16 28.571428
34 11 1.97163
34 29 5.6065063
34 25 2.5715702
34 5 2.1998084
35 21 0.034517165
35 31 23.790455
36 28 0.03640216
36 3 0.6203813
36 9 0.8039774
37 30 16.615213
37 0 2.4293659
37 8 1.9794135
37 18 2.6448503
37 13 2.0979023
37 11 1.0997593
37 29 1.3912811
37 5 22.480986
37 20 1.7854028
37 2 1.140022
37 7 133.33334
37 27 725.7955
37 16 2000.0
37 23 1.7643826
37 25 39.837208
