0 2 0.9966398
0 37 5.877983
0 13 0.81925124
0 25 156.25
0 29 47.92532
1 3 0.7410127
1 12 7.7198796
2 30 31.623423
2 0 0.9966398
2 8 1.0172958
2 18 1.6275997
2 13 0.6840818
2 33 1.7801323
2 11 2.7763057
2 29 1.051538
2 20 3.435226
2 37 0.85229266
2 27 1.1317781
2 16 2000.0
2 23 13.296927
2 25 0.802854
3 36 1.2229772
3 28 74.25967
3 24 2000.0
3 12 0.065425225
3 1 0.7410127
3 9 0.80725145
4 31 0.06591666
4 9 0.07184551
4 17 0.09720419
4 19 0.090182565
5 30 0.64907783
5 8 0.9191355
5 18 1.5079243
5 13 56.057404
5 11 2.6813846
5 29 3.2917757
5 34 2.9299052
5 20 2.2718015
5 37 15.214743
5 7 9.836961
5 27 3.6501029
5 16 1.8376695
5 23 1.8325995
5 25 2000.0
6 31 0.10851342
6 17 5.640673
7 30 1.4587936
7 20 37.592052
7 8 9.6404085
7 37 200.0
7 16 1.4379547
7 11 112.50001
7 23 1.7368287
7 25 3.5377293
7 5 9.836961
8 0 2000.0
8 30 0.4150919
8 18 1.4925528
8 13 1.491257
8 11 0.9871879
8 29 0.39747447
8 5 0.9191355
8 34 85.41822
8 2 1.0172958
8 37 1.4130783
8 7 9.6404085
8 27 1.6381655
8 16 1.8634186
8 23 1.0118971
8 25 2000.0
9 36 0.4620664
9 28 0.68317664
9 10 6.4484935
9 22 0.08339901
9 31 0.028535213
9 3 0.80725145
9 12 2000.0
9 4 0.07184551
9 17 0.062160924
9 19 0.13784255
10 26 0.03357653
10 28 0.32156113
10 24 0.08445884
10 31 2.1865785
10 12 123.30682
10 9 6.4484935
10 17 0.030177789
11 0 2000.0
11 30 0.7463562
11 8 0.9871879
11 18 5.428499
11 13 1.030969
11 33 1.6804686
11 29 0.7044989
11 5 2.6813846
11 34 2.1289887
11 20 0.8919849
11 2 2.7763057
11 37 1.7261112
11 7 112.50001
11 27 1.5757222
11 16 1.731986
11 25 0.47139862
12 26 6.78338
12 32 4.9289727
12 28 77.05304
12 10 123.30682
12 24 0.068875834
12 21 0.16090128
12 3 0.065425225
12 1 7.7198796
13 30 224.10796
13 0 0.81925124
13 8 1.491257
13 18 41.36632
13 33 1.201588
13 11 1.030969
13 29 0.7166804
13 5 56.057404
13 34 142.02899
13 20 0.8654525
13 2 0.6840818
13 14 7.505129
13 37 1.3511157
13 7 2000.0
13 27 0.54305595
13 16 94.70082
13 25 0.2423956
14 30 13.473792
14 20 3.378519
14 13 7.505129
14 27 8.601169
14 33 0.9071025
14 25 1.9943912
15 32 0.077880695
15 21 14.515151
16 30 2.2163122
16 0 2000.0
16 8 1.8634186
16 18 1.6186808
16 13 94.70082
16 11 1.731986
16 5 1.8376695
16 34 24.038866
16 20 138.21198
16 7 1.4379547
16 27 1.739397
16 23 3.5896177
16 25 0.6778426
17 6 5.640673
17 26 3.1900754
17 10 0.030177789
17 24 0.07127051
17 31 1.8853694
17 9 0.062160924
17 4 0.09720419
17 19 2000.0
18 0 2000.0
18 30 1.2230825
18 8 1.4925528
18 13 41.36632
18 11 5.428499
18 29 1.4853417
18 5 1.5079243
18 2 1.6275997
18 37 2.6367955
18 7 2000.0
18 27 48.907673
18 16 1.6186808
18 23 2.1941667
19 31 0.13900495
19 9 0.13784255
19 4 0.090182565
20 30 1.8668295
20 13 0.8654525
20 33 1.1596789
20 11 0.8919849
20 29 4.9406943
20 5 2.2718015
20 34 0.806276
20 2 3.435226
20 14 3.378519
20 37 3.152044
20 7 37.592052
20 27 1.2637087
20 16 138.21198
20 25 0.2839929
21 32 800.0
21 24 1.0267934
21 35 0.03172238
21 31 2000.0
21 12 0.16090128
21 15 14.515151
22 31 22.811363
22 9 0.08339901
22 19 2000.0
23 0 2000.0
23 30 1.3780365
23 8 1.0118971
23 2 13.296927
23 37 2.1151762
23 18 2.1941667
23 7 1.7368287
23 16 3.5896177
23 11 2000.0
23 29 2.5114043
23 5 1.8325995
24 26 0.045841042
24 32 0.32072482
24 10 0.08445884
24 21 1.0267934
24 12 0.068875834
24 17 0.07127051
25 0 156.25
25 30 29.584017
25 13 0.2423956
25 33 0.7328314
25 11 0.47139862
25 29 1.9161985
25 34 1.9452287
25 20 0.2839929
25 2 0.802854
25 14 1.9943912
25 37 39.322365
25 7 3.5377293
25 27 0.21226317
25 16 0.6778426
26 32 20.200983
26 28 0.05427111
26 10 0.03357653
26 24 0.045841042
26 31 0.17547569
26 12 6.78338
26 17 3.1900754
27 30 0.22697604
27 0 2000.0
27 8 1.6381655
27 18 48.907673
27 13 0.54305595
27 33 0.76090765
27 11 1.5757222
27 29 2.2130864
27 5 3.6501029
27 34 0.99430937
27 20 1.2637087
27 2 1.1317781
27 14 8.601169
27 37 1.9998715
27 7 2000.0
27 16 1.739397
27 25 0.21226317
28 36 0.034333136
28 26 0.05427111
28 10 0.32156113
28 3 74.25967
28 12 77.05304
28 9 0.68317664
28 19 1753.466
29 0 47.92532
29 30 1.6047143
29 8 0.39747447
29 18 1.4853417
29 13 0.7166804
29 33 24.757858
29 11 0.7044989
29 5 3.2917757
29 34 5.582835
29 20 4.9406943
29 2 1.051538
29 37 0.9426786
29 7 2000.0
29 27 2.2130864
29 16 2000.0
29 23 2.5114043
29 25 1.9161985
30 8 0.4150919
30 18 1.2230825
30 13 224.10796
30 33 10.64176
30 11 0.7463562
30 29 1.6047143
30 5 0.64907783
30 34 1.3380165
30 20 1.8668295
30 2 31.623423
30 14 13.473792
30 37 17.682793
30 7 1.4587936
30 27 0.22697604
30 16 2.2163122
30 23 1.3780365
30 25 29.584017
31 26 0.17547569
31 6 0.10851342
31 10 2.1865785
31 35 1349.7538
31 22 22.811363
31 9 0.028535213
31 4 0.06591666
31 17 1.8853694
31 19 0.13900495
32 26 20.200983
32 24 0.32072482
32 21 800.0
32 12 4.9289727
32 15 0.077880695
33 30 10.64176
33 8 2000.0
33 13 1.201588
33 11 1.6804686
33 29 24.757858
33 5 2000.0
33 34 2000.0
33 20 1.1596789
33 2 1.7801323
33 14 0.9071025
33 7 2000.0
33 27 0.76090765
33 16 2422.443
33 25 0.7328314
34 30 1.3380165
34 20 0.806276
34 8 85.41822
34 37 2000.0
34 13 142.02899
34 7 2000.0
34 27 0.99430937
34 16 24.038866
34 11 2.1289887
34 29 5.582835
34 25 1.9452287
34 5 2.9299052
35 21 0.03172238
35 31 1349.7538
36 28 0.034333136
36 3 1.2229772
36 9 0.4620664
37 30 17.682793
37 0 5.877983
37 8 1.4130783
37 18 2.6367955
37 13 1.3511157
37 11 1.7261112
37 29 0.9426786
37 5 15.214743
37 20 3.152044
37 2 0.85229266
37 7 200.0
37 27 1.9998715
37 16 2000.0
37 23 2.1151762
37 25 39.322365
