0 2 1.0241927
0 37 2.3205814
0 13 1.0472355
0 29 23.382336
0 25 25.295244
1 3 0.68554085
1 12 22.692614
2 30 15.911555
2 0 1.0241927
2 8 1.0382934
2 18 1.9820441
2 13 0.5699538
2 33 5.5346613
2 11 1.4526008
2 29 1.2668006
2 20 3.7121017
2 37 0.79250497
2 27 1.8437202
2 16 2000.0
2 23 12.653967
2 25 1.0912571
3 36 0.3820639
3 28 8.180388
3 24 2000.0
3 12 0.09493294
3 1 0.68554085
3 9 0.24469377
4 31 0.07005504
4 9 0.090820536
4 17 0.15488023
4 19 0.06827344
5 30 0.8744132
5 8 0.7726881
5 18 0.39527327
5 13 16.66659
5 11 1.6313607
5 29 2.3969662
5 34 4.0844607
5 20 1.4751345
5 37 8.255372
5 7 5.344121
5 27 1.1931261
5 16 1.0957793
5 23 1.625089
6 31 0.23756336
6 17 4.0223584
7 34 100.0
7 30 0.7706483
7 20 40.134197
7 8 4.234944
7 37 160.0
7 16 1.1779879
7 23 1.4028263
7 25 1.9048257
7 5 5.344121
8 0 2000.0
8 30 0.69268817
8 18 1.4964774
8 13 1.3473114
8 11 0.8598497
8 29 0.80032176
8 5 0.7726881
8 34 151.97334
8 2 1.0382934
8 37 1.0437238
8 7 4.234944
8 27 2.111751
8 16 1.437327
8 23 1.4637355
8 25 2000.0
9 36 0.3734658
9 26 2000.0
9 28 1.310689
9 10 11.291439
9 22 0.05949017
9 31 0.030719675
9 12 2000.0
9 3 0.24469377
9 4 0.090820536
9 17 0.033514302
9 19 0.06743035
10 26 0.030745968
10 28 0.68363637
10 24 0.12156251
10 31 18.107456
10 12 110.86364
10 9 11.291439
10 17 0.02913378
11 0 2000.0
11 30 0.7483388
11 8 0.8598497
11 18 5.955805
11 13 0.6275918
11 33 4.922554
11 29 1.150537
11 5 1.6313607
11 34 2.9595256
11 20 1.3409094
11 2 1.4526008
11 37 1.4341463
11 7 1391.4772
11 27 0.4933901
11 16 1.1062163
11 25 0.9144198
12 26 2.0788279
12 32 1.7336633
12 28 143.17842
12 24 0.069629386
12 21 0.21912073
12 3 0.09493294
12 1 22.692614
13 30 63.443466
13 0 1.0472355
13 8 1.3473114
13 18 213.33333
13 33 1.1037936
13 11 0.6275918
13 29 0.7497167
13 5 16.66659
13 34 139.09093
13 20 1.4813595
13 2 0.5699538
13 14 3.4640117
13 37 1.0623481
13 7 2000.0
13 27 0.22781505
13 16 41.85533
13 25 0.23149621
14 30 5.762725
14 20 3.7570343
14 13 3.4640117
14 27 1.4167482
14 33 0.3840157
14 11 2000.0
14 25 1.7600173
15 32 0.07214798
15 21 2.044727
16 30 1.0741905
16 0 2000.0
16 8 1.437327
16 18 1.0867039
16 13 41.85533
16 11 1.1062163
16 5 1.0957793
16 34 107.17516
16 20 40.507137
16 7 1.1779879
16 27 1.3510841
16 23 3.0157416
16 25 0.6225092
17 6 4.0223584
17 26 1.534952
17 10 0.02913378
17 24 0.06386303
17 31 0.96021646
17 9 0.033514302
17 4 0.15488023
17 19 94.269516
18 0 2000.0
18 30 0.72073734
18 8 1.4964774
18 13 213.33333
18 11 5.955805
18 29 1.1446233
18 5 0.39527327
18 2 1.9820441
18 37 2.3901901
18 7 2000.0
18 27 26.220592
18 16 1.0867039
18 23 1.087925
19 28 160.0
19 31 0.086848386
19 9 0.06743035
19 4 0.06827344
19 17 94.269516
20 30 0.40911934
20 13 1.4813595
20 33 1.9319079
20 11 1.3409094
20 29 5.472784
20 5 1.4751345
20 34 1.8047309
20 2 3.7121017
20 14 3.7570343
20 37 2.6150284
20 7 40.134197
20 27 0.77516
20 16 40.507137
20 25 0.38627842
21 32 2000.0
21 24 1.1269132
21 35 0.038571317
21 31 2000.0
21 12 0.21912073
21 15 2.044727
22 31 152.38095
22 9 0.05949017
22 19 2000.0
23 0 2000.0
23 30 1.575612
23 8 1.4637355
23 2 12.653967
23 37 1.2503825
23 18 1.087925
23 7 1.4028263
23 16 3.0157416
23 11 2000.0
23 29 1.0468698
23 5 1.625089
24 26 0.03829032
24 32 0.20542784
24 10 0.12156251
24 21 1.1269132
24 12 0.069629386
24 17 0.06386303
25 30 10.225303
25 0 25.295244
25 13 0.23149621
25 33 0.5724061
25 11 0.9144198
25 29 1.530303
25 34 1.2032964
25 20 0.38627842
25 2 1.0912571
25 14 1.7600173
25 37 40.414036
25 7 1.9048257
25 27 0.242987
25 16 0.6225092
26 32 16.381413
26 28 0.09615154
26 10 0.030745968
26 24 0.03829032
26 31 0.1033992
26 12 2.0788279
26 17 1.534952
27 30 0.27205208
27 0 2000.0
27 8 2.111751
27 18 26.220592
27 13 0.22781505
27 33 0.86696714
27 11 0.4933901
27 29 0.6690448
27 5 1.1931261
27 34 1.0966231
27 20 0.77516
27 2 1.8437202
27 14 1.4167482
27 37 0.90692
27 7 2000.0
27 16 1.3510841
27 25 0.242987
28 36 0.03181187
28 26 0.09615154
28 10 0.68363637
28 12 143.17842
28 3 8.180388
28 9 1.310689
28 19 160.0
29 0 23.382336
29 30 1.5497755
29 8 0.80032176
29 18 1.1446233
29 13 0.7497167
29 33 33.242817
29 11 1.150537
29 5 2.3969662
29 34 4.437787
29 20 5.472784
29 2 1.2668006
29 37 1.0169998
29 27 0.6690448
29 16 2000.0
29 23 1.0468698
29 25 1.530303
30 8 0.69268817
30 18 0.72073734
30 13 63.443466
30 33 5.66597
30 11 0.7483388
30 29 1.5497755
30 5 0.8744132
30 34 1.1009318
30 20 0.40911934
30 2 15.911555
30 14 5.762725
30 37 24.675697
30 7 0.7706483
30 27 0.27205208
30 16 1.0741905
30 23 1.575612
30 25 10.225303
31 26 0.1033992
31 6 0.23756336
31 10 18.107456
31 35 135.9625
31 22 152.38095
31 9 0.030719675
31 4 0.07005504
31 17 0.96021646
31 19 0.086848386
32 26 16.381413
32 24 0.20542784
32 12 1.7336633
32 15 0.07214798
33 30 5.66597
33 13 1.1037936
33 11 4.922554
33 29 33.242817
33 5 2000.0
33 34 2000.0
33 20 1.9319079
33 2 5.5346613
33 14 0.3840157
33 7 2000.0
33 27 0.86696714
33 16 3017.898
33 25 0.5724061
34 30 1.1009318
34 20 1.8047309
34 8 151.97334
34 37 2000.0
34 7 100.0
34 13 139.09093
34 27 1.0966231
34 16 107.17516
34 11 2.9595256
34 29 4.437787
34 25 1.2032964
34 5 4.0844607
35 21 0.038571317
35 31 135.9625
36 28 0.03181187
36 3 0.3820639
36 9 0.3734658
37 30 24.675697
37 0 2.3205814
37 8 1.0437238
37 18 2.3901901
37 13 1.0623481
37 11 1.4341463
37 29 1.0169998
37 5 8.255372
37 20 2.6150284
37 2 0.79250497
37 7 160.0
37 27 0.90692
37 16 2000.0
37 23 1.2503825
37 25 40.414036
