0 8 13.118763
0 2 1.4112729
0 37 0.6383355
0 13 1.2369711
0 11 13.315206
0 29 7.8227553
1 3 0.28159824
1 12 1202.159
2 30 10.950481
2 0 1.4112729
2 8 1.8900583
2 18 13.695428
2 13 0.6219374
2 33 5.3599167
2 11 1.4591433
2 29 0.97514755
2 20 2.503575
2 37 0.82266486
2 27 0.84255826
2 16 2000.0
2 23 119.04661
2 25 2.3286283
3 36 0.17735589
3 28 0.1359047
3 24 1081.4204
3 12 0.09139412
3 1 0.28159824
3 9 0.22555433
4 31 0.08351275
4 9 0.06765901
4 17 0.07662309
4 19 0.08954192
5 30 1.480594
5 8 0.7216019
5 18 0.3593289
5 13 2000.0
5 11 2.3517168
5 29 5.2138433
5 34 2.1079648
5 20 3.0613067
5 37 2000.0
5 7 7.106196
5 27 1.9106784
5 16 1.7580851
5 23 4.045747
6 31 0.74776286
6 17 1.0182792
7 34 23.309874
7 30 1.2884511
7 20 1.6447612
7 8 39.0625
7 37 9.532739
7 27 88.888885
7 16 1.9500682
7 11 18.854805
7 23 1.3048301
7 25 18.645172
7 5 7.106196
8 0 13.118763
8 30 0.6680138
8 18 1.2606477
8 13 3.2592895
8 11 0.86638445
8 29 1.4453151
8 5 0.7216019
8 34 5.7870975
8 2 1.8900583
8 37 1.6738528
8 7 39.0625
8 27 2.5580807
8 16 1.359978
8 23 1.5612441
9 36 0.90006924
9 26 2000.0
9 28 0.75487536
9 10 2.765591
9 22 0.28372434
9 31 0.029212592
9 3 0.22555433
9 12 2000.0
9 17 0.04638599
9 4 0.06765901
9 19 0.082098715
10 26 0.03234971
10 28 0.21054772
10 24 0.05417395
10 31 0.05034307
10 12 13.223755
10 9 2.765591
10 17 0.029590553
11 0 13.315206
11 30 0.6343601
11 8 0.86638445
11 18 5.6779776
11 13 0.67009246
11 33 3.0141988
11 29 0.6171049
11 5 2.3517168
11 34 2.677118
11 20 0.64008623
11 2 1.4591433
11 37 1.4654964
11 7 18.854805
11 27 0.7280517
11 16 0.8718791
11 25 1.1334778
12 26 2.1981242
12 28 3.8119059
12 32 0.29781112
12 10 13.223755
12 24 0.06711409
12 21 0.13289751
12 3 0.09139412
13 30 2.3376417
13 0 1.2369711
13 8 3.2592895
13 18 2000.0
13 33 0.85279447
13 11 0.67009246
13 29 1.2209892
13 34 6.4763913
13 20 0.7662326
13 2 0.6219374
13 14 3.230173
13 37 1.8219184
13 27 0.9085593
13 16 101.58618
13 25 0.73181814
14 20 0.8630129
14 13 3.230173
14 33 0.46232674
14 27 3.4065084
14 11 2000.0
14 25 1.4329147
15 32 0.076235004
15 21 1.6034483
16 0 2000.0
16 30 1.1404942
16 8 1.359978
16 18 0.92605495
16 13 101.58618
16 11 0.8718791
16 29 38.21502
16 5 1.7580851
16 20 5.4588265
16 37 18.378578
16 7 1.9500682
16 27 1.4312562
16 23 7.1282825
16 25 1.4571679
17 26 1.8487602
17 6 1.0182792
17 10 0.029590553
17 24 0.1606163
17 31 1.2914501
17 9 0.04638599
17 4 0.07662309
17 19 5.879959
18 30 0.69656694
18 2 13.695428
18 8 1.2606477
18 37 1.0020367
18 7 2000.0
18 13 2000.0
18 27 3.905333
18 16 0.92605495
18 23 1.5589854
18 11 5.6779776
18 29 1.089216
18 5 0.3593289
19 31 0.06961784
19 9 0.082098715
19 17 5.879959
19 4 0.08954192
20 30 2.9923651
20 13 0.7662326
20 33 1.580624
20 11 0.64008623
20 29 5.584052
20 5 3.0613067
20 34 0.87512815
20 2 2.503575
20 14 0.8630129
20 37 3.0165794
20 7 1.6447612
20 27 0.669981
20 16 5.4588265
20 25 0.69912714
21 24 0.18510884
21 35 0.050286658
21 12 0.13289751
21 15 1.6034483
22 6 1612.4432
22 31 1207.8978
22 9 0.28372434
22 19 1394.0342
23 0 2000.0
23 30 1.294618
23 2 119.04661
23 8 1.5612441
23 37 2.6837323
23 18 1.5589854
23 7 1.3048301
23 16 7.1282825
23 11 2000.0
23 29 6.674576
23 5 4.045747
24 26 0.05881009
24 32 0.10889222
24 10 0.05417395
24 21 0.18510884
24 31 10.483308
24 3 1081.4204
24 12 0.06711409
24 15 2000.0
24 17 0.1606163
25 30 2.311931
25 13 0.73181814
25 33 0.36642432
25 11 1.1334778
25 29 3.7260082
25 34 7.2501903
25 20 0.69912714
25 2 2.3286283
25 14 1.4329147
25 37 36.50549
25 7 18.645172
25 27 0.8339048
25 16 1.4571679
26 36 335.19318
26 32 21.896557
26 28 0.030955993
26 10 0.03234971
26 24 0.05881009
26 31 0.061516438
26 12 2.1981242
26 17 1.8487602
27 0 2000.0
27 30 0.30540955
27 8 2.5580807
27 18 3.905333
27 13 0.9085593
27 33 3.507094
27 11 0.7280517
27 29 0.839072
27 5 1.9106784
27 34 1.4943347
27 20 0.669981
27 2 0.84255826
27 14 3.4065084
27 37 0.93453896
27 7 88.888885
27 16 1.4312562
27 25 0.8339048
28 36 0.032443058
28 26 0.030955993
28 10 0.21054772
28 3 0.1359047
28 12 3.8119059
28 9 0.75487536
29 0 7.8227553
29 30 8.216202
29 8 1.4453151
29 18 1.089216
29 13 1.2209892
29 33 114.545456
29 11 0.6171049
29 5 5.2138433
29 34 10.791724
29 20 5.584052
29 2 0.97514755
29 37 1.199089
29 7 2000.0
29 27 0.839072
29 16 38.21502
29 23 6.674576
29 25 3.7260082
30 0 2000.0
30 8 0.6680138
30 18 0.69656694
30 13 2.3376417
30 33 4.0668855
30 11 0.6343601
30 29 8.216202
30 5 1.480594
30 34 2.8284335
30 20 2.9923651
30 2 10.950481
30 37 4.443073
30 7 1.2884511
30 27 0.30540955
30 16 1.1404942
30 23 1.294618
30 25 2.311931
31 26 0.061516438
31 6 0.74776286
31 10 0.05034307
31 24 10.483308
31 9 0.029212592
31 17 1.2914501
31 4 0.08351275
31 19 0.06961784
32 26 21.896557
32 24 0.10889222
32 12 0.29781112
32 15 0.076235004
33 30 4.0668855
33 13 0.85279447
33 11 3.0141988
33 29 114.545456
33 5 2000.0
33 34 2000.0
33 20 1.580624
33 2 5.3599167
33 14 0.46232674
33 7 2000.0
33 27 3.507094
33 16 2000.0
33 25 0.36642432
34 30 2.8284335
34 20 0.87512815
34 8 5.7870975
34 7 23.309874
34 13 6.4763913
34 27 1.4943347
34 16 5535.0566
34 11 2.677118
34 25 7.2501903
34 29 10.791724
34 5 2.1079648
35 21 0.050286658
36 26 335.19318
36 28 0.032443058
36 3 0.17735589
36 9 0.90006924
37 30 4.443073
37 0 0.6383355
37 8 1.6738528
37 18 1.0020367
37 13 1.8219184
37 11 1.4654964
37 29 1.199089
37 20 3.0165794
37 2 0.82266486
37 7 9.532739
37 27 0.93453896
37 16 18.378578
37 23 2.6837323
37 25 36.50549
