0 2 1.0579937
0 37 3.1705735
0 13 1.002852
0 25 25.263159
0 29 20.608538
1 3 1.3215264
1 12 35.96822
2 30 16.232012
2 0 1.0579937
2 8 1.3600194
2 18 1.9655039
2 13 0.41968447
2 33 3.1025696
2 11 1.7789837
2 29 1.275308
2 20 2.6739514
2 37 0.85292655
2 27 1.4509026
2 16 2000.0
2 23 10.692449
2 25 0.41545507
3 36 0.23175994
3 28 77.35288
3 24 1138.8636
3 12 0.085402586
3 1 1.3215264
3 9 0.3226852
4 31 0.07768256
4 9 0.081191525
4 17 0.13167904
4 19 0.06536273
5 30 0.61280733
5 8 0.6445848
5 18 1.1887581
5 13 38.327477
5 11 1.6487107
5 29 1.7722751
5 34 1.8559166
5 20 1.8413223
5 37 13.762286
5 7 6.648914
5 27 1.4350342
5 16 1.7112545
5 23 1.9928635
5 25 2000.0
6 31 0.16453446
6 17 2.323203
7 34 1887.9165
7 30 1.0606377
7 20 100.80683
7 8 6.835381
7 37 469.32733
7 16 1.4755424
7 23 1.750363
7 11 100.0
7 25 3.1309717
7 5 6.648914
8 0 2000.0
8 30 0.30752861
8 18 1.3234879
8 13 1.1188043
8 11 0.88783824
8 29 0.39550525
8 5 0.6445848
8 34 51.810062
8 2 1.3600194
8 37 1.0542333
8 7 6.835381
8 27 0.76157844
8 16 1.6796393
8 23 1.8640348
8 25 2000.0
9 36 0.6074882
9 26 2000.0
9 28 1.1170734
9 10 5.6621256
9 22 0.062657826
9 31 0.03013303
9 12 2000.0
9 3 0.3226852
9 4 0.081191525
9 17 0.0438152
9 19 0.07908133
10 26 0.034496542
10 28 0.46689883
10 24 0.101947814
10 31 0.85235393
10 12 1491.6477
10 9 5.6621256
10 17 0.039811157
11 0 2000.0
11 30 0.695335
11 8 0.88783824
11 18 4.3958282
11 13 1.2332184
11 33 1.5575581
11 29 0.7439031
11 5 1.6487107
11 34 1.8488607
11 20 1.1526068
11 2 1.7789837
11 37 1.2762866
11 7 100.0
11 27 0.75493956
11 16 1.2255038
11 25 0.59767914
12 26 1.459966
12 32 3.8262782
12 24 0.070738636
12 21 0.16697727
12 3 0.085402586
12 1 35.96822
13 30 196.23672
13 0 1.002852
13 8 1.1188043
13 18 63.147728
13 33 0.8644631
13 11 1.2332184
13 29 1.0384747
13 5 38.327477
13 34 271.08963
13 20 0.9086825
13 2 0.41968447
13 14 4.463404
13 37 1.2665118
13 7 2000.0
13 27 0.6623574
13 16 75.32696
13 25 0.23405945
14 30 13.880213
14 20 2.680937
14 13 4.463404
14 27 10.416752
14 33 1.3995199
14 11 2000.0
14 25 4.5573344
15 32 0.06737712
15 21 14.2354765
16 30 1.0837172
16 0 2000.0
16 8 1.6796393
16 18 1.6655219
16 13 75.32696
16 11 1.2255038
16 5 1.7112545
16 34 53.69652
16 20 32.049343
16 7 1.4755424
16 27 1.481045
16 23 3.4465194
16 25 1.3606117
17 6 2.323203
17 26 1.4864144
17 10 0.039811157
17 24 0.07225341
17 31 0.99942255
17 9 0.0438152
17 4 0.13167904
17 19 207.95457
18 0 2000.0
18 30 0.757204
18 8 1.3234879
18 13 63.147728
18 11 4.3958282
18 29 1.1472397
18 5 1.1887581
18 2 1.9655039
18 37 2.9095366
18 7 2000.0
18 27 90.69129
18 16 1.6655219
18 23 2.7225685
19 31 0.075758606
19 9 0.07908133
19 4 0.06536273
19 17 207.95457
20 30 1.9337935
20 13 0.9086825
20 33 1.1429096
20 11 1.1526068
20 29 6.743347
20 5 1.8413223
20 34 0.8441792
20 2 2.6739514
20 14 2.680937
20 37 4.8292108
20 7 100.80683
20 27 1.1625254
20 16 32.049343
20 25 1.1394737
21 26 2000.0
21 32 2000.0
21 24 0.48287022
21 35 0.034706607
21 12 0.16697727
21 15 14.2354765
22 31 53.703205
22 9 0.062657826
22 19 2000.0
23 0 2000.0
23 30 1.5171828
23 8 1.8640348
23 2 10.692449
23 37 1.4322834
23 18 2.7225685
23 7 1.750363
23 16 3.4465194
23 11 2000.0
23 29 1.1841115
23 5 1.9928635
24 26 0.049674217
24 32 0.4120206
24 10 0.101947814
24 21 0.48287022
24 12 0.070738636
24 15 2000.0
24 17 0.07225341
25 30 18.858715
25 0 25.263159
25 13 0.23405945
25 33 0.9990384
25 11 0.59767914
25 29 1.4598451
25 34 1.9471971
25 20 1.1394737
25 2 0.41545507
25 14 4.5573344
25 37 18.304296
25 7 3.1309717
25 27 0.23109168
25 16 1.3606117
26 32 50.38636
26 28 0.06320108
26 10 0.034496542
26 24 0.049674217
26 31 0.22259201
26 12 1.459966
26 17 1.4864144
27 30 0.18625857
27 0 2000.0
27 8 0.76157844
27 18 90.69129
27 13 0.6623574
27 33 0.75182414
27 11 0.75493956
27 29 1.9166536
27 5 1.4350342
27 34 0.9628078
27 20 1.1625254
27 2 1.4509026
27 14 10.416752
27 37 0.80025226
27 7 2000.0
27 16 1.481045
27 25 0.23109168
28 36 0.035235163
28 26 0.06320108
28 10 0.46689883
28 12 1191.4204
28 3 77.35288
28 9 1.1170734
28 19 1379.8864
29 0 20.608538
29 30 1.0269016
29 8 0.39550525
29 18 1.1472397
29 13 1.0384747
29 33 18.388628
29 11 0.7439031
29 5 1.7722751
29 34 2.5487602
29 20 6.743347
29 2 1.275308
29 37 1.050963
29 7 2000.0
29 27 1.9166536
29 16 2000.0
29 23 1.1841115
29 25 1.4598451
30 8 0.30752861
30 18 0.757204
30 13 196.23672
30 33 6.2442083
30 11 0.695335
30 29 1.0269016
30 5 0.61280733
30 34 0.9175655
30 20 1.9337935
30 2 16.232012
30 14 13.880213
30 37 18.629955
30 7 1.0606377
30 27 0.18625857
30 16 1.0837172
30 23 1.5171828
30 25 18.858715
31 26 0.22259201
31 6 0.16453446
31 10 0.85235393
31 35 19.876516
31 22 53.703205
31 9 0.03013303
31 4 0.07768256
31 17 0.99942255
31 19 0.075758606
32 26 50.38636
32 24 0.4120206
32 12 3.8262782
32 15 0.06737712
33 30 6.2442083
33 13 0.8644631
33 11 1.5575581
33 29 18.388628
33 5 2000.0
33 34 2000.0
33 20 1.1429096
33 2 3.1025696
33 14 1.3995199
33 7 2000.0
33 27 0.75182414
33 16 2422.443
33 25 0.9990384
34 30 0.9175655
34 20 0.8441792
34 8 51.810062
34 37 2000.0
34 13 271.08963
34 7 1887.9165
34 27 0.9628078
34 16 53.69652
34 11 1.8488607
34 29 2.5487602
34 25 1.9471971
34 5 1.8559166
35 21 0.034706607
35 31 19.876516
36 28 0.035235163
36 3 0.23175994
36 9 0.6074882
37 30 18.629955
37 0 3.1705735
37 8 1.0542333
37 18 2.9095366
37 13 1.2665118
37 11 1.2762866
37 29 1.050963
37 5 13.762286
37 20 4.8292108
37 2 0.85292655
37 7 469.32733
37 27 0.80025226
37 16 2000.0
37 23 1.4322834
37 25 18.304296
