0 8 480.00003
0 2 1.1094886
0 37 3.372156
0 13 3.4131587
0 29 44.79305
0 25 22.287186
1 3 1.4668255
1 12 34.06602
2 30 16.438576
2 0 1.1094886
2 8 2.0627432
2 18 3.0918572
2 13 0.53681076
2 33 1.1822878
2 11 1.5842994
2 29 1.6175832
2 20 3.4281993
2 37 0.8439049
2 27 0.9635988
2 16 2000.0
2 23 9.442022
2 25 0.43767232
3 36 0.52059877
3 28 20.178572
3 24 2000.0
3 12 0.049482666
3 1 1.4668255
3 9 0.41343006
4 31 0.07208205
4 9 0.0929769
4 17 0.115225345
4 19 0.06859409
5 30 0.93227977
5 8 1.618719
5 18 1.1733268
5 13 36.99256
5 11 6.2104263
5 29 10.730108
5 34 5.133847
5 20 4.03973
5 37 11.952708
5 7 18.28482
5 27 1.7954812
5 16 4.0464935
5 23 5.36064
5 25 2000.0
6 31 0.12514332
6 17 3.211821
7 34 360.00003
7 30 2.147129
7 20 44.978214
7 8 6.0673914
7 37 57.142857
7 16 1.0601186
7 11 914.0511
7 23 1.4048215
7 25 3.812278
7 5 18.28482
8 0 480.00003
8 30 0.55909675
8 18 1.304129
8 13 1.7045594
8 11 1.0537543
8 29 1.1295727
8 5 1.618719
8 34 47.020386
8 2 2.0627432
8 37 0.9682223
8 7 6.0673914
8 27 3.9573212
8 16 2.1610284
8 23 1.4401551
8 25 2000.0
9 36 0.5138882
9 26 2000.0
9 28 1.6032754
9 10 49.109154
9 22 0.063356854
9 31 0.029701248
9 12 2000.0
9 3 0.41343006
9 4 0.0929769
9 17 0.051984303
9 19 0.08200927
10 26 0.030241936
10 28 0.8130275
10 24 0.085328996
10 31 10.908985
10 12 1163.6174
10 9 49.109154
10 17 0.03668694
11 30 1.078661
11 8 1.0537543
11 18 17.092293
11 13 1.6900392
11 33 2.095506
11 29 2.0898447
11 5 6.2104263
11 34 3.2260013
11 20 3.1747835
11 2 1.5842994
11 37 2.5320687
11 7 914.0511
11 27 1.4628083
11 16 2.1037714
11 25 0.42520225
12 26 0.62036043
12 32 6.3081946
12 10 1163.6174
12 24 0.06829179
12 21 0.1005531
12 3 0.049482666
12 1 34.06602
13 30 228.31766
13 0 3.4131587
13 8 1.7045594
13 18 75.35065
13 33 1.2093635
13 11 1.6900392
13 29 0.8139519
13 5 36.99256
13 34 1575.2273
13 20 1.7140778
13 2 0.53681076
13 14 3.4014568
13 37 1.317574
13 7 2000.0
13 27 0.45413426
13 16 92.04708
13 25 0.26930508
14 34 2000.0
14 30 29.572842
14 20 4.5790167
14 13 3.4014568
14 27 1.9255388
14 33 0.40061334
14 25 1.532597
15 32 0.06938794
15 21 15.990888
16 0 2000.0
16 30 1.1016394
16 8 2.1610284
16 18 1.4528933
16 13 92.04708
16 11 2.1037714
16 29 234.8932
16 5 4.0464935
16 34 70.105774
16 20 68.69421
16 7 1.0601186
16 27 1.4524468
16 23 3.0479884
16 25 0.7088429
17 6 3.211821
17 26 1.441768
17 10 0.03668694
17 24 0.07408369
17 31 0.9992641
17 9 0.051984303
17 4 0.115225345
17 19 162.54546
18 0 2000.0
18 30 0.8648006
18 8 1.304129
18 13 75.35065
18 11 17.092293
18 29 1.7042631
18 5 1.1733268
18 2 3.0918572
18 37 2.9651701
18 7 2000.0
18 27 51.866997
18 16 1.4528933
18 23 1.3718482
19 31 0.07412024
19 9 0.08200927
19 4 0.06859409
19 17 162.54546
20 30 3.012929
20 13 1.7140778
20 33 1.5489436
20 11 3.1747835
20 29 13.912538
20 5 4.03973
20 34 1.671857
20 2 3.4281993
20 14 4.5790167
20 37 4.358306
20 7 44.978214
20 27 4.773436
20 16 68.69421
20 25 0.41901517
21 26 2000.0
21 32 2000.0
21 24 0.8852819
21 35 0.062984355
21 12 0.1005531
21 15 15.990888
22 31 81.032295
22 9 0.063356854
22 19 2000.0
23 0 2000.0
23 30 2.1275332
23 8 1.4401551
23 2 9.442022
23 37 1.2273036
23 18 1.3718482
23 7 1.4048215
23 16 3.0479884
23 11 2000.0
23 29 3.6796744
23 5 5.36064
24 26 0.043428354
24 32 0.29137775
24 10 0.085328996
24 21 0.8852819
24 12 0.06829179
24 17 0.07408369
25 30 31.61678
25 0 22.287186
25 13 0.26930508
25 33 0.5791239
25 11 0.42520225
25 29 2.2937355
25 34 4.4818892
25 20 0.41901517
25 2 0.43767232
25 14 1.532597
25 37 33.328682
25 7 3.812278
25 27 0.23949835
25 16 0.7088429
26 32 75.85044
26 28 0.12816805
26 10 0.030241936
26 24 0.043428354
26 31 0.27937758
26 12 0.62036043
26 17 1.441768
27 30 1.1012772
27 0 2000.0
27 8 3.9573212
27 18 51.866997
27 13 0.45413426
27 33 0.7488923
27 11 1.4628083
27 29 1.3849242
27 5 1.7954812
27 34 0.975416
27 20 4.773436
27 2 0.9635988
27 14 1.9255388
27 37 1.6635486
27 7 2000.0
27 16 1.4524468
27 25 0.23949835
28 36 0.049559858
28 26 0.12816805
28 10 0.8130275
28 12 1180.8523
28 3 20.178572
28 9 1.6032754
28 19 1458.0681
29 0 44.79305
29 30 6.4410324
29 8 1.1295727
29 18 1.7042631
29 13 0.8139519
29 33 25.9931
29 11 2.0898447
29 5 10.730108
29 34 6.2076535
29 20 13.912538
29 2 1.6175832
29 37 1.556892
29 7 2000.0
29 27 1.3849242
29 16 234.8932
29 23 3.6796744
29 25 2.2937355
30 8 0.55909675
30 18 0.8648006
30 13 228.31766
30 33 11.746258
30 11 1.078661
30 29 6.4410324
30 5 0.93227977
30 34 1.1924677
30 20 3.012929
30 2 16.438576
30 14 29.572842
30 37 46.637646
30 7 2.147129
30 27 1.1012772
30 16 1.1016394
30 23 2.1275332
30 25 31.61678
31 26 0.27937758
31 6 0.12514332
31 10 10.908985
31 35 50.81818
31 22 81.032295
31 21 2000.0
31 9 0.029701248
31 4 0.07208205
31 17 0.9992641
31 19 0.07412024
32 26 75.85044
32 24 0.29137775
32 21 2000.0
32 12 6.3081946
32 15 0.06938794
33 30 11.746258
33 13 1.2093635
33 11 2.095506
33 29 25.9931
33 5 2000.0
33 34 2000.0
33 20 1.5489436
33 2 1.1822878
33 14 0.40061334
33 7 2000.0
33 27 0.7488923
33 16 3017.898
33 25 0.5791239
34 30 1.1924677
34 20 1.671857
34 8 47.020386
34 37 2000.0
34 7 360.00003
34 27 0.975416
34 16 70.105774
34 11 3.2260013
34 29 6.2076535
34 25 4.4818892
34 5 5.133847
35 21 0.062984355
35 31 50.81818
36 28 0.049559858
36 3 0.52059877
36 9 0.5138882
37 30 46.637646
37 0 3.372156
37 8 0.9682223
37 18 2.9651701
37 13 1.317574
37 11 2.5320687
37 29 1.556892
37 5 11.952708
37 20 4.358306
37 2 0.8439049
37 7 57.142857
37 27 1.6635486
37 16 2000.0
37 23 1.2273036
37 25 33.328682
