0 2 1.0025738
0 37 2.25201
0 13 0.80527073
0 29 35.2377
0 25 6.828725
1 3 1.3643028
1 12 13.693439
2 30 13.0320215
2 0 1.0025738
2 8 0.9354842
2 18 4.3578286
2 13 0.7191349
2 33 2.1793108
2 11 1.6485616
2 29 1.5487968
2 20 2.866253
2 37 0.76353395
2 27 1.0845939
2 16 2000.0
2 23 7.8837433
2 25 0.9140461
3 36 0.258891
3 28 4.661473
3 24 2000.0
3 12 0.07457932
3 1 1.3643028
3 9 0.17138597
4 31 0.07886443
4 9 0.06986758
4 17 0.1418854
4 19 0.0676756
5 30 0.7611673
5 8 0.43636942
5 18 1.1254762
5 13 42.921
5 11 2.0169845
5 29 2.6721346
5 34 1.8594698
5 20 2.244568
5 37 6.2187853
5 7 9.860256
5 27 1.692536
5 16 2.0759218
5 23 2.2344918
6 31 0.12742409
6 17 1.6978159
7 34 557.8296
7 30 0.7834548
7 20 105.129295
7 8 3.9754868
7 27 2000.0
7 16 1.2031988
7 11 78.2378
7 23 1.077269
7 25 2.686686
7 5 9.860256
8 0 2000.0
8 30 0.3351215
8 18 1.2463428
8 13 0.7749641
8 11 1.0090212
8 29 0.6346158
8 5 0.43636942
8 34 21.74419
8 2 0.9354842
8 37 0.8845486
8 7 3.9754868
8 27 1.0120132
8 16 1.5787326
8 23 1.0897009
8 25 2000.0
9 36 0.6837996
9 26 2000.0
9 28 0.73386997
9 10 13.621601
9 22 0.124889
9 31 0.045142964
9 3 0.17138597
9 12 2000.0
9 4 0.06986758
9 17 0.036856826
9 19 0.066523254
10 26 0.03231011
10 28 0.477456
10 24 0.117689274
10 31 11.340599
10 12 1355.284
10 9 13.621601
10 17 0.035945393
11 0 2000.0
11 30 0.93626255
11 8 1.0090212
11 18 6.254177
11 13 0.83048123
11 33 1.7640599
11 29 1.7309536
11 5 2.0169845
11 34 1.9753171
11 20 1.9578466
11 2 1.6485616
11 37 1.4504582
11 7 78.2378
11 27 0.937301
11 16 1.0160763
11 25 0.8227528
12 26 0.9064829
12 32 5.9782443
12 24 0.060458098
12 21 0.2001785
12 3 0.07457932
12 1 13.693439
13 30 37.946022
13 0 0.80527073
13 8 0.7749641
13 18 298.01138
13 33 0.9634089
13 11 0.83048123
13 29 0.8554379
13 5 42.921
13 34 108.706665
13 20 1.0437565
13 2 0.7191349
13 14 6.7988915
13 37 1.3434647
13 7 2000.0
13 27 0.2878788
13 16 25.69354
13 25 0.2883803
14 30 9.398446
14 20 4.086455
14 13 6.7988915
14 27 3.8168545
14 33 0.39975142
14 25 2.4690876
15 32 0.07460879
15 24 41.176468
15 21 10.048151
16 30 1.1700488
16 0 2000.0
16 8 1.5787326
16 18 0.9359171
16 13 25.69354
16 11 1.0160763
16 5 2.0759218
16 34 69.230774
16 20 48.051884
16 7 1.2031988
16 27 1.7334485
16 23 2.1662881
16 25 0.88296705
17 6 1.6978159
17 26 1.477659
17 10 0.035945393
17 24 0.11936038
17 31 1.0162419
17 9 0.036856826
17 4 0.1418854
17 19 180.72954
18 0 2000.0
18 30 0.745888
18 8 1.2463428
18 13 298.01138
18 11 6.254177
18 29 1.3186675
18 5 1.1254762
18 2 4.3578286
18 37 2.900801
18 7 2000.0
18 27 18.262053
18 16 0.9359171
18 23 1.1658881
19 31 0.101903155
19 9 0.066523254
19 4 0.0676756
19 17 180.72954
20 30 2.686051
20 13 1.0437565
20 33 1.5631601
20 11 1.9578466
20 29 12.548059
20 5 2.244568
20 34 1.9130981
20 2 2.866253
20 14 4.086455
20 37 2.8175876
20 7 105.129295
20 27 1.5462542
20 16 48.051884
20 25 0.89105433
21 26 2000.0
21 32 2000.0
21 24 0.7089247
21 35 0.030838486
21 12 0.2001785
21 15 10.048151
22 31 80.0
22 9 0.124889
22 19 2000.0
23 0 2000.0
23 30 1.1786661
23 8 1.0897009
23 2 7.8837433
23 37 1.6829075
23 18 1.1658881
23 7 1.077269
23 16 2.1662881
23 11 2000.0
23 29 1.0314213
23 5 2.2344918
24 26 0.035897028
24 32 0.23594353
24 10 0.117689274
24 21 0.7089247
24 12 0.060458098
24 15 41.176468
24 17 0.11936038
25 30 16.291418
25 0 6.828725
25 13 0.2883803
25 33 0.7164179
25 11 0.8227528
25 29 1.7056185
25 34 1.5564781
25 20 0.89105433
25 2 0.9140461
25 14 2.4690876
25 37 18.39441
25 7 2.686686
25 27 0.28226763
25 16 0.88296705
26 32 28.571428
26 28 0.056864753
26 10 0.03231011
26 24 0.035897028
26 31 0.14918524
26 12 0.9064829
26 17 1.477659
27 30 0.24141929
27 0 2000.0
27 8 1.0120132
27 18 18.262053
27 13 0.2878788
27 33 0.9179245
27 11 0.937301
27 29 0.7012424
27 5 1.692536
27 34 0.8456818
27 20 1.5462542
27 2 1.0845939
27 14 3.8168545
27 37 1.0228208
27 7 2000.0
27 16 1.7334485
27 25 0.28226763
28 36 0.03789304
28 26 0.056864753
28 10 0.477456
28 3 4.661473
28 12 1470.5682
28 9 0.73386997
28 19 1465.8523
29 0 35.2377
29 30 1.2282885
29 8 0.6346158
29 18 1.3186675
29 13 0.8554379
29 33 12.835382
29 11 1.7309536
29 5 2.6721346
29 34 4.060268
29 20 12.548059
29 2 1.5487968
29 37 0.87678856
29 7 2000.0
29 27 0.7012424
29 16 2000.0
29 23 1.0314213
29 25 1.7056185
30 8 0.3351215
30 18 0.745888
30 13 37.946022
30 33 8.875695
30 11 0.93626255
30 29 1.2282885
30 5 0.7611673
30 34 0.74243367
30 20 2.686051
30 2 13.0320215
30 14 9.398446
30 37 14.872046
30 7 0.7834548
30 27 0.24141929
30 16 1.1700488
30 23 1.1786661
30 25 16.291418
31 26 0.14918524
31 6 0.12742409
31 10 11.340599
31 35 20.95253
31 21 2000.0
31 22 80.0
31 9 0.045142964
31 4 0.07886443
31 17 1.0162419
31 19 0.101903155
32 26 28.571428
32 10 2000.0
32 24 0.23594353
32 21 2000.0
32 12 5.9782443
32 15 0.07460879
33 30 8.875695
33 8 2000.0
33 13 0.9634089
33 11 1.7640599
33 29 12.835382
33 5 2000.0
33 34 2000.0
33 20 1.5631601
33 2 2.1793108
33 14 0.39975142
33 7 2000.0
33 27 0.9179245
33 16 1971.0227
33 25 0.7164179
34 30 0.74243367
34 20 1.9130981
34 8 21.74419
34 37 2000.0
34 13 108.706665
34 7 557.8296
34 27 0.8456818
34 16 69.230774
34 11 1.9753171
34 29 4.060268
34 25 1.5564781
34 5 1.8594698
35 21 0.030838486
35 31 20.95253
36 28 0.03789304
36 3 0.258891
36 9 0.6837996
37 30 14.872046
37 0 2.25201
37 8 0.8845486
37 18 2.900801
37 13 1.3434647
37 11 1.4504582
37 29 0.87678856
37 5 6.2187853
37 20 2.8175876
37 2 0.76353395
37 7 3036.8184
37 27 1.0228208
37 16 2000.0
37 23 1.6829075
37 25 18.39441
