0 8 81.8431
0 2 0.9090836
0 37 0.8066288
0 13 0.774531
0 11 249.79912
0 25 2000.0
0 29 6.4785113
1 3 0.32941908
1 12 35.770027
2 30 17.95064
2 0 0.9090836
2 8 1.9944788
2 18 5.24803
2 13 0.5544123
2 33 1.9525007
2 11 1.2561996
2 29 1.3084354
2 20 2.661918
2 37 1.1255981
2 27 0.8442451
2 16 2000.0
2 23 75.56472
2 25 1.383126
3 36 0.30215114
3 28 0.13406426
3 24 2000.0
3 12 0.07780387
3 1 0.32941908
3 9 0.18464947
4 31 0.09388085
4 9 0.079414144
4 17 0.08809862
4 19 0.09254665
5 30 1.1393913
5 8 0.8479546
5 18 0.37329543
5 13 2000.0
5 11 3.6446712
5 29 3.7597764
5 34 3.3709917
5 20 1.2110251
5 37 2000.0
5 7 3.6490197
5 27 3.5293305
5 16 1.3844074
5 23 12.907221
6 31 1.7965097
6 17 2.0470328
7 34 6.440251
7 30 0.64703745
7 20 1.1829861
7 8 53.333332
7 37 16.149427
7 27 48.942192
7 16 1.1394169
7 11 5.78101
7 23 0.84149694
7 25 4.1257396
7 5 3.6490197
8 0 81.8431
8 30 1.1167669
8 18 1.6904854
8 13 7.463472
8 11 2.383628
8 29 1.3998983
8 5 0.8479546
8 34 4.9490857
8 2 1.9944788
8 37 1.4294825
8 7 53.333332
8 27 2.3732011
8 16 4.175427
8 23 1.9748814
9 36 0.9427686
9 26 2000.0
9 28 1.2286959
9 10 8.147243
9 22 1.0709597
9 31 0.04182725
9 3 0.18464947
9 17 0.08541356
9 4 0.079414144
9 19 0.06639705
10 26 0.034879033
10 28 0.23282829
10 24 0.21967743
10 31 0.0305122
10 12 10.227954
10 9 8.147243
10 17 0.030446965
11 0 249.79912
11 30 0.39754432
11 8 2.383628
11 18 6.925883
11 13 0.5130726
11 33 2.6838229
11 29 0.9748257
11 5 3.6446712
11 34 2.110298
11 20 0.9196564
11 2 1.2561996
11 37 1.6024046
11 7 5.78101
11 27 0.51606894
11 16 1.1358994
11 25 1.6075822
12 26 0.8721152
12 28 5.10717
12 32 0.43366417
12 10 10.227954
12 24 0.076177366
12 21 0.08520014
12 3 0.07780387
12 1 35.770027
13 30 1.7585226
13 0 0.774531
13 8 7.463472
13 18 339.58524
13 33 0.89909434
13 11 0.5130726
13 29 0.80183154
13 34 6.1109858
13 20 0.59472454
13 2 0.5544123
13 14 2.9937804
13 37 1.8396692
13 27 0.57809514
13 16 5343.8066
13 25 0.58271635
14 20 0.7652435
14 13 2.9937804
14 33 0.40921852
14 27 3.070565
14 11 2000.0
14 25 2.25623
15 32 0.08824607
15 21 2.2350998
16 0 2000.0
16 30 1.4773287
16 8 4.175427
16 18 0.8449786
16 33 153.67197
16 11 1.1358994
16 29 195.1529
16 5 1.3844074
16 20 16.896854
16 37 315.68185
16 7 1.1394169
16 27 2.6297338
16 23 31.753208
16 25 3.114108
17 26 3.3723655
17 6 2.0470328
17 10 0.030446965
17 24 0.32066357
17 31 1.2968293
17 9 0.08541356
17 4 0.08809862
17 19 3.464384
18 30 1.0536121
18 2 5.24803
18 8 1.6904854
18 37 1.1579299
18 7 2000.0
18 13 339.58524
18 27 3.2671335
18 16 0.8449786
18 23 1.4733766
18 11 6.925883
18 29 0.92920434
18 5 0.37329543
19 31 0.06516198
19 9 0.06639705
19 17 3.464384
19 4 0.09254665
20 30 14.947339
20 13 0.59472454
20 33 1.5737971
20 11 0.9196564
20 29 1.0959303
20 5 1.2110251
20 34 0.7974013
20 2 2.661918
20 14 0.7652435
20 37 2.400432
20 7 1.1829861
20 27 0.55774724
20 16 16.896854
20 25 0.48244464
21 32 2000.0
21 10 2000.0
21 24 0.109760545
21 35 0.06418998
21 12 0.08520014
21 15 2.2350998
22 6 1285.2273
22 31 1456.9319
22 9 1.0709597
22 19 1289.6592
23 0 2000.0
23 30 2.4075742
23 2 75.56472
23 8 1.9748814
23 37 3.4236093
23 18 1.4733766
23 7 0.84149694
23 16 31.753208
23 11 2000.0
23 29 3.6678698
23 5 12.907221
24 26 0.068648994
24 32 0.16889001
24 10 0.21967743
24 21 0.109760545
24 31 13.013333
24 12 0.076177366
24 15 2000.0
24 17 0.32066357
25 0 2000.0
25 30 2.551445
25 13 0.58271635
25 33 0.5365015
25 11 1.6075822
25 29 2.3090582
25 34 2.067083
25 20 0.48244464
25 2 1.383126
25 14 2.25623
25 37 40.599163
25 7 4.1257396
25 27 0.53644884
25 16 3.114108
26 36 15.74925
26 32 24.874592
26 28 0.036159847
26 10 0.034879033
26 24 0.068648994
26 31 0.052474346
26 12 0.8721152
26 17 3.3723655
27 0 2000.0
27 30 0.3498277
27 8 2.3732011
27 18 3.2671335
27 13 0.57809514
27 33 0.932524
27 11 0.51606894
27 29 0.4257824
27 5 3.5293305
27 34 1.2487063
27 20 0.55774724
27 2 0.8442451
27 14 3.070565
27 37 1.5484495
27 7 48.942192
27 16 2.6297338
27 25 0.53644884
28 36 0.03149488
28 26 0.036159847
28 10 0.23282829
28 3 0.13406426
28 12 5.10717
28 9 1.2286959
29 0 6.4785113
29 30 4.8387575
29 8 1.3998983
29 18 0.92920434
29 13 0.80183154
29 11 0.9748257
29 5 3.7597764
29 34 2.4071195
29 20 1.0959303
29 2 1.3084354
29 37 0.82648903
29 7 2000.0
29 27 0.4257824
29 16 195.1529
29 23 3.6678698
29 25 2.3090582
30 0 2000.0
30 8 1.1167669
30 18 1.0536121
30 13 1.7585226
30 33 2.518091
30 11 0.39754432
30 29 4.8387575
30 5 1.1393913
30 34 3.4162261
30 20 14.947339
30 2 17.95064
30 14 2000.0
30 37 6.1023116
30 7 0.64703745
30 27 0.3498277
30 16 1.4773287
30 23 2.4075742
30 25 2.551445
31 26 0.052474346
31 6 1.7965097
31 10 0.0305122
31 24 13.013333
31 9 0.04182725
31 17 1.2968293
31 4 0.09388085
31 19 0.06516198
32 26 24.874592
32 24 0.16889001
32 12 0.43366417
32 15 0.08824607
33 30 2.518091
33 8 2000.0
33 13 0.89909434
33 11 2.6838229
33 29 4032.443
33 5 2000.0
33 34 160.0
33 20 1.5737971
33 2 1.9525007
33 14 0.40921852
33 7 2000.0
33 27 0.932524
33 16 153.67197
33 25 0.5365015
34 30 3.4162261
34 20 0.7974013
34 8 4.9490857
34 7 6.440251
34 13 6.1109858
34 27 1.2487063
34 33 160.0
34 16 5535.0566
34 11 2.110298
34 25 2.067083
34 29 2.4071195
34 5 3.3709917
35 21 0.06418998
36 26 15.74925
36 28 0.03149488
36 3 0.30215114
36 9 0.9427686
37 30 6.1023116
37 0 0.8066288
37 8 1.4294825
37 18 1.1579299
37 13 1.8396692
37 11 1.6024046
37 29 0.82648903
37 20 2.400432
37 2 1.1255981
37 7 16.149427
37 27 1.5484495
37 16 315.68185
37 23 3.4236093
37 25 40.599163
