0 8 14.285078
0 2 1.4739215
0 37 0.688786
0 13 0.85082436
0 11 38.567448
0 29 10.588517
1 3 0.313924
1 12 1202.159
2 30 29.77047
2 0 1.4739215
2 8 3.6228411
2 18 6.9508624
2 13 0.9650503
2 33 3.4241898
2 11 2.8747728
2 29 1.0102766
2 20 4.8708467
2 37 1.2118741
2 27 2.6259768
2 23 51.461082
2 25 4.0582733
3 36 0.17781414
3 28 0.124756485
3 24 225.00002
3 12 0.081238136
3 1 0.313924
3 9 0.27974138
4 31 0.0691349
4 9 0.08160395
4 17 0.1462352
4 19 0.08915479
5 34 3.6595666
5 30 0.92406356
5 20 1.7272727
5 8 0.69320107
5 37 2000.0
5 18 0.27555767
5 7 9.519292
5 27 8.537913
5 16 1.9233282
5 23 4.6473417
5 11 8.182381
5 29 2.1964173
6 31 1.5077097
6 17 2.6465254
7 34 10.45471
7 30 1.9127538
7 20 2.2375531
7 8 59.704544
7 37 15.532626
7 27 1859.7347
7 16 1.0747272
7 11 28.779905
7 23 1.479896
7 25 27.620007
7 5 9.519292
8 0 14.285078
8 30 0.51767886
8 18 1.1846063
8 13 1.8282291
8 11 3.1158793
8 29 0.64446265
8 5 0.69320107
8 34 1.9613543
8 2 3.6228411
8 37 1.3476262
8 7 59.704544
8 27 1.9711778
8 16 1.2852997
8 23 0.9172788
9 36 1.4772645
9 26 2000.0
9 28 2.2550938
9 10 5.9589562
9 22 0.30207187
9 31 0.029668562
9 3 0.27974138
9 17 0.04351326
9 4 0.08160395
9 19 0.06492777
10 26 0.035292473
10 28 0.2215713
10 24 0.04813496
10 31 0.030902617
10 12 17.369753
10 9 5.9589562
10 17 0.029151246
11 0 38.567448
11 30 0.6903507
11 8 3.1158793
11 18 7.4535775
11 13 1.1403487
11 33 3.3962505
11 29 2.4001215
11 5 8.182381
11 34 2.563015
11 20 1.5114456
11 2 2.8747728
11 37 3.2655292
11 7 28.779905
11 27 0.91038585
11 16 2.1645594
11 25 1.5829363
12 26 2.5941694
12 28 4.7947836
12 32 0.29490617
12 10 17.369753
12 24 0.09791356
12 21 0.067938454
12 3 0.081238136
13 30 8.913004
13 0 0.85082436
13 8 1.8282291
13 18 250.00002
13 33 0.7667562
13 11 1.1403487
13 29 0.70857537
13 5 2000.0
13 34 8.550467
13 20 0.5439102
13 2 0.9650503
13 14 5.463192
13 37 4.125359
13 27 0.6443587
13 16 4266.648
13 25 0.55015105
14 20 2.2372649
14 13 5.463192
14 33 0.53742254
14 27 4.1674843
14 11 2000.0
14 25 12.892146
15 32 0.07189776
15 21 6.168735
16 0 2000.0
16 30 1.6018128
16 8 1.2852997
16 18 0.903516
16 11 2.1645594
16 29 255.41797
16 5 1.9233282
16 20 12.663975
16 37 74.19621
16 7 1.0747272
16 27 2.4280365
16 23 7.6870813
16 25 2.4288106
17 26 3.6885247
17 6 2.6465254
17 10 0.029151246
17 24 0.21427941
17 31 1.7165542
17 9 0.04351326
17 4 0.1462352
17 19 2.4641373
18 30 0.70920604
18 2 6.9508624
18 8 1.1846063
18 37 1.0933884
18 13 250.00002
18 7 2000.0
18 27 3.7442105
18 16 0.903516
18 23 1.9553676
18 11 7.4535775
18 29 1.1145573
18 5 0.27555767
19 31 0.06600845
19 9 0.06492777
19 17 2.4641373
19 4 0.08915479
20 0 2000.0
20 30 8.526658
20 13 0.5439102
20 33 2.015473
20 11 1.5114456
20 29 3.9811518
20 5 1.7272727
20 34 1.1557846
20 2 4.8708467
20 14 2.2372649
20 37 1.7534133
20 7 2.2375531
20 27 0.4585006
20 16 12.663975
20 25 1.161473
21 32 2000.0
21 24 0.059943188
21 35 0.044575747
21 12 0.067938454
21 15 6.168735
22 6 1197.159
22 31 1677.841
22 9 0.30207187
22 19 1386.4772
23 0 2000.0
23 30 2.5151265
23 2 51.461082
23 8 0.9172788
23 37 3.2564285
23 18 1.9553676
23 7 1.479896
23 16 7.6870813
23 11 2000.0
23 29 1.7712054
23 5 4.6473417
24 26 0.07528409
24 32 0.106939934
24 10 0.04813496
24 21 0.059943188
24 31 30.864197
24 3 225.00002
24 12 0.09791356
24 15 2000.0
24 17 0.21427941
25 30 4.845199
25 13 0.55015105
25 33 1.0796465
25 11 1.5829363
25 29 4.4411683
25 34 5.1916075
25 20 1.161473
25 2 4.0582733
25 14 12.892146
25 37 19.421612
25 7 27.620007
25 27 1.4377402
25 16 2.4288106
26 36 61.91137
26 32 1627.3864
26 28 0.032954544
26 10 0.035292473
26 24 0.07528409
26 31 0.081405185
26 12 2.5941694
26 17 3.6885247
27 0 2000.0
27 30 0.24479748
27 8 1.9711778
27 18 3.7442105
27 13 0.6443587
27 33 0.8923432
27 11 0.91038585
27 29 0.43626285
27 5 8.537913
27 34 1.0400416
27 20 0.4585006
27 2 2.6259768
27 14 4.1674843
27 37 1.0023009
27 7 1859.7347
27 16 2.4280365
27 25 1.4377402
28 36 0.032478444
28 26 0.032954544
28 10 0.2215713
28 3 0.124756485
28 12 4.7947836
28 9 2.2550938
29 0 10.588517
29 30 2.148784
29 8 0.64446265
29 18 1.1145573
29 13 0.70857537
29 11 2.4001215
29 5 2.1964173
29 34 3.5382168
29 20 3.9811518
29 2 1.0102766
29 37 0.78891563
29 7 2000.0
29 27 0.43626285
29 16 255.41797
29 23 1.7712054
29 25 4.4411683
30 0 2000.0
30 8 0.51767886
30 18 0.70920604
30 13 8.913004
30 33 2.348399
30 11 0.6903507
30 29 2.148784
30 5 0.92406356
30 34 1.6091489
30 20 8.526658
30 2 29.77047
30 14 2000.0
30 37 5.7169313
30 7 1.9127538
30 27 0.24479748
30 16 1.6018128
30 23 2.5151265
30 25 4.845199
31 26 0.081405185
31 6 1.5077097
31 10 0.030902617
31 24 30.864197
31 9 0.029668562
31 17 1.7165542
31 4 0.0691349
31 19 0.06600845
32 24 0.106939934
32 12 0.29490617
32 15 0.07189776
33 30 2.348399
33 8 2000.0
33 13 0.7667562
33 11 3.3962505
33 29 1436.875
33 34 2000.0
33 20 2.015473
33 2 3.4241898
33 14 0.53742254
33 7 2000.0
33 27 0.8923432
33 16 1622.3296
33 25 1.0796465
34 30 1.6091489
34 20 1.1557846
34 8 1.9613543
34 7 10.45471
34 13 8.550467
34 27 1.0400416
34 16 5535.0566
34 11 2.563015
34 25 5.1916075
34 29 3.5382168
34 5 3.6595666
35 21 0.044575747
36 26 61.91137
36 28 0.032478444
36 3 0.17781414
36 9 1.4772645
37 30 5.7169313
37 0 0.688786
37 8 1.3476262
37 18 1.0933884
37 13 4.125359
37 11 3.2655292
37 29 0.78891563
37 20 1.7534133
37 2 1.2118741
37 7 15.532626
37 27 1.0023009
37 16 74.19621
37 23 3.2564285
37 25 19.421612
