0 2 0.8685115
0 37 2.2352242
0 13 1.2175447
0 29 42.589508
0 25 20.614595
1 3 0.786039
1 12 35.10484
2 30 17.853556
2 0 0.8685115
2 8 1.5677513
2 18 2.579771
2 13 0.60781485
2 33 1.9488426
2 11 1.6341666
2 29 1.213857
2 20 3.548377
2 37 0.8280748
2 27 1.1428249
2 16 2000.0
2 23 8.345626
2 25 0.9343205
3 36 1.8913661
3 28 34.896137
3 24 200.0
3 12 0.05506515
3 1 0.786039
3 9 0.78849995
4 31 0.0630673
4 9 0.07019374
4 17 0.24133033
4 19 0.07896796
5 30 0.7933934
5 8 0.7035418
5 18 0.88808495
5 13 17.774641
5 11 3.3267806
5 29 3.1674063
5 34 3.8902354
5 20 4.580236
5 37 12.083431
5 7 6.9491916
5 27 2.6428373
5 16 2.4233568
5 23 2.1034122
5 25 2000.0
6 31 0.14583945
6 17 5.4355273
7 30 0.8886748
7 20 64.88145
7 8 9.619978
7 37 89.25796
7 16 1.2948978
7 23 1.424573
7 25 2.1316664
7 5 6.9491916
8 0 2000.0
8 30 0.4454185
8 18 1.135609
8 13 1.0561541
8 11 0.96658623
8 29 0.8977838
8 5 0.7035418
8 34 30.455256
8 2 1.5677513
8 37 0.9038612
8 7 9.619978
8 27 3.5085046
8 16 1.7253802
8 23 0.84200627
8 25 2000.0
9 36 0.74694955
9 26 2000.0
9 28 1.5839524
9 10 22.558558
9 22 0.044581313
9 31 0.033062153
9 12 2000.0
9 3 0.78849995
9 4 0.07019374
9 17 0.03673201
9 19 0.07099419
10 26 0.030004764
10 28 0.59400475
10 24 0.095060684
10 31 6.7422047
10 12 1489.8864
10 9 22.558558
10 17 0.036260072
11 0 2000.0
11 30 0.66467303
11 8 0.96658623
11 18 7.725041
11 13 1.131318
11 33 2.0614407
11 29 0.8659322
11 5 3.3267806
11 34 2.0878034
11 20 1.2004147
11 2 1.6341666
11 37 1.3526645
11 7 1628.1818
11 27 0.93667126
11 16 1.2897646
11 25 0.9434419
12 26 0.34985667
12 32 1.8890357
12 24 0.06712718
12 21 0.19276704
12 3 0.05506515
12 1 35.10484
13 30 19.439999
13 0 1.2175447
13 8 1.0561541
13 18 158.32616
13 33 1.1992887
13 11 1.131318
13 29 1.6404554
13 5 17.774641
13 34 67.79142
13 20 0.86192906
13 2 0.60781485
13 14 6.6871057
13 37 1.064819
13 7 2000.0
13 27 1.0438764
13 16 26.708334
13 25 0.2689363
14 30 8.21861
14 20 2.11497
14 13 6.6871057
14 27 2.4661796
14 33 0.42870548
14 11 2000.0
14 25 4.385121
15 32 0.07483234
15 21 1.6263998
16 30 1.1041548
16 0 2000.0
16 8 1.7253802
16 18 1.0392584
16 13 26.708334
16 11 1.2897646
16 5 2.4233568
16 34 23.01099
16 20 31.598938
16 7 1.2948978
16 27 1.5501785
16 23 2.0309813
16 25 0.699803
17 6 5.4355273
17 26 1.6584545
17 10 0.036260072
17 24 0.07810707
17 31 0.9702246
17 9 0.03673201
17 4 0.24133033
17 19 133.33334
18 0 2000.0
18 30 0.718687
18 8 1.135609
18 13 158.32616
18 11 7.725041
18 29 1.0011083
18 5 0.88808495
18 2 2.579771
18 37 2.815648
18 7 2000.0
18 27 12.00746
18 16 1.0392584
18 23 0.9214653
19 31 0.072572924
19 9 0.07099419
19 17 133.33334
19 4 0.07896796
20 0 2000.0
20 30 1.115823
20 13 0.86192906
20 33 1.4022496
20 11 1.2004147
20 29 4.935623
20 5 4.580236
20 34 0.90870845
20 2 3.548377
20 14 2.11497
20 37 4.296103
20 7 64.88145
20 27 1.780634
20 16 31.598938
20 25 0.5951979
21 24 1.1455934
21 35 0.039450537
21 12 0.19276704
21 15 1.6263998
22 31 57.142857
22 9 0.044581313
22 19 2000.0
23 0 2000.0
23 30 1.4920772
23 8 0.84200627
23 2 8.345626
23 37 0.90241987
23 18 0.9214653
23 7 1.424573
23 16 2.0309813
23 11 2000.0
23 29 1.0347028
23 5 2.1034122
24 26 0.05084504
24 32 0.20576683
24 10 0.095060684
24 21 1.1455934
24 12 0.06712718
24 3 200.0
24 15 2000.0
24 17 0.07810707
25 30 15.10551
25 0 20.614595
25 13 0.2689363
25 33 0.58172935
25 11 0.9434419
25 29 1.8279986
25 34 1.8917665
25 20 0.5951979
25 2 0.9343205
25 14 4.385121
25 37 123.07693
25 7 2.1316664
25 27 0.3343317
25 16 0.699803
26 32 44.348972
26 28 0.09569805
26 10 0.030004764
26 24 0.05084504
26 31 0.19421448
26 12 0.34985667
26 17 1.6584545
27 30 0.27168587
27 0 2000.0
27 8 3.5085046
27 18 12.00746
27 13 1.0438764
27 33 0.7214789
27 11 0.93667126
27 29 0.81456745
27 5 2.6428373
27 34 1.1308049
27 20 1.780634
27 2 1.1428249
27 14 2.4661796
27 37 1.2385435
27 7 2000.0
27 16 1.5501785
27 25 0.3343317
28 36 0.03180963
28 26 0.09569805
28 10 0.59400475
28 3 34.896137
28 12 1208.6364
28 9 1.5839524
28 19 1352.784
29 0 42.589508
29 30 1.156029
29 8 0.8977838
29 18 1.0011083
29 13 1.6404554
29 33 23.539381
29 11 0.8659322
29 5 3.1674063
29 34 3.7009873
29 20 4.935623
29 2 1.213857
29 37 0.8263322
29 7 2000.0
29 27 0.81456745
29 16 2000.0
29 23 1.0347028
29 25 1.8279986
30 8 0.4454185
30 18 0.718687
30 13 19.439999
30 33 3.7660122
30 11 0.66467303
30 29 1.156029
30 5 0.7933934
30 34 0.77974206
30 20 1.115823
30 2 17.853556
30 14 8.21861
30 37 16.989498
30 7 0.8886748
30 27 0.27168587
30 16 1.1041548
30 23 1.4920772
30 25 15.10551
31 26 0.19421448
31 6 0.14583945
31 10 6.7422047
31 35 61.230476
31 22 57.142857
31 9 0.033062153
31 4 0.0630673
31 17 0.9702246
31 19 0.072572924
32 26 44.348972
32 24 0.20576683
32 21 2000.0
32 12 1.8890357
32 15 0.07483234
33 30 3.7660122
33 13 1.1992887
33 11 2.0614407
33 29 23.539381
33 5 2000.0
33 34 2000.0
33 20 1.4022496
33 2 1.9488426
33 14 0.42870548
33 7 2000.0
33 27 0.7214789
33 16 3017.898
33 25 0.58172935
34 30 0.77974206
34 20 0.90870845
34 8 30.455256
34 37 2000.0
34 7 2000.0
34 13 67.79142
34 27 1.1308049
34 16 23.01099
34 11 2.0878034
34 29 3.7009873
34 25 1.8917665
34 5 3.8902354
35 21 0.039450537
35 31 61.230476
36 28 0.03180963
36 3 1.8913661
36 9 0.74694955
37 30 16.989498
37 0 2.2352242
37 8 0.9038612
37 18 2.815648
37 13 1.064819
37 11 1.3526645
37 29 0.8263322
37 5 12.083431
37 20 4.296103
37 2 0.8280748
37 7 89.25796
37 27 1.2385435
37 16 2000.0
37 23 0.90241987
37 25 123.07693
