0 2 0.8762577
0 37 1.2698425
0 13 0.80311775
0 29 50.819622
0 25 36.593395
1 3 0.70015156
1 12 13.75932
2 30 12.377113
2 0 0.8762577
2 8 2.551745
2 18 2.0465286
2 13 0.6062892
2 33 1.9254751
2 11 2.0103748
2 29 1.2109015
2 20 6.4628267
2 37 1.0147077
2 27 692.89777
2 16 2000.0
2 23 9.331502
2 25 0.573126
3 36 1.1030895
3 28 50.925377
3 24 2000.0
3 12 0.06684806
3 1 0.70015156
3 9 0.61455655
4 31 0.07669538
4 9 0.07159091
4 17 0.15289693
4 19 0.06718553
5 30 0.73702294
5 8 0.9335298
5 18 1.1938608
5 13 11.155126
5 11 1.5553478
5 29 1.6623998
5 34 1.9844767
5 20 11.285185
5 37 6.9376774
5 7 13.083484
5 27 779.5454
5 16 1.7770083
5 23 7.9907646
5 25 2000.0
6 31 0.6699963
6 17 3.4255278
7 34 228.57143
7 30 0.8981405
7 20 60.46894
7 8 5.39676
7 16 1.4859322
7 11 65.140755
7 23 1.6423998
7 25 4.170534
7 29 266.6667
7 5 13.083484
8 0 2000.0
8 30 0.45741478
8 18 1.1514663
8 13 2.3790636
8 11 1.2797258
8 29 1.0440207
8 5 0.9335298
8 34 64.57289
8 2 2.551745
8 37 1.0796903
8 7 5.39676
8 27 1067.7273
8 16 2.03728
8 23 1.292205
8 25 2000.0
9 36 0.92018557
9 26 2000.0
9 28 0.6153581
9 10 5.024821
9 22 0.068403766
9 31 0.029638002
9 3 0.61455655
9 12 2000.0
9 4 0.07159091
9 17 0.03218896
9 19 0.093263365
10 26 35.795452
10 28 0.5167051
10 24 0.080600455
10 31 7.928592
10 12 1439.034
10 9 5.024821
10 17 0.029447705
11 0 2000.0
11 30 0.9315006
11 8 1.2797258
11 18 3.3065147
11 13 0.86012214
11 33 1.1254593
11 29 2.5057235
11 5 1.5553478
11 34 2.0549102
11 20 1.5869999
11 2 2.0103748
11 37 1.953564
11 7 65.140755
11 27 692.89777
11 16 1.1555327
11 25 0.9001252
12 26 2000.0
12 32 5.1148677
12 24 0.08585356
12 21 0.12699303
12 3 0.06684806
12 1 13.75932
13 30 17.293182
13 0 0.80311775
13 8 2.3790636
13 18 22.766651
13 33 1.2070346
13 11 0.86012214
13 29 0.869152
13 5 11.155126
13 34 109.87247
13 20 1.1485585
13 2 0.6062892
13 14 4.0012956
13 37 1.0793084
13 7 2000.0
13 27 150.96591
13 16 66.19682
13 25 0.24303141
14 30 9.544429
14 20 3.7774837
14 13 4.0012956
14 27 5234.1475
14 33 0.5383662
14 11 2000.0
14 25 7.705311
15 32 0.0671395
15 21 10.877511
16 34 63.34989
16 30 1.6537027
16 20 172.6729
16 8 2.03728
16 18 1.2408782
16 13 66.19682
16 7 1.4859322
16 27 1119.8296
16 11 1.1555327
16 23 2.4918945
16 25 0.9335159
16 5 1.7770083
17 6 3.4255278
17 26 1034.8864
17 10 0.029447705
17 24 0.1313097
17 31 1.9354839
17 9 0.03218896
17 4 0.15289693
17 19 74.666885
18 0 2000.0
18 30 0.67421913
18 8 1.1514663
18 13 22.766651
18 11 3.3065147
18 29 1.8806543
18 5 1.1938608
18 2 2.0465286
18 37 2.8870747
18 7 2000.0
18 27 2000.0
18 16 1.2408782
18 23 1.1814287
19 28 37.349342
19 31 0.08081042
19 9 0.093263365
19 4 0.06718553
19 17 74.666885
20 30 1.8133696
20 13 1.1485585
20 33 1.1249645
20 11 1.5869999
20 29 4.2819424
20 5 11.285185
20 34 0.8501681
20 2 6.4628267
20 14 3.7774837
20 37 4.230865
20 7 60.46894
20 27 957.6705
20 16 172.6729
20 25 0.5489077
21 26 2000.0
21 32 2000.0
21 24 1.1213732
21 35 0.033838514
21 12 0.12699303
21 15 10.877511
22 31 240.00002
22 9 0.068403766
22 19 2000.0
23 30 1.3667039
23 0 2000.0
23 8 1.292205
23 2 9.331502
23 37 2.2064998
23 18 1.1814287
23 7 1.6423998
23 16 2.4918945
23 11 2000.0
23 29 1.521124
23 5 7.9907646
24 26 37.045452
24 32 0.1940348
24 10 0.080600455
24 21 1.1213732
24 12 0.08585356
24 17 0.1313097
25 30 11.0944605
25 0 36.593395
25 13 0.24303141
25 33 0.4979229
25 11 0.9001252
25 29 2.1045864
25 34 1.6812036
25 20 0.5489077
25 2 0.573126
25 14 7.705311
25 37 43.46293
25 7 4.170534
25 27 229.14774
25 16 0.9335159
28 36 0.03137903
28 26 51.81818
28 10 0.5167051
28 3 50.925377
28 12 1274.3182
28 9 0.6153581
28 19 37.349342
29 0 50.819622
29 30 2.127005
29 8 1.0440207
29 18 1.8806543
29 13 0.869152
29 33 12.955636
29 11 2.5057235
29 5 1.6623998
29 34 6.5638256
29 20 4.2819424
29 2 1.2109015
29 37 0.95045096
29 7 266.6667
29 27 1898.9204
29 16 2000.0
29 23 1.521124
29 25 2.1045864
30 8 0.45741478
30 18 0.67421913
30 13 17.293182
30 33 5.3225565
30 11 0.9315006
30 29 2.127005
30 5 0.73702294
30 34 0.78425056
30 20 1.8133696
30 2 12.377113
30 14 9.544429
30 37 10.836734
30 7 0.8981405
30 27 147.78409
30 16 1.6537027
30 23 1.3667039
30 25 11.0944605
31 26 2000.0
31 6 0.6699963
31 10 7.928592
31 35 45.30909
31 22 240.00002
31 9 0.029638002
31 4 0.07669538
31 17 1.9354839
31 19 0.08081042
32 24 0.1940348
32 12 5.1148677
32 15 0.0671395
33 30 5.3225565
33 8 2000.0
33 13 1.2070346
33 11 1.1254593
33 29 12.955636
33 5 2000.0
33 34 2000.0
33 20 1.1249645
33 2 1.9254751
33 14 0.5383662
33 7 2000.0
33 27 698.2386
33 16 2422.443
33 25 0.4979229
34 30 0.78425056
34 20 0.8501681
34 8 64.57289
34 37 2000.0
34 13 109.87247
34 7 228.57143
34 27 716.8182
34 16 63.34989
34 11 2.0549102
34 29 6.5638256
34 25 1.6812036
34 5 1.9844767
35 21 0.033838514
35 31 45.30909
36 28 0.03137903
36 3 1.1030895
36 9 0.92018557
37 30 10.836734
37 0 1.2698425
37 8 1.0796903
37 18 2.8870747
37 13 1.0793084
37 11 1.953564
37 29 0.95045096
37 5 6.9376774
37 20 4.230865
37 2 1.0147077
37 7 7117.102
37 27 725.7955
37 16 2000.0
37 23 2.2064998
37 25 43.46293
