0 8 11.984036
0 2 0.7276325
0 37 0.95882577
0 13 0.93942964
0 11 107.756935
0 25 416.6667
0 29 15.3965225
1 3 0.33934912
1 12 1202.2728
2 30 18.733692
2 0 0.7276325
2 8 1.3608998
2 18 11.023293
2 13 0.45471495
2 33 2.9345872
2 11 0.86662304
2 29 1.4111763
2 20 4.0431786
2 37 0.87064517
2 27 0.9405089
2 16 2000.0
2 23 100.0
2 25 1.8642703
3 36 0.18433277
3 28 0.09877946
3 24 400.0
3 12 0.05983942
3 1 0.33934912
3 9 0.21458012
4 31 0.06615091
4 9 0.068612434
4 17 0.08567779
4 19 0.08609399
5 34 8.765729
5 30 0.75875
5 20 2.0288134
5 8 0.7969076
5 18 0.3906906
5 7 16.897154
5 13 2000.0
5 27 2.2166936
5 16 1.1848451
5 23 7.9385967
5 11 3.596274
5 29 3.158213
6 31 1.8177421
6 17 0.893025
7 34 9.56905
7 30 0.74862266
7 20 1.6246119
7 8 104.43791
7 37 12.48941
7 27 71.60924
7 16 1.0618056
7 11 5.801106
7 23 1.1808813
7 25 7.1515517
7 5 16.897154
8 0 11.984036
8 30 0.6904496
8 18 1.1708361
8 13 1.9753125
8 11 0.6631971
8 29 0.7333465
8 5 0.7969076
8 34 4.8858647
8 2 1.3608998
8 37 1.1596172
8 7 104.43791
8 27 1.6159439
8 16 1.4285746
8 23 0.85894954
9 36 1.4922223
9 26 2000.0
9 28 1.282909
9 10 5.918608
9 22 0.24671318
9 31 0.03309036
9 3 0.21458012
9 17 0.046471238
9 4 0.068612434
9 19 0.06742735
10 26 0.036806654
10 28 0.16844474
10 24 0.06867746
10 31 0.031078707
10 12 7.1081862
10 9 5.918608
10 17 0.030636927
11 0 107.756935
11 30 0.36517328
11 8 0.6631971
11 18 4.6838026
11 13 0.39415795
11 33 4.6841583
11 29 0.94526064
11 5 3.596274
11 34 1.7154195
11 20 0.9171798
11 2 0.86662304
11 37 1.7614216
11 7 5.801106
11 27 0.30484885
11 16 0.85819244
11 25 1.2109947
12 26 1.4695019
12 28 3.5531313
12 32 0.17650256
12 10 7.1081862
12 24 0.068295196
12 21 0.077550225
12 3 0.05983942
13 30 1.080811
13 0 0.93942964
13 8 1.9753125
13 18 333.31903
13 33 0.8072191
13 11 0.39415795
13 29 0.6534253
13 34 7.990749
13 20 0.8184382
13 2 0.45471495
13 14 2.5343075
13 37 2.6513429
13 27 0.18155254
13 16 33.333336
13 25 0.6581556
14 20 0.6263655
14 13 2.5343075
14 33 0.47411156
14 27 2.5986376
14 11 2000.0
14 25 1.3741703
15 32 0.07797619
15 21 1.0390394
16 0 2000.0
16 30 1.084844
16 8 1.4285746
16 18 0.6207206
16 13 33.333336
16 11 0.85819244
16 29 54.543255
16 5 1.1848451
16 20 17.103144
16 37 78.1401
16 7 1.0618056
16 27 1.2244682
16 23 10.42762
16 25 1.1173482
17 26 1.7652485
17 6 0.893025
17 10 0.030636927
17 24 0.16153526
17 31 1.1986364
17 9 0.046471238
17 4 0.08567779
17 19 1.7701397
18 30 0.70551056
18 2 11.023293
18 8 1.1708361
18 37 1.0567453
18 13 333.31903
18 7 2000.0
18 27 3.150689
18 16 0.6207206
18 23 1.4669689
18 11 4.6838026
18 29 1.0334445
18 5 0.3906906
19 31 0.07875019
19 9 0.06742735
19 17 1.7701397
19 4 0.08609399
20 30 6.2562304
20 13 0.8184382
20 33 1.115488
20 11 0.9171798
20 29 1.7991328
20 5 2.0288134
20 34 0.86969984
20 2 4.0431786
20 14 0.6263655
20 37 4.814455
20 7 1.6246119
20 27 0.42319748
20 16 17.103144
20 25 0.5121416
21 24 0.13242425
21 35 0.04839044
21 12 0.077550225
21 15 1.0390394
22 6 1352.4432
22 31 1199.8864
22 9 0.24671318
22 19 1329.8296
23 0 2000.0
23 30 1.1935145
23 2 100.0
23 8 0.85894954
23 37 2.467639
23 18 1.4669689
23 7 1.1808813
23 16 10.42762
23 11 2000.0
23 29 3.0529418
23 5 7.9385967
24 26 0.055117305
24 32 0.100246966
24 10 0.06867746
24 21 0.13242425
24 31 11.36268
24 12 0.068295196
24 3 400.0
24 15 2000.0
24 17 0.16153526
25 0 416.6667
25 30 0.81990635
25 13 0.6581556
25 33 0.6035654
25 11 1.2109947
25 29 2.7204285
25 34 1.5007207
25 20 0.5121416
25 2 1.8642703
25 14 1.3741703
25 37 9.377187
25 7 7.1515517
25 27 0.56325763
25 16 1.1173482
26 32 70.16899
26 28 0.037719116
26 10 0.036806654
26 24 0.055117305
26 31 0.0590176
26 12 1.4695019
26 17 1.7652485
27 0 2000.0
27 30 0.22039205
27 8 1.6159439
27 18 3.150689
27 13 0.18155254
27 33 0.98058146
27 11 0.30484885
27 29 0.5024928
27 5 2.2166936
27 34 1.3178296
27 20 0.42319748
27 2 0.9405089
27 14 2.5986376
27 37 1.0782499
27 7 71.60924
27 16 1.2244682
27 25 0.56325763
28 36 0.039823808
28 26 0.037719116
28 10 0.16844474
28 3 0.09877946
28 12 3.5531313
28 9 1.282909
29 0 15.3965225
29 30 3.912565
29 8 0.7333465
29 18 1.0334445
29 13 0.6534253
29 11 0.94526064
29 5 3.158213
29 34 1.5368444
29 20 1.7991328
29 2 1.4111763
29 37 0.8771089
29 7 2000.0
29 27 0.5024928
29 16 54.543255
29 23 3.0529418
29 25 2.7204285
30 0 2000.0
30 8 0.6904496
30 18 0.70551056
30 13 1.080811
30 33 3.763592
30 11 0.36517328
30 29 3.912565
30 5 0.75875
30 34 1.429999
30 20 6.2562304
30 2 18.733692
30 14 2000.0
30 37 5.2135024
30 7 0.74862266
30 27 0.22039205
30 16 1.084844
30 23 1.1935145
30 25 0.81990635
31 26 0.0590176
31 6 1.8177421
31 10 0.031078707
31 24 11.36268
31 9 0.03309036
31 17 1.1986364
31 4 0.06615091
31 19 0.07875019
32 26 70.16899
32 24 0.100246966
32 12 0.17650256
32 15 0.07797619
33 30 3.763592
33 13 0.8072191
33 11 4.6841583
33 29 3275.3408
33 5 2000.0
33 34 2000.0
33 20 1.115488
33 2 2.9345872
33 14 0.47411156
33 7 2000.0
33 27 0.98058146
33 16 1998.8635
33 25 0.6035654
34 30 1.429999
34 20 0.86969984
34 8 4.8858647
34 7 9.56905
34 13 7.990749
34 27 1.3178296
34 16 3216.9885
34 11 1.7154195
34 25 1.5007207
34 29 1.5368444
34 5 8.765729
35 21 0.04839044
36 26 1158.0682
36 28 0.039823808
36 3 0.18433277
36 9 1.4922223
37 30 5.2135024
37 0 0.95882577
37 8 1.1596172
37 18 1.0567453
37 13 2.6513429
37 11 1.7614216
37 29 0.8771089
37 20 4.814455
37 2 0.87064517
37 7 12.48941
37 27 1.0782499
37 16 78.1401
37 23 2.467639
37 25 9.377187
