0 2 1.6334163
0 37 1.737201
0 13 0.82801485
0 29 21.587662
0 25 33.84761
1 3 1.0780957
1 12 39.211143
2 30 16.426182
2 0 1.6334163
2 8 1.6879859
2 18 2.8979192
2 13 0.461937
2 33 2.0738447
2 11 1.9121789
2 29 1.224797
2 20 5.748646
2 37 0.9011805
2 27 0.8989427
2 16 2000.0
2 23 17.608639
2 25 1.545936
3 36 0.50173795
3 28 8.663637
3 24 2000.0
3 12 0.08177808
3 1 1.0780957
3 9 0.45298147
4 31 0.06402137
4 9 0.07953363
4 17 0.122711405
4 19 0.0685941
5 30 0.80126804
5 8 1.1794275
5 18 1.1891711
5 13 30.136217
5 11 4.347084
5 29 3.0929754
5 34 4.019391
5 20 3.3205416
5 37 31.990227
5 7 22.812927
5 27 1.9398776
5 16 2.394102
5 23 8.720612
5 25 2000.0
6 31 0.14988637
6 17 2.2716186
7 30 0.9712806
7 20 109.222404
7 8 19.821476
7 37 49.71978
7 16 1.4053849
7 11 76.36024
7 23 1.5213957
7 25 1.783207
7 5 22.812927
8 0 2000.0
8 30 0.7304621
8 18 1.4324487
8 13 1.6510016
8 11 1.3651936
8 29 1.8487096
8 5 1.1794275
8 34 13.167937
8 2 1.6879859
8 37 1.2401611
8 7 19.821476
8 27 2.1866205
8 16 2.2639797
8 23 1.1256433
8 25 2000.0
9 36 0.6988636
9 26 2000.0
9 28 0.7867533
9 10 13.151342
9 22 0.047191802
9 31 0.029295469
9 3 0.45298147
9 12 2000.0
9 4 0.07953363
9 17 0.03620955
9 19 0.069532424
10 26 0.029435484
10 28 0.2965909
10 24 0.08056788
10 31 5.1283016
10 12 1264.2045
10 9 13.151342
10 17 0.03233979
11 0 2000.0
11 30 0.6909298
11 8 1.3651936
11 18 9.48593
11 13 1.0811317
11 33 1.7764182
11 29 1.431543
11 5 4.347084
11 34 1.9643147
11 20 1.6589713
11 2 1.9121789
11 37 2.5587764
11 7 76.36024
11 27 0.7610624
11 16 1.2785791
11 25 1.1242511
12 26 0.5405966
12 32 7.348897
12 24 0.06385884
12 21 0.099599876
12 3 0.08177808
12 1 39.211143
13 30 127.37804
13 0 0.82801485
13 8 1.6510016
13 18 57.362877
13 33 0.85164297
13 11 1.0811317
13 29 1.0297787
13 5 30.136217
13 34 146.64603
13 20 1.2437012
13 2 0.461937
13 14 26.939968
13 37 1.7546971
13 7 2000.0
13 27 0.8897137
13 16 88.888885
13 25 0.4020027
14 34 2000.0
14 30 20.947071
14 20 3.0987654
14 13 26.939968
14 27 12.838648
14 33 0.40047655
14 11 2000.0
14 25 3.9457793
15 32 0.08628912
15 21 7.8634944
16 0 2000.0
16 30 1.1791568
16 8 2.2639797
16 18 1.244056
16 13 88.888885
16 11 1.2785791
16 29 320.0
16 5 2.394102
16 34 74.46866
16 20 51.666374
16 7 1.4053849
16 27 1.8826785
16 23 4.5418673
16 25 2.1943169
17 6 2.2716186
17 26 1.9391567
17 10 0.03233979
17 24 0.10814896
17 31 0.967749
17 9 0.03620955
17 4 0.122711405
17 19 89.931816
18 0 2000.0
18 30 0.72188944
18 8 1.4324487
18 13 57.362877
18 11 9.48593
18 29 1.8209902
18 5 1.1891711
18 2 2.8979192
18 37 3.416666
18 7 2000.0
18 27 15.728469
18 16 1.244056
18 23 1.3730749
19 31 0.092845276
19 9 0.069532424
19 4 0.0685941
19 17 89.931816
20 30 1.9490261
20 13 1.2437012
20 33 1.2366164
20 11 1.6589713
20 29 8.474952
20 5 3.3205416
20 34 1.1698601
20 2 5.748646
20 14 3.0987654
20 37 6.033589
20 7 109.222404
20 27 1.4973208
20 16 51.666374
20 25 0.76736516
21 32 2000.0
21 24 0.8982108
21 35 0.07472057
21 31 2000.0
21 12 0.099599876
21 15 7.8634944
22 31 112.50001
22 9 0.047191802
22 19 2000.0
23 0 2000.0
23 30 2.9179666
23 8 1.1256433
23 2 17.608639
23 37 2.4847925
23 18 1.3730749
23 7 1.5213957
23 16 4.5418673
23 11 2000.0
23 29 2.8251765
23 5 8.720612
24 26 0.039912183
24 32 0.27699807
24 10 0.08056788
24 21 0.8982108
24 12 0.06385884
24 17 0.10814896
25 30 11.399225
25 0 33.84761
25 13 0.4020027
25 33 0.5205624
25 11 1.1242511
25 29 2.3501527
25 34 1.4236892
25 20 0.76736516
25 2 1.545936
25 14 3.9457793
25 37 24.290722
25 7 1.783207
25 27 0.27157348
25 16 2.1943169
26 32 70.19092
26 28 0.061848268
26 10 0.029435484
26 24 0.039912183
26 31 0.12133816
26 12 0.5405966
26 17 1.9391567
27 30 0.38058513
27 0 2000.0
27 8 2.1866205
27 18 15.728469
27 13 0.8897137
27 33 0.7485945
27 11 0.7610624
27 29 0.8393545
27 5 1.9398776
27 34 0.98666227
27 20 1.4973208
27 2 0.8989427
27 14 12.838648
27 37 1.7147751
27 7 2000.0
27 16 1.8826785
27 25 0.27157348
28 36 0.0311225
28 26 0.061848268
28 10 0.2965909
28 3 8.663637
28 12 1183.2955
28 9 0.7867533
28 19 1367.8977
29 0 21.587662
29 30 2.201892
29 8 1.8487096
29 18 1.8209902
29 13 1.0297787
29 33 15.809192
29 11 1.431543
29 5 3.0929754
29 34 5.784336
29 20 8.474952
29 2 1.224797
29 37 1.9385992
29 7 2000.0
29 27 0.8393545
29 16 320.0
29 23 2.8251765
29 25 2.3501527
30 8 0.7304621
30 18 0.72188944
30 13 127.37804
30 33 7.3658013
30 11 0.6909298
30 29 2.201892
30 5 0.80126804
30 34 1.089946
30 20 1.9490261
30 2 16.426182
30 14 20.947071
30 37 17.890137
30 7 0.9712806
30 27 0.38058513
30 16 1.1791568
30 23 2.9179666
30 25 11.399225
31 26 0.12133816
31 6 0.14988637
31 10 5.1283016
31 35 33.857388
31 22 112.50001
31 9 0.029295469
31 4 0.06402137
31 17 0.967749
31 19 0.092845276
32 26 70.19092
32 24 0.27699807
32 21 2000.0
32 12 7.348897
32 15 0.08628912
33 30 7.3658013
33 13 0.85164297
33 11 1.7764182
33 29 15.809192
33 5 2000.0
33 34 2000.0
33 20 1.2366164
33 2 2.0738447
33 14 0.40047655
33 7 2000.0
33 27 0.7485945
33 16 3017.898
33 25 0.5205624
34 30 1.089946
34 20 1.1698601
34 8 13.167937
34 37 2000.0
34 13 146.64603
34 7 2000.0
34 27 0.98666227
34 16 74.46866
34 11 1.9643147
34 29 5.784336
34 25 1.4236892
34 5 4.019391
35 21 0.07472057
35 31 33.857388
36 28 0.0311225
36 3 0.50173795
36 9 0.6988636
37 30 17.890137
37 0 1.737201
37 8 1.2401611
37 18 3.416666
37 13 1.7546971
37 11 2.5587764
37 29 1.9385992
37 5 31.990227
37 20 6.033589
37 2 0.9011805
37 7 49.71978
37 27 1.7147751
37 16 2000.0
37 23 2.4847925
37 25 24.290722
