0 8 13.584379
0 2 1.4363675
0 37 0.88580936
0 13 0.89960796
0 11 217.29889
0 29 21.993917
1 3 0.24297123
1 12 1202.159
2 30 21.03971
2 0 1.4363675
2 8 1.3909293
2 18 12.785343
2 13 0.7347812
2 33 2.8770647
2 11 1.9909592
2 29 1.7962812
2 20 8.706602
2 37 1.2062058
2 27 1.5718085
2 16 2000.0
2 23 42.413635
2 25 1.7634373
3 36 0.17135169
3 28 0.0667977
3 24 266.6667
3 12 0.065737955
3 1 0.24297123
3 9 0.5808496
4 31 0.11152199
4 9 0.070920266
4 17 0.10238474
4 19 0.081946194
5 34 1.2498778
5 30 1.1220447
5 20 2.4188528
5 8 0.6292206
5 18 0.42650726
5 13 207.41566
5 7 4.7068563
5 27 2.0749032
5 16 1.2036586
5 23 6.409027
5 11 2.518013
5 29 2.727355
6 31 0.9145743
6 17 1.1954784
7 34 17.04646
7 30 0.75645727
7 20 1.6513219
7 37 18.748638
7 27 160.0
7 16 1.1999999
7 11 15.028599
7 23 1.0304182
7 25 17.771545
7 5 4.7068563
8 0 13.584379
8 30 0.7095362
8 18 1.1490071
8 13 6.5885096
8 11 1.2708745
8 29 0.8425087
8 5 0.6292206
8 34 3.0166469
8 2 1.3909293
8 37 1.4156492
8 7 1439.1477
8 27 1.2027144
8 16 1.7101965
8 23 1.6417105
9 36 0.89931065
9 28 0.78034097
9 10 45.417767
9 22 0.35009533
9 31 0.030239904
9 3 0.5808496
9 12 2000.0
9 17 0.04049084
9 4 0.070920266
9 19 0.06515313
10 26 0.03120643
10 28 0.3573443
10 24 0.07228224
10 31 0.110369585
10 12 6.0859675
10 9 45.417767
10 17 0.02837418
11 0 217.29889
11 30 0.6803428
11 8 1.2708745
11 18 7.5109234
11 13 1.1411871
11 33 2.792154
11 29 1.063375
11 5 2.518013
11 34 3.7782197
11 20 1.2268795
11 2 1.9909592
11 37 3.6790066
11 7 15.028599
11 27 0.84334457
11 16 1.1367594
11 25 1.7206227
12 26 1.6144458
12 28 4.736032
12 32 0.28740525
12 10 6.0859675
12 24 0.080280975
12 21 0.074744
12 3 0.065737955
13 30 7.576391
13 0 0.89960796
13 8 6.5885096
13 18 170.21025
13 33 1.1252235
13 11 1.1411871
13 29 2.1026766
13 5 207.41566
13 34 10.708516
13 20 0.78293836
13 2 0.7347812
13 14 3.0058544
13 37 2.529743
13 27 0.5392265
13 16 2806.193
13 25 0.90109396
14 20 1.5393997
14 13 3.0058544
14 27 4.1623974
14 33 0.40424803
14 11 2000.0
14 25 2.5608346
15 32 0.08534641
15 21 1.7519073
16 0 2000.0
16 30 1.0495086
16 8 1.7101965
16 18 1.2604483
16 11 1.1367594
16 29 20.030897
16 5 1.2036586
16 20 10.7519045
16 37 158.04935
16 7 1.1999999
16 27 1.4246316
16 23 16.365705
16 25 3.1631625
17 26 1.62212
17 6 1.1954784
17 10 0.02837418
17 24 0.27926135
17 31 1.3275164
17 9 0.04049084
17 4 0.10238474
17 19 3.623371
18 30 0.6747565
18 2 12.785343
18 8 1.1490071
18 37 2.2214441
18 7 2000.0
18 13 170.21025
18 27 3.4350562
18 16 1.2604483
18 23 1.2706897
18 11 7.5109234
18 29 1.7881819
18 5 0.42650726
19 31 0.076883465
19 9 0.06515313
19 17 3.623371
19 4 0.081946194
20 30 17.82119
20 13 0.78293836
20 33 1.9697727
20 11 1.2268795
20 29 9.5275345
20 5 2.4188528
20 34 0.826332
20 2 8.706602
20 14 1.5393997
20 37 3.366988
20 7 1.6513219
20 27 0.52213764
20 16 10.7519045
20 25 0.6337556
21 32 2000.0
21 24 0.74681115
21 35 0.038367957
21 12 0.074744
21 15 1.7519073
22 6 1932.7272
22 31 1506.9886
22 9 0.35009533
22 19 1339.5455
23 0 2000.0
23 30 2.1944683
23 2 42.413635
23 8 1.6417105
23 37 1.2100977
23 18 1.2706897
23 7 1.0304182
23 16 16.365705
23 11 2000.0
23 29 2.360565
23 5 6.409027
24 26 0.07072192
24 32 0.14878078
24 10 0.07228224
24 21 0.74681115
24 31 4.3628182
24 12 0.080280975
24 3 266.6667
24 15 2000.0
24 17 0.27926135
25 30 5.3294005
25 13 0.90109396
25 33 0.54125
25 11 1.7206227
25 29 6.7515855
25 34 3.315251
25 20 0.6337556
25 2 1.7634373
25 14 2.5608346
25 37 141.5284
25 7 17.771545
25 27 0.7722358
25 16 3.1631625
26 36 225.00002
26 32 67.60722
26 28 0.11213343
26 10 0.03120643
26 24 0.07072192
26 31 0.083161294
26 12 1.6144458
26 17 1.62212
27 0 2000.0
27 30 0.16842534
27 8 1.2027144
27 18 3.4350562
27 13 0.5392265
27 33 1.1307484
27 11 0.84334457
27 29 0.6202083
27 5 2.0749032
27 34 1.0528501
27 20 0.52213764
27 2 1.5718085
27 14 4.1623974
27 37 1.411102
27 7 160.0
27 16 1.4246316
27 25 0.7722358
28 36 0.03307102
28 26 0.11213343
28 10 0.3573443
28 3 0.0667977
28 12 4.736032
28 9 0.78034097
29 0 21.993917
29 30 7.361175
29 8 0.8425087
29 18 1.7881819
29 13 2.1026766
29 11 1.063375
29 5 2.727355
29 34 14.958521
29 20 9.5275345
29 2 1.7962812
29 37 1.7865624
29 7 2000.0
29 27 0.6202083
29 16 20.030897
29 23 2.360565
29 25 6.7515855
30 0 2000.0
30 8 0.7095362
30 18 0.6747565
30 13 7.576391
30 33 3.129318
30 11 0.6803428
30 29 7.361175
30 5 1.1220447
30 34 1.1870242
30 20 17.82119
30 2 21.03971
30 37 5.8539515
30 7 0.75645727
30 27 0.16842534
30 16 1.0495086
30 23 2.1944683
30 25 5.3294005
31 26 0.083161294
31 6 0.9145743
31 10 0.110369585
31 24 4.3628182
31 9 0.030239904
31 17 1.3275164
31 4 0.11152199
31 19 0.076883465
32 26 67.60722
32 24 0.14878078
32 12 0.28740525
32 15 0.08534641
33 34 2000.0
33 30 3.129318
33 20 1.9697727
33 2 2.8770647
33 14 0.40424803
33 7 2000.0
33 13 1.1252235
33 27 1.1307484
33 16 2000.0
33 11 2.792154
33 29 1820.3408
33 25 0.54125
34 30 1.1870242
34 20 0.826332
34 8 3.0166469
34 13 10.708516
34 7 17.04646
34 27 1.0528501
34 16 1215.0568
34 11 3.7782197
34 25 3.315251
34 29 14.958521
34 5 1.2498778
35 21 0.038367957
36 26 225.00002
36 28 0.03307102
36 3 0.17135169
36 9 0.89931065
37 30 5.8539515
37 0 0.88580936
37 8 1.4156492
37 18 2.2214441
37 13 2.529743
37 11 3.6790066
37 29 1.7865624
37 20 3.366988
37 2 1.2062058
37 7 18.748638
37 27 1.411102
37 16 158.04935
37 23 1.2100977
37 25 141.5284
