0 2 0.89341795
0 37 3.1853263
0 13 1.003238
0 29 35.46541
0 25 17.200165
1 3 0.98720884
1 12 31.708397
2 30 14.048407
2 0 0.89341795
2 8 1.2573528
2 18 1.8666234
2 13 0.54627424
2 33 1.4790808
2 11 2.3851907
2 29 1.3999637
2 20 2.8687255
2 37 0.9351503
2 27 1.0558987
2 16 2000.0
2 23 8.23809
2 25 0.36007538
3 36 0.5609473
3 28 12.48071
3 24 2000.0
3 12 0.060006127
3 1 0.98720884
3 9 0.7366793
4 31 0.06881415
4 9 0.08489377
4 17 0.124046616
4 19 0.07325819
5 30 0.6832785
5 8 0.6381878
5 18 0.6193217
5 13 21.028881
5 11 1.6376605
5 29 3.8439453
5 34 2.2755883
5 20 1.8358812
5 37 5.4191084
5 7 15.064774
5 27 2.594279
5 16 1.3028408
5 23 2.557924
6 31 0.19364657
6 17 3.0017002
7 34 200.0
7 30 0.5998287
7 8 5.1366477
7 37 63.541836
7 16 1.1239538
7 23 1.140266
7 25 2.1655016
7 29 1066.6667
7 5 15.064774
8 0 2000.0
8 30 0.37813944
8 18 1.2515314
8 13 1.1550562
8 11 0.87037426
8 29 0.30229908
8 5 0.6381878
8 34 31.642595
8 2 1.2573528
8 37 1.3178757
8 7 5.1366477
8 27 0.63268495
8 16 1.3992506
8 23 0.8716628
8 25 2000.0
9 36 0.26193684
9 26 2000.0
9 28 1.2419823
9 10 22.531706
9 22 0.055432893
9 31 0.029313494
9 3 0.7366793
9 12 2000.0
9 4 0.08489377
9 17 0.034384836
9 19 0.06944859
10 26 0.029449603
10 28 0.25768027
10 24 0.12133857
10 31 17.39382
10 12 102.193695
10 9 22.531706
10 17 0.033635803
11 0 2000.0
11 30 0.58813924
11 8 0.87037426
11 18 17.949453
11 13 0.7769539
11 33 2.079805
11 29 0.7810503
11 5 1.6376605
11 34 2.2202451
11 20 1.6376833
11 2 2.3851907
11 37 1.6223176
11 7 107.439735
11 27 0.8873772
11 16 1.1575437
11 25 0.8875193
12 26 2.1481538
12 32 10.579091
12 28 75.59543
12 10 102.193695
12 24 0.08169938
12 21 0.17426124
12 3 0.060006127
12 1 31.708397
13 30 64.91183
13 0 1.003238
13 8 1.1550562
13 33 0.9082876
13 11 0.7769539
13 29 1.6541294
13 5 21.028881
13 34 219.93866
13 20 0.9254498
13 2 0.54627424
13 14 4.0620246
13 37 0.9878753
13 7 2000.0
13 27 0.3596894
13 16 42.61942
13 25 0.19512585
14 30 16.785559
14 20 6.90119
14 13 4.0620246
14 27 3.9909475
14 33 0.6689523
14 11 2000.0
14 25 1.8478163
15 32 0.096941136
15 21 1.7878513
16 30 1.083617
16 0 2000.0
16 8 1.3992506
16 18 1.1903713
16 13 42.61942
16 11 1.1575437
16 5 1.3028408
16 34 63.908638
16 20 42.443455
16 7 1.1239538
16 27 1.3856056
16 23 2.0269544
16 25 1.7565196
17 6 3.0017002
17 26 1.6785417
17 10 0.033635803
17 24 0.10757076
17 31 0.98745275
17 9 0.034384836
17 4 0.124046616
17 19 160.53069
18 0 2000.0
18 30 0.73715717
18 8 1.2515314
18 13 1714.5455
18 11 17.949453
18 29 1.3075813
18 5 0.6193217
18 2 1.8666234
18 37 4.329415
18 7 2000.0
18 27 26.471357
18 16 1.1903713
18 23 1.437736
19 28 172.68915
19 31 0.077617355
19 9 0.06944859
19 17 160.53069
19 4 0.07325819
20 30 1.2533522
20 8 2000.0
20 13 0.9254498
20 33 1.1232405
20 11 1.6376833
20 29 11.426281
20 5 1.8358812
20 34 0.8170554
20 2 2.8687255
20 14 6.90119
20 37 3.7874026
20 7 1656.7046
20 27 1.0562983
20 16 42.443455
20 25 0.30567357
21 10 2000.0
21 24 0.93182385
21 35 0.031454917
21 12 0.17426124
21 15 1.7878513
22 31 59.28545
22 9 0.055432893
22 19 2000.0
23 0 2000.0
23 30 2.046782
23 8 0.8716628
23 2 8.23809
23 37 1.9749053
23 18 1.437736
23 7 1.140266
23 16 2.0269544
23 11 2000.0
23 29 1.1804097
23 5 2.557924
24 26 0.04479416
24 32 0.31981537
24 10 0.12133857
24 21 0.93182385
24 12 0.08169938
24 17 0.10757076
25 30 35.237823
25 0 17.200165
25 13 0.19512585
25 33 0.8050141
25 11 0.8875193
25 29 1.9723889
25 34 2.6664205
25 20 0.30567357
25 2 0.36007538
25 14 1.8478163
25 37 2000.0
25 7 2.1655016
25 27 0.23558474
25 16 1.7565196
26 32 1199.659
26 28 0.07760458
26 10 0.029449603
26 24 0.04479416
26 31 0.10102698
26 12 2.1481538
26 17 1.6785417
27 30 0.23298419
27 0 2000.0
27 8 0.63268495
27 18 26.471357
27 13 0.3596894
27 33 0.90101284
27 11 0.8873772
27 29 0.76277727
27 5 2.594279
27 34 1.0907927
27 20 1.0562983
27 2 1.0558987
27 14 3.9909475
27 37 1.213588
27 7 4868.125
27 16 1.3856056
27 25 0.23558474
28 36 0.030232925
28 26 0.07760458
28 10 0.25768027
28 3 12.48071
28 12 75.59543
28 9 1.2419823
28 19 172.68915
29 0 35.46541
29 30 1.1678293
29 8 0.30229908
29 18 1.3075813
29 13 1.6541294
29 33 24.33129
29 11 0.7810503
29 5 3.8439453
29 34 3.5558846
29 20 11.426281
29 2 1.3999637
29 37 0.72213554
29 7 1066.6667
29 27 0.76277727
29 16 2000.0
29 23 1.1804097
29 25 1.9723889
30 8 0.37813944
30 18 0.73715717
30 13 64.91183
30 33 6.473869
30 11 0.58813924
30 29 1.1678293
30 5 0.6832785
30 34 0.8654554
30 20 1.2533522
30 2 14.048407
30 14 16.785559
30 37 10.3810835
30 7 0.5998287
30 27 0.23298419
30 16 1.083617
30 23 2.046782
30 25 35.237823
31 26 0.10102698
31 6 0.19364657
31 10 17.39382
31 35 67.25257
31 21 400.0
31 22 59.28545
31 9 0.029313494
31 4 0.06881415
31 17 0.98745275
31 19 0.077617355
32 26 1199.659
32 24 0.31981537
32 12 10.579091
32 15 0.096941136
33 30 6.473869
33 8 2000.0
33 13 0.9082876
33 11 2.079805
33 29 24.33129
33 34 2000.0
33 20 1.1232405
33 2 1.4790808
33 14 0.6689523
33 7 2000.0
33 27 0.90101284
33 16 3017.898
33 25 0.8050141
34 30 0.8654554
34 20 0.8170554
34 8 31.642595
34 37 2000.0
34 7 200.0
34 13 219.93866
34 27 1.0907927
34 16 63.908638
34 11 2.2202451
34 29 3.5558846
34 25 2.6664205
34 5 2.2755883
35 21 0.031454917
35 31 67.25257
36 28 0.030232925
36 3 0.5609473
36 9 0.26193684
37 30 10.3810835
37 0 3.1853263
37 8 1.3178757
37 18 4.329415
37 13 0.9878753
37 11 1.6223176
37 29 0.72213554
37 5 5.4191084
37 20 3.7874026
37 2 0.9351503
37 7 63.541836
37 27 1.213588
37 16 2000.0
37 23 1.9749053
37 25 2000.0
