0 2 0.97193885
0 37 3.5476015
0 13 1.3044631
0 29 34.92904
0 25 7.66389
1 3 0.9542801
1 12 33.85339
2 30 18.482851
2 0 0.97193885
2 8 1.3395096
2 18 2.4102497
2 13 0.55904686
2 33 1.3916969
2 11 1.3765104
2 29 1.570376
2 20 3.249499
2 37 0.8849218
2 27 0.85135496
2 16 2000.0
2 23 16.197372
2 25 1.1344697
3 36 0.80413514
3 28 2.0833256
3 24 300.0
3 12 0.06957419
3 1 0.9542801
3 9 0.59657025
4 31 0.06661953
4 9 0.08191242
4 17 0.19320975
4 19 0.06713533
5 30 0.59997207
5 8 0.6729241
5 18 0.7830385
5 13 18.755367
5 11 2.506182
5 29 9.593063
5 34 3.0244284
5 20 2.5834186
5 37 85.5059
5 7 17.460476
5 27 3.3119292
5 16 1.9176813
5 23 2.2522933
6 31 0.20285985
6 17 4.5589113
7 34 180.00002
7 30 0.9133685
7 8 10.87013
7 37 100.0
7 16 1.5778091
7 23 2.0059507
7 25 5.2202635
7 29 900.00006
7 5 17.460476
8 0 2000.0
8 30 0.5305641
8 18 1.3271104
8 13 1.2879018
8 11 0.84725183
8 29 1.0190057
8 5 0.6729241
8 34 22.967638
8 2 1.3395096
8 37 0.8675723
8 7 10.87013
8 27 1.6506917
8 16 1.5681819
8 23 1.2366204
8 25 2000.0
9 36 0.78471184
9 26 2000.0
9 28 1.7326247
9 10 18.258076
9 22 0.061618064
9 31 0.030719679
9 3 0.59657025
9 4 0.08191242
9 17 0.033230744
9 19 0.0742269
10 26 0.029133212
10 28 0.42364374
10 24 0.17239551
10 31 8.088433
10 12 1489.8864
10 9 18.258076
10 17 0.033545
11 0 2000.0
11 30 0.7016879
11 8 0.84725183
11 18 9.341797
11 13 0.842814
11 33 1.7553972
11 29 1.506754
11 5 2.506182
11 34 1.6501553
11 20 0.9922109
11 2 1.3765104
11 37 1.783198
11 7 1617.8977
11 27 0.69706994
11 16 1.001508
11 25 0.91994286
12 26 0.7753409
12 32 3.3394272
12 24 0.06789062
12 21 0.26184648
12 3 0.06957419
12 1 33.85339
13 30 57.29851
13 0 1.3044631
13 8 1.2879018
13 18 295.42517
13 33 0.85506743
13 11 0.842814
13 29 1.6419401
13 5 18.755367
13 34 2000.0
13 20 1.1995322
13 2 0.55904686
13 14 4.8064613
13 37 1.2457955
13 7 2000.0
13 27 0.39032897
13 16 28.533335
13 25 0.3065452
14 30 6.786729
14 20 2.388843
14 13 4.8064613
14 27 2.583318
14 33 0.4469826
14 11 2000.0
14 25 2.708204
15 32 0.069858424
15 21 1.4460385
15 12 2000.0
16 0 2000.0
16 30 1.0739415
16 8 1.5681819
16 18 1.538589
16 13 28.533335
16 11 1.001508
16 5 1.9176813
16 34 22.958778
16 20 45.643425
16 7 1.5778091
16 27 1.3513634
16 23 1.885779
16 25 1.3659726
17 6 4.5589113
17 26 1.3323444
17 10 0.033545
17 24 0.12846749
17 31 0.9470919
17 9 0.033230744
17 4 0.19320975
17 19 48.7385
18 0 2000.0
18 30 0.7401169
18 8 1.3271104
18 13 295.42517
18 11 9.341797
18 29 1.5935401
18 5 0.7830385
18 2 2.4102497
18 37 3.0380273
18 7 2000.0
18 27 17.145638
18 16 1.538589
18 23 0.9778419
19 31 0.075347945
19 9 0.0742269
19 17 48.7385
19 4 0.06713533
20 30 0.73538953
20 13 1.1995322
20 33 1.2310501
20 11 0.9922109
20 29 9.757027
20 5 2.5834186
20 34 0.9331316
20 2 3.249499
20 14 2.388843
20 37 7.252841
20 7 4706.193
20 27 0.4062438
20 16 45.643425
20 25 0.7465575
21 32 2000.0
21 24 0.75386184
21 35 0.028981267
21 12 0.26184648
21 15 1.4460385
22 31 200.0
22 9 0.061618064
22 19 2000.0
23 30 1.1758742
23 0 2000.0
23 8 1.2366204
23 2 16.197372
23 37 1.2439977
23 18 0.9778419
23 7 2.0059507
23 16 1.885779
23 11 2000.0
23 29 1.3685534
23 5 2.2522933
24 26 0.04683626
24 32 0.18050669
24 10 0.17239551
24 21 0.75386184
24 3 300.0
24 12 0.06789062
24 15 2000.0
24 17 0.12846749
25 30 38.592224
25 0 7.66389
25 13 0.3065452
25 33 0.703722
25 11 0.91994286
25 29 3.3381264
25 34 2.9150474
25 20 0.7465575
25 2 1.1344697
25 14 2.708204
25 37 92.59259
25 7 5.2202635
25 27 0.77218175
25 16 1.3659726
26 32 17.119888
26 28 0.096443966
26 10 0.029133212
26 24 0.04683626
26 31 0.17036921
26 12 0.7753409
26 17 1.3323444
27 30 0.19676179
27 0 2000.0
27 8 1.6506917
27 18 17.145638
27 13 0.39032897
27 33 0.743225
27 11 0.69706994
27 29 1.2316352
27 5 3.3119292
27 34 0.9771337
27 20 0.4062438
27 2 0.85135496
27 14 2.583318
27 37 0.87022763
27 7 2000.0
27 16 1.3513634
27 25 0.77218175
28 36 0.03173634
28 26 0.096443966
28 10 0.42364374
28 3 2.0833256
28 12 1208.6364
28 9 1.7326247
28 19 1370.0
29 0 34.92904
29 30 6.131519
29 8 1.0190057
29 18 1.5935401
29 13 1.6419401
29 33 7.4194984
29 11 1.506754
29 5 9.593063
29 34 3.6797645
29 20 9.757027
29 2 1.570376
29 37 0.75882196
29 7 900.00006
29 27 1.2316352
29 16 2000.0
29 23 1.3685534
29 25 3.3381264
30 8 0.5305641
30 18 0.7401169
30 13 57.29851
30 33 10.408063
30 11 0.7016879
30 29 6.131519
30 5 0.59997207
30 34 0.82595694
30 20 0.73538953
30 2 18.482851
30 14 6.786729
30 37 29.67284
30 7 0.9133685
30 27 0.19676179
30 16 1.0739415
30 23 1.1758742
30 25 38.592224
31 26 0.17036921
31 6 0.20285985
31 10 8.088433
31 35 79.07826
31 22 200.0
31 9 0.030719679
31 4 0.06661953
31 17 0.9470919
31 19 0.075347945
32 26 17.119888
32 24 0.18050669
32 12 3.3394272
32 15 0.069858424
33 30 10.408063
33 13 0.85506743
33 11 1.7553972
33 29 7.4194984
33 5 2000.0
33 34 2000.0
33 20 1.2310501
33 2 1.3916969
33 14 0.4469826
33 7 2000.0
33 27 0.743225
33 16 3017.898
33 25 0.703722
34 30 0.82595694
34 20 0.9331316
34 8 22.967638
34 37 2000.0
34 7 180.00002
34 13 2000.0
34 27 0.9771337
34 16 22.958778
34 11 1.6501553
34 29 3.6797645
34 25 2.9150474
34 5 3.0244284
35 21 0.028981267
35 31 79.07826
36 28 0.03173634
36 3 0.80413514
36 9 0.78471184
37 30 29.67284
37 0 3.5476015
37 8 0.8675723
37 18 3.0380273
37 13 1.2457955
37 11 1.783198
37 29 0.75882196
37 5 85.5059
37 20 7.252841
37 2 0.8849218
37 7 100.0
37 27 0.87022763
37 16 2000.0
37 23 1.2439977
37 25 92.59259
