0 8 8.297229
0 2 1.3955187
0 37 1.5467201
0 13 0.9595119
0 11 36.73469
0 29 32.230965
1 3 0.24903038
1 12 1202.159
2 30 16.154501
2 0 1.3955187
2 8 1.4637117
2 18 8.315132
2 13 0.44591132
2 33 2.6080868
2 11 1.0044385
2 29 0.925542
2 20 1.7716749
2 37 0.63257676
2 27 1.5028609
2 16 2000.0
2 23 21.447935
2 25 1.1677533
3 36 0.18268399
3 28 0.07559037
3 24 200.0
3 12 0.064804725
3 1 0.24903038
3 9 0.28859052
4 31 0.08043823
4 9 0.05457385
4 17 0.090716146
4 19 0.08951968
5 30 0.79146934
5 8 0.7036129
5 18 0.40072495
5 13 2000.0
5 11 6.8338437
5 29 4.0887785
5 34 1.5186024
5 20 3.1587858
5 37 2000.0
5 7 7.804966
5 27 3.8273287
5 16 2.0915787
5 23 4.0147943
6 22 102.017044
6 31 1.1233245
6 17 1.1592869
7 34 10.739652
7 30 0.86964285
7 20 1.7036049
7 8 52.73182
7 37 12.560487
7 27 123.17045
7 16 1.1154995
7 11 4.4206276
7 23 1.3713142
7 25 9.151493
7 5 7.804966
8 0 8.297229
8 30 0.69485486
8 18 0.75178707
8 13 2.2164052
8 11 0.5736775
8 29 0.82487994
8 5 0.7036129
8 34 3.2629352
8 2 1.4637117
8 37 0.7724685
8 7 52.73182
8 27 2.2816422
8 16 1.394306
8 23 1.0424728
9 36 1.4076705
9 26 2000.0
9 28 13.006413
9 10 5.273359
9 22 0.22504157
9 31 0.030223606
9 3 0.28859052
9 17 0.046195578
9 4 0.05457385
9 19 0.06609238
10 26 0.03717851
10 28 0.21760881
10 24 0.049629264
10 31 0.05313145
10 12 14.233824
10 9 5.273359
10 17 0.03834269
11 0 36.73469
11 30 0.36015996
11 8 0.5736775
11 18 6.904541
11 13 0.96790195
11 33 2.0894449
11 29 1.7072078
11 5 6.8338437
11 34 3.3620496
11 20 1.3035349
11 2 1.0044385
11 37 1.762349
11 7 4.4206276
11 27 0.4739022
11 16 0.77746135
11 25 0.86622655
12 26 1.4206786
12 28 9.2997875
12 32 0.16980608
12 10 14.233824
12 24 0.07273751
12 21 0.06826819
12 3 0.064804725
12 1 1202.159
13 30 1.5196158
13 0 0.9595119
13 8 2.2164052
13 18 446.5152
13 33 0.9400131
13 11 0.96790195
13 29 2.5719209
13 34 12.785928
13 20 0.73598784
13 2 0.44591132
13 14 3.4711616
13 37 1.9065816
13 27 0.21777369
13 16 284.48492
13 25 0.55710614
14 20 1.6134914
14 13 3.4711616
14 33 0.3998549
14 27 3.4232223
14 11 2000.0
14 25 0.8764975
15 32 0.084524184
15 21 1.2043905
16 30 1.1399654
16 0 2000.0
16 8 1.394306
16 18 0.7102955
16 13 284.48492
16 11 0.77746135
16 29 51.72112
16 5 2.0915787
16 20 3.4881508
16 37 49.138153
16 7 1.1154995
16 27 1.9863415
16 23 13.852736
16 25 0.8639861
17 26 4.6783624
17 6 1.1592869
17 10 0.03834269
17 24 0.16782126
17 31 2.4647887
17 9 0.046195578
17 4 0.090716146
17 19 2.8867803
18 30 0.7484785
18 2 8.315132
18 8 0.75178707
18 37 1.4757022
18 7 2000.0
18 13 446.5152
18 27 4.9284587
18 16 0.7102955
18 23 1.2982588
18 11 6.904541
18 29 1.8185769
18 5 0.40072495
19 31 0.09019055
19 9 0.06609238
19 17 2.8867803
19 4 0.08951968
20 30 22.199547
20 13 0.73598784
20 33 1.6573632
20 11 1.3035349
20 29 2.850564
20 5 3.1587858
20 34 0.9078608
20 2 1.7716749
20 14 1.6134914
20 37 3.3853204
20 7 1.7036049
20 27 0.40657586
20 16 3.4881508
20 25 0.56309384
21 24 0.6898387
21 35 0.050925083
21 12 0.06826819
21 15 1.2043905
22 6 102.017044
22 31 1168.0114
22 9 0.22504157
22 19 1329.4886
23 0 2000.0
23 30 1.6412891
23 2 21.447935
23 8 1.0424728
23 37 1.5467755
23 18 1.2982588
23 7 1.3713142
23 16 13.852736
23 11 2000.0
23 29 8.429992
23 5 4.0147943
24 26 0.073330976
24 32 0.082835525
24 10 0.049629264
24 21 0.6898387
24 31 17.427004
24 12 0.07273751
24 3 200.0
24 15 2000.0
24 17 0.16782126
25 30 7.1692715
25 13 0.55710614
25 33 0.40372455
25 11 0.86622655
25 29 6.5118217
25 34 1.5897123
25 20 0.56309384
25 2 1.1677533
25 14 0.8764975
25 37 160.0
25 7 9.151493
25 27 0.7391866
25 16 0.8639861
26 36 225.00002
26 32 71.74805
26 28 0.032726098
26 10 0.03717851
26 24 0.073330976
26 31 0.07253545
26 12 1.4206786
26 17 4.6783624
27 0 2000.0
27 30 0.2447034
27 8 2.2816422
27 18 4.9284587
27 13 0.21777369
27 33 1.293221
27 11 0.4739022
27 29 0.78721684
27 5 3.8273287
27 34 1.2885256
27 20 0.40657586
27 2 1.5028609
27 14 3.4232223
27 37 1.2374458
27 7 123.17045
27 16 1.9863415
27 25 0.7391866
28 36 0.031350963
28 26 0.032726098
28 10 0.21760881
28 3 0.07559037
28 12 9.2997875
28 9 13.006413
29 0 32.230965
29 30 6.488241
29 8 0.82487994
29 18 1.8185769
29 13 2.5719209
29 11 1.7072078
29 5 4.0887785
29 34 8.879558
29 20 2.850564
29 2 0.925542
29 37 0.984755
29 7 2000.0
29 27 0.78721684
29 16 51.72112
29 23 8.429992
29 25 6.5118217
30 0 2000.0
30 8 0.69485486
30 18 0.7484785
30 13 1.5196158
30 33 2.797203
30 11 0.36015996
30 29 6.488241
30 5 0.79146934
30 34 2.1326282
30 20 22.199547
30 2 16.154501
30 14 2000.0
30 37 4.7354646
30 7 0.86964285
30 27 0.2447034
30 16 1.1399654
30 23 1.6412891
30 25 7.1692715
31 26 0.07253545
31 6 1.1233245
31 10 0.05313145
31 24 17.427004
31 9 0.030223606
31 17 2.4647887
31 4 0.08043823
31 19 0.09019055
32 26 71.74805
32 24 0.082835525
32 12 0.16980608
32 15 0.084524184
33 30 2.797203
33 8 2000.0
33 13 0.9400131
33 11 2.0894449
33 29 2000.0
33 34 2000.0
33 20 1.6573632
33 2 2.6080868
33 14 0.3998549
33 7 2000.0
33 27 1.293221
33 16 2000.0
33 25 0.40372455
34 30 2.1326282
34 20 0.9078608
34 8 3.2629352
34 13 12.785928
34 7 10.739652
34 27 1.2885256
34 16 1215.0568
34 11 3.3620496
34 25 1.5897123
34 29 8.879558
34 5 1.5186024
35 21 0.050925083
36 26 225.00002
36 28 0.031350963
36 3 0.18268399
36 9 1.4076705
37 30 4.7354646
37 0 1.5467201
37 8 0.7724685
37 18 1.4757022
37 13 1.9065816
37 11 1.762349
37 29 0.984755
37 20 3.3853204
37 2 0.63257676
37 7 12.560487
37 27 1.2374458
37 16 49.138153
37 23 1.5467755
37 25 160.0
