0 8 3.6768742
0 2 0.54589146
0 37 0.9922483
0 13 0.8210096
0 11 14.299041
0 29 6.278293
1 3 0.22068182
1 12 72.73978
2 30 13.864525
2 0 0.54589146
2 8 1.414331
2 18 16.131392
2 13 0.29156533
2 33 1.5982132
2 11 0.75914586
2 29 1.0380393
2 20 1.5338267
2 37 0.8738734
2 27 0.5421627
2 23 26.506067
2 25 1.9034626
3 36 0.32717803
3 28 0.13620417
3 24 266.6667
3 12 0.061105996
3 1 0.22068182
3 9 0.43831486
4 31 0.083161294
4 9 0.07581967
4 17 0.07923021
4 19 0.08287709
5 30 0.5164498
5 8 0.62268925
5 18 0.536872
5 13 234.43584
5 11 1.914391
5 29 2.6818695
5 34 0.8331374
5 20 2.4591153
5 37 2000.0
5 7 6.346252
5 27 2.230567
5 16 1.8789418
5 23 3.473645
6 31 0.46272326
6 17 1.251784
7 34 9.455683
7 30 0.6093293
7 20 1.4041731
7 8 45.938194
7 37 26.678457
7 27 114.28571
7 16 1.0182848
7 11 6.3587284
7 23 0.98982185
7 25 2.694156
7 5 6.346252
8 0 3.6768742
8 30 1.1398058
8 18 1.1536576
8 13 1.7914633
8 11 0.6703831
8 29 0.72016436
8 5 0.62268925
8 34 2.0945473
8 2 1.414331
8 37 0.8979913
8 7 45.938194
8 27 0.874517
8 16 1.2282485
8 23 1.0360978
8 25 2000.0
9 36 2.181946
9 26 2000.0
9 28 2.8549716
9 10 5.96734
9 22 0.1476827
9 31 0.047762707
9 3 0.43831486
9 12 2000.0
9 17 0.07879082
9 4 0.07581967
9 19 0.08310358
10 26 0.031231375
10 28 0.2630368
10 24 0.053612836
10 31 0.03340141
10 12 11.383338
10 9 5.96734
10 17 0.03840992
11 0 14.299041
11 30 0.3299425
11 8 0.6703831
11 18 10.088272
11 13 0.44481003
11 33 2.2686093
11 29 0.81501764
11 5 1.914391
11 34 2.0216029
11 20 0.6436097
11 2 0.75914586
11 37 1.1047565
11 7 6.3587284
11 27 0.6008611
11 16 0.827487
11 25 0.9386146
12 26 1.2254751
12 28 4.9926453
12 32 0.31292614
12 10 11.383338
12 24 0.073194124
12 21 0.10244079
12 3 0.061105996
12 1 72.73978
13 0 0.8210096
13 30 3.6477833
13 8 1.7914633
13 18 140.59996
13 33 0.79182816
13 11 0.44481003
13 29 0.67437714
13 5 234.43584
13 34 8.556318
13 20 0.54827696
13 2 0.29156533
13 14 4.82656
13 37 1.4563735
13 27 0.19488671
13 16 79.27253
13 25 0.5263337
14 34 2000.0
14 20 1.6190557
14 13 4.82656
14 27 2.2625449
14 33 0.3523135
14 11 2000.0
14 25 2.3066401
15 32 0.08365603
15 21 1.777617
16 30 1.1117613
16 0 2000.0
16 8 1.2282485
16 18 0.8846275
16 13 79.27253
16 11 0.827487
16 29 35.519638
16 5 1.8789418
16 20 6.9278364
16 37 22.40778
16 7 1.0182848
16 27 1.4642284
16 23 6.6371903
16 25 1.4918597
17 26 2.259491
17 6 1.251784
17 10 0.03840992
17 24 0.21500331
17 31 1.1993742
17 9 0.07879082
17 4 0.07923021
17 19 2.843611
18 30 0.71859306
18 2 16.131392
18 8 1.1536576
18 37 1.2621875
18 13 140.59996
18 7 2000.0
18 27 4.0371227
18 16 0.8846275
18 23 1.0504353
18 11 10.088272
18 29 1.2795961
18 5 0.536872
19 31 0.079386204
19 9 0.08310358
19 17 2.843611
19 4 0.08287709
20 30 24.50985
20 13 0.54827696
20 33 3.0225608
20 11 0.6436097
20 29 3.2622056
20 5 2.4591153
20 34 0.7529713
20 2 1.5338267
20 14 1.6190557
20 37 4.9476776
20 7 1.4041731
20 27 0.24548498
20 16 6.9278364
20 25 1.9840057
21 32 2000.0
21 24 0.4027112
21 35 0.042664446
21 12 0.10244079
21 15 1.777617
22 6 1289.375
22 31 1158.0114
22 9 0.1476827
22 19 1757.0455
23 30 1.8119689
23 0 2000.0
23 2 26.506067
23 8 1.0360978
23 37 1.417147
23 18 1.0504353
23 7 0.98982185
23 27 2000.0
23 16 6.6371903
23 11 2000.0
23 29 2.8900363
23 5 3.473645
24 26 0.061964467
24 32 0.16272895
24 10 0.053612836
24 21 0.4027112
24 31 4.0472083
24 12 0.073194124
24 3 266.6667
24 15 2000.0
24 17 0.21500331
25 0 2000.0
25 30 1.4544287
25 13 0.5263337
25 33 0.4220605
25 11 0.9386146
25 29 2.3204448
25 34 0.9059344
25 20 1.9840057
25 2 1.9034626
25 14 2.3066401
25 37 54.69236
25 7 2.694156
25 27 0.5735875
25 16 1.4918597
26 32 15.143595
26 28 0.040593743
26 10 0.031231375
26 24 0.061964467
26 31 0.05174733
26 12 1.2254751
26 17 2.259491
27 0 2000.0
27 30 0.16775826
27 8 0.874517
27 18 4.0371227
27 13 0.19488671
27 33 0.76199496
27 11 0.6008611
27 29 0.5788465
27 5 2.230567
27 34 0.8583314
27 20 0.24548498
27 2 0.5421627
27 14 2.2625449
27 37 0.87068254
27 7 114.28571
27 16 1.4642284
27 25 0.5735875
28 36 0.036430117
28 26 0.040593743
28 10 0.2630368
28 3 0.13620417
28 12 4.9926453
28 9 2.8549716
29 0 6.278293
29 30 1.7310256
29 8 0.72016436
29 18 1.2795961
29 13 0.67437714
29 33 166.24149
29 11 0.81501764
29 5 2.6818695
29 34 4.2357645
29 20 3.2622056
29 2 1.0380393
29 37 0.60073686
29 7 2000.0
29 27 0.5788465
29 16 35.519638
29 23 2.8900363
29 25 2.3204448
30 0 2000.0
30 8 1.1398058
30 18 0.71859306
30 13 3.6477833
30 33 2.0408306
30 11 0.3299425
30 29 1.7310256
30 5 0.5164498
30 34 1.3273257
30 20 24.50985
30 2 13.864525
30 37 10.798155
30 7 0.6093293
30 27 0.16775826
30 16 1.1117613
30 23 1.8119689
30 25 1.4544287
31 26 0.05174733
31 6 0.46272326
31 10 0.03340141
31 24 4.0472083
31 9 0.047762707
31 17 1.1993742
31 4 0.083161294
31 19 0.079386204
32 26 15.143595
32 24 0.16272895
32 12 0.31292614
32 15 0.08365603
33 34 2000.0
33 30 2.0408306
33 20 3.0225608
33 2 1.5982132
33 14 0.3523135
33 7 2000.0
33 13 0.79182816
33 27 0.76199496
33 16 2020.4546
33 11 2.2686093
33 29 166.24149
33 25 0.4220605
34 30 1.3273257
34 20 0.7529713
34 8 2.0945473
34 13 8.556318
34 7 9.455683
34 27 0.8583314
34 16 1215.0568
34 11 2.0216029
34 25 0.9059344
34 29 4.2357645
34 5 0.8331374
35 21 0.042664446
36 26 1307.7272
36 28 0.036430117
36 3 0.32717803
36 9 2.181946
37 30 10.798155
37 0 0.9922483
37 8 0.8979913
37 18 1.2621875
37 13 1.4563735
37 11 1.1047565
37 29 0.60073686
37 20 4.9476776
37 2 0.8738734
37 7 26.678457
37 27 0.87068254
37 16 22.40778
37 23 1.417147
37 25 54.69236
