0 8 19.538315
0 2 1.4512624
0 37 0.5861661
0 13 0.8472832
0 11 118.08726
0 29 6.2808194
0 25 2000.0
1 3 0.38115838
1 12 28.927309
2 30 11.504357
2 0 1.4512624
2 8 1.1049107
2 18 11.352481
2 13 0.40921718
2 33 3.746064
2 11 0.6406776
2 29 0.8884281
2 20 2.4853694
2 37 0.9809997
2 27 0.5996901
2 16 2000.0
2 23 19.324675
2 25 1.0452256
3 36 0.2731818
3 28 0.1192716
3 24 200.0
3 12 0.06845225
3 1 0.38115838
3 9 0.31851602
4 31 0.07005672
4 9 0.06855886
4 17 0.088125125
4 19 0.07919633
5 30 1.5263029
5 8 0.80182856
5 18 0.36289683
5 13 2000.0
5 11 2.001342
5 29 1.408553
5 34 2.0230038
5 20 2.8352346
5 37 2000.0
5 7 4.148352
5 27 1.8520601
5 16 1.4298398
5 23 1.9743327
6 22 69.7594
6 31 0.9773673
6 17 0.7918388
7 34 7.0603385
7 30 0.8648447
7 20 1.3499092
7 8 45.086807
7 37 16.600082
7 27 102.4238
7 16 1.0755835
7 11 9.835343
7 23 0.99073523
7 25 6.593916
7 5 4.148352
8 0 19.538315
8 30 0.7042321
8 18 0.73492044
8 13 2.6155963
8 11 0.58915204
8 29 0.5875314
8 5 0.80182856
8 34 2.4657645
8 2 1.1049107
8 37 0.74645424
8 7 45.086807
8 27 1.2370255
8 16 1.5211632
8 23 0.92923474
9 36 2.1576705
9 26 2000.0
9 28 2.1710858
9 10 3.7295117
9 22 0.42423904
9 31 0.032346353
9 3 0.31851602
9 17 0.044982396
9 4 0.06855886
9 19 0.07018536
10 26 0.037343338
10 28 0.24339429
10 24 0.07326963
10 31 0.032218218
10 12 6.098324
10 9 3.7295117
10 17 0.031119598
11 0 118.08726
11 30 0.49067086
11 8 0.58915204
11 18 4.013443
11 13 0.44683817
11 33 2.015901
11 29 0.6238936
11 5 2.001342
11 34 2.0533125
11 20 0.6684927
11 2 0.6406776
11 37 2.6472902
11 7 9.835343
11 27 0.42345127
11 16 0.79256195
11 25 0.9895176
12 26 1.832908
12 28 5.571607
12 32 0.43210527
12 10 6.098324
12 24 0.0744698
12 21 0.076988794
12 3 0.06845225
12 1 28.927309
13 30 0.61890644
13 0 0.8472832
13 8 2.6155963
13 18 133.33334
13 33 0.81224376
13 11 0.44683817
13 29 1.3319618
13 34 5.0973988
13 20 0.53838426
13 2 0.40921718
13 14 3.0950208
13 37 1.6140685
13 27 0.20901208
13 16 83.21205
13 25 0.40935925
14 20 0.91638136
14 13 3.0950208
14 33 0.424434
14 27 1.8672436
14 11 2000.0
14 25 1.7183409
15 32 0.08210228
15 21 2.9149666
16 0 2000.0
16 30 1.0667245
16 8 1.5211632
16 18 0.865341
16 13 83.21205
16 11 0.79256195
16 29 57.457325
16 5 1.4298398
16 20 9.603662
16 37 206.90909
16 7 1.0755835
16 27 1.4063329
16 23 17.810226
16 25 0.95226824
17 26 1.9123682
17 6 0.7918388
17 10 0.031119598
17 24 0.35435596
17 31 1.2250144
17 9 0.044982396
17 4 0.088125125
17 19 2.192119
18 30 0.72980756
18 2 11.352481
18 8 0.73492044
18 37 1.11123
18 7 2000.0
18 13 133.33334
18 27 3.942342
18 16 0.865341
18 23 1.3450959
18 11 4.013443
18 29 0.8352892
18 5 0.36289683
19 31 0.072688825
19 9 0.07018536
19 17 2.192119
19 4 0.07919633
20 30 9.752301
20 13 0.53838426
20 33 0.8333643
20 11 0.6684927
20 29 1.329022
20 5 2.8352346
20 34 0.8236947
20 2 2.4853694
20 14 0.91638136
20 37 5.605948
20 7 1.3499092
20 27 0.26609942
20 16 9.603662
20 25 0.5065334
21 32 2000.0
21 10 2000.0
21 24 0.1348073
21 35 0.080259554
21 12 0.076988794
21 15 2.9149666
22 6 69.7594
22 31 126.11591
22 9 0.42423904
22 19 1289.6592
23 0 2000.0
23 30 1.2440499
23 2 19.324675
23 8 0.92923474
23 37 1.9888443
23 18 1.3450959
23 7 0.99073523
23 16 17.810226
23 11 2000.0
23 29 3.5628667
23 5 1.9743327
24 26 0.08700729
24 32 0.13356271
24 10 0.07326963
24 21 0.1348073
24 31 4.143037
24 3 200.0
24 12 0.0744698
24 15 2000.0
24 17 0.35435596
25 0 2000.0
25 30 1.6068529
25 13 0.40935925
25 33 0.5877647
25 11 0.9895176
25 29 2.2225463
25 34 1.2336348
25 20 0.5065334
25 2 1.0452256
25 14 1.7183409
25 37 1468.6079
25 7 6.593916
25 27 0.52984226
25 16 0.95226824
26 36 152.38095
26 32 29.160906
26 28 0.037885323
26 10 0.037343338
26 24 0.08700729
26 31 0.054460667
26 12 1.832908
26 17 1.9123682
27 0 2000.0
27 30 0.2552802
27 8 1.2370255
27 18 3.942342
27 13 0.20901208
27 33 1.0653677
27 11 0.42345127
27 29 0.80571026
27 5 1.8520601
27 34 1.0063604
27 20 0.26609942
27 2 0.5996901
27 14 1.8672436
27 37 0.66277677
27 7 102.4238
27 16 1.4063329
27 25 0.52984226
28 36 0.047367856
28 26 0.037885323
28 10 0.24339429
28 3 0.1192716
28 12 5.571607
28 9 2.1710858
29 0 6.2808194
29 30 3.0659463
29 8 0.5875314
29 18 0.8352892
29 13 1.3319618
29 11 0.6238936
29 5 1.408553
29 34 5.5303745
29 20 1.329022
29 2 0.8884281
29 37 1.1964371
29 7 2000.0
29 27 0.80571026
29 16 57.457325
29 23 3.5628667
29 25 2.2225463
30 0 2000.0
30 8 0.7042321
30 18 0.72980756
30 13 0.61890644
30 33 2.6246393
30 11 0.49067086
30 29 3.0659463
30 5 1.5263029
30 34 2.060474
30 20 9.752301
30 2 11.504357
30 14 2000.0
30 37 7.595527
30 7 0.8648447
30 27 0.2552802
30 16 1.0667245
30 23 1.2440499
30 25 1.6068529
31 26 0.054460667
31 6 0.9773673
31 10 0.032218218
31 24 4.143037
31 22 126.11591
31 9 0.032346353
31 17 1.2250144
31 4 0.07005672
31 19 0.072688825
32 26 29.160906
32 24 0.13356271
32 12 0.43210527
32 15 0.08210228
33 30 2.6246393
33 8 2000.0
33 13 0.81224376
33 11 2.015901
33 29 4032.443
33 5 2000.0
33 34 2000.0
33 20 0.8333643
33 2 3.746064
33 14 0.424434
33 7 2000.0
33 27 1.0653677
33 16 1998.8635
33 25 0.5877647
34 30 2.060474
34 20 0.8236947
34 8 2.4657645
34 7 7.0603385
34 13 5.0973988
34 27 1.0063604
34 16 5535.0566
34 11 2.0533125
34 25 1.2336348
34 29 5.5303745
34 5 2.0230038
35 21 0.080259554
36 26 152.38095
36 28 0.047367856
36 3 0.2731818
36 9 2.1576705
37 30 7.595527
37 0 0.5861661
37 8 0.74645424
37 18 1.11123
37 13 1.6140685
37 11 2.6472902
37 29 1.1964371
37 20 5.605948
37 2 0.9809997
37 7 16.600082
37 27 0.66277677
37 16 206.90909
37 23 1.9888443
37 25 1468.6079
