0 8 9.165192
0 2 1.2996919
0 37 0.98056483
0 13 0.6696597
0 11 73.26546
0 29 10.010627
1 3 0.23515987
1 12 1202.159
2 30 11.170399
2 0 1.2996919
2 8 2.0797215
2 18 25.00497
2 13 1.0444492
2 33 5.026095
2 11 2.0478857
2 29 1.4118476
2 20 5.0565085
2 37 1.3840008
2 27 1.2444341
2 16 2000.0
2 23 100.0
2 25 3.1797545
3 36 0.15513197
3 28 0.06955645
3 24 81.818184
3 12 0.04927948
3 1 0.23515987
3 9 0.62130684
4 31 0.08204572
4 9 0.05045131
4 17 0.09284777
4 19 0.104073055
5 30 1.0551641
5 8 0.6747846
5 18 0.469916
5 13 706.8069
5 11 2.7047825
5 29 2.0894396
5 34 1.5144365
5 20 2.713512
5 37 2000.0
5 7 4.936216
5 27 1.598239
5 16 2.1977763
5 23 3.1854537
6 31 0.31912878
6 17 0.8268547
7 34 8.518873
7 30 0.6009524
7 20 1.4641776
7 8 50.0
7 37 19.442705
7 16 1.4190459
7 11 17.33593
7 23 0.8786059
7 25 23.853277
7 5 4.936216
8 0 9.165192
8 30 0.80787075
8 18 1.1299114
8 13 4.3750463
8 11 1.4502785
8 29 0.8914976
8 5 0.6747846
8 34 3.2889469
8 2 2.0797215
8 37 1.1354276
8 7 50.0
8 27 2.2915163
8 16 1.7794278
8 23 1.4535805
9 36 1.4388824
9 26 2000.0
9 28 4.8821654
9 10 6.6095085
9 22 0.3101592
9 31 0.031147545
9 3 0.62130684
9 17 0.03890867
9 4 0.05045131
9 19 0.06532437
10 26 0.03218145
10 28 0.36105376
10 24 0.036994133
10 31 0.04697712
10 12 5.107911
10 9 6.6095085
10 17 0.028877212
11 0 73.26546
11 30 0.42343685
11 8 1.4502785
11 18 6.9445653
11 13 0.78706884
11 33 2.8655257
11 29 1.191649
11 5 2.7047825
11 34 3.0710213
11 20 2.1664925
11 2 2.0478857
11 37 1.9247081
11 7 17.33593
11 27 0.53841287
11 16 1.2000018
11 25 1.5843292
12 26 0.6282092
12 28 4.170983
12 32 0.21555768
12 10 5.107911
12 24 0.06762284
12 21 0.098838694
12 3 0.04927948
13 30 1.1632652
13 0 0.6696597
13 8 4.3750463
13 18 145.05711
13 33 0.90086544
13 11 0.78706884
13 29 1.4015162
13 5 706.8069
13 34 8.675168
13 20 1.0943458
13 2 1.0444492
13 14 2.9447365
13 37 1.6765007
13 27 0.25747213
13 16 3831.477
13 25 0.7794878
14 20 1.0369084
14 13 2.9447365
14 27 3.570705
14 33 0.48699924
14 11 2000.0
14 25 2.8729045
15 32 0.072872646
15 21 1.6520255
16 0 2000.0
16 30 1.0833141
16 8 1.7794278
16 18 0.6815135
16 11 1.2000018
16 29 21.799202
16 5 2.1977763
16 20 7.680438
16 37 56.862366
16 7 1.4190459
16 27 1.6172407
16 23 8.915339
16 25 1.1039062
17 26 1.9415679
17 6 0.8268547
17 10 0.028877212
17 24 0.14733146
17 31 1.309462
17 9 0.03890867
17 4 0.09284777
17 19 2.378674
18 30 0.9181106
18 2 25.00497
18 8 1.1299114
18 37 2.080845
18 7 2000.0
18 13 145.05711
18 27 4.344159
18 16 0.6815135
18 23 1.5000696
18 11 6.9445653
18 29 1.0221881
18 5 0.469916
19 31 0.07931222
19 9 0.06532437
19 17 2.378674
19 4 0.104073055
20 30 13.686798
20 13 1.0943458
20 33 1.603447
20 11 2.1664925
20 29 4.3124437
20 5 2.713512
20 34 0.886342
20 2 5.0565085
20 14 1.0369084
20 37 2.641287
20 7 1.4641776
20 27 0.31866333
20 16 7.680438
20 25 0.31937036
21 32 1028.5714
21 24 0.547224
21 35 0.05467533
21 12 0.098838694
21 15 1.6520255
22 6 1377.9546
22 31 1086.1364
22 9 0.3101592
22 19 1339.5455
23 0 2000.0
23 30 1.4180001
23 2 100.0
23 8 1.4535805
23 37 4.956169
23 18 1.5000696
23 7 0.8786059
23 16 8.915339
23 11 2000.0
23 29 3.262635
23 5 3.1854537
24 26 0.07010112
24 32 0.08896411
24 10 0.036994133
24 21 0.547224
24 31 4.9030128
24 12 0.06762284
24 3 81.818184
24 15 2000.0
24 17 0.14733146
25 0 2000.0
25 30 1.5073235
25 13 0.7794878
25 33 0.71731454
25 11 1.5843292
25 29 5.251721
25 34 2.6048954
25 20 0.31937036
25 2 3.1797545
25 14 2.8729045
25 37 80.69993
25 7 23.853277
25 27 0.69790816
25 16 1.1039062
26 32 23.428978
26 28 0.11239121
26 10 0.03218145
26 24 0.07010112
26 31 0.07669561
26 12 0.6282092
26 17 1.9415679
27 0 2000.0
27 30 0.15864366
27 8 2.2915163
27 18 4.344159
27 13 0.25747213
27 33 0.8522616
27 11 0.53841287
27 29 0.74835956
27 5 1.598239
27 34 0.86168176
27 20 0.31866333
27 2 1.2444341
27 14 3.570705
27 37 1.2180499
27 7 2000.0
27 16 1.6172407
27 23 2000.0
27 25 0.69790816
28 36 0.03762255
28 26 0.11239121
28 10 0.36105376
28 3 0.06955645
28 12 4.170983
28 9 4.8821654
29 0 10.010627
29 30 4.6828384
29 8 0.8914976
29 18 1.0221881
29 13 1.4015162
29 33 91.93643
29 11 1.191649
29 5 2.0894396
29 34 27.47248
29 20 4.3124437
29 2 1.4118476
29 37 1.2292368
29 7 2000.0
29 27 0.74835956
29 16 21.799202
29 23 3.262635
29 25 5.251721
30 0 2000.0
30 8 0.80787075
30 18 0.9181106
30 13 1.1632652
30 33 2.502394
30 11 0.42343685
30 29 4.6828384
30 5 1.0551641
30 34 1.1498399
30 20 13.686798
30 2 11.170399
30 37 3.5662751
30 7 0.6009524
30 27 0.15864366
30 16 1.0833141
30 23 1.4180001
30 25 1.5073235
31 26 0.07669561
31 6 0.31912878
31 10 0.04697712
31 24 4.9030128
31 9 0.031147545
31 17 1.309462
31 4 0.08204572
31 19 0.07931222
32 26 23.428978
32 24 0.08896411
32 21 1028.5714
32 12 0.21555768
32 15 0.072872646
33 34 2000.0
33 30 2.502394
33 20 1.603447
33 2 5.026095
33 14 0.48699924
33 7 2000.0
33 13 0.90086544
33 27 0.8522616
33 16 2000.0
33 11 2.8655257
33 29 91.93643
33 25 0.71731454
34 30 1.1498399
34 20 0.886342
34 8 3.2889469
34 13 8.675168
34 7 8.518873
34 27 0.86168176
34 16 1215.0568
34 11 3.0710213
34 25 2.6048954
34 29 27.47248
34 5 1.5144365
35 21 0.05467533
36 26 1230.1705
36 28 0.03762255
36 3 0.15513197
36 9 1.4388824
37 30 3.5662751
37 0 0.98056483
37 8 1.1354276
37 18 2.080845
37 13 1.6765007
37 11 1.9247081
37 29 1.2292368
37 20 2.641287
37 2 1.3840008
37 7 19.442705
37 27 1.2180499
37 16 56.862366
37 23 4.956169
37 25 80.69993
