0 2 0.7915199
0 37 1.8719022
0 13 0.70543647
0 29 13.2519655
0 25 24.14423
1 3 2.5556426
1 12 22.65634
2 30 13.381838
2 0 0.7915199
2 8 1.381562
2 18 3.230588
2 13 0.4921014
2 33 2.7990115
2 11 1.4307257
2 29 1.0526074
2 20 2.557675
2 37 1.0327235
2 27 0.8424952
2 16 2000.0
2 23 8.431345
2 25 0.4537
3 36 1.1661077
3 28 38.780685
3 24 2000.0
3 12 0.05038781
3 1 2.5556426
3 9 0.6190218
4 31 0.06687769
4 9 0.063824035
4 17 0.26722753
4 19 0.06784783
5 30 0.5647265
5 8 0.46095145
5 18 0.49462932
5 13 8.086163
5 11 0.9860507
5 29 0.9225064
5 34 5.458057
5 20 1.3731849
5 37 5.014455
5 7 16.160378
5 27 1.373659
5 16 2.9565744
5 23 3.0104659
6 31 0.14776453
6 17 1.9217421
7 30 0.7336175
7 20 42.15126
7 8 4.805981
7 37 75.22233
7 16 1.1339102
7 23 1.1602564
7 25 2.383406
7 5 16.160378
8 0 2000.0
8 30 0.4852011
8 18 1.2810711
8 13 2.8870785
8 11 0.8714644
8 29 0.5476521
8 5 0.46095145
8 34 34.03458
8 2 1.381562
8 37 0.8280624
8 7 4.805981
8 27 1.2682006
8 16 1.8073466
8 23 0.9913993
8 25 2000.0
9 36 0.5048863
9 26 2000.0
9 28 2.116746
9 10 25.469397
9 22 0.057969503
9 31 0.03026943
9 3 0.6190218
9 4 0.063824035
9 17 0.031445604
9 19 0.07958095
10 26 0.026905475
10 28 0.47613508
10 24 0.09402557
10 31 12.5956335
10 12 1489.8864
10 9 25.469397
10 17 0.03483587
11 0 2000.0
11 30 0.77655506
11 8 0.8714644
11 18 6.3982205
11 13 0.9419628
11 33 2.0719247
11 29 0.69777495
11 5 0.9860507
11 34 1.8284962
11 20 0.91159236
11 2 1.4307257
11 37 1.4759281
11 7 1628.1818
11 27 1.2984605
11 16 0.9615647
11 25 0.7679326
12 26 0.63243335
12 32 2.607378
12 24 0.064909086
12 21 0.17678155
12 3 0.05038781
12 1 22.65634
13 30 19.50374
13 0 0.70543647
13 8 2.8870785
13 18 198.25002
13 33 1.0836048
13 11 0.9419628
13 29 0.7223517
13 5 8.086163
13 34 56.790455
13 20 0.95443654
13 2 0.4921014
13 14 3.8675346
13 37 1.2420138
13 7 2000.0
13 27 1.7692035
13 16 33.964264
13 25 0.2700166
14 30 4.865956
14 20 2.0035172
14 13 3.8675346
14 27 2.5159407
14 33 0.4435062
14 11 2000.0
14 25 1.8837984
15 32 0.072744384
15 21 3.4110389
16 30 1.1209172
16 0 2000.0
16 8 1.8073466
16 18 1.5533372
16 13 33.964264
16 11 0.9615647
16 5 2.9565744
16 34 59.16245
16 20 43.437885
16 7 1.1339102
16 27 1.5244098
16 23 3.7675102
16 25 1.0994936
17 6 1.9217421
17 26 1.8564938
17 10 0.03483587
17 24 0.087729
17 31 1.1695516
17 9 0.031445604
17 4 0.26722753
17 19 79.68512
18 0 2000.0
18 30 0.700589
18 8 1.2810711
18 13 198.25002
18 11 6.3982205
18 29 1.2804465
18 5 0.49462932
18 2 3.230588
18 37 6.3854294
18 7 2000.0
18 27 26.259077
18 16 1.5533372
18 23 1.0886564
19 31 0.08212646
19 9 0.07958095
19 17 79.68512
19 4 0.06784783
20 30 0.706309
20 13 0.95443654
20 33 0.9842011
20 11 0.91159236
20 29 3.5802505
20 5 1.3731849
20 34 0.8478875
20 2 2.557675
20 14 2.0035172
20 37 1.6065159
20 7 42.15126
20 27 1.5150127
20 16 43.437885
20 25 0.3093087
21 26 2000.0
21 32 600.0
21 24 0.7459667
21 35 0.030323064
21 31 2000.0
21 12 0.17678155
21 15 3.4110389
22 31 2000.0
22 9 0.057969503
22 19 2000.0
23 0 2000.0
23 30 3.5296159
23 8 0.9913993
23 2 8.431345
23 37 0.92936575
23 18 1.0886564
23 7 1.1602564
23 16 3.7675102
23 11 2000.0
23 29 0.80990386
23 5 3.0104659
24 26 0.043179713
24 32 0.24546692
24 10 0.09402557
24 21 0.7459667
24 12 0.064909086
24 15 2000.0
24 17 0.087729
25 30 10.402229
25 0 24.14423
25 13 0.2700166
25 33 0.53034574
25 11 0.7679326
25 29 1.7552176
25 34 2.078777
25 20 0.3093087
25 2 0.4537
25 14 1.8837984
25 37 109.19561
25 7 2.383406
25 27 0.2641572
25 16 1.0994936
26 32 16.78139
26 28 0.08793362
26 10 0.026905475
26 24 0.043179713
26 31 0.10527755
26 12 0.63243335
26 17 1.8564938
27 30 1.1641213
27 0 2000.0
27 8 1.2682006
27 18 26.259077
27 13 1.7692035
27 33 0.7096912
27 11 1.2984605
27 29 0.86431634
27 5 1.373659
27 34 1.2510465
27 20 1.5150127
27 2 0.8424952
27 14 2.5159407
27 37 1.5958037
27 7 2000.0
27 16 1.5244098
27 25 0.2641572
28 36 0.032907195
28 26 0.08793362
28 10 0.47613508
28 12 1208.6364
28 3 38.780685
28 9 2.116746
28 19 1373.466
29 0 13.2519655
29 30 0.5407781
29 8 0.5476521
29 18 1.2804465
29 13 0.7223517
29 33 7.1727276
29 11 0.69777495
29 5 0.9225064
29 34 2.3886325
29 20 3.5802505
29 2 1.0526074
29 37 1.178567
29 7 2000.0
29 27 0.86431634
29 16 2000.0
29 23 0.80990386
29 25 1.7552176
30 8 0.4852011
30 18 0.700589
30 13 19.50374
30 33 4.2623963
30 11 0.77655506
30 29 0.5407781
30 5 0.5647265
30 34 1.0045106
30 20 0.706309
30 2 13.381838
30 14 4.865956
30 37 14.843679
30 7 0.7336175
30 27 1.1641213
30 16 1.1209172
30 23 3.5296159
30 25 10.402229
31 26 0.10527755
31 6 0.14776453
31 10 12.5956335
31 35 36.356197
31 9 0.03026943
31 4 0.06687769
31 17 1.1695516
31 19 0.08212646
32 26 16.78139
32 24 0.24546692
32 21 600.0
32 12 2.607378
32 15 0.072744384
33 30 4.2623963
33 8 2000.0
33 13 1.0836048
33 11 2.0719247
33 29 7.1727276
33 34 2000.0
33 20 0.9842011
33 2 2.7990115
33 14 0.4435062
33 7 2000.0
33 27 0.7096912
33 16 3017.898
33 25 0.53034574
34 30 1.0045106
34 20 0.8478875
34 8 34.03458
34 37 2000.0
34 7 2000.0
34 13 56.790455
34 27 1.2510465
34 16 59.16245
34 11 1.8284962
34 29 2.3886325
34 25 2.078777
34 5 5.458057
35 21 0.030323064
35 31 36.356197
36 28 0.032907195
36 3 1.1661077
36 9 0.5048863
37 30 14.843679
37 0 1.8719022
37 8 0.8280624
37 18 6.3854294
37 13 1.2420138
37 11 1.4759281
37 29 1.178567
37 5 5.014455
37 20 1.6065159
37 2 1.0327235
37 7 75.22233
37 27 1.5958037
37 16 2000.0
37 23 0.92936575
37 25 109.19561
