0 2 0.5977759
0 37 2.202858
0 13 0.5461788
0 25 27.852728
0 29 15.780909
1 3 0.86952674
1 12 34.989918
2 30 18.84731
2 0 0.5977759
2 8 1.2297536
2 18 1.9124339
2 13 0.63538307
2 33 3.8111346
2 11 2.1083486
2 29 0.7934344
2 20 4.691386
2 37 1.1041548
2 27 1.2789626
2 16 2000.0
2 23 6.28284
2 25 0.65347534
3 36 0.39427385
3 28 72.597145
3 24 423.52942
3 12 0.09296129
3 1 0.86952674
3 9 0.31624445
4 31 0.07044331
4 9 0.06609959
4 17 0.16132607
4 19 0.06728043
5 30 0.52268696
5 8 0.4295211
5 18 1.6036477
5 13 33.307045
5 11 1.5386363
5 29 1.914056
5 34 7.42779
5 20 3.107357
5 37 16.363514
5 7 15.785456
5 27 1.5013374
5 16 3.009116
5 23 2.0343149
5 25 2000.0
6 31 0.11653285
6 17 4.596185
7 34 577.4318
7 30 0.74992895
7 20 38.838688
7 8 4.50384
7 37 145.5706
7 16 1.173812
7 11 40.90471
7 23 1.3766233
7 25 2.9991422
7 5 15.785456
8 0 2000.0
8 30 0.4517865
8 18 1.281876
8 13 1.0389347
8 11 0.86719155
8 29 0.42348725
8 5 0.4295211
8 34 137.76744
8 2 1.2297536
8 37 1.2168518
8 7 4.50384
8 27 0.88473153
8 16 1.5654314
8 23 0.8983346
8 25 2000.0
9 36 0.4624146
9 26 2000.0
9 28 2.235127
9 10 17.26108
9 22 0.04807117
9 31 0.028478911
9 3 0.31624445
9 12 2000.0
9 4 0.06609959
9 17 0.047054924
9 19 0.054742392
10 26 0.030521372
10 28 0.296522
10 24 0.12996279
10 31 7.175948
10 12 1295.966
10 9 17.26108
10 17 0.04033923
11 0 2000.0
11 30 0.7621855
11 8 0.86719155
11 18 6.288423
11 13 1.3090539
11 33 2.009397
11 29 0.7775489
11 5 1.5386363
11 34 2.0465956
11 20 0.8758103
11 2 2.1083486
11 37 2.4177368
11 7 40.90471
11 27 0.7058128
11 16 0.98969847
11 25 0.9052658
12 26 0.40287942
12 32 36.820076
12 28 143.63184
12 24 0.07528607
12 21 0.13428964
12 3 0.09296129
12 1 34.989918
12 15 2000.0
13 30 26.569818
13 0 0.5461788
13 8 1.0389347
13 18 164.34872
13 33 1.002126
13 11 1.3090539
13 29 0.67730427
13 5 33.307045
13 34 300.0
13 20 1.0547061
13 2 0.63538307
13 14 5.367101
13 37 1.0678213
13 7 2000.0
13 27 0.35453492
13 16 95.40388
13 25 0.25572914
14 30 5.3234367
14 20 2.4302526
14 13 5.367101
14 27 1.8651348
14 33 0.9551144
14 11 2000.0
14 25 7.4126053
15 32 0.09888226
15 21 1.6945833
16 0 2000.0
16 30 1.3087212
16 8 1.5654314
16 18 1.3061197
16 13 95.40388
16 11 0.98969847
16 5 3.009116
16 34 56.280964
16 20 31.01339
16 7 1.173812
16 27 1.6522883
16 23 3.7061296
16 25 1.5820768
17 6 4.596185
17 26 1.6996483
17 10 0.04033923
17 24 0.141255
17 31 1.1162825
17 9 0.047054924
17 4 0.16132607
17 19 51.192677
18 0 2000.0
18 30 0.7754382
18 8 1.281876
18 13 164.34872
18 11 6.288423
18 29 1.1460835
18 5 1.6036477
18 2 1.9124339
18 37 1.7039847
18 7 2000.0
18 27 18.381792
18 16 1.3061197
18 23 1.1466038
19 31 0.09213591
19 9 0.054742392
19 4 0.06728043
19 17 51.192677
20 0 2000.0
20 30 0.99329615
20 13 1.0547061
20 33 1.1719749
20 11 0.8758103
20 29 7.518205
20 5 3.107357
20 34 0.91668665
20 2 4.691386
20 14 2.4302526
20 37 4.1639485
20 7 38.838688
20 27 1.0610044
20 16 31.01339
20 25 0.65248835
21 26 2000.0
21 32 2000.0
21 10 2000.0
21 24 1.3709595
21 35 0.031175485
21 12 0.13428964
21 15 1.6945833
22 31 164.01765
22 9 0.04807117
22 19 2000.0
23 0 2000.0
23 30 2.3356187
23 8 0.8983346
23 2 6.28284
23 37 1.6354964
23 18 1.1466038
23 7 1.3766233
23 16 3.7061296
23 11 2000.0
23 29 2.3976047
23 5 2.0343149
24 26 0.046010893
24 32 0.26650086
24 10 0.12996279
24 21 1.3709595
24 12 0.07528607
24 3 423.52942
24 15 2000.0
24 17 0.141255
25 30 8.9661255
25 0 27.852728
25 13 0.25572914
25 33 0.85366863
25 11 0.9052658
25 29 2.1219041
25 34 1.5778507
25 20 0.65248835
25 2 0.65347534
25 14 7.4126053
25 37 49.505444
25 7 2.9991422
25 27 0.2571642
25 16 1.5820768
26 32 20.018341
26 28 0.08534704
26 10 0.030521372
26 24 0.046010893
26 31 0.10006163
26 12 0.40287942
26 17 1.6996483
27 30 0.2159727
27 0 2000.0
27 8 0.88473153
27 18 18.381792
27 13 0.35453492
27 33 0.95367146
27 11 0.7058128
27 29 0.96391433
27 5 1.5013374
27 34 0.9578059
27 20 1.0610044
27 2 1.2789626
27 14 1.8651348
27 37 1.057607
27 7 4402.386
27 16 1.6522883
27 25 0.2571642
28 36 0.03269848
28 26 0.08534704
28 10 0.296522
28 3 72.597145
28 12 143.63184
28 9 2.235127
28 19 1341.875
29 0 15.780909
29 30 1.1856627
29 8 0.42348725
29 18 1.1460835
29 13 0.67730427
29 33 34.977676
29 11 0.7775489
29 5 1.914056
29 34 4.3820753
29 20 7.518205
29 2 0.7934344
29 37 0.9144174
29 27 0.96391433
29 16 2000.0
29 23 2.3976047
29 25 2.1219041
30 8 0.4517865
30 18 0.7754382
30 13 26.569818
30 33 10.23707
30 11 0.7621855
30 29 1.1856627
30 5 0.52268696
30 34 1.1069889
30 20 0.99329615
30 2 18.84731
30 14 5.3234367
30 37 17.56083
30 7 0.74992895
30 27 0.2159727
30 16 1.3087212
30 23 2.3356187
30 25 8.9661255
31 26 0.10006163
31 6 0.11653285
31 10 7.175948
31 35 1199.7916
31 22 164.01765
31 9 0.028478911
31 4 0.07044331
31 17 1.1162825
31 19 0.09213591
32 26 20.018341
32 24 0.26650086
32 12 36.820076
32 15 0.09888226
33 30 10.23707
33 13 1.002126
33 11 2.009397
33 29 34.977676
33 5 2000.0
33 34 2000.0
33 20 1.1719749
33 2 3.8111346
33 14 0.9551144
33 7 2000.0
33 27 0.95367146
33 16 3017.898
33 25 0.85366863
34 30 1.1069889
34 20 0.91668665
34 8 137.76744
34 37 2000.0
34 13 300.0
34 7 577.4318
34 27 0.9578059
34 16 56.280964
34 11 2.0465956
34 29 4.3820753
34 25 1.5778507
34 5 7.42779
35 21 0.031175485
35 31 1199.7916
36 28 0.03269848
36 3 0.39427385
36 9 0.4624146
37 30 17.56083
37 0 2.202858
37 8 1.2168518
37 18 1.7039847
37 13 1.0678213
37 11 2.4177368
37 29 0.9144174
37 5 16.363514
37 20 4.1639485
37 2 1.1041548
37 7 145.5706
37 27 1.057607
37 16 2000.0
37 23 1.6354964
37 25 49.505444
