0 8 17.286146
0 2 0.7976758
0 37 0.7473289
0 13 0.8547755
0 11 29.1498
0 29 5.1306424
0 25 2000.0
1 3 0.22006825
1 12 1201.4773
2 30 17.096899
2 0 0.7976758
2 8 1.2710232
2 18 17.85956
2 13 0.32949644
2 33 1.3913538
2 11 0.77353287
2 29 0.7951983
2 20 1.9853379
2 37 0.7593659
2 27 0.5109651
2 16 2000.0
2 23 46.29003
2 25 1.1076151
3 36 0.27939427
3 28 0.09215936
3 24 360.00003
3 12 0.05103259
3 1 0.22006825
3 9 0.3379318
4 31 0.079154246
4 9 0.0788003
4 17 0.10101799
4 19 0.08879312
5 30 0.9148899
5 8 0.59953576
5 18 0.33130592
5 13 98.244644
5 11 1.8595612
5 29 2.317441
5 34 2.3425527
5 20 3.116859
5 37 2000.0
5 7 6.497056
5 27 2.6079726
5 16 1.5793418
5 23 3.3855367
6 31 0.24620499
6 17 0.7321316
7 34 7.0686603
7 30 0.43989426
7 20 1.10973
7 8 28.252064
7 37 23.929243
7 27 2000.0
7 16 0.8934283
7 11 4.892898
7 23 0.97250825
7 25 4.5375514
7 5 6.497056
8 0 17.286146
8 30 0.8343889
8 18 1.4773438
8 13 2.8566952
8 11 1.0290527
8 29 0.65429085
8 5 0.59953576
8 34 3.9021313
8 2 1.2710232
8 37 0.79402006
8 7 28.252064
8 27 1.0932995
8 16 1.3370281
8 23 0.9549916
9 36 2.2699845
9 26 2000.0
9 28 3.8351662
9 10 6.037691
9 22 0.48399147
9 31 0.0353739
9 3 0.3379318
9 17 0.11306819
9 4 0.0788003
9 19 0.09159836
10 26 0.031203432
10 28 0.34760845
10 24 0.05681369
10 31 0.03304619
10 12 8.8125725
10 9 6.037691
10 17 0.041337863
11 0 29.1498
11 30 0.44906372
11 8 1.0290527
11 18 4.412045
11 13 0.49639216
11 33 1.8035153
11 29 0.49015483
11 5 1.8595612
11 34 1.9634906
11 20 0.7769244
11 2 0.77353287
11 37 1.2197505
11 7 4.892898
11 27 0.52269787
11 16 0.73685354
11 25 0.7184545
12 26 2.4302354
12 28 1.1561818
12 32 0.16837151
12 10 8.8125725
12 24 0.07276107
12 21 0.08730641
12 3 0.05103259
13 0 0.8547755
13 30 1.1757317
13 8 2.8566952
13 18 141.70203
13 33 0.73721945
13 11 0.49639216
13 29 0.9560605
13 5 98.244644
13 34 6.151478
13 20 0.7953031
13 2 0.32949644
13 14 3.1012623
13 37 1.0761683
13 27 0.30167717
13 16 121.111465
13 25 0.5381337
14 20 1.9769858
14 13 3.1012623
14 27 4.0058656
14 33 0.53908557
14 11 2000.0
14 25 5.196625
15 32 0.07585022
15 21 1.1885618
16 30 1.1018257
16 0 2000.0
16 8 1.3370281
16 18 0.8524848
16 13 121.111465
16 11 0.73685354
16 29 22.712349
16 5 1.5793418
16 20 3.278056
16 37 22.965427
16 7 0.8934283
16 27 1.3255435
16 23 3.5807395
16 25 1.0774752
17 26 1.7045612
17 6 0.7321316
17 10 0.041337863
17 24 0.26453146
17 31 1.3624424
17 9 0.11306819
17 4 0.10101799
17 19 3.26171
18 30 0.6377578
18 2 17.85956
18 8 1.4773438
18 37 1.6018063
18 7 2000.0
18 13 141.70203
18 27 2.6298919
18 16 0.8524848
18 23 1.1779503
18 11 4.412045
18 29 0.9232102
18 5 0.33130592
19 31 0.109892875
19 9 0.09159836
19 17 3.26171
19 4 0.08879312
20 30 23.874334
20 13 0.7953031
20 33 1.4602998
20 11 0.7769244
20 29 5.3851333
20 5 3.116859
20 34 0.8583107
20 2 1.9853379
20 14 1.9769858
20 37 1.602191
20 7 1.10973
20 27 2.4833574
20 16 3.278056
20 25 0.3242184
21 26 2000.0
21 32 2000.0
21 24 0.89125824
21 35 0.034590777
21 12 0.08730641
21 15 1.1885618
22 6 1657.1022
22 31 1246.1364
22 9 0.48399147
22 19 1318.8068
23 0 2000.0
23 30 1.0501807
23 2 46.29003
23 8 0.9549916
23 37 1.5821998
23 18 1.1779503
23 7 0.97250825
23 16 3.5807395
23 11 2000.0
23 29 1.8100415
23 5 3.3855367
24 26 0.06834416
24 32 0.10359008
24 10 0.05681369
24 21 0.89125824
24 31 4.0000515
24 3 360.00003
24 12 0.07276107
24 15 2000.0
24 17 0.26453146
25 30 0.6834699
25 13 0.5381337
25 33 0.34647253
25 11 0.7184545
25 29 3.7821374
25 34 0.5839202
25 20 0.3242184
25 2 1.1076151
25 14 5.196625
25 37 25.165266
25 7 4.5375514
25 27 0.6870902
25 16 1.0774752
26 36 242.33522
26 32 46.845215
26 28 0.03398446
26 10 0.031203432
26 24 0.06834416
26 31 0.06153698
26 12 2.4302354
26 17 1.7045612
27 0 2000.0
27 30 0.15033534
27 8 1.0932995
27 18 2.6298919
27 13 0.30167717
27 33 0.9780837
27 11 0.52269787
27 29 1.0076514
27 5 2.6079726
27 34 0.76553285
27 20 2.4833574
27 2 0.5109651
27 14 4.0058656
27 37 0.75909084
27 7 2000.0
27 16 1.3255435
27 25 0.6870902
28 36 0.034356967
28 26 0.03398446
28 10 0.34760845
28 3 0.09215936
28 12 1.1561818
28 9 3.8351662
29 0 5.1306424
29 30 3.4946156
29 8 0.65429085
29 18 0.9232102
29 13 0.9560605
29 11 0.49015483
29 5 2.317441
29 34 3.2145338
29 20 5.3851333
29 2 0.7951983
29 37 0.5890794
29 7 2000.0
29 27 1.0076514
29 16 22.712349
29 23 1.8100415
29 25 3.7821374
30 0 2000.0
30 8 0.8343889
30 18 0.6377578
30 13 1.1757317
30 33 2.44595
30 11 0.44906372
30 29 3.4946156
30 5 0.9148899
30 34 1.1735691
30 20 23.874334
30 2 17.096899
30 37 21.319464
30 7 0.43989426
30 27 0.15033534
30 16 1.1018257
30 23 1.0501807
30 25 0.6834699
31 26 0.06153698
31 6 0.24620499
31 10 0.03304619
31 24 4.0000515
31 9 0.0353739
31 17 1.3624424
31 4 0.079154246
31 19 0.109892875
32 26 46.845215
32 24 0.10359008
32 12 0.16837151
32 15 0.07585022
33 34 2000.0
33 30 2.44595
33 20 1.4602998
33 2 1.3913538
33 14 0.53908557
33 7 2000.0
33 13 0.73721945
33 27 0.9780837
33 16 1844.659
33 11 1.8035153
33 29 93.67396
33 25 0.34647253
34 30 1.1735691
34 20 0.8583107
34 8 3.9021313
34 13 6.151478
34 7 7.0686603
34 27 0.76553285
34 16 1215.0568
34 11 1.9634906
34 25 0.5839202
34 29 3.2145338
34 5 2.3425527
35 21 0.034590777
36 26 242.33522
36 28 0.034356967
36 3 0.27939427
36 9 2.2699845
37 30 21.319464
37 0 0.7473289
37 8 0.79402006
37 18 1.6018063
37 13 1.0761683
37 11 1.2197505
37 29 0.5890794
37 20 1.602191
37 2 0.7593659
37 7 23.929243
37 27 0.75909084
37 16 22.965427
37 23 1.5821998
37 25 25.165266
