0 8 6.1133866
0 2 1.4706732
0 37 1.2718741
0 13 1.2694154
0 11 53.333332
0 29 12.16554
0 25 2000.0
1 3 0.24321848
1 12 1202.159
2 30 17.475447
2 0 1.4706732
2 8 1.1834185
2 18 5.429597
2 13 0.3883578
2 33 1.9878625
2 11 0.8710721
2 29 0.8349514
2 20 1.9099233
2 37 1.1369636
2 27 2.0333824
2 16 2000.0
2 23 31.410427
2 25 2.5754912
3 36 0.32783264
3 28 0.091377
3 24 400.0
3 12 0.06043291
3 1 0.24321848
3 9 0.1535151
4 31 0.081402496
4 9 0.049676094
4 17 0.12641867
4 19 0.09083578
5 30 0.61847895
5 8 0.64760417
5 18 0.36361805
5 13 2000.0
5 11 1.1037667
5 29 11.121775
5 34 2.4356
5 20 2.1469157
5 37 2000.0
5 7 5.980845
5 27 2.0325127
5 16 2.5637312
5 23 6.481511
6 31 1.5861689
6 17 1.8177794
7 34 10.653883
7 30 0.7092324
7 20 1.0855498
7 8 28.397533
7 37 37.42223
7 27 52.556614
7 16 1.0656993
7 11 3.0791337
7 23 1.1372159
7 25 8.163905
7 5 5.980845
8 0 6.1133866
8 30 0.41774845
8 18 0.70828325
8 13 2.5538538
8 11 0.8239511
8 29 0.6575795
8 5 0.64760417
8 34 10.114291
8 2 1.1834185
8 37 0.9241315
8 7 28.397533
8 27 0.5952477
8 16 1.3404741
8 23 1.0569952
9 36 0.9915425
9 26 2000.0
9 28 1.7583497
9 10 7.031719
9 22 0.4081477
9 31 0.029077671
9 3 0.1535151
9 12 2000.0
9 17 0.05797562
9 4 0.049676094
9 19 0.06858495
10 26 0.03403313
10 28 0.1855992
10 24 0.056101188
10 31 0.050444663
10 12 12.199549
10 9 7.031719
10 17 0.030188
11 0 53.333332
11 30 0.39175642
11 8 0.8239511
11 18 3.9302213
11 13 0.42572948
11 33 2.3229103
11 29 0.7597416
11 5 1.1037667
11 34 2.142693
11 20 0.6640701
11 2 0.8710721
11 37 1.1140909
11 7 3.0791337
11 27 0.40910012
11 16 0.9447752
11 25 2.7209437
12 26 1.4138756
12 28 5.1190953
12 32 0.29731813
12 10 12.199549
12 24 0.11294752
12 21 0.06885583
12 3 0.06043291
13 30 2.5472443
13 0 1.2694154
13 8 2.5538538
13 18 2000.0
13 33 0.94688946
13 11 0.42572948
13 29 1.5761249
13 34 31.158592
13 20 0.54612154
13 2 0.3883578
13 14 4.126134
13 37 1.6640341
13 27 0.30766138
13 16 100.0
13 25 1.2914835
14 34 2000.0
14 20 0.9341646
14 13 4.126134
14 33 0.43678713
14 27 2.83939
14 11 2000.0
14 25 3.9746754
15 32 0.07941414
15 21 1.0915695
16 30 1.6566281
16 0 2000.0
16 8 1.3404741
16 18 0.93924665
16 13 100.0
16 11 0.9447752
16 29 63.477272
16 5 2.5637312
16 20 7.5303755
16 37 65.61647
16 7 1.0656993
16 27 2.342225
16 23 10.320679
16 25 3.2440302
17 26 3.576751
17 6 1.8177794
17 10 0.030188
17 24 0.36406752
17 31 1.987778
17 9 0.05797562
17 4 0.12641867
17 19 1.1070707
18 30 0.70894235
18 2 5.429597
18 8 0.70828325
18 37 1.1407232
18 7 2000.0
18 13 2000.0
18 27 2.353764
18 16 0.93924665
18 23 1.1816348
18 11 3.9302213
18 29 0.97001594
18 5 0.36361805
19 31 0.08178393
19 9 0.06858495
19 17 1.1070707
19 4 0.09083578
20 30 9.06383
20 13 0.54612154
20 33 1.326046
20 11 0.6640701
20 29 11.398294
20 5 2.1469157
20 34 0.8081667
20 2 1.9099233
20 14 0.9341646
20 37 1.5704614
20 7 1.0855498
20 27 0.4786087
20 16 7.5303755
20 25 0.8381363
21 32 2000.0
21 24 0.80544025
21 35 0.033768132
21 12 0.06885583
21 15 1.0915695
22 6 1591.9318
22 31 1168.0114
22 9 0.4081477
22 19 1330.5114
23 0 2000.0
23 30 1.748682
23 2 31.410427
23 8 1.0569952
23 37 5.6695294
23 18 1.1816348
23 7 1.1372159
23 16 10.320679
23 11 2000.0
23 29 3.0793984
23 5 6.481511
24 26 0.061625883
24 32 0.10731658
24 10 0.056101188
24 21 0.80544025
24 31 13.482888
24 12 0.11294752
24 3 400.0
24 15 2000.0
24 17 0.36406752
25 0 2000.0
25 30 7.0752482
25 13 1.2914835
25 33 0.7513357
25 11 2.7209437
25 29 1.1127456
25 5 2000.0
25 34 10.197455
25 20 0.8381363
25 2 2.5754912
25 14 3.9746754
25 37 100.0
25 7 8.163905
25 27 1.1300325
25 16 3.2440302
26 36 100.40001
26 32 20.639395
26 28 0.034230627
26 10 0.03403313
26 24 0.061625883
26 31 0.074594155
26 12 1.4138756
26 17 3.576751
27 0 2000.0
27 30 0.24425621
27 8 0.5952477
27 18 2.353764
27 13 0.30766138
27 33 1.0235016
27 11 0.40910012
27 29 1.1590544
27 5 2.0325127
27 34 1.5819565
27 20 0.4786087
27 2 2.0333824
27 14 2.83939
27 37 0.5921697
27 7 52.556614
27 16 2.342225
27 25 1.1300325
28 36 0.03177432
28 26 0.034230627
28 10 0.1855992
28 3 0.091377
28 12 5.1190953
28 9 1.7583497
29 0 12.16554
29 30 6.6408176
29 8 0.6575795
29 18 0.97001594
29 13 1.5761249
29 11 0.7597416
29 5 11.121775
29 34 4.3618126
29 20 11.398294
29 2 0.8349514
29 37 0.7063161
29 7 2000.0
29 27 1.1590544
29 16 63.477272
29 23 3.0793984
29 25 1.1127456
30 0 2000.0
30 8 0.41774845
30 18 0.70894235
30 13 2.5472443
30 33 1.6808243
30 11 0.39175642
30 29 6.6408176
30 5 0.61847895
30 34 0.6870193
30 20 9.06383
30 2 17.475447
30 14 2000.0
30 37 5.6098695
30 7 0.7092324
30 27 0.24425621
30 16 1.6566281
30 23 1.748682
30 25 7.0752482
31 26 0.074594155
31 6 1.5861689
31 10 0.050444663
31 24 13.482888
31 9 0.029077671
31 17 1.987778
31 4 0.081402496
31 19 0.08178393
32 26 20.639395
32 24 0.10731658
32 12 0.29731813
32 15 0.07941414
33 30 1.6808243
33 8 2000.0
33 13 0.94688946
33 11 2.3229103
33 29 2000.0
33 34 2000.0
33 20 1.326046
33 2 1.9878625
33 14 0.43678713
33 7 2000.0
33 27 1.0235016
33 16 2000.0
33 25 0.7513357
34 30 0.6870193
34 20 0.8081667
34 8 10.114291
34 13 31.158592
34 7 10.653883
34 27 1.5819565
34 16 1215.0568
34 11 2.142693
34 25 10.197455
34 29 4.3618126
34 5 2.4356
35 21 0.033768132
36 26 100.40001
36 28 0.03177432
36 3 0.32783264
36 9 0.9915425
37 30 5.6098695
37 0 1.2718741
37 8 0.9241315
37 18 1.1407232
37 13 1.6640341
37 11 1.1140909
37 29 0.7063161
37 20 1.5704614
37 2 1.1369636
37 7 37.42223
37 27 0.5921697
37 16 65.61647
37 23 5.6695294
37 25 100.0
