0 2 2.3994253
0 37 1.544995
0 13 1.6724286
0 29 54.61975
0 25 19.305534
1 3 1.2937813
1 12 35.55179
2 30 38.89659
2 0 2.3994253
2 8 1.8814067
2 18 1.9570019
2 13 0.47574005
2 33 2.9269202
2 11 1.5524255
2 29 1.5594254
2 20 8.467144
2 37 0.88429135
2 27 1.0399154
2 16 2000.0
2 23 18.323864
2 25 0.5491259
3 36 0.47558275
3 28 16.055294
3 24 2000.0
3 12 0.048259832
3 1 1.2937813
3 9 0.5880789
4 31 0.09369962
4 9 0.08885991
4 17 0.118285134
4 19 0.065944605
5 30 1.5818369
5 8 1.8402799
5 18 1.054522
5 13 50.487667
5 11 3.1850374
5 29 5.6799126
5 34 2.812901
5 20 2.0853336
5 37 12.902612
5 7 30.419292
5 27 3.6008286
5 16 2.009837
5 23 3.6580205
5 25 2000.0
6 31 0.10827415
6 17 1.1691052
7 34 2000.0
7 30 0.8838616
7 20 23.098803
7 8 5.809176
7 16 1.552404
7 23 1.6637818
7 11 1102.6704
7 25 2.3223379
7 5 30.419292
8 0 2000.0
8 30 0.5688618
8 18 1.3199973
8 13 2.2605102
8 11 1.4748483
8 29 2.764861
8 5 1.8402799
8 34 26.839935
8 2 1.8814067
8 37 0.84709316
8 7 5.809176
8 27 3.5811815
8 16 3.1062336
8 23 1.5299617
8 25 2000.0
9 36 0.59729445
9 26 2000.0
9 28 1.6168365
9 10 23.076921
9 22 0.04761348
9 31 0.030894307
9 3 0.5880789
9 12 2000.0
9 4 0.08885991
9 17 0.036683686
9 19 0.0628142
10 26 0.028844772
10 28 0.2635101
10 24 0.07378412
10 31 4.564437
10 12 104.718445
10 9 23.076921
10 17 0.030691132
11 0 2000.0
11 30 0.8504236
11 8 1.4748483
11 18 11.909658
11 13 1.4486629
11 33 1.6658698
11 29 1.779109
11 5 3.1850374
11 34 6.1748934
11 20 1.823938
11 2 1.5524255
11 37 2.6945138
11 7 1102.6704
11 27 1.7505883
11 16 2.4606369
11 25 0.97776395
12 26 0.30816284
12 32 4.886271
12 10 104.718445
12 24 0.07469057
12 21 0.10744135
12 3 0.048259832
12 1 35.55179
13 30 146.01682
13 0 1.6724286
13 8 2.2605102
13 18 170.45457
13 33 0.8353555
13 11 1.4486629
13 29 2.314019
13 5 50.487667
13 34 2000.0
13 20 1.256252
13 2 0.47574005
13 14 3.5982885
13 37 1.2809457
13 7 2000.0
13 27 0.24368049
13 16 136.9627
13 25 0.25759757
14 30 12.08926
14 20 3.2928717
14 13 3.5982885
14 27 5.521968
14 33 0.43450955
14 25 2.870191
15 32 0.06859875
15 21 11.608357
16 0 2000.0
16 30 1.1396283
16 8 3.1062336
16 18 1.707379
16 13 136.9627
16 11 2.4606369
16 29 763.6416
16 5 2.009837
16 34 49.209713
16 20 26.373735
16 7 1.552404
16 27 1.5140818
16 23 4.1420455
16 25 1.1218538
17 6 1.1691052
17 26 1.5835361
17 10 0.030691132
17 24 0.21792404
17 31 1.033099
17 9 0.036683686
17 4 0.118285134
17 19 69.96539
18 0 2000.0
18 30 0.81132764
18 8 1.3199973
18 2 1.9570019
18 37 1.8381929
18 13 170.45457
18 27 28.86216
18 16 1.707379
18 11 11.909658
18 23 1.2098365
18 29 2.1075106
18 5 1.054522
19 31 0.099813715
19 9 0.0628142
19 4 0.065944605
19 17 69.96539
20 30 2.0512655
20 13 1.256252
20 33 1.2970746
20 11 1.823938
20 29 6.298933
20 5 2.0853336
20 34 1.2627335
20 2 8.467144
20 14 3.2928717
20 37 3.3451009
20 7 23.098803
20 27 1.4698662
20 16 26.373735
20 25 0.36699268
21 26 2000.0
21 32 2000.0
21 24 1.2293869
21 35 0.03526393
21 31 2000.0
21 12 0.10744135
21 15 11.608357
22 31 29.699337
22 9 0.04761348
22 19 2000.0
23 0 2000.0
23 30 1.2567991
23 8 1.5299617
23 2 18.323864
23 37 3.105369
23 18 1.2098365
23 7 1.6637818
23 16 4.1420455
23 11 2000.0
23 29 1.7823063
23 5 3.6580205
24 26 0.03983416
24 32 0.21270786
24 10 0.07378412
24 21 1.2293869
24 12 0.07469057
24 17 0.21792404
25 30 48.706738
25 0 19.305534
25 13 0.25759757
25 33 0.664132
25 11 0.97776395
25 29 1.7662706
25 34 2.6289036
25 20 0.36699268
25 2 0.5491259
25 14 2.870191
25 37 18.29929
25 7 2.3223379
25 27 0.44528982
25 16 1.1218538
26 32 71.89375
26 28 0.05404412
26 10 0.028844772
26 24 0.03983416
26 31 0.1499701
26 12 0.30816284
26 17 1.5835361
27 30 0.72619987
27 0 2000.0
27 8 3.5811815
27 18 28.86216
27 13 0.24368049
27 33 0.74124026
27 11 1.7505883
27 29 1.75807
27 5 3.6008286
27 34 1.7948227
27 20 1.4698662
27 2 1.0399154
27 14 5.521968
27 37 2.0025337
27 7 2000.0
27 16 1.5140818
27 25 0.44528982
28 36 0.03562585
28 26 0.05404412
28 10 0.2635101
28 12 1145.4545
28 3 16.055294
28 9 1.6168365
28 19 1367.8977
29 0 54.61975
29 30 3.7094142
29 8 2.764861
29 18 2.1075106
29 13 2.314019
29 33 10.890341
29 11 1.779109
29 5 5.6799126
29 34 3.5604239
29 20 6.298933
29 2 1.5594254
29 37 1.0032623
29 7 2000.0
29 27 1.75807
29 16 763.6416
29 23 1.7823063
29 25 1.7662706
30 8 0.5688618
30 18 0.81132764
30 13 146.01682
30 33 15.160757
30 11 0.8504236
30 29 3.7094142
30 5 1.5818369
30 34 1.7563871
30 20 2.0512655
30 2 38.89659
30 14 12.08926
30 37 30.807325
30 7 0.8838616
30 27 0.72619987
30 16 1.1396283
30 23 1.2567991
30 25 48.706738
31 26 0.1499701
31 6 0.10827415
31 10 4.564437
31 35 69.30792
31 22 29.699337
31 9 0.030894307
31 4 0.09369962
31 17 1.033099
31 19 0.099813715
32 26 71.89375
32 24 0.21270786
32 21 2000.0
32 12 4.886271
32 15 0.06859875
33 30 15.160757
33 8 2000.0
33 13 0.8353555
33 11 1.6658698
33 29 10.890341
33 5 2000.0
33 34 2000.0
33 20 1.2970746
33 2 2.9269202
33 14 0.43450955
33 7 2000.0
33 27 0.74124026
33 16 3017.898
33 25 0.664132
34 30 1.7563871
34 20 1.2627335
34 8 26.839935
34 37 2000.0
34 7 2000.0
34 13 2000.0
34 27 1.7948227
34 16 49.209713
34 11 6.1748934
34 29 3.5604239
34 25 2.6289036
34 5 2.812901
35 21 0.03526393
35 31 69.30792
36 28 0.03562585
36 3 0.47558275
36 9 0.59729445
37 30 30.807325
37 0 1.544995
37 8 0.84709316
37 18 1.8381929
37 13 1.2809457
37 11 2.6945138
37 29 1.0032623
37 5 12.902612
37 20 3.3451009
37 2 0.88429135
37 7 7668.864
37 27 2.0025337
37 16 2000.0
37 23 3.105369
37 25 18.29929
