0 2 0.89874786
0 37 1.6357771
0 13 0.88054883
0 29 26.680935
0 25 11.6207905
1 3 0.7949269
1 12 67.634125
2 30 14.92029
2 0 0.89874786
2 8 1.632353
2 18 1.5979775
2 13 0.62462366
2 33 1.668711
2 11 1.5004736
2 29 0.9354119
2 20 2.9833171
2 37 1.1842602
2 27 0.7486296
2 16 2000.0
2 23 7.113113
2 25 0.8144548
3 36 0.56953233
3 28 6.411016
3 24 2000.0
3 12 0.05734346
3 1 0.7949269
3 9 1.2235211
4 31 0.08475544
4 9 0.064032145
4 17 0.25245115
4 19 0.07846132
5 30 0.64878786
5 8 0.5659716
5 18 0.46877578
5 13 27.082857
5 11 1.4436239
5 29 7.22242
5 34 3.5869427
5 20 2.5506318
5 37 22.078505
5 7 13.390684
5 27 4.5926595
5 16 1.9258692
5 23 4.6004653
6 31 0.20711625
6 17 4.4047346
7 30 1.0953687
7 20 62.45613
7 8 3.5240817
7 37 60.000004
7 16 1.5060683
7 11 135.49933
7 23 1.579054
7 25 7.863105
7 29 2000.0
7 5 13.390684
8 0 2000.0
8 30 0.43560302
8 18 1.335353
8 13 1.522063
8 11 0.9478794
8 29 0.453832
8 5 0.5659716
8 34 24.607277
8 2 1.632353
8 37 0.9793069
8 7 3.5240817
8 27 2.069198
8 16 1.5233791
8 23 0.8422208
8 25 2000.0
9 36 0.64471513
9 28 1.7634747
9 10 22.564434
9 22 0.053118736
9 31 0.028801842
9 3 1.2235211
9 12 2000.0
9 4 0.064032145
9 17 0.03544352
9 19 0.102051005
10 26 0.030784091
10 28 0.26881373
10 24 0.1038878
10 31 29.903814
10 12 45.126736
10 9 22.564434
10 17 0.03368528
11 0 2000.0
11 30 0.768992
11 8 0.9478794
11 18 3.3807282
11 13 0.89068747
11 33 2.811132
11 29 0.6619703
11 5 1.4436239
11 34 1.841529
11 20 0.9157298
11 2 1.5004736
11 37 2.372247
11 7 135.49933
11 27 0.56914425
11 16 1.3222699
11 25 0.6682971
12 26 1.2017198
12 32 2.2600124
12 10 45.126736
12 24 0.066732995
12 21 0.123840444
12 3 0.05734346
12 1 67.634125
13 30 66.88863
13 0 0.88054883
13 8 1.522063
13 18 274.10117
13 33 0.9317786
13 11 0.89068747
13 29 0.8491876
13 5 27.082857
13 34 151.63258
13 20 1.0692806
13 2 0.62462366
13 14 8.342242
13 37 1.1171529
13 7 2000.0
13 27 0.4995406
13 16 46.411366
13 25 0.2706113
14 30 11.2434025
14 20 3.1072645
14 13 8.342242
14 27 4.642602
14 33 0.41222903
14 11 2000.0
14 25 2.8208308
15 32 0.07186855
15 21 1.0648359
16 30 1.0886413
16 0 2000.0
16 8 1.5233791
16 18 1.2061721
16 13 46.411366
16 11 1.3222699
16 5 1.9258692
16 34 50.477276
16 20 23.686129
16 7 1.5060683
16 27 1.5058577
16 23 1.9874804
16 25 0.93532026
17 6 4.4047346
17 26 1.4651203
17 10 0.03368528
17 24 0.08343697
17 31 0.97338164
17 9 0.03544352
17 4 0.25245115
17 19 88.92719
18 0 2000.0
18 30 0.6854779
18 8 1.335353
18 13 274.10117
18 11 3.3807282
18 29 1.4397012
18 5 0.46877578
18 2 1.5979775
18 37 4.588984
18 7 2000.0
18 27 20.178366
18 16 1.2061721
18 23 1.4935677
19 31 0.081772365
19 9 0.102051005
19 17 88.92719
19 4 0.07846132
20 30 1.4581791
20 13 1.0692806
20 33 1.4266574
20 11 0.9157298
20 29 9.94332
20 5 2.5506318
20 34 0.85219157
20 2 2.9833171
20 14 3.1072645
20 37 1.7370297
20 7 62.45613
20 27 3.6913993
20 16 23.686129
20 25 0.43606716
21 26 2000.0
21 32 2000.0
21 10 2000.0
21 24 0.7770244
21 35 0.031315204
21 12 0.123840444
21 15 1.0648359
22 31 104.347824
22 9 0.053118736
22 19 2000.0
23 0 2000.0
23 30 1.6574697
23 8 0.8422208
23 2 7.113113
23 37 1.4309919
23 18 1.4935677
23 7 1.579054
23 16 1.9874804
23 11 2000.0
23 29 0.93501294
23 5 4.6004653
24 26 0.049667593
24 32 0.2614075
24 10 0.1038878
24 21 0.7770244
24 12 0.066732995
24 15 2000.0
24 17 0.08343697
25 30 14.511302
25 0 11.6207905
25 13 0.2706113
25 33 0.61749405
25 11 0.6682971
25 29 2.8200712
25 34 2.0891464
25 20 0.43606716
25 2 0.8144548
25 14 2.8208308
25 37 48.339188
25 7 7.863105
25 27 0.2467549
25 16 0.93532026
26 32 40.170082
26 28 0.084012546
26 10 0.030784091
26 24 0.049667593
26 31 0.12917612
26 12 1.2017198
26 17 1.4651203
27 30 0.25844625
27 0 2000.0
27 8 2.069198
27 18 20.178366
27 13 0.4995406
27 33 0.72251856
27 11 0.56914425
27 29 1.0809777
27 5 4.5926595
27 34 1.0178328
27 20 3.6913993
27 2 0.7486296
27 14 4.642602
27 37 0.8311428
27 7 2000.0
27 16 1.5058577
27 25 0.2467549
28 36 0.029664591
28 26 0.084012546
28 10 0.26881373
28 3 6.411016
28 12 1266.9886
28 9 1.7634747
28 19 1383.8636
29 0 26.680935
29 30 0.9814033
29 8 0.453832
29 18 1.4397012
29 13 0.8491876
29 33 21.735182
29 11 0.6619703
29 5 7.22242
29 34 4.6470156
29 20 9.94332
29 2 0.9354119
29 37 0.7971377
29 7 2000.0
29 27 1.0809777
29 16 2000.0
29 23 0.93501294
29 25 2.8200712
30 8 0.43560302
30 18 0.6854779
30 13 66.88863
30 33 8.369023
30 11 0.768992
30 29 0.9814033
30 5 0.64878786
30 34 0.7784209
30 20 1.4581791
30 2 14.92029
30 14 11.2434025
30 37 39.837288
30 7 1.0953687
30 27 0.25844625
30 16 1.0886413
30 23 1.6574697
30 25 14.511302
31 26 0.12917612
31 6 0.20711625
31 10 29.903814
31 22 104.347824
31 9 0.028801842
31 4 0.08475544
31 17 0.97338164
31 19 0.081772365
32 26 40.170082
32 24 0.2614075
32 21 2000.0
32 12 2.2600124
32 15 0.07186855
33 30 8.369023
33 13 0.9317786
33 11 2.811132
33 29 21.735182
33 5 2000.0
33 34 2000.0
33 20 1.4266574
33 2 1.668711
33 14 0.41222903
33 7 2000.0
33 27 0.72251856
33 16 3017.898
33 25 0.61749405
34 30 0.7784209
34 20 0.85219157
34 8 24.607277
34 37 2000.0
34 7 4256.9883
34 13 151.63258
34 27 1.0178328
34 16 50.477276
34 11 1.841529
34 29 4.6470156
34 25 2.0891464
34 5 3.5869427
35 21 0.031315204
35 31 324.0909
36 28 0.029664591
36 3 0.56953233
36 9 0.64471513
37 30 39.837288
37 0 1.6357771
37 8 0.9793069
37 18 4.588984
37 13 1.1171529
37 11 2.372247
37 29 0.7971377
37 5 22.078505
37 20 1.7370297
37 2 1.1842602
37 7 60.000004
37 27 0.8311428
37 16 2000.0
37 23 1.4309919
37 25 48.339188
