0 8 20.380432
0 2 0.65780234
0 37 1.2732708
0 13 0.5260667
0 25 400.0
0 29 2.352107
1 3 0.3807342
1 12 1201.591
2 30 22.265375
2 0 0.65780234
2 8 1.1969869
2 18 6.419329
2 13 0.33749974
2 33 2.6666536
2 11 0.8783284
2 29 1.1152612
2 20 1.6375376
2 37 0.9451755
2 27 1.1378294
2 23 56.325687
2 25 1.6143534
3 36 0.174438
3 28 0.1037234
3 24 2000.0
3 12 0.0662023
3 1 0.3807342
3 9 0.4745494
4 31 0.06635197
4 9 0.08111689
4 17 0.089551166
4 19 0.083197944
5 30 0.5904143
5 8 0.68197656
5 18 0.55204546
5 13 800.0
5 11 5.24805
5 29 2.2854722
5 34 6.5026183
5 20 1.37205
5 37 2000.0
5 7 7.072663
5 27 2.8540437
5 16 1.5180714
5 23 4.2884865
6 31 1.8516667
6 17 0.71385205
7 34 19.75495
7 30 1.1415461
7 20 2.2241895
7 8 28.300987
7 37 11.286847
7 27 284.3248
7 16 1.4594659
7 11 8.314423
7 23 1.0644581
7 25 3.6542478
7 5 7.072663
8 0 20.380432
8 30 0.7827651
8 18 1.0281738
8 13 3.2741597
8 11 1.0936859
8 29 0.41283336
8 5 0.68197656
8 34 8.409718
8 2 1.1969869
8 37 1.3765601
8 7 28.300987
8 27 1.3427757
8 16 1.5728043
8 23 0.89525783
8 25 2000.0
9 36 1.6066135
9 26 2000.0
9 28 5.5522356
9 10 3.9132545
9 22 0.5221868
9 31 0.029178284
9 3 0.4745494
9 17 0.05383124
9 4 0.08111689
9 19 0.066090584
10 26 0.044569757
10 28 0.53594667
10 24 0.07613957
10 31 0.03744205
10 12 5.0244074
10 9 3.9132545
10 17 0.034707446
11 0 1834.5455
11 30 0.38808462
11 8 1.0936859
11 18 4.194595
11 13 0.48131317
11 33 2.7811155
11 29 0.66334724
11 5 5.24805
11 34 5.8169723
11 20 0.6042889
11 2 0.8783284
11 37 1.6553712
11 7 8.314423
11 27 0.47315145
11 16 0.73060566
11 25 1.0820795
12 26 1.3269112
12 28 6.977683
12 32 0.5001065
12 10 5.0244074
12 24 0.10618851
12 21 0.07321178
12 3 0.0662023
13 30 1.8817891
13 0 0.5260667
13 8 3.2741597
13 18 2000.0
13 33 0.86006266
13 11 0.48131317
13 29 0.85559046
13 5 800.0
13 34 14.597844
13 20 0.468244
13 2 0.33749974
13 14 2.6783807
13 37 2.0327902
13 7 2000.0
13 27 0.2751653
13 16 40.478897
13 25 0.6424285
14 20 0.77573735
14 13 2.6783807
14 33 0.5758174
14 27 3.1129832
14 11 2000.0
14 25 1.9320604
15 32 0.072742894
15 21 1.357358
16 30 1.3675424
16 0 2000.0
16 8 1.5728043
16 18 0.8470308
16 13 40.478897
16 11 0.73060566
16 29 348.56326
16 5 1.5180714
16 20 5.591387
16 37 109.73392
16 7 1.4594659
16 27 2.1197598
16 23 4.4937196
16 25 1.257351
17 26 2.6981704
17 6 0.71385205
17 10 0.034707446
17 24 0.21896987
17 31 1.714843
17 9 0.05383124
17 4 0.089551166
17 19 2.5852804
18 30 0.8457613
18 2 6.419329
18 8 1.0281738
18 37 1.6000372
18 7 2000.0
18 13 2000.0
18 27 4.2490773
18 16 0.8470308
18 23 1.4610895
18 11 4.194595
18 29 0.9978467
18 5 0.55204546
19 31 0.076242864
19 9 0.066090584
19 17 2.5852804
19 4 0.083197944
20 30 5.508301
20 13 0.468244
20 33 1.0033721
20 11 0.6042889
20 29 1.9020383
20 5 1.37205
20 34 1.012931
20 2 1.6375376
20 14 0.77573735
20 37 5.5188117
20 7 2.2241895
20 27 0.36275014
20 16 5.591387
20 25 0.657549
21 26 2000.0
21 10 2000.0
21 24 0.08704043
21 35 0.054475877
21 12 0.07321178
21 15 1.357358
22 6 1684.2046
22 31 1121.8182
22 9 0.5221868
22 19 1203.9772
23 0 2000.0
23 30 2.2538278
23 2 56.325687
23 8 0.89525783
23 37 4.313068
23 18 1.4610895
23 7 1.0644581
23 16 4.4937196
23 11 2000.0
23 29 5.13839
23 5 4.2884865
24 26 0.08196859
24 32 0.10796035
24 10 0.07613957
24 21 0.08704043
24 31 10.309806
24 12 0.10618851
24 3 2000.0
24 15 2000.0
24 17 0.21896987
25 0 400.0
25 30 3.4374197
25 13 0.6424285
25 33 0.5389611
25 11 1.0820795
25 29 6.5506873
25 34 4.700928
25 20 0.657549
25 2 1.6143534
25 14 1.9320604
25 37 58.76356
25 7 3.6542478
25 27 0.70168793
25 16 1.257351
26 32 25.63563
26 28 0.040093474
26 10 0.044569757
26 24 0.08196859
26 31 0.13645768
26 12 1.3269112
26 17 2.6981704
27 0 2000.0
27 30 0.19790286
27 8 1.3427757
27 18 4.2490773
27 13 0.2751653
27 33 0.931414
27 11 0.47315145
27 29 0.51796764
27 5 2.8540437
27 34 1.5151578
27 20 0.36275014
27 2 1.1378294
27 14 3.1129832
27 37 1.4851929
27 7 284.3248
27 16 2.1197598
27 25 0.70168793
28 36 0.042846497
28 26 0.040093474
28 10 0.53594667
28 3 0.1037234
28 12 6.977683
28 9 5.5522356
29 0 2.352107
29 30 4.289516
29 8 0.41283336
29 18 0.9978467
29 13 0.85559046
29 11 0.66334724
29 5 2.2854722
29 34 16.978092
29 20 1.9020383
29 2 1.1152612
29 37 1.0276799
29 7 2000.0
29 27 0.51796764
29 16 348.56326
29 23 5.13839
29 25 6.5506873
30 0 2000.0
30 8 0.7827651
30 18 0.8457613
30 13 1.8817891
30 33 2.8986342
30 11 0.38808462
30 29 4.289516
30 5 0.5904143
30 34 4.558895
30 20 5.508301
30 2 22.265375
30 14 2000.0
30 37 4.4465237
30 7 1.1415461
30 27 0.19790286
30 16 1.3675424
30 23 2.2538278
30 25 3.4374197
31 26 0.13645768
31 6 1.8516667
31 10 0.03744205
31 24 10.309806
31 9 0.029178284
31 17 1.714843
31 4 0.06635197
31 19 0.076242864
32 26 25.63563
32 24 0.10796035
32 12 0.5001065
32 15 0.072742894
33 0 2000.0
33 30 2.8986342
33 13 0.86006266
33 11 2.7811155
33 29 2382.1023
33 5 2000.0
33 34 2000.0
33 20 1.0033721
33 2 2.6666536
33 14 0.5758174
33 7 2000.0
33 27 0.931414
33 16 2000.0
33 25 0.5389611
34 30 4.558895
34 20 1.012931
34 8 8.409718
34 7 19.75495
34 13 14.597844
34 27 1.5151578
34 16 2536.0227
34 11 5.8169723
34 25 4.700928
34 29 16.978092
34 5 6.5026183
35 21 0.054475877
36 26 2000.0
36 28 0.042846497
36 3 0.174438
36 9 1.6066135
37 30 4.4465237
37 0 1.2732708
37 8 1.3765601
37 18 1.6000372
37 13 2.0327902
37 11 1.6553712
37 29 1.0276799
37 20 5.5188117
37 2 0.9451755
37 7 11.286847
37 27 1.4851929
37 16 109.73392
37 23 4.313068
37 25 58.76356
