0 2 0.92837936
0 37 1.9129912
0 13 0.88796455
0 29 30.236507
0 25 39.869972
1 3 0.61878014
1 12 35.188805
2 30 27.480362
2 0 0.92837936
2 8 1.3462579
2 18 2.0034623
2 13 0.6819894
2 33 2.4237592
2 11 2.117078
2 29 1.1397392
2 20 5.0619407
2 37 0.8271578
2 27 1.197162
2 16 2000.0
2 23 16.998974
2 25 0.8465252
3 36 0.25985423
3 28 4.652659
3 24 180.00002
3 12 0.06424314
3 1 0.61878014
3 9 0.9646391
4 31 0.10819492
4 9 0.10489152
4 17 0.15543763
4 19 0.0695231
5 30 0.7581711
5 8 0.72558033
5 18 1.0648409
5 13 27.84025
5 11 2.076698
5 29 5.6569276
5 34 3.4070854
5 20 10.974868
5 37 9.407021
5 7 6.237449
5 27 2.7787716
5 16 1.9814702
5 23 4.6728563
5 25 2000.0
6 31 0.20036077
6 17 1.3260492
7 30 0.9747326
7 20 133.33334
7 8 5.562307
7 37 1347.8978
7 16 1.5415778
7 23 1.4115945
7 25 1.5971173
7 5 6.237449
8 0 2000.0
8 30 0.7029259
8 18 1.2243413
8 13 1.533774
8 11 0.8783359
8 29 0.7170837
8 5 0.72558033
8 34 103.30062
8 2 1.3462579
8 37 1.2303507
8 7 5.562307
8 27 3.0153642
8 16 2.0247211
8 23 1.1909052
8 25 2000.0
9 36 0.4352296
9 28 2.607782
9 10 44.156033
9 22 0.10681598
9 31 0.028556902
9 3 0.9646391
9 12 2000.0
9 4 0.10489152
9 17 0.036838673
9 19 0.09470999
10 26 0.03247608
10 28 0.46191353
10 24 0.066610806
10 31 23.162767
10 12 114.173195
10 9 44.156033
10 17 0.033181563
11 0 2000.0
11 30 1.5925479
11 8 0.8783359
11 18 8.989958
11 13 1.248264
11 33 1.9871067
11 29 1.7691196
11 5 2.076698
11 34 2.3213851
11 20 1.7996013
11 2 2.117078
11 37 2.5598485
11 7 2813.4092
11 27 0.7399404
11 16 1.2864494
11 25 1.0425737
12 26 0.4792152
12 32 4.347614
12 10 114.173195
12 24 0.070152864
12 21 0.11667045
12 3 0.06424314
12 1 35.188805
13 30 223.90912
13 0 0.88796455
13 8 1.533774
13 18 438.40723
13 33 0.9039175
13 11 1.248264
13 29 0.9251192
13 5 27.84025
13 34 142.02899
13 20 1.8993205
13 2 0.6819894
13 14 7.010873
13 37 0.95700276
13 7 2000.0
13 27 0.40248775
13 16 54.023186
13 25 0.21496502
14 30 16.662296
14 20 28.31777
14 13 7.010873
14 27 1.5102481
14 33 0.78875214
14 25 8.238333
15 32 0.07973485
15 21 12.983859
16 0 2000.0
16 30 1.1394261
16 8 2.0247211
16 18 1.9878716
16 13 54.023186
16 11 1.2864494
16 29 300.0
16 5 1.9814702
16 34 86.931816
16 20 35.726562
16 7 1.5415778
16 27 1.56797
16 23 3.6185875
16 25 1.9839981
17 6 1.3260492
17 26 1.5450579
17 10 0.033181563
17 24 0.14165404
17 31 0.95147693
17 9 0.036838673
17 4 0.15543763
17 19 60.3492
18 0 2000.0
18 30 0.7303819
18 8 1.2243413
18 13 438.40723
18 11 8.989958
18 29 1.8091407
18 5 1.0648409
18 2 2.0034623
18 37 1.7958959
18 7 2000.0
18 27 19.919035
18 16 1.9878716
18 23 1.3264979
19 28 160.0
19 31 0.08704533
19 9 0.09470999
19 17 60.3492
19 4 0.0695231
20 30 2.692924
20 13 1.8993205
20 33 1.2747964
20 11 1.7996013
20 29 9.815564
20 5 10.974868
20 34 0.9314392
20 2 5.0619407
20 14 28.31777
20 37 7.6314583
20 7 133.33334
20 27 12.15652
20 16 35.726562
20 25 0.96277434
21 26 2000.0
21 32 2000.0
21 24 0.76817805
21 35 0.045736983
21 31 2000.0
21 12 0.11667045
21 15 12.983859
22 31 65.789474
22 9 0.10681598
22 19 2000.0
23 0 2000.0
23 30 2.005755
23 8 1.1909052
23 2 16.998974
23 37 3.3932767
23 18 1.3264979
23 7 1.4115945
23 16 3.6185875
23 11 2000.0
23 29 1.7831596
23 5 4.6728563
24 26 0.044602275
24 32 0.31236544
24 10 0.066610806
24 21 0.76817805
24 3 180.00002
24 12 0.070152864
24 15 2000.0
24 17 0.14165404
25 30 27.562723
25 0 39.869972
25 13 0.21496502
25 33 0.84057677
25 11 1.0425737
25 29 5.5185266
25 34 3.632867
25 20 0.96277434
25 2 0.8465252
25 14 8.238333
25 37 66.66667
25 7 1.5971173
25 27 0.2437028
25 16 1.9839981
26 32 1252.3296
26 28 0.05494852
26 10 0.03247608
26 24 0.044602275
26 31 0.14705628
26 12 0.4792152
26 17 1.5450579
27 30 0.23895906
27 0 2000.0
27 8 3.0153642
27 18 19.919035
27 13 0.40248775
27 33 0.75798523
27 11 0.7399404
27 29 1.5903109
27 5 2.7787716
27 34 0.88393706
27 20 12.15652
27 2 1.197162
27 14 1.5102481
27 37 1.3601533
27 7 3056.8606
27 16 1.56797
27 25 0.2437028
28 36 0.030232064
28 26 0.05494852
28 10 0.46191353
28 3 4.652659
28 12 1200.3408
28 9 2.607782
28 19 160.0
29 0 30.236507
29 30 3.5505853
29 8 0.7170837
29 18 1.8091407
29 13 0.9251192
29 33 11.768029
29 11 1.7691196
29 5 5.6569276
29 34 4.4650526
29 20 9.815564
29 2 1.1397392
29 37 1.1812369
29 7 2000.0
29 27 1.5903109
29 16 300.0
29 23 1.7831596
29 25 5.5185266
30 8 0.7029259
30 18 0.7303819
30 13 223.90912
30 33 8.492414
30 11 1.5925479
30 29 3.5505853
30 5 0.7581711
30 34 1.0615252
30 20 2.692924
30 2 27.480362
30 14 16.662296
30 37 38.382828
30 7 0.9747326
30 27 0.23895906
30 16 1.1394261
30 23 2.005755
30 25 27.562723
31 26 0.14705628
31 6 0.20036077
31 10 23.162767
31 35 71.74091
31 22 65.789474
31 9 0.028556902
31 4 0.10819492
31 17 0.95147693
31 19 0.08704533
32 24 0.31236544
32 12 4.347614
32 15 0.07973485
33 30 8.492414
33 13 0.9039175
33 11 1.9871067
33 29 11.768029
33 5 2000.0
33 34 2000.0
33 20 1.2747964
33 2 2.4237592
33 14 0.78875214
33 7 2000.0
33 27 0.75798523
33 16 3017.898
33 25 0.84057677
34 30 1.0615252
34 20 0.9314392
34 8 103.30062
34 37 2000.0
34 13 142.02899
34 7 2916.4392
34 27 0.88393706
34 16 86.931816
34 11 2.3213851
34 29 4.4650526
34 25 3.632867
34 5 3.4070854
35 21 0.045736983
35 31 71.74091
36 28 0.030232064
36 3 0.25985423
36 9 0.4352296
37 30 38.382828
37 0 1.9129912
37 8 1.2303507
37 18 1.7958959
37 13 0.95700276
37 11 2.5598485
37 29 1.1812369
37 5 9.407021
37 20 7.6314583
37 2 0.8271578
37 7 1347.8978
37 27 1.3601533
37 16 2000.0
37 23 3.3932767
37 25 66.66667
