0 8 67.7068
0 2 0.599039
0 37 2.326023
0 13 0.6874711
0 11 368.76816
0 29 6.7974544
1 3 0.4633749
1 12 35.278046
2 30 8.979456
2 0 0.599039
2 8 1.7252923
2 18 4.1965284
2 13 0.5036924
2 33 1.2748107
2 11 1.0448432
2 29 1.3628631
2 20 2.2044723
2 37 1.0319029
2 27 2.5292575
2 16 2000.0
2 23 75.0
2 25 2.5614226
3 36 0.270542
3 28 0.084184445
3 24 2000.0
3 12 0.061979167
3 1 0.4633749
3 9 0.5930919
4 31 0.08016541
4 9 0.07122352
4 17 0.08667346
4 19 0.08085253
5 30 0.66903526
5 8 0.8353977
5 18 0.65088433
5 13 1801.1932
5 11 5.664315
5 29 3.626943
5 34 6.5584335
5 20 2.1098948
5 37 2000.0
5 7 28.318724
5 27 2.0713325
5 16 1.3157381
5 23 7.088826
6 22 236.40198
6 31 1.6953472
6 17 1.341856
7 34 34.289925
7 30 0.97445965
7 20 2.545414
7 8 52.083336
7 37 18.21654
7 27 90.90909
7 16 1.4976605
7 11 9.710834
7 23 1.4485718
7 25 10.907049
7 5 28.318724
8 0 67.7068
8 30 1.2535064
8 18 1.0421278
8 13 2.3695369
8 11 0.7039866
8 29 0.61475074
8 5 0.8353977
8 34 7.936793
8 2 1.7252923
8 37 1.5906491
8 7 52.083336
8 27 1.2659309
8 16 2.679912
8 23 0.99917185
9 36 1.9438201
9 26 2000.0
9 28 11.249793
9 10 6.1957607
9 22 0.29914537
9 31 0.02941841
9 3 0.5930919
9 12 2000.0
9 17 0.06549853
9 4 0.07122352
9 19 0.07760679
10 26 0.046201374
10 28 0.5394886
10 24 0.0726957
10 31 0.03281167
10 12 4.049786
10 9 6.1957607
10 17 0.031374667
11 0 368.76816
11 30 0.504629
11 8 0.7039866
11 18 3.8919792
11 13 0.5241495
11 33 2.8574452
11 29 0.8025917
11 5 5.664315
11 34 5.8815393
11 20 1.0742595
11 2 1.0448432
11 37 1.8541602
11 7 9.710834
11 27 0.4993912
11 16 1.3355701
11 25 1.0875424
12 26 0.7106779
12 28 3.5232382
12 32 0.2643407
12 10 4.049786
12 24 0.09508846
12 21 0.06646131
12 3 0.061979167
12 1 35.278046
13 30 0.868266
13 0 0.6874711
13 8 2.3695369
13 18 600.0
13 33 0.8800076
13 11 0.5241495
13 29 1.1996021
13 34 4.6505785
13 20 0.5982246
13 2 0.5036924
13 14 2.2690504
13 37 2.9174082
13 27 0.21288505
13 16 222.01566
13 25 0.73035663
14 20 0.68458456
14 13 2.2690504
14 33 0.43744746
14 27 2.808088
14 11 2000.0
14 25 2.024859
15 32 0.07441826
15 21 3.1262236
16 0 2000.0
16 30 2.352941
16 8 2.679912
16 18 1.1495146
16 13 222.01566
16 11 1.3355701
16 29 157.80682
16 5 1.3157381
16 20 9.697991
16 37 74.57217
16 7 1.4976605
16 27 3.0740879
16 23 6.7765913
16 25 2.0761428
17 26 3.2985873
17 6 1.341856
17 10 0.031374667
17 24 0.23637238
17 31 1.9380121
17 9 0.06549853
17 4 0.08667346
17 19 2.8493721
18 30 0.6370186
18 2 4.1965284
18 8 1.0421278
18 37 1.0197356
18 7 2000.0
18 13 600.0
18 27 3.57575
18 16 1.1495146
18 23 1.3755684
18 11 3.8919792
18 29 1.1941007
18 5 0.65088433
19 31 0.07346312
19 9 0.07760679
19 17 2.8493721
19 4 0.08085253
20 30 10.289256
20 13 0.5982246
20 33 1.1783322
20 11 1.0742595
20 29 2.308571
20 5 2.1098948
20 34 0.8185973
20 2 2.2044723
20 14 0.68458456
20 37 3.917109
20 7 2.545414
20 27 0.36276457
20 16 9.697991
20 25 0.74627936
21 24 0.123148866
21 35 0.040844377
21 12 0.06646131
21 15 3.1262236
22 6 236.40198
22 31 1121.8182
22 9 0.29914537
22 19 1594.4319
23 0 2000.0
23 30 1.680413
23 2 75.0
23 8 0.99917185
23 37 1.8327892
23 18 1.3755684
23 7 1.4485718
23 16 6.7765913
23 11 2000.0
23 29 2.607764
23 5 7.088826
24 26 0.07671746
24 32 0.10956303
24 10 0.0726957
24 21 0.123148866
24 31 29.497307
24 12 0.09508846
24 3 2000.0
24 15 2000.0
24 17 0.23637238
25 0 2000.0
25 30 3.2382967
25 13 0.73035663
25 33 0.49036157
25 11 1.0875424
25 29 3.8013747
25 34 6.125239
25 20 0.74627936
25 2 2.5614226
25 14 2.024859
25 37 24.498344
25 7 10.907049
25 27 0.80210227
25 16 2.0761428
26 32 30.671104
26 28 0.042445976
26 10 0.046201374
26 24 0.07671746
26 31 0.06993919
26 12 0.7106779
26 17 3.2985873
27 0 2000.0
27 30 0.25534654
27 8 1.2659309
27 18 3.57575
27 13 0.21288505
27 33 1.4012381
27 11 0.4993912
27 29 0.7010328
27 5 2.0713325
27 34 1.8793403
27 20 0.36276457
27 2 2.5292575
27 14 2.808088
27 37 1.7640386
27 7 90.90909
27 16 3.0740879
27 25 0.80210227
28 36 0.04297349
28 26 0.042445976
28 10 0.5394886
28 3 0.084184445
28 12 3.5232382
28 9 11.249793
29 0 6.7974544
29 30 3.8849711
29 8 0.61475074
29 18 1.1941007
29 13 1.1996021
29 11 0.8025917
29 5 3.626943
29 34 8.833762
29 20 2.308571
29 2 1.3628631
29 37 1.108652
29 7 2000.0
29 27 0.7010328
29 16 157.80682
29 23 2.607764
29 25 3.8013747
30 0 2000.0
30 8 1.2535064
30 18 0.6370186
30 13 0.868266
30 33 1.516154
30 11 0.504629
30 29 3.8849711
30 5 0.66903526
30 34 2.4275768
30 20 10.289256
30 2 8.979456
30 14 2000.0
30 37 7.0422287
30 7 0.97445965
30 27 0.25534654
30 16 2.352941
30 23 1.680413
30 25 3.2382967
31 26 0.06993919
31 6 1.6953472
31 10 0.03281167
31 24 29.497307
31 9 0.02941841
31 17 1.9380121
31 4 0.08016541
31 19 0.07346312
32 26 30.671104
32 24 0.10956303
32 12 0.2643407
32 15 0.07441826
33 30 1.516154
33 13 0.8800076
33 11 2.8574452
33 29 2382.1023
33 5 2000.0
33 34 2000.0
33 20 1.1783322
33 2 1.2748107
33 14 0.43744746
33 7 2000.0
33 27 1.4012381
33 16 2000.0
33 25 0.49036157
34 30 2.4275768
34 20 0.8185973
34 8 7.936793
34 7 34.289925
34 13 4.6505785
34 27 1.8793403
34 16 2536.0227
34 11 5.8815393
34 25 6.125239
34 29 8.833762
34 5 6.5584335
35 21 0.040844377
36 26 2000.0
36 28 0.04297349
36 3 0.270542
36 9 1.9438201
37 30 7.0422287
37 0 2.326023
37 8 1.5906491
37 18 1.0197356
37 13 2.9174082
37 11 1.8541602
37 29 1.108652
37 20 3.917109
37 2 1.0319029
37 7 18.21654
37 27 1.7640386
37 16 74.57217
37 23 1.8327892
37 25 24.498344
