0 2 0.95125705
0 37 2.6007702
0 13 0.8688549
0 25 19.703022
0 29 14.004647
1 3 0.6191728
1 12 35.52133
2 30 12.60268
2 0 0.95125705
2 8 1.0728828
2 18 1.4365406
2 13 0.6017019
2 33 1.1629407
2 11 1.8538935
2 29 0.9883277
2 20 2.2180731
2 37 0.7941419
2 27 0.87890255
2 16 2000.0
2 23 24.221472
2 25 0.39893517
3 36 0.83834416
3 28 31.013186
3 24 215.78473
3 12 0.07391888
3 1 0.6191728
3 9 0.49838075
4 31 0.06948314
4 9 0.07487907
4 17 0.13426182
4 19 0.069173366
5 30 0.58055836
5 8 0.5390835
5 18 1.219974
5 13 20.415936
5 11 1.9295685
5 29 4.5112433
5 34 2.0326138
5 20 1.8277009
5 37 12.729175
5 7 9.651811
5 27 2.1353445
5 16 1.4951699
5 23 2.6433947
5 25 2000.0
6 31 0.14983767
6 17 1.2687489
7 30 0.76743096
7 20 69.16219
7 8 3.5714345
7 37 89.35417
7 16 1.3291543
7 23 1.3999836
7 11 57.142857
7 25 4.2837763
7 5 9.651811
8 0 2000.0
8 30 0.5107471
8 18 1.4484092
8 13 2.2569485
8 11 1.1680124
8 29 0.8559977
8 5 0.5390835
8 34 36.081757
8 2 1.0728828
8 37 1.2828872
8 7 3.5714345
8 27 0.5846736
8 16 2.3689861
8 23 1.8005239
8 25 2000.0
9 36 1.0306603
9 26 2000.0
9 28 2.039195
9 10 4.3650546
9 22 0.27626416
9 31 0.029619968
9 3 0.49838075
9 12 2000.0
9 4 0.07487907
9 17 0.042870533
9 19 0.09609488
10 26 0.03388688
10 28 0.3087121
10 24 0.06374714
10 31 0.9318889
10 12 1457.0454
10 9 4.3650546
10 17 0.02837418
11 0 2000.0
11 30 0.847413
11 8 1.1680124
11 18 4.0097246
11 13 1.1106247
11 33 1.7468807
11 29 0.79443467
11 5 1.9295685
11 34 1.6140226
11 20 0.9121467
11 2 1.8538935
11 37 1.2065048
11 7 57.142857
11 27 0.6807827
11 16 1.0456309
11 25 0.66060615
12 26 0.475197
12 32 3.547855
12 24 0.06935331
12 21 0.120323434
12 3 0.07391888
12 1 35.52133
13 30 48.6162
13 0 0.8688549
13 8 2.2569485
13 18 27.78409
13 33 0.91426
13 11 1.1106247
13 29 0.8778934
13 5 20.415936
13 34 220.43019
13 20 0.95273036
13 2 0.6017019
13 14 3.4594772
13 37 1.413901
13 7 2000.0
13 27 0.25631845
13 16 42.061836
13 25 0.21620896
14 30 15.859464
14 20 5.50886
14 13 3.4594772
14 27 6.8755174
14 33 0.68921506
14 25 7.523059
15 32 0.07297114
15 21 15.186236
16 30 1.1435528
16 0 2000.0
16 8 2.3689861
16 18 2.7427003
16 13 42.061836
16 11 1.0456309
16 5 1.4951699
16 34 50.2303
16 20 45.00245
16 7 1.3291543
16 27 1.3662766
16 23 3.2640424
16 25 1.385225
17 6 1.2687489
17 26 1.5861099
17 10 0.02837418
17 24 0.05439261
17 31 0.96688575
17 9 0.042870533
17 4 0.13426182
17 19 114.28571
18 0 2000.0
18 30 0.8730341
18 8 1.4484092
18 13 27.78409
18 11 4.0097246
18 29 1.858648
18 5 1.219974
18 2 1.4365406
18 37 3.0981739
18 7 2000.0
18 27 54.028477
18 16 2.7427003
18 23 2.0977175
19 28 160.0
19 31 0.09165426
19 9 0.09609488
19 4 0.069173366
19 17 114.28571
20 0 2000.0
20 30 0.7911497
20 13 0.95273036
20 33 1.0109228
20 11 0.9121467
20 29 5.3191833
20 5 1.8277009
20 34 0.8256798
20 2 2.2180731
20 14 5.50886
20 37 2.2719243
20 7 69.16219
20 27 1.442642
20 16 45.00245
20 25 0.663404
21 26 2000.0
21 32 2000.0
21 24 0.9114223
21 35 0.032724794
21 31 2000.0
21 12 0.120323434
21 15 15.186236
22 31 85.62185
22 9 0.27626416
22 19 2000.0
23 0 2000.0
23 30 2.6590514
23 8 1.8005239
23 2 24.221472
23 37 1.5772886
23 18 2.0977175
23 7 1.3999836
23 16 3.2640424
23 11 2000.0
23 29 0.7757862
23 5 2.6433947
24 26 0.043873716
24 32 0.49283335
24 10 0.06374714
24 21 0.9114223
24 12 0.06935331
24 3 215.78473
24 15 2000.0
24 17 0.05439261
25 30 18.964453
25 0 19.703022
25 13 0.21620896
25 33 0.7642947
25 11 0.66060615
25 29 2.920851
25 34 1.3588661
25 20 0.663404
25 2 0.39893517
25 14 7.523059
25 37 56.273106
25 7 4.2837763
25 27 0.22550298
25 16 1.385225
26 32 37.789776
26 28 0.061061848
26 10 0.03388688
26 24 0.043873716
26 31 0.1681783
26 12 0.475197
26 17 1.5861099
27 30 0.29161566
27 0 2000.0
27 8 0.5846736
27 18 54.028477
27 13 0.25631845
27 33 0.69863284
27 11 0.6807827
27 29 2.2280438
27 5 2.1353445
27 34 0.82482105
27 20 1.442642
27 2 0.87890255
27 14 6.8755174
27 37 0.96093756
27 7 2000.0
27 16 1.3662766
27 25 0.22550298
28 36 0.034433443
28 26 0.061061848
28 10 0.3087121
28 12 1191.4204
28 3 31.013186
28 9 2.039195
28 19 160.0
29 0 14.004647
29 30 1.2947353
29 8 0.8559977
29 18 1.858648
29 13 0.8778934
29 33 23.04216
29 11 0.79443467
29 5 4.5112433
29 34 3.3512554
29 20 5.3191833
29 2 0.9883277
29 37 0.78064334
29 7 2000.0
29 27 2.2280438
29 16 1114.8296
29 23 0.7757862
29 25 2.920851
30 8 0.5107471
30 18 0.8730341
30 13 48.6162
30 33 9.38587
30 11 0.847413
30 29 1.2947353
30 5 0.58055836
30 34 0.93823016
30 20 0.7911497
30 2 12.60268
30 14 15.859464
30 37 22.725906
30 7 0.76743096
30 27 0.29161566
30 16 1.1435528
30 23 2.6590514
30 25 18.964453
31 26 0.1681783
31 6 0.14983767
31 10 0.9318889
31 35 9.965412
31 22 85.62185
31 9 0.029619968
31 4 0.06948314
31 17 0.96688575
31 19 0.09165426
32 26 37.789776
32 24 0.49283335
32 21 2000.0
32 12 3.547855
32 15 0.07297114
33 30 9.38587
33 8 2000.0
33 13 0.91426
33 11 1.7468807
33 29 23.04216
33 5 2000.0
33 34 2000.0
33 20 1.0109228
33 2 1.1629407
33 14 0.68921506
33 7 2000.0
33 27 0.69863284
33 16 2422.443
33 25 0.7642947
34 30 0.93823016
34 20 0.8256798
34 8 36.081757
34 37 2000.0
34 13 220.43019
34 7 2000.0
34 27 0.82482105
34 16 50.2303
34 11 1.6140226
34 29 3.3512554
34 25 1.3588661
34 5 2.0326138
35 21 0.032724794
35 31 9.965412
36 28 0.034433443
36 3 0.83834416
36 9 1.0306603
37 30 22.725906
37 0 2.6007702
37 8 1.2828872
37 18 3.0981739
37 13 1.413901
37 11 1.2065048
37 29 0.78064334
37 5 12.729175
37 20 2.2719243
37 2 0.7941419
37 7 89.35417
37 27 0.96093756
37 16 2000.0
37 23 1.5772886
37 25 56.273106
