0 8 5.9970927
0 2 1.4314314
0 37 0.8488361
0 13 0.8590799
0 11 12.697862
0 29 8.611665
0 25 2000.0
1 3 0.2049716
1 12 1202.159
2 30 5.499272
2 0 1.4314314
2 8 1.5989759
2 18 8.031522
2 13 0.32141143
2 33 2.7283614
2 11 0.5893998
2 29 0.7658248
2 20 2.7247179
2 37 0.6903602
2 27 0.64568466
2 16 2000.0
2 23 21.279545
2 25 1.9552621
3 36 0.33939394
3 28 0.10827002
3 24 150.0
3 12 0.05531573
3 1 0.2049716
3 9 1.2612971
4 31 0.09735659
4 9 0.07368034
4 17 0.08210227
4 19 0.09309977
5 30 0.61860096
5 8 0.92226017
5 18 0.38038757
5 13 89.97592
5 11 2.049962
5 29 4.382464
5 34 1.0308824
5 20 3.93664
5 37 2000.0
5 7 6.4019146
5 27 4.2007704
5 16 1.5876348
5 23 3.7230067
6 22 61.80419
6 31 0.40609267
6 17 1.1315442
7 34 16.095373
7 30 0.9861896
7 20 1.5621812
7 8 28.818842
7 37 27.373545
7 27 281.36508
7 16 1.2277838
7 11 5.3639765
7 23 1.1579438
7 25 7.3136253
7 5 6.4019146
8 0 5.9970927
8 30 0.76460624
8 18 1.0925158
8 13 4.194233
8 11 4.6162033
8 29 1.26679
8 5 0.92226017
8 34 4.7777
8 2 1.5989759
8 37 1.2747355
8 7 28.818842
8 27 1.5322005
8 16 1.5938916
8 23 1.0878547
9 36 1.4241216
9 26 2000.0
9 28 2.2910085
9 10 3.811364
9 22 0.5688251
9 31 0.036223922
9 12 2000.0
9 3 1.2612971
9 17 0.29661885
9 4 0.07368034
9 19 0.066354424
10 26 0.03089605
10 28 0.8944073
10 24 0.19040182
10 31 0.038235214
10 12 7.4541025
10 9 3.811364
10 17 0.032530818
11 0 12.697862
11 30 0.42873806
11 8 4.6162033
11 18 5.722807
11 13 1.221077
11 33 2.1116147
11 29 0.70968956
11 5 2.049962
11 34 2.9309828
11 20 1.0153716
11 2 0.5893998
11 37 1.1685939
11 7 5.3639765
11 27 0.40615687
11 16 0.7568589
11 25 0.95966923
12 26 0.790035
12 28 4.6573157
12 32 0.17455743
12 10 7.4541025
12 24 0.07185922
12 21 0.10963586
12 3 0.05531573
13 30 3.3043737
13 0 0.8590799
13 8 4.194233
13 18 94.23836
13 33 0.8124869
13 11 1.221077
13 29 1.0940462
13 5 89.97592
13 34 11.733936
13 20 0.7221258
13 2 0.32141143
13 14 2.5396757
13 37 1.0780503
13 27 0.43528408
13 16 38.58925
13 25 0.5492092
14 20 3.0749874
14 13 2.5396757
14 27 4.728946
14 33 0.5873697
14 11 2000.0
14 25 6.7940474
15 32 0.06907968
15 21 0.7941877
16 30 1.7834733
16 0 2000.0
16 8 1.5938916
16 18 1.0740777
16 13 38.58925
16 11 0.7568589
16 29 24.930424
16 5 1.5876348
16 20 22.608751
16 37 20.745796
16 7 1.2277838
16 27 2.7788281
16 23 4.1351275
16 25 2.137003
17 26 4.4444447
17 6 1.1315442
17 10 0.032530818
17 24 0.39407602
17 31 2.3590248
17 9 0.29661885
17 4 0.08210227
17 19 3.8917682
18 30 0.74395853
18 2 8.031522
18 8 1.0925158
18 37 1.1891317
18 7 2000.0
18 13 94.23836
18 27 5.1742396
18 16 1.0740777
18 23 1.4361669
18 11 5.722807
18 29 1.062176
18 5 0.38038757
19 31 0.08449104
19 9 0.066354424
19 17 3.8917682
19 4 0.09309977
20 30 26.383978
20 13 0.7221258
20 33 2.1324704
20 11 1.0153716
20 29 5.1730056
20 5 3.93664
20 34 0.7653037
20 2 2.7247179
20 14 3.0749874
20 37 2.5780728
20 7 1.5621812
20 27 0.8324644
20 16 22.608751
20 25 0.803295
21 32 2000.0
21 24 1.253767
21 35 0.043777946
21 12 0.10963586
21 15 0.7941877
22 6 61.80419
22 31 141.7432
22 9 0.5688251
22 19 1380.284
23 0 2000.0
23 30 2.7959545
23 2 21.279545
23 8 1.0878547
23 37 1.1948265
23 18 1.4361669
23 7 1.1579438
23 16 4.1351275
23 11 2000.0
23 29 1.8783777
23 5 3.7230067
24 26 0.10212019
24 32 0.11150809
24 10 0.19040182
24 21 1.253767
24 31 2.788346
24 12 0.07185922
24 3 150.0
24 15 2000.0
24 17 0.39407602
25 30 2.5922565
25 13 0.5492092
25 33 0.31557333
25 11 0.95966923
25 29 9.724131
25 34 1.3576658
25 20 0.803295
25 2 1.9552621
25 14 6.7940474
25 37 52.80451
25 7 7.3136253
25 27 0.62190646
25 16 2.137003
26 36 62.6087
26 32 163.21706
26 28 0.05230449
26 10 0.03089605
26 24 0.10212019
26 31 0.11095219
26 12 0.790035
26 17 4.4444447
27 0 2000.0
27 30 0.6035855
27 8 1.5322005
27 18 5.1742396
27 13 0.43528408
27 33 1.0700269
27 11 0.40615687
27 29 0.5273883
27 5 4.2007704
27 34 0.9718202
27 20 0.8324644
27 2 0.64568466
27 14 4.728946
27 37 0.6305741
27 7 281.36508
27 16 2.7788281
27 23 2000.0
27 25 0.62190646
28 36 0.049385995
28 26 0.05230449
28 10 0.8944073
28 3 0.10827002
28 12 4.6573157
28 9 2.2910085
29 0 8.611665
29 30 3.9538043
29 8 1.26679
29 18 1.062176
29 13 1.0940462
29 11 0.70968956
29 5 4.382464
29 34 9.74298
29 20 5.1730056
29 2 0.7658248
29 37 0.7690108
29 7 2000.0
29 27 0.5273883
29 16 24.930424
29 23 1.8783777
29 25 9.724131
30 0 2000.0
30 8 0.76460624
30 18 0.74395853
30 13 3.3043737
30 33 4.563575
30 11 0.42873806
30 29 3.9538043
30 5 0.61860096
30 34 2.7315874
30 20 26.383978
30 2 5.499272
30 14 2000.0
30 37 9.343402
30 7 0.9861896
30 27 0.6035855
30 16 1.7834733
30 23 2.7959545
30 25 2.5922565
31 26 0.11095219
31 6 0.40609267
31 10 0.038235214
31 24 2.788346
31 9 0.036223922
31 17 2.3590248
31 4 0.09735659
31 19 0.08449104
32 26 163.21706
32 24 0.11150809
32 21 2000.0
32 12 0.17455743
32 15 0.06907968
33 34 2000.0
33 30 4.563575
33 20 2.1324704
33 2 2.7283614
33 14 0.5873697
33 7 2000.0
33 13 0.8124869
33 27 1.0700269
33 16 2226.3638
33 11 2.1116147
33 29 8077.4434
33 25 0.31557333
34 30 2.7315874
34 20 0.7653037
34 8 4.7777
34 13 11.733936
34 7 16.095373
34 27 0.9718202
34 16 1215.0568
34 11 2.9309828
34 25 1.3576658
34 29 9.74298
34 5 1.0308824
35 21 0.043777946
36 26 62.6087
36 28 0.049385995
36 3 0.33939394
36 9 1.4241216
37 30 9.343402
37 0 0.8488361
37 8 1.2747355
37 18 1.1891317
37 13 1.0780503
37 11 1.1685939
37 29 0.7690108
37 20 2.5780728
37 2 0.6903602
37 7 27.373545
37 27 0.6305741
37 16 20.745796
37 23 1.1948265
37 25 52.80451
