0 2 1.1712166
0 37 1.707903
0 13 1.3868247
0 29 23.711983
0 25 10.8663025
1 3 0.7978841
1 12 17.201302
2 30 13.658445
2 0 1.1712166
2 8 1.4002502
2 18 2.5220308
2 13 0.50797445
2 33 2.2929184
2 11 1.4044104
2 29 0.93484163
2 20 3.1493285
2 37 0.9359131
2 27 1.6242812
2 16 2000.0
2 23 8.379428
2 25 0.46556607
3 36 0.32089803
3 28 15.250157
3 24 400.0
3 12 0.09187688
3 1 0.7978841
3 9 0.6358226
4 31 0.06493677
4 9 0.065292895
4 17 0.1224517
4 19 0.07374389
5 30 0.67367303
5 8 0.4399716
5 18 0.55744416
5 13 70.857956
5 11 2.9299629
5 29 3.5225964
5 34 2.619228
5 20 3.355871
5 37 17.43009
5 7 7.3869615
5 27 2.8096805
5 16 1.5674453
5 23 3.273805
5 25 2000.0
6 31 0.14038748
6 17 9.9953
7 30 0.7188948
7 20 100.0
7 8 11.965325
7 27 266.6667
7 16 1.2256186
7 11 147.05579
7 23 1.5669531
7 25 2.0762486
7 5 7.3869615
8 0 2000.0
8 30 0.46986774
8 18 1.4251912
8 13 1.2850791
8 11 1.456922
8 29 0.5620956
8 5 0.4399716
8 34 27.073317
8 2 1.4002502
8 37 0.9081687
8 7 11.965325
8 27 2.7556818
8 16 1.9763039
8 23 0.803807
8 25 2000.0
9 36 0.48869652
9 26 2000.0
9 28 1.0060699
9 10 16.28505
9 22 0.09853124
9 31 0.029639713
9 3 0.6358226
9 12 2000.0
9 4 0.065292895
9 17 0.03380943
9 19 0.06531037
10 26 0.030318554
10 28 0.55348486
10 24 0.17691118
10 31 19.09375
10 12 1669.9432
10 9 16.28505
10 17 0.03324817
11 0 2000.0
11 30 0.650062
11 8 1.456922
11 18 6.203505
11 13 0.96152896
11 33 2.187094
11 29 1.3152084
11 5 2.9299629
11 34 2.237029
11 20 2.1483004
11 2 1.4044104
11 37 2.3007839
11 7 147.05579
11 27 0.8926962
11 16 1.0160015
11 25 0.6857251
12 26 0.7078259
12 32 6.8329487
12 28 154.27629
12 24 0.0807886
12 21 0.12561105
12 3 0.09187688
12 1 17.201302
13 30 31.588932
13 0 1.3868247
13 8 1.2850791
13 18 84.9991
13 33 1.0065485
13 11 0.96152896
13 29 0.75029397
13 5 70.857956
13 34 2266.0227
13 20 1.8556854
13 2 0.50797445
13 14 5.944096
13 37 1.1550004
13 7 2000.0
13 27 0.41692293
13 16 64.545105
13 25 0.27278695
14 30 7.3783736
14 20 2.5941315
14 13 5.944096
14 27 3.6002064
14 33 0.58233225
14 25 1.4313991
15 32 0.08399927
15 24 138.15826
15 21 5.8688693
16 0 2000.0
16 30 1.1206832
16 8 1.9763039
16 18 1.2664372
16 13 64.545105
16 11 1.0160015
16 5 1.5674453
16 34 39.496708
16 20 15.868082
16 7 1.2256186
16 27 1.6296594
16 23 3.272084
16 25 1.7347
17 6 9.9953
17 26 1.6450555
17 10 0.03324817
17 24 0.1392386
17 31 0.935245
17 9 0.03380943
17 4 0.1224517
17 19 138.46155
18 0 2000.0
18 30 0.6965618
18 8 1.4251912
18 13 84.9991
18 11 6.203505
18 29 0.96878284
18 5 0.55744416
18 2 2.5220308
18 37 1.6518123
18 7 2000.0
18 27 22.34706
18 16 1.2664372
18 23 1.3410125
19 28 160.0
19 31 0.1108398
19 9 0.06531037
19 4 0.07374389
19 17 138.46155
20 30 1.5867704
20 13 1.8556854
20 33 2.8014011
20 11 2.1483004
20 29 4.403446
20 5 3.355871
20 34 1.1902621
20 2 3.1493285
20 14 2.5941315
20 37 7.6072836
20 7 100.0
20 27 1.1360018
20 16 15.868082
20 25 1.8656855
21 26 2000.0
21 32 2000.0
21 24 0.9551268
21 35 0.030521376
21 31 2000.0
21 12 0.12561105
21 15 5.8688693
22 31 80.00001
22 9 0.09853124
22 19 2000.0
23 0 2000.0
23 30 2.6764705
23 8 0.803807
23 2 8.379428
23 37 1.4055517
23 18 1.3410125
23 7 1.5669531
23 16 3.272084
23 11 2000.0
23 29 1.0641698
23 5 3.273805
24 26 0.03838484
24 32 0.13163175
24 10 0.17691118
24 21 0.9551268
24 12 0.0807886
24 3 400.0
24 15 138.15826
24 17 0.1392386
25 30 15.073263
25 0 10.8663025
25 13 0.27278695
25 33 0.6772838
25 11 0.6857251
25 29 1.6008202
25 34 2.7787132
25 20 1.8656855
25 2 0.46556607
25 14 1.4313991
25 37 34.091362
25 7 2.0762486
25 27 0.2583905
25 16 1.7347
26 32 30.000002
26 28 0.058121663
26 10 0.030318554
26 24 0.03838484
26 31 0.17975342
26 12 0.7078259
26 17 1.6450555
27 30 0.7618301
27 0 2000.0
27 8 2.7556818
27 18 22.34706
27 13 0.41692293
27 33 1.012968
27 11 0.8926962
27 29 0.6678909
27 5 2.8096805
27 34 0.8918534
27 20 1.1360018
27 2 1.6242812
27 14 3.6002064
27 37 2.3583646
27 7 266.6667
27 16 1.6296594
27 25 0.2583905
28 36 0.13826825
28 26 0.058121663
28 10 0.55348486
28 3 15.250157
28 12 154.27629
28 9 1.0060699
28 19 160.0
29 0 23.711983
29 30 1.1726545
29 8 0.5620956
29 18 0.96878284
29 13 0.75029397
29 33 23.20074
29 11 1.3152084
29 5 3.5225964
29 34 2.669615
29 20 4.403446
29 2 0.93484163
29 37 0.5669181
29 27 0.6678909
29 16 2000.0
29 23 1.0641698
29 25 1.6008202
30 8 0.46986774
30 18 0.6965618
30 13 31.588932
30 33 11.93338
30 11 0.650062
30 29 1.1726545
30 5 0.67367303
30 34 0.8029291
30 20 1.5867704
30 2 13.658445
30 14 7.3783736
30 37 27.693335
30 7 0.7188948
30 27 0.7618301
30 16 1.1206832
30 23 2.6764705
30 25 15.073263
31 26 0.17975342
31 6 0.14038748
31 10 19.09375
31 35 67.25511
31 22 80.00001
31 9 0.029639713
31 4 0.06493677
31 17 0.935245
31 19 0.1108398
32 26 30.000002
32 24 0.13163175
32 12 6.8329487
32 15 0.08399927
33 34 2000.0
33 30 11.93338
33 20 2.8014011
33 2 2.2929184
33 14 0.58233225
33 13 1.0065485
33 7 2000.0
33 27 1.012968
33 16 1971.0227
33 11 2.187094
33 29 23.20074
33 25 0.6772838
34 30 0.8029291
34 20 1.1902621
34 8 27.073317
34 37 2000.0
34 7 2027.1116
34 13 2266.0227
34 27 0.8918534
34 16 39.496708
34 11 2.237029
34 29 2.669615
34 25 2.7787132
34 5 2.619228
35 21 0.030521376
35 31 67.25511
36 28 0.13826825
36 3 0.32089803
36 9 0.48869652
37 30 27.693335
37 0 1.707903
37 8 0.9081687
37 18 1.6518123
37 13 1.1550004
37 11 2.3007839
37 29 0.5669181
37 5 17.43009
37 20 7.6072836
37 2 0.9359131
37 7 3731.7046
37 27 2.3583646
37 16 2000.0
37 23 1.4055517
37 25 34.091362
