0 2 0.9971939
0 37 3.9641185
0 13 0.9032251
0 29 20.74451
0 25 16.133568
1 3 0.76954544
1 12 11.399776
2 30 23.451061
2 0 0.9971939
2 8 1.3836714
2 18 2.0186524
2 13 0.41923064
2 33 2.2861733
2 11 1.4329058
2 29 1.0867833
2 20 3.2068346
2 37 0.9113562
2 27 1.6883596
2 16 2000.0
2 23 5.708343
2 25 0.4569281
3 36 0.25522116
3 28 2.69581
3 24 2000.0
3 12 0.05806632
3 1 0.76954544
3 9 1.0295454
4 31 0.07835676
4 9 0.08476155
4 17 0.13723405
4 19 0.0693356
5 30 0.64628893
5 8 0.3197114
5 18 1.0415789
5 13 32.178925
5 11 1.319846
5 29 2.7771168
5 34 1.8990452
5 20 2.7753441
5 37 4.045959
5 7 18.286415
5 27 1.3950934
5 16 1.8849828
5 23 2.1217577
5 25 2000.0
6 31 0.18787925
6 17 1.9366379
7 34 423.52942
7 30 0.691049
7 20 110.961174
7 8 6.2976794
7 16 1.2315073
7 11 1695.5682
7 23 1.3466749
7 25 3.614657
7 29 2000.0
7 5 18.286415
8 0 2000.0
8 30 0.44021782
8 18 2.0366478
8 13 1.5465076
8 11 1.0994018
8 29 0.2427786
8 5 0.3197114
8 34 38.072403
8 2 1.3836714
8 37 0.9878484
8 7 6.2976794
8 27 4.052172
8 16 2.0332606
8 23 1.2339188
8 25 2000.0
9 36 0.6867682
9 26 2000.0
9 28 1.6702573
9 10 128.57143
9 22 0.091503784
9 31 0.03040419
9 3 1.0295454
9 12 2000.0
9 4 0.08476155
9 17 0.043198746
9 19 0.08236578
10 26 0.033570595
10 28 0.21752909
10 24 0.07503788
10 31 9.305228
10 12 1287.5568
10 9 128.57143
10 17 0.030404963
11 0 2000.0
11 30 0.6406446
11 8 1.0994018
11 18 8.993318
11 13 1.1625836
11 33 2.6443706
11 29 0.9645586
11 5 1.319846
11 34 1.854476
11 20 1.1700938
11 2 1.4329058
11 37 1.4805119
11 7 1695.5682
11 27 0.9868387
11 16 1.1551306
11 25 0.6096665
12 26 0.41344064
12 32 4.722488
12 24 0.065865904
12 21 0.20471728
12 3 0.05806632
12 1 11.399776
13 30 36.98065
13 0 0.9032251
13 8 1.5465076
13 18 211.05775
13 33 1.5119014
13 11 1.1625836
13 29 0.5535439
13 5 32.178925
13 34 97.49674
13 20 1.278758
13 2 0.41923064
13 14 3.2334063
13 37 0.98359567
13 7 2000.0
13 27 0.70780927
13 16 37.123844
13 25 0.3368583
14 30 11.812538
14 20 1.9155738
14 13 3.2334063
14 27 2.3360865
14 33 0.45916292
14 11 2000.0
14 25 1.4306076
15 32 0.07138076
15 21 8.0834255
16 30 1.1361413
16 0 2000.0
16 8 2.0332606
16 18 1.437533
16 13 37.123844
16 11 1.1551306
16 5 1.8849828
16 34 33.2449
16 20 65.54532
16 7 1.2315073
16 27 1.4021467
16 23 2.8398578
16 25 1.066237
17 6 1.9366379
17 26 1.4948839
17 10 0.030404963
17 24 0.23119475
17 31 1.0015206
17 9 0.043198746
17 4 0.13723405
17 19 77.57524
18 0 2000.0
18 30 0.66553354
18 8 2.0366478
18 13 211.05775
18 11 8.993318
18 29 1.388679
18 5 1.0415789
18 2 2.0186524
18 37 3.1382725
18 7 2000.0
18 27 34.33207
18 16 1.437533
18 23 1.1958878
19 31 0.08961769
19 9 0.08236578
19 4 0.0693356
19 17 77.57524
20 30 1.3800563
20 13 1.278758
20 33 1.3238839
20 11 1.1700938
20 29 14.129869
20 5 2.7753441
20 34 0.9679717
20 2 3.2068346
20 14 1.9155738
20 37 3.7859972
20 7 110.961174
20 27 3.4298067
20 16 65.54532
20 25 0.5124401
21 32 2000.0
21 24 1.4918255
21 35 0.030552335
21 31 2000.0
21 12 0.20471728
21 15 8.0834255
22 31 100.28828
22 9 0.091503784
22 19 2000.0
23 0 2000.0
23 30 2.0640535
23 8 1.2339188
23 2 5.708343
23 37 2.9296346
23 18 1.1958878
23 7 1.3466749
23 16 2.8398578
23 11 2000.0
23 29 1.0965573
23 5 2.1217577
24 26 0.042549316
24 32 0.34714648
24 10 0.07503788
24 21 1.4918255
24 12 0.065865904
24 15 2000.0
24 17 0.23119475
25 30 30.65584
25 0 16.133568
25 13 0.3368583
25 33 1.101881
25 11 0.6096665
25 29 1.6297137
25 34 2.6344166
25 20 0.5124401
25 2 0.4569281
25 14 1.4306076
25 37 42.857143
25 7 3.614657
25 27 0.26772568
25 16 1.066237
26 32 13.184659
26 28 0.07304181
26 10 0.033570595
26 24 0.042549316
26 31 0.12316267
26 12 0.41344064
26 17 1.4948839
27 30 0.3533527
27 0 2000.0
27 8 4.052172
27 18 34.33207
27 13 0.70780927
27 33 1.1912967
27 11 0.9868387
27 29 0.53978413
27 5 1.3950934
27 34 1.1782405
27 20 3.4298067
27 2 1.6883596
27 14 2.3360865
27 37 1.9068102
27 7 3972.7273
27 16 1.4021467
27 25 0.26772568
28 36 0.04020056
28 26 0.07304181
28 10 0.21752909
28 3 2.69581
28 12 1203.8636
28 9 1.6702573
28 19 1545.284
29 0 20.74451
29 30 0.8589926
29 8 0.2427786
29 18 1.388679
29 13 0.5535439
29 33 20.959282
29 11 0.9645586
29 5 2.7771168
29 34 1.7971231
29 20 14.129869
29 2 1.0867833
29 37 0.7368814
29 7 2000.0
29 27 0.53978413
29 16 2000.0
29 23 1.0965573
29 25 1.6297137
30 8 0.44021782
30 18 0.66553354
30 13 36.98065
30 33 13.6479
30 11 0.6406446
30 29 0.8589926
30 5 0.64628893
30 34 0.88043076
30 20 1.3800563
30 2 23.451061
30 14 11.812538
30 37 26.300917
30 7 0.691049
30 27 0.3533527
30 16 1.1361413
30 23 2.0640535
30 25 30.65584
31 26 0.12316267
31 6 0.18787925
31 10 9.305228
31 35 46.22837
31 22 100.28828
31 9 0.03040419
31 4 0.07835676
31 17 1.0015206
31 19 0.08961769
32 26 13.184659
32 24 0.34714648
32 21 2000.0
32 12 4.722488
32 15 0.07138076
33 30 13.6479
33 13 1.5119014
33 11 2.6443706
33 29 20.959282
33 5 2000.0
33 34 2000.0
33 20 1.3238839
33 2 2.2861733
33 14 0.45916292
33 7 2000.0
33 27 1.1912967
33 16 3017.898
33 25 1.101881
34 30 0.88043076
34 20 0.9679717
34 8 38.072403
34 37 2000.0
34 7 423.52942
34 13 97.49674
34 27 1.1782405
34 16 33.2449
34 11 1.854476
34 29 1.7971231
34 25 2.6344166
34 5 1.8990452
35 21 0.030552335
35 31 46.22837
36 28 0.04020056
36 3 0.25522116
36 9 0.6867682
37 30 26.300917
37 0 3.9641185
37 8 0.9878484
37 18 3.1382725
37 13 0.98359567
37 11 1.4805119
37 29 0.7368814
37 5 4.045959
37 20 3.7859972
37 2 0.9113562
37 7 3605.0566
37 27 1.9068102
37 16 2000.0
37 23 2.9296346
37 25 42.857143
