0 2 1.1644645
0 37 1.7247449
0 13 0.9946022
0 29 33.721317
0 25 9.8
1 3 1.2882876
1 12 23.246645
2 30 21.939396
2 0 1.1644645
2 8 1.191163
2 18 3.036386
2 13 0.53219754
2 33 2.130099
2 11 1.595131
2 29 1.2320285
2 20 2.3631082
2 37 0.9997855
2 27 0.57600266
2 16 2000.0
2 23 12.12971
2 25 0.44630554
3 36 0.6558983
3 28 7.197614
3 24 2000.0
3 12 0.049273957
3 1 1.2882876
3 9 0.61321485
4 31 0.065175354
4 9 0.11884931
4 17 0.23555095
4 19 0.0686217
5 30 0.55267596
5 8 0.4849191
5 18 0.5539876
5 13 38.98098
5 11 1.4327174
5 29 5.8560543
5 34 4.1597595
5 20 1.8718268
5 37 22.441883
5 7 8.860837
5 27 1.1309562
5 16 1.533059
5 23 2.7062168
6 31 0.13432385
6 17 3.6852663
7 34 1128.7415
7 30 1.1303828
7 20 1282.0359
7 8 10.956401
7 37 122.44446
7 16 1.4444414
7 23 1.3746086
7 11 2000.0
7 25 3.1267183
7 5 8.860837
8 0 2000.0
8 30 0.27743363
8 18 1.329998
8 13 1.739807
8 11 1.1968262
8 29 0.6505283
8 5 0.4849191
8 34 65.99535
8 2 1.191163
8 37 1.124649
8 7 10.956401
8 27 0.6845738
8 16 1.6985618
8 23 1.5927155
8 25 2000.0
9 36 0.7424962
9 26 2000.0
9 28 0.94064003
9 10 16.399149
9 22 0.089097045
9 31 0.035649296
9 3 0.61321485
9 4 0.11884931
9 17 0.034779135
9 19 0.06854829
10 26 0.028626863
10 28 0.2052786
10 24 0.10826432
10 31 23.799692
10 12 1653.3523
10 9 16.399149
10 17 0.032750458
11 0 2000.0
11 30 0.85442317
11 8 1.1968262
11 18 2.9569378
11 13 1.0608515
11 33 1.6592715
11 29 0.7985169
11 5 1.4327174
11 34 2.4056475
11 20 0.8575973
11 2 1.595131
11 37 1.5654241
11 7 2000.0
11 27 0.613478
11 16 1.4263637
11 25 1.0789956
12 26 1.3025228
12 32 3.6864936
12 10 1653.3523
12 24 0.06726565
12 21 0.13797481
12 3 0.049273957
12 1 23.246645
13 30 44.984703
13 0 0.9946022
13 8 1.739807
13 18 150.0
13 33 1.0727494
13 11 1.0608515
13 29 1.3749833
13 5 38.98098
13 34 2548.9773
13 20 0.9961816
13 2 0.53219754
13 14 5.041474
13 37 1.0225601
13 7 2000.0
13 27 0.4944911
13 16 44.333855
13 25 0.22588192
14 30 9.32978
14 20 1.71946
14 13 5.041474
14 27 1.7275082
14 33 0.5977369
14 11 2000.0
14 25 2.4059422
15 32 0.07325078
15 21 1.9044956
16 30 1.1037372
16 0 2000.0
16 8 1.6985618
16 18 1.1802195
16 13 44.333855
16 11 1.4263637
16 5 1.533059
16 34 42.42861
16 20 22.016499
16 7 1.4444414
16 27 1.5608503
16 23 3.0571697
16 25 2.0135188
17 6 3.6852663
17 26 1.640276
17 10 0.032750458
17 24 0.06323142
17 31 0.9469179
17 9 0.034779135
17 4 0.23555095
17 19 58.26275
18 0 2000.0
18 30 0.71682763
18 8 1.329998
18 13 150.0
18 11 2.9569378
18 29 1.1133987
18 5 0.5539876
18 2 3.036386
18 37 2.1555586
18 7 2000.0
18 27 13.50655
18 16 1.1802195
18 23 1.3059442
19 31 0.07211807
19 9 0.06854829
19 4 0.0686217
19 17 58.26275
20 30 2.085643
20 13 0.9961816
20 33 1.0785195
20 11 0.8575973
20 29 4.9839983
20 5 1.8718268
20 34 0.9633734
20 2 2.3631082
20 14 1.71946
20 37 1.6343489
20 7 1282.0359
20 27 2.3846538
20 16 22.016499
20 25 0.38396862
21 32 2000.0
21 10 2000.0
21 24 1.200835
21 35 0.037233394
21 12 0.13797481
21 15 1.9044956
22 31 46.296295
22 9 0.089097045
22 19 2000.0
23 0 2000.0
23 30 1.9294705
23 8 1.5927155
23 2 12.12971
23 37 1.9699094
23 18 1.3059442
23 7 1.3746086
23 16 3.0571697
23 11 2000.0
23 29 0.91950536
23 5 2.7062168
24 26 0.042055164
24 32 0.18187994
24 10 0.10826432
24 21 1.200835
24 12 0.06726565
24 17 0.06323142
25 30 16.28594
25 0 9.8
25 13 0.22588192
25 33 0.6017944
25 11 1.0789956
25 29 2.3191566
25 34 2.3163147
25 20 0.38396862
25 2 0.44630554
25 14 2.4059422
25 37 86.54378
25 7 3.1267183
25 27 0.21259236
25 16 2.0135188
26 32 28.370321
26 28 0.08167613
26 10 0.028626863
26 24 0.042055164
26 31 0.13894884
26 12 1.3025228
26 17 1.640276
27 30 0.21316543
27 0 2000.0
27 8 0.6845738
27 18 13.50655
27 13 0.4944911
27 33 0.92005277
27 11 0.613478
27 29 0.7926136
27 5 1.1309562
27 34 1.1554083
27 20 2.3846538
27 2 0.57600266
27 14 1.7275082
27 37 2.0516973
27 7 2000.0
27 16 1.5608503
27 25 0.21259236
28 36 0.02942786
28 26 0.08167613
28 10 0.2052786
28 12 1210.4546
28 3 7.197614
28 9 0.94064003
28 19 1383.8636
29 0 33.721317
29 30 1.1253428
29 8 0.6505283
29 18 1.1133987
29 13 1.3749833
29 33 9.257415
29 11 0.7985169
29 5 5.8560543
29 34 2.8691585
29 20 4.9839983
29 2 1.2320285
29 37 0.5533618
29 7 2000.0
29 27 0.7926136
29 16 2000.0
29 23 0.91950536
29 25 2.3191566
30 8 0.27743363
30 18 0.71682763
30 13 44.984703
30 33 3.5513616
30 11 0.85442317
30 29 1.1253428
30 5 0.55267596
30 34 0.97196007
30 20 2.085643
30 2 21.939396
30 14 9.32978
30 37 46.42859
30 7 1.1303828
30 27 0.21316543
30 16 1.1037372
30 23 1.9294705
30 25 16.28594
31 26 0.13894884
31 6 0.13432385
31 10 23.799692
31 22 46.296295
31 9 0.035649296
31 4 0.065175354
31 17 0.9469179
31 19 0.07211807
32 26 28.370321
32 24 0.18187994
32 21 2000.0
32 12 3.6864936
32 15 0.07325078
33 34 2000.0
33 30 3.5513616
33 20 1.0785195
33 2 2.130099
33 14 0.5977369
33 7 2000.0
33 13 1.0727494
33 27 0.92005277
33 16 3017.898
33 11 1.6592715
33 29 9.257415
33 25 0.6017944
34 30 0.97196007
34 20 0.9633734
34 8 65.99535
34 37 2000.0
34 7 1128.7415
34 27 1.1554083
34 16 42.42861
34 11 2.4056475
34 29 2.8691585
34 25 2.3163147
34 5 4.1597595
35 21 0.037233394
35 31 324.0909
36 28 0.02942786
36 3 0.6558983
36 9 0.7424962
37 30 46.42859
37 0 1.7247449
37 8 1.124649
37 18 2.1555586
37 13 1.0225601
37 11 1.5654241
37 29 0.5533618
37 5 22.441883
37 20 1.6343489
37 2 0.9997855
37 7 122.44446
37 27 2.0516973
37 16 2000.0
37 23 1.9699094
37 25 86.54378
