0 8 7.63704
0 2 1.7656705
0 37 0.76356477
0 13 0.574617
0 11 151.53246
0 29 12.303581
1 3 0.33159092
1 12 1202.159
2 30 33.360355
2 0 1.7656705
2 8 1.8765833
2 18 20.671713
2 13 0.3637622
2 33 1.8416513
2 11 2.152944
2 29 1.004075
2 20 3.4732335
2 37 1.2449161
2 27 0.8121252
2 16 2000.0
2 23 44.83144
2 25 1.9321082
3 36 0.31886762
3 28 0.08812317
3 24 189.47371
3 12 0.0558838
3 1 0.33159092
3 9 0.89316285
4 31 0.07787773
4 9 0.044335693
4 17 0.08514056
4 19 0.078495994
5 30 0.6061513
5 8 1.270964
5 18 0.40347663
5 13 900.00006
5 11 4.1448145
5 29 3.6460023
5 34 2.170166
5 20 2.5048473
5 37 2000.0
5 7 8.338959
5 27 1.416045
5 16 1.3615963
5 23 1.9501829
6 21 2000.0
6 22 133.33334
6 31 0.42066264
6 17 1.0062186
7 34 7.489112
7 30 1.5332792
7 20 1.3194168
7 8 48.86937
7 37 18.575869
7 27 266.6667
7 16 1.2447193
7 11 8.737311
7 23 0.9200754
7 25 3.4086304
7 5 8.338959
8 0 7.63704
8 30 1.6546712
8 18 0.79747736
8 13 6.419698
8 11 0.7801615
8 29 2.001868
8 5 1.270964
8 34 1.9411371
8 2 1.8765833
8 37 1.0468832
8 7 48.86937
8 27 2.0087566
8 16 1.3653593
8 23 1.6437976
9 36 1.6538409
9 26 2000.0
9 28 1.8210196
9 10 12.717081
9 22 0.26182568
9 31 0.033234127
9 3 0.89316285
9 17 0.18560064
9 4 0.044335693
9 19 0.07012871
10 26 0.03348468
10 28 0.47653514
10 24 0.039034087
10 31 0.038068183
10 12 10.970659
10 9 12.717081
10 17 0.03127641
11 0 151.53246
11 30 0.4483886
11 8 0.7801615
11 18 9.589772
11 13 0.5707976
11 33 2.0152142
11 29 1.2606221
11 5 4.1448145
11 34 2.0618608
11 20 0.80769414
11 2 2.152944
11 37 1.2131137
11 7 8.737311
11 27 0.44018596
11 16 1.0112885
11 25 1.0288485
12 26 1.237926
12 28 2.1718004
12 32 0.16003962
12 10 10.970659
12 24 0.08111826
12 21 0.09109002
12 3 0.0558838
12 1 1202.159
13 30 1.565867
13 0 0.574617
13 8 6.419698
13 18 326.6667
13 33 0.90204906
13 11 0.5707976
13 29 0.8900721
13 5 900.00006
13 34 8.174126
13 20 0.49222237
13 2 0.3637622
13 14 2.1593938
13 37 1.4773209
13 27 0.4195326
13 16 4054.432
13 25 0.45811236
14 34 2000.0
14 20 1.3502676
14 13 2.1593938
14 27 7.4758215
14 33 0.43442953
14 11 2000.0
14 25 1.3183645
15 32 0.08853009
15 21 0.9156394
16 30 1.3782228
16 0 2000.0
16 8 1.3653593
16 18 0.82016927
16 11 1.0112885
16 29 10.955318
16 5 1.3615963
16 20 8.248058
16 37 17.158037
16 7 1.2447193
16 27 1.3188057
16 23 8.846142
16 25 0.9533393
17 26 1.7648047
17 6 1.0062186
17 10 0.03127641
17 24 0.29683673
17 31 1.2890812
17 9 0.18560064
17 4 0.08514056
17 19 4.252946
18 30 0.68877697
18 2 20.671713
18 8 0.79747736
18 37 1.0631206
18 13 326.6667
18 7 2000.0
18 27 4.015349
18 16 0.82016927
18 23 1.3904734
18 11 9.589772
18 29 1.3908083
18 5 0.40347663
19 31 0.08519623
19 9 0.07012871
19 17 4.252946
19 4 0.078495994
20 30 12.209738
20 13 0.49222237
20 33 1.3328272
20 11 0.80769414
20 29 2.5051703
20 5 2.5048473
20 34 1.0096824
20 2 3.4732335
20 14 1.3502676
20 37 1.6354599
20 7 1.3194168
20 27 0.4542409
20 16 8.248058
20 25 0.35409838
21 32 2000.0
21 24 0.3322479
21 35 0.043329332
21 12 0.09109002
21 15 0.9156394
22 6 133.33334
22 31 1105.6818
22 9 0.26182568
22 19 1377.7842
23 0 2000.0
23 30 1.3028852
23 2 44.83144
23 8 1.6437976
23 37 2.2678335
23 18 1.3904734
23 7 0.9200754
23 16 8.846142
23 11 2000.0
23 29 9.857013
23 5 1.9501829
24 26 0.057675622
24 32 0.09702276
24 10 0.039034087
24 21 0.3322479
24 31 4.9372025
24 12 0.08111826
24 3 189.47371
24 15 2000.0
24 17 0.29683673
25 30 1.597656
25 13 0.45811236
25 33 0.3257281
25 11 1.0288485
25 29 5.54363
25 34 1.4923601
25 20 0.35409838
25 2 1.9321082
25 14 1.3183645
25 37 79.90702
25 7 3.4086304
25 27 0.44920227
25 16 0.9533393
26 32 33.593132
26 28 0.086432055
26 10 0.03348468
26 24 0.057675622
26 31 0.079006664
26 12 1.237926
26 17 1.7648047
27 0 2000.0
27 30 0.14022163
27 8 2.0087566
27 18 4.015349
27 13 0.4195326
27 33 0.8406239
27 11 0.44018596
27 29 0.68595386
27 5 1.416045
27 34 0.9669929
27 20 0.4542409
27 2 0.8121252
27 14 7.4758215
27 37 1.3020852
27 7 266.6667
27 16 1.3188057
27 25 0.44920227
28 36 0.040901512
28 26 0.086432055
28 10 0.47653514
28 3 0.08812317
28 12 2.1718004
28 9 1.8210196
29 0 12.303581
29 30 13.263091
29 8 2.001868
29 18 1.3908083
29 13 0.8900721
29 33 93.72904
29 11 1.2606221
29 5 3.6460023
29 34 4.328284
29 20 2.5051703
29 2 1.004075
29 37 0.8819915
29 7 2000.0
29 27 0.68595386
29 16 10.955318
29 23 9.857013
29 25 5.54363
30 0 2000.0
30 8 1.6546712
30 18 0.68877697
30 13 1.565867
30 33 2.060535
30 11 0.4483886
30 29 13.263091
30 5 0.6061513
30 34 1.7598484
30 20 12.209738
30 2 33.360355
30 14 2000.0
30 37 11.153484
30 7 1.5332792
30 27 0.14022163
30 16 1.3782228
30 23 1.3028852
30 25 1.597656
31 26 0.079006664
31 6 0.42066264
31 10 0.038068183
31 24 4.9372025
31 22 1105.6818
31 9 0.033234127
31 17 1.2890812
31 4 0.07787773
31 19 0.08519623
32 26 33.593132
32 24 0.09702276
32 12 0.16003962
32 15 0.08853009
33 34 2000.0
33 30 2.060535
33 20 1.3328272
33 2 1.8416513
33 14 0.43442953
33 7 2000.0
33 13 0.90204906
33 27 0.8406239
33 16 2000.0
33 11 2.0152142
33 29 93.72904
33 25 0.3257281
34 30 1.7598484
34 20 1.0096824
34 8 1.9411371
34 13 8.174126
34 7 7.489112
34 27 0.9669929
34 16 1215.0568
34 11 2.0618608
34 25 1.4923601
34 29 4.328284
34 5 2.170166
35 21 0.043329332
36 26 2000.0
36 28 0.040901512
36 3 0.31886762
36 9 1.6538409
37 30 11.153484
37 0 0.76356477
37 8 1.0468832
37 18 1.0631206
37 13 1.4773209
37 11 1.2131137
37 29 0.8819915
37 20 1.6354599
37 2 1.2449161
37 7 18.575869
37 27 1.3020852
37 16 17.158037
37 23 2.2678335
37 25 79.90702
