0 2 1.1587121
0 37 1.441768
0 13 1.3275115
0 29 10.549528
0 25 34.004326
1 3 1.1588951
1 12 1216.8182
2 30 16.960522
2 0 1.1587121
2 8 1.0428507
2 18 2.5310931
2 13 0.6520826
2 33 1.9167244
2 11 1.6499369
2 29 0.9195662
2 5 2000.0
2 20 3.8273962
2 37 0.80776656
2 27 1.032902
2 16 2000.0
2 23 8.145679
2 25 0.84139746
3 36 0.22776496
3 28 15.955459
3 24 2000.0
3 12 0.057079725
3 1 1.1588951
3 9 0.29303864
4 31 0.065228574
4 9 0.0729014
4 17 0.13451579
4 19 0.08464137
5 30 0.4782042
5 8 0.6393082
5 18 0.9199197
5 13 22.439295
5 11 1.5563228
5 29 1.7805767
5 34 2.1345005
5 20 4.0359964
5 37 14.068255
5 7 17.733145
5 27 1.4749769
5 16 2.5821135
5 23 2.2720494
5 25 2000.0
6 31 0.28941876
6 17 3.7421088
7 34 591.8984
7 30 1.4928095
7 20 276.3618
7 8 6.651262
7 37 306.57468
7 16 1.2572391
7 11 42.76478
7 23 1.5400972
7 25 3.3932853
7 29 2000.0
7 5 17.733145
8 0 2000.0
8 30 0.46514046
8 18 1.1894414
8 13 0.7603977
8 11 0.8281939
8 29 0.3607998
8 5 0.6393082
8 34 133.26515
8 2 1.0428507
8 37 0.99825484
8 7 6.651262
8 27 0.9259135
8 16 1.2547395
8 23 1.0212742
8 25 2000.0
9 36 0.7286976
9 26 2000.0
9 28 1.1588061
9 10 8.139083
9 22 0.058596432
9 31 0.036143698
9 12 2000.0
9 3 0.29303864
9 4 0.0729014
9 17 0.034163024
9 19 0.069896616
10 26 0.02968307
10 28 0.8395008
10 24 0.07439307
10 31 1.3894985
10 12 111.482796
10 9 8.139083
10 17 0.030811
11 0 2000.0
11 30 0.6030868
11 8 0.8281939
11 18 10.8874855
11 13 0.9851653
11 33 2.63735
11 29 0.95945615
11 5 1.5563228
11 34 4.8301845
11 20 0.94447935
11 2 1.6499369
11 37 1.4792646
11 7 42.76478
11 27 0.73872334
11 16 0.7671419
11 25 1.0955784
12 26 0.5765532
12 32 3.4355752
12 10 111.482796
12 24 0.06921572
12 21 0.13590705
12 3 0.057079725
13 30 36.523705
13 0 1.3275115
13 8 0.7603977
13 18 452.71683
13 33 0.87594163
13 11 0.9851653
13 29 0.8885586
13 5 22.439295
13 34 54.01515
13 20 1.2428906
13 2 0.6520826
13 14 6.1359344
13 37 1.2256923
13 7 2000.0
13 27 0.48093635
13 16 21.412706
13 25 0.38771912
14 30 8.133969
14 20 2.8967602
14 13 6.1359344
14 27 1.6998028
14 33 0.39425507
14 25 2.4200726
15 32 0.074336626
15 24 2000.0
15 21 5.6955657
16 30 1.0848607
16 8 1.2547395
16 18 0.93749994
16 13 21.412706
16 11 0.7671419
16 29 229.65909
16 5 2.5821135
16 34 93.259094
16 20 11.683348
16 7 1.2572391
16 27 1.4723322
16 23 2.0890503
16 25 0.9218342
17 6 3.7421088
17 26 1.2856085
17 10 0.030811
17 24 0.12249469
17 31 0.96803033
17 9 0.034163024
17 4 0.13451579
17 19 19.931303
18 0 2000.0
18 30 0.68766344
18 8 1.1894414
18 13 452.71683
18 11 10.8874855
18 29 1.3191134
18 5 0.9199197
18 2 2.5310931
18 37 2.5742118
18 7 2000.0
18 27 13.711689
18 16 0.93749994
18 23 1.2408643
19 31 0.084910415
19 9 0.069896616
19 17 19.931303
19 4 0.08464137
20 0 2000.0
20 30 2.2205374
20 13 1.2428906
20 33 1.9333524
20 11 0.94447935
20 29 16.879951
20 5 4.0359964
20 34 1.1422312
20 2 3.8273962
20 14 2.8967602
20 37 5.439513
20 7 276.3618
20 27 3.6466196
20 16 11.683348
20 25 0.5721689
21 26 2000.0
21 32 150.0
21 24 0.45535937
21 35 0.031098263
21 31 2000.0
21 12 0.13590705
21 15 5.6955657
22 31 29.109058
22 9 0.058596432
22 19 2000.0
23 0 2000.0
23 30 1.754308
23 8 1.0212742
23 2 8.145679
23 37 1.9354352
23 18 1.2408643
23 7 1.5400972
23 16 2.0890503
23 11 2000.0
23 29 1.6068797
23 5 2.2720494
24 26 0.037048835
24 32 0.18644676
24 10 0.07439307
24 21 0.45535937
24 3 2000.0
24 12 0.06921572
24 15 2000.0
24 17 0.12249469
25 30 27.315573
25 0 34.004326
25 13 0.38771912
25 33 0.8038151
25 11 1.0955784
25 29 1.5561025
25 34 2.014781
25 20 0.5721689
25 2 0.84139746
25 14 2.4200726
25 37 43.22875
25 7 3.3932853
25 27 0.25980031
25 16 0.9218342
26 32 10.854722
26 28 0.04960614
26 10 0.02968307
26 24 0.037048835
26 31 0.1325363
26 12 0.5765532
26 17 1.2856085
27 30 0.20425229
27 0 2000.0
27 8 0.9259135
27 18 13.711689
27 13 0.48093635
27 33 0.7209361
27 11 0.73872334
27 29 0.7952195
27 5 1.4749769
27 34 1.2125235
27 20 3.6466196
27 2 1.032902
27 14 1.6998028
27 37 0.99179727
27 7 2781.4773
27 16 1.4723322
27 25 0.25980031
28 36 0.030673575
28 26 0.04960614
28 10 0.8395008
28 3 15.955459
28 12 1594.9431
28 9 1.1588061
28 19 1364.5454
29 0 10.549528
29 30 2.0900352
29 8 0.3607998
29 18 1.3191134
29 13 0.8885586
29 33 55.237965
29 11 0.95945615
29 5 1.7805767
29 34 2.2969623
29 20 16.879951
29 2 0.9195662
29 37 0.8549935
29 7 2000.0
29 27 0.7952195
29 16 229.65909
29 23 1.6068797
29 25 1.5561025
30 8 0.46514046
30 18 0.68766344
30 13 36.523705
30 33 4.4861674
30 11 0.6030868
30 29 2.0900352
30 5 0.4782042
30 34 0.88699037
30 20 2.2205374
30 2 16.960522
30 14 8.133969
30 37 21.969074
30 7 1.4928095
30 27 0.20425229
30 16 1.0848607
30 23 1.754308
30 25 27.315573
31 26 0.1325363
31 6 0.28941876
31 10 1.3894985
31 22 29.109058
31 9 0.036143698
31 4 0.065228574
31 17 0.96803033
31 19 0.084910415
32 26 10.854722
32 24 0.18644676
32 21 150.0
32 12 3.4355752
32 15 0.074336626
33 30 4.4861674
33 8 2000.0
33 13 0.87594163
33 11 2.63735
33 29 55.237965
33 5 2000.0
33 34 2000.0
33 20 1.9333524
33 2 1.9167244
33 14 0.39425507
33 7 2000.0
33 27 0.7209361
33 16 1971.0227
33 25 0.8038151
34 30 0.88699037
34 20 1.1422312
34 8 133.26515
34 37 2000.0
34 7 591.8984
34 13 54.01515
34 27 1.2125235
34 16 93.259094
34 11 4.8301845
34 29 2.2969623
34 25 2.014781
34 5 2.1345005
35 21 0.031098263
35 31 1135.6819
36 28 0.030673575
36 3 0.22776496
36 9 0.7286976
37 30 21.969074
37 0 1.441768
37 8 0.99825484
37 18 2.5742118
37 13 1.2256923
37 11 1.4792646
37 29 0.8549935
37 5 14.068255
37 20 5.439513
37 2 0.80776656
37 7 306.57468
37 27 0.99179727
37 16 2000.0
37 23 1.9354352
37 25 43.22875
