0 2 1.2007993
0 37 1.514835
0 13 1.0134706
0 29 5.743695
0 25 6.404481
1 3 0.62341595
1 12 9.248696
2 30 17.783646
2 0 1.2007993
2 8 1.4000267
2 18 2.9498107
2 13 0.7299676
2 33 8.586692
2 11 1.4883188
2 29 1.264576
2 20 4.097852
2 37 0.8558309
2 27 1.3591701
2 16 2000.0
2 23 7.980429
2 25 1.0957717
3 36 0.30082303
3 28 16.959902
3 24 2000.0
3 12 0.06887108
3 1 0.62341595
3 9 0.36263043
4 31 0.070798054
4 9 0.07558766
4 17 0.115493685
4 19 0.07048826
5 30 1.3367641
5 8 0.74469054
5 18 1.1721339
5 13 22.549492
5 11 1.7409555
5 29 2.5165887
5 34 3.2564127
5 20 2.7599132
5 37 6.719177
5 7 5.7264204
5 27 2.817457
5 16 1.5224831
5 23 2.2731907
5 25 2000.0
6 31 0.10676229
6 17 4.3833704
7 34 378.94742
7 30 0.8429016
7 20 44.7678
7 8 11.188133
7 37 100.0
7 16 1.2647854
7 23 1.2782357
7 25 3.1401167
7 5 5.7264204
8 0 2000.0
8 30 0.6960271
8 18 1.399138
8 13 2.2776117
8 11 0.7820108
8 29 1.1979392
8 5 0.74469054
8 34 51.39483
8 2 1.4000267
8 37 1.148721
8 7 11.188133
8 27 13.717276
8 16 2.0257025
8 23 1.278639
8 25 2000.0
9 36 0.33204198
9 26 2000.0
9 28 0.81877625
9 10 18.599567
9 22 0.050062843
9 31 0.028901668
9 12 2000.0
9 3 0.36263043
9 4 0.07558766
9 17 0.03911692
9 19 0.068877555
10 26 0.030692633
10 28 0.34108326
10 24 0.11161571
10 31 16.07125
10 12 17.005163
10 9 18.599567
10 17 0.030747619
11 0 2000.0
11 30 0.95278317
11 8 0.7820108
11 18 6.503607
11 13 0.8800685
11 33 5.517493
11 29 0.91299367
11 5 1.7409555
11 34 3.8336937
11 20 2.7886798
11 2 1.4883188
11 37 1.5389824
11 7 1619.9431
11 27 0.6118573
11 16 1.0483006
11 25 0.8485704
12 26 2.8962607
12 32 7.077282
12 10 17.005163
12 24 0.0677817
12 21 0.4074807
12 3 0.06887108
12 1 9.248696
13 30 15.714162
13 0 1.0134706
13 8 2.2776117
13 18 102.027275
13 33 0.99636716
13 11 0.8800685
13 29 0.7735247
13 5 22.549492
13 34 129.18854
13 20 0.95222783
13 2 0.7299676
13 14 3.5093837
13 37 1.5155251
13 7 2000.0
13 27 0.40577748
13 16 22.641987
13 25 0.20687266
14 30 11.171988
14 20 9.642438
14 13 3.5093837
14 27 3.1718514
14 33 1.5265625
14 11 2000.0
14 25 2.8743405
15 32 0.066856764
15 21 0.996405
16 0 2000.0
16 30 1.1873231
16 8 2.0257025
16 18 1.4085666
16 13 22.641987
16 11 1.0483006
16 29 200.0
16 5 1.5224831
16 34 157.07658
16 20 19.40198
16 7 1.2647854
16 27 1.359631
16 23 2.4284737
16 25 0.9399432
17 6 4.3833704
17 26 1.5411114
17 10 0.030747619
17 24 0.06539862
17 31 0.96013945
17 9 0.03911692
17 4 0.115493685
17 19 151.12616
18 0 2000.0
18 30 0.69949704
18 8 1.399138
18 13 102.027275
18 11 6.503607
18 29 1.0335357
18 5 1.1721339
18 2 2.9498107
18 37 2.1260185
18 7 2000.0
18 27 16.211866
18 16 1.4085666
18 23 1.2655238
19 28 1369.4319
19 31 0.104324825
19 9 0.068877555
19 4 0.07048826
19 17 151.12616
20 0 2000.0
20 30 0.8002333
20 13 0.95222783
20 33 2.408325
20 11 2.7886798
20 29 6.111144
20 5 2.7599132
20 34 0.96113646
20 2 4.097852
20 14 9.642438
20 37 6.8982496
20 7 44.7678
20 27 2.0971873
20 16 19.40198
20 25 1.5735656
21 26 2000.0
21 32 2000.0
21 24 1.1678493
21 35 0.033455316
21 31 2000.0
21 12 0.4074807
21 15 0.996405
22 31 266.6667
22 9 0.050062843
22 19 2000.0
23 0 2000.0
23 30 1.7462814
23 8 1.278639
23 2 7.980429
23 37 1.3457335
23 18 1.2655238
23 7 1.2782357
23 16 2.4284737
23 11 2000.0
23 29 0.8754831
23 5 2.2731907
24 26 0.045728117
24 32 0.23803705
24 10 0.11161571
24 21 1.1678493
24 12 0.0677817
24 15 2000.0
24 17 0.06539862
25 30 16.755377
25 0 6.404481
25 13 0.20687266
25 33 0.8623702
25 11 0.8485704
25 29 1.093086
25 34 4.8604536
25 20 1.5735656
25 2 1.0957717
25 14 2.8743405
25 37 45.36109
25 7 3.1401167
25 27 0.24423139
25 16 0.9399432
26 32 12.527135
26 28 0.26709443
26 10 0.030692633
26 24 0.045728117
26 31 0.09710066
26 12 2.8962607
26 17 1.5411114
27 30 0.41478798
27 0 2000.0
27 8 13.717276
27 18 16.211866
27 13 0.40577748
27 33 0.92918915
27 11 0.6118573
27 29 0.4972611
27 5 2.817457
27 34 0.8201569
27 20 2.0971873
27 2 1.3591701
27 14 3.1718514
27 37 1.2929149
27 7 2000.0
27 16 1.359631
27 25 0.24423139
28 36 0.03192815
28 26 0.26709443
28 10 0.34108326
28 3 16.959902
28 12 1213.409
28 9 0.81877625
28 19 1369.4319
29 0 5.743695
29 30 0.5076392
29 8 1.1979392
29 18 1.0335357
29 13 0.7735247
29 33 17.49011
29 11 0.91299367
29 5 2.5165887
29 34 3.4032767
29 20 6.111144
29 2 1.264576
29 37 0.839792
29 27 0.4972611
29 16 200.0
29 23 0.8754831
29 25 1.093086
30 8 0.6960271
30 18 0.69949704
30 13 15.714162
30 33 4.9473066
30 11 0.95278317
30 29 0.5076392
30 5 1.3367641
30 34 1.0047532
30 20 0.8002333
30 2 17.783646
30 14 11.171988
30 37 15.666271
30 7 0.8429016
30 27 0.41478798
30 16 1.1873231
30 23 1.7462814
30 25 16.755377
31 26 0.09710066
31 6 0.10676229
31 10 16.07125
31 22 266.6667
31 9 0.028901668
31 4 0.070798054
31 17 0.96013945
31 19 0.104324825
32 26 12.527135
32 24 0.23803705
32 21 2000.0
32 12 7.077282
32 15 0.066856764
33 30 4.9473066
33 8 2000.0
33 13 0.99636716
33 11 5.517493
33 29 17.49011
33 5 2000.0
33 34 2000.0
33 20 2.408325
33 2 8.586692
33 14 1.5265625
33 7 2000.0
33 27 0.92918915
33 16 3017.898
33 25 0.8623702
34 30 1.0047532
34 20 0.96113646
34 8 51.39483
34 37 2000.0
34 13 129.18854
34 7 378.94742
34 27 0.8201569
34 16 157.07658
34 11 3.8336937
34 29 3.4032767
34 25 4.8604536
34 5 3.2564127
35 21 0.033455316
35 31 1288.5227
36 28 0.03192815
36 3 0.30082303
36 9 0.33204198
37 30 15.666271
37 0 1.514835
37 8 1.148721
37 18 2.1260185
37 13 1.5155251
37 11 1.5389824
37 29 0.839792
37 5 6.719177
37 20 6.8982496
37 2 0.8558309
37 7 100.0
37 27 1.2929149
37 16 2000.0
37 23 1.3457335
37 25 45.36109
