0 8 8.200241
0 2 1.4115347
0 37 0.8140787
0 13 0.7124456
0 11 149.41153
0 29 11.785455
1 3 0.22827785
1 12 35.473545
2 30 9.996626
2 0 1.4115347
2 8 1.3319982
2 18 7.9793305
2 13 1.6633426
2 33 3.0281014
2 11 1.6819572
2 29 0.77255833
2 20 3.783559
2 37 0.9276017
2 27 0.41553938
2 23 20.282999
2 25 1.5032933
3 36 0.19173297
3 28 0.07392029
3 24 266.6667
3 12 0.050544508
3 1 0.22827785
3 9 0.5691665
4 31 0.08454222
4 9 0.050569046
4 17 0.0809186
4 19 0.098867185
5 30 0.85519814
5 8 0.8374566
5 18 0.45955843
5 13 2000.0
5 11 11.734071
5 29 4.24143
5 34 1.8445702
5 20 1.7318832
5 37 2000.0
5 7 5.1795297
5 27 2.7872696
5 16 1.598815
5 23 4.874369
6 22 76.0947
6 31 0.96073866
6 17 1.4422733
7 34 8.892638
7 30 0.64623916
7 20 1.3858155
7 8 155.41003
7 37 13.05199
7 27 78.31108
7 16 1.4549862
7 11 5.282752
7 23 1.0869524
7 25 8.328936
7 5 5.1795297
8 0 8.200241
8 30 0.61567867
8 18 0.9154105
8 13 2.4853427
8 11 0.4675225
8 29 0.7208128
8 5 0.8374566
8 34 2.5711725
8 2 1.3319982
8 37 0.6757504
8 7 155.41003
8 27 1.0220248
8 16 1.2439747
8 23 0.86357325
9 36 0.9602983
9 26 2000.0
9 28 0.62537885
9 10 4.5841203
9 22 0.47825682
9 31 0.030856812
9 3 0.5691665
9 17 0.03771454
9 4 0.050569046
9 19 0.06655886
10 26 0.03167516
10 28 0.22805427
10 24 0.047315836
10 31 0.048379283
10 12 10.002225
10 9 4.5841203
10 17 0.040192507
11 0 149.41153
11 30 0.44207752
11 8 0.4675225
11 18 8.573074
11 13 0.48463076
11 33 2.210356
11 29 1.0167283
11 5 11.734071
11 34 2.2587972
11 20 0.89155686
11 2 1.6819572
11 37 1.4493452
11 7 5.282752
11 27 0.37219754
11 16 1.0086643
11 25 1.0015901
12 26 1.1598147
12 28 3.924427
12 32 0.28831825
12 10 10.002225
12 24 0.090375595
12 21 0.06914458
12 3 0.050544508
12 1 35.473545
13 30 3.7652597
13 0 0.7124456
13 8 2.4853427
13 18 447.5625
13 33 0.9246985
13 11 0.48463076
13 29 0.9538419
13 34 13.322322
13 20 0.6293389
13 2 1.6633426
13 14 4.8015327
13 37 1.619519
13 27 0.20900539
13 16 83.725044
13 25 0.5617078
14 20 1.8004043
14 13 4.8015327
14 27 2.3038692
14 33 0.49697772
14 11 2000.0
14 25 2.8830028
15 32 0.12729649
15 24 200.0
15 21 1.045363
16 0 2000.0
16 30 1.0325984
16 8 1.2439747
16 18 0.96803385
16 13 83.725044
16 11 1.0086643
16 29 20.391182
16 5 1.598815
16 20 7.8576183
16 37 27.526318
16 7 1.4549862
16 27 1.3950568
16 23 6.015135
16 25 0.9293054
17 26 1.6385936
17 6 1.4422733
17 10 0.040192507
17 24 0.18919729
17 31 1.3943222
17 9 0.03771454
17 4 0.0809186
17 19 1.8465571
18 30 0.6998901
18 2 7.9793305
18 8 0.9154105
18 37 1.4614223
18 13 447.5625
18 7 2000.0
18 27 3.8800006
18 16 0.96803385
18 23 1.2080605
18 11 8.573074
18 29 0.9962235
18 5 0.45955843
19 31 0.07402702
19 9 0.06655886
19 17 1.8465571
19 4 0.098867185
20 30 16.74655
20 13 0.6293389
20 33 1.5591451
20 11 0.89155686
20 29 1.9271646
20 5 1.7318832
20 34 0.77216476
20 2 3.783559
20 14 1.8004043
20 37 2.4216166
20 7 1.3858155
20 27 0.6712195
20 16 7.8576183
20 25 0.53028506
21 32 2000.0
21 24 0.44230103
21 35 0.050379846
21 12 0.06914458
21 15 1.045363
22 6 76.0947
22 31 1478.0114
22 9 0.47825682
22 19 1330.5114
23 0 2000.0
23 30 1.0694634
23 2 20.282999
23 8 0.86357325
23 37 2.4112625
23 18 1.2080605
23 7 1.0869524
23 16 6.015135
23 11 2000.0
23 29 2.8497276
23 5 4.874369
24 26 0.065929756
24 32 0.10200065
24 10 0.047315836
24 21 0.44230103
24 31 10.159618
24 3 266.6667
24 12 0.090375595
24 15 200.0
24 17 0.18919729
25 0 2000.0
25 30 3.283401
25 13 0.5617078
25 33 0.7844111
25 11 1.0015901
25 29 1.7826028
25 34 2.652678
25 20 0.53028506
25 2 1.5032933
25 14 2.8830028
25 37 107.95695
25 7 8.328936
25 27 0.52162033
25 16 0.9293054
26 36 74.0347
26 32 33.553974
26 28 0.059879813
26 10 0.03167516
26 24 0.065929756
26 31 0.07306504
26 12 1.1598147
26 17 1.6385936
27 0 2000.0
27 30 0.24750806
27 8 1.0220248
27 18 3.8800006
27 13 0.20900539
27 33 0.8145213
27 11 0.37219754
27 29 0.60002095
27 5 2.7872696
27 34 0.85106903
27 20 0.6712195
27 2 0.41553938
27 14 2.3038692
27 37 1.4624866
27 7 78.31108
27 16 1.3950568
27 25 0.52162033
28 36 0.029160257
28 26 0.059879813
28 10 0.22805427
28 3 0.07392029
28 12 3.924427
28 9 0.62537885
29 0 11.785455
29 30 4.452597
29 8 0.7208128
29 18 0.9962235
29 13 0.9538419
29 11 1.0167283
29 5 4.24143
29 34 9.686863
29 20 1.9271646
29 2 0.77255833
29 37 0.70733666
29 7 2000.0
29 27 0.60002095
29 16 20.391182
29 23 2.8497276
29 25 1.7826028
30 0 2000.0
30 8 0.61567867
30 18 0.6998901
30 13 3.7652597
30 33 2.107143
30 11 0.44207752
30 29 4.452597
30 5 0.85519814
30 34 0.8946933
30 20 16.74655
30 2 9.996626
30 37 4.2600355
30 7 0.64623916
30 27 0.24750806
30 16 1.0325984
30 23 1.0694634
30 25 3.283401
31 26 0.07306504
31 6 0.96073866
31 10 0.048379283
31 24 10.159618
31 9 0.030856812
31 17 1.3943222
31 4 0.08454222
31 19 0.07402702
32 26 33.553974
32 24 0.10200065
32 21 2000.0
32 12 0.28831825
32 15 0.12729649
33 30 2.107143
33 13 0.9246985
33 11 2.210356
33 29 5608.125
33 5 2000.0
33 34 2000.0
33 20 1.5591451
33 2 3.0281014
33 14 0.49697772
33 7 2000.0
33 27 0.8145213
33 16 2000.0
33 25 0.7844111
34 30 0.8946933
34 20 0.77216476
34 8 2.5711725
34 13 13.322322
34 7 8.892638
34 27 0.85106903
34 16 1215.0568
34 11 2.2587972
34 25 2.652678
34 29 9.686863
34 5 1.8445702
35 21 0.050379846
36 26 74.0347
36 28 0.029160257
36 3 0.19173297
36 9 0.9602983
37 30 4.2600355
37 0 0.8140787
37 8 0.6757504
37 18 1.4614223
37 13 1.619519
37 11 1.4493452
37 29 0.70733666
37 20 2.4216166
37 2 0.9276017
37 7 13.05199
37 27 1.4624866
37 16 27.526318
37 23 2.4112625
37 25 107.95695
