0 2 0.82458293
0 37 1.3984956
0 13 0.885696
0 29 8.442045
0 25 25.565775
1 3 0.6499976
1 12 1096.1364
2 30 20.715258
2 0 0.82458293
2 8 1.5033586
2 18 2.277614
2 13 0.61808264
2 33 1.7816064
2 11 1.9173052
2 29 1.2358222
2 20 3.0720947
2 37 0.86263895
2 27 1.1392242
2 16 2000.0
2 23 6.7999644
2 25 0.52403235
3 36 0.78209144
3 28 19.685759
3 24 2000.0
3 12 0.06626184
3 1 0.6499976
3 9 0.22481062
4 31 0.07395978
4 9 0.088254474
4 17 0.19301078
4 19 0.06713068
5 30 0.59474665
5 8 1.2498206
5 18 1.3933767
5 13 31.290728
5 11 1.2261021
5 29 3.3395014
5 34 2.1016097
5 20 3.4153504
5 37 12.94371
5 7 11.90931
5 27 1.5970436
5 16 1.7658958
5 23 14.952155
5 25 2000.0
6 31 0.14310063
6 17 2.2727842
7 30 0.65021473
7 20 197.44319
7 8 4.291683
7 16 1.2938923
7 23 1.2677752
7 25 2.8684037
7 5 11.90931
8 0 2000.0
8 30 0.5162758
8 18 1.245346
8 13 1.9288038
8 11 1.0077522
8 29 0.476674
8 5 1.2498206
8 34 36.847263
8 2 1.5033586
8 37 1.448451
8 7 4.291683
8 27 0.48717412
8 16 1.4495584
8 23 1.2666744
8 25 2000.0
9 36 0.9110141
9 26 2000.0
9 28 0.8462567
9 10 6.5544143
9 22 0.08639166
9 31 0.028849564
9 12 2000.0
9 3 0.22481062
9 4 0.088254474
9 17 0.05276254
9 19 0.082727596
10 26 0.033410136
10 28 0.23019345
10 24 0.06835616
10 31 1.5848258
10 12 1294.4886
10 9 6.5544143
10 17 0.032817427
11 0 2000.0
11 30 0.8337087
11 8 1.0077522
11 18 3.9919195
11 13 0.8537767
11 33 1.1961322
11 29 0.6890372
11 5 1.2261021
11 34 1.7759994
11 20 0.99362683
11 2 1.9173052
11 37 1.344259
11 7 1616.8182
11 27 0.724661
11 16 1.0538195
11 25 0.7632008
12 26 0.23527528
12 32 6.9973483
12 24 0.067032084
12 21 0.09646542
12 3 0.06626184
13 30 69.84194
13 0 0.885696
13 8 1.9288038
13 18 26.542831
13 33 0.70130414
13 11 0.8537767
13 29 0.8364626
13 5 31.290728
13 34 400.0
13 20 0.9150107
13 2 0.61808264
13 14 3.1344051
13 37 1.4015454
13 7 2000.0
13 27 0.44297692
13 16 111.026794
13 25 0.2461112
14 30 14.235826
14 20 1.917263
14 13 3.1344051
14 27 7.419096
14 33 0.75178593
14 11 2000.0
14 25 1.8223484
15 32 0.06942078
15 21 8.243792
16 0 2000.0
16 30 1.0677432
16 8 1.4495584
16 18 1.7053547
16 13 111.026794
16 11 1.0538195
16 29 1192.267
16 5 1.7658958
16 34 36.137486
16 20 25.263159
16 7 1.2938923
16 27 1.3138777
16 23 3.3568468
16 25 1.7967746
17 6 2.2727842
17 26 1.5252557
17 10 0.032817427
17 24 0.09541322
17 31 0.967057
17 9 0.05276254
17 4 0.19301078
17 19 1227.3295
18 0 2000.0
18 30 0.860452
18 8 1.245346
18 13 26.542831
18 11 3.9919195
18 29 1.2798482
18 5 1.3933767
18 2 2.277614
18 37 2.4716344
18 7 2000.0
18 27 48.55844
18 16 1.7053547
18 23 1.5825548
19 28 43.412724
19 31 0.09064791
19 9 0.082727596
19 4 0.06713068
20 30 1.0085405
20 8 2000.0
20 13 0.9150107
20 33 1.1629266
20 11 0.99362683
20 29 4.016999
20 5 3.4153504
20 34 0.7808305
20 2 3.0720947
20 14 1.917263
20 37 1.9907936
20 7 197.44319
20 27 1.3227693
20 16 25.263159
20 25 0.9122108
21 26 2000.0
21 32 800.0
21 24 1.2549068
21 35 0.03323864
21 31 2000.0
21 12 0.09646542
21 15 8.243792
22 31 141.17647
22 9 0.08639166
22 19 2000.0
23 0 2000.0
23 30 1.5771158
23 8 1.2666744
23 2 6.7999644
23 37 1.7467122
23 18 1.5825548
23 7 1.2677752
23 16 3.3568468
23 11 2000.0
23 29 1.3917046
23 5 14.952155
24 26 0.046689723
24 32 0.24608554
24 10 0.06835616
24 21 1.2549068
24 12 0.067032084
24 15 2000.0
24 17 0.09541322
25 30 18.22183
25 0 25.565775
25 13 0.2461112
25 33 1.335354
25 11 0.7632008
25 29 1.6138616
25 34 1.755518
25 20 0.9122108
25 2 0.52403235
25 14 1.8223484
25 37 207.92444
25 7 2.8684037
25 27 0.22309136
25 16 1.7967746
26 32 35.351723
26 28 0.0479995
26 10 0.033410136
26 24 0.046689723
26 31 0.20119049
26 12 0.23527528
26 17 1.5252557
27 30 0.22083376
27 0 2000.0
27 8 0.48717412
27 18 48.55844
27 13 0.44297692
27 33 0.71858454
27 11 0.724661
27 29 2.0838068
27 5 1.5970436
27 34 1.0121136
27 20 1.3227693
27 2 1.1392242
27 14 7.419096
27 37 0.9877021
27 7 2000.0
27 16 1.3138777
27 25 0.22309136
28 36 0.035100475
28 26 0.0479995
28 10 0.23019345
28 3 19.685759
28 12 1301.591
28 9 0.8462567
28 19 43.412724
29 0 8.442045
29 30 1.509132
29 8 0.476674
29 18 1.2798482
29 13 0.8364626
29 33 13.914083
29 11 0.6890372
29 5 3.3395014
29 34 2.6350732
29 20 4.016999
29 2 1.2358222
29 37 0.88301986
29 7 2000.0
29 27 2.0838068
29 16 1192.267
29 23 1.3917046
29 25 1.6138616
30 8 0.5162758
30 18 0.860452
30 13 69.84194
30 33 9.057247
30 11 0.8337087
30 29 1.509132
30 5 0.59474665
30 34 1.0256561
30 20 1.0085405
30 2 20.715258
30 14 14.235826
30 37 13.392857
30 7 0.65021473
30 27 0.22083376
30 16 1.0677432
30 23 1.5771158
30 25 18.22183
31 26 0.20119049
31 6 0.14310063
31 10 1.5848258
31 35 2.4695752
31 22 141.17647
31 9 0.028849564
31 4 0.07395978
31 17 0.967057
31 19 0.09064791
32 26 35.351723
32 24 0.24608554
32 21 800.0
32 12 6.9973483
32 15 0.06942078
33 30 9.057247
33 8 2000.0
33 13 0.70130414
33 11 1.1961322
33 29 13.914083
33 5 2000.0
33 34 2000.0
33 20 1.1629266
33 2 1.7816064
33 14 0.75178593
33 7 2000.0
33 27 0.71858454
33 16 2422.443
33 25 1.335354
34 30 1.0256561
34 20 0.7808305
34 8 36.847263
34 37 2000.0
34 7 2000.0
34 13 400.0
34 27 1.0121136
34 16 36.137486
34 11 1.7759994
34 29 2.6350732
34 25 1.755518
34 5 2.1016097
35 21 0.03323864
35 31 2.4695752
36 28 0.035100475
36 3 0.78209144
36 9 0.9110141
37 30 13.392857
37 0 1.3984956
37 8 1.448451
37 18 2.4716344
37 13 1.4015454
37 11 1.344259
37 29 0.88301986
37 5 12.94371
37 20 1.9907936
37 2 0.86263895
37 7 5460.739
37 27 0.9877021
37 16 2000.0
37 23 1.7467122
37 25 207.92444
