0 2 1.4339678
0 37 1.3981997
0 13 0.9723762
0 29 16.322386
0 25 27.721292
1 3 1.730682
1 12 23.260803
2 30 29.821999
2 0 1.4339678
2 8 1.2313049
2 18 3.3476405
2 13 0.5429402
2 33 1.9061362
2 11 1.7502564
2 29 1.1327187
2 20 4.22906
2 37 0.83190084
2 27 1.1832887
2 16 2000.0
2 23 6.25266
2 25 1.5323427
3 36 0.4995128
3 28 19.910467
3 24 171.42857
3 12 0.08629242
3 1 1.730682
3 9 0.81261307
4 31 0.066665284
4 9 0.08028746
4 17 0.113707
4 19 0.06888858
5 30 0.5243496
5 8 0.42924342
5 18 0.7406251
5 13 28.983273
5 11 2.4332347
5 29 2.2060397
5 34 1.6735215
5 20 3.5221121
5 37 8.855662
5 7 5.7589965
5 27 1.1608994
5 16 3.0745804
5 23 2.653394
5 25 2000.0
6 31 0.21106786
6 17 2.8478377
7 30 0.6913636
7 20 59.431114
7 8 2.7741973
7 37 171.16281
7 16 0.8707547
7 23 1.090341
7 11 226.58054
7 25 2.8960578
7 5 5.7589965
8 0 2000.0
8 30 0.42725986
8 18 1.2955898
8 13 0.70753217
8 11 0.8224955
8 29 0.25633246
8 5 0.42924342
8 34 27.107224
8 2 1.2313049
8 37 0.852109
8 7 2.7741973
8 27 0.9879735
8 16 1.4113338
8 23 0.8320605
8 25 2000.0
9 36 0.39737904
9 28 1.3204728
9 10 39.275734
9 22 0.038508814
9 31 0.028970962
9 12 2000.0
9 3 0.81261307
9 4 0.08028746
9 17 0.034882635
9 19 0.06615925
10 26 0.030105544
10 28 0.1875
10 24 0.07855579
10 31 12.966019
10 12 104.00919
10 9 39.275734
10 17 0.033293836
11 0 2000.0
11 30 0.8701543
11 8 0.8224955
11 18 7.0181255
11 13 0.8805329
11 33 2.5553591
11 29 1.7041988
11 5 2.4332347
11 34 2.6301584
11 20 1.5310194
11 2 1.7502564
11 37 1.4637374
11 7 226.58054
11 27 0.6254657
11 16 1.1549121
11 25 1.4032829
12 26 0.4850936
12 32 3.6070802
12 10 104.00919
12 24 0.06957201
12 21 0.13555695
12 3 0.08629242
12 1 23.260803
13 30 115.176895
13 0 0.9723762
13 8 0.70753217
13 18 1787.642
13 33 0.835082
13 11 0.8805329
13 29 0.6762883
13 5 28.983273
13 34 2000.0
13 20 0.89387596
13 2 0.5429402
13 14 9.865765
13 37 1.0153431
13 7 2000.0
13 27 0.3901736
13 16 36.551678
13 25 0.27162576
14 30 11.54452
14 20 1.9461794
14 13 9.865765
14 27 1.9766529
14 33 0.44340098
14 11 2000.0
14 25 2.230731
15 32 0.08196111
15 21 6.1591444
16 0 2000.0
16 30 1.1202638
16 8 1.4113338
16 18 1.5407088
16 13 36.551678
16 11 1.1549121
16 5 3.0745804
16 34 35.39917
16 20 76.449615
16 7 0.8707547
16 27 1.2877247
16 23 2.0993826
16 25 1.3289602
17 6 2.8478377
17 26 1.3641444
17 10 0.033293836
17 24 0.12557593
17 31 0.9829011
17 9 0.034882635
17 4 0.113707
17 19 1599.8296
18 0 2000.0
18 30 0.6892709
18 8 1.2955898
18 13 1787.642
18 11 7.0181255
18 29 1.1135709
18 5 0.7406251
18 2 3.3476405
18 37 1.6726502
18 7 2000.0
18 27 11.493796
18 16 1.5407088
18 23 1.3127518
19 28 158.35448
19 31 0.10702769
19 9 0.06615925
19 4 0.06888858
20 30 1.70005
20 13 0.89387596
20 33 0.94717044
20 11 1.5310194
20 29 6.0189395
20 5 3.5221121
20 34 0.97841704
20 2 4.22906
20 14 1.9461794
20 37 2.4966152
20 7 59.431114
20 27 1.4873924
20 16 76.449615
20 25 0.5553833
21 10 2000.0
21 24 2.3051653
21 35 0.0407473
21 12 0.13555695
21 15 6.1591444
22 31 1204.2046
22 9 0.038508814
22 19 2000.0
23 0 2000.0
23 30 1.4041975
23 8 0.8320605
23 2 6.25266
23 37 1.0685266
23 18 1.3127518
23 7 1.090341
23 16 2.0993826
23 11 2000.0
23 29 1.5214655
23 5 2.653394
24 26 0.047369078
24 32 0.2045888
24 10 0.07855579
24 21 2.3051653
24 12 0.06957201
24 3 171.42857
24 15 2000.0
24 17 0.12557593
25 30 26.556744
25 0 27.721292
25 13 0.27162576
25 33 0.5189828
25 11 1.4032829
25 29 2.4651515
25 34 1.301467
25 20 0.5553833
25 2 1.5323427
25 14 2.230731
25 37 34.55309
25 7 2.8960578
25 27 0.22699046
25 16 1.3289602
26 32 19.194704
26 28 0.061601907
26 10 0.030105544
26 24 0.047369078
26 31 0.13137802
26 12 0.4850936
26 17 1.3641444
27 30 0.34371188
27 0 2000.0
27 8 0.9879735
27 18 11.493796
27 13 0.3901736
27 33 0.8894086
27 11 0.6254657
27 29 1.0063752
27 5 1.1608994
27 34 1.6881934
27 20 1.4873924
27 2 1.1832887
27 14 1.9766529
27 37 0.79350024
27 7 2000.0
27 16 1.2877247
27 25 0.22699046
28 36 0.029682064
28 26 0.061601907
28 10 0.1875
28 3 19.910467
28 12 1208.409
28 9 1.3204728
28 19 158.35448
29 0 16.322386
29 30 1.198922
29 8 0.25633246
29 18 1.1135709
29 13 0.6762883
29 33 20.283459
29 11 1.7041988
29 5 2.2060397
29 34 2.221496
29 20 6.0189395
29 2 1.1327187
29 37 0.5615709
29 7 2000.0
29 27 1.0063752
29 16 2000.0
29 23 1.5214655
29 25 2.4651515
30 8 0.42725986
30 18 0.6892709
30 13 115.176895
30 33 9.517487
30 11 0.8701543
30 29 1.198922
30 5 0.5243496
30 34 1.5258625
30 20 1.70005
30 2 29.821999
30 14 11.54452
30 37 12.094913
30 7 0.6913636
30 27 0.34371188
30 16 1.1202638
30 23 1.4041975
30 25 26.556744
31 26 0.13137802
31 6 0.21106786
31 10 12.966019
31 35 24.689457
31 22 1204.2046
31 9 0.028970962
31 4 0.066665284
31 17 0.9829011
31 19 0.10702769
32 26 19.194704
32 24 0.2045888
32 12 3.6070802
32 15 0.08196111
33 30 9.517487
33 8 2000.0
33 13 0.835082
33 11 2.5553591
33 29 20.283459
33 5 2000.0
33 34 2000.0
33 20 0.94717044
33 2 1.9061362
33 14 0.44340098
33 7 2000.0
33 27 0.8894086
33 16 3017.898
33 25 0.5189828
34 30 1.5258625
34 20 0.97841704
34 8 27.107224
34 37 2000.0
34 7 2000.0
34 27 1.6881934
34 16 35.39917
34 11 2.6301584
34 29 2.221496
34 25 1.301467
34 5 1.6735215
35 21 0.0407473
35 31 24.689457
36 28 0.029682064
36 3 0.4995128
36 9 0.39737904
37 30 12.094913
37 0 1.3981997
37 8 0.852109
37 18 1.6726502
37 13 1.0153431
37 11 1.4637374
37 29 0.5615709
37 5 8.855662
37 20 2.4966152
37 2 0.83190084
37 7 171.16281
37 27 0.79350024
37 16 2000.0
37 23 1.0685266
37 25 34.55309
