0 8 5.664058
0 2 0.64223725
0 37 1.3281074
0 13 1.7507998
0 29 24.8989
1 3 0.3603739
1 12 1209.7727
2 30 50.33866
2 0 0.64223725
2 8 3.8194447
2 18 6.0084386
2 13 0.83978665
2 33 1.2104936
2 11 2.6078672
2 29 1.4417905
2 20 2.9162405
2 37 1.8665385
2 27 7.161534
2 23 35.53042
2 25 4.265678
3 36 1.4750112
3 28 0.10788498
3 24 2000.0
3 12 0.10693112
3 1 0.3603739
3 9 0.9780263
4 31 0.07469836
4 9 0.053161215
4 17 0.09679846
4 19 0.07700291
5 34 11.088557
5 30 0.721805
5 20 5.0443077
5 8 1.4217478
5 37 2000.0
5 18 1.6266468
5 7 8.629252
5 27 2.5889845
5 16 3.5892
5 11 6.884032
5 23 4.8664494
5 29 7.8532214
6 31 1.0427362
6 17 0.9909033
7 34 17.671297
7 30 1.0184368
7 20 1.570787
7 8 38.76177
7 37 8.876678
7 27 99.48266
7 16 1.4680896
7 11 18.18441
7 23 1.7453767
7 25 30.528355
7 5 8.629252
8 0 5.664058
8 30 0.81042975
8 18 1.5374978
8 13 1.9083365
8 11 2.8637986
8 29 2.1540082
8 5 1.4217478
8 34 4.3519697
8 2 3.8194447
8 37 1.8045682
8 7 38.76177
8 27 6.090588
8 16 3.2210472
8 23 1.4351094
9 36 4.437083
9 26 2000.0
9 28 8.998608
9 10 3.7384067
9 22 0.3079664
9 31 0.029541312
9 3 0.9780263
9 12 2000.0
9 17 0.14725819
9 4 0.053161215
9 19 0.07501119
10 26 0.05493875
10 28 1.10459
10 24 0.13334517
10 31 0.03727773
10 12 2.2582173
10 9 3.7384067
10 17 0.037372563
11 0 2187.3296
11 30 1.5883862
11 8 2.8637986
11 18 17.291088
11 13 0.85437405
11 33 1.875713
11 29 1.6083874
11 5 6.884032
11 34 3.6268308
11 20 4.027654
11 2 2.6078672
11 37 5.415256
11 7 18.18441
11 27 1.4022067
11 16 2.3391392
11 25 2.6956966
12 26 0.29666838
12 28 8.095139
12 32 0.096100196
12 10 2.2582173
12 24 0.16919816
12 21 0.060931504
12 3 0.10693112
13 0 1.7507998
13 30 11.859658
13 8 1.9083365
13 18 2000.0
13 33 1.8632001
13 11 0.85437405
13 29 2.7794828
13 5 2000.0
13 34 11.85023
13 20 1.1377033
13 2 0.83978665
13 14 4.375552
13 37 5.4852533
13 27 0.8838929
13 16 2000.0
13 25 1.570108
14 20 2.4606905
14 13 4.375552
14 33 0.67139965
14 27 10.68114
14 11 2000.0
14 25 2.3703616
15 32 0.06918237
15 21 12.646434
16 30 1.6958904
16 0 2000.0
16 8 3.2210472
16 18 1.424367
16 13 2000.0
16 11 2.3391392
16 29 2000.0
16 5 3.5892
16 20 10.868371
16 7 1.4680896
16 27 2.5645351
16 23 15.399503
16 25 1.9135549
17 26 1.7363884
17 6 0.9909033
17 10 0.037372563
17 24 0.3273845
17 31 1.748337
17 9 0.14725819
17 4 0.09679846
17 19 4.0871363
18 30 0.98586756
18 2 6.0084386
18 8 1.5374978
18 37 2.5875494
18 7 2000.0
18 27 2.403026
18 16 1.424367
18 23 1.4374932
18 11 17.291088
18 29 1.9081041
18 5 1.6266468
19 22 87.49999
19 31 0.067906186
19 9 0.07501119
19 17 4.0871363
19 4 0.07700291
20 0 2000.0
20 30 20.590065
20 13 1.1377033
20 33 2.0422585
20 11 4.027654
20 29 6.5966454
20 5 5.0443077
20 34 1.1942574
20 2 2.9162405
20 14 2.4606905
20 37 2.2615798
20 7 1.570787
20 27 0.4018995
20 16 10.868371
20 25 1.0119376
21 32 2000.0
21 10 2000.0
21 24 0.050270002
21 35 0.039097432
21 12 0.060931504
21 15 12.646434
22 6 1485.625
22 31 2000.0
22 9 0.3079664
22 19 87.49999
23 0 2000.0
23 30 1.1358247
23 2 35.53042
23 8 1.4351094
23 37 4.976795
23 18 1.4374932
23 7 1.7453767
23 16 15.399503
23 11 2000.0
23 29 1.6241133
23 5 4.8664494
24 26 0.09095294
24 32 0.0871822
24 10 0.13334517
24 21 0.050270002
24 31 9.458514
24 12 0.16919816
24 15 2000.0
24 17 0.3273845
25 30 21.680613
25 13 1.570108
25 33 0.4912351
25 11 2.6956966
25 29 1.7486037
25 34 5.115623
25 20 1.0119376
25 2 4.265678
25 14 2.3703616
25 37 97.83807
25 7 30.528355
25 27 2.0821695
25 16 1.9135549
26 32 14.979855
26 28 0.044043895
26 10 0.05493875
26 24 0.09095294
26 31 0.06821563
26 12 0.29666838
26 17 1.7363884
27 0 2000.0
27 30 0.36647797
27 8 6.090588
27 18 2.403026
27 13 0.8838929
27 33 3.195214
27 11 1.4022067
27 29 1.0571022
27 5 2.5889845
27 34 0.87524205
27 20 0.4018995
27 2 7.161534
27 14 10.68114
27 37 0.7733276
27 7 99.48266
27 16 2.5645351
27 25 2.0821695
28 36 0.048334915
28 26 0.044043895
28 10 1.10459
28 3 0.10788498
28 12 8.095139
28 9 8.998608
29 0 24.8989
29 30 9.866011
29 8 2.1540082
29 18 1.9081041
29 13 2.7794828
29 11 1.6083874
29 5 7.8532214
29 34 12.707642
29 20 6.5966454
29 2 1.4417905
29 37 2.103445
29 7 2000.0
29 27 1.0571022
29 23 1.6241133
29 25 1.7486037
30 0 2000.0
30 8 0.81042975
30 18 0.98586756
30 13 11.859658
30 33 3.3378937
30 11 1.5883862
30 29 9.866011
30 5 0.721805
30 34 4.9357734
30 20 20.590065
30 2 50.33866
30 14 2000.0
30 37 14.412985
30 7 1.0184368
30 27 0.36647797
30 16 1.6958904
30 23 1.1358247
30 25 21.680613
31 26 0.06821563
31 6 1.0427362
31 10 0.03727773
31 24 9.458514
31 9 0.029541312
31 17 1.748337
31 4 0.07469836
31 19 0.067906186
32 26 14.979855
32 24 0.0871822
32 12 0.096100196
32 15 0.06918237
33 30 3.3378937
33 13 1.8632001
33 11 1.875713
33 29 2000.0
33 5 2000.0
33 34 2000.0
33 20 2.0422585
33 2 1.2104936
33 14 0.67139965
33 7 2000.0
33 27 3.195214
33 16 2000.0
33 25 0.4912351
34 30 4.9357734
34 20 1.1942574
34 8 4.3519697
34 7 17.671297
34 13 11.85023
34 27 0.87524205
34 16 2000.0
34 11 3.6268308
34 25 5.115623
34 29 12.707642
34 5 11.088557
35 21 0.039097432
36 26 2000.0
36 28 0.048334915
36 3 1.4750112
36 9 4.437083
37 0 1.3281074
37 30 14.412985
37 8 1.8045682
37 18 2.5875494
37 13 5.4852533
37 11 5.415256
37 29 2.103445
37 20 2.2615798
37 2 1.8665385
37 7 8.876678
37 27 0.7733276
37 16 4440.625
37 23 4.976795
37 25 97.83807
