0 2 1.2964379
0 37 2.4674613
0 13 1.3262689
0 29 52.999435
0 25 22.142986
1 3 0.90958935
1 12 71.78864
2 30 29.966215
2 0 1.2964379
2 8 1.2145241
2 18 3.4768207
2 13 0.8464488
2 33 2.323946
2 11 2.8487456
2 29 1.4023751
2 20 2.8123107
2 37 1.2917402
2 27 0.949194
2 16 2000.0
2 23 7.13946
2 25 0.6835021
3 36 0.62984085
3 28 8.488285
3 24 342.85715
3 12 0.09441899
3 1 0.90958935
3 9 0.34695247
4 31 0.06463874
4 9 0.08227748
4 17 0.1469433
4 19 0.06794508
5 30 0.97765136
5 8 0.46792415
5 18 0.85282636
5 13 40.075523
5 11 1.4736291
5 29 2.5237603
5 34 2.1591098
5 20 2.551058
5 37 15.517159
5 7 9.565067
5 27 1.436478
5 16 2.4022293
5 23 1.5395424
5 25 2000.0
6 31 0.16246334
6 17 2.6750002
7 34 200.0
7 30 0.8370682
7 20 78.80737
7 8 8.189552
7 37 1939.11
7 16 1.3175467
7 23 1.3591007
7 25 1.441677
7 5 9.565067
8 0 2000.0
8 30 0.54824173
8 18 1.0313319
8 13 1.3633629
8 11 0.8536799
8 29 0.6300325
8 5 0.46792415
8 34 34.969048
8 2 1.2145241
8 37 1.0444269
8 7 8.189552
8 27 0.9994674
8 16 1.8750527
8 23 0.7847007
8 25 2000.0
9 36 0.861638
9 26 2000.0
9 28 0.86724293
9 10 12.777901
9 22 0.047033615
9 31 0.02832181
9 3 0.34695247
9 12 2000.0
9 4 0.08227748
9 17 0.04126605
9 19 0.0648762
10 26 0.030160813
10 28 0.26875
10 24 0.08865678
10 31 12.692723
10 12 99.106926
10 9 12.777901
10 17 0.03366936
11 0 2000.0
11 30 0.99251634
11 8 0.8536799
11 18 7.277029
11 13 1.5966753
11 33 2.3642929
11 29 0.91327316
11 5 1.4736291
11 34 1.8688904
11 20 1.453238
11 2 2.8487456
11 37 1.3632443
11 7 1619.7727
11 27 1.035928
11 16 1.5231669
11 25 0.7730961
12 26 0.45724785
12 32 5.178489
12 10 99.106926
12 24 0.07724905
12 21 0.08845348
12 3 0.09441899
12 1 71.78864
13 30 205.48013
13 0 1.3262689
13 8 1.3633629
13 18 50.447598
13 33 1.6626027
13 11 1.5966753
13 29 1.2177758
13 5 40.075523
13 34 2000.0
13 20 0.86351234
13 2 0.8464488
13 14 7.8254623
13 37 1.3344918
13 7 2000.0
13 27 0.24162568
13 16 45.68537
13 25 0.28648567
14 30 18.806328
14 20 3.5685794
14 13 7.8254623
14 27 1.9635613
14 33 0.38325647
14 11 2000.0
14 25 4.4246345
15 32 0.0804036
15 21 5.305083
16 34 187.2244
16 30 1.5831103
16 20 44.6632
16 8 1.8750527
16 18 1.0314183
16 13 45.68537
16 7 1.3175467
16 27 2.4088326
16 11 1.5231669
16 23 2.975205
16 25 0.59930015
16 5 2.4022293
17 6 2.6750002
17 26 3.1290743
17 10 0.03366936
17 24 0.11714855
17 31 1.1366464
17 9 0.04126605
17 4 0.1469433
17 19 198.79163
18 0 2000.0
18 30 0.65757644
18 8 1.0313319
18 13 50.447598
18 11 7.277029
18 29 0.9455832
18 5 0.85282636
18 2 3.4768207
18 37 2.1373553
18 7 2000.0
18 27 19.410301
18 16 1.0314183
18 23 1.4676045
19 31 0.09285563
19 9 0.0648762
19 4 0.06794508
19 17 198.79163
20 30 1.2329879
20 13 0.86351234
20 33 2.1799746
20 11 1.453238
20 29 10.488022
20 5 2.551058
20 34 0.83493835
20 2 2.8123107
20 14 3.5685794
20 37 3.1228433
20 7 78.80737
20 27 0.85328335
20 16 44.6632
20 25 0.35493696
21 32 2000.0
21 10 2000.0
21 24 0.59472483
21 35 0.030755136
21 12 0.08845348
21 15 5.305083
22 31 93.68647
22 9 0.047033615
22 19 2000.0
23 0 2000.0
23 30 2.0027945
23 8 0.7847007
23 2 7.13946
23 37 2.2677026
23 18 1.4676045
23 7 1.3591007
23 16 2.975205
23 11 2000.0
23 29 1.4019156
23 5 1.5395424
24 26 0.042524505
24 32 0.4167172
24 10 0.08865678
24 21 0.59472483
24 3 342.85715
24 12 0.07724905
24 15 2000.0
24 17 0.11714855
25 0 22.142986
25 30 10.656211
25 13 0.28648567
25 33 0.67686063
25 11 0.7730961
25 29 1.6627479
25 34 1.5688738
25 20 0.35493696
25 2 0.6835021
25 14 4.4246345
25 37 33.83232
25 7 1.441677
25 27 0.23135248
25 16 0.59930015
26 32 128.45909
26 28 0.06737288
26 10 0.030160813
26 24 0.042524505
26 31 0.1334801
26 12 0.45724785
26 17 3.1290743
27 30 1.1093352
27 0 2000.0
27 8 0.9994674
27 18 19.410301
27 13 0.24162568
27 33 1.052275
27 11 1.035928
27 29 0.80666614
27 5 1.436478
27 34 1.0912087
27 20 0.85328335
27 2 0.949194
27 14 1.9635613
27 37 1.2470083
27 7 2000.0
27 16 2.4088326
27 25 0.23135248
28 36 0.037916668
28 26 0.06737288
28 10 0.26875
28 3 8.488285
28 12 1686.1932
28 9 0.86724293
28 19 1379.716
29 0 52.999435
29 30 2.1885188
29 8 0.6300325
29 18 0.9455832
29 13 1.2177758
29 33 19.47699
29 11 0.91327316
29 5 2.5237603
29 34 3.4841502
29 20 10.488022
29 2 1.4023751
29 37 1.1155047
29 7 2000.0
29 27 0.80666614
29 16 2000.0
29 23 1.4019156
29 25 1.6627479
30 8 0.54824173
30 18 0.65757644
30 13 205.48013
30 33 6.7962556
30 11 0.99251634
30 29 2.1885188
30 5 0.97765136
30 34 0.85842896
30 20 1.2329879
30 2 29.966215
30 14 18.806328
30 37 23.937449
30 7 0.8370682
30 27 1.1093352
30 16 1.5831103
30 23 2.0027945
30 25 10.656211
31 26 0.1334801
31 6 0.16246334
31 10 12.692723
31 35 127.516495
31 22 93.68647
31 9 0.02832181
31 4 0.06463874
31 17 1.1366464
31 19 0.09285563
32 26 128.45909
32 10 2000.0
32 24 0.4167172
32 12 5.178489
32 15 0.0804036
33 30 6.7962556
33 8 2000.0
33 13 1.6626027
33 11 2.3642929
33 29 19.47699
33 5 2000.0
33 34 2000.0
33 20 2.1799746
33 2 2.323946
33 14 0.38325647
33 7 2000.0
33 27 1.052275
33 16 3017.898
33 25 0.67686063
34 30 0.85842896
34 20 0.83493835
34 8 34.969048
34 37 2000.0
34 7 200.0
34 13 2000.0
34 27 1.0912087
34 16 187.2244
34 11 1.8688904
34 29 3.4841502
34 25 1.5688738
34 5 2.1591098
35 21 0.030755136
35 31 127.516495
36 28 0.037916668
36 3 0.62984085
36 9 0.861638
37 30 23.937449
37 0 2.4674613
37 8 1.0444269
37 18 2.1373553
37 13 1.3344918
37 11 1.3632443
37 29 1.1155047
37 5 15.517159
37 20 3.1228433
37 2 1.2917402
37 7 1939.11
37 27 1.2470083
37 16 2000.0
37 23 2.2677026
37 25 33.83232
