0 8 7.1242104
0 2 1.524656
0 37 0.8733965
0 13 0.96965444
0 11 54.946274
0 29 11.55636
0 25 2000.0
1 3 0.25077105
1 12 1202.159
2 30 11.535902
2 0 1.524656
2 8 1.0700524
2 18 6.9671483
2 13 0.26511735
2 33 2.763534
2 11 0.71821713
2 29 0.89904886
2 20 1.5719509
2 37 0.81395185
2 27 0.5129392
2 23 39.767605
2 25 1.8230988
3 36 0.24252394
3 28 0.0711327
3 24 300.0
3 12 0.04875071
3 1 0.25077105
3 9 0.22285318
4 31 0.087771505
4 9 0.049936872
4 17 0.0898447
4 19 0.08256674
5 30 0.6226058
5 8 0.7065599
5 18 0.54682237
5 13 2000.0
5 11 3.4614377
5 29 2.3144665
5 34 2.2893958
5 20 2.239217
5 37 2000.0
5 7 5.293803
5 27 1.8545228
5 16 1.7301207
5 23 4.618171
6 31 0.9113111
6 17 0.54078346
7 34 8.470731
7 30 1.1308366
7 20 1.3873883
7 8 25.423523
7 37 12.165747
7 27 44.444443
7 16 1.2438154
7 11 7.275548
7 23 1.4999684
7 25 6.1894684
7 5 5.293803
8 0 7.1242104
8 30 0.71237296
8 18 0.8516842
8 13 6.0179167
8 11 1.3265785
8 29 0.4861203
8 5 0.7065599
8 34 4.6329527
8 2 1.0700524
8 37 1.0788249
8 7 25.423523
8 27 1.5135965
8 16 1.2838452
8 23 0.9425936
9 36 0.8279398
9 26 2000.0
9 28 2.6563244
9 10 5.271635
9 22 0.42601293
9 31 0.039396994
9 3 0.22285318
9 17 0.0449462
9 4 0.049936872
9 19 0.078487135
10 26 0.03546665
10 28 0.15031567
10 24 0.0462159
10 31 0.050912693
10 12 5.271164
10 9 5.271635
10 17 0.032479506
11 0 54.946274
11 30 0.43569916
11 8 1.3265785
11 18 4.772122
11 13 0.5142304
11 33 2.5045936
11 29 0.85036933
11 5 3.4614377
11 34 2.1630208
11 20 0.7551481
11 2 0.71821713
11 37 1.2526268
11 7 7.275548
11 27 0.42688152
11 16 0.904058
11 25 1.2013301
12 26 2.7841227
12 28 5.438262
12 32 0.16949841
12 10 5.271164
12 24 0.07224919
12 21 0.08400709
12 3 0.04875071
13 30 1.4551249
13 0 0.96965444
13 8 6.0179167
13 18 400.0
13 33 0.98612845
13 11 0.5142304
13 29 1.0167209
13 34 10.563044
13 20 0.6529234
13 2 0.26511735
13 14 3.9111114
13 37 2.4945335
13 27 0.1677069
13 16 45.27371
13 25 0.729559
14 20 1.0396248
14 13 3.9111114
14 33 0.43748567
14 27 3.2028618
14 11 2000.0
14 25 2.0343738
15 32 0.089431405
15 21 1.6539556
16 0 2000.0
16 30 1.1378564
16 8 1.2838452
16 18 0.63093936
16 13 45.27371
16 11 0.904058
16 29 56.066757
16 5 1.7301207
16 20 9.156096
16 37 37.57003
16 7 1.2438154
16 27 1.2871032
16 23 16.111996
16 25 1.3757886
17 26 1.8466424
17 6 0.54078346
17 10 0.032479506
17 24 0.21881379
17 31 1.3542551
17 9 0.0449462
17 4 0.0898447
17 19 3.2352545
18 30 0.772631
18 2 6.9671483
18 8 0.8516842
18 37 1.0268425
18 13 400.0
18 7 2000.0
18 27 4.847914
18 16 0.63093936
18 23 1.569849
18 11 4.772122
18 29 1.1995482
18 5 0.54682237
19 31 0.08163069
19 9 0.078487135
19 17 3.2352545
19 4 0.08256674
20 30 15.469556
20 13 0.6529234
20 33 1.0177429
20 11 0.7551481
20 29 5.1753616
20 5 2.239217
20 34 0.94744664
20 2 1.5719509
20 14 1.0396248
20 37 1.7915571
20 7 1.3873883
20 27 0.42390233
20 16 9.156096
20 25 0.7389143
21 24 0.6115646
21 35 0.03562543
21 12 0.08400709
21 15 1.6539556
22 6 1586.9319
22 31 1168.0114
22 9 0.42601293
22 19 1329.4886
23 0 2000.0
23 30 1.1681656
23 2 39.767605
23 8 0.9425936
23 37 3.189015
23 18 1.569849
23 7 1.4999684
23 16 16.111996
23 11 2000.0
23 29 7.0412064
23 5 4.618171
24 26 0.06168051
24 32 0.089356385
24 10 0.0462159
24 21 0.6115646
24 31 11.006872
24 12 0.07224919
24 3 300.0
24 15 2000.0
24 17 0.21881379
25 0 2000.0
25 30 1.8596777
25 13 0.729559
25 33 0.534989
25 11 1.2013301
25 29 4.272921
25 34 1.3687667
25 20 0.7389143
25 2 1.8230988
25 14 2.0343738
25 37 22.20741
25 7 6.1894684
25 27 1.3254651
25 16 1.3757886
26 36 77.95423
26 32 1265.966
26 28 0.03309201
26 10 0.03546665
26 24 0.06168051
26 31 0.072811104
26 12 2.7841227
26 17 1.8466424
27 0 2000.0
27 30 0.25035858
27 8 1.5135965
27 18 4.847914
27 13 0.1677069
27 33 1.1023345
27 11 0.42688152
27 29 0.60721433
27 5 1.8545228
27 34 1.0984709
27 20 0.42390233
27 2 0.5129392
27 14 3.2028618
27 37 0.982232
27 7 44.444443
27 16 1.2871032
27 25 1.3254651
28 36 0.039890304
28 26 0.03309201
28 10 0.15031567
28 3 0.0711327
28 12 5.438262
28 9 2.6563244
29 0 11.55636
29 30 2.7487195
29 8 0.4861203
29 18 1.1995482
29 13 1.0167209
29 11 0.85036933
29 5 2.3144665
29 34 5.9493866
29 20 5.1753616
29 2 0.89904886
29 37 0.91628784
29 7 2000.0
29 27 0.60721433
29 16 56.066757
29 23 7.0412064
29 25 4.272921
30 0 2000.0
30 8 0.71237296
30 18 0.772631
30 13 1.4551249
30 33 2.3792655
30 11 0.43569916
30 29 2.7487195
30 5 0.6226058
30 34 2.2072601
30 20 15.469556
30 2 11.535902
30 37 7.833595
30 7 1.1308366
30 27 0.25035858
30 16 1.1378564
30 23 1.1681656
30 25 1.8596777
31 26 0.072811104
31 6 0.9113111
31 10 0.050912693
31 24 11.006872
31 9 0.039396994
31 17 1.3542551
31 4 0.087771505
31 19 0.08163069
32 24 0.089356385
32 12 0.16949841
32 15 0.089431405
33 30 2.3792655
33 13 0.98612845
33 11 2.5045936
33 29 2000.0
33 5 2000.0
33 34 2000.0
33 20 1.0177429
33 2 2.763534
33 14 0.43748567
33 7 2000.0
33 27 1.1023345
33 16 2000.0
33 25 0.534989
34 30 2.2072601
34 20 0.94744664
34 8 4.6329527
34 13 10.563044
34 7 8.470731
34 27 1.0984709
34 16 1215.0568
34 11 2.1630208
34 25 1.3687667
34 29 5.9493866
34 5 2.2893958
35 21 0.03562543
36 26 77.95423
36 28 0.039890304
36 3 0.24252394
36 9 0.8279398
37 30 7.833595
37 0 0.8733965
37 8 1.0788249
37 18 1.0268425
37 13 2.4945335
37 11 1.2526268
37 29 0.91628784
37 20 1.7915571
37 2 0.81395185
37 7 12.165747
37 27 0.982232
37 16 37.57003
37 23 3.189015
37 25 22.20741
