0 8 5.5398
0 2 1.5461249
0 37 0.71467686
0 13 0.81776714
0 11 42.851425
0 29 12.388951
1 3 0.21253668
1 12 74.616776
2 30 19.146027
2 0 1.5461249
2 8 1.4579196
2 18 14.125729
2 13 0.47057566
2 33 2.6277273
2 11 1.0786177
2 29 0.9148048
2 20 2.4573998
2 37 0.5475724
2 27 1.1153823
2 16 2000.0
2 23 67.468185
2 25 1.8979006
3 36 0.29222628
3 28 0.24813555
3 24 171.42857
3 12 0.049450748
3 1 0.21253668
3 9 1.3834678
4 31 0.07828651
4 9 0.086678535
4 17 0.07911407
4 19 0.08238481
5 30 0.6795619
5 8 0.7502506
5 18 0.3439732
5 13 225.76859
5 11 2.7037938
5 29 2.5878098
5 34 1.5698401
5 20 1.8734001
5 37 2000.0
5 7 10.171114
5 27 2.2468894
5 16 1.4616358
5 23 5.4915276
6 31 0.6749904
6 17 0.6066477
7 34 15.933075
7 30 4.0947266
7 20 2.1355145
7 8 107.31671
7 37 23.626474
7 27 114.78836
7 16 2.5933452
7 11 30.0061
7 23 1.2705249
7 25 5.131827
7 5 10.171114
8 0 5.5398
8 30 0.8978927
8 18 1.4337265
8 13 3.317063
8 11 3.07115
8 29 1.1015835
8 5 0.7502506
8 34 7.2635274
8 2 1.4579196
8 37 0.8854879
8 7 107.31671
8 27 2.488261
8 16 1.5343009
8 23 1.2327617
9 36 1.876996
9 26 2000.0
9 28 3.6771746
9 10 4.978241
9 22 0.18489951
9 31 0.030454785
9 3 1.3834678
9 12 2000.0
9 17 0.070801236
9 4 0.086678535
9 19 0.0658253
10 26 0.029239783
10 28 0.566934
10 24 0.12575026
10 31 0.03983899
10 12 14.600342
10 9 4.978241
10 17 0.03075603
11 0 42.851425
11 30 0.56337893
11 8 3.07115
11 18 6.2259674
11 13 0.42476404
11 33 1.9723467
11 29 1.09446
11 5 2.7037938
11 34 4.7776875
11 20 1.0943825
11 2 1.0786177
11 37 1.3316326
11 7 30.0061
11 27 0.5209004
11 16 0.8263726
11 25 1.2599413
12 26 1.4729167
12 28 2.3989348
12 32 0.32905975
12 10 14.600342
12 24 0.061491683
12 21 0.09857165
12 3 0.049450748
12 1 74.616776
13 30 0.44311202
13 0 0.81776714
13 8 3.317063
13 18 87.47695
13 33 1.162161
13 11 0.42476404
13 29 0.86396706
13 5 225.76859
13 34 8.7392645
13 20 0.89562404
13 2 0.47057566
13 14 1.9020798
13 37 1.401375
13 27 0.26687074
13 16 66.12518
13 25 0.66857004
14 20 1.3171648
14 13 1.9020798
14 27 1.9181377
14 33 0.51417303
14 11 2000.0
14 25 1.9053165
15 32 0.06790253
15 21 2.3030033
16 30 1.1222223
16 0 2000.0
16 8 1.5343009
16 18 0.7544691
16 13 66.12518
16 11 0.8263726
16 29 19.297539
16 5 1.4616358
16 20 10.488421
16 37 7.6666822
16 7 2.5933452
16 27 1.7637209
16 23 12.866444
16 25 1.7292798
17 26 2.0481849
17 6 0.6066477
17 10 0.03075603
17 24 0.30903682
17 31 1.0920599
17 9 0.070801236
17 4 0.07911407
17 19 3.0378702
18 30 0.710663
18 2 14.125729
18 8 1.4337265
18 37 1.3782429
18 7 2000.0
18 13 87.47695
18 27 3.5931942
18 16 0.7544691
18 23 1.3575339
18 11 6.2259674
18 29 1.2122095
18 5 0.3439732
19 31 0.08199125
19 9 0.0658253
19 17 3.0378702
19 4 0.08238481
20 30 18.1462
20 13 0.89562404
20 33 1.9570165
20 11 1.0943825
20 29 12.9679
20 5 1.8734001
20 34 1.3620452
20 2 2.4573998
20 14 1.3171648
20 37 5.892309
20 7 2.1355145
20 27 0.44899127
20 16 10.488421
20 25 1.2897958
21 32 2000.0
21 24 0.6675103
21 35 0.042552754
21 12 0.09857165
21 15 2.3030033
22 6 1601.3068
22 31 1196.875
22 9 0.18489951
22 19 1462.216
23 0 2000.0
23 30 1.6515766
23 2 67.468185
23 8 1.2327617
23 37 2.3021643
23 18 1.3575339
23 7 1.2705249
23 16 12.866444
23 11 2000.0
23 29 5.5710344
23 5 5.4915276
24 26 0.061519247
24 32 0.08745311
24 10 0.12575026
24 21 0.6675103
24 31 1.3909932
24 12 0.061491683
24 3 171.42857
24 15 2000.0
24 17 0.30903682
25 30 2.5454152
25 13 0.66857004
25 33 0.4784864
25 11 1.2599413
25 29 6.0115175
25 34 0.75420725
25 20 1.2897958
25 2 1.8979006
25 14 1.9053165
25 37 39.988636
25 7 5.131827
25 27 0.7762423
25 16 1.7292798
26 32 46.118763
26 28 0.14516132
26 10 0.029239783
26 24 0.061519247
26 31 0.0805829
26 12 1.4729167
26 17 2.0481849
27 0 2000.0
27 30 0.21473394
27 8 2.488261
27 18 3.5931942
27 13 0.26687074
27 33 1.3005561
27 11 0.5209004
27 29 0.6061548
27 5 2.2468894
27 34 1.0519778
27 20 0.44899127
27 2 1.1153823
27 14 1.9181377
27 37 0.59072685
27 7 114.78836
27 16 1.7637209
27 23 2000.0
27 25 0.7762423
28 36 0.042867415
28 26 0.14516132
28 10 0.566934
28 3 0.24813555
28 12 2.3989348
28 9 3.6771746
29 0 12.388951
29 30 3.1687396
29 8 1.1015835
29 18 1.2122095
29 13 0.86396706
29 11 1.09446
29 5 2.5878098
29 34 22.492414
29 20 12.9679
29 2 0.9148048
29 37 1.1920537
29 7 2000.0
29 27 0.6061548
29 16 19.297539
29 23 5.5710344
29 25 6.0115175
30 0 2000.0
30 8 0.8978927
30 18 0.710663
30 13 0.44311202
30 33 2.9499028
30 11 0.56337893
30 29 3.1687396
30 5 0.6795619
30 34 0.9317223
30 20 18.1462
30 2 19.146027
30 37 11.273996
30 7 4.0947266
30 27 0.21473394
30 16 1.1222223
30 23 1.6515766
30 25 2.5454152
31 26 0.0805829
31 6 0.6749904
31 10 0.03983899
31 24 1.3909932
31 9 0.030454785
31 17 1.0920599
31 4 0.07828651
31 19 0.08199125
32 26 46.118763
32 24 0.08745311
32 12 0.32905975
32 15 0.06790253
33 34 2000.0
33 30 2.9499028
33 20 1.9570165
33 2 2.6277273
33 14 0.51417303
33 7 2000.0
33 13 1.162161
33 27 1.3005561
33 16 2226.3638
33 11 1.9723467
33 29 3775.9092
33 25 0.4784864
34 30 0.9317223
34 20 1.3620452
34 8 7.2635274
34 13 8.7392645
34 7 15.933075
34 27 1.0519778
34 16 1215.0568
34 11 4.7776875
34 25 0.75420725
34 29 22.492414
34 5 1.5698401
35 21 0.042552754
36 26 2000.0
36 28 0.042867415
36 3 0.29222628
36 9 1.876996
37 30 11.273996
37 0 0.71467686
37 8 0.8854879
37 18 1.3782429
37 13 1.401375
37 11 1.3316326
37 29 1.1920537
37 20 5.892309
37 2 0.5475724
37 7 23.626474
37 27 0.59072685
37 16 7.6666822
37 23 2.3021643
37 25 39.988636
