0 2 0.942725
0 37 1.1609783
0 13 0.81741244
0 25 35.287342
0 29 13.904157
1 3 0.60266465
1 12 13.237388
2 30 16.127043
2 0 0.942725
2 8 1.4795653
2 18 1.727192
2 13 0.6262974
2 33 2.1721063
2 11 1.4801944
2 29 1.1228244
2 20 4.022987
2 37 0.96986276
2 27 1.0910739
2 16 2000.0
2 23 10.506188
2 25 0.5946164
3 36 0.8356265
3 28 7.021422
3 24 2000.0
3 12 0.050494872
3 1 0.60266465
3 9 0.60343194
4 31 0.067776196
4 9 0.08282624
4 17 0.10631684
4 19 0.074013695
5 30 0.5791056
5 8 0.58014256
5 18 0.7471592
5 13 25.065023
5 11 1.1745384
5 29 2.4941626
5 34 2.5617635
5 20 2.6887724
5 37 18.401861
5 7 14.703066
5 27 1.0962888
5 16 1.3727074
5 23 1.8620337
5 25 2000.0
6 31 0.21385749
6 17 2.3040464
7 34 300.0
7 30 0.78239477
7 20 70.17273
7 8 4.7144394
7 16 1.492871
7 23 1.5841384
7 11 97.647736
7 25 4.7796335
7 5 14.703066
8 0 2000.0
8 30 0.4579726
8 18 1.3088723
8 13 1.0260117
8 11 1.0491006
8 29 0.606878
8 5 0.58014256
8 34 45.839085
8 2 1.4795653
8 37 1.2960851
8 7 4.7144394
8 27 1.27028
8 16 1.5036336
8 23 0.83585864
8 25 2000.0
9 36 0.4405372
9 28 0.7039773
9 10 27.939627
9 22 0.05349494
9 31 0.029949794
9 12 2000.0
9 3 0.60343194
9 4 0.08282624
9 17 0.050010204
9 19 0.080697834
10 26 0.030079683
10 28 0.2294974
10 24 0.091522746
10 31 19.133522
10 12 1826.8182
10 9 27.939627
10 17 0.03194445
11 0 2000.0
11 30 0.7904705
11 8 1.0491006
11 18 6.427964
11 13 0.95969325
11 33 1.5465707
11 29 0.7142527
11 5 1.1745384
11 34 2.451166
11 20 1.165341
11 2 1.4801944
11 37 1.5050914
11 7 97.647736
11 27 0.6867533
11 16 1.0393878
11 25 0.7100441
12 26 1.2774404
12 28 69.41679
12 32 4.5075397
12 24 0.06976616
12 21 0.19405992
12 3 0.050494872
12 1 13.237388
13 30 37.831604
13 0 0.81741244
13 8 1.0260117
13 18 88.69848
13 33 1.0230898
13 11 0.95969325
13 29 0.80311483
13 5 25.065023
13 34 515.0394
13 20 1.2147826
13 2 0.6262974
13 14 10.058787
13 37 0.99814045
13 7 2000.0
13 27 0.3450462
13 16 73.62906
13 25 0.28398985
14 30 5.0276694
14 20 5.2118063
14 13 10.058787
14 27 4.126713
14 33 0.6481799
14 11 2000.0
14 25 0.9756854
15 32 0.06704803
15 21 7.360059
16 0 2000.0
16 30 1.089454
16 8 1.5036336
16 18 1.3089347
16 13 73.62906
16 11 1.0393878
16 5 1.3727074
16 34 81.24545
16 20 21.179623
16 7 1.492871
16 27 1.4414169
16 23 2.2043679
16 25 1.2920374
17 6 2.3040464
17 26 1.4660134
17 10 0.03194445
17 24 0.115909085
17 31 0.97394955
17 9 0.050010204
17 4 0.10631684
17 19 155.82759
18 0 2000.0
18 30 0.7542625
18 8 1.3088723
18 13 88.69848
18 11 6.427964
18 29 0.8600536
18 5 0.7471592
18 2 1.727192
18 37 2.0260315
18 7 2000.0
18 27 21.77939
18 16 1.3089347
18 23 1.3509392
19 31 0.07968551
19 9 0.080697834
19 17 155.82759
19 4 0.074013695
20 0 2000.0
20 30 1.2789329
20 13 1.2147826
20 33 1.7797801
20 11 1.165341
20 29 15.3032675
20 5 2.6887724
20 34 1.5782828
20 2 4.022987
20 14 5.2118063
20 37 1.8655912
20 7 70.17273
20 27 1.267593
20 16 21.179623
20 25 0.5731388
21 32 2000.0
21 24 1.3763505
21 35 0.038332805
21 31 2000.0
21 12 0.19405992
21 15 7.360059
22 31 132.48701
22 9 0.05349494
22 19 2000.0
23 0 2000.0
23 30 2.0254633
23 8 0.83585864
23 2 10.506188
23 37 1.9023615
23 18 1.3509392
23 7 1.5841384
23 16 2.2043679
23 11 2000.0
23 29 1.4973406
23 5 1.8620337
24 26 0.05671225
24 32 0.24915257
24 10 0.091522746
24 21 1.3763505
24 12 0.06976616
24 15 2000.0
24 17 0.115909085
25 0 35.287342
25 30 26.178589
25 13 0.28398985
25 33 0.72735167
25 11 0.7100441
25 29 1.7171519
25 34 2.175225
25 20 0.5731388
25 2 0.5946164
25 14 0.9756854
25 37 57.142857
25 7 4.7796335
25 27 0.2686941
25 16 1.2920374
26 32 45.638638
26 28 0.14161137
26 10 0.030079683
26 24 0.05671225
26 31 0.15459862
26 12 1.2774404
26 17 1.4660134
27 30 0.31403148
27 0 2000.0
27 8 1.27028
27 18 21.77939
27 13 0.3450462
27 33 0.95964617
27 11 0.6867533
27 29 0.8258688
27 5 1.0962888
27 34 1.3006392
27 20 1.267593
27 2 1.0910739
27 14 4.126713
27 37 1.0815976
27 7 3979.1477
27 16 1.4414169
27 25 0.2686941
28 36 0.04620902
28 26 0.14161137
28 10 0.2294974
28 12 69.41679
28 3 7.021422
28 9 0.7039773
28 19 1375.625
29 0 13.904157
29 30 2.7101388
29 8 0.606878
29 18 0.8600536
29 13 0.80311483
29 33 19.324041
29 11 0.7142527
29 5 2.4941626
29 34 5.068378
29 20 15.3032675
29 2 1.1228244
29 37 0.7686643
29 7 2000.0
29 27 0.8258688
29 16 2000.0
29 23 1.4973406
29 25 1.7171519
30 8 0.4579726
30 18 0.7542625
30 13 37.831604
30 33 14.711404
30 11 0.7904705
30 29 2.7101388
30 5 0.5791056
30 34 1.6116813
30 20 1.2789329
30 2 16.127043
30 14 5.0276694
30 37 32.61728
30 7 0.78239477
30 27 0.31403148
30 16 1.089454
30 23 2.0254633
30 25 26.178589
31 26 0.15459862
31 6 0.21385749
31 10 19.133522
31 35 80.0
31 21 2000.0
31 22 132.48701
31 9 0.029949794
31 4 0.067776196
31 17 0.97394955
31 19 0.07968551
32 26 45.638638
32 24 0.24915257
32 12 4.5075397
32 15 0.06704803
33 30 14.711404
33 8 2000.0
33 13 1.0230898
33 11 1.5465707
33 29 19.324041
33 5 2000.0
33 34 2000.0
33 20 1.7797801
33 2 2.1721063
33 14 0.6481799
33 7 2000.0
33 27 0.95964617
33 16 3017.898
33 25 0.72735167
34 30 1.6116813
34 20 1.5782828
34 8 45.839085
34 37 2000.0
34 13 515.0394
34 7 300.0
34 27 1.3006392
34 16 81.24545
34 11 2.451166
34 29 5.068378
34 25 2.175225
34 5 2.5617635
35 21 0.038332805
35 31 80.0
36 28 0.04620902
36 3 0.8356265
36 9 0.4405372
37 30 32.61728
37 0 1.1609783
37 8 1.2960851
37 18 2.0260315
37 13 0.99814045
37 11 1.5050914
37 29 0.7686643
37 5 18.401861
37 20 1.8655912
37 2 0.96986276
37 7 5624.091
37 27 1.0815976
37 16 2000.0
37 23 1.9023615
37 25 57.142857
