0 2 0.84656036
0 37 1.5439918
0 13 0.9864501
0 29 17.475294
0 25 19.010033
1 3 1.160832
1 12 14.252749
2 30 14.76776
2 0 0.84656036
2 8 1.2724975
2 18 2.7358143
2 13 0.6444329
2 33 3.1762006
2 11 1.3829757
2 29 1.1563765
2 20 2.9650836
2 37 0.83650327
2 27 1.2033174
2 16 2000.0
2 23 8.80458
2 25 0.37996557
3 36 0.48270753
3 28 16.704544
3 24 2000.0
3 12 0.051536884
3 1 1.160832
3 9 0.70666635
4 31 0.07821221
4 9 0.080837175
4 17 0.23278248
4 19 0.06504853
5 30 0.68789774
5 8 0.6724707
5 18 1.1705421
5 13 24.373928
5 11 1.6495119
5 29 5.344129
5 34 5.938667
5 20 1.8331058
5 37 8.051262
5 7 7.644054
5 27 1.307469
5 16 3.9210463
5 23 4.422412
6 31 0.13328987
6 17 2.2879784
7 30 0.7652264
7 20 22.305555
7 8 11.190527
7 37 67.58244
7 16 1.1292207
7 23 1.443156
7 25 4.5924473
7 29 2000.0
7 5 7.644054
8 0 2000.0
8 30 0.5528623
8 18 1.2773844
8 13 1.5414547
8 11 0.8614683
8 29 0.52004313
8 5 0.6724707
8 34 62.331684
8 2 1.2724975
8 37 1.194719
8 7 11.190527
8 27 1.2519888
8 16 1.5153722
8 23 0.6949602
8 25 2000.0
9 36 0.43794197
9 28 1.7345587
9 10 36.011143
9 22 0.13824968
9 31 0.029394625
9 3 0.70666635
9 12 2000.0
9 4 0.080837175
9 17 0.08855997
9 19 0.052076433
10 26 0.029537516
10 28 0.34400472
10 24 0.09585531
10 31 16.903803
10 12 105.34241
10 9 36.011143
10 17 0.046795264
11 0 2000.0
11 30 0.6876078
11 8 0.8614683
11 18 3.9846256
11 13 0.7547458
11 33 2.1133206
11 29 1.205276
11 5 1.6495119
11 34 2.904662
11 20 0.7699071
11 2 1.3829757
11 37 1.405828
11 7 1345.5682
11 27 0.71433496
11 16 1.215799
11 25 0.84284574
12 26 0.60167456
12 32 12.224109
12 28 70.04148
12 10 105.34241
12 24 0.071397595
12 21 0.13379073
12 3 0.051536884
12 1 14.252749
13 30 32.55755
13 0 0.9864501
13 8 1.5414547
13 33 0.8586814
13 11 0.7547458
13 29 1.0815508
13 5 24.373928
13 34 314.23096
13 20 1.3930395
13 2 0.6444329
13 14 5.0044274
13 37 1.2932057
13 7 2000.0
13 27 0.68136156
13 16 33.857243
13 25 0.24628405
14 30 11.436561
14 20 7.5268188
14 13 5.0044274
14 27 1.8631047
14 33 0.9740154
14 11 2000.0
14 25 2.3930588
15 32 0.0662966
15 21 1.1857058
16 0 2000.0
16 30 1.1051857
16 8 1.5153722
16 18 1.3542264
16 13 33.857243
16 11 1.215799
16 5 3.9210463
16 34 73.50123
16 20 26.959728
16 7 1.1292207
16 27 1.2580025
16 23 2.3835628
16 25 1.1061456
17 6 2.2879784
17 26 1.6462189
17 10 0.046795264
17 24 0.09761426
17 31 1.0023768
17 9 0.08855997
17 4 0.23278248
17 19 43.749413
18 0 2000.0
18 30 0.70926905
18 8 1.2773844
18 13 1661.1931
18 11 3.9846256
18 29 1.4827642
18 5 1.1705421
18 2 2.7358143
18 37 2.5254314
18 7 2000.0
18 27 34.308655
18 16 1.3542264
18 23 0.89553463
19 31 0.08631295
19 9 0.052076433
19 4 0.06504853
19 17 43.749413
20 30 1.1251105
20 13 1.3930395
20 33 1.1294602
20 11 0.7699071
20 29 4.6537495
20 5 1.8331058
20 34 0.82992077
20 2 2.9650836
20 14 7.5268188
20 37 2.0293043
20 7 22.305555
20 27 0.6994376
20 16 26.959728
20 25 0.42108208
21 24 0.42606074
21 35 0.031637575
21 12 0.13379073
21 15 1.1857058
22 31 77.90839
22 9 0.13824968
22 19 2000.0
23 0 2000.0
23 30 2.5584226
23 8 0.6949602
23 2 8.80458
23 37 1.1364592
23 18 0.89553463
23 7 1.443156
23 16 2.3835628
23 11 2000.0
23 29 1.3264078
23 5 4.422412
24 26 0.039881725
24 32 0.2429787
24 10 0.09585531
24 21 0.42606074
24 12 0.071397595
24 15 2000.0
24 17 0.09761426
25 30 15.976417
25 0 19.010033
25 13 0.24628405
25 33 0.6394891
25 11 0.84284574
25 29 1.1283265
25 34 1.4385287
25 20 0.42108208
25 2 0.37996557
25 14 2.3930588
25 37 27.517754
25 7 4.5924473
25 27 0.26163
25 16 1.1061456
26 32 23.094318
26 28 0.14681819
26 10 0.029537516
26 24 0.039881725
26 31 0.18241243
26 12 0.60167456
26 17 1.6462189
27 30 0.20722857
27 0 2000.0
27 8 1.2519888
27 18 34.308655
27 13 0.68136156
27 33 1.0182263
27 11 0.71433496
27 29 1.0379684
27 5 1.307469
27 34 1.1371462
27 20 0.6994376
27 2 1.2033174
27 14 1.8631047
27 37 1.3408113
27 7 2400.3977
27 16 1.2580025
27 25 0.26163
28 36 0.0318582
28 26 0.14681819
28 10 0.34400472
28 3 16.704544
28 12 70.04148
28 9 1.7345587
28 19 1341.875
29 0 17.475294
29 30 0.7083916
29 8 0.52004313
29 18 1.4827642
29 13 1.0815508
29 33 7.433817
29 11 1.205276
29 5 5.344129
29 34 2.9037852
29 20 4.6537495
29 2 1.1563765
29 37 1.0784833
29 7 2000.0
29 27 1.0379684
29 16 2000.0
29 23 1.3264078
29 25 1.1283265
30 8 0.5528623
30 18 0.70926905
30 13 32.55755
30 33 11.203274
30 11 0.6876078
30 29 0.7083916
30 5 0.68789774
30 34 0.90399796
30 20 1.1251105
30 2 14.76776
30 14 11.436561
30 37 12.675852
30 7 0.7652264
30 27 0.20722857
30 16 1.1051857
30 23 2.5584226
30 25 15.976417
31 26 0.18241243
31 6 0.13328987
31 10 16.903803
31 35 78.57955
31 22 77.90839
31 21 2000.0
31 9 0.029394625
31 4 0.07821221
31 17 1.0023768
31 19 0.08631295
32 26 23.094318
32 10 2000.0
32 24 0.2429787
32 12 12.224109
32 15 0.0662966
33 34 2000.0
33 30 11.203274
33 20 1.1294602
33 2 3.1762006
33 14 0.9740154
33 7 2000.0
33 13 0.8586814
33 27 1.0182263
33 16 3017.898
33 11 2.1133206
33 29 7.433817
33 25 0.6394891
34 30 0.90399796
34 20 0.82992077
34 8 62.331684
34 37 2000.0
34 7 2000.0
34 13 314.23096
34 27 1.1371462
34 16 73.50123
34 11 2.904662
34 29 2.9037852
34 25 1.4385287
34 5 5.938667
35 21 0.031637575
35 31 78.57955
36 28 0.0318582
36 3 0.48270753
36 9 0.43794197
37 30 12.675852
37 0 1.5439918
37 8 1.194719
37 18 2.5254314
37 13 1.2932057
37 11 1.405828
37 29 1.0784833
37 5 8.051262
37 20 2.0293043
37 2 0.83650327
37 7 67.58244
37 27 1.3408113
37 16 2000.0
37 23 1.1364592
37 25 27.517754
