0 2 0.8721521
0 37 2.0512428
0 13 0.7085016
0 16 2000.0
0 29 17.882301
0 25 16.032818
1 3 3.146206
1 12 31.319809
2 30 20.907354
2 0 0.8721521
2 8 1.3862249
2 18 1.8891544
2 13 0.6729673
2 33 2.5028841
2 11 1.3762678
2 29 0.8437088
2 5 2000.0
2 20 3.5262911
2 37 0.8626218
2 27 1.913218
2 16 2000.0
2 23 9.770349
2 25 0.74510247
3 36 0.19640763
3 28 56.434776
3 24 2000.0
3 12 0.05054543
3 1 3.146206
3 9 0.41833588
4 31 0.0690522
4 9 0.09021051
4 17 0.09448523
4 19 0.11653759
5 30 0.7220386
5 8 0.7309226
5 18 0.8130829
5 13 20.370079
5 11 2.1145105
5 29 3.5614822
5 34 1.849244
5 20 2.001872
5 37 24.865751
5 7 10.873106
5 27 1.7287489
5 16 1.5055475
5 23 3.5635238
5 25 2000.0
6 31 0.25233153
6 17 4.9467893
7 34 2000.0
7 30 0.98948854
7 20 26.148394
7 8 11.239814
7 27 435.3617
7 16 0.9623268
7 11 77.736534
7 23 1.4473898
7 29 1066.6667
7 25 2.444027
7 5 10.873106
8 0 2000.0
8 30 0.66148126
8 18 1.1365855
8 13 2.7695575
8 11 0.91531426
8 29 0.72404
8 5 0.7309226
8 34 231.57957
8 2 1.3862249
8 37 1.1378357
8 7 11.239814
8 27 1.5463383
8 16 1.7454975
8 23 0.96866506
8 25 2000.0
9 36 0.31604457
9 26 2000.0
9 28 0.8625505
9 10 2.4838066
9 22 0.050522115
9 31 0.033598486
9 3 0.41833588
9 12 2000.0
9 4 0.09021051
9 17 0.040350225
9 19 0.08076704
10 26 0.029421667
10 28 0.41047496
10 24 0.08884443
10 31 0.9496505
10 12 1156.7046
10 9 2.4838066
10 17 0.035371576
11 0 2000.0
11 30 0.7319933
11 8 0.91531426
11 18 23.45244
11 13 0.9423702
11 33 1.8404931
11 29 0.91127276
11 5 2.1145105
11 34 3.0311382
11 20 1.6002786
11 2 1.3762678
11 37 1.538006
11 7 77.736534
11 27 0.9831741
11 16 0.99282545
11 25 0.8607226
12 26 0.43147486
12 32 1.9361569
12 24 0.07788749
12 21 0.15803383
12 3 0.05054543
12 1 31.319809
13 30 57.03223
13 0 0.7085016
13 8 2.7695575
13 18 114.31404
13 33 1.1545194
13 11 0.9423702
13 29 1.2497482
13 5 20.370079
13 34 76.86614
13 20 1.0582067
13 2 0.6729673
13 14 6.863079
13 37 0.88785124
13 7 2000.0
13 27 0.44854262
13 16 3488.9204
13 25 0.3120654
14 30 7.486126
14 20 2.2919939
14 13 6.863079
14 27 3.6290004
14 33 0.39715862
14 25 2.231752
15 32 0.070678696
15 24 266.6667
15 21 7.720365
16 30 1.0499256
16 20 5.5378113
16 8 1.7454975
16 18 0.95429724
16 7 0.9623268
16 27 2.0643718
16 11 0.99282545
16 23 6.258056
16 25 0.9249748
16 29 192.3077
16 5 1.5055475
17 6 4.9467893
17 26 1.5641822
17 10 0.035371576
17 24 0.12906
17 31 0.9842009
17 9 0.040350225
17 4 0.09448523
17 19 3.3796003
18 0 2000.0
18 30 0.76525974
18 8 1.1365855
18 13 114.31404
18 11 23.45244
18 29 1.3922906
18 5 0.8130829
18 2 1.8891544
18 37 2.1058695
18 7 2000.0
18 27 45.782642
18 16 0.95429724
18 23 1.4715255
19 31 0.07253467
19 9 0.08076704
19 17 3.3796003
19 4 0.11653759
20 0 2000.0
20 30 2.227305
20 13 1.0582067
20 33 1.5235236
20 11 1.6002786
20 29 49.14588
20 5 2.001872
20 34 0.97748965
20 2 3.5262911
20 14 2.2919939
20 37 3.2040858
20 7 26.148394
20 27 1.783362
20 16 5.5378113
20 25 0.81355804
21 26 2000.0
21 32 2000.0
21 24 0.4960028
21 35 0.03322917
21 31 2000.0
21 12 0.15803383
21 15 7.720365
22 6 2000.0
22 31 15.593057
22 9 0.050522115
22 19 2000.0
23 0 2000.0
23 30 1.4446697
23 8 0.96866506
23 2 9.770349
23 37 2.3213725
23 18 1.4715255
23 7 1.4473898
23 16 6.258056
23 11 2000.0
23 29 1.4711239
23 5 3.5635238
24 26 0.04512657
24 32 0.18830673
24 10 0.08884443
24 21 0.4960028
24 12 0.07788749
24 15 266.6667
24 17 0.12906
25 30 13.7404175
25 0 16.032818
25 13 0.3120654
25 33 0.99099386
25 11 0.8607226
25 29 1.3695657
25 34 1.1983562
25 20 0.81355804
25 2 0.74510247
25 14 2.231752
25 37 164.18639
25 7 2.444027
25 27 0.2473106
25 16 0.9249748
26 32 14.891162
26 28 0.036325864
26 10 0.029421667
26 24 0.04512657
26 31 0.20389238
26 12 0.43147486
26 17 1.5641822
27 30 0.2394331
27 0 2000.0
27 8 1.5463383
27 18 45.782642
27 13 0.44854262
27 33 0.7579925
27 11 0.9831741
27 29 0.58925617
27 5 1.7287489
27 34 1.4791893
27 20 1.783362
27 2 1.913218
27 14 3.6290004
27 37 1.1542366
27 7 435.3617
27 16 2.0643718
27 25 0.2473106
28 36 0.029706264
28 26 0.036325864
28 10 0.41047496
28 3 56.434776
28 12 1594.9431
28 9 0.8625505
28 19 1239.7727
29 0 17.882301
29 30 3.144628
29 8 0.72404
29 18 1.3922906
29 13 1.2497482
29 33 12.808442
29 11 0.91127276
29 5 3.5614822
29 34 2.221022
29 20 49.14588
29 2 0.8437088
29 37 0.7991427
29 7 1066.6667
29 27 0.58925617
29 16 192.3077
29 23 1.4711239
29 25 1.3695657
30 8 0.66148126
30 18 0.76525974
30 13 57.03223
30 33 3.1803384
30 11 0.7319933
30 29 3.144628
30 5 0.7220386
30 34 1.0219423
30 20 2.227305
30 2 20.907354
30 14 7.486126
30 37 19.17437
30 7 0.98948854
30 27 0.2394331
30 16 1.0499256
30 23 1.4446697
30 25 13.7404175
31 26 0.20389238
31 6 0.25233153
31 10 0.9496505
31 22 15.593057
31 9 0.033598486
31 4 0.0690522
31 17 0.9842009
31 19 0.07253467
32 26 14.891162
32 24 0.18830673
32 12 1.9361569
32 15 0.070678696
33 30 3.1803384
33 8 2000.0
33 13 1.1545194
33 11 1.8404931
33 29 12.808442
33 34 2000.0
33 20 1.5235236
33 2 2.5028841
33 14 0.39715862
33 7 2000.0
33 27 0.7579925
33 16 1971.0227
33 25 0.99099386
34 30 1.0219423
34 20 0.97748965
34 8 231.57957
34 37 2000.0
34 13 76.86614
34 7 2000.0
34 27 1.4791893
34 16 2000.0
34 11 3.0311382
34 29 2.221022
34 25 1.1983562
34 5 1.849244
35 21 0.03322917
35 31 1125.6819
36 28 0.029706264
36 3 0.19640763
36 9 0.31604457
37 30 19.17437
37 0 2.0512428
37 8 1.1378357
37 18 2.1058695
37 13 0.88785124
37 11 1.538006
37 29 0.7991427
37 5 24.865751
37 20 3.2040858
37 2 0.8626218
37 7 352.4786
37 27 1.1542366
37 16 2000.0
37 23 2.3213725
37 25 164.18639
