0 8 5.771808
0 2 1.5347296
0 37 0.75396407
0 13 0.7877247
0 11 30.822151
0 29 13.543308
1 3 0.21414956
1 12 1202.159
2 30 11.645604
2 0 1.5347296
2 8 1.0394303
2 18 7.3642564
2 13 0.5055171
2 33 1.5403714
2 11 0.98986036
2 29 0.77321213
2 20 1.6622382
2 37 0.68527585
2 27 0.5808421
2 16 2000.0
2 23 41.725285
2 25 3.4945037
3 36 0.27386364
3 28 0.082759246
3 24 2000.0
3 12 0.051122624
3 1 0.21414956
3 9 0.5911051
4 31 0.08062771
4 9 0.10379813
4 17 0.07845124
4 19 0.08291641
5 30 1.0188849
5 8 1.037342
5 18 0.6129087
5 13 282.43185
5 11 2.873441
5 29 3.327235
5 34 1.0446832
5 20 3.4948313
5 37 2000.0
5 7 40.649246
5 27 7.1161146
5 16 1.6069471
5 23 4.6741867
6 22 80.0
6 31 0.29576054
6 17 1.0596141
7 34 12.228335
7 30 1.0701698
7 20 2.7809343
7 8 63.344902
7 37 16.834732
7 16 1.6874521
7 11 10.442236
7 23 1.5296828
7 25 6.9163694
7 5 40.649246
8 0 5.771808
8 30 0.93105
8 18 1.0024248
8 13 3.495892
8 11 2.7278218
8 29 0.9426505
8 5 1.037342
8 34 3.595537
8 2 1.0394303
8 37 1.0769591
8 7 63.344902
8 27 1.1736765
8 16 1.5470992
8 23 1.1127065
9 36 1.7056452
9 26 2000.0
9 28 2.0617561
9 10 2.5927644
9 22 0.29341272
9 31 0.045454543
9 3 0.5911051
9 12 2000.0
9 17 0.37010765
9 4 0.10379813
9 19 0.06580441
10 26 0.045811947
10 28 0.21571848
10 24 0.099949874
10 31 0.04175538
10 12 10.372386
10 9 2.5927644
10 17 0.031066716
11 0 30.822151
11 30 0.4616245
11 8 2.7278218
11 18 6.963923
11 13 0.5363731
11 33 2.1850846
11 29 0.8740132
11 5 2.873441
11 34 1.7589324
11 20 0.5031021
11 2 0.98986036
11 37 1.5997752
11 7 10.442236
11 27 0.41940984
11 16 0.49269927
11 25 1.6335889
12 26 2.3050578
12 28 3.69447
12 32 0.25035343
12 10 10.372386
12 24 0.07903954
12 21 0.09173073
12 3 0.051122624
13 30 3.5123327
13 0 0.7877247
13 8 3.495892
13 18 144.67615
13 33 1.1835594
13 11 0.5363731
13 29 1.0595766
13 5 282.43185
13 34 5.7866764
13 20 0.61993295
13 2 0.5055171
13 14 2.1851344
13 37 0.9678698
13 27 0.3068567
13 16 36.672653
13 25 0.72444993
14 20 3.9045517
14 13 2.1851344
14 27 3.8368552
14 33 0.842516
14 11 2000.0
14 25 2.0660443
15 32 0.1068657
15 21 2.5385456
16 30 1.1219189
16 0 2000.0
16 8 1.5470992
16 18 0.852821
16 13 36.672653
16 11 0.49269927
16 29 37.0036
16 5 1.6069471
16 20 6.453891
16 37 25.779387
16 7 1.6874521
16 27 1.5147171
16 23 6.295611
16 25 1.8520385
17 26 2.028056
17 6 1.0596141
17 10 0.031066716
17 24 0.31237087
17 31 1.1820812
17 9 0.37010765
17 4 0.07845124
17 19 3.2977185
18 30 0.6211991
18 2 7.3642564
18 8 1.0024248
18 37 1.1404616
18 7 2000.0
18 13 144.67615
18 27 3.830772
18 16 0.852821
18 23 1.2051051
18 11 6.963923
18 29 1.1782397
18 5 0.6129087
19 22 1462.216
19 31 0.08864357
19 9 0.06580441
19 17 3.2977185
19 4 0.08291641
20 30 10.820355
20 13 0.61993295
20 33 3.6404746
20 11 0.5031021
20 29 3.7455099
20 5 3.4948313
20 34 0.79947037
20 2 1.6622382
20 14 3.9045517
20 37 2.098197
20 7 2.7809343
20 27 0.78265494
20 16 6.453891
20 25 1.0054799
21 32 2000.0
21 10 2000.0
21 24 0.574541
21 35 0.033936743
21 12 0.09173073
21 15 2.5385456
22 6 80.0
22 31 1196.875
22 9 0.29341272
22 19 1462.216
23 0 2000.0
23 30 0.9835744
23 2 41.725285
23 8 1.1127065
23 37 3.7153003
23 18 1.2051051
23 7 1.5296828
23 16 6.295611
23 11 2000.0
23 29 4.5273623
23 5 4.6741867
24 26 0.0557671
24 32 0.114227146
24 10 0.099949874
24 21 0.574541
24 31 2.4047203
24 12 0.07903954
24 15 2000.0
24 17 0.31237087
25 30 5.057083
25 13 0.72444993
25 33 0.3840473
25 11 1.6335889
25 29 8.020001
25 34 1.2702739
25 20 1.0054799
25 2 3.4945037
25 14 2.0660443
25 37 58.27686
25 7 6.9163694
25 27 0.9691273
25 16 1.8520385
26 36 553.8462
26 32 31.82005
26 28 0.23366532
26 10 0.045811947
26 24 0.0557671
26 31 0.096265316
26 12 2.3050578
26 17 2.028056
27 0 2000.0
27 30 0.576894
27 8 1.1736765
27 18 3.830772
27 13 0.3068567
27 33 1.3730956
27 11 0.41940984
27 29 0.81293076
27 5 7.1161146
27 34 1.204375
27 20 0.78265494
27 2 0.5808421
27 14 3.8368552
27 37 1.2071522
27 7 2915.1138
27 16 1.5147171
27 25 0.9691273
28 36 0.03516357
28 26 0.23366532
28 10 0.21571848
28 3 0.082759246
28 12 3.69447
28 9 2.0617561
29 0 13.543308
29 30 3.223328
29 8 0.9426505
29 18 1.1782397
29 13 1.0595766
29 33 2335.0
29 11 0.8740132
29 5 3.327235
29 34 25.398268
29 20 3.7455099
29 2 0.77321213
29 37 1.0507512
29 7 2000.0
29 27 0.81293076
29 16 37.0036
29 23 4.5273623
29 25 8.020001
30 0 2000.0
30 8 0.93105
30 18 0.6211991
30 13 3.5123327
30 33 2.1710198
30 11 0.4616245
30 29 3.223328
30 5 1.0188849
30 34 1.3861619
30 20 10.820355
30 2 11.645604
30 37 8.553181
30 7 1.0701698
30 27 0.576894
30 16 1.1219189
30 23 0.9835744
30 25 5.057083
31 26 0.096265316
31 6 0.29576054
31 10 0.04175538
31 24 2.4047203
31 9 0.045454543
31 17 1.1820812
31 4 0.08062771
31 19 0.08864357
32 26 31.82005
32 24 0.114227146
32 12 0.25035343
32 15 0.1068657
33 34 2000.0
33 30 2.1710198
33 20 3.6404746
33 2 1.5403714
33 14 0.842516
33 7 2000.0
33 13 1.1835594
33 27 1.3730956
33 16 2226.3638
33 11 2.1850846
33 29 2335.0
33 25 0.3840473
34 30 1.3861619
34 20 0.79947037
34 8 3.595537
34 13 5.7866764
34 7 12.228335
34 27 1.204375
34 16 1215.0568
34 11 1.7589324
34 25 1.2702739
34 29 25.398268
34 5 1.0446832
35 21 0.033936743
36 26 553.8462
36 28 0.03516357
36 3 0.27386364
36 9 1.7056452
37 30 8.553181
37 0 0.75396407
37 8 1.0769591
37 18 1.1404616
37 13 0.9678698
37 11 1.5997752
37 29 1.0507512
37 20 2.098197
37 2 0.68527585
37 7 16.834732
37 27 1.2071522
37 16 25.779387
37 23 3.7153003
37 25 58.27686
