0 2 1.0054978
0 37 2.5709522
0 13 0.9035174
0 29 46.087414
0 25 27.925037
1 3 0.9775
1 12 69.46298
2 30 36.12081
2 0 1.0054978
2 8 2.4598026
2 18 1.9003654
2 13 0.7158058
2 33 1.7881675
2 11 2.2180192
2 29 1.7784486
2 20 5.467466
2 37 1.3077751
2 27 692.89777
2 16 2000.0
2 23 16.962646
2 25 0.88071895
3 36 1.6586208
3 28 221.22478
3 24 2000.0
3 12 0.0746559
3 1 0.9775
3 9 0.6051847
4 31 0.08072428
4 9 0.095051296
4 17 0.1054847
4 19 0.08747198
5 30 0.9139669
5 8 1.3211075
5 18 1.5798117
5 13 21.610222
5 11 1.6178676
5 29 7.780078
5 34 2.5389316
5 20 3.3074505
5 37 13.690569
5 7 20.429094
5 27 779.5454
5 16 1.3591987
5 23 2.4734268
5 25 2000.0
6 31 0.12822281
6 17 1.5702798
7 34 475.1948
7 30 1.1909208
7 20 58.484165
7 8 5.860843
7 37 133.33334
7 16 1.2420245
7 11 102.91705
7 23 1.4590287
7 25 1.8478864
7 5 20.429094
8 0 2000.0
8 30 0.6754313
8 18 1.5053253
8 13 3.7703013
8 11 1.1728389
8 29 0.58166337
8 5 1.3211075
8 34 21.347656
8 2 2.4598026
8 37 1.1702757
8 7 5.860843
8 27 1067.7273
8 16 1.4729792
8 23 1.07002
8 25 2000.0
9 36 1.200808
9 26 2000.0
9 28 0.39581394
9 10 5.6799245
9 22 0.114827275
9 31 0.028725402
9 12 2000.0
9 3 0.6051847
9 4 0.095051296
9 17 0.03606558
9 19 0.115524195
10 26 35.795452
10 28 0.5054171
10 24 0.07578991
10 31 6.053741
10 12 161.78085
10 9 5.6799245
10 17 0.032083333
11 0 2000.0
11 30 0.72017294
11 8 1.1728389
11 18 5.7861094
11 13 1.4874803
11 33 2.1751757
11 29 1.0893323
11 5 1.6178676
11 34 1.8314056
11 20 1.0450413
11 2 2.2180192
11 37 1.560718
11 7 102.91705
11 27 692.89777
11 16 0.9276037
11 25 0.7551081
12 26 2000.0
12 32 4.530048
12 10 161.78085
12 24 0.08081958
12 21 0.08816739
12 3 0.0746559
12 1 69.46298
13 30 28.961517
13 0 0.9035174
13 8 3.7703013
13 18 45.82642
13 33 0.76783144
13 11 1.4874803
13 29 0.87913585
13 5 21.610222
13 34 63.915726
13 20 1.1932087
13 2 0.7158058
13 14 6.249648
13 37 1.0169665
13 7 2000.0
13 27 150.96591
13 16 47.687588
13 25 0.27868906
14 30 15.670356
14 20 3.9896789
14 13 6.249648
14 27 5234.1475
14 33 0.8794145
14 11 2000.0
14 25 3.5948644
15 32 0.0656692
15 21 10.521984
16 34 40.891335
16 30 1.1390601
16 20 147.22182
16 8 1.4729792
16 18 1.1848601
16 13 47.687588
16 7 1.2420245
16 27 1119.8296
16 11 0.9276037
16 23 5.085447
16 25 0.7986534
16 5 1.3591987
17 6 1.5702798
17 26 1034.8864
17 10 0.032083333
17 24 0.063031554
17 31 0.98293775
17 9 0.03606558
17 4 0.1054847
17 19 1199.4886
18 0 2000.0
18 30 0.7184111
18 8 1.5053253
18 2 1.9003654
18 37 3.7926967
18 13 45.82642
18 27 2000.0
18 16 1.1848601
18 11 5.7861094
18 23 1.03809
18 29 1.353809
18 5 1.5798117
19 28 35.4463
19 31 0.07792474
19 9 0.115524195
19 4 0.08747198
20 30 2.769803
20 13 1.1932087
20 33 1.0489511
20 11 1.0450413
20 29 9.770935
20 5 3.3074505
20 34 0.77136016
20 2 5.467466
20 14 3.9896789
20 37 4.495087
20 7 58.484165
20 27 957.6705
20 16 147.22182
20 25 0.48315302
21 32 2000.0
21 24 1.4392602
21 35 0.034295823
21 31 2000.0
21 12 0.08816739
21 15 10.521984
22 31 333.33334
22 9 0.114827275
22 19 2000.0
23 0 2000.0
23 30 2.4907062
23 8 1.07002
23 2 16.962646
23 37 1.1123252
23 18 1.03809
23 7 1.4590287
23 16 5.085447
23 11 2000.0
23 29 1.5324419
23 5 2.4734268
24 26 37.045452
24 32 0.18672049
24 10 0.07578991
24 21 1.4392602
24 12 0.08081958
24 3 2000.0
24 15 2000.0
24 17 0.063031554
25 30 26.057837
25 0 27.925037
25 13 0.27868906
25 33 0.61849475
25 11 0.7551081
25 29 3.3655717
25 34 3.0817993
25 20 0.48315302
25 2 0.88071895
25 14 3.5948644
25 37 40.821575
25 7 1.8478864
25 27 229.14774
25 16 0.7986534
28 36 0.03334861
28 26 51.81818
28 10 0.5054171
28 12 1274.3182
28 3 221.22478
28 9 0.39581394
28 19 35.4463
29 0 46.087414
29 30 1.8387977
29 8 0.58166337
29 18 1.353809
29 13 0.87913585
29 33 17.367573
29 11 1.0893323
29 5 7.780078
29 34 7.1932044
29 20 9.770935
29 2 1.7784486
29 37 1.6736923
29 7 2000.0
29 27 1898.9204
29 16 2000.0
29 23 1.5324419
29 25 3.3655717
30 8 0.6754313
30 18 0.7184111
30 13 28.961517
30 33 11.339568
30 11 0.72017294
30 29 1.8387977
30 5 0.9139669
30 34 0.8669732
30 20 2.769803
30 2 36.12081
30 14 15.670356
30 37 29.56753
30 7 1.1909208
30 27 147.78409
30 16 1.1390601
30 23 2.4907062
30 25 26.057837
31 26 2000.0
31 6 0.12822281
31 10 6.053741
31 35 25.991478
31 22 333.33334
31 9 0.028725402
31 4 0.08072428
31 17 0.98293775
31 19 0.07792474
32 26 2000.0
32 24 0.18672049
32 12 4.530048
32 15 0.0656692
33 30 11.339568
33 8 2000.0
33 13 0.76783144
33 11 2.1751757
33 29 17.367573
33 5 2000.0
33 34 2000.0
33 20 1.0489511
33 2 1.7881675
33 14 0.8794145
33 7 2000.0
33 27 698.2386
33 16 2422.443
33 25 0.61849475
34 30 0.8669732
34 20 0.77136016
34 8 21.347656
34 37 2000.0
34 13 63.915726
34 7 475.1948
34 27 716.8182
34 16 40.891335
34 11 1.8314056
34 29 7.1932044
34 25 3.0817993
34 5 2.5389316
35 21 0.034295823
35 31 25.991478
36 28 0.03334861
36 3 1.6586208
36 9 1.200808
37 30 29.56753
37 0 2.5709522
37 8 1.1702757
37 18 3.7926967
37 13 1.0169665
37 11 1.560718
37 29 1.6736923
37 5 13.690569
37 20 4.495087
37 2 1.3077751
37 7 133.33334
37 27 725.7955
37 16 2000.0
37 23 1.1123252
37 25 40.821575
