0 2 1.1753454
0 37 1.5235986
0 13 1.2008156
0 29 16.031876
0 25 6.6466107
1 3 0.843805
1 12 71.32936
2 30 25.16157
2 0 1.1753454
2 8 1.3579427
2 18 1.9217033
2 13 0.62638897
2 33 2.9647527
2 11 2.0699048
2 29 1.2922454
2 20 3.7350638
2 37 0.85564274
2 27 0.7403589
2 16 2000.0
2 23 12.456322
2 25 1.1190656
3 36 0.35069805
3 28 4.552628
3 24 480.00003
3 12 0.06655885
3 1 0.843805
3 9 0.26082253
4 31 0.07466477
4 9 0.06658546
4 17 0.16769828
4 19 0.06662982
5 30 0.6430548
5 8 0.63066316
5 18 0.6952652
5 13 16.009855
5 11 2.9624639
5 29 2.131499
5 34 3.0306818
5 20 1.7795228
5 37 9.981722
5 7 14.953658
5 27 1.2513522
5 16 1.0432014
5 23 3.148303
5 25 2000.0
6 31 0.13812317
6 17 1.5024965
7 34 636.1113
7 30 0.7611637
7 20 118.47423
7 8 7.5125604
7 16 1.1347451
7 23 1.3349853
7 11 92.02614
7 25 2.9259067
7 5 14.953658
8 0 2000.0
8 30 0.39813712
8 18 1.3492628
8 13 1.7128512
8 11 0.8454448
8 29 0.64928603
8 5 0.63066316
8 34 27.938494
8 2 1.3579427
8 37 0.8780705
8 7 7.5125604
8 27 1.154485
8 16 2.1010447
8 23 1.0002222
8 25 2000.0
9 36 0.41182312
9 26 2000.0
9 28 1.6454545
9 10 13.066735
9 22 0.054847933
9 31 0.044168267
9 12 2000.0
9 3 0.26082253
9 4 0.06658546
9 17 0.06542325
9 19 0.069905944
10 26 0.030161096
10 28 0.56351006
10 24 0.0966572
10 31 7.5187507
10 12 1355.284
10 9 13.066735
10 17 0.030419007
11 0 2000.0
11 30 0.66518945
11 8 0.8454448
11 18 4.932593
11 13 0.8005161
11 33 2.0347164
11 29 1.1361331
11 5 2.9624639
11 34 2.8273365
11 20 0.8783478
11 2 2.0699048
11 37 1.5642256
11 7 92.02614
11 27 0.674982
11 16 1.0240167
11 25 0.80775523
12 26 1.0175494
12 32 6.0169525
12 24 0.07894912
12 21 0.11340051
12 3 0.06655885
12 1 71.32936
13 30 11.560186
13 0 1.2008156
13 8 1.7128512
13 18 554.3387
13 33 1.3964212
13 11 0.8005161
13 29 0.9004266
13 5 16.009855
13 34 72.00001
13 20 0.9068291
13 2 0.62638897
13 14 5.0319257
13 37 0.90870565
13 7 2000.0
13 27 0.4066669
13 16 57.18351
13 25 0.5669559
14 30 4.203991
14 20 3.1662512
14 13 5.0319257
14 27 2.897394
14 33 0.63216025
14 11 2000.0
14 25 2.1327364
15 32 0.07185438
15 21 9.577912
16 0 2000.0
16 30 1.1054498
16 8 2.1010447
16 18 1.2516946
16 13 57.18351
16 11 1.0240167
16 5 1.0432014
16 34 44.044785
16 20 79.02188
16 7 1.1347451
16 27 1.5008028
16 23 2.647476
16 25 1.329048
17 6 1.5024965
17 26 1.5258816
17 10 0.030419007
17 24 0.14449127
17 31 1.0020198
17 9 0.06542325
17 4 0.16769828
17 19 21.853897
18 0 2000.0
18 30 0.7124981
18 8 1.3492628
18 13 554.3387
18 11 4.932593
18 29 1.1842833
18 5 0.6952652
18 2 1.9217033
18 37 2.9884143
18 7 2000.0
18 27 30.927385
18 16 1.2516946
18 23 1.4395722
19 31 0.0653959
19 9 0.069905944
19 17 21.853897
19 4 0.06662982
20 30 2.4933786
20 13 0.9068291
20 33 1.1346592
20 11 0.8783478
20 29 15.434776
20 5 1.7795228
20 34 0.92272294
20 2 3.7350638
20 14 3.1662512
20 37 3.483781
20 7 118.47423
20 27 1.1444638
20 16 79.02188
20 25 0.31315517
21 32 400.0
21 24 0.95216
21 35 0.030535195
21 12 0.11340051
21 15 9.577912
24 26 0.04238887
24 6 2000.0
24 32 0.17937028
24 10 0.0966572
24 21 0.95216
24 12 0.07894912
24 3 480.00003
24 15 2000.0
24 17 0.14449127
25 30 18.970303
25 0 6.6466107
25 13 0.5669559
25 33 0.6220645
25 11 0.80775523
25 29 1.8534391
25 34 3.2980392
25 20 0.31315517
25 2 1.1190656
25 14 2.1327364
25 37 24.322887
25 7 2.9259067
25 27 0.21546629
25 16 1.329048
26 32 13.997258
26 28 0.055610456
26 10 0.030161096
26 24 0.04238887
26 31 0.1758781
26 12 1.0175494
26 17 1.5258816
27 30 0.2255151
27 0 2000.0
27 8 1.154485
27 18 30.927385
27 13 0.4066669
27 33 0.89454395
27 11 0.674982
27 29 0.65620524
27 5 1.2513522
27 34 1.670947
27 20 1.1444638
27 2 0.7403589
27 14 2.897394
27 37 1.040168
27 7 3469.9434
27 16 1.5008028
27 25 0.21546629
28 36 0.03086332
28 26 0.055610456
28 10 0.56351006
28 3 4.552628
28 12 1470.5682
28 9 1.6454545
28 19 1469.8865
29 0 16.031876
29 30 1.0310682
29 8 0.64928603
29 18 1.1842833
29 13 0.9004266
29 33 11.876033
29 11 1.1361331
29 5 2.131499
29 34 6.3661137
29 20 15.434776
29 2 1.2922454
29 37 0.8632107
29 7 2000.0
29 27 0.65620524
29 16 2000.0
29 23 1.1243962
29 25 1.8534391
30 8 0.39813712
30 18 0.7124981
30 13 11.560186
30 33 10.117882
30 11 0.66518945
30 29 1.0310682
30 5 0.6430548
30 34 0.88436955
30 20 2.4933786
30 2 25.16157
30 14 4.203991
30 37 11.829748
30 7 0.7611637
30 27 0.2255151
30 16 1.1054498
30 23 1.3842156
30 25 18.970303
31 26 0.1758781
31 6 0.13812317
31 10 7.5187507
31 35 33.266403
31 22 266.6667
31 9 0.044168267
31 4 0.07466477
31 17 1.0020198
31 19 0.0653959
32 26 13.997258
32 24 0.17937028
32 21 400.0
32 12 6.0169525
32 15 0.07185438
33 30 10.117882
33 13 1.3964212
33 11 2.0347164
33 29 11.876033
33 5 2000.0
33 34 2000.0
33 20 1.1346592
33 2 2.9647527
33 14 0.63216025
33 7 2000.0
33 27 0.89454395
33 16 1971.0227
33 25 0.6220645
34 30 0.88436955
34 20 0.92272294
34 8 27.938494
34 37 2000.0
34 7 636.1113
34 13 72.00001
34 27 1.670947
34 16 44.044785
34 11 2.8273365
34 29 6.3661137
34 25 3.2980392
34 5 3.0306818
35 21 0.030535195
35 31 33.266403
36 28 0.03086332
36 3 0.35069805
36 12 2000.0
36 9 0.41182312
37 30 11.829748
37 0 1.5235986
37 8 0.8780705
37 18 2.9884143
37 13 0.90870565
37 11 1.5642256
37 29 0.8632107
37 5 9.981722
37 20 3.483781
37 2 0.85564274
37 7 3036.8184
37 27 1.040168
37 16 2000.0
37 23 1.3243517
37 25 24.322887
