0 2 1.0843844
0 37 1.4772542
0 13 0.9639318
0 25 25.706438
0 29 32.73226
1 3 1.6258743
1 12 17.319403
2 30 85.976456
2 0 1.0843844
2 8 1.3079811
2 18 3.487346
2 13 0.63463694
2 33 1.8523167
2 11 1.5775257
2 29 1.2041013
2 20 3.2837439
2 37 0.9074844
2 27 0.94206315
2 16 2000.0
2 23 15.482644
2 25 0.4418085
3 36 0.28947192
3 28 17.474434
3 24 2000.0
3 12 0.049640045
3 1 1.6258743
3 9 0.7073327
4 31 0.08060109
4 9 0.06955194
4 17 0.1023703
4 19 0.06876833
5 30 0.6563176
5 8 0.5239102
5 18 0.49946746
5 13 15.839148
5 11 1.1349802
5 29 0.78151023
5 34 4.3957276
5 20 1.9812199
5 37 13.324014
5 7 18.818087
5 27 1.2897412
5 16 1.1495636
5 23 2.0142047
5 25 2000.0
6 31 0.3770428
6 17 0.9716086
7 34 400.0
7 30 0.8837642
7 20 94.33863
7 8 24.908342
7 27 257.14285
7 16 1.2855936
7 11 120.98011
7 23 1.228884
7 25 1.99029
7 5 18.818087
8 0 2000.0
8 30 0.3013817
8 18 1.4070759
8 13 0.9099822
8 11 0.9852493
8 29 0.5350041
8 5 0.5239102
8 34 2850.4263
8 2 1.3079811
8 37 1.2611055
8 7 24.908342
8 27 1.7364513
8 16 1.7048678
8 23 1.155146
8 25 2000.0
9 36 0.53338236
9 26 2000.0
9 28 0.89273643
9 10 3.3912737
9 22 0.054347605
9 31 0.03126953
9 3 0.7073327
9 12 2000.0
9 4 0.06955194
9 17 0.043032788
9 19 0.06959761
10 26 0.03017884
10 28 0.35258016
10 24 0.09602593
10 31 2.308583
10 12 1184.9432
10 9 3.3912737
10 17 0.03424666
11 0 2000.0
11 30 0.65509444
11 8 0.9852493
11 18 38.015045
11 13 0.8793333
11 33 2.8034823
11 29 1.2933973
11 5 1.1349802
11 34 3.007697
11 20 1.6421146
11 2 1.5775257
11 37 1.4707888
11 7 120.98011
11 27 1.1623968
11 16 1.3143979
11 25 0.87891245
12 26 0.72126627
12 32 2.3421361
12 28 164.96933
12 24 0.06718977
12 21 0.1396591
12 3 0.049640045
12 1 17.319403
13 30 133.60713
13 0 0.9639318
13 8 0.9099822
13 18 66.66667
13 33 1.378489
13 11 0.8793333
13 29 1.1478648
13 5 15.839148
13 34 74.333305
13 20 1.3631313
13 2 0.63463694
13 14 16.787785
13 37 1.4402809
13 7 2000.0
13 27 1.0572444
13 16 15.908314
13 25 0.25492978
14 30 25.264853
14 20 12.683817
14 13 16.787785
14 27 9.065906
14 33 0.59871835
14 25 4.859612
15 32 0.0706195
15 24 177.77777
15 21 42.85933
16 30 1.1025243
16 8 1.7048678
16 18 1.2202668
16 13 15.908314
16 11 1.3143979
16 29 22.553448
16 5 1.1495636
16 34 18.472221
16 20 56.513863
16 7 1.2855936
16 27 1.9627241
16 23 5.6839595
16 25 1.1371107
17 6 0.9716086
17 26 1.7842499
17 10 0.03424666
17 24 0.13510741
17 31 0.9680396
17 9 0.043032788
17 4 0.1023703
17 19 0.90368426
18 0 2000.0
18 30 0.72958404
18 8 1.4070759
18 13 66.66667
18 11 38.015045
18 29 1.2240534
18 5 0.49946746
18 2 3.487346
18 37 2.9601061
18 7 2000.0
18 27 5.9514637
18 16 1.2202668
18 23 1.6100564
19 31 0.050078183
19 9 0.06959761
19 17 0.90368426
19 4 0.06876833
20 0 2000.0
20 30 1.5267953
20 13 1.3631313
20 33 2.102206
20 11 1.6421146
20 29 33.471188
20 5 1.9812199
20 34 1.6358988
20 2 3.2837439
20 14 12.683817
20 37 5.78157
20 7 94.33863
20 27 2.3013191
20 16 56.513863
20 25 1.6910274
21 26 2000.0
21 32 88.888885
21 24 0.91214293
21 35 0.10917851
21 31 2000.0
21 12 0.1396591
21 15 42.85933
22 6 2000.0
22 31 559.94006
22 9 0.054347605
22 19 2000.0
23 0 2000.0
23 30 2.8098469
23 8 1.155146
23 2 15.482644
23 37 1.8577516
23 18 1.6100564
23 7 1.228884
23 16 5.6839595
23 11 2000.0
23 29 1.2986808
23 5 2.0142047
24 26 0.045083515
24 32 0.21709774
24 10 0.09602593
24 21 0.91214293
24 12 0.06718977
24 15 177.77777
24 17 0.13510741
25 30 15.779087
25 0 25.706438
25 13 0.25492978
25 33 1.280026
25 11 0.87891245
25 29 1.9423264
25 34 1.7729496
25 20 1.6910274
25 2 0.4418085
25 14 4.859612
25 37 40.0
25 7 1.99029
25 27 0.25267994
25 16 1.1371107
26 32 18.14768
26 28 0.04320652
26 10 0.03017884
26 24 0.045083515
26 21 2000.0
26 31 0.16613093
26 12 0.72126627
26 17 1.7842499
27 30 0.24179615
27 0 2000.0
27 8 1.7364513
27 18 5.9514637
27 13 1.0572444
27 33 0.81467885
27 11 1.1623968
27 29 0.7594071
27 5 1.2897412
27 34 1.4404943
27 20 2.3013191
27 2 0.94206315
27 14 9.065906
27 37 1.1089063
27 7 257.14285
27 16 1.9627241
27 25 0.25267994
28 36 0.029973922
28 26 0.04320652
28 10 0.35258016
28 12 164.96933
28 3 17.474434
28 9 0.89273643
28 19 1232.0454
29 0 32.73226
29 30 1.8144597
29 8 0.5350041
29 18 1.2240534
29 13 1.1478648
29 33 13.999651
29 11 1.2933973
29 5 0.78151023
29 34 3.0505233
29 20 33.471188
29 2 1.2041013
29 37 1.0124931
29 7 2000.0
29 27 0.7594071
29 16 22.553448
29 23 1.2986808
29 25 1.9423264
30 8 0.3013817
30 18 0.72958404
30 13 133.60713
30 33 4.3632917
30 11 0.65509444
30 29 1.8144597
30 5 0.6563176
30 34 0.87925595
30 20 1.5267953
30 2 85.976456
30 14 25.264853
30 37 95.26314
30 7 0.8837642
30 27 0.24179615
30 16 1.1025243
30 23 2.8098469
30 25 15.779087
31 26 0.16613093
31 6 0.3770428
31 10 2.308583
31 22 559.94006
31 9 0.03126953
31 4 0.08060109
31 17 0.9680396
31 19 0.050078183
32 26 18.14768
32 24 0.21709774
32 21 88.888885
32 12 2.3421361
32 15 0.0706195
33 34 2000.0
33 30 4.3632917
33 20 2.102206
33 2 1.8523167
33 14 0.59871835
33 13 1.378489
33 7 2000.0
33 27 0.81467885
33 16 152.381
33 11 2.8034823
33 29 13.999651
33 25 1.280026
34 30 0.87925595
34 20 1.6358988
34 37 2000.0
34 13 74.333305
34 7 400.0
34 27 1.4404943
34 16 18.472221
34 11 3.007697
34 29 3.0505233
34 25 1.7729496
34 5 4.3957276
35 21 0.10917851
35 31 1086.4204
36 28 0.029973922
36 3 0.28947192
36 9 0.53338236
37 30 95.26314
37 0 1.4772542
37 8 1.2611055
37 18 2.9601061
37 13 1.4402809
37 11 1.4707888
37 29 1.0124931
37 5 13.324014
37 20 5.78157
37 2 0.9074844
37 7 2395.4546
37 27 1.1089063
37 16 2000.0
37 23 1.8577516
37 25 40.0
