0 8 14.655448
0 2 0.99531466
0 37 0.9662429
0 13 0.76595336
0 11 242.59604
0 29 10.14201
1 3 0.22678791
1 12 1144.659
2 30 34.410763
2 0 0.99531466
2 20 2.9159932
2 8 1.4036607
2 37 1.2231455
2 18 8.10902
2 13 0.5353501
2 33 1.8326639
2 27 3.2383502
2 11 1.5440716
2 29 1.5927677
2 25 3.6581047
3 36 0.267076
3 28 0.14297965
3 24 400.0
3 12 0.067392685
3 1 0.22678791
3 9 0.22168404
4 31 0.074646056
4 9 0.078507565
4 17 0.07476006
4 19 0.07830256
5 30 0.6772329
5 8 0.88731766
5 18 0.6426745
5 13 2000.0
5 11 3.028808
5 29 2.0451992
5 34 2.7010083
5 20 2.0940378
5 37 2000.0
5 7 5.2389393
5 27 1.8122293
5 16 1.3457551
5 23 7.7116933
6 31 1.6859002
6 17 1.606264
7 34 15.260304
7 30 0.83942425
7 20 1.4033787
7 8 66.66667
7 37 25.07166
7 27 118.51852
7 16 1.2976277
7 11 11.43821
7 23 1.0923978
7 25 4.4029727
7 5 5.2389393
8 0 14.655448
8 30 0.5846032
8 18 1.1247109
8 13 2.5032682
8 11 1.1843292
8 29 0.8179958
8 5 0.88731766
8 34 5.200531
8 2 1.4036607
8 37 1.1519785
8 7 66.66667
8 27 1.0270336
8 16 1.5173596
8 23 1.0107358
9 36 1.2494546
9 26 2000.0
9 28 3.9449573
9 10 7.325981
9 22 0.40571
9 31 0.030050507
9 3 0.22168404
9 17 0.04880586
9 4 0.078507565
9 19 0.064882696
10 26 0.036159854
10 28 0.30625668
10 24 0.06928189
10 31 0.03445827
10 12 9.545928
10 9 7.325981
10 17 0.04600432
11 0 242.59604
11 30 0.47117507
11 8 1.1843292
11 18 5.471372
11 13 0.8013731
11 33 2.3136182
11 29 1.3453697
11 5 3.028808
11 34 4.6445413
11 20 1.3445535
11 2 1.5440716
11 37 1.4350169
11 7 11.43821
11 27 0.5984631
11 16 2.4117582
11 25 1.1564058
12 26 1.1515292
12 28 5.998011
12 32 0.26800877
12 10 9.545928
12 24 0.070745975
12 21 0.09237537
12 3 0.067392685
13 30 1.0671291
13 0 0.76595336
13 8 2.5032682
13 18 625.0
13 33 0.7483212
13 11 0.8013731
13 29 0.62462527
13 34 8.472107
13 20 0.69535065
13 2 0.5353501
13 14 2.6026466
13 37 1.6114877
13 27 0.20100155
13 16 3692.6704
13 25 0.6447217
14 20 0.74886364
14 13 2.6026466
14 33 0.47899833
14 27 4.5032034
14 11 2000.0
14 25 1.7096877
15 32 0.08285209
15 21 3.1726327
16 30 1.3446022
16 0 2000.0
16 8 1.5173596
16 18 0.63321465
16 11 2.4117582
16 29 86.509
16 5 1.3457551
16 20 10.130224
16 37 28.030901
16 7 1.2976277
16 27 2.1084354
16 23 7.516071
16 25 1.0455966
17 26 3.6064558
17 6 1.606264
17 10 0.04600432
17 24 0.19152382
17 31 1.9077417
17 9 0.04880586
17 4 0.07476006
17 19 2.6852946
18 0 2000.0
18 30 0.71192235
18 8 1.1247109
18 13 625.0
18 11 5.471372
18 29 0.97299105
18 5 0.6426745
18 2 8.10902
18 37 1.6688195
18 7 2000.0
18 27 3.2752693
18 16 0.63321465
18 23 1.39445
19 31 0.07793095
19 9 0.064882696
19 17 2.6852946
19 4 0.07830256
20 30 13.269643
20 13 0.69535065
20 33 0.9945164
20 11 1.3445535
20 29 2.0530043
20 5 2.0940378
20 34 0.78677773
20 2 2.9159932
20 14 0.74886364
20 37 7.486269
20 7 1.4033787
20 27 0.65107435
20 16 10.130224
20 25 0.49529204
21 32 2000.0
21 24 0.08619791
21 35 0.045649912
21 12 0.09237537
21 15 3.1726327
22 6 1570.2273
22 31 1199.8864
22 9 0.40571
22 19 1329.8296
23 0 2000.0
23 30 1.8836597
23 2 3266.932
23 8 1.0107358
23 37 2.516414
23 18 1.39445
23 7 1.0923978
23 16 7.516071
23 11 2000.0
23 29 2.992273
23 5 7.7116933
24 26 0.052099172
24 32 0.10651187
24 10 0.06928189
24 21 0.08619791
24 31 16.193933
24 3 400.0
24 12 0.070745975
24 15 2000.0
24 17 0.19152382
25 0 2000.0
25 30 2.5087223
25 13 0.6447217
25 33 0.5627204
25 11 1.1564058
25 29 1.8986672
25 34 1.8480859
25 20 0.49529204
25 2 3.6581047
25 14 1.7096877
25 37 84.26653
25 7 4.4029727
25 27 0.94084877
25 16 1.0455966
26 36 113.18012
26 32 54.135338
26 28 0.03673922
26 10 0.036159854
26 24 0.052099172
26 31 0.062658325
26 12 1.1515292
26 17 3.6064558
27 0 2000.0
27 30 0.21169667
27 8 1.0270336
27 18 3.2752693
27 13 0.20100155
27 33 0.9258689
27 11 0.5984631
27 29 0.6591065
27 5 1.8122293
27 34 1.6547492
27 20 0.65107435
27 2 3.2383502
27 14 4.5032034
27 37 2.1270368
27 7 118.51852
27 16 2.1084354
27 25 0.94084877
28 36 0.03348485
28 26 0.03673922
28 10 0.30625668
28 3 0.14297965
28 12 5.998011
28 9 3.9449573
29 0 10.14201
29 30 1.7507848
29 8 0.8179958
29 18 0.97299105
29 13 0.62462527
29 11 1.3453697
29 5 2.0451992
29 34 10.655706
29 20 2.0530043
29 2 1.5927677
29 37 1.6471393
29 7 2000.0
29 27 0.6591065
29 16 86.509
29 23 2.992273
29 25 1.8986672
30 0 2000.0
30 8 0.5846032
30 18 0.71192235
30 13 1.0671291
30 33 6.889967
30 11 0.47117507
30 29 1.7507848
30 5 0.6772329
30 34 1.7979941
30 20 13.269643
30 2 34.410763
30 37 9.18273
30 7 0.83942425
30 27 0.21169667
30 16 1.3446022
30 23 1.8836597
30 25 2.5087223
31 26 0.062658325
31 6 1.6859002
31 10 0.03445827
31 24 16.193933
31 9 0.030050507
31 17 1.9077417
31 4 0.074646056
31 19 0.07793095
32 26 54.135338
32 24 0.10651187
32 12 0.26800877
32 15 0.08285209
33 34 2000.0
33 30 6.889967
33 20 0.9945164
33 2 1.8326639
33 14 0.47899833
33 7 2000.0
33 13 0.7483212
33 27 0.9258689
33 16 1998.8635
33 11 2.3136182
33 29 3275.3408
33 25 0.5627204
34 30 1.7979941
34 20 0.78677773
34 8 5.200531
34 7 15.260304
34 13 8.472107
34 27 1.6547492
34 16 5535.0566
34 11 4.6445413
34 25 1.8480859
34 29 10.655706
34 5 2.7010083
35 21 0.045649912
36 26 113.18012
36 28 0.03348485
36 3 0.267076
36 9 1.2494546
37 30 9.18273
37 0 0.9662429
37 8 1.1519785
37 18 1.6688195
37 13 1.6114877
37 11 1.4350169
37 29 1.6471393
37 20 7.486269
37 2 1.2231455
37 7 25.07166
37 27 2.1270368
37 16 28.030901
37 23 2.516414
37 25 84.26653
