0 8 6.593407
0 2 1.3590271
0 37 0.76128185
0 13 0.86821175
0 11 61.340397
0 29 9.418831
0 25 2000.0
1 3 0.22849068
1 12 1202.159
2 30 6.9954643
2 0 1.3590271
2 8 1.8375982
2 18 5.0875072
2 13 0.27372468
2 33 2.3598208
2 11 0.54654354
2 29 1.060902
2 20 1.3872755
2 37 0.73599225
2 27 0.37356502
2 23 18.385916
2 25 1.6732343
3 36 0.27778113
3 28 0.07673445
3 24 266.6667
3 12 0.07951752
3 1 0.22849068
3 9 0.19143043
4 31 0.08609399
4 9 0.048719045
4 17 0.09519013
4 19 0.08330279
5 30 0.45528778
5 8 0.6625704
5 18 0.3631579
5 13 1066.6667
5 11 2.2823691
5 29 13.709932
5 34 1.2387648
5 20 2.2998528
5 37 2000.0
5 7 6.817329
5 27 1.7539977
5 16 1.8660511
5 23 5.610263
6 31 1.739899
6 17 1.0597624
7 34 10.009976
7 30 0.6964944
7 20 1.5978822
7 8 23.293695
7 37 25.927574
7 27 283.9649
7 16 1.3641249
7 11 5.798146
7 23 1.2290014
7 25 4.32112
7 5 6.817329
8 0 6.593407
8 30 0.8631527
8 18 0.88868296
8 13 2.7597897
8 11 2.2410393
8 29 0.7187403
8 5 0.6625704
8 34 3.2647064
8 2 1.8375982
8 37 0.8985625
8 7 23.293695
8 27 2.7700832
8 16 1.5859272
8 23 1.2226603
9 36 1.4020994
9 26 2000.0
9 28 1.2647207
9 10 3.7439592
9 22 0.2677799
9 31 0.027925905
9 12 2000.0
9 3 0.19143043
9 17 0.042681243
9 4 0.048719045
9 19 0.06652366
10 26 0.032693744
10 28 0.18603057
10 24 0.038385212
10 31 0.049108222
10 12 5.055971
10 9 3.7439592
10 17 0.035441507
11 0 61.340397
11 30 0.38692898
11 8 2.2410393
11 18 7.320323
11 13 0.9597745
11 33 1.7632715
11 29 0.76205814
11 5 2.2823691
11 34 2.813478
11 20 0.99184716
11 2 0.54654354
11 37 1.3342804
11 7 5.798146
11 27 0.3622102
11 16 0.7612472
11 25 2.051467
12 26 2.1838155
12 28 3.1225572
12 32 0.2144086
12 10 5.055971
12 24 0.0784108
12 21 0.08234636
12 3 0.07951752
13 30 4.259604
13 0 0.86821175
13 8 2.7597897
13 18 1006.37494
13 33 1.038009
13 11 0.9597745
13 29 1.4064711
13 5 1066.6667
13 34 18.35173
13 20 0.6056911
13 2 0.27372468
13 14 2.7905881
13 37 1.891478
13 27 0.27148864
13 16 88.888885
13 25 1.026551
14 20 1.1675165
14 13 2.7905881
14 33 0.41409636
14 27 2.2710516
14 11 2000.0
14 25 3.130972
15 32 0.0812923
15 21 2.097236
16 30 1.0661749
16 0 2000.0
16 8 1.5859272
16 18 0.76574606
16 13 88.888885
16 11 0.7612472
16 29 38.060062
16 5 1.8660511
16 20 6.469006
16 37 29.222752
16 7 1.3641249
16 27 1.4481496
16 23 4.1938825
16 25 1.7582717
17 26 1.8535124
17 6 1.0597624
17 10 0.035441507
17 24 0.24538328
17 31 1.2191558
17 9 0.042681243
17 4 0.09519013
17 19 2.133612
18 30 0.77044386
18 2 5.0875072
18 8 0.88868296
18 37 1.0178341
18 7 2000.0
18 13 1006.37494
18 27 3.676816
18 16 0.76574606
18 23 1.4511749
18 11 7.320323
18 29 0.815185
18 5 0.3631579
19 31 0.0804503
19 9 0.06652366
19 17 2.133612
19 4 0.08330279
20 30 7.618182
20 13 0.6056911
20 33 1.1337656
20 11 0.99184716
20 29 3.699894
20 5 2.2998528
20 34 1.0688491
20 2 1.3872755
20 14 1.1675165
20 37 1.1921074
20 7 1.5978822
20 27 0.5174909
20 16 6.469006
20 25 1.0020844
21 26 2000.0
21 32 2000.0
21 24 0.40962234
21 35 0.03168418
21 12 0.08234636
21 15 2.097236
22 6 1591.9318
22 31 1168.0114
22 9 0.2677799
22 19 1330.5114
23 0 2000.0
23 30 1.192294
23 2 18.385916
23 8 1.2226603
23 37 4.0930824
23 18 1.4511749
23 7 1.2290014
23 16 4.1938825
23 11 2000.0
23 29 1.3284444
23 5 5.610263
24 26 0.05985082
24 32 0.11206027
24 10 0.038385212
24 21 0.40962234
24 31 8.811753
24 3 266.6667
24 12 0.0784108
24 15 2000.0
24 17 0.24538328
25 0 2000.0
25 30 3.7710798
25 13 1.026551
25 33 0.6018911
25 11 2.051467
25 29 2.3327227
25 34 1.8614988
25 20 1.0020844
25 2 1.6732343
25 14 3.130972
25 37 28.175991
25 7 4.32112
25 27 0.9251226
25 16 1.7582717
26 36 450.00003
26 32 21.147728
26 28 0.059104577
26 10 0.032693744
26 24 0.05985082
26 31 0.07801504
26 12 2.1838155
26 17 1.8535124
27 0 2000.0
27 30 0.20179829
27 8 2.7700832
27 18 3.676816
27 13 0.27148864
27 33 0.9444639
27 11 0.3622102
27 29 0.7501958
27 5 1.7539977
27 34 1.5091296
27 20 0.5174909
27 2 0.37356502
27 14 2.2710516
27 37 0.5755383
27 7 283.9649
27 16 1.4481496
27 25 0.9251226
28 36 0.032286044
28 26 0.059104577
28 10 0.18603057
28 3 0.07673445
28 12 3.1225572
28 9 1.2647207
29 0 9.418831
29 30 10.496369
29 8 0.7187403
29 18 0.815185
29 13 1.4064711
29 11 0.76205814
29 5 13.709932
29 34 9.591218
29 20 3.699894
29 2 1.060902
29 37 0.7449432
29 7 2000.0
29 27 0.7501958
29 16 38.060062
29 23 1.3284444
29 25 2.3327227
30 0 2000.0
30 8 0.8631527
30 18 0.77044386
30 13 4.259604
30 33 1.9240577
30 11 0.38692898
30 29 10.496369
30 5 0.45528778
30 34 1.165297
30 20 7.618182
30 2 6.9954643
30 37 2.4835227
30 7 0.6964944
30 27 0.20179829
30 16 1.0661749
30 23 1.192294
30 25 3.7710798
31 26 0.07801504
31 6 1.739899
31 10 0.049108222
31 24 8.811753
31 9 0.027925905
31 17 1.2191558
31 4 0.08609399
31 19 0.0804503
32 26 21.147728
32 24 0.11206027
32 12 0.2144086
32 15 0.0812923
33 30 1.9240577
33 8 2000.0
33 13 1.038009
33 11 1.7632715
33 29 2000.0
33 34 2000.0
33 20 1.1337656
33 2 2.3598208
33 14 0.41409636
33 7 2000.0
33 27 0.9444639
33 16 2000.0
33 25 0.6018911
34 30 1.165297
34 20 1.0688491
34 8 3.2647064
34 13 18.35173
34 7 10.009976
34 27 1.5091296
34 16 1215.0568
34 11 2.813478
34 25 1.8614988
34 29 9.591218
34 5 1.2387648
35 21 0.03168418
36 26 450.00003
36 28 0.032286044
36 3 0.27778113
36 9 1.4020994
37 30 2.4835227
37 0 0.76128185
37 8 0.8985625
37 18 1.0178341
37 13 1.891478
37 11 1.3342804
37 29 0.7449432
37 20 1.1921074
37 2 0.73599225
37 7 25.927574
37 27 0.5755383
37 16 29.222752
37 23 4.0930824
37 25 28.175991
