0 8 2.633934
0 2 0.6078817
0 37 2.1535792
0 13 0.73793894
0 11 208.33334
0 29 2.62843
1 3 0.27536657
1 12 22.656584
2 30 27.704962
2 0 0.6078817
2 8 1.4030074
2 18 6.2149014
2 13 0.7299839
2 33 2.5084596
2 11 1.8002526
2 29 1.0248364
2 20 5.1756287
2 37 1.3916262
2 27 1.5613163
2 23 103.02177
2 25 2.3027904
3 36 0.32468212
3 28 0.09210563
3 24 2000.0
3 12 0.07029672
3 1 0.27536657
3 9 0.3679501
4 31 0.06637902
4 9 0.064900726
4 17 0.078819446
4 19 0.099063754
5 30 0.94010323
5 8 0.93948257
5 18 0.47366142
5 13 1138.6093
5 11 8.839475
5 29 4.504878
5 34 5.0324874
5 20 2.495844
5 37 2000.0
5 7 7.7557263
5 27 3.5033395
5 16 1.6892979
5 23 6.1679235
6 31 1.6770929
6 17 2.0160818
7 34 8.649806
7 30 1.0703315
7 20 2.2132165
7 8 25.796335
7 37 16.046211
7 27 114.46592
7 16 1.5429446
7 11 19.591227
7 23 1.6139114
7 25 11.137428
7 5 7.7557263
8 0 2.633934
8 30 0.58524793
8 18 0.9172367
8 13 2.3068974
8 11 4.3341374
8 29 0.681957
8 5 0.93948257
8 34 4.9797425
8 2 1.4030074
8 37 1.2831281
8 7 25.796335
8 27 1.0772619
8 16 1.7569437
8 23 1.1453409
9 36 1.4892033
9 26 2000.0
9 28 10.921188
9 10 5.3071914
9 22 0.35979277
9 31 0.02940406
9 3 0.3679501
9 17 0.054497764
9 4 0.064900726
9 19 0.06153751
10 26 0.045667615
10 28 1.0371611
10 24 0.06723924
10 31 0.032820392
10 12 3.9051633
10 9 5.3071914
10 17 0.18506123
11 0 208.33334
11 30 0.8649983
11 8 4.3341374
11 18 13.282762
11 13 0.72626954
11 33 4.810058
11 29 0.45271572
11 5 8.839475
11 34 5.0899935
11 20 1.972079
11 2 1.8002526
11 37 2.065833
11 7 19.591227
11 27 0.4778136
11 16 1.2434225
11 25 2.5279481
12 26 0.8776669
12 28 4.592223
12 32 0.23232119
12 10 3.9051633
12 24 0.09407011
12 21 0.06983048
12 3 0.07029672
12 1 22.656584
13 30 1.5236413
13 0 0.73793894
13 8 2.3068974
13 18 600.0
13 33 1.0586274
13 11 0.72626954
13 29 0.76941365
13 5 1138.6093
13 34 11.656317
13 20 0.7127984
13 2 0.7299839
13 14 2.4188201
13 37 2.173484
13 27 0.22280909
13 16 118.51852
13 25 0.771141
14 20 1.7169613
14 13 2.4188201
14 33 0.6006207
14 27 3.0377886
14 11 2000.0
14 25 1.9964266
15 32 0.07787271
15 21 10.215119
16 0 2000.0
16 30 1.0318216
16 8 1.7569437
16 18 1.2913735
16 13 118.51852
16 11 1.2434225
16 29 2000.0
16 5 1.6892979
16 20 58.491108
16 37 100.00852
16 7 1.5429446
16 27 1.5694817
16 23 8.852665
16 25 2.5319827
17 26 1.9223229
17 6 2.0160818
17 10 0.18506123
17 24 0.45770675
17 31 1.1757145
17 9 0.054497764
17 4 0.078819446
17 19 2.3471074
18 0 2000.0
18 30 0.7241119
18 8 0.9172367
18 13 600.0
18 11 13.282762
18 29 0.89700335
18 5 0.47366142
18 2 6.2149014
18 37 1.5357907
18 7 2000.0
18 27 2.8401942
18 16 1.2913735
18 23 1.8556089
19 31 0.06405791
19 9 0.06153751
19 17 2.3471074
19 4 0.099063754
20 0 2000.0
20 30 6.8688774
20 13 0.7127984
20 33 3.659211
20 11 1.972079
20 29 3.000844
20 5 2.495844
20 34 1.512987
20 2 5.1756287
20 14 1.7169613
20 37 6.519182
20 7 2.2132165
20 27 0.7061821
20 16 58.491108
20 25 1.8243487
21 26 2000.0
21 32 2000.0
21 10 2000.0
21 24 0.047199104
21 35 0.04163562
21 12 0.06983048
21 15 10.215119
22 6 1282.6705
22 31 1121.8182
22 9 0.35979277
22 19 1594.4319
23 0 2000.0
23 30 1.0976223
23 2 103.02177
23 8 1.1453409
23 37 3.7360458
23 18 1.8556089
23 7 1.6139114
23 16 8.852665
23 11 2000.0
23 29 3.450122
23 5 6.1679235
24 26 0.07880929
24 32 0.11215827
24 10 0.06723924
24 21 0.047199104
24 31 8.642605
24 12 0.09407011
24 3 2000.0
24 15 2000.0
24 17 0.45770675
25 0 2000.0
25 30 4.649786
25 13 0.771141
25 33 0.6121814
25 11 2.5279481
25 29 1.0941164
25 34 4.809386
25 20 1.8243487
25 2 2.3027904
25 14 1.9964266
25 37 54.444447
25 7 11.137428
25 27 0.8839223
25 16 2.5319827
26 32 24.968952
26 28 0.042507708
26 10 0.045667615
26 24 0.07880929
26 31 0.06685458
26 12 0.8776669
26 17 1.9223229
27 0 2000.0
27 30 0.17798218
27 8 1.0772619
27 18 2.8401942
27 13 0.22280909
27 33 1.0948875
27 11 0.4778136
27 29 0.28228045
27 5 3.5033395
27 34 1.4875307
27 20 0.7061821
27 2 1.5613163
27 14 3.0377886
27 37 3.6234128
27 7 114.46592
27 16 1.5694817
27 25 0.8839223
28 36 0.040678218
28 26 0.042507708
28 10 1.0371611
28 3 0.09210563
28 12 4.592223
28 9 10.921188
29 0 2.62843
29 30 6.6928043
29 8 0.681957
29 18 0.89700335
29 13 0.76941365
29 11 0.45271572
29 5 4.504878
29 34 11.142235
29 20 3.000844
29 2 1.0248364
29 37 0.9007352
29 7 2000.0
29 27 0.28228045
29 16 2000.0
29 23 3.450122
29 25 1.0941164
30 0 2000.0
30 8 0.58524793
30 18 0.7241119
30 13 1.5236413
30 33 3.910629
30 11 0.8649983
30 29 6.6928043
30 5 0.94010323
30 34 4.068078
30 20 6.8688774
30 2 27.704962
30 14 2000.0
30 37 12.420531
30 7 1.0703315
30 27 0.17798218
30 16 1.0318216
30 23 1.0976223
30 25 4.649786
31 26 0.06685458
31 6 1.6770929
31 10 0.032820392
31 24 8.642605
31 9 0.02940406
31 17 1.1757145
31 4 0.06637902
31 19 0.06405791
32 26 24.968952
32 24 0.11215827
32 12 0.23232119
32 15 0.07787271
33 30 3.910629
33 13 1.0586274
33 11 4.810058
33 29 2382.1023
33 5 2000.0
33 34 2000.0
33 20 3.659211
33 2 2.5084596
33 14 0.6006207
33 7 2000.0
33 27 1.0948875
33 16 2000.0
33 25 0.6121814
34 30 4.068078
34 20 1.512987
34 8 4.9797425
34 7 8.649806
34 13 11.656317
34 27 1.4875307
34 16 2536.0227
34 11 5.0899935
34 25 4.809386
34 29 11.142235
34 5 5.0324874
35 21 0.04163562
36 26 2000.0
36 28 0.040678218
36 3 0.32468212
36 9 1.4892033
37 30 12.420531
37 0 2.1535792
37 8 1.2831281
37 18 1.5357907
37 13 2.173484
37 11 2.065833
37 29 0.9007352
37 20 6.519182
37 2 1.3916262
37 7 16.046211
37 27 3.6234128
37 16 100.00852
37 23 3.7360458
37 25 54.444447
