0 2 0.9217241
0 37 2.5455058
0 13 0.8477847
0 29 19.584482
0 25 23.376621
1 3 1.4443966
1 12 64.14407
2 30 20.886738
2 0 0.9217241
2 8 1.4420515
2 18 2.8110285
2 13 0.64373165
2 33 2.5594406
2 11 2.6715293
2 29 1.2152319
2 20 2.469228
2 37 0.81565994
2 27 1.670398
2 16 2000.0
2 23 13.581681
2 25 0.7505347
3 36 0.48713952
3 28 9.896517
3 24 2000.0
3 12 0.07352456
3 1 1.4443966
3 9 0.73937577
4 31 0.07126809
4 9 0.09932499
4 17 0.2113346
4 19 0.067586906
5 30 0.78874815
5 8 0.8399177
5 18 0.7170636
5 13 34.686615
5 11 5.16627
5 29 2.0956283
5 34 3.0037293
5 20 4.264181
5 37 10.797348
5 7 8.204677
5 27 4.4355006
5 16 1.7139591
5 23 6.905124
5 25 2000.0
6 31 0.16933845
6 17 2.3929493
7 30 0.8666802
7 20 89.592285
7 8 5.629947
7 37 105.92386
7 16 1.0987188
7 11 120.00001
7 23 1.4871244
7 29 2000.0
7 25 2.889497
7 5 8.204677
8 0 2000.0
8 30 0.5001959
8 18 1.084718
8 13 0.9135328
8 11 1.2206314
8 29 0.90453213
8 5 0.8399177
8 34 75.01094
8 2 1.4420515
8 37 1.7248689
8 7 5.629947
8 27 2.0926
8 16 2.537769
8 23 0.8274411
8 25 2000.0
9 36 0.69080865
9 26 2000.0
9 28 0.5503843
9 10 44.648968
9 22 0.049531385
9 31 0.02932251
9 12 2000.0
9 3 0.73937577
9 4 0.09932499
9 17 0.041648697
9 19 0.06495365
10 26 0.0562596
10 28 0.24736199
10 24 0.10271262
10 31 15.365098
10 12 1247.5
10 9 44.648968
10 17 0.03162108
11 0 2000.0
11 30 1.1373562
11 8 1.2206314
11 18 5.6175246
11 13 1.3348992
11 33 2.031544
11 29 1.1088105
11 5 5.16627
11 34 3.614773
11 20 1.9573607
11 2 2.6715293
11 37 1.6644892
11 7 120.00001
11 27 0.96724606
11 16 1.3106157
11 25 0.6600987
12 26 0.6874063
12 32 4.0325627
12 24 0.0679094
12 21 0.086550325
12 3 0.07352456
12 1 64.14407
13 30 30.589426
13 0 0.8477847
13 8 0.9135328
13 18 2392.7842
13 33 1.0090746
13 11 1.3348992
13 29 1.0276066
13 5 34.686615
13 34 160.0
13 20 0.90306073
13 2 0.64373165
13 14 5.34953
13 37 1.270078
13 7 2000.0
13 27 0.37484664
13 16 23.971998
13 25 0.24222074
14 30 14.59666
14 20 4.826847
14 13 5.34953
14 27 3.2258184
14 33 0.5034896
14 25 3.9133918
15 32 0.07371701
15 21 5.290391
16 0 2000.0
16 30 1.3020748
16 8 2.537769
16 18 1.1131591
16 13 23.971998
16 11 1.3106157
16 5 1.7139591
16 34 61.304928
16 20 70.90697
16 7 1.0987188
16 27 1.5539991
16 23 3.6532044
16 25 1.10374
17 6 2.3929493
17 26 1.6883005
17 10 0.03162108
17 24 0.1514729
17 31 1.134263
17 9 0.041648697
17 4 0.2113346
17 19 1209.7727
18 0 2000.0
18 30 0.70132256
18 8 1.084718
18 13 2392.7842
18 11 5.6175246
18 29 1.2577568
18 5 0.7170636
18 2 2.8110285
18 37 3.108545
18 7 2000.0
18 27 30.105679
18 16 1.1131591
18 23 1.3921632
19 31 0.1157222
19 9 0.06495365
19 4 0.067586906
20 30 1.279439
20 13 0.90306073
20 33 1.2477735
20 11 1.9573607
20 29 14.084559
20 5 4.264181
20 34 0.84968257
20 2 2.469228
20 14 4.826847
20 37 2.6938965
20 7 89.592285
20 27 2.0186937
20 16 70.90697
20 25 0.52228814
21 26 2000.0
21 32 2000.0
21 24 0.54746175
21 35 0.031891495
21 12 0.086550325
21 15 5.290391
22 31 69.80601
22 9 0.049531385
22 19 2000.0
23 0 2000.0
23 30 1.6478467
23 8 0.8274411
23 2 13.581681
23 37 2.8686533
23 18 1.3921632
23 7 1.4871244
23 16 3.6532044
23 11 2000.0
23 29 1.3947885
23 5 6.905124
24 26 0.040296666
24 32 0.18763758
24 10 0.10271262
24 21 0.54746175
24 12 0.0679094
24 3 2000.0
24 15 2000.0
24 17 0.1514729
25 0 23.376621
25 30 15.827101
25 13 0.24222074
25 33 0.6733471
25 11 0.6600987
25 29 2.1056724
25 34 2.2950752
25 20 0.52228814
25 2 0.7505347
25 14 3.9133918
25 37 77.29633
25 7 2.889497
25 27 0.2280913
25 16 1.10374
26 32 18.12331
26 28 0.06440869
26 10 0.0562596
26 24 0.040296666
26 31 0.11447193
26 12 0.6874063
26 17 1.6883005
27 30 0.30816734
27 0 2000.0
27 8 2.0926
27 18 30.105679
27 13 0.37484664
27 33 0.7826176
27 11 0.96724606
27 29 0.7627532
27 5 4.4355006
27 34 1.1577392
27 20 2.0186937
27 2 1.670398
27 14 3.2258184
27 37 1.7246958
27 7 2000.0
27 16 1.5539991
27 25 0.2280913
28 36 0.03656525
28 26 0.06440869
28 10 0.24736199
28 3 9.896517
28 12 1199.091
28 9 0.5503843
28 19 1483.6364
29 0 19.584482
29 30 1.3791814
29 8 0.90453213
29 18 1.2577568
29 13 1.0276066
29 33 19.072945
29 11 1.1088105
29 5 2.0956283
29 34 3.0912673
29 20 14.084559
29 2 1.2152319
29 37 0.9717165
29 7 2000.0
29 27 0.7627532
29 16 2000.0
29 23 1.3947885
29 25 2.1056724
30 8 0.5001959
30 18 0.70132256
30 13 30.589426
30 33 8.070797
30 11 1.1373562
30 29 1.3791814
30 5 0.78874815
30 34 1.1094086
30 20 1.279439
30 2 20.886738
30 14 14.59666
30 37 14.105398
30 7 0.8666802
30 27 0.30816734
30 16 1.3020748
30 23 1.6478467
30 25 15.827101
31 26 0.11447193
31 6 0.16933845
31 10 15.365098
31 35 47.02529
31 22 69.80601
31 9 0.02932251
31 4 0.07126809
31 17 1.134263
31 19 0.1157222
32 26 18.12331
32 24 0.18763758
32 12 4.0325627
32 15 0.07371701
33 30 8.070797
33 8 2000.0
33 13 1.0090746
33 11 2.031544
33 29 19.072945
33 5 2000.0
33 34 2000.0
33 20 1.2477735
33 2 2.5594406
33 14 0.5034896
33 7 2000.0
33 27 0.7826176
33 16 3017.898
33 25 0.6733471
34 30 1.1094086
34 20 0.84968257
34 8 75.01094
34 37 2000.0
34 7 2000.0
34 13 160.0
34 27 1.1577392
34 16 61.304928
34 11 3.614773
34 29 3.0912673
34 25 2.2950752
34 5 3.0037293
35 21 0.031891495
35 31 47.02529
36 28 0.03656525
36 3 0.48713952
36 9 0.69080865
37 30 14.105398
37 0 2.5455058
37 8 1.7248689
37 18 3.108545
37 13 1.270078
37 11 1.6644892
37 29 0.9717165
37 5 10.797348
37 20 2.6938965
37 2 0.81565994
37 7 105.92386
37 27 1.7246958
37 16 2000.0
37 23 2.8686533
37 25 77.29633
