0 2 0.7988562
0 37 4.354328
0 13 0.7840384
0 25 257.14285
0 29 33.00174
1 3 0.89482
1 12 17.848549
2 30 17.78206
2 0 0.7988562
2 8 1.2393281
2 18 3.4823923
2 13 0.35277474
2 33 2.1777167
2 11 1.5025648
2 29 1.062941
2 20 3.2547443
2 37 0.7755971
2 27 1.187331
2 16 2000.0
2 23 16.727577
2 25 0.44449118
3 36 1.0722356
3 28 31.557957
3 24 1596.9318
3 12 0.08840279
3 1 0.89482
3 9 0.5326019
4 31 0.064331844
4 9 0.09454774
4 17 0.14280301
4 19 0.07452201
5 30 1.6049964
5 8 0.8019943
5 18 0.9378099
5 13 49.497444
5 11 1.5140395
5 29 4.3280067
5 34 4.710802
5 20 2.4923296
5 37 11.209306
5 7 6.5993023
5 27 1.8938241
5 16 1.7302055
5 23 3.9444387
5 25 2000.0
6 31 0.19356261
6 17 1.2079949
7 34 160.0
7 30 1.9174739
7 20 31.790012
7 8 12.263249
7 37 291.47772
7 16 1.1840351
7 23 1.6550171
7 11 93.33508
7 25 3.2959094
7 5 6.5993023
8 0 2000.0
8 30 0.5247801
8 18 1.3077877
8 13 2.8788493
8 11 1.4736181
8 29 1.2059848
8 5 0.8019943
8 34 34.384014
8 2 1.2393281
8 37 0.89863795
8 7 12.263249
8 27 0.8503326
8 16 1.9161556
8 23 1.1331933
8 25 2000.0
9 36 0.551666
9 26 2000.0
9 28 1.4449867
9 10 8.153035
9 22 0.054225232
9 31 0.028435273
9 3 0.5326019
9 12 2000.0
9 4 0.09454774
9 17 0.07150843
9 19 0.10080646
10 26 0.034027815
10 28 0.29898125
10 24 0.075951435
10 31 1.6128198
10 12 1632.1023
10 9 8.153035
10 17 0.030205278
11 0 2000.0
11 30 0.6292102
11 8 1.4736181
11 18 8.448092
11 13 1.1432066
11 33 1.6285242
11 29 0.67804664
11 5 1.5140395
11 34 2.720901
11 20 1.1622816
11 2 1.5025648
11 37 1.1593198
11 7 93.33508
11 27 0.8060891
11 16 1.0158151
11 25 0.5689928
12 26 0.63124996
12 32 13.938132
12 24 0.07246264
12 21 0.12720445
12 3 0.08840279
12 1 17.848549
13 30 41.559055
13 0 0.7840384
13 8 2.8788493
13 18 45.654095
13 33 1.1727542
13 11 1.1432066
13 29 0.7869508
13 5 49.497444
13 34 2000.0
13 20 0.97795045
13 2 0.35277474
13 14 5.892609
13 37 1.0870422
13 7 2000.0
13 27 0.23300168
13 16 84.07349
13 25 0.25394842
14 30 10.476009
14 20 3.095232
14 13 5.892609
14 27 7.822401
14 33 0.53471327
14 11 2000.0
14 25 5.233722
15 32 0.0693742
15 21 14.667525
16 30 1.1395416
16 0 2000.0
16 8 1.9161556
16 18 1.5052127
16 13 84.07349
16 11 1.0158151
16 5 1.7302055
16 34 106.04271
16 20 84.921844
16 7 1.1840351
16 27 1.6153253
16 23 2.0824437
16 25 0.9822812
17 6 1.2079949
17 26 1.6125616
17 10 0.030205278
17 24 0.07303775
17 31 0.9511754
17 9 0.07150843
17 4 0.14280301
17 19 2000.0
18 0 2000.0
18 30 0.9878692
18 8 1.3077877
18 13 45.654095
18 11 8.448092
18 29 1.8121203
18 5 0.9378099
18 2 3.4823923
18 37 2.8977973
18 7 2000.0
18 27 70.129745
18 16 1.5052127
18 23 1.4059299
19 28 20.812777
19 31 0.28412995
19 9 0.10080646
19 4 0.07452201
20 30 1.9697894
20 8 2000.0
20 13 0.97795045
20 33 1.1423832
20 11 1.1622816
20 29 7.939668
20 5 2.4923296
20 34 0.91210055
20 2 3.2547443
20 14 3.095232
20 37 4.2623854
20 7 31.790012
20 27 1.5085227
20 16 84.921844
20 25 0.48066872
21 32 400.0
21 24 0.894448
21 35 0.035871215
21 31 800.0
21 12 0.12720445
21 15 14.667525
21 4 2000.0
22 31 128.31392
22 9 0.054225232
22 19 2000.0
23 0 2000.0
23 30 4.0059147
23 8 1.1331933
23 2 16.727577
23 37 1.9903411
23 18 1.4059299
23 7 1.6550171
23 16 2.0824437
23 11 2000.0
23 29 1.2725511
23 5 3.9444387
24 26 0.053468753
24 32 0.24372454
24 10 0.075951435
24 21 0.894448
24 12 0.07246264
24 15 2000.0
24 17 0.07303775
25 0 257.14285
25 30 9.261592
25 13 0.25394842
25 33 0.663682
25 11 0.5689928
25 29 2.4684794
25 34 1.4737903
25 20 0.48066872
25 2 0.44449118
25 14 5.233722
25 37 20.474276
25 7 3.2959094
25 27 0.2709036
25 16 0.9822812
26 32 37.789776
26 28 0.0587778
26 10 0.034027815
26 24 0.053468753
26 31 2.2353976
26 12 0.63124996
26 17 1.6125616
27 0 2000.0
27 30 0.19052094
27 8 0.8503326
27 18 70.129745
27 13 0.23300168
27 33 0.7273304
27 11 0.8060891
27 29 1.9799353
27 5 1.8938241
27 34 0.908747
27 20 1.5085227
27 2 1.187331
27 14 7.822401
27 37 1.0354751
27 7 2000.0
27 16 1.6153253
27 25 0.2709036
28 36 0.0351089
28 26 0.0587778
28 10 0.29898125
28 12 1144.9432
28 3 31.557957
28 9 1.4449867
28 19 20.812777
29 0 33.00174
29 30 3.6505969
29 8 1.2059848
29 18 1.8121203
29 13 0.7869508
29 33 16.932802
29 11 0.67804664
29 5 4.3280067
29 34 2.853353
29 20 7.939668
29 2 1.062941
29 37 1.7502575
29 7 2000.0
29 27 1.9799353
29 16 414.47314
29 23 1.2725511
29 25 2.4684794
30 8 0.5247801
30 18 0.9878692
30 13 41.559055
30 33 8.193344
30 11 0.6292102
30 29 3.6505969
30 5 1.6049964
30 34 0.841063
30 20 1.9697894
30 2 17.78206
30 14 10.476009
30 37 8.837404
30 7 1.9174739
30 27 0.19052094
30 16 1.1395416
30 23 4.0059147
30 25 9.261592
31 26 2.2353976
31 6 0.19356261
31 10 1.6128198
31 35 6.779613
31 21 800.0
31 22 128.31392
31 9 0.028435273
31 4 0.064331844
31 17 0.9511754
31 19 0.28412995
32 26 37.789776
32 24 0.24372454
32 21 400.0
32 12 13.938132
32 15 0.0693742
33 30 8.193344
33 13 1.1727542
33 11 1.6285242
33 29 16.932802
33 5 2000.0
33 34 2000.0
33 20 1.1423832
33 2 2.1777167
33 14 0.53471327
33 7 2000.0
33 27 0.7273304
33 16 2422.443
33 25 0.663682
34 30 0.841063
34 20 0.91210055
34 8 34.384014
34 37 2000.0
34 13 2000.0
34 7 160.0
34 27 0.908747
34 16 106.04271
34 11 2.720901
34 29 2.853353
34 25 1.4737903
34 5 4.710802
35 21 0.035871215
35 31 6.779613
36 28 0.0351089
36 3 1.0722356
36 9 0.551666
37 30 8.837404
37 0 4.354328
37 8 0.89863795
37 18 2.8977973
37 13 1.0870422
37 11 1.1593198
37 29 1.7502575
37 5 11.209306
37 20 4.2623854
37 2 0.7755971
37 7 291.47772
37 27 1.0354751
37 16 2000.0
37 23 1.9903411
37 25 20.474276
