0 8 9.55495
0 2 0.71685493
0 37 0.6704184
0 13 0.45993045
0 11 2000.0
0 29 9.648154
0 25 2000.0
1 3 0.3503299
1 12 72.78864
2 30 35.10083
2 0 0.71685493
2 8 1.4269565
2 18 16.061428
2 13 0.5222504
2 33 3.3395727
2 11 2.596107
2 29 1.4212282
2 20 2.641864
2 37 1.0695316
2 27 1.1519374
2 23 29.33486
2 25 2.7771878
3 36 0.28903326
3 28 0.22578982
3 24 2000.0
3 12 0.06257451
3 1 0.3503299
3 9 0.3516458
4 31 0.07387867
4 9 0.0704912
4 17 0.08363413
4 19 0.0908541
5 30 0.6416822
5 8 0.8514356
5 18 0.3978768
5 13 2000.0
5 11 2.8083625
5 29 2.5854516
5 34 3.301728
5 20 2.9731262
5 37 2000.0
5 7 9.286402
5 27 1.679473
5 16 1.537212
5 23 4.3228407
6 22 78.224434
6 31 1.2058105
6 17 1.5958194
7 34 16.08909
7 30 1.1626697
7 20 1.3051441
7 8 41.71182
7 37 21.559536
7 27 156.25876
7 16 1.2611665
7 11 5.3801794
7 23 1.4673882
7 25 18.448511
7 5 9.286402
8 0 9.55495
8 30 0.57992435
8 18 1.1364933
8 13 2.2388535
8 11 1.0094079
8 29 0.59202266
8 5 0.8514356
8 34 3.635756
8 2 1.4269565
8 37 0.8756742
8 7 41.71182
8 27 1.3017722
8 16 1.6907264
8 23 0.9835549
9 36 1.6754327
9 26 2000.0
9 28 0.94979805
9 10 4.2575707
9 22 0.3986542
9 31 0.041440617
9 3 0.3516458
9 12 2000.0
9 17 0.045201954
9 4 0.0704912
9 19 0.0675953
10 26 0.03626429
10 28 0.17019928
10 24 0.07244953
10 31 0.02848764
10 12 2.2857976
10 9 4.2575707
10 17 0.056679245
11 0 2000.0
11 30 0.41833332
11 8 1.0094079
11 18 4.36418
11 13 0.5164533
11 33 2.0627713
11 29 1.1268828
11 5 2.8083625
11 34 2.8146117
11 20 0.7134972
11 2 2.596107
11 37 1.2414699
11 7 5.3801794
11 27 0.3980446
11 16 0.9887501
11 25 0.89239126
12 26 1.490976
12 28 7.99112
12 32 0.3349693
12 10 2.2857976
12 24 0.08607489
12 21 0.07478844
12 3 0.06257451
12 1 72.78864
13 30 0.6963141
13 0 0.45993045
13 8 2.2388535
13 18 95.69104
13 33 0.920014
13 11 0.5164533
13 29 0.7405703
13 34 13.387053
13 20 0.5524311
13 2 0.5222504
13 14 2.2333577
13 37 2.269993
13 27 0.16769388
13 16 75.0
13 25 0.5349479
14 20 0.9684501
14 13 2.2333577
14 33 0.44733346
14 27 3.7167306
14 11 2000.0
14 25 1.1570262
15 32 0.093745485
15 21 1.435577
16 0 2000.0
16 30 2.3143685
16 8 1.6907264
16 18 0.848383
16 13 75.0
16 11 0.9887501
16 29 181.70914
16 5 1.537212
16 20 5.725925
16 37 68.96886
16 7 1.2611665
16 27 2.4480052
16 23 8.321658
16 25 1.235354
17 26 2.9523003
17 6 1.5958194
17 10 0.056679245
17 24 0.17553616
17 31 2.4609375
17 9 0.045201954
17 4 0.08363413
17 19 3.1044652
18 0 2000.0
18 30 0.7955123
18 8 1.1364933
18 13 95.69104
18 11 4.36418
18 29 0.9306901
18 5 0.3978768
18 2 16.061428
18 37 1.3805684
18 7 2000.0
18 27 4.1870217
18 16 0.848383
18 23 1.5101064
19 31 0.06873167
19 9 0.0675953
19 17 3.1044652
19 4 0.0908541
20 30 6.873902
20 13 0.5524311
20 33 0.9733656
20 11 0.7134972
20 29 2.2261755
20 5 2.9731262
20 34 0.81839144
20 2 2.641864
20 14 0.9684501
20 37 5.10995
20 7 1.3051441
20 27 0.36164096
20 16 5.725925
20 25 0.3769679
21 32 2000.0
21 10 2000.0
21 24 0.08944719
21 35 0.08041958
21 12 0.07478844
21 15 1.435577
22 6 78.224434
22 31 1290.3977
22 9 0.3986542
22 19 1289.6592
23 0 2000.0
23 30 2.3392744
23 2 29.33486
23 8 0.9835549
23 37 2.7880392
23 18 1.5101064
23 7 1.4673882
23 16 8.321658
23 11 2000.0
23 29 5.862868
23 5 4.3228407
24 26 0.05511092
24 32 0.09776947
24 28 2000.0
24 10 0.07244953
24 21 0.08944719
24 31 15.849431
24 3 2000.0
24 12 0.08607489
24 15 2000.0
24 17 0.17553616
25 0 2000.0
25 30 2.5334115
25 13 0.5349479
25 33 0.5496982
25 11 0.89239126
25 29 3.026211
25 34 1.798276
25 20 0.3769679
25 2 2.7771878
25 14 1.1570262
25 37 42.556602
25 7 18.448511
25 27 0.71889347
25 16 1.235354
26 36 65.399254
26 32 1149.4319
26 28 0.03563447
26 10 0.03626429
26 24 0.05511092
26 31 0.057287272
26 12 1.490976
26 17 2.9523003
27 0 2000.0
27 30 0.22903708
27 8 1.3017722
27 18 4.1870217
27 13 0.16769388
27 33 0.99510986
27 11 0.3980446
27 29 0.8521022
27 5 1.679473
27 34 2.8072388
27 20 0.36164096
27 2 1.1519374
27 14 3.7167306
27 37 1.4253169
27 7 156.25876
27 16 2.4480052
27 25 0.71889347
28 36 0.03293622
28 26 0.03563447
28 10 0.17019928
28 3 0.22578982
28 12 7.99112
28 9 0.94979805
29 30 3.281369
29 0 9.648154
29 8 0.59202266
29 18 0.9306901
29 13 0.7405703
29 11 1.1268828
29 5 2.5854516
29 34 6.3627796
29 20 2.2261755
29 2 1.4212282
29 37 1.0190734
29 7 2000.0
29 27 0.8521022
29 16 181.70914
29 23 5.862868
29 25 3.026211
30 0 2000.0
30 8 0.57992435
30 18 0.7955123
30 13 0.6963141
30 33 2.086058
30 11 0.41833332
30 29 3.281369
30 5 0.6416822
30 34 2.6669679
30 20 6.873902
30 2 35.10083
30 14 2000.0
30 37 10.901103
30 7 1.1626697
30 27 0.22903708
30 16 2.3143685
30 23 2.3392744
30 25 2.5334115
31 26 0.057287272
31 6 1.2058105
31 10 0.02848764
31 24 15.849431
31 9 0.041440617
31 17 2.4609375
31 4 0.07387867
31 19 0.06873167
32 24 0.09776947
32 12 0.3349693
32 15 0.093745485
33 30 2.086058
33 8 2000.0
33 13 0.920014
33 11 2.0627713
33 29 3275.3408
33 5 2000.0
33 34 2000.0
33 20 0.9733656
33 2 3.3395727
33 14 0.44733346
33 7 2000.0
33 27 0.99510986
33 16 1998.8635
33 25 0.5496982
34 30 2.6669679
34 20 0.81839144
34 8 3.635756
34 7 16.08909
34 13 13.387053
34 27 2.8072388
34 16 5535.0566
34 11 2.8146117
34 25 1.798276
34 29 6.3627796
34 5 3.301728
35 21 0.08041958
36 26 65.399254
36 28 0.03293622
36 3 0.28903326
36 9 1.6754327
37 30 10.901103
37 0 0.6704184
37 8 0.8756742
37 18 1.3805684
37 13 2.269993
37 11 1.2414699
37 29 1.0190734
37 20 5.10995
37 2 1.0695316
37 7 21.559536
37 27 1.4253169
37 16 68.96886
37 23 2.7880392
37 25 42.556602
