0 2 1.205191
0 37 1.6613209
0 13 0.993077
0 29 113.485115
0 25 13.869468
1 3 1.4172904
1 12 14.121004
2 30 47.413822
2 0 1.205191
2 8 1.6428638
2 18 2.220599
2 13 0.5981763
2 33 3.9110935
2 11 2.1335645
2 29 1.0532439
2 20 4.0910454
2 37 0.79976153
2 27 2.398895
2 16 2000.0
2 23 7.3507533
2 25 0.7784994
3 36 0.56422174
3 28 5.8799586
3 24 2000.0
3 12 0.07000641
3 1 1.4172904
3 9 0.22738194
4 31 0.07494231
4 9 0.10632902
4 17 0.18349393
4 19 0.076691024
5 30 0.8930322
5 8 1.0067611
5 18 1.0477833
5 13 45.678566
5 11 6.950504
5 29 3.7882776
5 34 2.5256248
5 20 3.9865828
5 37 33.902435
5 7 18.365932
5 27 2.193224
5 16 1.5378243
5 23 7.7834716
5 25 2000.0
6 31 0.14873323
6 17 3.489287
7 30 0.8738908
7 20 34.701164
7 8 5.1476946
7 37 133.33334
7 16 1.2255496
7 23 1.4603986
7 25 4.0607233
7 5 18.365932
8 0 2000.0
8 30 0.3968292
8 18 1.2907524
8 13 0.99348134
8 11 1.0505682
8 29 0.59978306
8 5 1.0067611
8 34 22.724026
8 2 1.6428638
8 37 1.0982965
8 7 5.1476946
8 27 1.6079476
8 16 1.4602851
8 23 1.0082883
8 25 2000.0
9 36 0.5532357
9 26 2000.0
9 28 1.4696023
9 10 20.707644
9 22 0.051401466
9 31 0.0285197
9 3 0.22738194
9 12 2000.0
9 4 0.10632902
9 17 0.038996216
9 19 0.07149868
10 26 0.028840696
10 28 0.3515527
10 24 0.07614095
10 31 13.474077
10 12 1264.2045
10 9 20.707644
10 17 0.03151291
11 0 2000.0
11 30 0.80016434
11 8 1.0505682
11 18 8.732963
11 13 0.91176766
11 33 3.0064862
11 29 1.3988155
11 5 6.950504
11 34 1.6008561
11 20 1.218995
11 2 2.1335645
11 37 1.6450737
11 7 1643.1818
11 27 0.7708894
11 16 1.1412182
11 25 1.0110931
12 26 0.47885326
12 32 3.748337
12 24 0.06596407
12 21 0.12856002
12 3 0.07000641
12 1 14.121004
13 30 30.50238
13 0 0.993077
13 8 0.99348134
13 18 54.50468
13 33 0.88407636
13 11 0.91176766
13 29 0.7581719
13 5 45.678566
13 34 137.5952
13 20 1.2813739
13 2 0.5981763
13 14 6.826105
13 37 1.5617208
13 7 2000.0
13 27 0.35440966
13 16 46.663025
13 25 0.32768887
14 30 13.798828
14 20 13.979449
14 13 6.826105
14 27 4.2469773
14 33 0.39427483
14 25 1.4148216
15 32 0.07137668
15 21 5.3938217
16 30 1.3684669
16 0 2000.0
16 8 1.4602851
16 18 1.781861
16 13 46.663025
16 11 1.1412182
16 5 1.5378243
16 34 36.182686
16 20 29.571169
16 7 1.2255496
16 27 2.5423727
16 23 2.951446
16 25 1.792928
17 6 3.489287
17 26 2.012597
17 10 0.03151291
17 24 0.08117548
17 31 0.96696675
17 9 0.038996216
17 4 0.18349393
17 19 1774.2045
18 0 2000.0
18 30 0.7038775
18 8 1.2907524
18 13 54.50468
18 11 8.732963
18 29 1.2645036
18 5 1.0477833
18 2 2.220599
18 37 1.8830045
18 7 2000.0
18 27 21.847624
18 16 1.781861
18 23 1.3531502
19 31 0.06783358
19 9 0.07149868
19 4 0.076691024
20 30 1.4634104
20 13 1.2813739
20 33 1.3410193
20 11 1.218995
20 29 12.307021
20 5 3.9865828
20 34 0.96134496
20 2 4.0910454
20 14 13.979449
20 37 3.8929493
20 7 34.701164
20 27 1.1544445
20 16 29.571169
20 25 0.66864485
21 32 2000.0
21 24 0.74756914
21 35 0.055448957
21 12 0.12856002
21 15 5.3938217
22 31 94.736855
22 9 0.051401466
22 19 2000.0
23 0 2000.0
23 30 1.9972706
23 8 1.0082883
23 2 7.3507533
23 37 2.720753
23 18 1.3531502
23 7 1.4603986
23 16 2.951446
23 11 2000.0
23 29 3.1116037
23 5 7.7834716
24 26 0.070214994
24 32 0.45264655
24 10 0.07614095
24 21 0.74756914
24 12 0.06596407
24 15 2000.0
24 17 0.08117548
25 30 19.414055
25 0 13.869468
25 13 0.32768887
25 33 0.8495431
25 11 1.0110931
25 29 6.032082
25 34 1.4595248
25 20 0.66864485
25 2 0.7784994
25 14 1.4148216
25 37 28.399063
25 7 4.0607233
25 27 0.2909009
25 16 1.792928
26 32 1163.5796
26 28 0.060345244
26 10 0.028840696
26 24 0.070214994
26 31 0.097713985
26 12 0.47885326
26 17 2.012597
27 30 0.29209244
27 0 2000.0
27 8 1.6079476
27 18 21.847624
27 13 0.35440966
27 33 1.1699549
27 11 0.7708894
27 29 0.73177904
27 5 2.193224
27 34 1.2876115
27 20 1.1544445
27 2 2.398895
27 14 4.2469773
27 37 0.98131996
27 7 2000.0
27 16 2.5423727
27 25 0.2909009
28 36 0.030854888
28 26 0.060345244
28 10 0.3515527
28 3 5.8799586
28 12 1200.3408
28 9 1.4696023
28 19 1367.8977
29 0 113.485115
29 30 1.2707859
29 8 0.59978306
29 18 1.2645036
29 13 0.7581719
29 33 33.93915
29 11 1.3988155
29 5 3.7882776
29 34 5.839647
29 20 12.307021
29 2 1.0532439
29 37 1.23871
29 7 2000.0
29 27 0.73177904
29 16 2000.0
29 23 3.1116037
29 25 6.032082
30 8 0.3968292
30 18 0.7038775
30 13 30.50238
30 33 26.524092
30 11 0.80016434
30 29 1.2707859
30 5 0.8930322
30 34 0.7877951
30 20 1.4634104
30 2 47.413822
30 14 13.798828
30 37 34.84705
30 7 0.8738908
30 27 0.29209244
30 16 1.3684669
30 23 1.9972706
30 25 19.414055
31 26 0.097713985
31 6 0.14873323
31 10 13.474077
31 35 32.960228
31 22 94.736855
31 9 0.0285197
31 4 0.07494231
31 17 0.96696675
31 19 0.06783358
32 24 0.45264655
32 12 3.748337
32 15 0.07137668
33 30 26.524092
33 8 2000.0
33 13 0.88407636
33 11 3.0064862
33 29 33.93915
33 5 2000.0
33 34 2000.0
33 20 1.3410193
33 2 3.9110935
33 14 0.39427483
33 7 2000.0
33 27 1.1699549
33 16 3017.898
33 25 0.8495431
34 30 0.7877951
34 20 0.96134496
34 8 22.724026
34 37 2000.0
34 7 2000.0
34 13 137.5952
34 27 1.2876115
34 16 36.182686
34 11 1.6008561
34 29 5.839647
34 25 1.4595248
34 5 2.5256248
35 21 0.055448957
35 31 32.960228
36 28 0.030854888
36 3 0.56422174
36 9 0.5532357
37 30 34.84705
37 0 1.6613209
37 8 1.0982965
37 18 1.8830045
37 13 1.5617208
37 11 1.6450737
37 29 1.23871
37 5 33.902435
37 20 3.8929493
37 2 0.79976153
37 7 133.33334
37 27 0.98131996
37 16 2000.0
37 23 2.720753
37 25 28.399063
