0 2 1.0440879
0 37 2.063348
0 13 1.0552485
0 25 25.316952
0 29 92.18823
1 3 1.1051037
1 12 12.14858
2 30 17.39445
2 0 1.0440879
2 8 1.1171646
2 18 2.6647055
2 13 0.64297694
2 33 2.1496398
2 11 1.713114
2 29 1.2664524
2 20 2.4473825
2 37 0.90624374
2 27 1.5438135
2 16 2000.0
2 23 9.366102
2 25 0.8569088
3 36 0.34997293
3 28 6.82358
3 24 2000.0
3 12 0.08893625
3 1 1.1051037
3 9 0.539724
4 31 0.06407101
4 9 0.07191051
4 17 0.16544808
4 19 0.06766745
5 30 0.5721845
5 8 0.4265949
5 18 0.8963732
5 13 83.966736
5 11 7.3646097
5 29 4.0986276
5 34 2.230165
5 20 2.0339217
5 37 21.503077
5 7 8.681086
5 27 1.1052265
5 16 1.5346038
5 23 3.7296653
6 31 0.15357405
6 17 2.491165
7 30 0.7925748
7 20 144.43832
7 8 3.1948688
7 16 1.439253
7 23 1.4809402
7 11 127.15466
7 25 2.177937
7 5 8.681086
8 0 2000.0
8 30 0.40258285
8 18 1.2598102
8 13 1.1072643
8 11 1.4748805
8 29 1.1770031
8 5 0.4265949
8 34 41.49235
8 2 1.1171646
8 37 1.1096355
8 7 3.1948688
8 27 2.3868172
8 16 1.3304112
8 23 1.0632671
8 25 2000.0
9 36 0.72779495
9 26 2000.0
9 28 1.2203363
9 10 15.5844145
9 22 0.064491734
9 31 0.030617673
9 3 0.539724
9 12 2000.0
9 4 0.07191051
9 17 0.036720153
9 19 0.065144114
10 26 0.030448956
10 28 0.506348
10 24 0.3011995
10 31 30.955645
10 12 1301.0228
10 9 15.5844145
10 17 0.03486401
11 0 2000.0
11 30 0.77806824
11 8 1.4748805
11 18 11.821049
11 13 0.93668234
11 33 2.6006036
11 29 1.5313175
11 5 7.3646097
11 34 2.477218
11 20 2.1690285
11 2 1.713114
11 37 2.739333
11 7 127.15466
11 27 0.8851283
11 16 1.0965049
11 25 2.432428
12 26 0.86828095
12 32 6.275163
12 10 1301.0228
12 24 0.06536045
12 21 0.21521308
12 3 0.08893625
12 1 12.14858
13 30 31.829514
13 0 1.0552485
13 8 1.1072643
13 18 133.33334
13 33 1.1014186
13 11 0.93668234
13 29 0.69352275
13 5 83.966736
13 34 197.01137
13 20 0.8867418
13 2 0.64297694
13 14 3.4700918
13 37 1.3595177
13 7 2000.0
13 27 0.29427963
13 16 33.719017
13 25 0.22236246
14 30 9.726453
14 20 3.3746831
14 13 3.4700918
14 27 7.249817
14 33 0.8304667
14 11 2000.0
14 25 2.4786596
15 32 0.09695891
15 21 5.1614013
16 0 2000.0
16 30 1.1047776
16 8 1.3304112
16 18 1.1039945
16 13 33.719017
16 11 1.0965049
16 5 1.5346038
16 34 78.65122
16 20 18.908405
16 7 1.439253
16 27 1.4966263
16 23 3.229395
16 25 0.98474556
17 6 2.491165
17 26 1.3276304
17 10 0.03486401
17 24 0.10542225
17 31 1.0167289
17 9 0.036720153
17 4 0.16544808
17 19 37.40207
18 0 2000.0
18 30 0.70363635
18 8 1.2598102
18 13 133.33334
18 11 11.821049
18 29 1.2555164
18 5 0.8963732
18 2 2.6647055
18 37 2.247645
18 7 2000.0
18 27 22.457481
18 16 1.1039945
18 23 1.4049073
19 31 0.08236985
19 9 0.065144114
19 17 37.40207
19 4 0.06766745
20 30 1.082786
20 13 0.8867418
20 33 2.2952588
20 11 2.1690285
20 29 6.68915
20 5 2.0339217
20 34 1.9263471
20 2 2.4473825
20 14 3.3746831
20 37 6.1831565
20 7 144.43832
20 27 1.8265512
20 16 18.908405
20 25 0.87753105
21 26 2000.0
21 32 2000.0
21 24 1.1703781
21 35 0.03388013
21 12 0.21521308
21 15 5.1614013
22 31 450.00003
22 9 0.064491734
22 19 2000.0
23 0 2000.0
23 30 1.628274
23 8 1.0632671
23 2 9.366102
23 37 1.7840182
23 18 1.4049073
23 7 1.4809402
23 16 3.229395
23 11 2000.0
23 29 1.7903651
23 5 3.7296653
24 26 0.040918812
24 32 0.25470054
24 10 0.3011995
24 21 1.1703781
24 12 0.06536045
24 15 2000.0
24 17 0.10542225
25 30 21.164469
25 0 25.316952
25 13 0.22236246
25 33 0.74009466
25 11 2.432428
25 29 3.588592
25 34 1.5326933
25 20 0.87753105
25 2 0.8569088
25 14 2.4786596
25 37 84.43093
25 7 2.177937
25 27 0.23546804
25 16 0.98474556
26 32 19.722584
26 28 0.066566914
26 10 0.030448956
26 24 0.040918812
26 31 0.14683902
26 12 0.86828095
26 17 1.3276304
27 30 0.21903756
27 0 2000.0
27 8 2.3868172
27 18 22.457481
27 13 0.29427963
27 33 0.98062587
27 11 0.8851283
27 29 0.96091115
27 5 1.1052265
27 34 1.53776
27 20 1.8265512
27 2 1.5438135
27 14 7.249817
27 37 0.9890209
27 7 3911.4204
27 16 1.4966263
27 25 0.23546804
28 36 0.031735703
28 26 0.066566914
28 10 0.506348
28 3 6.82358
28 12 1144.5454
28 9 1.2203363
28 19 1367.5
29 0 92.18823
29 30 3.1240425
29 8 1.1770031
29 18 1.2555164
29 13 0.69352275
29 33 14.292288
29 11 1.5313175
29 5 4.0986276
29 34 5.0936837
29 20 6.68915
29 2 1.2664524
29 37 0.8364475
29 7 2000.0
29 27 0.96091115
29 16 5251.9316
29 23 1.7903651
29 25 3.588592
30 8 0.40258285
30 18 0.70363635
30 13 31.829514
30 33 10.418766
30 11 0.77806824
30 29 3.1240425
30 5 0.5721845
30 34 0.93723685
30 20 1.082786
30 2 17.39445
30 14 9.726453
30 37 13.583318
30 7 0.7925748
30 27 0.21903756
30 16 1.1047776
30 23 1.628274
30 25 21.164469
31 26 0.14683902
31 6 0.15357405
31 10 30.955645
31 35 140.17632
31 22 450.00003
31 9 0.030617673
31 4 0.06407101
31 17 1.0167289
31 19 0.08236985
32 26 19.722584
32 24 0.25470054
32 12 6.275163
32 15 0.09695891
33 30 10.418766
33 8 2000.0
33 13 1.1014186
33 11 2.6006036
33 29 14.292288
33 34 2000.0
33 20 2.2952588
33 2 2.1496398
33 14 0.8304667
33 7 2000.0
33 27 0.98062587
33 16 3017.898
33 25 0.74009466
34 30 0.93723685
34 20 1.9263471
34 8 41.49235
34 37 2000.0
34 7 2268.958
34 13 197.01137
34 27 1.53776
34 16 78.65122
34 11 2.477218
34 29 5.0936837
34 25 1.5326933
34 5 2.230165
35 21 0.03388013
35 31 140.17632
36 28 0.031735703
36 3 0.34997293
36 9 0.72779495
37 30 13.583318
37 0 2.063348
37 8 1.1096355
37 18 2.247645
37 13 1.3595177
37 11 2.739333
37 29 0.8364475
37 5 21.503077
37 20 6.1831565
37 2 0.90624374
37 7 2652.6135
37 27 0.9890209
37 16 2000.0
37 23 1.7840182
37 25 84.43093
