0 8 14.658746
0 2 2.0520716
0 37 1.8554341
0 13 0.92372155
0 11 18.24494
0 25 2000.0
0 29 19.047619
1 3 0.28905898
1 12 1202.159
2 30 8.5246315
2 0 2.0520716
2 8 1.1677151
2 18 5.6007123
2 13 0.21974856
2 33 2.471723
2 11 0.45376998
2 29 0.82605803
2 20 0.8391062
2 37 0.8460782
2 27 0.28863862
2 16 2000.0
2 23 20.34091
2 25 2.0218177
3 36 0.2305844
3 28 0.09618507
3 24 180.00002
3 12 0.06109062
3 1 0.28905898
3 9 0.19943681
4 31 0.0878435
4 9 0.063267335
4 17 0.3210626
4 19 0.08741395
5 30 0.73266613
5 8 0.64118826
5 18 0.51037735
5 13 900.00006
5 11 2.1397834
5 29 3.5511675
5 34 1.6696534
5 20 0.8773316
5 37 2000.0
5 7 5.1882067
5 27 2.9045863
5 16 1.5163312
5 23 4.514354
6 31 1.5634742
6 17 1.8227829
7 34 10.142789
7 30 1.6746747
7 20 1.3817487
7 8 45.374058
7 37 20.257513
7 27 640.5546
7 16 1.4829886
7 11 47.22368
7 23 1.3820989
7 25 14.355458
7 5 5.1882067
8 0 14.658746
8 30 0.65204394
8 18 1.1370765
8 13 3.933536
8 11 0.8557474
8 29 0.7859349
8 5 0.64118826
8 34 3.4582517
8 2 1.1677151
8 37 1.1378969
8 7 45.374058
8 27 1.0861839
8 16 3.664091
8 23 0.9861983
9 36 1.7057836
9 26 2000.0
9 28 0.9427786
9 10 16.936985
9 22 0.33446568
9 31 0.034511354
9 3 0.19943681
9 17 0.043832477
9 4 0.063267335
9 19 0.06725337
10 26 0.030898213
10 28 0.1670244
10 24 0.051481627
10 31 0.059109844
10 12 24.739567
10 9 16.936985
10 17 0.03913189
11 0 18.24494
11 30 0.40166444
11 8 0.8557474
11 18 8.95539
11 13 0.9108347
11 33 3.4831002
11 29 0.9020996
11 5 2.1397834
11 34 2.0223398
11 20 0.8591614
11 2 0.45376998
11 37 1.1573464
11 7 47.22368
11 27 0.39547417
11 16 0.994569
11 25 1.0150652
12 26 1.000056
12 28 11.47541
12 32 0.21411833
12 10 24.739567
12 24 0.07132172
12 21 0.07915185
12 3 0.06109062
13 30 2.7132986
13 0 0.92372155
13 8 3.933536
13 18 376.9231
13 33 0.76174265
13 11 0.9108347
13 29 1.3493924
13 5 900.00006
13 34 12.270158
13 20 0.5328917
13 2 0.21974856
13 14 1.5019991
13 37 2.3381393
13 27 0.49040407
13 16 2000.0
13 25 0.6466031
14 20 1.0514354
14 13 1.5019991
14 33 0.33538458
14 27 2.8539817
14 11 2000.0
14 25 1.8271667
15 32 0.078092396
15 21 1.2636949
16 0 2000.0
16 30 1.084047
16 8 3.664091
16 18 0.9367443
16 11 0.994569
16 29 63.589783
16 5 1.5163312
16 20 7.9469285
16 37 21.136364
16 7 1.4829886
16 27 1.645043
16 23 8.810017
16 25 1.2764899
17 26 1.7139026
17 6 1.8227829
17 10 0.03913189
17 24 0.16560541
17 31 1.4977578
17 9 0.043832477
17 4 0.3210626
17 19 2.0551362
18 30 0.7399744
18 0 2000.0
18 8 1.1370765
18 13 376.9231
18 11 8.95539
18 29 0.9012566
18 5 0.51037735
18 2 5.6007123
18 37 1.2687815
18 7 2000.0
18 27 3.5837362
18 16 0.9367443
18 23 1.4123226
19 31 0.081915304
19 9 0.06725337
19 17 2.0551362
19 4 0.08741395
20 30 25.22918
20 13 0.5328917
20 33 1.6728268
20 11 0.8591614
20 29 1.6077604
20 5 0.8773316
20 34 0.9621049
20 2 0.8391062
20 14 1.0514354
20 37 2.6406815
20 7 1.3817487
20 27 0.5675476
20 16 7.9469285
20 25 0.956465
21 26 2000.0
21 32 2000.0
21 24 0.42952427
21 35 0.039980687
21 12 0.07915185
21 15 1.2636949
22 6 1586.9319
22 31 1244.1478
22 9 0.33446568
22 19 1329.4886
23 0 2000.0
23 30 1.2659434
23 2 20.34091
23 8 0.9861983
23 37 3.056615
23 18 1.4123226
23 7 1.3820989
23 16 8.810017
23 11 2000.0
23 29 1.623176
23 5 4.514354
24 26 0.05811688
24 32 0.104445025
24 10 0.051481627
24 21 0.42952427
24 31 10.988108
24 12 0.07132172
24 3 180.00002
24 15 2000.0
24 17 0.16560541
25 0 2000.0
25 30 2.9308798
25 13 0.6466031
25 33 0.3943256
25 11 1.0150652
25 29 3.5492442
25 34 0.88962984
25 20 0.956465
25 2 2.0218177
25 14 1.8271667
25 37 6.2220087
25 7 14.355458
25 27 0.6226067
25 16 1.2764899
26 36 225.00002
26 32 45.724705
26 28 0.030461878
26 10 0.030898213
26 24 0.05811688
26 31 0.075863875
26 12 1.000056
26 17 1.7139026
27 0 2000.0
27 30 0.20569216
27 8 1.0861839
27 18 3.5837362
27 13 0.49040407
27 33 0.9725744
27 11 0.39547417
27 29 0.42075136
27 5 2.9045863
27 34 1.0712008
27 20 0.5675476
27 2 0.28863862
27 14 2.8539817
27 37 0.908685
27 7 640.5546
27 16 1.645043
27 25 0.6226067
28 36 0.031771608
28 26 0.030461878
28 10 0.1670244
28 3 0.09618507
28 12 11.47541
28 9 0.9427786
29 0 19.047619
29 30 5.3575563
29 8 0.7859349
29 18 0.9012566
29 13 1.3493924
29 11 0.9020996
29 5 3.5511675
29 34 4.8827243
29 20 1.6077604
29 2 0.82605803
29 37 0.95571125
29 7 2000.0
29 27 0.42075136
29 16 63.589783
29 23 1.623176
29 25 3.5492442
30 0 2000.0
30 8 0.65204394
30 18 0.7399744
30 13 2.7132986
30 33 2.4829168
30 11 0.40166444
30 29 5.3575563
30 5 0.73266613
30 34 1.8822565
30 20 25.22918
30 2 8.5246315
30 37 4.833368
30 7 1.6746747
30 27 0.20569216
30 16 1.084047
30 23 1.2659434
30 25 2.9308798
31 26 0.075863875
31 6 1.5634742
31 10 0.059109844
31 24 10.988108
31 9 0.034511354
31 17 1.4977578
31 4 0.0878435
31 19 0.081915304
32 26 45.724705
32 24 0.104445025
32 12 0.21411833
32 15 0.078092396
33 30 2.4829168
33 8 2000.0
33 13 0.76174265
33 11 3.4831002
33 29 2000.0
33 5 2000.0
33 34 2000.0
33 20 1.6728268
33 2 2.471723
33 14 0.33538458
33 7 2000.0
33 27 0.9725744
33 16 2000.0
33 25 0.3943256
34 30 1.8822565
34 20 0.9621049
34 8 3.4582517
34 13 12.270158
34 7 10.142789
34 27 1.0712008
34 16 1215.0568
34 11 2.0223398
34 25 0.88962984
34 29 4.8827243
34 5 1.6696534
35 21 0.039980687
36 26 225.00002
36 28 0.031771608
36 3 0.2305844
36 9 1.7057836
37 30 4.833368
37 0 1.8554341
37 8 1.1378969
37 18 1.2687815
37 13 2.3381393
37 11 1.1573464
37 29 0.95571125
37 20 2.6406815
37 2 0.8460782
37 7 20.257513
37 27 0.908685
37 16 21.136364
37 23 3.056615
37 25 6.2220087
