0 2 1.2548907
0 37 1.8764322
0 13 0.847409
0 29 25.46084
0 25 73.3289
1 3 0.6702952
1 12 23.930681
2 30 31.73663
2 0 1.2548907
2 8 1.1945752
2 18 2.4717882
2 13 0.56226695
2 33 1.5506725
2 11 2.473709
2 29 1.1595762
2 20 2.4766996
2 37 0.7997294
2 27 0.95356405
2 16 2000.0
2 23 12.500834
2 25 0.8157254
3 36 0.635945
3 28 3.8202124
3 24 378.94742
3 12 0.049658068
3 1 0.6702952
3 9 0.85129493
4 31 0.083965324
4 9 0.07837244
4 17 0.19924793
4 19 0.068252794
5 30 0.65060407
5 8 0.3453168
5 18 1.5426809
5 13 23.787735
5 11 1.2347349
5 29 3.766474
5 34 1.9195076
5 20 2.0072281
5 37 5.886496
5 7 11.527611
5 27 1.3830032
5 16 1.4534186
5 23 2.1681056
5 25 2000.0
6 31 0.1892412
6 17 1.6240051
7 34 160.0
7 30 1.3940845
7 20 26.929235
7 8 4.0978146
7 37 37.5
7 16 1.4729799
7 23 1.753282
7 25 2.771775
7 5 11.527611
8 0 2000.0
8 30 0.39097235
8 18 1.5417119
8 13 0.7289402
8 11 0.82043505
8 29 0.32955793
8 5 0.3453168
8 34 52.88423
8 2 1.1945752
8 37 0.83755225
8 7 4.0978146
8 27 1.139326
8 16 1.5276473
8 23 0.9763749
8 25 2000.0
9 36 0.51929367
9 26 2000.0
9 28 1.2923919
9 10 24.979261
9 22 0.070038706
9 31 0.029820384
9 3 0.85129493
9 4 0.07837244
9 17 0.045141634
9 19 0.06602881
10 26 0.029301863
10 28 0.25986975
10 24 0.09584576
10 31 11.271132
10 12 114.14699
10 9 24.979261
10 17 0.033953447
11 0 2000.0
11 30 1.0784819
11 8 0.82043505
11 18 6.683592
11 13 1.3049526
11 33 2.3918445
11 29 0.91618824
11 5 1.2347349
11 34 2.0278273
11 20 1.1446214
11 2 2.473709
11 37 1.392999
11 7 2106.9888
11 27 0.64355373
11 16 2.1578758
11 25 0.9722466
12 26 0.9447415
12 32 2.6955426
12 10 114.14699
12 24 0.065053955
12 21 0.25400522
12 3 0.049658068
12 1 23.930681
13 30 139.49661
13 0 0.847409
13 8 0.7289402
13 18 2000.0
13 33 1.011629
13 11 1.3049526
13 29 0.809801
13 5 23.787735
13 34 194.02597
13 20 1.0570002
13 2 0.56226695
13 14 6.0914903
13 37 1.571053
13 7 2000.0
13 27 0.43682536
13 16 72.583015
13 25 0.46582714
14 34 2000.0
14 30 7.017352
14 20 2.2338643
14 13 6.0914903
14 27 2.439446
14 33 0.4071398
14 11 2000.0
14 25 2.9754336
15 32 0.070381224
15 21 2.917005
16 0 2000.0
16 30 1.1208944
16 8 1.5276473
16 18 1.3978845
16 13 72.583015
16 11 2.1578758
16 5 1.4534186
16 34 116.0497
16 20 26.539652
16 7 1.4729799
16 27 1.5641764
16 23 2.7616792
16 25 1.4082186
17 6 1.6240051
17 26 1.5025923
17 10 0.033953447
17 24 0.30634454
17 31 0.97373164
17 9 0.045141634
17 4 0.19924793
17 19 31.40424
18 0 2000.0
18 30 0.6733001
18 8 1.5417119
18 13 2000.0
18 11 6.683592
18 29 2.689336
18 5 1.5426809
18 2 2.4717882
18 37 2.3502665
18 7 2000.0
18 27 23.603222
18 16 1.3978845
18 23 1.6226313
19 31 0.10317154
19 9 0.06602881
19 4 0.068252794
19 17 31.40424
20 30 2.6745782
20 13 1.0570002
20 33 1.0097524
20 11 1.1446214
20 29 16.5799
20 5 2.0072281
20 34 0.85571283
20 2 2.4766996
20 14 2.2338643
20 37 2.6255748
20 7 26.929235
20 27 2.3014088
20 16 26.539652
20 25 0.318043
21 26 2000.0
21 32 2000.0
21 24 0.8090978
21 35 0.06620715
21 12 0.25400522
21 15 2.917005
22 31 1229.375
22 9 0.070038706
22 19 2000.0
23 0 2000.0
23 30 3.4138258
23 8 0.9763749
23 2 12.500834
23 37 1.8052875
23 18 1.6226313
23 7 1.753282
23 16 2.7616792
23 11 2000.0
23 29 0.98853594
23 5 2.1681056
24 26 0.03777268
24 32 0.46781036
24 10 0.09584576
24 21 0.8090978
24 12 0.065053955
24 3 378.94742
24 15 2000.0
24 17 0.30634454
25 0 73.3289
25 30 79.11999
25 13 0.46582714
25 33 0.90189606
25 11 0.9722466
25 29 2.7649937
25 34 3.4047217
25 20 0.318043
25 2 0.8157254
25 14 2.9754336
25 37 46.67948
25 7 2.771775
25 27 0.33803338
25 16 1.4082186
26 32 125.704315
26 28 0.07327108
26 10 0.029301863
26 24 0.03777268
26 31 0.34188628
26 12 0.9447415
26 17 1.5025923
27 30 0.62087095
27 0 2000.0
27 8 1.139326
27 18 23.603222
27 13 0.43682536
27 33 0.5197656
27 11 0.64355373
27 29 0.9985873
27 5 1.3830032
27 34 1.0783048
27 20 2.3014088
27 2 0.95356405
27 14 2.439446
27 37 1.4229119
27 7 2000.0
27 16 1.5641764
27 25 0.33803338
28 36 0.031053197
28 26 0.07327108
28 10 0.25986975
28 3 3.8202124
28 12 1203.8636
28 9 1.2923919
28 19 1370.0
29 0 25.46084
29 30 1.1363907
29 8 0.32955793
29 18 2.689336
29 13 0.809801
29 33 33.761993
29 11 0.91618824
29 5 3.766474
29 34 3.1105263
29 20 16.5799
29 2 1.1595762
29 37 0.72025895
29 27 0.9985873
29 16 2000.0
29 23 0.98853594
29 25 2.7649937
30 8 0.39097235
30 18 0.6733001
30 13 139.49661
30 33 5.8490753
30 11 1.0784819
30 29 1.1363907
30 5 0.65060407
30 34 1.0198115
30 20 2.6745782
30 2 31.73663
30 14 7.017352
30 37 16.724964
30 7 1.3940845
30 27 0.62087095
30 16 1.1208944
30 23 3.4138258
30 25 79.11999
31 26 0.34188628
31 6 0.1892412
31 10 11.271132
31 35 43.055717
31 22 1229.375
31 9 0.029820384
31 4 0.083965324
31 17 0.97373164
31 19 0.10317154
32 26 125.704315
32 24 0.46781036
32 12 2.6955426
32 15 0.070381224
33 30 5.8490753
33 13 1.011629
33 11 2.3918445
33 29 33.761993
33 5 2000.0
33 34 2000.0
33 20 1.0097524
33 2 1.5506725
33 14 0.4071398
33 7 2000.0
33 27 0.5197656
33 16 3017.898
33 25 0.90189606
34 30 1.0198115
34 20 0.85571283
34 8 52.88423
34 37 2000.0
34 13 194.02597
34 7 160.0
34 27 1.0783048
34 16 116.0497
34 11 2.0278273
34 29 3.1105263
34 25 3.4047217
34 5 1.9195076
35 21 0.06620715
35 31 43.055717
36 28 0.031053197
36 3 0.635945
36 9 0.51929367
37 30 16.724964
37 0 1.8764322
37 8 0.83755225
37 18 2.3502665
37 13 1.571053
37 11 1.392999
37 29 0.72025895
37 5 5.886496
37 20 2.6255748
37 2 0.7997294
37 7 37.5
37 27 1.4229119
37 16 2000.0
37 23 1.8052875
37 25 46.67948
