0 8 7.4595895
0 2 0.8146667
0 37 0.81099343
0 13 1.0017382
0 11 26.024792
0 29 2.7828317
1 3 0.28603017
1 12 2000.0
2 0 0.8146667
2 30 4.862975
2 8 1.0315202
2 18 7.3811407
2 13 0.24562415
2 33 1.8321133
2 11 0.64323133
2 29 0.74090654
2 20 4.235407
2 37 0.721701
2 27 0.42354092
2 23 17.241402
2 25 2.0093486
3 36 0.29666707
3 28 0.09660123
3 24 66.66667
3 12 0.051863186
3 1 0.28603017
3 9 0.365659
4 31 0.080438234
4 9 0.050311584
4 17 0.09752359
4 19 0.07422147
5 30 0.61675185
5 8 0.7316685
5 18 0.37445936
5 13 70.80404
5 11 2.4279764
5 29 3.188404
5 34 1.0463197
5 20 2.7256436
5 37 2000.0
5 7 3.9882352
5 27 1.8029222
5 16 1.3422805
5 23 3.6708314
6 22 85.10285
6 31 1.2960066
6 17 0.9221059
7 34 7.214489
7 30 0.7491097
7 20 1.6041049
7 8 12.297521
7 37 16.444567
7 16 1.0013946
7 11 5.94999
7 23 0.86826223
7 25 7.54251
7 5 3.9882352
8 0 7.4595895
8 30 0.7922038
8 18 1.0029507
8 13 4.267239
8 11 1.5787227
8 29 1.0058239
8 5 0.7316685
8 34 2.3102565
8 2 1.0315202
8 37 1.0983704
8 7 12.297521
8 27 1.3477325
8 16 1.3673729
8 23 0.9917124
9 36 1.8871207
9 26 2000.0
9 28 0.8579831
9 10 9.066315
9 22 0.848512
9 31 0.030444965
9 3 0.365659
9 12 2000.0
9 17 0.21391581
9 4 0.050311584
9 19 0.06550101
10 26 0.039007097
10 28 0.30222574
10 24 0.13334431
10 31 0.036279805
10 12 5.6534557
10 9 9.066315
10 17 0.031501494
11 0 26.024792
11 30 0.44366089
11 8 1.5787227
11 18 6.556521
11 13 0.46907356
11 33 2.9642274
11 29 0.62076193
11 5 2.4279764
11 34 2.4592257
11 20 1.9072095
11 2 0.64323133
11 37 1.9628992
11 7 5.94999
11 27 0.44968668
11 16 1.0061604
11 25 0.9064948
12 26 1.9385538
12 28 4.147008
12 32 0.26542774
12 10 5.6534557
12 24 0.06872058
12 21 0.098702006
12 3 0.051863186
13 0 1.0017382
13 30 2.017027
13 8 4.267239
13 18 127.06016
13 33 1.0957797
13 11 0.46907356
13 29 0.9287931
13 5 70.80404
13 34 5.6399226
13 20 0.52761906
13 2 0.24562415
13 14 3.9859889
13 37 1.5264773
13 27 0.44582704
13 16 36.769386
13 25 0.70563924
14 20 5.2869687
14 13 3.9859889
14 27 5.2213187
14 33 0.35132578
14 11 2000.0
14 25 1.0602864
15 32 0.06543325
15 21 1.5917143
16 0 2000.0
16 30 1.3025477
16 8 1.3673729
16 18 1.21896
16 13 36.769386
16 11 1.0061604
16 29 14.6159115
16 5 1.3422805
16 20 15.107561
16 37 22.14729
16 7 1.0013946
16 27 2.1077006
16 23 3.5216963
16 25 1.4631752
17 26 3.7193668
17 6 0.9221059
17 10 0.031501494
17 24 0.19020207
17 31 2.1237729
17 9 0.21391581
17 4 0.09752359
17 19 4.3457427
18 30 0.70324147
18 2 7.3811407
18 8 1.0029507
18 37 1.471281
18 13 127.06016
18 7 2000.0
18 27 4.030149
18 16 1.21896
18 23 1.2549611
18 11 6.556521
18 29 1.08542
18 5 0.37445936
19 31 0.0802786
19 9 0.06550101
19 17 4.3457427
19 4 0.07422147
20 30 19.788713
20 13 0.52761906
20 33 3.457464
20 11 1.9072095
20 29 3.5281975
20 5 2.7256436
20 34 0.9029999
20 2 4.235407
20 14 5.2869687
20 37 2.8116589
20 7 1.6041049
20 27 0.7782641
20 16 15.107561
20 25 0.52996963
21 32 2000.0
21 24 0.25373527
21 35 0.035366993
21 12 0.098702006
21 15 1.5917143
22 6 85.10285
22 31 1181.1932
22 9 0.848512
22 19 1288.409
23 0 2000.0
23 30 1.0968697
23 2 17.241402
23 8 0.9917124
23 37 2.222975
23 18 1.2549611
23 7 0.86826223
23 16 3.5216963
23 11 2000.0
23 29 2.3878453
23 5 3.6708314
24 26 0.060575716
24 32 0.08483515
24 28 2000.0
24 10 0.13334431
24 21 0.25373527
24 31 5.699515
24 12 0.06872058
24 3 66.66667
24 15 2000.0
24 17 0.19020207
25 30 8.203442
25 13 0.70563924
25 33 0.47763523
25 11 0.9064948
25 29 5.785791
25 34 1.2422546
25 20 0.52996963
25 2 2.0093486
25 14 1.0602864
25 37 194.72093
25 7 7.54251
25 27 0.7515797
25 16 1.4631752
26 32 41.109226
26 28 0.052767597
26 10 0.039007097
26 24 0.060575716
26 31 0.061708987
26 12 1.9385538
26 17 3.7193668
27 0 2000.0
27 30 0.21492587
27 8 1.3477325
27 18 4.030149
27 13 0.44582704
27 33 0.8048922
27 11 0.44968668
27 29 0.58155566
27 5 1.8029222
27 34 1.3462174
27 20 0.7782641
27 2 0.42354092
27 14 5.2213187
27 37 0.75961703
27 7 1741.4773
27 16 2.1077006
27 23 2000.0
27 25 0.7515797
28 36 0.034487527
28 26 0.052767597
28 10 0.30222574
28 3 0.09660123
28 12 4.147008
28 9 0.8579831
29 0 2.7828317
29 30 3.5590029
29 8 1.0058239
29 18 1.08542
29 13 0.9287931
29 11 0.62076193
29 5 3.188404
29 34 7.215147
29 20 3.5281975
29 2 0.74090654
29 37 1.0713943
29 7 2000.0
29 27 0.58155566
29 16 14.6159115
29 23 2.3878453
29 25 5.785791
30 0 2000.0
30 8 0.7922038
30 18 0.70324147
30 13 2.017027
30 33 3.151938
30 11 0.44366089
30 29 3.5590029
30 5 0.61675185
30 34 2.0340567
30 20 19.788713
30 2 4.862975
30 37 5.476334
30 7 0.7491097
30 27 0.21492587
30 16 1.3025477
30 23 1.0968697
30 25 8.203442
31 26 0.061708987
31 6 1.2960066
31 10 0.036279805
31 24 5.699515
31 9 0.030444965
31 17 2.1237729
31 4 0.080438234
31 19 0.0802786
32 26 41.109226
32 24 0.08483515
32 12 0.26542774
32 15 0.06543325
33 30 3.151938
33 8 2000.0
33 13 1.0957797
33 11 2.9642274
33 29 8077.4434
33 34 2000.0
33 20 3.457464
33 2 1.8321133
33 14 0.35132578
33 7 2000.0
33 27 0.8048922
33 16 1249.4886
33 25 0.47763523
34 30 2.0340567
34 20 0.9029999
34 8 2.3102565
34 13 5.6399226
34 7 7.214489
34 27 1.3462174
34 16 1215.0568
34 11 2.4592257
34 25 1.2422546
34 29 7.215147
34 5 1.0463197
35 21 0.035366993
36 26 2000.0
36 28 0.034487527
36 3 0.29666707
36 9 1.8871207
37 0 0.81099343
37 30 5.476334
37 8 1.0983704
37 18 1.471281
37 13 1.5264773
37 11 1.9628992
37 29 1.0713943
37 20 2.8116589
37 2 0.721701
37 7 16.444567
37 27 0.75961703
37 16 22.14729
37 23 2.222975
37 25 194.72093
