0 8 14.711754
0 2 0.95814145
0 37 1.2687736
0 13 1.0912513
0 11 45.000004
0 25 250.00002
0 29 22.41034
1 3 0.35612172
1 12 37.23733
2 30 10.791717
2 0 0.95814145
2 8 0.9842246
2 18 6.082556
2 13 0.4681558
2 33 2.813367
2 11 0.8723262
2 29 1.238126
2 20 8.973694
2 37 1.2007861
2 27 0.6905519
2 16 2000.0
2 23 37.170025
2 25 1.1400915
3 36 0.22478008
3 28 0.12242092
3 24 63.157894
3 12 0.060042705
3 1 0.35612172
3 9 0.4058823
4 31 0.07598793
4 9 0.07119149
4 17 0.077036984
4 19 0.07939708
5 30 0.6972522
5 8 0.5328553
5 18 0.68473566
5 13 2000.0
5 11 2.708541
5 29 4.1581945
5 34 2.8480759
5 20 2.4812915
5 37 2000.0
5 7 6.6901827
5 27 1.2956859
5 16 1.119521
5 23 5.9998236
6 22 119.7538
6 31 1.114153
6 17 1.4454408
7 34 6.7991285
7 30 0.74455035
7 20 2.1598067
7 37 12.922338
7 16 1.2642188
7 11 8.801819
7 23 0.93593574
7 25 6.7640805
7 5 6.6901827
8 0 14.711754
8 30 0.60193336
8 18 1.1408231
8 13 2.344343
8 11 0.7627736
8 29 0.5889509
8 5 0.5328553
8 34 7.1608996
8 2 0.9842246
8 37 1.1224228
8 7 189.39592
8 27 0.922096
8 16 1.3450146
8 23 0.92727077
9 36 1.2393266
9 26 2000.0
9 28 1.1156086
9 10 2.0944602
9 22 0.42766687
9 31 0.03211625
9 3 0.4058823
9 17 0.04589289
9 4 0.07119149
9 19 0.08075919
10 26 0.034920197
10 28 0.15492424
10 24 0.07373223
10 31 0.031602103
10 12 6.429717
10 9 2.0944602
10 17 0.030979438
11 0 45.000004
11 30 0.34985554
11 8 0.7627736
11 18 5.1248746
11 13 0.6368792
11 33 2.4019537
11 29 1.2914922
11 5 2.708541
11 34 2.2620203
11 20 1.2259759
11 2 0.8723262
11 37 1.6187748
11 7 8.801819
11 27 0.34539837
11 16 0.83496284
11 25 0.8927723
12 26 1.9463319
12 28 4.379111
12 32 0.33182934
12 10 6.429717
12 24 0.07185078
12 21 0.081185676
12 3 0.060042705
12 1 37.23733
13 30 0.7922585
13 0 1.0912513
13 8 2.344343
13 18 140.71971
13 33 1.0917517
13 11 0.6368792
13 29 0.9295501
13 34 6.397071
13 20 0.6383343
13 2 0.4681558
13 14 2.435969
13 37 2.261212
13 27 0.16484626
13 16 120.62337
13 25 0.5505682
14 20 1.1311983
14 13 2.435969
14 33 0.47424334
14 27 2.603328
14 11 2000.0
14 25 1.599535
15 32 0.0717153
15 21 1.3776441
16 0 2000.0
16 30 1.0845217
16 8 1.3450146
16 18 0.7430166
16 13 120.62337
16 11 0.83496284
16 29 28.719753
16 5 1.119521
16 20 5.5040617
16 37 87.17866
16 7 1.2642188
16 27 1.2436197
16 23 13.694629
16 25 1.3491442
17 26 1.7147169
17 6 1.4454408
17 10 0.030979438
17 24 0.18674733
17 31 1.3731374
17 9 0.04589289
17 4 0.077036984
17 19 5.9522576
18 30 0.73479694
18 2 6.082556
18 8 1.1408231
18 37 1.4162929
18 7 2000.0
18 13 140.71971
18 27 3.7472618
18 16 0.7430166
18 23 1.33462
18 11 5.1248746
18 29 1.1448854
18 5 0.68473566
19 31 0.06856672
19 9 0.08075919
19 17 5.9522576
19 4 0.07939708
20 0 2000.0
20 30 11.097715
20 13 0.6383343
20 33 1.8742075
20 11 1.2259759
20 29 2.2162948
20 5 2.4812915
20 34 1.2888757
20 2 8.973694
20 14 1.1311983
20 37 3.9176114
20 7 2.1598067
20 27 0.62942237
20 16 5.5040617
20 25 0.6870936
21 26 2000.0
21 32 2000.0
21 10 2000.0
21 24 0.09149328
21 35 0.086293645
21 12 0.081185676
21 15 1.3776441
22 6 119.7538
22 31 136.63036
22 9 0.42766687
22 19 1289.6592
23 0 2000.0
23 30 1.0657682
23 2 37.170025
23 8 0.92727077
23 37 3.8828814
23 18 1.33462
23 7 0.93593574
23 16 13.694629
23 11 2000.0
23 29 3.1714394
23 5 5.9998236
24 26 0.05338805
24 32 0.12629123
24 10 0.07373223
24 21 0.09149328
24 31 14.682799
24 3 63.157894
24 12 0.07185078
24 15 2000.0
24 17 0.18674733
25 0 250.00002
25 30 1.7767537
25 13 0.5505682
25 33 0.6784667
25 11 0.8927723
25 29 3.3903189
25 34 1.5644277
25 20 0.6870936
25 2 1.1400915
25 14 1.599535
25 37 36.364178
25 7 6.7640805
25 27 0.5495036
25 16 1.3491442
26 36 64.578415
26 32 24.763561
26 28 0.03501304
26 10 0.034920197
26 24 0.05338805
26 31 0.054006666
26 12 1.9463319
26 17 1.7147169
27 0 2000.0
27 30 0.24875185
27 8 0.922096
27 18 3.7472618
27 13 0.16484626
27 33 0.78599435
27 11 0.34539837
27 29 0.482079
27 5 1.2956859
27 34 1.6580243
27 20 0.62942237
27 2 0.6905519
27 14 2.603328
27 37 0.8663915
27 7 310.30652
27 16 1.2436197
27 25 0.5495036
28 36 0.03307737
28 26 0.03501304
28 10 0.15492424
28 3 0.12242092
28 12 4.379111
28 9 1.1156086
29 30 1.5341643
29 0 22.41034
29 8 0.5889509
29 18 1.1448854
29 13 0.9295501
29 11 1.2914922
29 5 4.1581945
29 34 13.654886
29 20 2.2162948
29 2 1.238126
29 37 0.9143277
29 7 2000.0
29 27 0.482079
29 16 28.719753
29 23 3.1714394
29 25 3.3903189
30 0 2000.0
30 8 0.60193336
30 18 0.73479694
30 13 0.7922585
30 33 2.4844952
30 11 0.34985554
30 29 1.5341643
30 5 0.6972522
30 34 1.2685921
30 20 11.097715
30 2 10.791717
30 14 2000.0
30 37 5.0750976
30 7 0.74455035
30 27 0.24875185
30 16 1.0845217
30 23 1.0657682
30 25 1.7767537
31 26 0.054006666
31 6 1.114153
31 10 0.031602103
31 24 14.682799
31 9 0.03211625
31 17 1.3731374
31 4 0.07598793
31 19 0.06856672
32 26 24.763561
32 24 0.12629123
32 12 0.33182934
32 15 0.0717153
33 30 2.4844952
33 13 1.0917517
33 11 2.4019537
33 29 4032.443
33 5 2000.0
33 34 2000.0
33 20 1.8742075
33 2 2.813367
33 14 0.47424334
33 7 2000.0
33 27 0.78599435
33 16 1998.8635
33 25 0.6784667
34 30 1.2685921
34 20 1.2888757
34 8 7.1608996
34 7 6.7991285
34 13 6.397071
34 27 1.6580243
34 16 5535.0566
34 11 2.2620203
34 25 1.5644277
34 29 13.654886
34 5 2.8480759
35 21 0.086293645
36 26 64.578415
36 28 0.03307737
36 3 0.22478008
36 9 1.2393266
37 30 5.0750976
37 0 1.2687736
37 8 1.1224228
37 18 1.4162929
37 13 2.261212
37 11 1.6187748
37 29 0.9143277
37 5 2000.0
37 20 3.9176114
37 2 1.2007861
37 7 12.922338
37 27 0.8663915
37 16 87.17866
37 23 3.8828814
37 25 36.364178
