0 2 0.6880372
0 37 1.6334414
0 13 0.5565378
0 29 18.201044
0 25 3.1170683
1 3 0.7539059
1 12 14.3000765
2 30 8.853221
2 0 0.6880372
2 8 1.2904782
2 18 2.694916
2 13 0.4534632
2 33 1.2305508
2 11 1.4560727
2 29 1.0848258
2 20 2.225347
2 37 0.879462
2 27 0.9209861
2 16 2000.0
2 23 5.515388
2 25 0.46299523
3 36 0.64740545
3 28 7.043751
3 24 2000.0
3 12 0.06548826
3 1 0.7539059
3 9 0.97889256
4 31 0.06327105
4 9 0.06854839
4 17 0.38156962
4 19 0.068782136
5 30 0.68511826
5 8 0.80020136
5 18 0.6422071
5 13 36.527344
5 11 3.0283136
5 29 4.7679963
5 34 2.0003533
5 20 1.7969251
5 37 34.83543
5 7 17.10063
5 27 3.5004158
5 16 2.3826847
5 23 3.8368273
5 25 2000.0
6 31 0.13880682
6 17 4.3397264
7 34 366.21646
7 30 1.2649997
7 20 122.48787
7 8 5.5453415
7 37 69.230774
7 16 1.5560266
7 23 1.4749845
7 25 3.7023573
7 5 17.10063
8 0 2000.0
8 30 0.4453614
8 18 1.2539773
8 13 1.2245158
8 11 0.8938628
8 29 0.45114166
8 5 0.80020136
8 34 20.313784
8 2 1.2904782
8 37 0.9670669
8 7 5.5453415
8 27 2.5594122
8 16 1.7903011
8 23 0.9600379
8 25 2000.0
9 36 0.5429468
9 26 2000.0
9 28 1.8923744
9 10 23.971197
9 22 0.050441038
9 31 0.0370475
9 3 0.97889256
9 4 0.06854839
9 17 0.033301607
9 19 0.0716051
10 26 0.035201397
10 28 0.5937352
10 24 0.091772296
10 31 62.38051
10 12 1489.8864
10 9 23.971197
10 17 0.039693184
11 0 2000.0
11 30 0.72895557
11 8 0.8938628
11 18 7.952187
11 13 1.2425025
11 33 1.9042335
11 29 0.6830702
11 5 3.0283136
11 34 2.8229406
11 20 1.0302466
11 2 1.4560727
11 37 1.7815787
11 7 1628.1818
11 27 1.0706716
11 16 0.9380971
11 25 1.0797828
12 26 5.070679
12 32 4.6102943
12 24 0.062238164
12 21 0.33881646
12 3 0.06548826
12 1 14.3000765
13 30 51.93567
13 0 0.5565378
13 8 1.2245158
13 18 259.13232
13 33 1.0215883
13 11 1.2425025
13 29 0.9097856
13 5 36.527344
13 34 207.50381
13 20 1.2438976
13 2 0.4534632
13 14 5.121951
13 37 1.3865168
13 7 2000.0
13 27 1.0694096
13 16 26.116405
13 25 0.24646522
14 30 5.526574
14 20 1.3565909
14 13 5.121951
14 27 3.0797288
14 33 0.45355198
14 11 2000.0
14 25 2.1768806
15 32 0.06970308
15 21 7.138626
16 30 1.2711991
16 0 2000.0
16 8 1.7903011
16 18 0.8812798
16 13 26.116405
16 11 0.9380971
16 5 2.3826847
16 34 60.000004
16 20 27.862568
16 7 1.5560266
16 27 1.5820144
16 23 2.8141563
16 25 1.087397
17 6 4.3397264
17 26 1.7269881
17 10 0.039693184
17 24 0.13994657
17 31 1.3748995
17 9 0.033301607
17 4 0.38156962
17 19 68.51091
18 0 2000.0
18 30 0.7054451
18 8 1.2539773
18 13 259.13232
18 11 7.952187
18 29 1.0786513
18 5 0.6422071
18 2 2.694916
18 37 2.9473007
18 7 2000.0
18 27 24.033703
18 16 0.8812798
18 23 1.4294071
19 28 159.65324
19 31 0.08136944
19 9 0.0716051
19 4 0.068782136
19 17 68.51091
20 30 1.3737245
20 13 1.2438976
20 33 0.9836426
20 11 1.0302466
20 29 3.3872101
20 5 1.7969251
20 34 0.8851453
20 2 2.225347
20 14 1.3565909
20 37 2.7736459
20 7 122.48787
20 27 1.5624794
20 16 27.862568
20 25 0.341143
21 32 2000.0
21 24 0.9935771
21 35 0.030435365
21 31 2000.0
21 12 0.33881646
21 15 7.138626
22 31 2000.0
22 9 0.050441038
22 19 2000.0
23 0 2000.0
23 30 1.7063727
23 8 0.9600379
23 2 5.515388
23 37 1.2728099
23 18 1.4294071
23 7 1.4749845
23 16 2.8141563
23 11 2000.0
23 29 0.8116098
23 5 3.8368273
24 26 0.116625
24 32 0.1995422
24 10 0.091772296
24 21 0.9935771
24 12 0.062238164
24 17 0.13994657
25 0 3.1170683
25 30 11.496951
25 13 0.24646522
25 33 0.7289872
25 11 1.0797828
25 29 2.4991262
25 34 2.406054
25 20 0.341143
25 2 0.46299523
25 14 2.1768806
25 37 28.571428
25 7 3.7023573
25 27 0.2802559
25 16 1.087397
26 32 55.555553
26 28 0.108155906
26 10 0.035201397
26 24 0.116625
26 31 0.24600479
26 12 5.070679
26 17 1.7269881
27 30 0.4956906
27 0 2000.0
27 8 2.5594122
27 18 24.033703
27 13 1.0694096
27 33 0.8634171
27 11 1.0706716
27 29 1.1712383
27 5 3.5004158
27 34 2.01384
27 20 1.5624794
27 2 0.9209861
27 14 3.0797288
27 37 1.8591769
27 7 2000.0
27 16 1.5820144
27 25 0.2802559
28 36 0.03149488
28 26 0.108155906
28 10 0.5937352
28 3 7.043751
28 12 1208.6364
28 9 1.8923744
28 19 159.65324
29 0 18.201044
29 30 0.6153669
29 8 0.45114166
29 18 1.0786513
29 13 0.9097856
29 33 15.221988
29 11 0.6830702
29 5 4.7679963
29 34 4.0955453
29 20 3.3872101
29 2 1.0848258
29 37 0.83239335
29 7 2000.0
29 27 1.1712383
29 16 2000.0
29 23 0.8116098
29 25 2.4991262
30 8 0.4453614
30 18 0.7054451
30 13 51.93567
30 33 4.6293106
30 11 0.72895557
30 29 0.6153669
30 5 0.68511826
30 34 0.77956015
30 20 1.3737245
30 2 8.853221
30 14 5.526574
30 37 25.912277
30 7 1.2649997
30 27 0.4956906
30 16 1.2711991
30 23 1.7063727
30 25 11.496951
31 26 0.24600479
31 6 0.13880682
31 10 62.38051
31 35 134.00366
31 22 2000.0
31 9 0.0370475
31 4 0.06327105
31 17 1.3748995
31 19 0.08136944
32 26 55.555553
32 24 0.1995422
32 12 4.6102943
32 15 0.06970308
33 30 4.6293106
33 8 2000.0
33 13 1.0215883
33 11 1.9042335
33 29 15.221988
33 5 2000.0
33 34 2000.0
33 20 0.9836426
33 2 1.2305508
33 14 0.45355198
33 7 2000.0
33 27 0.8634171
33 16 3017.898
33 25 0.7289872
34 30 0.77956015
34 20 0.8851453
34 8 20.313784
34 37 2000.0
34 7 366.21646
34 13 207.50381
34 27 2.01384
34 16 60.000004
34 11 2.8229406
34 29 4.0955453
34 25 2.406054
34 5 2.0003533
35 21 0.030435365
35 31 134.00366
36 28 0.03149488
36 3 0.64740545
36 9 0.5429468
37 30 25.912277
37 0 1.6334414
37 8 0.9670669
37 18 2.9473007
37 13 1.3865168
37 11 1.7815787
37 29 0.83239335
37 5 34.83543
37 20 2.7736459
37 2 0.879462
37 7 69.230774
37 27 1.8591769
37 16 2000.0
37 23 1.2728099
37 25 28.571428
