0 8 8.480681
0 2 0.681861
0 37 0.8605368
0 13 0.8162583
0 11 96.29371
0 29 11.334451
1 3 0.25652495
1 12 39.5313
2 30 8.051891
2 0 0.681861
2 8 1.1839194
2 18 16.375883
2 13 0.32530466
2 33 2.1717799
2 11 0.8548465
2 29 0.5524097
2 20 1.4201205
2 37 0.7249817
2 27 0.52251166
2 16 2000.0
2 23 34.271484
2 25 1.5625191
3 36 0.26315686
3 28 0.1053868
3 24 156.52176
3 12 0.049673107
3 1 0.25652495
3 9 0.3804737
4 31 0.10413489
4 9 0.074291304
4 17 0.08821824
4 19 0.09222301
5 30 0.9462463
5 8 0.67052525
5 18 1.3575692
5 13 155.4915
5 11 3.474795
5 29 3.5519965
5 34 2.517768
5 20 8.091944
5 37 2000.0
5 7 8.06019
5 27 4.379651
5 16 1.8430398
5 23 3.905177
6 31 0.26998273
6 17 1.0171212
7 34 10.607885
7 30 0.8264249
7 20 0.97124296
7 8 16.711454
7 37 11.05128
7 16 1.3085129
7 11 4.9360323
7 23 1.069725
7 25 6.8257957
7 5 8.06019
8 0 8.480681
8 30 0.47820374
8 18 0.9203996
8 13 2.240085
8 11 2.6919687
8 29 0.7615308
8 5 0.67052525
8 34 9.130839
8 2 1.1839194
8 37 1.0110767
8 7 16.711454
8 27 1.0976168
8 16 1.33768
8 23 0.92891836
9 36 0.9095261
9 28 1.9951429
9 10 6.494609
9 22 0.22572854
9 31 0.029689502
9 3 0.3804737
9 17 0.17709683
9 4 0.074291304
9 19 0.06537698
10 26 0.03250903
10 28 0.25660947
10 24 0.07225037
10 31 0.038001567
10 12 13.987668
10 9 6.494609
10 17 0.031893328
11 0 96.29371
11 30 0.4513509
11 8 2.6919687
11 18 10.202393
11 13 0.49192584
11 33 2.1705883
11 29 0.7863993
11 5 3.474795
11 34 2.7956784
11 20 0.57498217
11 2 0.8548465
11 37 1.1415691
11 7 4.9360323
11 27 0.58764905
11 16 0.89150417
11 25 0.6848814
12 26 1.5083157
12 28 1.3816407
12 32 0.25981623
12 10 13.987668
12 24 0.08131402
12 21 0.08123389
12 3 0.049673107
12 1 39.5313
13 0 0.8162583
13 30 1.5289437
13 8 2.240085
13 18 146.7822
13 33 0.74876535
13 11 0.49192584
13 29 1.1629837
13 5 155.4915
13 34 7.304961
13 20 0.47572315
13 2 0.32530466
13 14 2.5646343
13 37 1.2135471
13 27 0.5443097
13 16 25.516329
13 25 0.6117
14 20 1.6981722
14 13 2.5646343
14 27 3.121268
14 33 0.46592003
14 11 2000.0
14 25 1.7149187
15 32 0.07339626
15 21 1.3820026
16 30 1.1023473
16 0 2000.0
16 8 1.33768
16 18 1.07864
16 13 25.516329
16 11 0.89150417
16 29 23.023693
16 5 1.8430398
16 20 5.7266693
16 37 26.371593
16 7 1.3085129
16 27 1.4252425
16 23 6.1042438
16 25 1.3419362
17 26 1.6039473
17 6 1.0171212
17 10 0.031893328
17 24 0.23860376
17 31 1.5376017
17 9 0.17709683
17 4 0.08821824
17 19 2.690257
18 30 0.6925821
18 2 16.375883
18 8 0.9203996
18 37 1.167351
18 13 146.7822
18 7 2000.0
18 27 3.9137077
18 16 1.07864
18 23 1.1401993
18 11 10.202393
18 29 0.93937486
18 5 1.3575692
19 31 0.083737195
19 9 0.06537698
19 17 2.690257
19 4 0.09222301
20 30 19.26912
20 13 0.47572315
20 33 2.032018
20 11 0.57498217
20 29 1.8004282
20 5 8.091944
20 34 0.82651526
20 2 1.4201205
20 14 1.6981722
20 37 2.7133021
20 7 0.97124296
20 27 0.30771947
20 16 5.7266693
20 25 0.3214509
21 32 2000.0
21 10 2000.0
21 24 0.2990445
21 35 0.03471391
21 12 0.08123389
21 15 1.3820026
22 6 1595.3977
22 31 159.67303
22 9 0.22572854
22 19 1288.409
23 0 2000.0
23 30 1.3799369
23 2 34.271484
23 8 0.92891836
23 37 2.228579
23 18 1.1401993
23 7 1.069725
23 16 6.1042438
23 11 2000.0
23 29 3.9552042
23 5 3.905177
24 26 0.049662493
24 32 0.10639347
24 10 0.07225037
24 21 0.2990445
24 31 5.797981
24 12 0.08131402
24 3 156.52176
24 15 2000.0
24 17 0.23860376
25 30 1.6048781
25 13 0.6117
25 33 0.35756427
25 11 0.6848814
25 29 5.6058755
25 34 1.0997529
25 20 0.3214509
25 2 1.5625191
25 14 1.7149187
25 37 1427.2727
25 7 6.8257957
25 27 0.67886585
25 16 1.3419362
26 36 266.24707
26 32 13.863562
26 28 0.05756685
26 10 0.03250903
26 24 0.049662493
26 31 0.059575263
26 12 1.5083157
26 17 1.6039473
27 0 2000.0
27 30 0.22182149
27 8 1.0976168
27 18 3.9137077
27 13 0.5443097
27 33 0.98175114
27 11 0.58764905
27 29 0.44172877
27 5 4.379651
27 34 0.7577449
27 20 0.30771947
27 2 0.52251166
27 14 3.121268
27 37 1.1740352
27 7 3750.7954
27 16 1.4252425
27 25 0.67886585
28 36 0.038726762
28 26 0.05756685
28 10 0.25660947
28 3 0.1053868
28 12 1.3816407
28 9 1.9951429
29 0 11.334451
29 30 4.505725
29 8 0.7615308
29 18 0.93937486
29 13 1.1629837
29 11 0.7863993
29 5 3.5519965
29 34 3.686534
29 20 1.8004282
29 2 0.5524097
29 37 0.86901456
29 7 2000.0
29 27 0.44172877
29 16 23.023693
29 23 3.9552042
29 25 5.6058755
30 0 2000.0
30 8 0.47820374
30 18 0.6925821
30 13 1.5289437
30 33 2.3645725
30 11 0.4513509
30 29 4.505725
30 5 0.9462463
30 34 1.9710042
30 20 19.26912
30 2 8.051891
30 37 4.937019
30 7 0.8264249
30 27 0.22182149
30 16 1.1023473
30 23 1.3799369
30 25 1.6048781
31 26 0.059575263
31 6 0.26998273
31 10 0.038001567
31 24 5.797981
31 22 159.67303
31 9 0.029689502
31 17 1.5376017
31 4 0.10413489
31 19 0.083737195
32 26 13.863562
32 24 0.10639347
32 12 0.25981623
32 15 0.07339626
33 34 2000.0
33 30 2.3645725
33 20 2.032018
33 2 2.1717799
33 14 0.46592003
33 7 2000.0
33 13 0.74876535
33 27 0.98175114
33 16 2270.3408
33 11 2.1705883
33 29 622.78406
33 25 0.35756427
34 30 1.9710042
34 20 0.82651526
34 8 9.130839
34 13 7.304961
34 7 10.607885
34 27 0.7577449
34 16 1215.0568
34 11 2.7956784
34 25 1.0997529
34 29 3.686534
34 5 2.517768
35 21 0.03471391
36 26 266.24707
36 28 0.038726762
36 3 0.26315686
36 9 0.9095261
37 30 4.937019
37 0 0.8605368
37 8 1.0110767
37 18 1.167351
37 13 1.2135471
37 11 1.1415691
37 29 0.86901456
37 20 2.7133021
37 2 0.7249817
37 7 11.05128
37 27 1.1740352
37 16 26.371593
37 23 2.228579
37 25 1427.2727
