0 8 7.719194
0 2 0.3994418
0 37 0.8841739
0 13 0.47418427
0 11 80.0
0 29 6.027699
1 3 0.24007577
1 12 38.30597
2 30 14.012382
2 0 0.3994418
2 8 1.0121297
2 18 7.2298145
2 13 0.43397912
2 33 1.9688176
2 11 0.8737099
2 29 1.4263105
2 20 1.1647344
2 37 0.9863403
2 27 3.7259157
2 16 2000.0
2 23 19.746784
2 25 2.3788831
3 36 0.29904306
3 28 0.091835015
3 24 378.94742
3 12 0.060601052
3 1 0.24007577
3 9 0.53718436
4 31 0.07809692
4 9 0.06618072
4 17 0.07572026
4 19 0.081747875
5 30 0.65245056
5 8 0.8276466
5 18 0.81598425
5 13 150.0
5 11 2.607565
5 29 2.9029129
5 34 6.734815
5 20 2.7386215
5 37 2000.0
5 7 6.2357616
5 27 1.987928
5 16 1.1738737
5 23 6.647702
6 31 0.96038467
6 17 0.7587053
7 34 15.113781
7 30 1.0525694
7 20 1.1415415
7 8 285.52805
7 37 14.867127
7 27 120.84518
7 16 0.9340769
7 11 13.808364
7 23 1.1259627
7 25 25.901146
7 5 6.2357616
8 0 7.719194
8 30 0.94445294
8 18 0.94309014
8 13 3.4651427
8 11 1.3853526
8 29 0.73009866
8 5 0.8276466
8 34 9.448211
8 2 1.0121297
8 37 1.3273437
8 7 285.52805
8 27 0.8545129
8 16 1.3161327
8 23 1.1534197
9 36 1.9205607
9 26 2000.0
9 28 7.983004
9 10 3.7219968
9 22 0.5707027
9 31 0.029304486
9 3 0.53718436
9 17 0.05175112
9 4 0.06618072
9 19 0.08092803
10 26 0.049253624
10 28 0.48940167
10 24 0.07295998
10 31 0.031941287
10 12 6.6663013
10 9 3.7219968
10 17 0.0352447
11 0 80.0
11 30 0.45940697
11 8 1.3853526
11 18 7.1469054
11 13 0.87862474
11 33 2.538462
11 29 0.73865014
11 5 2.607565
11 34 4.6532536
11 20 0.70251626
11 2 0.8737099
11 37 2.086408
11 7 13.808364
11 27 0.61109865
11 16 0.88706
11 25 1.4550539
12 26 0.5936336
12 28 4.4547668
12 32 0.3195159
12 10 6.6663013
12 24 0.09106693
12 21 0.06743365
12 3 0.060601052
12 1 38.30597
13 30 0.75651044
13 0 0.47418427
13 8 3.4651427
13 18 450.00003
13 33 1.2471398
13 11 0.87862474
13 29 0.91867715
13 5 150.0
13 34 18.386034
13 20 0.68844306
13 2 0.43397912
13 14 3.808937
13 37 2.7027614
13 27 0.23134798
13 16 211.71558
13 25 0.6234717
14 20 1.666033
14 13 3.808937
14 33 0.6424283
14 27 2.161404
14 11 2000.0
14 25 2.8281393
15 32 0.110425465
15 21 37.14795
16 0 2000.0
16 30 1.0163798
16 8 1.3161327
16 18 0.63591
16 13 211.71558
16 11 0.88706
16 29 395.5829
16 5 1.1738737
16 20 8.623134
16 37 120.67751
16 7 0.9340769
16 27 1.4050859
16 23 4.9402995
16 25 1.0968213
17 26 1.7232603
17 6 0.7587053
17 10 0.0352447
17 24 0.20517102
17 31 1.15618
17 9 0.05175112
17 4 0.07572026
17 19 3.3198051
18 0 2000.0
18 30 0.6259594
18 8 0.94309014
18 13 450.00003
18 11 7.1469054
18 29 1.2867823
18 5 0.81598425
18 2 7.2298145
18 37 1.1558665
18 7 2000.0
18 27 3.1291428
18 16 0.63591
18 23 2.2411122
19 31 0.068610296
19 9 0.08092803
19 17 3.3198051
19 4 0.081747875
20 0 2000.0
20 30 54.329643
20 13 0.68844306
20 33 2.115669
20 11 0.70251626
20 29 2.1754265
20 5 2.7386215
20 34 1.1676308
20 2 1.1647344
20 14 1.666033
20 37 7.612473
20 7 1.1415415
20 27 0.30162418
20 16 8.623134
20 25 1.0096494
21 32 2000.0
21 10 2000.0
21 24 0.05799456
21 35 0.03585518
21 12 0.06743365
21 15 37.14795
22 6 148.58655
22 31 1121.8182
22 9 0.5707027
22 19 1594.4319
23 0 2000.0
23 30 1.0160179
23 2 19.746784
23 8 1.1534197
23 37 3.814073
23 18 2.2411122
23 7 1.1259627
23 16 4.9402995
23 11 2000.0
23 29 4.8182573
23 5 6.647702
24 26 0.089884266
24 32 0.11118507
24 10 0.07295998
24 21 0.05799456
24 31 15.43463
24 12 0.09106693
24 3 378.94742
24 15 2000.0
24 17 0.20517102
25 0 2000.0
25 30 1.904237
25 13 0.6234717
25 33 0.38036972
25 11 1.4550539
25 29 2.0391047
25 34 5.3584695
25 20 1.0096494
25 2 2.3788831
25 14 2.8281393
25 37 11.830359
25 7 25.901146
25 27 1.3685102
25 16 1.0968213
26 32 40.009335
26 28 0.04069486
26 10 0.049253624
26 24 0.089884266
26 31 0.09419315
26 12 0.5936336
26 17 1.7232603
27 0 2000.0
27 30 0.15079042
27 8 0.8545129
27 18 3.1291428
27 13 0.23134798
27 33 1.3419036
27 11 0.61109865
27 29 0.4897887
27 5 1.987928
27 34 2.4697108
27 20 0.30162418
27 2 3.7259157
27 14 2.161404
27 37 1.3661934
27 7 120.84518
27 16 1.4050859
27 25 1.3685102
28 36 0.04117295
28 26 0.04069486
28 10 0.48940167
28 3 0.091835015
28 12 4.4547668
28 9 7.983004
29 0 6.027699
29 30 4.1663256
29 8 0.73009866
29 18 1.2867823
29 13 0.91867715
29 11 0.73865014
29 5 2.9029129
29 34 7.326568
29 20 2.1754265
29 2 1.4263105
29 37 1.0308383
29 7 2000.0
29 27 0.4897887
29 16 395.5829
29 23 4.8182573
29 25 2.0391047
30 0 2000.0
30 8 0.94445294
30 18 0.6259594
30 13 0.75651044
30 33 1.9864006
30 11 0.45940697
30 29 4.1663256
30 5 0.65245056
30 34 3.5577798
30 20 54.329643
30 2 14.012382
30 14 2000.0
30 37 9.652727
30 7 1.0525694
30 27 0.15079042
30 16 1.0163798
30 23 1.0160179
30 25 1.904237
31 26 0.09419315
31 6 0.96038467
31 10 0.031941287
31 24 15.43463
31 9 0.029304486
31 17 1.15618
31 4 0.07809692
31 19 0.068610296
32 26 40.009335
32 24 0.11118507
32 12 0.3195159
32 15 0.110425465
33 30 1.9864006
33 8 2000.0
33 13 1.2471398
33 11 2.538462
33 29 2382.1023
33 34 2000.0
33 20 2.115669
33 2 1.9688176
33 14 0.6424283
33 7 2000.0
33 27 1.3419036
33 16 2000.0
33 25 0.38036972
34 30 3.5577798
34 20 1.1676308
34 8 9.448211
34 7 15.113781
34 13 18.386034
34 27 2.4697108
34 16 2536.0227
34 11 4.6532536
34 25 5.3584695
34 29 7.326568
34 5 6.734815
35 21 0.03585518
36 26 2000.0
36 28 0.04117295
36 3 0.29904306
36 9 1.9205607
37 30 9.652727
37 0 0.8841739
37 8 1.3273437
37 18 1.1558665
37 13 2.7027614
37 11 2.086408
37 29 1.0308383
37 20 7.612473
37 2 0.9863403
37 7 14.867127
37 27 1.3661934
37 16 120.67751
37 23 3.814073
37 25 11.830359
