0 8 3.8967762
0 2 0.48629814
0 37 3.1946337
0 13 0.65812147
0 29 20.594086
1 3 0.4139827
1 12 1207.5569
2 30 60.146206
2 0 0.48629814
2 8 2.9740598
2 18 15.655318
2 13 2.486723
2 33 5.433145
2 11 2.8597703
2 29 1.2429762
2 20 1.7162691
2 37 2.333205
2 27 2.1794937
2 23 56.145645
2 25 4.222513
3 36 0.3960533
3 28 0.11790404
3 24 2000.0
3 12 0.06612332
3 1 0.4139827
3 9 0.33543092
4 31 0.072852224
4 9 0.052964136
4 17 0.0828943
4 19 0.082151845
5 30 0.7341141
5 8 1.4122953
5 18 1.526334
5 11 6.510584
5 29 3.1424196
5 34 8.120942
5 20 1.6661626
5 37 2000.0
5 7 5.703354
5 27 2.7419095
5 16 1.488885
5 23 6.5677295
5 25 2000.0
6 31 1.231028
6 17 0.98676634
7 34 11.621368
7 30 2.6510763
7 20 2.236408
7 8 38.776665
7 37 20.317183
7 27 2000.0
7 16 1.2850496
7 11 28.398884
7 23 2.1081073
7 25 31.799004
7 5 5.703354
8 0 3.8967762
8 30 0.80957335
8 18 1.0793233
8 13 1.975603
8 11 4.96002
8 29 1.2348127
8 5 1.4122953
8 34 16.955555
8 2 2.9740598
8 37 1.7581294
8 7 38.776665
8 27 2.5018454
8 16 2.3934507
8 23 1.4369718
9 36 1.4095606
9 26 2000.0
9 28 0.9181865
9 10 4.272921
9 22 0.43809593
9 31 0.03076383
9 3 0.33543092
9 17 0.053800296
9 4 0.052964136
9 19 0.06800189
10 26 0.04885663
10 28 0.814362
10 24 0.07945209
10 31 0.03182468
10 12 5.226055
10 9 4.272921
10 17 0.029031819
11 0 2000.0
11 30 0.61599344
11 8 4.96002
11 18 14.552782
11 13 1.3202224
11 33 8.124317
11 29 0.9022535
11 5 6.510584
11 34 8.132166
11 20 3.8158405
11 2 2.8597703
11 37 2.9243538
11 7 28.398884
11 27 0.49718252
11 16 1.8426592
11 25 2.0193164
12 26 0.92203885
12 28 1.401738
12 32 0.11760491
12 10 5.226055
12 24 0.10486621
12 21 0.094003566
12 3 0.06612332
13 0 0.65812147
13 30 3.017923
13 8 1.975603
13 18 120.00001
13 33 1.3717872
13 11 1.3202224
13 29 2.2394612
13 5 2000.0
13 34 20.290983
13 20 0.54942083
13 2 2.486723
13 14 4.768905
13 37 6.2821417
13 27 0.21234848
13 16 64.404884
13 25 1.2017266
14 20 3.6748435
14 13 4.768905
14 33 0.9478917
14 27 1.9854661
14 11 2000.0
14 25 3.1728246
15 32 0.07388768
15 21 9.767451
16 0 2000.0
16 30 1.1784476
16 8 2.3934507
16 18 0.9205209
16 13 64.404884
16 11 1.8426592
16 29 418.06412
16 5 1.488885
16 20 9.025924
16 37 2000.0
16 7 1.2850496
16 27 1.5059681
16 23 5.3892226
16 25 2.514008
17 26 1.7368088
17 6 0.98676634
17 10 0.029031819
17 24 0.4176991
17 31 1.0983521
17 9 0.053800296
17 4 0.0828943
17 19 3.2916453
18 30 0.71141016
18 2 15.655318
18 8 1.0793233
18 37 2.7734149
18 13 120.00001
18 7 2000.0
18 27 3.7440474
18 16 0.9205209
18 23 1.3922033
18 11 14.552782
18 29 3.0557508
18 5 1.526334
19 22 100.0
19 31 0.065797724
19 9 0.06800189
19 17 3.2916453
19 4 0.082151845
20 0 2000.0
20 30 10.855388
20 13 0.54942083
20 33 2.1015835
20 11 3.8158405
20 29 8.116793
20 5 1.6661626
20 34 1.2781612
20 2 1.7162691
20 14 3.6748435
20 37 4.8211064
20 7 2.236408
20 27 0.45211038
20 16 9.025924
20 25 1.275355
21 32 2000.0
21 10 2000.0
21 24 0.05312846
21 35 0.044839017
21 12 0.094003566
21 15 9.767451
22 6 1485.625
22 31 2000.0
22 9 0.43809593
22 19 100.0
23 0 2000.0
23 30 3.1688068
23 2 56.145645
23 8 1.4369718
23 37 5.5375776
23 18 1.3922033
23 7 2.1081073
23 16 5.3892226
23 11 2000.0
23 29 8.587173
23 5 6.5677295
24 26 0.0740965
24 32 0.09175047
24 10 0.07945209
24 21 0.05312846
24 31 19.03776
24 12 0.10486621
24 15 2000.0
24 17 0.4176991
25 0 2000.0
25 30 3.1568704
25 13 1.2017266
25 33 0.80458844
25 11 2.0193164
25 29 14.421961
25 5 2000.0
25 34 4.7370462
25 20 1.275355
25 2 4.222513
25 14 3.1728246
25 37 53.333332
25 7 31.799004
25 27 1.3229036
25 16 2.514008
26 32 20.234882
26 28 0.047067177
26 10 0.04885663
26 24 0.0740965
26 31 0.051419795
26 12 0.92203885
26 17 1.7368088
27 0 2000.0
27 30 0.9395239
27 8 2.5018454
27 18 3.7440474
27 13 0.21234848
27 33 1.6972913
27 11 0.49718252
27 29 0.7499706
27 5 2.7419095
27 34 2.9897406
27 20 0.45211038
27 2 2.1794937
27 14 1.9854661
27 37 10.171988
27 7 2000.0
27 16 1.5059681
27 25 1.3229036
28 36 0.04739195
28 26 0.047067177
28 10 0.814362
28 3 0.11790404
28 12 1.401738
28 9 0.9181865
29 0 20.594086
29 30 6.539394
29 8 1.2348127
29 18 3.0557508
29 13 2.2394612
29 11 0.9022535
29 5 3.1424196
29 34 4.4592037
29 20 8.116793
29 2 1.2429762
29 37 2.2181187
29 7 2000.0
29 27 0.7499706
29 16 418.06412
29 23 8.587173
29 25 14.421961
30 0 2000.0
30 8 0.80957335
30 18 0.71141016
30 13 3.017923
30 33 2.2842607
30 11 0.61599344
30 29 6.539394
30 5 0.7341141
30 34 4.2256494
30 20 10.855388
30 2 60.146206
30 14 2000.0
30 37 12.385222
30 7 2.6510763
30 27 0.9395239
30 16 1.1784476
30 23 3.1688068
30 25 3.1568704
31 26 0.051419795
31 6 1.231028
31 10 0.03182468
31 24 19.03776
31 9 0.03076383
31 17 1.0983521
31 4 0.072852224
31 19 0.065797724
32 26 20.234882
32 24 0.09175047
32 12 0.11760491
32 15 0.07388768
33 30 2.2842607
33 8 2000.0
33 13 1.3717872
33 11 8.124317
33 29 2000.0
33 34 2000.0
33 20 2.1015835
33 2 5.433145
33 14 0.9478917
33 7 2000.0
33 27 1.6972913
33 16 2000.0
33 25 0.80458844
34 30 4.2256494
34 20 1.2781612
34 8 16.955555
34 7 11.621368
34 13 20.290983
34 27 2.9897406
34 16 2000.0
34 11 8.132166
34 25 4.7370462
34 29 4.4592037
34 5 8.120942
35 21 0.044839017
36 26 2000.0
36 28 0.04739195
36 3 0.3960533
36 9 1.4095606
37 0 3.1946337
37 30 12.385222
37 8 1.7581294
37 18 2.7734149
37 13 6.2821417
37 11 2.9243538
37 29 2.2181187
37 20 4.8211064
37 2 2.333205
37 7 20.317183
37 27 10.171988
37 16 2000.0
37 23 5.5375776
37 25 53.333332
