0 2 0.9737405
0 37 1.3859719
0 13 1.1618159
0 29 12.366564
0 25 25.174828
1 3 2.042745
1 12 17.813656
2 30 87.30027
2 0 0.9737405
2 8 1.3724878
2 18 2.3370168
2 13 0.72717166
2 33 2.31272
2 11 1.4109088
2 29 1.3276252
2 20 6.199711
2 37 0.93225986
2 27 1.2875724
2 16 2000.0
2 23 6.4711466
2 25 0.85704064
3 36 0.22103691
3 28 40.122566
3 24 2000.0
3 12 0.049378633
3 1 2.042745
3 9 0.5613302
4 31 0.083427
4 9 0.08060673
4 17 0.12513132
4 19 0.07959869
5 30 0.58265245
5 8 0.5108504
5 18 0.63891554
5 13 16.227114
5 11 2.4864252
5 29 1.5514163
5 34 3.3851852
5 20 2.1691158
5 37 61.959538
5 7 8.376549
5 27 1.4527365
5 16 1.3322961
5 23 2.6215699
6 31 0.26726663
6 17 5.088596
7 30 0.943359
7 20 29.2442
7 8 17.85164
7 37 276.66086
7 16 1.1627313
7 23 1.3359557
7 25 3.680325
7 29 1440.0001
7 5 8.376549
8 0 2000.0
8 30 0.19284475
8 18 1.0720246
8 13 0.53378737
8 11 0.92176574
8 29 0.27323568
8 5 0.5108504
8 34 2000.0
8 2 1.3724878
8 37 0.9683812
8 7 17.85164
8 27 1.3052449
8 16 1.7409089
8 23 0.86868125
8 25 2000.0
9 36 0.4215019
9 26 2000.0
9 28 0.9978921
9 10 2.5689065
9 22 0.045908164
9 31 0.031963613
9 12 2000.0
9 3 0.5613302
9 4 0.08060673
9 17 0.040738635
9 19 0.0664165
10 26 0.030903623
10 28 0.35348243
10 24 0.07546225
10 31 2.0548959
10 12 1184.9432
10 9 2.5689065
10 17 0.041905742
11 0 2000.0
11 30 0.8762735
11 8 0.92176574
11 18 64.23633
11 13 0.6853449
11 33 1.8575655
11 29 1.3630586
11 5 2.4864252
11 34 2.518992
11 20 1.2183388
11 2 1.4109088
11 37 1.6106881
11 7 2419.602
11 27 0.6277832
11 16 1.1326954
11 25 0.866993
12 26 0.554977
12 32 3.9032829
12 24 0.06952383
12 21 0.24836002
12 3 0.049378633
12 1 17.813656
13 30 130.58679
13 0 1.1618159
13 8 0.53378737
13 18 300.0
13 33 1.7918539
13 11 0.6853449
13 29 0.8627686
13 5 16.227114
13 34 160.0
13 20 1.238776
13 2 0.72717166
13 14 5.788227
13 37 2.6323967
13 7 2000.0
13 27 0.47556818
13 16 5.4081817
13 25 0.32101312
14 30 16.226109
14 20 6.573324
14 13 5.788227
14 27 7.1930366
14 33 0.5724798
14 25 4.6957603
15 32 0.14512676
15 24 168.96553
15 21 6.8730693
16 0 2000.0
16 30 1.0850073
16 8 1.7409089
16 18 0.9587293
16 13 5.4081817
16 11 1.1326954
16 29 39.48823
16 5 1.3322961
16 34 19.423782
16 20 37.89874
16 7 1.1627313
16 27 1.360469
16 23 2.5336094
16 25 0.89292085
17 6 5.088596
17 26 2.8755825
17 10 0.041905742
17 24 0.12824114
17 31 1.0001769
17 9 0.040738635
17 4 0.12513132
17 19 0.3918866
18 0 2000.0
18 30 0.8261103
18 8 1.0720246
18 13 300.0
18 11 64.23633
18 29 1.4801878
18 5 0.63891554
18 2 2.3370168
18 37 3.4676113
18 7 2000.0
18 27 6.534529
18 16 0.9587293
18 23 1.4325901
19 31 0.063547336
19 9 0.0664165
19 17 0.3918866
19 4 0.07959869
20 0 2000.0
20 30 2.1376908
20 13 1.238776
20 33 1.5227416
20 11 1.2183388
20 29 18.094738
20 5 2.1691158
20 34 1.0993346
20 2 6.199711
20 14 6.573324
20 37 8.140156
20 7 29.2442
20 27 1.6243119
20 16 37.89874
20 25 0.9112198
21 26 2000.0
21 32 114.28571
21 24 0.5501078
21 35 0.07276453
21 12 0.24836002
21 15 6.8730693
21 4 2000.0
22 31 213.33333
22 9 0.045908164
22 19 2000.0
23 0 2000.0
23 30 2.4298685
23 8 0.86868125
23 2 6.4711466
23 37 1.287698
23 18 1.4325901
23 7 1.3359557
23 16 2.5336094
23 11 2000.0
23 29 1.4162283
23 5 2.6215699
24 26 0.045325417
24 32 0.1436152
24 10 0.07546225
24 21 0.5501078
24 12 0.06952383
24 15 168.96553
24 17 0.12824114
25 30 42.660233
25 0 25.174828
25 13 0.32101312
25 33 0.8455647
25 11 0.866993
25 29 1.9282417
25 34 1.9548137
25 20 0.9112198
25 2 0.85704064
25 14 4.6957603
25 37 28.372469
25 7 3.680325
25 27 0.25849763
25 16 0.89292085
26 32 48.118336
26 28 0.045930237
26 10 0.030903623
26 24 0.045325417
26 31 0.2430352
26 12 0.554977
26 17 2.8755825
27 30 0.24529308
27 0 2000.0
27 8 1.3052449
27 18 6.534529
27 13 0.47556818
27 33 0.7629521
27 11 0.6277832
27 29 2.0517654
27 5 1.4527365
27 34 1.0350479
27 20 1.6243119
27 2 1.2875724
27 14 7.1930366
27 37 1.1248447
27 7 2000.0
27 16 1.360469
27 25 0.25849763
28 36 0.029784882
28 26 0.045930237
28 10 0.35348243
28 3 40.122566
28 12 1376.875
28 9 0.9978921
28 19 1232.0454
29 0 12.366564
29 30 1.4026998
29 8 0.27323568
29 18 1.4801878
29 13 0.8627686
29 33 10.057175
29 11 1.3630586
29 5 1.5514163
29 34 3.2538233
29 20 18.094738
29 2 1.3276252
29 37 0.75402904
29 7 1440.0001
29 27 2.0517654
29 16 39.48823
29 23 1.4162283
29 25 1.9282417
30 8 0.19284475
30 18 0.8261103
30 13 130.58679
30 33 6.967379
30 11 0.8762735
30 29 1.4026998
30 5 0.58265245
30 34 0.9193281
30 20 2.1376908
30 2 87.30027
30 14 16.226109
30 37 140.21767
30 7 0.943359
30 27 0.24529308
30 16 1.0850073
30 23 2.4298685
30 25 42.660233
31 26 0.2430352
31 6 0.26726663
31 10 2.0548959
31 22 213.33333
31 9 0.031963613
31 4 0.083427
31 17 1.0001769
31 19 0.063547336
32 26 48.118336
32 24 0.1436152
32 21 114.28571
32 12 3.9032829
32 15 0.14512676
33 30 6.967379
33 13 1.7918539
33 11 1.8575655
33 29 10.057175
33 5 2000.0
33 34 2000.0
33 20 1.5227416
33 2 2.31272
33 14 0.5724798
33 7 2000.0
33 27 0.7629521
33 16 1608.466
33 25 0.8455647
34 30 0.9193281
34 20 1.0993346
34 37 2000.0
34 13 160.0
34 7 4960.2275
34 27 1.0350479
34 16 19.423782
34 11 2.518992
34 29 3.2538233
34 25 1.9548137
34 5 3.3851852
35 21 0.07276453
35 31 1086.4204
36 28 0.029784882
36 3 0.22103691
36 9 0.4215019
37 30 140.21767
37 0 1.3859719
37 8 0.9683812
37 18 3.4676113
37 13 2.6323967
37 11 1.6106881
37 29 0.75402904
37 5 61.959538
37 20 8.140156
37 2 0.93225986
37 7 276.66086
37 27 1.1248447
37 16 2000.0
37 23 1.287698
37 25 28.372469
