0 8 6.9070377
0 2 1.5154877
0 37 1.0197128
0 13 0.94350684
0 11 36.499817
0 29 19.026945
0 25 800.0
1 3 0.27339014
1 12 70.94709
2 30 12.566392
2 0 1.5154877
2 8 1.6024053
2 18 6.128264
2 13 0.34550616
2 33 2.1867852
2 11 0.82544285
2 29 0.90972316
2 20 2.8282619
2 37 0.7655335
2 27 0.7673053
2 16 2000.0
2 23 19.624125
2 25 1.7655613
3 36 0.22287233
3 28 0.12298702
3 24 266.6667
3 12 0.060811017
3 1 0.27339014
3 9 0.30761847
4 31 0.08432919
4 9 0.069424726
4 17 0.07936217
4 19 0.09560237
5 30 1.8918337
5 8 0.5725443
5 18 0.47425988
5 13 2000.0
5 11 3.26152
5 29 2.3175945
5 34 2.201857
5 20 1.6275932
5 37 2000.0
5 7 9.092949
5 27 2.1962428
5 16 1.3870322
5 23 3.672114
6 24 2000.0
6 31 1.8869787
6 17 1.3487346
7 34 12.260246
7 30 1.5258629
7 20 2.3747246
7 8 21.317026
7 37 26.089794
7 27 96.77132
7 16 1.5145277
7 11 8.205181
7 23 1.2078732
7 25 11.724654
7 5 9.092949
8 0 6.9070377
8 30 0.67354333
8 18 1.1754063
8 13 2.169346
8 11 1.2017432
8 29 0.57874465
8 5 0.5725443
8 34 2.2926905
8 2 1.6024053
8 37 1.4543223
8 7 21.317026
8 27 2.2393155
8 16 1.7319274
8 23 0.76008385
9 36 1.6191115
9 26 2000.0
9 28 1.998088
9 10 3.2121384
9 22 0.23657286
9 31 0.029699808
9 3 0.30761847
9 17 0.041477274
9 4 0.069424726
9 19 0.06513348
10 26 0.031699046
10 28 0.27187
10 24 0.049875803
10 31 0.09511922
10 12 4.7426677
10 9 3.2121384
10 17 0.028858433
11 0 36.499817
11 30 0.4000294
11 8 1.2017432
11 18 4.6331253
11 13 0.39035758
11 33 2.5547745
11 29 0.6879824
11 5 3.26152
11 34 1.4637563
11 20 0.67882514
11 2 0.82544285
11 37 1.2383956
11 7 8.205181
11 27 0.38972294
11 16 0.7369734
11 25 1.4293237
12 26 1.350325
12 28 4.130175
12 32 0.5257434
12 10 4.7426677
12 24 0.06788146
12 21 0.07783825
12 3 0.060811017
12 1 70.94709
13 30 3.4788523
13 0 0.94350684
13 8 2.169346
13 18 109.090904
13 33 0.9684281
13 11 0.39035758
13 29 0.8278499
13 34 8.499818
13 20 0.541809
13 2 0.34550616
13 14 4.2127075
13 37 1.6260215
13 27 0.6754191
13 16 44.444485
13 25 0.8523249
14 20 1.454777
14 13 4.2127075
14 33 0.4803872
14 27 1.4939018
14 11 2000.0
14 25 2.4183528
15 32 0.07646453
15 21 2.4179113
16 30 1.1986339
16 0 2000.0
16 8 1.7319274
16 18 0.6811631
16 13 44.444485
16 11 0.7369734
16 29 20.789886
16 5 1.3870322
16 20 6.3325515
16 37 102.20518
16 7 1.5145277
16 27 1.6675012
16 23 6.6783514
16 25 2.1254585
17 26 1.6720067
17 6 1.3487346
17 10 0.028858433
17 24 0.17738968
17 31 1.2004695
17 9 0.041477274
17 4 0.07936217
17 19 3.996531
18 30 0.81555134
18 2 6.128264
18 8 1.1754063
18 37 1.1232753
18 7 2000.0
18 13 109.090904
18 27 6.2105155
18 16 0.6811631
18 23 1.8297
18 11 4.6331253
18 29 1.231115
18 5 0.47425988
19 31 0.066054516
19 9 0.06513348
19 17 3.996531
19 4 0.09560237
20 30 12.360684
20 13 0.541809
20 33 1.2573864
20 11 0.67882514
20 29 1.5062081
20 5 1.6275932
20 34 1.0593506
20 2 2.8282619
20 14 1.454777
20 37 2.219702
20 7 2.3747246
20 27 0.33721036
20 16 6.3325515
20 25 0.7249647
21 10 2000.0
21 24 0.13053799
21 35 0.07086236
21 12 0.07783825
21 15 2.4179113
22 6 1684.7158
22 31 1677.841
22 9 0.23657286
22 19 1548.3523
23 0 2000.0
23 30 1.5744696
23 2 19.624125
23 8 0.76008385
23 37 3.3655481
23 18 1.8297
23 7 1.2078732
23 16 6.6783514
23 11 2000.0
23 29 3.9852915
23 5 3.672114
24 26 0.065827556
24 32 0.14436758
24 10 0.049875803
24 21 0.13053799
24 31 15.242751
24 12 0.06788146
24 3 266.6667
24 15 2000.0
24 17 0.17738968
25 0 800.0
25 30 3.7868352
25 13 0.8523249
25 33 0.5318477
25 11 1.4293237
25 29 3.468187
25 34 4.4381027
25 20 0.7249647
25 2 1.7655613
25 14 2.4183528
25 37 32.97345
25 7 11.724654
25 27 0.82390314
25 16 2.1254585
26 36 146.91748
26 32 74.39813
26 28 0.03080066
26 10 0.031699046
26 24 0.065827556
26 31 0.071126886
26 12 1.350325
26 17 1.6720067
27 0 2000.0
27 30 0.21461676
27 8 2.2393155
27 18 6.2105155
27 13 0.6754191
27 33 0.86726767
27 11 0.38972294
27 29 0.47323024
27 5 2.1962428
27 34 0.93640745
27 20 0.33721036
27 2 0.7673053
27 14 1.4939018
27 37 1.3500129
27 7 96.77132
27 16 1.6675012
27 25 0.82390314
28 36 0.032057
28 26 0.03080066
28 10 0.27187
28 3 0.12298702
28 12 4.130175
28 9 1.998088
29 0 19.026945
29 30 3.8978944
29 8 0.57874465
29 18 1.231115
29 13 0.8278499
29 11 0.6879824
29 5 2.3175945
29 34 4.396712
29 20 1.5062081
29 2 0.90972316
29 37 0.81935704
29 7 2000.0
29 27 0.47323024
29 16 20.789886
29 23 3.9852915
29 25 3.468187
30 0 2000.0
30 8 0.67354333
30 18 0.81555134
30 13 3.4788523
30 33 2.7056236
30 11 0.4000294
30 29 3.8978944
30 5 1.8918337
30 34 0.9292552
30 20 12.360684
30 2 12.566392
30 14 2000.0
30 37 6.861427
30 7 1.5258629
30 27 0.21461676
30 16 1.1986339
30 23 1.5744696
30 25 3.7868352
31 26 0.071126886
31 6 1.8869787
31 10 0.09511922
31 24 15.242751
31 9 0.029699808
31 17 1.2004695
31 4 0.08432919
31 19 0.066054516
32 26 74.39813
32 24 0.14436758
32 12 0.5257434
32 15 0.07646453
33 34 2000.0
33 30 2.7056236
33 20 1.2573864
33 2 2.1867852
33 14 0.4803872
33 7 2000.0
33 13 0.9684281
33 27 0.86726767
33 16 1622.3296
33 11 2.5547745
33 29 1436.875
33 25 0.5318477
34 30 0.9292552
34 20 1.0593506
34 8 2.2926905
34 7 12.260246
34 13 8.499818
34 27 0.93640745
34 16 5535.0566
34 11 1.4637563
34 25 4.4381027
34 29 4.396712
34 5 2.201857
35 21 0.07086236
36 26 146.91748
36 28 0.032057
36 3 0.22287233
36 9 1.6191115
37 30 6.861427
37 0 1.0197128
37 8 1.4543223
37 18 1.1232753
37 13 1.6260215
37 11 1.2383956
37 29 0.81935704
37 20 2.219702
37 2 0.7655335
37 7 26.089794
37 27 1.3500129
37 16 102.20518
37 23 3.3655481
37 25 32.97345
