0 2 0.7101363
0 37 1.1893713
0 13 0.6357134
0 29 8.252712
0 25 10.418131
1 3 1.2891234
1 12 1096.1364
2 30 16.559612
2 0 0.7101363
2 8 1.3192537
2 18 1.8882369
2 13 0.59818697
2 33 5.242754
2 11 1.1713464
2 29 0.9798296
2 20 5.1944723
2 37 0.7484075
2 27 0.93032426
2 16 2000.0
2 23 6.8298154
2 25 0.57656336
3 36 0.78230524
3 28 145.59546
3 24 2000.0
3 12 0.06272911
3 1 1.2891234
3 9 0.8282907
4 31 0.07276994
4 9 0.06943995
4 17 0.124423966
4 19 0.06631054
5 30 0.6093335
5 8 0.5463646
5 18 0.8329865
5 13 13.677341
5 11 1.4486322
5 29 1.3895184
5 34 1.7910848
5 20 2.4017837
5 37 14.809579
5 7 10.566557
5 27 0.8190752
5 16 2.0686402
5 23 2.1110208
5 25 2000.0
6 31 0.14731744
6 17 2.3756878
7 34 450.68906
7 30 0.5284916
7 20 1247.6136
7 8 4.7150016
7 16 0.9383184
7 11 119.94633
7 23 1.0511364
7 25 2.5136
7 29 2000.0
7 5 10.566557
8 0 2000.0
8 30 0.5116431
8 18 1.8515677
8 13 1.4843315
8 11 0.7873785
8 29 0.6353391
8 5 0.5463646
8 34 26.53935
8 2 1.3192537
8 37 0.83007306
8 7 4.7150016
8 27 1.9471675
8 16 1.3416038
8 23 0.97713447
8 25 2000.0
9 36 0.4090124
9 26 2000.0
9 28 0.871934
9 10 15.316964
9 22 0.058665927
9 31 0.030096384
9 3 0.8282907
9 12 2000.0
9 4 0.06943995
9 17 0.03287845
9 19 0.06863992
10 26 0.029566744
10 28 0.24986097
10 24 0.11922482
10 31 20.695747
10 12 1463.5796
10 9 15.316964
10 17 0.034612518
11 0 2000.0
11 30 0.7111422
11 8 0.7873785
11 18 5.7883196
11 13 0.864194
11 33 1.7603707
11 29 0.88302976
11 5 1.4486322
11 34 2.5295746
11 20 0.7232508
11 2 1.1713464
11 37 1.5834051
11 7 119.94633
11 27 0.64723146
11 16 0.83742505
11 25 0.98775023
12 26 0.9831513
12 28 71.096596
12 32 1.9238391
12 24 0.0790553
12 21 0.10035932
12 3 0.06272911
13 30 33.941605
13 0 0.6357134
13 8 1.4843315
13 33 1.2726636
13 11 0.864194
13 29 0.7435157
13 5 13.677341
13 34 89.55455
13 20 1.0544571
13 2 0.59818697
13 14 3.630265
13 37 0.9255985
13 7 2000.0
13 27 0.28488496
13 16 14.804814
13 25 0.26097876
14 30 7.674747
14 20 1.7835004
14 13 3.630265
14 27 2.3164861
14 33 0.4376235
14 11 2000.0
14 25 1.704715
15 32 0.09534802
15 21 2.9766397
16 30 1.8735365
16 0 2000.0
16 8 1.3416038
16 18 1.14156
16 13 14.804814
16 11 0.83742505
16 5 2.0686402
16 34 112.311935
16 20 39.911453
16 7 0.9383184
16 27 1.6734655
16 23 1.8827462
16 25 0.8995928
17 6 2.3756878
17 26 3.0508478
17 10 0.034612518
17 24 0.10922864
17 31 1.3955215
17 9 0.03287845
17 4 0.124423966
17 19 1503.8636
18 0 2000.0
18 30 0.73043555
18 8 1.8515677
18 13 2464.2046
18 11 5.7883196
18 29 1.0071076
18 5 0.8329865
18 2 1.8882369
18 37 2.0775843
18 7 2000.0
18 27 21.925455
18 16 1.14156
18 23 1.452257
19 31 0.12855753
19 9 0.06863992
19 4 0.06631054
20 30 1.2593645
20 13 1.0544571
20 33 1.5224259
20 11 0.7232508
20 29 8.3906145
20 5 2.4017837
20 34 0.8002023
20 2 5.1944723
20 14 1.7835004
20 37 2.0941558
20 7 1247.6136
20 27 0.83911145
20 16 39.911453
20 25 0.45583916
21 26 2000.0
21 32 2000.0
21 24 1.1569313
21 35 0.033287946
21 31 2000.0
21 12 0.10035932
21 15 2.9766397
22 31 290.9091
22 9 0.058665927
22 19 2000.0
23 0 2000.0
23 30 1.4524838
23 8 0.97713447
23 2 6.8298154
23 37 1.2789117
23 18 1.452257
23 7 1.0511364
23 16 1.8827462
23 11 2000.0
23 29 0.87600476
23 5 2.1110208
24 26 0.03461962
24 32 0.20488127
24 10 0.11922482
24 21 1.1569313
24 31 2000.0
24 12 0.0790553
24 15 2000.0
24 17 0.10922864
25 30 17.252995
25 0 10.418131
25 13 0.26097876
25 33 0.58718795
25 11 0.98775023
25 29 2.183595
25 34 2.2415738
25 20 0.45583916
25 2 0.57656336
25 14 1.704715
25 37 32.702213
25 7 2.5136
25 27 0.25146237
25 16 0.8995928
26 32 10.506683
26 28 0.08597503
26 10 0.029566744
26 24 0.03461962
26 31 0.17277975
26 12 0.9831513
26 17 3.0508478
27 30 0.19454078
27 0 2000.0
27 8 1.9471675
27 18 21.925455
27 13 0.28488496
27 33 0.922724
27 11 0.64723146
27 29 0.43871087
27 5 0.8190752
27 34 1.0266668
27 20 0.83911145
27 2 0.93032426
27 14 2.3164861
27 37 0.99779546
27 7 3910.9092
27 16 1.6734655
27 25 0.25146237
28 36 0.030433945
28 26 0.08597503
28 10 0.24986097
28 12 71.096596
28 3 145.59546
28 9 0.871934
28 19 1369.9431
29 0 8.252712
29 30 0.9613842
29 8 0.6353391
29 18 1.0071076
29 13 0.7435157
29 33 16.025196
29 11 0.88302976
29 5 1.3895184
29 34 2.2467806
29 20 8.3906145
29 2 0.9798296
29 37 0.6882223
29 27 0.43871087
29 16 2000.0
29 23 0.87600476
29 25 2.183595
30 8 0.5116431
30 18 0.73043555
30 13 33.941605
30 33 4.3877726
30 11 0.7111422
30 29 0.9613842
30 5 0.6093335
30 34 0.8444433
30 20 1.2593645
30 2 16.559612
30 14 7.674747
30 37 13.074226
30 7 0.5284916
30 27 0.19454078
30 16 1.8735365
30 23 1.4524838
30 25 17.252995
31 26 0.17277975
31 6 0.14731744
31 10 20.695747
31 35 134.86363
31 22 290.9091
31 9 0.030096384
31 4 0.07276994
31 17 1.3955215
31 19 0.12855753
32 26 10.506683
32 24 0.20488127
32 21 2000.0
32 12 1.9238391
32 15 0.09534802
33 30 4.3877726
33 8 2000.0
33 13 1.2726636
33 11 1.7603707
33 29 16.025196
33 34 2000.0
33 20 1.5224259
33 2 5.242754
33 14 0.4376235
33 7 2000.0
33 27 0.922724
33 16 3017.898
33 25 0.58718795
34 30 0.8444433
34 20 0.8002023
34 8 26.53935
34 37 2000.0
34 7 450.68906
34 13 89.55455
34 27 1.0266668
34 16 112.311935
34 11 2.5295746
34 29 2.2467806
34 25 2.2415738
34 5 1.7910848
35 21 0.033287946
35 31 134.86363
36 28 0.030433945
36 3 0.78230524
36 9 0.4090124
37 30 13.074226
37 0 1.1893713
37 8 0.83007306
37 18 2.0775843
37 13 0.9255985
37 11 1.5834051
37 29 0.6882223
37 5 14.809579
37 20 2.0941558
37 2 0.7484075
37 7 2619.1477
37 27 0.99779546
37 16 2000.0
37 23 1.2789117
37 25 32.702213
