0 8 8.602109
0 2 1.2400253
0 37 0.97826993
0 13 1.0541269
0 11 225.00002
0 29 9.849521
1 3 1.2868769
1 12 1202.159
2 30 26.208464
2 0 1.2400253
2 8 1.5386108
2 18 21.359499
2 13 0.62732196
2 33 3.0150478
2 11 1.0839058
2 29 1.0318115
2 20 4.490109
2 37 0.8264509
2 27 0.5114316
2 23 31.459682
2 25 1.02609
3 36 0.42311665
3 28 0.08609008
3 24 266.6667
3 12 0.050938055
3 1 1.2868769
3 9 0.9916096
4 31 0.08474158
4 9 0.06618072
4 17 0.09240431
4 19 0.09483979
5 30 0.65569097
5 8 0.69887394
5 18 0.40318328
5 13 450.00003
5 11 2.7433376
5 29 3.995855
5 34 2.8136106
5 20 1.4154664
5 37 2000.0
5 7 4.540263
5 27 1.3549889
5 16 1.1904705
5 23 5.994094
6 22 1215.1136
6 31 0.94393945
6 17 0.8988301
7 34 17.302326
7 30 0.5713526
7 20 1.5842124
7 8 131.80305
7 37 6.13428
7 16 1.0478511
7 11 6.285177
7 23 1.1131111
7 25 4.231673
7 5 4.540263
8 0 8.602109
8 30 0.7963276
8 18 1.0642605
8 13 2.7092292
8 11 0.74015963
8 29 0.9387176
8 5 0.69887394
8 34 4.67623
8 2 1.5386108
8 37 0.7827337
8 7 131.80305
8 27 1.3642769
8 16 1.3849531
8 23 0.8696289
9 36 1.5745156
9 28 3.5419075
9 10 10.864706
9 22 0.38735572
9 31 0.031431783
9 3 0.9916096
9 12 2000.0
9 17 0.24022625
9 4 0.06618072
9 19 0.070054024
10 26 0.032756835
10 28 0.51623374
10 24 0.039911874
10 31 0.041201726
10 12 11.540445
10 9 10.864706
10 17 0.029502789
11 0 225.00002
11 30 0.395877
11 8 0.74015963
11 18 4.185232
11 13 0.55819297
11 33 2.2825356
11 29 0.7023305
11 5 2.7433376
11 34 1.8883835
11 20 0.92597276
11 2 1.0839058
11 37 1.2577214
11 7 6.285177
11 27 0.49115655
11 16 1.051529
11 25 0.8509746
12 26 1.1114621
12 28 4.7601657
12 32 0.1628853
12 10 11.540445
12 24 0.07067727
12 21 0.06640606
12 3 0.050938055
13 30 1.5040909
13 0 1.0541269
13 8 2.7092292
13 18 133.33334
13 33 0.8866116
13 11 0.55819297
13 29 0.6041122
13 5 450.00003
13 34 6.9314733
13 20 0.61384314
13 2 0.62732196
13 14 2.4687665
13 37 1.8648424
13 27 0.20040587
13 16 2000.0
13 25 0.36197853
14 20 1.0785193
14 13 2.4687665
14 27 2.979468
14 33 0.28125736
14 11 2000.0
14 25 2.7699442
15 32 0.07236401
15 21 1.7777113
16 30 1.0844134
16 0 2000.0
16 8 1.3849531
16 18 1.0371603
16 13 2000.0
16 11 1.051529
16 29 33.714657
16 5 1.1904705
16 20 9.350276
16 37 21.428764
16 7 1.0478511
16 27 1.4576733
16 23 5.5347123
16 25 0.9866486
17 26 1.7651498
17 6 0.8988301
17 10 0.029502789
17 24 0.18726628
17 31 1.3354595
17 9 0.24022625
17 4 0.09240431
17 19 2.052009
18 30 0.68231297
18 2 21.359499
18 8 1.0642605
18 37 1.1445348
18 13 133.33334
18 7 2000.0
18 27 5.1803737
18 16 1.0371603
18 23 1.203015
18 11 4.185232
18 29 1.26873
18 5 0.40318328
19 31 0.08065432
19 9 0.070054024
19 17 2.052009
19 4 0.09483979
20 30 19.72149
20 13 0.61384314
20 33 1.4750117
20 11 0.92597276
20 29 8.047933
20 5 1.4154664
20 34 0.81820184
20 2 4.490109
20 14 1.0785193
20 37 1.6821816
20 7 1.5842124
20 27 0.38486248
20 16 9.350276
20 25 0.45197126
21 32 2000.0
21 24 0.6439963
21 35 0.04104494
21 12 0.06640606
21 15 1.7777113
22 6 1215.1136
22 31 1054.8296
22 9 0.38735572
22 19 1374.2045
23 0 2000.0
23 30 1.0678092
23 2 31.459682
23 8 0.8696289
23 37 1.9040284
23 18 1.203015
23 7 1.1131111
23 16 5.5347123
23 11 2000.0
23 29 2.0841842
23 5 5.994094
24 26 0.058380872
24 32 0.10443454
24 10 0.039911874
24 21 0.6439963
24 31 4.159759
24 12 0.07067727
24 3 266.6667
24 15 2000.0
24 17 0.18726628
25 30 2.6639993
25 13 0.36197853
25 33 0.33860648
25 11 0.8509746
25 29 1.3283248
25 34 1.010683
25 20 0.45197126
25 2 1.02609
25 14 2.7699442
25 37 29.972536
25 7 4.231673
25 27 0.4496611
25 16 0.9866486
26 32 14.911034
26 28 0.110454164
26 10 0.032756835
26 24 0.058380872
26 31 0.07257164
26 12 1.1114621
26 17 1.7651498
27 0 2000.0
27 30 0.18389295
27 8 1.3642769
27 18 5.1803737
27 13 0.20040587
27 33 0.81226885
27 11 0.49115655
27 29 0.48811665
27 5 1.3549889
27 34 0.8525521
27 20 0.38486248
27 2 0.5114316
27 14 2.979468
27 37 0.43734238
27 7 2061.1362
27 16 1.4576733
27 25 0.4496611
28 36 0.060108136
28 26 0.110454164
28 10 0.51623374
28 3 0.08609008
28 12 4.7601657
28 9 3.5419075
29 0 9.849521
29 30 3.2313797
29 8 0.9387176
29 18 1.26873
29 13 0.6041122
29 33 130.81622
29 11 0.7023305
29 5 3.995855
29 34 4.9436007
29 20 8.047933
29 2 1.0318115
29 37 0.4692052
29 7 2000.0
29 27 0.48811665
29 16 33.714657
29 23 2.0841842
29 25 1.3283248
30 0 2000.0
30 8 0.7963276
30 18 0.68231297
30 13 1.5040909
30 33 1.9093021
30 11 0.395877
30 29 3.2313797
30 5 0.65569097
30 34 1.2885467
30 20 19.72149
30 2 26.208464
30 37 5.974067
30 7 0.5713526
30 27 0.18389295
30 16 1.0844134
30 23 1.0678092
30 25 2.6639993
31 26 0.07257164
31 6 0.94393945
31 10 0.041201726
31 24 4.159759
31 9 0.031431783
31 17 1.3354595
31 4 0.08474158
31 19 0.08065432
32 26 14.911034
32 24 0.10443454
32 12 0.1628853
32 15 0.07236401
33 34 2000.0
33 30 1.9093021
33 20 1.4750117
33 2 3.0150478
33 14 0.28125736
33 7 2000.0
33 13 0.8866116
33 27 0.81226885
33 16 2000.0
33 11 2.2825356
33 29 130.81622
33 25 0.33860648
34 30 1.2885467
34 20 0.81820184
34 8 4.67623
34 13 6.9314733
34 7 17.302326
34 27 0.8525521
34 16 1215.0568
34 11 1.8883835
34 25 1.010683
34 29 4.9436007
34 5 2.8136106
35 21 0.04104494
36 26 2000.0
36 28 0.060108136
36 3 0.42311665
36 9 1.5745156
37 30 5.974067
37 0 0.97826993
37 8 0.7827337
37 18 1.1445348
37 13 1.8648424
37 11 1.2577214
37 29 0.4692052
37 20 1.6821816
37 2 0.8264509
37 7 6.13428
37 27 0.43734238
37 16 21.428764
37 23 1.9040284
37 25 29.972536
