0 2 1.1309885
0 37 1.3930919
0 13 0.9234301
0 29 25.230572
0 25 8.884432
1 3 1.4183081
1 12 7.033353
2 30 17.82974
2 0 1.1309885
2 8 1.5578815
2 18 2.420602
2 13 0.5346939
2 33 2.245828
2 11 1.2605704
2 29 1.0902075
2 20 4.457964
2 37 0.80713534
2 27 1.2330393
2 16 2000.0
2 23 8.38695
2 25 0.9979067
3 36 0.46803135
3 28 10.264631
3 24 2000.0
3 12 0.066360995
3 1 1.4183081
3 9 0.2974334
4 31 0.07538399
4 9 0.08063265
4 17 0.11341762
4 19 0.069583945
5 30 0.61095196
5 8 0.6858346
5 18 1.1055301
5 13 22.07283
5 11 8.5178795
5 29 1.5993843
5 34 4.745213
5 20 27.007248
5 37 14.076511
5 7 11.378291
5 27 1.8409091
5 16 1.4247322
5 23 3.4015167
5 25 2000.0
6 31 0.2164956
6 17 2.5931947
7 30 0.82082546
7 20 88.92638
7 8 8.524242
7 37 155.34256
7 16 1.1524316
7 23 1.2327306
7 11 24.61315
7 29 2000.0
7 25 3.704197
7 5 11.378291
8 0 2000.0
8 30 0.57197165
8 18 1.2500466
8 13 2.6224847
8 11 0.94235736
8 29 0.47806817
8 5 0.6858346
8 34 46.132626
8 2 1.5578815
8 37 0.89669675
8 7 8.524242
8 27 1.6696625
8 16 1.485804
8 23 1.219229
8 25 2000.0
9 36 0.6849501
9 26 2000.0
9 28 1.1514449
9 10 14.233075
9 22 0.054914847
9 31 0.02845273
9 3 0.2974334
9 12 2000.0
9 4 0.08063265
9 17 0.03368856
9 19 0.074140064
10 26 0.032677
10 28 0.3596591
10 24 0.17457344
10 31 32.37042
10 12 47.895107
10 9 14.233075
10 17 0.034023117
11 0 2000.0
11 30 0.87281877
11 8 0.94235736
11 18 7.0629044
11 13 0.745704
11 33 2.8429654
11 29 0.94868374
11 5 8.5178795
11 34 4.0090165
11 20 3.1388586
11 2 1.2605704
11 37 1.8852563
11 7 24.61315
11 27 0.6238186
11 16 0.9508772
11 25 0.8803644
12 26 0.6381068
12 28 138.19356
12 32 4.9433846
12 10 47.895107
12 24 0.06616268
12 21 0.26240036
12 3 0.066360995
12 1 7.033353
13 30 21.456776
13 0 0.9234301
13 8 2.6224847
13 18 110.43749
13 33 1.0194557
13 11 0.745704
13 29 0.6767175
13 5 22.07283
13 34 350.31628
13 20 1.6747624
13 2 0.5346939
13 14 3.003811
13 37 1.2846037
13 7 2000.0
13 27 0.6387814
13 16 35.064827
13 25 0.24102698
14 30 2.9678485
14 20 6.967175
14 13 3.003811
14 27 5.153263
14 33 1.403657
14 11 2000.0
14 25 2.0013802
15 32 0.07111437
15 21 1.8030527
15 12 2000.0
16 0 2000.0
16 30 1.0898564
16 8 1.485804
16 18 1.0706772
16 13 35.064827
16 11 0.9508772
16 5 1.4247322
16 34 46.344265
16 20 30.061316
16 7 1.1524316
16 27 1.5519288
16 23 3.0501292
16 25 1.3015105
17 6 2.5931947
17 26 1.7378894
17 10 0.034023117
17 24 0.16954114
17 31 0.97372395
17 9 0.03368856
17 4 0.11341762
17 19 100.0
18 0 2000.0
18 30 0.6455542
18 8 1.2500466
18 13 110.43749
18 11 7.0629044
18 29 1.6927291
18 5 1.1055301
18 2 2.420602
18 37 1.8734888
18 7 2000.0
18 27 24.131968
18 16 1.0706772
18 23 1.3828241
19 31 0.0949365
19 9 0.074140064
19 4 0.069583945
19 17 100.0
20 0 2000.0
20 30 3.7904434
20 13 1.6747624
20 33 2.7981503
20 11 3.1388586
20 29 14.501394
20 5 27.007248
20 34 1.7593046
20 2 4.457964
20 14 6.967175
20 37 7.615152
20 7 88.92638
20 27 3.3421965
20 16 30.061316
20 25 0.874151
21 26 2000.0
21 32 2000.0
21 10 2000.0
21 24 1.1482533
21 35 0.032730997
21 31 2000.0
21 12 0.26240036
21 15 1.8030527
22 31 156.25
22 9 0.054914847
22 19 2000.0
23 0 2000.0
23 30 1.5339637
23 8 1.219229
23 2 8.38695
23 37 1.9561259
23 18 1.3828241
23 7 1.2327306
23 16 3.0501292
23 11 2000.0
23 29 1.1063277
23 5 3.4015167
24 26 0.044043895
24 32 0.20147476
24 10 0.17457344
24 21 1.1482533
24 12 0.06616268
24 3 2000.0
24 15 2000.0
24 17 0.16954114
25 30 19.376198
25 0 8.884432
25 13 0.24102698
25 33 0.70662624
25 11 0.8803644
25 29 3.2093568
25 34 2.9747496
25 20 0.874151
25 2 0.9979067
25 14 2.0013802
25 37 125.04268
25 7 3.704197
25 27 0.34539205
25 16 1.3015105
26 32 11.2961645
26 28 0.06024951
26 10 0.032677
26 24 0.044043895
26 31 0.16527355
26 12 0.6381068
26 17 1.7378894
27 30 0.22577286
27 0 2000.0
27 8 1.6696625
27 18 24.131968
27 13 0.6387814
27 33 1.0337228
27 11 0.6238186
27 29 0.56758374
27 5 1.8409091
27 34 0.9000122
27 20 3.3421965
27 2 1.2330393
27 14 5.153263
27 37 1.4525629
27 7 1939.4318
27 16 1.5519288
27 25 0.34539205
28 36 0.032881495
28 26 0.06024951
28 10 0.3596591
28 3 10.264631
28 12 138.19356
28 9 1.1514449
28 19 1384.8295
29 0 25.230572
29 30 0.52694166
29 8 0.47806817
29 18 1.6927291
29 13 0.6767175
29 33 55.774525
29 11 0.94868374
29 5 1.5993843
29 34 7.4769273
29 20 14.501394
29 2 1.0902075
29 37 1.5605336
29 27 0.56758374
29 16 2000.0
29 23 1.1063277
29 25 3.2093568
30 8 0.57197165
30 18 0.6455542
30 13 21.456776
30 33 10.887486
30 11 0.87281877
30 29 0.52694166
30 5 0.61095196
30 34 0.8803978
30 20 3.7904434
30 2 17.82974
30 14 2.9678485
30 37 16.246471
30 7 0.82082546
30 27 0.22577286
30 16 1.0898564
30 23 1.5339637
30 25 19.376198
31 26 0.16527355
31 6 0.2164956
31 10 32.37042
31 35 81.25966
31 22 156.25
31 9 0.02845273
31 4 0.07538399
31 17 0.97372395
31 19 0.0949365
32 26 11.2961645
32 10 2000.0
32 24 0.20147476
32 12 4.9433846
32 15 0.07111437
33 30 10.887486
33 8 2000.0
33 13 1.0194557
33 11 2.8429654
33 29 55.774525
33 5 2000.0
33 34 2000.0
33 20 2.7981503
33 2 2.245828
33 14 1.403657
33 7 2000.0
33 27 1.0337228
33 16 3017.898
33 25 0.70662624
34 30 0.8803978
34 20 1.7593046
34 8 46.132626
34 37 2000.0
34 7 3200.0947
34 13 350.31628
34 27 0.9000122
34 16 46.344265
34 11 4.0090165
34 29 7.4769273
34 25 2.9747496
34 5 4.745213
35 21 0.032730997
35 31 81.25966
36 28 0.032881495
36 3 0.46803135
36 9 0.6849501
37 30 16.246471
37 0 1.3930919
37 8 0.89669675
37 18 1.8734888
37 13 1.2846037
37 11 1.8852563
37 29 1.5605336
37 5 14.076511
37 20 7.615152
37 2 0.80713534
37 7 155.34256
37 27 1.4525629
37 16 2000.0
37 23 1.9561259
37 25 125.04268
