0 2 2.50749
0 37 1.4546393
0 13 1.8040959
0 29 20.324694
0 25 12.951661
1 3 0.4929327
1 12 1201.6855
2 30 27.15898
2 0 2.50749
2 8 1.2172849
2 18 2.2167623
2 13 0.46441883
2 33 3.5659878
2 11 1.7415135
2 29 1.3845685
2 20 5.2638955
2 37 1.0672704
2 27 0.8113693
2 16 2000.0
2 23 22.721325
2 25 2.009659
3 36 0.91843843
3 28 7.216819
3 24 2000.0
3 12 0.05134128
3 1 0.4929327
3 9 0.4648602
4 31 0.065521285
4 9 0.07645711
4 17 0.1466087
4 19 0.074049935
5 30 0.5793714
5 8 0.9327009
5 18 1.1329911
5 13 18.340908
5 11 1.9040619
5 29 3.8089168
5 34 1.8448659
5 20 4.64969
5 37 11.998496
5 7 16.068485
5 27 1.3527306
5 16 2.431746
5 23 2.2074876
5 25 2000.0
6 31 0.16840538
6 17 1.4368509
7 30 1.0449848
7 8 7.7932544
7 37 51.984375
7 16 1.6312386
7 11 75.70261
7 23 1.7484177
7 25 6.597285
7 5 16.068485
8 0 2000.0
8 30 0.36442807
8 18 1.2201707
8 13 1.1164622
8 11 0.8501826
8 29 0.69793206
8 5 0.9327009
8 34 26.212223
8 2 1.2172849
8 37 1.0120069
8 7 7.7932544
8 27 0.8833875
8 16 1.7324744
8 23 0.99000496
8 25 2000.0
9 36 0.545899
9 26 2000.0
9 28 1.1245927
9 10 23.22254
9 22 0.06860706
9 31 0.030984238
9 3 0.4648602
9 12 2000.0
9 4 0.07645711
9 17 0.03592568
9 19 0.066189736
10 26 0.029737158
10 28 0.3271628
10 24 0.1950657
10 31 20.015259
10 12 1489.8864
10 9 23.22254
10 17 0.032689672
11 0 2000.0
11 30 0.64241314
11 8 0.8501826
11 18 7.778465
11 13 1.4241501
11 33 2.0030577
11 29 0.9738836
11 5 1.9040619
11 34 2.2035306
11 20 1.250317
11 2 1.7415135
11 37 1.9076982
11 7 75.70261
11 27 0.61068314
11 16 1.0335543
11 25 1.138523
12 26 0.71086663
12 32 3.1393764
12 24 0.07455327
12 21 0.23779356
12 3 0.05134128
12 1 1201.6855
13 30 142.67233
13 0 1.8040959
13 8 1.1164622
13 18 748.02277
13 33 0.95137686
13 11 1.4241501
13 29 1.3601408
13 5 18.340908
13 34 88.51067
13 20 1.3157781
13 2 0.46441883
13 14 4.671235
13 37 0.97676176
13 7 2000.0
13 27 0.36991268
13 16 36.510624
13 25 0.9673816
14 30 6.8414297
14 20 2.7478354
14 13 4.671235
14 27 5.015609
14 33 0.39518213
14 11 2000.0
14 25 2.602035
15 32 0.07067382
15 21 3.9470885
16 30 1.4936435
16 0 2000.0
16 8 1.7324744
16 18 1.3386364
16 13 36.510624
16 11 1.0335543
16 29 2000.0
16 5 2.431746
16 34 37.71847
16 20 39.90751
16 7 1.6312386
16 27 1.8011976
16 23 3.5905561
16 25 1.8712549
17 6 1.4368509
17 26 2.6175845
17 10 0.032689672
17 24 0.13637316
17 31 1.1289773
17 9 0.03592568
17 4 0.1466087
17 19 192.33197
18 0 2000.0
18 30 0.6588099
18 8 1.2201707
18 13 748.02277
18 11 7.778465
18 29 1.7405736
18 5 1.1329911
18 2 2.2167623
18 37 3.053502
18 7 2000.0
18 27 16.182726
18 16 1.3386364
18 23 1.030084
19 31 0.077462114
19 9 0.066189736
19 17 192.33197
19 4 0.074049935
20 30 3.0101166
20 13 1.3157781
20 33 1.0487518
20 11 1.250317
20 29 14.770678
20 5 4.64969
20 34 1.01014
20 2 5.2638955
20 14 2.7478354
20 37 1.7267183
20 7 4706.193
20 27 1.5804408
20 16 39.90751
20 25 0.5232419
21 26 2000.0
21 32 2000.0
21 24 1.3113017
21 35 0.053958643
21 31 2000.0
21 12 0.23779356
21 15 3.9470885
22 31 423.52942
22 9 0.06860706
22 19 2000.0
23 0 2000.0
23 30 1.8952715
23 8 0.99000496
23 2 22.721325
23 37 1.1788522
23 18 1.030084
23 7 1.7484177
23 16 3.5905561
23 11 2000.0
23 29 2.2027905
23 5 2.2074876
24 26 0.03805681
24 32 0.23949715
24 10 0.1950657
24 21 1.3113017
24 12 0.07455327
24 15 2000.0
24 17 0.13637316
25 30 33.318287
25 0 12.951661
25 13 0.9673816
25 33 0.6299596
25 11 1.138523
25 29 2.1244664
25 34 2.615516
25 20 0.5232419
25 2 2.009659
25 14 2.602035
25 37 70.63352
25 7 6.597285
25 27 0.3265478
25 16 1.8712549
26 32 14.785581
26 28 0.09695985
26 10 0.029737158
26 24 0.03805681
26 31 0.13974792
26 12 0.71086663
26 17 2.6175845
27 30 0.2940664
27 0 2000.0
27 8 0.8833875
27 18 16.182726
27 13 0.36991268
27 33 0.7818322
27 11 0.61068314
27 29 0.88884
27 5 1.3527306
27 34 2.0638478
27 20 1.5804408
27 2 0.8113693
27 14 5.015609
27 37 1.3463879
27 7 2000.0
27 16 1.8011976
27 25 0.3265478
28 36 0.032376114
28 26 0.09695985
28 10 0.3271628
28 3 7.216819
28 12 1208.6364
28 9 1.1245927
28 19 1370.0
29 0 20.324694
29 30 0.57223177
29 8 0.69793206
29 18 1.7405736
29 13 1.3601408
29 33 9.617727
29 11 0.9738836
29 5 3.8089168
29 34 3.643194
29 20 14.770678
29 2 1.3845685
29 37 1.1864834
29 7 2000.0
29 27 0.88884
29 16 2000.0
29 23 2.2027905
29 25 2.1244664
30 8 0.36442807
30 18 0.6588099
30 13 142.67233
30 33 10.720027
30 11 0.64241314
30 29 0.57223177
30 5 0.5793714
30 34 1.230704
30 20 3.0101166
30 2 27.15898
30 14 6.8414297
30 37 18.844667
30 7 1.0449848
30 27 0.2940664
30 16 1.4936435
30 23 1.8952715
30 25 33.318287
31 26 0.13974792
31 6 0.16840538
31 10 20.015259
31 22 423.52942
31 9 0.030984238
31 4 0.065521285
31 17 1.1289773
31 19 0.077462114
32 26 14.785581
32 24 0.23949715
32 12 3.1393764
32 15 0.07067382
33 30 10.720027
33 8 2000.0
33 13 0.95137686
33 11 2.0030577
33 29 9.617727
33 5 2000.0
33 34 2000.0
33 20 1.0487518
33 2 3.5659878
33 14 0.39518213
33 7 2000.0
33 27 0.7818322
33 16 3017.898
33 25 0.6299596
34 30 1.230704
34 20 1.01014
34 8 26.212223
34 37 2000.0
34 13 88.51067
34 7 5856.0796
34 27 2.0638478
34 16 37.71847
34 11 2.2035306
34 29 3.643194
34 25 2.615516
34 5 1.8448659
35 21 0.053958643
35 31 1405.0
36 28 0.032376114
36 3 0.91843843
36 9 0.545899
37 30 18.844667
37 0 1.4546393
37 8 1.0120069
37 18 3.053502
37 13 0.97676176
37 11 1.9076982
37 29 1.1864834
37 5 11.998496
37 20 1.7267183
37 2 1.0672704
37 7 51.984375
37 27 1.3463879
37 16 2000.0
37 23 1.1788522
37 25 70.63352
