0 8 4.2323594
0 2 0.7105224
0 37 1.9537534
0 13 1.6243311
0 11 204.8389
0 29 6.0841384
0 25 1666.6667
1 3 0.36184144
1 12 1209.7727
2 30 24.045765
2 0 0.7105224
2 8 2.638852
2 18 22.995693
2 13 1.6261117
2 33 5.700099
2 11 2.3633182
2 29 2.0043218
2 20 8.839285
2 37 1.1955044
2 27 4.2496204
2 23 43.373173
2 25 6.5966964
3 36 0.5456439
3 28 0.38222954
3 24 100.0
3 12 0.052206837
3 1 0.36184144
3 9 0.8144397
4 31 0.07717933
4 9 0.058942486
4 17 0.113325715
4 19 0.080172166
5 34 8.7855215
5 30 0.73046994
5 20 1.5443606
5 8 2.8825004
5 37 2000.0
5 18 1.9867597
5 7 7.8019714
5 27 7.761457
5 16 1.7517906
5 11 9.229858
5 23 11.74153
5 29 9.495176
6 31 1.2839935
6 17 0.6539367
7 34 9.064423
7 30 1.0210501
7 20 2.643389
7 8 73.49462
7 37 19.424374
7 27 109.090904
7 16 1.2323607
7 11 22.677204
7 23 1.4296719
7 25 10.579162
7 5 7.8019714
8 0 4.2323594
8 30 0.7366438
8 18 2.7148943
8 13 29.984526
8 11 2.0449276
8 29 0.7085315
8 5 2.8825004
8 34 10.004798
8 2 2.638852
8 37 1.6848499
8 7 73.49462
8 27 1.1388438
8 16 3.1888065
8 23 1.4705032
9 36 2.7483766
9 28 2.4436867
9 10 5.4518337
9 22 0.13326041
9 31 0.030389728
9 3 0.8144397
9 17 0.3903736
9 4 0.058942486
9 19 0.07189079
10 26 0.052635737
10 28 0.68950677
10 24 0.08694118
10 31 0.03073984
10 12 2.573387
10 9 5.4518337
10 17 0.03515406
11 0 204.8389
11 30 0.6928464
11 8 2.0449276
11 18 4.3398757
11 13 1.6294533
11 33 2.7974224
11 29 1.782298
11 5 9.229858
11 34 7.5710087
11 20 3.0744839
11 2 2.3633182
11 37 1.9013033
11 7 22.677204
11 27 0.8555391
11 16 1.4667237
11 25 1.9458914
12 26 1.9512277
12 28 3.9629903
12 32 0.20222749
12 10 2.573387
12 24 0.10123465
12 21 0.066486895
12 3 0.052206837
12 1 1209.7727
13 0 1.6243311
13 30 12.574002
13 8 29.984526
13 18 156.25
13 33 1.3423226
13 11 1.6294533
13 29 2.7513645
13 5 2000.0
13 34 13.03555
13 20 0.58095586
13 2 1.6261117
13 14 6.2064795
13 37 9.45557
13 27 0.18693778
13 16 103.255905
13 25 1.398729
14 20 2.3170316
14 13 6.2064795
14 33 0.451223
14 27 4.526095
14 11 2000.0
14 25 3.7149787
15 32 0.06926351
15 21 7.6995993
16 0 2000.0
16 30 1.1192219
16 8 3.1888065
16 18 1.6086718
16 13 103.255905
16 11 1.4667237
16 29 123.49645
16 5 1.7517906
16 20 6.990062
16 37 270.18594
16 7 1.2323607
16 27 1.4112813
16 23 16.10946
16 25 3.8792236
17 26 2.0016713
17 6 0.6539367
17 10 0.03515406
17 24 0.28843117
17 31 1.2486844
17 9 0.3903736
17 4 0.113325715
17 19 2.6619203
18 0 2000.0
18 30 0.899193
18 8 2.7148943
18 13 156.25
18 11 4.3398757
18 29 1.77748
18 5 1.9867597
18 2 22.995693
18 37 3.4563224
18 7 2000.0
18 27 11.758367
18 16 1.6086718
18 23 1.374424
19 31 0.089745395
19 9 0.07189079
19 17 2.6619203
19 4 0.080172166
20 0 2000.0
20 30 16.243286
20 13 0.58095586
20 33 2.7828774
20 11 3.0744839
20 29 3.5008264
20 5 1.5443606
20 34 1.0989376
20 2 8.839285
20 14 2.3170316
20 37 5.3985295
20 7 2.643389
20 27 0.6973575
20 16 6.990062
20 25 1.1739248
21 32 2000.0
21 10 2000.0
21 24 0.05827529
21 35 0.041322686
21 12 0.066486895
21 15 7.6995993
22 6 1485.625
22 31 2000.0
22 9 0.13326041
22 19 2000.0
23 0 2000.0
23 30 2.9501739
23 2 43.373173
23 8 1.4705032
23 37 4.635524
23 18 1.374424
23 7 1.4296719
23 16 16.10946
23 11 2000.0
23 29 1.4647878
23 5 11.74153
24 26 0.11057189
24 32 0.102253795
24 10 0.08694118
24 35 2000.0
24 21 0.05827529
24 31 26.344088
24 12 0.10123465
24 3 100.0
24 15 2000.0
24 17 0.28843117
25 30 5.397496
25 0 1666.6667
25 13 1.398729
25 33 0.6772072
25 11 1.9458914
25 29 40.294197
25 34 6.029269
25 20 1.1739248
25 2 6.5966964
25 14 3.7149787
25 37 29.651785
25 7 10.579162
25 27 1.6564125
25 16 3.8792236
26 32 30.256035
26 28 0.070638604
26 10 0.052635737
26 24 0.11057189
26 31 0.12831981
26 12 1.9512277
26 17 2.0016713
27 0 2000.0
27 30 0.27657938
27 8 1.1388438
27 18 11.758367
27 13 0.18693778
27 33 1.0902183
27 11 0.8555391
27 29 1.203904
27 5 7.761457
27 34 2.9687402
27 20 0.6973575
27 2 4.2496204
27 14 4.526095
27 37 1.2977539
27 7 109.090904
27 16 1.4112813
27 25 1.6564125
28 36 0.048564434
28 26 0.070638604
28 10 0.68950677
28 3 0.38222954
28 12 3.9629903
28 9 2.4436867
29 0 6.0841384
29 30 10.462978
29 8 0.7085315
29 18 1.77748
29 13 2.7513645
29 11 1.782298
29 5 9.495176
29 34 6.15418
29 20 3.5008264
29 2 2.0043218
29 37 1.5232214
29 7 2000.0
29 27 1.203904
29 16 123.49645
29 23 1.4647878
29 25 40.294197
30 0 2000.0
30 8 0.7366438
30 18 0.899193
30 13 12.574002
30 33 5.478239
30 11 0.6928464
30 29 10.462978
30 5 0.73046994
30 34 5.885552
30 20 16.243286
30 2 24.045765
30 37 5.8810024
30 7 1.0210501
30 27 0.27657938
30 16 1.1192219
30 23 2.9501739
30 25 5.397496
31 26 0.12831981
31 6 1.2839935
31 10 0.03073984
31 24 26.344088
31 9 0.030389728
31 17 1.2486844
31 4 0.07717933
31 19 0.089745395
32 26 30.256035
32 24 0.102253795
32 12 0.20222749
32 15 0.06926351
33 30 5.478239
33 8 2000.0
33 13 1.3423226
33 11 2.7974224
33 29 2000.0
33 34 2000.0
33 20 2.7828774
33 2 5.700099
33 14 0.451223
33 7 2000.0
33 27 1.0902183
33 16 2000.0
33 25 0.6772072
34 30 5.885552
34 20 1.0989376
34 8 10.004798
34 7 9.064423
34 13 13.03555
34 27 2.9687402
34 16 2000.0
34 11 7.5710087
34 25 6.029269
34 29 6.15418
34 5 8.7855215
35 21 0.041322686
36 26 2000.0
36 28 0.048564434
36 3 0.5456439
36 9 2.7483766
37 0 1.9537534
37 30 5.8810024
37 8 1.6848499
37 18 3.4563224
37 13 9.45557
37 11 1.9013033
37 29 1.5232214
37 20 5.3985295
37 2 1.1955044
37 7 19.424374
37 27 1.2977539
37 16 270.18594
37 23 4.635524
37 25 29.651785
