0 8 7.711125
0 2 0.83480513
0 37 1.0225258
0 13 0.99252725
0 11 18.227709
0 29 12.027402
1 3 0.2109604
1 12 1201.4773
2 30 7.4000716
2 0 0.83480513
2 8 1.1950189
2 18 11.021216
2 13 0.24508376
2 33 1.3156472
2 11 0.54148656
2 29 0.92340225
2 20 1.0345091
2 37 0.650531
2 27 0.4559402
2 23 27.352135
2 25 0.6495253
3 36 0.30915505
3 28 0.12257055
3 24 480.00003
3 12 0.049847364
3 1 0.2109604
3 9 0.66071093
4 31 0.08932935
4 9 0.0660711
4 17 0.09257248
4 19 0.09936382
5 30 0.55952096
5 8 0.86447376
5 18 0.3830316
5 13 143.28731
5 11 1.9153799
5 29 4.1972837
5 34 1.6794087
5 20 2.8257132
5 37 2000.0
5 7 8.631898
5 27 2.6392782
5 16 1.6867094
5 23 3.1024635
6 31 0.32614464
6 17 0.6710424
7 34 4.668616
7 30 0.77102476
7 20 1.382496
7 8 73.40456
7 37 16.045383
7 27 114.28571
7 16 1.0960943
7 11 6.105762
7 23 1.0826803
7 25 4.1874795
7 5 8.631898
8 0 7.711125
8 30 0.6883802
8 18 0.93550664
8 13 3.438434
8 11 1.1909091
8 29 0.7042042
8 5 0.86447376
8 34 2.6017568
8 2 1.1950189
8 37 0.8363032
8 7 73.40456
8 27 1.5010321
8 16 1.2685102
8 23 0.9799396
9 36 0.8459204
9 26 2000.0
9 28 3.0539978
9 10 12.07469
9 22 0.45691645
9 31 0.034126963
9 3 0.66071093
9 17 0.076546505
9 4 0.0660711
9 19 0.07026776
10 26 0.030325424
10 28 0.2514903
10 24 0.05770751
10 31 0.032531194
10 12 10.338874
10 9 12.07469
10 17 0.054046564
11 0 18.227709
11 30 0.5552966
11 8 1.1909091
11 18 6.206523
11 13 0.56322396
11 33 2.1217046
11 29 0.56105405
11 5 1.9153799
11 34 1.9166255
11 20 0.70959145
11 2 0.54148656
11 37 1.0408355
11 7 6.105762
11 27 0.4073295
11 16 0.69768816
11 25 0.8450747
12 26 1.627826
12 28 1.8607414
12 32 0.2750602
12 10 10.338874
12 24 0.06991837
12 21 0.12995468
12 3 0.049847364
13 0 0.99252725
13 30 1.4321226
13 8 3.438434
13 18 97.6115
13 33 1.0101103
13 11 0.56322396
13 29 1.0346065
13 5 143.28731
13 34 7.8847246
13 20 0.45071688
13 2 0.24508376
13 14 3.7488027
13 37 1.1021888
13 27 0.3570784
13 16 58.237034
13 25 0.3980954
14 20 8.205233
14 13 3.7488027
14 27 3.1629522
14 33 0.53262216
14 11 2000.0
14 25 9.1041975
15 32 0.074807115
15 21 1.2443358
16 30 1.0667697
16 0 2000.0
16 8 1.2685102
16 18 0.9040506
16 13 58.237034
16 33 195.61932
16 11 0.69768816
16 29 68.025505
16 5 1.6867094
16 20 7.7925973
16 37 16.157099
16 7 1.0960943
16 27 1.8809042
16 23 4.3100214
16 25 1.7946726
17 26 2.4098911
17 6 0.6710424
17 10 0.054046564
17 24 0.25680193
17 31 1.4387432
17 9 0.076546505
17 4 0.09257248
17 19 4.430202
18 30 0.7583076
18 2 11.021216
18 8 0.93550664
18 37 1.014615
18 13 97.6115
18 7 2000.0
18 27 5.1582417
18 16 0.9040506
18 23 1.4884186
18 11 6.206523
18 29 0.8660267
18 5 0.3830316
19 31 0.07815013
19 9 0.07026776
19 17 4.430202
19 4 0.09936382
20 30 23.712828
20 13 0.45071688
20 33 1.0442069
20 11 0.70959145
20 29 5.880762
20 5 2.8257132
20 34 0.77555853
20 2 1.0345091
20 14 8.205233
20 37 2.0379407
20 7 1.382496
20 27 1.3804697
20 16 7.7925973
20 25 0.4255388
21 32 2000.0
21 24 0.4248233
21 35 0.03504897
21 12 0.12995468
21 15 1.2443358
22 6 1180.6819
22 31 1246.1364
22 9 0.45691645
22 19 1318.8068
23 0 2000.0
23 30 1.8276902
23 2 27.352135
23 8 0.9799396
23 37 1.8214594
23 18 1.4884186
23 7 1.0826803
23 16 4.3100214
23 11 2000.0
23 29 2.7361805
23 5 3.1024635
24 26 0.056672744
24 32 0.115223914
24 28 2000.0
24 10 0.05770751
24 21 0.4248233
24 31 7.7860847
24 3 480.00003
24 12 0.06991837
24 15 2000.0
24 17 0.25680193
25 30 1.902795
25 13 0.3980954
25 33 0.6668822
25 11 0.8450747
25 29 3.3211477
25 34 1.0098885
25 20 0.4255388
25 2 0.6495253
25 14 9.1041975
25 37 26.673473
25 7 4.1874795
25 27 0.55894405
25 16 1.7946726
26 36 128.57143
26 32 31.926962
26 28 0.037530158
26 10 0.030325424
26 24 0.056672744
26 31 0.060875002
26 12 1.627826
26 17 2.4098911
27 0 2000.0
27 30 0.16965051
27 8 1.5010321
27 18 5.1582417
27 13 0.3570784
27 33 1.0470475
27 11 0.4073295
27 29 0.76592314
27 5 2.6392782
27 34 1.186916
27 20 1.3804697
27 2 0.4559402
27 14 3.1629522
27 37 0.84457403
27 7 114.28571
27 16 1.8809042
27 23 2000.0
27 25 0.55894405
28 36 0.034316257
28 26 0.037530158
28 10 0.2514903
28 3 0.12257055
28 12 1.8607414
28 9 3.0539978
29 0 12.027402
29 30 5.5635676
29 8 0.7042042
29 18 0.8660267
29 13 1.0346065
29 11 0.56105405
29 5 4.1972837
29 34 6.538269
29 20 5.880762
29 2 0.92340225
29 37 0.74587834
29 7 2000.0
29 27 0.76592314
29 16 68.025505
29 23 2.7361805
29 25 3.3211477
30 0 2000.0
30 8 0.6883802
30 18 0.7583076
30 13 1.4321226
30 33 3.4557347
30 11 0.5552966
30 29 5.5635676
30 5 0.55952096
30 34 0.7892675
30 20 23.712828
30 2 7.4000716
30 37 3.9645457
30 7 0.77102476
30 27 0.16965051
30 16 1.0667697
30 23 1.8276902
30 25 1.902795
31 26 0.060875002
31 6 0.32614464
31 10 0.032531194
31 24 7.7860847
31 9 0.034126963
31 17 1.4387432
31 4 0.08932935
31 19 0.07815013
32 26 31.926962
32 24 0.115223914
32 12 0.2750602
32 15 0.074807115
33 34 2000.0
33 30 3.4557347
33 20 1.0442069
33 2 1.3156472
33 14 0.53262216
33 7 2000.0
33 13 1.0101103
33 27 1.0470475
33 16 195.61932
33 11 2.1217046
33 29 2903.0112
33 25 0.6668822
34 30 0.7892675
34 20 0.77555853
34 8 2.6017568
34 13 7.8847246
34 7 4.668616
34 27 1.186916
34 16 1215.0568
34 11 1.9166255
34 25 1.0098885
34 29 6.538269
34 5 1.6794087
35 21 0.03504897
36 26 128.57143
36 28 0.034316257
36 3 0.30915505
36 9 0.8459204
37 30 3.9645457
37 0 1.0225258
37 8 0.8363032
37 18 1.014615
37 13 1.1021888
37 11 1.0408355
37 29 0.74587834
37 20 2.0379407
37 2 0.650531
37 7 16.045383
37 27 0.84457403
37 16 16.157099
37 23 1.8214594
37 25 26.673473
