0 2 0.7099258
0 37 1.9273432
0 13 0.643421
0 29 21.300003
0 25 16.19053
1 3 1.1258838
1 12 35.804123
2 30 11.730039
2 0 0.7099258
2 8 1.2512255
2 18 1.8329195
2 13 0.6125383
2 33 2.3821108
2 11 2.0435462
2 29 1.5595467
2 20 2.2352586
2 37 0.87432086
2 27 0.6672462
2 16 2000.0
2 23 11.39817
2 25 0.60802525
3 36 0.72807765
3 28 1.8350222
3 24 2000.0
3 12 0.0656579
3 1 1.1258838
3 9 0.6785949
4 31 0.11407309
4 9 0.06585894
4 17 0.09732341
4 19 0.0851612
5 30 0.62214047
5 8 0.513732
5 18 1.3067324
5 13 19.408712
5 11 2.333211
5 29 5.7849646
5 34 3.0132272
5 20 2.346647
5 37 11.693778
5 7 7.6891203
5 27 2.0885556
5 16 1.7681994
5 23 2.400811
6 31 0.11532732
6 17 2.780104
7 30 0.68189925
7 20 67.671364
7 8 10.869926
7 37 133.33334
7 16 1.2095643
7 23 1.1798849
7 11 64.28571
7 25 3.6326852
7 5 7.6891203
8 0 2000.0
8 30 0.41574237
8 18 1.708478
8 13 1.3732607
8 11 0.86972606
8 29 1.113129
8 5 0.513732
8 34 25.252764
8 2 1.2512255
8 37 1.1278492
8 7 10.869926
8 27 0.80196965
8 16 1.3553183
8 23 0.84623265
8 25 2000.0
9 36 0.90062433
9 26 2000.0
9 28 0.76580834
9 10 12.483202
9 22 0.059414715
9 31 0.02974617
9 3 0.6785949
9 12 2000.0
9 4 0.06585894
9 17 0.040261902
9 19 0.06331169
10 26 0.031351544
10 28 0.43295455
10 24 0.10272988
10 31 16.169977
10 12 1757.3864
10 9 12.483202
10 17 0.037508003
11 0 2000.0
11 30 0.7994168
11 8 0.86972606
11 18 5.793358
11 13 0.7374056
11 33 3.7225504
11 29 1.4978758
11 5 2.333211
11 34 2.1697867
11 20 1.0655174
11 2 2.0435462
11 37 1.2694213
11 7 64.28571
11 27 0.8531856
11 16 0.9307139
11 25 0.8933922
12 26 0.7455426
12 32 2.308912
12 24 0.06940777
12 21 0.19826104
12 3 0.0656579
12 1 35.804123
13 30 41.789772
13 0 0.643421
13 8 1.3732607
13 18 200.0
13 33 1.3859172
13 11 0.7374056
13 29 0.93747777
13 5 19.408712
13 34 561.09875
13 20 0.8949398
13 2 0.6125383
13 14 5.35711
13 37 0.94563913
13 7 2000.0
13 27 0.28973746
13 16 74.93182
13 25 0.33400097
14 30 7.277698
14 20 2.2705872
14 13 5.35711
14 27 2.493453
14 33 0.4113997
14 11 2000.0
14 25 3.2232704
15 32 0.077051595
15 21 1.0167434
15 12 2000.0
16 30 1.1415828
16 0 2000.0
16 8 1.3553183
16 18 1.1539807
16 13 74.93182
16 11 0.9307139
16 5 1.7681994
16 34 47.68927
16 20 29.463408
16 7 1.2095643
16 27 1.2834259
16 23 8.458026
16 25 1.0041084
17 6 2.780104
17 26 1.7232838
17 10 0.037508003
17 24 0.07939657
17 31 0.99321365
17 9 0.040261902
17 4 0.09732341
17 19 153.92929
18 0 2000.0
18 30 0.77276707
18 8 1.708478
18 13 200.0
18 11 5.793358
18 29 3.2506104
18 5 1.3067324
18 2 1.8329195
18 37 2.5285144
18 7 2000.0
18 27 21.493757
18 16 1.1539807
18 23 1.5492355
19 31 0.08437194
19 9 0.06331169
19 4 0.0851612
19 17 153.92929
20 30 0.7497435
20 13 0.8949398
20 33 1.0258996
20 11 1.0655174
20 29 5.17743
20 5 2.346647
20 34 0.87751716
20 2 2.2352586
20 14 2.2705872
20 37 1.7012221
20 7 67.671364
20 27 0.8022934
20 16 29.463408
20 25 0.30826184
21 32 2000.0
21 24 0.745001
21 35 0.031128913
21 31 2000.0
21 12 0.19826104
21 15 1.0167434
22 31 94.117645
22 9 0.059414715
22 19 2000.0
23 0 2000.0
23 30 2.348861
23 8 0.84623265
23 2 11.39817
23 37 1.9419492
23 18 1.5492355
23 7 1.1798849
23 16 8.458026
23 11 2000.0
23 29 2.1169472
23 5 2.400811
24 26 0.03780901
24 32 0.18665974
24 10 0.10272988
24 21 0.745001
24 12 0.06940777
24 15 2000.0
24 17 0.07939657
25 30 9.976183
25 0 16.19053
25 13 0.33400097
25 33 0.6104584
25 11 0.8933922
25 29 2.3492038
25 34 1.7971114
25 20 0.30826184
25 2 0.60802525
25 14 3.2232704
25 37 57.90433
25 7 3.6326852
25 27 0.3698895
25 16 1.0041084
26 32 18.826036
26 28 0.12688072
26 10 0.031351544
26 24 0.03780901
26 31 0.105925314
26 12 0.7455426
26 17 1.7232838
27 30 0.19739936
27 0 2000.0
27 8 0.80196965
27 18 21.493757
27 13 0.28973746
27 33 0.810581
27 11 0.8531856
27 29 0.77913135
27 5 2.0885556
27 34 0.90460217
27 20 0.8022934
27 2 0.6672462
27 14 2.493453
27 37 1.2328033
27 7 2000.0
27 16 1.2834259
27 25 0.3698895
28 36 0.036876578
28 26 0.12688072
28 10 0.43295455
28 3 1.8350222
28 12 1139.2614
28 9 0.76580834
28 19 1357.1592
29 0 21.300003
29 30 1.4042207
29 8 1.113129
29 18 3.2506104
29 13 0.93747777
29 33 27.367256
29 11 1.4978758
29 5 5.7849646
29 34 4.6067953
29 20 5.17743
29 2 1.5595467
29 37 0.8986293
29 7 2000.0
29 27 0.77913135
29 16 2000.0
29 23 2.1169472
29 25 2.3492038
30 8 0.41574237
30 18 0.77276707
30 13 41.789772
30 33 15.339258
30 11 0.7994168
30 29 1.4042207
30 5 0.62214047
30 34 0.86683375
30 20 0.7497435
30 2 11.730039
30 14 7.277698
30 37 18.127909
30 7 0.68189925
30 27 0.19739936
30 16 1.1415828
30 23 2.348861
30 25 9.976183
31 26 0.105925314
31 6 0.11532732
31 10 16.169977
31 35 72.30909
31 22 94.117645
31 9 0.02974617
31 4 0.11407309
31 17 0.99321365
31 19 0.08437194
32 26 18.826036
32 24 0.18665974
32 21 2000.0
32 12 2.308912
32 15 0.077051595
33 30 15.339258
33 13 1.3859172
33 11 3.7225504
33 29 27.367256
33 5 2000.0
33 34 2000.0
33 20 1.0258996
33 2 2.3821108
33 14 0.4113997
33 7 2000.0
33 27 0.810581
33 16 3017.898
33 25 0.6104584
34 30 0.86683375
34 20 0.87751716
34 8 25.252764
34 37 2000.0
34 7 2284.6309
34 13 561.09875
34 27 0.90460217
34 16 47.68927
34 11 2.1697867
34 29 4.6067953
34 25 1.7971114
34 5 3.0132272
35 21 0.031128913
35 31 72.30909
36 28 0.036876578
36 3 0.72807765
36 9 0.90062433
37 30 18.127909
37 0 1.9273432
37 8 1.1278492
37 18 2.5285144
37 13 0.94563913
37 11 1.2694213
37 29 0.8986293
37 5 11.693778
37 20 1.7012221
37 2 0.87432086
37 7 133.33334
37 27 1.2328033
37 16 2000.0
37 23 1.9419492
37 25 57.90433
