0 2 0.93162334
0 37 2.3290098
0 13 1.1199939
0 29 9.537953
0 25 22.456339
1 3 1.4339647
1 12 32.341656
2 30 48.612926
2 0 0.93162334
2 8 2.8137655
2 18 1.3252879
2 13 0.6001608
2 33 2.3040218
2 11 1.9299587
2 29 1.1977496
2 20 3.709184
2 37 0.81336725
2 27 692.89777
2 16 2000.0
2 23 7.2735653
2 25 0.5078346
3 36 0.5831858
3 28 1313.5227
3 24 2000.0
3 12 0.07008643
3 1 1.4339647
3 9 1.0150872
4 31 0.069152966
4 9 0.10275163
4 17 0.1313552
4 19 0.08072698
5 30 0.59550196
5 8 0.40834814
5 18 0.9466624
5 13 26.652287
5 11 1.8385663
5 29 3.1135302
5 34 1.6680657
5 20 2.7052965
5 37 3.8279417
5 7 13.848724
5 27 779.5454
5 16 1.3951726
5 23 2.0857482
5 25 2000.0
6 31 0.09608245
6 17 2.4440746
7 30 0.6481979
7 20 36.43529
7 8 18.3568
7 16 1.0927076
7 23 1.4077106
7 11 117.517815
7 25 2.3937495
7 5 13.848724
8 0 2000.0
8 30 0.6932204
8 18 1.0397657
8 13 3.092931
8 11 0.8175432
8 29 1.0483104
8 5 0.40834814
8 34 37.25802
8 2 2.8137655
8 37 1.0291635
8 7 18.3568
8 27 1067.7273
8 16 1.8145832
8 23 1.3416624
8 25 2000.0
9 36 0.34750804
9 26 2000.0
9 28 1.0637664
9 10 3.8813825
9 22 0.051855292
9 31 0.029313497
9 12 2000.0
9 3 1.0150872
9 4 0.10275163
9 17 0.04686103
9 19 0.095301226
10 26 35.795452
10 28 0.2858173
10 24 0.09292522
10 31 1.7362124
10 12 58.45617
10 9 3.8813825
10 17 0.030800514
11 0 2000.0
11 30 0.71920455
11 8 0.8175432
11 18 2.5912385
11 13 1.3593361
11 33 3.604021
11 29 1.3553262
11 5 1.8385663
11 34 1.7888732
11 20 1.2339572
11 2 1.9299587
11 37 1.4227077
11 7 117.517815
11 27 692.89777
11 16 0.9214382
11 25 1.1180229
12 26 2000.0
12 32 3.0132263
12 10 58.45617
12 24 0.0842772
12 21 0.094299555
12 3 0.07008643
12 1 32.341656
13 30 117.68137
13 0 1.1199939
13 8 3.092931
13 18 28.599363
13 33 1.3232532
13 11 1.3593361
13 29 0.79603875
13 5 26.652287
13 34 91.12429
13 20 1.191097
13 2 0.6001608
13 14 3.520299
13 37 1.2397512
13 7 2000.0
13 27 150.96591
13 16 150.0
13 25 0.22639862
14 30 7.4883046
14 20 1.0679756
14 13 3.520299
14 27 5234.1475
14 33 0.38360766
14 11 2000.0
14 25 2.4410899
15 32 0.081402056
15 21 8.861014
16 30 1.0835798
16 0 2000.0
16 8 1.8145832
16 18 1.2607349
16 13 150.0
16 11 0.9214382
16 5 1.3951726
16 34 57.26281
16 20 23.31473
16 7 1.0927076
16 27 1119.8296
16 23 2.5039933
16 25 1.6084737
17 6 2.4440746
17 26 1034.8864
17 10 0.030800514
17 24 0.050617423
17 31 1.1989269
17 9 0.04686103
17 4 0.1313552
17 19 81.475624
18 0 2000.0
18 30 0.4219872
18 8 1.0397657
18 2 1.3252879
18 37 3.72414
18 13 28.599363
18 16 1.2607349
18 11 2.5912385
18 23 0.9713151
18 29 1.3581072
18 5 0.9466624
19 28 49.632576
19 31 0.069061585
19 9 0.095301226
19 4 0.08072698
19 17 81.475624
20 30 1.0782954
20 13 1.191097
20 33 1.3876474
20 11 1.2339572
20 29 9.837988
20 5 2.7052965
20 34 1.007577
20 2 3.709184
20 14 1.0679756
20 37 2.101044
20 7 36.43529
20 27 957.6705
20 16 23.31473
20 25 0.4226119
21 32 2000.0
21 24 0.6088908
21 35 0.03456865
21 12 0.094299555
21 15 8.861014
22 31 378.94742
22 9 0.051855292
22 19 2000.0
23 0 2000.0
23 30 1.4316162
23 8 1.3416624
23 2 7.2735653
23 37 1.0630472
23 18 0.9713151
23 7 1.4077106
23 16 2.5039933
23 11 2000.0
23 29 1.6637752
23 5 2.0857482
24 26 37.045452
24 32 0.30158797
24 10 0.09292522
24 21 0.6088908
24 12 0.0842772
24 15 2000.0
24 17 0.050617423
25 0 22.456339
25 30 18.251776
25 13 0.22639862
25 33 0.6074983
25 11 1.1180229
25 29 1.865164
25 34 1.5261884
25 20 0.4226119
25 2 0.5078346
25 14 2.4410899
25 37 95.90237
25 7 2.3937495
25 27 229.14774
25 16 1.6084737
28 36 0.036573745
28 26 51.81818
28 10 0.2858173
28 12 1222.3295
28 9 1.0637664
28 19 49.632576
29 0 9.537953
29 30 2.7992053
29 8 1.0483104
29 18 1.3581072
29 13 0.79603875
29 33 13.482527
29 11 1.3553262
29 5 3.1135302
29 34 4.110934
29 20 9.837988
29 2 1.1977496
29 37 0.7981074
29 7 2000.0
29 27 1898.9204
29 16 2000.0
29 23 1.6637752
29 25 1.865164
30 8 0.6932204
30 18 0.4219872
30 13 117.68137
30 33 10.459939
30 11 0.71920455
30 29 2.7992053
30 5 0.59550196
30 34 0.8534483
30 20 1.0782954
30 2 48.612926
30 14 7.4883046
30 37 20.436789
30 7 0.6481979
30 27 147.78409
30 16 1.0835798
30 23 1.4316162
30 25 18.251776
31 26 79.88636
31 6 0.09608245
31 10 1.7362124
31 35 14.906819
31 22 378.94742
31 9 0.029313497
31 4 0.069152966
31 17 1.1989269
31 19 0.069061585
32 26 2000.0
32 24 0.30158797
32 12 3.0132263
32 15 0.081402056
33 30 10.459939
33 8 2000.0
33 13 1.3232532
33 11 3.604021
33 29 13.482527
33 5 2000.0
33 34 2000.0
33 20 1.3876474
33 2 2.3040218
33 14 0.38360766
33 7 2000.0
33 27 698.2386
33 16 2422.443
33 25 0.6074983
34 30 0.8534483
34 20 1.007577
34 8 37.25802
34 37 2000.0
34 7 3012.841
34 13 91.12429
34 27 716.8182
34 16 57.26281
34 11 1.7888732
34 29 4.110934
34 25 1.5261884
34 5 1.6680657
35 21 0.03456865
35 31 14.906819
36 28 0.036573745
36 3 0.5831858
36 9 0.34750804
37 30 20.436789
37 0 2.3290098
37 8 1.0291635
37 18 3.72414
37 13 1.2397512
37 11 1.4227077
37 29 0.7981074
37 5 3.8279417
37 20 2.101044
37 2 0.81336725
37 7 3070.5112
37 27 725.7955
37 16 2000.0
37 23 1.0630472
37 25 95.90237
