0 8 8.868023
0 2 0.42430028
0 37 2.853316
0 13 2.386008
0 29 10.401974
0 25 800.0
1 3 0.20681581
1 12 1227.1023
2 30 161.77646
2 0 0.42430028
2 8 2.698129
2 18 15.347891
2 13 0.9266062
2 33 9.91684
2 11 3.0316653
2 29 1.0046272
2 20 3.6207092
2 37 1.109904
2 27 8.19191
2 23 22.500002
2 25 4.564023
3 36 0.26057446
3 28 0.09254136
3 24 400.0
3 12 0.06624898
3 1 0.20681581
3 9 0.4719129
4 31 0.07932761
4 9 0.065965645
4 17 0.084341906
4 19 0.12683082
5 34 7.538897
5 30 0.7872875
5 20 2.6397138
5 8 1.4971855
5 37 2000.0
5 18 1.185421
5 7 16.070385
5 27 3.532881
5 16 1.9761505
5 11 5.5327926
5 23 9.202833
5 29 3.4617248
6 31 1.3524215
6 17 0.8489737
7 34 26.91509
7 30 1.898806
7 20 1.8801118
7 8 75.38119
7 37 22.195772
7 27 114.73675
7 16 1.2957193
7 11 7.398803
7 23 1.7682891
7 25 13.720666
7 5 16.070385
8 0 8.868023
8 30 0.7323221
8 18 1.6060326
8 13 3.192745
8 11 1.5711321
8 29 1.1102202
8 5 1.4971855
8 34 13.255483
8 2 2.698129
8 37 1.8771931
8 7 75.38119
8 27 1.7568117
8 16 1.6461564
8 23 1.7829285
9 36 2.3710008
9 26 2000.0
9 28 5.667803
9 10 2.4510388
9 22 0.5210451
9 31 0.029116044
9 12 2000.0
9 3 0.4719129
9 17 0.05350468
9 4 0.065965645
9 19 0.06750939
10 26 0.043444056
10 28 0.6157703
10 24 0.06869467
10 31 0.034111805
10 12 4.4650335
10 9 2.4510388
10 17 0.029142234
11 0 2000.0
11 30 2.0854197
11 8 1.5711321
11 18 29.893068
11 13 1.2463375
11 33 3.980005
11 29 1.3900005
11 5 5.5327926
11 34 7.312594
11 20 2.2379792
11 2 3.0316653
11 37 4.824425
11 7 7.398803
11 27 0.658221
11 16 1.5171726
11 25 2.91516
12 26 2.0947444
12 28 5.5363646
12 32 0.16628788
12 10 4.4650335
12 24 0.099066
12 21 0.089027576
12 3 0.06624898
12 1 1227.1023
13 0 2.386008
13 30 3.2020774
13 8 3.192745
13 18 376.9231
13 33 1.062432
13 11 1.2463375
13 29 0.5601987
13 5 2000.0
13 34 16.423044
13 20 0.63547844
13 2 0.9266062
13 14 4.491876
13 37 2.6672184
13 27 0.20581818
13 16 3700.1135
13 25 0.728573
14 20 1.3179775
14 13 4.491876
14 33 0.5092442
14 27 2.0503275
14 11 2000.0
14 25 6.6432767
15 32 0.07130488
15 21 9.253341
16 30 1.2214673
16 0 2000.0
16 8 1.6461564
16 18 1.3145725
16 11 1.5171726
16 29 2000.0
16 5 1.9761505
16 20 8.871378
16 37 299.7897
16 7 1.2957193
16 27 1.5540777
16 23 8.190631
16 25 2.761729
17 26 1.8887563
17 6 0.8489737
17 10 0.029142234
17 24 0.27045456
17 31 1.2516767
17 9 0.05350468
17 4 0.084341906
17 19 2.925144
18 30 0.8794521
18 2 15.347891
18 8 1.6060326
18 37 1.8179989
18 7 2000.0
18 13 376.9231
18 27 4.5910783
18 16 1.3145725
18 23 2.3842757
18 11 29.893068
18 29 1.4981055
18 5 1.185421
19 31 0.074643895
19 9 0.06750939
19 17 2.925144
19 4 0.12683082
20 30 9.857398
20 0 2000.0
20 13 0.63547844
20 33 1.9967086
20 11 2.2379792
20 29 3.6404896
20 5 2.6397138
20 34 1.2573261
20 2 3.6207092
20 14 1.3179775
20 37 4.5559826
20 7 1.8801118
20 27 0.7353767
20 16 8.871378
20 25 1.0222648
21 32 2000.0
21 10 2000.0
21 24 0.062484987
21 35 0.05892166
21 12 0.089027576
21 15 9.253341
22 6 1112.6704
22 31 2000.0
22 9 0.5210451
22 19 1218.5796
23 0 2000.0
23 30 2.038468
23 2 22.500002
23 8 1.7829285
23 37 9.45291
23 18 2.3842757
23 7 1.7682891
23 16 8.190631
23 11 2000.0
23 29 2.658566
23 5 9.202833
24 26 0.070720226
24 32 0.088542335
24 28 2000.0
24 10 0.06869467
24 21 0.062484987
24 31 10.56123
24 12 0.099066
24 3 400.0
24 15 2000.0
24 17 0.27045456
25 0 800.0
25 30 7.446943
25 13 0.728573
25 33 1.093414
25 11 2.91516
25 29 3.5191274
25 34 6.7962213
25 20 1.0222648
25 2 4.564023
25 14 6.6432767
25 37 133.33334
25 7 13.720666
25 27 1.0387367
25 16 2.761729
26 32 14.9654045
26 28 0.041605033
26 10 0.043444056
26 24 0.070720226
26 31 0.05356163
26 12 2.0947444
26 17 1.8887563
27 0 2000.0
27 30 0.20839567
27 8 1.7568117
27 18 4.5910783
27 13 0.20581818
27 33 1.5567398
27 11 0.658221
27 29 0.16897947
27 5 3.532881
27 34 1.5608723
27 20 0.7353767
27 2 8.19191
27 14 2.0503275
27 37 0.9644886
27 7 114.73675
27 16 1.5540777
27 25 1.0387367
28 36 0.044784904
28 26 0.041605033
28 10 0.6157703
28 3 0.09254136
28 12 5.5363646
28 9 5.667803
29 0 10.401974
29 30 6.0771985
29 8 1.1102202
29 18 1.4981055
29 13 0.5601987
29 11 1.3900005
29 5 3.4617248
29 34 2.1675854
29 20 3.6404896
29 2 1.0046272
29 37 1.1023512
29 7 2000.0
29 27 0.16897947
29 16 2000.0
29 23 2.658566
29 25 3.5191274
30 0 2000.0
30 8 0.7323221
30 18 0.8794521
30 13 3.2020774
30 33 2.680947
30 11 2.0854197
30 29 6.0771985
30 5 0.7872875
30 34 2.430439
30 20 9.857398
30 2 161.77646
30 14 2000.0
30 37 6.6144805
30 7 1.898806
30 27 0.20839567
30 16 1.2214673
30 23 2.038468
30 25 7.446943
31 26 0.05356163
31 6 1.3524215
31 10 0.034111805
31 24 10.56123
31 9 0.029116044
31 17 1.2516767
31 4 0.07932761
31 19 0.074643895
32 26 14.9654045
32 24 0.088542335
32 12 0.16628788
32 15 0.07130488
33 30 2.680947
33 8 2000.0
33 13 1.062432
33 11 3.980005
33 29 2000.0
33 34 2000.0
33 20 1.9967086
33 2 9.91684
33 14 0.5092442
33 7 2000.0
33 27 1.5567398
33 16 2000.0
33 25 1.093414
34 30 2.430439
34 20 1.2573261
34 8 13.255483
34 7 26.91509
34 13 16.423044
34 27 1.5608723
34 16 2000.0
34 11 7.312594
34 25 6.7962213
34 29 2.1675854
34 5 7.538897
35 21 0.05892166
36 26 2000.0
36 28 0.044784904
36 3 0.26057446
36 9 2.3710008
37 0 2.853316
37 30 6.6144805
37 8 1.8771931
37 18 1.8179989
37 13 2.6672184
37 11 4.824425
37 29 1.1023512
37 20 4.5559826
37 2 1.109904
37 7 22.195772
37 27 0.9644886
37 16 299.7897
37 23 9.45291
37 25 133.33334
