0 8 11.211948
0 2 1.734633
0 37 0.7121909
0 13 0.7755681
0 11 14.25076
0 29 4.504481
1 3 0.27166194
1 12 1202.159
2 30 11.783228
2 0 1.734633
2 8 1.0007784
2 18 12.96721
2 13 0.33290967
2 33 1.5984644
2 11 0.5737886
2 29 0.82286483
2 20 2.489796
2 37 0.96949995
2 27 0.9783775
2 16 2000.0
2 23 48.638676
2 25 1.4280082
3 36 0.27320075
3 28 0.12784092
3 24 2000.0
3 12 0.058273017
3 1 0.27166194
3 9 0.19483979
4 31 0.08161266
4 9 0.06768432
4 17 0.08344697
4 19 0.08011009
5 30 0.6681227
5 8 0.46438268
5 18 2.5779326
5 13 2000.0
5 11 3.4960968
5 29 2.3933384
5 34 8.309644
5 20 6.1063304
5 37 2000.0
5 7 10.070645
5 27 3.985171
5 16 1.9837681
5 23 3.987909
6 21 2000.0
6 31 1.1333846
6 17 1.0368073
7 34 5.898128
7 30 1.0105598
7 20 2.6077454
7 8 18.101093
7 37 24.24058
7 27 95.01136
7 16 1.3224093
7 11 8.223931
7 23 1.1676013
7 25 14.772541
7 5 10.070645
8 0 11.211948
8 30 0.60003424
8 18 1.347588
8 13 2.109778
8 11 0.7012
8 29 0.32869533
8 5 0.46438268
8 34 2.8401833
8 2 1.0007784
8 37 0.96326596
8 7 18.101093
8 27 2.1545906
8 16 1.4048514
8 23 1.0656036
9 36 1.918592
9 26 2000.0
9 28 2.8806581
9 10 3.061169
9 22 0.39927846
9 31 0.028822958
9 3 0.19483979
9 17 0.044411324
9 4 0.06768432
9 19 0.06638104
10 26 0.031134319
10 28 0.13802284
10 24 0.049998548
10 31 0.049297668
10 12 7.433169
10 9 3.061169
10 17 0.032581966
11 0 14.25076
11 30 0.37855324
11 8 0.7012
11 18 7.1401405
11 13 0.4376304
11 33 1.8606104
11 29 0.585241
11 5 3.4960968
11 34 3.3568182
11 20 1.1626287
11 2 0.5737886
11 37 1.1544881
11 7 8.223931
11 27 0.54304653
11 16 0.87559927
11 25 0.9667951
12 26 1.3953788
12 28 1.6978062
12 32 0.17432454
12 10 7.433169
12 24 0.06692468
12 21 0.07640343
12 3 0.058273017
13 30 1.5365746
13 0 0.7755681
13 8 2.109778
13 18 320.0
13 33 0.942961
13 11 0.4376304
13 29 1.525409
13 5 2000.0
13 34 18.76959
13 20 0.7550705
13 2 0.33290967
13 14 4.598166
13 37 1.3508836
13 27 0.41003466
13 16 133.33334
13 25 0.81732404
14 20 1.787929
14 13 4.598166
14 33 0.36302868
14 27 7.2972226
14 11 2000.0
14 25 2.0105128
15 32 0.07897772
15 21 1.2051333
16 0 2000.0
16 30 1.0924244
16 8 1.4048514
16 18 0.9288134
16 13 133.33334
16 11 0.87559927
16 29 37.534218
16 5 1.9837681
16 20 21.622807
16 37 147.66632
16 7 1.3224093
16 27 1.4263891
16 23 8.867323
16 25 1.0235276
17 26 2.067739
17 6 1.0368073
17 10 0.032581966
17 24 0.2783639
17 31 1.3489996
17 9 0.044411324
17 4 0.08344697
17 19 2.353184
18 30 0.8305395
18 0 2000.0
18 8 1.347588
18 13 320.0
18 11 7.1401405
18 29 1.8320327
18 5 2.5779326
18 2 12.96721
18 37 2.1860795
18 7 2000.0
18 27 12.60448
18 16 0.9288134
18 23 1.7170926
19 31 0.062908635
19 9 0.06638104
19 17 2.353184
19 4 0.08011009
20 30 8.759868
20 13 0.7550705
20 33 1.5576065
20 11 1.1626287
20 29 4.7707977
20 5 6.1063304
20 34 0.87991905
20 2 2.489796
20 14 1.787929
20 37 3.0066977
20 7 2.6077454
20 27 1.2697339
20 16 21.622807
20 25 0.40812868
21 24 0.3151933
21 35 0.035034828
21 12 0.07640343
21 15 1.2051333
22 6 1615.6818
22 31 1244.1478
22 9 0.39927846
22 19 1329.4886
23 0 2000.0
23 30 1.5957174
23 2 48.638676
23 8 1.0656036
23 37 2.1544394
23 18 1.7170926
23 7 1.1676013
23 16 8.867323
23 11 2000.0
23 29 1.618005
23 5 3.987909
24 26 0.059853606
24 32 0.10041827
24 28 2000.0
24 10 0.049998548
24 21 0.3151933
24 31 9.293559
24 12 0.06692468
24 15 2000.0
24 17 0.2783639
25 30 3.4300578
25 13 0.81732404
25 33 0.3372858
25 11 0.9667951
25 29 2.6701791
25 34 1.1677016
25 20 0.40812868
25 2 1.4280082
25 14 2.0105128
25 37 21.31767
25 7 14.772541
25 27 0.95292324
25 16 1.0235276
26 36 266.6667
26 32 10.478693
26 28 0.029806262
26 10 0.031134319
26 24 0.059853606
26 31 0.044262942
26 12 1.3953788
26 17 2.067739
27 0 2000.0
27 30 0.32127407
27 8 2.1545906
27 18 12.60448
27 13 0.41003466
27 33 0.8751695
27 11 0.54304653
27 29 0.71476275
27 5 3.985171
27 34 1.5436581
27 20 1.2697339
27 2 0.9783775
27 14 7.2972226
27 37 1.4279565
27 7 95.01136
27 16 1.4263891
27 25 0.95292324
28 36 0.0334375
28 26 0.029806262
28 10 0.13802284
28 3 0.12784092
28 12 1.6978062
28 9 2.8806581
29 0 4.504481
29 30 7.736301
29 8 0.32869533
29 18 1.8320327
29 13 1.525409
29 11 0.585241
29 5 2.3933384
29 34 10.014562
29 20 4.7707977
29 2 0.82286483
29 37 1.5662056
29 27 0.71476275
29 16 37.534218
29 23 1.618005
29 25 2.6701791
30 0 2000.0
30 8 0.60003424
30 18 0.8305395
30 13 1.5365746
30 33 1.6771164
30 11 0.37855324
30 29 7.736301
30 5 0.6681227
30 34 3.1506538
30 20 8.759868
30 2 11.783228
30 37 8.281921
30 7 1.0105598
30 27 0.32127407
30 16 1.0924244
30 23 1.5957174
30 25 3.4300578
31 26 0.044262942
31 6 1.1333846
31 10 0.049297668
31 24 9.293559
31 9 0.028822958
31 17 1.3489996
31 4 0.08161266
31 19 0.062908635
32 26 10.478693
32 24 0.10041827
32 12 0.17432454
32 15 0.07897772
33 30 1.6771164
33 8 2000.0
33 13 0.942961
33 11 1.8606104
33 29 7853.409
33 34 2000.0
33 20 1.5576065
33 2 1.5984644
33 14 0.36302868
33 7 2000.0
33 27 0.8751695
33 16 2000.0
33 25 0.3372858
34 30 3.1506538
34 20 0.87991905
34 8 2.8401833
34 13 18.76959
34 7 5.898128
34 27 1.5436581
34 16 1215.0568
34 11 3.3568182
34 25 1.1677016
34 29 10.014562
34 5 8.309644
35 21 0.035034828
36 26 266.6667
36 28 0.0334375
36 3 0.27320075
36 9 1.918592
37 30 8.281921
37 0 0.7121909
37 8 0.96326596
37 18 2.1860795
37 13 1.3508836
37 11 1.1544881
37 29 1.5662056
37 20 3.0066977
37 2 0.96949995
37 7 24.24058
37 27 1.4279565
37 16 147.66632
37 23 2.1544394
37 25 21.31767
