0 8 8.316998
0 2 1.422602
0 37 0.78386176
0 13 0.7508583
0 11 36.146606
0 29 21.018158
1 3 0.22594045
1 12 1202.159
2 30 11.461175
2 0 1.422602
2 8 1.3287517
2 18 13.660533
2 13 0.44020197
2 33 2.18054
2 11 1.0497798
2 29 0.897278
2 20 2.4247212
2 37 0.6312899
2 27 0.8727272
2 16 2000.0
2 23 22.294983
2 25 0.9935981
3 36 0.3458211
3 28 0.14389205
3 24 2000.0
3 12 0.055917848
3 1 0.22594045
3 9 0.26903877
4 31 0.099959545
4 9 0.06899351
4 17 0.078125425
4 19 0.1025569
5 30 0.5677563
5 8 0.6594821
5 18 0.366108
5 13 277.57816
5 11 3.0954468
5 29 3.966102
5 34 1.2431475
5 20 2.2686026
5 37 2000.0
5 7 11.282155
5 27 2.0965617
5 16 1.522789
5 23 3.3490667
6 22 160.0
6 31 0.48626694
6 17 1.2105457
7 34 26.629412
7 30 4.3309464
7 20 1.4595805
7 8 133.33334
7 37 7.571031
7 16 1.1021535
7 11 9.485691
7 23 1.4841077
7 25 4.415453
7 5 11.282155
8 0 8.316998
8 30 1.0370983
8 18 1.1294723
8 13 3.543646
8 11 2.6825533
8 29 0.8614985
8 5 0.6594821
8 34 4.2288384
8 2 1.3287517
8 37 1.2623955
8 7 133.33334
8 27 2.2783766
8 16 1.4620414
8 23 0.9815571
9 36 0.5873463
9 26 2000.0
9 28 2.255064
9 10 6.4771028
9 22 0.30023393
9 31 0.04239009
9 3 0.26903877
9 17 0.08543913
9 4 0.06899351
9 19 0.0690066
10 26 0.04633431
10 28 0.33447683
10 24 0.16859592
10 31 0.046197504
10 12 12.215713
10 9 6.4771028
10 17 0.03079179
11 0 36.146606
11 30 0.42548436
11 8 2.6825533
11 18 5.6872
11 13 0.51890856
11 33 2.4825187
11 29 0.88918495
11 5 3.0954468
11 34 1.5754093
11 20 0.69383526
11 2 1.0497798
11 37 1.026852
11 7 9.485691
11 27 0.40800187
11 16 0.6980073
11 25 1.2951279
12 26 1.3271924
12 28 2.727964
12 32 0.18864036
12 10 12.215713
12 24 0.05640195
12 21 0.08159393
12 3 0.055917848
13 30 1.1059492
13 0 0.7508583
13 8 3.543646
13 18 483.78317
13 33 0.9639119
13 11 0.51890856
13 29 0.80664814
13 5 277.57816
13 34 7.0028405
13 20 0.5670338
13 2 0.44020197
13 14 2.771281
13 37 1.0094712
13 27 0.40588674
13 16 54.94646
13 25 0.70645094
14 20 1.2769282
14 13 2.771281
14 27 3.2243338
14 33 0.38290945
14 11 2000.0
14 25 1.9365414
15 32 0.06913962
15 21 1.565195
16 30 1.1028503
16 0 2000.0
16 8 1.4620414
16 18 0.925987
16 13 54.94646
16 11 0.6980073
16 29 29.638695
16 5 1.522789
16 20 13.141632
16 37 9.325421
16 7 1.1021535
16 27 1.920559
16 23 5.191597
16 25 2.3509789
17 26 2.0164883
17 6 1.2105457
17 10 0.03079179
17 24 0.28198653
17 31 1.1953431
17 9 0.08543913
17 4 0.078125425
17 19 1.5689343
18 30 0.73569685
18 2 13.660533
18 8 1.1294723
18 37 1.3016002
18 7 2000.0
18 13 483.78317
18 27 4.972892
18 16 0.925987
18 23 1.2194868
18 11 5.6872
18 29 1.5165397
18 5 0.366108
19 31 0.08595643
19 9 0.0690066
19 17 1.5689343
19 4 0.1025569
20 30 8.863522
20 13 0.5670338
20 33 1.7548645
20 11 0.69383526
20 29 7.159063
20 5 2.2686026
20 34 0.97423625
20 2 2.4247212
20 14 1.2769282
20 37 2.3737133
20 7 1.4595805
20 27 0.7087585
20 16 13.141632
20 25 1.0675379
21 32 800.0
21 24 0.7292808
21 35 0.033104964
21 12 0.08159393
21 15 1.565195
22 6 160.0
22 31 1196.875
22 9 0.30023393
22 19 1462.216
23 0 2000.0
23 30 0.9972394
23 2 22.294983
23 8 0.9815571
23 37 2.9996312
23 18 1.2194868
23 7 1.4841077
23 16 5.191597
23 11 2000.0
23 29 2.6943548
23 5 3.3490667
24 26 0.05282165
24 32 0.09532516
24 10 0.16859592
24 21 0.7292808
24 31 1.2876624
24 12 0.05640195
24 15 2000.0
24 17 0.28198653
25 30 1.6811626
25 13 0.70645094
25 33 0.40157324
25 11 1.2951279
25 29 7.5819545
25 34 2.148746
25 20 1.0675379
25 2 0.9935981
25 14 1.9365414
25 37 44.806263
25 7 4.415453
25 27 0.53343886
25 16 2.3509789
26 32 29.572573
26 28 0.884361
26 10 0.04633431
26 24 0.05282165
26 31 0.08992225
26 12 1.3271924
26 17 2.0164883
27 0 2000.0
27 30 0.24573362
27 8 2.2783766
27 18 4.972892
27 13 0.40588674
27 33 1.2967552
27 11 0.40800187
27 29 0.82542616
27 5 2.0965617
27 34 0.8559888
27 20 0.7087585
27 2 0.8727272
27 14 3.2243338
27 37 0.67756176
27 7 2550.8523
27 16 1.920559
27 25 0.53343886
28 36 0.04788852
28 26 0.884361
28 10 0.33447683
28 3 0.14389205
28 12 2.727964
28 9 2.255064
29 0 21.018158
29 30 8.327628
29 8 0.8614985
29 18 1.5165397
29 13 0.80664814
29 11 0.88918495
29 5 3.966102
29 34 40.019024
29 20 7.159063
29 2 0.897278
29 37 1.1165887
29 7 2000.0
29 27 0.82542616
29 16 29.638695
29 23 2.6943548
29 25 7.5819545
30 0 2000.0
30 8 1.0370983
30 18 0.73569685
30 13 1.1059492
30 33 3.6938832
30 11 0.42548436
30 29 8.327628
30 5 0.5677563
30 34 1.3632799
30 20 8.863522
30 2 11.461175
30 37 4.1930013
30 7 4.3309464
30 27 0.24573362
30 16 1.1028503
30 23 0.9972394
30 25 1.6811626
31 26 0.08992225
31 6 0.48626694
31 10 0.046197504
31 24 1.2876624
31 9 0.04239009
31 17 1.1953431
31 4 0.099959545
31 19 0.08595643
32 26 29.572573
32 24 0.09532516
32 21 800.0
32 12 0.18864036
32 15 0.06913962
33 34 2000.0
33 30 3.6938832
33 20 1.7548645
33 2 2.18054
33 14 0.38290945
33 7 2000.0
33 13 0.9639119
33 27 1.2967552
33 16 2226.3638
33 11 2.4825187
33 29 3775.9092
33 25 0.40157324
34 30 1.3632799
34 20 0.97423625
34 8 4.2288384
34 13 7.0028405
34 7 26.629412
34 27 0.8559888
34 16 1215.0568
34 11 1.5754093
34 25 2.148746
34 29 40.019024
34 5 1.2431475
35 21 0.033104964
36 26 2000.0
36 28 0.04788852
36 10 2000.0
36 3 0.3458211
36 9 0.5873463
37 30 4.1930013
37 0 0.78386176
37 8 1.2623955
37 18 1.3016002
37 13 1.0094712
37 11 1.026852
37 29 1.1165887
37 20 2.3737133
37 2 0.6312899
37 7 7.571031
37 27 0.67756176
37 16 9.325421
37 23 2.9996312
37 25 44.806263
