0 8 7.8054643
0 2 1.4055516
0 37 3.9660378
0 13 1.635569
0 11 114.57635
0 25 400.0
0 29 22.246717
1 3 0.2664703
1 12 1299.9432
2 30 12.460243
2 0 1.4055516
2 8 1.9290127
2 18 5.4818625
2 13 0.29527926
2 33 5.516186
2 11 0.58132243
2 29 1.4100806
2 20 2.4833107
2 37 0.82168067
2 27 2.3260956
2 23 64.841774
2 25 1.914302
3 36 0.26535714
3 28 0.08778016
3 24 1767.017
3 12 0.060467806
3 1 0.2664703
3 9 0.39889407
4 31 0.070505396
4 9 0.07288712
4 17 0.080703676
4 19 0.08003421
5 30 0.9445921
5 8 0.7495968
5 18 0.46269485
5 13 2000.0
5 11 4.168183
5 29 2.8397975
5 34 3.3146596
5 20 1.6839864
5 37 2000.0
5 7 7.1355176
5 27 2.5084472
5 16 1.8670878
5 23 5.9113803
6 22 234.2229
6 31 1.0827111
6 17 1.4625652
7 34 16.294746
7 30 1.0514541
7 20 1.6664307
7 8 57.142857
7 37 23.32602
7 27 106.666664
7 16 1.3113348
7 11 6.318921
7 23 1.2989244
7 25 3.8396573
7 5 7.1355176
8 0 7.8054643
8 30 0.6598124
8 18 0.8236982
8 13 1.4621137
8 11 0.68641055
8 29 0.48359606
8 5 0.7495968
8 34 7.3254085
8 2 1.9290127
8 37 1.6259506
8 7 57.142857
8 27 1.188676
8 16 2.5442326
8 23 0.9186379
9 36 1.0182923
9 26 2000.0
9 28 3.0262446
9 10 2.6640627
9 22 0.39007804
9 31 0.030151794
9 3 0.39889407
9 17 0.04765086
9 4 0.07288712
9 19 0.07495744
10 26 0.033620752
10 28 0.16539547
10 24 0.07378361
10 31 0.03049853
10 12 6.455828
10 9 2.6640627
10 17 0.030268544
11 0 114.57635
11 30 0.6616691
11 8 0.68641055
11 18 5.20294
11 13 1.1127353
11 33 7.293722
11 29 1.416637
11 5 4.168183
11 34 2.46744
11 20 0.79740924
11 2 0.58132243
11 37 1.3178232
11 7 6.318921
11 27 0.56651586
11 16 0.76693577
11 25 1.3649814
12 26 2.8786764
12 28 4.2402973
12 32 0.2738082
12 10 6.455828
12 24 0.06716383
12 21 0.082376175
12 3 0.060467806
13 30 1.2997024
13 0 1.635569
13 8 1.4621137
13 18 2000.0
13 33 1.5609591
13 11 1.1127353
13 29 1.3295957
13 34 6.143454
13 20 0.49611807
13 2 0.29527926
13 14 2.834335
13 37 1.5775206
13 27 0.20859072
13 16 150.0
13 25 0.6547971
14 20 0.7493118
14 13 2.834335
14 33 0.39789388
14 27 2.6223888
14 11 2000.0
14 25 2.2441452
15 32 0.06746346
15 21 1.6361376
16 0 2000.0
16 30 1.1780691
16 8 2.5442326
16 18 0.73196137
16 13 150.0
16 11 0.76693577
16 29 56.32799
16 5 1.8670878
16 20 6.908011
16 37 112.73183
16 7 1.3113348
16 27 1.528125
16 23 12.17186
16 25 1.3423738
17 26 1.7900841
17 6 1.4625652
17 10 0.030268544
17 24 0.25687584
17 31 1.3813065
17 9 0.04765086
17 4 0.080703676
17 19 2.010985
18 30 0.7574568
18 2 5.4818625
18 8 0.8236982
18 37 1.1156803
18 7 2000.0
18 13 2000.0
18 27 3.2823284
18 16 0.73196137
18 23 1.3435098
18 11 5.20294
18 29 1.6424605
18 5 0.46269485
19 31 0.06609849
19 9 0.07495744
19 17 2.010985
19 4 0.08003421
20 30 11.614153
20 13 0.49611807
20 33 0.8915089
20 11 0.79740924
20 29 2.602912
20 5 1.6839864
20 34 0.70676225
20 2 2.4833107
20 14 0.7493118
20 37 1.6542889
20 7 1.6664307
20 27 0.4320283
20 16 6.908011
20 25 0.6819623
21 32 2000.0
21 24 0.10529889
21 35 0.04594801
21 12 0.082376175
21 15 1.6361376
22 6 234.2229
22 31 1199.8864
22 9 0.39007804
22 19 1329.8296
23 0 2000.0
23 30 1.8848994
23 2 64.841774
23 8 0.9186379
23 37 2.2332442
23 18 1.3435098
23 7 1.2989244
23 16 12.17186
23 11 2000.0
23 29 2.1873503
23 5 5.9113803
24 26 0.06064424
24 32 0.10058665
24 10 0.07378361
24 21 0.10529889
24 31 11.22665
24 12 0.06716383
24 15 2000.0
24 17 0.25687584
25 0 400.0
25 30 1.8971701
25 13 0.6547971
25 33 0.7428475
25 11 1.3649814
25 29 2.0992656
25 34 2.067877
25 20 0.6819623
25 2 1.914302
25 14 2.2441452
25 37 26.890755
25 7 3.8396573
25 27 0.875068
25 16 1.3423738
26 36 63.001507
26 32 30.30268
26 28 0.03517139
26 10 0.033620752
26 24 0.06064424
26 31 0.05932377
26 12 2.8786764
26 17 1.7900841
27 0 2000.0
27 30 0.22765106
27 8 1.188676
27 18 3.2823284
27 13 0.20859072
27 33 1.2714915
27 11 0.56651586
27 29 1.0254638
27 5 2.5084472
27 34 0.8105878
27 20 0.4320283
27 2 2.3260956
27 14 2.6223888
27 37 3.1045382
27 7 106.666664
27 16 1.528125
27 25 0.875068
28 36 0.032218702
28 26 0.03517139
28 10 0.16539547
28 3 0.08778016
28 12 4.2402973
28 9 3.0262446
29 0 22.246717
29 30 4.677238
29 8 0.48359606
29 18 1.6424605
29 13 1.3295957
29 11 1.416637
29 5 2.8397975
29 34 4.4956546
29 20 2.602912
29 2 1.4100806
29 37 1.152215
29 7 2000.0
29 27 1.0254638
29 16 56.32799
29 23 2.1873503
29 25 2.0992656
30 0 2000.0
30 8 0.6598124
30 18 0.7574568
30 13 1.2997024
30 33 5.094622
30 11 0.6616691
30 29 4.677238
30 5 0.9445921
30 34 3.2485018
30 20 11.614153
30 2 12.460243
30 14 2000.0
30 37 13.082667
30 7 1.0514541
30 27 0.22765106
30 16 1.1780691
30 23 1.8848994
30 25 1.8971701
31 26 0.05932377
31 6 1.0827111
31 10 0.03049853
31 24 11.22665
31 9 0.030151794
31 17 1.3813065
31 4 0.070505396
31 19 0.06609849
32 26 30.30268
32 24 0.10058665
32 12 0.2738082
32 15 0.06746346
33 30 5.094622
33 8 2000.0
33 13 1.5609591
33 11 7.293722
33 29 3275.3408
33 34 2000.0
33 20 0.8915089
33 2 5.516186
33 14 0.39789388
33 7 2000.0
33 27 1.2714915
33 16 1998.8635
33 25 0.7428475
34 30 3.2485018
34 20 0.70676225
34 8 7.3254085
34 7 16.294746
34 13 6.143454
34 27 0.8105878
34 16 5535.0566
34 11 2.46744
34 25 2.067877
34 29 4.4956546
34 5 3.3146596
35 21 0.04594801
36 26 63.001507
36 28 0.032218702
36 3 0.26535714
36 9 1.0182923
37 30 13.082667
37 0 3.9660378
37 8 1.6259506
37 18 1.1156803
37 13 1.5775206
37 11 1.3178232
37 29 1.152215
37 20 1.6542889
37 2 0.82168067
37 7 23.32602
37 27 3.1045382
37 16 112.73183
37 23 2.2332442
37 25 26.890755
