0 2 0.7859203
0 37 1.4730055
0 13 0.66727644
0 29 21.453993
0 25 20.94483
1 3 0.5284091
1 12 68.422195
2 30 21.315714
2 0 0.7859203
2 8 1.5963033
2 18 2.072911
2 13 0.3187249
2 33 2.8882842
2 11 1.2103481
2 29 1.1734126
2 20 2.7006164
2 37 0.9047129
2 27 0.53919464
2 16 2000.0
2 23 7.8658395
2 25 0.4933051
3 36 0.85337657
3 28 14.479703
3 24 400.0
3 12 0.055813447
3 1 0.5284091
3 9 0.5603409
4 31 0.067839295
4 9 0.08752584
4 17 0.17625415
4 19 0.062493995
5 30 0.72225493
5 8 0.6823119
5 18 0.5518868
5 13 22.007452
5 11 3.2926135
5 29 4.7101617
5 34 3.7219253
5 20 3.2276046
5 37 3.71447
5 7 13.811115
5 27 3.0918114
5 16 1.7560906
5 23 2.2900167
5 25 2000.0
6 31 0.19204688
6 17 13.823864
7 34 1617.5568
7 30 1.0287675
7 20 42.415394
7 8 7.9067345
7 16 1.9071875
7 23 2.1704168
7 25 3.441591
7 5 13.811115
8 0 2000.0
8 30 0.46184435
8 18 1.4238907
8 13 1.443705
8 11 0.79013985
8 29 0.75600517
8 5 0.6823119
8 34 15.246229
8 2 1.5963033
8 37 0.8678893
8 7 7.9067345
8 27 1.4678671
8 16 2.2297118
8 23 0.86173224
8 25 2000.0
9 36 0.68361044
9 26 2000.0
9 28 1.2657387
9 10 15.415697
9 22 0.05992579
9 31 0.030098999
9 3 0.5603409
9 12 2000.0
9 4 0.08752584
9 17 0.033153456
9 19 0.06612042
10 26 0.03177966
10 28 0.45992425
10 24 0.10730888
10 31 10.952528
10 12 1489.8864
10 9 15.415697
10 17 0.035465177
11 0 2000.0
11 30 0.6964162
11 8 0.79013985
11 18 5.115148
11 13 0.79640925
11 33 2.0216808
11 29 0.71295065
11 5 3.2926135
11 34 1.8062708
11 20 0.91064405
11 2 1.2103481
11 37 2.228021
11 7 1617.8977
11 27 0.644933
11 16 1.0522033
11 25 1.8992548
12 26 1.5783113
12 32 3.6076162
12 28 169.20909
12 24 0.07233607
12 21 0.14996037
12 3 0.055813447
12 1 68.422195
13 30 74.19699
13 0 0.66727644
13 8 1.443705
13 18 186.08417
13 33 1.0186304
13 11 0.79640925
13 29 0.9327244
13 5 22.007452
13 34 70.42425
13 20 1.2818668
13 2 0.3187249
13 14 4.786613
13 37 1.245354
13 7 2000.0
13 27 0.36055294
13 16 69.69301
13 25 0.34385166
14 30 7.5883236
14 20 2.3460743
14 13 4.786613
14 27 2.8541212
14 33 0.4748195
14 11 2000.0
14 25 2.1028795
15 32 0.07160023
15 21 2.5640333
16 30 1.1537769
16 0 2000.0
16 8 2.2297118
16 18 1.3577701
16 13 69.69301
16 11 1.0522033
16 5 1.7560906
16 34 30.720356
16 20 40.65532
16 7 1.9071875
16 27 1.4594064
16 23 3.8416708
16 25 1.0614877
17 6 13.823864
17 26 1.6512655
17 10 0.035465177
17 24 0.12018019
17 31 1.0019798
17 9 0.033153456
17 4 0.17625415
17 19 66.287544
18 0 2000.0
18 30 0.70268255
18 8 1.4238907
18 13 186.08417
18 11 5.115148
18 29 1.2856163
18 5 0.5518868
18 2 2.072911
18 37 2.1798837
18 7 2000.0
18 27 17.528864
18 16 1.3577701
18 23 1.1217891
19 28 98.76737
19 31 0.08912132
19 9 0.06612042
19 17 66.287544
19 4 0.062493995
20 30 1.1419506
20 13 1.2818668
20 33 0.99474967
20 11 0.91064405
20 29 11.75795
20 5 3.2276046
20 34 0.8132632
20 2 2.7006164
20 14 2.3460743
20 37 2.4063551
20 7 42.415394
20 27 1.2902384
20 16 40.65532
20 25 0.55868465
21 32 2000.0
21 24 1.3545096
21 35 0.030867629
21 31 2000.0
21 12 0.14996037
21 15 2.5640333
22 31 54.545452
22 9 0.05992579
22 19 2000.0
23 30 1.2885706
23 0 2000.0
23 8 0.86173224
23 2 7.8658395
23 37 0.6398663
23 18 1.1217891
23 7 2.1704168
23 16 3.8416708
23 11 2000.0
23 29 2.2633514
23 5 2.2900167
24 26 0.043154623
24 32 0.17941064
24 10 0.10730888
24 21 1.3545096
24 3 400.0
24 12 0.07233607
24 15 2000.0
24 17 0.12018019
25 30 17.38234
25 0 20.94483
25 13 0.34385166
25 33 0.53853077
25 11 1.8992548
25 29 2.2121243
25 34 2.4104528
25 20 0.55868465
25 2 0.4933051
25 14 2.1028795
25 37 36.013042
25 7 3.441591
25 27 0.34294108
25 16 1.0614877
26 32 20.31264
26 28 0.122365706
26 10 0.03177966
26 24 0.043154623
26 31 0.15178818
26 12 1.5783113
26 17 1.6512655
27 30 0.20515211
27 0 2000.0
27 8 1.4678671
27 18 17.528864
27 13 0.36055294
27 33 0.7273282
27 11 0.644933
27 29 0.63051677
27 5 3.0918114
27 34 1.160046
27 20 1.2902384
27 2 0.53919464
27 14 2.8541212
27 37 0.8978543
27 7 2000.0
27 16 1.4594064
27 25 0.34294108
28 36 0.03247946
28 26 0.122365706
28 10 0.45992425
28 3 14.479703
28 12 169.20909
28 9 1.2657387
28 19 98.76737
29 0 21.453993
29 30 5.5507674
29 8 0.75600517
29 18 1.2856163
29 13 0.9327244
29 33 11.13975
29 11 0.71295065
29 5 4.7101617
29 34 3.8451269
29 20 11.75795
29 2 1.1734126
29 37 0.8722468
29 7 2000.0
29 27 0.63051677
29 16 2000.0
29 23 2.2633514
29 25 2.2121243
30 8 0.46184435
30 18 0.70268255
30 13 74.19699
30 33 9.914539
30 11 0.6964162
30 29 5.5507674
30 5 0.72225493
30 34 0.81829774
30 20 1.1419506
30 2 21.315714
30 14 7.5883236
30 37 15.017071
30 7 1.0287675
30 27 0.20515211
30 16 1.1537769
30 23 1.2885706
30 25 17.38234
31 26 0.15178818
31 6 0.19204688
31 10 10.952528
31 35 160.0
31 22 54.545452
31 9 0.030098999
31 4 0.067839295
31 17 1.0019798
31 19 0.08912132
32 26 20.31264
32 24 0.17941064
32 12 3.6076162
32 15 0.07160023
33 30 9.914539
33 8 2000.0
33 13 1.0186304
33 11 2.0216808
33 29 11.13975
33 5 2000.0
33 34 2000.0
33 20 0.99474967
33 2 2.8882842
33 14 0.4748195
33 7 2000.0
33 27 0.7273282
33 16 3017.898
33 25 0.53853077
34 30 0.81829774
34 20 0.8132632
34 8 15.246229
34 37 2000.0
34 7 1617.5568
34 13 70.42425
34 27 1.160046
34 16 30.720356
34 11 1.8062708
34 29 3.8451269
34 25 2.4104528
34 5 3.7219253
35 21 0.030867629
35 31 160.0
36 28 0.03247946
36 3 0.85337657
36 9 0.68361044
37 30 15.017071
37 0 1.4730055
37 8 0.8678893
37 18 2.1798837
37 13 1.245354
37 11 2.228021
37 29 0.8722468
37 5 3.71447
37 20 2.4063551
37 2 0.9047129
37 7 128.48686
37 27 0.8978543
37 16 2000.0
37 23 0.6398663
37 25 36.013042
