0 2 1.0100238
0 37 2.906538
0 13 2.7352555
0 29 119.611046
0 25 25.506086
1 3 1.5575254
1 12 71.13865
2 30 13.941223
2 0 1.0100238
2 8 1.3928204
2 18 2.4537015
2 13 0.61490315
2 33 1.6198332
2 11 1.5042753
2 29 1.1511252
2 20 3.4449503
2 37 0.87459415
2 27 1.3757421
2 16 2000.0
2 23 11.053016
2 25 0.609293
3 36 0.46887624
3 28 18.42577
3 24 2000.0
3 12 0.04973769
3 1 1.5575254
3 9 1.0638288
4 31 0.06962556
4 9 0.08302786
4 17 0.12541641
4 19 0.069336206
5 30 0.8767816
5 8 1.1162972
5 18 1.3394233
5 13 48.449947
5 11 4.449532
5 29 5.361364
5 34 2.4802313
5 20 6.749081
5 37 15.172919
5 7 13.551858
5 27 5.448717
5 16 3.5806477
5 23 6.593869
5 25 2000.0
6 31 0.17880149
6 17 1.7460095
7 34 266.6667
7 30 0.6268277
7 20 312.12473
7 8 4.033103
7 16 1.3273977
7 23 1.3166585
7 25 2.7190971
7 5 13.551858
8 0 2000.0
8 30 0.6740407
8 18 1.0685117
8 13 5.425262
8 11 1.6052142
8 29 1.9585763
8 5 1.1162972
8 34 85.15057
8 2 1.3928204
8 37 0.961734
8 7 4.033103
8 27 2.89885
8 16 1.291097
8 23 1.6224408
8 25 2000.0
9 36 0.69835097
9 26 2000.0
9 28 2.1532032
9 10 23.183422
9 22 0.05602538
9 31 0.029930355
9 3 1.0638288
9 4 0.08302786
9 17 0.036122344
9 19 0.06954249
10 26 0.033122204
10 28 0.3402038
10 24 0.08262151
10 31 10.972106
10 12 107.10249
10 9 23.183422
10 17 0.02982038
11 0 2000.0
11 30 0.85515124
11 8 1.6052142
11 18 11.766381
11 13 1.0325402
11 33 2.8208842
11 29 1.9190428
11 5 4.449532
11 34 4.930628
11 20 2.0152123
11 2 1.5042753
11 37 2.0900471
11 7 2927.841
11 27 1.5203025
11 16 1.3346038
11 25 1.280819
12 26 0.4402476
12 32 6.370534
12 28 143.96591
12 10 107.10249
12 24 0.0789856
12 21 0.086273246
12 3 0.04973769
12 1 71.13865
13 30 122.77536
13 0 2.7352555
13 8 5.425262
13 18 465.2911
13 33 0.98984635
13 11 1.0325402
13 29 1.3404999
13 5 48.449947
13 34 306.24997
13 20 1.1100034
13 2 0.61490315
13 14 3.0225892
13 37 1.3167343
13 7 2000.0
13 27 0.79431754
13 16 55.76158
13 25 0.25259084
14 30 23.675528
14 20 1.5504452
14 13 3.0225892
14 27 3.6854327
14 33 0.39397648
14 25 2.5909562
15 32 0.07199473
15 21 12.187714
16 30 1.3535441
16 0 2000.0
16 8 1.291097
16 18 1.1365051
16 13 55.76158
16 11 1.3346038
16 5 3.5806477
16 34 68.55
16 20 171.93703
16 7 1.3273977
16 27 2.2829592
16 23 3.4235663
16 25 1.2453634
17 6 1.7460095
17 26 1.637108
17 10 0.02982038
17 24 0.12926456
17 31 0.9673994
17 9 0.036122344
17 4 0.12541641
17 19 78.01762
18 0 2000.0
18 30 0.6378409
18 8 1.0685117
18 13 465.2911
18 11 11.766381
18 29 1.4685875
18 5 1.3394233
18 2 2.4537015
18 37 2.1606274
18 7 2000.0
18 27 69.18381
18 16 1.1365051
18 23 1.2639205
19 28 1367.8977
19 31 0.0871148
19 9 0.06954249
19 17 78.01762
19 4 0.069336206
20 30 3.4513562
20 13 1.1100034
20 33 1.085452
20 11 2.0152123
20 29 13.429877
20 5 6.749081
20 34 1.0963426
20 2 3.4449503
20 14 1.5504452
20 37 14.233974
20 7 312.12473
20 27 1.806922
20 16 171.93703
20 25 0.77650964
21 32 2000.0
21 24 1.3797247
21 35 0.037714534
21 12 0.086273246
21 15 12.187714
22 31 96.69804
22 9 0.05602538
22 19 2000.0
23 0 2000.0
23 30 2.379148
23 8 1.6224408
23 2 11.053016
23 37 2.231842
23 18 1.2639205
23 7 1.3166585
23 16 3.4235663
23 11 2000.0
23 29 2.323659
23 5 6.593869
24 26 0.062205516
24 32 0.33271092
24 10 0.08262151
24 21 1.3797247
24 12 0.0789856
24 15 2000.0
24 17 0.12926456
25 0 25.506086
25 30 10.842563
25 13 0.25259084
25 33 0.69155437
25 11 1.280819
25 29 2.921741
25 34 4.891264
25 20 0.77650964
25 2 0.609293
25 14 2.5909562
25 37 42.396065
25 7 2.7190971
25 27 0.24899146
25 16 1.2453634
26 32 1207.5
26 28 0.0674569
26 10 0.033122204
26 24 0.062205516
26 31 0.17579134
26 12 0.4402476
26 17 1.637108
27 30 0.18624665
27 0 2000.0
27 8 2.89885
27 18 69.18381
27 13 0.79431754
27 33 0.80125403
27 11 1.5203025
27 29 1.452843
27 5 5.448717
27 34 2.4433765
27 20 1.806922
27 2 1.3757421
27 14 3.6854327
27 37 1.3092064
27 7 2000.0
27 16 2.2829592
27 25 0.24899146
28 36 0.049031693
28 26 0.0674569
28 10 0.3402038
28 3 18.42577
28 12 143.96591
28 9 2.1532032
28 19 1367.8977
29 0 119.611046
29 30 2.35733
29 8 1.9585763
29 18 1.4685875
29 13 1.3404999
29 33 8.333981
29 11 1.9190428
29 5 5.361364
29 34 5.97625
29 20 13.429877
29 2 1.1511252
29 37 0.87492895
29 7 2000.0
29 27 1.452843
29 16 1586.6477
29 23 2.323659
29 25 2.921741
30 8 0.6740407
30 18 0.6378409
30 13 122.77536
30 33 11.802443
30 11 0.85515124
30 29 2.35733
30 5 0.8767816
30 34 1.4241145
30 20 3.4513562
30 2 13.941223
30 14 23.675528
30 37 16.147118
30 7 0.6268277
30 27 0.18624665
30 16 1.3535441
30 23 2.379148
30 25 10.842563
31 26 0.17579134
31 6 0.17880149
31 10 10.972106
31 35 47.10682
31 22 96.69804
31 9 0.029930355
31 4 0.06962556
31 17 0.9673994
31 19 0.0871148
32 24 0.33271092
32 12 6.370534
32 15 0.07199473
33 30 11.802443
33 8 2000.0
33 13 0.98984635
33 11 2.8208842
33 29 8.333981
33 5 2000.0
33 34 2000.0
33 20 1.085452
33 2 1.6198332
33 14 0.39397648
33 7 2000.0
33 27 0.80125403
33 16 3017.898
33 25 0.69155437
34 30 1.4241145
34 20 1.0963426
34 8 85.15057
34 37 2000.0
34 7 266.6667
34 13 306.24997
34 27 2.4433765
34 16 68.55
34 11 4.930628
34 29 5.97625
34 25 4.891264
34 5 2.4802313
35 21 0.037714534
35 31 47.10682
36 28 0.049031693
36 3 0.46887624
36 9 0.69835097
37 30 16.147118
37 0 2.906538
37 8 0.961734
37 18 2.1606274
37 13 1.3167343
37 11 2.0900471
37 29 0.87492895
37 5 15.172919
37 20 14.233974
37 2 0.87459415
37 7 2852.6704
37 27 1.3092064
37 16 2000.0
37 23 2.231842
37 25 42.396065
