0 8 12.735838
0 2 1.2567431
0 37 1.0205532
0 13 0.70988446
0 11 39.217304
0 29 17.255383
1 3 0.280947
1 12 1202.159
2 30 15.222741
2 0 1.2567431
2 8 1.1457431
2 18 7.173412
2 13 0.24567989
2 33 2.842894
2 11 0.7244317
2 29 1.3696762
2 20 1.9611547
2 37 0.7988948
2 27 0.4017386
2 16 2000.0
2 23 24.188591
2 25 2.3623374
3 36 0.19363299
3 28 0.12386172
3 24 2000.0
3 12 0.06130775
3 1 0.280947
3 9 0.25155017
4 31 0.06740661
4 9 0.06786108
4 17 0.07179834
4 19 0.095419735
5 30 0.48045462
5 8 0.5776259
5 18 0.7832488
5 13 2000.0
5 11 2.4655952
5 29 1.6328168
5 34 4.284804
5 20 7.1518445
5 37 2000.0
5 7 8.635858
5 27 2.0429876
5 16 1.7554293
5 23 3.2585886
6 31 1.4062728
6 17 0.88707066
7 34 45.707096
7 30 1.4029042
7 20 2.7042465
7 8 34.976166
7 37 26.075483
7 27 187.4969
7 16 1.5607666
7 11 8.615501
7 23 1.5680239
7 25 16.170935
7 5 8.635858
8 0 12.735838
8 30 0.57916665
8 18 1.1555327
8 13 3.201449
8 11 0.7929198
8 29 0.5448768
8 5 0.5776259
8 34 5.386363
8 2 1.1457431
8 37 0.7994538
8 7 34.976166
8 27 1.0893523
8 16 1.3583804
8 23 0.96566296
9 36 1.310924
9 26 2000.0
9 28 3.6522825
9 10 5.129419
9 22 0.32024378
9 31 0.030472016
9 3 0.25155017
9 17 0.044860948
9 4 0.06786108
9 19 0.07025895
10 26 0.05108245
10 28 0.29668504
10 24 0.03926283
10 31 0.052706085
10 12 11.986805
10 9 5.129419
10 17 0.044001494
11 0 39.217304
11 30 0.2771066
11 8 0.7929198
11 18 5.674859
11 13 0.4952718
11 33 4.419869
11 29 1.1064643
11 5 2.4655952
11 34 2.7338715
11 20 1.2516073
11 2 0.7244317
11 37 1.823037
11 7 8.615501
11 27 0.40825266
11 16 1.1453204
11 25 0.8939464
12 26 0.6885149
12 28 5.803548
12 32 0.44773436
12 10 11.986805
12 24 0.07490064
12 21 0.069846354
12 3 0.06130775
13 30 2.9197443
13 0 0.70988446
13 8 3.201449
13 18 266.6667
13 33 1.1068767
13 11 0.4952718
13 29 1.3488393
13 34 7.2955656
13 20 0.96414065
13 2 0.24567989
13 14 3.0399692
13 37 1.5576922
13 27 0.38728556
13 16 2350.3977
13 25 0.764963
14 20 0.6387852
14 13 3.0399692
14 33 0.36932313
14 27 2.2320502
14 11 2000.0
14 25 1.4196305
15 32 0.07710623
15 21 0.6036329
16 0 2000.0
16 30 1.0655257
16 8 1.3583804
16 18 1.1723142
16 11 1.1453204
16 29 82.657936
16 5 1.7554293
16 20 18.91873
16 37 34.08246
16 7 1.5607666
16 27 1.6181428
16 23 8.057609
16 25 1.530062
17 26 2.2425425
17 6 0.88707066
17 10 0.044001494
17 24 0.26884893
17 31 1.5392497
17 9 0.044860948
17 4 0.07179834
17 19 2.3121917
18 30 0.6816349
18 2 7.173412
18 8 1.1555327
18 37 1.0129648
18 13 266.6667
18 7 2000.0
18 27 5.949957
18 16 1.1723142
18 23 1.3321633
18 11 5.674859
18 29 1.7004123
18 5 0.7832488
19 31 0.06981185
19 9 0.07025895
19 17 2.3121917
19 4 0.095419735
20 30 33.6127
20 13 0.96414065
20 33 1.4027742
20 11 1.2516073
20 29 6.874498
20 5 7.1518445
20 34 0.8597449
20 2 1.9611547
20 14 0.6387852
20 37 3.74647
20 7 2.7042465
20 27 1.1854986
20 16 18.91873
20 25 0.44256344
21 32 2000.0
21 24 0.7138747
21 35 0.04406846
21 12 0.069846354
21 15 0.6036329
22 6 1612.4432
22 31 1207.8978
22 9 0.32024378
22 19 1394.0342
23 0 2000.0
23 30 1.3869038
23 2 24.188591
23 8 0.96566296
23 37 1.1757697
23 18 1.3321633
23 7 1.5680239
23 16 8.057609
23 11 2000.0
23 29 1.9977493
23 5 3.2585886
24 26 0.053089805
24 32 0.1071504
24 10 0.03926283
24 21 0.7138747
24 31 7.413159
24 12 0.07490064
24 15 2000.0
24 17 0.26884893
25 30 5.349992
25 13 0.764963
25 33 0.31164566
25 11 0.8939464
25 29 3.4902267
25 34 2.1080709
25 20 0.44256344
25 2 2.3623374
25 14 1.4196305
25 37 200.8425
25 7 16.170935
25 27 0.7427844
25 16 1.530062
26 36 222.63312
26 32 78.130684
26 28 0.038457833
26 10 0.05108245
26 24 0.053089805
26 31 0.08675549
26 12 0.6885149
26 17 2.2425425
27 0 2000.0
27 30 0.29722667
27 8 1.0893523
27 18 5.949957
27 13 0.38728556
27 33 0.9546192
27 11 0.40825266
27 29 0.8057446
27 5 2.0429876
27 34 0.9015259
27 20 1.1854986
27 2 0.4017386
27 14 2.2320502
27 37 0.8044999
27 7 187.4969
27 16 1.6181428
27 25 0.7427844
28 36 0.038022883
28 26 0.038457833
28 10 0.29668504
28 3 0.12386172
28 12 5.803548
28 9 3.6522825
29 0 17.255383
29 30 5.6016726
29 8 0.5448768
29 18 1.7004123
29 13 1.3488393
29 11 1.1064643
29 5 1.6328168
29 34 24.553354
29 20 6.874498
29 2 1.3696762
29 37 1.0447774
29 7 2000.0
29 27 0.8057446
29 16 82.657936
29 23 1.9977493
29 25 3.4902267
30 0 2000.0
30 8 0.57916665
30 18 0.6816349
30 13 2.9197443
30 33 3.412433
30 11 0.2771066
30 29 5.6016726
30 5 0.48045462
30 34 1.9673972
30 20 33.6127
30 2 15.222741
30 14 2000.0
30 37 5.0208774
30 7 1.4029042
30 27 0.29722667
30 16 1.0655257
30 23 1.3869038
30 25 5.349992
31 26 0.08675549
31 6 1.4062728
31 10 0.052706085
31 24 7.413159
31 9 0.030472016
31 17 1.5392497
31 4 0.06740661
31 19 0.06981185
32 26 78.130684
32 24 0.1071504
32 12 0.44773436
32 15 0.07710623
33 30 3.412433
33 13 1.1068767
33 11 4.419869
33 29 1421.591
33 5 2000.0
33 34 2000.0
33 20 1.4027742
33 2 2.842894
33 14 0.36932313
33 7 2000.0
33 27 0.9546192
33 16 2000.0
33 25 0.31164566
34 30 1.9673972
34 20 0.8597449
34 8 5.386363
34 13 7.2955656
34 7 45.707096
34 27 0.9015259
34 16 5535.0566
34 11 2.7338715
34 25 2.1080709
34 29 24.553354
34 5 4.284804
35 21 0.04406846
36 26 222.63312
36 28 0.038022883
36 3 0.19363299
36 9 1.310924
37 30 5.0208774
37 0 1.0205532
37 8 0.7994538
37 18 1.0129648
37 13 1.5576922
37 11 1.823037
37 29 1.0447774
37 20 3.74647
37 2 0.7988948
37 7 26.075483
37 27 0.8044999
37 16 34.08246
37 23 1.1757697
37 25 200.8425
