0 8 10.097168
0 2 0.7444431
0 37 1.463716
0 13 0.8575516
0 11 114.333336
0 29 37.724804
0 25 2000.0
1 3 0.3287287
1 12 77.144806
2 30 18.039062
2 0 0.7444431
2 8 1.4076147
2 18 9.877889
2 13 0.34844026
2 33 1.9236654
2 11 1.1819416
2 29 0.8992007
2 20 2.2476852
2 37 1.2302532
2 27 1.5591081
2 16 2000.0
2 23 47.233795
2 25 1.2200087
3 36 0.27382702
3 28 0.1074699
3 24 240.00002
3 12 0.0787541
3 1 0.3287287
3 9 0.20958027
4 31 0.07034241
4 9 0.08128901
4 17 0.11339222
4 19 0.0901254
5 30 0.9250384
5 8 0.6570835
5 18 0.44526514
5 13 2000.0
5 11 4.512817
5 29 2.1770024
5 34 3.7022004
5 20 1.7497829
5 37 2000.0
5 7 3.0837224
5 27 2.1337142
5 16 2.0046086
5 23 10.107755
6 21 2000.0
6 22 80.18797
6 31 1.2513112
6 17 1.3513329
7 34 7.6235166
7 30 0.9305223
7 20 1.9482455
7 8 114.28571
7 37 10.82207
7 27 75.75758
7 16 1.0676765
7 11 11.373702
7 23 1.1911815
7 25 9.806259
7 5 3.0837224
8 0 10.097168
8 30 0.6252261
8 18 1.0488943
8 13 2.609128
8 11 1.1751225
8 29 0.9766816
8 5 0.6570835
8 34 6.941026
8 2 1.4076147
8 37 0.96065
8 7 114.28571
8 27 1.0817944
8 16 1.4987495
8 23 1.1539787
9 36 1.8285632
9 26 2000.0
9 28 2.754476
9 10 5.3358154
9 22 0.39338285
9 31 0.03442491
9 3 0.20958027
9 17 0.06441195
9 4 0.08128901
9 19 0.070249625
10 26 0.03720975
10 28 0.21462607
10 24 0.06815642
10 31 0.03779858
10 12 10.662723
10 9 5.3358154
10 17 0.03203286
11 0 114.333336
11 30 0.47307903
11 8 1.1751225
11 18 3.9254622
11 13 0.8403273
11 33 2.0111547
11 29 0.70774007
11 5 4.512817
11 34 3.5146053
11 20 1.0262603
11 2 1.1819416
11 37 1.6558917
11 7 11.373702
11 27 0.5361364
11 16 0.7876389
11 25 1.0512424
12 26 2.6562967
12 28 6.0556345
12 32 0.3097662
12 10 10.662723
12 24 0.08165064
12 21 0.0711097
12 3 0.0787541
12 1 77.144806
13 30 1.9595098
13 0 0.8575516
13 8 2.609128
13 18 244.83595
13 33 0.8518704
13 11 0.8403273
13 29 1.1134194
13 34 11.536234
13 20 0.652151
13 2 0.34844026
13 14 2.522151
13 37 1.4821928
13 27 0.3163981
13 16 82.558235
13 25 0.56107867
14 20 0.8833734
14 13 2.522151
14 33 0.41011187
14 27 2.5283017
14 11 2000.0
14 25 1.7058958
15 32 0.06896247
15 21 1.7046922
16 30 1.0499521
16 0 2000.0
16 8 1.4987495
16 18 0.88804716
16 13 82.558235
16 11 0.7876389
16 29 151.20407
16 5 2.0046086
16 20 5.8763247
16 37 40.515484
16 7 1.0676765
16 27 1.2498382
16 23 8.260399
16 25 0.86383945
17 26 1.850155
17 6 1.3513329
17 10 0.03203286
17 24 0.18929136
17 31 1.2598428
17 9 0.06441195
17 4 0.11339222
17 19 2.7018871
18 30 0.6877276
18 2 9.877889
18 8 1.0488943
18 37 1.3152896
18 7 2000.0
18 13 244.83595
18 27 3.0896153
18 16 0.88804716
18 23 1.215464
18 11 3.9254622
18 29 1.5680486
18 5 0.44526514
19 22 57.142857
19 31 0.07533705
19 9 0.070249625
19 17 2.7018871
19 4 0.0901254
20 30 15.902131
20 13 0.652151
20 33 0.99159795
20 11 1.0262603
20 29 1.3510698
20 5 1.7497829
20 34 0.8255999
20 2 2.2476852
20 14 0.8833734
20 37 3.7508564
20 7 1.9482455
20 27 0.36170295
20 16 5.8763247
20 25 0.39828768
21 32 2000.0
21 24 0.109120816
21 35 0.07006845
21 12 0.0711097
21 15 1.7046922
22 6 80.18797
22 31 1290.3977
22 9 0.39338285
22 19 57.142857
23 0 2000.0
23 30 1.7667941
23 2 47.233795
23 8 1.1539787
23 37 2.6335723
23 18 1.215464
23 7 1.1911815
23 16 8.260399
23 11 2000.0
23 29 3.499091
23 5 10.107755
24 26 0.054052245
24 32 0.1006428
24 10 0.06815642
24 21 0.109120816
24 31 18.318207
24 12 0.08165064
24 3 240.00002
24 15 2000.0
24 17 0.18929136
25 30 2.7956574
25 13 0.56107867
25 33 0.37233952
25 11 1.0512424
25 29 2.1169314
25 34 1.8654969
25 20 0.39828768
25 2 1.2200087
25 14 1.7058958
25 37 28.571428
25 7 9.806259
25 27 0.57255507
25 16 0.86383945
26 36 68.41437
26 32 16.467834
26 28 0.035776515
26 10 0.03720975
26 24 0.054052245
26 31 0.058351252
26 12 2.6562967
26 17 1.850155
27 0 2000.0
27 30 0.17104232
27 8 1.0817944
27 18 3.0896153
27 13 0.3163981
27 33 0.8373774
27 11 0.5361364
27 29 0.6651453
27 5 2.1337142
27 34 1.0444275
27 20 0.36170295
27 2 1.5591081
27 14 2.5283017
27 37 1.3472158
27 7 75.75758
27 16 1.2498382
27 25 0.57255507
28 36 0.031657133
28 26 0.035776515
28 10 0.21462607
28 3 0.1074699
28 12 6.0556345
28 9 2.754476
29 30 3.1938944
29 0 37.724804
29 8 0.9766816
29 18 1.5680486
29 13 1.1134194
29 11 0.70774007
29 5 2.1770024
29 34 20.190535
29 20 1.3510698
29 2 0.8992007
29 37 1.0048205
29 7 2000.0
29 27 0.6651453
29 16 151.20407
29 23 3.499091
29 25 2.1169314
30 0 2000.0
30 8 0.6252261
30 18 0.6877276
30 13 1.9595098
30 33 2.424148
30 11 0.47307903
30 29 3.1938944
30 5 0.9250384
30 34 1.9017644
30 20 15.902131
30 2 18.039062
30 14 2000.0
30 37 3.0882196
30 7 0.9305223
30 27 0.17104232
30 16 1.0499521
30 23 1.7667941
30 25 2.7956574
31 26 0.058351252
31 6 1.2513112
31 10 0.03779858
31 24 18.318207
31 9 0.03442491
31 17 1.2598428
31 4 0.07034241
31 19 0.07533705
32 26 16.467834
32 24 0.1006428
32 12 0.3097662
32 15 0.06896247
33 30 2.424148
33 8 2000.0
33 13 0.8518704
33 11 2.0111547
33 29 3275.3408
33 34 2000.0
33 20 0.99159795
33 2 1.9236654
33 14 0.41011187
33 7 2000.0
33 27 0.8373774
33 16 1998.8635
33 25 0.37233952
34 30 1.9017644
34 20 0.8255999
34 8 6.941026
34 7 7.6235166
34 13 11.536234
34 27 1.0444275
34 16 5535.0566
34 11 3.5146053
34 25 1.8654969
34 29 20.190535
34 5 3.7022004
35 21 0.07006845
36 26 68.41437
36 28 0.031657133
36 3 0.27382702
36 9 1.8285632
37 30 3.0882196
37 0 1.463716
37 8 0.96065
37 18 1.3152896
37 13 1.4821928
37 11 1.6558917
37 29 1.0048205
37 20 3.7508564
37 2 1.2302532
37 7 10.82207
37 27 1.3472158
37 16 40.515484
37 23 2.6335723
37 25 28.571428
