0 8 13.350682
0 2 0.8785308
0 37 0.4905459
0 13 0.90180635
0 11 31.660572
0 29 5.022643
1 3 0.46643943
1 12 1213.5796
2 30 11.118599
2 0 0.8785308
2 8 1.1047583
2 18 6.5034356
2 13 0.3680284
2 33 2.656636
2 11 1.064108
2 29 1.1569338
2 20 1.3088176
2 37 0.8557396
2 27 0.45000222
2 23 14.841568
2 25 1.5962349
3 36 0.21439394
3 28 0.12586673
3 24 368.5424
3 12 0.062480744
3 1 0.46643943
3 9 0.7530409
4 31 0.08191289
4 9 0.071821295
4 17 0.07610592
4 19 0.10738078
5 30 1.0439069
5 8 0.8042122
5 18 0.6209811
5 13 2000.0
5 11 2.3093126
5 29 3.0836048
5 34 3.2205105
5 20 2.0551946
5 37 2000.0
5 7 4.767093
5 27 3.1610396
5 16 2.0306425
5 23 4.0601916
6 22 81.11989
6 31 0.6455512
6 17 2.1337972
7 34 9.776126
7 30 0.8107075
7 20 1.4621657
7 8 22.399414
7 37 23.682533
7 27 55.135258
7 16 1.1812582
7 11 7.4455347
7 23 0.88686806
7 25 4.2893834
7 5 4.767093
8 0 13.350682
8 30 0.5922474
8 18 0.81854945
8 13 1.055033
8 11 0.3806105
8 29 0.5735
8 5 0.8042122
8 34 4.376939
8 2 1.1047583
8 37 0.71854645
8 7 22.399414
8 27 2.7656512
8 16 1.4406272
8 23 1.2974926
9 36 1.2901646
9 26 2000.0
9 28 1.8967131
9 10 5.3560605
9 22 0.55814856
9 31 0.061160687
9 3 0.7530409
9 17 0.046344973
9 4 0.071821295
9 19 0.07931338
10 26 0.035942085
10 28 0.17696284
10 24 0.07628861
10 31 0.030579362
10 12 4.516729
10 9 5.3560605
10 17 0.032343794
11 0 31.660572
11 30 0.5881482
11 8 0.3806105
11 18 3.573245
11 13 0.6465028
11 33 3.2281106
11 29 0.90549576
11 5 2.3093126
11 34 1.6759113
11 20 0.6266191
11 2 1.064108
11 37 1.43271
11 7 7.4455347
11 27 0.61075044
11 16 0.85126656
11 25 0.641459
12 26 2.0802965
12 28 5.165332
12 32 0.3901623
12 10 4.516729
12 24 0.069303066
12 21 0.07620557
12 3 0.062480744
13 30 0.99681014
13 0 0.90180635
13 8 1.055033
13 18 276.9231
13 33 0.7281348
13 11 0.6465028
13 29 0.6957492
13 34 7.9820647
13 20 0.5013517
13 2 0.3680284
13 14 2.4203386
13 37 1.4931419
13 27 0.31347403
13 16 65.80546
13 25 0.41044015
14 20 1.1603321
14 13 2.4203386
14 33 0.76474136
14 27 3.8193111
14 11 2000.0
14 25 1.3182564
15 32 0.07291356
15 21 1.9800179
16 0 2000.0
16 30 1.120908
16 8 1.4406272
16 18 0.86643434
16 13 65.80546
16 11 0.85126656
16 29 19.649559
16 5 2.0306425
16 20 6.611036
16 37 61.77365
16 7 1.1812582
16 27 1.291028
16 25 0.81414497
17 26 1.7609373
17 6 2.1337972
17 10 0.032343794
17 24 0.2048085
17 31 1.1356484
17 9 0.046344973
17 4 0.07610592
17 19 3.6127136
18 30 0.6959988
18 2 6.5034356
18 8 0.81854945
18 37 1.097183
18 7 2000.0
18 13 276.9231
18 27 2.4666047
18 16 0.86643434
18 23 1.026849
18 11 3.573245
18 29 0.9478199
18 5 0.6209811
19 31 0.071853094
19 9 0.07931338
19 17 3.6127136
19 4 0.10738078
20 30 4.6172214
20 13 0.5013517
20 33 0.98824716
20 11 0.6266191
20 29 2.1059127
20 5 2.0551946
20 34 0.7845631
20 2 1.3088176
20 14 1.1603321
20 37 5.164674
20 7 1.4621657
20 27 0.3032766
20 16 6.611036
20 25 0.28938806
21 10 2000.0
21 24 0.19563
21 35 0.090230055
21 12 0.07620557
21 15 1.9800179
22 6 81.11989
22 31 1456.9319
22 9 0.55814856
22 19 1289.6592
23 0 2000.0
23 30 1.80334
23 2 14.841568
23 8 1.2974926
23 37 1.7642833
23 18 1.026849
23 7 0.88686806
23 16 114.1433
23 11 2000.0
23 29 2.3291042
23 5 4.0601916
24 26 0.055046182
24 32 0.12365559
24 10 0.07628861
24 21 0.19563
24 31 11.327067
24 3 368.5424
24 12 0.069303066
24 15 2000.0
24 17 0.2048085
25 30 1.2281951
25 13 0.41044015
25 33 0.5253046
25 11 0.641459
25 29 1.4714799
25 34 0.90497357
25 20 0.28938806
25 2 1.5962349
25 14 1.3182564
25 37 14.381071
25 7 4.2893834
25 27 0.59601486
25 16 0.81414497
26 36 53.49156
26 32 38.32197
26 28 0.034135982
26 10 0.035942085
26 24 0.055046182
26 31 0.052042212
26 12 2.0802965
26 17 1.7609373
27 0 2000.0
27 30 0.24339384
27 8 2.7656512
27 18 2.4666047
27 13 0.31347403
27 33 0.84116524
27 11 0.61075044
27 29 0.56019807
27 5 3.1610396
27 34 1.2129118
27 20 0.3032766
27 2 0.45000222
27 14 3.8193111
27 37 1.079005
27 7 55.135258
27 16 1.291028
27 25 0.59601486
28 36 0.03202896
28 26 0.034135982
28 10 0.17696284
28 3 0.12586673
28 12 5.165332
28 9 1.8967131
29 0 5.022643
29 30 1.9681484
29 8 0.5735
29 18 0.9478199
29 13 0.6957492
29 11 0.90549576
29 5 3.0836048
29 34 4.6434937
29 20 2.1059127
29 2 1.1569338
29 37 0.6627696
29 7 2000.0
29 27 0.56019807
29 16 19.649559
29 23 2.3291042
29 25 1.4714799
30 0 2000.0
30 8 0.5922474
30 18 0.6959988
30 13 0.99681014
30 33 2.337077
30 11 0.5881482
30 29 1.9681484
30 5 1.0439069
30 34 2.4838345
30 20 4.6172214
30 2 11.118599
30 14 2000.0
30 37 6.253573
30 7 0.8107075
30 27 0.24339384
30 16 1.120908
30 23 1.80334
30 25 1.2281951
31 26 0.052042212
31 6 0.6455512
31 10 0.030579362
31 24 11.327067
31 9 0.061160687
31 17 1.1356484
31 4 0.08191289
31 19 0.071853094
32 26 38.32197
32 24 0.12365559
32 12 0.3901623
32 15 0.07291356
33 30 2.337077
33 13 0.7281348
33 11 3.2281106
33 29 4032.443
33 5 2000.0
33 34 2000.0
33 20 0.98824716
33 2 2.656636
33 14 0.76474136
33 7 2000.0
33 27 0.84116524
33 16 1998.8635
33 25 0.5253046
34 30 2.4838345
34 20 0.7845631
34 8 4.376939
34 7 9.776126
34 13 7.9820647
34 27 1.2129118
34 16 5535.0566
34 11 1.6759113
34 25 0.90497357
34 29 4.6434937
34 5 3.2205105
35 21 0.090230055
36 26 53.49156
36 28 0.03202896
36 3 0.21439394
36 9 1.2901646
37 30 6.253573
37 0 0.4905459
37 8 0.71854645
37 18 1.097183
37 13 1.4931419
37 11 1.43271
37 29 0.6627696
37 20 5.164674
37 2 0.8557396
37 7 23.682533
37 27 1.079005
37 16 61.77365
37 23 1.7642833
37 25 14.381071
