0 2 0.96766
0 37 2.5155208
0 13 0.9968823
0 29 51.327282
0 25 34.615387
1 3 0.72926855
1 12 17.370995
2 30 26.069284
2 0 0.96766
2 8 1.2547271
2 18 2.120227
2 13 0.6415574
2 33 1.79442
2 11 1.9959828
2 29 1.2411644
2 20 4.498767
2 37 0.84919834
2 27 1.1928893
2 16 2000.0
2 23 9.70536
2 25 0.675635
3 36 0.25204545
3 28 9.79526
3 24 2000.0
3 12 0.068630874
3 1 0.72926855
3 9 0.43346775
4 31 0.0814456
4 9 0.08249603
4 17 0.5096757
4 19 0.084451176
5 30 0.7483712
5 8 1.2156048
5 18 1.8047436
5 13 56.571865
5 11 1.9562901
5 29 8.126805
5 34 4.7314034
5 20 3.2529974
5 37 11.694499
5 7 22.358028
5 27 1.4059161
5 16 2.6076732
5 23 3.6937113
5 25 2000.0
6 31 0.10804619
6 17 1.0237855
7 34 400.0
7 30 0.75176483
7 20 53.245834
7 8 5.9464736
7 16 1.1075183
7 23 1.4612756
7 11 57.142857
7 25 3.1793919
7 5 22.358028
8 0 2000.0
8 30 0.63274205
8 18 1.3736365
8 13 1.3859444
8 11 1.7082599
8 29 1.2015169
8 5 1.2156048
8 34 68.59734
8 2 1.2547271
8 37 1.4937087
8 7 5.9464736
8 27 0.9572872
8 16 1.8790909
8 23 1.8369188
8 25 2000.0
9 36 0.8677824
9 26 2000.0
9 28 1.1239669
9 10 14.302169
9 22 0.05311021
9 31 0.03238726
9 12 2000.0
9 3 0.43346775
9 4 0.08249603
9 17 0.03694145
9 19 0.06521971
10 26 0.029729916
10 28 0.692359
10 24 0.0676011
10 31 6.3223243
10 12 1281.4773
10 9 14.302169
10 17 0.029547855
11 0 2000.0
11 30 0.97342753
11 8 1.7082599
11 18 6.136562
11 13 1.4226198
11 33 2.5809155
11 29 1.1097337
11 5 1.9562901
11 34 2.4768226
11 20 1.4118197
11 2 1.9959828
11 37 1.9051577
11 7 57.142857
11 27 0.9940341
11 16 1.2041054
11 25 1.1454866
12 26 0.7488286
12 32 5.812063
12 24 0.06776613
12 21 0.23009561
12 3 0.068630874
12 1 17.370995
13 30 152.09256
13 0 0.9968823
13 8 1.3859444
13 18 533.3334
13 33 0.9185653
13 11 1.4226198
13 29 0.9795872
13 5 56.571865
13 34 253.61745
13 20 1.4244239
13 2 0.6415574
13 14 5.9984155
13 37 1.1897197
13 7 2000.0
13 27 0.29088846
13 16 33.945694
13 25 0.26492053
14 30 6.863151
14 20 8.557044
14 13 5.9984155
14 27 3.1456778
14 33 0.40002748
14 11 2000.0
14 25 3.8054383
15 32 0.074711405
15 21 8.449782
16 0 2000.0
16 30 1.6959475
16 8 1.8790909
16 18 3.0521653
16 13 33.945694
16 11 1.2041054
16 5 2.6076732
16 34 59.233753
16 20 38.157524
16 7 1.1075183
16 27 2.0306468
16 23 2.7077684
16 25 1.4020334
17 6 1.0237855
17 26 2.9556653
17 10 0.029547855
17 24 0.15380192
17 31 1.1506324
17 9 0.03694145
17 4 0.5096757
17 19 53.339947
18 0 2000.0
18 30 0.7060591
18 8 1.3736365
18 13 533.3334
18 11 6.136562
18 29 2.097776
18 5 1.8047436
18 2 2.120227
18 37 2.7848587
18 7 2000.0
18 27 18.675062
18 16 3.0521653
18 23 1.5186738
19 31 0.09014891
19 9 0.06521971
19 17 53.339947
19 4 0.084451176
20 30 1.1816515
20 13 1.4244239
20 33 2.222754
20 11 1.4118197
20 29 6.414699
20 5 3.2529974
20 34 1.1123213
20 2 4.498767
20 14 8.557044
20 37 5.4261947
20 7 53.245834
20 27 3.3987296
20 16 38.157524
20 25 0.97306377
21 26 2000.0
21 32 2000.0
21 24 0.83719647
21 35 0.037043594
21 31 2000.0
21 12 0.23009561
21 15 8.449782
22 31 94.736855
22 9 0.05311021
22 19 2000.0
23 0 2000.0
23 30 2.1255379
23 8 1.8369188
23 2 9.70536
23 37 2.2491093
23 18 1.5186738
23 7 1.4612756
23 16 2.7077684
23 11 2000.0
23 29 2.5451868
23 5 3.6937113
24 26 0.042473916
24 32 0.42368034
24 10 0.0676011
24 21 0.83719647
24 12 0.06776613
24 15 2000.0
24 17 0.15380192
25 30 31.85714
25 0 34.615387
25 13 0.26492053
25 33 0.5779166
25 11 1.1454866
25 29 2.0085711
25 34 1.4895957
25 20 0.97306377
25 2 0.675635
25 14 3.8054383
25 37 46.56507
25 7 3.1793919
25 27 0.22224294
25 16 1.4020334
26 32 70.06507
26 28 0.07942896
26 10 0.029729916
26 24 0.042473916
26 31 0.08846511
26 12 0.7488286
26 17 2.9556653
27 30 0.2643628
27 0 2000.0
27 8 0.9572872
27 18 18.675062
27 13 0.29088846
27 33 0.76073027
27 11 0.9940341
27 29 0.73067236
27 5 1.4059161
27 34 0.9661145
27 20 3.3987296
27 2 1.1928893
27 14 3.1456778
27 37 1.108399
27 7 2000.0
27 16 2.0306468
27 25 0.22224294
28 36 0.06862351
28 26 0.07942896
28 10 0.692359
28 3 9.79526
28 12 1211.1364
28 9 1.1239669
28 19 1367.1023
29 0 51.327282
29 30 1.2621831
29 8 1.2015169
29 18 2.097776
29 13 0.9795872
29 33 26.73928
29 11 1.1097337
29 5 8.126805
29 34 4.037785
29 20 6.414699
29 2 1.2411644
29 37 0.94558364
29 7 2000.0
29 27 0.73067236
29 16 2000.0
29 23 2.5451868
29 25 2.0085711
30 8 0.63274205
30 18 0.7060591
30 13 152.09256
30 33 14.727196
30 11 0.97342753
30 29 1.2621831
30 5 0.7483712
30 34 1.5953735
30 20 1.1816515
30 2 26.069284
30 14 6.863151
30 37 29.964632
30 7 0.75176483
30 27 0.2643628
30 16 1.6959475
30 23 2.1255379
30 25 31.85714
31 26 0.08846511
31 6 0.10804619
31 10 6.3223243
31 22 94.736855
31 9 0.03238726
31 4 0.0814456
31 17 1.1506324
31 19 0.09014891
32 26 70.06507
32 24 0.42368034
32 12 5.812063
32 15 0.074711405
33 34 2000.0
33 30 14.727196
33 20 2.222754
33 2 1.79442
33 14 0.40002748
33 7 2000.0
33 13 0.9185653
33 27 0.76073027
33 16 3017.898
33 11 2.5809155
33 29 26.73928
33 25 0.5779166
34 30 1.5953735
34 20 1.1123213
34 8 68.59734
34 37 2000.0
34 13 253.61745
34 7 400.0
34 27 0.9661145
34 16 59.233753
34 11 2.4768226
34 29 4.037785
34 25 1.4895957
34 5 4.7314034
35 21 0.037043594
35 31 1599.3181
36 28 0.06862351
36 3 0.25204545
36 9 0.8677824
37 30 29.964632
37 0 2.5155208
37 8 1.4937087
37 18 2.7848587
37 13 1.1897197
37 11 1.9051577
37 29 0.94558364
37 5 11.694499
37 20 5.4261947
37 2 0.84919834
37 7 1691.9886
37 27 1.108399
37 16 2000.0
37 23 2.2491093
37 25 46.56507
