0 8 7.4735727
0 2 0.567673
0 37 1.038615
0 13 0.67257357
0 11 34.782608
0 29 8.020281
1 3 0.32141772
1 12 1201.4773
2 30 10.39683
2 0 0.567673
2 8 1.5584162
2 18 13.112401
2 13 0.4758033
2 33 1.8395394
2 11 1.1081266
2 29 0.7406855
2 20 4.2688847
2 37 0.7569338
2 27 0.6813201
2 16 2000.0
2 23 100.0
2 25 1.5656623
3 36 0.2957386
3 28 0.10006198
3 24 189.47371
3 12 0.05263013
3 1 0.32141772
3 9 0.5499909
4 31 0.08997765
4 9 0.053127885
4 17 0.09836399
4 19 0.08987442
5 30 1.2561921
5 8 0.74098414
5 18 0.36483443
5 13 223.632
5 11 2.1783237
5 29 11.746603
5 34 1.0732518
5 20 2.624574
5 37 2000.0
5 7 7.131274
5 27 2.061641
5 16 1.6902955
5 23 3.542606
6 31 0.40877414
6 17 0.7653624
7 34 12.79268
7 30 1.039936
7 20 1.459558
7 8 41.896545
7 37 39.181522
7 27 187.8375
7 16 0.9476117
7 11 5.040651
7 23 1.1886913
7 25 10.021961
7 5 7.131274
8 0 7.4735727
8 30 0.53925115
8 18 0.9795145
8 13 1.6698482
8 11 1.1390308
8 29 0.6730315
8 5 0.74098414
8 34 2.742289
8 2 1.5584162
8 37 1.1216037
8 7 41.896545
8 27 1.109424
8 16 1.4450995
8 23 1.0257003
9 36 1.8340971
9 26 2000.0
9 28 1.4379448
9 10 5.1316285
9 22 0.25720897
9 31 0.038213704
9 12 2000.0
9 3 0.5499909
9 17 0.06560963
9 4 0.053127885
9 19 0.06792041
10 26 0.036619123
10 28 0.27848837
10 24 0.060940288
10 31 0.037065223
10 12 7.7345324
10 9 5.1316285
10 17 0.03126109
11 0 34.782608
11 30 0.43963304
11 8 1.1390308
11 18 11.320238
11 13 0.6293057
11 33 2.1944876
11 29 0.7061703
11 5 2.1783237
11 34 1.9191649
11 20 0.65628487
11 2 1.1081266
11 37 1.0528322
11 7 5.040651
11 27 0.47891316
11 16 0.7985897
11 25 0.7088396
12 26 1.0359195
12 28 4.735155
12 32 0.2677639
12 10 7.7345324
12 24 0.09041294
12 21 0.08898048
12 3 0.05263013
13 0 0.67257357
13 30 0.7631494
13 8 1.6698482
13 18 64.245125
13 33 0.75802445
13 11 0.6293057
13 29 0.91081005
13 5 223.632
13 34 9.421612
13 20 0.53778297
13 2 0.4758033
13 14 2.8473794
13 37 0.93408126
13 27 0.21992037
13 16 54.07948
13 25 0.7519396
14 20 1.0231218
14 13 2.8473794
14 27 2.8292017
14 33 0.708762
14 11 2000.0
14 25 6.656363
15 32 0.06907778
15 24 266.6667
15 21 0.829738
16 30 1.6261914
16 0 2000.0
16 8 1.4450995
16 18 1.2911906
16 13 54.07948
16 11 0.7985897
16 29 11.314206
16 5 1.6902955
16 20 7.505512
16 37 18.87931
16 7 0.9476117
16 27 1.5416389
16 23 5.938717
16 25 1.3449317
17 26 2.7785642
17 6 0.7653624
17 10 0.03126109
17 24 0.29494062
17 31 1.5232857
17 9 0.06560963
17 4 0.09836399
17 19 5.508742
18 30 0.7427462
18 2 13.112401
18 8 0.9795145
18 37 1.8752806
18 13 64.245125
18 7 2000.0
18 27 3.3704684
18 16 1.2911906
18 23 1.3896668
18 11 11.320238
18 29 0.8388497
18 5 0.36483443
19 31 0.080471046
19 9 0.06792041
19 17 5.508742
19 4 0.08987442
20 30 23.375492
20 13 0.53778297
20 33 1.7530525
20 11 0.65628487
20 29 1.529303
20 5 2.624574
20 34 0.85099244
20 2 4.2688847
20 14 1.0231218
20 37 1.7880744
20 7 1.459558
20 27 0.6313853
20 16 7.505512
20 25 0.41236398
21 32 2000.0
21 10 2000.0
21 24 0.30746725
21 35 0.04978309
21 12 0.08898048
21 15 0.829738
22 6 1690.9092
22 31 1246.1364
22 9 0.25720897
22 19 1288.409
23 0 2000.0
23 30 1.2121576
23 2 100.0
23 8 1.0257003
23 37 1.7530208
23 18 1.3896668
23 7 1.1886913
23 16 5.938717
23 11 2000.0
23 29 3.6713305
23 5 3.542606
24 26 0.0529181
24 32 0.10281762
24 10 0.060940288
24 21 0.30746725
24 31 6.5252843
24 12 0.09041294
24 3 189.47371
24 15 266.6667
24 17 0.29494062
25 0 2000.0
25 30 4.083759
25 13 0.7519396
25 33 0.3594539
25 11 0.7088396
25 29 6.788126
25 34 1.434684
25 20 0.41236398
25 2 1.5656623
25 14 6.656363
25 37 68.179695
25 7 10.021961
25 27 0.68264866
25 16 1.3449317
26 36 171.42857
26 32 15.030683
26 28 0.05177906
26 10 0.036619123
26 24 0.0529181
26 31 0.06102456
26 12 1.0359195
26 17 2.7785642
27 0 2000.0
27 30 0.14999808
27 8 1.109424
27 18 3.3704684
27 13 0.21992037
27 33 0.79279256
27 11 0.47891316
27 29 0.45331597
27 5 2.061641
27 34 0.9133438
27 20 0.6313853
27 2 0.6813201
27 14 2.8292017
27 37 1.3834276
27 7 187.8375
27 16 1.5416389
27 25 0.68264866
28 36 0.035859603
28 26 0.05177906
28 10 0.27848837
28 3 0.10006198
28 12 4.735155
28 9 1.4379448
29 0 8.020281
29 30 6.597813
29 8 0.6730315
29 18 0.8388497
29 13 0.91081005
29 11 0.7061703
29 5 11.746603
29 34 4.711341
29 20 1.529303
29 2 0.7406855
29 37 1.0411882
29 7 2000.0
29 27 0.45331597
29 16 11.314206
29 23 3.6713305
29 25 6.788126
30 0 2000.0
30 8 0.53925115
30 18 0.7427462
30 13 0.7631494
30 33 1.6893688
30 11 0.43963304
30 29 6.597813
30 5 1.2561921
30 34 2.0795906
30 20 23.375492
30 2 10.39683
30 37 11.402699
30 7 1.039936
30 27 0.14999808
30 16 1.6261914
30 23 1.2121576
30 25 4.083759
31 26 0.06102456
31 6 0.40877414
31 10 0.037065223
31 24 6.5252843
31 9 0.038213704
31 17 1.5232857
31 4 0.08997765
31 19 0.080471046
32 26 15.030683
32 24 0.10281762
32 21 2000.0
32 12 0.2677639
32 15 0.06907778
33 34 2000.0
33 30 1.6893688
33 20 1.7530525
33 2 1.8395394
33 14 0.708762
33 7 2000.0
33 13 0.75802445
33 27 0.79279256
33 16 2270.3408
33 11 2.1944876
33 29 1618.75
33 25 0.3594539
34 30 2.0795906
34 20 0.85099244
34 8 2.742289
34 13 9.421612
34 7 12.79268
34 27 0.9133438
34 16 1215.0568
34 11 1.9191649
34 25 1.434684
34 29 4.711341
34 5 1.0732518
35 21 0.04978309
36 26 171.42857
36 28 0.035859603
36 3 0.2957386
36 9 1.8340971
37 30 11.402699
37 0 1.038615
37 8 1.1216037
37 18 1.8752806
37 13 0.93408126
37 11 1.0528322
37 29 1.0411882
37 20 1.7880744
37 2 0.7569338
37 7 39.181522
37 27 1.3834276
37 16 18.87931
37 23 1.7530208
37 25 68.179695
