0 2 0.8539129
0 37 1.5570409
0 13 1.1448462
0 29 45.454544
0 25 18.247208
1 3 0.66523457
1 12 18.130825
2 30 9.670591
2 0 0.8539129
2 8 1.2092694
2 18 2.1008916
2 13 0.6136268
2 33 1.3266028
2 11 1.766513
2 29 0.8255324
2 20 2.3454332
2 37 0.8268591
2 27 0.77200425
2 16 2000.0
2 23 6.812574
2 25 0.4024923
3 36 0.529153
3 28 5.203612
3 24 2000.0
3 12 0.05366043
3 1 0.66523457
3 9 0.2410633
4 31 0.07580646
4 9 0.077151306
4 17 0.15221354
4 19 0.071931645
5 30 0.71697193
5 8 0.65230346
5 18 0.6616576
5 13 30.449278
5 11 3.8776858
5 29 3.2545068
5 34 2.563182
5 20 3.2653108
5 37 17.27506
5 7 4.5896473
5 27 1.9341062
5 16 2.0858178
5 23 6.387355
5 25 2000.0
6 31 0.23256004
6 17 1.2131916
7 30 0.8723275
7 20 44.663734
7 8 8.850919
7 16 1.0566349
7 23 1.2016181
7 11 1766.25
7 25 2.60692
7 5 4.5896473
8 0 2000.0
8 30 0.37060124
8 18 1.1059325
8 13 0.8267019
8 11 1.075678
8 29 0.36109355
8 5 0.65230346
8 34 27.532057
8 2 1.2092694
8 37 1.3430558
8 7 8.850919
8 27 0.9093293
8 16 1.9401234
8 23 1.4621724
8 25 2000.0
9 36 0.6961143
9 26 2000.0
9 28 0.4746476
9 10 58.823524
9 22 0.044131752
9 31 0.029088147
9 12 2000.0
9 3 0.2410633
9 4 0.077151306
9 17 0.032949474
9 19 0.062246356
10 26 0.028121348
10 28 0.26516336
10 24 0.080941
10 31 35.71662
10 12 1243.75
10 9 58.823524
10 17 0.030538682
11 0 2000.0
11 30 1.011573
11 8 1.075678
11 18 10.50441
11 13 1.2911975
11 33 1.9162472
11 29 1.4863638
11 5 3.8776858
11 34 1.9350848
11 20 0.9626137
11 2 1.766513
11 37 1.9602273
11 7 1766.25
11 27 0.6348092
11 16 1.0531331
11 25 0.8743844
12 26 0.62089163
12 32 4.098725
12 28 149.19241
12 24 0.06731602
12 21 0.11454336
12 3 0.05366043
12 1 18.130825
13 30 47.62566
13 0 1.1448462
13 8 0.8267019
13 18 158.02396
13 33 0.96203315
13 11 1.2911975
13 29 0.61535394
13 5 30.449278
13 34 154.46422
13 20 0.9291762
13 2 0.6136268
13 14 8.531358
13 37 1.2556349
13 7 2000.0
13 27 0.25189394
13 16 37.16573
13 25 0.22846434
14 30 11.9844055
14 20 3.3402433
14 13 8.531358
14 27 1.6711965
14 33 0.37036788
14 25 1.9997274
15 32 0.075681455
15 21 6.5519433
16 0 2000.0
16 30 1.0666616
16 8 1.9401234
16 18 1.1852038
16 13 37.16573
16 11 1.0531331
16 5 2.0858178
16 34 57.68107
16 20 14.561659
16 7 1.0566349
16 27 1.2265613
16 23 2.4022224
16 25 1.0761915
17 6 1.2131916
17 26 1.3607955
17 10 0.030538682
17 24 0.19330269
17 31 1.0158694
17 9 0.032949474
17 4 0.15221354
17 19 150.69722
18 0 2000.0
18 30 0.6755896
18 8 1.1059325
18 13 158.02396
18 11 10.50441
18 29 0.984999
18 5 0.6616576
18 2 2.1008916
18 37 2.2078857
18 7 2000.0
18 27 28.310104
18 16 1.1852038
18 23 1.5105418
19 31 0.08865589
19 9 0.062246356
19 4 0.071931645
19 17 150.69722
20 30 1.2790058
20 13 0.9291762
20 33 1.2204546
20 11 0.9626137
20 29 4.7816544
20 5 3.2653108
20 34 0.8229862
20 2 2.3454332
20 14 3.3402433
20 37 1.5833429
20 7 44.663734
20 27 1.1456853
20 16 14.561659
20 25 0.47320813
21 32 2000.0
21 24 1.2785712
21 35 0.03132362
21 31 2000.0
21 12 0.11454336
21 15 6.5519433
22 31 42.501335
22 9 0.044131752
22 19 2000.0
23 0 2000.0
23 30 1.1725819
23 8 1.4621724
23 2 6.812574
23 37 1.4447343
23 18 1.5105418
23 7 1.2016181
23 16 2.4022224
23 11 2000.0
23 29 1.2421086
23 5 6.387355
24 26 0.03907853
24 32 0.20129082
24 10 0.080941
24 21 1.2785712
24 12 0.06731602
24 15 2000.0
24 17 0.19330269
25 30 18.081606
25 0 18.247208
25 13 0.22846434
25 33 0.5599498
25 11 0.8743844
25 29 1.9303885
25 34 1.8103026
25 20 0.47320813
25 2 0.4024923
25 14 1.9997274
25 37 28.29208
25 7 2.60692
25 27 0.23232661
25 16 1.0761915
26 32 72.11931
26 28 0.061918348
26 10 0.028121348
26 24 0.03907853
26 31 0.08766588
26 12 0.62089163
26 17 1.3607955
27 30 0.3049204
27 0 2000.0
27 8 0.9093293
27 18 28.310104
27 13 0.25189394
27 33 0.7822391
27 11 0.6348092
27 29 0.6185289
27 5 1.9341062
27 34 1.4067576
27 20 1.1456853
27 2 0.77200425
27 14 1.6711965
27 37 1.079815
27 7 2000.0
27 16 1.2265613
27 25 0.23232661
28 36 0.031476855
28 26 0.061918348
28 10 0.26516336
28 3 5.203612
28 12 149.19241
28 9 0.4746476
28 19 1387.3864
29 0 45.454544
29 30 1.1481663
29 8 0.36109355
29 18 0.984999
29 13 0.61535394
29 33 20.832258
29 11 1.4863638
29 5 3.2545068
29 34 3.8802106
29 20 4.7816544
29 2 0.8255324
29 37 0.9600978
29 7 2000.0
29 27 0.6185289
29 16 2000.0
29 23 1.2421086
29 25 1.9303885
30 8 0.37060124
30 18 0.6755896
30 13 47.62566
30 33 7.5640306
30 11 1.011573
30 29 1.1481663
30 5 0.71697193
30 34 1.0380496
30 20 1.2790058
30 2 9.670591
30 14 11.9844055
30 37 13.163191
30 7 0.8723275
30 27 0.3049204
30 16 1.0666616
30 23 1.1725819
30 25 18.081606
31 26 0.08766588
31 6 0.23256004
31 10 35.71662
31 35 69.12841
31 22 42.501335
31 9 0.029088147
31 4 0.07580646
31 17 1.0158694
31 19 0.08865589
32 26 72.11931
32 10 2000.0
32 24 0.20129082
32 12 4.098725
32 15 0.075681455
33 30 7.5640306
33 8 2000.0
33 13 0.96203315
33 11 1.9162472
33 29 20.832258
33 34 2000.0
33 20 1.2204546
33 2 1.3266028
33 14 0.37036788
33 7 2000.0
33 27 0.7822391
33 16 3017.898
33 25 0.5599498
34 30 1.0380496
34 20 0.8229862
34 8 27.532057
34 37 2000.0
34 7 2000.0
34 13 154.46422
34 27 1.4067576
34 16 57.68107
34 11 1.9350848
34 29 3.8802106
34 25 1.8103026
34 5 2.563182
35 21 0.03132362
35 31 69.12841
36 28 0.031476855
36 3 0.529153
36 9 0.6961143
37 30 13.163191
37 0 1.5570409
37 8 1.3430558
37 18 2.2078857
37 13 1.2556349
37 11 1.9602273
37 29 0.9600978
37 5 17.27506
37 20 1.5833429
37 2 0.8268591
37 7 3298.409
37 27 1.079815
37 16 2000.0
37 23 1.4447343
37 25 28.29208
