0 2 0.8639978
0 8 2000.0
0 37 0.91426975
0 13 0.70496464
0 29 18.121347
0 25 19.607843
1 3 0.6275423
1 12 33.97813
2 30 19.40854
2 0 0.8639978
2 8 1.201665
2 18 2.4810667
2 13 0.64983356
2 33 1.9436293
2 11 2.2645721
2 29 1.3790542
2 20 3.810989
2 37 1.3371466
2 27 692.89777
2 16 2000.0
2 23 13.879858
2 25 0.4994473
3 36 0.6506484
3 28 1318.75
3 24 2000.0
3 12 0.07888414
3 1 0.6275423
3 9 0.63124067
4 31 0.0656987
4 9 0.065144114
4 17 0.21386713
4 19 0.06819826
5 30 0.6644844
5 8 0.73713136
5 18 0.78588843
5 13 38.103752
5 11 4.938936
5 29 2.2309725
5 34 1.6020397
5 20 2.9772558
5 37 10.913928
5 7 6.2377195
5 27 779.5454
5 16 2.1339574
5 23 4.0977693
5 25 2000.0
6 31 0.120843574
6 17 1.6812999
7 30 0.62886804
7 20 165.28127
7 8 7.899774
7 37 297.4057
7 16 1.2156947
7 23 1.3345151
7 11 133.33334
7 25 1.6994526
7 5 6.2377195
8 0 2000.0
8 30 0.4498973
8 18 0.98275495
8 13 2.4048402
8 11 0.9806263
8 29 1.0296756
8 5 0.73713136
8 34 26.137352
8 2 1.201665
8 37 1.6920607
8 7 7.899774
8 27 1067.7273
8 16 1.904831
8 23 0.988265
8 25 2000.0
9 36 0.7460562
9 26 2000.0
9 28 0.67136365
9 10 5.934894
9 22 0.111946665
9 31 0.030082304
9 3 0.63124067
9 12 2000.0
9 4 0.065144114
9 17 0.031512905
9 19 0.11636578
10 26 35.795452
10 28 0.47640055
10 24 0.07090164
10 31 4.1541963
10 12 34.828125
10 9 5.934894
10 17 0.03589371
11 0 2000.0
11 30 0.9807449
11 8 0.9806263
11 18 3.03044
11 13 1.6869439
11 33 2.3690083
11 29 0.87013423
11 5 4.938936
11 34 2.8776968
11 20 1.7038465
11 2 2.2645721
11 37 1.5782915
11 7 133.33334
11 27 692.89777
11 16 1.2623425
11 25 0.84970546
12 26 2000.0
12 32 3.397503
12 10 34.828125
12 24 0.082565784
12 21 0.17947277
12 3 0.07888414
12 1 33.97813
13 30 32.342903
13 0 0.70496464
13 8 2.4048402
13 18 13.772495
13 33 0.9271471
13 11 1.6869439
13 29 1.1780051
13 5 38.103752
13 34 160.0
13 20 1.1412947
13 2 0.64983356
13 14 2.0579853
13 37 1.0145681
13 7 2000.0
13 27 150.96591
13 16 75.21741
13 25 0.2753193
14 30 6.010682
14 20 5.406192
14 13 2.0579853
14 27 5234.1475
14 33 0.7680624
14 11 2000.0
14 25 4.495664
15 32 0.06604241
15 21 6.657032
16 0 2000.0
16 30 1.1202557
16 8 1.904831
16 18 1.4165025
16 13 75.21741
16 11 1.2623425
16 5 2.1339574
16 34 120.61074
16 20 30.622696
16 37 400.0
16 7 1.2156947
16 27 1119.8296
16 23 2.9872036
16 25 1.2816267
17 6 1.6812999
17 26 1034.8864
17 10 0.03589371
17 24 0.13564137
17 31 0.9830295
17 9 0.031512905
17 4 0.21386713
17 19 85.93211
18 0 2000.0
18 30 0.41767433
18 8 0.98275495
18 2 2.4810667
18 37 2.9285913
18 13 13.772495
18 27 2000.0
18 16 1.4165025
18 11 3.03044
18 23 1.097355
18 29 0.99959344
18 5 0.78588843
19 28 77.41518
19 31 0.0742933
19 9 0.11636578
19 4 0.06819826
19 17 85.93211
20 30 5.085111
20 8 2000.0
20 13 1.1412947
20 33 1.0759193
20 11 1.7038465
20 29 12.763508
20 5 2.9772558
20 34 0.93107814
20 2 3.810989
20 14 5.406192
20 37 6.6259403
20 7 165.28127
20 27 957.6705
20 16 30.622696
20 25 0.37804833
21 32 2000.0
21 24 1.1230243
21 35 0.03467772
21 12 0.17947277
21 15 6.657032
22 31 2000.0
22 9 0.111946665
22 19 2000.0
23 0 2000.0
23 30 1.0222564
23 8 0.988265
23 2 13.879858
23 37 2.2218616
23 18 1.097355
23 7 1.3345151
23 16 2.9872036
23 11 2000.0
23 29 0.9468595
23 5 4.0977693
24 26 37.045452
24 32 0.304763
24 10 0.07090164
24 21 1.1230243
24 12 0.082565784
24 17 0.13564137
25 30 17.027481
25 0 19.607843
25 13 0.2753193
25 33 0.6884043
25 11 0.84970546
25 29 2.3028078
25 34 2.767776
25 20 0.37804833
25 2 0.4994473
25 14 4.495664
25 37 99.85886
25 7 1.6994526
25 27 229.14774
25 16 1.2816267
28 36 0.035612483
28 26 51.81818
28 10 0.47640055
28 12 1274.3182
28 9 0.67136365
28 19 77.41518
29 0 18.121347
29 30 2.187605
29 8 1.0296756
29 18 0.99959344
29 13 1.1780051
29 33 14.677666
29 11 0.87013423
29 5 2.2309725
29 34 3.4751258
29 20 12.763508
29 2 1.3790542
29 37 1.1862785
29 7 2000.0
29 27 1898.9204
29 16 2000.0
29 23 0.9468595
29 25 2.3028078
30 8 0.4498973
30 18 0.41767433
30 13 32.342903
30 33 7.1318707
30 11 0.9807449
30 29 2.187605
30 5 0.6644844
30 34 0.730464
30 20 5.085111
30 2 19.40854
30 14 6.010682
30 37 29.11543
30 7 0.62886804
30 27 147.78409
30 16 1.1202557
30 23 1.0222564
30 25 17.027481
31 26 2000.0
31 6 0.120843574
31 10 4.1541963
31 35 13.665584
31 9 0.030082304
31 4 0.0656987
31 17 0.9830295
31 19 0.0742933
32 26 2000.0
32 24 0.304763
32 12 3.397503
32 15 0.06604241
33 30 7.1318707
33 8 2000.0
33 13 0.9271471
33 11 2.3690083
33 29 14.677666
33 5 2000.0
33 34 2000.0
33 20 1.0759193
33 2 1.9436293
33 14 0.7680624
33 7 2000.0
33 27 698.2386
33 16 2619.6023
33 25 0.6884043
34 30 0.730464
34 20 0.93107814
34 8 26.137352
34 37 2000.0
34 13 160.0
34 7 2452.443
34 27 716.8182
34 16 120.61074
34 11 2.8776968
34 29 3.4751258
34 25 2.767776
34 5 1.6020397
35 21 0.03467772
35 31 13.665584
36 28 0.035612483
36 3 0.6506484
36 9 0.7460562
37 30 29.11543
37 0 0.91426975
37 8 1.6920607
37 18 2.9285913
37 13 1.0145681
37 11 1.5782915
37 29 1.1862785
37 5 10.913928
37 20 6.6259403
37 2 1.3371466
37 7 297.4057
37 27 725.7955
37 16 400.0
37 23 2.2218616
37 25 99.85886
