0 8 598.90906
0 2 0.9492642
0 37 1.5092239
0 13 0.81994694
0 29 7.960922
0 25 27.844698
1 3 1.7014385
1 12 17.778976
2 30 27.310165
2 0 0.9492642
2 8 1.5187621
2 18 2.8491058
2 13 0.60871446
2 33 1.9472727
2 11 1.5539577
2 29 1.1392212
2 20 4.501924
2 37 1.2124927
2 27 692.89777
2 16 2000.0
2 23 22.548908
2 25 0.6532644
3 36 0.83770156
3 28 17.481714
3 24 360.00003
3 12 0.07541117
3 1 1.7014385
3 9 0.43472472
4 31 0.07142858
4 9 0.09871934
4 17 0.11975772
4 19 0.069364876
5 30 0.54760736
5 8 0.7885152
5 18 0.86524534
5 13 24.964367
5 11 2.1060946
5 29 4.348511
5 34 2.8147216
5 20 3.4144585
5 37 13.820116
5 7 11.061501
5 27 779.5454
5 16 2.0906742
5 23 3.7193208
5 25 2000.0
6 31 0.14162472
6 17 3.18203
7 34 200.0
7 30 0.76763326
7 20 72.43551
7 8 5.650636
7 16 1.2892891
7 23 1.3079879
7 11 64.43445
7 25 2.207054
7 5 11.061501
8 0 598.90906
8 30 0.3451006
8 18 1.1266477
8 13 0.99605626
8 11 1.127115
8 29 0.55842596
8 5 0.7885152
8 34 48.979588
8 2 1.5187621
8 37 1.5158057
8 7 5.650636
8 27 1067.7273
8 16 1.5643904
8 23 2.3690834
8 25 2000.0
9 36 0.57097906
9 26 2000.0
9 28 0.7963268
9 10 11.6197815
9 22 0.095691666
9 31 0.03976204
9 3 0.43472472
9 4 0.09871934
9 17 0.056351326
9 19 0.08436616
10 26 35.795452
10 28 0.42825127
10 24 0.076564826
10 31 1.992265
10 12 1436.8181
10 9 11.6197815
10 17 0.033349045
11 0 2000.0
11 30 0.6431711
11 8 1.127115
11 18 4.961838
11 13 1.7854339
11 33 1.8444666
11 29 1.1125932
11 5 2.1060946
11 34 1.7986295
11 20 1.3851278
11 2 1.5539577
11 37 1.5667206
11 7 64.43445
11 27 692.89777
11 16 1.0101249
11 25 0.49954292
12 26 2000.0
12 32 5.9271708
12 10 1436.8181
12 24 0.08140535
12 21 0.16300021
12 3 0.07541117
12 1 17.778976
13 30 36.89185
13 0 0.81994694
13 8 0.99605626
13 18 30.587446
13 33 0.84597135
13 11 1.7854339
13 29 0.84753096
13 5 24.964367
13 34 2321.2095
13 20 1.173688
13 2 0.60871446
13 14 8.436044
13 37 1.5691652
13 7 2000.0
13 27 150.96591
13 16 44.50801
13 25 0.23469076
14 30 20.044827
14 20 8.137007
14 13 8.436044
14 27 5234.1475
14 33 0.38226447
14 11 2000.0
14 25 2.5130737
15 32 0.07118348
15 21 6.87039
16 34 31.525352
16 30 1.2739563
16 20 42.131866
16 8 1.5643904
16 18 1.0741649
16 7 1.2892891
16 13 44.50801
16 27 1119.8296
16 11 1.0101249
16 23 2.11422
16 25 1.0481313
16 5 2.0906742
17 6 3.18203
17 26 1034.8864
17 10 0.033349045
17 24 0.06269553
17 31 0.9362344
17 9 0.056351326
17 4 0.11975772
17 19 172.68915
18 0 2000.0
18 30 0.5959928
18 8 1.1266477
18 13 30.587446
18 11 4.961838
18 29 1.0190728
18 5 0.86524534
18 2 2.8491058
18 37 1.970995
18 7 2000.0
18 27 2000.0
18 16 1.0741649
18 23 1.0960188
19 28 160.0
19 31 0.08303277
19 9 0.08436616
19 4 0.069364876
19 17 172.68915
20 30 1.2973862
20 8 2000.0
20 13 1.173688
20 33 1.0519003
20 11 1.3851278
20 29 7.4948525
20 5 3.4144585
20 34 0.9336211
20 2 4.501924
20 14 8.137007
20 37 6.3403425
20 7 72.43551
20 27 957.6705
20 16 42.131866
20 25 0.7491386
21 32 2000.0
21 10 2000.0
21 24 0.8090213
21 35 0.03552413
21 31 2000.0
21 12 0.16300021
21 15 6.87039
22 31 225.00002
22 9 0.095691666
22 19 2000.0
23 0 2000.0
23 30 2.2771401
23 8 2.3690834
23 2 22.548908
23 37 1.663516
23 18 1.0960188
23 7 1.3079879
23 16 2.11422
23 11 2000.0
23 29 1.2158382
23 5 3.7193208
24 26 37.045452
24 32 0.30388987
24 10 0.076564826
24 21 0.8090213
24 3 360.00003
24 12 0.08140535
24 15 2000.0
24 17 0.06269553
25 0 27.844698
25 30 12.664081
25 13 0.23469076
25 33 0.62373877
25 11 0.49954292
25 29 1.2933218
25 34 2.283885
25 20 0.7491386
25 2 0.6532644
25 14 2.5130737
25 7 2.207054
25 27 229.14774
25 16 1.0481313
28 36 0.029798862
28 26 51.81818
28 10 0.42825127
28 3 17.481714
28 12 1404.7727
28 9 0.7963268
28 19 160.0
29 0 7.960922
29 30 1.4390222
29 8 0.55842596
29 18 1.0190728
29 13 0.84753096
29 33 18.479124
29 11 1.1125932
29 5 4.348511
29 34 2.7741194
29 20 7.4948525
29 2 1.1392212
29 37 0.65324116
29 7 2000.0
29 27 1898.9204
29 16 2000.0
29 23 1.2158382
29 25 1.2933218
30 8 0.3451006
30 18 0.5959928
30 13 36.89185
30 33 12.24611
30 11 0.6431711
30 29 1.4390222
30 5 0.54760736
30 34 0.8073276
30 20 1.2973862
30 2 27.310165
30 14 20.044827
30 37 12.981477
30 7 0.76763326
30 27 147.78409
30 16 1.2739563
30 23 2.2771401
30 25 12.664081
31 26 2000.0
31 6 0.14162472
31 10 1.992265
31 35 9.655398
31 22 225.00002
31 9 0.03976204
31 4 0.07142858
31 17 0.9362344
31 19 0.08303277
32 26 2000.0
32 24 0.30388987
32 12 5.9271708
32 15 0.07118348
33 30 12.24611
33 8 2000.0
33 13 0.84597135
33 11 1.8444666
33 29 18.479124
33 34 2000.0
33 20 1.0519003
33 2 1.9472727
33 14 0.38226447
33 7 2000.0
33 27 698.2386
33 16 2619.6023
33 25 0.62373877
34 30 0.8073276
34 20 0.9336211
34 8 48.979588
34 37 2000.0
34 7 200.0
34 13 2321.2095
34 27 716.8182
34 16 31.525352
34 11 1.7986295
34 29 2.7741194
34 25 2.283885
34 5 2.8147216
35 21 0.03552413
35 31 9.655398
36 28 0.029798862
36 3 0.83770156
36 9 0.57097906
37 30 12.981477
37 0 1.5092239
37 8 1.5158057
37 18 1.970995
37 13 1.5691652
37 11 1.5667206
37 29 0.65324116
37 5 13.820116
37 20 6.3403425
37 2 1.2124927
37 7 1960.7954
37 27 725.7955
37 16 2000.0
37 23 1.663516
37 25 2246.648
