0 2 1.0376812
0 8 514.2857
0 37 2.057197
0 13 1.3536094
0 29 48.247932
0 25 14.117647
1 3 1.3269987
1 12 18.578978
2 30 29.673939
2 0 1.0376812
2 8 1.3073282
2 18 2.545294
2 13 0.5431073
2 33 4.037261
2 11 2.4061737
2 29 1.3413037
2 20 5.2456794
2 37 0.96137786
2 27 1.2987034
2 16 2000.0
2 23 12.493855
2 25 0.45768362
3 36 0.3485913
3 28 2.999337
3 24 2000.0
3 12 0.049156893
3 1 1.3269987
3 9 1.1442965
4 31 0.07089962
4 9 0.08418255
4 17 0.14598842
4 19 0.07512109
5 30 0.8513873
5 8 1.0863805
5 18 0.78682667
5 13 66.173096
5 11 3.1995974
5 29 16.23184
5 34 2.1618226
5 20 2.842677
5 37 13.177473
5 7 7.9351
5 27 2.2653408
5 16 2.275355
5 23 5.8157167
5 25 2000.0
6 31 0.10166146
6 17 1.0109813
7 34 2000.0
7 30 0.81155926
7 20 77.71322
7 8 9.476298
7 37 79.36508
7 16 1.108779
7 23 1.3705593
7 25 1.8205228
7 5 7.9351
8 0 514.2857
8 30 0.5324346
8 18 1.1173463
8 13 2.8793254
8 11 1.1896659
8 29 1.3637602
8 5 1.0863805
8 34 33.46562
8 2 1.3073282
8 37 1.0182176
8 7 9.476298
8 27 1.7685964
8 16 2.1621382
8 23 1.1669216
8 25 2000.0
9 36 0.48019257
9 28 1.4488467
9 10 26.31579
9 22 0.049988233
9 31 0.029159967
9 3 1.1442965
9 4 0.08418255
9 17 0.03687683
9 19 0.077440634
10 26 0.029519193
10 28 0.24397728
10 24 0.06527484
10 31 16.058603
10 12 1695.7954
10 9 26.31579
10 17 0.03197107
11 0 2000.0
11 30 0.8747471
11 8 1.1896659
11 18 8.695332
11 13 1.1349454
11 33 2.10897
11 29 1.086255
11 5 3.1995974
11 34 4.4237056
11 20 4.466924
11 2 2.4061737
11 37 2.4105833
11 7 2964.0908
11 27 1.8102739
11 16 1.3284053
11 25 1.1201564
12 26 0.59897816
12 32 9.46157
12 24 0.06764128
12 21 0.112375334
12 3 0.049156893
12 1 18.578978
13 30 46.23403
13 0 1.3536094
13 8 2.8793254
13 18 121.13718
13 33 1.4314204
13 11 1.1349454
13 29 1.7005702
13 5 66.173096
13 34 2000.0
13 20 3.8735173
13 2 0.5431073
13 14 5.0683365
13 37 0.95595884
13 7 2000.0
13 27 1.0433294
13 16 138.46155
13 25 0.32565898
14 34 2000.0
14 30 8.381122
14 20 3.1713474
14 13 5.0683365
14 27 3.147211
14 33 0.3760346
14 25 1.9866115
15 32 0.0787372
15 21 8.185622
16 0 2000.0
16 30 1.0844042
16 8 2.1621382
16 18 1.1450113
16 13 138.46155
16 11 1.3284053
16 5 2.275355
16 34 66.20816
16 20 11.56205
16 7 1.108779
16 27 1.8967966
16 23 2.4008217
16 25 1.115743
17 6 1.0109813
17 26 1.3447134
17 10 0.03197107
17 24 0.10151353
17 31 1.0162766
17 9 0.03687683
17 4 0.14598842
17 19 59.005836
18 0 2000.0
18 30 0.76091725
18 8 1.1173463
18 13 121.13718
18 11 8.695332
18 29 1.3279384
18 5 0.78682667
18 2 2.545294
18 37 1.7161851
18 7 2000.0
18 27 13.863829
18 16 1.1450113
18 23 1.1595247
19 31 0.075428784
19 9 0.077440634
19 17 59.005836
19 4 0.07512109
20 30 8.8255205
20 13 3.8735173
20 33 1.4072146
20 11 4.466924
20 29 16.569464
20 5 2.842677
20 34 1.1733302
20 2 5.2456794
20 14 3.1713474
20 37 4.34706
20 7 77.71322
20 27 1.0961108
20 16 11.56205
20 25 0.6754997
21 32 714.28577
21 24 0.9104448
21 35 0.03403683
21 31 2000.0
21 12 0.112375334
21 15 8.185622
22 31 56.272427
22 9 0.049988233
22 19 2000.0
23 0 2000.0
23 30 3.7481644
23 8 1.1669216
23 2 12.493855
23 37 1.3569669
23 18 1.1595247
23 7 1.3705593
23 16 2.4008217
23 11 2000.0
23 29 2.0362256
23 5 5.8157167
24 26 0.038539045
24 32 0.3529575
24 10 0.06527484
24 21 0.9104448
24 12 0.06764128
24 17 0.10151353
25 0 14.117647
25 30 14.890671
25 13 0.32565898
25 33 0.57730067
25 11 1.1201564
25 29 4.505779
25 34 9.400582
25 20 0.6754997
25 2 0.45768362
25 14 1.9866115
25 37 22.692245
25 7 1.8205228
25 27 0.47325823
25 16 1.115743
26 32 17.292189
26 28 0.05318902
26 10 0.029519193
26 24 0.038539045
26 31 0.1903926
26 12 0.59897816
26 17 1.3447134
27 30 0.16097799
27 0 2000.0
27 8 1.7685964
27 18 13.863829
27 13 1.0433294
27 33 0.7559707
27 11 1.8102739
27 29 2.0571709
27 5 2.2653408
27 34 1.30097
27 20 1.0961108
27 2 1.2987034
27 14 3.147211
27 37 1.4163109
27 7 2000.0
27 16 1.8967966
27 25 0.47325823
28 36 0.043197826
28 26 0.05318902
28 10 0.24397728
28 3 2.999337
28 12 1145.4545
28 9 1.4488467
28 19 1367.8977
29 0 48.247932
29 30 5.5212917
29 8 1.3637602
29 18 1.3279384
29 13 1.7005702
29 33 21.27679
29 11 1.086255
29 5 16.23184
29 34 6.1034465
29 20 16.569464
29 2 1.3413037
29 37 1.0547088
29 7 2000.0
29 27 2.0571709
29 16 2000.0
29 23 2.0362256
29 25 4.505779
30 8 0.5324346
30 18 0.76091725
30 13 46.23403
30 33 10.20683
30 11 0.8747471
30 29 5.5212917
30 5 0.8513873
30 34 1.02638
30 20 8.8255205
30 2 29.673939
30 14 8.381122
30 37 13.668172
30 7 0.81155926
30 27 0.16097799
30 16 1.0844042
30 23 3.7481644
30 25 14.890671
31 26 0.1903926
31 6 0.10166146
31 10 16.058603
31 35 40.0
31 22 56.272427
31 21 2000.0
31 9 0.029159967
31 4 0.07089962
31 17 1.0162766
31 19 0.075428784
32 26 17.292189
32 24 0.3529575
32 12 9.46157
32 15 0.0787372
33 30 10.20683
33 13 1.4314204
33 11 2.10897
33 29 21.27679
33 5 2000.0
33 34 2000.0
33 20 1.4072146
33 2 4.037261
33 14 0.3760346
33 7 2000.0
33 27 0.7559707
33 16 3017.898
33 25 0.57730067
34 30 1.02638
34 20 1.1733302
34 8 33.46562
34 37 2000.0
34 7 2000.0
34 13 2000.0
34 27 1.30097
34 16 66.20816
34 11 4.4237056
34 29 6.1034465
34 25 9.400582
34 5 2.1618226
35 21 0.03403683
35 31 40.0
36 28 0.043197826
36 3 0.3485913
36 9 0.48019257
37 30 13.668172
37 0 2.057197
37 8 1.0182176
37 18 1.7161851
37 13 0.95595884
37 11 2.4105833
37 29 1.0547088
37 5 13.177473
37 20 4.34706
37 2 0.96137786
37 7 79.36508
37 27 1.4163109
37 16 2000.0
37 23 1.3569669
37 25 22.692245
