0 2 0.84911907
0 37 2.0482855
0 13 0.8828968
0 29 41.69034
0 25 36.73469
1 3 0.5318788
1 12 71.70157
2 30 20.648247
2 0 0.84911907
2 8 1.272092
2 18 3.1299372
2 13 0.50656116
2 33 1.4919516
2 11 2.4769435
2 29 1.2643335
2 20 4.0532494
2 37 0.7817007
2 27 0.6735269
2 16 2000.0
2 23 10.717949
2 25 1.002193
3 36 0.47641486
3 28 5.1929255
3 24 360.00003
3 12 0.05001405
3 1 0.5318788
3 9 0.27689177
4 31 0.06666528
4 9 0.08684078
4 17 0.13789444
4 19 0.067330435
5 30 0.65373063
5 8 0.8440321
5 18 1.1844282
5 13 21.862724
5 11 2.1404505
5 29 2.3336465
5 34 2.8877268
5 20 2.0240993
5 37 17.251871
5 7 28.183231
5 27 1.5787195
5 16 1.3933753
5 23 2.2311506
5 25 2000.0
6 31 0.17450155
6 17 1.147113
7 34 480.00003
7 30 0.69488645
7 8 9.111932
7 37 43.447346
7 16 1.2788799
7 23 1.4732094
7 25 4.021112
7 5 28.183231
8 0 2000.0
8 30 0.4428255
8 18 1.8077347
8 13 1.5563258
8 11 0.94119924
8 29 0.57402873
8 5 0.8440321
8 34 73.27406
8 2 1.272092
8 37 1.1007348
8 7 9.111932
8 27 3.0361686
8 16 1.4297491
8 23 1.0147867
8 25 2000.0
9 36 0.25801337
9 26 2000.0
9 28 1.2250333
9 10 70.56505
9 22 0.06717172
9 31 0.030774357
9 3 0.27689177
9 4 0.08684078
9 17 0.030178674
9 19 0.068511635
10 26 0.028051388
10 28 0.27097908
10 24 0.08008592
10 31 24.748297
10 12 1400.0
10 9 70.56505
10 17 0.03047202
11 0 2000.0
11 30 0.7382054
11 8 0.94119924
11 18 11.320368
11 13 1.1095275
11 33 1.3979919
11 29 1.361574
11 5 2.1404505
11 34 1.9420543
11 20 1.1587864
11 2 2.4769435
11 37 1.401884
11 7 1408.6932
11 27 0.76418376
11 16 0.88739073
11 25 0.8864192
12 26 1.7305855
12 28 77.74736
12 32 1.6439314
12 24 0.07375187
12 21 0.39830005
12 3 0.05001405
12 1 71.70157
13 30 119.3743
13 0 0.8828968
13 8 1.5563258
13 18 208.39204
13 33 0.9551566
13 11 1.1095275
13 29 1.1405501
13 5 21.862724
13 34 298.6472
13 20 1.5019038
13 2 0.50656116
13 14 7.2565403
13 37 1.4544562
13 7 2000.0
13 27 0.5917207
13 16 43.76829
13 25 0.2976807
14 30 11.470889
14 20 2.5230799
14 13 7.2565403
14 27 2.8883264
14 33 0.3800719
14 11 2000.0
14 25 2.4002163
15 32 0.06862694
15 21 3.729144
16 30 1.1052064
16 0 2000.0
16 8 1.4297491
16 18 1.6460142
16 13 43.76829
16 11 0.88739073
16 29 633.5192
16 5 1.3933753
16 34 39.764614
16 20 35.03138
16 7 1.2788799
16 27 1.4183387
16 23 2.7162998
16 25 2.2119253
17 6 1.147113
17 26 1.3901341
17 10 0.03047202
17 24 0.13396429
17 31 0.9874777
17 9 0.030178674
17 4 0.13789444
17 19 150.56497
18 0 2000.0
18 30 0.7238907
18 8 1.8077347
18 13 208.39204
18 11 11.320368
18 29 1.1852592
18 5 1.1844282
18 2 3.1299372
18 37 2.2291036
18 7 2000.0
18 27 21.686054
18 16 1.6460142
18 23 1.5726573
19 31 0.07609758
19 9 0.068511635
19 4 0.067330435
20 0 2000.0
20 30 1.8574605
20 13 1.5019038
20 33 1.0516126
20 11 1.1587864
20 29 10.131768
20 5 2.0240993
20 34 0.84590685
20 2 4.0532494
20 14 2.5230799
20 37 1.8676305
20 7 7312.4434
20 27 1.3702798
20 16 35.03138
20 25 0.63132197
21 26 2000.0
21 32 2000.0
21 24 1.5045333
21 35 0.056929957
21 31 2000.0
21 12 0.39830005
21 15 3.729144
22 31 151.51517
22 9 0.06717172
22 19 2000.0
23 0 2000.0
23 30 1.5288191
23 8 1.0147867
23 2 10.717949
23 37 1.5371789
23 18 1.5726573
23 7 1.4732094
23 16 2.7162998
23 11 2000.0
23 29 1.2737709
23 5 2.2311506
24 26 0.09387501
24 32 0.3702428
24 10 0.08008592
24 21 1.5045333
24 12 0.07375187
24 3 360.00003
24 15 2000.0
24 17 0.13396429
25 30 8.085609
25 0 36.73469
25 13 0.2976807
25 33 0.69083184
25 11 0.8864192
25 29 1.5813985
25 34 3.3730931
25 20 0.63132197
25 2 1.002193
25 14 2.4002163
25 37 42.373005
25 7 4.021112
25 27 0.39157113
25 16 2.2119253
26 32 29.905487
26 28 0.06522658
26 10 0.028051388
26 24 0.09387501
26 31 0.12605967
26 12 1.7305855
26 17 1.3901341
27 30 0.33572522
27 0 2000.0
27 8 3.0361686
27 18 21.686054
27 13 0.5917207
27 33 0.8971185
27 11 0.76418376
27 29 1.6258748
27 5 1.5787195
27 34 0.93982387
27 20 1.3702798
27 2 0.6735269
27 14 2.8883264
27 37 1.1212035
27 7 2000.0
27 16 1.4183387
27 25 0.39157113
28 36 0.036521986
28 26 0.06522658
28 10 0.27097908
28 3 5.1929255
28 12 77.74736
28 9 1.2250333
28 19 1375.5681
29 0 41.69034
29 30 0.7930555
29 8 0.57402873
29 18 1.1852592
29 13 1.1405501
29 33 29.76782
29 11 1.361574
29 5 2.3336465
29 34 4.333389
29 20 10.131768
29 2 1.2643335
29 37 0.7913136
29 7 2000.0
29 27 1.6258748
29 16 633.5192
29 23 1.2737709
29 25 1.5813985
30 8 0.4428255
30 18 0.7238907
30 13 119.3743
30 33 9.198272
30 11 0.7382054
30 29 0.7930555
30 5 0.65373063
30 34 1.0644076
30 20 1.8574605
30 2 20.648247
30 14 11.470889
30 37 18.332281
30 7 0.69488645
30 27 0.33572522
30 16 1.1052064
30 23 1.5288191
30 25 8.085609
31 26 0.12605967
31 6 0.17450155
31 10 24.748297
31 35 1194.2614
31 22 151.51517
31 9 0.030774357
31 4 0.06666528
31 17 0.9874777
31 19 0.07609758
32 26 29.905487
32 24 0.3702428
32 12 1.6439314
32 15 0.06862694
33 30 9.198272
33 8 2000.0
33 13 0.9551566
33 11 1.3979919
33 29 29.76782
33 5 2000.0
33 34 2000.0
33 20 1.0516126
33 2 1.4919516
33 14 0.3800719
33 7 2000.0
33 27 0.8971185
33 16 3017.898
33 25 0.69083184
34 30 1.0644076
34 20 0.84590685
34 8 73.27406
34 37 2000.0
34 7 480.00003
34 13 298.6472
34 27 0.93982387
34 16 39.764614
34 11 1.9420543
34 29 4.333389
34 25 3.3730931
34 5 2.8877268
35 21 0.056929957
35 31 1194.2614
36 28 0.036521986
36 10 2000.0
36 3 0.47641486
36 9 0.25801337
37 30 18.332281
37 0 2.0482855
37 8 1.1007348
37 18 2.2291036
37 13 1.4544562
37 11 1.401884
37 29 0.7913136
37 5 17.251871
37 20 1.8676305
37 2 0.7817007
37 7 43.447346
37 27 1.1212035
37 16 2000.0
37 23 1.5371789
37 25 42.373005
