0 2 0.78423756
0 8 11.038269
0 37 3.8299928
0 13 1.7209963
0 29 20.159262
1 3 0.3082017
1 12 1227.1023
2 30 15.750947
2 0 0.78423756
2 8 3.673773
2 18 25.038685
2 13 0.9750695
2 33 5.0709343
2 11 2.1243496
2 29 1.0846612
2 20 3.7828102
2 37 2.7446108
2 27 3.6453936
2 16 2000.0
2 23 33.333336
2 25 1.8634279
3 36 0.22090939
3 28 0.09393155
3 24 2000.0
3 12 0.06130414
3 1 0.3082017
3 9 0.31146258
4 31 0.06516609
4 9 0.06432383
4 17 0.08896346
4 19 0.08244084
5 30 0.7303339
5 8 1.6775668
5 18 1.3256934
5 13 160.0
5 11 5.3178945
5 29 3.323833
5 34 5.9439697
5 20 2.8579066
5 37 2000.0
5 7 10.443894
5 27 4.6213794
5 16 1.7117878
5 23 4.6339035
6 31 0.9993638
6 17 1.1557133
7 34 31.888319
7 30 1.4524099
7 20 2.9941077
7 8 29.536999
7 37 13.572207
7 27 186.05257
7 16 1.5041629
7 11 13.18219
7 23 1.8285369
7 25 20.029924
7 5 10.443894
8 0 11.038269
8 30 0.696491
8 18 1.3558867
8 13 23.177828
8 11 2.2560704
8 29 0.84247994
8 5 1.6775668
8 34 13.316253
8 2 3.673773
8 37 1.904117
8 7 29.536999
8 27 5.4384294
8 16 2.088542
8 23 1.9221277
9 36 2.285375
9 26 2000.0
9 28 9.426073
9 10 5.5189734
9 22 0.4964387
9 31 0.029770777
9 3 0.31146258
9 12 2000.0
9 17 0.06831892
9 4 0.06432383
9 19 0.06508472
10 26 0.049242422
10 28 0.7179924
10 24 0.07550504
10 31 0.03185365
10 12 1.2356944
10 9 5.5189734
10 17 0.030813484
11 0 2000.0
11 30 0.5541966
11 8 2.2560704
11 18 12.771117
11 13 1.4033421
11 33 2.070032
11 29 1.3972875
11 5 5.3178945
11 34 5.8256145
11 20 2.5095499
11 2 2.1243496
11 37 4.033969
11 7 13.18219
11 27 1.3269594
11 16 1.5074502
11 25 2.0572762
12 26 1.1980445
12 28 5.042581
12 32 0.23619257
12 10 1.2356944
12 24 0.08679668
12 21 0.12742044
12 3 0.06130414
13 0 1.7209963
13 30 3.5107787
13 8 23.177828
13 18 150.0
13 33 1.9901329
13 11 1.4033421
13 29 1.8446242
13 5 160.0
13 34 11.104617
13 20 0.73844415
13 2 0.9750695
13 14 8.770025
13 37 1.8489667
13 27 0.6396249
13 16 60.84616
13 25 0.9613203
14 20 1.5329145
14 13 8.770025
14 33 0.599879
14 27 2.286443
14 11 2000.0
14 25 2.2964976
15 32 0.085767984
15 21 6.0054407
16 0 2000.0
16 30 1.120933
16 8 2.088542
16 18 3.001076
16 13 60.84616
16 11 1.5074502
16 29 2000.0
16 5 1.7117878
16 20 11.60016
16 37 350.0159
16 7 1.5041629
16 27 1.9060158
16 23 8.028084
16 25 3.5212405
17 26 1.6216819
17 6 1.1557133
17 10 0.030813484
17 24 0.32083064
17 31 1.0372357
17 9 0.06831892
17 4 0.08896346
17 19 2.0346105
18 30 0.73799807
18 2 25.038685
18 8 1.3558867
18 37 4.760052
18 7 2000.0
18 13 150.0
18 27 4.515476
18 16 3.001076
18 23 2.6555295
18 11 12.771117
18 29 1.2784191
18 5 1.3256934
19 31 0.06425666
19 9 0.06508472
19 17 2.0346105
19 4 0.08244084
20 0 2000.0
20 30 4.539211
20 13 0.73844415
20 33 1.893832
20 11 2.5095499
20 29 2.7125003
20 5 2.8579066
20 34 1.0736412
20 2 3.7828102
20 14 1.5329145
20 37 8.716771
20 7 2.9941077
20 27 0.6298666
20 16 11.60016
20 25 2.254709
21 32 2000.0
21 10 2000.0
21 24 0.094369926
21 35 0.063525885
21 12 0.12742044
21 15 6.0054407
22 6 1112.6704
22 31 2000.0
22 9 0.4964387
22 19 1204.659
23 0 2000.0
23 30 2.9695463
23 2 33.333336
23 8 1.9221277
23 37 15.206412
23 18 2.6555295
23 7 1.8285369
23 16 8.028084
23 11 2000.0
23 29 3.8304787
23 5 4.6339035
24 26 0.082096234
24 32 0.08966263
24 10 0.07550504
24 21 0.094369926
24 31 11.576731
24 12 0.08679668
24 3 2000.0
24 15 2000.0
24 17 0.32083064
25 0 2000.0
25 30 3.2680688
25 13 0.9613203
25 33 1.3568748
25 11 2.0572762
25 29 4.1018343
25 34 10.045728
25 20 2.254709
25 2 1.8634279
25 14 2.2964976
25 37 138.46155
25 7 20.029924
25 27 1.9190757
25 16 3.5212405
26 32 23.02958
26 28 0.046944864
26 10 0.049242422
26 24 0.082096234
26 31 0.10481558
26 12 1.1980445
26 17 1.6216819
27 0 2000.0
27 30 0.4509381
27 8 5.4384294
27 18 4.515476
27 13 0.6396249
27 33 1.1534648
27 11 1.3269594
27 29 1.8799945
27 5 4.6213794
27 34 1.1933918
27 20 0.6298666
27 2 3.6453936
27 14 2.286443
27 37 1.6650419
27 7 186.05257
27 16 1.9060158
27 25 1.9190757
28 36 0.04836091
28 26 0.046944864
28 10 0.7179924
28 3 0.09393155
28 12 5.042581
28 9 9.426073
29 0 20.159262
29 30 5.800142
29 8 0.84247994
29 18 1.2784191
29 13 1.8446242
29 11 1.3972875
29 5 3.323833
29 34 2.2008083
29 20 2.7125003
29 2 1.0846612
29 37 0.8940129
29 7 2000.0
29 27 1.8799945
29 23 3.8304787
29 25 4.1018343
30 0 2000.0
30 8 0.696491
30 18 0.73799807
30 13 3.5107787
30 33 2.417017
30 11 0.5541966
30 29 5.800142
30 5 0.7303339
30 34 2.3291276
30 20 4.539211
30 2 15.750947
30 37 11.750316
30 7 1.4524099
30 27 0.4509381
30 16 1.120933
30 23 2.9695463
30 25 3.2680688
31 26 0.10481558
31 6 0.9993638
31 10 0.03185365
31 24 11.576731
31 9 0.029770777
31 17 1.0372357
31 4 0.06516609
31 19 0.06425666
32 26 23.02958
32 24 0.08966263
32 12 0.23619257
32 15 0.085767984
33 30 2.417017
33 8 2000.0
33 13 1.9901329
33 11 2.070032
33 29 2000.0
33 5 2000.0
33 34 2000.0
33 20 1.893832
33 2 5.0709343
33 14 0.599879
33 7 2000.0
33 27 1.1534648
33 16 2000.0
33 25 1.3568748
34 30 2.3291276
34 20 1.0736412
34 8 13.316253
34 7 31.888319
34 13 11.104617
34 27 1.1933918
34 16 2000.0
34 11 5.8256145
34 25 10.045728
34 29 2.2008083
34 5 5.9439697
35 21 0.063525885
36 26 2000.0
36 28 0.04836091
36 3 0.22090939
36 9 2.285375
37 0 3.8299928
37 30 11.750316
37 8 1.904117
37 18 4.760052
37 13 1.8489667
37 11 4.033969
37 29 0.8940129
37 20 8.716771
37 2 2.7446108
37 7 13.572207
37 27 1.6650419
37 16 350.0159
37 23 15.206412
37 25 138.46155
