0 2 1.0986457
0 37 1.2363054
0 13 0.932694
0 29 54.836983
0 25 16.27048
1 3 1.0175941
1 12 16.784138
2 30 11.289344
2 0 1.0986457
2 8 1.452248
2 18 1.9252665
2 13 0.5489627
2 33 2.267425
2 11 1.2749084
2 29 1.1274621
2 20 3.5632076
2 37 0.7595939
2 27 0.82977504
2 16 2000.0
2 23 7.462604
2 25 0.48069036
3 36 0.7855016
3 28 5.6171017
3 24 400.0
3 12 0.06270119
3 1 1.0175941
3 9 0.32743642
4 31 0.06741563
4 9 0.07905353
4 17 0.13799119
4 19 0.07306999
5 30 0.69898987
5 8 0.6205723
5 18 1.0180266
5 13 33.588608
5 11 6.260495
5 29 3.0340586
5 34 4.737034
5 20 1.9840618
5 37 11.835904
5 7 5.704861
5 27 1.6451834
5 16 1.7603669
5 23 2.7539382
5 25 2000.0
6 31 0.17243762
6 17 1.6522328
7 30 0.76747537
7 20 64.612404
7 8 3.5183234
7 16 0.91108674
7 23 1.2518097
7 25 3.7159824
7 5 5.704861
8 0 2000.0
8 30 0.3795066
8 18 1.2070453
8 13 1.1663318
8 11 0.9383584
8 29 0.2361575
8 5 0.6205723
8 34 19.903633
8 2 1.452248
8 37 0.7998755
8 7 3.5183234
8 27 1.1127741
8 16 1.2409353
8 23 1.0152806
8 25 2000.0
9 36 0.64707536
9 26 2000.0
9 28 0.4936584
9 10 96.15385
9 22 0.04281334
9 31 0.029693263
9 3 0.32743642
9 12 2000.0
9 4 0.07905353
9 17 0.03762154
9 19 0.08590723
10 26 0.0302813
10 28 0.25306723
10 24 0.076241925
10 31 13.203517
10 12 1243.75
10 9 96.15385
10 17 0.03145883
11 0 2000.0
11 30 0.861548
11 8 0.9383584
11 18 10.129088
11 13 1.0470004
11 33 1.825431
11 29 0.97349644
11 5 6.260495
11 34 1.8606776
11 20 1.0816281
11 2 1.2749084
11 37 1.146778
11 7 1766.25
11 27 0.945779
11 16 1.1660947
11 25 0.7396597
12 26 0.8616304
12 32 8.566433
12 24 0.07257909
12 21 0.08020764
12 3 0.06270119
12 1 16.784138
13 30 93.43301
13 0 0.932694
13 8 1.1663318
13 18 140.0865
13 33 1.066502
13 11 1.0470004
13 29 0.7357116
13 5 33.588608
13 34 68.65493
13 20 0.7753969
13 2 0.5489627
13 14 4.7568417
13 37 1.0581138
13 7 2000.0
13 27 0.28157732
13 16 81.07878
13 25 0.22476059
14 30 16.138216
14 20 4.1993413
14 13 4.7568417
14 27 2.6899202
14 33 0.39797345
14 11 2000.0
14 25 2.698683
15 32 0.09195586
15 21 5.769034
16 30 1.0165672
16 0 2000.0
16 8 1.2409353
16 18 1.3063805
16 13 81.07878
16 11 1.1660947
16 5 1.7603669
16 34 31.079737
16 20 60.663662
16 7 0.91108674
16 27 1.2452862
16 23 2.72442
16 25 1.201386
17 6 1.6522328
17 26 1.3770301
17 10 0.03145883
17 24 0.18224597
17 31 0.95190203
17 9 0.03762154
17 4 0.13799119
17 19 152.68808
18 0 2000.0
18 30 0.6733043
18 8 1.2070453
18 13 140.0865
18 11 10.129088
18 29 0.95697063
18 5 1.0180266
18 2 1.9252665
18 37 2.9791522
18 7 2000.0
18 27 23.71414
18 16 1.3063805
18 23 1.4582006
19 31 0.08599516
19 9 0.08590723
19 4 0.07306999
19 17 152.68808
20 30 1.4292204
20 13 0.7753969
20 33 1.036442
20 11 1.0816281
20 29 14.569729
20 5 1.9840618
20 34 0.81793237
20 2 3.5632076
20 14 4.1993413
20 37 1.1276516
20 7 64.612404
20 27 1.1504588
20 16 60.663662
20 25 0.51415807
21 26 2000.0
21 32 2000.0
21 24 0.68205994
21 35 0.031467844
21 31 2000.0
21 12 0.08020764
21 15 5.769034
22 31 128.57143
22 9 0.04281334
22 19 2000.0
23 0 2000.0
23 30 1.4640723
23 8 1.0152806
23 2 7.462604
23 37 1.1728671
23 18 1.4582006
23 7 1.2518097
23 16 2.72442
23 11 2000.0
23 29 1.4213542
23 5 2.7539382
24 26 0.036297034
24 32 0.3198844
24 10 0.076241925
24 21 0.68205994
24 12 0.07257909
24 3 400.0
24 15 2000.0
24 17 0.18224597
25 30 24.373035
25 0 16.27048
25 13 0.22476059
25 33 1.0311179
25 11 0.7396597
25 29 1.4889168
25 34 2.0372758
25 20 0.51415807
25 2 0.48069036
25 14 2.698683
25 37 38.79531
25 7 3.7159824
25 27 0.21635973
25 16 1.201386
26 36 2000.0
26 32 104.86978
26 28 0.058394037
26 10 0.0302813
26 24 0.036297034
26 31 0.10159933
26 12 0.8616304
26 17 1.3770301
27 30 0.22768039
27 0 2000.0
27 8 1.1127741
27 18 23.71414
27 13 0.28157732
27 33 0.95522404
27 11 0.945779
27 29 0.7811992
27 5 1.6451834
27 34 0.9577943
27 20 1.1504588
27 2 0.82977504
27 14 2.6899202
27 37 0.9286595
27 7 2000.0
27 16 1.2452862
27 25 0.21635973
28 36 0.028557464
28 26 0.058394037
28 10 0.25306723
28 3 5.6171017
28 12 1208.409
28 9 0.4936584
28 19 1387.3864
29 0 54.836983
29 30 1.2627438
29 8 0.2361575
29 18 0.95697063
29 13 0.7357116
29 33 76.89271
29 11 0.97349644
29 5 3.0340586
29 34 1.8812943
29 20 14.569729
29 2 1.1274621
29 37 0.8156074
29 7 2000.0
29 27 0.7811992
29 16 807.66565
29 23 1.4213542
29 25 1.4889168
30 8 0.3795066
30 18 0.6733043
30 13 93.43301
30 33 10.585228
30 11 0.861548
30 29 1.2627438
30 5 0.69898987
30 34 0.79178107
30 20 1.4292204
30 2 11.289344
30 14 16.138216
30 37 11.917402
30 7 0.76747537
30 27 0.22768039
30 16 1.0165672
30 23 1.4640723
30 25 24.373035
31 26 0.10159933
31 6 0.17243762
31 10 13.203517
31 35 20.871103
31 22 128.57143
31 9 0.029693263
31 4 0.06741563
31 17 0.95190203
31 19 0.08599516
32 26 104.86978
32 24 0.3198844
32 12 8.566433
32 15 0.09195586
33 30 10.585228
33 8 2000.0
33 13 1.066502
33 11 1.825431
33 29 76.89271
33 5 2000.0
33 34 2000.0
33 20 1.036442
33 2 2.267425
33 14 0.39797345
33 7 2000.0
33 27 0.95522404
33 16 241.43185
33 25 1.0311179
34 30 0.79178107
34 20 0.81793237
34 8 19.903633
34 37 2000.0
34 13 68.65493
34 7 2000.0
34 27 0.9577943
34 16 31.079737
34 11 1.8606776
34 29 1.8812943
34 25 2.0372758
34 5 4.737034
35 21 0.031467844
35 31 20.871103
36 28 0.028557464
36 3 0.7855016
36 9 0.64707536
37 30 11.917402
37 0 1.2363054
37 8 0.7998755
37 18 2.9791522
37 13 1.0581138
37 11 1.146778
37 29 0.8156074
37 5 11.835904
37 20 1.1276516
37 2 0.7595939
37 7 3298.409
37 27 0.9286595
37 16 2000.0
37 23 1.1728671
37 25 38.79531
