0 2 0.75194544
0 37 1.0340463
0 13 0.6356216
0 29 20.518724
0 25 6.580697
1 3 0.5779136
1 12 23.212242
2 30 22.602499
2 0 0.75194544
2 8 1.1518401
2 18 2.5931816
2 13 0.76825297
2 33 4.585942
2 11 1.4374757
2 29 1.2282802
2 20 5.5568185
2 37 0.78406656
2 27 1.1138926
2 16 2000.0
2 23 13.643808
2 25 0.5735359
3 36 0.54856294
3 28 136.10034
3 24 2000.0
3 12 0.063215405
3 1 0.5779136
3 9 0.47713634
4 31 0.08214477
4 9 0.07820538
4 17 0.13602825
4 19 0.07545641
5 30 0.6727756
5 8 0.6019103
5 18 0.9064841
5 13 25.862957
5 11 1.8035811
5 29 2.1513777
5 34 1.9401029
5 20 1.2169989
5 37 11.9238
5 7 3.6120865
5 27 1.0750772
5 16 1.4201651
5 23 3.505221
5 25 2000.0
6 31 0.10820083
6 17 2.0841112
7 34 357.14288
7 30 0.69238436
7 20 150.0
7 8 5.570496
7 37 85.71429
7 16 1.0032686
7 23 1.3154504
7 11 43.518078
7 25 1.8109895
7 5 3.6120865
8 0 2000.0
8 30 0.49449557
8 18 1.3307117
8 13 1.8389791
8 11 0.8513132
8 29 0.48982224
8 5 0.6019103
8 34 45.57075
8 2 1.1518401
8 37 0.8567459
8 7 5.570496
8 27 1.649374
8 16 1.4766841
8 23 1.1954283
8 25 2000.0
9 36 0.5440447
9 28 1.0569347
9 10 24.900824
9 22 0.056383
9 31 0.029574905
9 3 0.47713634
9 12 2000.0
9 4 0.07820538
9 17 0.03250745
9 19 0.07921013
10 26 0.03088193
10 28 0.23113637
10 24 0.11076214
10 31 11.657553
10 12 1463.5796
10 9 24.900824
10 17 0.030357111
11 0 2000.0
11 30 0.5753726
11 8 0.8513132
11 18 5.9769363
11 13 0.6882279
11 33 1.9329073
11 29 1.0575429
11 5 1.8035811
11 34 2.9346278
11 20 1.0069375
11 2 1.4374757
11 37 1.4618268
11 7 43.518078
11 27 0.79387116
11 16 0.9036767
11 25 0.6465895
12 26 0.8932565
12 32 2.7398324
12 28 120.00001
12 24 0.080432415
12 21 0.45434812
12 3 0.063215405
12 1 23.212242
13 30 60.66373
13 0 0.6356216
13 8 1.8389791
13 33 1.2948179
13 11 0.6882279
13 29 0.88944346
13 5 25.862957
13 34 2238.8638
13 20 1.3119639
13 2 0.76825297
13 14 5.685014
13 37 1.1482955
13 7 2000.0
13 27 0.21807414
13 16 40.016453
13 25 0.31265894
14 30 4.3004317
14 20 2.1442685
14 13 5.685014
14 27 2.5446467
14 33 0.41909975
14 11 2000.0
14 25 2.348397
15 32 0.068443656
15 21 3.6558168
16 30 1.0448135
16 0 2000.0
16 8 1.4766841
16 18 1.2634887
16 13 40.016453
16 11 0.9036767
16 5 1.4201651
16 34 39.627274
16 20 53.821026
16 7 1.0032686
16 27 1.3166728
16 23 2.2704191
16 25 0.7880725
17 6 2.0841112
17 26 1.8469388
17 10 0.030357111
17 24 0.10266656
17 31 0.9745175
17 9 0.03250745
17 4 0.13602825
17 19 92.339966
18 0 2000.0
18 30 0.77841985
18 8 1.3307117
18 13 2464.2046
18 11 5.9769363
18 29 1.4240795
18 5 0.9064841
18 2 2.5931816
18 37 2.0957773
18 7 2000.0
18 27 25.866482
18 16 1.2634887
18 23 1.6028504
19 28 160.0
19 31 0.093871705
19 9 0.07921013
19 17 92.339966
19 4 0.07545641
20 30 0.8579834
20 13 1.3119639
20 33 0.8860005
20 11 1.0069375
20 29 10.081315
20 5 1.2169989
20 34 0.8229342
20 2 5.5568185
20 14 2.1442685
20 37 3.537024
20 7 150.0
20 27 0.88682866
20 16 53.821026
20 25 0.44173607
21 32 2000.0
21 24 1.3804018
21 35 0.031197416
21 31 2000.0
21 12 0.45434812
21 15 3.6558168
22 31 173.02272
22 9 0.056383
22 19 2000.0
23 0 2000.0
23 30 1.9435606
23 8 1.1954283
23 2 13.643808
23 37 1.3118554
23 18 1.6028504
23 7 1.3154504
23 16 2.2704191
23 11 2000.0
23 29 0.38617998
23 5 3.505221
24 26 0.039762307
24 32 0.2957197
24 10 0.11076214
24 21 1.3804018
24 31 2000.0
24 12 0.080432415
24 17 0.10266656
25 30 9.096729
25 0 6.580697
25 13 0.31265894
25 33 0.5128268
25 11 0.6465895
25 29 1.8836154
25 34 1.6446815
25 20 0.44173607
25 2 0.5735359
25 14 2.348397
25 37 37.880737
25 7 1.8109895
25 27 0.24717869
25 16 0.7880725
26 32 19.955357
26 28 0.08854304
26 10 0.03088193
26 24 0.039762307
26 31 0.13876623
26 12 0.8932565
26 17 1.8469388
27 30 0.23578756
27 0 2000.0
27 8 1.649374
27 18 25.866482
27 13 0.21807414
27 33 0.9108685
27 11 0.79387116
27 29 0.6765368
27 5 1.0750772
27 34 0.8426581
27 20 0.88682866
27 2 1.1138926
27 14 2.5446467
27 37 1.1234407
27 7 3910.9092
27 16 1.3166728
27 25 0.24717869
28 36 0.030503022
28 26 0.08854304
28 10 0.23113637
28 12 120.00001
28 9 1.0569347
28 19 160.0
29 0 20.518724
29 30 0.34743938
29 8 0.48982224
29 18 1.4240795
29 13 0.88944346
29 33 10.212438
29 11 1.0575429
29 5 2.1513777
29 34 1.8098413
29 20 10.081315
29 2 1.2282802
29 37 0.5132717
29 27 0.6765368
29 16 2000.0
29 23 0.38617998
29 25 1.8836154
30 8 0.49449557
30 18 0.77841985
30 13 60.66373
30 33 3.4973648
30 11 0.5753726
30 29 0.34743938
30 5 0.6727756
30 34 0.9576608
30 20 0.8579834
30 2 22.602499
30 14 4.3004317
30 37 25.523758
30 7 0.69238436
30 27 0.23578756
30 16 1.0448135
30 23 1.9435606
30 25 9.096729
31 26 0.13876623
31 6 0.10820083
31 10 11.657553
31 22 173.02272
31 9 0.029574905
31 4 0.08214477
31 17 0.9745175
31 19 0.093871705
32 26 19.955357
32 24 0.2957197
32 12 2.7398324
32 15 0.068443656
33 30 3.4973648
33 13 1.2948179
33 11 1.9329073
33 29 10.212438
33 5 2000.0
33 34 2000.0
33 20 0.8860005
33 2 4.585942
33 14 0.41909975
33 7 2000.0
33 27 0.9108685
33 16 3017.898
33 25 0.5128268
34 30 0.9576608
34 20 0.8229342
34 8 45.57075
34 37 2000.0
34 7 357.14288
34 27 0.8426581
34 16 39.627274
34 11 2.9346278
34 29 1.8098413
34 25 1.6446815
34 5 1.9401029
35 21 0.031197416
35 31 1151.875
36 28 0.030503022
36 3 0.54856294
36 9 0.5440447
37 30 25.523758
37 0 1.0340463
37 8 0.8567459
37 18 2.0957773
37 13 1.1482955
37 11 1.4618268
37 29 0.5132717
37 5 11.9238
37 20 3.537024
37 2 0.78406656
37 7 85.71429
37 27 1.1234407
37 16 2000.0
37 23 1.3118554
37 25 37.880737
