0 8 4.885995
0 2 0.6341568
0 37 3.2935412
0 13 0.6095758
0 25 2000.0
0 29 2.9755719
1 3 0.24091163
1 12 36.120457
2 30 12.898653
2 0 0.6341568
2 8 2.6956215
2 18 13.935632
2 13 0.8370788
2 33 1.647294
2 11 1.9931186
2 29 1.4657695
2 20 10.704789
2 37 2.3402555
2 27 1.861422
2 16 2000.0
2 23 53.56165
2 25 3.4336944
3 36 0.23614416
3 28 0.09933268
3 24 2000.0
3 12 0.06330357
3 1 0.24091163
3 9 0.40497193
4 31 0.07669643
4 9 0.071486875
4 17 0.102863304
4 19 0.093841866
5 30 0.94584525
5 8 1.4385436
5 18 1.1806604
5 13 355.55554
5 11 7.1391845
5 29 8.808728
5 34 4.7322574
5 20 1.9100025
5 37 2000.0
5 7 18.349648
5 27 2.8713984
5 16 1.3425177
5 23 13.186713
6 31 1.0931334
6 17 0.83262175
7 34 25.344154
7 30 1.4656142
7 20 3.952905
7 8 46.520218
7 37 23.704687
7 27 76.92308
7 16 2.1724036
7 11 36.521996
7 23 1.47601
7 25 17.880152
7 5 18.349648
8 0 4.885995
8 30 0.6758769
8 18 1.4740087
8 13 5.219232
8 11 2.3986201
8 29 1.0371423
8 5 1.4385436
8 34 32.24444
8 2 2.6956215
8 37 2.739503
8 7 46.520218
8 27 2.3002784
8 16 1.500956
8 23 1.5086049
9 36 1.2359295
9 26 2000.0
9 28 13.350805
9 10 3.7321057
9 22 0.1544981
9 31 0.03116617
9 12 2000.0
9 3 0.40497193
9 17 0.087012805
9 4 0.071486875
9 19 0.07017002
10 26 0.047636695
10 28 0.93946975
10 24 0.08512236
10 31 0.03348321
10 12 0.5351641
10 9 3.7321057
10 17 0.033039484
11 0 1967.5162
11 30 1.4009527
11 8 2.3986201
11 18 9.254814
11 13 1.7171811
11 33 7.1723566
11 29 1.3691808
11 5 7.1391845
11 34 5.9827046
11 20 3.69473
11 2 1.9931186
11 37 4.0534425
11 7 36.521996
11 27 1.1562093
11 16 1.7787637
11 25 2.9578676
12 26 1.2928833
12 28 8.105998
12 32 0.21023087
12 10 0.5351641
12 24 0.0888351
12 21 0.07985396
12 3 0.06330357
12 1 36.120457
13 30 4.3864875
13 0 0.6095758
13 8 5.219232
13 18 400.0
13 33 1.4913782
13 11 1.7171811
13 29 1.8708893
13 5 355.55554
13 34 13.049624
13 20 0.60426533
13 2 0.8370788
13 14 2.7757041
13 37 9.65843
13 27 0.66225547
13 16 45.564014
13 25 1.0922338
14 20 2.8813279
14 13 2.7757041
14 33 0.64061886
14 27 3.7690625
14 11 2000.0
14 25 10.500231
15 32 0.068064645
15 21 8.631939
16 0 2000.0
16 30 1.199781
16 8 1.500956
16 18 0.71450776
16 13 45.564014
16 11 1.7787637
16 29 189.47371
16 5 1.3425177
16 34 2000.0
16 20 11.838674
16 37 1411.0701
16 7 2.1724036
16 27 1.8004261
16 23 11.316769
16 25 1.8216655
17 26 2.068259
17 6 0.83262175
17 10 0.033039484
17 24 0.3813905
17 31 1.1792595
17 9 0.087012805
17 4 0.102863304
17 19 2.2224243
18 30 0.73648894
18 2 13.935632
18 8 1.4740087
18 37 1.8071306
18 7 2000.0
18 13 400.0
18 27 8.7577505
18 16 0.71450776
18 23 1.5364709
18 11 9.254814
18 29 1.3521627
18 5 1.1806604
19 31 0.069846354
19 9 0.07017002
19 17 2.2224243
19 4 0.093841866
20 0 2000.0
20 30 24.720272
20 8 2000.0
20 13 0.60426533
20 33 1.8731377
20 11 3.69473
20 29 4.115989
20 5 1.9100025
20 34 1.1007637
20 2 10.704789
20 14 2.8813279
20 37 22.513756
20 7 3.952905
20 27 0.67183733
20 16 11.838674
20 25 1.0381293
21 26 2000.0
21 32 2000.0
21 24 0.067330435
21 35 0.050214987
21 12 0.07985396
21 15 8.631939
22 6 1055.7954
22 31 2000.0
22 9 0.1544981
22 19 1594.4319
23 0 2000.0
23 30 5.1972585
23 2 53.56165
23 8 1.5086049
23 37 6.7654605
23 18 1.5364709
23 7 1.47601
23 16 11.316769
23 11 2000.0
23 29 2.6346326
23 5 13.186713
24 26 0.07225744
24 32 0.13317655
24 28 2000.0
24 10 0.08512236
24 21 0.067330435
24 31 10.622235
24 12 0.0888351
24 3 2000.0
24 15 2000.0
24 17 0.3813905
25 30 6.3495955
25 0 2000.0
25 13 1.0922338
25 33 1.1240659
25 11 2.9578676
25 29 3.2943497
25 34 10.303247
25 20 1.0381293
25 2 3.4336944
25 14 10.500231
25 37 104.25284
25 7 17.880152
25 27 0.6027729
25 16 1.8216655
26 32 39.67565
26 28 0.05022626
26 10 0.047636695
26 24 0.07225744
26 31 0.08131629
26 12 1.2928833
26 17 2.068259
27 0 2000.0
27 30 0.25486115
27 8 2.3002784
27 18 8.7577505
27 13 0.66225547
27 33 1.0838069
27 11 1.1562093
27 29 0.6087748
27 5 2.8713984
27 34 1.3655149
27 20 0.67183733
27 2 1.861422
27 14 3.7690625
27 37 2.9878042
27 7 76.92308
27 16 1.8004261
27 25 0.6027729
28 36 0.04119393
28 26 0.05022626
28 10 0.93946975
28 3 0.09933268
28 12 8.105998
28 9 13.350805
29 0 2.9755719
29 30 2.599394
29 8 1.0371423
29 18 1.3521627
29 13 1.8708893
29 11 1.3691808
29 5 8.808728
29 34 7.4400587
29 20 4.115989
29 2 1.4657695
29 37 1.3667414
29 7 2000.0
29 27 0.6087748
29 16 189.47371
29 23 2.6346326
29 25 3.2943497
30 0 2000.0
30 8 0.6758769
30 18 0.73648894
30 13 4.3864875
30 33 2.9346974
30 11 1.4009527
30 29 2.599394
30 5 0.94584525
30 34 7.6661005
30 20 24.720272
30 2 12.898653
30 14 2000.0
30 37 13.665073
30 7 1.4656142
30 27 0.25486115
30 16 1.199781
30 23 5.1972585
30 25 6.3495955
31 26 0.08131629
31 6 1.0931334
31 10 0.03348321
31 24 10.622235
31 9 0.03116617
31 17 1.1792595
31 4 0.07669643
31 19 0.069846354
32 26 39.67565
32 24 0.13317655
32 12 0.21023087
32 15 0.068064645
33 30 2.9346974
33 8 2000.0
33 13 1.4913782
33 11 7.1723566
33 29 1351.0227
33 34 2000.0
33 20 1.8731377
33 2 1.647294
33 14 0.64061886
33 7 2000.0
33 27 1.0838069
33 16 2000.0
33 25 1.1240659
34 30 7.6661005
34 20 1.1007637
34 8 32.24444
34 7 25.344154
34 13 13.049624
34 27 1.3655149
34 16 2000.0
34 11 5.9827046
34 25 10.303247
34 29 7.4400587
34 5 4.7322574
35 21 0.050214987
36 26 2000.0
36 28 0.04119393
36 3 0.23614416
36 9 1.2359295
37 30 13.665073
37 0 3.2935412
37 8 2.739503
37 18 1.8071306
37 13 9.65843
37 11 4.0534425
37 29 1.3667414
37 20 22.513756
37 2 2.3402555
37 7 23.704687
37 27 2.9878042
37 16 1411.0701
37 23 6.7654605
37 25 104.25284
