0 2 1.2073116
0 37 1.4034013
0 13 1.0802557
0 29 9.780509
0 25 10.601376
1 3 0.45865104
1 12 17.25042
2 30 19.604498
2 0 1.2073116
2 8 1.164505
2 18 3.413693
2 13 0.47688133
2 33 2.1083045
2 11 1.3124734
2 29 0.8985627
2 20 3.9710531
2 37 0.9360468
2 27 1.0914661
2 16 2000.0
2 23 11.690262
2 25 1.1497636
3 36 0.54039216
3 28 2.2741978
3 24 2000.0
3 12 0.049029525
3 1 0.45865104
3 9 0.5316878
4 31 0.077078626
4 9 0.0723678
4 17 0.110838205
4 19 0.06955367
5 30 0.6625385
5 8 0.37570092
5 18 1.1529684
5 13 23.660736
5 11 1.5646
5 29 2.6766558
5 34 1.562145
5 20 1.7079645
5 37 10.348931
5 7 10.9428
5 27 1.2402573
5 16 1.0045309
5 23 3.1379185
6 31 0.17245236
6 17 7.5398445
7 34 100.0
7 30 0.8478001
7 20 47.150135
7 8 3.9342463
7 37 50.0
7 16 1.3781562
7 23 1.3612547
7 25 4.0040402
7 5 10.9428
8 0 2000.0
8 30 0.30987772
8 18 1.3935064
8 13 0.5699837
8 11 0.8701602
8 29 0.23594953
8 5 0.37570092
8 34 52.754044
8 2 1.164505
8 37 1.1062499
8 7 3.9342463
8 27 0.83345795
8 16 1.5486338
8 23 0.94999367
8 25 2000.0
9 36 0.8273423
9 26 2000.0
9 28 0.948189
9 10 23.812502
9 22 0.089734465
9 31 0.029867338
9 12 2000.0
9 3 0.5316878
9 4 0.0723678
9 17 0.031188572
9 19 0.07836328
10 26 0.029736428
10 28 0.25975955
10 24 0.111945145
10 31 25.703445
10 12 95.6707
10 9 23.812502
10 17 0.03370284
11 0 2000.0
11 30 0.48283345
11 8 0.8701602
11 18 6.6537
11 13 0.63542324
11 33 1.8467677
11 29 0.842267
11 5 1.5646
11 34 1.7954409
11 20 1.5632594
11 2 1.3124734
11 37 1.4694089
11 7 4757.1025
11 27 0.54418105
11 16 1.263097
11 25 0.6501242
12 26 2.0528946
12 32 10.213621
12 10 95.6707
12 24 0.072750196
12 21 0.17780541
12 3 0.049029525
12 1 17.25042
13 30 62.948868
13 0 1.0802557
13 8 0.5699837
13 18 160.0
13 33 0.7947495
13 11 0.63542324
13 29 0.6965126
13 5 23.660736
13 34 2000.0
13 20 1.4434402
13 2 0.47688133
13 14 4.438062
13 37 1.2994113
13 7 2000.0
13 27 0.3929557
13 16 18.935965
13 25 0.28618017
14 30 6.486623
14 20 3.7236285
14 13 4.438062
14 27 2.987616
14 33 0.44471616
14 11 2000.0
14 25 2.7214856
15 32 0.07998114
15 21 1.8752065
15 12 2000.0
16 34 63.782795
16 30 1.104894
16 20 30.545935
16 8 1.5486338
16 18 1.4238797
16 13 18.935965
16 7 1.3781562
16 27 1.5120302
16 11 1.263097
16 23 3.083261
16 25 1.2895895
16 5 1.0045309
17 6 7.5398445
17 26 1.6191472
17 10 0.03370284
17 24 0.14573827
17 31 1.0013925
17 9 0.031188572
17 4 0.110838205
17 19 210.9634
18 30 0.76256996
18 0 2000.0
18 8 1.3935064
18 13 160.0
18 11 6.6537
18 29 1.6016655
18 5 1.1529684
18 2 3.413693
18 37 1.9626079
18 7 2000.0
18 27 21.206491
18 16 1.4238797
18 23 1.7122763
19 28 80.5858
19 31 0.08306453
19 9 0.07836328
19 4 0.06955367
19 17 210.9634
20 30 1.1024342
20 13 1.4434402
20 33 1.0938092
20 11 1.5632594
20 29 27.37933
20 5 1.7079645
20 34 0.8242813
20 2 3.9710531
20 14 3.7236285
20 37 1.8278543
20 7 47.150135
20 27 1.1512059
20 16 30.545935
20 25 0.3886782
21 26 2000.0
21 32 2000.0
21 24 1.0576911
21 35 0.030476302
21 31 2000.0
21 12 0.17780541
21 15 1.8752065
22 31 101.054756
22 9 0.089734465
22 19 2000.0
23 30 2.2253385
23 0 2000.0
23 8 0.94999367
23 2 11.690262
23 37 1.7173941
23 18 1.7122763
23 7 1.3612547
23 16 3.083261
23 11 2000.0
23 29 0.85982966
23 5 3.1379185
24 26 0.041519534
24 32 0.3679131
24 10 0.111945145
24 21 1.0576911
24 12 0.072750196
24 15 2000.0
24 17 0.14573827
25 30 20.190819
25 0 10.601376
25 13 0.28618017
25 33 0.48231378
25 11 0.6501242
25 29 2.0172722
25 34 1.8319662
25 20 0.3886782
25 2 1.1497636
25 14 2.7214856
25 37 30.77066
25 7 4.0040402
25 27 0.26038563
25 16 1.2895895
26 32 80.16762
26 28 0.08024067
26 10 0.029736428
26 24 0.041519534
26 31 0.1680124
26 12 2.0528946
26 17 1.6191472
27 30 0.17229311
27 0 2000.0
27 8 0.83345795
27 18 21.206491
27 13 0.3929557
27 33 0.6969011
27 11 0.54418105
27 29 0.58627915
27 5 1.2402573
27 34 0.79961026
27 20 1.1512059
27 2 1.0914661
27 14 2.987616
27 37 0.8413441
27 7 2000.0
27 16 1.5120302
27 25 0.26038563
28 36 0.032212246
28 26 0.08024067
28 10 0.25975955
28 3 2.2741978
28 12 1202.2728
28 9 0.948189
28 19 80.5858
29 0 9.780509
29 30 0.5200902
29 8 0.23594953
29 18 1.6016655
29 13 0.6965126
29 33 11.753796
29 11 0.842267
29 5 2.6766558
29 34 3.260425
29 20 27.37933
29 2 0.8985627
29 37 0.62770605
29 27 0.58627915
29 16 2000.0
29 23 0.85982966
29 25 2.0172722
30 8 0.30987772
30 18 0.76256996
30 13 62.948868
30 33 3.7690969
30 11 0.48283345
30 29 0.5200902
30 5 0.6625385
30 34 0.89928526
30 20 1.1024342
30 2 19.604498
30 14 6.486623
30 37 12.286916
30 7 0.8478001
30 27 0.17229311
30 16 1.104894
30 23 2.2253385
30 25 20.190819
31 26 0.1680124
31 6 0.17245236
31 10 25.703445
31 22 101.054756
31 9 0.029867338
31 4 0.077078626
31 17 1.0013925
31 19 0.08306453
32 26 80.16762
32 24 0.3679131
32 12 10.213621
32 15 0.07998114
33 30 3.7690969
33 13 0.7947495
33 11 1.8467677
33 29 11.753796
33 5 2000.0
33 34 2000.0
33 20 1.0938092
33 2 2.1083045
33 14 0.44471616
33 7 2000.0
33 27 0.6969011
33 16 3017.898
33 25 0.48231378
34 30 0.89928526
34 20 0.8242813
34 8 52.754044
34 37 2000.0
34 7 100.0
34 13 2000.0
34 27 0.79961026
34 16 63.782795
34 11 1.7954409
34 29 3.260425
34 25 1.8319662
34 5 1.562145
35 21 0.030476302
35 31 1102.5
36 28 0.032212246
36 3 0.54039216
36 9 0.8273423
37 30 12.286916
37 0 1.4034013
37 8 1.1062499
37 18 1.9626079
37 13 1.2994113
37 11 1.4694089
37 29 0.62770605
37 5 10.348931
37 20 1.8278543
37 2 0.9360468
37 7 50.0
37 27 0.8413441
37 16 2000.0
37 23 1.7173941
37 25 30.77066
