0 2 0.9600603
0 37 1.3810034
0 13 0.83921975
0 29 22.144798
0 25 15.540025
1 3 0.7397728
1 12 34.960777
2 30 23.424633
2 0 0.9600603
2 8 1.3553962
2 18 1.7360327
2 13 0.5520053
2 33 1.8092642
2 11 1.5321405
2 29 1.3751158
2 20 5.8295994
2 37 0.7923467
2 27 0.8246618
2 16 2000.0
2 23 20.650858
2 25 0.5116793
3 36 1.1458333
3 28 3.0147297
3 24 2000.0
3 12 0.0700974
3 1 0.7397728
3 9 1.0482836
4 31 0.06999149
4 9 0.086263895
4 17 0.13748388
4 19 0.07636333
5 30 0.6305019
5 8 0.6683187
5 18 0.8323028
5 13 45.142048
5 11 2.017361
5 29 4.463706
5 34 2.8510845
5 20 2.4131327
5 37 20.41039
5 7 14.570597
5 27 1.4085422
5 16 1.5618769
5 23 2.289449
5 25 2000.0
6 31 0.16763295
6 17 7.9049845
7 30 1.1953977
7 20 81.711
7 8 8.975307
7 37 175.40036
7 33 94.736855
7 16 1.4958555
7 23 1.667676
7 11 179.30922
7 29 400.0
7 25 1.4327716
7 5 14.570597
8 0 2000.0
8 30 0.4495343
8 18 1.3677952
8 13 1.7696269
8 11 0.95789725
8 29 0.31495255
8 5 0.6683187
8 34 37.13756
8 2 1.3553962
8 37 1.1695676
8 7 8.975307
8 27 1.2603846
8 16 1.5947859
8 23 0.79098356
8 25 2000.0
9 36 0.6192251
9 28 1.0688921
9 10 10.917208
9 22 0.05045995
9 31 0.030361071
9 3 1.0482836
9 12 2000.0
9 4 0.086263895
9 17 0.054321833
9 19 0.06718315
10 26 0.030395173
10 28 0.7008296
10 24 0.07700732
10 31 16.033686
10 12 70.634895
10 9 10.917208
10 17 0.032805018
11 0 2000.0
11 30 0.7758209
11 8 0.95789725
11 18 7.2465405
11 13 0.7904372
11 33 3.0114875
11 29 1.0898552
11 5 2.017361
11 34 2.2465622
11 20 1.0933022
11 2 1.5321405
11 37 1.3406917
11 7 179.30922
11 27 0.822708
11 16 1.0147747
11 25 0.93850505
12 26 1.1092802
12 32 11.593344
12 10 70.634895
12 24 0.06681726
12 21 0.2544508
12 3 0.0700974
12 1 34.960777
13 30 25.067425
13 0 0.83921975
13 8 1.7696269
13 18 221.16818
13 33 1.4180082
13 11 0.7904372
13 29 1.1160496
13 5 45.142048
13 34 800.0
13 20 1.137637
13 2 0.5520053
13 14 4.8571424
13 37 2.3493571
13 7 2000.0
13 27 0.26259303
13 16 34.590065
13 25 0.21885651
14 34 2000.0
14 30 13.418619
14 20 2.096457
14 13 4.8571424
14 27 5.663094
14 33 0.40434176
14 11 2000.0
14 25 2.9417012
15 32 0.07350623
15 21 11.621222
16 30 1.2924452
16 0 2000.0
16 8 1.5947859
16 18 1.007292
16 13 34.590065
16 11 1.0147747
16 5 1.5618769
16 34 28.572746
16 20 47.600086
16 7 1.4958555
16 27 2.0
16 23 2.1220133
16 25 0.9537577
17 6 7.9049845
17 26 1.8564705
17 10 0.032805018
17 24 0.13036175
17 31 0.9344764
17 9 0.054321833
17 4 0.13748388
17 19 72.287895
18 0 2000.0
18 30 0.67938197
18 8 1.3677952
18 13 221.16818
18 11 7.2465405
18 29 1.3449243
18 5 0.8323028
18 2 1.7360327
18 37 2.169878
18 7 2000.0
18 27 12.690825
18 16 1.007292
18 23 1.0427054
19 28 79.73809
19 31 0.09059752
19 9 0.06718315
19 4 0.07636333
19 17 72.287895
20 30 1.4158769
20 13 1.137637
20 33 1.0064123
20 11 1.0933022
20 29 13.41832
20 5 2.4131327
20 34 0.965342
20 2 5.8295994
20 14 2.096457
20 37 2.3696163
20 7 81.711
20 27 3.0139322
20 16 47.600086
20 25 0.47709277
21 32 2000.0
21 10 2000.0
21 24 1.1177763
21 35 0.03177019
21 12 0.2544508
21 15 11.621222
22 31 48.811005
22 9 0.05045995
22 19 2000.0
23 0 2000.0
23 30 1.8298756
23 8 0.79098356
23 2 20.650858
23 37 2.615604
23 18 1.0427054
23 7 1.667676
23 16 2.1220133
23 11 2000.0
23 29 0.9479
23 5 2.289449
24 26 0.052416775
24 32 0.4533652
24 10 0.07700732
24 21 1.1177763
24 31 2000.0
24 12 0.06681726
24 3 2000.0
24 17 0.13036175
25 30 10.263937
25 0 15.540025
25 13 0.21885651
25 33 0.72340596
25 11 0.93850505
25 29 2.1862302
25 34 2.1405892
25 20 0.47709277
25 2 0.5116793
25 14 2.9417012
25 37 30.505562
25 7 1.4327716
25 27 0.22571337
25 16 0.9537577
26 32 131.49774
26 28 0.06394395
26 10 0.030395173
26 24 0.052416775
26 31 0.08753918
26 12 1.1092802
26 17 1.8564705
27 30 0.23866078
27 0 2000.0
27 8 1.2603846
27 18 12.690825
27 13 0.26259303
27 33 0.89542854
27 11 0.822708
27 29 0.74900657
27 5 1.4085422
27 34 2.053835
27 20 3.0139322
27 2 0.8246618
27 14 5.663094
27 37 0.8577884
27 7 3979.1477
27 16 2.0
27 25 0.22571337
28 36 0.03359514
28 26 0.06394395
28 10 0.7008296
28 3 3.0147297
28 12 1188.9205
28 9 1.0688921
28 19 79.73809
29 0 22.144798
29 30 2.4200835
29 8 0.31495255
29 18 1.3449243
29 13 1.1160496
29 33 25.9237
29 11 1.0898552
29 5 4.463706
29 34 3.6186907
29 20 13.41832
29 2 1.3751158
29 37 0.8975183
29 7 400.0
29 27 0.74900657
29 16 2000.0
29 23 0.9479
29 25 2.1862302
30 8 0.4495343
30 18 0.67938197
30 13 25.067425
30 33 8.211704
30 11 0.7758209
30 29 2.4200835
30 5 0.6305019
30 34 0.987547
30 20 1.4158769
30 2 23.424633
30 14 13.418619
30 37 20.82886
30 7 1.1953977
30 27 0.23866078
30 16 1.2924452
30 23 1.8298756
30 25 10.263937
31 26 0.08753918
31 6 0.16763295
31 10 16.033686
31 22 48.811005
31 9 0.030361071
31 4 0.06999149
31 17 0.9344764
31 19 0.09059752
32 26 131.49774
32 24 0.4533652
32 12 11.593344
32 15 0.07350623
33 30 8.211704
33 13 1.4180082
33 11 3.0114875
33 29 25.9237
33 5 2000.0
33 34 2000.0
33 20 1.0064123
33 2 1.8092642
33 14 0.40434176
33 7 94.736855
33 27 0.89542854
33 16 3017.898
33 25 0.72340596
34 30 0.987547
34 20 0.965342
34 8 37.13756
34 37 2000.0
34 13 800.0
34 7 1673.8636
34 27 2.053835
34 16 28.572746
34 11 2.2465622
34 29 3.6186907
34 25 2.1405892
34 5 2.8510845
35 21 0.03177019
35 31 1120.8522
36 26 2000.0
36 28 0.03359514
36 3 1.1458333
36 9 0.6192251
37 30 20.82886
37 0 1.3810034
37 8 1.1695676
37 18 2.169878
37 13 2.3493571
37 11 1.3406917
37 29 0.8975183
37 5 20.41039
37 20 2.3696163
37 2 0.7923467
37 7 175.40036
37 27 0.8577884
37 16 2000.0
37 23 2.615604
37 25 30.505562
