0 2 0.98639077
0 37 1.2824248
0 13 1.0412643
0 29 25.820332
0 25 13.333333
1 3 0.64040405
1 12 24.173433
2 30 12.410995
2 0 0.98639077
2 8 1.1387837
2 18 2.5418496
2 13 0.5755513
2 33 2.601708
2 11 1.671128
2 29 1.3124548
2 20 4.9826736
2 37 0.7968413
2 27 1.4919531
2 16 2000.0
2 23 9.037165
2 25 0.5522414
3 36 0.5079862
3 28 8.619421
3 24 2000.0
3 12 0.08925524
3 1 0.64040405
3 9 0.68709904
4 31 0.0646111
4 9 0.076914124
4 17 0.13742548
4 19 0.076186255
5 30 0.6464995
5 8 0.4149089
5 18 0.94611984
5 13 40.28545
5 11 3.8009999
5 29 4.0137463
5 34 2.042044
5 20 1.5778506
5 37 10.206809
5 7 5.0552163
5 27 1.7565483
5 16 1.1812253
5 23 1.8753008
6 31 0.24317777
6 17 6.3733816
7 34 2000.0
7 30 0.91130894
7 8 4.1514435
7 16 1.0112013
7 23 1.0510343
7 11 74.90425
7 25 2.4971883
7 5 5.0552163
8 0 2000.0
8 30 0.3448933
8 18 1.396414
8 13 0.6963384
8 11 0.8612939
8 29 0.52935684
8 5 0.4149089
8 34 62.857628
8 2 1.1387837
8 37 0.8058314
8 7 4.1514435
8 27 0.8427434
8 16 1.4401071
8 23 0.8242666
8 25 2000.0
9 36 0.9034522
9 26 2000.0
9 28 1.1434975
9 10 16.594145
9 22 0.047285035
9 31 0.032025613
9 3 0.68709904
9 12 2000.0
9 4 0.076914124
9 17 0.034583293
9 19 0.08229773
10 26 0.033931274
10 28 0.30879766
10 24 0.19644316
10 31 17.761972
10 12 1181.7045
10 9 16.594145
10 17 0.03402883
11 0 2000.0
11 30 0.68024105
11 8 0.8612939
11 18 12.880285
11 13 1.0529854
11 33 3.347245
11 29 1.2925558
11 5 3.8009999
11 34 3.44272
11 20 1.7570325
11 2 1.671128
11 37 1.725
11 7 74.90425
11 27 1.0418481
11 16 1.2606764
11 25 0.75078225
12 26 0.32176906
12 32 4.782103
12 24 0.08437896
12 21 0.10237885
12 3 0.08925524
12 1 24.173433
13 30 57.425842
13 0 1.0412643
13 8 0.6963384
13 18 409.8369
13 33 1.8666432
13 11 1.0529854
13 29 0.94055414
13 5 40.28545
13 34 327.27274
13 20 1.5828649
13 2 0.5755513
13 14 12.1912365
13 37 1.100552
13 7 2000.0
13 27 0.53427064
13 16 21.078259
13 25 0.27824107
14 34 2000.0
14 30 19.75006
14 20 9.021954
14 13 12.1912365
14 27 8.624224
14 33 1.1278205
14 11 2000.0
14 25 1.5360188
15 32 0.06850632
15 21 0.9058206
16 0 2000.0
16 30 1.0730618
16 8 1.4401071
16 18 1.0721687
16 13 21.078259
16 11 1.2606764
16 5 1.1812253
16 34 201.56671
16 20 14.905297
16 7 1.0112013
16 27 1.3185478
16 23 2.8801684
16 25 0.89026845
17 6 6.3733816
17 26 1.4670686
17 10 0.03402883
17 24 0.18773852
17 31 0.96164227
17 9 0.034583293
17 4 0.13742548
17 19 128.71808
18 0 2000.0
18 30 0.6786757
18 8 1.396414
18 13 409.8369
18 11 12.880285
18 29 1.2171557
18 5 0.94611984
18 2 2.5418496
18 37 2.3359487
18 7 2000.0
18 27 20.19006
18 16 1.0721687
18 23 1.537326
19 31 0.089058235
19 9 0.08229773
19 17 128.71808
19 4 0.076186255
20 0 2000.0
20 30 5.3552237
20 13 1.5828649
20 33 1.907624
20 11 1.7570325
20 29 52.1085
20 5 1.5778506
20 34 1.2887203
20 2 4.9826736
20 14 9.021954
20 37 3.00679
20 7 3069.8865
20 27 0.74175256
20 16 14.905297
20 25 0.7306353
21 26 2000.0
21 32 2000.0
21 24 1.0508893
21 35 0.030656582
21 12 0.10237885
21 15 0.9058206
22 31 120.00001
22 9 0.047285035
22 19 2000.0
23 0 2000.0
23 30 1.3498803
23 8 0.8242666
23 2 9.037165
23 37 1.1721839
23 18 1.537326
23 7 1.0510343
23 16 2.8801684
23 11 2000.0
23 29 1.1011113
23 5 1.8753008
24 26 0.042778138
24 32 0.22592407
24 10 0.19644316
24 21 1.0508893
24 12 0.08437896
24 15 2000.0
24 17 0.18773852
25 30 17.714773
25 0 13.333333
25 13 0.27824107
25 33 0.6762231
25 11 0.75078225
25 29 1.7071918
25 34 1.7203264
25 20 0.7306353
25 2 0.5522414
25 14 1.5360188
25 37 40.290405
25 7 2.4971883
25 27 0.2807741
25 16 0.89026845
26 32 65.06676
26 28 0.058664776
26 10 0.033931274
26 24 0.042778138
26 31 0.34731606
26 12 0.32176906
26 17 1.4670686
27 30 0.18546073
27 0 2000.0
27 8 0.8427434
27 18 20.19006
27 13 0.53427064
27 33 1.1461269
27 11 1.0418481
27 29 1.2446905
27 5 1.7565483
27 34 1.0745189
27 20 0.74175256
27 2 1.4919531
27 14 8.624224
27 37 1.000603
27 7 3911.4204
27 16 1.3185478
27 25 0.2807741
28 36 0.032362357
28 26 0.058664776
28 10 0.30879766
28 3 8.619421
28 12 1146.591
28 9 1.1434975
28 19 1384.8295
29 0 25.820332
29 30 2.4742973
29 8 0.52935684
29 18 1.2171557
29 13 0.94055414
29 33 11.380896
29 11 1.2925558
29 5 4.0137463
29 34 3.3697727
29 20 52.1085
29 2 1.3124548
29 37 1.0231577
29 7 2000.0
29 27 1.2446905
29 16 2000.0
29 23 1.1011113
29 25 1.7071918
30 8 0.3448933
30 18 0.6786757
30 13 57.425842
30 33 23.3677
30 11 0.68024105
30 29 2.4742973
30 5 0.6464995
30 34 0.8372496
30 20 5.3552237
30 2 12.410995
30 14 19.75006
30 37 15.920915
30 7 0.91130894
30 27 0.18546073
30 16 1.0730618
30 23 1.3498803
30 25 17.714773
31 26 0.34731606
31 6 0.24317777
31 10 17.761972
31 22 120.00001
31 9 0.032025613
31 4 0.0646111
31 17 0.96164227
31 19 0.089058235
32 26 65.06676
32 24 0.22592407
32 21 2000.0
32 12 4.782103
32 15 0.06850632
33 30 23.3677
33 13 1.8666432
33 11 3.347245
33 29 11.380896
33 5 2000.0
33 34 2000.0
33 20 1.907624
33 2 2.601708
33 14 1.1278205
33 7 2000.0
33 27 1.1461269
33 16 3017.898
33 25 0.6762231
34 30 0.8372496
34 20 1.2887203
34 8 62.857628
34 37 2000.0
34 7 2000.0
34 13 327.27274
34 27 1.0745189
34 16 201.56671
34 11 3.44272
34 29 3.3697727
34 25 1.7203264
34 5 2.042044
35 21 0.030656582
35 31 1065.4546
36 28 0.032362357
36 3 0.5079862
36 9 0.9034522
37 30 15.920915
37 0 1.2824248
37 8 0.8058314
37 18 2.3359487
37 13 1.100552
37 11 1.725
37 29 1.0231577
37 5 10.206809
37 20 3.00679
37 2 0.7968413
37 7 1600.6818
37 27 1.000603
37 16 2000.0
37 23 1.1721839
37 25 40.290405
