0 2 1.3661724
0 37 2.817524
0 13 1.350325
0 25 13.604426
0 29 15.034192
1 3 0.5362013
1 12 1231.6477
2 30 24.1981
2 0 1.3661724
2 8 1.6737181
2 18 1.9141555
2 13 0.46953115
2 33 1.7790692
2 11 1.325274
2 29 1.004396
2 20 2.2052526
2 37 1.1097524
2 27 1.5141163
2 16 2000.0
2 23 11.982403
2 25 0.410765
3 36 0.6105478
3 28 2.4114733
3 24 1247.2727
3 12 0.047976885
3 1 0.5362013
3 9 0.48798534
4 31 0.0684252
4 9 0.078629024
4 17 0.10186535
4 19 0.076231316
5 30 0.73556817
5 8 0.90655994
5 18 0.6632596
5 13 20.885437
5 11 1.2065191
5 29 1.2419897
5 34 1.7275095
5 20 1.5400897
5 37 21.701878
5 7 7.0117803
5 27 2.0276494
5 16 2.075231
5 23 3.8934112
5 25 2000.0
6 31 0.18064909
6 17 8.355203
7 30 0.8325893
7 20 99.488014
7 8 7.87787
7 37 62.36414
7 27 1017.3601
7 16 1.4063386
7 23 1.3622761
7 11 178.60466
7 25 1.8109365
7 5 7.0117803
8 0 2000.0
8 30 0.87673026
8 18 1.2833331
8 13 6.0736847
8 11 0.93046254
8 29 1.1606386
8 5 0.90655994
8 34 24.683046
8 2 1.6737181
8 37 1.096954
8 7 7.87787
8 27 5.2085667
8 16 1.6015754
8 23 0.99609476
8 25 2000.0
9 36 0.5657618
9 28 1.6285762
9 10 21.404505
9 22 0.047516428
9 31 0.029385611
9 12 2000.0
9 3 0.48798534
9 4 0.078629024
9 17 0.031075582
9 19 0.066092946
10 26 0.058513414
10 28 0.1876833
10 24 0.08210686
10 31 11.091289
10 12 127.9244
10 9 21.404505
10 17 0.030918099
11 0 2000.0
11 30 0.79334015
11 8 0.93046254
11 18 14.542394
11 13 0.7425647
11 33 3.3244836
11 29 1.1993104
11 5 1.2065191
11 34 3.1503518
11 20 1.8202603
11 2 1.325274
11 37 1.4557872
11 7 178.60466
11 27 0.92991865
11 16 1.2060369
11 25 0.7113637
12 26 0.52570564
12 32 7.6344695
12 10 127.9244
12 24 0.07630912
12 21 0.20473464
12 3 0.047976885
13 30 46.32709
13 0 1.350325
13 8 6.0736847
13 18 132.99675
13 33 1.0368783
13 11 0.7425647
13 29 0.9610287
13 5 20.885437
13 34 266.6667
13 20 1.3176249
13 2 0.46953115
13 14 5.4194517
13 37 1.6651615
13 7 2000.0
13 27 0.6234327
13 16 38.245804
13 25 0.4191505
14 30 5.404757
14 20 3.3297648
14 13 5.4194517
14 27 3.0298562
14 33 0.36585224
14 11 2000.0
14 25 1.8551953
15 32 0.07403662
15 21 8.159912
16 30 1.5459939
16 0 2000.0
16 8 1.6015754
16 18 1.1636387
16 13 38.245804
16 11 1.2060369
16 5 2.075231
16 34 60.629955
16 20 39.83614
16 7 1.4063386
16 27 2.330114
16 23 2.6813211
16 25 1.0854992
17 6 8.355203
17 26 2.4375944
17 10 0.030918099
17 24 0.2662656
17 31 1.1632534
17 9 0.031075582
17 4 0.10186535
17 19 42.662033
18 0 2000.0
18 30 0.7390969
18 8 1.2833331
18 13 132.99675
18 11 14.542394
18 29 1.2722149
18 5 0.6632596
18 2 1.9141555
18 37 2.9652567
18 7 2000.0
18 27 31.401842
18 16 1.1636387
18 23 1.4155033
19 31 0.06306956
19 9 0.066092946
19 17 42.662033
19 4 0.076231316
20 30 1.9418782
20 13 1.3176249
20 33 1.621452
20 11 1.8202603
20 29 9.2338915
20 5 1.5400897
20 34 1.7087914
20 2 2.2052526
20 14 3.3297648
20 37 6.1372256
20 7 99.488014
20 27 2.3173432
20 16 39.83614
20 25 1.5497943
21 26 2000.0
21 32 2000.0
21 24 1.2693366
21 35 0.03254471
21 12 0.20473464
21 15 8.159912
22 31 100.0
22 9 0.047516428
22 19 2000.0
23 0 2000.0
23 30 1.3258828
23 8 0.99609476
23 2 11.982403
23 37 2.4687257
23 18 1.4155033
23 7 1.3622761
23 16 2.6813211
23 11 2000.0
23 29 0.78902155
23 5 3.8934112
24 26 0.049056135
24 32 0.4117989
24 10 0.08210686
24 21 1.2693366
24 12 0.07630912
24 17 0.2662656
25 30 16.033733
25 0 13.604426
25 13 0.4191505
25 33 0.725961
25 11 0.7113637
25 29 1.2161765
25 34 1.3436557
25 20 1.5497943
25 2 0.410765
25 14 1.8551953
25 37 50.0
25 7 1.8109365
25 27 0.35356694
25 16 1.0854992
26 32 31.462503
26 28 0.059274197
26 10 0.058513414
26 24 0.049056135
26 31 0.16129537
26 12 0.52570564
26 17 2.4375944
27 30 0.6836575
27 0 2000.0
27 8 5.2085667
27 18 31.401842
27 13 0.6234327
27 33 0.6910985
27 11 0.92991865
27 29 0.788564
27 5 2.0276494
27 34 1.0883089
27 20 2.3173432
27 2 1.5141163
27 14 3.0298562
27 37 1.0951921
27 7 1017.3601
27 16 2.330114
27 25 0.35356694
28 36 0.036875
28 26 0.059274197
28 10 0.1876833
28 3 2.4114733
28 12 1264.2614
28 9 1.6285762
28 19 1358.8069
29 0 15.034192
29 30 0.7411396
29 8 1.1606386
29 18 1.2722149
29 13 0.9610287
29 33 13.547004
29 11 1.1993104
29 5 1.2419897
29 34 5.6712556
29 20 9.2338915
29 2 1.004396
29 37 0.7728977
29 7 2000.0
29 27 0.788564
29 16 2000.0
29 23 0.78902155
29 25 1.2161765
30 8 0.87673026
30 18 0.7390969
30 13 46.32709
30 33 8.68608
30 11 0.79334015
30 29 0.7411396
30 5 0.73556817
30 34 1.7373339
30 20 1.9418782
30 2 24.1981
30 14 5.404757
30 37 22.806612
30 7 0.8325893
30 27 0.6836575
30 16 1.5459939
30 23 1.3258828
30 25 16.033733
31 26 0.16129537
31 6 0.18064909
31 10 11.091289
31 35 37.325893
31 22 100.0
31 9 0.029385611
31 4 0.0684252
31 17 1.1632534
31 19 0.06306956
32 26 31.462503
32 24 0.4117989
32 12 7.6344695
32 15 0.07403662
33 30 8.68608
33 8 2000.0
33 13 1.0368783
33 11 3.3244836
33 29 13.547004
33 5 2000.0
33 34 2000.0
33 20 1.621452
33 2 1.7790692
33 14 0.36585224
33 7 2000.0
33 27 0.6910985
33 16 3017.898
33 25 0.725961
34 30 1.7373339
34 20 1.7087914
34 8 24.683046
34 37 2000.0
34 7 2000.0
34 13 266.6667
34 27 1.0883089
34 16 60.629955
34 11 3.1503518
34 29 5.6712556
34 25 1.3436557
34 5 1.7275095
35 21 0.03254471
35 31 37.325893
36 28 0.036875
36 3 0.6105478
36 9 0.5657618
37 30 22.806612
37 0 2.817524
37 8 1.096954
37 18 2.9652567
37 13 1.6651615
37 11 1.4557872
37 29 0.7728977
37 5 21.701878
37 20 6.1372256
37 2 1.1097524
37 7 62.36414
37 27 1.0951921
37 16 2000.0
37 23 2.4687257
37 25 50.0
