0 2 0.9265909
0 37 1.7678374
0 13 1.9835955
0 29 31.822952
0 25 13.960114
1 3 1.061909
1 12 71.99433
2 30 13.904208
2 0 0.9265909
2 8 1.1468792
2 18 2.3742425
2 13 0.59765273
2 33 3.1473854
2 11 1.5274748
2 29 1.4040588
2 20 2.4101443
2 37 1.090835
2 27 1.1891068
2 16 2000.0
2 23 8.890236
2 25 1.7759503
3 36 0.89661735
3 28 17.52646
3 24 2000.0
3 12 0.06711997
3 1 1.061909
3 9 0.5232708
4 31 0.076249346
4 9 0.07546955
4 17 0.14401671
4 19 0.0810269
5 30 0.6145501
5 8 1.0804179
5 18 0.57859945
5 13 24.889935
5 11 5.813119
5 29 3.7315092
5 34 3.0713556
5 20 1.3821188
5 37 15.65437
5 7 6.709006
5 27 1.80474
5 16 1.1631603
5 23 2.5287287
6 31 0.13283698
6 17 4.714626
7 34 217.86137
7 30 0.7087728
7 20 32.17571
7 8 3.2068315
7 16 1.2464467
7 23 1.2363045
7 11 125.77903
7 25 2.7283041
7 5 6.709006
8 0 2000.0
8 30 0.6834032
8 18 1.2846723
8 13 0.8199783
8 11 0.94565773
8 29 0.87681496
8 5 1.0804179
8 34 107.15306
8 2 1.1468792
8 37 1.2033626
8 7 3.2068315
8 27 3.74739
8 16 1.2952273
8 23 1.9516715
8 25 2000.0
9 36 0.45340914
9 26 2000.0
9 28 1.198919
9 10 65.454544
9 22 0.053638197
9 31 0.029744446
9 12 2000.0
9 3 0.5232708
9 4 0.07546955
9 17 0.03467742
9 19 0.070678696
10 26 0.033724442
10 28 0.264174
10 24 0.13927707
10 31 13.822206
10 12 1383.6364
10 9 65.454544
10 17 0.033657983
11 0 2000.0
11 30 0.94819087
11 8 0.94565773
11 18 10.394893
11 13 0.83096325
11 33 2.9043226
11 29 0.9608837
11 5 5.813119
11 34 2.1823485
11 20 4.2015505
11 2 1.5274748
11 37 1.5435249
11 7 125.77903
11 27 0.8230746
11 16 0.89090234
11 25 1.4228697
12 26 0.36615074
12 32 3.051704
12 24 0.07232538
12 21 0.15186055
12 3 0.06711997
12 1 71.99433
13 30 20.906107
13 0 1.9835955
13 8 0.8199783
13 33 1.4239479
13 11 0.83096325
13 29 1.3752263
13 5 24.889935
13 34 650.6592
13 20 1.2363815
13 2 0.59765273
13 14 4.9794335
13 37 1.5089161
13 7 2000.0
13 27 0.8814077
13 16 18.573322
13 25 0.3462064
14 30 2.667834
14 20 3.5267015
14 13 4.9794335
14 27 5.0837965
14 33 0.37676188
14 11 2000.0
14 25 1.6360613
15 32 0.07442853
15 21 1.1443182
16 0 2000.0
16 30 1.2162753
16 8 1.2952273
16 18 1.3738146
16 13 18.573322
16 11 0.89090234
16 5 1.1631603
16 34 323.571
16 20 30.6602
16 7 1.2464467
16 27 1.5507246
16 23 2.6784725
16 25 1.358497
17 6 4.714626
17 26 1.4937954
17 10 0.033657983
17 24 0.11049696
17 31 0.97375506
17 9 0.03467742
17 4 0.14401671
17 19 181.03552
18 0 2000.0
18 30 0.790489
18 8 1.2846723
18 13 1773.4092
18 11 10.394893
18 29 1.3246844
18 5 0.57859945
18 2 2.3742425
18 37 2.3491497
18 7 2000.0
18 27 17.164867
18 16 1.3738146
18 23 1.3756922
19 31 0.15149298
19 9 0.070678696
19 4 0.0810269
19 17 181.03552
20 30 1.2461605
20 13 1.2363815
20 33 2.8764644
20 11 4.2015505
20 29 11.695596
20 5 1.3821188
20 34 1.3050723
20 2 2.4101443
20 14 3.5267015
20 37 4.984594
20 7 32.17571
20 27 1.5520192
20 16 30.6602
20 25 2.2565923
21 32 2000.0
21 24 0.91502964
21 35 0.031837407
21 31 2000.0
21 12 0.15186055
21 15 1.1443182
22 31 150.0
22 9 0.053638197
22 19 2000.0
23 0 2000.0
23 30 2.9261801
23 8 1.9516715
23 2 8.890236
23 37 1.4191107
23 18 1.3756922
23 7 1.2363045
23 16 2.6784725
23 11 2000.0
23 29 1.2995582
23 5 2.5287287
24 26 0.047266133
24 32 0.26514065
24 10 0.13927707
24 21 0.91502964
24 12 0.07232538
24 15 2000.0
24 17 0.11049696
25 30 32.31081
25 0 13.960114
25 13 0.3462064
25 33 0.79372585
25 11 1.4228697
25 29 1.7613038
25 34 2.2097409
25 20 2.2565923
25 2 1.7759503
25 14 1.6360613
25 37 58.923676
25 7 2.7283041
25 27 0.40008828
25 16 1.358497
26 32 128.37273
26 28 0.064009234
26 10 0.033724442
26 24 0.047266133
26 31 0.15077652
26 12 0.36615074
26 17 1.4937954
27 30 0.18951537
27 0 2000.0
27 8 3.74739
27 18 17.164867
27 13 0.8814077
27 33 0.71469367
27 11 0.8230746
27 29 0.73904115
27 5 1.80474
27 34 1.2693814
27 20 1.5520192
27 2 1.1891068
27 14 5.0837965
27 37 2.2470858
27 7 2000.0
27 16 1.5507246
27 25 0.40008828
28 36 0.031488974
28 26 0.064009234
28 10 0.264174
28 3 17.52646
28 12 1199.7158
28 9 1.198919
28 19 1384.8295
29 0 31.822952
29 30 0.7836321
29 8 0.87681496
29 18 1.3246844
29 13 1.3752263
29 33 25.327465
29 11 0.9608837
29 5 3.7315092
29 34 2.5385768
29 20 11.695596
29 2 1.4040588
29 37 0.6120325
29 7 2000.0
29 27 0.73904115
29 16 2000.0
29 23 1.2995582
29 25 1.7613038
30 8 0.6834032
30 18 0.790489
30 13 20.906107
30 33 21.974508
30 11 0.94819087
30 29 0.7836321
30 5 0.6145501
30 34 0.9836049
30 20 1.2461605
30 2 13.904208
30 14 2.667834
30 37 22.643509
30 7 0.7087728
30 27 0.18951537
30 16 1.2162753
30 23 2.9261801
30 25 32.31081
31 26 0.15077652
31 6 0.13283698
31 10 13.822206
31 35 1196.1458
31 22 150.0
31 9 0.029744446
31 4 0.076249346
31 17 0.97375506
31 19 0.15149298
32 26 128.37273
32 24 0.26514065
32 12 3.051704
32 15 0.07442853
33 30 21.974508
33 8 2000.0
33 13 1.4239479
33 11 2.9043226
33 29 25.327465
33 5 2000.0
33 34 2000.0
33 20 2.8764644
33 2 3.1473854
33 14 0.37676188
33 7 2000.0
33 27 0.71469367
33 16 3017.898
33 25 0.79372585
34 30 0.9836049
34 20 1.3050723
34 8 107.15306
34 37 2000.0
34 7 217.86137
34 27 1.2693814
34 16 323.571
34 11 2.1823485
34 29 2.5385768
34 25 2.2097409
34 5 3.0713556
35 21 0.031837407
35 31 1196.1458
36 28 0.031488974
36 3 0.89661735
36 9 0.45340914
37 30 22.643509
37 0 1.7678374
37 8 1.2033626
37 18 2.3491497
37 13 1.5089161
37 11 1.5435249
37 29 0.6120325
37 5 15.65437
37 20 4.984594
37 2 1.090835
37 7 2966.932
37 27 2.2470858
37 16 2000.0
37 23 1.4191107
37 25 58.923676
