0 2 1.3709887
0 37 2.9865243
0 13 1.2736844
0 25 108.8889
0 29 66.88149
1 3 0.9521605
1 12 17.651138
2 0 1.3709887
2 30 29.798735
2 8 1.7593933
2 18 3.2641594
2 13 0.7431109
2 33 3.111099
2 11 1.2950062
2 29 1.038116
2 20 9.457469
2 37 0.9478772
2 27 1.1082636
2 16 2000.0
2 23 20.449703
2 25 1.2429926
3 36 0.2917051
3 28 1107.5
3 24 400.0
3 12 0.059366435
3 1 0.9521605
3 9 0.5907787
4 31 0.06413454
4 9 0.085171565
4 17 0.12638228
4 19 0.0809526
5 30 0.5591562
5 8 0.8962467
5 18 0.6122438
5 13 90.27743
5 11 3.191608
5 29 3.703025
5 34 1.7179673
5 20 2.392946
5 37 90.486565
5 7 12.4265
5 27 3.6498752
5 16 1.3757489
5 23 1.8079178
6 31 0.28777817
6 17 3.9630394
7 30 1.0369569
7 20 34.984283
7 8 6.714858
7 16 1.2021883
7 11 25.89246
7 23 1.244246
7 25 4.0165253
7 29 2000.0
7 5 12.4265
8 0 2000.0
8 30 0.61477304
8 18 1.3448514
8 13 3.2761726
8 11 1.3148876
8 29 0.8177508
8 5 0.8962467
8 34 134.82103
8 2 1.7593933
8 37 1.2592142
8 7 6.714858
8 27 3.199853
8 16 2.5826445
8 23 1.5456275
8 25 2000.0
9 36 0.6714556
9 26 2000.0
9 28 1.445257
9 10 9.50615
9 22 0.045156933
9 31 0.032020353
9 12 2000.0
9 3 0.5907787
9 4 0.085171565
9 17 0.041044682
9 19 0.07546541
10 26 0.029931473
10 28 0.63665
10 24 0.06874542
10 31 0.5599726
10 12 51.48137
10 9 9.50615
10 17 0.03081222
11 0 2000.0
11 30 0.47535002
11 8 1.3148876
11 18 10.738902
11 13 0.976706
11 33 1.9419982
11 29 1.2798814
11 5 3.191608
11 34 1.7631121
11 20 1.1677283
11 2 1.2950062
11 37 2.2150023
11 7 25.89246
11 27 0.44058174
11 16 1.1447265
11 25 1.0018715
12 26 0.31348142
12 32 1.7476968
12 10 51.48137
12 24 0.07260724
12 21 0.27021056
12 3 0.059366435
12 1 17.651138
13 30 61.67256
13 0 1.2736844
13 8 3.2761726
13 18 209.73761
13 33 2.167394
13 11 0.976706
13 29 0.8175343
13 5 90.27743
13 34 88.888885
13 20 2.7280235
13 2 0.7431109
13 14 31.90198
13 37 2.961898
13 7 2000.0
13 27 2.3761866
13 16 168.29292
13 25 0.40531594
14 30 4.4302144
14 20 5.283423
14 13 31.90198
14 27 7.366283
14 33 0.74009573
14 25 3.2099955
15 32 0.082968906
15 24 200.0
15 21 10.423617
16 30 1.2985557
16 0 2000.0
16 8 2.5826445
16 18 1.7140714
16 13 168.29292
16 33 103.05682
16 11 1.1447265
16 29 67.13001
16 5 1.3757489
16 34 292.51706
16 20 18.634077
16 7 1.2021883
16 27 2.3865805
16 23 6.0778728
16 25 1.3655525
17 6 3.9630394
17 26 3.261463
17 10 0.03081222
17 24 0.095713004
17 31 1.1576461
17 9 0.041044682
17 4 0.12638228
17 19 33.846836
18 30 0.9594525
18 0 2000.0
18 8 1.3448514
18 13 209.73761
18 11 10.738902
18 29 1.6312737
18 5 0.6122438
18 2 3.2641594
18 37 7.017495
18 7 2000.0
18 27 37.267754
18 16 1.7140714
18 23 1.815394
19 28 70.96573
19 31 0.07094009
19 9 0.07546541
19 17 33.846836
19 4 0.0809526
20 30 1.4784132
20 13 2.7280235
20 33 2.1291187
20 11 1.1677283
20 29 71.386765
20 5 2.392946
20 34 1.9277523
20 2 9.457469
20 14 5.283423
20 37 12.943857
20 7 34.984283
20 27 2.3545187
20 16 18.634077
20 25 0.81147474
21 26 2000.0
21 32 600.0
21 24 0.29333958
21 35 0.06091102
21 31 2000.0
21 12 0.27021056
21 15 10.423617
22 31 23.501654
22 9 0.045156933
22 19 2000.0
23 30 3.385718
23 0 2000.0
23 8 1.5456275
23 2 20.449703
23 37 3.634576
23 18 1.815394
23 7 1.244246
23 16 6.0778728
23 11 2000.0
23 29 2.1536489
23 5 1.8079178
24 26 0.039879434
24 32 0.21430337
24 10 0.06874542
24 21 0.29333958
24 12 0.07260724
24 3 400.0
24 15 200.0
24 17 0.095713004
25 30 20.114416
25 0 108.8889
25 13 0.40531594
25 33 0.86938703
25 11 1.0018715
25 29 3.4801805
25 34 1.5060606
25 20 0.81147474
25 2 1.2429926
25 14 3.2099955
25 37 70.12501
25 7 4.0165253
25 27 0.31800032
25 16 1.3655525
26 32 15.324351
26 28 0.033254135
26 10 0.029931473
26 24 0.039879434
26 21 2000.0
26 31 0.23559678
26 12 0.31348142
26 17 3.261463
27 0 2000.0
27 30 0.20953207
27 8 3.199853
27 18 37.267754
27 13 2.3761866
27 33 0.6586674
27 11 0.44058174
27 29 1.425984
27 5 3.6498752
27 34 2.3381686
27 20 2.3545187
27 2 1.1082636
27 14 7.366283
27 37 1.1891224
27 7 2000.0
27 16 2.3865805
27 25 0.31800032
28 36 0.029436737
28 26 0.033254135
28 10 0.63665
28 12 1374.3181
28 9 1.445257
28 19 70.96573
29 0 66.88149
29 30 2.8478627
29 8 0.8177508
29 18 1.6312737
29 13 0.8175343
29 33 16.755753
29 11 1.2798814
29 5 3.703025
29 34 5.547982
29 20 71.386765
29 2 1.038116
29 37 0.7060092
29 7 2000.0
29 27 1.425984
29 16 67.13001
29 23 2.1536489
29 25 3.4801805
30 8 0.61477304
30 18 0.9594525
30 13 61.67256
30 33 8.211777
30 11 0.47535002
30 29 2.8478627
30 5 0.5591562
30 34 1.0744967
30 20 1.4784132
30 2 29.798735
30 14 4.4302144
30 37 21.683949
30 7 1.0369569
30 27 0.20953207
30 16 1.2985557
30 23 3.385718
30 25 20.114416
31 26 0.23559678
31 6 0.28777817
31 10 0.5599726
31 35 75.11874
31 22 23.501654
31 9 0.032020353
31 4 0.06413454
31 17 1.1576461
31 19 0.07094009
32 26 15.324351
32 24 0.21430337
32 21 600.0
32 12 1.7476968
32 15 0.082968906
33 30 8.211777
33 8 2000.0
33 13 2.167394
33 11 1.9419982
33 29 16.755753
33 34 2000.0
33 20 2.1291187
33 2 3.111099
33 14 0.74009573
33 7 2000.0
33 27 0.6586674
33 16 103.05682
33 25 0.86938703
34 30 1.0744967
34 20 1.9277523
34 8 134.82103
34 37 2000.0
34 13 88.888885
34 7 1753.9773
34 27 2.3381686
34 16 292.51706
34 11 1.7631121
34 29 5.547982
34 25 1.5060606
34 5 1.7179673
35 21 0.06091102
35 31 75.11874
36 28 0.029436737
36 3 0.2917051
36 9 0.6714556
37 30 21.683949
37 0 2.9865243
37 8 1.2592142
37 18 7.017495
37 13 2.961898
37 11 2.2150023
37 29 0.7060092
37 5 90.486565
37 20 12.943857
37 2 0.9478772
37 7 2241.25
37 27 1.1891224
37 16 2000.0
37 23 3.634576
37 25 70.12501
