0 8 4.509203
0 2 1.4113442
0 37 0.64291435
0 13 0.74008894
0 11 101.82742
0 29 7.9060526
1 3 0.2283133
1 12 1202.159
2 30 13.260731
2 0 1.4113442
2 8 1.8147147
2 18 18.177221
2 13 0.91413367
2 33 3.11808
2 11 1.2057931
2 29 1.5004084
2 20 5.685628
2 37 1.2431673
2 27 1.640886
2 16 2000.0
2 23 84.84391
2 25 2.2185783
3 36 0.24278775
3 28 0.06701413
3 24 133.33334
3 12 0.048618685
3 1 0.2283133
3 9 0.8645861
4 31 0.08077094
4 9 0.052497473
4 17 0.086179234
4 19 0.093520895
5 30 0.72706723
5 8 0.7138725
5 18 0.38997158
5 13 320.0
5 11 1.565297
5 29 3.0036166
5 34 2.0313745
5 20 2.5449061
5 37 2000.0
5 7 3.7864993
5 27 2.5286617
5 16 1.7169381
5 23 3.7402284
6 31 0.29820666
6 17 0.84119916
7 34 6.08799
7 30 0.739139
7 20 1.5762528
7 8 25.179167
7 37 16.796068
7 16 0.95392746
7 11 9.143669
7 23 0.9828582
7 25 8.012544
7 5 3.7864993
8 0 4.509203
8 30 0.68088424
8 18 1.1405424
8 13 5.154499
8 11 0.6292485
8 29 1.0523218
8 5 0.7138725
8 34 1.9098749
8 2 1.8147147
8 37 1.5444263
8 7 25.179167
8 27 2.3613772
8 16 1.3227413
8 23 1.1914382
9 36 1.3918481
9 26 2000.0
9 28 2.9140332
9 10 2.0479012
9 22 0.22978576
9 31 0.029185869
9 3 0.8645861
9 17 0.045042906
9 4 0.052497473
9 19 0.067271404
10 26 0.03144981
10 28 0.24691042
10 24 0.04326849
10 31 0.0512297
10 12 11.373881
10 9 2.0479012
10 17 0.030886734
11 0 101.82742
11 30 0.33096704
11 8 0.6292485
11 18 5.197934
11 13 1.2053498
11 33 2.6576405
11 29 0.7153593
11 5 1.565297
11 34 3.2494738
11 20 0.992174
11 2 1.2057931
11 37 1.3388268
11 7 9.143669
11 27 0.7650704
11 16 2.2466574
11 25 1.2175553
12 26 0.3923979
12 28 3.6035218
12 32 0.23448652
12 10 11.373881
12 24 0.06584142
12 21 0.07768256
12 3 0.048618685
13 30 3.724381
13 0 0.74008894
13 8 5.154499
13 18 205.13432
13 33 0.83001286
13 11 1.2053498
13 29 0.64116883
13 5 320.0
13 34 8.778027
13 20 0.67353094
13 2 0.91413367
13 14 2.8614922
13 37 2.7613769
13 27 0.2503027
13 16 3831.477
13 25 0.6790602
14 34 2000.0
14 20 1.3652394
14 13 2.8614922
14 27 3.5332422
14 33 0.3314868
14 11 2000.0
14 25 5.2584825
15 32 0.06942916
15 21 0.8726618
16 0 2000.0
16 30 1.0653274
16 8 1.3227413
16 18 0.9773977
16 11 2.2466574
16 29 48.752182
16 5 1.7169381
16 20 11.038394
16 37 18.182596
16 7 0.95392746
16 27 1.4937627
16 23 5.9003854
16 25 1.889871
17 26 1.7146372
17 6 0.84119916
17 10 0.030886734
17 24 0.14824194
17 31 1.0751063
17 9 0.045042906
17 4 0.086179234
17 19 2.7854044
18 30 0.6864736
18 2 18.177221
18 8 1.1405424
18 37 1.2922673
18 13 205.13432
18 7 2000.0
18 27 3.1959567
18 16 0.9773977
18 23 1.1950608
18 11 5.197934
18 29 1.3914095
18 5 0.38997158
19 31 0.08068182
19 9 0.067271404
19 17 2.7854044
19 4 0.093520895
20 30 10.968203
20 13 0.67353094
20 33 1.1450379
20 11 0.992174
20 29 2.4198737
20 5 2.5449061
20 34 0.9398005
20 2 5.685628
20 14 1.3652394
20 37 2.2236645
20 7 1.5762528
20 27 0.45556834
20 16 11.038394
20 25 0.41899076
21 32 2000.0
21 24 0.58377373
21 35 0.07236062
21 12 0.07768256
21 15 0.8726618
22 6 1377.9546
22 31 1086.1364
22 9 0.22978576
22 19 1339.5455
23 0 2000.0
23 30 1.3781668
23 2 84.84391
23 8 1.1914382
23 37 2.3888206
23 18 1.1950608
23 7 0.9828582
23 16 5.9003854
23 11 2000.0
23 29 4.377435
23 5 3.7402284
24 26 0.070542954
24 32 0.10253185
24 10 0.04326849
24 21 0.58377373
24 31 5.099345
24 3 133.33334
24 12 0.06584142
24 15 2000.0
24 17 0.14824194
25 0 2000.0
25 30 1.1835837
25 13 0.6790602
25 33 0.49194035
25 11 1.2175553
25 29 6.693407
25 34 1.2724482
25 20 0.41899076
25 2 2.2185783
25 14 5.2584825
25 37 39.138744
25 7 8.012544
25 27 0.68314123
25 16 1.889871
26 32 22.775568
26 28 0.06795745
26 10 0.03144981
26 24 0.070542954
26 31 0.07117619
26 12 0.3923979
26 17 1.7146372
27 0 2000.0
27 30 0.19852078
27 8 2.3613772
27 18 3.1959567
27 13 0.2503027
27 33 1.0262762
27 11 0.7650704
27 29 0.51821023
27 5 2.5286617
27 34 1.0756744
27 20 0.45556834
27 2 1.640886
27 14 3.5332422
27 37 2.5421367
27 7 2000.0
27 16 1.4937627
27 25 0.68314123
28 36 0.035320416
28 26 0.06795745
28 10 0.24691042
28 3 0.06701413
28 12 3.6035218
28 9 2.9140332
29 0 7.9060526
29 30 5.336367
29 8 1.0523218
29 18 1.3914095
29 13 0.64116883
29 11 0.7153593
29 5 3.0036166
29 34 12.038992
29 20 2.4198737
29 2 1.5004084
29 37 1.2749445
29 27 0.51821023
29 16 48.752182
29 23 4.377435
29 25 6.693407
30 0 2000.0
30 8 0.68088424
30 18 0.6864736
30 13 3.724381
30 33 4.135617
30 11 0.33096704
30 29 5.336367
30 5 0.72706723
30 34 0.86436385
30 20 10.968203
30 2 13.260731
30 14 2000.0
30 37 12.882453
30 7 0.739139
30 27 0.19852078
30 16 1.0653274
30 23 1.3781668
30 25 1.1835837
31 26 0.07117619
31 6 0.29820666
31 10 0.0512297
31 24 5.099345
31 9 0.029185869
31 17 1.0751063
31 4 0.08077094
31 19 0.08068182
32 26 22.775568
32 24 0.10253185
32 12 0.23448652
32 15 0.06942916
33 34 2000.0
33 30 4.135617
33 20 1.1450379
33 2 3.11808
33 14 0.3314868
33 7 2000.0
33 13 0.83001286
33 27 1.0262762
33 16 2000.0
33 11 2.6576405
33 29 1820.3408
33 25 0.49194035
34 30 0.86436385
34 20 0.9398005
34 8 1.9098749
34 13 8.778027
34 7 6.08799
34 27 1.0756744
34 16 1215.0568
34 11 3.2494738
34 25 1.2724482
34 29 12.038992
34 5 2.0313745
35 21 0.07236062
36 26 1230.1705
36 28 0.035320416
36 3 0.24278775
36 9 1.3918481
37 30 12.882453
37 0 0.64291435
37 8 1.5444263
37 18 1.2922673
37 13 2.7613769
37 11 1.3388268
37 29 1.2749445
37 20 2.2236645
37 2 1.2431673
37 7 16.796068
37 27 2.5421367
37 16 18.182596
37 23 2.3888206
37 25 39.138744
