0 2 0.96609753
0 37 1.4172562
0 13 0.8708766
0 29 31.912294
0 25 14.223024
1 3 1.3598405
1 12 1144.8864
2 30 19.194532
2 0 0.96609753
2 8 1.6114445
2 18 1.6470468
2 13 0.46530238
2 33 2.0675924
2 11 1.4607695
2 29 1.4063224
2 20 3.9957204
2 37 1.0679249
2 27 0.96233374
2 16 2000.0
2 23 11.185015
2 25 0.5967465
3 36 0.21885198
3 28 32.659874
3 24 266.6667
3 12 0.047296114
3 1 1.3598405
3 9 0.4109117
4 31 0.068478554
4 9 0.07961527
4 17 0.17903665
4 19 0.068004444
5 30 0.5990653
5 8 0.54185605
5 18 0.5111985
5 13 6.602536
5 11 3.2450285
5 29 1.4103307
5 34 1.897547
5 20 1.0084442
5 37 9.313159
5 7 11.261553
5 27 1.8052441
5 16 2.317342
5 23 3.021875
6 31 0.15408514
6 17 1.5270591
7 34 300.0
7 30 0.7123206
7 20 68.724174
7 8 4.491039
7 27 502.33853
7 16 1.2578523
7 11 43.532505
7 23 1.1905802
7 25 2.3644338
7 29 273.05
7 5 11.261553
8 0 2000.0
8 30 0.43232518
8 18 1.3085126
8 13 1.2968487
8 11 0.9554498
8 29 0.59955215
8 5 0.54185605
8 34 114.28571
8 2 1.6114445
8 37 0.90338874
8 7 4.491039
8 27 1.3227814
8 16 1.5460633
8 23 0.85418636
8 25 2000.0
9 36 0.7629299
9 26 2000.0
9 28 1.4673859
9 10 21.334848
9 22 0.04401154
9 31 0.032538503
9 3 0.4109117
9 4 0.07961527
9 17 0.039993692
9 19 0.06571664
10 26 0.031103373
10 28 0.37473485
10 24 0.10206373
10 31 16.792704
10 12 1145.7954
10 9 21.334848
10 17 0.03143316
11 0 2000.0
11 30 0.7709691
11 8 0.9554498
11 18 8.9395685
11 13 0.95357895
11 33 1.6124882
11 29 1.07764
11 5 3.2450285
11 34 2.631328
11 20 0.9651419
11 2 1.4607695
11 37 1.3698485
11 7 43.532505
11 27 0.66480076
11 16 1.0688868
11 25 0.78886676
12 26 0.5098228
12 32 4.067254
12 28 157.19823
12 24 0.06785827
12 21 0.08982605
12 3 0.047296114
13 30 143.90862
13 0 0.8708766
13 8 1.2968487
13 18 562.2443
13 33 1.0164992
13 11 0.95357895
13 29 0.793382
13 5 6.602536
13 34 401.68588
13 20 1.3240751
13 2 0.46530238
13 14 6.611973
13 37 1.2516418
13 7 2000.0
13 27 0.3094525
13 16 28.843437
13 25 0.3088007
14 30 9.969343
14 20 4.6759477
14 13 6.611973
14 27 5.130538
14 33 0.41249996
14 25 2.4387481
15 32 0.068515345
15 21 6.9830174
16 30 1.0742216
16 0 2000.0
16 8 1.5460633
16 18 1.1863157
16 13 28.843437
16 11 1.0688868
16 5 2.317342
16 34 63.884285
16 20 18.059855
16 7 1.2578523
16 27 1.4474993
16 23 5.125486
16 25 0.7053762
17 6 1.5270591
17 26 1.4712021
17 10 0.03143316
17 24 0.09594634
17 31 0.9735917
17 9 0.039993692
17 4 0.17903665
17 19 1448.9205
18 0 2000.0
18 30 1.0826694
18 8 1.3085126
18 13 562.2443
18 11 8.9395685
18 29 1.112812
18 5 0.5111985
18 2 1.6470468
18 37 2.784371
18 7 2000.0
18 27 22.450043
18 16 1.1863157
18 23 1.2648722
19 31 0.1275
19 9 0.06571664
19 4 0.068004444
20 30 1.7061837
20 13 1.3240751
20 33 1.91675
20 11 0.9651419
20 29 11.560901
20 5 1.0084442
20 34 1.316739
20 2 3.9957204
20 14 4.6759477
20 37 3.9420707
20 7 68.724174
20 27 1.5716826
20 16 18.059855
20 25 0.60740715
21 32 2000.0
21 24 0.6448228
21 35 0.03113166
21 31 2000.0
21 12 0.08982605
21 15 6.9830174
22 6 2000.0
22 31 400.0
22 9 0.04401154
22 19 2000.0
23 0 2000.0
23 30 2.410437
23 8 0.85418636
23 2 11.185015
23 37 1.4786017
23 18 1.2648722
23 7 1.1905802
23 16 5.125486
23 11 2000.0
23 29 1.8633859
23 5 3.021875
24 26 0.04242424
24 32 0.2538948
24 10 0.10206373
24 21 0.6448228
24 12 0.06785827
24 3 266.6667
24 15 2000.0
24 17 0.09594634
25 30 13.116301
25 0 14.223024
25 13 0.3088007
25 33 0.8221788
25 11 0.78886676
25 29 2.5400395
25 34 1.5855055
25 20 0.60740715
25 2 0.5967465
25 14 2.4387481
25 37 100.0
25 7 2.3644338
25 27 0.28356677
25 16 0.7053762
26 32 46.026024
26 28 0.047865856
26 10 0.031103373
26 24 0.04242424
26 31 0.12339885
26 12 0.5098228
26 17 1.4712021
27 30 0.28602034
27 0 2000.0
27 8 1.3227814
27 18 22.450043
27 13 0.3094525
27 33 0.7317889
27 11 0.66480076
27 29 0.7406901
27 5 1.8052441
27 34 1.1278558
27 20 1.5716826
27 2 0.96233374
27 14 5.130538
27 37 0.8802439
27 7 502.33853
27 16 1.4474993
27 25 0.28356677
28 36 0.03102172
28 26 0.047865856
28 10 0.37473485
28 3 32.659874
28 12 157.19823
28 9 1.4673859
28 19 1364.5454
29 0 31.912294
29 30 0.9948907
29 8 0.59955215
29 18 1.112812
29 13 0.793382
29 33 8.07782
29 11 1.07764
29 5 1.4103307
29 34 3.5465329
29 20 11.560901
29 2 1.4063224
29 37 0.7651626
29 7 273.05
29 27 0.7406901
29 16 2000.0
29 23 1.8633859
29 25 2.5400395
30 8 0.43232518
30 18 1.0826694
30 13 143.90862
30 33 11.925792
30 11 0.7709691
30 29 0.9948907
30 5 0.5990653
30 34 1.4052298
30 20 1.7061837
30 2 19.194532
30 14 9.969343
30 37 17.49003
30 7 0.7123206
30 27 0.28602034
30 16 1.0742216
30 23 2.410437
30 25 13.116301
31 26 0.12339885
31 6 0.15408514
31 10 16.792704
31 35 65.542046
31 22 400.0
31 9 0.032538503
31 4 0.068478554
31 17 0.9735917
31 19 0.1275
32 26 46.026024
32 24 0.2538948
32 12 4.067254
32 15 0.068515345
33 30 11.925792
33 8 2000.0
33 13 1.0164992
33 11 1.6124882
33 29 8.07782
33 5 2000.0
33 34 2000.0
33 20 1.91675
33 2 2.0675924
33 14 0.41249996
33 7 2000.0
33 27 0.7317889
33 16 1971.0227
33 25 0.8221788
34 30 1.4052298
34 20 1.316739
34 8 114.28571
34 37 2000.0
34 7 300.0
34 13 401.68588
34 27 1.1278558
34 16 63.884285
34 11 2.631328
34 29 3.5465329
34 25 1.5855055
34 5 1.897547
35 21 0.03113166
35 31 65.542046
36 28 0.03102172
36 3 0.21885198
36 9 0.7629299
37 30 17.49003
37 0 1.4172562
37 8 0.90338874
37 18 2.784371
37 13 1.2516418
37 11 1.3698485
37 29 0.7651626
37 5 9.313159
37 20 3.9420707
37 2 1.0679249
37 7 2782.2727
37 27 0.8802439
37 16 2000.0
37 23 1.4786017
37 25 100.0
