0 8 8.614774
0 2 1.652149
0 37 0.88248557
0 13 0.9924165
0 16 2000.0
0 11 40.18005
0 29 11.538463
1 3 0.2470111
1 12 1202.159
2 30 41.02326
2 0 1.652149
2 8 1.9146782
2 18 21.710854
2 13 0.6218483
2 33 3.4212754
2 11 1.8536866
2 29 0.93975735
2 20 4.9974933
2 37 1.4473468
2 27 2.410964
2 16 2000.0
2 23 43.93637
2 25 1.6055344
3 36 0.29354945
3 28 0.077439345
3 24 150.0
3 12 0.060988527
3 1 0.2470111
3 9 0.61430806
4 31 0.081666745
4 9 0.06958831
4 17 0.105426714
4 19 0.098223224
5 30 0.8562314
5 8 0.83761567
5 18 0.41343918
5 13 171.42856
5 11 4.829499
5 29 3.338484
5 34 1.0640538
5 20 1.1791495
5 37 2000.0
5 7 11.520438
5 27 3.651996
5 16 1.6982163
5 23 5.6839767
6 31 0.21664773
6 17 0.8253784
7 34 6.8632045
7 30 1.105168
7 20 1.2068392
7 8 52.1832
7 37 16.549006
7 27 133.33334
7 16 1.015065
7 11 5.321516
7 23 1.1204215
7 25 7.62792
7 5 11.520438
8 0 8.614774
8 30 1.5775285
8 18 1.1075404
8 13 4.0963883
8 11 0.49166068
8 29 1.0040188
8 5 0.83761567
8 34 2.143729
8 2 1.9146782
8 37 0.939364
8 7 52.1832
8 27 1.922192
8 16 2.0715427
8 23 1.2452683
9 36 2.2859304
9 26 2000.0
9 28 1.753719
9 10 8.925569
9 22 0.60615903
9 31 0.03522697
9 3 0.61430806
9 17 0.047630347
9 4 0.06958831
9 19 0.06873122
10 26 0.031937897
10 28 0.15268674
10 24 0.0436192
10 31 0.039248154
10 12 4.9753695
10 9 8.925569
10 17 0.029847877
11 0 40.18005
11 30 0.5239144
11 8 0.49166068
11 18 8.096618
11 13 0.60267305
11 33 3.39777
11 29 1.1506345
11 5 4.829499
11 34 2.8732057
11 20 1.5268551
11 2 1.8536866
11 37 2.5440693
11 7 5.321516
11 27 0.89947915
11 16 1.4462526
11 25 1.1987481
12 26 1.0824763
12 28 2.6469631
12 32 0.25401336
12 10 4.9753695
12 24 0.07919246
12 21 0.07152883
12 3 0.060988527
13 30 2.0064392
13 0 0.9924165
13 8 4.0963883
13 18 354.75
13 33 0.7727894
13 11 0.60267305
13 29 0.9546824
13 5 171.42856
13 34 7.122867
13 20 0.4478704
13 2 0.6218483
13 14 5.779295
13 37 3.5176592
13 27 1.1732779
13 16 114.28571
13 25 0.646731
14 20 0.7058628
14 13 5.779295
14 27 3.2125514
14 33 0.36979133
14 11 2000.0
14 25 0.8666897
15 32 0.06773828
15 21 0.8124613
16 30 1.1211543
16 0 2000.0
16 8 2.0715427
16 18 0.9358017
16 13 114.28571
16 11 1.4462526
16 29 43.295704
16 5 1.6982163
16 20 4.421981
16 37 74.794395
16 7 1.015065
16 27 1.4296302
16 23 15.035086
16 25 1.3687057
17 26 1.860202
17 6 0.8253784
17 10 0.029847877
17 24 0.2736846
17 31 1.2733902
17 9 0.047630347
17 4 0.105426714
17 19 2.903324
18 30 0.74403244
18 2 21.710854
18 8 1.1075404
18 37 1.6314052
18 7 2000.0
18 13 354.75
18 27 5.1032357
18 16 0.9358017
18 23 1.4947124
18 11 8.096618
18 29 1.0332175
18 5 0.41343918
19 31 0.11384208
19 9 0.06873122
19 17 2.903324
19 4 0.098223224
20 30 43.25886
20 13 0.4478704
20 33 1.9577557
20 11 1.5268551
20 29 1.4495544
20 5 1.1791495
20 34 0.82199365
20 2 4.9974933
20 14 0.7058628
20 37 3.8219266
20 7 1.2068392
20 27 0.58351517
20 16 4.421981
20 25 0.560544
21 32 2000.0
21 10 2000.0
21 24 0.3110362
21 35 0.036177345
21 12 0.07152883
21 15 0.8124613
22 6 1217.1023
22 31 1246.0796
22 9 0.60615903
22 19 1462.216
23 0 2000.0
23 30 1.2688873
23 2 43.93637
23 8 1.2452683
23 37 2.114574
23 18 1.4947124
23 7 1.1204215
23 16 15.035086
23 11 2000.0
23 29 2.4983504
23 5 5.6839767
24 26 0.058108736
24 32 0.093548395
24 10 0.0436192
24 21 0.3110362
24 31 4.891539
24 3 150.0
24 12 0.07919246
24 15 2000.0
24 17 0.2736846
25 0 2000.0
25 30 3.834483
25 13 0.646731
25 33 0.38002563
25 11 1.1987481
25 29 7.006688
25 34 1.2275518
25 20 0.560544
25 2 1.6055344
25 14 0.8666897
25 37 47.13703
25 7 7.62792
25 27 0.9784885
25 16 1.3687057
26 36 69.53925
26 32 29.355333
26 28 0.093908355
26 10 0.031937897
26 24 0.058108736
26 31 0.082565784
26 12 1.0824763
26 17 1.860202
27 0 2000.0
27 30 0.21955013
27 8 1.922192
27 18 5.1032357
27 13 1.1732779
27 33 1.1531843
27 11 0.89947915
27 29 0.76741827
27 5 3.651996
27 34 1.0897025
27 20 0.58351517
27 2 2.410964
27 14 3.2125514
27 37 1.2170658
27 7 133.33334
27 16 1.4296302
27 25 0.9784885
28 36 0.037092574
28 26 0.093908355
28 10 0.15268674
28 3 0.077439345
28 12 2.6469631
28 9 1.753719
29 0 11.538463
29 30 8.308518
29 8 1.0040188
29 18 1.0332175
29 13 0.9546824
29 11 1.1506345
29 5 3.338484
29 34 7.92918
29 20 1.4495544
29 2 0.93975735
29 37 1.075627
29 7 2000.0
29 27 0.76741827
29 16 43.295704
29 23 2.4983504
29 25 7.006688
30 0 2000.0
30 8 1.5775285
30 18 0.74403244
30 13 2.0064392
30 33 1.9192528
30 11 0.5239144
30 29 8.308518
30 5 0.8562314
30 34 0.96375084
30 20 43.25886
30 2 41.02326
30 14 2000.0
30 37 23.375593
30 7 1.105168
30 27 0.21955013
30 16 1.1211543
30 23 1.2688873
30 25 3.834483
31 26 0.082565784
31 6 0.21664773
31 10 0.039248154
31 24 4.891539
31 9 0.03522697
31 17 1.2733902
31 4 0.081666745
31 19 0.11384208
32 26 29.355333
32 24 0.093548395
32 12 0.25401336
32 15 0.06773828
33 34 2000.0
33 30 1.9192528
33 20 1.9577557
33 2 3.4212754
33 14 0.36979133
33 7 2000.0
33 13 0.7727894
33 27 1.1531843
33 16 2226.3638
33 11 3.39777
33 29 1349.034
33 25 0.38002563
34 30 0.96375084
34 20 0.82199365
34 8 2.143729
34 13 7.122867
34 7 6.8632045
34 27 1.0897025
34 16 1215.0568
34 11 2.8732057
34 25 1.2275518
34 29 7.92918
34 5 1.0640538
35 21 0.036177345
36 26 69.53925
36 28 0.037092574
36 3 0.29354945
36 9 2.2859304
37 30 23.375593
37 0 0.88248557
37 8 0.939364
37 18 1.6314052
37 13 3.5176592
37 11 2.5440693
37 29 1.075627
37 20 3.8219266
37 2 1.4473468
37 7 16.549006
37 27 1.2170658
37 16 74.794395
37 23 2.114574
37 25 47.13703
