0 2 1.7543175
0 37 1.8020242
0 13 0.89821553
0 29 64.191055
0 25 16.455149
1 3 1.380073
1 12 68.31548
2 30 52.630165
2 0 1.7543175
2 8 1.4634149
2 18 2.9034312
2 13 0.53969395
2 33 1.6382183
2 11 2.6184604
2 29 0.9802931
2 20 5.650321
2 37 0.80745244
2 27 1.3546065
2 16 2000.0
2 23 8.820861
2 25 0.38803476
3 36 1.1053202
3 28 17.330807
3 24 2000.0
3 12 0.0560953
3 1 1.380073
3 9 0.43553886
4 31 0.0701974
4 9 0.113757454
4 17 0.20670196
4 19 0.07360054
5 30 0.7449221
5 8 0.9509787
5 18 0.75162685
5 13 25.224178
5 11 2.8762848
5 29 4.0893455
5 34 5.6325207
5 20 2.7060432
5 37 28.639635
5 7 7.310854
5 27 2.9905372
5 16 1.5734708
5 23 7.378441
5 25 2000.0
6 31 0.113692254
6 17 3.725233
7 30 0.6947934
7 20 100.869896
7 8 4.916501
7 16 1.0276341
7 23 1.225536
7 11 116.41406
7 25 2.635549
7 5 7.310854
8 0 2000.0
8 30 0.5193027
8 18 1.1712824
8 13 1.457283
8 11 1.0727721
8 29 1.2386138
8 5 0.9509787
8 34 105.8998
8 2 1.4634149
8 37 0.927984
8 7 4.916501
8 27 1.0044593
8 16 1.6101986
8 23 1.0346363
8 25 2000.0
9 36 0.990483
9 26 2000.0
9 28 1.5934752
9 10 18.661812
9 22 0.05106139
9 31 0.029394625
9 12 2000.0
9 3 0.43553886
9 4 0.113757454
9 17 0.062239196
9 19 0.068971336
10 26 0.029992547
10 28 1.5237947
10 24 0.061829258
10 31 6.0323596
10 12 1269.2614
10 9 18.661812
10 17 0.036650524
11 0 2000.0
11 30 0.9106433
11 8 1.0727721
11 18 15.754071
11 13 1.0406145
11 33 1.6729147
11 29 1.6220725
11 5 2.8762848
11 34 5.867081
11 20 1.7153716
11 2 2.6184604
11 37 1.4432188
11 7 116.41406
11 27 0.78100264
11 16 1.0853097
11 25 0.666302
12 26 0.5997895
12 32 7.860166
12 24 0.06475176
12 21 0.12896189
12 3 0.0560953
12 1 68.31548
13 30 46.73977
13 0 0.89821553
13 8 1.457283
13 18 149.00342
13 33 0.8074199
13 11 1.0406145
13 29 1.120604
13 5 25.224178
13 34 266.6667
13 20 1.4070733
13 2 0.53969395
13 14 4.394489
13 37 1.1845042
13 7 2000.0
13 27 0.29322937
13 16 44.813526
13 25 0.25117773
14 30 7.659802
14 20 3.5460443
14 13 4.394489
14 27 6.2048874
14 33 0.4637876
14 25 1.731127
15 32 0.07679018
15 21 8.514962
16 0 2000.0
16 30 1.1211731
16 8 1.6101986
16 18 1.1327535
16 13 44.813526
16 11 1.0853097
16 29 380.57855
16 5 1.5734708
16 34 79.406555
16 20 195.2453
16 7 1.0276341
16 27 1.2755063
16 23 2.470657
16 25 0.86788243
17 6 3.725233
17 26 1.669656
17 10 0.036650524
17 24 0.12669535
17 31 1.1797104
17 9 0.062239196
17 4 0.20670196
17 19 128.98637
18 0 2000.0
18 30 0.8684799
18 8 1.1712824
18 13 149.00342
18 11 15.754071
18 29 1.425189
18 5 0.75162685
18 2 2.9034312
18 37 2.6586053
18 7 2000.0
18 27 18.787283
18 16 1.1327535
18 23 1.1686388
19 31 0.11054571
19 9 0.068971336
19 4 0.07360054
19 17 128.98637
20 30 2.0374162
20 13 1.4070733
20 33 1.3354095
20 11 1.7153716
20 29 17.957184
20 5 2.7060432
20 34 1.3737602
20 2 5.650321
20 14 3.5460443
20 37 4.8440914
20 7 100.869896
20 27 3.1107998
20 16 195.2453
20 25 0.39119938
21 32 2000.0
21 24 0.71748585
21 35 0.033919647
21 12 0.12896189
21 15 8.514962
22 31 171.42857
22 9 0.05106139
22 19 2000.0
23 0 2000.0
23 30 1.3432627
23 8 1.0346363
23 2 8.820861
23 37 0.9834556
23 18 1.1686388
23 7 1.225536
23 16 2.470657
23 11 2000.0
23 29 1.6167293
23 5 7.378441
24 26 0.0414084
24 32 0.31681708
24 10 0.061829258
24 21 0.71748585
24 12 0.06475176
24 15 2000.0
24 17 0.12669535
25 30 20.890657
25 0 16.455149
25 13 0.25117773
25 33 0.6322306
25 11 0.666302
25 29 2.046329
25 34 5.6244144
25 20 0.39119938
25 2 0.38803476
25 14 1.731127
25 37 83.36101
25 7 2.635549
25 27 0.24734236
25 16 0.86788243
26 32 149.6697
26 28 0.0588961
26 10 0.029992547
26 24 0.0414084
26 31 0.0954018
26 12 0.5997895
26 17 1.669656
27 30 0.26750457
27 0 2000.0
27 8 1.0044593
27 18 18.787283
27 13 0.29322937
27 33 0.80990356
27 11 0.78100264
27 29 0.91151774
27 5 2.9905372
27 34 0.92057735
27 20 3.1107998
27 2 1.3546065
27 14 6.2048874
27 37 1.1549262
27 7 2000.0
27 16 1.2755063
27 25 0.24734236
28 36 0.03584203
28 26 0.0588961
28 10 1.5237947
28 3 17.330807
28 12 1203.8069
28 9 1.5934752
28 19 1463.5227
29 0 64.191055
29 30 1.4734238
29 8 1.2386138
29 18 1.425189
29 13 1.120604
29 33 16.938366
29 11 1.6220725
29 5 4.0893455
29 34 4.516474
29 20 17.957184
29 2 0.9802931
29 37 0.9339506
29 7 2000.0
29 27 0.91151774
29 16 380.57855
29 23 1.6167293
29 25 2.046329
30 8 0.5193027
30 18 0.8684799
30 13 46.73977
30 33 7.0858626
30 11 0.9106433
30 29 1.4734238
30 5 0.7449221
30 34 0.9216109
30 20 2.0374162
30 2 52.630165
30 14 7.659802
30 37 28.769861
30 7 0.6947934
30 27 0.26750457
30 16 1.1211731
30 23 1.3432627
30 25 20.890657
31 26 0.0954018
31 6 0.113692254
31 10 6.0323596
31 35 36.834404
31 22 171.42857
31 9 0.029394625
31 4 0.0701974
31 17 1.1797104
31 19 0.11054571
32 26 149.6697
32 24 0.31681708
32 12 7.860166
32 15 0.07679018
33 30 7.0858626
33 8 2000.0
33 13 0.8074199
33 11 1.6729147
33 29 16.938366
33 5 2000.0
33 34 2000.0
33 20 1.3354095
33 2 1.6382183
33 14 0.4637876
33 7 2000.0
33 27 0.80990356
33 16 3017.898
33 25 0.6322306
34 30 0.9216109
34 20 1.3737602
34 8 105.8998
34 37 2000.0
34 7 2000.0
34 13 266.6667
34 27 0.92057735
34 16 79.406555
34 11 5.867081
34 29 4.516474
34 25 5.6244144
34 5 5.6325207
35 21 0.033919647
35 31 36.834404
36 28 0.03584203
36 3 1.1053202
36 9 0.990483
37 30 28.769861
37 0 1.8020242
37 8 0.927984
37 18 2.6586053
37 13 1.1845042
37 11 1.4432188
37 29 0.9339506
37 5 28.639635
37 20 4.8440914
37 2 0.80745244
37 7 1456.9886
37 27 1.1549262
37 16 2000.0
37 23 0.9834556
37 25 83.36101
