0 8 6.514491
0 2 0.8379765
0 37 0.64269835
0 13 1.3408779
0 11 63.25256
0 29 6.812333
1 3 0.25463903
1 12 42.391495
2 0 0.8379765
2 30 6.0824814
2 8 1.2178253
2 18 14.042832
2 13 0.39092743
2 33 1.8571243
2 11 1.2058238
2 29 0.8399692
2 20 2.0076072
2 37 0.5556918
2 27 2.2434971
2 16 2000.0
2 23 30.711018
2 25 2.1873488
3 36 0.26545697
3 28 0.08103576
3 24 266.6667
3 12 0.058505993
3 1 0.25463903
3 9 0.7443492
4 31 0.08282712
4 9 0.056510806
4 17 0.10126248
4 19 0.093876556
5 30 0.6645711
5 8 0.72652644
5 18 0.3553544
5 13 163.87968
5 11 2.442876
5 29 2.2282205
5 34 0.9254541
5 20 6.42457
5 37 2000.0
5 7 4.5753393
5 27 1.9813364
5 16 1.6031219
5 23 3.653227
6 22 157.85794
6 31 0.78666127
6 17 1.1510329
7 34 9.75872
7 30 1.142383
7 20 1.6346946
7 8 75.0
7 37 12.956985
7 27 150.0
7 16 1.1103053
7 11 6.5168304
7 23 1.2044035
7 25 6.0191994
7 5 4.5753393
8 0 6.514491
8 30 1.0907493
8 18 1.1922542
8 13 3.889518
8 11 1.4029438
8 29 0.53782994
8 5 0.72652644
8 34 2.6725717
8 2 1.2178253
8 37 0.7504245
8 7 75.0
8 27 3.1859972
8 16 1.3508104
8 23 0.881635
9 36 2.008408
9 26 2000.0
9 28 1.0562027
9 10 6.3751483
9 22 0.8351273
9 31 0.029692082
9 3 0.7443492
9 17 0.12174147
9 4 0.056510806
9 19 0.07819264
10 26 0.036388505
10 28 0.2656522
10 24 0.053788345
10 31 0.03084416
10 12 10.191314
10 9 6.3751483
10 17 0.038000975
11 0 63.25256
11 30 0.50856626
11 8 1.4029438
11 18 6.7314596
11 13 0.5601155
11 33 2.6913078
11 29 0.6999027
11 5 2.442876
11 34 2.1040328
11 20 1.8881503
11 2 1.2058238
11 37 1.1689807
11 7 6.5168304
11 27 0.6094044
11 16 0.7608584
11 25 0.99611735
12 26 1.2594438
12 28 5.0759177
12 32 0.35997844
12 10 10.191314
12 24 0.0678206
12 21 0.090869635
12 3 0.058505993
12 1 42.391495
13 0 1.3408779
13 30 1.0014594
13 8 3.889518
13 18 112.405304
13 33 0.79881
13 11 0.5601155
13 29 0.7573887
13 5 163.87968
13 34 7.051584
13 20 0.8047488
13 2 0.39092743
13 14 3.5764215
13 37 0.7790546
13 27 0.21882659
13 16 43.17607
13 25 0.64781064
14 20 2.2608109
14 13 3.5764215
14 27 5.416377
14 33 0.6994924
14 11 2000.0
14 25 1.5391876
15 32 0.13807864
15 21 1.3052726
16 30 1.0332586
16 0 2000.0
16 8 1.3508104
16 18 1.2717603
16 13 43.17607
16 11 0.7608584
16 29 27.90422
16 5 1.6031219
16 20 4.923792
16 37 15.281097
16 7 1.1103053
16 27 1.3764805
16 23 7.8074775
16 25 1.1773164
17 26 2.198094
17 6 1.1510329
17 10 0.038000975
17 24 0.41657645
17 31 1.1343582
17 9 0.12174147
17 4 0.10126248
17 19 3.1410003
18 30 0.69237536
18 2 14.042832
18 8 1.1922542
18 37 1.0589384
18 7 2000.0
18 13 112.405304
18 27 6.1031737
18 16 1.2717603
18 23 1.3576312
18 11 6.7314596
18 29 0.9687397
18 5 0.3553544
19 31 0.07657773
19 9 0.07819264
19 17 3.1410003
19 4 0.093876556
20 30 21.933922
20 13 0.8047488
20 33 2.7781706
20 11 1.8881503
20 29 2.220268
20 5 6.42457
20 34 1.527929
20 2 2.0076072
20 14 2.2608109
20 37 2.8711505
20 7 1.6346946
20 27 1.3649338
20 16 4.923792
20 25 0.77379775
21 32 2000.0
21 24 0.30008516
21 35 0.06798219
21 12 0.090869635
21 15 1.3052726
22 6 157.85794
22 31 1181.1932
22 9 0.8351273
22 19 1288.409
23 0 2000.0
23 30 1.0639966
23 2 30.711018
23 8 0.881635
23 37 1.3600329
23 18 1.3576312
23 7 1.2044035
23 27 2000.0
23 16 7.8074775
23 11 2000.0
23 29 1.9700973
23 5 3.653227
24 26 0.056646015
24 32 0.09822506
24 10 0.053788345
24 21 0.30008516
24 31 8.694282
24 12 0.0678206
24 3 266.6667
24 15 2000.0
24 17 0.41657645
25 30 10.235719
25 13 0.64781064
25 33 0.6375822
25 11 0.99611735
25 29 7.787781
25 34 2.0685203
25 20 0.77379775
25 2 2.1873488
25 14 1.5391876
25 37 75.0
25 7 6.0191994
25 27 0.8479901
25 16 1.1773164
26 36 189.47371
26 32 72.05
26 28 0.05100147
26 10 0.036388505
26 24 0.056646015
26 31 0.061005283
26 12 1.2594438
26 17 2.198094
27 0 2000.0
27 30 0.463688
27 8 3.1859972
27 18 6.1031737
27 13 0.21882659
27 33 1.7485249
27 11 0.6094044
27 29 0.52844334
27 5 1.9813364
27 34 5.3742824
27 20 1.3649338
27 2 2.2434971
27 14 5.416377
27 37 0.5720657
27 7 150.0
27 16 1.3764805
27 25 0.8479901
28 36 0.036195975
28 26 0.05100147
28 10 0.2656522
28 3 0.08103576
28 12 5.0759177
28 9 1.0562027
29 0 6.812333
29 30 3.2886848
29 8 0.53782994
29 18 0.9687397
29 13 0.7573887
29 11 0.6999027
29 5 2.2282205
29 34 6.0337386
29 20 2.220268
29 2 0.8399692
29 37 0.64151776
29 7 2000.0
29 27 0.52844334
29 16 27.90422
29 23 1.9700973
29 25 7.787781
30 0 2000.0
30 8 1.0907493
30 18 0.69237536
30 13 1.0014594
30 33 2.664357
30 11 0.50856626
30 29 3.2886848
30 5 0.6645711
30 34 1.3998559
30 20 21.933922
30 2 6.0824814
30 37 3.70154
30 7 1.142383
30 27 0.463688
30 16 1.0332586
30 23 1.0639966
30 25 10.235719
31 26 0.061005283
31 6 0.78666127
31 10 0.03084416
31 24 8.694282
31 9 0.029692082
31 17 1.1343582
31 4 0.08282712
31 19 0.07657773
32 26 72.05
32 24 0.09822506
32 12 0.35997844
32 15 0.13807864
33 34 2000.0
33 30 2.664357
33 20 2.7781706
33 2 1.8571243
33 14 0.6994924
33 7 2000.0
33 13 0.79881
33 27 1.7485249
33 16 1249.4886
33 11 2.6913078
33 29 8077.4434
33 25 0.6375822
34 30 1.3998559
34 20 1.527929
34 8 2.6725717
34 13 7.051584
34 7 9.75872
34 27 5.3742824
34 16 1215.0568
34 11 2.1040328
34 25 2.0685203
34 29 6.0337386
34 5 0.9254541
35 21 0.06798219
36 26 189.47371
36 28 0.036195975
36 3 0.26545697
36 9 2.008408
37 0 0.64269835
37 30 3.70154
37 8 0.7504245
37 18 1.0589384
37 13 0.7790546
37 11 1.1689807
37 29 0.64151776
37 20 2.8711505
37 2 0.5556918
37 7 12.956985
37 27 0.5720657
37 16 15.281097
37 23 1.3600329
37 25 75.0
