0 8 8.337902
0 2 1.1160847
0 37 1.4779409
0 13 1.3523483
0 11 139.24635
0 25 625.0
0 29 4.224161
1 3 0.31699932
1 12 1202.3295
2 30 39.759712
2 0 1.1160847
2 8 1.7601315
2 18 8.972479
2 13 1.0583888
2 33 2.097839
2 11 0.9258945
2 29 1.091322
2 20 3.6851015
2 37 0.9739331
2 27 3.390028
2 16 2000.0
2 23 43.306236
2 25 1.9536875
3 36 0.17146915
3 28 0.09846773
3 24 228.57143
3 12 0.05729514
3 1 0.31699932
3 9 0.29806906
4 31 0.06841862
4 9 0.0773827
4 17 0.07237333
4 19 0.09509128
5 30 0.6077776
5 8 0.7331568
5 18 0.59457296
5 13 2000.0
5 11 6.188916
5 29 3.8856525
5 34 5.8889656
5 20 3.037614
5 37 2000.0
5 7 11.01733
5 27 1.9564042
5 16 1.6467131
5 23 4.6541224
6 22 84.22386
6 31 0.9573161
6 17 1.5112228
7 34 8.591716
7 30 0.84706676
7 20 2.3141181
7 8 34.18236
7 37 11.659873
7 27 38.095238
7 16 1.1068918
7 11 6.994738
7 23 1.4267645
7 25 2.8853147
7 5 11.01733
8 0 8.337902
8 30 0.66630965
8 18 1.0361848
8 13 2.3960037
8 11 0.77233464
8 29 0.74338466
8 5 0.7331568
8 34 7.6731052
8 2 1.7601315
8 37 1.9671054
8 7 34.18236
8 27 1.4227002
8 16 1.7073363
8 23 0.8877833
9 36 0.6377224
9 26 2000.0
9 28 9.596854
9 10 5.545665
9 22 0.2944694
9 31 0.029876502
9 3 0.29806906
9 17 0.05270761
9 4 0.0773827
9 19 0.067550845
10 26 0.037473023
10 28 0.50386846
10 24 0.07547371
10 31 0.03236643
10 12 6.106715
10 9 5.545665
10 17 0.031992707
11 0 139.24635
11 30 0.59750575
11 8 0.77233464
11 18 5.265988
11 13 1.152669
11 33 2.613078
11 29 0.5748925
11 5 6.188916
11 34 3.4545224
11 20 1.3782767
11 2 0.9258945
11 37 1.503752
11 7 6.994738
11 27 0.75404704
11 16 1.0473769
11 25 1.1428545
12 26 0.7688636
12 28 4.297627
12 32 0.14543758
12 10 6.106715
12 24 0.07008297
12 21 0.08107987
12 3 0.05729514
13 30 0.89912677
13 0 1.3523483
13 8 2.3960037
13 18 414.38635
13 33 0.9343793
13 11 1.152669
13 29 0.89078784
13 34 14.099553
13 20 0.65820664
13 2 1.0583888
13 14 3.1980128
13 37 2.9570584
13 27 0.2296743
13 16 91.50837
13 25 0.66178834
14 20 0.69142365
14 13 3.1980128
14 33 0.6208915
14 27 2.143777
14 11 2000.0
14 25 1.9884447
15 32 0.07166422
15 21 0.79647917
16 30 1.6119505
16 0 2000.0
16 8 1.7073363
16 18 1.0349536
16 13 91.50837
16 11 1.0473769
16 29 112.50001
16 5 1.6467131
16 20 8.283307
16 37 39.42902
16 7 1.1068918
16 27 2.3355036
16 23 4.4659786
16 25 2.216911
17 26 3.6511157
17 6 1.5112228
17 10 0.031992707
17 24 0.257011
17 31 1.9448501
17 9 0.05270761
17 4 0.07237333
17 19 2.9477775
18 30 0.7390601
18 2 8.972479
18 8 1.0361848
18 37 1.0661721
18 7 2000.0
18 13 414.38635
18 27 2.3226616
18 16 1.0349536
18 23 1.5450188
18 11 5.265988
18 29 1.1188954
18 5 0.59457296
19 31 0.06887831
19 9 0.067550845
19 17 2.9477775
19 4 0.09509128
20 30 15.412719
20 13 0.65820664
20 33 1.1040784
20 11 1.3782767
20 29 1.3055776
20 5 3.037614
20 34 0.9748982
20 2 3.6851015
20 14 0.69142365
20 37 5.7377915
20 7 2.3141181
20 27 0.889143
20 16 8.283307
20 25 0.53585136
21 32 2000.0
21 10 2000.0
21 24 0.08480576
21 35 0.039572194
21 12 0.08107987
21 15 0.79647917
22 6 84.22386
22 31 1232.6136
22 9 0.2944694
22 19 1248.466
23 0 2000.0
23 30 2.0638676
23 2 43.306236
23 8 0.8877833
23 37 2.2068686
23 18 1.5450188
23 7 1.4267645
23 16 4.4659786
23 11 2000.0
23 29 2.8828955
23 5 4.6541224
24 26 0.087038435
24 32 0.11306467
24 28 2000.0
24 10 0.07547371
24 21 0.08480576
24 31 18.067003
24 12 0.07008297
24 3 228.57143
24 15 2000.0
24 17 0.257011
25 0 625.0
25 30 2.3246157
25 13 0.66178834
25 33 0.55959165
25 11 1.1428545
25 29 2.3339322
25 34 5.2313366
25 20 0.53585136
25 2 1.9536875
25 14 1.9884447
25 37 13.207873
25 7 2.8853147
25 27 0.94027966
25 16 2.216911
26 32 22.871933
26 28 0.04714946
26 10 0.037473023
26 24 0.087038435
26 31 0.12066363
26 12 0.7688636
26 17 3.6511157
27 0 2000.0
27 30 0.17624398
27 8 1.4227002
27 18 2.3226616
27 13 0.2296743
27 33 1.2865909
27 11 0.75404704
27 29 0.3469376
27 5 1.9564042
27 34 1.160967
27 20 0.889143
27 2 3.390028
27 14 2.143777
27 37 1.2066275
27 7 38.095238
27 16 2.3355036
27 25 0.94027966
28 36 0.040487535
28 26 0.04714946
28 10 0.50386846
28 3 0.09846773
28 12 4.297627
28 9 9.596854
29 0 4.224161
29 30 3.20501
29 8 0.74338466
29 18 1.1188954
29 13 0.89078784
29 11 0.5748925
29 5 3.8856525
29 34 5.955939
29 20 1.3055776
29 2 1.091322
29 37 1.124008
29 7 2000.0
29 27 0.3469376
29 16 112.50001
29 23 2.8828955
29 25 2.3339322
30 0 2000.0
30 8 0.66630965
30 18 0.7390601
30 13 0.89912677
30 33 2.6976383
30 11 0.59750575
30 29 3.20501
30 5 0.6077776
30 34 3.7130983
30 20 15.412719
30 2 39.759712
30 14 2000.0
30 37 3.4177155
30 7 0.84706676
30 27 0.17624398
30 16 1.6119505
30 23 2.0638676
30 25 2.3246157
31 26 0.12066363
31 6 0.9573161
31 10 0.03236643
31 24 18.067003
31 9 0.029876502
31 17 1.9448501
31 4 0.06841862
31 19 0.06887831
32 26 22.871933
32 24 0.11306467
32 12 0.14543758
32 15 0.07166422
33 30 2.6976383
33 13 0.9343793
33 11 2.613078
33 29 4429.602
33 5 2000.0
33 34 2000.0
33 20 1.1040784
33 2 2.097839
33 14 0.6208915
33 7 2000.0
33 27 1.2865909
33 16 2000.0
33 25 0.55959165
34 30 3.7130983
34 20 0.9748982
34 8 7.6731052
34 7 8.591716
34 13 14.099553
34 27 1.160967
34 16 2536.0227
34 11 3.4545224
34 25 5.2313366
34 29 5.955939
34 5 5.8889656
35 21 0.039572194
36 26 2000.0
36 28 0.040487535
36 3 0.17146915
36 9 0.6377224
37 30 3.4177155
37 0 1.4779409
37 8 1.9671054
37 18 1.0661721
37 13 2.9570584
37 11 1.503752
37 29 1.124008
37 20 5.7377915
37 2 0.9739331
37 7 11.659873
37 27 1.2066275
37 16 39.42902
37 23 2.2068686
37 25 13.207873
