0 8 22.490438
0 2 1.4454001
0 37 0.7635726
0 13 1.033311
0 11 43.395523
0 29 12.90953
0 25 2000.0
1 3 0.2626421
1 12 1202.159
2 30 15.347244
2 0 1.4454001
2 8 1.6619961
2 18 6.9569306
2 13 0.32421264
2 33 1.9627625
2 11 0.8632895
2 29 0.98900235
2 20 3.5476048
2 37 0.77535397
2 27 0.4838945
2 16 2000.0
2 23 23.819592
2 25 3.5347593
3 36 0.26059905
3 28 0.13528432
3 24 2000.0
3 12 0.06127739
3 1 0.2626421
3 9 0.22701089
4 31 0.07817047
4 9 0.06979322
4 17 0.08764856
4 19 0.08899512
5 30 0.6151301
5 8 0.851254
5 18 0.35857254
5 13 800.0
5 11 2.34541
5 29 2.9328136
5 34 3.0751727
5 20 2.9816434
5 37 2000.0
5 7 4.5943117
5 27 2.1107395
5 16 1.7598203
5 23 4.3244987
6 22 110.85971
6 31 0.9979454
6 17 1.2692008
7 34 8.13527
7 30 0.7452457
7 20 1.6991249
7 8 42.666668
7 37 12.940246
7 27 79.12421
7 16 0.93734527
7 11 7.5168552
7 23 1.6664774
7 25 9.102601
7 5 4.5943117
8 0 22.490438
8 30 1.1690809
8 18 0.92913187
8 13 5.5936418
8 11 0.40355194
8 29 0.95393485
8 5 0.851254
8 34 7.5590615
8 2 1.6619961
8 37 0.9433469
8 7 42.666668
8 27 2.795767
8 16 1.4175403
8 23 1.4470224
9 36 0.7157229
9 26 2000.0
9 28 0.9325699
9 10 12.027828
9 22 0.2251698
9 31 0.033153456
9 12 2000.0
9 3 0.22701089
9 17 0.044984244
9 4 0.06979322
9 19 0.06733871
10 26 0.036149405
10 28 0.22452325
10 24 0.047507506
10 31 0.05027493
10 12 21.47075
10 9 12.027828
10 17 0.032286044
11 0 43.395523
11 30 0.39907712
11 8 0.40355194
11 18 10.45123
11 13 0.63647187
11 33 1.9767296
11 29 0.911027
11 5 2.34541
11 34 6.399638
11 20 1.374815
11 2 0.8632895
11 37 1.2123592
11 7 7.5168552
11 27 0.4477429
11 16 0.66861373
11 25 1.0761712
12 26 0.65680724
12 28 7.758631
12 32 0.22543374
12 10 21.47075
12 24 0.07055148
12 21 0.068855375
12 3 0.06127739
13 30 6.077953
13 0 1.033311
13 8 5.5936418
13 18 249.99998
13 33 0.9412767
13 11 0.63647187
13 29 0.82013327
13 5 800.0
13 34 13.314667
13 20 0.68528503
13 2 0.32421264
13 14 3.020727
13 37 2.660309
13 27 0.6222588
13 16 3343.198
13 25 0.6766111
14 20 0.84892637
14 13 3.020727
14 33 0.82911664
14 27 2.4034092
14 11 2000.0
14 25 1.4072098
15 32 0.06830207
15 24 900.00006
15 21 1.2539921
16 30 1.3511246
16 0 2000.0
16 8 1.4175403
16 18 0.8335766
16 11 0.66861373
16 29 49.49496
16 5 1.7598203
16 20 6.933602
16 37 51.73453
16 7 0.93734527
16 27 1.4790151
16 23 9.267685
16 25 0.9100144
17 26 2.9476073
17 6 1.2692008
17 10 0.032286044
17 24 0.26937556
17 31 1.903853
17 9 0.044984244
17 4 0.08764856
17 19 1.9005389
18 30 0.7316498
18 2 6.9569306
18 8 0.92913187
18 37 1.8749145
18 13 249.99998
18 7 2000.0
18 27 4.455415
18 16 0.8335766
18 23 1.1617547
18 11 10.45123
18 29 1.4484327
18 5 0.35857254
19 31 0.08051949
19 9 0.06733871
19 17 1.9005389
19 4 0.08899512
20 30 9.364656
20 13 0.68528503
20 33 1.0858644
20 11 1.374815
20 29 2.4043343
20 5 2.9816434
20 34 0.91602707
20 2 3.5476048
20 14 0.84892637
20 37 8.811854
20 7 1.6991249
20 27 0.48604998
20 16 6.933602
20 25 0.5363291
21 32 2000.0
21 24 0.7719722
21 35 0.045715444
21 12 0.068855375
21 15 1.2539921
22 6 110.85971
22 31 1244.1478
22 9 0.2251698
22 19 1329.4886
23 0 2000.0
23 30 0.9635762
23 2 23.819592
23 8 1.4470224
23 37 2.35686
23 18 1.1617547
23 7 1.6664774
23 16 9.267685
23 11 2000.0
23 29 3.2572942
23 5 4.3244987
24 26 0.06833085
24 32 0.08792809
24 10 0.047507506
24 21 0.7719722
24 31 10.196231
24 12 0.07055148
24 15 900.00006
24 17 0.26937556
25 30 3.0156677
25 13 0.6766111
25 33 0.2835693
25 11 1.0761712
25 29 2.7626033
25 34 2.4109454
25 20 0.5363291
25 2 3.5347593
25 14 1.4072098
25 37 71.111115
25 7 9.102601
25 27 0.8261138
25 16 0.9100144
26 36 103.24188
26 32 14.656221
26 28 0.033843476
26 10 0.036149405
26 24 0.06833085
26 31 0.076862894
26 12 0.65680724
26 17 2.9476073
27 0 2000.0
27 30 0.21430086
27 8 2.795767
27 18 4.455415
27 13 0.6222588
27 33 0.7982955
27 11 0.4477429
27 29 0.9578458
27 5 2.1107395
27 34 1.0730507
27 20 0.48604998
27 2 0.4838945
27 14 2.4034092
27 37 0.99805254
27 7 79.12421
27 16 1.4790151
27 25 0.8261138
28 36 0.032139454
28 26 0.033843476
28 10 0.22452325
28 3 0.13528432
28 12 7.758631
28 9 0.9325699
29 0 12.90953
29 30 5.4602904
29 8 0.95393485
29 18 1.4484327
29 13 0.82013327
29 11 0.911027
29 5 2.9328136
29 34 15.140972
29 20 2.4043343
29 2 0.98900235
29 37 1.3093468
29 7 2000.0
29 27 0.9578458
29 16 49.49496
29 23 3.2572942
29 25 2.7626033
30 0 2000.0
30 8 1.1690809
30 18 0.7316498
30 13 6.077953
30 33 2.056133
30 11 0.39907712
30 29 5.4602904
30 5 0.6151301
30 34 2.3973851
30 20 9.364656
30 2 15.347244
30 37 7.5701623
30 7 0.7452457
30 27 0.21430086
30 16 1.3511246
30 23 0.9635762
30 25 3.0156677
31 26 0.076862894
31 6 0.9979454
31 10 0.05027493
31 24 10.196231
31 9 0.033153456
31 17 1.903853
31 4 0.07817047
31 19 0.08051949
32 26 14.656221
32 24 0.08792809
32 12 0.22543374
32 15 0.06830207
33 30 2.056133
33 8 2000.0
33 13 0.9412767
33 11 1.9767296
33 29 7853.409
33 34 266.6667
33 20 1.0858644
33 2 1.9627625
33 14 0.82911664
33 7 2000.0
33 27 0.7982955
33 16 2000.0
33 25 0.2835693
34 30 2.3973851
34 20 0.91602707
34 8 7.5590615
34 13 13.314667
34 7 8.13527
34 27 1.0730507
34 33 266.6667
34 16 1215.0568
34 11 6.399638
34 25 2.4109454
34 29 15.140972
34 5 3.0751727
35 21 0.045715444
36 26 103.24188
36 28 0.032139454
36 3 0.26059905
36 9 0.7157229
37 30 7.5701623
37 0 0.7635726
37 8 0.9433469
37 18 1.8749145
37 13 2.660309
37 11 1.2123592
37 29 1.3093468
37 20 8.811854
37 2 0.77535397
37 7 12.940246
37 27 0.99805254
37 16 51.73453
37 23 2.35686
37 25 71.111115
