0 8 12.35585
0 2 0.73802125
0 37 0.8164629
0 13 0.817556
0 11 307.22726
0 29 18.651571
0 25 1600.0
1 3 0.27825755
1 12 1236.3636
2 30 10.497082
2 0 0.73802125
2 8 1.1354014
2 18 16.331335
2 13 0.4648201
2 33 2.3463225
2 11 1.7658055
2 29 0.92969406
2 20 3.415471
2 37 1.2077795
2 27 1.6076511
2 16 2000.0
2 23 23.416487
2 25 1.503249
3 36 0.20677458
3 28 0.16445616
3 24 2000.0
3 12 0.06370839
3 1 0.27825755
3 9 0.23368505
4 31 0.065062
4 9 0.067269
4 17 0.078964114
4 19 0.09277859
5 30 0.6505603
5 8 0.44456437
5 18 0.4174076
5 13 2000.0
5 11 1.6535445
5 29 4.0593724
5 34 5.4681478
5 20 4.8145022
5 37 2000.0
5 7 7.057404
5 27 2.5963688
5 16 1.767575
5 23 4.23123
6 31 1.13445
6 17 1.679714
7 34 16.18387
7 30 0.96292466
7 20 2.3070955
7 8 33.17688
7 37 18.60921
7 27 62.446663
7 16 1.4355047
7 11 9.244942
7 23 1.3099258
7 25 12.30786
7 5 7.057404
8 0 12.35585
8 30 0.62457037
8 18 0.9858254
8 13 2.489358
8 11 0.9584603
8 29 0.7521032
8 5 0.44456437
8 34 3.3841412
8 2 1.1354014
8 37 1.345556
8 7 33.17688
8 27 0.9632968
8 16 1.3529779
8 23 1.2069877
9 36 2.1084287
9 26 2000.0
9 28 2.836467
9 10 4.247389
9 22 0.30377504
9 31 0.029650055
9 3 0.23368505
9 17 0.045634724
9 4 0.067269
9 19 0.07955157
10 26 0.03550671
10 28 0.24494433
10 24 0.06656143
10 31 0.02994868
10 12 18.02175
10 9 4.247389
10 17 0.030847646
11 0 307.22726
11 30 0.3745127
11 8 0.9584603
11 18 6.350425
11 13 0.7992827
11 33 2.4855907
11 29 0.6446091
11 5 1.6535445
11 34 3.9452298
11 20 0.9430494
11 2 1.7658055
11 37 1.6779556
11 7 9.244942
11 27 0.38695934
11 16 0.9246711
11 25 1.0020033
12 26 1.2787006
12 28 4.201849
12 32 0.18573895
12 10 18.02175
12 24 0.06361147
12 21 0.07660974
12 3 0.06370839
13 30 1.2827599
13 0 0.817556
13 8 2.489358
13 18 631.71014
13 33 0.73457384
13 11 0.7992827
13 29 0.92023027
13 5 2000.0
13 34 8.172229
13 20 0.72944933
13 2 0.4648201
13 14 2.3998597
13 37 2.7938879
13 27 0.17987244
13 16 100.0
13 25 0.490217
14 20 0.56882966
14 13 2.3998597
14 33 0.4814915
14 27 1.181353
14 11 2000.0
14 25 2.1809402
15 32 0.06915933
15 21 1.6323515
16 0 2000.0
16 30 1.1106555
16 8 1.3529779
16 18 0.8835311
16 13 100.0
16 11 0.9246711
16 29 29.938812
16 5 1.767575
16 20 35.140198
16 37 70.145
16 7 1.4355047
16 27 1.2421875
16 23 4.655786
16 25 0.98475546
17 26 1.8488466
17 6 1.679714
17 10 0.030847646
17 24 0.21728626
17 31 1.1891928
17 9 0.045634724
17 4 0.078964114
17 19 1.7388067
18 30 0.6988376
18 0 2000.0
18 8 0.9858254
18 13 631.71014
18 11 6.350425
18 29 0.8886079
18 5 0.4174076
18 2 16.331335
18 37 1.5372386
18 7 2000.0
18 27 2.0405924
18 16 0.8835311
18 23 1.3930758
19 31 0.06885997
19 9 0.07955157
19 17 1.7388067
19 4 0.09277859
20 30 11.385065
20 13 0.72944933
20 33 1.0861801
20 11 0.9430494
20 29 2.1828043
20 5 4.8145022
20 34 0.89865243
20 2 3.415471
20 14 0.56882966
20 37 1.5083241
20 7 2.3070955
20 27 0.45284447
20 16 35.140198
20 25 0.61986524
21 32 2000.0
21 10 2000.0
21 24 0.12146052
21 35 0.042562827
21 12 0.07660974
21 15 1.6323515
22 6 1575.3408
22 31 1199.8864
22 9 0.30377504
22 19 1056.0795
23 0 2000.0
23 30 1.6386263
23 2 23.416487
23 8 1.2069877
23 37 1.7997649
23 18 1.3930758
23 7 1.3099258
23 16 4.655786
23 11 2000.0
23 29 2.379944
23 5 4.23123
24 26 0.068495855
24 32 0.13950488
24 10 0.06656143
24 21 0.12146052
24 31 23.490543
24 12 0.06361147
24 15 2000.0
24 17 0.21728626
25 0 1600.0
25 30 1.1944501
25 13 0.490217
25 33 0.7096392
25 11 1.0020033
25 29 2.7376876
25 34 4.6901007
25 20 0.61986524
25 2 1.503249
25 14 2.1809402
25 37 37.391735
25 7 12.30786
25 27 1.0806329
25 16 0.98475546
26 36 329.61038
26 32 19.78338
26 28 0.03416186
26 10 0.03550671
26 24 0.068495855
26 31 0.063109584
26 12 1.2787006
26 17 1.8488466
27 0 2000.0
27 30 0.23982885
27 8 0.9632968
27 18 2.0405924
27 13 0.17987244
27 33 1.0796982
27 11 0.38695934
27 29 0.8082322
27 5 2.5963688
27 34 1.0683333
27 20 0.45284447
27 2 1.6076511
27 14 1.181353
27 37 1.4318676
27 7 62.446663
27 16 1.2421875
27 25 1.0806329
28 36 0.039048314
28 26 0.03416186
28 10 0.24494433
28 3 0.16445616
28 12 4.201849
28 9 2.836467
29 0 18.651571
29 30 2.171261
29 8 0.7521032
29 18 0.8886079
29 13 0.92023027
29 11 0.6446091
29 5 4.0593724
29 34 4.14626
29 20 2.1828043
29 2 0.92969406
29 37 0.7983795
29 7 2000.0
29 27 0.8082322
29 16 29.938812
29 23 2.379944
29 25 2.7376876
30 0 2000.0
30 8 0.62457037
30 18 0.6988376
30 13 1.2827599
30 33 2.7258117
30 11 0.3745127
30 29 2.171261
30 5 0.6505603
30 34 1.7899922
30 20 11.385065
30 2 10.497082
30 37 7.4936996
30 7 0.96292466
30 27 0.23982885
30 16 1.1106555
30 23 1.6386263
30 25 1.1944501
31 26 0.063109584
31 6 1.13445
31 10 0.02994868
31 24 23.490543
31 9 0.029650055
31 17 1.1891928
31 4 0.065062
31 19 0.06885997
32 26 19.78338
32 24 0.13950488
32 12 0.18573895
32 15 0.06915933
33 30 2.7258117
33 8 2000.0
33 13 0.73457384
33 11 2.4855907
33 29 3275.3408
33 34 2000.0
33 20 1.0861801
33 2 2.3463225
33 14 0.4814915
33 7 2000.0
33 27 1.0796982
33 16 1998.8635
33 25 0.7096392
34 30 1.7899922
34 20 0.89865243
34 8 3.3841412
34 7 16.18387
34 13 8.172229
34 27 1.0683333
34 16 3216.9885
34 11 3.9452298
34 25 4.6901007
34 29 4.14626
34 5 5.4681478
35 21 0.042562827
36 26 329.61038
36 28 0.039048314
36 3 0.20677458
36 9 2.1084287
37 30 7.4936996
37 0 0.8164629
37 8 1.345556
37 18 1.5372386
37 13 2.7938879
37 11 1.6779556
37 29 0.7983795
37 20 1.5083241
37 2 1.2077795
37 7 18.60921
37 27 1.4318676
37 16 70.145
37 23 1.7997649
37 25 37.391735
