0 2 0.83821654
0 37 1.8739711
0 13 0.94879735
0 29 94.951515
0 25 23.607506
1 3 1.4747349
1 12 14.066239
2 30 14.480116
2 0 0.83821654
2 8 1.1525207
2 18 3.392182
2 13 0.4527299
2 33 3.0653846
2 11 1.7379876
2 29 1.0101421
2 20 1.8429253
2 37 0.8684004
2 27 0.6372724
2 16 2000.0
2 23 6.6179547
2 25 0.4073728
3 36 0.60016483
3 28 3.8655953
3 24 163.63637
3 12 0.06624797
3 1 1.4747349
3 9 0.72491264
4 31 0.070878714
4 9 0.091768526
4 17 0.111109845
4 19 0.0662928
5 30 0.6460597
5 8 0.6135227
5 18 0.60325634
5 13 31.582142
5 11 1.1740303
5 29 2.8660672
5 34 3.1683922
5 20 1.4389399
5 37 15.027377
5 7 5.983433
5 27 2.4969773
5 16 1.6829216
5 23 3.5973253
5 25 2000.0
6 31 0.1552786
6 17 0.6731273
7 30 0.7375164
7 20 27.691114
7 8 3.3481278
7 16 1.09375
7 23 1.1781318
7 11 88.888885
7 25 3.4108126
7 5 5.983433
8 0 2000.0
8 30 0.39855206
8 18 1.442853
8 13 0.859401
8 11 0.85438305
8 29 0.41634014
8 5 0.6135227
8 34 15.746582
8 2 1.1525207
8 37 1.1009805
8 7 3.3481278
8 27 1.8674985
8 16 1.7165294
8 23 1.0804976
8 25 2000.0
9 36 0.5158643
9 26 2000.0
9 28 1.4786764
9 10 76.925316
9 22 0.048586834
9 31 0.029538842
9 12 2000.0
9 3 0.72491264
9 4 0.091768526
9 17 0.033440426
9 19 0.07466834
10 26 0.032606702
10 28 0.24626336
10 24 0.090514526
10 31 12.609195
10 12 1357.8977
10 9 76.925316
10 17 0.032242067
11 0 2000.0
11 30 0.73882264
11 8 0.85438305
11 18 4.89791
11 13 0.85972023
11 33 3.0029902
11 29 0.741672
11 5 1.1740303
11 34 1.9459314
11 20 1.6219858
11 2 1.7379876
11 37 2.069672
11 7 88.888885
11 27 0.66165245
11 16 0.9733608
11 25 1.1182336
12 26 2.484008
12 32 2.9569564
12 24 0.07962663
12 21 0.11885749
12 3 0.06624797
12 1 14.066239
13 30 21.970436
13 0 0.94879735
13 8 0.859401
13 18 63.49235
13 33 1.2803308
13 11 0.85972023
13 29 0.84087765
13 5 31.582142
13 34 200.0
13 20 0.9303467
13 2 0.4527299
13 14 10.540458
13 37 1.1318438
13 7 2000.0
13 27 0.35977823
13 16 89.371254
13 25 0.31262943
14 30 11.882902
14 20 2.3830442
14 13 10.540458
14 27 2.7386587
14 33 0.41439325
14 25 2.0879133
15 32 0.096473485
15 21 4.4102063
16 0 2000.0
16 30 1.0831125
16 8 1.7165294
16 18 1.2402878
16 13 89.371254
16 11 0.9733608
16 5 1.6829216
16 34 53.239346
16 20 32.62305
16 7 1.09375
16 27 1.5816987
16 23 2.5792816
16 25 1.2727743
17 6 0.6731273
17 26 1.6636511
17 10 0.032242067
17 24 0.118451476
17 31 0.9517873
17 9 0.033440426
17 4 0.111109845
17 19 1600.1136
18 0 2000.0
18 30 0.67134404
18 8 1.442853
18 13 63.49235
18 11 4.89791
18 29 1.3053932
18 5 0.60325634
18 2 3.392182
18 37 2.2001364
18 7 2000.0
18 27 27.581137
18 16 1.2402878
18 23 1.2302675
19 31 0.08500907
19 9 0.07466834
19 4 0.0662928
20 30 0.9193133
20 13 0.9303467
20 33 1.0608196
20 11 1.6219858
20 29 4.4321594
20 5 1.4389399
20 34 0.96694034
20 2 1.8429253
20 14 2.3830442
20 37 2.3817616
20 7 27.691114
20 27 1.4117236
20 16 32.62305
20 25 0.41056553
21 26 2000.0
21 32 2000.0
21 24 1.4003098
21 35 0.031892087
21 31 2000.0
21 12 0.11885749
21 15 4.4102063
22 31 188.48422
22 9 0.048586834
22 19 2000.0
23 0 2000.0
23 30 2.061432
23 8 1.0804976
23 2 6.6179547
23 37 1.1919602
23 18 1.2302675
23 7 1.1781318
23 16 2.5792816
23 11 2000.0
23 29 1.5344595
23 5 3.5973253
24 26 0.040670887
24 32 0.18822134
24 10 0.090514526
24 21 1.4003098
24 3 163.63637
24 12 0.07962663
24 15 800.0
24 17 0.118451476
25 30 20.229837
25 0 23.607506
25 13 0.31262943
25 33 0.58061963
25 11 1.1182336
25 29 1.4749032
25 34 1.5471176
25 20 0.41056553
25 2 0.4073728
25 14 2.0879133
25 37 59.25926
25 7 3.4108126
25 27 0.20951279
25 16 1.2727743
26 32 24.439774
26 28 0.066810355
26 10 0.032606702
26 24 0.040670887
26 31 0.17158571
26 12 2.484008
26 17 1.6636511
27 30 0.20807411
27 0 2000.0
27 8 1.8674985
27 18 27.581137
27 13 0.35977823
27 33 0.82818395
27 11 0.66165245
27 29 0.6239276
27 5 2.4969773
27 34 1.1144756
27 20 1.4117236
27 2 0.6372724
27 14 2.7386587
27 37 0.8613907
27 7 2000.0
27 16 1.5816987
27 25 0.20951279
28 36 0.029985337
28 26 0.066810355
28 10 0.24626336
28 3 3.8655953
28 12 1208.409
28 9 1.4786764
28 19 1361.8182
29 0 94.951515
29 30 1.5399394
29 8 0.41634014
29 18 1.3053932
29 13 0.84087765
29 33 20.11953
29 11 0.741672
29 5 2.8660672
29 34 2.809079
29 20 4.4321594
29 2 1.0101421
29 37 0.8186177
29 7 2000.0
29 27 0.6239276
29 16 2000.0
29 23 1.5344595
29 25 1.4749032
30 8 0.39855206
30 18 0.67134404
30 13 21.970436
30 33 11.723951
30 11 0.73882264
30 29 1.5399394
30 5 0.6460597
30 34 1.4231584
30 20 0.9193133
30 2 14.480116
30 14 11.882902
30 37 26.819197
30 7 0.7375164
30 27 0.20807411
30 16 1.0831125
30 23 2.061432
30 25 20.229837
31 26 0.17158571
31 6 0.1552786
31 10 12.609195
31 35 23.834469
31 22 188.48422
31 9 0.029538842
31 4 0.070878714
31 17 0.9517873
31 19 0.08500907
32 26 24.439774
32 24 0.18822134
32 12 2.9569564
32 15 0.096473485
33 30 11.723951
33 8 2000.0
33 13 1.2803308
33 11 3.0029902
33 29 20.11953
33 5 2000.0
33 34 2000.0
33 20 1.0608196
33 2 3.0653846
33 14 0.41439325
33 7 2000.0
33 27 0.82818395
33 16 3017.898
33 25 0.58061963
34 30 1.4231584
34 20 0.96694034
34 8 15.746582
34 37 2000.0
34 7 2000.0
34 13 200.0
34 27 1.1144756
34 16 53.239346
34 11 1.9459314
34 29 2.809079
34 25 1.5471176
34 5 3.1683922
35 21 0.031892087
35 31 23.834469
36 28 0.029985337
36 3 0.60016483
36 9 0.5158643
37 30 26.819197
37 0 1.8739711
37 8 1.1009805
37 18 2.2001364
37 13 1.1318438
37 11 2.069672
37 29 0.8186177
37 5 15.027377
37 20 2.3817616
37 2 0.8684004
37 7 3740.7954
37 27 0.8613907
37 16 2000.0
37 23 1.1919602
37 25 59.25926
