0 8 8.026757
0 2 0.5946556
0 37 3.310208
0 13 0.83770496
0 11 147.07887
0 29 6.060909
1 3 0.22107652
1 12 70.677055
2 30 160.11021
2 0 0.5946556
2 8 3.2250483
2 18 18.343843
2 13 0.9597159
2 33 8.915365
2 11 2.3972821
2 29 1.3262677
2 20 2.4306328
2 37 1.6660494
2 27 2.3559184
2 23 420.16052
2 25 4.2705016
3 36 0.43698594
3 28 0.09365503
3 24 2000.0
3 12 0.06383508
3 1 0.22107652
3 9 0.37840733
4 31 0.07465059
4 9 0.06745169
4 17 0.11654528
4 19 0.09297353
5 34 4.9248967
5 30 0.7264638
5 20 4.6181164
5 8 1.3576721
5 37 2000.0
5 18 1.3166245
5 7 45.459713
5 27 7.9784007
5 16 1.9025046
5 11 9.578022
5 23 5.5154977
5 29 3.5667992
6 31 1.9990363
6 17 2.1345286
7 34 14.271603
7 30 2.6220264
7 20 2.8894062
7 8 53.618515
7 37 17.647188
7 27 167.00256
7 16 2.1917539
7 11 12.883009
7 23 5.404906
7 25 11.624276
7 5 45.459713
8 0 8.026757
8 30 0.7064867
8 18 1.3157165
8 13 23.603256
8 11 2.8673255
8 29 1.1583276
8 5 1.3576721
8 34 14.199243
8 2 3.2250483
8 37 4.162916
8 7 53.618515
8 27 3.7856734
8 16 1.9300472
8 23 1.5490927
9 36 1.7582129
9 26 2000.0
9 28 5.7361107
9 10 3.1970375
9 22 0.3862844
9 31 0.03070106
9 3 0.37840733
9 17 0.057552904
9 4 0.06745169
9 19 0.0695553
10 26 0.046450123
10 28 0.7532393
10 24 0.06942222
10 31 0.032017045
10 12 5.5061097
10 9 3.1970375
10 17 0.030041413
11 0 147.07887
11 30 1.1172242
11 8 2.8673255
11 18 21.590418
11 13 1.2393882
11 33 4.7451916
11 29 1.3424793
11 5 9.578022
11 34 6.291145
11 20 2.002069
11 2 2.3972821
11 37 3.2225304
11 7 12.883009
11 27 0.74222875
11 16 1.7430358
11 25 2.4238048
12 26 0.79945713
12 28 4.121604
12 32 0.21446076
12 10 5.5061097
12 24 0.09320761
12 21 0.12576585
12 3 0.06383508
12 1 70.677055
13 0 0.83770496
13 30 1.6573431
13 8 23.603256
13 18 266.6667
13 33 2.300407
13 11 1.2393882
13 29 2.326801
13 5 2000.0
13 34 25.432922
13 20 1.028945
13 2 0.9597159
13 14 5.4673295
13 37 22.659004
13 27 0.80663294
13 16 111.32386
13 25 1.1443698
14 20 1.7445877
14 13 5.4673295
14 33 0.879788
14 27 1.8974096
14 11 2000.0
14 25 5.2337646
15 32 0.0690522
15 21 57.87963
16 30 1.7382398
16 0 2000.0
16 8 1.9300472
16 18 0.9355635
16 13 111.32386
16 11 1.7430358
16 29 2000.0
16 5 1.9025046
16 20 20.679852
16 37 104.99274
16 7 2.1917539
16 27 2.7709637
16 23 15.385568
16 25 2.681684
17 26 3.5892324
17 6 2.1345286
17 10 0.030041413
17 24 0.32585725
17 31 2.3606558
17 9 0.057552904
17 4 0.11654528
17 19 4.822907
18 30 0.89723253
18 2 18.343843
18 8 1.3157165
18 37 3.310337
18 13 266.6667
18 7 2000.0
18 27 9.759837
18 16 0.9355635
18 23 2.3031094
18 11 21.590418
18 29 1.5389463
18 5 1.3166245
19 31 0.06961754
19 9 0.0695553
19 17 4.822907
19 4 0.09297353
20 0 2000.0
20 30 11.1954775
20 13 1.028945
20 33 2.1132774
20 11 2.002069
20 29 2.4546144
20 5 4.6181164
20 34 1.3392123
20 2 2.4306328
20 14 1.7445877
20 37 4.2102613
20 7 2.8894062
20 27 0.62014085
20 16 20.679852
20 25 1.0744824
21 26 2000.0
21 32 2000.0
21 24 0.07654083
21 35 0.059974454
21 12 0.12576585
21 15 57.87963
22 6 1112.6704
22 31 2000.0
22 9 0.3862844
22 19 1218.5796
23 0 2000.0
23 30 1.8405683
23 2 420.16052
23 8 1.5490927
23 37 19.007196
23 18 2.3031094
23 7 5.404906
23 16 15.385568
23 11 2000.0
23 29 8.855758
23 5 5.5154977
24 26 0.13472536
24 28 2000.0
24 32 0.114741266
24 10 0.06942222
24 21 0.07654083
24 31 12.697805
24 12 0.09320761
24 3 2000.0
24 15 2000.0
24 17 0.32585725
25 0 2000.0
25 30 9.276212
25 13 1.1443698
25 33 0.8092551
25 11 2.4238048
25 29 3.0920582
25 34 7.85161
25 20 1.0744824
25 2 4.2705016
25 14 5.2337646
25 37 66.66667
25 7 11.624276
25 27 1.1133164
25 16 2.681684
26 32 18.735086
26 28 0.045746
26 10 0.046450123
26 24 0.13472536
26 31 0.08423536
26 12 0.79945713
26 17 3.5892324
27 0 2000.0
27 30 0.95415175
27 8 3.7856734
27 18 9.759837
27 13 0.80663294
27 33 2.0418668
27 11 0.74222875
27 29 0.52930325
27 5 7.9784007
27 34 1.484491
27 20 0.62014085
27 2 2.3559184
27 14 1.8974096
27 37 0.99285966
27 7 167.00256
27 16 2.7709637
27 25 1.1133164
28 36 0.03563925
28 26 0.045746
28 10 0.7532393
28 3 0.09365503
28 12 4.121604
28 9 5.7361107
29 0 6.060909
29 30 4.1784744
29 8 1.1583276
29 18 1.5389463
29 13 2.326801
29 11 1.3424793
29 5 3.5667992
29 34 2.8087082
29 20 2.4546144
29 2 1.3262677
29 37 1.1547208
29 7 2000.0
29 27 0.52930325
29 16 2000.0
29 23 8.855758
29 25 3.0920582
30 0 2000.0
30 8 0.7064867
30 18 0.89723253
30 13 1.6573431
30 33 6.0925903
30 11 1.1172242
30 29 4.1784744
30 5 0.7264638
30 34 2.8454382
30 20 11.1954775
30 2 160.11021
30 14 2000.0
30 37 17.003145
30 7 2.6220264
30 27 0.95415175
30 16 1.7382398
30 23 1.8405683
30 25 9.276212
31 26 0.08423536
31 6 1.9990363
31 10 0.032017045
31 24 12.697805
31 9 0.03070106
31 17 2.3606558
31 4 0.07465059
31 19 0.06961754
32 26 18.735086
32 24 0.114741266
32 12 0.21446076
32 15 0.0690522
33 34 2000.0
33 30 6.0925903
33 20 2.1132774
33 2 8.915365
33 14 0.879788
33 7 2000.0
33 13 2.300407
33 27 2.0418668
33 16 2000.0
33 11 4.7451916
33 29 2000.0
33 25 0.8092551
34 30 2.8454382
34 20 1.3392123
34 8 14.199243
34 7 14.271603
34 13 25.432922
34 27 1.484491
34 16 2000.0
34 11 6.291145
34 25 7.85161
34 29 2.8087082
34 5 4.9248967
35 21 0.059974454
36 26 2000.0
36 28 0.03563925
36 3 0.43698594
36 9 1.7582129
37 0 3.310208
37 30 17.003145
37 8 4.162916
37 18 3.310337
37 13 22.659004
37 11 3.2225304
37 29 1.1547208
37 20 4.2102613
37 2 1.6660494
37 7 17.647188
37 27 0.99285966
37 16 104.99274
37 23 19.007196
37 25 66.66667
