0 2 0.7728115
0 37 1.6047276
0 13 0.7267827
0 29 4.731367
0 25 40.51948
1 3 0.9054076
1 12 13.468768
2 30 14.868281
2 0 0.7728115
2 8 1.232211
2 18 2.3197563
2 13 0.7294117
2 33 1.8956882
2 11 1.5361832
2 29 1.0661259
2 20 5.8948627
2 37 0.7903116
2 27 1.2973119
2 16 2000.0
2 23 16.206913
2 25 0.40410686
3 36 0.9093664
3 28 26.040342
3 24 2000.0
3 12 0.07082461
3 1 0.9054076
3 9 0.7893959
4 31 0.07678745
4 9 0.06728763
4 17 0.19947638
4 19 0.070820406
5 30 0.6994608
5 8 0.43170464
5 18 1.5017288
5 13 71.82458
5 11 0.96170795
5 29 2.3045142
5 34 2.0906575
5 20 1.7020369
5 37 8.129604
5 7 12.179607
5 27 1.7975376
5 16 1.3817376
5 23 3.555593
5 25 2000.0
6 31 0.13902597
6 17 2.5934198
7 34 160.0
7 30 0.73771995
7 20 78.118065
7 8 5.9246902
7 16 1.0673822
7 23 1.5802325
7 11 112.50001
7 25 2.1882656
7 5 12.179607
8 0 2000.0
8 30 0.51018
8 18 1.4344873
8 13 2.0332794
8 11 1.081191
8 29 0.46856865
8 5 0.43170464
8 34 74.8911
8 2 1.232211
8 37 0.95205027
8 7 5.9246902
8 27 0.442063
8 16 1.8622365
8 23 1.2257525
8 25 2000.0
9 36 0.63308483
9 26 2000.0
9 28 0.8512987
9 10 19.335228
9 22 0.080288246
9 31 0.029241383
9 3 0.7893959
9 4 0.06728763
9 17 0.043405253
9 19 0.08926371
10 26 0.042473923
10 28 0.40403226
10 24 0.12027625
10 31 0.9964306
10 12 95.76644
10 9 19.335228
10 17 0.029169273
11 0 2000.0
11 30 0.71696097
11 8 1.081191
11 18 5.091245
11 13 1.2003862
11 33 2.7256942
11 29 1.1862298
11 5 0.96170795
11 34 2.8389668
11 20 1.3327283
11 2 1.5361832
11 37 1.3790406
11 7 112.50001
11 27 0.95954525
11 16 0.8046318
11 25 0.8347747
12 26 0.43995896
12 32 7.3103065
12 10 95.76644
12 24 0.11005494
12 21 0.120366156
12 3 0.07082461
12 1 13.468768
13 30 92.20617
13 0 0.7267827
13 8 2.0332794
13 18 152.38095
13 33 1.0358512
13 11 1.2003862
13 29 0.7283904
13 5 71.82458
13 34 833.2745
13 20 0.9372497
13 2 0.7294117
13 14 3.7162907
13 37 1.1262885
13 7 2000.0
13 27 0.24014896
13 16 56.529045
13 25 0.24835426
14 30 10.663243
14 20 3.926989
14 13 3.7162907
14 27 6.9110346
14 33 0.8548886
14 11 2000.0
14 25 1.8156846
15 32 0.08189034
15 21 6.299826
16 34 26.587902
16 30 1.051274
16 20 20.908852
16 8 1.8622365
16 18 1.0996704
16 13 56.529045
16 7 1.0673822
16 27 1.4062392
16 11 0.8046318
16 23 2.3138819
16 25 0.72901756
16 5 1.3817376
17 6 2.5934198
17 26 1.3609217
17 10 0.029169273
17 24 0.060851272
17 31 0.9361123
17 9 0.043405253
17 4 0.19947638
17 19 77.94155
18 0 2000.0
18 30 0.717652
18 8 1.4344873
18 13 152.38095
18 11 5.091245
18 29 1.0163617
18 5 1.5017288
18 2 2.3197563
18 37 2.877444
18 7 2000.0
18 27 110.22394
18 16 1.0996704
18 23 1.8357142
19 28 83.33068
19 31 0.086681284
19 9 0.08926371
19 4 0.070820406
19 17 77.94155
20 30 0.5526083
20 8 2000.0
20 13 0.9372497
20 33 1.4340601
20 11 1.3327283
20 29 5.233239
20 5 1.7020369
20 34 0.8788456
20 2 5.8948627
20 14 3.926989
20 37 2.7589912
20 7 78.118065
20 27 1.4849571
20 16 20.908852
20 25 0.46102476
21 26 2000.0
21 32 2000.0
21 24 1.0750276
21 35 0.034062967
21 12 0.120366156
21 15 6.299826
22 31 133.33334
22 9 0.080288246
22 19 2000.0
23 0 2000.0
23 30 2.1535656
23 8 1.2257525
23 2 16.206913
23 37 1.8416193
23 18 1.8357142
23 7 1.5802325
23 16 2.3138819
23 11 2000.0
23 29 1.5949553
23 5 3.555593
24 26 0.044967536
24 32 0.54675066
24 10 0.12027625
24 21 1.0750276
24 12 0.11005494
24 3 2000.0
24 15 2000.0
24 17 0.060851272
25 0 40.51948
25 30 16.117477
25 13 0.24835426
25 33 1.0385951
25 11 0.8347747
25 29 1.9018759
25 34 2.102661
25 20 0.46102476
25 2 0.40410686
25 14 1.8156846
25 37 68.910706
25 7 2.1882656
25 27 0.23618731
25 16 0.72901756
26 32 128.70682
26 28 0.050911054
26 10 0.042473923
26 24 0.044967536
26 31 0.16173682
26 12 0.43995896
26 17 1.3609217
27 30 0.27958837
27 0 2000.0
27 8 0.442063
27 18 110.22394
27 13 0.24014896
27 33 1.1196159
27 11 0.95954525
27 29 3.0830798
27 5 1.7975376
27 34 1.1424676
27 20 1.4849571
27 2 1.2973119
27 14 6.9110346
27 37 0.9742363
27 7 2000.0
27 16 1.4062392
27 25 0.23618731
28 36 0.03821668
28 26 0.050911054
28 10 0.40403226
28 12 1301.591
28 3 26.040342
28 9 0.8512987
28 19 83.33068
29 0 4.731367
29 30 1.1227545
29 8 0.46856865
29 18 1.0163617
29 13 0.7283904
29 33 26.91995
29 11 1.1862298
29 5 2.3045142
29 34 3.1223307
29 20 5.233239
29 2 1.0661259
29 37 0.7423975
29 7 2000.0
29 27 3.0830798
29 16 2000.0
29 23 1.5949553
29 25 1.9018759
30 8 0.51018
30 18 0.717652
30 13 92.20617
30 33 15.675172
30 11 0.71696097
30 29 1.1227545
30 5 0.6994608
30 34 0.7678026
30 20 0.5526083
30 2 14.868281
30 14 10.663243
30 37 10.945423
30 7 0.73771995
30 27 0.27958837
30 16 1.051274
30 23 2.1535656
30 25 16.117477
31 26 0.16173682
31 6 0.13902597
31 10 0.9964306
31 35 15.89912
31 22 133.33334
31 21 2000.0
31 9 0.029241383
31 4 0.07678745
31 17 0.9361123
31 19 0.086681284
32 26 128.70682
32 24 0.54675066
32 12 7.3103065
32 15 0.08189034
33 30 15.675172
33 13 1.0358512
33 11 2.7256942
33 29 26.91995
33 5 2000.0
33 34 2000.0
33 20 1.4340601
33 2 1.8956882
33 14 0.8548886
33 7 2000.0
33 27 1.1196159
33 16 2422.443
33 25 1.0385951
34 30 0.7678026
34 20 0.8788456
34 8 74.8911
34 37 2000.0
34 13 833.2745
34 7 160.0
34 27 1.1424676
34 16 26.587902
34 11 2.8389668
34 29 3.1223307
34 25 2.102661
34 5 2.0906575
35 21 0.034062967
35 31 15.89912
36 28 0.03821668
36 3 0.9093664
36 9 0.63308483
37 30 10.945423
37 0 1.6047276
37 8 0.95205027
37 18 2.877444
37 13 1.1262885
37 11 1.3790406
37 29 0.7423975
37 5 8.129604
37 20 2.7589912
37 2 0.7903116
37 7 5460.739
37 27 0.9742363
37 16 2000.0
37 23 1.8416193
37 25 68.910706
