0 8 4.681682
0 2 1.5006534
0 37 0.70184934
0 13 0.86815304
0 11 12.815272
0 29 14.688278
1 3 0.22860505
1 12 1202.159
2 30 5.520495
2 0 1.5006534
2 8 1.5243385
2 18 15.719251
2 13 0.23168351
2 33 1.8873968
2 11 0.68036044
2 29 0.9328125
2 20 0.9156369
2 37 0.7262581
2 27 0.32013148
2 23 26.870874
2 25 1.3787777
3 36 0.2746509
3 28 0.09062018
3 24 378.94742
3 12 0.07781999
3 1 0.22860505
3 9 0.7293805
4 31 0.083409205
4 9 0.1214455
4 17 0.07788955
4 19 0.08535591
5 30 0.41902855
5 8 0.80094004
5 18 0.3964203
5 13 134.89357
5 11 2.1484346
5 29 3.1278906
5 34 1.2917776
5 20 2.7951298
5 37 2000.0
5 7 7.2263217
5 27 1.3123679
5 16 1.8933306
5 23 3.7283742
6 22 115.082115
6 31 0.30805397
6 17 0.94783056
7 34 5.981281
7 30 1.4552559
7 20 1.4079646
7 8 37.007847
7 37 11.96156
7 16 1.2054558
7 11 9.282504
7 23 0.86170924
7 25 6.268481
7 5 7.2263217
8 0 4.681682
8 30 1.1057911
8 18 1.2636613
8 13 6.4680543
8 11 1.1388267
8 29 0.60106057
8 5 0.80094004
8 34 3.7916212
8 2 1.5243385
8 37 0.9594246
8 7 37.007847
8 27 1.2880124
8 16 1.5484312
8 23 1.1063192
9 36 1.708134
9 26 2000.0
9 28 1.9256363
9 10 2.0789254
9 22 0.40212214
9 31 0.035566352
9 3 0.7293805
9 12 2000.0
9 17 0.079533026
9 4 0.1214455
9 19 0.0780171
10 26 0.034915004
10 28 0.6249794
10 24 0.37161517
10 31 0.036344413
10 12 5.146594
10 9 2.0789254
10 17 0.036362436
11 0 12.815272
11 30 0.3554035
11 8 1.1388267
11 18 5.312039
11 13 1.4458472
11 33 2.0453157
11 29 0.55430466
11 5 2.1484346
11 34 2.111307
11 20 0.7006523
11 2 0.68036044
11 37 1.3461758
11 7 9.282504
11 27 0.4403788
11 16 0.858464
11 25 1.045033
12 26 1.2474623
12 28 3.5862195
12 32 0.23068182
12 10 5.146594
12 24 0.077919394
12 21 0.10525503
12 3 0.07781999
13 30 8.530092
13 0 0.86815304
13 8 6.4680543
13 18 82.9252
13 33 0.7641788
13 11 1.4458472
13 29 1.079878
13 5 134.89357
13 34 10.443758
13 20 0.6347022
13 2 0.23168351
13 14 5.016711
13 37 2.4057496
13 27 0.5071905
13 16 169.42793
13 25 0.78788036
14 20 0.80965906
14 13 5.016711
14 27 5.687274
14 33 0.41187483
14 11 2000.0
14 25 2.1424756
15 32 0.081250004
15 21 0.79096603
16 0 2000.0
16 30 1.139089
16 8 1.5484312
16 18 1.7792398
16 13 169.42793
16 11 0.858464
16 29 20.109179
16 5 1.8933306
16 20 8.173636
16 37 24.102493
16 7 1.2054558
16 27 1.800881
16 23 5.0872035
16 25 1.1214279
17 26 2.0647345
17 6 0.94783056
17 10 0.036362436
17 24 0.30904636
17 31 1.0755732
17 9 0.079533026
17 4 0.07788955
17 19 3.883954
18 30 1.0933309
18 2 15.719251
18 8 1.2636613
18 37 1.1673485
18 13 82.9252
18 7 2000.0
18 27 6.308405
18 16 1.7792398
18 23 1.3833544
18 11 5.312039
18 29 1.4450257
18 5 0.3964203
19 31 0.07934156
19 9 0.0780171
19 17 3.883954
19 4 0.08535591
20 30 25.294384
20 13 0.6347022
20 33 1.0584136
20 11 0.7006523
20 29 2.0900412
20 5 2.7951298
20 34 0.93802196
20 2 0.9156369
20 14 0.80965906
20 37 2.038306
20 7 1.4079646
20 27 1.6138233
20 16 8.173636
20 25 0.51420605
21 26 2000.0
21 32 2000.0
21 24 0.20003
21 35 0.03098846
21 12 0.10525503
21 15 0.79096603
22 6 115.082115
22 31 1181.1932
22 9 0.40212214
22 19 107.86682
23 0 2000.0
23 30 1.5347226
23 2 26.870874
23 8 1.1063192
23 37 2.3862183
23 18 1.3833544
23 7 0.86170924
23 16 5.0872035
23 11 2000.0
23 29 2.5597422
23 5 3.7283742
24 26 0.06338658
24 32 0.10630673
24 10 0.37161517
24 21 0.20003
24 31 4.0972996
24 3 378.94742
24 12 0.077919394
24 15 2000.0
24 17 0.30904636
25 30 3.2241488
25 13 0.78788036
25 33 0.33135244
25 11 1.045033
25 29 7.6160126
25 34 1.0806874
25 20 0.51420605
25 2 1.3787777
25 14 2.1424756
25 37 204.94757
25 7 6.268481
25 27 0.95962924
25 16 1.1214279
26 36 342.85715
26 32 36.224068
26 28 0.0722243
26 10 0.034915004
26 24 0.06338658
26 31 0.084102504
26 12 1.2474623
26 17 2.0647345
27 0 2000.0
27 30 0.32907465
27 8 1.2880124
27 18 6.308405
27 13 0.5071905
27 33 1.0623071
27 11 0.4403788
27 29 0.7280761
27 5 1.3123679
27 34 1.5901508
27 20 1.6138233
27 2 0.32013148
27 14 5.687274
27 37 0.7936874
27 7 2533.693
27 16 1.800881
27 25 0.95962924
28 36 0.03565934
28 26 0.0722243
28 10 0.6249794
28 3 0.09062018
28 12 3.5862195
28 9 1.9256363
29 0 14.688278
29 30 3.2975724
29 8 0.60106057
29 18 1.4450257
29 13 1.079878
29 11 0.55430466
29 5 3.1278906
29 34 11.447913
29 20 2.0900412
29 2 0.9328125
29 37 1.0529553
29 7 2000.0
29 27 0.7280761
29 16 20.109179
29 23 2.5597422
29 25 7.6160126
30 0 2000.0
30 8 1.1057911
30 18 1.0933309
30 13 8.530092
30 33 2.4992402
30 11 0.3554035
30 29 3.2975724
30 5 0.41902855
30 34 1.1877308
30 20 25.294384
30 2 5.520495
30 37 11.562161
30 7 1.4552559
30 27 0.32907465
30 16 1.139089
30 23 1.5347226
30 25 3.2241488
31 26 0.084102504
31 6 0.30805397
31 10 0.036344413
31 24 4.0972996
31 9 0.035566352
31 17 1.0755732
31 4 0.083409205
31 19 0.07934156
32 26 36.224068
32 24 0.10630673
32 12 0.23068182
32 15 0.081250004
33 34 2000.0
33 30 2.4992402
33 20 1.0584136
33 2 1.8873968
33 14 0.41187483
33 7 2000.0
33 13 0.7641788
33 27 1.0623071
33 16 1249.4886
33 11 2.0453157
33 29 8077.4434
33 25 0.33135244
34 30 1.1877308
34 20 0.93802196
34 8 3.7916212
34 13 10.443758
34 7 5.981281
34 27 1.5901508
34 16 1215.0568
34 11 2.111307
34 25 1.0806874
34 29 11.447913
34 5 1.2917776
35 21 0.03098846
36 26 342.85715
36 28 0.03565934
36 3 0.2746509
36 9 1.708134
37 30 11.562161
37 0 0.70184934
37 8 0.9594246
37 18 1.1673485
37 13 2.4057496
37 11 1.3461758
37 29 1.0529553
37 20 2.038306
37 2 0.7262581
37 7 11.96156
37 27 0.7936874
37 16 24.102493
37 23 2.3862183
37 25 204.94757
