0 8 2.6850002
0 2 0.54881805
0 37 0.6343394
0 13 0.5818527
0 11 100.0
0 29 3.0919435
1 3 0.27723482
1 12 1307.0454
2 30 13.633866
2 0 0.54881805
2 8 1.3528883
2 18 9.184142
2 13 0.32089075
2 33 1.5536895
2 11 0.89229256
2 29 1.0338092
2 20 1.9118136
2 37 0.6431073
2 27 0.6315814
2 23 22.617271
2 25 1.150291
3 36 0.2396515
3 28 0.106502526
3 24 205.7143
3 12 0.052358344
3 1 0.27723482
3 9 0.54672974
4 31 0.08133322
4 9 0.0662945
4 17 0.0849786
4 19 0.08037934
5 30 1.0720474
5 8 0.7811421
5 18 0.6238939
5 13 126.22418
5 11 4.305839
5 29 3.4886677
5 34 1.6375878
5 20 3.2334895
5 37 2000.0
5 7 3.6611953
5 27 2.6949353
5 16 1.4563841
5 23 4.9011674
6 31 0.64624214
6 17 1.0237653
7 34 11.738655
7 30 0.60441923
7 20 1.323537
7 8 77.656555
7 37 13.06661
7 16 1.1915272
7 11 3.4907806
7 23 0.87302047
7 25 5.380537
7 5 3.6611953
8 0 2.6850002
8 30 0.6037757
8 18 1.1791824
8 13 3.1115103
8 11 2.052297
8 29 0.4985441
8 5 0.7811421
8 34 9.208807
8 2 1.3528883
8 37 0.97185653
8 7 77.656555
8 27 1.6721884
8 16 1.4736018
8 23 1.1376795
9 36 1.5205333
9 28 2.2291007
9 10 16.475973
9 22 0.3894289
9 31 0.028973725
9 3 0.54672974
9 17 0.09214449
9 4 0.0662945
9 19 0.06653184
10 26 0.03548328
10 28 0.21610133
10 24 0.1847866
10 31 0.034037698
10 12 10.437844
10 9 16.475973
10 17 0.03855283
11 0 100.0
11 30 0.43411016
11 8 2.052297
11 18 5.6949496
11 13 0.6760129
11 33 1.9099703
11 29 0.62822115
11 5 4.305839
11 34 1.6413392
11 20 0.94436127
11 2 0.89229256
11 37 1.3427097
11 7 3.4907806
11 27 0.4534758
11 16 0.879118
11 25 1.0136029
12 26 1.2839963
12 28 3.9597735
12 32 0.20627797
12 10 10.437844
12 24 0.08572021
12 21 0.1102579
12 3 0.052358344
13 0 0.5818527
13 30 1.0035937
13 8 3.1115103
13 18 125.23484
13 33 0.8481312
13 11 0.6760129
13 29 0.6229391
13 5 126.22418
13 34 5.278285
13 20 0.39081278
13 2 0.32089075
13 14 3.1899726
13 37 1.0675436
13 27 0.43207327
13 16 46.006012
13 25 0.620155
14 20 0.9276512
14 13 3.1899726
14 27 1.7176452
14 33 0.32645294
14 11 2000.0
14 25 1.6555133
15 32 0.085080646
15 21 0.9101779
16 30 1.1020678
16 0 2000.0
16 8 1.4736018
16 18 0.8974292
16 13 46.006012
16 11 0.879118
16 29 24.699755
16 5 1.4563841
16 20 10.027375
16 37 17.680365
16 7 1.1915272
16 27 1.4917337
16 23 12.556372
16 25 1.2503799
17 26 1.7769189
17 6 1.0237653
17 10 0.03855283
17 24 0.47073507
17 31 1.2034832
17 9 0.09214449
17 4 0.0849786
17 19 2.9646275
18 30 0.7091752
18 2 9.184142
18 8 1.1791824
18 37 0.93311393
18 7 2000.0
18 13 125.23484
18 27 2.4639082
18 16 0.8974292
18 23 1.3952453
18 11 5.6949496
18 29 1.0560766
18 5 0.6238939
19 31 0.06505926
19 9 0.06653184
19 17 2.9646275
19 4 0.08037934
20 30 33.546867
20 13 0.39081278
20 33 1.9796739
20 11 0.94436127
20 29 1.748586
20 5 3.2334895
20 34 0.8278018
20 2 1.9118136
20 14 0.9276512
20 37 1.5220522
20 7 1.323537
20 27 0.4145698
20 16 10.027375
20 25 0.69523853
21 26 2000.0
21 32 2000.0
21 24 0.38775542
21 35 0.041986264
21 12 0.1102579
21 15 0.9101779
22 6 1690.9092
22 31 1205.2842
22 9 0.3894289
22 19 1288.409
23 30 1.4706141
23 0 2000.0
23 2 22.617271
23 8 1.1376795
23 37 1.633936
23 18 1.3952453
23 7 0.87302047
23 16 12.556372
23 11 2000.0
23 29 3.9387827
23 5 4.9011674
24 26 0.062350802
24 32 0.0900602
24 10 0.1847866
24 21 0.38775542
24 31 1.8590134
24 3 205.7143
24 12 0.08572021
24 15 2000.0
24 17 0.47073507
25 30 5.8748264
25 13 0.620155
25 33 0.3041114
25 11 1.0136029
25 29 4.4054117
25 34 1.066346
25 20 0.69523853
25 2 1.150291
25 14 1.6555133
25 37 81.9876
25 7 5.380537
25 27 0.634287
25 16 1.2503799
26 36 75.47387
26 32 18.276136
26 28 0.04912655
26 10 0.03548328
26 24 0.062350802
26 31 0.060786147
26 12 1.2839963
26 17 1.7769189
27 0 2000.0
27 30 0.7367899
27 8 1.6721884
27 18 2.4639082
27 13 0.43207327
27 33 1.033871
27 11 0.4534758
27 29 0.49313444
27 5 2.6949353
27 34 1.3510126
27 20 0.4145698
27 2 0.6315814
27 14 1.7176452
27 37 0.86396825
27 7 2987.2727
27 16 1.4917337
27 25 0.634287
28 36 0.034952346
28 26 0.04912655
28 10 0.21610133
28 3 0.106502526
28 12 3.9597735
28 9 2.2291007
29 0 3.0919435
29 30 5.3609905
29 8 0.4985441
29 18 1.0560766
29 13 0.6229391
29 11 0.62822115
29 5 3.4886677
29 34 4.030294
29 20 1.748586
29 2 1.0338092
29 37 0.58335155
29 7 2000.0
29 27 0.49313444
29 16 24.699755
29 23 3.9387827
29 25 4.4054117
30 0 2000.0
30 8 0.6037757
30 18 0.7091752
30 13 1.0035937
30 33 1.9339594
30 11 0.43411016
30 29 5.3609905
30 5 1.0720474
30 34 0.851937
30 20 33.546867
30 2 13.633866
30 14 2000.0
30 37 7.4845934
30 7 0.60441923
30 27 0.7367899
30 16 1.1020678
30 23 1.4706141
30 25 5.8748264
31 26 0.060786147
31 6 0.64624214
31 10 0.034037698
31 24 1.8590134
31 9 0.028973725
31 17 1.2034832
31 4 0.08133322
31 19 0.06505926
32 26 18.276136
32 24 0.0900602
32 12 0.20627797
32 15 0.085080646
33 34 2000.0
33 30 1.9339594
33 20 1.9796739
33 2 1.5536895
33 14 0.32645294
33 7 2000.0
33 13 0.8481312
33 27 1.033871
33 16 2270.3408
33 11 1.9099703
33 29 1419.8864
33 25 0.3041114
34 30 0.851937
34 20 0.8278018
34 8 9.208807
34 13 5.278285
34 7 11.738655
34 27 1.3510126
34 16 1215.0568
34 11 1.6413392
34 25 1.066346
34 29 4.030294
34 5 1.6375878
35 21 0.041986264
36 26 75.47387
36 28 0.034952346
36 3 0.2396515
36 9 1.5205333
37 30 7.4845934
37 0 0.6343394
37 8 0.97185653
37 18 0.93311393
37 13 1.0675436
37 11 1.3427097
37 29 0.58335155
37 20 1.5220522
37 2 0.6431073
37 7 13.06661
37 27 0.86396825
37 16 17.680365
37 23 1.633936
37 25 81.9876
