0 8 15.6907
0 2 1.0550227
0 37 1.6307623
0 13 0.8560597
0 11 80.0
0 25 355.55554
0 29 18.99189
1 3 0.4665909
1 12 36.283012
2 30 17.271954
2 0 1.0550227
2 8 1.6088654
2 18 11.353478
2 13 0.33552885
2 33 2.559284
2 11 0.80333066
2 29 0.80136764
2 20 5.6600485
2 37 1.3388188
2 27 0.7658472
2 23 29.727413
2 25 1.382618
3 36 0.30768442
3 28 0.12162642
3 24 2000.0
3 12 0.06527272
3 1 0.4665909
3 9 0.36836445
4 31 0.07450343
4 9 0.071100354
4 17 0.08703175
4 19 0.093046844
5 30 1.3795726
5 8 0.67439985
5 18 0.38855886
5 13 2000.0
5 11 2.3329854
5 29 2.2237642
5 34 3.4706004
5 20 1.5076531
5 37 2000.0
5 7 8.223846
5 27 1.5551826
5 16 1.5376462
5 23 5.659091
6 31 1.5613743
6 17 0.786694
7 34 14.656657
7 30 0.85182655
7 20 1.8618498
7 8 24.29666
7 37 20.733482
7 16 1.1349471
7 11 10.811757
7 23 1.0227374
7 25 4.553414
7 5 8.223846
8 0 15.6907
8 30 0.6564234
8 18 1.0542834
8 13 2.0651224
8 11 0.5789142
8 29 0.563858
8 5 0.67439985
8 34 7.842002
8 2 1.6088654
8 37 1.2940973
8 7 24.29666
8 27 1.2185444
8 16 1.2808818
8 23 0.97561306
9 36 0.67403036
9 26 2000.0
9 28 2.2640407
9 10 2.5575216
9 22 0.18678081
9 31 0.029859487
9 3 0.36836445
9 12 2000.0
9 17 0.043954916
9 4 0.071100354
9 19 0.07072711
10 26 0.034576483
10 28 0.18520309
10 24 0.084646456
10 31 0.032337382
10 12 6.258781
10 9 2.5575216
10 17 0.03652859
11 0 80.0
11 30 0.37650612
11 8 0.5789142
11 18 3.7929575
11 13 0.42750314
11 33 2.4671206
11 29 0.93102163
11 5 2.3329854
11 34 2.202134
11 20 0.90053433
11 2 0.80333066
11 37 1.4815598
11 7 10.811757
11 27 0.38582006
11 16 0.876555
11 25 1.4029626
12 26 2.7407367
12 28 3.9919417
12 32 0.26352447
12 10 6.258781
12 24 0.07050479
12 21 0.07244318
12 3 0.06527272
12 1 36.283012
13 30 2.0656567
13 0 0.8560597
13 8 2.0651224
13 18 410.26767
13 33 0.85663414
13 11 0.42750314
13 29 0.78343886
13 34 9.326673
13 20 0.5646794
13 2 0.33552885
13 14 2.7534199
13 37 2.310747
13 27 0.20307209
13 16 44.046368
13 25 0.47181103
14 20 0.5715339
14 13 2.7534199
14 33 0.41163036
14 27 1.8844184
14 11 2000.0
14 25 2.4219177
15 32 0.07532991
15 21 2.1908998
16 30 1.0165945
16 0 2000.0
16 8 1.2808818
16 18 1.0815572
16 13 44.046368
16 11 0.876555
16 29 53.240253
16 5 1.5376462
16 20 11.469126
16 37 17.727476
16 7 1.1349471
16 27 1.3213458
16 23 12.928975
16 25 1.3054686
17 26 1.8756112
17 6 0.786694
17 10 0.03652859
17 24 0.18926331
17 31 1.2007488
17 9 0.043954916
17 4 0.08703175
17 19 4.456164
18 30 0.6695862
18 2 11.353478
18 8 1.0542834
18 37 1.1222785
18 13 410.26767
18 7 2000.0
18 27 2.8752413
18 16 1.0815572
18 23 1.2955493
18 11 3.7929575
18 29 0.9231082
18 5 0.38855886
19 22 130.58098
19 31 0.06629399
19 9 0.07072711
19 17 4.456164
19 4 0.093046844
20 30 9.965006
20 13 0.5646794
20 33 0.90486157
20 11 0.90053433
20 29 2.7119489
20 5 1.5076531
20 34 0.8825758
20 2 5.6600485
20 14 0.5715339
20 37 1.8753787
20 7 1.8618498
20 27 0.4708407
20 16 11.469126
20 25 0.6420698
21 32 2000.0
21 10 2000.0
21 24 0.09853175
21 35 0.072808444
21 12 0.07244318
21 15 2.1908998
22 6 1636.534
22 31 1290.3977
22 9 0.18678081
22 19 130.58098
23 0 2000.0
23 30 1.0933095
23 2 29.727413
23 8 0.97561306
23 37 4.379167
23 18 1.2955493
23 7 1.0227374
23 16 12.928975
23 11 2000.0
23 29 2.6675746
23 5 5.659091
24 26 0.07420901
24 32 0.12249843
24 28 2000.0
24 10 0.084646456
24 21 0.09853175
24 31 13.769186
24 12 0.07050479
24 3 2000.0
24 15 2000.0
24 17 0.18926331
25 0 355.55554
25 30 0.99284554
25 13 0.47181103
25 33 0.69149077
25 11 1.4029626
25 29 3.9995914
25 34 1.450896
25 20 0.6420698
25 2 1.382618
25 14 2.4219177
25 37 35.232197
25 7 4.553414
25 27 0.5536525
25 16 1.3054686
26 36 42.19577
26 32 14.618521
26 28 0.03352958
26 10 0.034576483
26 24 0.07420901
26 31 0.061608024
26 12 2.7407367
26 17 1.8756112
27 0 2000.0
27 30 0.6888369
27 8 1.2185444
27 18 2.8752413
27 13 0.20307209
27 33 0.873594
27 11 0.38582006
27 29 0.5473052
27 5 1.5551826
27 34 1.4049236
27 20 0.4708407
27 2 0.7658472
27 14 1.8844184
27 37 1.0141187
27 7 2866.591
27 16 1.3213458
27 25 0.5536525
28 36 0.033110518
28 26 0.03352958
28 10 0.18520309
28 3 0.12162642
28 12 3.9919417
28 9 2.2640407
29 30 1.6392651
29 0 18.99189
29 8 0.563858
29 18 0.9231082
29 13 0.78343886
29 11 0.93102163
29 5 2.2237642
29 34 7.96529
29 20 2.7119489
29 2 0.80136764
29 37 1.2362825
29 7 2000.0
29 27 0.5473052
29 16 53.240253
29 23 2.6675746
29 25 3.9995914
30 0 2000.0
30 8 0.6564234
30 18 0.6695862
30 13 2.0656567
30 33 2.4488719
30 11 0.37650612
30 29 1.6392651
30 5 1.3795726
30 34 1.7941153
30 20 9.965006
30 2 17.271954
30 14 2000.0
30 37 3.5471933
30 7 0.85182655
30 27 0.6888369
30 16 1.0165945
30 23 1.0933095
30 25 0.99284554
31 26 0.061608024
31 6 1.5613743
31 10 0.032337382
31 24 13.769186
31 9 0.029859487
31 17 1.2007488
31 4 0.07450343
31 19 0.06629399
32 26 14.618521
32 24 0.12249843
32 12 0.26352447
32 15 0.07532991
33 34 2000.0
33 30 2.4488719
33 20 0.90486157
33 2 2.559284
33 14 0.41163036
33 7 2000.0
33 13 0.85663414
33 27 0.873594
33 16 1998.8635
33 11 2.4671206
33 29 3275.3408
33 25 0.69149077
34 30 1.7941153
34 20 0.8825758
34 8 7.842002
34 7 14.656657
34 13 9.326673
34 27 1.4049236
34 16 5535.0566
34 11 2.202134
34 25 1.450896
34 29 7.96529
34 5 3.4706004
35 21 0.072808444
36 26 42.19577
36 28 0.033110518
36 3 0.30768442
36 9 0.67403036
37 30 3.5471933
37 0 1.6307623
37 8 1.2940973
37 18 1.1222785
37 13 2.310747
37 11 1.4815598
37 29 1.2362825
37 20 1.8753787
37 2 1.3388188
37 7 20.733482
37 27 1.0141187
37 16 17.727476
37 23 4.379167
37 25 35.232197
