0 2 1.0327806
0 37 2.32818
0 13 0.81350774
0 29 31.364017
0 25 13.100686
1 3 1.0844828
1 12 17.222895
2 30 28.3745
2 0 1.0327806
2 8 1.5000654
2 18 3.3450754
2 13 0.60353714
2 33 2.089057
2 11 2.1878188
2 29 1.203752
2 20 2.8787036
2 37 0.7852871
2 27 0.991989
2 16 2000.0
2 23 9.300453
2 25 0.633457
3 36 0.30051714
3 28 8.020952
3 24 400.0
3 12 0.074429765
3 1 1.0844828
3 9 0.718724
4 31 0.06893329
4 9 0.100340374
4 17 0.16439395
4 19 0.07934054
5 30 0.86497253
5 8 1.1087924
5 18 0.6078162
5 13 26.079681
5 11 3.7127528
5 29 6.3914104
5 34 2.78662
5 20 2.4654212
5 37 19.790226
5 7 9.426558
5 27 1.663751
5 16 1.5674446
5 23 9.457732
5 25 2000.0
6 31 0.15093796
6 17 3.5995631
7 30 0.88669276
7 20 70.5358
7 8 13.560057
7 37 52.034153
7 16 1.1854736
7 11 70.11201
7 23 1.2770344
7 25 1.7579147
7 29 2000.0
7 5 9.426558
8 0 2000.0
8 30 0.5380159
8 18 1.1525674
8 13 1.819417
8 11 1.0692313
8 29 0.32148197
8 5 1.1087924
8 34 29.603168
8 2 1.5000654
8 37 1.2333156
8 7 13.560057
8 27 2.7678134
8 16 1.5462087
8 23 1.0078285
8 25 2000.0
9 36 0.56988555
9 26 2000.0
9 28 0.6973864
9 10 22.703463
9 22 0.05310426
9 31 0.029358562
9 3 0.718724
9 12 2000.0
9 4 0.100340374
9 17 0.037617557
9 19 0.07730368
10 26 0.03286704
10 28 0.25238636
10 24 0.086296625
10 31 14.289857
10 12 1247.5
10 9 22.703463
10 17 0.03320076
11 0 2000.0
11 30 0.6438591
11 8 1.0692313
11 18 5.916617
11 13 1.0251157
11 33 1.717992
11 29 1.0457002
11 5 3.7127528
11 34 2.8301015
11 20 1.1598717
11 2 2.1878188
11 37 1.4272358
11 7 70.11201
11 27 0.7586531
11 16 1.5302813
11 25 0.7566013
12 26 1.232152
12 32 4.76817
12 24 0.067882836
12 21 0.12958102
12 3 0.074429765
12 1 17.222895
13 30 149.48972
13 0 0.81350774
13 8 1.819417
13 18 184.60226
13 33 0.85615385
13 11 1.0251157
13 29 0.96598387
13 5 26.079681
13 34 181.28473
13 20 0.9441412
13 2 0.60353714
13 14 4.473973
13 37 2.356817
13 7 2000.0
13 27 0.5743388
13 16 44.392174
13 25 0.24736744
14 30 13.364947
14 20 2.6035922
14 13 4.473973
14 27 1.8315508
14 33 0.570444
14 11 2000.0
14 25 1.6033865
15 32 0.068447575
15 21 7.544511
16 0 2000.0
16 30 1.1014217
16 8 1.5462087
16 18 1.3696144
16 13 44.392174
16 11 1.5302813
16 29 2000.0
16 5 1.5674446
16 34 100.25144
16 20 20.548298
16 7 1.1854736
16 27 1.4305851
16 23 3.8246677
16 25 1.3692926
17 6 3.5995631
17 26 1.5642473
17 10 0.03320076
17 24 0.125697
17 31 0.9998198
17 9 0.037617557
17 4 0.16439395
17 19 25.434025
18 0 2000.0
18 30 0.6558386
18 8 1.1525674
18 2 3.3450754
18 37 1.8186873
18 13 184.60226
18 27 20.725792
18 16 1.3696144
18 11 5.916617
18 23 1.5460883
18 29 1.3526617
18 5 0.6078162
19 28 133.33334
19 31 0.088694155
19 9 0.07730368
19 4 0.07934054
19 17 25.434025
20 30 2.4834204
20 13 0.9441412
20 33 1.0430595
20 11 1.1598717
20 29 17.631268
20 5 2.4654212
20 34 0.93579555
20 2 2.8787036
20 14 2.6035922
20 37 3.3231983
20 7 70.5358
20 27 1.2832516
20 16 20.548298
20 25 0.40993896
21 26 2000.0
21 32 2000.0
21 10 2000.0
21 24 0.72020787
21 35 0.030657869
21 31 2000.0
21 12 0.12958102
21 15 7.544511
22 31 344.9238
22 9 0.05310426
22 19 2000.0
23 0 2000.0
23 30 3.225568
23 8 1.0078285
23 2 9.300453
23 37 2.6786275
23 18 1.5460883
23 7 1.2770344
23 16 3.8246677
23 11 2000.0
23 29 2.804075
23 5 9.457732
24 26 0.038839564
24 32 0.2200729
24 10 0.086296625
24 21 0.72020787
24 3 400.0
24 12 0.067882836
24 15 2000.0
24 17 0.125697
25 30 17.385277
25 0 13.100686
25 13 0.24736744
25 33 0.632405
25 11 0.7566013
25 29 1.812921
25 34 2.7488914
25 20 0.40993896
25 2 0.633457
25 14 1.6033865
25 37 39.608887
25 7 1.7579147
25 27 0.26306817
25 16 1.3692926
26 32 15.978493
26 28 0.058511376
26 10 0.03286704
26 24 0.038839564
26 31 0.084256485
26 12 1.232152
26 17 1.5642473
27 30 0.28772977
27 0 2000.0
27 8 2.7678134
27 18 20.725792
27 13 0.5743388
27 33 0.8001948
27 11 0.7586531
27 29 0.8968109
27 5 1.663751
27 34 1.0681819
27 20 1.2832516
27 2 0.991989
27 14 1.8315508
27 37 1.2720695
27 7 2000.0
27 16 1.4305851
27 25 0.26306817
28 36 0.029794045
28 26 0.058511376
28 10 0.25238636
28 12 1199.091
28 3 8.020952
28 9 0.6973864
28 19 133.33334
29 0 31.364017
29 30 1.3622888
29 8 0.32148197
29 18 1.3526617
29 13 0.96598387
29 33 10.439284
29 11 1.0457002
29 5 6.3914104
29 34 3.230871
29 20 17.631268
29 2 1.203752
29 37 0.8724961
29 7 2000.0
29 27 0.8968109
29 16 2000.0
29 23 2.804075
29 25 1.812921
30 8 0.5380159
30 18 0.6558386
30 13 149.48972
30 33 7.5761185
30 11 0.6438591
30 29 1.3622888
30 5 0.86497253
30 34 1.8469498
30 20 2.4834204
30 2 28.3745
30 14 13.364947
30 37 13.411373
30 7 0.88669276
30 27 0.28772977
30 16 1.1014217
30 23 3.225568
30 25 17.385277
31 26 0.084256485
31 6 0.15093796
31 10 14.289857
31 22 344.9238
31 9 0.029358562
31 4 0.06893329
31 17 0.9998198
31 19 0.088694155
32 26 15.978493
32 24 0.2200729
32 12 4.76817
32 15 0.068447575
33 34 2000.0
33 30 7.5761185
33 20 1.0430595
33 2 2.089057
33 14 0.570444
33 7 2000.0
33 13 0.85615385
33 27 0.8001948
33 16 3017.898
33 11 1.717992
33 29 10.439284
33 25 0.632405
34 30 1.8469498
34 20 0.93579555
34 8 29.603168
34 37 2000.0
34 7 2000.0
34 13 181.28473
34 27 1.0681819
34 16 100.25144
34 11 2.8301015
34 29 3.230871
34 25 2.7488914
34 5 2.78662
35 21 0.030657869
35 31 1246.1364
36 28 0.029794045
36 3 0.30051714
36 9 0.56988555
37 30 13.411373
37 0 2.32818
37 8 1.2333156
37 18 1.8186873
37 13 2.356817
37 11 1.4272358
37 29 0.8724961
37 5 19.790226
37 20 3.3231983
37 2 0.7852871
37 7 52.034153
37 27 1.2720695
37 16 2000.0
37 23 2.6786275
37 25 39.608887
