0 8 22.064651
0 2 1.5811396
0 37 0.9245997
0 13 0.9436325
0 11 107.03828
0 25 2000.0
0 29 11.962255
1 3 0.35278767
1 12 1202.159
2 30 19.309391
2 0 1.5811396
2 8 1.7135246
2 18 13.5349455
2 13 0.42087877
2 33 4.163113
2 11 0.8932746
2 29 1.3515422
2 20 4.1649323
2 37 1.4024811
2 27 0.7310957
2 16 2000.0
2 23 47.95571
2 25 5.281899
3 36 0.2653656
3 28 0.08020859
3 24 78.26421
3 12 0.04774519
3 1 0.35278767
3 9 0.31506598
4 31 0.08095594
4 9 0.0496761
4 17 0.08477995
4 19 0.09238078
5 30 0.5965862
5 8 0.5739397
5 18 0.4240665
5 13 2000.0
5 11 3.2892048
5 29 3.719362
5 34 1.6267563
5 20 2.492266
5 37 2000.0
5 7 4.752694
5 27 1.7467334
5 16 1.4515523
5 23 4.1156306
6 22 834.10986
6 31 0.9580804
6 17 1.5624348
7 34 10.16634
7 30 0.90850323
7 20 2.0975442
7 8 44.16883
7 37 9.16494
7 27 52.941177
7 16 1.31406
7 11 6.7048297
7 23 1.1447715
7 25 13.063782
7 5 4.752694
8 0 22.064651
8 30 1.0612733
8 18 1.0390176
8 13 7.0359783
8 11 0.7670727
8 29 0.8974026
8 5 0.5739397
8 34 3.1014054
8 2 1.7135246
8 37 0.67673445
8 7 44.16883
8 27 1.0376421
8 16 1.3989357
8 23 1.0467957
9 36 1.6013494
9 26 2000.0
9 28 0.6318182
9 10 7.6557693
9 22 0.27094424
9 31 0.0337392
9 3 0.31506598
9 17 0.043108504
9 4 0.0496761
9 19 0.0677329
10 26 0.032017045
10 28 0.1846185
10 24 0.049932357
10 31 0.049464498
10 12 5.946881
10 9 7.6557693
10 17 0.032721687
11 0 107.03828
11 30 0.67880964
11 8 0.7670727
11 18 5.052737
11 13 0.8088275
11 33 2.1401901
11 29 0.6334836
11 5 3.2892048
11 34 2.0364792
11 20 1.1664814
11 2 0.8932746
11 37 1.3110968
11 7 6.7048297
11 27 0.73704267
11 16 1.0835745
11 25 0.96020794
12 26 2.1492424
12 28 4.769348
12 32 0.21616112
12 10 5.946881
12 24 0.081871755
12 21 0.07162983
12 3 0.04774519
13 30 3.7530305
13 0 0.9436325
13 8 7.0359783
13 18 2000.0
13 33 0.8200683
13 11 0.8088275
13 29 1.0233968
13 34 7.1608477
13 20 0.5959457
13 2 0.42087877
13 14 2.8157465
13 37 1.5239041
13 27 0.27099934
13 16 77.21817
13 25 0.668606
14 20 0.69413525
14 13 2.8157465
14 27 2.570147
14 33 0.46098822
14 11 2000.0
14 25 1.888284
15 32 0.07184653
15 21 2.6544971
16 0 2000.0
16 30 1.1014345
16 8 1.3989357
16 18 0.7560825
16 13 77.21817
16 11 1.0835745
16 29 28.959686
16 5 1.4515523
16 20 6.8280516
16 37 22.248358
16 7 1.31406
16 27 1.4124211
16 23 5.6112013
16 25 1.1915878
17 26 1.9417555
17 6 1.5624348
17 10 0.032721687
17 24 0.22530137
17 31 1.2232466
17 9 0.043108504
17 4 0.08477995
17 19 2.6827288
18 30 0.7757411
18 2 13.5349455
18 8 1.0390176
18 37 1.1164774
18 7 2000.0
18 27 5.276348
18 16 0.7560825
18 23 1.2835238
18 11 5.052737
18 29 1.3194318
18 5 0.4240665
19 22 51.20387
19 31 0.084398285
19 9 0.0677329
19 17 2.6827288
19 4 0.09238078
20 30 21.137083
20 13 0.5959457
20 33 1.5715162
20 11 1.1664814
20 29 2.3682625
20 5 2.492266
20 34 0.82384676
20 2 4.1649323
20 14 0.69413525
20 37 2.5686877
20 7 2.0975442
20 27 0.5564525
20 16 6.8280516
20 25 0.4249807
21 32 2000.0
21 24 1.0046389
21 35 0.032158557
21 12 0.07162983
21 15 2.6544971
22 6 834.10986
22 31 1478.0114
22 9 0.27094424
22 19 51.20387
23 0 2000.0
23 30 0.8828109
23 2 47.95571
23 8 1.0467957
23 37 1.2491174
23 18 1.2835238
23 7 1.1447715
23 16 5.6112013
23 11 2000.0
23 29 2.078272
23 5 4.1156306
24 26 0.09099898
24 32 0.15251249
24 10 0.049932357
24 21 1.0046389
24 31 10.596468
24 12 0.081871755
24 3 78.26421
24 15 2000.0
24 17 0.22530137
25 30 1.8771253
25 13 0.668606
25 33 0.26714346
25 11 0.96020794
25 29 2.55533
25 34 2.6238186
25 20 0.4249807
25 2 5.281899
25 14 1.888284
25 37 24.811968
25 7 13.063782
25 27 1.1980519
25 16 1.1915878
26 32 22.939123
26 28 0.09224708
26 10 0.032017045
26 24 0.09099898
26 31 0.089666024
26 12 2.1492424
26 17 1.9417555
27 0 2000.0
27 30 0.21787532
27 8 1.0376421
27 18 5.276348
27 13 0.27099934
27 33 1.3491132
27 11 0.73704267
27 29 1.1751859
27 5 1.7467334
27 34 1.2067914
27 20 0.5564525
27 2 0.7310957
27 14 2.570147
27 37 0.71614367
27 7 52.941177
27 16 1.4124211
27 25 1.1980519
28 36 0.041545484
28 26 0.09224708
28 10 0.1846185
28 3 0.08020859
28 12 4.769348
28 9 0.6318182
29 0 11.962255
29 30 2.701324
29 8 0.8974026
29 18 1.3194318
29 13 1.0233968
29 11 0.6334836
29 5 3.719362
29 34 6.925417
29 20 2.3682625
29 2 1.3515422
29 37 0.7974183
29 7 2000.0
29 27 1.1751859
29 16 28.959686
29 23 2.078272
29 25 2.55533
30 0 2000.0
30 8 1.0612733
30 18 0.7757411
30 13 3.7530305
30 33 2.7793484
30 11 0.67880964
30 29 2.701324
30 5 0.5965862
30 34 0.9591786
30 20 21.137083
30 2 19.309391
30 37 5.133872
30 7 0.90850323
30 27 0.21787532
30 16 1.1014345
30 23 0.8828109
30 25 1.8771253
31 26 0.089666024
31 6 0.9580804
31 10 0.049464498
31 24 10.596468
31 9 0.0337392
31 17 1.2232466
31 4 0.08095594
31 19 0.084398285
32 26 22.939123
32 24 0.15251249
32 12 0.21616112
32 15 0.07184653
33 30 2.7793484
33 8 2000.0
33 13 0.8200683
33 11 2.1401901
33 29 5608.125
33 5 2000.0
33 34 2000.0
33 20 1.5715162
33 2 4.163113
33 14 0.46098822
33 7 2000.0
33 27 1.3491132
33 16 2000.0
33 25 0.26714346
34 30 0.9591786
34 20 0.82384676
34 8 3.1014054
34 13 7.1608477
34 7 10.16634
34 27 1.2067914
34 16 1215.0568
34 11 2.0364792
34 25 2.6238186
34 29 6.925417
34 5 1.6267563
35 21 0.032158557
36 26 400.0
36 28 0.041545484
36 3 0.2653656
36 9 1.6013494
37 30 5.133872
37 0 0.9245997
37 8 0.67673445
37 18 1.1164774
37 13 1.5239041
37 11 1.3110968
37 29 0.7974183
37 20 2.5686877
37 2 1.4024811
37 7 9.16494
37 27 0.71614367
37 16 22.248358
37 23 1.2491174
37 25 24.811968
