0 2 0.8738164
0 37 2.3994932
0 13 0.8384703
0 29 49.5374
0 25 12.809203
1 3 1.3927273
1 12 11.933996
2 30 20.448437
2 0 0.8738164
2 8 1.3168616
2 18 2.457049
2 13 0.5829064
2 33 1.5240642
2 11 2.1217864
2 29 1.1511618
2 20 2.903328
2 37 0.84926736
2 27 1.0085471
2 16 2000.0
2 23 6.9587
2 25 0.60228324
3 36 0.6595466
3 28 18.89246
3 24 2000.0
3 12 0.07094068
3 1 1.3927273
3 9 0.4445565
4 31 0.067586936
4 9 0.083333336
4 17 0.1440062
4 19 0.07882778
5 30 0.5946508
5 8 0.45708102
5 18 1.2051575
5 13 50.25024
5 11 2.6974235
5 29 1.6813601
5 34 2.00187
5 20 3.0339482
5 37 6.905615
5 7 7.1009445
5 27 2.458436
5 16 1.6432599
5 23 1.8233277
5 25 2000.0
6 31 0.12755668
6 17 1.567577
7 30 0.7897765
7 20 133.33334
7 8 5.3834877
7 37 57.142857
7 16 1.1564616
7 23 1.141523
7 11 60.521694
7 25 2.6466703
7 5 7.1009445
8 0 2000.0
8 30 0.4597359
8 18 1.3685538
8 13 0.9342356
8 11 1.1043028
8 29 0.38183677
8 5 0.45708102
8 34 25.367706
8 2 1.3168616
8 37 0.9739167
8 7 5.3834877
8 27 1.1664723
8 16 1.5953006
8 23 0.87012553
8 25 2000.0
9 36 0.86765194
9 26 2000.0
9 28 1.2829546
9 10 21.45165
9 22 0.04791222
9 31 0.029827295
9 3 0.4445565
9 12 2000.0
9 4 0.083333336
9 17 0.03614757
9 19 0.06743056
10 26 0.029034493
10 28 0.45510116
10 24 0.18084314
10 31 12.015496
10 12 1301.0228
10 9 21.45165
10 17 0.034289286
11 0 2000.0
11 30 0.76704556
11 8 1.1043028
11 18 10.286801
11 13 2.7659323
11 33 1.9661877
11 29 1.6912128
11 5 2.6974235
11 34 2.2691188
11 20 1.5383238
11 2 2.1217864
11 37 1.5682701
11 7 60.521694
11 27 0.6913307
11 16 1.2078657
11 25 1.0194404
12 26 0.79429775
12 32 7.114624
12 24 0.0742803
12 21 0.24160078
12 3 0.07094068
12 1 11.933996
13 30 17.399635
13 0 0.8384703
13 8 0.9342356
13 33 1.2755699
13 11 2.7659323
13 29 1.2071835
13 5 50.25024
13 34 170.20256
13 20 1.1258181
13 2 0.5829064
13 14 3.3094556
13 37 0.959199
13 7 2000.0
13 27 0.4411832
13 16 40.728752
13 25 0.24431817
14 30 16.016157
14 20 3.1178784
14 13 3.3094556
14 27 6.907701
14 33 0.41808873
14 11 2000.0
14 25 2.6229002
15 32 0.08011999
15 21 1.7197509
16 0 2000.0
16 30 1.0722142
16 8 1.5953006
16 18 1.5664889
16 13 40.728752
16 11 1.2078657
16 5 1.6432599
16 34 69.17757
16 20 33.13763
16 7 1.1564616
16 27 1.5380232
16 23 3.3890018
16 25 1.1694263
17 6 1.567577
17 26 1.5595391
17 10 0.034289286
17 24 0.14524841
17 31 1.0322127
17 9 0.03614757
17 4 0.1440062
17 19 200.0
18 0 2000.0
18 30 0.72515684
18 8 1.3685538
18 13 2002.3864
18 11 10.286801
18 29 1.7578332
18 5 1.2051575
18 2 2.457049
18 37 2.1433005
18 7 2000.0
18 27 18.833921
18 16 1.5664889
18 23 1.6025394
19 28 1367.5
19 31 0.098248884
19 9 0.06743056
19 4 0.07882778
19 17 200.0
20 0 2000.0
20 30 0.97800976
20 13 1.1258181
20 33 2.9464414
20 11 1.5383238
20 29 9.134326
20 5 3.0339482
20 34 1.2753052
20 2 2.903328
20 14 3.1178784
20 37 4.1014495
20 7 133.33334
20 27 2.638084
20 16 33.13763
20 25 0.87047154
21 26 2000.0
21 32 2000.0
21 24 1.3444681
21 35 0.031807628
21 12 0.24160078
21 15 1.7197509
22 31 327.27274
22 9 0.04791222
22 19 2000.0
23 0 2000.0
23 30 1.5974842
23 8 0.87012553
23 2 6.9587
23 37 1.577899
23 18 1.6025394
23 7 1.141523
23 16 3.3890018
23 11 2000.0
23 29 1.2543494
23 5 1.8233277
24 26 0.046336815
24 32 0.18118796
24 10 0.18084314
24 21 1.3444681
24 12 0.0742803
24 3 2000.0
24 17 0.14524841
25 30 22.445692
25 0 12.809203
25 13 0.24431817
25 33 0.6869302
25 11 1.0194404
25 29 1.9566416
25 34 1.7883375
25 20 0.87047154
25 2 0.60228324
25 14 2.6229002
25 37 20.338778
25 7 2.6466703
25 27 0.26753172
25 16 1.1694263
26 32 24.3339
26 28 0.088870324
26 10 0.029034493
26 24 0.046336815
26 31 0.1828125
26 12 0.79429775
26 17 1.5595391
27 30 0.33183402
27 0 2000.0
27 8 1.1664723
27 18 18.833921
27 13 0.4411832
27 33 1.4201977
27 11 0.6913307
27 29 0.83254683
27 5 2.458436
27 34 1.1279482
27 20 2.638084
27 2 1.0085471
27 14 6.907701
27 37 1.0307207
27 7 3911.4204
27 16 1.5380232
27 25 0.26753172
28 36 0.03156455
28 26 0.088870324
28 10 0.45510116
28 12 1144.5454
28 3 18.89246
28 9 1.2829546
28 19 1367.5
29 0 49.5374
29 30 1.6640971
29 8 0.38183677
29 18 1.7578332
29 13 1.2071835
29 33 25.024633
29 11 1.6912128
29 5 1.6813601
29 34 6.598226
29 20 9.134326
29 2 1.1511618
29 37 1.293368
29 27 0.83254683
29 16 2000.0
29 23 1.2543494
29 25 1.9566416
30 8 0.4597359
30 18 0.72515684
30 13 17.399635
30 33 13.94974
30 11 0.76704556
30 29 1.6640971
30 5 0.5946508
30 34 1.0269697
30 20 0.97800976
30 2 20.448437
30 14 16.016157
30 37 16.305302
30 7 0.7897765
30 27 0.33183402
30 16 1.0722142
30 23 1.5974842
30 25 22.445692
31 26 0.1828125
31 6 0.12755668
31 10 12.015496
31 35 132.61034
31 9 0.029827295
31 4 0.067586936
31 17 1.0322127
31 19 0.098248884
32 26 24.3339
32 24 0.18118796
32 21 2000.0
32 12 7.114624
32 15 0.08011999
33 30 13.94974
33 13 1.2755699
33 11 1.9661877
33 29 25.024633
33 5 2000.0
33 34 2000.0
33 20 2.9464414
33 2 1.5240642
33 14 0.41808873
33 7 2000.0
33 27 1.4201977
33 16 3017.898
33 25 0.6869302
34 30 1.0269697
34 20 1.2753052
34 8 25.367706
34 37 2000.0
34 13 170.20256
34 7 2000.0
34 27 1.1279482
34 16 69.17757
34 11 2.2691188
34 29 6.598226
34 25 1.7883375
34 5 2.00187
35 21 0.031807628
35 31 132.61034
36 28 0.03156455
36 3 0.6595466
36 9 0.86765194
37 30 16.305302
37 0 2.3994932
37 8 0.9739167
37 18 2.1433005
37 13 0.959199
37 11 1.5682701
37 29 1.293368
37 5 6.905615
37 20 4.1014495
37 2 0.84926736
37 7 57.142857
37 27 1.0307207
37 16 2000.0
37 23 1.577899
37 25 20.338778
