0 8 23.295443
0 2 0.8382235
0 37 0.7954806
0 13 0.5073317
0 11 107.34814
0 29 10.534525
0 25 2000.0
1 3 0.455121
1 12 1213.5796
2 30 5.4944415
2 0 0.8382235
2 8 1.4818351
2 18 8.580278
2 13 0.44294894
2 33 2.6315618
2 11 0.80741215
2 29 0.8013956
2 20 1.9317144
2 37 0.71508795
2 27 0.48991036
2 23 22.914965
2 25 1.2863843
3 36 0.22995445
3 28 0.11929826
3 24 200.0
3 12 0.060348667
3 1 0.455121
3 9 0.19857474
4 31 0.06271224
4 9 0.07548687
4 17 0.08629134
4 19 0.07939522
5 30 0.7426582
5 8 0.9295701
5 18 0.4417124
5 13 2000.0
5 11 2.451375
5 29 5.1606383
5 34 3.132445
5 20 2.2996993
5 37 2000.0
5 7 4.7159743
5 27 2.8736362
5 16 1.8124648
5 23 2.902529
6 31 1.0151397
6 17 1.2882224
7 34 12.964219
7 30 1.2072253
7 20 1.761761
7 8 49.336124
7 37 18.129808
7 27 71.111115
7 16 1.6970937
7 11 6.0281014
7 23 1.1052705
7 25 9.943292
7 5 4.7159743
8 0 23.295443
8 30 0.81726134
8 18 1.1624368
8 13 3.8268251
8 11 1.081445
8 29 1.0979313
8 5 0.9295701
8 34 13.963349
8 2 1.4818351
8 37 0.83821946
8 7 49.336124
8 27 1.437204
8 16 1.3495976
8 23 0.9503219
9 36 0.9836711
9 26 2000.0
9 28 1.7396553
9 10 6.44891
9 22 0.26088086
9 31 0.031172872
9 3 0.19857474
9 17 0.04411987
9 4 0.07548687
9 19 0.07520299
10 26 0.035493035
10 28 0.19469045
10 24 0.07040622
10 31 0.032611273
10 12 9.786787
10 9 6.44891
10 17 0.02904336
11 0 107.34814
11 30 0.4519273
11 8 1.081445
11 18 3.2566814
11 13 0.45895693
11 33 2.2726326
11 29 0.5851495
11 5 2.451375
11 34 2.3172307
11 20 0.71211356
11 2 0.80741215
11 37 1.3349957
11 7 6.0281014
11 27 0.41493613
11 16 0.70319015
11 25 1.0962358
12 26 1.5665307
12 28 3.8684812
12 32 0.49452335
12 10 9.786787
12 24 0.06722929
12 21 0.07865267
12 3 0.060348667
13 30 1.4706537
13 0 0.5073317
13 8 3.8268251
13 18 816.6667
13 33 0.80061454
13 11 0.45895693
13 29 0.5466984
13 34 6.0044484
13 20 0.65930086
13 2 0.44294894
13 14 2.2030652
13 37 1.4159608
13 27 0.2937468
13 16 147.29544
13 25 0.4436133
14 20 1.4709761
14 13 2.2030652
14 33 0.4388303
14 27 1.5453691
14 11 2000.0
14 25 2.2868218
15 32 0.07829912
15 21 2.0689857
16 0 2000.0
16 30 1.7101505
16 8 1.3495976
16 18 0.8080983
16 13 147.29544
16 11 0.70319015
16 29 47.591537
16 5 1.8124648
16 20 10.318334
16 37 93.55865
16 7 1.6970937
16 27 2.1844084
16 23 51.181816
16 25 1.7141043
17 26 1.6965648
17 6 1.2882224
17 10 0.02904336
17 24 0.31586635
17 31 1.5020922
17 9 0.04411987
17 4 0.08629134
17 19 1.9847559
18 30 0.7129032
18 2 8.580278
18 8 1.1624368
18 37 1.1779954
18 13 816.6667
18 7 2000.0
18 27 4.0621586
18 16 0.8080983
18 23 1.2741228
18 11 3.2566814
18 29 1.2211539
18 5 0.4417124
19 31 0.07971648
19 9 0.07520299
19 17 1.9847559
19 4 0.07939522
20 30 9.568774
20 13 0.65930086
20 33 1.1532352
20 11 0.71211356
20 29 1.2867016
20 5 2.2996993
20 34 0.9017508
20 2 1.9317144
20 14 1.4709761
20 37 2.8008351
20 7 1.761761
20 27 0.37362564
20 16 10.318334
20 25 0.53484166
21 32 2000.0
21 24 0.14563246
21 35 0.0674026
21 12 0.07865267
21 15 2.0689857
22 6 1285.2273
22 31 1456.9319
22 9 0.26088086
22 19 1289.6592
23 0 2000.0
23 30 1.26089
23 2 22.914965
23 8 0.9503219
23 37 1.6198221
23 18 1.2741228
23 7 1.1052705
23 16 51.181816
23 11 2000.0
23 29 3.4179955
23 5 2.902529
24 26 0.059421487
24 32 0.114260435
24 10 0.07040622
24 21 0.14563246
24 31 8.724432
24 12 0.06722929
24 3 200.0
24 15 2000.0
24 17 0.31586635
25 0 2000.0
25 30 2.5958061
25 13 0.4436133
25 33 0.6582214
25 11 1.0962358
25 29 5.522767
25 34 2.692434
25 20 0.53484166
25 2 1.2863843
25 14 2.2868218
25 37 122.31268
25 7 9.943292
25 27 0.40782467
25 16 1.7141043
26 36 27.093225
26 32 17.546783
26 28 0.034919895
26 10 0.035493035
26 24 0.059421487
26 31 0.05246985
26 12 1.5665307
26 17 1.6965648
27 0 2000.0
27 30 0.4951575
27 8 1.437204
27 18 4.0621586
27 13 0.2937468
27 33 1.2211173
27 11 0.41493613
27 29 0.3809674
27 5 2.8736362
27 34 2.6001453
27 20 0.37362564
27 2 0.48991036
27 14 1.5453691
27 37 0.6165711
27 7 71.111115
27 16 2.1844084
27 25 0.40782467
28 36 0.032560833
28 26 0.034919895
28 10 0.19469045
28 3 0.11929826
28 12 3.8684812
28 9 1.7396553
29 0 10.534525
29 30 3.2807283
29 8 1.0979313
29 18 1.2211539
29 13 0.5466984
29 11 0.5851495
29 5 5.1606383
29 34 2.0902271
29 20 1.2867016
29 2 0.8013956
29 37 0.9581087
29 7 2000.0
29 27 0.3809674
29 16 47.591537
29 23 3.4179955
29 25 5.522767
30 0 2000.0
30 8 0.81726134
30 18 0.7129032
30 13 1.4706537
30 33 2.1486695
30 11 0.4519273
30 29 3.2807283
30 5 0.7426582
30 34 1.7203728
30 20 9.568774
30 2 5.4944415
30 14 2000.0
30 37 2.6453254
30 7 1.2072253
30 27 0.4951575
30 16 1.7101505
30 23 1.26089
30 25 2.5958061
31 26 0.05246985
31 6 1.0151397
31 10 0.032611273
31 24 8.724432
31 9 0.031172872
31 17 1.5020922
31 4 0.06271224
31 19 0.07971648
32 26 17.546783
32 24 0.114260435
32 12 0.49452335
32 15 0.07829912
33 30 2.1486695
33 8 2000.0
33 13 0.80061454
33 11 2.2726326
33 29 4032.443
33 34 2000.0
33 20 1.1532352
33 2 2.6315618
33 14 0.4388303
33 7 2000.0
33 27 1.2211173
33 16 1620.909
33 25 0.6582214
34 30 1.7203728
34 20 0.9017508
34 8 13.963349
34 7 12.964219
34 13 6.0044484
34 27 2.6001453
34 16 5535.0566
34 11 2.3172307
34 25 2.692434
34 29 2.0902271
34 5 3.132445
35 21 0.0674026
36 26 27.093225
36 28 0.032560833
36 3 0.22995445
36 9 0.9836711
37 30 2.6453254
37 0 0.7954806
37 8 0.83821946
37 18 1.1779954
37 13 1.4159608
37 11 1.3349957
37 29 0.9581087
37 20 2.8008351
37 2 0.71508795
37 7 18.129808
37 27 0.6165711
37 16 93.55865
37 23 1.6198221
37 25 122.31268
