0 8 12.499798
0 2 1.015866
0 37 0.636543
0 13 0.967907
0 11 12.693964
0 29 17.41615
1 3 0.27571023
1 12 1208.2954
2 30 9.202176
2 0 1.015866
2 8 1.046184
2 18 31.149494
2 13 0.32812706
2 33 1.6688536
2 11 0.68404454
2 29 0.65851337
2 20 1.6910896
2 37 0.5901829
2 27 0.507503
2 16 2000.0
2 23 21.5586
2 25 1.0189998
3 36 0.27377063
3 28 0.08568549
3 24 450.00003
3 12 0.050638873
3 1 0.27571023
3 9 0.4181019
4 31 0.08435038
4 9 0.070164904
4 17 0.090184934
4 19 0.088804945
5 30 1.5092728
5 8 0.7125639
5 18 0.4421773
5 13 537.6495
5 11 5.016351
5 29 10.81793
5 34 1.7839003
5 20 6.681156
5 37 2000.0
5 7 7.526913
5 27 4.2797675
5 16 2.3085475
5 23 3.8662364
6 31 0.25125757
6 17 0.5927619
7 34 5.699351
7 30 1.0245434
7 20 1.4724432
7 8 131.26396
7 37 17.203436
7 27 249.30792
7 16 1.0863518
7 11 4.4532247
7 23 0.857693
7 25 5.7593966
7 5 7.526913
8 0 12.499798
8 30 0.75298995
8 18 1.0662307
8 13 1.8514394
8 11 1.4096926
8 29 1.0614681
8 5 0.7125639
8 34 3.0960536
8 2 1.046184
8 37 1.1566839
8 7 131.26396
8 27 1.819992
8 16 1.3539481
8 23 1.036437
9 36 1.7768681
9 26 2000.0
9 28 1.861526
9 10 18.09533
9 22 0.79638404
9 31 0.0316156
9 12 2000.0
9 3 0.4181019
9 17 0.20643044
9 4 0.070164904
9 19 0.06798021
10 26 0.027780686
10 28 0.31601167
10 24 0.06602639
10 31 0.034897365
10 12 8.985338
10 9 18.09533
10 17 0.03076519
11 0 12.693964
11 30 0.34073052
11 8 1.4096926
11 18 7.346789
11 13 0.5634808
11 33 1.8501829
11 29 0.59088737
11 5 5.016351
11 34 3.5939045
11 20 0.8372377
11 2 0.68404454
11 37 1.1517045
11 7 4.4532247
11 27 0.7992961
11 16 0.7693617
11 25 1.1488899
12 26 0.8931983
12 28 2.9444342
12 32 0.32607102
12 10 8.985338
12 24 0.072068624
12 21 0.09626954
12 3 0.050638873
13 0 0.967907
13 30 2.3978202
13 8 1.8514394
13 18 88.82749
13 33 0.97878057
13 11 0.5634808
13 29 0.5625
13 5 537.6495
13 34 8.794538
13 20 0.69455826
13 2 0.32812706
13 14 3.642454
13 37 0.7403121
13 27 0.41678193
13 16 25.41664
13 25 0.67533165
14 20 1.1293056
14 13 3.642454
14 27 2.5730376
14 33 0.48897797
14 11 2000.0
14 25 1.3059808
15 32 0.07343517
15 21 0.9606309
16 30 1.1588558
16 0 2000.0
16 8 1.3539481
16 18 0.8932037
16 13 25.41664
16 11 0.7693617
16 29 43.159504
16 5 2.3085475
16 20 5.8293324
16 37 16.270979
16 7 1.0863518
16 27 1.9973003
16 23 4.1078067
16 25 1.3812244
17 26 1.8831244
17 6 0.5927619
17 10 0.03076519
17 24 0.17858987
17 31 1.3033395
17 9 0.20643044
17 4 0.090184934
17 19 2.3556175
18 30 0.774058
18 2 31.149494
18 8 1.0662307
18 37 1.1514523
18 7 2000.0
18 13 88.82749
18 27 4.189519
18 16 0.8932037
18 23 0.9488953
18 11 7.346789
18 29 1.0667188
18 5 0.4421773
19 31 0.08293021
19 9 0.06798021
19 17 2.3556175
19 4 0.088804945
20 30 28.838722
20 13 0.69455826
20 33 1.1275172
20 11 0.8372377
20 29 8.255302
20 5 6.681156
20 34 0.8259772
20 2 1.6910896
20 14 1.1293056
20 37 2.5524113
20 7 1.4724432
20 27 0.47886705
20 16 5.8293324
20 25 0.47174922
21 32 2000.0
21 24 0.7972196
21 35 0.035506707
21 12 0.09626954
21 15 0.9606309
22 6 1194.6023
22 31 1714.3181
22 9 0.79638404
22 19 1288.409
23 30 1.388956
23 0 2000.0
23 2 21.5586
23 8 1.036437
23 37 1.0575572
23 18 0.9488953
23 7 0.857693
23 16 4.1078067
23 11 2000.0
23 29 2.0065029
23 5 3.8662364
24 26 0.058101892
24 32 0.11024843
24 28 2000.0
24 10 0.06602639
24 21 0.7972196
24 31 7.8246813
24 12 0.072068624
24 3 450.00003
24 15 2000.0
24 17 0.17858987
25 30 1.6246487
25 13 0.67533165
25 33 0.29707006
25 11 1.1488899
25 29 2.9560301
25 34 1.7363086
25 20 0.47174922
25 2 1.0189998
25 14 1.3059808
25 37 24.467531
25 7 5.7593966
25 27 0.91386515
25 16 1.3812244
26 36 69.94803
26 32 16.922142
26 28 0.046020158
26 10 0.027780686
26 24 0.058101892
26 31 0.061059542
26 12 0.8931983
26 17 1.8831244
27 0 2000.0
27 30 0.22409627
27 8 1.819992
27 18 4.189519
27 13 0.41678193
27 33 1.0429403
27 11 0.7992961
27 29 0.2820617
27 5 4.2797675
27 34 1.2785661
27 20 0.47886705
27 2 0.507503
27 14 2.5730376
27 37 0.9120185
27 7 249.30792
27 16 1.9973003
27 23 2000.0
27 25 0.91386515
28 36 0.036196526
28 26 0.046020158
28 10 0.31601167
28 3 0.08568549
28 12 2.9444342
28 9 1.861526
29 0 17.41615
29 30 6.2331867
29 8 1.0614681
29 18 1.0667188
29 13 0.5625
29 11 0.59088737
29 5 10.81793
29 34 8.060304
29 20 8.255302
29 2 0.65851337
29 37 0.64783615
29 7 2000.0
29 27 0.2820617
29 16 43.159504
29 23 2.0065029
29 25 2.9560301
30 0 2000.0
30 8 0.75298995
30 18 0.774058
30 13 2.3978202
30 33 1.6712629
30 11 0.34073052
30 29 6.2331867
30 5 1.5092728
30 34 1.2141823
30 20 28.838722
30 2 9.202176
30 37 6.300307
30 7 1.0245434
30 27 0.22409627
30 16 1.1588558
30 23 1.388956
30 25 1.6246487
31 26 0.061059542
31 6 0.25125757
31 10 0.034897365
31 24 7.8246813
31 9 0.0316156
31 17 1.3033395
31 4 0.08435038
31 19 0.08293021
32 26 16.922142
32 24 0.11024843
32 12 0.32607102
32 15 0.07343517
33 34 2000.0
33 30 1.6712629
33 20 1.1275172
33 2 1.6688536
33 14 0.48897797
33 7 2000.0
33 13 0.97878057
33 27 1.0429403
33 16 1627.8408
33 11 1.8501829
33 29 622.78406
33 25 0.29707006
34 30 1.2141823
34 20 0.8259772
34 8 3.0960536
34 13 8.794538
34 7 5.699351
34 27 1.2785661
34 16 1215.0568
34 11 3.5939045
34 25 1.7363086
34 29 8.060304
34 5 1.7839003
35 21 0.035506707
36 26 69.94803
36 28 0.036196526
36 3 0.27377063
36 9 1.7768681
37 0 0.636543
37 30 6.300307
37 8 1.1566839
37 18 1.1514523
37 13 0.7403121
37 11 1.1517045
37 29 0.64783615
37 20 2.5524113
37 2 0.5901829
37 7 17.203436
37 27 0.9120185
37 16 16.270979
37 23 1.0575572
37 25 24.467531
