0 2 1.0568306
0 37 2.3865168
0 13 1.1800461
0 29 34.285717
0 25 18.421053
1 3 1.0235503
1 12 12.874597
2 30 16.924282
2 0 1.0568306
2 8 1.4673594
2 18 4.2588115
2 13 0.48010373
2 33 1.8555788
2 11 1.6643838
2 29 1.6970674
2 20 2.8599877
2 37 1.0600721
2 27 0.5384114
2 16 2000.0
2 23 3.8587804
2 25 0.40219077
3 36 0.5622309
3 28 3.9770105
3 24 2000.0
3 12 0.05104017
3 1 1.0235503
3 9 0.40603712
4 31 0.06838497
4 9 0.09626262
4 17 0.21345629
4 19 0.09134402
5 30 1.0089374
5 8 0.47888118
5 18 1.4471474
5 13 36.269318
5 11 1.7373462
5 29 4.7407084
5 34 4.5362263
5 20 4.092255
5 37 7.5296164
5 7 11.721539
5 27 1.5249346
5 16 1.5618845
5 23 2.785037
6 31 0.27622476
6 17 5.460258
7 30 0.73271424
7 8 7.973391
7 37 218.71147
7 16 1.5886273
7 23 1.1675539
7 25 1.8783686
7 5 11.721539
8 0 2000.0
8 30 0.47480357
8 18 1.5194504
8 13 0.93081295
8 11 1.0013101
8 29 0.45996007
8 5 0.47888118
8 34 60.457256
8 2 1.4673594
8 37 1.0161304
8 7 7.973391
8 27 2.4782312
8 16 1.4852291
8 23 0.8430182
8 25 2000.0
9 36 0.9299759
9 26 2000.0
9 28 1.0775024
9 10 56.34849
9 22 0.066993795
9 31 0.029517965
9 12 2000.0
9 3 0.40603712
9 4 0.09626262
9 17 0.03339773
9 19 0.0662665
10 26 0.0283629
10 28 0.3868328
10 24 0.10921498
10 31 19.598486
10 12 1496.4773
10 9 56.34849
10 17 0.035156254
11 0 2000.0
11 30 0.7986249
11 8 1.0013101
11 18 10.921197
11 13 0.8572605
11 33 1.8785272
11 29 1.1267701
11 5 1.7373462
11 34 2.4453168
11 20 1.2009679
11 2 1.6643838
11 37 1.7080264
11 7 2106.9888
11 27 0.86259705
11 16 1.1414919
11 25 0.92277694
12 26 4.4517045
12 28 139.80353
12 32 2.5913515
12 24 0.06407223
12 21 0.23299035
12 3 0.05104017
12 1 12.874597
13 30 143.73944
13 0 1.1800461
13 8 0.93081295
13 18 276.9231
13 33 0.9996842
13 11 0.8572605
13 29 1.4605852
13 5 36.269318
13 34 118.36009
13 20 1.3023793
13 2 0.48010373
13 14 7.2658134
13 37 1.3180233
13 7 2000.0
13 27 0.28196242
13 16 16.910742
13 25 0.20278491
14 30 9.3657675
14 20 2.2475634
14 13 7.2658134
14 27 4.0304556
14 33 0.41164705
14 11 2000.0
14 25 5.226513
15 32 0.07658925
15 21 1.9697087
16 30 1.106103
16 0 2000.0
16 8 1.4852291
16 18 1.2458189
16 13 16.910742
16 11 1.1414919
16 5 1.5618845
16 34 108.54708
16 20 20.554626
16 7 1.5886273
16 27 1.3572916
16 23 2.4515927
16 25 1.3614023
17 6 5.460258
17 26 1.9232566
17 10 0.035156254
17 24 0.15836298
17 31 1.0157999
17 9 0.03339773
17 4 0.21345629
17 19 35.617256
18 0 2000.0
18 30 0.7255847
18 8 1.5194504
18 13 276.9231
18 11 10.921197
18 29 1.4713343
18 5 1.4471474
18 2 4.2588115
18 37 2.980369
18 7 2000.0
18 27 31.206017
18 16 1.2458189
18 23 1.8433964
19 31 0.08456745
19 9 0.0662665
19 4 0.09134402
19 17 35.617256
20 30 2.8781502
20 13 1.3023793
20 33 0.9216128
20 11 1.2009679
20 29 14.020942
20 5 4.092255
20 34 0.89411634
20 2 2.8599877
20 14 2.2475634
20 37 3.7095902
20 7 2581.5908
20 27 0.90198004
20 16 20.554626
20 25 0.48897532
21 10 2000.0
21 24 0.6671604
21 35 0.04156714
21 31 2000.0
21 12 0.23299035
21 15 1.9697087
22 31 225.00002
22 9 0.066993795
22 19 2000.0
23 0 2000.0
23 30 2.3634136
23 8 0.8430182
23 2 3.8587804
23 37 2.2658179
23 18 1.8433964
23 7 1.1675539
23 16 2.4515927
23 11 2000.0
23 29 1.4447242
23 5 2.785037
24 26 0.036373246
24 32 0.21027032
24 10 0.10921498
24 21 0.6671604
24 31 2000.0
24 12 0.06407223
24 15 2000.0
24 17 0.15836298
25 0 18.421053
25 30 46.455112
25 13 0.20278491
25 33 0.59517837
25 11 0.92277694
25 29 2.1033454
25 34 4.7504606
25 20 0.48897532
25 2 0.40219077
25 14 5.226513
25 37 55.832554
25 7 1.8783686
25 27 0.21568026
25 16 1.3614023
26 32 46.136364
26 28 0.07879712
26 10 0.0283629
26 24 0.036373246
26 31 0.16148089
26 12 4.4517045
26 17 1.9232566
27 30 0.29673076
27 0 2000.0
27 8 2.4782312
27 18 31.206017
27 13 0.28196242
27 33 0.613082
27 11 0.86259705
27 29 0.61119735
27 5 1.5249346
27 34 0.94038284
27 20 0.90198004
27 2 0.5384114
27 14 4.0304556
27 37 0.9021658
27 7 2000.0
27 16 1.3572916
27 25 0.21568026
28 36 0.031161368
28 26 0.07879712
28 10 0.3868328
28 3 3.9770105
28 12 139.80353
28 9 1.0775024
28 19 1364.4886
29 0 34.285717
29 30 1.1890837
29 8 0.45996007
29 18 1.4713343
29 13 1.4605852
29 33 19.173794
29 11 1.1267701
29 5 4.7407084
29 34 3.4054964
29 20 14.020942
29 2 1.6970674
29 37 1.207508
29 7 2000.0
29 27 0.61119735
29 16 2000.0
29 23 1.4447242
29 25 2.1033454
30 8 0.47480357
30 18 0.7255847
30 13 143.73944
30 33 5.514346
30 11 0.7986249
30 29 1.1890837
30 5 1.0089374
30 34 1.0919099
30 20 2.8781502
30 2 16.924282
30 14 9.3657675
30 37 13.645246
30 7 0.73271424
30 27 0.29673076
30 16 1.106103
30 23 2.3634136
30 25 46.455112
31 26 0.16148089
31 6 0.27622476
31 10 19.598486
31 35 146.424
31 22 225.00002
31 9 0.029517965
31 4 0.06838497
31 17 1.0157999
31 19 0.08456745
32 26 46.136364
32 24 0.21027032
32 12 2.5913515
32 15 0.07658925
33 30 5.514346
33 13 0.9996842
33 11 1.8785272
33 29 19.173794
33 5 2000.0
33 34 2000.0
33 20 0.9216128
33 2 1.8555788
33 14 0.41164705
33 7 2000.0
33 27 0.613082
33 16 3017.898
33 25 0.59517837
34 30 1.0919099
34 20 0.89411634
34 8 60.457256
34 37 2000.0
34 7 2000.0
34 13 118.36009
34 27 0.94038284
34 16 108.54708
34 11 2.4453168
34 29 3.4054964
34 25 4.7504606
34 5 4.5362263
35 21 0.04156714
35 31 146.424
36 28 0.031161368
36 3 0.5622309
36 9 0.9299759
37 30 13.645246
37 0 2.3865168
37 8 1.0161304
37 18 2.980369
37 13 1.3180233
37 11 1.7080264
37 29 1.207508
37 5 7.5296164
37 20 3.7095902
37 2 1.0600721
37 7 218.71147
37 27 0.9021658
37 16 2000.0
37 23 2.2658179
37 25 55.832554
