0 2 0.9278439
0 37 4.1431513
0 13 1.0814098
0 29 163.54288
0 25 15.663924
1 3 1.004289
1 12 17.84268
2 30 10.503229
2 0 0.9278439
2 8 2.9568458
2 18 2.81435
2 13 0.41604656
2 33 1.5145669
2 11 1.7373818
2 29 1.3470268
2 20 2.333855
2 37 1.0405813
2 27 0.59120816
2 16 2000.0
2 23 17.869272
2 25 0.33690315
3 36 0.63389033
3 28 50.126137
3 24 2000.0
3 12 0.050622568
3 1 1.004289
3 9 0.45935136
4 31 0.069565244
4 9 0.08241004
4 17 0.16203661
4 19 0.082522355
5 30 0.8716116
5 8 0.92701656
5 18 0.8155165
5 13 16.712954
5 11 1.8297776
5 29 9.146451
5 34 5.0235267
5 20 3.094505
5 37 5.389969
5 7 17.886019
5 27 3.0495772
5 16 2.2841706
5 23 2.5299447
5 25 2000.0
6 31 0.188125
6 17 2.6073234
7 34 266.6667
7 30 2.0209532
7 20 31.238878
7 8 6.1444807
7 16 1.0549744
7 23 1.1698427
7 25 5.2439847
7 5 17.886019
8 0 2000.0
8 30 0.6991111
8 18 1.3762435
8 13 2.699487
8 11 1.3762743
8 29 0.9637802
8 5 0.92701656
8 34 27.177355
8 2 2.9568458
8 37 1.0931389
8 7 6.1444807
8 27 6.3132057
8 16 1.7011044
8 23 1.421123
8 25 2000.0
9 36 0.7573528
9 26 2000.0
9 28 0.96980524
9 10 9.620942
9 22 0.06234
9 31 0.02905209
9 3 0.45935136
9 12 2000.0
9 4 0.08241004
9 17 0.03434659
9 19 0.06624797
10 26 0.031175489
10 28 0.31304863
10 24 0.13844235
10 31 0.57213444
10 12 123.76279
10 9 9.620942
10 17 0.030316496
11 0 2000.0
11 30 0.84584457
11 8 1.3762743
11 18 9.913176
11 13 1.1943533
11 33 1.562483
11 29 2.5338948
11 5 1.8297776
11 34 2.2882519
11 20 2.7157016
11 2 1.7373818
11 37 1.2697499
11 7 4172.784
11 27 0.6937347
11 16 1.3210663
11 25 0.6442415
12 26 0.7407813
12 32 6.5310006
12 10 123.76279
12 24 0.07249953
12 21 0.10706144
12 3 0.050622568
12 1 17.84268
13 30 36.561687
13 0 1.0814098
13 8 2.699487
13 18 96.623375
13 33 1.0110086
13 11 1.1943533
13 29 1.2288511
13 5 16.712954
13 34 439.44995
13 20 1.272195
13 2 0.41604656
13 14 4.7132344
13 37 1.4813957
13 7 2000.0
13 27 0.39460233
13 16 119.656654
13 25 0.25307512
14 30 14.736091
14 20 3.2506647
14 13 4.7132344
14 27 3.402174
14 33 0.39522284
14 11 2000.0
14 25 2.0765216
15 32 0.07591613
15 21 10.720609
16 0 2000.0
16 30 1.0855495
16 8 1.7011044
16 18 1.9037246
16 13 119.656654
16 11 1.3210663
16 5 2.2841706
16 34 37.950066
16 20 19.42106
16 7 1.0549744
16 27 1.6966316
16 23 2.2579
16 25 0.8412148
17 6 2.6073234
17 26 1.5463144
17 10 0.030316496
17 24 0.090160474
17 31 0.966417
17 9 0.03434659
17 4 0.16203661
17 19 2000.0
18 0 2000.0
18 30 0.97287863
18 8 1.3762435
18 2 2.81435
18 37 3.575067
18 13 96.623375
18 27 53.9529
18 16 1.9037246
18 11 9.913176
18 23 1.3529307
18 29 1.6367306
18 5 0.8155165
19 28 1376.6857
19 31 0.103024
19 9 0.06624797
19 4 0.082522355
20 0 2000.0
20 30 2.4667037
20 13 1.272195
20 33 1.3221112
20 11 2.7157016
20 29 16.951975
20 5 3.094505
20 34 1.2689675
20 2 2.333855
20 14 3.2506647
20 37 9.229564
20 7 31.238878
20 27 1.8959774
20 16 19.42106
20 25 0.54316074
21 32 2000.0
21 24 0.623177
21 35 0.044626933
21 31 2000.0
21 12 0.10706144
21 15 10.720609
22 31 100.0
22 9 0.06234
22 19 2000.0
23 0 2000.0
23 30 2.0161417
23 8 1.421123
23 2 17.869272
23 37 1.5768815
23 18 1.3529307
23 7 1.1698427
23 16 2.2579
23 11 2000.0
23 29 2.4694526
23 5 2.5299447
24 26 0.053301983
24 32 0.5534914
24 10 0.13844235
24 21 0.623177
24 12 0.07249953
24 15 2000.0
24 17 0.090160474
25 30 16.837603
25 0 15.663924
25 13 0.25307512
25 33 0.5886615
25 11 0.6442415
25 29 4.951489
25 34 4.0579987
25 20 0.54316074
25 2 0.33690315
25 14 2.0765216
25 37 70.398125
25 7 5.2439847
25 27 0.20897225
25 16 0.8412148
26 32 135.63637
26 28 0.042007577
26 10 0.031175489
26 24 0.053301983
26 31 0.18108855
26 12 0.7407813
26 17 1.5463144
27 30 0.19361155
27 0 2000.0
27 8 6.3132057
27 18 53.9529
27 13 0.39460233
27 33 0.68118876
27 11 0.6937347
27 29 1.3952422
27 5 3.0495772
27 34 0.8251559
27 20 1.8959774
27 2 0.59120816
27 14 3.402174
27 37 0.85722464
27 7 7259.886
27 16 1.6966316
27 25 0.20897225
28 36 0.03617496
28 26 0.042007577
28 10 0.31304863
28 3 50.126137
28 12 1122.3864
28 9 0.96980524
28 19 1376.6857
29 0 163.54288
29 30 2.2538278
29 8 0.9637802
29 18 1.6367306
29 13 1.2288511
29 33 35.77159
29 11 2.5338948
29 5 9.146451
29 34 3.8027391
29 20 16.951975
29 2 1.3470268
29 37 1.3264163
29 7 2000.0
29 27 1.3952422
29 16 2000.0
29 23 2.4694526
29 25 4.951489
30 8 0.6991111
30 18 0.97287863
30 13 36.561687
30 33 10.869123
30 11 0.84584457
30 29 2.2538278
30 5 0.8716116
30 34 1.1241384
30 20 2.4667037
30 2 10.503229
30 14 14.736091
30 37 10.1356125
30 7 2.0209532
30 27 0.19361155
30 16 1.0855495
30 23 2.0161417
30 25 16.837603
31 26 0.18108855
31 6 0.188125
31 10 0.57213444
31 35 9.392321
31 22 100.0
31 9 0.02905209
31 4 0.069565244
31 17 0.966417
31 19 0.103024
32 26 135.63637
32 24 0.5534914
32 12 6.5310006
32 15 0.07591613
33 30 10.869123
33 8 2000.0
33 13 1.0110086
33 11 1.562483
33 29 35.77159
33 5 2000.0
33 34 2000.0
33 20 1.3221112
33 2 1.5145669
33 14 0.39522284
33 7 2000.0
33 27 0.68118876
33 16 2738.6362
33 25 0.5886615
34 30 1.1241384
34 20 1.2689675
34 8 27.177355
34 37 2000.0
34 13 439.44995
34 7 266.6667
34 27 0.8251559
34 16 37.950066
34 11 2.2882519
34 29 3.8027391
34 25 4.0579987
34 5 5.0235267
35 21 0.044626933
35 31 9.392321
36 28 0.03617496
36 3 0.63389033
36 9 0.7573528
37 30 10.1356125
37 0 4.1431513
37 8 1.0931389
37 18 3.575067
37 13 1.4813957
37 11 1.2697499
37 29 1.3264163
37 5 5.389969
37 20 9.229564
37 2 1.0405813
37 7 2964.4316
37 27 0.85722464
37 16 2000.0
37 23 1.5768815
37 25 70.398125
