0 8 10.442918
0 2 1.4380692
0 37 1.32323
0 13 0.85337096
0 11 103.71007
0 29 8.210248
0 25 2000.0
1 3 0.3009404
1 12 1202.159
2 30 18.739214
2 0 1.4380692
2 8 1.1281109
2 18 7.742536
2 13 0.3599473
2 33 2.9219053
2 11 0.8195171
2 29 0.79925555
2 20 4.988126
2 37 1.0394984
2 27 0.6498053
2 16 2000.0
2 23 38.770596
2 25 2.5907753
3 36 0.25279224
3 28 0.11931818
3 24 1148.4092
3 12 0.06571635
3 1 0.3009404
3 9 0.34099016
4 31 0.09193981
4 9 0.06385862
4 17 0.06257259
4 19 0.076857276
5 30 0.48630413
5 8 0.43808272
5 18 1.0487175
5 13 2000.0
5 11 5.0693603
5 29 3.9398654
5 34 8.839616
5 20 4.2348347
5 37 2000.0
5 7 10.078389
5 27 3.521758
5 16 1.5133476
5 23 6.1060424
6 22 160.0
6 21 2000.0
6 31 1.3351929
6 17 1.0783186
7 34 12.834255
7 30 1.5913049
7 20 2.2263467
7 8 74.03315
7 37 10.889421
7 27 87.7193
7 16 1.5303764
7 11 5.8146353
7 23 1.7228471
7 25 4.553409
7 5 10.078389
8 0 10.442918
8 30 1.1858321
8 18 1.0922276
8 13 2.2650576
8 11 0.845281
8 29 1.9316077
8 5 0.43808272
8 34 2.6460183
8 2 1.1281109
8 37 1.3568524
8 7 74.03315
8 27 3.7531703
8 16 1.4031498
8 23 1.1313176
9 36 1.4327171
9 28 1.448474
9 10 5.5071025
9 22 0.48373127
9 31 0.03437739
9 3 0.34099016
9 17 0.04205248
9 4 0.06385862
9 19 0.07091783
10 26 0.032556392
10 28 0.19015332
10 24 0.04860742
10 31 0.05199811
10 12 13.3772745
10 9 5.5071025
10 17 0.0413948
11 0 103.71007
11 30 0.4434584
11 8 0.845281
11 18 8.867721
11 13 0.4021917
11 33 2.0988355
11 29 0.66137457
11 5 5.0693603
11 34 3.0852866
11 20 2.9407358
11 2 0.8195171
11 37 1.5477402
11 7 5.8146353
11 27 0.4559659
11 16 0.90853375
11 25 1.1835674
12 26 1.0483829
12 28 4.3187513
12 32 0.28013366
12 10 13.3772745
12 24 0.08216169
12 21 0.071919285
12 3 0.06571635
13 30 0.9417895
13 0 0.85337096
13 8 2.2650576
13 18 355.55554
13 33 1.0666691
13 11 0.4021917
13 29 1.8696748
13 5 2000.0
13 34 4.4257574
13 20 1.7804674
13 2 0.3599473
13 14 2.2850375
13 37 2.7897322
13 27 0.27206543
13 16 228.86508
13 25 0.6772883
14 20 1.8773165
14 13 2.2850375
14 33 0.39136568
14 27 2.0975766
14 11 2000.0
14 25 2.2143295
15 32 0.068866886
15 21 0.9192783
16 30 1.1025243
16 0 2000.0
16 8 1.4031498
16 18 0.961103
16 13 228.86508
16 11 0.90853375
16 29 39.53815
16 5 1.5133476
16 20 10.275263
16 37 194.27637
16 7 1.5303764
16 27 1.5236477
16 23 38.090496
16 25 1.2195691
17 26 1.8486224
17 6 1.0783186
17 10 0.0413948
17 24 0.2829929
17 31 1.1804582
17 9 0.04205248
17 4 0.06257259
17 19 1.8743688
18 30 1.1532451
18 2 7.742536
18 8 1.0922276
18 37 1.195125
18 13 355.55554
18 7 2000.0
18 27 11.045653
18 16 0.961103
18 23 1.2389522
18 11 8.867721
18 29 1.4297279
18 5 1.0487175
19 31 0.0642727
19 9 0.07091783
19 17 1.8743688
19 4 0.076857276
20 30 16.949041
20 8 2000.0
20 13 1.7804674
20 33 1.1268121
20 11 2.9407358
20 29 2.8308058
20 5 4.2348347
20 34 0.8671322
20 2 4.988126
20 14 1.8773165
20 37 5.642862
20 7 2.2263467
20 27 4.6490192
20 16 10.275263
20 25 0.35291424
21 26 2000.0
21 32 2000.0
21 10 2000.0
21 24 0.58752775
21 35 0.041477274
21 12 0.071919285
21 15 0.9192783
22 6 160.0
22 31 1108.2385
22 9 0.48373127
22 19 1329.4886
23 30 2.685389
23 0 2000.0
23 2 38.770596
23 8 1.1313176
23 37 7.456222
23 18 1.2389522
23 7 1.7228471
23 16 38.090496
23 11 2000.0
23 29 9.876489
23 5 6.1060424
24 26 0.05601173
24 32 0.14601982
24 10 0.04860742
24 21 0.58752775
24 31 6.4158015
24 12 0.08216169
24 15 2000.0
24 17 0.2829929
25 30 3.1411805
25 13 0.6772883
25 33 0.29049414
25 11 1.1835674
25 29 5.932388
25 34 1.9429424
25 20 0.35291424
25 2 2.5907753
25 14 2.2143295
25 37 160.0
25 7 4.553409
25 27 0.6787603
25 16 1.2195691
26 36 252.92648
26 32 96.12727
26 28 0.040487163
26 10 0.032556392
26 24 0.05601173
26 31 0.070594266
26 12 1.0483829
26 17 1.8486224
27 0 2000.0
27 30 1.2204139
27 8 3.7531703
27 18 11.045653
27 13 0.27206543
27 33 0.9829035
27 11 0.4559659
27 29 0.88083494
27 5 3.521758
27 34 1.5847886
27 20 4.6490192
27 2 0.6498053
27 14 2.0975766
27 37 2.5014374
27 7 87.7193
27 16 1.5236477
27 25 0.6787603
28 36 0.03978386
28 26 0.040487163
28 10 0.19015332
28 3 0.11931818
28 12 4.3187513
28 9 1.448474
29 0 8.210248
29 30 20.40763
29 8 1.9316077
29 18 1.4297279
29 13 1.8696748
29 11 0.66137457
29 5 3.9398654
29 34 13.235295
29 20 2.8308058
29 2 0.79925555
29 37 1.065338
29 7 2000.0
29 27 0.88083494
29 16 39.53815
29 23 9.876489
29 25 5.932388
30 0 2000.0
30 8 1.1858321
30 18 1.1532451
30 13 0.9417895
30 33 6.565931
30 11 0.4434584
30 29 20.40763
30 5 0.48630413
30 34 2.426636
30 20 16.949041
30 2 18.739214
30 37 13.681454
30 7 1.5913049
30 27 1.2204139
30 16 1.1025243
30 23 2.685389
30 25 3.1411805
31 26 0.070594266
31 6 1.3351929
31 10 0.05199811
31 24 6.4158015
31 9 0.03437739
31 17 1.1804582
31 4 0.09193981
31 19 0.0642727
32 26 96.12727
32 24 0.14601982
32 12 0.28013366
32 15 0.068866886
33 30 6.565931
33 8 2000.0
33 13 1.0666691
33 11 2.0988355
33 29 1558.75
33 34 2000.0
33 20 1.1268121
33 2 2.9219053
33 14 0.39136568
33 7 2000.0
33 27 0.9829035
33 16 2000.0
33 25 0.29049414
34 30 2.426636
34 20 0.8671322
34 8 2.6460183
34 13 4.4257574
34 7 12.834255
34 27 1.5847886
34 16 1215.0568
34 11 3.0852866
34 25 1.9429424
34 29 13.235295
34 5 8.839616
35 21 0.041477274
36 26 252.92648
36 28 0.03978386
36 3 0.25279224
36 9 1.4327171
37 30 13.681454
37 0 1.32323
37 8 1.3568524
37 18 1.195125
37 13 2.7897322
37 11 1.5477402
37 29 1.065338
37 20 5.642862
37 2 1.0394984
37 7 10.889421
37 27 2.5014374
37 16 194.27637
37 23 7.456222
37 25 160.0
