0 8 12.165957
0 2 1.7284061
0 37 0.77008927
0 13 0.57038295
0 11 45.52171
0 29 11.988657
1 3 0.39556116
1 12 1202.159
2 30 10.172324
2 0 1.7284061
2 8 0.8768722
2 18 10.909261
2 13 0.6228693
2 33 8.109017
2 11 2.3972538
2 29 1.5120833
2 20 9.911473
2 37 1.1891623
2 27 0.7784504
2 16 2000.0
2 23 95.20241
2 25 4.392049
3 36 0.18474571
3 28 0.11321571
3 24 200.0
3 12 0.07234484
3 1 0.39556116
3 9 0.17703477
4 31 0.06813376
4 9 0.077065304
4 17 0.0823409
4 19 0.08579457
5 34 4.5382433
5 30 0.38250235
5 20 2.2443182
5 8 0.37078303
5 37 2000.0
5 18 0.39267114
5 7 5.6887884
5 27 2.4068677
5 16 1.2552295
5 23 3.5438516
5 11 9.837295
5 29 2.3218646
6 31 1.6837178
6 17 1.0275669
7 34 10.773656
7 30 2.0900161
7 20 2.9688106
7 8 38.095238
7 37 14.191102
7 27 51.41932
7 16 1.3493707
7 11 9.746281
7 23 1.470429
7 25 7.1334662
7 5 5.6887884
8 0 12.165957
8 30 0.7086195
8 18 0.97682524
8 13 3.8095136
8 11 0.5562859
8 29 0.71221274
8 5 0.37078303
8 34 10.96807
8 2 0.8768722
8 37 1.8754057
8 7 38.095238
8 27 2.5211968
8 16 1.3383623
8 23 1.0255629
9 36 0.7761868
9 26 2000.0
9 28 0.9910321
9 10 5.5813074
9 22 0.46015105
9 31 0.030961253
9 3 0.17703477
9 17 0.04437407
9 4 0.077065304
9 19 0.073222145
10 26 0.03087077
10 28 0.25407523
10 24 0.055161804
10 31 0.05347192
10 12 5.883421
10 9 5.5813074
10 17 0.029184708
11 0 45.52171
11 30 0.43444607
11 8 0.5562859
11 18 9.500265
11 13 0.6468124
11 33 6.822785
11 29 0.814913
11 5 9.837295
11 34 5.2585664
11 20 1.0972362
11 2 2.3972538
11 37 1.2184122
11 7 9.746281
11 27 0.41614738
11 16 0.8417302
11 25 1.0023602
12 26 1.6336062
12 28 2.891545
12 32 0.20154636
12 10 5.883421
12 24 0.0762236
12 21 0.083101176
12 3 0.07234484
13 30 2.5452478
13 0 0.57038295
13 8 3.8095136
13 18 133.33334
13 33 1.392648
13 11 0.6468124
13 29 0.77614796
13 34 7.415924
13 20 0.576269
13 2 0.6228693
13 14 3.262131
13 37 2.5574944
13 27 2.5713446
13 16 112.50001
13 25 0.61402047
14 20 1.3410813
14 13 3.262131
14 33 0.45845562
14 27 2.8773358
14 11 2000.0
14 25 1.3649622
15 32 0.06994088
15 21 11.062423
16 30 1.141294
16 0 2000.0
16 8 1.3383623
16 18 0.72926104
16 13 112.50001
16 11 0.8417302
16 29 60.458336
16 5 1.2552295
16 20 7.2694535
16 37 149.16322
16 7 1.3493707
16 27 2.0106301
16 23 4.1174774
16 25 1.0108212
17 26 1.7945188
17 6 1.0275669
17 10 0.029184708
17 24 0.10463772
17 31 1.2246952
17 9 0.04437407
17 4 0.0823409
17 19 2.1706097
18 30 0.7587216
18 2 10.909261
18 8 0.97682524
18 37 1.409716
18 7 2000.0
18 13 133.33334
18 27 5.7946024
18 16 0.72926104
18 23 1.1823555
18 11 9.500265
18 29 1.2127004
18 5 0.39267114
19 31 0.067532815
19 9 0.073222145
19 17 2.1706097
19 4 0.08579457
20 0 2000.0
20 30 53.54603
20 13 0.576269
20 33 1.8979254
20 11 1.0972362
20 29 2.004235
20 5 2.2443182
20 34 1.1191425
20 2 9.911473
20 14 1.3410813
20 37 2.9423807
20 7 2.9688106
20 27 0.6022606
20 16 7.2694535
20 25 0.7990851
21 32 2000.0
21 24 0.14638929
21 35 0.04302138
21 12 0.083101176
21 15 11.062423
22 6 1138.3523
22 31 1207.8978
22 9 0.46015105
22 19 1386.4772
23 0 2000.0
23 30 1.4786255
23 2 95.20241
23 8 1.0255629
23 37 2.4982195
23 18 1.1823555
23 7 1.470429
23 16 4.1174774
23 11 2000.0
23 29 3.6791253
23 5 3.5438516
24 26 0.05301257
24 32 0.08529041
24 10 0.055161804
24 21 0.14638929
24 31 12.781164
24 3 200.0
24 12 0.0762236
24 15 2000.0
24 17 0.10463772
25 0 2000.0
25 30 2.0683773
25 13 0.61402047
25 33 0.41454375
25 11 1.0023602
25 29 3.7579842
25 34 3.849087
25 20 0.7990851
25 2 4.392049
25 14 1.3649622
25 37 66.66667
25 7 7.1334662
25 27 0.54616463
25 16 1.0108212
26 36 80.0
26 32 106.42993
26 28 0.033742767
26 10 0.03087077
26 24 0.05301257
26 31 0.05325501
26 12 1.6336062
26 17 1.7945188
27 0 2000.0
27 30 1.2093778
27 8 2.5211968
27 18 5.7946024
27 13 2.5713446
27 33 1.1577296
27 11 0.41614738
27 29 0.48225805
27 5 2.4068677
27 34 0.9947206
27 20 0.6022606
27 2 0.7784504
27 14 2.8773358
27 37 1.171774
27 7 51.41932
27 16 2.0106301
27 25 0.54616463
28 36 0.031252217
28 26 0.033742767
28 10 0.25407523
28 3 0.11321571
28 12 2.891545
28 9 0.9910321
29 0 11.988657
29 30 12.7274065
29 8 0.71221274
29 18 1.2127004
29 13 0.77614796
29 11 0.814913
29 5 2.3218646
29 34 12.047236
29 20 2.004235
29 2 1.5120833
29 37 1.1857486
29 7 2000.0
29 27 0.48225805
29 16 60.458336
29 23 3.6791253
29 25 3.7579842
30 0 2000.0
30 8 0.7086195
30 18 0.7587216
30 13 2.5452478
30 33 4.1547537
30 11 0.43444607
30 29 12.7274065
30 5 0.38250235
30 34 6.552525
30 20 53.54603
30 2 10.172324
30 14 2000.0
30 37 13.453648
30 7 2.0900161
30 27 1.2093778
30 16 1.141294
30 23 1.4786255
30 25 2.0683773
31 26 0.05325501
31 6 1.6837178
31 10 0.05347192
31 24 12.781164
31 9 0.030961253
31 17 1.2246952
31 4 0.06813376
31 19 0.067532815
32 26 106.42993
32 24 0.08529041
32 12 0.20154636
32 15 0.06994088
33 34 2000.0
33 30 4.1547537
33 20 1.8979254
33 2 8.109017
33 14 0.45845562
33 7 2000.0
33 13 1.392648
33 27 1.1577296
33 16 2000.0
33 11 6.822785
33 29 1374.716
33 25 0.41454375
34 30 6.552525
34 20 1.1191425
34 8 10.96807
34 7 10.773656
34 13 7.415924
34 27 0.9947206
34 16 5535.0566
34 11 5.2585664
34 25 3.849087
34 29 12.047236
34 5 4.5382433
35 21 0.04302138
36 26 80.0
36 28 0.031252217
36 3 0.18474571
36 9 0.7761868
37 30 13.453648
37 0 0.77008927
37 8 1.8754057
37 18 1.409716
37 13 2.5574944
37 11 1.2184122
37 29 1.1857486
37 20 2.9423807
37 2 1.1891623
37 7 14.191102
37 27 1.171774
37 16 149.16322
37 23 2.4982195
37 25 66.66667
