0 2 0.8479765
0 37 3.1500945
0 13 1.3972485
0 29 15.551748
0 25 8.061195
1 3 0.5436364
1 12 34.4008
2 30 15.368386
2 0 0.8479765
2 8 1.2428526
2 18 1.2601209
2 13 0.53279877
2 33 4.8414435
2 11 1.6238693
2 29 1.0625861
2 20 2.5817626
2 37 0.857512
2 27 1.1529562
2 16 2000.0
2 23 10.608423
2 25 0.9315669
3 36 0.28731573
3 28 8.365713
3 24 400.0
3 12 0.06757789
3 1 0.5436364
3 9 0.3290433
4 31 0.07229546
4 9 0.06823678
4 17 0.18296637
4 19 0.07554624
5 30 1.072968
5 8 0.95192
5 18 0.5166602
5 13 11.469508
5 11 1.7465152
5 29 1.7402228
5 34 2.1078553
5 20 1.1920224
5 37 22.17396
5 7 10.662618
5 27 1.3164294
5 16 2.1222253
5 23 1.9824929
6 31 0.14133935
6 17 4.1259212
7 34 266.6667
7 30 0.82014364
7 20 230.85442
7 8 14.290774
7 27 300.0
7 16 1.0964979
7 23 1.5939243
7 11 188.16536
7 25 2.7324927
7 5 10.662618
8 0 2000.0
8 30 0.670339
8 18 1.3605777
8 13 1.6446279
8 11 0.9866211
8 29 0.467447
8 5 0.95192
8 34 22.351778
8 2 1.2428526
8 37 0.8560948
8 7 14.290774
8 27 2.8459291
8 16 1.7514293
8 23 1.2401683
8 25 2000.0
9 36 0.53020954
9 28 1.4096316
9 10 28.58088
9 22 0.06376019
9 31 0.03142412
9 12 2000.0
9 3 0.3290433
9 4 0.06823678
9 17 0.03312769
9 19 0.06743056
10 26 0.03102172
10 28 0.3354498
10 24 0.114753716
10 31 20.064777
10 12 1293.409
10 9 28.58088
10 17 0.030548418
11 0 2000.0
11 30 0.8363294
11 8 0.9866211
11 18 7.514164
11 13 0.78253996
11 33 2.818876
11 29 0.9267525
11 5 1.7465152
11 34 1.819149
11 20 0.8853958
11 2 1.6238693
11 37 1.5259402
11 7 188.16536
11 27 0.7194113
11 16 1.0930685
11 25 0.7688077
12 26 4.464605
12 32 3.324323
12 24 0.067945085
12 21 0.32138598
12 3 0.06757789
12 1 34.4008
13 30 33.355362
13 0 1.3972485
13 8 1.6446279
13 18 109.7168
13 33 1.0413706
13 11 0.78253996
13 29 0.6981918
13 5 11.469508
13 34 2000.0
13 20 0.9913733
13 2 0.53279877
13 14 6.9376388
13 37 1.0209306
13 7 2000.0
13 27 0.27504113
13 16 41.391922
13 25 0.29867977
14 30 5.2867436
14 20 1.619896
14 13 6.9376388
14 27 4.7700844
14 33 0.8565342
14 11 2000.0
14 25 2.049502
15 32 0.08337202
15 21 1.6008432
15 12 2000.0
16 30 1.0927083
16 0 2000.0
16 8 1.7514293
16 18 1.2758822
16 13 41.391922
16 11 1.0930685
16 5 2.1222253
16 34 47.092236
16 20 54.41968
16 7 1.0964979
16 27 1.4007738
16 23 3.2029607
16 25 1.0807829
17 6 4.1259212
17 26 1.587563
17 10 0.030548418
17 24 0.13746701
17 31 1.0057459
17 9 0.03312769
17 4 0.18296637
17 19 63.891365
18 0 2000.0
18 30 0.7300944
18 8 1.3605777
18 13 109.7168
18 11 7.514164
18 29 1.0533941
18 5 0.5166602
18 2 1.2601209
18 37 2.39569
18 7 2000.0
18 27 15.46612
18 16 1.2758822
18 23 0.9303096
19 31 0.08211744
19 9 0.06743056
19 4 0.07554624
19 17 63.891365
20 30 1.2677165
20 13 0.9913733
20 33 1.7933326
20 11 0.8853958
20 29 8.5493145
20 5 1.1920224
20 34 1.2160641
20 2 2.5817626
20 14 1.619896
20 37 2.3629622
20 7 230.85442
20 27 0.81855124
20 16 54.41968
20 25 0.61894035
21 32 2000.0
21 24 0.95814055
21 35 0.031251505
21 12 0.32138598
21 15 1.6008432
22 31 85.71429
22 9 0.06376019
22 19 2000.0
23 30 1.4799627
23 0 2000.0
23 8 1.2401683
23 2 10.608423
23 37 1.186312
23 18 0.9303096
23 7 1.5939243
23 16 3.2029607
23 11 2000.0
23 29 1.0820289
23 5 1.9824929
24 26 0.03810549
24 32 0.286621
24 10 0.114753716
24 21 0.95814055
24 12 0.067945085
24 3 400.0
24 15 2000.0
24 17 0.13746701
25 30 21.282694
25 0 8.061195
25 13 0.29867977
25 33 0.64521533
25 11 0.7688077
25 29 1.9681634
25 34 1.5043627
25 20 0.61894035
25 2 0.9315669
25 14 2.049502
25 37 33.86442
25 7 2.7324927
25 27 0.253439
25 16 1.0807829
26 32 24.744112
26 28 0.0923877
26 10 0.03102172
26 24 0.03810549
26 31 0.13062383
26 12 4.464605
26 17 1.587563
27 30 0.23253034
27 0 2000.0
27 8 2.8459291
27 18 15.46612
27 13 0.27504113
27 33 0.71059513
27 11 0.7194113
27 29 0.62817335
27 5 1.3164294
27 34 1.2577794
27 20 0.81855124
27 2 1.1529562
27 14 4.7700844
27 37 1.1115823
27 7 300.0
27 16 1.4007738
27 25 0.253439
28 36 0.03099911
28 26 0.0923877
28 10 0.3354498
28 12 1188.5227
28 3 8.365713
28 9 1.4096316
28 19 1375.625
29 0 15.551748
29 30 1.0765804
29 8 0.467447
29 18 1.0533941
29 13 0.6981918
29 33 6.0722246
29 11 0.9267525
29 5 1.7402228
29 34 3.4268517
29 20 8.5493145
29 2 1.0625861
29 37 0.62106115
29 27 0.62817335
29 16 2000.0
29 23 1.0820289
29 25 1.9681634
30 8 0.670339
30 18 0.7300944
30 13 33.355362
30 33 6.2947583
30 11 0.8363294
30 29 1.0765804
30 5 1.072968
30 34 0.85857475
30 20 1.2677165
30 2 15.368386
30 14 5.2867436
30 37 17.175533
30 7 0.82014364
30 27 0.23253034
30 16 1.0927083
30 23 1.4799627
30 25 21.282694
31 26 0.13062383
31 6 0.14133935
31 10 20.064777
31 22 85.71429
31 9 0.03142412
31 4 0.07229546
31 17 1.0057459
31 19 0.08211744
32 26 24.744112
32 24 0.286621
32 12 3.324323
32 15 0.08337202
33 30 6.2947583
33 13 1.0413706
33 11 2.818876
33 29 6.0722246
33 5 2000.0
33 34 2000.0
33 20 1.7933326
33 2 4.8414435
33 14 0.8565342
33 7 2000.0
33 27 0.71059513
33 16 3017.898
33 25 0.64521533
34 30 0.85857475
34 20 1.2160641
34 8 22.351778
34 37 2000.0
34 7 266.6667
34 13 2000.0
34 27 1.2577794
34 16 47.092236
34 11 1.819149
34 29 3.4268517
34 25 1.5043627
34 5 2.1078553
35 21 0.031251505
35 31 1089.659
36 28 0.03099911
36 3 0.28731573
36 9 0.53020954
37 30 17.175533
37 0 3.1500945
37 8 0.8560948
37 18 2.39569
37 13 1.0209306
37 11 1.5259402
37 29 0.62106115
37 5 22.17396
37 20 2.3629622
37 2 0.857512
37 7 164.46956
37 27 1.1115823
37 16 2000.0
37 23 1.186312
37 25 33.86442
