0 2 1.2949047
0 37 1.5623428
0 13 0.96061873
0 29 26.573341
0 25 17.52453
1 3 0.59871703
1 12 1095.8523
2 30 17.839783
2 0 1.2949047
2 8 1.1513271
2 18 1.5810435
2 13 0.5868919
2 33 2.06654
2 11 1.9706736
2 29 1.2239642
2 20 4.2830205
2 37 1.0543433
2 27 0.7861864
2 16 2000.0
2 23 13.793135
2 25 0.5620067
3 36 0.34785715
3 28 5.5270424
3 24 1482.1023
3 12 0.06746971
3 1 0.59871703
3 9 0.94652176
4 31 0.06479197
4 9 0.06888746
4 17 0.14817509
4 19 0.06983138
5 30 0.6387854
5 8 0.3794641
5 18 0.62650114
5 13 26.529188
5 11 5.2340093
5 29 3.2176168
5 34 2.2543595
5 20 3.313119
5 37 14.60233
5 7 6.9338927
5 27 1.9275905
5 16 2.4082491
5 23 1.7764869
6 31 0.1508942
6 17 1.64536
7 34 277.51138
7 30 0.85873383
7 20 80.54463
7 8 11.932655
7 16 1.1346986
7 11 103.539345
7 23 1.2570677
7 25 3.1183484
7 29 2000.0
7 5 6.9338927
8 0 2000.0
8 30 0.5977971
8 18 1.24685
8 13 1.2173882
8 11 1.4651346
8 29 0.55700785
8 5 0.3794641
8 34 14.495553
8 2 1.1513271
8 37 1.4846774
8 7 11.932655
8 27 1.650958
8 16 1.3124917
8 23 0.83864045
8 25 2000.0
9 36 1.0706297
9 26 2000.0
9 28 1.3024892
9 10 11.058239
9 22 0.10120032
9 31 0.035102196
9 3 0.94652176
9 12 2000.0
9 4 0.06888746
9 17 0.041928865
9 19 0.06857589
10 26 0.030021995
10 28 0.33893937
10 24 0.174986
10 31 30.92069
10 12 1669.9432
10 9 11.058239
10 17 0.035089545
11 0 2000.0
11 30 0.68235415
11 8 1.4651346
11 18 4.290076
11 13 0.80418015
11 33 2.100573
11 29 0.83777183
11 5 5.2340093
11 34 4.5556817
11 20 2.2930424
11 2 1.9706736
11 37 1.736329
11 7 103.539345
11 27 1.1200804
11 16 1.2076701
11 25 0.87325174
12 26 0.8133559
12 32 10.572726
12 24 0.07247579
12 21 0.13103895
12 3 0.06746971
13 30 71.52103
13 0 0.96061873
13 8 1.2173882
13 18 200.0
13 33 1.7771744
13 11 0.80418015
13 29 0.8618834
13 5 26.529188
13 34 184.01668
13 20 1.3902174
13 2 0.5868919
13 14 4.731255
13 37 1.8315564
13 7 2000.0
13 27 0.9174628
13 16 41.230827
13 25 0.23589963
14 30 7.0086274
14 20 1.4486501
14 13 4.731255
14 27 2.7933595
14 33 1.0461452
14 11 2000.0
14 25 2.3171434
15 32 0.06747873
15 24 42.175777
15 21 5.840634
16 0 2000.0
16 30 1.2166542
16 8 1.3124917
16 18 1.0570018
16 13 41.230827
16 11 1.2076701
16 5 2.4082491
16 34 92.65234
16 20 37.9163
16 7 1.1346986
16 27 1.7956712
16 23 2.4059343
16 25 0.8728266
17 6 1.64536
17 26 2.1513567
17 10 0.035089545
17 24 0.1197634
17 31 1.119989
17 9 0.041928865
17 4 0.14817509
17 19 143.68954
18 0 2000.0
18 30 0.69488853
18 8 1.24685
18 13 200.0
18 11 4.290076
18 29 1.0500178
18 5 0.62650114
18 2 1.5810435
18 37 2.2941911
18 7 2000.0
18 27 17.912851
18 16 1.0570018
18 23 1.7081063
19 28 160.0
19 31 0.09692462
19 9 0.06857589
19 4 0.06983138
19 17 143.68954
20 30 1.7465314
20 13 1.3902174
20 33 1.2887405
20 11 2.2930424
20 29 12.93904
20 5 3.313119
20 34 1.5341408
20 2 4.2830205
20 14 1.4486501
20 37 12.032191
20 7 80.54463
20 27 1.0372208
20 16 37.9163
20 25 1.3425999
21 26 2000.0
21 32 2000.0
21 24 1.013053
21 35 0.030078126
21 12 0.13103895
21 15 5.840634
22 31 118.51852
22 9 0.10120032
22 19 2000.0
23 0 2000.0
23 30 1.253857
23 8 0.83864045
23 2 13.793135
23 37 2.8816307
23 18 1.7081063
23 7 1.2570677
23 16 2.4059343
23 11 2000.0
23 29 1.4835526
23 5 1.7764869
24 26 0.036165174
24 32 0.17255479
24 10 0.174986
24 21 1.013053
24 12 0.07247579
24 15 42.175777
24 17 0.1197634
25 30 18.338861
25 0 17.52453
25 13 0.23589963
25 33 0.8685119
25 11 0.87325174
25 29 1.6977496
25 34 2.571623
25 20 1.3425999
25 2 0.5620067
25 14 2.3171434
25 37 52.63158
25 7 3.1183484
25 27 0.34400898
25 16 0.8728266
26 32 15.348989
26 28 0.056654777
26 10 0.030021995
26 24 0.036165174
26 31 0.14665496
26 12 0.8133559
26 17 2.1513567
27 30 0.2616362
27 0 2000.0
27 8 1.650958
27 18 17.912851
27 13 0.9174628
27 33 0.98893523
27 11 1.1200804
27 29 0.69500446
27 5 1.9275905
27 34 1.2644273
27 20 1.0372208
27 2 0.7861864
27 14 2.7933595
27 37 1.0175632
27 7 2770.9092
27 16 1.7956712
27 25 0.34400898
28 36 0.042501602
28 26 0.056654777
28 10 0.33893937
28 3 5.5270424
28 12 1157.8977
28 9 1.3024892
28 19 160.0
29 0 26.573341
29 30 1.632154
29 8 0.55700785
29 18 1.0500178
29 13 0.8618834
29 33 23.523396
29 11 0.83777183
29 5 3.2176168
29 34 4.1399593
29 20 12.93904
29 2 1.2239642
29 37 1.7927427
29 7 2000.0
29 27 0.69500446
29 16 1705.2924
29 23 1.4835526
29 25 1.6977496
30 8 0.5977971
30 18 0.69488853
30 13 71.52103
30 33 9.9630785
30 11 0.68235415
30 29 1.632154
30 5 0.6387854
30 34 1.0094575
30 20 1.7465314
30 2 17.839783
30 14 7.0086274
30 37 27.945782
30 7 0.85873383
30 27 0.2616362
30 16 1.2166542
30 23 1.253857
30 25 18.338861
31 26 0.14665496
31 6 0.1508942
31 10 30.92069
31 35 65.32387
31 22 118.51852
31 9 0.035102196
31 4 0.06479197
31 17 1.119989
31 19 0.09692462
32 26 15.348989
32 24 0.17255479
32 12 10.572726
32 15 0.06747873
33 30 9.9630785
33 13 1.7771744
33 11 2.100573
33 29 23.523396
33 5 2000.0
33 34 2000.0
33 20 1.2887405
33 2 2.06654
33 14 1.0461452
33 7 2000.0
33 27 0.98893523
33 16 1971.0227
33 25 0.8685119
34 30 1.0094575
34 20 1.5341408
34 8 14.495553
34 37 2000.0
34 7 277.51138
34 13 184.01668
34 27 1.2644273
34 16 92.65234
34 11 4.5556817
34 29 4.1399593
34 25 2.571623
34 5 2.2543595
35 21 0.030078126
35 31 65.32387
36 28 0.042501602
36 3 0.34785715
36 9 1.0706297
37 30 27.945782
37 0 1.5623428
37 8 1.4846774
37 18 2.2941911
37 13 1.8315564
37 11 1.736329
37 29 1.7927427
37 5 14.60233
37 20 12.032191
37 2 1.0543433
37 7 3731.7046
37 27 1.0175632
37 16 2000.0
37 23 2.8816307
37 25 52.63158
