0 2 0.811226
0 37 1.5349395
0 13 1.0485382
0 25 8.933942
0 29 20.528023
1 3 1.2201451
1 12 1201.25
2 30 30.941359
2 0 0.811226
2 8 1.2836143
2 18 2.9177094
2 13 0.45193136
2 33 1.935445
2 11 1.6819891
2 29 1.293263
2 20 4.1862445
2 37 0.9010887
2 27 0.7430316
2 16 2000.0
2 23 6.3252788
2 25 0.9661877
3 36 0.18325536
3 28 17.710938
3 24 2000.0
3 12 0.04891775
3 1 1.2201451
3 9 0.32862216
4 31 0.07467191
4 9 0.09481305
4 17 0.16602926
4 19 0.06820842
5 30 0.91977865
5 8 0.6199518
5 18 0.5558769
5 13 39.650723
5 11 3.284841
5 29 3.5383027
5 34 1.588868
5 20 3.7881496
5 37 12.751202
5 7 30.86944
5 27 3.390376
5 16 1.832459
5 23 4.3940024
5 25 2000.0
6 22 2000.0
6 31 0.15733138
6 17 6.5496798
7 34 345.2806
7 30 0.7926136
7 20 36.961502
7 8 3.144793
7 27 2000.0
7 16 0.9494732
7 23 1.5592881
7 11 70.24919
7 25 2.96181
7 5 30.86944
8 0 2000.0
8 30 0.33375
8 18 1.3246654
8 13 0.5972944
8 11 1.1832412
8 29 0.4504723
8 5 0.6199518
8 34 20.457287
8 2 1.2836143
8 37 0.98559344
8 7 3.144793
8 27 0.9566721
8 16 1.6692253
8 23 0.9439025
8 25 2000.0
9 36 0.2677977
9 26 2000.0
9 28 1.3898094
9 10 26.792059
9 22 0.06366007
9 31 0.031445604
9 3 0.32862216
9 12 2000.0
9 4 0.09481305
9 17 0.038796414
9 19 0.06849332
10 26 0.030975912
10 28 0.35723305
10 24 0.108940974
10 31 18.221666
10 12 1145.7954
10 9 26.792059
10 17 0.030186951
11 0 2000.0
11 30 0.8640909
11 8 1.1832412
11 18 6.446192
11 13 0.9570515
11 33 2.3259118
11 29 1.2264923
11 5 3.284841
11 34 2.362013
11 20 1.3649025
11 2 1.6819891
11 37 1.6658791
11 7 70.24919
11 27 1.4004676
11 16 0.96259475
11 25 0.75329334
12 26 0.39883998
12 32 4.391518
12 24 0.07085302
12 21 0.09071563
12 3 0.04891775
13 30 218.91884
13 0 1.0485382
13 8 0.5972944
13 33 1.0846697
13 11 0.9570515
13 29 0.8599734
13 5 39.650723
13 34 102.03978
13 20 1.1934593
13 2 0.45193136
13 14 13.643987
13 37 1.5702668
13 7 2000.0
13 27 0.40304524
13 16 33.372143
13 25 0.25342268
14 30 9.465279
14 20 1.3834236
14 13 13.643987
14 27 1.9789639
14 33 0.73391765
14 25 2.49205
15 32 0.06686006
15 24 490.00003
15 21 10.040603
16 0 2000.0
16 30 1.1220361
16 8 1.6692253
16 18 1.309643
16 13 33.372143
16 11 0.96259475
16 29 128.30475
16 5 1.832459
16 34 61.753574
16 20 30.489235
16 7 0.9494732
16 27 1.1721251
16 23 4.3080297
16 25 0.95904577
17 6 6.5496798
17 26 1.5716833
17 10 0.030186951
17 24 0.119439945
17 31 1.0019077
17 9 0.038796414
17 4 0.16602926
17 19 224.04277
18 0 2000.0
18 30 0.7387647
18 8 1.3246654
18 13 2000.0
18 11 6.446192
18 29 1.2049718
18 5 0.5558769
18 2 2.9177094
18 37 2.9265716
18 7 2000.0
18 27 17.789526
18 16 1.309643
18 23 1.5157603
19 31 0.116650045
19 9 0.06849332
19 4 0.06820842
19 17 224.04277
20 30 1.1035757
20 13 1.1934593
20 33 2.188036
20 11 1.3649025
20 29 26.014135
20 5 3.7881496
20 34 0.872022
20 2 4.1862445
20 14 1.3834236
20 37 2.6227424
20 7 36.961502
20 27 2.080906
20 16 30.489235
20 25 0.44268522
21 32 800.0
21 10 2000.0
21 24 0.38615003
21 35 0.030350106
21 12 0.09071563
21 15 10.040603
22 31 333.33334
22 9 0.06366007
22 19 2000.0
23 0 2000.0
23 30 2.9334786
23 8 0.9439025
23 2 6.3252788
23 37 2.0036454
23 18 1.5157603
23 7 1.5592881
23 16 4.3080297
23 11 2000.0
23 29 1.2243642
23 5 4.3940024
24 26 0.042860206
24 32 0.15753143
24 10 0.108940974
24 21 0.38615003
24 12 0.07085302
24 15 490.00003
24 17 0.119439945
25 30 20.865294
25 0 8.933942
25 13 0.25342268
25 33 0.8876777
25 11 0.75329334
25 29 1.8045421
25 34 1.272038
25 20 0.44268522
25 2 0.9661877
25 14 2.49205
25 37 20.151026
25 7 2.96181
25 27 0.29358286
25 16 0.95904577
26 32 23.303516
26 28 0.05289229
26 10 0.030975912
26 24 0.042860206
26 31 0.113056205
26 12 0.39883998
26 17 1.5716833
27 30 0.28314394
27 0 2000.0
27 8 0.9566721
27 18 17.789526
27 13 0.40304524
27 33 0.8637696
27 11 1.4004676
27 29 0.775806
27 5 3.390376
27 34 0.7148956
27 20 2.080906
27 2 0.7430316
27 14 1.9789639
27 37 1.1838343
27 7 2000.0
27 16 1.1721251
27 25 0.29358286
28 36 0.029280985
28 26 0.05289229
28 10 0.35723305
28 3 17.710938
28 12 1095.7955
28 9 1.3898094
28 19 1228.6931
29 0 20.528023
29 30 1.1823757
29 8 0.4504723
29 18 1.2049718
29 13 0.8599734
29 33 12.150908
29 11 1.2264923
29 5 3.5383027
29 34 3.1274722
29 20 26.014135
29 2 1.293263
29 37 1.0871503
29 7 2000.0
29 27 0.775806
29 16 128.30475
29 23 1.2243642
29 25 1.8045421
30 8 0.33375
30 18 0.7387647
30 13 218.91884
30 33 13.2558365
30 11 0.8640909
30 29 1.1823757
30 5 0.91977865
30 34 0.96347547
30 20 1.1035757
30 2 30.941359
30 14 9.465279
30 37 29.613453
30 7 0.7926136
30 27 0.28314394
30 16 1.1220361
30 23 2.9334786
30 25 20.865294
31 26 0.113056205
31 6 0.15733138
31 10 18.221666
31 35 44.579166
31 22 333.33334
31 9 0.031445604
31 4 0.07467191
31 17 1.0019077
31 19 0.116650045
32 26 23.303516
32 24 0.15753143
32 21 800.0
32 12 4.391518
32 15 0.06686006
33 34 2000.0
33 30 13.2558365
33 20 2.188036
33 2 1.935445
33 14 0.73391765
33 13 1.0846697
33 7 2000.0
33 27 0.8637696
33 16 1971.0227
33 11 2.3259118
33 29 12.150908
33 25 0.8876777
34 30 0.96347547
34 20 0.872022
34 8 20.457287
34 37 2000.0
34 13 102.03978
34 7 345.2806
34 27 0.7148956
34 16 61.753574
34 11 2.362013
34 29 3.1274722
34 25 1.272038
34 5 1.588868
35 21 0.030350106
35 31 44.579166
36 28 0.029280985
36 3 0.18325536
36 9 0.2677977
37 30 29.613453
37 0 1.5349395
37 8 0.98559344
37 18 2.9265716
37 13 1.5702668
37 11 1.6658791
37 29 1.0871503
37 5 12.751202
37 20 2.6227424
37 2 0.9010887
37 7 2553.068
37 27 1.1838343
37 16 2000.0
37 23 2.0036454
37 25 20.151026
