0 8 4.7404456
0 2 0.6531263
0 37 0.7717607
0 13 0.75714815
0 11 9.209271
0 29 22.62558
1 3 0.32648906
1 12 1244.7443
2 30 11.287379
2 0 0.6531263
2 8 1.1339368
2 18 8.915053
2 13 0.40517768
2 33 2.154148
2 11 1.2331254
2 29 0.8690042
2 20 2.183163
2 37 0.71854603
2 27 0.60110587
2 16 2000.0
2 23 19.420996
2 25 0.7926301
3 36 0.19591442
3 28 0.09181584
3 24 2000.0
3 12 0.07651826
3 1 0.32648906
3 9 0.27149296
4 31 0.08279875
4 9 0.07328374
4 17 0.07827325
4 19 0.07665498
5 30 1.4007379
5 8 0.6806455
5 18 0.38295624
5 13 559.0398
5 11 2.200779
5 29 3.825942
5 34 0.94813734
5 20 1.8905593
5 37 2000.0
5 7 7.027479
5 27 3.8704338
5 16 1.5409751
5 23 2.7818995
6 22 81.62093
6 31 0.3807841
6 17 0.6483886
7 34 12.36441
7 30 0.98061055
7 20 1.8438879
7 8 46.940044
7 37 13.282999
7 16 1.2267191
7 11 6.5976973
7 23 1.1493825
7 25 4.6010766
7 5 7.027479
8 0 4.7404456
8 30 0.68010443
8 18 0.8495299
8 13 2.1343963
8 11 0.97097576
8 29 0.6059183
8 5 0.6806455
8 34 2.629842
8 2 1.1339368
8 37 0.7035014
8 7 46.940044
8 27 0.9285487
8 16 1.2155573
8 23 1.0348451
9 36 1.9923378
9 26 2000.0
9 28 1.805753
9 10 10.546015
9 22 0.34006813
9 31 0.030629544
9 3 0.27149296
9 17 0.08228043
9 4 0.07328374
9 19 0.07311405
10 26 0.032321163
10 28 0.19813764
10 24 0.061530747
10 31 0.03305026
10 12 9.1282215
10 9 10.546015
10 17 0.04451699
11 0 9.209271
11 30 0.51186687
11 8 0.97097576
11 18 7.5035887
11 13 0.7597108
11 33 2.0134478
11 29 1.272518
11 5 2.200779
11 34 2.0909474
11 20 2.8352988
11 2 1.2331254
11 37 1.345165
11 7 6.5976973
11 27 0.7080191
11 16 0.88647175
11 25 0.84230965
12 26 1.3802186
12 28 3.6545708
12 32 0.3600724
12 10 9.1282215
12 24 0.067921735
12 21 0.10624069
12 3 0.07651826
12 1 1244.7443
13 0 0.75714815
13 30 5.1476183
13 8 2.1343963
13 18 238.09521
13 33 0.8544694
13 11 0.7597108
13 29 0.8757954
13 5 559.0398
13 34 8.225625
13 20 1.924473
13 2 0.40517768
13 14 2.456446
13 37 1.7049367
13 27 0.42190284
13 16 23.70861
13 25 0.5304978
14 34 2000.0
14 20 0.8571073
14 13 2.456446
14 27 2.565615
14 33 0.45382777
14 11 2000.0
14 25 1.8121201
15 32 0.090602815
15 21 0.9633901
16 0 2000.0
16 30 1.1020494
16 8 1.2155573
16 18 1.2846516
16 13 23.70861
16 11 0.88647175
16 29 47.055904
16 5 1.5409751
16 20 3.96248
16 37 14.933334
16 7 1.2267191
16 27 1.5074944
16 23 5.246154
16 25 1.5071847
17 26 1.5755877
17 6 0.6483886
17 10 0.04451699
17 24 0.23442398
17 31 1.1981239
17 9 0.08228043
17 4 0.07827325
17 19 4.0160775
18 30 0.71261275
18 2 8.915053
18 8 0.8495299
18 37 1.0092436
18 7 2000.0
18 13 238.09521
18 27 5.13807
18 16 1.2846516
18 23 1.2351503
18 11 7.5035887
18 29 1.2880764
18 5 0.38295624
19 22 131.85916
19 31 0.08022187
19 9 0.07311405
19 17 4.0160775
19 4 0.07665498
20 30 10.646308
20 13 1.924473
20 33 1.243874
20 11 2.8352988
20 29 4.3864684
20 5 1.8905593
20 34 0.83465374
20 2 2.183163
20 14 0.8571073
20 37 2.1047447
20 7 1.8438879
20 27 1.2375673
20 16 3.96248
20 25 0.52632046
21 26 2000.0
21 32 266.6667
21 10 2000.0
21 24 0.82210964
21 35 0.041430265
21 12 0.10624069
21 15 0.9633901
22 6 81.62093
22 31 1246.1364
22 9 0.34006813
22 19 131.85916
23 0 2000.0
23 30 0.98825514
23 2 19.420996
23 8 1.0348451
23 37 1.8517045
23 18 1.2351503
23 7 1.1493825
23 16 5.246154
23 11 2000.0
23 29 2.649858
23 5 2.7818995
24 26 0.05552906
24 32 0.11393692
24 10 0.061530747
24 21 0.82210964
24 31 5.395494
24 12 0.067921735
24 3 2000.0
24 15 2000.0
24 17 0.23442398
25 30 1.0349196
25 13 0.5304978
25 33 0.31635302
25 11 0.84230965
25 29 1.3330637
25 34 0.9819511
25 20 0.52632046
25 2 0.7926301
25 14 1.8121201
25 37 15.206169
25 7 4.6010766
25 27 0.48212767
25 16 1.5071847
26 32 12.459821
26 28 0.034592442
26 10 0.032321163
26 24 0.05552906
26 31 0.052409876
26 12 1.3802186
26 17 1.5755877
27 0 2000.0
27 30 0.2770756
27 8 0.9285487
27 18 5.13807
27 13 0.42190284
27 33 0.98676914
27 11 0.7080191
27 29 0.68418634
27 5 3.8704338
27 34 0.919897
27 20 1.2375673
27 2 0.60110587
27 14 2.565615
27 37 0.93081707
27 7 3698.9773
27 16 1.5074944
27 25 0.48212767
28 36 0.07640762
28 26 0.034592442
28 10 0.19813764
28 3 0.09181584
28 12 3.6545708
28 9 1.805753
29 0 22.62558
29 30 2.965035
29 8 0.6059183
29 18 1.2880764
29 13 0.8757954
29 33 249.70078
29 11 1.272518
29 5 3.825942
29 34 7.6885977
29 20 4.3864684
29 2 0.8690042
29 37 0.67994905
29 7 2000.0
29 27 0.68418634
29 16 47.055904
29 23 2.649858
29 25 1.3330637
30 0 2000.0
30 8 0.68010443
30 18 0.71261275
30 13 5.1476183
30 33 2.8222017
30 11 0.51186687
30 29 2.965035
30 5 1.4007379
30 34 1.7044036
30 20 10.646308
30 2 11.287379
30 37 4.077561
30 7 0.98061055
30 27 0.2770756
30 16 1.1020494
30 23 0.98825514
30 25 1.0349196
31 26 0.052409876
31 6 0.3807841
31 10 0.03305026
31 24 5.395494
31 9 0.030629544
31 17 1.1981239
31 4 0.08279875
31 19 0.08022187
32 26 12.459821
32 24 0.11393692
32 21 266.6667
32 12 0.3600724
32 15 0.090602815
33 30 2.8222017
33 8 2000.0
33 13 0.8544694
33 11 2.0134478
33 29 249.70078
33 34 2000.0
33 20 1.243874
33 2 2.154148
33 14 0.45382777
33 7 2000.0
33 27 0.98676914
33 16 2020.4546
33 25 0.31635302
34 30 1.7044036
34 20 0.83465374
34 8 2.629842
34 13 8.225625
34 7 12.36441
34 27 0.919897
34 16 1215.0568
34 11 2.0909474
34 25 0.9819511
34 29 7.6885977
34 5 0.94813734
35 21 0.041430265
36 26 1522.0455
36 28 0.07640762
36 3 0.19591442
36 9 1.9923378
37 30 4.077561
37 0 0.7717607
37 8 0.7035014
37 18 1.0092436
37 13 1.7049367
37 11 1.345165
37 29 0.67994905
37 20 2.1047447
37 2 0.71854603
37 7 13.282999
37 27 0.93081707
37 16 14.933334
37 23 1.8517045
37 25 15.206169
