0 2 1.6687464
0 37 1.2241604
0 13 1.3540393
0 25 14.090502
0 29 91.18203
1 3 0.31325367
1 12 8.694929
2 30 18.882574
2 0 1.6687464
2 8 1.0229623
2 18 2.591661
2 13 0.7129409
2 33 3.1099668
2 11 2.2767692
2 29 1.3703208
2 20 7.7682443
2 37 0.8131808
2 27 2.1603954
2 16 2000.0
2 23 10.005725
2 25 0.51695806
3 36 0.2531809
3 28 31.191917
3 24 1140.966
3 12 0.0667749
3 1 0.31325367
3 9 0.9855388
4 31 0.07265396
4 9 0.09620572
4 17 0.16047822
4 19 0.122029446
5 30 0.7742841
5 8 0.46744716
5 18 1.1731981
5 13 35.61354
5 11 3.5367982
5 29 6.9273233
5 34 2.3960512
5 20 2.3530002
5 37 22.546156
5 7 8.335948
5 27 2.0538113
5 16 1.3551549
5 23 4.233971
5 25 2000.0
6 31 0.15754312
6 17 1.3088877
7 30 0.9578146
7 20 38.500835
7 8 5.9205294
7 37 98.44295
7 16 1.1871889
7 23 1.5803837
7 25 2.7344735
7 5 8.335948
8 0 2000.0
8 30 0.30620822
8 18 1.2623074
8 13 2.4220314
8 11 1.1795028
8 29 0.5798536
8 5 0.46744716
8 34 17.39953
8 2 1.0229623
8 37 1.3128688
8 7 5.9205294
8 27 0.8302846
8 16 1.4856421
8 23 1.1689609
8 25 2000.0
9 36 0.71162474
9 28 3.459317
9 10 19.949865
9 22 0.045087975
9 31 0.035309207
9 3 0.9855388
9 4 0.09620572
9 17 0.040239546
9 19 0.0659898
10 26 0.030682731
10 28 0.27176574
10 24 0.08449371
10 31 63.157894
10 12 1481.7614
10 9 19.949865
10 17 0.030609798
11 30 1.0078688
11 8 1.1795028
11 18 20.729797
11 13 0.853011
11 33 3.2270834
11 29 0.87274694
11 5 3.5367982
11 34 1.8945332
11 20 1.2715352
11 2 2.2767692
11 37 1.2245413
11 7 1644.659
11 27 0.6775615
11 16 1.1701066
11 25 0.9222035
12 26 2.7017744
12 32 15.357059
12 24 0.06664081
12 21 0.11566731
12 3 0.0667749
12 1 8.694929
13 30 95.80319
13 0 1.3540393
13 8 2.4220314
13 18 162.409
13 33 0.8953365
13 11 0.853011
13 29 0.8879856
13 5 35.61354
13 34 2000.0
13 20 0.89569885
13 2 0.7129409
13 14 4.177097
13 37 0.96426773
13 7 2000.0
13 27 0.35583723
13 16 43.892345
13 25 0.24308805
14 30 17.423157
14 20 2.3898563
14 13 4.177097
14 27 1.7155164
14 33 0.4620636
14 11 2000.0
14 25 1.754068
15 32 0.0858457
15 21 4.6196294
16 34 29.38654
16 30 1.0591457
16 20 27.918026
16 8 1.4856421
16 18 0.96524364
16 13 43.892345
16 7 1.1871889
16 27 1.3205636
16 11 1.1701066
16 23 3.054155
16 25 1.0369778
16 5 1.3551549
17 6 1.3088877
17 26 1.5374515
17 10 0.030609798
17 24 0.16125654
17 31 0.97353727
17 9 0.040239546
17 4 0.16047822
17 19 1310.5682
18 0 2000.0
18 30 0.7870412
18 8 1.2623074
18 13 162.409
18 11 20.729797
18 29 1.1398892
18 5 1.1731981
18 2 2.591661
18 37 2.5494792
18 7 2000.0
18 27 16.52765
18 16 0.96524364
18 23 1.3837874
19 31 0.08164773
19 9 0.0659898
19 4 0.122029446
20 0 2000.0
20 30 2.6206582
20 13 0.89569885
20 33 0.9933207
20 11 1.2715352
20 29 9.721289
20 5 2.3530002
20 34 0.9321426
20 2 7.7682443
20 14 2.3898563
20 37 1.8023175
20 7 38.500835
20 27 1.3861303
20 16 27.918026
20 25 0.881714
21 32 2000.0
21 24 0.8743412
21 35 0.03144981
21 12 0.11566731
21 15 4.6196294
21 4 2000.0
22 31 29.60476
22 9 0.045087975
22 19 2000.0
23 0 2000.0
23 30 1.4556644
23 8 1.1689609
23 2 10.005725
23 37 2.3574708
23 18 1.3837874
23 7 1.5803837
23 16 3.054155
23 11 2000.0
23 29 1.8662869
23 5 4.233971
24 26 0.043194238
24 32 0.41609314
24 10 0.08449371
24 21 0.8743412
24 12 0.06664081
24 15 2000.0
24 17 0.16125654
25 0 14.090502
25 30 20.622458
25 13 0.24308805
25 33 0.6657525
25 11 0.9222035
25 29 1.7307703
25 34 2.9786267
25 20 0.881714
25 2 0.51695806
25 14 1.754068
25 37 33.816208
25 7 2.7344735
25 27 0.2510348
25 16 1.0369778
26 32 47.23144
26 28 0.06700495
26 10 0.030682731
26 24 0.043194238
26 31 0.13498712
26 12 2.7017744
26 17 1.5374515
27 30 0.26521227
27 0 2000.0
27 8 0.8302846
27 18 16.52765
27 13 0.35583723
27 33 1.103332
27 11 0.6775615
27 29 0.81080794
27 5 2.0538113
27 34 1.0659585
27 20 1.3861303
27 2 2.1603954
27 14 1.7155164
27 37 1.0279018
27 7 2000.0
27 16 1.3205636
27 25 0.2510348
28 36 0.03382996
28 26 0.06700495
28 10 0.27176574
28 3 31.191917
28 12 1205.3977
28 9 3.459317
28 19 1377.3296
29 0 91.18203
29 30 1.9942881
29 8 0.5798536
29 18 1.1398892
29 13 0.8879856
29 33 24.994774
29 11 0.87274694
29 5 6.9273233
29 34 4.230136
29 20 9.721289
29 2 1.3703208
29 37 0.88176006
29 7 2000.0
29 27 0.81080794
29 16 2000.0
29 23 1.8662869
29 25 1.7307703
30 8 0.30620822
30 18 0.7870412
30 13 95.80319
30 33 14.046625
30 11 1.0078688
30 29 1.9942881
30 5 0.7742841
30 34 1.139105
30 20 2.6206582
30 2 18.882574
30 14 17.423157
30 37 13.898672
30 7 0.9578146
30 27 0.26521227
30 16 1.0591457
30 23 1.4556644
30 25 20.622458
31 26 0.13498712
31 6 0.15754312
31 10 63.157894
31 22 29.60476
31 9 0.035309207
31 4 0.07265396
31 17 0.97353727
31 19 0.08164773
32 26 47.23144
32 24 0.41609314
32 12 15.357059
32 15 0.0858457
33 30 14.046625
33 8 2000.0
33 13 0.8953365
33 11 3.2270834
33 29 24.994774
33 34 2000.0
33 20 0.9933207
33 2 3.1099668
33 14 0.4620636
33 7 2000.0
33 27 1.103332
33 16 3017.898
33 25 0.6657525
34 30 1.139105
34 20 0.9321426
34 8 17.39953
34 37 2000.0
34 7 2712.6707
34 27 1.0659585
34 16 29.38654
34 11 1.8945332
34 29 4.230136
34 25 2.9786267
34 5 2.3960512
35 21 0.03144981
35 31 1218.125
36 28 0.03382996
36 3 0.2531809
36 9 0.71162474
37 30 13.898672
37 0 1.2241604
37 8 1.3128688
37 18 2.5494792
37 13 0.96426773
37 11 1.2245413
37 29 0.88176006
37 5 22.546156
37 20 1.8023175
37 2 0.8131808
37 7 98.44295
37 27 1.0279018
37 16 2000.0
37 23 2.3574708
37 25 33.816208
