0 8 13.666937
0 2 0.84276956
0 37 0.6203095
0 13 0.95500326
0 11 24.199326
0 29 9.312561
1 3 0.5123901
1 12 35.465164
2 30 20.616514
2 0 0.84276956
2 8 1.3897887
2 18 8.866211
2 13 0.67957836
2 33 3.0333054
2 11 1.930107
2 29 1.0350198
2 20 2.9310515
2 37 1.0349793
2 27 0.6831509
2 23 18.527796
2 25 1.1047717
3 36 0.39393938
3 28 0.14504945
3 24 2000.0
3 12 0.061356317
3 1 0.5123901
3 9 0.3940563
4 31 0.075288095
4 9 0.06777619
4 17 0.11460744
4 19 0.0881443
5 30 0.84218955
5 8 0.85472536
5 18 0.5309809
5 13 2000.0
5 11 4.4890385
5 29 3.3284223
5 34 4.5444407
5 20 1.5689785
5 37 2000.0
5 7 9.308583
5 27 2.489778
5 16 1.5597254
5 23 6.372896
6 22 72.70271
6 31 0.87886447
6 17 1.8002219
7 34 10.928906
7 30 0.87364334
7 20 1.4593654
7 8 16.192755
7 37 23.592546
7 27 64.28571
7 16 1.3521013
7 11 15.397189
7 23 1.1061214
7 25 3.6769314
7 5 9.308583
8 0 13.666937
8 30 0.6710321
8 18 1.1923008
8 13 1.5553584
8 11 0.59878135
8 29 0.6728572
8 5 0.85472536
8 34 2.6832302
8 2 1.3897887
8 37 0.8425937
8 7 16.192755
8 27 1.8996484
8 16 1.1811471
8 23 1.0330243
9 36 1.3650095
9 26 2000.0
9 28 5.0357146
9 10 9.134559
9 22 0.5659843
9 31 0.031039318
9 3 0.3940563
9 17 0.043348275
9 4 0.06777619
9 19 0.068073645
10 26 0.035428528
10 28 0.17027512
10 24 0.072263785
10 31 0.030402385
10 12 5.005944
10 9 9.134559
10 17 0.037849747
11 0 24.199326
11 30 0.5021607
11 8 0.59878135
11 18 6.942261
11 13 0.5939712
11 33 1.906425
11 29 0.8730926
11 5 4.4890385
11 34 2.2621753
11 20 1.1871374
11 2 1.930107
11 37 1.6149441
11 7 15.397189
11 27 0.5056578
11 16 0.9077808
11 25 1.2053016
12 26 0.6733319
12 28 3.383889
12 32 0.348418
12 10 5.005944
12 24 0.06914195
12 21 0.08631835
12 3 0.061356317
12 1 35.465164
13 30 0.9631597
13 0 0.95500326
13 8 1.5553584
13 18 230.55255
13 33 0.73287094
13 11 0.5939712
13 29 0.64176077
13 34 7.1845284
13 20 0.6196234
13 2 0.67957836
13 14 2.2941568
13 37 2.8870673
13 27 0.15296827
13 16 47.80486
13 25 0.43094906
14 20 1.0204326
14 13 2.2941568
14 33 0.43340233
14 27 2.3358428
14 11 2000.0
14 25 1.9701872
15 32 0.07353228
15 21 2.4411135
16 30 1.1032788
16 0 2000.0
16 8 1.1811471
16 18 1.0664077
16 13 47.80486
16 11 0.9077808
16 29 53.47018
16 5 1.5597254
16 20 9.432549
16 37 79.576324
16 7 1.3521013
16 27 1.3586118
16 23 9.32203
16 25 1.4323312
17 26 1.807704
17 6 1.8002219
17 10 0.037849747
17 24 0.23521417
17 31 1.2839915
17 9 0.043348275
17 4 0.11460744
17 19 1.9581883
18 30 0.74715906
18 0 2000.0
18 8 1.1923008
18 13 230.55255
18 11 6.942261
18 29 1.0619711
18 5 0.5309809
18 2 8.866211
18 37 1.5811148
18 7 2000.0
18 27 2.467763
18 16 1.0664077
18 23 1.3889283
19 31 0.07640692
19 9 0.068073645
19 17 1.9581883
19 4 0.0881443
20 30 4.6826024
20 13 0.6196234
20 33 1.0705154
20 11 1.1871374
20 29 2.5721967
20 5 1.5689785
20 34 0.82754564
20 2 2.9310515
20 14 1.0204326
20 37 3.3653336
20 7 1.4593654
20 27 0.57109374
20 16 9.432549
20 25 0.43133742
21 10 2000.0
21 24 0.110531375
21 35 0.071005575
21 12 0.08631835
21 15 2.4411135
22 6 72.70271
22 31 1290.3977
22 9 0.5659843
22 19 1289.6592
23 0 2000.0
23 30 1.976685
23 2 18.527796
23 8 1.0330243
23 37 2.6262531
23 18 1.3889283
23 7 1.1061214
23 16 9.32203
23 11 2000.0
23 29 3.3736596
23 5 6.372896
24 26 0.05951705
24 32 0.11976938
24 10 0.072263785
24 21 0.110531375
24 31 11.335042
24 12 0.06914195
24 15 2000.0
24 17 0.23521417
25 0 2000.0
25 30 2.3989954
25 13 0.43094906
25 33 0.614414
25 11 1.2053016
25 29 3.1395795
25 34 2.4868882
25 20 0.43133742
25 2 1.1047717
25 14 1.9701872
25 37 23.081697
25 7 3.6769314
25 27 0.46720126
25 16 1.4323312
26 36 57.597874
26 32 64.62759
26 28 0.034018796
26 10 0.035428528
26 24 0.05951705
26 31 0.05063233
26 12 0.6733319
26 17 1.807704
27 0 2000.0
27 30 0.26320505
27 8 1.8996484
27 18 2.467763
27 13 0.15296827
27 33 0.9303498
27 11 0.5056578
27 29 0.5921759
27 5 2.489778
27 34 1.2242839
27 20 0.57109374
27 2 0.6831509
27 14 2.3358428
27 37 0.9845566
27 7 64.28571
27 16 1.3586118
27 25 0.46720126
28 36 0.031836223
28 26 0.034018796
28 10 0.17027512
28 3 0.14504945
28 12 3.383889
28 9 5.0357146
29 30 1.6538622
29 0 9.312561
29 8 0.6728572
29 18 1.0619711
29 13 0.64176077
29 33 128.30176
29 11 0.8730926
29 5 3.3284223
29 34 8.111461
29 20 2.5721967
29 2 1.0350198
29 37 1.022413
29 7 2000.0
29 27 0.5921759
29 16 53.47018
29 23 3.3736596
29 25 3.1395795
30 0 2000.0
30 8 0.6710321
30 18 0.74715906
30 13 0.9631597
30 33 3.527061
30 11 0.5021607
30 29 1.6538622
30 5 0.84218955
30 34 1.7438866
30 20 4.6826024
30 2 20.616514
30 14 2000.0
30 37 4.734803
30 7 0.87364334
30 27 0.26320505
30 16 1.1032788
30 23 1.976685
30 25 2.3989954
31 26 0.05063233
31 6 0.87886447
31 10 0.030402385
31 24 11.335042
31 9 0.031039318
31 17 1.2839915
31 4 0.075288095
31 19 0.07640692
32 26 64.62759
32 24 0.11976938
32 12 0.348418
32 15 0.07353228
33 34 2000.0
33 30 3.527061
33 20 1.0705154
33 2 3.0333054
33 14 0.43340233
33 7 2000.0
33 13 0.73287094
33 27 0.9303498
33 16 1998.8635
33 11 1.906425
33 29 128.30176
33 25 0.614414
34 30 1.7438866
34 20 0.82754564
34 8 2.6832302
34 7 10.928906
34 13 7.1845284
34 27 1.2242839
34 16 5535.0566
34 11 2.2621753
34 25 2.4868882
34 29 8.111461
34 5 4.5444407
35 21 0.071005575
36 26 57.597874
36 28 0.031836223
36 3 0.39393938
36 9 1.3650095
37 30 4.734803
37 0 0.6203095
37 8 0.8425937
37 18 1.5811148
37 13 2.8870673
37 11 1.6149441
37 29 1.022413
37 20 3.3653336
37 2 1.0349793
37 7 23.592546
37 27 0.9845566
37 16 79.576324
37 23 2.6262531
37 25 23.081697
