0 8 5.6073203
0 2 1.3395417
0 37 0.84015507
0 13 0.7124703
0 11 55.229168
0 29 13.01293
1 3 0.2049235
1 12 1202.159
2 30 5.5752196
2 0 1.3395417
2 8 1.2474202
2 18 11.039801
2 13 0.40334496
2 33 4.181944
2 11 1.09163
2 29 1.0176535
2 20 6.4075594
2 37 1.0408642
2 27 1.0792862
2 23 22.665253
2 25 1.6597472
3 36 0.2736631
3 28 0.07294089
3 24 423.52942
3 12 0.05876437
3 1 0.2049235
3 9 0.5855161
4 31 0.080099784
4 9 0.06488269
4 17 0.09062633
4 19 0.099753246
5 30 0.7134281
5 8 0.8702039
5 18 0.41274688
5 13 900.00006
5 11 2.7797308
5 29 5.207424
5 34 2.0993953
5 20 3.0714784
5 37 2000.0
5 7 6.9592443
5 27 1.8687402
5 16 1.7105461
5 23 4.9569607
6 22 97.587135
6 31 0.49320954
6 17 0.8596827
7 34 9.795184
7 30 0.70738626
7 20 2.3211832
7 8 70.29415
7 37 15.307089
7 16 0.88386667
7 11 15.32874
7 23 0.8081183
7 25 8.059307
7 5 6.9592443
8 0 5.6073203
8 30 1.0541822
8 18 0.8873107
8 13 1.9137275
8 11 1.431229
8 29 0.6020265
8 5 0.8702039
8 34 2.5687602
8 2 1.2474202
8 37 0.93605006
8 7 70.29415
8 27 2.1368058
8 16 1.692601
8 23 0.87769884
9 36 0.5096117
9 26 2000.0
9 28 4.7290916
9 10 6.231011
9 22 0.21436733
9 31 0.044178464
9 3 0.5855161
9 17 0.056268334
9 4 0.06488269
9 19 0.06427876
10 26 0.04281291
10 28 0.3084139
10 24 0.042158015
10 31 0.035702314
10 12 5.9176707
10 9 6.231011
10 17 0.028750623
11 0 55.229168
11 30 0.5676039
11 8 1.431229
11 18 9.721683
11 13 0.5240266
11 33 2.6527984
11 29 1.0184132
11 5 2.7797308
11 34 2.5768342
11 20 1.2299788
11 2 1.09163
11 37 1.4019779
11 7 15.32874
11 27 0.577338
11 16 1.0174779
11 25 1.0168746
12 26 1.5070292
12 28 1.2437625
12 32 0.25660977
12 10 5.9176707
12 24 0.08779255
12 21 0.10215364
12 3 0.05876437
13 30 0.6127622
13 0 0.7124703
13 8 1.9137275
13 18 482.88837
13 33 1.1004025
13 11 0.5240266
13 29 0.683515
13 5 900.00006
13 34 24.338543
13 20 0.6801257
13 2 0.40334496
13 14 4.121507
13 37 2.048914
13 27 0.4265816
13 16 491.13248
13 25 0.69773877
14 20 2.270755
14 13 4.121507
14 27 2.189112
14 33 0.38967803
14 11 2000.0
14 25 1.283941
15 32 0.069777295
15 21 1.2781806
16 0 2000.0
16 30 1.0850823
16 8 1.692601
16 18 0.8840083
16 13 491.13248
16 11 1.0174779
16 29 28.735231
16 5 1.7105461
16 20 11.748729
16 37 66.49539
16 7 0.88386667
16 27 1.2051723
16 23 8.326023
16 25 1.2148404
17 26 1.7035924
17 6 0.8596827
17 10 0.028750623
17 24 0.30464217
17 31 1.2446893
17 9 0.056268334
17 4 0.09062633
17 19 2.9040673
18 30 0.75319487
18 2 11.039801
18 8 0.8873107
18 37 1.4115798
18 13 482.88837
18 7 2000.0
18 27 3.713643
18 16 0.8840083
18 23 1.2469064
18 11 9.721683
18 29 0.8316964
18 5 0.41274688
19 31 0.085823864
19 9 0.06427876
19 17 2.9040673
19 4 0.099753246
20 30 10.530304
20 13 0.6801257
20 33 1.7662433
20 11 1.2299788
20 29 2.881696
20 5 3.0714784
20 34 0.8119222
20 2 6.4075594
20 14 2.270755
20 37 3.244078
20 7 2.3211832
20 27 2.426813
20 16 11.748729
20 25 0.38508913
21 32 2000.0
21 24 1.2660604
21 35 0.040649917
21 12 0.10215364
21 15 1.2781806
22 6 97.587135
22 31 1246.0796
22 9 0.21436733
22 19 1462.216
23 0 2000.0
23 30 1.8201034
23 2 22.665253
23 8 0.87769884
23 37 1.8574193
23 18 1.2469064
23 7 0.8081183
23 16 8.326023
23 11 2000.0
23 29 2.1965961
23 5 4.9569607
24 26 0.051923085
24 32 0.17163396
24 10 0.042158015
24 21 1.2660604
24 31 2.4001691
24 12 0.08779255
24 3 423.52942
24 15 2000.0
24 17 0.30464217
25 30 4.6518397
25 13 0.69773877
25 33 0.2772086
25 11 1.0168746
25 29 3.5916877
25 34 0.8365208
25 20 0.38508913
25 2 1.6597472
25 14 1.283941
25 37 100.0
25 7 8.059307
25 27 0.75370175
25 16 1.2148404
26 36 342.85715
26 32 12.218085
26 28 0.082847275
26 10 0.04281291
26 24 0.051923085
26 31 0.083301
26 12 1.5070292
26 17 1.7035924
27 0 2000.0
27 30 0.18464665
27 8 2.1368058
27 18 3.713643
27 13 0.4265816
27 33 0.82198644
27 11 0.577338
27 29 1.1812278
27 5 1.8687402
27 34 1.3199232
27 20 2.426813
27 2 1.0792862
27 14 2.189112
27 37 2.276043
27 7 2632.8977
27 16 1.2051723
27 23 2000.0
27 25 0.75370175
28 36 0.046981506
28 26 0.082847275
28 10 0.3084139
28 3 0.07294089
28 12 1.2437625
28 9 4.7290916
29 0 13.01293
29 30 9.345585
29 8 0.6020265
29 18 0.8316964
29 13 0.683515
29 11 1.0184132
29 5 5.207424
29 34 5.143513
29 20 2.881696
29 2 1.0176535
29 37 0.7842253
29 7 2000.0
29 27 1.1812278
29 16 28.735231
29 23 2.1965961
29 25 3.5916877
30 0 2000.0
30 8 1.0541822
30 18 0.75319487
30 13 0.6127622
30 33 2.5590615
30 11 0.5676039
30 29 9.345585
30 5 0.7134281
30 34 1.7208952
30 20 10.530304
30 2 5.5752196
30 37 11.60842
30 7 0.70738626
30 27 0.18464665
30 16 1.0850823
30 23 1.8201034
30 25 4.6518397
31 26 0.083301
31 6 0.49320954
31 10 0.035702314
31 24 2.4001691
31 9 0.044178464
31 17 1.2446893
31 4 0.080099784
31 19 0.085823864
32 26 12.218085
32 24 0.17163396
32 12 0.25660977
32 15 0.069777295
33 34 2000.0
33 30 2.5590615
33 20 1.7662433
33 2 4.181944
33 14 0.38967803
33 7 2000.0
33 13 1.1004025
33 27 0.82198644
33 16 2226.3638
33 11 2.6527984
33 29 1349.034
33 25 0.2772086
34 30 1.7208952
34 20 0.8119222
34 8 2.5687602
34 13 24.338543
34 7 9.795184
34 27 1.3199232
34 16 1215.0568
34 11 2.5768342
34 25 0.8365208
34 29 5.143513
34 5 2.0993953
35 21 0.040649917
36 26 342.85715
36 28 0.046981506
36 3 0.2736631
36 9 0.5096117
37 30 11.60842
37 0 0.84015507
37 8 0.93605006
37 18 1.4115798
37 13 2.048914
37 11 1.4019779
37 29 0.7842253
37 20 3.244078
37 2 1.0408642
37 7 15.307089
37 27 2.276043
37 16 66.49539
37 23 1.8574193
37 25 100.0
