0 8 12.219257
0 2 0.3745924
0 37 5.993382
0 13 0.6427738
0 29 5.620667
1 3 0.20426136
1 12 37.34318
2 30 52.44665
2 0 0.3745924
2 8 2.0414565
2 18 10.71842
2 13 0.6980847
2 33 1.600689
2 11 2.3491297
2 29 1.0144886
2 20 2.4358728
2 37 1.2049277
2 27 1.4163065
2 16 2000.0
2 23 45.45407
2 25 3.082048
3 36 0.41602385
3 28 0.09830515
3 24 101.63854
3 12 0.059567444
3 1 0.20426136
3 9 0.29529548
4 31 0.10359168
4 9 0.056944303
4 17 0.07980747
4 19 0.08024945
5 30 0.9750372
5 8 1.2524477
5 18 0.78225917
5 13 144.11763
5 11 5.968553
5 29 7.112483
5 34 10.010052
5 20 3.4162676
5 37 266.6667
5 7 14.966469
5 27 2.057576
5 16 2.17646
5 23 5.91084
6 22 66.66667
6 31 0.90073043
6 17 1.6200545
7 34 34.17104
7 30 1.3536568
7 20 6.130919
7 8 46.641167
7 37 14.300531
7 27 66.66667
7 16 1.3103102
7 11 11.108825
7 23 1.5847324
7 25 6.019301
7 5 14.966469
8 0 12.219257
8 30 0.74282444
8 18 1.1940145
8 13 5.250825
8 11 6.5075665
8 29 0.9434908
8 5 1.2524477
8 34 11.699818
8 2 2.0414565
8 37 1.401643
8 7 46.641167
8 27 1.2939726
8 16 1.461015
8 23 1.3342633
9 36 0.59576744
9 26 2000.0
9 28 5.5598025
9 10 5.0238247
9 22 0.25902295
9 31 0.029142234
9 3 0.29529548
9 12 2000.0
9 17 0.051798053
9 4 0.056944303
9 19 0.056972772
10 26 0.045185804
10 28 0.6398588
10 24 0.071359426
10 31 0.064692706
10 12 2.1113746
10 9 5.0238247
10 17 0.031763826
11 0 2000.0
11 30 1.4380976
11 8 6.5075665
11 18 9.94597
11 13 1.7440696
11 33 1.8713534
11 29 1.0234445
11 5 5.968553
11 34 2.65778
11 20 1.6150302
11 2 2.3491297
11 37 1.9591708
11 7 11.108825
11 27 1.6014633
11 16 1.5088483
11 25 2.390434
12 26 0.85227275
12 28 4.283898
12 32 0.33469328
12 10 2.1113746
12 24 0.08829178
12 21 0.07147892
12 3 0.059567444
12 1 37.34318
12 15 2000.0
13 30 15.271414
13 0 0.6427738
13 8 5.250825
13 18 720.00006
13 33 1.9694748
13 11 1.7440696
13 29 2.2375278
13 5 144.11763
13 34 19.182642
13 20 1.2024084
13 2 0.6980847
13 14 2.7301185
13 37 4.2870545
13 27 1.2534418
13 16 151.6075
13 25 0.9052577
14 20 2.3578074
14 13 2.7301185
14 33 0.9236284
14 27 2.8825579
14 11 2000.0
14 25 3.2692332
15 32 0.06334606
15 21 11.702139
16 30 1.1411687
16 0 2000.0
16 8 1.461015
16 18 0.6850444
16 13 151.6075
16 11 1.5088483
16 29 176.9712
16 5 2.17646
16 20 20.528465
16 37 753.8462
16 7 1.3103102
16 27 1.5396427
16 23 4.5448017
16 25 3.2947352
17 26 1.9356642
17 6 1.6200545
17 10 0.031763826
17 24 0.34911618
17 31 1.2485796
17 9 0.051798053
17 4 0.07980747
17 19 2.138768
18 30 1.0125207
18 2 10.71842
18 8 1.1940145
18 37 1.1018941
18 7 2000.0
18 13 720.00006
18 27 2.1288786
18 16 0.6850444
18 23 3.4249828
18 11 9.94597
18 29 1.4663011
18 5 0.78225917
19 31 0.06913962
19 9 0.056972772
19 17 2.138768
19 4 0.08024945
20 0 2000.0
20 30 10.728623
20 8 2000.0
20 13 1.2024084
20 33 1.5440384
20 11 1.6150302
20 29 2.0489097
20 5 3.4162676
20 34 1.2472366
20 2 2.4358728
20 14 2.3578074
20 37 7.1799755
20 7 6.130919
20 27 0.8788542
20 16 20.528465
20 25 1.1506416
21 26 2000.0
21 32 2000.0
21 24 0.05625462
21 35 0.054516517
21 12 0.07147892
21 15 11.702139
22 6 66.66667
22 31 130.27567
22 9 0.25902295
22 19 1594.4319
23 0 2000.0
23 30 1.2889696
23 2 45.45407
23 8 1.3342633
23 37 6.724124
23 18 3.4249828
23 7 1.5847324
23 16 4.5448017
23 11 2000.0
23 29 1.9563158
23 5 5.91084
24 26 0.067767486
24 32 0.14466506
24 10 0.071359426
24 21 0.05625462
24 31 8.234291
24 12 0.08829178
24 3 101.63854
24 15 2000.0
24 17 0.34911618
25 30 9.485286
25 13 0.9052577
25 33 1.4167562
25 11 2.390434
25 29 11.016748
25 34 4.0695105
25 20 1.1506416
25 2 3.082048
25 14 3.2692332
25 37 78.48154
25 7 6.019301
25 27 0.9013027
25 16 3.2947352
26 32 16.310732
26 28 0.047563557
26 10 0.045185804
26 24 0.067767486
26 31 0.080663495
26 12 0.85227275
26 17 1.9356642
27 0 2000.0
27 30 0.18552923
27 8 1.2939726
27 18 2.1288786
27 13 1.2534418
27 33 1.6130418
27 11 1.6014633
27 29 0.49140674
27 5 2.057576
27 34 2.111205
27 20 0.8788542
27 2 1.4163065
27 14 2.8825579
27 37 4.701856
27 7 66.66667
27 16 1.5396427
27 25 0.9013027
28 36 0.041569974
28 26 0.047563557
28 10 0.6398588
28 3 0.09830515
28 12 4.283898
28 9 5.5598025
29 0 5.620667
29 30 2.5039186
29 8 0.9434908
29 18 1.4663011
29 13 2.2375278
29 11 1.0234445
29 5 7.112483
29 34 12.057833
29 20 2.0489097
29 2 1.0144886
29 37 1.046218
29 7 2000.0
29 27 0.49140674
29 16 176.9712
29 23 1.9563158
29 25 11.016748
30 0 2000.0
30 8 0.74282444
30 18 1.0125207
30 13 15.271414
30 33 2.554072
30 11 1.4380976
30 29 2.5039186
30 5 0.9750372
30 34 4.4121137
30 20 10.728623
30 2 52.44665
30 14 2000.0
30 37 17.388462
30 7 1.3536568
30 27 0.18552923
30 16 1.1411687
30 23 1.2889696
30 25 9.485286
31 26 0.080663495
31 6 0.90073043
31 10 0.064692706
31 24 8.234291
31 22 130.27567
31 9 0.029142234
31 17 1.2485796
31 4 0.10359168
31 19 0.06913962
32 26 16.310732
32 24 0.14466506
32 12 0.33469328
32 15 0.06334606
33 30 2.554072
33 8 2000.0
33 13 1.9694748
33 11 1.8713534
33 29 1351.0227
33 34 2000.0
33 20 1.5440384
33 2 1.600689
33 14 0.9236284
33 7 2000.0
33 27 1.6130418
33 16 2000.0
33 25 1.4167562
34 30 4.4121137
34 20 1.2472366
34 8 11.699818
34 7 34.17104
34 13 19.182642
34 27 2.111205
34 16 3659.4888
34 11 2.65778
34 25 4.0695105
34 29 12.057833
34 5 10.010052
35 21 0.054516517
36 26 2000.0
36 28 0.041569974
36 3 0.41602385
36 9 0.59576744
37 30 17.388462
37 0 5.993382
37 8 1.401643
37 18 1.1018941
37 13 4.2870545
37 11 1.9591708
37 29 1.046218
37 5 266.6667
37 20 7.1799755
37 2 1.2049277
37 7 14.300531
37 27 4.701856
37 16 753.8462
37 23 6.724124
37 25 78.48154
