0 8 7.8260875
0 2 0.60824394
0 37 1.7675632
0 13 0.6377258
0 11 2000.0
0 25 2000.0
0 29 4.6606874
1 3 0.24223885
1 12 72.41933
2 30 20.797232
2 0 0.60824394
2 8 1.1797897
2 18 5.1916685
2 13 0.27362126
2 33 2.2577295
2 11 0.73788273
2 29 1.1514792
2 20 1.8040681
2 37 1.0827091
2 27 0.7374768
2 23 24.615385
2 25 2.2419736
3 36 0.22076167
3 28 0.13671553
3 24 163.63637
3 12 0.060318917
3 1 0.24223885
3 9 0.351431
4 31 0.077472076
4 9 0.06583254
4 17 0.07397564
4 19 0.0893913
5 30 0.7619536
5 8 0.88014525
5 18 0.6720993
5 13 2000.0
5 11 4.8556857
5 29 3.3848908
5 34 4.812747
5 20 3.0353084
5 37 2000.0
5 7 21.59736
5 27 2.738961
5 16 1.6678681
5 23 8.352991
6 31 0.9372269
6 17 0.92739755
7 34 16.509434
7 30 1.5718813
7 20 2.5855494
7 8 20.527508
7 37 11.954919
7 16 1.4546016
7 11 10.062902
7 23 1.5642921
7 25 5.279264
7 5 21.59736
8 0 7.8260875
8 30 0.8249152
8 18 0.9944808
8 13 1.8474292
8 11 1.388029
8 29 0.6765986
8 5 0.88014525
8 34 8.00438
8 2 1.1797897
8 37 1.2120262
8 7 20.527508
8 27 1.8531977
8 16 1.2959349
8 23 1.1666304
9 36 1.2475265
9 26 2000.0
9 28 11.994172
9 10 4.1605897
9 22 0.23292814
9 31 0.028114816
9 3 0.351431
9 17 0.052496888
9 4 0.06583254
9 19 0.08769886
10 26 0.0489564
10 28 1.1278387
10 24 0.07892693
10 31 0.03117322
10 12 10.855153
10 9 4.1605897
10 17 0.030554475
11 0 2000.0
11 30 0.4630258
11 8 1.388029
11 18 4.843771
11 13 0.77354693
11 33 2.9181871
11 29 2.1443782
11 5 4.8556857
11 34 4.375851
11 20 1.063422
11 2 0.73788273
11 37 1.5814744
11 7 10.062902
11 27 0.46003965
11 16 0.90822923
11 25 1.2679782
12 26 0.6220641
12 28 6.5816984
12 32 0.28226948
12 10 10.855153
12 24 0.10758366
12 21 0.07830889
12 3 0.060318917
12 1 72.41933
13 30 1.5065762
13 0 0.6377258
13 8 1.8474292
13 18 2047.4188
13 33 0.798686
13 11 0.77354693
13 29 1.1427481
13 34 5.2001705
13 20 0.5747921
13 2 0.27362126
13 14 1.8859103
13 37 1.8931283
13 27 0.33111885
13 16 64.573235
13 25 0.77917457
14 20 1.3218979
14 13 1.8859103
14 33 0.39832303
14 27 2.845742
14 11 2000.0
14 25 1.8308861
15 32 0.0707418
15 21 2.1158032
16 30 1.1378179
16 0 2000.0
16 8 1.2959349
16 18 0.83164424
16 13 64.573235
16 11 0.90822923
16 29 130.33238
16 5 1.6678681
16 20 7.073122
16 37 266.6667
16 7 1.4546016
16 27 1.5063498
16 23 4.451735
16 25 1.1064773
17 26 1.935592
17 6 0.92739755
17 10 0.030554475
17 24 0.27394894
17 31 1.2282693
17 9 0.052496888
17 4 0.07397564
17 19 3.1312602
18 30 0.7052916
18 2 5.1916685
18 8 0.9944808
18 37 1.4173666
18 7 2000.0
18 27 3.8672302
18 16 0.83164424
18 23 1.5004053
18 11 4.843771
18 29 0.8958369
18 5 0.6720993
19 31 0.06422962
19 9 0.08769886
19 17 3.1312602
19 4 0.0893913
20 30 19.093624
20 13 0.5747921
20 33 1.2151481
20 11 1.063422
20 29 1.6952878
20 5 3.0353084
20 34 0.8661129
20 2 1.8040681
20 14 1.3218979
20 37 10.113404
20 7 2.5855494
20 27 0.39617983
20 16 7.073122
20 25 0.5286552
21 32 2000.0
21 24 0.089471415
21 35 0.051478498
21 12 0.07830889
21 15 2.1158032
22 6 1676.591
22 31 1121.8182
22 9 0.23292814
22 19 1203.9772
23 0 2000.0
23 30 2.0646753
23 2 24.615385
23 8 1.1666304
23 37 3.7556553
23 18 1.5004053
23 7 1.5642921
23 16 4.451735
23 11 2000.0
23 29 4.8236465
23 5 8.352991
24 26 0.10351905
24 32 0.100720234
24 10 0.07892693
24 21 0.089471415
24 31 10.332117
24 3 163.63637
24 12 0.10758366
24 15 2000.0
24 17 0.27394894
25 0 2000.0
25 30 5.136235
25 13 0.77917457
25 33 0.60073954
25 11 1.2679782
25 29 2.3564868
25 34 4.5067167
25 20 0.5286552
25 2 2.2419736
25 14 1.8308861
25 37 71.63918
25 7 5.279264
25 27 0.83406776
25 16 1.1064773
26 32 38.244324
26 28 0.042579915
26 10 0.0489564
26 24 0.10351905
26 31 0.07206292
26 12 0.6220641
26 17 1.935592
27 0 2000.0
27 30 0.16400845
27 8 1.8531977
27 18 3.8672302
27 13 0.33111885
27 33 1.2626363
27 11 0.46003965
27 29 1.0604744
27 5 2.738961
27 34 1.4886456
27 20 0.39617983
27 2 0.7374768
27 14 2.845742
27 37 1.845372
27 7 2418.8635
27 16 1.5063498
27 25 0.83406776
28 36 0.04133656
28 26 0.042579915
28 10 1.1278387
28 3 0.13671553
28 12 6.5816984
28 9 11.994172
29 0 4.6606874
29 30 4.4590044
29 8 0.6765986
29 18 0.8958369
29 13 1.1427481
29 11 2.1443782
29 5 3.3848908
29 34 1.2380896
29 20 1.6952878
29 2 1.1514792
29 37 0.9928113
29 7 2000.0
29 27 1.0604744
29 16 130.33238
29 23 4.8236465
29 25 2.3564868
30 0 2000.0
30 8 0.8249152
30 18 0.7052916
30 13 1.5065762
30 33 3.003026
30 11 0.4630258
30 29 4.4590044
30 5 0.7619536
30 34 2.3944418
30 20 19.093624
30 2 20.797232
30 14 2000.0
30 37 5.630028
30 7 1.5718813
30 27 0.16400845
30 16 1.1378179
30 23 2.0646753
30 25 5.136235
31 26 0.07206292
31 6 0.9372269
31 10 0.03117322
31 24 10.332117
31 9 0.028114816
31 17 1.2282693
31 4 0.077472076
31 19 0.06422962
32 26 38.244324
32 24 0.100720234
32 12 0.28226948
32 15 0.0707418
33 30 3.003026
33 8 2000.0
33 13 0.798686
33 11 2.9181871
33 29 2382.1023
33 5 2000.0
33 34 2000.0
33 20 1.2151481
33 2 2.2577295
33 14 0.39832303
33 7 2000.0
33 27 1.2626363
33 16 2000.0
33 25 0.60073954
34 30 2.3944418
34 20 0.8661129
34 8 8.00438
34 7 16.509434
34 13 5.2001705
34 27 1.4886456
34 16 2536.0227
34 11 4.375851
34 25 4.5067167
34 29 1.2380896
34 5 4.812747
35 21 0.051478498
36 26 1487.3864
36 28 0.04133656
36 3 0.22076167
36 9 1.2475265
37 30 5.630028
37 0 1.7675632
37 8 1.2120262
37 18 1.4173666
37 13 1.8931283
37 11 1.5814744
37 29 0.9928113
37 20 10.113404
37 2 1.0827091
37 7 11.954919
37 27 1.845372
37 16 266.6667
37 23 3.7556553
37 25 71.63918
