0 8 5.6825175
0 2 0.6190909
0 37 0.71493506
0 13 0.6554504
0 11 20.7659
0 29 18.13256
1 3 0.2606305
1 12 1192.3864
2 30 11.761495
2 0 0.6190909
2 8 1.3274432
2 18 6.611219
2 13 0.32944253
2 33 1.8143604
2 11 0.7866003
2 29 1.0763655
2 20 1.4742714
2 37 0.5429204
2 27 0.4215563
2 23 21.589962
2 25 2.058363
3 36 0.24136238
3 28 0.099798396
3 24 2000.0
3 12 0.048461787
3 1 0.2606305
3 9 0.6811681
4 31 0.0802995
4 9 0.070231006
4 17 0.092847586
4 19 0.08070501
5 30 1.3329437
5 8 0.7377962
5 18 0.3168592
5 13 151.99329
5 11 3.5604734
5 29 1.6895305
5 34 2.041521
5 20 5.9075656
5 37 2000.0
5 7 4.2767954
5 27 2.334247
5 16 1.337606
5 23 3.391457
6 31 0.32500002
6 17 0.7128263
7 34 7.609091
7 30 1.2176136
7 20 1.2379857
7 8 122.02327
7 37 13.370147
7 16 1.1896648
7 11 3.8488314
7 23 0.9882678
7 25 3.3349636
7 5 4.2767954
8 0 5.6825175
8 30 0.68179077
8 18 0.9326581
8 13 2.8659818
8 11 1.7219425
8 29 0.64881474
8 5 0.7377962
8 34 4.20466
8 2 1.3274432
8 37 1.0024611
8 7 122.02327
8 27 2.0115232
8 16 1.5978389
8 23 1.0649177
9 36 1.1510154
9 26 2000.0
9 28 2.1998105
9 10 8.739488
9 22 0.88656133
9 31 0.03305871
9 12 2000.0
9 3 0.6811681
9 17 0.2639717
9 4 0.070231006
9 19 0.07319781
10 26 0.040517885
10 28 0.28694475
10 24 0.053464975
10 31 0.034424428
10 12 12.4640465
10 9 8.739488
10 17 0.031594034
11 0 20.7659
11 30 0.3973547
11 8 1.7219425
11 18 21.12934
11 13 0.5903737
11 33 1.975124
11 29 0.9820506
11 5 3.5604734
11 34 3.0706787
11 20 0.6998992
11 2 0.7866003
11 37 1.1410944
11 7 3.8488314
11 27 0.63392967
11 16 0.86206263
11 25 0.94703513
12 26 1.0201536
12 28 2.4687593
12 32 0.15529379
12 10 12.4640465
12 24 0.06958227
12 21 0.0924212
12 3 0.048461787
13 0 0.6554504
13 30 1.6502472
13 8 2.8659818
13 18 253.58788
13 33 0.75665873
13 11 0.5903737
13 29 0.97811496
13 5 151.99329
13 34 10.020504
13 20 0.37040773
13 2 0.32944253
13 14 2.0032823
13 37 1.9893112
13 27 0.22450344
13 16 58.640377
13 25 0.6150332
14 20 1.0267146
14 13 2.0032823
14 27 2.3402529
14 33 0.34116277
14 11 2000.0
14 25 1.2833722
15 32 0.06885788
15 21 0.84028244
16 30 1.0505327
16 0 2000.0
16 8 1.5978389
16 18 0.8436826
16 13 58.640377
16 11 0.86206263
16 29 18.093468
16 5 1.337606
16 20 7.2036543
16 37 18.311317
16 7 1.1896648
16 27 1.4386408
16 23 4.668226
16 25 1.2244693
17 26 1.7199383
17 6 0.7128263
17 10 0.031594034
17 24 0.36574307
17 31 1.1129135
17 9 0.2639717
17 4 0.092847586
17 19 3.27951
18 30 0.669765
18 2 6.611219
18 8 0.9326581
18 37 2.01977
18 13 253.58788
18 7 2000.0
18 27 2.938993
18 16 0.8436826
18 23 1.3054858
18 11 21.12934
18 29 1.0866121
18 5 0.3168592
19 31 0.06751478
19 9 0.07319781
19 17 3.27951
19 4 0.08070501
20 30 31.538889
20 13 0.37040773
20 33 1.1820153
20 11 0.6998992
20 29 6.2565727
20 5 5.9075656
20 34 0.8150537
20 2 1.4742714
20 14 1.0267146
20 37 2.3060434
20 7 1.2379857
20 27 0.76020664
20 16 7.2036543
20 25 0.4164028
21 26 2000.0
21 32 2000.0
21 24 0.64206064
21 35 0.036578424
21 12 0.0924212
21 15 0.84028244
22 6 1690.9092
22 31 1246.1364
22 9 0.88656133
22 19 1288.409
23 0 2000.0
23 30 1.5157285
23 2 21.589962
23 8 1.0649177
23 37 2.0152583
23 18 1.3054858
23 7 0.9882678
23 16 4.668226
23 11 2000.0
23 29 3.1899002
23 5 3.391457
24 26 0.060410835
24 32 0.10491132
24 10 0.053464975
24 21 0.64206064
24 31 3.0704815
24 12 0.06958227
24 15 2000.0
24 17 0.36574307
25 30 2.1931844
25 13 0.6150332
25 33 0.49945974
25 11 0.94703513
25 29 9.3333845
25 34 1.1848822
25 20 0.4164028
25 2 2.058363
25 14 1.2833722
25 37 143.25569
25 7 3.3349636
25 27 0.71382076
25 16 1.2244693
26 36 400.0
26 32 15.160394
26 28 0.04695387
26 10 0.040517885
26 24 0.060410835
26 31 0.04759535
26 12 1.0201536
26 17 1.7199383
27 0 2000.0
27 30 0.14513785
27 8 2.0115232
27 18 2.938993
27 13 0.22450344
27 33 0.8080828
27 11 0.63392967
27 29 1.0575529
27 5 2.334247
27 34 1.2063552
27 20 0.76020664
27 2 0.4215563
27 14 2.3402529
27 37 0.9225371
27 7 129.62502
27 16 1.4386408
27 25 0.71382076
28 36 0.03570496
28 26 0.04695387
28 10 0.28694475
28 3 0.099798396
28 12 2.4687593
28 9 2.1998105
29 0 18.13256
29 30 6.0390472
29 8 0.64881474
29 18 1.0866121
29 13 0.97811496
29 11 0.9820506
29 5 1.6895305
29 34 10.537657
29 20 6.2565727
29 2 1.0763655
29 37 0.8319602
29 7 2000.0
29 27 1.0575529
29 16 18.093468
29 23 3.1899002
29 25 9.3333845
30 0 2000.0
30 8 0.68179077
30 18 0.669765
30 13 1.6502472
30 33 1.8061496
30 11 0.3973547
30 29 6.0390472
30 5 1.3329437
30 34 0.71707505
30 20 31.538889
30 2 11.761495
30 37 5.0062013
30 7 1.2176136
30 27 0.14513785
30 16 1.0505327
30 23 1.5157285
30 25 2.1931844
31 26 0.04759535
31 6 0.32500002
31 10 0.034424428
31 24 3.0704815
31 9 0.03305871
31 17 1.1129135
31 4 0.0802995
31 19 0.06751478
32 26 15.160394
32 24 0.10491132
32 12 0.15529379
32 15 0.06885788
33 34 2000.0
33 30 1.8061496
33 20 1.1820153
33 2 1.8143604
33 14 0.34116277
33 7 2000.0
33 13 0.75665873
33 27 0.8080828
33 16 2270.3408
33 11 1.975124
33 29 1419.8864
33 25 0.49945974
34 30 0.71707505
34 20 0.8150537
34 8 4.20466
34 13 10.020504
34 7 7.609091
34 27 1.2063552
34 16 1215.0568
34 11 3.0706787
34 25 1.1848822
34 29 10.537657
34 5 2.041521
35 21 0.036578424
36 26 400.0
36 28 0.03570496
36 3 0.24136238
36 9 1.1510154
37 30 5.0062013
37 0 0.71493506
37 8 1.0024611
37 18 2.01977
37 13 1.9893112
37 11 1.1410944
37 29 0.8319602
37 20 2.3060434
37 2 0.5429204
37 7 13.370147
37 27 0.9225371
37 16 18.311317
37 23 2.0152583
37 25 143.25569
