0 8 6.8111606
0 2 0.704576
0 37 0.8553538
0 13 0.95718503
0 11 17.428978
0 29 12.537829
1 3 0.24189885
1 12 1201.4773
2 30 13.001676
2 0 0.704576
2 8 1.0296893
2 18 8.609796
2 13 0.38885736
2 33 1.6548684
2 11 0.58447367
2 29 0.75689155
2 20 1.5803009
2 37 0.585945
2 27 0.48449075
2 16 2000.0
2 23 31.368393
2 25 1.0262604
3 36 0.26508188
3 28 0.10775974
3 24 104.347824
3 12 0.052554283
3 1 0.24189885
3 9 0.3320582
4 31 0.08050352
4 9 0.06799553
4 17 0.080072396
4 19 0.086964116
5 30 0.6225309
5 8 0.5473877
5 18 0.32581565
5 13 118.372635
5 11 3.1126468
5 29 1.8209553
5 34 2.661989
5 20 2.2732482
5 37 2000.0
5 7 5.363981
5 27 1.9370574
5 16 1.6505057
5 23 2.6765807
6 22 163.47903
6 31 0.3822755
6 17 1.0537261
7 34 9.362122
7 30 0.93856007
7 20 1.4998498
7 8 18.151228
7 37 10.440912
7 27 94.17159
7 16 0.85958767
7 11 8.351852
7 23 1.2216493
7 25 5.797348
7 5 5.363981
8 0 6.8111606
8 30 0.59677714
8 18 0.88912535
8 13 2.142817
8 11 1.3012661
8 29 0.99349856
8 5 0.5473877
8 34 3.2065518
8 2 1.0296893
8 37 0.8313266
8 7 18.151228
8 27 1.1708156
8 16 1.555773
8 23 1.0633053
9 36 1.1625181
9 26 2000.0
9 28 1.6900295
9 10 13.34125
9 22 0.19840753
9 31 0.028494822
9 3 0.3320582
9 17 0.10991747
9 4 0.06799553
9 19 0.06516198
10 26 0.03037024
10 28 0.3003998
10 24 0.058627356
10 31 0.031809017
10 12 7.001611
10 9 13.34125
10 17 0.041284073
11 0 17.428978
11 30 0.4038673
11 8 1.3012661
11 18 5.450887
11 13 0.6714254
11 33 1.7374301
11 29 0.8005723
11 5 3.1126468
11 34 1.8822355
11 20 0.61021227
11 2 0.58447367
11 37 1.2424161
11 7 8.351852
11 27 0.4749056
11 16 0.62931204
11 25 0.7021848
12 26 0.9612183
12 28 1.1737825
12 32 0.12052906
12 10 7.001611
12 24 0.06877368
12 21 0.26708785
12 3 0.052554283
13 0 0.95718503
13 30 0.9826253
13 8 2.142817
13 18 113.67178
13 33 1.0805396
13 11 0.6714254
13 29 1.0616537
13 5 118.372635
13 34 6.919175
13 20 0.85000503
13 2 0.38885736
13 14 2.6595378
13 37 0.9451785
13 27 0.20572822
13 16 40.58866
13 25 0.465509
14 34 2000.0
14 20 1.5099394
14 13 2.6595378
14 27 1.680815
14 33 0.71150047
14 11 2000.0
14 25 4.3113933
15 32 0.08212482
15 21 1.7099998
16 30 1.0665264
16 0 2000.0
16 8 1.555773
16 18 0.8123537
16 13 40.58866
16 33 156.65747
16 11 0.62931204
16 29 21.607185
16 5 1.6505057
16 20 4.29618
16 37 12.895855
16 7 0.85958767
16 27 1.2975662
16 23 8.009446
16 25 0.8517558
17 26 1.6922505
17 6 1.0537261
17 10 0.041284073
17 24 0.38262838
17 31 1.1369892
17 9 0.10991747
17 4 0.080072396
17 19 3.8540514
18 30 0.7132291
18 2 8.609796
18 8 0.88912535
18 37 1.1900403
18 13 113.67178
18 7 2000.0
18 27 2.8252523
18 16 0.8123537
18 23 1.3569318
18 11 5.450887
18 29 1.1140397
18 5 0.32581565
19 31 0.085028864
19 9 0.06516198
19 17 3.8540514
19 4 0.086964116
20 30 16.768425
20 13 0.85000503
20 33 1.2883395
20 11 0.61021227
20 29 4.712956
20 5 2.2732482
20 34 0.81898874
20 2 1.5803009
20 14 1.5099394
20 37 2.4203868
20 7 1.4998498
20 27 0.8873564
20 16 4.29618
20 25 0.37280846
21 32 2000.0
21 10 2000.0
21 24 0.4281905
21 35 0.037958916
21 12 0.26708785
21 15 1.7099998
22 6 163.47903
22 31 1246.1364
22 9 0.19840753
22 19 1318.8068
23 0 2000.0
23 30 1.1756684
23 2 31.368393
23 8 1.0633053
23 37 1.6302003
23 18 1.3569318
23 7 1.2216493
23 16 8.009446
23 11 2000.0
23 29 2.8171353
23 5 2.6765807
24 26 0.07111305
24 32 0.14739303
24 10 0.058627356
24 21 0.4281905
24 31 9.179305
24 3 104.347824
24 12 0.06877368
24 15 2000.0
24 17 0.38262838
25 30 0.7252171
25 13 0.465509
25 33 0.2874904
25 11 0.7021848
25 29 6.3830442
25 34 1.2362663
25 20 0.37280846
25 2 1.0262604
25 14 4.3113933
25 37 37.921593
25 7 5.797348
25 27 0.4615814
25 16 0.8517558
26 32 25.190971
26 28 0.04744318
26 10 0.03037024
26 24 0.07111305
26 31 0.054126192
26 12 0.9612183
26 17 1.6922505
27 0 2000.0
27 30 0.2362559
27 8 1.1708156
27 18 2.8252523
27 13 0.20572822
27 33 1.1355015
27 11 0.4749056
27 29 0.5486364
27 5 1.9370574
27 34 0.8130446
27 20 0.8873564
27 2 0.48449075
27 14 1.680815
27 37 0.8325677
27 7 94.17159
27 16 1.2975662
27 23 2000.0
27 25 0.4615814
28 36 0.03389007
28 26 0.04744318
28 10 0.3003998
28 3 0.10775974
28 12 1.1737825
28 9 1.6900295
29 0 12.537829
29 30 3.543352
29 8 0.99349856
29 18 1.1140397
29 13 1.0616537
29 11 0.8005723
29 5 1.8209553
29 34 3.7614944
29 20 4.712956
29 2 0.75689155
29 37 0.66321594
29 7 2000.0
29 27 0.5486364
29 16 21.607185
29 23 2.8171353
29 25 6.3830442
30 0 2000.0
30 8 0.59677714
30 18 0.7132291
30 13 0.9826253
30 33 2.2930167
30 11 0.4038673
30 29 3.543352
30 5 0.6225309
30 34 1.0543354
30 20 16.768425
30 2 13.001676
30 37 5.861331
30 7 0.93856007
30 27 0.2362559
30 16 1.0665264
30 23 1.1756684
30 25 0.7252171
31 26 0.054126192
31 6 0.3822755
31 10 0.031809017
31 24 9.179305
31 9 0.028494822
31 17 1.1369892
31 4 0.08050352
31 19 0.085028864
32 26 25.190971
32 24 0.14739303
32 12 0.12052906
32 15 0.08212482
33 34 2000.0
33 30 2.2930167
33 20 1.2883395
33 2 1.6548684
33 14 0.71150047
33 7 2000.0
33 13 1.0805396
33 27 1.1355015
33 16 156.65747
33 11 1.7374301
33 29 2903.0112
33 25 0.2874904
34 30 1.0543354
34 20 0.81898874
34 8 3.2065518
34 13 6.919175
34 7 9.362122
34 27 0.8130446
34 16 1215.0568
34 11 1.8822355
34 25 1.2362663
34 29 3.7614944
34 5 2.661989
35 21 0.037958916
36 26 2000.0
36 28 0.03389007
36 3 0.26508188
36 9 1.1625181
37 30 5.861331
37 0 0.8553538
37 8 0.8313266
37 18 1.1900403
37 13 0.9451785
37 11 1.2424161
37 29 0.66321594
37 20 2.4203868
37 2 0.585945
37 7 10.440912
37 27 0.8325677
37 16 12.895855
37 23 1.6302003
37 25 37.921593
