0 2 2.5363443
0 37 3.586295
0 13 0.9189821
0 29 20.799728
0 25 19.05
1 3 1.939693
1 12 14.511819
2 30 13.532924
2 0 2.5363443
2 8 1.1097116
2 18 1.7655721
2 13 0.62393147
2 33 1.428295
2 11 2.1155992
2 29 1.2435776
2 20 5.4681287
2 37 0.77974254
2 27 0.97325104
2 16 2000.0
2 23 8.524698
2 25 0.46782514
3 36 0.38753343
3 28 7.3401284
3 24 2000.0
3 12 0.058680553
3 1 1.939693
3 9 0.5096457
4 31 0.07493404
4 9 0.14907338
4 17 0.2864579
4 19 0.07752031
5 30 0.6758712
5 8 1.3499519
5 18 0.6875737
5 13 39.81535
5 11 3.1855664
5 29 5.4667687
5 34 2.9046967
5 20 2.3896935
5 37 9.833008
5 7 25.95008
5 27 1.583915
5 16 1.7206203
5 23 5.866575
5 25 2000.0
6 31 0.12088302
6 17 2.263852
7 30 0.7796922
7 20 157.06409
7 8 6.6390686
7 37 145.12584
7 16 1.4158956
7 23 1.6187481
7 25 2.28759
7 5 25.95008
8 0 2000.0
8 30 0.44688416
8 18 1.1692191
8 13 0.73506653
8 11 2.1391308
8 29 0.7708432
8 5 1.3499519
8 34 41.300285
8 2 1.1097116
8 37 1.1484828
8 7 6.6390686
8 27 4.9049106
8 16 1.6746722
8 23 0.98093843
8 25 2000.0
9 36 0.3688071
9 26 2000.0
9 28 2.5362604
9 10 16.726515
9 22 0.05846961
9 31 0.031161364
9 12 2000.0
9 3 0.5096457
9 4 0.14907338
9 17 0.037127424
9 19 0.067000985
10 26 0.029893694
10 28 0.5313872
10 24 0.09173147
10 31 2.927721
10 12 91.386826
10 9 16.726515
10 17 0.02964267
11 0 2000.0
11 30 0.57261175
11 8 2.1391308
11 18 12.016443
11 13 1.5916576
11 33 1.746169
11 29 1.1134133
11 5 3.1855664
11 34 5.4012113
11 20 2.6821578
11 2 2.1155992
11 37 1.9764853
11 7 1819.8296
11 27 0.69138646
11 16 1.4796346
11 25 0.86727554
12 26 0.79223025
12 32 9.006727
12 28 135.70312
12 10 91.386826
12 24 0.064260595
12 21 0.126744
12 3 0.058680553
12 1 14.511819
13 30 77.75685
13 0 0.9189821
13 8 0.73506653
13 18 217.08691
13 33 0.87931436
13 11 1.5916576
13 29 0.8317359
13 5 39.81535
13 34 196.0
13 20 1.5465586
13 2 0.62393147
13 14 5.2718177
13 37 1.2366672
13 7 2000.0
13 27 0.3406558
13 16 83.25815
13 25 0.34993485
14 30 7.584372
14 20 6.0154276
14 13 5.2718177
14 27 7.207497
14 33 0.32149193
14 11 2000.0
14 25 2.7999609
15 32 0.072816566
15 21 9.33595
16 34 25.843182
16 30 1.0819557
16 20 42.830658
16 8 1.6746722
16 18 0.9472177
16 13 83.25815
16 7 1.4158956
16 27 1.3874466
16 11 1.4796346
16 23 2.473793
16 25 0.79013276
16 5 1.7206203
17 6 2.263852
17 26 1.4750882
17 10 0.02964267
17 24 0.0827744
17 31 0.9832493
17 9 0.037127424
17 4 0.2864579
17 19 1682.7272
18 0 2000.0
18 30 0.6930023
18 8 1.1692191
18 13 217.08691
18 11 12.016443
18 29 1.279605
18 5 0.6875737
18 2 1.7655721
18 37 2.3647304
18 7 2000.0
18 27 27.125227
18 16 0.9472177
18 23 1.2986872
19 31 0.09181001
19 9 0.067000985
19 4 0.07752031
19 17 1682.7272
20 30 1.848789
20 13 1.5465586
20 33 1.6309588
20 11 2.6821578
20 29 12.091986
20 5 2.3896935
20 34 1.1319845
20 2 5.4681287
20 14 6.0154276
20 37 5.3340473
20 7 157.06409
20 27 1.7147033
20 16 42.830658
20 25 0.8960619
21 32 533.3334
21 24 0.68300873
21 35 0.033407852
21 31 2000.0
21 12 0.126744
21 15 9.33595
22 31 54.545452
22 9 0.05846961
22 19 2000.0
23 0 2000.0
23 30 1.0961763
23 8 0.98093843
23 2 8.524698
23 37 1.7780873
23 18 1.2986872
23 7 1.6187481
23 16 2.473793
23 11 2000.0
23 29 1.9638718
23 5 5.866575
24 26 0.04434461
24 32 0.29922408
24 10 0.09173147
24 21 0.68300873
24 12 0.064260595
24 15 2000.0
24 17 0.0827744
25 30 12.859578
25 0 19.05
25 13 0.34993485
25 33 0.6780029
25 11 0.86727554
25 29 2.6556914
25 34 2.651661
25 20 0.8960619
25 2 0.46782514
25 14 2.7999609
25 37 53.31782
25 7 2.28759
25 27 0.24513556
25 16 0.79013276
26 32 28.151367
26 28 0.05522232
26 10 0.029893694
26 24 0.04434461
26 31 0.113162465
26 12 0.79223025
26 17 1.4750882
27 30 0.20465277
27 0 2000.0
27 8 4.9049106
27 18 27.125227
27 13 0.3406558
27 33 0.79823154
27 11 0.69138646
27 29 1.0272985
27 5 1.583915
27 34 1.0341249
27 20 1.7147033
27 2 0.97325104
27 14 7.207497
27 37 0.7755415
27 7 2000.0
27 16 1.3874466
27 25 0.24513556
28 36 0.048846807
28 26 0.05522232
28 10 0.5313872
28 3 7.3401284
28 12 135.70312
28 9 2.5362604
28 19 1463.5227
29 0 20.799728
29 30 1.2718551
29 8 0.7708432
29 18 1.279605
29 13 0.8317359
29 33 89.84111
29 11 1.1134133
29 5 5.4667687
29 34 4.536167
29 20 12.091986
29 2 1.2435776
29 37 1.3998762
29 7 2000.0
29 27 1.0272985
29 16 2000.0
29 23 1.9638718
29 25 2.6556914
30 8 0.44688416
30 18 0.6930023
30 13 77.75685
30 33 11.937078
30 11 0.57261175
30 29 1.2718551
30 5 0.6758712
30 34 1.7261679
30 20 1.848789
30 2 13.532924
30 14 7.584372
30 37 17.841442
30 7 0.7796922
30 27 0.20465277
30 16 1.0819557
30 23 1.0961763
30 25 12.859578
31 26 0.113162465
31 6 0.12088302
31 10 2.927721
31 35 89.0746
31 22 54.545452
31 9 0.031161364
31 4 0.07493404
31 17 0.9832493
31 19 0.09181001
32 26 28.151367
32 24 0.29922408
32 21 533.3334
32 12 9.006727
32 15 0.072816566
33 30 11.937078
33 8 2000.0
33 13 0.87931436
33 11 1.746169
33 29 89.84111
33 34 2000.0
33 20 1.6309588
33 2 1.428295
33 14 0.32149193
33 7 2000.0
33 27 0.79823154
33 16 3017.898
33 25 0.6780029
34 30 1.7261679
34 20 1.1319845
34 8 41.300285
34 37 2000.0
34 7 2000.0
34 13 196.0
34 27 1.0341249
34 16 25.843182
34 11 5.4012113
34 29 4.536167
34 25 2.651661
34 5 2.9046967
35 21 0.033407852
35 31 89.0746
36 28 0.048846807
36 3 0.38753343
36 9 0.3688071
37 30 17.841442
37 0 3.586295
37 8 1.1484828
37 18 2.3647304
37 13 1.2366672
37 11 1.9764853
37 29 1.3998762
37 5 9.833008
37 20 5.3340473
37 2 0.77974254
37 7 145.12584
37 27 0.7755415
37 16 2000.0
37 23 1.7780873
37 25 53.31782
