0 8 25.906994
0 2 1.57047
0 37 1.3932043
0 13 0.78492093
0 11 115.57408
0 25 400.0
0 29 10.990741
1 3 0.29070613
1 12 1202.159
2 30 58.565216
2 0 1.57047
2 8 2.8510613
2 18 8.904255
2 13 0.5614757
2 33 1.5061249
2 11 2.1332948
2 29 1.967195
2 20 2.4496224
2 37 1.082398
2 27 0.95429677
2 23 74.22518
2 25 1.272824
3 36 0.19321233
3 28 0.12849206
3 24 222.72728
3 12 0.06085948
3 1 0.29070613
3 9 0.46020627
4 31 0.08529556
4 9 0.07353986
4 17 0.06942254
4 19 0.081639715
5 34 2.367773
5 30 1.2092923
5 20 1.1177341
5 8 0.69203776
5 18 0.49706507
5 13 2000.0
5 7 5.7131877
5 27 2.6532006
5 16 1.013526
5 23 11.065077
5 11 6.7686214
5 29 3.1982098
6 31 1.3977984
6 17 2.8486514
7 34 11.036126
7 30 1.7918247
7 20 2.0677981
7 8 2000.0
7 37 21.423622
7 27 2000.0
7 16 1.6475346
7 11 80.23927
7 23 1.6415651
7 25 8.595217
7 5 5.7131877
8 0 25.906994
8 30 0.4299942
8 18 0.9680588
8 13 1.9701426
8 11 2.1417434
8 29 0.8529125
8 5 0.69203776
8 34 7.2485547
8 2 2.8510613
8 37 1.2619506
8 7 2000.0
8 27 1.8275026
8 16 2.239909
8 23 1.1908957
9 36 0.8147067
9 26 2000.0
9 28 2.8298073
9 10 8.643251
9 22 0.60036486
9 31 0.030287005
9 12 2000.0
9 3 0.46020627
9 17 0.04561641
9 4 0.07353986
9 19 0.07339486
10 26 0.03513413
10 28 0.23283277
10 24 0.07259838
10 31 0.031677146
10 12 8.214286
10 9 8.643251
10 17 0.030476904
11 0 115.57408
11 30 0.33309683
11 8 2.1417434
11 18 5.275328
11 13 0.784351
11 33 2.204888
11 29 1.0901428
11 5 6.7686214
11 34 1.8637052
11 20 1.0963359
11 2 2.1332948
11 37 1.7954206
11 7 80.23927
11 27 0.65584415
11 16 1.2430252
11 25 2.0472064
12 26 1.8623931
12 28 5.650743
12 32 0.27454245
12 10 8.214286
12 24 0.074029475
12 21 0.079088874
12 3 0.06085948
13 30 5.7180696
13 0 0.78492093
13 8 1.9701426
13 18 460.27167
13 33 0.7594681
13 11 0.784351
13 29 1.1636459
13 34 6.9685116
13 20 0.5855016
13 2 0.5614757
13 14 2.1367924
13 37 1.8438561
13 27 0.965583
13 16 137.29613
13 25 0.6411036
14 20 1.2026101
14 13 2.1367924
14 33 0.50260806
14 27 2.1865945
14 11 2000.0
14 25 2.7009761
15 32 0.09735109
15 21 1.9531766
16 0 2000.0
16 30 1.0847433
16 8 2.239909
16 18 1.4049865
16 13 137.29613
16 11 1.2430252
16 29 44.033054
16 5 1.013526
16 20 10.032528
16 37 78.16757
16 7 1.6475346
16 27 1.9709166
16 23 15.893091
16 25 1.700572
17 26 2.0708492
17 6 2.8486514
17 10 0.030476904
17 24 0.19028729
17 31 1.6315175
17 9 0.04561641
17 4 0.06942254
17 19 4.147145
18 30 0.70473176
18 2 8.904255
18 8 0.9680588
18 37 1.1961799
18 7 2000.0
18 13 460.27167
18 27 16.30217
18 16 1.4049865
18 23 1.2483947
18 11 5.275328
18 29 1.1598328
18 5 0.49706507
19 31 0.06607109
19 9 0.07339486
19 17 4.147145
19 4 0.081639715
20 30 5.501131
20 13 0.5855016
20 33 1.2442926
20 11 1.0963359
20 29 3.5234928
20 5 1.1177341
20 34 0.8365331
20 2 2.4496224
20 14 1.2026101
20 37 6.967272
20 7 2.0677981
20 27 0.5775387
20 16 10.032528
20 25 0.5844417
21 24 0.11565364
21 35 0.04992549
21 12 0.079088874
21 15 1.9531766
22 6 1684.7158
22 31 1677.841
22 9 0.60036486
22 19 1386.4772
23 0 2000.0
23 30 2.5383902
23 2 74.22518
23 8 1.1908957
23 37 2.1921387
23 18 1.2483947
23 7 1.6415651
23 16 15.893091
23 11 2000.0
23 29 5.6640162
23 5 11.065077
24 26 0.096989624
24 32 0.10605755
24 10 0.07259838
24 21 0.11565364
24 31 41.136337
24 12 0.074029475
24 3 222.72728
24 15 2000.0
24 17 0.19028729
25 0 400.0
25 30 12.224432
25 13 0.6411036
25 33 0.5736229
25 11 2.0472064
25 29 15.740107
25 34 2.109634
25 20 0.5844417
25 2 1.272824
25 14 2.7009761
25 37 18.649925
25 7 8.595217
25 27 1.1148137
25 16 1.700572
26 36 62.05682
26 32 70.55796
26 28 0.031892087
26 10 0.03513413
26 24 0.096989624
26 31 0.09691669
26 12 1.8623931
26 17 2.0708492
27 0 2000.0
27 30 0.6252108
27 8 1.8275026
27 18 16.30217
27 13 0.965583
27 33 0.7370131
27 11 0.65584415
27 29 0.3943633
27 5 2.6532006
27 34 1.4771452
27 20 0.5775387
27 2 0.95429677
27 14 2.1865945
27 37 1.1474394
27 7 2000.0
27 16 1.9709166
27 25 1.1148137
28 36 0.03316288
28 26 0.031892087
28 10 0.23283277
28 3 0.12849206
28 12 5.650743
28 9 2.8298073
29 0 10.990741
29 30 5.1983805
29 8 0.8529125
29 18 1.1598328
29 13 1.1636459
29 11 1.0901428
29 5 3.1982098
29 34 6.68709
29 20 3.5234928
29 2 1.967195
29 37 1.3538535
29 7 2000.0
29 27 0.3943633
29 16 44.033054
29 23 5.6640162
29 25 15.740107
30 0 2000.0
30 8 0.4299942
30 18 0.70473176
30 13 5.7180696
30 33 2.6935873
30 11 0.33309683
30 29 5.1983805
30 5 1.2092923
30 34 1.7235347
30 20 5.501131
30 2 58.565216
30 14 2000.0
30 37 7.687157
30 7 1.7918247
30 27 0.6252108
30 16 1.0847433
30 23 2.5383902
30 25 12.224432
31 26 0.09691669
31 6 1.3977984
31 10 0.031677146
31 24 41.136337
31 9 0.030287005
31 17 1.6315175
31 4 0.08529556
31 19 0.06607109
32 26 70.55796
32 24 0.10605755
32 12 0.27454245
32 15 0.09735109
33 34 2000.0
33 30 2.6935873
33 20 1.2442926
33 2 1.5061249
33 14 0.50260806
33 7 2000.0
33 13 0.7594681
33 27 0.7370131
33 16 1622.3296
33 11 2.204888
33 29 1436.875
33 25 0.5736229
34 30 1.7235347
34 20 0.8365331
34 8 7.2485547
34 7 11.036126
34 13 6.9685116
34 27 1.4771452
34 16 5535.0566
34 11 1.8637052
34 25 2.109634
34 29 6.68709
34 5 2.367773
35 21 0.04992549
36 26 62.05682
36 28 0.03316288
36 3 0.19321233
36 9 0.8147067
37 30 7.687157
37 0 1.3932043
37 8 1.2619506
37 18 1.1961799
37 13 1.8438561
37 11 1.7954206
37 29 1.3538535
37 20 6.967272
37 2 1.082398
37 7 21.423622
37 27 1.1474394
37 16 78.16757
37 23 2.1921387
37 25 18.649925
