0 8 20.098663
0 2 0.9948717
0 37 1.0687551
0 13 0.8984737
0 11 27.215399
0 25 900.00006
0 29 34.235832
1 3 0.45004055
1 12 74.31587
2 30 8.9725485
2 0 0.9948717
2 8 1.4767138
2 18 18.30587
2 13 0.28537518
2 33 1.4953411
2 11 0.68949544
2 29 1.6212751
2 20 3.2471302
2 37 1.0429397
2 27 0.87132984
2 23 32.20922
2 25 2.424224
3 36 0.3119464
3 28 0.08198314
3 24 2000.0
3 12 0.06537226
3 1 0.45004055
3 9 0.25463858
4 31 0.08371518
4 9 0.07026154
4 17 0.094911434
4 19 0.08470964
5 30 1.1980284
5 8 0.611392
5 18 0.9298988
5 13 2000.0
5 11 5.9181547
5 29 2.7203424
5 34 2.3200347
5 20 3.1759238
5 37 2000.0
5 7 9.470256
5 27 1.6423416
5 16 2.151823
5 23 8.199763
6 31 1.2602632
6 17 2.5468726
7 34 12.511931
7 30 1.2257427
7 20 1.9149302
7 8 41.10552
7 37 23.089294
7 27 77.03151
7 16 1.584538
7 11 8.840333
7 23 1.6506646
7 25 16.053606
7 5 9.470256
8 0 20.098663
8 30 0.55847687
8 18 0.80268514
8 13 1.5519482
8 11 0.68677825
8 29 0.43559182
8 5 0.611392
8 34 4.8074546
8 2 1.4767138
8 37 1.3482833
8 7 41.10552
8 27 1.001311
8 16 1.2462373
8 23 0.97119415
9 36 1.5372113
9 26 2000.0
9 28 1.2143182
9 10 3.469985
9 22 0.56607133
9 31 0.030299924
9 3 0.25463858
9 17 0.045789868
9 4 0.07026154
9 19 0.07367887
10 26 0.034172036
10 28 0.27788368
10 24 0.07677886
10 31 0.03043143
10 12 5.1732335
10 9 3.469985
10 17 0.031030882
11 0 27.215399
11 30 0.67638606
11 8 0.68677825
11 18 8.44175
11 13 0.6196645
11 33 2.2873502
11 29 1.0487825
11 5 5.9181547
11 34 1.864219
11 20 1.1779592
11 2 0.68949544
11 37 1.4427868
11 7 8.840333
11 27 0.6072139
11 16 1.1042511
11 25 1.1288689
12 26 1.4598595
12 28 6.0638638
12 32 0.2165549
12 10 5.1732335
12 24 0.07830999
12 21 0.06900184
12 3 0.06537226
12 1 74.31587
13 30 2.135456
13 0 0.8984737
13 8 1.5519482
13 18 355.55554
13 33 0.7172381
13 11 0.6196645
13 29 0.69406486
13 34 10.104824
13 20 0.63094
13 2 0.28537518
13 14 2.1079087
13 37 2.1967378
13 27 0.18709415
13 16 133.33334
13 25 0.55272096
14 20 1.130719
14 13 2.1079087
14 33 0.5529479
14 27 1.6817257
14 11 2000.0
14 25 2.3976245
15 32 0.08975701
15 21 2.362584
16 0 2000.0
16 30 2.166239
16 8 1.2462373
16 18 0.7918602
16 13 133.33334
16 11 1.1042511
16 29 353.18372
16 5 2.151823
16 20 31.058514
16 37 31.785175
16 7 1.584538
16 27 2.3143685
16 23 3.1793413
16 25 1.3730507
17 26 3.5294118
17 6 2.5468726
17 10 0.031030882
17 24 0.2002097
17 31 2.7075253
17 9 0.045789868
17 4 0.094911434
17 19 1.1806527
18 30 0.79192024
18 2 18.30587
18 8 0.80268514
18 37 1.4053584
18 7 2000.0
18 13 355.55554
18 27 3.2643712
18 16 0.7918602
18 23 1.3221303
18 11 8.44175
18 29 1.6068182
18 5 0.9298988
19 31 0.068610296
19 9 0.07367887
19 17 1.1806527
19 4 0.08470964
20 30 23.334814
20 13 0.63094
20 33 1.414528
20 11 1.1779592
20 29 3.1863875
20 5 3.1759238
20 34 0.8176219
20 2 3.2471302
20 14 1.130719
20 37 7.879961
20 7 1.9149302
20 27 0.78091884
20 16 31.058514
20 25 0.527965
21 32 2000.0
21 10 2000.0
21 24 0.087187305
21 35 0.040332906
21 12 0.06900184
21 15 2.362584
22 6 1634.659
22 31 1076.3068
22 9 0.56607133
22 19 1056.0795
23 0 2000.0
23 30 1.2219319
23 2 32.20922
23 8 0.97119415
23 37 4.8246183
23 18 1.3221303
23 7 1.6506646
23 16 3.1793413
23 11 2000.0
23 29 3.7766583
23 5 8.199763
24 26 0.09025444
24 32 0.10468555
24 10 0.07677886
24 21 0.087187305
24 31 10.627612
24 12 0.07830999
24 3 2000.0
24 15 2000.0
24 17 0.2002097
25 0 900.00006
25 30 5.5069637
25 13 0.55272096
25 33 1.0876166
25 11 1.1288689
25 29 5.911751
25 34 2.9206262
25 20 0.527965
25 2 2.424224
25 14 2.3976245
25 37 13.015689
25 7 16.053606
25 27 0.6110562
25 16 1.3730507
26 32 28.125002
26 28 0.036586452
26 10 0.034172036
26 24 0.09025444
26 31 0.10841497
26 12 1.4598595
26 17 3.5294118
27 0 2000.0
27 30 0.19765976
27 8 1.001311
27 18 3.2643712
27 13 0.18709415
27 33 0.80161625
27 11 0.6072139
27 29 0.5059865
27 5 1.6423416
27 34 0.761498
27 20 0.78091884
27 2 0.87132984
27 14 1.6817257
27 37 1.0188211
27 7 77.03151
27 16 2.3143685
27 25 0.6110562
28 36 0.09852932
28 26 0.036586452
28 10 0.27788368
28 3 0.08198314
28 12 6.0638638
28 9 1.2143182
29 0 34.235832
29 30 3.734917
29 8 0.43559182
29 18 1.6068182
29 13 0.69406486
29 11 1.0487825
29 5 2.7203424
29 34 12.352141
29 20 3.1863875
29 2 1.6212751
29 37 0.82681817
29 7 2000.0
29 27 0.5059865
29 16 353.18372
29 23 3.7766583
29 25 5.911751
30 0 2000.0
30 8 0.55847687
30 18 0.79192024
30 13 2.135456
30 33 2.2891765
30 11 0.67638606
30 29 3.734917
30 5 1.1980284
30 34 2.5698879
30 20 23.334814
30 2 8.9725485
30 14 2000.0
30 37 6.4606695
30 7 1.2257427
30 27 0.19765976
30 16 2.166239
30 23 1.2219319
30 25 5.5069637
31 26 0.10841497
31 6 1.2602632
31 10 0.03043143
31 24 10.627612
31 9 0.030299924
31 17 2.7075253
31 4 0.08371518
31 19 0.068610296
32 26 28.125002
32 24 0.10468555
32 12 0.2165549
32 15 0.08975701
33 30 2.2891765
33 8 2000.0
33 13 0.7172381
33 11 2.2873502
33 29 3275.3408
33 5 2000.0
33 34 2000.0
33 20 1.414528
33 2 1.4953411
33 14 0.5529479
33 7 2000.0
33 27 0.80161625
33 16 2000.0
33 25 1.0876166
34 30 2.5698879
34 20 0.8176219
34 8 4.8074546
34 7 12.511931
34 13 10.104824
34 27 0.761498
34 16 2536.0227
34 11 1.864219
34 25 2.9206262
34 29 12.352141
34 5 2.3200347
35 21 0.040332906
36 26 2000.0
36 28 0.09852932
36 3 0.3119464
36 9 1.5372113
37 30 6.4606695
37 0 1.0687551
37 8 1.3482833
37 18 1.4053584
37 13 2.1967378
37 11 1.4427868
37 29 0.82681817
37 20 7.879961
37 2 1.0429397
37 7 23.089294
37 27 1.0188211
37 16 31.785175
37 23 4.8246183
37 25 13.015689
