0 2 0.97451335
0 37 1.9445609
0 13 1.8611627
0 29 19.889418
0 25 7.9570045
1 3 1.3398134
1 12 8.006376
2 30 13.735548
2 0 0.97451335
2 8 1.4129936
2 18 1.9181342
2 13 0.60277057
2 33 4.706954
2 11 1.6990994
2 29 1.5642262
2 20 2.0177665
2 37 0.8148939
2 27 1.1149423
2 16 2000.0
2 23 7.5979815
2 25 0.4698499
3 36 0.75332963
3 28 16.74539
3 24 2000.0
3 12 0.07067797
3 1 1.3398134
3 9 0.34678686
4 31 0.07453102
4 9 0.08531111
4 17 0.15252055
4 19 0.07746518
5 30 0.5530407
5 8 0.7288415
5 18 0.5240234
5 13 10.852177
5 11 3.2143164
5 29 2.2808821
5 34 2.9254866
5 20 1.1223638
5 37 11.72795
5 7 6.467392
5 27 1.2291363
5 16 1.2186499
5 23 1.8956405
5 25 2000.0
6 31 0.16647466
6 17 2.9538252
7 30 0.66905564
7 20 112.50001
7 8 12.807512
7 16 1.2344884
7 23 1.2629251
7 25 2.582519
7 5 6.467392
8 0 2000.0
8 30 0.69351894
8 18 1.3263042
8 13 2.8362567
8 11 1.9021518
8 29 0.7079594
8 5 0.7288415
8 34 128.94595
8 2 1.4129936
8 37 0.9690976
8 7 12.807512
8 27 2.578919
8 16 1.7660428
8 23 1.541381
8 25 2000.0
9 36 0.5110826
9 26 2000.0
9 28 3.515217
9 10 42.559948
9 22 0.078725785
9 31 0.040833376
9 3 0.34678686
9 12 2000.0
9 4 0.08531111
9 17 0.046660554
9 19 0.06728945
10 26 0.03437936
10 28 0.2588352
10 24 0.1597841
10 31 14.558322
10 12 103.77273
10 9 42.559948
10 17 0.03356809
11 0 2000.0
11 30 0.72258776
11 8 1.9021518
11 18 8.522756
11 13 0.8294193
11 33 3.0240161
11 29 2.0984075
11 5 3.2143164
11 34 4.1607914
11 20 1.4471617
11 2 1.6990994
11 37 1.6146597
11 7 3403.977
11 27 0.68096185
11 16 1.1317006
11 25 1.448078
12 26 1.3175504
12 32 3.86024
12 10 103.77273
12 24 0.06726239
12 21 0.14255647
12 3 0.07067797
12 1 8.006376
13 30 11.396516
13 0 1.8611627
13 8 2.8362567
13 18 116.63391
13 33 2.7202399
13 11 0.8294193
13 29 1.0780032
13 5 10.852177
13 34 134.10095
13 20 1.1449817
13 2 0.60277057
13 14 4.651282
13 37 0.9469396
13 7 2000.0
13 27 0.77007055
13 16 22.622303
13 25 0.24338967
14 34 2000.0
14 30 4.054249
14 20 2.4148934
14 13 4.651282
14 27 3.1274521
14 33 0.36969587
14 25 2.678689
15 32 0.06828097
15 21 1.311873
16 0 2000.0
16 30 1.9037548
16 8 1.7660428
16 18 1.5930156
16 13 22.622303
16 11 1.1317006
16 5 1.2186499
16 34 314.4348
16 20 36.789433
16 7 1.2344884
16 27 3.1914895
16 23 4.1846213
16 25 2.033771
17 6 2.9538252
17 26 2.2531888
17 10 0.03356809
17 24 0.1265689
17 31 1.3749105
17 9 0.046660554
17 4 0.15252055
17 19 128.57143
18 0 2000.0
18 30 0.6767343
18 8 1.3263042
18 13 116.63391
18 11 8.522756
18 29 1.1852468
18 5 0.5240234
18 2 1.9181342
18 37 2.504416
18 7 2000.0
18 27 21.183132
18 16 1.5930156
18 23 1.3688601
19 31 0.08630925
19 9 0.06728945
19 17 128.57143
19 4 0.07746518
20 30 1.557981
20 13 1.1449817
20 33 3.283839
20 11 1.4471617
20 29 15.793069
20 5 1.1223638
20 34 0.9985222
20 2 2.0177665
20 14 2.4148934
20 37 5.83078
20 7 112.50001
20 27 2.574464
20 16 36.789433
20 25 1.28611
21 10 2000.0
21 24 0.98622763
21 35 0.03308495
21 31 2000.0
21 12 0.14255647
21 15 1.311873
22 31 80.0
22 9 0.078725785
22 19 2000.0
23 0 2000.0
23 30 1.3813859
23 8 1.541381
23 2 7.5979815
23 37 1.9354126
23 18 1.3688601
23 7 1.2629251
23 16 4.1846213
23 11 2000.0
23 29 0.63315225
23 5 1.8956405
24 26 0.04202682
24 32 0.27812502
24 10 0.1597841
24 21 0.98622763
24 12 0.06726239
24 15 2000.0
24 17 0.1265689
25 30 15.010111
25 0 7.9570045
25 13 0.24338967
25 33 0.79784065
25 11 1.448078
25 29 1.9832178
25 34 6.70248
25 20 1.28611
25 2 0.4698499
25 14 2.678689
25 37 26.04893
25 7 2.582519
25 27 0.3056048
25 16 2.033771
26 32 28.795687
26 28 0.05588509
26 10 0.03437936
26 24 0.04202682
26 31 0.101796694
26 12 1.3175504
26 17 2.2531888
27 30 0.2901942
27 0 2000.0
27 8 2.578919
27 18 21.183132
27 13 0.77007055
27 33 1.2441423
27 11 0.68096185
27 29 0.8979765
27 5 1.2291363
27 34 1.002779
27 20 2.574464
27 2 1.1149423
27 14 3.1274521
27 37 1.1567448
27 7 2000.0
27 16 3.1914895
27 25 0.3056048
28 36 0.0351148
28 26 0.05588509
28 10 0.2588352
28 3 16.74539
28 12 1199.7158
28 9 3.515217
28 19 1384.8295
29 0 19.889418
29 30 0.9221771
29 8 0.7079594
29 18 1.1852468
29 13 1.0780032
29 33 38.256096
29 11 2.0984075
29 5 2.2808821
29 34 3.1651073
29 20 15.793069
29 2 1.5642262
29 37 0.7615417
29 7 2000.0
29 27 0.8979765
29 16 2000.0
29 23 0.63315225
29 25 1.9832178
30 8 0.69351894
30 18 0.6767343
30 13 11.396516
30 33 17.2299
30 11 0.72258776
30 29 0.9221771
30 5 0.5530407
30 34 0.9027552
30 20 1.557981
30 2 13.735548
30 14 4.054249
30 37 15.679175
30 7 0.66905564
30 27 0.2901942
30 16 1.9037548
30 23 1.3813859
30 25 15.010111
31 26 0.101796694
31 6 0.16647466
31 10 14.558322
31 22 80.0
31 9 0.040833376
31 4 0.07453102
31 17 1.3749105
31 19 0.08630925
32 26 28.795687
32 10 2000.0
32 24 0.27812502
32 21 2000.0
32 12 3.86024
32 15 0.06828097
33 30 17.2299
33 8 2000.0
33 13 2.7202399
33 11 3.0240161
33 29 38.256096
33 5 2000.0
33 34 2000.0
33 20 3.283839
33 2 4.706954
33 14 0.36969587
33 7 2000.0
33 27 1.2441423
33 16 3017.898
33 25 0.79784065
34 30 0.9027552
34 20 0.9985222
34 8 128.94595
34 37 2000.0
34 13 134.10095
34 7 2000.0
34 27 1.002779
34 16 314.4348
34 11 4.1607914
34 29 3.1651073
34 25 6.70248
34 5 2.9254866
35 21 0.03308495
35 31 1195.966
36 28 0.0351148
36 3 0.75332963
36 9 0.5110826
37 30 15.679175
37 0 1.9445609
37 8 0.9690976
37 18 2.504416
37 13 0.9469396
37 11 1.6146597
37 29 0.7615417
37 5 11.72795
37 20 5.83078
37 2 0.8148939
37 7 2966.932
37 27 1.1567448
37 16 2000.0
37 23 1.9354126
37 25 26.04893
