0 2 1.2722619
0 37 2.7523909
0 13 1.4296956
0 29 22.594854
0 25 12.02692
1 3 1.0604624
1 12 11.448677
2 30 13.968073
2 0 1.2722619
2 8 1.4037652
2 18 6.3066235
2 13 0.5767606
2 33 1.9003515
2 11 1.6673297
2 29 1.3007611
2 20 6.2458024
2 37 0.8733782
2 27 0.958343
2 16 2000.0
2 23 14.130784
2 25 0.88283604
3 36 0.3623106
3 28 18.800156
3 24 126.31579
3 12 0.0523193
3 1 1.0604624
3 9 0.3636107
4 31 0.06659434
4 9 0.07443418
4 17 0.21015616
4 19 0.08290478
5 30 0.71181625
5 8 0.5380351
5 18 1.2706177
5 13 64.68485
5 11 3.1196823
5 29 6.919835
5 34 2.0565178
5 20 2.0733309
5 37 13.021657
5 7 9.592045
5 27 3.817227
5 16 1.8327754
5 23 4.06341
5 25 2000.0
6 31 0.19019517
6 17 1.8024889
7 34 200.0
7 30 0.8483712
7 20 133.33334
7 8 6.7851205
7 16 1.4011374
7 23 1.2195275
7 11 111.71965
7 25 4.4213414
7 5 9.592045
8 0 2000.0
8 30 0.3663765
8 18 1.2790674
8 13 1.8867698
8 11 1.2171675
8 29 0.39226905
8 5 0.5380351
8 34 36.92162
8 2 1.4037652
8 37 0.982717
8 7 6.7851205
8 27 0.8644272
8 16 1.6744139
8 23 0.8751581
8 25 2000.0
9 36 0.27199003
9 26 2000.0
9 28 2.6286097
9 10 11.456382
9 22 0.059832707
9 31 0.030087223
9 3 0.3636107
9 12 2000.0
9 4 0.07443418
9 17 0.03413893
9 19 0.072033904
10 26 0.029715998
10 28 0.24067399
10 24 0.1409993
10 31 32.238815
10 12 96.550224
10 9 11.456382
10 17 0.055520613
11 0 2000.0
11 30 0.8718057
11 8 1.2171675
11 18 8.017787
11 13 1.276936
11 33 1.6629244
11 29 1.2572012
11 5 3.1196823
11 34 2.6746893
11 20 1.2118465
11 2 1.6673297
11 37 1.5067382
11 7 111.71965
11 27 0.8085114
11 16 1.1337658
11 25 0.8166423
12 26 0.8105303
12 28 76.93344
12 32 2.7682714
12 10 96.550224
12 24 0.07202593
12 21 0.29444933
12 3 0.0523193
12 1 11.448677
13 30 73.277695
13 0 1.4296956
13 8 1.8867698
13 18 111.784096
13 33 0.88804775
13 11 1.276936
13 29 1.2015524
13 5 64.68485
13 34 279.53696
13 20 1.0365341
13 2 0.5767606
13 14 4.307484
13 37 1.829935
13 7 2000.0
13 27 0.70036924
13 16 29.833702
13 25 0.34462997
14 30 6.2978196
14 20 2.3154287
14 13 4.307484
14 27 1.9861528
14 33 0.34423316
14 11 2000.0
14 25 2.6910422
15 32 0.0686793
15 21 3.073901
16 30 1.1536764
16 0 2000.0
16 8 1.6744139
16 18 1.305555
16 13 29.833702
16 11 1.1337658
16 5 1.8327754
16 34 54.971077
16 20 38.21303
16 7 1.4011374
16 27 1.233112
16 23 2.4684734
16 25 0.8563189
17 6 1.8024889
17 26 1.4689184
17 10 0.055520613
17 24 0.11385247
17 31 0.96023065
17 9 0.03413893
17 4 0.21015616
17 19 1404.0342
18 30 0.75783354
18 0 2000.0
18 8 1.2790674
18 13 111.784096
18 11 8.017787
18 29 1.6589998
18 5 1.2706177
18 2 6.3066235
18 37 2.7766645
18 7 2000.0
18 27 21.630651
18 16 1.305555
18 23 1.4442182
19 31 0.06794895
19 9 0.072033904
19 4 0.08290478
20 30 1.136128
20 13 1.0365341
20 33 1.0259295
20 11 1.2118465
20 29 17.074842
20 5 2.0733309
20 34 0.861349
20 2 6.2458024
20 14 2.3154287
20 37 2.6795638
20 7 133.33334
20 27 1.1142889
20 16 38.21303
20 25 0.3647855
21 26 2000.0
21 32 2000.0
21 24 1.1514279
21 35 0.031277943
21 31 2000.0
21 12 0.29444933
21 15 3.073901
22 31 257.14285
22 9 0.059832707
22 19 2000.0
23 0 2000.0
23 30 2.011123
23 8 0.8751581
23 2 14.130784
23 37 1.2272902
23 18 1.4442182
23 7 1.2195275
23 16 2.4684734
23 11 2000.0
23 29 1.7633418
23 5 4.06341
24 26 0.041756198
24 32 0.22506176
24 10 0.1409993
24 21 1.1514279
24 12 0.07202593
24 3 126.31579
24 15 2000.0
24 17 0.11385247
25 30 13.913065
25 0 12.02692
25 13 0.34462997
25 33 0.5953552
25 11 0.8166423
25 29 3.6930509
25 34 2.8921056
25 20 0.3647855
25 2 0.88283604
25 14 2.6910422
25 37 76.190475
25 7 4.4213414
25 27 0.28292984
25 16 0.8563189
26 32 14.257402
26 28 0.07992008
26 10 0.029715998
26 24 0.041756198
26 31 0.23339675
26 12 0.8105303
26 17 1.4689184
27 30 0.18238108
27 0 2000.0
27 8 0.8644272
27 18 21.630651
27 13 0.70036924
27 33 0.8066527
27 11 0.8085114
27 29 0.83047074
27 5 3.817227
27 34 1.0117188
27 20 1.1142889
27 2 0.958343
27 14 1.9861528
27 37 1.1203771
27 7 4868.125
27 16 1.233112
27 25 0.28292984
28 36 0.031166166
28 26 0.07992008
28 10 0.24067399
28 3 18.800156
28 12 76.93344
28 9 2.6286097
28 19 1383.8636
29 0 22.594854
29 30 1.0056
29 8 0.39226905
29 18 1.6589998
29 13 1.2015524
29 33 46.800644
29 11 1.2572012
29 5 6.919835
29 34 2.9674494
29 20 17.074842
29 2 1.3007611
29 37 0.8631193
29 7 2000.0
29 27 0.83047074
29 16 2000.0
29 23 1.7633418
29 25 3.6930509
30 8 0.3663765
30 18 0.75783354
30 13 73.277695
30 33 7.3464336
30 11 0.8718057
30 29 1.0056
30 5 0.71181625
30 34 0.8848656
30 20 1.136128
30 2 13.968073
30 14 6.2978196
30 37 14.969237
30 7 0.8483712
30 27 0.18238108
30 16 1.1536764
30 23 2.011123
30 25 13.913065
31 26 0.23339675
31 6 0.19019517
31 10 32.238815
31 35 71.15714
31 22 257.14285
31 9 0.030087223
31 4 0.06659434
31 17 0.96023065
31 19 0.06794895
32 26 14.257402
32 24 0.22506176
32 12 2.7682714
32 15 0.0686793
33 30 7.3464336
33 13 0.88804775
33 11 1.6629244
33 29 46.800644
33 5 2000.0
33 34 2000.0
33 20 1.0259295
33 2 1.9003515
33 14 0.34423316
33 7 2000.0
33 27 0.8066527
33 16 3017.898
33 25 0.5953552
34 30 0.8848656
34 20 0.861349
34 8 36.92162
34 37 2000.0
34 13 279.53696
34 7 200.0
34 27 1.0117188
34 16 54.971077
34 11 2.6746893
34 29 2.9674494
34 25 2.8921056
34 5 2.0565178
35 21 0.031277943
35 31 71.15714
36 28 0.031166166
36 3 0.3623106
36 9 0.27199003
37 30 14.969237
37 0 2.7523909
37 8 0.982717
37 18 2.7766645
37 13 1.829935
37 11 1.5067382
37 29 0.8631193
37 5 13.021657
37 20 2.6795638
37 2 0.8733782
37 7 5006.8184
37 27 1.1203771
37 16 2000.0
37 23 1.2272902
37 25 76.190475
