0 8 6.3321533
0 2 1.3370818
0 37 0.75420856
0 13 0.68179965
0 11 66.66667
0 29 12.710621
1 3 0.22028261
1 12 70.94709
2 30 25.839964
2 0 1.3370818
2 8 1.3763659
2 18 16.466719
2 13 0.35803127
2 33 4.33821
2 11 1.122641
2 29 0.6984238
2 20 3.6095214
2 37 0.80692786
2 27 1.4926575
2 16 2000.0
2 23 88.888885
2 25 1.2966017
3 36 0.3553267
3 28 0.06962635
3 24 480.00003
3 12 0.05884995
3 1 0.22028261
3 9 0.8498203
4 31 0.07986905
4 9 0.051298622
4 17 0.08706012
4 19 0.08568079
5 30 0.6645305
5 8 1.1419215
5 18 0.45024547
5 13 100.0
5 11 3.1469913
5 29 3.02198
5 34 1.124646
5 20 2.8301334
5 37 2000.0
5 7 3.5167134
5 27 2.1343114
5 16 1.7548587
5 23 4.459262
6 31 0.39304304
6 17 0.95213723
7 34 14.44531
7 30 1.397697
7 20 1.6310505
7 8 45.000004
7 37 21.694494
7 27 98.61819
7 16 1.090062
7 11 7.258779
7 23 1.1443697
7 25 6.074131
7 5 3.5167134
8 0 6.3321533
8 30 1.0811739
8 18 0.8757632
8 13 9.469182
8 11 0.5091956
8 29 1.2555875
8 5 1.1419215
8 34 3.2123125
8 2 1.3763659
8 37 1.2524502
8 7 45.000004
8 27 1.306091
8 16 1.5173995
8 23 1.1462045
9 36 1.2479534
9 26 2000.0
9 28 1.211718
9 10 9.636649
9 22 0.37210983
9 31 0.030219477
9 3 0.8498203
9 17 0.039983504
9 4 0.051298622
9 19 0.068831034
10 26 0.031004637
10 28 0.14868882
10 24 0.041147716
10 31 0.03530526
10 12 11.17192
10 9 9.636649
10 17 0.030485312
11 0 66.66667
11 30 0.4739448
11 8 0.5091956
11 18 4.507541
11 13 0.61590236
11 33 2.3927362
11 29 1.1716367
11 5 3.1469913
11 34 2.0007248
11 20 0.7091225
11 2 1.122641
11 37 1.3886503
11 7 7.258779
11 27 0.42735136
11 16 0.93373215
11 25 0.8233195
12 26 1.1227181
12 28 5.570245
12 32 0.20447093
12 10 11.17192
12 24 0.079238564
12 21 0.08320581
12 3 0.05884995
12 1 70.94709
13 30 5.3313737
13 0 0.68179965
13 8 9.469182
13 18 200.0
13 33 0.9523708
13 11 0.61590236
13 29 0.8669418
13 5 100.0
13 34 10.176439
13 20 0.514876
13 2 0.35803127
13 14 5.086424
13 37 1.4813126
13 27 0.4085891
13 16 346.88507
13 25 0.48198956
14 34 2000.0
14 20 1.9627897
14 13 5.086424
14 27 6.411717
14 33 0.43036145
14 11 2000.0
14 25 1.2960705
15 32 0.08694114
15 21 0.82178974
16 0 2000.0
16 30 1.1215492
16 8 1.5173995
16 18 0.9258712
16 13 346.88507
16 11 0.93373215
16 29 14.43937
16 5 1.7548587
16 20 7.535458
16 37 19.409834
16 7 1.090062
16 27 1.6957144
16 23 7.2334404
16 25 1.3185701
17 26 1.765232
17 6 0.95213723
17 10 0.030485312
17 24 0.2762164
17 31 1.2090886
17 9 0.039983504
17 4 0.08706012
17 19 2.4415226
18 30 0.706778
18 2 16.466719
18 8 0.8757632
18 37 1.5665419
18 13 200.0
18 7 2000.0
18 27 4.651857
18 16 0.9258712
18 23 1.4866569
18 11 4.507541
18 29 0.9979133
18 5 0.45024547
19 31 0.08101733
19 9 0.068831034
19 17 2.4415226
19 4 0.08568079
20 30 8.25724
20 13 0.514876
20 33 1.0578107
20 11 0.7091225
20 29 8.681143
20 5 2.8301334
20 34 1.297513
20 2 3.6095214
20 14 1.9627897
20 37 3.6680198
20 7 1.6310505
20 27 0.48126724
20 16 7.535458
20 25 0.3637788
21 32 2000.0
21 24 0.32434028
21 35 0.043345757
21 12 0.08320581
21 15 0.82178974
22 6 1649.5454
22 31 1105.6818
22 9 0.37210983
22 19 1377.7842
23 0 2000.0
23 30 0.9689463
23 2 88.888885
23 8 1.1462045
23 37 1.7157071
23 18 1.4866569
23 7 1.1443697
23 16 7.2334404
23 11 2000.0
23 29 1.7014678
23 5 4.459262
24 26 0.077133834
24 32 0.10748562
24 10 0.041147716
24 21 0.32434028
24 31 4.3500953
24 12 0.079238564
24 3 480.00003
24 15 2000.0
24 17 0.2762164
25 30 1.2011192
25 13 0.48198956
25 33 0.44877306
25 11 0.8233195
25 29 4.7408643
25 34 4.0306096
25 20 0.3637788
25 2 1.2966017
25 14 1.2960705
25 37 134.64813
25 7 6.074131
25 27 0.5016827
25 16 1.3185701
26 32 22.537113
26 28 0.06499267
26 10 0.031004637
26 24 0.077133834
26 31 0.07470903
26 12 1.1227181
26 17 1.765232
27 0 2000.0
27 30 0.15514354
27 8 1.306091
27 18 4.651857
27 13 0.4085891
27 33 1.2647063
27 11 0.42735136
27 29 0.6050017
27 5 2.1343114
27 34 1.044813
27 20 0.48126724
27 2 1.4926575
27 14 6.411717
27 37 0.7491939
27 7 98.61819
27 16 1.6957144
27 25 0.5016827
28 36 0.039046198
28 26 0.06499267
28 10 0.14868882
28 3 0.06962635
28 12 5.570245
28 9 1.211718
29 0 12.710621
29 30 8.157708
29 8 1.2555875
29 18 0.9979133
29 13 0.8669418
29 11 1.1716367
29 5 3.02198
29 34 6.080203
29 20 8.681143
29 2 0.6984238
29 37 0.881462
29 27 0.6050017
29 16 14.43937
29 23 1.7014678
29 25 4.7408643
30 0 2000.0
30 8 1.0811739
30 18 0.706778
30 13 5.3313737
30 33 2.1062846
30 11 0.4739448
30 29 8.157708
30 5 0.6645305
30 34 4.5728297
30 20 8.25724
30 2 25.839964
30 14 2000.0
30 37 7.442847
30 7 1.397697
30 27 0.15514354
30 16 1.1215492
30 23 0.9689463
30 25 1.2011192
31 26 0.07470903
31 6 0.39304304
31 10 0.03530526
31 24 4.3500953
31 9 0.030219477
31 17 1.2090886
31 4 0.07986905
31 19 0.08101733
32 26 22.537113
32 24 0.10748562
32 12 0.20447093
32 15 0.08694114
33 34 2000.0
33 30 2.1062846
33 20 1.0578107
33 2 4.33821
33 14 0.43036145
33 7 2000.0
33 13 0.9523708
33 27 1.2647063
33 16 2000.0
33 11 2.3927362
33 29 1363.2386
33 25 0.44877306
34 30 4.5728297
34 20 1.297513
34 8 3.2123125
34 13 10.176439
34 7 14.44531
34 27 1.044813
34 16 1215.0568
34 11 2.0007248
34 25 4.0306096
34 29 6.080203
34 5 1.124646
35 21 0.043345757
36 26 2000.0
36 28 0.039046198
36 3 0.3553267
36 9 1.2479534
37 30 7.442847
37 0 0.75420856
37 8 1.2524502
37 18 1.5665419
37 13 1.4813126
37 11 1.3886503
37 29 0.881462
37 20 3.6680198
37 2 0.80692786
37 7 21.694494
37 27 0.7491939
37 16 19.409834
37 23 1.7157071
37 25 134.64813
