0 2 0.7541564
0 37 1.8683552
0 13 0.7952441
0 29 11.764705
0 25 10.4522295
1 3 1.3132535
1 12 13.716137
2 30 42.647728
2 0 0.7541564
2 8 1.2324888
2 18 1.3481218
2 13 0.40204352
2 33 1.6922247
2 11 1.4425462
2 29 0.8682517
2 20 1.982668
2 37 0.9481914
2 27 0.5637486
2 16 2000.0
2 23 9.0591755
2 25 0.58666945
3 36 0.54115474
3 28 3.3250735
3 24 2000.0
3 12 0.050207928
3 1 1.3132535
3 9 0.7842684
4 31 0.094799705
4 9 0.08600038
4 17 0.12261204
4 19 0.073570386
5 30 0.6156062
5 8 0.45572102
5 18 1.3208734
5 13 25.908096
5 11 1.9022157
5 29 2.3096592
5 34 2.22778
5 20 2.3274777
5 37 27.860725
5 7 16.09517
5 27 1.1178008
5 16 2.57283
5 23 2.384255
5 25 2000.0
6 31 0.23716696
6 17 1.1320431
7 30 0.73808426
7 20 120.72604
7 8 9.644353
7 37 50.865692
7 27 217.39133
7 16 1.132882
7 23 1.297684
7 11 130.33968
7 25 2.6384263
7 5 16.09517
8 0 2000.0
8 30 0.4847245
8 18 1.6041157
8 13 1.3911105
8 11 0.9852551
8 29 0.32792026
8 5 0.45572102
8 34 34.337387
8 2 1.2324888
8 37 1.510803
8 7 9.644353
8 27 1.5990328
8 16 2.5076807
8 23 0.97519356
8 25 2000.0
9 36 0.44736958
9 28 2.060737
9 10 14.632034
9 22 0.05846961
9 31 0.03017884
9 12 2000.0
9 3 0.7842684
9 4 0.08600038
9 17 0.03546401
9 19 0.07047226
10 26 0.029611016
10 28 0.22140762
10 24 0.12044348
10 31 13.600081
10 12 1287.5568
10 9 14.632034
10 17 0.06083547
11 0 2000.0
11 30 0.8007618
11 8 0.9852551
11 18 4.3263497
11 13 1.1089728
11 33 1.932612
11 29 1.0248141
11 5 1.9022157
11 34 2.1794426
11 20 1.0623343
11 2 1.4425462
11 37 1.7486703
11 7 130.33968
11 27 0.86429304
11 16 1.0732992
11 25 0.97482336
12 26 1.6008663
12 32 3.1770043
12 24 0.06575082
12 21 0.1533506
12 3 0.050207928
12 1 13.716137
13 30 60.914734
13 0 0.7952441
13 8 1.3911105
13 18 334.30447
13 33 1.1833042
13 11 1.1089728
13 29 1.0422801
13 5 25.908096
13 34 1573.1819
13 20 1.036583
13 2 0.40204352
13 14 5.076446
13 37 1.2574998
13 7 2000.0
13 27 0.42286518
13 16 74.91821
13 25 0.26945773
14 30 7.721061
14 20 1.8241607
14 13 5.076446
14 27 2.1621964
14 33 0.40400627
14 11 2000.0
14 25 1.5769622
15 32 0.07064484
15 21 1.3232865
15 12 2000.0
16 30 1.1199919
16 0 2000.0
16 8 2.5076807
16 18 1.3076771
16 13 74.91821
16 11 1.0732992
16 5 2.57283
16 34 204.1966
16 20 29.98987
16 7 1.132882
16 27 1.6242142
16 23 2.3135252
16 25 2.747008
17 6 1.1320431
17 26 1.63277
17 10 0.06083547
17 24 0.071670674
17 31 1.0161326
17 9 0.03546401
17 4 0.12261204
17 19 95.50008
18 0 2000.0
18 30 0.7863264
18 8 1.6041157
18 13 334.30447
18 11 4.3263497
18 29 1.350296
18 5 1.3208734
18 2 1.3481218
18 37 2.0257165
18 7 2000.0
18 27 31.961521
18 16 1.3076771
18 23 1.3754133
19 31 0.09550269
19 9 0.07047226
19 17 95.50008
19 4 0.073570386
20 30 0.93522435
20 13 1.036583
20 33 0.9954378
20 11 1.0623343
20 29 11.245522
20 5 2.3274777
20 34 0.8965646
20 2 1.982668
20 14 1.8241607
20 37 1.4234865
20 7 120.72604
20 27 1.5813292
20 16 29.98987
20 25 0.75601405
21 32 2000.0
21 10 2000.0
21 24 0.5511363
21 35 0.03492874
21 12 0.1533506
21 15 1.3232865
22 31 115.54262
22 9 0.05846961
22 19 2000.0
23 0 2000.0
23 30 1.2906411
23 8 0.97519356
23 2 9.0591755
23 37 1.3988793
23 18 1.3754133
23 7 1.297684
23 16 2.3135252
23 11 2000.0
23 29 1.2577859
23 5 2.384255
24 26 0.043219987
24 32 0.3218708
24 10 0.12044348
24 21 0.5511363
24 12 0.06575082
24 17 0.071670674
25 0 10.4522295
25 30 22.320642
25 13 0.26945773
25 33 0.60146576
25 11 0.97482336
25 29 1.8640674
25 34 2.23926
25 20 0.75601405
25 2 0.58666945
25 14 1.5769622
25 37 33.956646
25 7 2.6384263
25 27 0.24028704
25 16 2.747008
26 32 29.766193
26 28 0.08507017
26 10 0.029611016
26 24 0.043219987
26 31 0.17509578
26 12 1.6008663
26 17 1.63277
27 30 0.6846501
27 0 2000.0
27 8 1.5990328
27 18 31.961521
27 13 0.42286518
27 33 0.9022958
27 11 0.86429304
27 29 0.6299247
27 5 1.1178008
27 34 0.89857477
27 20 1.5813292
27 2 0.5637486
27 14 2.1621964
27 37 1.0118911
27 7 217.39133
27 16 1.6242142
27 25 0.24028704
28 36 0.031530935
28 26 0.08507017
28 10 0.22140762
28 3 3.3250735
28 12 1203.8636
28 9 2.060737
28 19 1545.284
29 0 11.764705
29 30 1.2701222
29 8 0.32792026
29 18 1.350296
29 13 1.0422801
29 33 18.515388
29 11 1.0248141
29 5 2.3096592
29 34 2.4094348
29 20 11.245522
29 2 0.8682517
29 37 0.78376657
29 7 2000.0
29 27 0.6299247
29 16 2000.0
29 23 1.2577859
29 25 1.8640674
30 8 0.4847245
30 18 0.7863264
30 13 60.914734
30 33 15.439474
30 11 0.8007618
30 29 1.2701222
30 5 0.6156062
30 34 0.7963208
30 20 0.93522435
30 2 42.647728
30 14 7.721061
30 37 45.850266
30 7 0.73808426
30 27 0.6846501
30 16 1.1199919
30 23 1.2906411
30 25 22.320642
31 26 0.17509578
31 6 0.23716696
31 10 13.600081
31 35 52.294697
31 22 115.54262
31 9 0.03017884
31 4 0.094799705
31 17 1.0161326
31 19 0.09550269
32 26 29.766193
32 24 0.3218708
32 21 2000.0
32 12 3.1770043
32 15 0.07064484
33 34 2000.0
33 30 15.439474
33 20 0.9954378
33 2 1.6922247
33 14 0.40400627
33 7 2000.0
33 13 1.1833042
33 27 0.9022958
33 16 3017.898
33 11 1.932612
33 29 18.515388
33 25 0.60146576
34 30 0.7963208
34 20 0.8965646
34 8 34.337387
34 37 2000.0
34 7 2000.0
34 27 0.89857477
34 16 204.1966
34 11 2.1794426
34 29 2.4094348
34 25 2.23926
34 5 2.22778
35 21 0.03492874
35 31 52.294697
36 28 0.031530935
36 3 0.54115474
36 9 0.44736958
37 30 45.850266
37 0 1.8683552
37 8 1.510803
37 18 2.0257165
37 13 1.2574998
37 11 1.7486703
37 29 0.78376657
37 5 27.860725
37 20 1.4234865
37 2 0.9481914
37 7 50.865692
37 27 1.0118911
37 16 2000.0
37 23 1.3988793
37 25 33.956646
