0 8 49.55079
0 2 0.88122225
0 37 1.9465477
0 13 0.86195344
0 11 629.457
0 25 600.0
0 29 5.647824
1 3 0.21213344
1 12 1220.3977
2 30 39.145775
2 0 0.88122225
2 8 2.920734
2 18 19.543861
2 13 0.87585497
2 33 3.5769992
2 11 2.029078
2 29 1.5077931
2 20 9.175955
2 37 1.1505466
2 27 3.1013691
2 23 26.666666
2 25 3.1275265
3 36 0.20681818
3 28 0.101671115
3 24 120.00001
3 12 0.067567065
3 1 0.21213344
3 9 0.48496535
4 31 0.07440266
4 9 0.074136965
4 17 0.08319778
4 19 0.0803318
5 30 0.8921119
5 8 0.99251854
5 18 1.4383471
5 13 94.40456
5 11 3.2743878
5 29 3.2294095
5 34 2.97829
5 20 3.8013086
5 37 2000.0
5 7 5.9180727
5 27 2.8816464
5 16 2.659158
5 23 15.591218
6 24 2000.0
6 31 1.0136741
6 17 1.7287247
7 34 17.55694
7 30 1.4991039
7 20 7.8237834
7 8 51.747967
7 37 45.417915
7 27 75.0
7 16 1.9009851
7 11 14.634822
7 23 1.895538
7 25 8.136338
7 5 5.9180727
8 0 49.55079
8 30 0.6569302
8 18 2.1814344
8 13 14.378304
8 11 2.6653645
8 29 0.66233045
8 5 0.99251854
8 34 9.471298
8 2 2.920734
8 37 1.5624833
8 7 51.747967
8 27 1.030616
8 16 2.4006364
8 23 1.3524885
9 36 1.7364132
9 26 2000.0
9 28 9.821167
9 10 5.95757
9 22 0.8506707
9 31 0.03242638
9 3 0.48496535
9 17 0.059270736
9 4 0.074136965
9 19 0.080217555
10 26 0.04611331
10 28 0.9122754
10 24 0.07338347
10 31 0.04532828
10 12 3.7958653
10 9 5.95757
10 17 0.03159883
11 0 629.457
11 30 1.5485348
11 8 2.6653645
11 18 10.825611
11 13 1.7508739
11 33 6.258306
11 29 1.3697569
11 5 3.2743878
11 34 5.3896785
11 20 2.673569
11 2 2.029078
11 37 3.1717544
11 7 14.634822
11 27 0.62845653
11 16 0.7660614
11 25 1.842806
12 26 0.5035757
12 28 4.092106
12 32 0.37863332
12 10 3.7958653
12 24 0.09407941
12 21 0.07720354
12 3 0.067567065
12 1 1220.3977
13 30 2.2040148
13 0 0.86195344
13 8 14.378304
13 18 450.00003
13 33 0.92586637
13 11 1.7508739
13 29 3.4199898
13 5 94.40456
13 34 15.33393
13 20 0.8336748
13 2 0.87585497
13 14 3.1643398
13 37 2.848149
13 27 0.24250609
13 16 244.14091
13 25 0.7622278
14 20 2.0953293
14 13 3.1643398
14 33 0.4490499
14 27 2.1457715
14 11 2000.0
14 25 1.903584
15 32 0.073220946
15 21 13.019543
16 0 2000.0
16 30 1.1600212
16 8 2.4006364
16 18 1.1348741
16 13 244.14091
16 11 0.7660614
16 29 378.01602
16 5 2.659158
16 20 11.580028
16 7 1.9009851
16 27 1.5381215
16 23 13.996421
16 25 1.7155353
17 26 1.9121724
17 6 1.7287247
17 10 0.03159883
17 24 0.2734419
17 31 1.2962767
17 9 0.059270736
17 4 0.08319778
17 19 2.3071249
18 30 0.87869066
18 2 19.543861
18 8 2.1814344
18 37 2.2131164
18 13 450.00003
18 7 2000.0
18 27 3.216707
18 16 1.1348741
18 23 1.8315669
18 11 10.825611
18 29 1.091248
18 5 1.4383471
19 31 0.06982644
19 9 0.080217555
19 17 2.3071249
19 4 0.0803318
20 0 2000.0
20 30 29.952425
20 13 0.8336748
20 33 2.7179666
20 11 2.673569
20 29 8.507859
20 5 3.8013086
20 34 1.0084072
20 2 9.175955
20 14 2.0953293
20 37 5.739413
20 7 7.8237834
20 27 1.6921712
20 16 11.580028
20 25 0.9217773
21 26 2000.0
21 32 2000.0
21 10 2000.0
21 24 0.08732753
21 35 0.036334325
21 12 0.07720354
21 15 13.019543
22 6 1282.6705
22 31 1121.8182
22 9 0.8506707
22 19 1594.4319
23 0 2000.0
23 30 2.9683852
23 2 26.666666
23 8 1.3524885
23 37 6.1179457
23 18 1.8315669
23 7 1.895538
23 16 13.996421
23 11 2000.0
23 29 3.1738799
23 5 15.591218
24 26 0.07807038
24 32 0.087868124
24 10 0.07338347
24 21 0.08732753
24 31 16.25371
24 3 120.00001
24 12 0.09407941
24 15 2000.0
24 17 0.2734419
25 0 600.0
25 30 6.8342967
25 13 0.7622278
25 33 0.76016736
25 11 1.842806
25 29 3.3995662
25 34 7.20322
25 20 0.9217773
25 2 3.1275265
25 14 1.903584
25 37 71.78266
25 7 8.136338
25 27 1.008792
25 16 1.7155353
26 32 81.12042
26 28 0.045350716
26 10 0.04611331
26 24 0.07807038
26 31 0.078160465
26 12 0.5035757
26 17 1.9121724
27 0 2000.0
27 30 0.1729021
27 8 1.030616
27 18 3.216707
27 13 0.24250609
27 33 0.8857174
27 11 0.62845653
27 29 0.95309657
27 5 2.8816464
27 34 2.2293987
27 20 1.6921712
27 2 3.1013691
27 14 2.1457715
27 37 1.9931301
27 7 75.0
27 16 1.5381215
27 25 1.008792
28 36 0.04236667
28 26 0.045350716
28 10 0.9122754
28 3 0.101671115
28 12 4.092106
28 9 9.821167
29 0 5.647824
29 30 4.983889
29 8 0.66233045
29 18 1.091248
29 13 3.4199898
29 11 1.3697569
29 5 3.2294095
29 34 9.772329
29 20 8.507859
29 2 1.5077931
29 37 1.3678539
29 7 2000.0
29 27 0.95309657
29 16 378.01602
29 23 3.1738799
29 25 3.3995662
30 0 2000.0
30 8 0.6569302
30 18 0.87869066
30 13 2.2040148
30 33 1.6717224
30 11 1.5485348
30 29 4.983889
30 5 0.8921119
30 34 3.832993
30 20 29.952425
30 2 39.145775
30 14 2000.0
30 37 4.5140133
30 7 1.4991039
30 27 0.1729021
30 16 1.1600212
30 23 2.9683852
30 25 6.8342967
31 26 0.078160465
31 6 1.0136741
31 10 0.04532828
31 24 16.25371
31 9 0.03242638
31 17 1.2962767
31 4 0.07440266
31 19 0.06982644
32 26 81.12042
32 24 0.087868124
32 12 0.37863332
32 15 0.073220946
33 30 1.6717224
33 13 0.92586637
33 11 6.258306
33 29 2382.1023
33 5 2000.0
33 34 2000.0
33 20 2.7179666
33 2 3.5769992
33 14 0.4490499
33 7 2000.0
33 27 0.8857174
33 16 2000.0
33 25 0.76016736
34 30 3.832993
34 20 1.0084072
34 8 9.471298
34 7 17.55694
34 13 15.33393
34 27 2.2293987
34 16 2536.0227
34 11 5.3896785
34 25 7.20322
34 29 9.772329
34 5 2.97829
35 21 0.036334325
36 26 2000.0
36 28 0.04236667
36 3 0.20681818
36 9 1.7364132
37 30 4.5140133
37 0 1.9465477
37 8 1.5624833
37 18 2.2131164
37 13 2.848149
37 11 3.1717544
37 29 1.3678539
37 20 5.739413
37 2 1.1505466
37 7 45.417915
37 27 1.9931301
37 16 1663.2386
37 23 6.1179457
37 25 71.78266
