0 8 9.56221
0 2 0.60640687
0 37 0.6957649
0 13 1.3288996
0 11 38.575268
0 29 9.947126
1 3 0.27666494
1 12 1208.2954
2 30 10.244714
2 0 0.60640687
2 8 1.1038829
2 18 26.74006
2 13 0.27310953
2 33 1.3642111
2 11 0.5850668
2 29 0.5991162
2 20 1.4652462
2 37 0.4875339
2 27 0.30022427
2 16 2000.0
2 23 15.365625
2 25 1.1683496
3 36 0.27829823
3 28 0.08859734
3 24 266.6667
3 12 0.052354045
3 1 0.27666494
3 9 0.50357085
4 31 0.08105381
4 9 0.0675869
4 17 0.07931698
4 19 0.09753841
5 30 1.2877048
5 8 0.78070796
5 18 0.7816376
5 13 180.00002
5 11 6.042367
5 29 3.973699
5 34 3.5836248
5 20 2.6463494
5 37 2000.0
5 7 14.115986
5 27 3.2160342
5 16 1.723405
5 23 6.764095
6 22 1194.6023
6 31 0.31822243
6 17 1.1284741
7 34 9.342459
7 30 0.8432123
7 20 1.7632973
7 8 120.58655
7 37 13.944846
7 16 0.8882642
7 11 5.5264397
7 23 1.2703072
7 25 13.648368
7 5 14.115986
8 0 9.56221
8 30 0.6474891
8 18 1.082564
8 13 2.3918836
8 11 0.9424807
8 29 0.8687201
8 5 0.78070796
8 34 5.8655124
8 2 1.1038829
8 37 0.84712404
8 7 120.58655
8 27 1.1668317
8 16 1.4348131
8 23 1.023095
9 36 1.980927
9 28 2.1457388
9 10 12.397643
9 22 0.3919809
9 31 0.028862795
9 3 0.50357085
9 12 2000.0
9 17 0.17673045
9 4 0.0675869
9 19 0.07653689
10 26 0.032395676
10 28 0.2861888
10 24 0.08949932
10 31 0.08400433
10 12 7.8041663
10 9 12.397643
10 17 0.031277943
11 0 38.575268
11 30 0.4370849
11 8 0.9424807
11 18 6.268992
11 13 0.5448139
11 33 1.8725156
11 29 0.6922735
11 5 6.042367
11 34 1.9089402
11 20 1.039667
11 2 0.5850668
11 37 1.1875509
11 7 5.5264397
11 27 0.69290245
11 16 0.5471302
11 25 0.8370605
12 26 2.2253413
12 28 1.940909
12 32 0.24093667
12 10 7.8041663
12 24 0.074153736
12 21 0.100229666
12 3 0.052354045
13 0 1.3288996
13 30 2.3441918
13 8 2.3918836
13 18 237.02338
13 33 0.7718389
13 11 0.5448139
13 29 0.6446839
13 5 180.00002
13 34 7.1750307
13 20 0.8744932
13 2 0.27310953
13 14 2.4717343
13 37 1.0905133
13 27 0.44472617
13 16 14.486323
13 25 0.56234574
14 34 2000.0
14 20 1.5682088
14 13 2.4717343
14 27 2.0827868
14 33 0.47097814
14 11 2000.0
14 25 2.29243
15 32 0.08794905
15 21 0.78467876
16 30 1.1011456
16 0 2000.0
16 8 1.4348131
16 18 0.876235
16 13 14.486323
16 33 143.19853
16 11 0.5471302
16 29 12.312566
16 5 1.723405
16 20 4.298722
16 37 10.2328825
16 7 0.8882642
16 27 1.774668
16 23 6.003492
16 25 1.3292732
17 26 1.9700173
17 6 1.1284741
17 10 0.031277943
17 24 0.25758886
17 31 1.2232125
17 9 0.17673045
17 4 0.07931698
17 19 3.5157745
18 30 0.85144377
18 2 26.74006
18 8 1.082564
18 37 1.0633961
18 7 2000.0
18 13 237.02338
18 27 2.9659789
18 16 0.876235
18 23 1.2152061
18 11 6.268992
18 29 0.82959706
18 5 0.7816376
19 31 0.084211454
19 9 0.07653689
19 17 3.5157745
19 4 0.09753841
20 30 9.730508
20 13 0.8744932
20 33 1.4843817
20 11 1.039667
20 29 2.291426
20 5 2.6463494
20 34 0.7951624
20 2 1.4652462
20 14 1.5682088
20 37 2.0783253
20 7 1.7632973
20 27 1.1796874
20 16 4.298722
20 25 0.31483847
21 32 2000.0
21 24 0.5519128
21 35 0.034971382
21 12 0.100229666
21 15 0.78467876
22 6 1194.6023
22 31 1714.3181
22 9 0.3919809
22 19 1288.409
23 0 2000.0
23 30 1.5614294
23 2 15.365625
23 8 1.023095
23 37 1.3917737
23 18 1.2152061
23 7 1.2703072
23 16 6.003492
23 11 2000.0
23 29 3.38689
23 5 6.764095
24 26 0.0757681
24 32 0.10007718
24 10 0.08949932
24 21 0.5519128
24 31 8.855097
24 12 0.074153736
24 3 266.6667
24 15 2000.0
24 17 0.25758886
25 34 1.2616055
25 30 1.3334129
25 20 0.31483847
25 2 1.1683496
25 14 2.29243
25 7 13.648368
25 13 0.56234574
25 33 0.2998041
25 27 0.7703349
25 16 1.3292732
25 11 0.8370605
25 29 6.3991566
26 36 408.24548
26 32 25.405064
26 28 0.07509933
26 10 0.032395676
26 24 0.0757681
26 31 0.06314254
26 12 2.2253413
26 17 1.9700173
27 0 2000.0
27 30 0.22241639
27 8 1.1668317
27 18 2.9659789
27 13 0.44472617
27 33 0.89355373
27 11 0.69290245
27 29 0.45320353
27 5 3.2160342
27 34 1.0071489
27 20 1.1796874
27 2 0.30022427
27 14 2.0827868
27 37 0.5616184
27 7 364.94223
27 16 1.774668
27 23 2000.0
27 25 0.7703349
28 36 0.03302611
28 26 0.07509933
28 10 0.2861888
28 3 0.08859734
28 12 1.940909
28 9 2.1457388
29 0 9.947126
29 30 2.167575
29 8 0.8687201
29 18 0.82959706
29 13 0.6446839
29 11 0.6922735
29 5 3.973699
29 34 5.621012
29 20 2.291426
29 2 0.5991162
29 37 0.7439778
29 7 2000.0
29 27 0.45320353
29 16 12.312566
29 23 3.38689
29 25 6.3991566
30 0 2000.0
30 8 0.6474891
30 18 0.85144377
30 13 2.3441918
30 33 2.3610697
30 11 0.4370849
30 29 2.167575
30 5 1.2877048
30 34 1.376711
30 20 9.730508
30 2 10.244714
30 37 2.4565861
30 7 0.8432123
30 27 0.22241639
30 16 1.1011456
30 23 1.5614294
30 25 1.3334129
31 26 0.06314254
31 6 0.31822243
31 10 0.08400433
31 24 8.855097
31 9 0.028862795
31 17 1.2232125
31 4 0.08105381
31 19 0.084211454
32 26 25.405064
32 24 0.10007718
32 12 0.24093667
32 15 0.08794905
33 34 2000.0
33 30 2.3610697
33 20 1.4843817
33 2 1.3642111
33 14 0.47097814
33 7 2000.0
33 13 0.7718389
33 27 0.89355373
33 16 143.19853
33 11 1.8725156
33 29 622.78406
33 25 0.2998041
34 30 1.376711
34 20 0.7951624
34 8 5.8655124
34 13 7.1750307
34 7 9.342459
34 27 1.0071489
34 16 1215.0568
34 11 1.9089402
34 25 1.2616055
34 29 5.621012
34 5 3.5836248
35 21 0.034971382
36 26 408.24548
36 28 0.03302611
36 3 0.27829823
36 9 1.980927
37 30 2.4565861
37 0 0.6957649
37 8 0.84712404
37 18 1.0633961
37 13 1.0905133
37 11 1.1875509
37 29 0.7439778
37 20 2.0783253
37 2 0.4875339
37 7 13.944846
37 27 0.5616184
37 16 10.2328825
37 23 1.3917737
37 25 1427.2727
