0 2 1.5212682
0 37 1.6486316
0 13 1.1728398
0 29 26.61845
0 25 11.940668
1 3 0.84776646
1 12 17.594263
2 30 18.282476
2 0 1.5212682
2 8 1.1174492
2 18 1.7400566
2 13 0.59999454
2 33 3.309165
2 11 1.7930113
2 29 1.0012072
2 20 1.7507395
2 37 1.4746141
2 27 1.391014
2 16 2000.0
2 23 7.727377
2 25 0.6289286
3 36 0.23067796
3 28 8.086718
3 24 423.52942
3 12 0.06427174
3 1 0.84776646
3 9 1.4331634
4 31 0.06454475
4 9 0.07645331
4 17 0.11762007
4 19 0.075018905
5 30 0.59107566
5 8 0.5928386
5 18 0.5557576
5 13 17.82498
5 11 1.5521013
5 29 2.1201668
5 34 2.5460973
5 20 3.655915
5 37 18.136316
5 7 18.295284
5 27 1.7560433
5 16 2.2413201
5 23 3.2580793
6 31 0.13732721
6 17 3.9293413
7 34 120.00001
7 30 0.87160057
7 20 42.656563
7 8 4.961002
7 16 1.4602247
7 23 1.8241628
7 25 4.086718
7 5 18.295284
8 0 2000.0
8 30 0.40814084
8 18 1.3658336
8 13 0.9898731
8 11 0.8899448
8 29 0.5895224
8 5 0.5928386
8 34 16.646645
8 2 1.1174492
8 37 0.9494675
8 7 4.961002
8 27 3.9363105
8 16 1.6699157
8 23 0.99082565
8 25 2000.0
9 36 0.40704027
9 26 2000.0
9 28 2.338832
9 10 20.130552
9 22 0.10672932
9 31 0.031240985
9 12 2000.0
9 3 1.4331634
9 4 0.07645331
9 17 0.034992944
9 19 0.06426411
10 26 0.029583918
10 28 0.3508431
10 24 0.1543744
10 31 21.50682
10 12 1669.9432
10 9 20.130552
10 17 0.03480553
11 0 2000.0
11 30 0.8047271
11 8 0.8899448
11 18 7.17497
11 13 0.9286878
11 33 2.2189775
11 29 1.1596307
11 5 1.5521013
11 34 2.8130436
11 20 0.9199419
11 2 1.7930113
11 37 1.9042768
11 7 1348.0114
11 27 0.9323479
11 16 1.1704001
11 25 0.9445673
12 26 0.48190907
12 32 8.641669
12 24 0.07839462
12 21 0.093793
12 3 0.06427174
12 1 17.594263
13 30 24.491825
13 0 1.1728398
13 8 0.9898731
13 18 70.403404
13 33 1.0272272
13 11 0.9286878
13 29 0.6438197
13 5 17.82498
13 34 69.53182
13 20 0.9567445
13 2 0.59999454
13 14 10.266023
13 37 1.1791761
13 7 2000.0
13 27 0.51224244
13 16 55.54672
13 25 0.25819674
14 30 9.788884
14 20 4.376333
14 13 10.266023
14 27 4.993395
14 33 0.8510475
14 25 1.9153352
15 32 0.06885997
15 24 92.01999
15 21 5.588904
16 34 51.296543
16 30 1.2200593
16 20 7.1174765
16 8 1.6699157
16 18 0.982998
16 13 55.54672
16 7 1.4602247
16 27 1.4770191
16 11 1.1704001
16 23 3.5773225
16 25 0.84339964
16 5 2.2413201
17 6 3.9293413
17 26 1.6678128
17 10 0.03480553
17 24 0.12585276
17 31 0.9887164
17 9 0.034992944
17 4 0.11762007
17 19 57.142857
18 0 2000.0
18 30 0.7259245
18 8 1.3658336
18 13 70.403404
18 11 7.17497
18 29 1.0801871
18 5 0.5557576
18 2 1.7400566
18 37 2.115538
18 7 2000.0
18 27 13.435311
18 16 0.982998
18 23 1.1278471
19 28 160.0
19 31 0.08431958
19 9 0.06426411
19 17 57.142857
19 4 0.075018905
20 30 1.3625058
20 13 0.9567445
20 33 1.7042855
20 11 0.9199419
20 29 5.3486843
20 5 3.655915
20 34 1.1930422
20 2 1.7507395
20 14 4.376333
20 37 4.0740604
20 7 42.656563
20 27 2.4048243
20 16 7.1174765
20 25 0.3102273
21 26 2000.0
21 32 800.0
21 24 0.95778537
21 35 0.030929253
21 31 2000.0
21 12 0.093793
21 15 5.588904
22 31 133.33334
22 9 0.10672932
22 19 2000.0
23 0 2000.0
23 30 1.7661254
23 8 0.99082565
23 2 7.727377
23 37 1.7175801
23 18 1.1278471
23 7 1.8241628
23 16 3.5773225
23 11 2000.0
23 29 0.9809975
23 5 3.2580793
24 26 0.045976162
24 32 0.25682586
24 10 0.1543744
24 21 0.95778537
24 12 0.07839462
24 3 423.52942
24 15 92.01999
24 17 0.12585276
25 30 28.780338
25 0 11.940668
25 13 0.25819674
25 33 0.7588643
25 11 0.9445673
25 29 1.0553772
25 34 2.74624
25 20 0.3102273
25 2 0.6289286
25 14 1.9153352
25 37 26.24267
25 7 4.086718
25 27 0.255182
25 16 0.84339964
26 32 15.096771
26 28 0.061769735
26 10 0.029583918
26 24 0.045976162
26 31 0.18549466
26 12 0.48190907
26 17 1.6678128
27 30 0.19201702
27 0 2000.0
27 8 3.9363105
27 18 13.435311
27 13 0.51224244
27 33 0.8133616
27 11 0.9323479
27 29 1.021689
27 5 1.7560433
27 34 1.0476425
27 20 2.4048243
27 2 1.391014
27 14 4.993395
27 37 1.7053162
27 7 4729.829
27 16 1.4770191
27 25 0.255182
28 36 0.048483018
28 26 0.061769735
28 10 0.3508431
28 3 8.086718
28 12 1414.0342
28 9 2.338832
28 19 160.0
29 0 26.61845
29 30 0.66577536
29 8 0.5895224
29 18 1.0801871
29 13 0.6438197
29 33 12.402289
29 11 1.1596307
29 5 2.1201668
29 34 2.9718127
29 20 5.3486843
29 2 1.0012072
29 37 1.0927035
29 27 1.021689
29 16 2000.0
29 23 0.9809975
29 25 1.0553772
30 8 0.40814084
30 18 0.7259245
30 13 24.491825
30 33 15.698306
30 11 0.8047271
30 29 0.66577536
30 5 0.59107566
30 34 0.9148326
30 20 1.3625058
30 2 18.282476
30 14 9.788884
30 37 13.280041
30 7 0.87160057
30 27 0.19201702
30 16 1.2200593
30 23 1.7661254
30 25 28.780338
31 26 0.18549466
31 6 0.13732721
31 10 21.50682
31 35 32.20876
31 22 133.33334
31 9 0.031240985
31 4 0.06454475
31 17 0.9887164
31 19 0.08431958
32 26 15.096771
32 24 0.25682586
32 21 800.0
32 12 8.641669
32 15 0.06885997
33 34 2000.0
33 30 15.698306
33 20 1.7042855
33 2 3.309165
33 14 0.8510475
33 13 1.0272272
33 7 2000.0
33 27 0.8133616
33 16 1971.0227
33 11 2.2189775
33 29 12.402289
33 25 0.7588643
34 30 0.9148326
34 20 1.1930422
34 8 16.646645
34 37 2000.0
34 7 120.00001
34 13 69.53182
34 27 1.0476425
34 16 51.296543
34 11 2.8130436
34 29 2.9718127
34 25 2.74624
34 5 2.5460973
35 21 0.030929253
35 31 32.20876
36 28 0.048483018
36 3 0.23067796
36 9 0.40704027
37 30 13.280041
37 0 1.6486316
37 8 0.9494675
37 18 2.115538
37 13 1.1791761
37 11 1.9042768
37 29 1.0927035
37 5 18.136316
37 20 4.0740604
37 2 1.4746141
37 7 3731.7046
37 27 1.7053162
37 16 2000.0
37 23 1.7175801
37 25 26.24267
