0 2 0.90683615
0 37 1.5511769
0 13 0.96107394
0 29 29.107956
0 25 5.890115
1 3 1.215
1 12 7.739237
2 30 17.308704
2 0 0.90683615
2 8 1.307482
2 18 2.51312
2 13 0.48413906
2 33 2.1458466
2 11 1.5522968
2 29 1.1701261
2 20 3.2141361
2 37 0.91078186
2 27 1.4911169
2 16 2000.0
2 23 20.937065
2 25 0.65295345
3 36 0.5725959
3 28 8.817908
3 24 100.0
3 12 0.050705645
3 1 1.215
3 9 0.8935357
4 31 0.069649614
4 9 0.07720895
4 17 0.41111082
4 19 0.06650522
5 30 0.924054
5 8 0.43836403
5 18 0.75352937
5 13 11.845506
5 11 1.4264586
5 29 1.3611544
5 34 2.219444
5 20 3.5877714
5 37 8.26028
5 7 8.330753
5 27 1.3093977
5 16 1.4696969
5 23 2.4761508
5 25 2000.0
6 31 0.28977275
6 17 2.6130683
7 30 1.1805142
7 20 69.723015
7 8 6.8198695
7 37 201.4868
7 16 2.3345985
7 23 1.446719
7 11 267.27054
7 25 2.5875592
7 29 800.0
7 5 8.330753
8 0 2000.0
8 30 0.4785022
8 18 1.3254629
8 13 1.492627
8 11 1.052281
8 29 0.37679365
8 5 0.43836403
8 34 71.12148
8 2 1.307482
8 37 1.0025982
8 7 6.8198695
8 27 1.887029
8 16 1.8625966
8 23 1.0316851
8 25 2000.0
9 36 0.33691722
9 26 2000.0
9 28 1.3787322
9 10 25.18719
9 22 0.061930392
9 31 0.035971403
9 3 0.8935357
9 4 0.07720895
9 17 0.044020567
9 19 0.07030912
10 26 0.030277997
10 28 0.31178457
10 24 0.115587756
10 31 25.267082
10 12 1153.2386
10 9 25.18719
10 17 0.033333335
11 0 2000.0
11 30 0.79698527
11 8 1.052281
11 18 7.1597614
11 13 1.2635614
11 33 1.7178992
11 29 0.98079336
11 5 1.4264586
11 34 3.4386907
11 20 1.1236869
11 2 1.5522968
11 37 1.4854879
11 7 267.27054
11 27 0.8406233
11 16 1.1539308
11 25 0.73676234
12 26 1.5615554
12 32 2.1446059
12 28 145.27896
12 24 0.06980346
12 21 0.2429067
12 3 0.050705645
12 1 7.739237
13 30 89.48234
13 0 0.96107394
13 8 1.492627
13 18 87.51488
13 33 0.98008597
13 11 1.2635614
13 29 1.5205585
13 5 11.845506
13 34 77.42677
13 20 1.2658005
13 2 0.48413906
13 14 5.881018
13 37 1.100965
13 7 2000.0
13 27 0.81664526
13 16 24.268513
13 25 0.27218676
14 30 6.2009287
14 20 1.1444414
14 13 5.881018
14 27 2.9763865
14 33 0.38047612
14 11 2000.0
14 25 2.028401
15 32 0.07760265
15 21 1.2062392
16 30 1.2856557
16 0 2000.0
16 8 1.8625966
16 18 1.7092781
16 13 24.268513
16 11 1.1539308
16 5 1.4696969
16 34 45.487846
16 20 21.275274
16 7 2.3345985
16 27 1.4697511
16 23 2.5745523
16 25 0.6327565
17 6 2.6130683
17 26 1.6374577
17 10 0.033333335
17 24 0.18246041
17 31 1.1657228
17 9 0.044020567
17 4 0.41111082
17 19 1404.0342
18 0 2000.0
18 30 0.68568516
18 8 1.3254629
18 13 87.51488
18 11 7.1597614
18 29 1.6235795
18 5 0.75352937
18 2 2.51312
18 37 1.8581018
18 7 2000.0
18 27 9.802319
18 16 1.7092781
18 23 1.4352145
19 31 0.06596438
19 9 0.07030912
19 4 0.06650522
20 30 0.8782688
20 13 1.2658005
20 33 0.99556035
20 11 1.1236869
20 29 22.51129
20 5 3.5877714
20 34 1.3346976
20 2 3.2141361
20 14 1.1444414
20 37 2.5267003
20 7 69.723015
20 27 1.1852487
20 16 21.275274
20 25 0.3753693
21 26 2000.0
21 32 2000.0
21 10 2000.0
21 24 1.5904329
21 35 0.044488445
21 31 2000.0
21 12 0.2429067
21 15 1.2062392
22 31 82.34091
22 9 0.061930392
22 19 2000.0
23 0 2000.0
23 30 1.9320953
23 8 1.0316851
23 2 20.937065
23 37 2.044299
23 18 1.4352145
23 7 1.446719
23 16 2.5745523
23 11 2000.0
23 29 1.4051491
23 5 2.4761508
24 26 0.04319844
24 32 0.26942363
24 10 0.115587756
24 21 1.5904329
24 3 100.0
24 12 0.06980346
24 15 2000.0
24 17 0.18246041
25 30 19.564672
25 0 5.890115
25 13 0.27218676
25 33 0.5560584
25 11 0.73676234
25 29 2.1842334
25 34 2.26238
25 20 0.3753693
25 2 0.65295345
25 14 2.028401
25 37 68.8845
25 7 2.5875592
25 27 0.2796329
25 16 0.6327565
26 32 46.05838
26 28 0.07734605
26 10 0.030277997
26 24 0.04319844
26 31 0.18943137
26 12 1.5615554
26 17 1.6374577
27 30 0.22815362
27 0 2000.0
27 8 1.887029
27 18 9.802319
27 13 0.81664526
27 33 0.8782071
27 11 0.8406233
27 29 1.1521571
27 5 1.3093977
27 34 1.8896617
27 20 1.1852487
27 2 1.4911169
27 14 2.9763865
27 37 0.9809485
27 7 4868.125
27 16 1.4697511
27 25 0.2796329
28 36 0.030440249
28 26 0.07734605
28 10 0.31178457
28 3 8.817908
28 12 145.27896
28 9 1.3787322
28 19 1383.8636
29 0 29.107956
29 30 0.921888
29 8 0.37679365
29 18 1.6235795
29 13 1.5205585
29 33 22.148695
29 11 0.98079336
29 5 1.3611544
29 34 1.5029007
29 20 22.51129
29 2 1.1701261
29 37 0.7120084
29 7 800.0
29 27 1.1521571
29 16 2000.0
29 23 1.4051491
29 25 2.1842334
30 8 0.4785022
30 18 0.68568516
30 13 89.48234
30 33 8.908996
30 11 0.79698527
30 29 0.921888
30 5 0.924054
30 34 1.0818316
30 20 0.8782688
30 2 17.308704
30 14 6.2009287
30 37 26.597864
30 7 1.1805142
30 27 0.22815362
30 16 1.2856557
30 23 1.9320953
30 25 19.564672
31 26 0.18943137
31 6 0.28977275
31 10 25.267082
31 35 129.18695
31 22 82.34091
31 9 0.035971403
31 4 0.069649614
31 17 1.1657228
31 19 0.06596438
32 26 46.05838
32 24 0.26942363
32 12 2.1446059
32 15 0.07760265
33 30 8.908996
33 8 2000.0
33 13 0.98008597
33 11 1.7178992
33 29 22.148695
33 5 2000.0
33 34 2000.0
33 20 0.99556035
33 2 2.1458466
33 14 0.38047612
33 7 2000.0
33 27 0.8782071
33 16 3017.898
33 25 0.5560584
34 30 1.0818316
34 20 1.3346976
34 8 71.12148
34 37 2000.0
34 7 2000.0
34 13 77.42677
34 27 1.8896617
34 16 45.487846
34 11 3.4386907
34 29 1.5029007
34 25 2.26238
34 5 2.219444
35 21 0.044488445
35 31 129.18695
36 28 0.030440249
36 3 0.5725959
36 9 0.33691722
37 30 26.597864
37 0 1.5511769
37 8 1.0025982
37 18 1.8581018
37 13 1.100965
37 11 1.4854879
37 29 0.7120084
37 5 8.26028
37 20 2.5267003
37 2 0.91078186
37 7 201.4868
37 27 0.9809485
37 16 2000.0
37 23 2.044299
37 25 68.8845
