0 8 9.726805
0 2 1.4622611
0 37 0.84332836
0 13 0.8593765
0 11 23.886238
0 25 2000.0
0 29 12.496199
1 3 0.28181818
1 12 13.960557
2 30 21.883024
2 0 1.4622611
2 8 1.3464369
2 18 12.526183
2 13 0.6835242
2 33 1.3408661
2 11 1.2841843
2 29 1.2230759
2 20 1.4024442
2 37 0.90629643
2 27 3.0079532
2 16 2000.0
2 23 25.314436
2 25 1.2258073
3 36 0.2939773
3 28 0.16456981
3 24 60.611633
3 12 0.061226174
3 1 0.28181818
3 9 0.33561283
4 31 0.08152943
4 9 0.09504351
4 17 0.07904041
4 19 0.085692994
5 34 6.2633996
5 30 0.44224057
5 20 2.096104
5 8 0.39540562
5 37 2000.0
5 18 0.42832646
5 7 3.7714465
5 27 2.9168305
5 16 1.162008
5 23 6.480052
5 11 2.710939
5 29 2.7026222
6 31 1.0411386
6 17 1.2111096
7 34 9.812036
7 30 0.9757523
7 20 3.0758798
7 8 18.427628
7 37 32.654835
7 16 1.4824545
7 11 15.953739
7 23 1.2940191
7 25 5.6331816
7 5 3.7714465
8 0 9.726805
8 30 0.7415781
8 18 0.81244224
8 13 1.9125463
8 11 0.5811308
8 29 0.7699158
8 5 0.39540562
8 34 9.381645
8 2 1.3464369
8 37 1.2698684
8 7 18.427628
8 27 2.3444831
8 16 1.3646399
8 23 0.77714545
9 36 1.225197
9 26 2000.0
9 28 2.3206666
9 10 5.3003397
9 22 0.19666776
9 31 0.032196973
9 3 0.33561283
9 17 0.060371578
9 4 0.09504351
9 19 0.06729844
10 26 0.032618422
10 28 0.31566703
10 24 0.056455508
10 31 0.05476901
10 12 6.3243785
10 9 5.3003397
10 17 0.029609606
11 0 23.886238
11 30 0.48370266
11 8 0.5811308
11 18 8.002817
11 13 0.5431513
11 33 2.8552976
11 29 0.9573692
11 5 2.710939
11 34 2.3862712
11 20 1.0823698
11 2 1.2841843
11 37 1.6244318
11 7 15.953739
11 27 0.4609604
11 16 0.78919053
11 25 1.1613662
12 26 1.2764753
12 28 3.8116927
12 32 0.47953144
12 10 6.3243785
12 24 0.08507734
12 21 0.08307459
12 3 0.061226174
12 1 13.960557
13 30 3.1133165
13 0 0.8593765
13 8 1.9125463
13 18 360.00003
13 33 0.89128715
13 11 0.5431513
13 29 0.81004786
13 34 10.603425
13 20 0.70725876
13 2 0.6835242
13 14 2.8478591
13 37 2.1456456
13 27 0.77872086
13 16 3713.6365
13 25 0.4882576
14 20 1.200159
14 13 2.8478591
14 33 0.7373746
14 27 2.618572
14 11 2000.0
14 25 6.4400826
15 32 0.09331797
15 21 7.1568217
16 0 2000.0
16 30 1.1207292
16 8 1.3646399
16 18 1.009313
16 11 0.78919053
16 29 19.348389
16 5 1.162008
16 20 11.702929
16 37 19.147705
16 7 1.4824545
16 27 1.6514709
16 23 7.677325
16 25 1.3257875
17 26 1.7652978
17 6 1.2111096
17 10 0.029609606
17 24 0.13815023
17 31 1.163509
17 9 0.060371578
17 4 0.07904041
17 19 4.05872
18 30 1.3920265
18 2 12.526183
18 8 0.81244224
18 37 1.4475764
18 7 2000.0
18 13 360.00003
18 27 4.3876266
18 16 1.009313
18 23 1.3691858
18 11 8.002817
18 29 0.8768333
18 5 0.42832646
19 31 0.08270511
19 9 0.06729844
19 17 4.05872
19 4 0.085692994
20 0 2000.0
20 30 5.3797536
20 13 0.70725876
20 33 1.4608362
20 11 1.0823698
20 29 3.5530486
20 5 2.096104
20 34 1.1153452
20 2 1.4024442
20 14 1.200159
20 37 1.5373685
20 7 3.0758798
20 27 0.43579406
20 16 11.702929
20 25 0.7231359
21 32 2000.0
21 10 2000.0
21 24 0.12120242
21 35 0.050261613
21 12 0.08307459
21 15 7.1568217
22 6 701.3068
22 31 1242.7462
22 9 0.19666776
22 19 1386.4772
23 0 2000.0
23 30 2.1544533
23 2 25.314436
23 8 0.77714545
23 37 2.3846264
23 18 1.3691858
23 7 1.2940191
23 16 7.677325
23 11 2000.0
23 29 3.3670938
23 5 6.480052
24 26 0.05621749
24 28 2000.0
24 32 0.088386305
24 10 0.056455508
24 21 0.12120242
24 31 11.525252
24 3 60.611633
24 12 0.08507734
24 15 2000.0
24 17 0.13815023
25 0 2000.0
25 30 1.3473322
25 13 0.4882576
25 33 0.810482
25 11 1.1613662
25 29 2.0883536
25 34 6.37642
25 20 0.7231359
25 2 1.2258073
25 14 6.4400826
25 37 7.138951
25 7 5.6331816
25 27 0.36342412
25 16 1.3257875
26 36 36.131763
26 32 12.100568
26 28 0.030536147
26 10 0.032618422
26 24 0.05621749
26 31 0.054094195
26 12 1.2764753
26 17 1.7652978
27 0 2000.0
27 30 0.28928527
27 8 2.3444831
27 18 4.3876266
27 13 0.77872086
27 33 0.7860932
27 11 0.4609604
27 29 0.49854854
27 5 2.9168305
27 34 1.4814377
27 20 0.43579406
27 2 3.0079532
27 14 2.618572
27 37 1.368209
27 7 1713.9772
27 16 1.6514709
27 25 0.36342412
28 36 0.039865874
28 26 0.030536147
28 10 0.31566703
28 3 0.16456981
28 12 3.8116927
28 9 2.3206666
29 0 12.496199
29 30 3.9773252
29 8 0.7699158
29 18 0.8768333
29 13 0.81004786
29 11 0.9573692
29 5 2.7026222
29 34 2.8607275
29 20 3.5530486
29 2 1.2230759
29 37 0.9754885
29 7 2000.0
29 27 0.49854854
29 16 19.348389
29 23 3.3670938
29 25 2.0883536
30 0 2000.0
30 8 0.7415781
30 18 1.3920265
30 13 3.1133165
30 33 2.4087768
30 11 0.48370266
30 29 3.9773252
30 5 0.44224057
30 34 7.9271464
30 20 5.3797536
30 2 21.883024
30 37 5.0801334
30 7 0.9757523
30 27 0.28928527
30 16 1.1207292
30 23 2.1544533
30 25 1.3473322
31 26 0.054094195
31 6 1.0411386
31 10 0.05476901
31 24 11.525252
31 22 1242.7462
31 9 0.032196973
31 17 1.163509
31 4 0.08152943
31 19 0.08270511
32 26 12.100568
32 24 0.088386305
32 12 0.47953144
32 15 0.09331797
33 30 2.4087768
33 8 2000.0
33 13 0.89128715
33 11 2.8552976
33 29 2000.0
33 34 2000.0
33 20 1.4608362
33 2 1.3408661
33 14 0.7373746
33 7 2000.0
33 27 0.7860932
33 16 2000.0
33 25 0.810482
34 30 7.9271464
34 20 1.1153452
34 8 9.381645
34 7 9.812036
34 13 10.603425
34 27 1.4814377
34 16 5535.0566
34 11 2.3862712
34 25 6.37642
34 29 2.8607275
34 5 6.2633996
35 21 0.050261613
36 26 36.131763
36 28 0.039865874
36 3 0.2939773
36 9 1.225197
37 30 5.0801334
37 0 0.84332836
37 8 1.2698684
37 18 1.4475764
37 13 2.1456456
37 11 1.6244318
37 29 0.9754885
37 20 1.5373685
37 2 0.90629643
37 7 32.654835
37 27 1.368209
37 16 19.147705
37 23 2.3846264
37 25 7.138951
