0 2 0.9092461
0 37 1.4747895
0 13 1.1681197
0 29 44.57981
0 25 12.098764
1 3 0.92647725
1 12 22.55123
2 30 14.495102
2 0 0.9092461
2 8 1.321618
2 18 2.64865
2 13 0.41697523
2 33 2.987109
2 11 1.7033238
2 29 0.9363479
2 20 5.59236
2 37 0.8980808
2 27 0.8976559
2 16 2000.0
2 23 12.343253
2 25 0.69361985
3 36 0.9964406
3 28 6.536991
3 24 423.52942
3 12 0.08207899
3 1 0.92647725
3 9 0.5918446
4 31 0.0689056
4 9 0.087066635
4 17 0.14334044
4 19 0.073413186
5 30 1.5842686
5 8 0.8454881
5 18 0.7305006
5 13 31.12247
5 11 6.8589416
5 29 1.199246
5 34 3.8460076
5 20 2.7563796
5 37 12.208352
5 7 8.178473
5 27 1.0861242
5 16 1.3600446
5 23 2.0737348
5 25 2000.0
6 31 0.10896052
6 17 3.8295612
7 30 0.6774197
7 20 90.69981
7 8 5.927434
7 16 1.2223227
7 23 1.244819
7 25 3.3013413
7 5 8.178473
8 0 2000.0
8 30 0.51873887
8 18 1.2247939
8 13 0.7537397
8 11 0.7751179
8 29 0.5831137
8 5 0.8454881
8 34 22.716856
8 2 1.321618
8 37 1.3838129
8 7 5.927434
8 27 2.7435105
8 16 1.458954
8 23 1.4122912
8 25 2000.0
9 36 0.6373864
9 28 1.1178213
9 10 18.502995
9 22 0.063230515
9 31 0.041449327
9 12 2000.0
9 3 0.5918446
9 4 0.087066635
9 17 0.03890374
9 19 0.081147544
10 26 0.03348697
10 28 0.25901255
10 24 0.15759821
10 31 24.752422
10 12 60.74501
10 9 18.502995
10 17 0.036084652
11 0 2000.0
11 30 0.73245776
11 8 0.7751179
11 18 7.3383665
11 13 1.0438709
11 33 3.1158512
11 29 0.90984213
11 5 6.8589416
11 34 2.6404474
11 20 3.1091168
11 2 1.7033238
11 37 2.2178125
11 7 1668.0681
11 27 1.0231652
11 16 1.7733938
11 25 1.1423522
12 26 0.6187361
12 32 10.431409
12 10 60.74501
12 24 0.0787372
12 21 0.18799564
12 3 0.08207899
12 1 22.55123
13 30 33.26155
13 0 1.1681197
13 8 0.7537397
13 18 285.812
13 33 0.92987615
13 11 1.0438709
13 29 0.7022608
13 5 31.12247
13 34 2000.0
13 20 1.928788
13 2 0.41697523
13 14 6.5475273
13 37 1.617775
13 7 2000.0
13 27 0.62303007
13 16 63.771477
13 25 0.333888
14 30 3.9862287
14 20 3.0614877
14 13 6.5475273
14 27 1.6074376
14 33 0.4388483
14 11 2000.0
14 25 3.1306777
15 32 0.08688585
15 21 1.6274253
16 0 2000.0
16 30 1.0891858
16 8 1.458954
16 18 0.960312
16 13 63.771477
16 11 1.7733938
16 5 1.3600446
16 34 55.063354
16 20 110.460915
16 7 1.2223227
16 27 1.3813695
16 23 2.9008088
16 25 1.1767061
17 6 3.8295612
17 26 1.3972594
17 10 0.036084652
17 24 0.17157546
17 31 1.002092
17 9 0.03890374
17 4 0.14334044
17 19 1477.841
18 0 2000.0
18 30 0.68114924
18 8 1.2247939
18 13 285.812
18 11 7.3383665
18 29 1.2858056
18 5 0.7305006
18 2 2.64865
18 37 2.1052227
18 7 2000.0
18 27 29.139708
18 16 0.960312
18 23 1.3322483
19 31 0.09155494
19 9 0.081147544
19 4 0.073413186
20 30 3.2426844
20 13 1.928788
20 33 3.9105372
20 11 3.1091168
20 29 13.606945
20 5 2.7563796
20 34 1.7678926
20 2 5.59236
20 14 3.0614877
20 37 3.2748888
20 7 90.69981
20 27 4.451786
20 16 110.460915
20 25 1.7784002
21 26 2000.0
21 24 1.4107314
21 35 0.04084971
21 31 2000.0
21 12 0.18799564
21 15 1.6274253
22 31 57.142857
22 9 0.063230515
22 19 2000.0
23 0 2000.0
23 30 1.5122805
23 8 1.4122912
23 2 12.343253
23 37 1.8110607
23 18 1.3322483
23 7 1.244819
23 16 2.9008088
23 11 2000.0
23 29 0.68627846
23 5 2.0737348
24 26 0.046452984
24 32 0.1865349
24 10 0.15759821
24 21 1.4107314
24 3 423.52942
24 12 0.0787372
24 15 2000.0
24 17 0.17157546
25 30 31.106909
25 0 12.098764
25 13 0.333888
25 33 0.9206966
25 11 1.1423522
25 29 1.7172323
25 34 2.1329222
25 20 1.7784002
25 2 0.69361985
25 14 3.1306777
25 37 150.55028
25 7 3.3013413
25 27 0.42819405
25 16 1.1767061
26 32 27.743841
26 28 0.055843834
26 10 0.03348697
26 24 0.046452984
26 31 0.18475571
26 12 0.6187361
26 17 1.3972594
27 30 0.36494577
27 0 2000.0
27 8 2.7435105
27 18 29.139708
27 13 0.62303007
27 33 0.93185186
27 11 1.0231652
27 29 0.6830987
27 5 1.0861242
27 34 0.9165345
27 20 4.451786
27 2 0.8976559
27 14 1.6074376
27 37 1.2883033
27 7 1959.6213
27 16 1.3813695
27 25 0.42819405
28 36 0.030711854
28 26 0.055843834
28 10 0.25901255
28 3 6.536991
28 12 1199.7158
28 9 1.1178213
28 19 1384.8295
29 0 44.57981
29 30 1.0070734
29 8 0.5831137
29 18 1.2858056
29 13 0.7022608
29 33 15.426378
29 11 0.90984213
29 5 1.199246
29 34 3.3586495
29 20 13.606945
29 2 0.9363479
29 37 1.3391962
29 27 0.6830987
29 16 2000.0
29 23 0.68627846
29 25 1.7172323
30 8 0.51873887
30 18 0.68114924
30 13 33.26155
30 33 11.333764
30 11 0.73245776
30 29 1.0070734
30 5 1.5842686
30 34 0.8159042
30 20 3.2426844
30 2 14.495102
30 14 3.9862287
30 37 16.169096
30 7 0.6774197
30 27 0.36494577
30 16 1.0891858
30 23 1.5122805
30 25 31.106909
31 26 0.18475571
31 6 0.10896052
31 10 24.752422
31 22 57.142857
31 9 0.041449327
31 4 0.0689056
31 17 1.002092
31 19 0.09155494
32 26 27.743841
32 24 0.1865349
32 21 2000.0
32 12 10.431409
32 15 0.08688585
33 30 11.333764
33 8 2000.0
33 13 0.92987615
33 11 3.1158512
33 29 15.426378
33 5 2000.0
33 34 2000.0
33 20 3.9105372
33 2 2.987109
33 14 0.4388483
33 7 2000.0
33 27 0.93185186
33 16 3017.898
33 25 0.9206966
34 30 0.8159042
34 20 1.7678926
34 8 22.716856
34 37 2000.0
34 7 2140.2273
34 13 2000.0
34 27 0.9165345
34 16 55.063354
34 11 2.6404474
34 29 3.3586495
34 25 2.1329222
34 5 3.8460076
35 21 0.04084971
35 31 1197.0454
36 28 0.030711854
36 3 0.9964406
36 9 0.6373864
37 30 16.169096
37 0 1.4747895
37 8 1.3838129
37 18 2.1052227
37 13 1.617775
37 11 2.2178125
37 29 1.3391962
37 5 12.208352
37 20 3.2748888
37 2 0.8980808
37 7 2966.932
37 27 1.2883033
37 16 2000.0
37 23 1.8110607
37 25 150.55028
