0 2 0.8366528
0 37 2.7796295
0 13 0.9589039
0 29 16.681274
0 25 41.745712
1 3 0.35375905
1 12 17.198732
2 30 10.891951
2 0 0.8366528
2 8 1.3807781
2 18 1.3257843
2 13 0.6555518
2 33 1.9092379
2 11 2.0713856
2 29 1.5202471
2 20 3.3491495
2 37 0.7396808
2 27 692.89777
2 16 2000.0
2 23 15.82436
2 25 0.58760047
3 36 0.52364373
3 28 48.287617
3 24 2000.0
3 12 0.073707394
3 1 0.35375905
3 9 0.9185784
4 31 0.0651665
4 9 0.07663003
4 17 0.12693915
4 19 0.06606843
5 30 0.69967455
5 8 0.6896929
5 18 0.8694398
5 13 58.88285
5 11 1.3763124
5 29 5.2458324
5 34 2.0907373
5 20 2.9315476
5 37 9.313212
5 7 8.937828
5 27 779.5454
5 16 1.8333144
5 23 2.3191917
5 25 2000.0
6 31 0.106875
6 17 5.205784
7 30 1.2040551
7 20 28.578302
7 8 15.616995
7 37 88.888885
7 16 1.4555914
7 23 1.2246633
7 11 151.35414
7 25 1.8144748
7 5 8.937828
8 0 2000.0
8 30 0.5209861
8 18 0.9420214
8 13 1.8862611
8 11 1.2061234
8 29 1.6161402
8 5 0.6896929
8 34 12.029933
8 2 1.3807781
8 37 0.9286995
8 7 15.616995
8 27 1067.7273
8 16 1.7189603
8 23 0.8364125
8 25 2000.0
9 36 0.74509573
9 26 2000.0
9 28 0.95550954
9 10 9.375
9 22 0.05597452
9 31 0.029574905
9 3 0.9185784
9 12 2000.0
9 4 0.07663003
9 17 0.047978763
9 19 0.084303975
10 26 35.795452
10 28 0.5397361
10 24 0.070383005
10 31 5.5791893
10 12 1591.3068
10 9 9.375
10 17 0.030063516
11 0 2000.0
11 30 0.6666667
11 8 1.2061234
11 18 3.2202992
11 13 2.5930917
11 33 1.9373412
11 29 0.7623335
11 5 1.3763124
11 34 1.6923571
11 20 0.919053
11 2 2.0713856
11 37 1.1406592
11 7 151.35414
11 27 692.89777
11 16 0.91113466
11 25 0.5499918
12 26 2000.0
12 32 2.905989
12 24 0.08178703
12 21 0.15809864
12 3 0.073707394
12 1 17.198732
13 30 47.057755
13 0 0.9589039
13 8 1.8862611
13 18 15.894319
13 33 2.6107707
13 11 2.5930917
13 29 1.128449
13 5 58.88285
13 34 2257.159
13 20 0.8785178
13 2 0.6555518
13 14 5.116839
13 37 0.974497
13 7 2000.0
13 27 150.96591
13 16 1683.1818
13 25 0.2776884
14 30 11.133787
14 20 2.6726577
14 13 5.116839
14 27 5234.1475
14 33 0.39328268
14 11 2000.0
14 25 2.0621996
15 32 0.081352234
15 21 12.711649
16 34 32.225296
16 30 1.0504506
16 20 94.804085
16 8 1.7189603
16 18 1.8732579
16 7 1.4555914
16 27 1119.8296
16 11 0.91113466
16 23 2.6430447
16 25 1.1635686
16 5 1.8333144
17 6 5.205784
17 26 1034.8864
17 10 0.030063516
17 24 0.061334766
17 31 0.9362344
17 9 0.047978763
17 4 0.12693915
17 19 66.66667
18 0 2000.0
18 30 0.4022855
18 8 0.9420214
18 2 1.3257843
18 37 2.693894
18 13 15.894319
18 7 2000.0
18 16 1.8732579
18 11 3.2202992
18 23 0.9232154
18 29 0.9117583
18 5 0.8694398
19 28 145.94647
19 31 0.07058185
19 9 0.084303975
19 17 66.66667
19 4 0.06606843
20 30 1.6525906
20 13 0.8785178
20 33 1.0648117
20 11 0.919053
20 29 11.589159
20 5 2.9315476
20 34 0.95853734
20 2 3.3491495
20 14 2.6726577
20 37 3.2553306
20 7 28.578302
20 27 957.6705
20 16 94.804085
20 25 0.3384484
21 32 2000.0
21 24 0.98947006
21 35 0.03493402
21 12 0.15809864
21 15 12.711649
22 31 180.00002
22 9 0.05597452
22 19 2000.0
23 0 2000.0
23 30 2.594092
23 8 0.8364125
23 2 15.82436
23 37 1.0510292
23 18 0.9232154
23 7 1.2246633
23 16 2.6430447
23 11 2000.0
23 29 1.3058567
23 5 2.3191917
24 6 2000.0
24 26 37.045452
24 32 0.2725291
24 10 0.070383005
24 21 0.98947006
24 12 0.08178703
24 15 2000.0
24 17 0.061334766
25 30 10.480631
25 0 41.745712
25 13 0.2776884
25 33 0.61567795
25 11 0.5499918
25 29 2.0488217
25 34 2.6201599
25 20 0.3384484
25 2 0.58760047
25 14 2.0621996
25 37 50.160362
25 7 1.8144748
25 27 229.14774
25 16 1.1635686
28 36 0.029802054
28 26 51.81818
28 10 0.5397361
28 3 48.287617
28 12 1274.3182
28 9 0.95550954
28 19 145.94647
29 0 16.681274
29 30 1.3006315
29 8 1.6161402
29 18 0.9117583
29 13 1.128449
29 33 7.0953927
29 11 0.7623335
29 5 5.2458324
29 34 1.8538682
29 20 11.589159
29 2 1.5202471
29 37 0.928473
29 7 2000.0
29 27 1898.9204
29 16 2000.0
29 23 1.3058567
29 25 2.0488217
30 8 0.5209861
30 18 0.4022855
30 13 47.057755
30 33 20.864872
30 11 0.6666667
30 29 1.3006315
30 5 0.69967455
30 34 0.75854135
30 20 1.6525906
30 2 10.891951
30 14 11.133787
30 37 6.8546515
30 7 1.2040551
30 27 147.78409
30 16 1.0504506
30 23 2.594092
30 25 10.480631
31 26 79.88636
31 6 0.106875
31 10 5.5791893
31 35 72.016495
31 22 180.00002
31 9 0.029574905
31 4 0.0651665
31 17 0.9362344
31 19 0.07058185
32 26 2000.0
32 24 0.2725291
32 12 2.905989
32 15 0.081352234
33 30 20.864872
33 13 2.6107707
33 11 1.9373412
33 29 7.0953927
33 5 2000.0
33 34 2000.0
33 20 1.0648117
33 2 1.9092379
33 14 0.39328268
33 7 2000.0
33 27 698.2386
33 16 2422.443
33 25 0.61567795
34 30 0.75854135
34 20 0.95853734
34 8 12.029933
34 37 2000.0
34 7 3249.1477
34 27 716.8182
34 16 32.225296
34 11 1.6923571
34 29 1.8538682
34 25 2.6201599
34 5 2.0907373
35 21 0.03493402
35 31 72.016495
36 28 0.029802054
36 3 0.52364373
36 9 0.74509573
37 30 6.8546515
37 0 2.7796295
37 8 0.9286995
37 18 2.693894
37 13 0.974497
37 11 1.1406592
37 29 0.928473
37 5 9.313212
37 20 3.2553306
37 2 0.7396808
37 7 88.888885
37 27 725.7955
37 16 2000.0
37 23 1.0510292
37 25 50.160362
