0 2 1.2348219
0 37 4.05711
0 13 1.4029316
0 29 25.1293
0 25 8.382718
1 3 0.88021165
1 12 17.559294
2 30 22.682957
2 0 1.2348219
2 8 1.477054
2 18 3.872139
2 13 0.64951414
2 33 2.1020205
2 11 2.353107
2 29 0.96272534
2 20 3.0929155
2 37 0.9027915
2 27 0.78867793
2 16 2000.0
2 23 4.985722
2 25 0.57358724
3 36 0.7443505
3 28 20.58198
3 24 515.7895
3 12 0.09262294
3 1 0.88021165
3 9 0.47195616
4 31 0.106111504
4 9 0.070724435
4 17 0.15753119
4 19 0.066056915
5 30 0.6473808
5 8 0.4394553
5 18 1.3134456
5 13 48.90166
5 11 1.5401123
5 29 2.851009
5 34 2.6479416
5 20 2.936219
5 37 6.6936607
5 7 11.107008
5 27 1.4767178
5 16 1.346662
5 23 2.9138303
5 25 2000.0
6 31 0.17598227
6 17 1.1980466
7 34 507.58337
7 30 1.0937569
7 20 98.40802
7 8 3.23846
7 37 144.1003
7 16 1.2778988
7 23 1.4144183
7 11 68.42494
7 25 7.4941797
7 5 11.107008
8 0 2000.0
8 30 0.36572832
8 18 1.2670115
8 13 0.9931545
8 11 0.80395067
8 29 0.8255435
8 5 0.4394553
8 34 27.018795
8 2 1.477054
8 37 0.9081397
8 7 3.23846
8 27 0.81860816
8 16 1.784566
8 23 0.8782387
8 25 2000.0
9 36 0.62597317
9 28 1.4152892
9 10 25.0
9 22 0.059985094
9 31 0.029854333
9 3 0.47195616
9 12 2000.0
9 4 0.070724435
9 17 0.040192865
9 19 0.085702576
10 26 0.030430328
10 28 0.62994075
10 24 0.21432494
10 31 40.92187
10 12 1301.0228
10 9 25.0
10 17 0.036314934
11 0 2000.0
11 30 1.0216833
11 8 0.80395067
11 18 4.955181
11 13 1.2344497
11 33 1.702812
11 29 1.2600281
11 5 1.5401123
11 34 2.2605705
11 20 1.6112046
11 2 2.353107
11 37 1.4992157
11 7 68.42494
11 27 0.8021432
11 16 1.0321436
11 25 0.973279
12 26 1.3700984
12 28 71.040764
12 32 4.43549
12 24 0.06709203
12 21 0.26138633
12 3 0.09262294
12 1 17.559294
13 30 58.1988
13 0 1.4029316
13 8 0.9931545
13 18 200.0
13 33 1.284694
13 11 1.2344497
13 29 0.5307189
13 5 48.90166
13 34 378.83798
13 20 1.526406
13 2 0.64951414
13 14 12.907264
13 37 1.2527622
13 7 2000.0
13 27 0.23962827
13 16 34.88958
13 25 0.21773674
14 30 10.78409
14 20 5.1610203
14 13 12.907264
14 27 5.349068
14 33 0.3405463
14 11 2000.0
14 25 1.5218763
15 32 0.07097615
15 24 2000.0
15 21 4.6511784
16 0 2000.0
16 30 1.1212273
16 8 1.784566
16 18 1.5007188
16 13 34.88958
16 33 133.33334
16 11 1.0321436
16 29 36.144886
16 5 1.346662
16 34 107.17306
16 20 16.628868
16 7 1.2778988
16 27 1.6685367
16 23 3.8322444
16 25 1.8220772
17 6 1.1980466
17 26 1.2835337
17 10 0.036314934
17 24 0.11688311
17 31 0.98771447
17 9 0.040192865
17 4 0.15753119
17 19 40.116543
18 0 2000.0
18 30 0.76424307
18 8 1.2670115
18 13 200.0
18 11 4.955181
18 29 1.5225655
18 5 1.3134456
18 2 3.872139
18 37 1.9504192
18 7 2000.0
18 27 50.134357
18 16 1.5007188
18 23 1.3118303
19 28 88.01907
19 31 0.09746827
19 9 0.085702576
19 4 0.066056915
19 17 40.116543
20 0 2000.0
20 30 2.7340193
20 13 1.526406
20 33 2.2963333
20 11 1.6112046
20 29 9.386053
20 5 2.936219
20 34 2.2863429
20 2 3.0929155
20 14 5.1610203
20 37 5.4294086
20 7 98.40802
20 27 1.6470942
20 16 16.628868
20 25 1.2267247
21 26 2000.0
21 32 800.0
21 24 0.8687483
21 35 0.030205451
21 12 0.26138633
21 15 4.6511784
22 31 480.00003
22 9 0.059985094
22 19 2000.0
23 0 2000.0
23 30 1.8164366
23 8 0.8782387
23 2 4.985722
23 37 1.4426153
23 18 1.3118303
23 7 1.4144183
23 16 3.8322444
23 11 2000.0
23 29 0.8707576
23 5 2.9138303
24 26 0.042753354
24 32 0.21763988
24 10 0.21432494
24 21 0.8687483
24 12 0.06709203
24 3 515.7895
24 15 2000.0
24 17 0.11688311
25 30 17.44373
25 0 8.382718
25 13 0.21773674
25 33 0.6087029
25 11 0.973279
25 29 1.9175162
25 34 1.7059501
25 20 1.2267247
25 2 0.57358724
25 14 1.5218763
25 37 32.08371
25 7 7.4941797
25 27 0.20397727
25 16 1.8220772
26 32 12.03669
26 28 0.055012614
26 10 0.030430328
26 24 0.042753354
26 31 0.2051972
26 12 1.3700984
26 17 1.2835337
27 30 0.23607858
27 0 2000.0
27 8 0.81860816
27 18 50.134357
27 13 0.23962827
27 33 0.9446202
27 11 0.8021432
27 29 0.60775566
27 5 1.4767178
27 34 1.4148632
27 20 1.6470942
27 2 0.78867793
27 14 5.349068
27 37 0.8445049
27 7 3911.4204
27 16 1.6685367
27 25 0.20397727
28 36 0.03126953
28 26 0.055012614
28 10 0.62994075
28 3 20.58198
28 12 71.040764
28 9 1.4152892
28 19 88.01907
29 0 25.1293
29 30 1.9923565
29 8 0.8255435
29 18 1.5225655
29 13 0.5307189
29 33 12.068251
29 11 1.2600281
29 5 2.851009
29 34 1.9331744
29 20 9.386053
29 2 0.96272534
29 37 1.3333867
29 27 0.60775566
29 16 36.144886
29 23 0.8707576
29 25 1.9175162
30 8 0.36572832
30 18 0.76424307
30 13 58.1988
30 33 4.433956
30 11 1.0216833
30 29 1.9923565
30 5 0.6473808
30 34 0.88592577
30 20 2.7340193
30 2 22.682957
30 14 10.78409
30 37 9.9064
30 7 1.0937569
30 27 0.23607858
30 16 1.1212273
30 23 1.8164366
30 25 17.44373
31 26 0.2051972
31 6 0.17598227
31 10 40.92187
31 22 480.00003
31 9 0.029854333
31 4 0.106111504
31 17 0.98771447
31 19 0.09746827
32 26 12.03669
32 24 0.21763988
32 21 800.0
32 12 4.43549
32 15 0.07097615
33 30 4.433956
33 8 2000.0
33 13 1.284694
33 11 1.702812
33 29 12.068251
33 34 2000.0
33 20 2.2963333
33 2 2.1020205
33 14 0.3405463
33 7 2000.0
33 27 0.9446202
33 16 133.33334
33 25 0.6087029
34 30 0.88592577
34 20 2.2863429
34 8 27.018795
34 37 2000.0
34 13 378.83798
34 7 507.58337
34 27 1.4148632
34 16 107.17306
34 11 2.2605705
34 29 1.9331744
34 25 1.7059501
34 5 2.6479416
35 21 0.030205451
35 31 1217.0454
36 28 0.03126953
36 3 0.7443505
36 12 2000.0
36 9 0.62597317
37 30 9.9064
37 0 4.05711
37 8 0.9081397
37 18 1.9504192
37 13 1.2527622
37 11 1.4992157
37 29 1.3333867
37 5 6.6936607
37 20 5.4294086
37 2 0.9027915
37 7 144.1003
37 27 0.8445049
37 16 2000.0
37 23 1.4426153
37 25 32.08371
