0 8 9.574757
0 2 1.2350125
0 37 0.710831
0 13 0.8318611
0 11 95.20833
0 29 7.0760465
1 3 0.21895161
1 12 72.12955
2 30 8.468331
2 0 1.2350125
2 8 2.6660411
2 18 10.56342
2 13 0.43044177
2 33 2.1321325
2 11 1.2751163
2 29 1.1999484
2 20 2.297008
2 37 0.64135635
2 27 0.6073419
2 16 2000.0
2 23 50.0
2 25 2.309183
3 36 0.2946244
3 28 0.068671085
3 24 1892.6216
3 12 0.050944753
3 1 0.21895161
3 9 0.6962889
4 31 0.08249563
4 9 0.07508384
4 17 0.09249763
4 19 0.085208654
5 34 2.3131838
5 30 0.5731371
5 20 1.2431066
5 8 0.5370714
5 37 2000.0
5 18 0.41790482
5 7 5.4352474
5 27 2.2610514
5 16 2.2879627
5 23 5.8725295
5 11 2.0577936
5 29 1.3484955
6 22 160.0
6 31 0.5495384
6 17 1.0231699
7 34 10.277143
7 30 0.63824755
7 20 1.8225293
7 8 65.57508
7 37 8.929871
7 27 133.33334
7 16 1.5230615
7 11 6.9931164
7 23 0.9510576
7 25 7.347981
7 5 5.4352474
8 0 9.574757
8 30 0.6912332
8 18 0.9360555
8 13 3.5477142
8 11 0.9001497
8 29 1.0686036
8 5 0.5370714
8 34 1.6769378
8 2 2.6660411
8 37 1.563386
8 7 65.57508
8 27 1.9937497
8 16 2.1113968
8 23 1.1550467
9 36 1.147327
9 26 2000.0
9 28 3.9232955
9 10 12.443582
9 22 0.3030895
9 31 0.037371356
9 12 2000.0
9 3 0.6962889
9 17 0.05149693
9 4 0.07508384
9 19 0.06858495
10 26 0.035900578
10 28 0.18580733
10 24 0.050454114
10 31 0.036020584
10 12 1.1018447
10 9 12.443582
10 17 0.028644169
11 0 95.20833
11 30 0.38965872
11 8 0.9001497
11 18 7.906742
11 13 0.42307016
11 33 2.0527487
11 29 1.0992525
11 5 2.0577936
11 34 1.5721387
11 20 1.616907
11 2 1.2751163
11 37 1.4475026
11 7 6.9931164
11 27 0.66209567
11 16 1.007883
11 25 1.3711524
12 26 7.505081
12 28 4.743485
12 32 0.15064429
12 10 1.1018447
12 24 0.09081593
12 21 0.099538326
12 3 0.050944753
12 1 72.12955
13 30 10.030461
13 0 0.8318611
13 8 3.5477142
13 18 80.0
13 33 0.74523
13 11 0.42307016
13 29 0.89384675
13 5 2000.0
13 34 7.4336147
13 20 0.74117124
13 2 0.43044177
13 14 5.117065
13 37 1.0775045
13 27 0.24273546
13 16 2513.807
13 25 0.7364464
14 20 0.92955995
14 13 5.117065
14 27 3.7809079
14 33 0.7298844
14 11 2000.0
14 25 5.8829546
15 32 0.06705592
15 21 9.376739
16 0 2000.0
16 30 1.1392238
16 8 2.1113968
16 18 1.0383687
16 11 1.007883
16 29 19.51852
16 5 2.2879627
16 20 39.74814
16 37 49.82386
16 7 1.5230615
16 27 1.5847352
16 23 11.5283985
16 25 1.2343036
17 26 1.4985191
17 6 1.0231699
17 10 0.028644169
17 24 0.16626082
17 31 1.2238055
17 9 0.05149693
17 4 0.09249763
17 19 3.531161
18 30 0.7075899
18 2 10.56342
18 8 0.9360555
18 37 1.3176019
18 7 2000.0
18 13 80.0
18 27 12.102448
18 16 1.0383687
18 23 1.6226054
18 11 7.906742
18 29 1.663844
18 5 0.41790482
19 31 0.08249667
19 9 0.06858495
19 17 3.531161
19 4 0.085208654
20 0 2000.0
20 30 16.587072
20 13 0.74117124
20 33 1.6690775
20 11 1.616907
20 29 3.6510167
20 5 1.2431066
20 34 0.9689986
20 2 2.297008
20 14 0.92955995
20 37 2.4631681
20 7 1.8225293
20 27 2.8184707
20 16 39.74814
20 25 0.42597297
21 32 2000.0
21 24 0.243514
21 35 0.039693184
21 12 0.099538326
21 15 9.376739
22 6 160.0
22 31 140.78665
22 9 0.3030895
22 19 1377.7842
23 0 2000.0
23 30 2.8554797
23 2 50.0
23 8 1.1550467
23 37 2.1479576
23 18 1.6226054
23 7 0.9510576
23 27 1600.0
23 16 11.5283985
23 11 2000.0
23 29 3.6859164
23 5 5.8725295
24 26 0.05078507
24 32 0.07782772
24 10 0.050454114
24 21 0.243514
24 31 5.6397305
24 12 0.09081593
24 15 2000.0
24 17 0.16626082
25 30 4.499424
25 13 0.7364464
25 33 0.2752012
25 11 1.3711524
25 29 4.431808
25 34 1.8677981
25 20 0.42597297
25 2 2.309183
25 14 5.8829546
25 37 71.111115
25 7 7.347981
25 27 0.63729304
25 16 1.2343036
26 32 34.965034
26 28 0.09330096
26 10 0.035900578
26 24 0.05078507
26 31 0.08039601
26 12 7.505081
26 17 1.4985191
27 0 2000.0
27 30 0.1802245
27 8 1.9937497
27 18 12.102448
27 13 0.24273546
27 33 1.4958422
27 11 0.66209567
27 29 0.72173065
27 5 2.2610514
27 34 1.2680064
27 20 2.8184707
27 2 0.6073419
27 14 3.7809079
27 37 1.3008131
27 7 133.33334
27 16 1.5847352
27 23 1600.0
27 25 0.63729304
28 36 0.048071615
28 26 0.09330096
28 10 0.18580733
28 3 0.068671085
28 12 4.743485
28 9 3.9232955
29 0 7.0760465
29 30 8.324471
29 8 1.0686036
29 18 1.663844
29 13 0.89384675
29 11 1.0992525
29 5 1.3484955
29 34 3.6965876
29 20 3.6510167
29 2 1.1999484
29 37 1.0669159
29 7 2000.0
29 27 0.72173065
29 16 19.51852
29 23 3.6859164
29 25 4.431808
30 0 2000.0
30 8 0.6912332
30 18 0.7075899
30 13 10.030461
30 33 1.8561591
30 11 0.38965872
30 29 8.324471
30 5 0.5731371
30 34 0.7912249
30 20 16.587072
30 2 8.468331
30 37 8.4387665
30 7 0.63824755
30 27 0.1802245
30 16 1.1392238
30 23 2.8554797
30 25 4.499424
31 26 0.08039601
31 6 0.5495384
31 10 0.036020584
31 24 5.6397305
31 22 140.78665
31 9 0.037371356
31 17 1.2238055
31 4 0.08249563
31 19 0.08249667
32 26 34.965034
32 24 0.07782772
32 12 0.15064429
32 15 0.06705592
33 30 1.8561591
33 8 2000.0
33 13 0.74523
33 11 2.0527487
33 29 1836.5342
33 34 2000.0
33 20 1.6690775
33 2 2.1321325
33 14 0.7298844
33 7 2000.0
33 27 1.4958422
33 16 2226.3638
33 25 0.2752012
34 30 0.7912249
34 20 0.9689986
34 8 1.6769378
34 37 2000.0
34 13 7.4336147
34 7 10.277143
34 27 1.2680064
34 16 1215.0568
34 11 1.5721387
34 25 1.8677981
34 29 3.6965876
34 5 2.3131838
35 21 0.039693184
36 26 2000.0
36 28 0.048071615
36 3 0.2946244
36 9 1.147327
37 30 8.4387665
37 0 0.710831
37 8 1.563386
37 18 1.3176019
37 13 1.0775045
37 11 1.4475026
37 29 1.0669159
37 20 2.4631681
37 2 0.64135635
37 7 8.929871
37 27 1.3008131
37 16 49.82386
37 23 2.1479576
37 25 71.111115
