0 2 1.0358243
0 37 1.7337304
0 13 1.5098757
0 29 29.176966
0 25 8.360913
1 3 0.48436958
1 12 16.796339
2 30 50.66772
2 0 1.0358243
2 8 1.1686094
2 18 1.8519654
2 13 0.84755665
2 33 1.3077555
2 11 2.6959534
2 29 1.1929749
2 20 4.8257103
2 37 1.4613602
2 27 2.3134656
2 16 2000.0
2 23 10.866322
2 25 0.5321245
3 36 0.50299805
3 28 20.890673
3 24 2000.0
3 12 0.08772385
3 1 0.48436958
3 9 0.50509083
4 31 0.06949087
4 9 0.08164872
4 17 0.11752897
4 19 0.09160111
5 30 1.0156515
5 8 0.5122772
5 18 0.49897256
5 13 26.353582
5 11 1.3425707
5 29 3.6245542
5 34 1.7933711
5 20 1.3503397
5 37 13.314428
5 7 11.190662
5 27 2.062189
5 16 1.0504022
5 23 2.7079253
5 25 2000.0
6 31 0.17521045
6 17 1.4838945
7 30 1.042872
7 20 30.323183
7 8 4.9136305
7 16 1.306717
7 23 1.2481576
7 25 3.4794025
7 5 11.190662
8 0 2000.0
8 30 0.32658544
8 18 1.352283
8 13 1.0675796
8 11 0.9344172
8 29 0.32345828
8 5 0.5122772
8 34 61.561916
8 2 1.1686094
8 37 1.1417207
8 7 4.9136305
8 27 1.3336198
8 16 1.5819923
8 23 0.8238416
8 25 2000.0
9 36 0.7575758
9 28 1.84135
9 10 34.145664
9 22 0.054933377
9 31 0.029921187
9 12 2000.0
9 3 0.50509083
9 4 0.08164872
9 17 0.043881755
9 19 0.06534242
10 26 0.029484762
10 28 0.46862173
10 24 0.07183396
10 31 11.094861
10 12 1592.6704
10 9 34.145664
10 17 0.029399417
11 0 2000.0
11 30 0.77293456
11 8 0.9344172
11 18 8.26339
11 13 1.1030245
11 33 1.8028262
11 29 0.8177359
11 5 1.3425707
11 34 2.1773539
11 20 1.1873928
11 2 2.6959534
11 37 1.3482765
11 7 4498.352
11 27 0.8795455
11 16 1.1050452
11 25 0.968956
12 26 0.9705682
12 32 6.677465
12 28 160.0
12 24 0.07568645
12 21 0.16800645
12 3 0.08772385
12 1 16.796339
13 30 104.28441
13 0 1.5098757
13 8 1.0675796
13 18 191.23505
13 33 0.8352707
13 11 1.1030245
13 29 0.7059918
13 5 26.353582
13 34 133.33334
13 20 0.9667666
13 2 0.84755665
13 14 5.836692
13 37 1.1191468
13 7 2000.0
13 27 1.2305169
13 16 53.333332
13 25 0.3054735
14 34 2000.0
14 30 13.531751
14 20 2.3835816
14 13 5.836692
14 27 1.441119
14 33 1.0362184
14 11 2000.0
14 25 1.7158296
15 32 0.07214106
15 21 6.5463095
16 30 1.0738249
16 0 2000.0
16 8 1.5819923
16 18 1.3321235
16 13 53.333332
16 11 1.1050452
16 5 1.0504022
16 34 49.491966
16 20 15.89674
16 7 1.306717
16 27 1.5204997
16 23 2.5885587
16 25 1.2616156
17 6 1.4838945
17 26 1.3874716
17 10 0.029399417
17 24 0.11984022
17 31 0.97336596
17 9 0.043881755
17 4 0.11752897
17 19 63.187267
18 0 2000.0
18 30 0.72644377
18 8 1.352283
18 13 191.23505
18 11 8.26339
18 29 1.4286155
18 5 0.49897256
18 2 1.8519654
18 37 2.2828512
18 7 2000.0
18 27 19.796227
18 16 1.3321235
18 23 1.5991694
19 31 0.0870796
19 9 0.06534242
19 17 63.187267
19 4 0.09160111
20 30 2.6960344
20 13 0.9667666
20 33 1.1223481
20 11 1.1873928
20 29 5.8615437
20 5 1.3503397
20 34 0.78398496
20 2 4.8257103
20 14 2.3835816
20 37 2.8410585
20 7 30.323183
20 27 0.9695003
20 16 15.89674
20 25 0.5147975
21 26 2000.0
21 24 1.0996611
21 35 0.030739421
21 12 0.16800645
21 15 6.5463095
22 31 125.00001
22 9 0.054933377
22 19 2000.0
23 0 2000.0
23 30 2.0760252
23 8 0.8238416
23 2 10.866322
23 37 1.8368058
23 18 1.5991694
23 7 1.2481576
23 16 2.5885587
23 11 2000.0
23 29 1.2500678
23 5 2.7079253
24 26 0.038789537
24 32 0.22215106
24 10 0.07183396
24 21 1.0996611
24 12 0.07568645
24 15 2000.0
24 17 0.11984022
25 0 8.360913
25 30 20.258732
25 13 0.3054735
25 33 0.7037173
25 11 0.968956
25 29 1.6470723
25 34 1.8933779
25 20 0.5147975
25 2 0.5321245
25 14 1.7158296
25 37 28.289122
25 7 3.4794025
25 27 0.28794214
25 16 1.2616156
26 32 19.699371
26 28 0.064642325
26 10 0.029484762
26 24 0.038789537
26 31 0.09801137
26 12 0.9705682
26 17 1.3874716
27 30 0.8130768
27 0 2000.0
27 8 1.3336198
27 18 19.796227
27 13 1.2305169
27 33 0.74685633
27 11 0.8795455
27 29 0.6827873
27 5 2.062189
27 34 1.0439537
27 20 0.9695003
27 2 2.3134656
27 14 1.441119
27 37 1.2468271
27 7 2000.0
27 16 1.5204997
27 25 0.28794214
28 36 0.036137734
28 26 0.064642325
28 10 0.46862173
28 3 20.890673
28 12 160.0
28 9 1.84135
28 19 1356.25
29 0 29.176966
29 30 1.4161448
29 8 0.32345828
29 18 1.4286155
29 13 0.7059918
29 33 64.28108
29 11 0.8177359
29 5 3.6245542
29 34 3.08942
29 20 5.8615437
29 2 1.1929749
29 37 1.0415992
29 7 2000.0
29 27 0.6827873
29 16 2000.0
29 23 1.2500678
29 25 1.6470723
30 8 0.32658544
30 18 0.72644377
30 13 104.28441
30 33 12.380713
30 11 0.77293456
30 29 1.4161448
30 5 1.0156515
30 34 0.882449
30 20 2.6960344
30 2 50.66772
30 14 13.531751
30 37 25.20828
30 7 1.042872
30 27 0.8130768
30 16 1.0738249
30 23 2.0760252
30 25 20.258732
31 26 0.09801137
31 6 0.17521045
31 10 11.094861
31 35 74.089775
31 22 125.00001
31 9 0.029921187
31 4 0.06949087
31 17 0.97336596
31 19 0.0870796
32 26 19.699371
32 24 0.22215106
32 12 6.677465
32 15 0.07214106
33 30 12.380713
33 13 0.8352707
33 11 1.8028262
33 29 64.28108
33 5 2000.0
33 34 2000.0
33 20 1.1223481
33 2 1.3077555
33 14 1.0362184
33 7 2000.0
33 27 0.74685633
33 16 3017.898
33 25 0.7037173
34 30 0.882449
34 20 0.78398496
34 8 61.561916
34 37 2000.0
34 13 133.33334
34 7 2000.0
34 27 1.0439537
34 16 49.491966
34 11 2.1773539
34 29 3.08942
34 25 1.8933779
34 5 1.7933711
35 21 0.030739421
35 31 74.089775
36 28 0.036137734
36 3 0.50299805
36 9 0.7575758
37 30 25.20828
37 0 1.7337304
37 8 1.1417207
37 18 2.2828512
37 13 1.1191468
37 11 1.3482765
37 29 1.0415992
37 5 13.314428
37 20 2.8410585
37 2 1.4613602
37 7 5505.227
37 27 1.2468271
37 16 2000.0
37 23 1.8368058
37 25 28.289122
