0 8 41.05796
0 2 0.44957113
0 37 3.3561075
0 13 0.55565864
0 11 306.24997
0 29 6.2186265
1 3 0.32210764
1 12 23.710606
2 30 17.312447
2 0 0.44957113
2 8 4.7349496
2 18 6.851842
2 13 0.84578425
2 33 1.7483282
2 11 2.4568207
2 29 1.0198479
2 20 11.713377
2 37 1.6369634
2 27 1.9329818
2 16 2000.0
2 23 2000.0
2 25 1.9214433
3 36 0.22892442
3 28 0.08330586
3 24 133.33334
3 12 0.06985956
3 1 0.32210764
3 9 0.37124583
4 31 0.09769158
4 9 0.06742465
4 17 0.09091906
4 19 0.114655286
5 30 1.0831883
5 8 1.4426199
5 18 1.0747211
5 13 88.888885
5 11 4.0223484
5 29 40.198105
5 34 6.576652
5 20 7.3376536
5 37 2000.0
5 7 36.34253
5 27 8.657707
5 16 1.4900569
5 23 5.373119
6 22 80.0
6 31 1.0406227
6 17 0.82265633
7 34 12.203245
7 30 0.9468481
7 20 3.782351
7 8 27.684834
7 37 31.821642
7 27 1082.6041
7 16 1.2447013
7 11 9.331484
7 23 1.3340281
7 25 15.364005
7 5 36.34253
8 0 41.05796
8 30 0.7451581
8 18 1.2288749
8 13 11.938743
8 11 2.7048516
8 29 0.7364599
8 5 1.4426199
8 34 11.7468815
8 2 4.7349496
8 37 1.6443405
8 7 27.684834
8 27 1.8613828
8 16 1.3804023
8 23 1.3217052
9 36 2.020123
9 26 2000.0
9 28 3.9235144
9 10 2.9551814
9 22 0.17677535
9 31 0.034303755
9 3 0.37124583
9 12 2000.0
9 17 0.049788333
9 4 0.06742465
9 19 0.065547846
10 26 0.045002565
10 28 0.83205736
10 24 0.0716419
10 31 0.032237016
10 12 7.510017
10 9 2.9551814
10 17 0.03500062
11 0 306.24997
11 30 1.532841
11 8 2.7048516
11 18 4.3888373
11 13 0.8215707
11 33 3.8369265
11 29 1.1046331
11 5 4.0223484
11 34 7.3911796
11 20 1.4874467
11 2 2.4568207
11 37 1.9584543
11 7 9.331484
11 27 1.4037782
11 16 1.1699433
11 25 2.896585
12 26 0.42903006
12 28 4.9502234
12 32 0.19869381
12 10 7.510017
12 24 0.095161416
12 21 0.07871217
12 3 0.06985956
12 1 23.710606
13 30 3.6727972
13 0 0.55565864
13 8 11.938743
13 18 800.0
13 33 1.1007514
13 11 0.8215707
13 29 2.183489
13 5 88.888885
13 34 5.5176616
13 20 0.68377703
13 2 0.84578425
13 14 3.1522782
13 37 4.6877704
13 27 0.23649594
13 16 151.30244
13 25 0.7557653
14 20 1.3140196
14 13 3.1522782
14 33 0.37349516
14 27 2.1736166
14 11 2000.0
14 25 3.1839812
15 32 0.076091245
15 21 9.93524
16 30 1.1388675
16 0 2000.0
16 8 1.3804023
16 18 1.3625118
16 13 151.30244
16 11 1.1699433
16 29 126.031586
16 5 1.4900569
16 20 16.311148
16 37 38.05114
16 7 1.2447013
16 27 1.3951329
16 23 6.9845777
16 25 2.1501954
17 26 1.7651498
17 6 0.82265633
17 10 0.03500062
17 24 0.3542324
17 31 1.2034271
17 9 0.049788333
17 4 0.09091906
17 19 1.7972147
18 30 1.100794
18 0 2000.0
18 8 1.2288749
18 13 800.0
18 11 4.3888373
18 29 1.7436771
18 5 1.0747211
18 2 6.851842
18 37 2.2248864
18 7 2000.0
18 27 2.250124
18 16 1.3625118
18 23 2.4579685
19 31 0.07669723
19 9 0.065547846
19 17 1.7972147
19 4 0.114655286
20 0 2000.0
20 30 26.7036
20 13 0.68377703
20 33 1.7414502
20 11 1.4874467
20 29 1.5633541
20 5 7.3376536
20 34 0.8466013
20 2 11.713377
20 14 1.3140196
20 37 6.074247
20 7 3.782351
20 27 1.3553827
20 16 16.311148
20 25 1.094483
21 32 2000.0
21 10 2000.0
21 24 0.07330094
21 35 0.03921727
21 12 0.07871217
21 15 9.93524
22 6 80.0
22 31 1121.8182
22 9 0.17677535
22 19 1594.4319
23 0 2000.0
23 30 1.0492021
23 2 2000.0
23 8 1.3217052
23 37 6.5881886
23 18 2.4579685
23 7 1.3340281
23 16 6.9845777
23 11 2000.0
23 29 4.6577883
23 5 5.373119
24 26 0.08272453
24 32 0.12715608
24 10 0.0716419
24 21 0.07330094
24 31 26.344088
24 12 0.095161416
24 3 133.33334
24 15 2000.0
24 17 0.3542324
25 0 2000.0
25 30 2.7543344
25 13 0.7557653
25 33 0.91932756
25 11 2.896585
25 29 6.6662817
25 34 6.88804
25 20 1.094483
25 2 1.9214433
25 14 3.1839812
25 37 15.336757
25 7 15.364005
25 27 0.93667537
25 16 2.1501954
26 32 25.156487
26 28 0.040817447
26 10 0.045002565
26 24 0.08272453
26 31 0.063998826
26 12 0.42903006
26 17 1.7651498
27 0 2000.0
27 30 0.1745655
27 8 1.8613828
27 18 2.250124
27 13 0.23649594
27 33 2.6981506
27 11 1.4037782
27 29 0.4003456
27 5 8.657707
27 34 1.7516549
27 20 1.3553827
27 2 1.9329818
27 14 2.1736166
27 37 2.2036164
27 7 1082.6041
27 16 1.3951329
27 25 0.93667537
28 36 0.042445585
28 26 0.040817447
28 10 0.83205736
28 3 0.08330586
28 12 4.9502234
28 9 3.9235144
29 0 6.2186265
29 30 2.8547983
29 8 0.7364599
29 18 1.7436771
29 13 2.183489
29 11 1.1046331
29 5 40.198105
29 34 9.391004
29 20 1.5633541
29 2 1.0198479
29 37 1.4756182
29 7 2000.0
29 27 0.4003456
29 16 126.031586
29 23 4.6577883
29 25 6.6662817
30 0 2000.0
30 8 0.7451581
30 18 1.100794
30 13 3.6727972
30 33 1.9049585
30 11 1.532841
30 29 2.8547983
30 5 1.0831883
30 34 7.316564
30 20 26.7036
30 2 17.312447
30 14 2000.0
30 37 9.660708
30 7 0.9468481
30 27 0.1745655
30 16 1.1388675
30 23 1.0492021
30 25 2.7543344
31 26 0.063998826
31 6 1.0406227
31 10 0.032237016
31 24 26.344088
31 9 0.034303755
31 17 1.2034271
31 4 0.09769158
31 19 0.07669723
32 26 25.156487
32 24 0.12715608
32 12 0.19869381
32 15 0.076091245
33 30 1.9049585
33 8 2000.0
33 13 1.1007514
33 11 3.8369265
33 29 2382.1023
33 34 2000.0
33 20 1.7414502
33 2 1.7483282
33 14 0.37349516
33 7 2000.0
33 27 2.6981506
33 16 2000.0
33 25 0.91932756
34 30 7.316564
34 20 0.8466013
34 8 11.7468815
34 7 12.203245
34 13 5.5176616
34 27 1.7516549
34 16 2536.0227
34 11 7.3911796
34 25 6.88804
34 29 9.391004
34 5 6.576652
35 21 0.03921727
36 26 2000.0
36 28 0.042445585
36 3 0.22892442
36 9 2.020123
37 30 9.660708
37 0 3.3561075
37 8 1.6443405
37 18 2.2248864
37 13 4.6877704
37 11 1.9584543
37 29 1.4756182
37 20 6.074247
37 2 1.6369634
37 7 31.821642
37 27 2.2036164
37 16 38.05114
37 23 6.5881886
37 25 15.336757
