0 2 1.3229432
0 37 1.6509047
0 13 1.171242
0 29 1414.0908
0 25 15.129572
1 3 0.9404312
1 12 18.066015
2 30 11.774062
2 0 1.3229432
2 8 1.3203282
2 18 3.955739
2 13 0.573804
2 33 5.3124127
2 11 2.4507973
2 29 1.7100024
2 20 3.6650774
2 37 1.4272089
2 27 1.4073997
2 16 2000.0
2 23 5.680026
2 25 0.7167338
3 36 0.7073863
3 28 18.293184
3 24 360.00003
3 12 0.049862094
3 1 0.9404312
3 9 0.7982232
4 31 0.076909475
4 9 0.084522046
4 17 0.21277076
4 19 0.10219382
5 30 0.7017842
5 8 0.46808884
5 18 0.7974165
5 13 95.12216
5 11 2.0861244
5 29 2.4568698
5 34 2.3461618
5 20 1.9029227
5 37 77.93788
5 7 9.246203
5 27 2.4124348
5 16 2.1048126
5 23 2.8356893
5 25 2000.0
6 31 0.18708569
6 17 1.4913155
7 34 200.0
7 30 1.115555
7 20 28.125002
7 8 6.208136
7 37 62.46023
7 16 1.2701443
7 11 152.91281
7 23 1.528318
7 25 1.9257866
7 5 9.246203
8 0 2000.0
8 30 0.36924112
8 18 1.3043553
8 13 0.70540744
8 11 0.81385326
8 29 1.0241942
8 5 0.46808884
8 34 32.678078
8 2 1.3203282
8 37 1.069228
8 7 6.208136
8 27 1.0723878
8 16 1.4836729
8 23 0.88222754
8 25 2000.0
9 36 0.916407
9 26 2000.0
9 28 0.82987136
9 10 16.592531
9 22 0.045582846
9 31 0.029430674
9 12 2000.0
9 3 0.7982232
9 4 0.084522046
9 17 0.043115243
9 19 0.06599634
10 26 0.030377148
10 28 0.23719698
10 24 0.07595486
10 31 13.581479
10 12 46.738987
10 9 16.592531
10 17 0.03589572
11 0 2000.0
11 30 0.6958623
11 8 0.81385326
11 18 5.1894927
11 13 0.8185491
11 33 1.409034
11 29 1.0446148
11 5 2.0861244
11 34 5.417852
11 20 1.9349421
11 2 2.4507973
11 37 1.7867385
11 7 152.91281
11 27 0.92183304
11 16 1.2287047
11 25 0.51137376
12 26 0.9465873
12 32 2.1304603
12 10 46.738987
12 24 0.072501004
12 21 0.12664658
12 3 0.049862094
12 1 18.066015
13 30 57.432636
13 0 1.171242
13 8 0.70540744
13 18 153.2662
13 33 0.8014665
13 11 0.8185491
13 29 1.4122767
13 5 95.12216
13 34 164.00226
13 20 0.82810783
13 2 0.573804
13 14 4.650166
13 37 1.2557387
13 7 2000.0
13 27 0.64500344
13 16 40.299892
13 25 0.2743175
14 30 3.4430144
14 20 4.333194
14 13 4.650166
14 27 3.9634943
14 33 0.4304027
14 11 2000.0
14 25 2.8190856
15 32 0.06840176
15 21 8.839284
16 30 1.2483855
16 0 2000.0
16 8 1.4836729
16 18 1.1079154
16 13 40.299892
16 11 1.2287047
16 5 2.1048126
16 34 30.010675
16 20 13.234387
16 7 1.2701443
16 27 2.255639
16 23 2.872159
16 25 1.0336035
17 6 1.4913155
17 26 2.6503446
17 10 0.03589572
17 24 0.12801167
17 31 1.6935877
17 9 0.043115243
17 4 0.21277076
17 19 92.137886
18 0 2000.0
18 30 0.7721717
18 8 1.3043553
18 13 153.2662
18 11 5.1894927
18 29 1.1431639
18 5 0.7974165
18 2 3.955739
18 37 2.0065954
18 7 2000.0
18 27 19.425516
18 16 1.1079154
18 23 1.3346694
19 31 0.079728745
19 9 0.06599634
19 17 92.137886
19 4 0.10219382
20 30 1.6914215
20 13 0.82810783
20 33 0.9925793
20 11 1.9349421
20 29 9.049072
20 5 1.9029227
20 34 0.83008575
20 2 3.6650774
20 14 4.333194
20 37 2.6373496
20 7 28.125002
20 27 1.241252
20 16 13.234387
20 25 0.39221123
21 24 1.2316145
21 35 0.03044926
21 12 0.12664658
21 15 8.839284
22 31 72.31938
22 9 0.045582846
22 19 2000.0
23 0 2000.0
23 30 1.5421339
23 8 0.88222754
23 2 5.680026
23 37 1.3900356
23 18 1.3346694
23 7 1.528318
23 16 2.872159
23 11 2000.0
23 29 1.3944083
23 5 2.8356893
24 26 0.06105663
24 32 0.4615165
24 10 0.07595486
24 21 1.2316145
24 3 360.00003
24 12 0.072501004
24 15 2000.0
24 17 0.12801167
25 30 21.124708
25 0 15.129572
25 13 0.2743175
25 33 0.821641
25 11 0.51137376
25 29 2.6991863
25 34 1.8866748
25 20 0.39221123
25 2 0.7167338
25 14 2.8190856
25 37 30.25352
25 7 1.9257866
25 27 0.3241688
25 16 1.0336035
26 32 53.434345
26 28 0.063476525
26 10 0.030377148
26 24 0.06105663
26 31 0.0935829
26 12 0.9465873
26 17 2.6503446
27 30 0.3254848
27 0 2000.0
27 8 1.0723878
27 18 19.425516
27 13 0.64500344
27 33 0.70957935
27 11 0.92183304
27 29 0.716051
27 5 2.4124348
27 34 1.14202
27 20 1.241252
27 2 1.4073997
27 14 3.9634943
27 37 1.2359732
27 7 3010.4546
27 16 2.255639
27 25 0.3241688
28 36 0.0340819
28 26 0.063476525
28 10 0.23719698
28 3 18.293184
28 12 1686.1932
28 9 0.82987136
28 19 1360.7386
29 0 1414.0908
29 30 1.5836515
29 8 1.0241942
29 18 1.1431639
29 13 1.4122767
29 33 36.750107
29 11 1.0446148
29 5 2.4568698
29 34 1.8089638
29 20 9.049072
29 2 1.7100024
29 37 1.0394236
29 7 2000.0
29 27 0.716051
29 16 2000.0
29 23 1.3944083
29 25 2.6991863
30 8 0.36924112
30 18 0.7721717
30 13 57.432636
30 33 2.8387663
30 11 0.6958623
30 29 1.5836515
30 5 0.7017842
30 34 1.2180175
30 20 1.6914215
30 2 11.774062
30 14 3.4430144
30 37 10.921908
30 7 1.115555
30 27 0.3254848
30 16 1.2483855
30 23 1.5421339
30 25 21.124708
31 26 0.0935829
31 6 0.18708569
31 10 13.581479
31 35 66.57784
31 22 72.31938
31 21 2000.0
31 9 0.029430674
31 4 0.076909475
31 17 1.6935877
31 19 0.079728745
32 26 53.434345
32 24 0.4615165
32 12 2.1304603
32 15 0.06840176
33 30 2.8387663
33 8 2000.0
33 13 0.8014665
33 11 1.409034
33 29 36.750107
33 5 2000.0
33 34 2000.0
33 20 0.9925793
33 2 5.3124127
33 14 0.4304027
33 7 2000.0
33 27 0.70957935
33 16 3017.898
33 25 0.821641
34 30 1.2180175
34 20 0.83008575
34 8 32.678078
34 37 2000.0
34 7 200.0
34 13 164.00226
34 27 1.14202
34 16 30.010675
34 11 5.417852
34 29 1.8089638
34 25 1.8866748
34 5 2.3461618
35 21 0.03044926
35 31 66.57784
36 28 0.0340819
36 3 0.7073863
36 9 0.916407
37 30 10.921908
37 0 1.6509047
37 8 1.069228
37 18 2.0065954
37 13 1.2557387
37 11 1.7867385
37 29 1.0394236
37 5 77.93788
37 20 2.6373496
37 2 1.4272089
37 7 62.46023
37 27 1.2359732
37 16 2000.0
37 23 1.3900356
37 25 30.25352
