0 2 1.827761
0 37 3.9887927
0 13 0.8727848
0 29 19.298119
0 25 12.290756
1 3 0.91715544
1 12 14.159912
2 30 22.6963
2 0 1.827761
2 8 2.1299872
2 18 2.0861294
2 13 0.6948371
2 33 1.8396007
2 11 2.276303
2 29 1.2912033
2 20 2.6962302
2 37 0.8545898
2 27 1.3359936
2 16 2000.0
2 23 29.17418
2 25 0.4538722
3 36 0.4653507
3 28 44.352844
3 24 2000.0
3 12 0.047982756
3 1 0.91715544
3 9 0.35137677
4 31 0.06762295
4 9 0.08464979
4 17 0.15548363
4 19 0.07083406
5 30 1.1289028
5 8 0.6052534
5 18 1.1772523
5 13 27.66775
5 11 5.532725
5 29 9.959205
5 34 2.781695
5 20 2.652572
5 37 10.734099
5 7 9.966136
5 27 4.586364
5 16 1.7811004
5 23 4.4714437
5 25 2000.0
6 31 0.1410616
6 17 10.394412
7 30 1.516778
7 20 23.257133
7 8 5.667565
7 37 76.23417
7 16 1.0783192
7 23 1.7318318
7 11 469.43826
7 25 6.649479
7 5 9.966136
8 0 2000.0
8 30 1.1053457
8 18 1.2450159
8 13 5.0829964
8 11 1.0776652
8 29 0.86662257
8 5 0.6052534
8 34 30.198692
8 2 2.1299872
8 37 0.8752966
8 7 5.667565
8 27 4.9395146
8 16 2.573476
8 23 1.592634
8 25 2000.0
9 36 0.7048621
9 26 2000.0
9 28 1.4103897
9 10 11.510642
9 22 0.05798453
9 31 0.028805224
9 3 0.35137677
9 4 0.08464979
9 17 0.034441385
9 19 0.10155047
10 26 0.029908417
10 28 0.31766865
10 24 0.11063132
10 31 0.5545274
10 12 108.061844
10 9 11.510642
10 17 0.029500866
11 0 2000.0
11 30 1.4834477
11 8 1.0776652
11 18 6.680492
11 13 0.8831256
11 33 1.7304326
11 29 1.4661483
11 5 5.532725
11 34 2.3305318
11 20 3.4378242
11 2 2.276303
11 37 1.4898285
11 7 469.43826
11 27 0.73006546
11 16 0.9930803
11 25 0.82588255
12 26 0.34066415
12 32 4.8130794
12 10 108.061844
12 24 0.0676452
12 21 0.108808056
12 3 0.047982756
12 1 14.159912
13 30 110.94577
13 0 0.8727848
13 8 5.0829964
13 18 40.73558
13 33 0.9301998
13 11 0.8831256
13 29 1.2943739
13 5 27.66775
13 34 112.50001
13 20 1.5601931
13 2 0.6948371
13 14 3.1784835
13 37 1.7830764
13 7 2000.0
13 27 0.32285932
13 16 148.00325
13 25 0.31934327
14 30 8.162218
14 20 2.1002572
14 13 3.1784835
14 27 1.8168454
14 33 0.4580728
14 11 2000.0
14 25 2.5636516
15 32 0.07092957
15 21 11.769177
16 30 1.4188513
16 0 2000.0
16 8 2.573476
16 18 1.3978341
16 13 148.00325
16 11 0.9930803
16 5 1.7811004
16 34 51.573864
16 20 88.14591
16 7 1.0783192
16 27 1.711892
16 23 2.916432
16 25 0.6571198
17 6 10.394412
17 26 1.8331194
17 10 0.029500866
17 24 0.103289865
17 31 1.2087206
17 9 0.034441385
17 4 0.15548363
17 19 1792.0171
18 0 2000.0
18 30 0.64179623
18 8 1.2450159
18 13 40.73558
18 11 6.680492
18 29 1.5476432
18 5 1.1772523
18 2 2.0861294
18 37 6.441269
18 7 2000.0
18 27 50.0
18 16 1.3978341
18 23 1.1047766
19 28 160.0
19 31 0.094773084
19 9 0.10155047
19 4 0.07083406
20 30 0.9544904
20 8 2000.0
20 13 1.5601931
20 33 1.3451679
20 11 3.4378242
20 29 13.390245
20 5 2.652572
20 34 1.3551039
20 2 2.6962302
20 14 2.1002572
20 37 4.9865227
20 7 23.257133
20 27 3.6347845
20 16 88.14591
20 25 0.3944677
21 32 2000.0
21 24 0.9771479
21 35 0.034374703
21 31 2000.0
21 12 0.108808056
21 15 11.769177
22 31 400.0
22 9 0.05798453
22 19 2000.0
23 0 2000.0
23 30 2.3978062
23 8 1.592634
23 2 29.17418
23 37 1.0543624
23 18 1.1047766
23 7 1.7318318
23 16 2.916432
23 11 2000.0
23 29 1.6320795
23 5 4.4714437
24 26 0.040579177
24 32 0.27563688
24 10 0.11063132
24 21 0.9771479
24 12 0.0676452
24 17 0.103289865
25 0 12.290756
25 30 18.232239
25 13 0.31934327
25 33 0.48228377
25 11 0.82588255
25 29 4.293176
25 34 5.1283607
25 20 0.3944677
25 2 0.4538722
25 14 2.5636516
25 37 28.800596
25 7 6.649479
25 27 0.28057766
25 16 0.6571198
26 32 1096.1364
26 28 0.040449705
26 10 0.029908417
26 24 0.040579177
26 31 0.13501121
26 12 0.34066415
26 17 1.8331194
27 30 0.33878934
27 0 2000.0
27 8 4.9395146
27 18 50.0
27 13 0.32285932
27 33 0.9733336
27 11 0.73006546
27 29 1.1525965
27 5 4.586364
27 34 1.1842433
27 20 3.6347845
27 2 1.3359936
27 14 1.8168454
27 37 0.81899005
27 7 7259.886
27 16 1.711892
27 25 0.28057766
28 36 0.035553284
28 26 0.040449705
28 10 0.31766865
28 12 1122.3864
28 3 44.352844
28 9 1.4103897
28 19 160.0
29 0 19.298119
29 30 1.1519451
29 8 0.86662257
29 18 1.5476432
29 13 1.2943739
29 33 20.48553
29 11 1.4661483
29 5 9.959205
29 34 6.964308
29 20 13.390245
29 2 1.2912033
29 37 1.065572
29 7 2000.0
29 27 1.1525965
29 16 2000.0
29 23 1.6320795
29 25 4.293176
30 8 1.1053457
30 18 0.64179623
30 13 110.94577
30 33 5.768055
30 11 1.4834477
30 29 1.1519451
30 5 1.1289028
30 34 0.83764505
30 20 0.9544904
30 2 22.6963
30 14 8.162218
30 37 11.814153
30 7 1.516778
30 27 0.33878934
30 16 1.4188513
30 23 2.3978062
30 25 18.232239
31 26 0.13501121
31 6 0.1410616
31 10 0.5545274
31 35 22.976366
31 22 400.0
31 9 0.028805224
31 4 0.06762295
31 17 1.2087206
31 19 0.094773084
32 24 0.27563688
32 12 4.8130794
32 15 0.07092957
33 30 5.768055
33 13 0.9301998
33 11 1.7304326
33 29 20.48553
33 5 2000.0
33 34 2000.0
33 20 1.3451679
33 2 1.8396007
33 14 0.4580728
33 7 2000.0
33 27 0.9733336
33 16 2738.6362
33 25 0.48228377
34 30 0.83764505
34 20 1.3551039
34 8 30.198692
34 37 2000.0
34 13 112.50001
34 7 2067.225
34 27 1.1842433
34 16 51.573864
34 11 2.3305318
34 29 6.964308
34 25 5.1283607
34 5 2.781695
35 21 0.034374703
35 31 22.976366
36 28 0.035553284
36 3 0.4653507
36 9 0.7048621
37 30 11.814153
37 0 3.9887927
37 8 0.8752966
37 18 6.441269
37 13 1.7830764
37 11 1.4898285
37 29 1.065572
37 5 10.734099
37 20 4.9865227
37 2 0.8545898
37 7 76.23417
37 27 0.81899005
37 16 2000.0
37 23 1.0543624
37 25 28.800596
