0 8 16.0
0 2 0.6685424
0 37 1.5959753
0 13 0.751818
0 11 326.66666
0 29 2.852606
1 3 0.22424242
1 12 22.693369
2 30 15.236799
2 0 0.6685424
2 8 1.2417169
2 18 6.1154838
2 13 0.46715894
2 33 2.8239603
2 11 1.6346831
2 29 0.8795622
2 20 1.524249
2 37 0.86896193
2 27 1.9451165
2 16 2000.0
2 23 59.53232
2 25 2.8524797
3 36 0.26386365
3 28 0.11184853
3 24 128.57143
3 12 0.07301554
3 1 0.22424242
3 9 0.45637175
4 31 0.06287879
4 9 0.082564615
4 17 0.089343555
4 19 0.10054589
5 30 0.9397513
5 8 0.9577472
5 18 0.31171083
5 13 1840.9546
5 11 8.86253
5 29 3.2067199
5 34 6.7630267
5 20 2.3382123
5 37 2000.0
5 7 15.957244
5 27 2.3752718
5 16 2.3668904
5 23 3.8514946
6 31 1.5230811
6 17 1.9126334
7 34 19.493446
7 30 2.107373
7 20 2.1190884
7 8 23.738636
7 37 35.075783
7 27 157.48553
7 16 1.4814711
7 11 13.354785
7 23 1.5763277
7 25 9.78699
7 5 15.957244
8 0 16.0
8 30 1.5667362
8 18 1.5520996
8 13 4.2510953
8 11 2.005171
8 29 0.7206295
8 5 0.9577472
8 34 5.116211
8 2 1.2417169
8 37 1.727069
8 7 23.738636
8 27 0.9060802
8 16 1.5415282
8 23 1.6017362
9 36 1.5883412
9 26 2000.0
9 28 10.33305
9 10 11.000232
9 22 0.18245402
9 31 0.034571063
9 3 0.45637175
9 17 0.057131667
9 4 0.082564615
9 19 0.075540245
10 26 0.04416891
10 28 0.84128785
10 24 0.078652844
10 31 0.034581933
10 12 4.664546
10 9 11.000232
10 17 0.032078497
11 0 326.66666
11 30 0.5034489
11 8 2.005171
11 18 5.9907327
11 13 0.4318093
11 33 2.7398536
11 29 1.1838673
11 5 8.86253
11 34 4.789308
11 20 2.6178744
11 2 1.6346831
11 37 2.0264568
11 7 13.354785
11 27 0.7203746
11 16 0.89438903
11 25 1.4624913
12 26 0.99139583
12 28 2.997092
12 32 0.21777198
12 10 4.664546
12 24 0.10212571
12 21 0.064275235
12 3 0.07301554
12 1 22.693369
13 30 1.741364
13 0 0.751818
13 8 4.2510953
13 18 100.0
13 33 1.0711765
13 11 0.4318093
13 29 0.8720169
13 34 7.190216
13 20 0.4629771
13 2 0.46715894
13 14 2.6101146
13 37 2.6512918
13 27 0.2123385
13 16 95.4652
13 25 0.6645807
14 20 0.8582149
14 13 2.6101146
14 33 0.3462295
14 27 3.0486293
14 11 2000.0
14 25 2.072743
15 32 0.06609586
15 21 1.4703487
16 0 2000.0
16 30 1.1591988
16 8 1.5415282
16 18 0.8976727
16 13 95.4652
16 11 0.89438903
16 29 103.91294
16 5 2.3668904
16 20 2.9800787
16 37 90.00001
16 7 1.4814711
16 27 1.6564181
16 23 7.024149
16 25 1.3831788
17 26 1.667241
17 6 1.9126334
17 10 0.032078497
17 24 0.28379187
17 31 1.324679
17 9 0.057131667
17 4 0.089343555
17 19 2.81245
18 30 1.2573947
18 2 6.1154838
18 8 1.5520996
18 37 1.9096866
18 7 2000.0
18 13 100.0
18 27 5.5364695
18 16 0.8976727
18 23 1.310168
18 11 5.9907327
18 29 1.0220128
18 5 0.31171083
19 22 117.14244
19 31 0.06860097
19 9 0.075540245
19 17 2.81245
19 4 0.10054589
20 30 7.3599715
20 13 0.4629771
20 33 1.277805
20 11 2.6178744
20 29 3.1687565
20 5 2.3382123
20 34 1.803629
20 2 1.524249
20 14 0.8582149
20 37 22.759363
20 7 2.1190884
20 27 0.2955092
20 16 2.9800787
20 25 0.66799945
21 32 2000.0
21 24 0.13155285
21 35 0.08863324
21 12 0.064275235
21 15 1.4703487
22 6 1676.591
22 31 1121.8182
22 9 0.18245402
22 19 117.14244
23 0 2000.0
23 30 1.0046546
23 2 59.53232
23 8 1.6017362
23 37 3.497056
23 18 1.310168
23 7 1.5763277
23 16 7.024149
23 11 2000.0
23 29 2.2550945
23 5 3.8514946
24 26 0.07679252
24 32 0.11591841
24 10 0.078652844
24 21 0.13155285
24 31 10.696824
24 3 128.57143
24 12 0.10212571
24 15 2000.0
24 17 0.28379187
25 0 2000.0
25 30 4.7834086
25 13 0.6645807
25 33 0.95676506
25 11 1.4624913
25 29 3.9991927
25 34 6.5554934
25 20 0.66799945
25 2 2.8524797
25 14 2.072743
25 37 34.335392
25 7 9.78699
25 27 0.834808
25 16 1.3831788
26 36 160.0
26 32 15.0598955
26 28 0.07328598
26 10 0.04416891
26 24 0.07679252
26 31 0.09062727
26 12 0.99139583
26 17 1.667241
27 0 2000.0
27 30 0.21681318
27 8 0.9060802
27 18 5.5364695
27 13 0.2123385
27 33 2.595793
27 11 0.7203746
27 29 0.6110208
27 5 2.3752718
27 34 4.5846276
27 20 0.2955092
27 2 1.9451165
27 14 3.0486293
27 37 3.313421
27 7 157.48553
27 16 1.6564181
27 25 0.834808
28 36 0.04501894
28 26 0.07328598
28 10 0.84128785
28 3 0.11184853
28 12 2.997092
28 9 10.33305
29 0 2.852606
29 30 2.6151302
29 8 0.7206295
29 18 1.0220128
29 13 0.8720169
29 11 1.1838673
29 5 3.2067199
29 34 4.2678847
29 20 3.1687565
29 2 0.8795622
29 37 0.90366805
29 7 2000.0
29 27 0.6110208
29 16 103.91294
29 23 2.2550945
29 25 3.9991927
30 0 2000.0
30 8 1.5667362
30 18 1.2573947
30 13 1.741364
30 33 1.781814
30 11 0.5034489
30 29 2.6151302
30 5 0.9397513
30 34 3.0864236
30 20 7.3599715
30 2 15.236799
30 14 2000.0
30 37 4.928741
30 7 2.107373
30 27 0.21681318
30 16 1.1591988
30 23 1.0046546
30 25 4.7834086
31 26 0.09062727
31 6 1.5230811
31 10 0.034581933
31 24 10.696824
31 9 0.034571063
31 17 1.324679
31 4 0.06287879
31 19 0.06860097
32 26 15.0598955
32 24 0.11591841
32 12 0.21777198
32 15 0.06609586
33 30 1.781814
33 8 2000.0
33 13 1.0711765
33 11 2.7398536
33 29 2382.1023
33 34 2000.0
33 20 1.277805
33 2 2.8239603
33 14 0.3462295
33 7 2000.0
33 27 2.595793
33 16 2000.0
33 25 0.95676506
34 30 3.0864236
34 20 1.803629
34 8 5.116211
34 7 19.493446
34 13 7.190216
34 27 4.5846276
34 16 2536.0227
34 11 4.789308
34 25 6.5554934
34 29 4.2678847
34 5 6.7630267
35 21 0.08863324
36 26 160.0
36 28 0.04501894
36 3 0.26386365
36 9 1.5883412
37 30 4.928741
37 0 1.5959753
37 8 1.727069
37 18 1.9096866
37 13 2.6512918
37 11 2.0264568
37 29 0.90366805
37 20 22.759363
37 2 0.86896193
37 7 35.075783
37 27 3.313421
37 16 90.00001
37 23 3.497056
37 25 34.335392
