0 2 1.5880325
0 37 1.58719
0 13 0.919868
0 29 32.408867
0 25 28.382431
1 3 1.0291057
1 12 32.84324
2 30 21.562204
2 0 1.5880325
2 8 1.7068833
2 18 2.104095
2 13 0.6062152
2 33 2.1532776
2 11 5.0926857
2 29 1.181659
2 20 3.6580262
2 37 1.5588886
2 27 0.92501324
2 16 2000.0
2 23 7.6413016
2 25 0.4900367
3 36 0.9075069
3 28 9.13094
3 24 2000.0
3 12 0.06332434
3 1 1.0291057
3 9 0.55262446
4 31 0.07015735
4 9 0.090949185
4 17 0.17555141
4 19 0.07355872
5 30 0.8189736
5 8 0.6500902
5 18 0.7658798
5 13 39.242775
5 11 2.8970494
5 29 4.0497985
5 34 4.557408
5 20 3.1013465
5 37 8.532078
5 7 7.4627786
5 27 2.7423048
5 16 1.9673407
5 23 5.642899
5 25 2000.0
6 31 0.117083296
6 17 1.2914025
7 34 266.6667
7 30 0.858006
7 20 111.31481
7 8 3.535854
7 16 1.1825837
7 23 1.4770042
7 25 0.46969703
7 5 7.4627786
8 0 2000.0
8 30 0.5255461
8 18 1.1325585
8 13 1.9921755
8 11 1.1029721
8 29 1.3716689
8 5 0.6500902
8 34 24.468416
8 2 1.7068833
8 37 1.5628122
8 7 3.535854
8 27 1.6721007
8 16 1.362808
8 23 2.2667236
8 25 2000.0
9 36 0.5956284
9 26 2000.0
9 28 1.2743936
9 10 21.268215
9 22 0.063575394
9 31 0.036796533
9 12 2000.0
9 3 0.55262446
9 4 0.090949185
9 17 0.03481203
9 19 0.061954584
10 26 0.028768366
10 28 0.6739003
10 24 0.07352688
10 31 3.7799587
10 12 1281.4773
10 9 21.268215
10 17 0.029354282
11 0 2000.0
11 30 1.2762034
11 8 1.1029721
11 18 22.07806
11 13 1.193173
11 33 2.1615863
11 29 0.92539376
11 5 2.8970494
11 34 3.1050801
11 20 3.3549266
11 2 5.0926857
11 37 2.970849
11 7 1819.8296
11 27 0.8697997
11 16 1.7573547
11 25 0.7477809
12 26 0.30522767
12 32 9.9319725
12 10 1281.4773
12 24 0.06516038
12 21 0.15141219
12 3 0.06332434
12 1 32.84324
13 30 94.10228
13 0 0.919868
13 8 1.9921755
13 18 450.00003
13 33 0.8001789
13 11 1.193173
13 29 0.9423701
13 5 39.242775
13 34 57.142857
13 20 1.965931
13 2 0.6062152
13 14 6.6947412
13 37 1.67171
13 7 2000.0
13 27 0.40953234
13 16 25.112919
13 25 0.24439657
14 30 27.609728
14 20 9.723367
14 13 6.6947412
14 27 10.116396
14 33 0.5295906
14 11 2000.0
14 25 2.6920607
15 32 0.07030792
15 21 9.088556
16 30 1.1796651
16 8 1.362808
16 18 0.87156624
16 13 25.112919
16 11 1.7573547
16 29 476.30972
16 5 1.9673407
16 34 22.9134
16 20 119.65783
16 7 1.1825837
16 27 1.747598
16 23 3.1244829
16 25 0.454674
17 6 1.2914025
17 26 3.3179724
17 10 0.029354282
17 24 0.16253027
17 31 1.438859
17 9 0.03481203
17 4 0.17555141
17 19 80.0
18 0 2000.0
18 30 0.6660347
18 8 1.1325585
18 13 450.00003
18 11 22.07806
18 29 1.0875225
18 5 0.7658798
18 2 2.104095
18 37 2.2941036
18 7 2000.0
18 27 12.530727
18 16 0.87156624
18 23 1.2584442
19 31 0.12573211
19 9 0.061954584
19 4 0.07355872
19 17 80.0
20 30 5.3449273
20 13 1.965931
20 33 1.5798761
20 11 3.3549266
20 29 7.43196
20 5 3.1013465
20 34 1.9151912
20 2 3.6580262
20 14 9.723367
20 37 4.6139407
20 7 111.31481
20 27 3.710022
20 16 119.65783
20 25 1.1037729
21 26 2000.0
21 32 800.0
21 24 1.2697434
21 35 0.034393243
21 31 2000.0
21 12 0.15141219
21 15 9.088556
22 31 78.26088
22 9 0.063575394
22 19 2000.0
23 0 2000.0
23 30 2.2594435
23 8 2.2667236
23 2 7.6413016
23 37 1.2907588
23 18 1.2584442
23 7 1.4770042
23 16 3.1244829
23 11 2000.0
23 29 1.3357168
23 5 5.642899
24 26 0.03650593
24 32 0.2880809
24 10 0.07352688
24 21 1.2697434
24 12 0.06516038
24 15 2000.0
24 17 0.16253027
25 0 28.382431
25 30 20.885473
25 13 0.24439657
25 33 0.5611155
25 11 0.7477809
25 29 4.049326
25 34 1.7050775
25 20 1.1037729
25 2 0.4900367
25 14 2.6920607
25 37 34.855503
25 7 0.46969703
25 27 0.21399768
25 16 0.454674
26 32 48.120834
26 28 0.053603366
26 10 0.028768366
26 24 0.03650593
26 31 0.12082645
26 12 0.30522767
26 17 3.3179724
27 30 0.24629271
27 0 2000.0
27 8 1.6721007
27 18 12.530727
27 13 0.40953234
27 33 0.8943498
27 11 0.8697997
27 29 0.71286887
27 5 2.7423048
27 34 1.8058531
27 20 3.710022
27 2 0.92501324
27 14 10.116396
27 37 1.068488
27 7 2000.0
27 16 1.747598
27 25 0.21399768
28 36 0.05139717
28 26 0.053603366
28 10 0.6739003
28 3 9.13094
28 12 1211.1364
28 9 1.2743936
28 19 1367.1023
29 0 32.408867
29 30 1.5269696
29 8 1.3716689
29 18 1.0875225
29 13 0.9423701
29 33 9.768939
29 11 0.92539376
29 5 4.0497985
29 34 6.5329747
29 20 7.43196
29 2 1.181659
29 37 0.9036392
29 7 2000.0
29 27 0.71286887
29 16 476.30972
29 23 1.3357168
29 25 4.049326
30 8 0.5255461
30 18 0.6660347
30 13 94.10228
30 33 8.674706
30 11 1.2762034
30 29 1.5269696
30 5 0.8189736
30 34 1.7159505
30 20 5.3449273
30 2 21.562204
30 14 27.609728
30 37 19.101633
30 7 0.858006
30 27 0.24629271
30 16 1.1796651
30 23 2.2594435
30 25 20.885473
31 26 0.12082645
31 6 0.117083296
31 10 3.7799587
31 35 56.229465
31 22 78.26088
31 9 0.036796533
31 4 0.07015735
31 17 1.438859
31 19 0.12573211
32 26 48.120834
32 24 0.2880809
32 21 800.0
32 12 9.9319725
32 15 0.07030792
33 30 8.674706
33 13 0.8001789
33 11 2.1615863
33 29 9.768939
33 5 2000.0
33 34 2000.0
33 20 1.5798761
33 2 2.1532776
33 14 0.5295906
33 7 2000.0
33 27 0.8943498
33 16 3017.898
33 25 0.5611155
34 30 1.7159505
34 20 1.9151912
34 8 24.468416
34 37 2000.0
34 7 266.6667
34 13 57.142857
34 27 1.8058531
34 16 22.9134
34 11 3.1050801
34 29 6.5329747
34 25 1.7050775
34 5 4.557408
35 21 0.034393243
35 31 56.229465
36 28 0.05139717
36 3 0.9075069
36 9 0.5956284
37 30 19.101633
37 0 1.58719
37 8 1.5628122
37 18 2.2941036
37 13 1.67171
37 11 2.970849
37 29 0.9036392
37 5 8.532078
37 20 4.6139407
37 2 1.5588886
37 7 1691.9886
37 27 1.068488
37 16 2000.0
37 23 1.2907588
37 25 34.855503
