0 2 2.0597801
0 37 6.4350424
0 13 1.0404751
0 29 29.93359
0 25 30.769232
1 3 1.1501466
1 12 12.15625
2 30 31.63306
2 0 2.0597801
2 8 1.2673272
2 18 2.1131861
2 13 0.58863634
2 33 1.4926499
2 11 1.2965801
2 29 1.29271
2 20 2.1951113
2 37 0.8657111
2 27 1.25427
2 16 2000.0
2 23 13.065044
2 25 0.44066975
3 36 0.5803031
3 28 46.917778
3 24 392.0
3 12 0.068788916
3 1 1.1501466
3 9 0.34163412
4 31 0.08162879
4 9 0.078498684
4 17 0.12782362
4 19 0.07430115
5 30 0.7676042
5 8 1.1202562
5 18 1.8035436
5 13 28.482151
5 11 1.6698177
5 29 5.052616
5 34 4.236457
5 20 4.036035
5 37 19.265686
5 7 10.396097
5 27 4.130856
5 16 2.2112925
5 23 8.590185
5 25 2000.0
6 31 0.26703614
6 17 0.651598
7 30 0.7811845
7 20 30.934408
7 8 16.094154
7 37 136.40674
7 16 2.0568717
7 23 1.3817745
7 11 117.76846
7 25 2.3698158
7 5 10.396097
8 0 2000.0
8 30 0.42752934
8 18 1.4214773
8 13 0.869741
8 11 0.9349839
8 29 1.0356331
8 5 1.1202562
8 34 177.12039
8 2 1.2673272
8 37 0.9876252
8 7 16.094154
8 27 1.7333918
8 16 1.426777
8 23 1.5536413
8 25 2000.0
9 36 0.54565066
9 26 2000.0
9 28 1.3921753
9 10 7.361111
9 22 0.061061792
9 31 0.028663324
9 3 0.34163412
9 12 2000.0
9 4 0.078498684
9 17 0.035804164
9 19 0.067388594
10 26 0.029896062
10 28 0.26658407
10 24 0.08759511
10 31 0.8687166
10 12 55.81928
10 9 7.361111
10 17 0.031204179
11 0 2000.0
11 30 0.7136266
11 8 0.9349839
11 18 9.118651
11 13 1.1287249
11 33 2.0078533
11 29 1.0574352
11 5 1.6698177
11 34 2.0397434
11 20 4.0333
11 2 1.2965801
11 37 1.3645723
11 7 117.76846
11 27 0.86271715
11 16 0.9959131
11 25 1.0186355
12 26 1.8474255
12 32 1.7016515
12 10 55.81928
12 24 0.061127264
12 21 0.30408272
12 3 0.068788916
12 1 12.15625
13 30 109.73935
13 0 1.0404751
13 8 0.869741
13 18 30.357872
13 33 0.7720296
13 11 1.1287249
13 29 1.0143659
13 5 28.482151
13 34 293.98495
13 20 1.2265909
13 2 0.58863634
13 14 2.349764
13 37 1.0620911
13 7 2000.0
13 27 0.19099413
13 16 50.0
13 25 0.2251432
14 34 2000.0
14 30 21.049784
14 20 1.8022555
14 13 2.349764
14 27 2.1626055
14 33 0.39686036
14 11 2000.0
14 25 1.7944019
15 32 0.0704631
15 21 11.158598
16 0 2000.0
16 30 1.1684384
16 8 1.426777
16 18 3.0460536
16 13 50.0
16 11 0.9959131
16 5 2.2112925
16 34 122.16018
16 20 27.032162
16 7 2.0568717
16 27 1.3460581
16 23 4.051183
16 25 1.0320294
17 6 0.651598
17 26 2.03617
17 10 0.031204179
17 24 0.061662346
17 31 1.0153599
17 9 0.035804164
17 4 0.12782362
17 19 44.444443
18 0 2000.0
18 30 1.1313232
18 8 1.4214773
18 2 2.1131861
18 37 4.596319
18 13 30.357872
18 27 45.83422
18 16 3.0460536
18 11 9.118651
18 23 1.5673174
18 29 1.1739091
18 5 1.8035436
19 28 53.264656
19 31 0.063950405
19 9 0.067388594
19 4 0.07430115
19 17 44.444443
20 30 1.5771781
20 13 1.2265909
20 33 1.4690406
20 11 4.0333
20 29 4.6059484
20 5 4.036035
20 34 1.2558573
20 2 2.1951113
20 14 1.8022555
20 37 3.8529072
20 7 30.934408
20 27 2.3704395
20 16 27.032162
20 25 0.7663618
21 26 2000.0
21 32 266.6667
21 24 1.4895551
21 35 0.034181047
21 31 2000.0
21 12 0.30408272
21 15 11.158598
22 31 288.00003
22 9 0.061061792
22 19 2000.0
23 30 2.4591193
23 0 2000.0
23 8 1.5536413
23 2 13.065044
23 37 1.8163958
23 18 1.5673174
23 7 1.3817745
23 16 4.051183
23 11 2000.0
23 29 1.8877633
23 5 8.590185
24 26 0.045696322
24 32 0.54576826
24 10 0.08759511
24 21 1.4895551
24 12 0.061127264
24 3 392.0
24 15 2000.0
24 17 0.061662346
25 30 17.550238
25 0 30.769232
25 13 0.2251432
25 33 0.48345435
25 11 1.0186355
25 29 3.8240824
25 34 5.418536
25 20 0.7663618
25 2 0.44066975
25 14 1.7944019
25 37 33.838665
25 7 2.3698158
25 27 0.3229783
25 16 1.0320294
26 32 72.68183
26 28 0.05949074
26 10 0.029896062
26 24 0.045696322
26 31 2.9936078
26 12 1.8474255
26 17 2.03617
27 30 0.22053683
27 0 2000.0
27 8 1.7333918
27 18 45.83422
27 13 0.19099413
27 33 1.0246402
27 11 0.86271715
27 29 0.8588169
27 5 4.130856
27 34 0.95545715
27 20 2.3704395
27 2 1.25427
27 14 2.1626055
27 37 1.0360863
27 7 2000.0
27 16 1.3460581
27 25 0.3229783
28 36 0.034703482
28 26 0.05949074
28 10 0.26658407
28 3 46.917778
28 12 2000.0
28 9 1.3921753
28 19 53.264656
29 0 29.93359
29 30 1.2762252
29 8 1.0356331
29 18 1.1739091
29 13 1.0143659
29 33 23.647339
29 11 1.0574352
29 5 5.052616
29 34 4.2558365
29 20 4.6059484
29 2 1.29271
29 37 1.1736144
29 7 2000.0
29 27 0.8588169
29 16 2000.0
29 23 1.8877633
29 25 3.8240824
30 8 0.42752934
30 18 1.1313232
30 13 109.73935
30 33 4.592767
30 11 0.7136266
30 29 1.2762252
30 5 0.7676042
30 34 1.1352013
30 20 1.5771781
30 2 31.63306
30 14 21.049784
30 37 29.224817
30 7 0.7811845
30 27 0.22053683
30 16 1.1684384
30 23 2.4591193
30 25 17.550238
31 26 2.9936078
31 6 0.26703614
31 10 0.8687166
31 35 4.1645107
31 22 288.00003
31 9 0.028663324
31 4 0.08162879
31 17 1.0153599
31 19 0.063950405
32 26 72.68183
32 24 0.54576826
32 21 266.6667
32 12 1.7016515
32 15 0.0704631
33 30 4.592767
33 13 0.7720296
33 11 2.0078533
33 29 23.647339
33 5 2000.0
33 34 2000.0
33 20 1.4690406
33 2 1.4926499
33 14 0.39686036
33 7 2000.0
33 27 1.0246402
33 16 2738.6362
33 25 0.48345435
34 30 1.1352013
34 20 1.2558573
34 8 177.12039
34 37 2000.0
34 7 2000.0
34 13 293.98495
34 27 0.95545715
34 16 122.16018
34 11 2.0397434
34 29 4.2558365
34 25 5.418536
34 5 4.236457
35 21 0.034181047
35 31 4.1645107
36 28 0.034703482
36 3 0.5803031
36 9 0.54565066
37 30 29.224817
37 0 6.4350424
37 8 0.9876252
37 18 4.596319
37 13 1.0620911
37 11 1.3645723
37 29 1.1736144
37 5 19.265686
37 20 3.8529072
37 2 0.8657111
37 7 136.40674
37 27 1.0360863
37 16 1696.4204
37 23 1.8163958
37 25 33.838665
