0 8 10.628946
0 2 1.2386734
0 37 0.9793342
0 13 0.9734428
0 11 98.74725
0 25 900.00006
0 29 12.144347
1 3 0.48876467
1 12 1096.0796
2 30 39.311306
2 0 1.2386734
2 8 1.1823728
2 18 6.991961
2 13 0.3297808
2 33 4.9608245
2 11 1.2318821
2 29 1.0294439
2 20 9.943181
2 37 0.92119455
2 27 0.9088764
2 16 2000.0
2 23 45.24764
2 25 2.079663
3 36 0.20978197
3 28 0.09193601
3 24 2000.0
3 12 0.08746104
3 1 0.48876467
3 9 0.2134948
4 31 0.0814448
4 9 0.06669922
4 17 0.07625211
4 19 0.0782487
5 30 0.68599236
5 8 0.70295435
5 18 0.45939624
5 13 2000.0
5 11 2.1560256
5 29 1.9485329
5 34 2.769859
5 20 3.6236928
5 37 2000.0
5 7 4.5640154
5 27 1.1635774
5 16 2.0455513
5 23 1.9173297
6 22 133.33334
6 31 1.1966162
6 17 1.4745209
7 34 5.3446727
7 30 0.8222826
7 20 1.5039529
7 8 27.697615
7 37 10.866344
7 27 31.081995
7 16 1.3819613
7 11 5.19709
7 23 0.92483795
7 25 6.820327
7 5 4.5640154
8 0 10.628946
8 30 0.6200071
8 18 0.8075248
8 13 1.7953303
8 11 1.1259353
8 29 0.7079451
8 5 0.70295435
8 34 4.417677
8 2 1.1823728
8 37 1.1189228
8 7 27.697615
8 27 0.8809146
8 16 1.4447181
8 23 0.96006435
9 36 1.7673815
9 26 2000.0
9 28 1.3252424
9 10 3.7016232
9 22 0.37271142
9 31 0.028236065
9 12 2000.0
9 3 0.2134948
9 17 0.046963487
9 4 0.06669922
9 19 0.0662428
10 26 0.03501935
10 28 0.21073855
10 24 0.07902158
10 31 0.05333126
10 12 4.965066
10 9 3.7016232
10 17 0.029255688
11 0 98.74725
11 30 0.42378244
11 8 1.1259353
11 18 5.625389
11 13 0.89876324
11 33 2.578541
11 29 0.45112708
11 5 2.1560256
11 34 2.5667198
11 20 1.4497124
11 2 1.2318821
11 37 1.409638
11 7 5.19709
11 27 0.51275253
11 16 0.83635664
11 25 1.0204806
12 26 2.9790826
12 28 3.6058896
12 32 0.22045097
12 10 4.965066
12 24 0.07964805
12 21 0.08058704
12 3 0.08746104
13 30 2.133388
13 0 0.9734428
13 8 1.7953303
13 18 2000.0
13 33 0.7573258
13 11 0.89876324
13 29 0.8591115
13 34 11.4309225
13 20 0.9021826
13 2 0.3297808
13 14 3.095262
13 37 1.7185222
13 27 0.16777931
13 16 440.62112
13 25 0.64092535
14 20 2.1706672
14 13 3.095262
14 33 0.62100405
14 27 1.918581
14 11 2000.0
14 25 3.3099582
15 32 0.08025155
15 21 1.6681404
16 0 2000.0
16 30 1.1042414
16 8 1.4447181
16 18 0.83493876
16 13 440.62112
16 11 0.83635664
16 29 77.48202
16 5 2.0455513
16 20 64.19063
16 37 89.43824
16 7 1.3819613
16 27 1.9787933
16 23 7.7887607
16 25 1.3953762
17 26 2.0111578
17 6 1.4745209
17 10 0.029255688
17 24 0.2836621
17 31 1.7762392
17 9 0.046963487
17 4 0.07625211
17 19 2.7193937
18 30 0.6580727
18 2 6.991961
18 8 0.8075248
18 37 1.0771022
18 13 2000.0
18 7 2000.0
18 27 2.9100466
18 16 0.83493876
18 23 1.5002177
18 11 5.625389
18 29 1.0261971
18 5 0.45939624
19 31 0.070222124
19 9 0.0662428
19 17 2.7193937
19 4 0.0782487
20 30 15.966658
20 13 0.9021826
20 33 0.9791583
20 11 1.4497124
20 29 1.0850139
20 5 3.6236928
20 34 0.77283794
20 2 9.943181
20 14 2.1706672
20 37 7.1787605
20 7 1.5039529
20 27 0.7229877
20 16 64.19063
20 25 0.43241933
21 24 0.10403606
21 35 0.03790622
21 12 0.08058704
21 15 1.6681404
22 6 133.33334
22 31 1199.8864
22 9 0.37271142
22 19 1056.0795
23 0 2000.0
23 30 1.6688637
23 2 45.24764
23 8 0.96006435
23 37 2.3247747
23 18 1.5002177
23 7 0.92483795
23 16 7.7887607
23 11 2000.0
23 29 4.7634006
23 5 1.9173297
24 26 0.07587016
24 32 0.10406917
24 10 0.07902158
24 21 0.10403606
24 31 11.586467
24 12 0.07964805
24 15 2000.0
24 17 0.2836621
25 0 900.00006
25 30 1.8692002
25 13 0.64092535
25 33 0.7011323
25 11 1.0204806
25 29 2.8703125
25 34 1.4372416
25 20 0.43241933
25 2 2.079663
25 14 3.3099582
25 37 23.997602
25 7 6.820327
25 27 0.7325511
25 16 1.3953762
26 36 223.29907
26 32 28.669775
26 28 0.03333708
26 10 0.03501935
26 24 0.07587016
26 31 0.07102273
26 12 2.9790826
26 17 2.0111578
27 0 2000.0
27 30 0.16936228
27 8 0.8809146
27 18 2.9100466
27 13 0.16777931
27 33 0.8600089
27 11 0.51275253
27 29 0.5382514
27 5 1.1635774
27 34 0.8450301
27 20 0.7229877
27 2 0.9088764
27 14 1.918581
27 37 1.3242658
27 7 31.081995
27 16 1.9787933
27 25 0.7325511
28 36 0.041072316
28 26 0.03333708
28 10 0.21073855
28 3 0.09193601
28 12 3.6058896
28 9 1.3252424
29 0 12.144347
29 30 2.7236457
29 8 0.7079451
29 18 1.0261971
29 13 0.8591115
29 11 0.45112708
29 5 1.9485329
29 34 4.6828904
29 20 1.0850139
29 2 1.0294439
29 37 0.7490012
29 7 2000.0
29 27 0.5382514
29 16 77.48202
29 23 4.7634006
29 25 2.8703125
30 0 2000.0
30 8 0.6200071
30 18 0.6580727
30 13 2.133388
30 33 3.7835076
30 11 0.42378244
30 29 2.7236457
30 5 0.68599236
30 34 2.429183
30 20 15.966658
30 2 39.311306
30 14 2000.0
30 37 7.0235796
30 7 0.8222826
30 27 0.16936228
30 16 1.1042414
30 23 1.6688637
30 25 1.8692002
31 26 0.07102273
31 6 1.1966162
31 10 0.05333126
31 24 11.586467
31 9 0.028236065
31 17 1.7762392
31 4 0.0814448
31 19 0.070222124
32 26 28.669775
32 24 0.10406917
32 12 0.22045097
32 15 0.08025155
33 34 2000.0
33 30 3.7835076
33 20 0.9791583
33 2 4.9608245
33 14 0.62100405
33 7 2000.0
33 13 0.7573258
33 27 0.8600089
33 16 2000.0
33 11 2.578541
33 29 3275.3408
33 25 0.7011323
34 30 2.429183
34 20 0.77283794
34 8 4.417677
34 7 5.3446727
34 13 11.4309225
34 27 0.8450301
34 16 2536.0227
34 11 2.5667198
34 25 1.4372416
34 29 4.6828904
34 5 2.769859
35 21 0.03790622
36 26 223.29907
36 28 0.041072316
36 3 0.20978197
36 9 1.7673815
37 30 7.0235796
37 0 0.9793342
37 8 1.1189228
37 18 1.0771022
37 13 1.7185222
37 11 1.409638
37 29 0.7490012
37 20 7.1787605
37 2 0.92119455
37 7 10.866344
37 27 1.3242658
37 16 89.43824
37 23 2.3247747
37 25 23.997602
