0 8 10.023938
0 2 0.5633853
0 37 5.5322394
0 13 0.64236015
0 11 334.06952
0 29 6.900057
1 3 0.28231815
1 12 1199.659
2 30 17.433443
2 0 0.5633853
2 20 9.75855
2 8 2.0362468
2 37 1.2696906
2 18 43.33961
2 13 0.725704
2 33 1.6382436
2 27 2.255137
2 11 3.1064944
2 29 2.3215714
2 25 3.9974935
3 36 0.18138112
3 28 0.10024925
3 24 2000.0
3 12 0.0572557
3 1 0.28231815
3 9 0.33471256
4 31 0.09240656
4 9 0.068489805
4 17 0.07572338
4 19 0.092709675
5 30 0.89510775
5 8 2.7802572
5 18 0.980239
5 13 65.333336
5 11 3.2815053
5 29 10.687234
5 34 6.6162434
5 20 2.7419593
5 37 2000.0
5 7 15.584443
5 27 3.4685407
5 16 1.2900356
5 23 12.925479
6 31 1.4087105
6 17 1.6356802
7 34 25.852337
7 30 1.1075474
7 20 4.3231025
7 8 90.74865
7 37 48.894203
7 27 113.89092
7 16 2.0103045
7 11 10.791051
7 23 2.2324822
7 25 30.964996
7 5 15.584443
8 0 10.023938
8 30 0.9822546
8 18 1.5029683
8 13 22.47701
8 11 3.8499675
8 29 1.030303
8 5 2.7802572
8 34 11.325424
8 2 2.0362468
8 37 1.6461248
8 7 90.74865
8 27 2.377414
8 16 1.4649328
8 23 1.6252451
9 36 1.2251263
9 26 2000.0
9 28 31.041761
9 10 4.2483473
9 22 0.60362756
9 31 0.030537555
9 3 0.33471256
9 17 0.05300857
9 4 0.068489805
9 19 0.0719473
10 26 0.046303537
10 28 0.6892712
10 24 0.073016725
10 31 0.030607576
10 12 0.7415162
10 9 4.2483473
10 17 0.03070733
11 0 334.06952
11 30 1.1529359
11 8 3.8499675
11 18 10.433265
11 13 1.3600676
11 33 6.4785924
11 29 1.0854424
11 5 3.2815053
11 34 3.8058298
11 20 2.2486303
11 2 3.1064944
11 37 4.740712
11 7 10.791051
11 27 0.9662094
11 16 1.8485941
11 25 2.1122034
12 26 2.5794172
12 28 5.165983
12 32 0.1532382
12 10 0.7415162
12 24 0.10916598
12 21 0.078707576
12 3 0.0572557
13 30 11.8642025
13 0 0.64236015
13 8 22.47701
13 18 416.6667
13 33 0.7897062
13 11 1.3600676
13 29 1.4642867
13 5 65.333336
13 34 42.240974
13 20 0.8580394
13 2 0.725704
13 14 4.2119403
13 37 13.145663
13 27 0.19237758
13 16 3265.2842
13 25 0.6560144
14 20 1.9217744
14 13 4.2119403
14 33 1.207835
14 27 2.1281724
14 11 2000.0
14 25 5.981983
15 32 0.068539225
15 21 12.8961735
16 30 1.1601784
16 0 2000.0
16 8 1.4649328
16 18 1.0852109
16 11 1.8485941
16 29 2000.0
16 5 1.2900356
16 20 7.734639
16 37 399.5625
16 7 2.0103045
16 27 1.636405
16 23 13.701662
16 25 10.141485
17 26 2.399465
17 6 1.6356802
17 10 0.03070733
17 24 0.27016646
17 31 1.1983011
17 9 0.05300857
17 4 0.07572338
17 19 4.2351394
18 30 0.737747
18 2 43.33961
18 8 1.5029683
18 37 1.5800326
18 7 2000.0
18 13 416.6667
18 27 7.864096
18 16 1.0852109
18 23 2.6924546
18 11 10.433265
18 29 2.4371755
18 5 0.980239
19 31 0.0669492
19 9 0.0719473
19 17 4.2351394
19 4 0.092709675
20 0 2000.0
20 30 15.214739
20 13 0.8580394
20 33 3.5013416
20 11 2.2486303
20 29 1.3512348
20 5 2.7419593
20 34 1.3210154
20 2 9.75855
20 14 1.9217744
20 37 10.291372
20 7 4.3231025
20 27 1.3481969
20 16 7.734639
20 25 1.7071694
21 32 2000.0
21 24 0.051104303
21 35 0.04329498
21 12 0.078707576
21 15 12.8961735
22 6 1055.7954
22 31 2000.0
22 9 0.60362756
22 19 1594.4319
23 0 2000.0
23 30 4.0670085
23 2 139.66393
23 8 1.6252451
23 37 21.254665
23 18 2.6924546
23 7 2.2324822
23 16 13.701662
23 11 2000.0
23 29 10.886477
23 5 12.925479
24 26 0.083345175
24 32 0.09943477
24 10 0.073016725
24 21 0.051104303
24 31 14.856273
24 12 0.10916598
24 15 2000.0
24 17 0.27016646
25 0 2000.0
25 30 2.203456
25 13 0.6560144
25 33 0.75089043
25 11 2.1122034
25 29 5.423461
25 34 11.793861
25 20 1.7071694
25 2 3.9974935
25 14 5.981983
25 37 68.163826
25 7 30.964996
25 27 0.77586174
25 16 10.141485
26 32 20.569155
26 28 0.051294804
26 10 0.046303537
26 24 0.083345175
26 31 0.07956756
26 12 2.5794172
26 17 2.399465
27 0 2000.0
27 30 0.23709036
27 8 2.377414
27 18 7.864096
27 13 0.19237758
27 33 1.7752347
27 11 0.9662094
27 29 0.30179426
27 5 3.4685407
27 34 0.803739
27 20 1.3481969
27 2 2.255137
27 14 2.1281724
27 37 5.3496404
27 7 113.89092
27 16 1.636405
27 25 0.77586174
28 36 0.04749123
28 26 0.051294804
28 10 0.6892712
28 3 0.10024925
28 12 5.165983
28 9 31.041761
29 0 6.900057
29 30 3.2303052
29 8 1.030303
29 18 2.4371755
29 13 1.4642867
29 11 1.0854424
29 5 10.687234
29 34 12.2925625
29 20 1.3512348
29 2 2.3215714
29 37 1.0993356
29 7 2000.0
29 27 0.30179426
29 23 10.886477
29 25 5.423461
30 0 2000.0
30 8 0.9822546
30 18 0.737747
30 13 11.8642025
30 33 1.2771726
30 11 1.1529359
30 29 3.2303052
30 5 0.89510775
30 34 3.4039779
30 20 15.214739
30 2 17.433443
30 14 2000.0
30 37 15.819189
30 7 1.1075474
30 27 0.23709036
30 16 1.1601784
30 23 4.0670085
30 25 2.203456
31 26 0.07956756
31 6 1.4087105
31 10 0.030607576
31 24 14.856273
31 9 0.030537555
31 17 1.1983011
31 4 0.09240656
31 19 0.0669492
32 26 20.569155
32 24 0.09943477
32 12 0.1532382
32 15 0.068539225
33 30 1.2771726
33 8 2000.0
33 13 0.7897062
33 11 6.4785924
33 29 1351.0227
33 5 2000.0
33 34 2000.0
33 20 3.5013416
33 2 1.6382436
33 14 1.207835
33 7 2000.0
33 27 1.7752347
33 16 2000.0
33 25 0.75089043
34 30 3.4039779
34 20 1.3210154
34 8 11.325424
34 7 25.852337
34 13 42.240974
34 27 0.803739
34 16 3659.4888
34 11 3.8058298
34 25 11.793861
34 29 12.2925625
34 5 6.6162434
35 21 0.04329498
36 26 2000.0
36 28 0.04749123
36 3 0.18138112
36 9 1.2251263
37 30 15.819189
37 0 5.5322394
37 8 1.6461248
37 18 1.5800326
37 13 13.145663
37 11 4.740712
37 29 1.0993356
37 20 10.291372
37 2 1.2696906
37 7 48.894203
37 27 5.3496404
37 16 399.5625
37 23 21.254665
37 25 68.163826
