0 8 39.166866
0 2 1.4566886
0 37 0.9897184
0 13 0.49999252
0 11 67.789566
0 29 7.0872717
1 3 0.3411657
1 12 1201.591
2 30 14.06895
2 0 1.4566886
2 8 1.3017074
2 18 12.1082735
2 13 0.4322977
2 33 2.501863
2 11 1.4449111
2 29 1.1928332
2 20 2.9959753
2 37 1.0288647
2 27 0.88926125
2 16 2000.0
2 23 109.507355
2 25 1.0650444
3 36 0.24825388
3 28 0.09927885
3 24 266.6667
3 12 0.06587017
3 1 0.3411657
3 9 0.3935606
4 31 0.075751476
4 9 0.06637902
4 17 0.085936606
4 19 0.0793741
5 30 0.7544151
5 8 1.0018045
5 18 0.59014314
5 13 2000.0
5 11 4.7790728
5 29 4.038684
5 34 4.6922817
5 20 2.7588952
5 37 800.0
5 7 9.442141
5 27 3.3029518
5 16 1.3418895
5 23 5.974373
6 21 2000.0
6 31 1.030069
6 17 1.8408014
7 34 11.725845
7 30 0.77240705
7 20 1.356247
7 8 35.642048
7 37 9.401897
7 27 48.752514
7 16 1.4269997
7 11 10.493326
7 23 1.4254848
7 25 3.695158
7 5 9.442141
8 0 39.166866
8 30 0.68889105
8 18 0.9600189
8 13 1.6381248
8 11 2.372284
8 29 0.8096692
8 5 1.0018045
8 34 8.097105
8 2 1.3017074
8 37 1.3969325
8 7 35.642048
8 27 1.019413
8 16 1.3683815
8 23 1.1134144
9 36 1.9063573
9 26 2000.0
9 28 9.288022
9 10 6.4434586
9 22 0.45684347
9 31 0.0290802
9 3 0.3935606
9 17 0.055412173
9 4 0.06637902
9 19 0.07073398
10 26 0.04421362
10 28 0.7082958
10 24 0.07572095
10 31 0.034750406
10 12 5.542474
10 9 6.4434586
10 17 0.029931473
11 0 67.789566
11 30 0.39368692
11 8 2.372284
11 18 4.8849597
11 13 0.5330175
11 33 3.234517
11 29 0.3952821
11 5 4.7790728
11 34 4.8141084
11 20 1.1844561
11 2 1.4449111
11 37 1.2823782
11 7 10.493326
11 27 0.4553778
11 16 0.9559444
11 25 1.843964
12 26 0.58787876
12 28 5.1861296
12 32 0.30939108
12 10 5.542474
12 24 0.10363915
12 21 0.10219853
12 3 0.06587017
12 1 1201.591
13 30 0.86021954
13 0 0.49999252
13 8 1.6381248
13 18 800.0
13 33 0.7546301
13 11 0.5330175
13 29 0.6354912
13 34 13.038071
13 20 0.5350141
13 2 0.4322977
13 14 2.6422143
13 37 1.5387863
13 27 0.25814718
13 16 106.33992
13 25 0.78436685
14 20 0.68317604
14 13 2.6422143
14 33 0.42890072
14 27 4.0295897
14 11 2000.0
14 25 2.1131864
15 32 0.0749066
15 21 1.1586485
16 0 2000.0
16 30 1.0670941
16 8 1.3683815
16 18 0.9189182
16 13 106.33992
16 11 0.9559444
16 29 288.00003
16 5 1.3418895
16 20 6.651797
16 37 141.14761
16 7 1.4269997
16 27 1.566562
16 23 8.579792
16 25 1.6543244
17 26 1.7732061
17 6 1.8408014
17 10 0.029931473
17 24 0.24915376
17 31 1.2286016
17 9 0.055412173
17 4 0.085936606
17 19 2.9568264
18 30 0.7198301
18 2 12.1082735
18 8 0.9600189
18 37 1.515387
18 7 2000.0
18 13 800.0
18 27 2.7776668
18 16 0.9189182
18 23 1.250145
18 11 4.8849597
18 29 1.1065902
18 5 0.59014314
19 31 0.07937779
19 9 0.07073398
19 17 2.9568264
19 4 0.0793741
20 0 2000.0
20 30 8.05776
20 13 0.5350141
20 33 1.0440978
20 11 1.1844561
20 29 2.4162986
20 5 2.7588952
20 34 0.93933815
20 2 2.9959753
20 14 0.68317604
20 37 8.913056
20 7 1.356247
20 27 0.45017603
20 16 6.651797
20 25 0.8492398
21 10 2000.0
21 24 0.13290006
21 35 0.039132863
21 12 0.10219853
21 15 1.1586485
22 6 1684.2046
22 31 1121.8182
22 9 0.45684347
22 19 1203.9772
23 0 2000.0
23 30 1.894263
23 2 109.507355
23 8 1.1134144
23 37 2.4695694
23 18 1.250145
23 7 1.4254848
23 16 8.579792
23 11 2000.0
23 29 3.191866
23 5 5.974373
24 26 0.079111554
24 32 0.10472046
24 10 0.07572095
24 21 0.13290006
24 31 7.134432
24 12 0.10363915
24 3 266.6667
24 15 2000.0
24 17 0.24915376
25 0 2000.0
25 30 2.1359909
25 13 0.78436685
25 33 0.5013609
25 11 1.843964
25 29 2.248129
25 34 5.197903
25 20 0.8492398
25 2 1.0650444
25 14 2.1131864
25 37 82.78237
25 7 3.695158
25 27 0.5912186
25 16 1.6543244
26 32 16.199368
26 28 0.04016634
26 10 0.04421362
26 24 0.079111554
26 31 0.062895484
26 12 0.58787876
26 17 1.7732061
27 0 2000.0
27 30 0.16858505
27 8 1.019413
27 18 2.7776668
27 13 0.25814718
27 33 0.9080762
27 11 0.4553778
27 29 0.80086625
27 5 3.3029518
27 34 2.557053
27 20 0.45017603
27 2 0.88926125
27 14 4.0295897
27 37 2.5132306
27 7 48.752514
27 16 1.566562
27 25 0.5912186
28 36 0.042232286
28 26 0.04016634
28 10 0.7082958
28 3 0.09927885
28 12 5.1861296
28 9 9.288022
29 0 7.0872717
29 30 2.760405
29 8 0.8096692
29 18 1.1065902
29 13 0.6354912
29 11 0.3952821
29 5 4.038684
29 34 16.034586
29 20 2.4162986
29 2 1.1928332
29 37 1.1928107
29 7 2000.0
29 27 0.80086625
29 16 288.00003
29 23 3.191866
29 25 2.248129
30 0 2000.0
30 8 0.68889105
30 18 0.7198301
30 13 0.86021954
30 33 2.2954133
30 11 0.39368692
30 29 2.760405
30 5 0.7544151
30 34 3.2406473
30 20 8.05776
30 2 14.06895
30 14 2000.0
30 37 6.0574126
30 7 0.77240705
30 27 0.16858505
30 16 1.0670941
30 23 1.894263
30 25 2.1359909
31 26 0.062895484
31 6 1.030069
31 10 0.034750406
31 24 7.134432
31 9 0.0290802
31 17 1.2286016
31 4 0.075751476
31 19 0.07937779
32 26 16.199368
32 24 0.10472046
32 12 0.30939108
32 15 0.0749066
33 30 2.2954133
33 8 2000.0
33 13 0.7546301
33 11 3.234517
33 29 2382.1023
33 34 2000.0
33 20 1.0440978
33 2 2.501863
33 14 0.42890072
33 7 2000.0
33 27 0.9080762
33 16 2000.0
33 25 0.5013609
34 30 3.2406473
34 20 0.93933815
34 8 8.097105
34 7 11.725845
34 13 13.038071
34 27 2.557053
34 16 2536.0227
34 11 4.8141084
34 25 5.197903
34 29 16.034586
34 5 4.6922817
35 21 0.039132863
36 26 2000.0
36 28 0.042232286
36 3 0.24825388
36 9 1.9063573
37 30 6.0574126
37 0 0.9897184
37 8 1.3969325
37 18 1.515387
37 13 1.5387863
37 11 1.2823782
37 29 1.1928107
37 5 800.0
37 20 8.913056
37 2 1.0288647
37 7 9.401897
37 27 2.5132306
37 16 141.14761
37 23 2.4695694
37 25 82.78237
