0 8 15.956933
0 2 0.57485723
0 37 0.6620926
0 13 0.5487892
0 11 54.945057
0 29 10.87407
1 3 0.27125785
1 12 1201.4773
2 30 9.337842
2 0 0.57485723
2 8 1.616438
2 18 10.496779
2 13 0.28317472
2 33 1.6380051
2 11 0.8716997
2 29 1.0097616
2 20 2.1422718
2 37 0.68664575
2 27 0.4514387
2 23 100.0
2 25 3.040276
3 36 0.37239212
3 28 0.092334636
3 24 2000.0
3 12 0.048254065
3 1 0.27125785
3 9 0.44777024
4 31 0.0829912
4 9 0.06805556
4 17 0.0825447
4 19 0.09857473
5 30 0.9070707
5 8 0.9163601
5 18 0.3649025
5 13 64.90284
5 11 2.4184377
5 29 2.6179137
5 34 1.4871242
5 20 4.2682667
5 37 2000.0
5 7 8.890435
5 27 2.3231273
5 16 2.110546
5 23 2.7942233
6 22 193.50758
6 31 0.5018672
6 17 0.73832285
7 34 5.636125
7 30 0.79947996
7 20 1.5897204
7 8 47.45348
7 37 14.084879
7 27 316.34274
7 16 1.1358502
7 11 6.465151
7 23 1.0231922
7 25 4.4607873
7 5 8.890435
8 0 15.956933
8 30 0.5488457
8 18 1.0019561
8 13 2.9671364
8 11 0.9651463
8 29 0.49589318
8 5 0.9163601
8 34 4.537913
8 2 1.616438
8 37 1.1803684
8 7 47.45348
8 27 1.373761
8 16 1.5227621
8 23 1.0071114
9 36 2.5774105
9 26 2000.0
9 28 0.61931825
9 10 3.5795453
9 22 0.55080646
9 31 0.028854208
9 3 0.44777024
9 17 0.09381642
9 4 0.06805556
9 19 0.10607664
10 26 0.028748373
10 28 0.183695
10 24 0.05146783
10 31 0.04023249
10 12 5.3296776
10 9 3.5795453
10 17 0.041410267
11 0 54.945057
11 30 0.33927315
11 8 0.9651463
11 18 10.881594
11 13 0.3964336
11 33 2.0570085
11 29 0.8687486
11 5 2.4184377
11 34 1.6178031
11 20 0.81020325
11 2 0.8716997
11 37 0.95274913
11 7 6.465151
11 27 0.34285608
11 16 0.7627024
11 25 1.021633
12 26 1.4310971
12 28 1.6558496
12 32 0.21831265
12 10 5.3296776
12 24 0.068886265
12 21 0.11362607
12 3 0.048254065
13 0 0.5487892
13 30 1.2220544
13 8 2.9671364
13 18 77.34717
13 33 0.7945641
13 11 0.3964336
13 29 0.8242191
13 5 64.90284
13 34 5.999489
13 20 0.52783304
13 2 0.28317472
13 14 1.9892561
13 37 1.0517408
13 27 0.30298862
13 16 71.38759
13 25 0.62454545
14 20 2.3698955
14 13 1.9892561
14 27 2.2911487
14 33 1.4709386
14 11 2000.0
14 25 4.7971387
15 32 0.07516496
15 21 1.1557573
16 30 1.1070542
16 0 2000.0
16 8 1.5227621
16 18 2.0023139
16 13 71.38759
16 11 0.7627024
16 29 21.023697
16 5 2.110546
16 20 4.295405
16 37 9.1419525
16 7 1.1358502
16 27 1.2786983
16 23 5.4625516
16 25 1.5129976
17 26 1.6644778
17 6 0.73832285
17 10 0.041410267
17 24 0.22993328
17 31 1.1793694
17 9 0.09381642
17 4 0.0825447
17 19 4.6525555
18 30 0.77161855
18 2 10.496779
18 8 1.0019561
18 37 1.1205791
18 13 77.34717
18 7 2000.0
18 27 3.324902
18 16 2.0023139
18 23 1.0728006
18 11 10.881594
18 29 1.0386178
18 5 0.3649025
19 22 160.0
19 31 0.091672875
19 9 0.10607664
19 17 4.6525555
19 4 0.09857473
20 30 17.17848
20 13 0.52783304
20 33 1.8167816
20 11 0.81020325
20 29 4.6342072
20 5 4.2682667
20 34 0.836252
20 2 2.1422718
20 14 2.3698955
20 37 1.8596241
20 7 1.5897204
20 27 0.4828473
20 16 4.295405
20 25 0.73459125
21 32 2000.0
21 24 0.79002213
21 35 0.03861408
21 12 0.11362607
21 15 1.1557573
22 6 193.50758
22 31 1246.1364
22 9 0.55080646
22 19 160.0
23 30 0.90186155
23 0 2000.0
23 2 100.0
23 8 1.0071114
23 37 1.5956525
23 18 1.0728006
23 7 1.0231922
23 27 2000.0
23 16 5.4625516
23 11 2000.0
23 29 2.232009
23 5 2.7942233
24 26 0.04648298
24 32 0.10307788
24 10 0.05146783
24 21 0.79002213
24 31 2.911208
24 12 0.068886265
24 3 2000.0
24 15 2000.0
24 17 0.22993328
25 30 4.7161584
25 13 0.62454545
25 33 0.28775147
25 11 1.021633
25 29 2.534726
25 34 1.2298753
25 20 0.73459125
25 2 3.040276
25 14 4.7971387
25 37 22.640179
25 7 4.4607873
25 27 0.70514303
25 16 1.5129976
26 32 41.36104
26 28 0.25067064
26 10 0.028748373
26 24 0.04648298
26 31 0.061941124
26 12 1.4310971
26 17 1.6644778
27 0 2000.0
27 30 0.15780233
27 8 1.373761
27 18 3.324902
27 13 0.30298862
27 33 1.0456394
27 11 0.34285608
27 29 0.4431177
27 5 2.3231273
27 34 0.90901023
27 20 0.4828473
27 2 0.4514387
27 14 2.2911487
27 37 0.61274916
27 7 316.34274
27 16 1.2786983
27 25 0.70514303
28 36 0.036014877
28 26 0.25067064
28 10 0.183695
28 3 0.092334636
28 12 1.6558496
28 9 0.61931825
29 0 10.87407
29 30 5.7331476
29 8 0.49589318
29 18 1.0386178
29 13 0.8242191
29 11 0.8687486
29 5 2.6179137
29 34 4.994812
29 20 4.6342072
29 2 1.0097616
29 37 0.6456295
29 7 2000.0
29 27 0.4431177
29 16 21.023697
29 23 2.232009
29 25 2.534726
30 0 2000.0
30 8 0.5488457
30 18 0.77161855
30 13 1.2220544
30 33 1.9953053
30 11 0.33927315
30 29 5.7331476
30 5 0.9070707
30 34 0.710507
30 20 17.17848
30 2 9.337842
30 37 9.521869
30 7 0.79947996
30 27 0.15780233
30 16 1.1070542
30 23 0.90186155
30 25 4.7161584
31 26 0.061941124
31 6 0.5018672
31 10 0.04023249
31 24 2.911208
31 9 0.028854208
31 17 1.1793694
31 4 0.0829912
31 19 0.091672875
32 26 41.36104
32 24 0.10307788
32 12 0.21831265
32 15 0.07516496
33 34 2000.0
33 30 1.9953053
33 20 1.8167816
33 2 1.6380051
33 14 1.4709386
33 7 2000.0
33 13 0.7945641
33 27 1.0456394
33 16 1844.659
33 11 2.0570085
33 29 1618.75
33 25 0.28775147
34 30 0.710507
34 20 0.836252
34 8 4.537913
34 13 5.999489
34 7 5.636125
34 27 0.90901023
34 16 1215.0568
34 11 1.6178031
34 25 1.2298753
34 29 4.994812
34 5 1.4871242
35 21 0.03861408
36 26 2000.0
36 28 0.036014877
36 3 0.37239212
36 9 2.5774105
37 30 9.521869
37 0 0.6620926
37 8 1.1803684
37 18 1.1205791
37 13 1.0517408
37 11 0.95274913
37 29 0.6456295
37 20 1.8596241
37 2 0.68664575
37 7 14.084879
37 27 0.61274916
37 16 9.1419525
37 23 1.5956525
37 25 22.640179
