0 2 1.2114826
0 37 1.6128007
0 13 1.1538957
0 29 52.209454
0 25 7.842101
1 3 0.8639083
1 12 18.083273
2 30 14.645313
2 0 1.2114826
2 8 1.2950166
2 18 1.7975364
2 13 0.4281484
2 33 1.556607
2 11 1.363418
2 29 1.1915016
2 20 2.9767933
2 37 0.7227083
2 27 0.74617827
2 16 2000.0
2 23 8.485235
2 25 0.43302014
3 36 0.48025975
3 28 9.096793
3 24 200.0
3 12 0.05546063
3 1 0.8639083
3 9 0.21044582
4 31 0.0828614
4 9 0.08174367
4 17 0.12726727
4 19 0.07702455
5 30 0.66701704
5 8 0.74270993
5 18 0.5477677
5 13 22.31829
5 11 4.3970604
5 29 4.208346
5 34 3.9230886
5 20 2.5944176
5 37 12.39729
5 7 6.135317
5 27 1.329697
5 16 2.7580223
5 23 2.6830215
5 25 2000.0
6 31 0.15304254
6 17 1.0698572
7 34 200.72388
7 30 0.7735169
7 20 15.73569
7 8 4.189058
7 16 0.92926294
7 11 128.92207
7 23 1.5090841
7 25 1.6944265
7 5 6.135317
8 0 2000.0
8 30 0.48667714
8 18 1.230297
8 13 1.327568
8 11 1.0679729
8 29 0.47282526
8 5 0.74270993
8 34 50.781616
8 2 1.2950166
8 37 0.87023497
8 7 4.189058
8 27 1.5315597
8 16 1.8737777
8 23 0.78836584
8 25 2000.0
9 36 0.7570719
9 26 2000.0
9 28 0.9207071
9 10 19.282969
9 22 0.044618588
9 31 0.029871961
9 12 2000.0
9 3 0.21044582
9 4 0.08174367
9 17 0.036529776
9 19 0.06639877
10 26 0.028840696
10 28 0.28569752
10 24 0.08624403
10 31 8.276055
10 12 1243.75
10 9 19.282969
10 17 0.030799804
11 0 2000.0
11 30 0.9759295
11 8 1.0679729
11 18 6.300129
11 13 1.0191721
11 33 1.7100953
11 29 0.99613047
11 5 4.3970604
11 34 2.3486996
11 20 1.0480059
11 2 1.363418
11 37 1.4176103
11 7 128.92207
11 27 0.90751827
11 16 1.1094893
11 25 0.5783032
12 26 0.89158833
12 32 4.928725
12 24 0.0679373
12 21 0.13485317
12 3 0.05546063
12 1 18.083273
13 30 194.96652
13 0 1.1538957
13 8 1.327568
13 18 168.73637
13 33 1.0975789
13 11 1.0191721
13 29 0.8080174
13 5 22.31829
13 34 609.0133
13 20 0.8584398
13 2 0.4281484
13 14 19.834635
13 37 1.0666833
13 7 2000.0
13 27 0.36581054
13 16 82.736336
13 25 0.21210788
14 30 9.261959
14 20 3.9662442
14 13 19.834635
14 27 1.859284
14 33 0.7407738
14 25 2.6350417
15 32 0.077343084
15 21 2.6595674
16 30 1.6533254
16 0 2000.0
16 8 1.8737777
16 18 1.7369683
16 13 82.736336
16 11 1.1094893
16 5 2.7580223
16 34 163.20616
16 20 23.841158
16 7 0.92926294
16 27 1.8709084
16 23 3.1495175
16 25 1.6116648
17 6 1.0698572
17 26 1.7321566
17 10 0.030799804
17 24 0.12752838
17 31 1.4270812
17 9 0.036529776
17 4 0.12726727
17 19 1298.0681
18 0 2000.0
18 30 0.69191444
18 8 1.230297
18 13 168.73637
18 11 6.300129
18 29 1.1386576
18 5 0.5477677
18 2 1.7975364
18 37 2.257037
18 7 2000.0
18 27 49.514374
18 16 1.7369683
18 23 1.7730423
19 31 0.08390221
19 9 0.06639877
19 4 0.07702455
19 17 1298.0681
20 30 0.95401984
20 13 0.8584398
20 33 1.1869462
20 11 1.0480059
20 29 3.7864778
20 5 2.5944176
20 34 0.8742169
20 2 2.9767933
20 14 3.9662442
20 37 2.5140955
20 7 15.73569
20 27 1.0493219
20 16 23.841158
20 25 0.5816909
21 32 2000.0
21 24 1.260479
21 35 0.031359676
21 12 0.13485317
21 15 2.6595674
22 31 206.43507
22 9 0.044618588
22 19 2000.0
23 0 2000.0
23 30 3.355176
23 8 0.78836584
23 2 8.485235
23 37 1.5378975
23 18 1.7730423
23 7 1.5090841
23 16 3.1495175
23 11 2000.0
23 29 1.7229378
23 5 2.6830215
24 26 0.041959763
24 32 0.34095877
24 10 0.08624403
24 21 1.260479
24 12 0.0679373
24 3 200.0
24 15 2000.0
24 17 0.12752838
25 30 21.090204
25 0 7.842101
25 13 0.21210788
25 33 0.6883925
25 11 0.5783032
25 29 1.382876
25 34 1.8718667
25 20 0.5816909
25 2 0.43302014
25 14 2.6350417
25 37 18.951761
25 7 1.6944265
25 27 0.22037071
25 16 1.6116648
26 32 27.891481
26 28 0.06596787
26 10 0.028840696
26 24 0.041959763
26 31 0.10697777
26 12 0.89158833
26 17 1.7321566
27 30 0.22380191
27 0 2000.0
27 8 1.5315597
27 18 49.514374
27 13 0.36581054
27 33 0.7188417
27 11 0.90751827
27 29 0.5687727
27 5 1.329697
27 34 1.0501227
27 20 1.0493219
27 2 0.74617827
27 14 1.859284
27 37 0.7922683
27 7 2000.0
27 16 1.8709084
27 25 0.22037071
28 36 0.030150896
28 26 0.06596787
28 10 0.28569752
28 3 9.096793
28 12 1199.091
28 9 0.9207071
28 19 1387.3864
29 0 52.209454
29 30 1.2107047
29 8 0.47282526
29 18 1.1386576
29 13 0.8080174
29 33 14.976192
29 11 0.99613047
29 5 4.208346
29 34 5.8693113
29 20 3.7864778
29 2 1.1915016
29 37 0.7664818
29 27 0.5687727
29 16 2000.0
29 23 1.7229378
29 25 1.382876
30 8 0.48667714
30 18 0.69191444
30 13 194.96652
30 33 11.749636
30 11 0.9759295
30 29 1.2107047
30 5 0.66701704
30 34 1.3460137
30 20 0.95401984
30 2 14.645313
30 14 9.261959
30 37 9.287486
30 7 0.7735169
30 27 0.22380191
30 16 1.6533254
30 23 3.355176
30 25 21.090204
31 26 0.10697777
31 6 0.15304254
31 10 8.276055
31 35 34.00376
31 22 206.43507
31 9 0.029871961
31 4 0.0828614
31 17 1.4270812
31 19 0.08390221
32 26 27.891481
32 24 0.34095877
32 12 4.928725
32 15 0.077343084
33 30 11.749636
33 8 2000.0
33 13 1.0975789
33 11 1.7100953
33 29 14.976192
33 34 2000.0
33 20 1.1869462
33 2 1.556607
33 14 0.7407738
33 7 2000.0
33 27 0.7188417
33 16 3017.898
33 25 0.6883925
34 30 1.3460137
34 20 0.8742169
34 8 50.781616
34 37 2000.0
34 7 200.72388
34 13 609.0133
34 27 1.0501227
34 16 163.20616
34 11 2.3486996
34 29 5.8693113
34 25 1.8718667
34 5 3.9230886
35 21 0.031359676
35 31 34.00376
36 28 0.030150896
36 3 0.48025975
36 9 0.7570719
37 30 9.287486
37 0 1.6128007
37 8 0.87023497
37 18 2.257037
37 13 1.0666833
37 11 1.4176103
37 29 0.7664818
37 5 12.39729
37 20 2.5140955
37 2 0.7227083
37 7 3298.409
37 27 0.7922683
37 16 2000.0
37 23 1.5378975
37 25 18.951761
