2 30 7.367661
2 20 3.9249861
2 8 1.0920634
2 37 0.77252436
2 18 10.684695
2 13 0.2303102
2 33 1.3643134
2 27 0.90356666
2 11 0.89444256
2 23 54.08222
2 29 0.8306578
2 25 1.9765636
3 36 0.33736947
3 28 0.09717868
3 24 120.00001
3 12 0.05149692
3 9 0.92308915
4 31 0.08462184
4 9 0.069755964
4 17 0.09555467
4 19 0.08683283
5 30 0.42870453
5 8 0.572006
5 18 0.37986878
5 13 90.62686
5 11 2.410549
5 29 3.6674612
5 34 0.8528691
5 20 2.6576674
5 37 2000.0
5 7 3.2013426
5 27 1.7549102
5 16 1.3793906
5 23 2.8598783
6 31 0.66425115
6 17 1.3747139
7 34 8.732813
7 30 0.8523261
7 20 1.9377646
7 8 37.084576
7 37 22.921593
7 16 1.4772729
7 11 5.279129
7 23 0.99992615
7 25 4.8067174
7 5 3.2013426
8 30 0.81502235
8 18 0.63558364
8 13 9.034
8 11 1.7735801
8 29 0.96096337
8 5 0.572006
8 34 3.0970056
8 2 1.0920634
8 37 0.82498115
8 7 37.084576
8 27 2.0101666
8 16 1.3526088
8 23 2.0876412
9 36 1.0795362
9 26 2000.0
9 28 1.3273512
9 10 16.475973
9 22 0.43193415
9 31 0.031080235
9 3 0.92308915
9 12 2000.0
9 17 0.39071923
9 4 0.069755964
9 19 0.06682071
10 26 0.03192064
10 28 0.2633229
10 24 0.20754303
10 31 0.03883505
10 12 5.628934
10 9 16.475973
10 17 0.030956745
11 30 0.46129096
11 8 1.7735801
11 18 10.37244
11 13 0.66415405
11 33 2.6529486
11 29 0.70207477
11 5 2.410549
11 34 1.5275198
11 20 2.3934422
11 2 0.89444256
11 37 0.90411294
11 7 5.279129
11 27 0.6382955
11 16 0.85744715
11 25 0.67306685
12 26 1.1020277
12 28 3.741029
12 32 0.2797207
12 10 5.628934
12 24 0.11715314
12 21 0.09023418
12 3 0.05149692
13 0 2000.0
13 30 1.7914785
13 8 9.034
13 18 141.98933
13 33 0.9362272
13 11 0.66415405
13 29 0.75831574
13 5 90.62686
13 34 5.1096025
13 20 0.71325505
13 2 0.2303102
13 14 2.7842023
13 37 1.300304
13 27 0.5609529
13 16 78.08117
13 25 0.7523587
14 34 2000.0
14 20 1.9021269
14 13 2.7842023
14 27 3.5088933
14 33 0.75833154
14 11 2000.0
14 25 1.2887075
15 32 0.069072515
15 21 1.4777862
16 30 1.0665263
16 8 1.3526088
16 18 0.34903663
16 13 78.08117
16 11 0.85744715
16 29 14.591156
16 5 1.3793906
16 20 7.6294
16 37 5.437345
16 7 1.4772729
16 27 2.117912
16 23 10.309424
16 25 0.8771848
17 26 1.8468492
17 6 1.3747139
17 10 0.030956745
17 24 0.52603495
17 31 1.2371244
17 9 0.39071923
17 4 0.09555467
17 19 6.735565
18 30 0.6779963
18 2 10.684695
18 8 0.63558364
18 37 1.1378475
18 7 2000.0
18 13 141.98933
18 27 4.1586676
18 16 0.34903663
18 23 0.83479816
18 11 10.37244
18 29 0.9866738
18 5 0.37986878
19 31 0.07804834
19 9 0.06682071
19 17 6.735565
19 4 0.08683283
20 30 6.7780247
20 13 0.71325505
20 33 2.9666164
20 11 2.3934422
20 29 1.9359503
20 5 2.6576674
20 34 1.0625842
20 2 3.9249861
20 14 1.9021269
20 37 2.6311455
20 7 1.9377646
20 27 1.1062351
20 16 7.6294
20 25 0.75141466
21 26 2000.0
21 32 2000.0
21 10 2000.0
21 24 0.5042821
21 35 0.034139093
21 12 0.09023418
21 15 1.4777862
22 6 1269.716
22 31 1181.1932
22 9 0.43193415
22 19 1288.409
23 30 1.5490034
23 2 54.08222
23 8 2.0876412
23 37 0.8534829
23 18 0.83479816
23 7 0.99992615
23 16 10.309424
23 11 2000.0
23 29 1.4346085
23 5 2.8598783
24 26 0.05772455
24 32 0.10623978
24 10 0.20754303
24 21 0.5042821
24 31 8.6053915
24 3 120.00001
24 12 0.11715314
24 15 2000.0
24 17 0.52603495
25 30 5.23354
25 13 0.7523587
25 33 0.50449806
25 11 0.67306685
25 29 5.8895025
25 34 1.3945329
25 20 0.75141466
25 2 1.9765636
25 14 1.2887075
25 37 44.444443
25 7 4.8067174
25 27 0.8726392
25 16 0.8771848
26 32 21.38655
26 28 0.05101117
26 10 0.03192064
26 24 0.05772455
26 31 0.08952965
26 12 1.1020277
26 17 1.8468492
27 30 0.26852483
27 8 2.0101666
27 18 4.1586676
27 13 0.5609529
27 33 1.4971403
27 11 0.6382955
27 29 0.3837924
27 5 1.7549102
27 34 0.85940903
27 20 1.1062351
27 2 0.90356666
27 14 3.5088933
27 37 0.989506
27 7 1628.5227
27 16 2.117912
27 23 2000.0
27 25 0.8726392
28 36 0.03459569
28 26 0.05101117
28 10 0.2633229
28 3 0.09717868
28 12 3.741029
28 9 1.3273512
29 30 2.8502433
29 8 0.96096337
29 18 0.9866738
29 13 0.75831574
29 11 0.70207477
29 5 3.6674612
29 34 4.7123556
29 20 1.9359503
29 2 0.8306578
29 37 0.57563347
29 7 2000.0
29 27 0.3837924
29 16 14.591156
29 23 1.4346085
29 25 5.8895025
30 0 2000.0
30 8 0.81502235
30 18 0.6779963
30 13 1.7914785
30 33 1.7958299
30 11 0.46129096
30 29 2.8502433
30 5 0.42870453
30 34 1.2368284
30 20 6.7780247
30 2 7.367661
30 37 6.5577445
30 7 0.8523261
30 27 0.26852483
30 16 1.0665263
30 23 1.5490034
30 25 5.23354
31 26 0.08952965
31 6 0.66425115
31 10 0.03883505
31 24 8.6053915
31 9 0.031080235
31 17 1.2371244
31 4 0.08462184
31 19 0.07804834
32 26 21.38655
32 24 0.10623978
32 12 0.2797207
32 15 0.069072515
33 34 2000.0
33 30 1.7958299
33 20 2.9666164
33 2 1.3643134
33 14 0.75833154
33 7 2000.0
33 13 0.9362272
33 27 1.4971403
33 16 1249.4886
33 11 2.6529486
33 29 8077.4434
33 25 0.50449806
34 30 1.2368284
34 20 1.0625842
34 8 3.0970056
34 13 5.1096025
34 7 8.732813
34 27 0.85940903
34 16 1215.0568
34 11 1.5275198
34 25 1.3945329
34 29 4.7123556
34 5 0.8528691
35 21 0.034139093
36 26 2000.0
36 28 0.03459569
36 3 0.33736947
36 9 1.0795362
37 30 6.5577445
37 8 0.82498115
37 18 1.1378475
37 13 1.300304
37 11 0.90411294
37 29 0.57563347
37 20 2.6311455
37 2 0.77252436
37 7 22.921593
37 27 0.989506
37 16 5.437345
37 23 0.8534829
37 25 44.444443
