0 8 7.9502883
0 2 1.3736644
0 37 0.9175037
0 13 0.8498895
0 11 89.36411
0 25 2000.0
0 29 15.140252
1 3 0.263362
1 12 75.925835
2 30 14.954089
2 0 1.3736644
2 8 1.9541962
2 18 20.94151
2 13 0.6558405
2 33 2.942834
2 11 4.447338
2 29 0.7694732
2 20 12.075278
2 37 1.0598946
2 27 2.2892275
2 23 58.68537
2 25 1.4874307
3 36 0.18137914
3 28 0.110957965
3 24 206.07956
3 12 0.059919957
3 1 0.263362
3 9 0.2495265
4 31 0.06427174
4 9 0.073561214
4 17 0.091802515
4 19 0.101887934
5 34 3.5054588
5 30 0.5281111
5 20 2.2713137
5 8 0.46802774
5 37 2000.0
5 18 0.50576437
5 7 5.987299
5 27 3.4884
5 16 1.5240341
5 23 4.0642443
5 11 5.6059127
5 29 2.0642366
6 31 0.9357718
6 17 1.2677091
7 34 5.6147237
7 30 1.5653125
7 20 3.16646
7 8 55.55093
7 37 21.863283
7 27 154.25797
7 16 1.3417225
7 11 6.5286365
7 23 1.0199332
7 25 7.8015556
7 5 5.987299
8 0 7.9502883
8 30 0.64361984
8 18 1.1435199
8 13 1.8319824
8 11 0.603193
8 29 2.587197
8 5 0.46802774
8 34 9.748836
8 2 1.9541962
8 37 2.1270778
8 7 55.55093
8 27 1.8692833
8 16 1.2830578
8 23 1.3807279
9 36 1.8402147
9 26 2000.0
9 28 6.4818177
9 10 3.4493225
9 22 0.5230605
9 31 0.03448175
9 3 0.2495265
9 17 0.060691293
9 4 0.073561214
9 19 0.0686196
10 26 0.031956222
10 28 0.2833072
10 24 0.06035748
10 31 0.056697097
10 12 7.228472
10 9 3.4493225
10 17 0.029627936
11 0 89.36411
11 30 0.50097054
11 8 0.603193
11 18 5.153389
11 13 0.673339
11 33 2.074721
11 29 1.1100347
11 5 5.6059127
11 34 4.299584
11 20 0.90445155
11 2 4.447338
11 37 1.4161257
11 7 6.5286365
11 27 0.7214315
11 16 0.7265655
11 25 1.1974
12 26 2.1052964
12 28 7.370567
12 32 0.32814083
12 10 7.228472
12 24 0.08216741
12 21 0.081272684
12 3 0.059919957
12 1 75.925835
13 30 2.4158854
13 0 0.8498895
13 8 1.8319824
13 18 215.3229
13 33 0.96640795
13 11 0.673339
13 29 0.48481935
13 5 2000.0
13 34 8.041528
13 20 0.5455349
13 2 0.6558405
13 14 3.4794488
13 37 1.6751729
13 27 0.72845876
13 16 231.67117
13 25 0.57389313
14 20 2.9864366
14 13 3.4794488
14 33 1.3505801
14 27 2.7793775
14 11 2000.0
14 25 7.107095
15 32 0.08049492
15 21 15.392159
16 0 2000.0
16 30 1.1067108
16 8 1.2830578
16 18 0.75916535
16 13 231.67117
16 11 0.7265655
16 29 68.507996
16 5 1.5240341
16 20 11.29339
16 37 25.295961
16 7 1.3417225
16 27 2.3548455
16 23 12.05386
16 25 1.5426855
17 26 1.906392
17 6 1.2677091
17 10 0.029627936
17 24 0.19895744
17 31 1.2501281
17 9 0.060691293
17 4 0.091802515
17 19 3.171162
18 30 0.6977621
18 2 20.94151
18 8 1.1435199
18 37 1.3585026
18 7 2000.0
18 13 215.3229
18 27 3.52755
18 16 0.75916535
18 23 1.2886844
18 11 5.153389
18 29 0.99684936
18 5 0.50576437
19 31 0.07618007
19 9 0.0686196
19 17 3.171162
19 4 0.101887934
20 0 2000.0
20 30 14.685877
20 13 0.5455349
20 33 1.4280877
20 11 0.90445155
20 29 6.8065405
20 5 2.2713137
20 34 1.3339741
20 2 12.075278
20 14 2.9864366
20 37 9.979337
20 7 3.16646
20 27 1.7624239
20 16 11.29339
20 25 0.9987944
21 32 2000.0
21 24 0.07346082
21 35 0.050138388
21 12 0.081272684
21 15 15.392159
22 6 701.3068
22 31 1249.716
22 9 0.5230605
22 19 1386.4772
23 0 2000.0
23 30 2.046045
23 2 58.68537
23 8 1.3807279
23 37 2.494576
23 18 1.2886844
23 7 1.0199332
23 16 12.05386
23 11 2000.0
23 29 4.2840304
23 5 4.0642443
24 26 0.05444026
24 32 0.12956321
24 28 2000.0
24 10 0.06035748
24 21 0.07346082
24 31 5.888967
24 12 0.08216741
24 3 206.07956
24 15 2000.0
24 17 0.19895744
25 30 2.2582443
25 13 0.57389313
25 33 0.69001865
25 11 1.1974
25 29 2.0870237
25 34 3.3785892
25 20 0.9987944
25 2 1.4874307
25 14 7.107095
25 37 7.8002276
25 7 7.8015556
25 27 0.67390966
25 16 1.5426855
26 36 44.582386
26 32 39.575905
26 28 0.032152906
26 10 0.031956222
26 24 0.05444026
26 31 0.07746941
26 12 2.1052964
26 17 1.906392
27 0 2000.0
27 30 0.24583805
27 8 1.8692833
27 18 3.52755
27 13 0.72845876
27 33 0.81612915
27 11 0.7214315
27 29 0.42205495
27 5 3.4884
27 34 1.5919042
27 20 1.7624239
27 2 2.2892275
27 14 2.7793775
27 37 1.1559068
27 7 154.25797
27 16 2.3548455
27 25 0.67390966
28 36 0.0421371
28 26 0.032152906
28 10 0.2833072
28 3 0.110957965
28 12 7.370567
28 9 6.4818177
29 0 15.140252
29 30 2.3832603
29 8 2.587197
29 18 0.99684936
29 13 0.48481935
29 11 1.1100347
29 5 2.0642366
29 34 7.297478
29 20 6.8065405
29 2 0.7694732
29 37 0.97113055
29 27 0.42205495
29 16 68.507996
29 23 4.2840304
29 25 2.0870237
30 0 2000.0
30 8 0.64361984
30 18 0.6977621
30 13 2.4158854
30 33 1.9800347
30 11 0.50097054
30 29 2.3832603
30 5 0.5281111
30 34 3.2947068
30 20 14.685877
30 2 14.954089
30 14 2000.0
30 37 5.195935
30 7 1.5653125
30 27 0.24583805
30 16 1.1067108
30 23 2.046045
30 25 2.2582443
31 26 0.07746941
31 6 0.9357718
31 10 0.056697097
31 24 5.888967
31 9 0.03448175
31 17 1.2501281
31 4 0.06427174
31 19 0.07618007
32 26 39.575905
32 24 0.12956321
32 12 0.32814083
32 15 0.08049492
33 30 1.9800347
33 8 2000.0
33 13 0.96640795
33 11 2.074721
33 29 2000.0
33 5 2000.0
33 34 2000.0
33 20 1.4280877
33 2 2.942834
33 14 1.3505801
33 7 2000.0
33 27 0.81612915
33 16 2000.0
33 25 0.69001865
34 30 3.2947068
34 20 1.3339741
34 8 9.748836
34 7 5.6147237
34 13 8.041528
34 27 1.5919042
34 16 5535.0566
34 11 4.299584
34 25 3.3785892
34 29 7.297478
34 5 3.5054588
35 21 0.050138388
36 26 44.582386
36 28 0.0421371
36 3 0.18137914
36 9 1.8402147
37 30 5.195935
37 0 0.9175037
37 8 2.1270778
37 18 1.3585026
37 13 1.6751729
37 11 1.4161257
37 29 0.97113055
37 20 9.979337
37 2 1.0598946
37 7 21.863283
37 27 1.1559068
37 16 25.295961
37 23 2.494576
37 25 7.8002276
