0 8 4.8771358
0 2 1.2921771
0 37 0.9330384
0 13 0.6004877
0 11 91.0645
0 29 8.791866
1 3 0.23020528
1 12 35.473545
2 30 26.795862
2 0 1.2921771
2 8 1.3270965
2 18 22.307112
2 13 0.9040173
2 33 1.8952634
2 11 2.1569374
2 29 1.133079
2 20 5.6391726
2 37 1.2209896
2 27 4.13205
2 23 34.81757
2 25 2.3022287
3 36 0.28675425
3 28 0.0668461
3 24 128.57143
3 12 0.057686687
3 1 0.23020528
3 9 0.3284326
4 31 0.08212532
4 9 0.07100456
4 17 0.10198863
4 19 0.08527766
5 34 1.5579078
5 30 0.66996944
5 20 4.519697
5 8 0.67463845
5 37 2000.0
5 18 0.3985042
5 7 6.113983
5 27 3.3311894
5 16 1.6524496
5 23 6.055845
5 11 6.445467
5 29 6.1164274
6 31 0.68109477
6 17 1.0011489
7 34 13.849729
7 30 1.5386567
7 20 2.4189873
7 8 48.292812
7 37 47.264355
7 27 56.818184
7 16 1.1043829
7 11 13.854872
7 23 1.6995155
7 25 9.982285
7 5 6.113983
8 0 4.8771358
8 30 0.81833506
8 18 0.9865953
8 13 3.5654628
8 11 1.638756
8 29 0.9579766
8 5 0.67463845
8 34 8.505102
8 2 1.3270965
8 37 2.1669338
8 7 48.292812
8 27 3.091875
8 16 1.3923001
8 23 1.2951425
9 36 2.8751397
9 26 2000.0
9 28 1.1836753
9 10 4.103572
9 22 0.12864907
9 31 0.035060816
9 3 0.3284326
9 12 2000.0
9 17 0.03798151
9 4 0.07100456
9 19 0.07425359
10 26 0.030133767
10 28 0.23599215
10 24 0.04401596
10 31 0.03930701
10 12 1.0313683
10 9 4.103572
10 17 0.029794045
11 0 91.0645
11 30 0.72608787
11 8 1.638756
11 18 16.533587
11 13 0.73197937
11 33 2.9612746
11 29 1.8954289
11 5 6.445467
11 34 4.9448776
11 20 1.6427983
11 2 2.1569374
11 37 2.8152552
11 7 13.854872
11 27 0.901516
11 16 1.0167395
11 25 1.7718643
12 26 6.1262684
12 28 3.060843
12 32 0.14997207
12 10 1.0313683
12 24 0.08233113
12 21 0.07611774
12 3 0.057686687
12 1 35.473545
13 30 1.3421336
13 0 0.6004877
13 8 3.5654628
13 18 259.83902
13 33 0.7229007
13 11 0.73197937
13 29 0.62215495
13 5 2000.0
13 34 6.634257
13 20 0.7584142
13 2 0.9040173
13 14 5.233478
13 37 3.2002842
13 27 1.8226093
13 16 216.70503
13 25 0.7773945
14 20 1.8788555
14 13 5.233478
14 27 5.6922097
14 33 0.72241634
14 11 2000.0
14 25 5.7273407
15 32 0.06620361
15 21 6.8760133
16 0 2000.0
16 30 1.0321325
16 8 1.3923001
16 18 1.0876819
16 11 1.0167395
16 29 25.211027
16 5 1.6524496
16 20 11.729167
16 37 72.7668
16 7 1.1043829
16 27 1.7625636
16 23 12.910675
16 25 1.6606556
17 26 2.0811174
17 6 1.0011489
17 10 0.029794045
17 24 0.26313347
17 31 1.4653765
17 9 0.03798151
17 4 0.10198863
17 19 2.358099
18 30 0.6690144
18 2 22.307112
18 8 0.9865953
18 37 1.3285258
18 7 2000.0
18 13 259.83902
18 27 6.0034103
18 16 1.0876819
18 23 1.5311307
18 11 16.533587
18 29 1.2301155
18 5 0.3985042
19 31 0.07815285
19 9 0.07425359
19 17 2.358099
19 4 0.08527766
20 0 2000.0
20 30 29.710838
20 13 0.7584142
20 33 2.001519
20 11 1.6427983
20 29 5.406606
20 5 4.519697
20 34 1.0936735
20 2 5.6391726
20 14 1.8788555
20 37 3.0053704
20 7 2.4189873
20 27 0.5439648
20 16 11.729167
20 25 1.4146367
21 32 2000.0
21 10 2000.0
21 24 0.1912043
21 35 0.041134745
21 12 0.07611774
21 15 6.8760133
22 6 1217.1023
22 31 1165.3977
22 9 0.12864907
22 19 1462.216
23 0 2000.0
23 30 1.7160397
23 2 34.81757
23 8 1.2951425
23 37 4.4358315
23 18 1.5311307
23 7 1.6995155
23 16 12.910675
23 11 2000.0
23 29 1.9245315
23 5 6.055845
24 26 0.0481454
24 32 0.08299181
24 10 0.04401596
24 21 0.1912043
24 31 5.120016
24 3 128.57143
24 12 0.08233113
24 15 2000.0
24 17 0.26313347
25 30 5.379439
25 13 0.7773945
25 33 1.7613437
25 11 1.7718643
25 29 6.1234374
25 34 3.374364
25 20 1.4146367
25 2 2.3022287
25 14 5.7273407
25 37 100.0
25 7 9.982285
25 27 0.99007577
25 16 1.6606556
26 36 286.84946
26 32 17.080095
26 28 0.08616635
26 10 0.030133767
26 24 0.0481454
26 31 0.07929606
26 12 6.1262684
26 17 2.0811174
27 0 2000.0
27 30 0.75312346
27 8 3.091875
27 18 6.0034103
27 13 1.8226093
27 33 1.3069867
27 11 0.901516
27 29 1.0069556
27 5 3.3311894
27 34 1.2899357
27 20 0.5439648
27 2 4.13205
27 14 5.6922097
27 37 2.1440861
27 7 56.818184
27 16 1.7625636
27 23 2000.0
27 25 0.99007577
28 36 0.039528027
28 26 0.08616635
28 10 0.23599215
28 3 0.0668461
28 12 3.060843
28 9 1.1836753
29 0 8.791866
29 30 4.1011996
29 8 0.9579766
29 18 1.2301155
29 13 0.62215495
29 11 1.8954289
29 5 6.1164274
29 34 15.189429
29 20 5.406606
29 2 1.133079
29 37 1.2735494
29 7 2000.0
29 27 1.0069556
29 16 25.211027
29 23 1.9245315
29 25 6.1234374
30 0 2000.0
30 8 0.81833506
30 18 0.6690144
30 13 1.3421336
30 33 1.4410999
30 11 0.72608787
30 29 4.1011996
30 5 0.66996944
30 34 1.187044
30 20 29.710838
30 2 26.795862
30 14 2000.0
30 37 18.6596
30 7 1.5386567
30 27 0.75312346
30 16 1.0321325
30 23 1.7160397
30 25 5.379439
31 26 0.07929606
31 6 0.68109477
31 10 0.03930701
31 24 5.120016
31 22 1165.3977
31 9 0.035060816
31 17 1.4653765
31 4 0.08212532
31 19 0.07815285
32 26 17.080095
32 24 0.08299181
32 12 0.14997207
32 15 0.06620361
33 34 2000.0
33 30 1.4410999
33 20 2.001519
33 2 1.8952634
33 14 0.72241634
33 7 2000.0
33 13 0.7229007
33 27 1.3069867
33 16 2226.3638
33 11 2.9612746
33 29 1349.034
33 25 1.7613437
34 30 1.187044
34 20 1.0936735
34 8 8.505102
34 13 6.634257
34 7 13.849729
34 27 1.2899357
34 16 1215.0568
34 11 4.9448776
34 25 3.374364
34 29 15.189429
34 5 1.5579078
35 21 0.041134745
36 26 286.84946
36 28 0.039528027
36 3 0.28675425
36 9 2.8751397
37 30 18.6596
37 0 0.9330384
37 8 2.1669338
37 18 1.3285258
37 13 3.2002842
37 11 2.8152552
37 29 1.2735494
37 20 3.0053704
37 2 1.2209896
37 7 47.264355
37 27 2.1440861
37 16 72.7668
37 23 4.4358315
37 25 100.0
