0 8 7.6317925
0 2 1.652537
0 37 0.66537756
0 13 0.97878784
0 11 22.020006
0 29 17.408978
1 3 0.22136363
1 12 1202.159
2 30 22.35072
2 0 1.652537
2 8 1.0890009
2 18 11.709606
2 13 0.338064
2 33 2.1140707
2 11 1.3117623
2 29 0.884633
2 20 1.4892552
2 37 0.91969275
2 27 0.56364024
2 16 2000.0
2 23 88.888885
2 25 1.3631094
3 36 0.34194005
3 28 0.088264115
3 24 225.00002
3 12 0.053770375
3 1 0.22136363
3 9 0.805813
4 31 0.08689024
4 9 0.07426416
4 17 0.103370644
4 19 0.08313783
5 30 0.6061959
5 8 0.97509766
5 18 0.43042937
5 13 160.0
5 11 2.7974882
5 29 2.8870819
5 34 1.9383075
5 20 2.073965
5 37 2000.0
5 7 4.4619565
5 27 1.804752
5 16 1.5431253
5 23 2.9789383
6 31 1.1298208
6 17 1.6965406
7 34 14.63283
7 30 1.0425562
7 20 1.9574494
7 8 29.916517
7 37 13.214446
7 27 266.6667
7 16 1.1578891
7 11 4.0311933
7 23 1.0770308
7 25 8.0678835
7 5 4.4619565
8 0 7.6317925
8 30 1.1885918
8 18 1.0223801
8 13 2.125247
8 11 3.1917837
8 29 0.71104044
8 5 0.97509766
8 34 4.7585654
8 2 1.0890009
8 37 1.187619
8 7 29.916517
8 27 3.3024473
8 16 1.3575886
8 23 0.92983043
9 36 1.3028872
9 26 2000.0
9 28 2.7224233
9 10 16.020735
9 22 0.3438492
9 31 0.03408415
9 3 0.805813
9 12 2000.0
9 17 0.27173996
9 4 0.07426416
9 19 0.071318686
10 26 0.037332345
10 28 0.28644782
10 24 0.13591218
10 31 0.038731508
10 12 8.307803
10 9 16.020735
10 17 0.03210172
11 0 22.020006
11 30 0.31981707
11 8 3.1917837
11 18 5.174667
11 13 0.4667446
11 33 4.608476
11 29 0.63427037
11 5 2.7974882
11 34 1.4659525
11 20 3.4759648
11 2 1.3117623
11 37 1.3407316
11 7 4.0311933
11 27 0.8290019
11 16 0.7120836
11 25 0.9920562
12 26 1.8840071
12 28 4.1865745
12 32 0.26171982
12 10 8.307803
12 24 0.06949424
12 21 0.10262681
12 3 0.053770375
13 30 2.3730597
13 0 0.97878784
13 8 2.125247
13 18 200.0
13 33 1.1240234
13 11 0.4667446
13 29 0.8655934
13 5 160.0
13 34 7.377803
13 20 0.7416469
13 2 0.338064
13 14 6.574152
13 37 1.5595539
13 27 0.9430937
13 16 34.80697
13 25 0.6757493
14 34 2000.0
14 20 3.394622
14 13 6.574152
14 27 4.50972
14 33 0.7050888
14 11 2000.0
14 25 1.6225547
15 32 0.100279786
15 21 1.1512237
16 30 1.1074516
16 0 2000.0
16 8 1.3575886
16 18 0.9112317
16 13 34.80697
16 11 0.7120836
16 29 36.890392
16 5 1.5431253
16 20 25.478195
16 37 17.505655
16 7 1.1578891
16 27 2.2292743
16 23 4.206169
16 25 1.8103333
17 26 1.8271265
17 6 1.6965406
17 10 0.03210172
17 24 0.39848492
17 31 1.1749913
17 9 0.27173996
17 4 0.103370644
17 19 9.675983
18 30 0.66023827
18 2 11.709606
18 8 1.0223801
18 37 0.88494533
18 7 2000.0
18 13 200.0
18 27 3.7736223
18 16 0.9112317
18 23 1.2808342
18 11 5.174667
18 29 1.0929352
18 5 0.43042937
19 31 0.07962056
19 9 0.071318686
19 17 9.675983
19 4 0.08313783
20 30 25.130455
20 13 0.7416469
20 33 5.3176126
20 11 3.4759648
20 29 2.883199
20 5 2.073965
20 34 1.8687466
20 2 1.4892552
20 14 3.394622
20 37 4.259524
20 7 1.9574494
20 27 0.8223462
20 16 25.478195
20 25 1.0033209
21 26 2000.0
21 32 2000.0
21 24 0.48663482
21 35 0.039750177
21 12 0.10262681
21 15 1.1512237
22 6 1269.716
22 31 1181.1932
22 9 0.3438492
22 19 1288.409
23 0 2000.0
23 30 1.0665693
23 2 88.888885
23 8 0.92983043
23 37 2.003337
23 18 1.2808342
23 7 1.0770308
23 16 4.206169
23 11 2000.0
23 29 3.2089152
23 5 2.9789383
24 26 0.06502827
24 32 0.09225134
24 10 0.13591218
24 21 0.48663482
24 31 3.5173724
24 12 0.06949424
24 3 225.00002
24 15 2000.0
24 17 0.39848492
25 0 2000.0
25 30 2.2471485
25 13 0.6757493
25 33 0.40605015
25 11 0.9920562
25 29 8.459801
25 34 1.078079
25 20 1.0033209
25 2 1.3631094
25 14 1.6225547
25 37 135.10327
25 7 8.0678835
25 27 0.71218437
25 16 1.8103333
26 36 1668.8068
26 32 28.940365
26 28 0.07173658
26 10 0.037332345
26 24 0.06502827
26 31 0.06299716
26 12 1.8840071
26 17 1.8271265
27 0 2000.0
27 30 0.49794087
27 8 3.3024473
27 18 3.7736223
27 13 0.9430937
27 33 1.1526835
27 11 0.8290019
27 29 0.5451704
27 5 1.804752
27 34 0.87817717
27 20 0.8223462
27 2 0.56364024
27 14 4.50972
27 37 1.5960703
27 7 266.6667
27 16 2.2292743
27 25 0.71218437
28 36 0.034530673
28 26 0.07173658
28 10 0.28644782
28 3 0.088264115
28 12 4.1865745
28 9 2.7224233
29 0 17.408978
29 30 4.047262
29 8 0.71104044
29 18 1.0929352
29 13 0.8655934
29 11 0.63427037
29 5 2.8870819
29 34 7.7987423
29 20 2.883199
29 2 0.884633
29 37 1.3038223
29 7 2000.0
29 27 0.5451704
29 16 36.890392
29 23 3.2089152
29 25 8.459801
30 0 2000.0
30 8 1.1885918
30 18 0.66023827
30 13 2.3730597
30 33 7.7384953
30 11 0.31981707
30 29 4.047262
30 5 0.6061959
30 34 1.277428
30 20 25.130455
30 2 22.35072
30 37 8.523226
30 7 1.0425562
30 27 0.49794087
30 16 1.1074516
30 23 1.0665693
30 25 2.2471485
31 26 0.06299716
31 6 1.1298208
31 10 0.038731508
31 24 3.5173724
31 9 0.03408415
31 17 1.1749913
31 4 0.08689024
31 19 0.07962056
32 26 28.940365
32 24 0.09225134
32 12 0.26171982
32 15 0.100279786
33 34 2000.0
33 30 7.7384953
33 20 5.3176126
33 2 2.1140707
33 14 0.7050888
33 7 2000.0
33 13 1.1240234
33 27 1.1526835
33 16 1249.4886
33 11 4.608476
33 29 8077.4434
33 25 0.40605015
34 30 1.277428
34 20 1.8687466
34 8 4.7585654
34 13 7.377803
34 7 14.63283
34 27 0.87817717
34 16 1215.0568
34 11 1.4659525
34 25 1.078079
34 29 7.7987423
34 5 1.9383075
35 21 0.039750177
36 26 1668.8068
36 28 0.034530673
36 3 0.34194005
36 9 1.3028872
37 30 8.523226
37 0 0.66537756
37 8 1.187619
37 18 0.88494533
37 13 1.5595539
37 11 1.3407316
37 29 1.3038223
37 20 4.259524
37 2 0.91969275
37 7 13.214446
37 27 1.5960703
37 16 17.505655
37 23 2.003337
37 25 135.10327
