0 8 9.249631
0 2 0.79072624
0 37 0.6989261
0 13 1.0546141
0 11 28.810162
0 29 16.843565
1 3 0.30460274
1 12 1208.2954
2 30 11.940006
2 0 0.79072624
2 8 1.2076477
2 18 8.456214
2 13 0.33162892
2 33 3.6897416
2 11 0.6766486
2 29 0.8269838
2 20 1.4446588
2 37 0.63719934
2 27 0.93291855
2 16 2000.0
2 23 42.811497
2 25 1.1579287
3 36 0.29538125
3 28 0.09222179
3 24 2000.0
3 12 0.054306272
3 1 0.30460274
3 9 0.288624
4 31 0.079611555
4 9 0.06831221
4 17 0.08557955
4 19 0.0797648
5 30 1.3132639
5 8 0.7588842
5 18 0.41847005
5 13 377.3781
5 11 2.8014224
5 29 7.559408
5 34 1.2969251
5 20 4.0171
5 37 2000.0
5 7 5.2805233
5 27 5.475906
5 16 1.5297457
5 23 3.2984135
6 21 2000.0
6 31 0.29839694
6 17 0.92846656
7 34 5.6350136
7 30 0.65464616
7 20 1.3816935
7 8 32.627495
7 37 16.401947
7 27 2000.0
7 16 1.1500709
7 11 2.8507268
7 23 0.85918665
7 25 5.598474
7 5 5.2805233
8 0 9.249631
8 30 0.61321723
8 18 1.1045511
8 13 2.7658439
8 11 2.4397745
8 29 0.7345576
8 5 0.7588842
8 34 3.1635222
8 2 1.2076477
8 37 0.79155093
8 7 32.627495
8 27 1.3244592
8 16 1.3291907
8 23 0.982429
9 36 1.6305076
9 26 2000.0
9 28 0.6726554
9 10 3.8232217
9 22 0.4986943
9 31 0.029073758
9 3 0.288624
9 17 0.32239738
9 4 0.06831221
9 19 0.07539199
10 26 0.029354282
10 28 0.25367278
10 24 0.14896098
10 31 0.033601135
10 12 8.677771
10 9 3.8232217
10 17 0.036491293
11 0 28.810162
11 30 0.48489574
11 8 2.4397745
11 18 12.28815
11 13 0.44728282
11 33 2.59639
11 29 0.47884336
11 5 2.8014224
11 34 1.9094942
11 20 1.0572884
11 2 0.6766486
11 37 0.8961236
11 7 2.8507268
11 27 0.8377017
11 16 0.8213424
11 25 0.9362866
12 26 0.48676017
12 28 2.1956868
12 32 0.24696599
12 10 8.677771
12 24 0.06689399
12 21 0.10140925
12 3 0.054306272
13 0 1.0546141
13 30 2.7028794
13 8 2.7658439
13 18 159.53172
13 33 0.98364973
13 11 0.44728282
13 29 0.83049715
13 5 377.3781
13 34 6.126986
13 20 0.84976864
13 2 0.33162892
13 14 2.7992163
13 37 0.8720216
13 27 0.28165257
13 16 32.889606
13 25 0.72354156
14 20 0.740682
14 13 2.7992163
14 27 3.3256269
14 33 0.43642348
14 11 2000.0
14 25 1.6475087
15 32 0.07002068
15 21 1.5475544
16 30 1.0843934
16 0 2000.0
16 8 1.3291907
16 18 1.0084463
16 13 32.889606
16 11 0.8213424
16 29 22.146315
16 5 1.5297457
16 20 5.6104016
16 37 16.626974
16 7 1.1500709
16 27 1.3371549
16 23 3.0206783
16 25 1.235622
17 26 1.7128327
17 6 0.92846656
17 10 0.036491293
17 24 0.21917097
17 31 1.2234406
17 9 0.32239738
17 4 0.08557955
17 19 1.7614279
18 30 0.6916396
18 2 8.456214
18 8 1.1045511
18 37 1.2006314
18 13 159.53172
18 7 2000.0
18 27 3.3192837
18 16 1.0084463
18 23 1.0925232
18 11 12.28815
18 29 0.93860376
18 5 0.41847005
19 31 0.07628308
19 9 0.07539199
19 17 1.7614279
19 4 0.0797648
20 30 21.886581
20 13 0.84976864
20 33 2.014553
20 11 1.0572884
20 29 2.6694832
20 5 4.0171
20 34 0.78521836
20 2 1.4446588
20 14 0.740682
20 37 2.0740294
20 7 1.3816935
20 27 0.9045115
20 16 5.6104016
20 25 0.44197133
21 32 2000.0
21 24 0.9762467
21 35 0.035309426
21 12 0.10140925
21 15 1.5475544
22 6 1194.6023
22 31 1714.3181
22 9 0.4986943
22 19 1288.409
23 0 2000.0
23 30 0.9371753
23 2 42.811497
23 8 0.982429
23 37 1.974302
23 18 1.0925232
23 7 0.85918665
23 16 3.0206783
23 11 2000.0
23 29 3.0707932
23 5 3.2984135
24 26 0.053757895
24 32 0.0955231
24 10 0.14896098
24 21 0.9762467
24 31 2.3187454
24 12 0.06689399
24 3 2000.0
24 15 2000.0
24 17 0.21917097
25 30 1.5221223
25 13 0.72354156
25 33 0.33729017
25 11 0.9362866
25 29 1.9918069
25 34 0.9941132
25 20 0.44197133
25 2 1.1579287
25 14 1.6475087
25 37 36.831078
25 7 5.598474
25 27 0.8799178
25 16 1.235622
26 36 102.93518
26 32 14.9804
26 28 0.048564628
26 10 0.029354282
26 24 0.053757895
26 31 0.06907991
26 12 0.48676017
26 17 1.7128327
27 0 2000.0
27 30 0.20755713
27 8 1.3244592
27 18 3.3192837
27 13 0.28165257
27 33 1.1844697
27 11 0.8377017
27 29 0.59192306
27 5 5.475906
27 34 1.2190295
27 20 0.9045115
27 2 0.93291855
27 14 3.3256269
27 37 1.5329573
27 7 2000.0
27 16 1.3371549
27 25 0.8799178
28 36 0.03513413
28 26 0.048564628
28 10 0.25367278
28 3 0.09222179
28 12 2.1956868
28 9 0.6726554
29 0 16.843565
29 30 2.211332
29 8 0.7345576
29 18 0.93860376
29 13 0.83049715
29 11 0.47884336
29 5 7.559408
29 34 4.408999
29 20 2.6694832
29 2 0.8269838
29 37 0.6835144
29 7 2000.0
29 27 0.59192306
29 16 22.146315
29 23 3.0707932
29 25 1.9918069
30 0 2000.0
30 8 0.61321723
30 18 0.6916396
30 13 2.7028794
30 33 2.0773249
30 11 0.48489574
30 29 2.211332
30 5 1.3132639
30 34 0.65564895
30 20 21.886581
30 2 11.940006
30 37 7.7314973
30 7 0.65464616
30 27 0.20755713
30 16 1.0843934
30 23 0.9371753
30 25 1.5221223
31 26 0.06907991
31 6 0.29839694
31 10 0.033601135
31 24 2.3187454
31 9 0.029073758
31 17 1.2234406
31 4 0.079611555
31 19 0.07628308
32 26 14.9804
32 24 0.0955231
32 12 0.24696599
32 15 0.07002068
33 34 2000.0
33 30 2.0773249
33 20 2.014553
33 2 3.6897416
33 14 0.43642348
33 7 2000.0
33 13 0.98364973
33 27 1.1844697
33 16 1627.8408
33 11 2.59639
33 29 622.78406
33 25 0.33729017
34 30 0.65564895
34 20 0.78521836
34 8 3.1635222
34 13 6.126986
34 7 5.6350136
34 27 1.2190295
34 16 1215.0568
34 11 1.9094942
34 25 0.9941132
34 29 4.408999
34 5 1.2969251
35 21 0.035309426
36 26 102.93518
36 28 0.03513413
36 3 0.29538125
36 9 1.6305076
37 0 0.6989261
37 30 7.7314973
37 8 0.79155093
37 18 1.2006314
37 13 0.8720216
37 11 0.8961236
37 29 0.6835144
37 20 2.0740294
37 2 0.63719934
37 7 16.401947
37 27 1.5329573
37 16 16.626974
37 23 1.974302
37 25 36.831078
