0 8 8.051574
0 2 1.3339615
0 37 0.8960347
0 13 0.6974828
0 11 51.284866
0 29 14.943034
0 25 2000.0
1 3 0.28152493
1 12 1202.159
2 30 30.075981
2 0 1.3339615
2 8 1.3189156
2 18 11.649415
2 13 0.43600357
2 33 2.0320666
2 11 1.9842546
2 29 1.6804545
2 20 2.9152906
2 37 1.5194184
2 27 1.2722945
2 23 55.424316
2 25 4.8905125
3 36 0.16219395
3 28 0.13056427
3 24 240.00002
3 12 0.06866491
3 1 0.28152493
3 9 0.3426136
4 31 0.06531579
4 9 0.070250764
4 17 0.08377896
4 19 0.08605611
5 30 0.8177589
5 8 0.63311404
5 18 0.585269
5 13 2000.0
5 11 1.8900925
5 29 3.441495
5 34 3.118256
5 20 1.4909154
5 37 2000.0
5 7 7.7473135
5 27 1.9740983
5 16 1.2715533
5 23 3.7834415
6 31 1.8170313
6 17 0.79857486
7 34 11.263498
7 30 2.5994318
7 20 1.9408591
7 8 22.440823
7 37 44.674118
7 27 33.333336
7 16 1.3026849
7 11 6.658049
7 23 1.335561
7 25 9.093994
7 5 7.7473135
8 0 8.051574
8 30 0.50734335
8 18 1.1248865
8 13 2.5707853
8 11 2.2776787
8 29 0.7511732
8 5 0.63311404
8 34 3.2401161
8 2 1.3189156
8 37 1.149204
8 7 22.440823
8 27 1.6604993
8 16 1.8724505
8 23 0.864075
9 36 1.0013769
9 26 2000.0
9 28 1.2064196
9 10 6.2622957
9 22 0.17856747
9 31 0.03024892
9 3 0.3426136
9 17 0.043418556
9 4 0.070250764
9 19 0.07997392
10 26 0.036231656
10 28 0.3149689
10 24 0.046847314
10 31 0.02970095
10 12 10.895266
10 9 6.2622957
10 17 0.029232372
11 0 51.284866
11 30 1.0488948
11 8 2.2776787
11 18 7.1582627
11 13 0.7181796
11 33 3.1994565
11 29 1.3135278
11 5 1.8900925
11 34 3.237394
11 20 1.2053722
11 2 1.9842546
11 37 2.8756483
11 7 6.658049
11 27 0.42487666
11 16 1.0074964
11 25 1.2358693
12 26 1.547585
12 28 3.7014754
12 32 0.3524674
12 10 10.895266
12 24 0.08718435
12 21 0.083886854
12 3 0.06866491
13 30 1.5759741
13 0 0.6974828
13 8 2.5707853
13 18 245.00002
13 33 0.83211946
13 11 0.7181796
13 29 0.8012197
13 34 9.525218
13 20 0.5340061
13 2 0.43600357
13 14 3.8472703
13 37 2.1251116
13 27 0.23012163
13 16 114.28571
13 25 0.7474392
14 20 1.273683
14 13 3.8472703
14 33 0.41180402
14 27 3.4238315
14 11 2000.0
14 25 4.5995193
15 32 0.077651516
15 21 20.997953
16 30 1.085044
16 0 2000.0
16 8 1.8724505
16 18 0.8020879
16 13 114.28571
16 11 1.0074964
16 29 77.501236
16 5 1.2715533
16 20 26.4375
16 37 56.14404
16 7 1.3026849
16 27 2.0891056
16 23 11.463698
16 25 2.167631
17 26 1.935646
17 6 0.79857486
17 10 0.029232372
17 24 0.11845311
17 31 1.2005478
17 9 0.043418556
17 4 0.08377896
17 19 3.5422947
18 30 0.7881641
18 2 11.649415
18 8 1.1248865
18 37 1.8563019
18 13 245.00002
18 7 2000.0
18 27 7.183172
18 16 0.8020879
18 23 1.4641943
18 11 7.1582627
18 29 1.3585343
18 5 0.585269
19 31 0.08283527
19 9 0.07997392
19 17 3.5422947
19 4 0.08605611
20 0 2000.0
20 30 17.25128
20 13 0.5340061
20 33 1.4112086
20 11 1.2053722
20 29 1.4796085
20 5 1.4909154
20 34 1.2316215
20 2 2.9152906
20 14 1.273683
20 37 5.3943872
20 7 1.9408591
20 27 0.25311416
20 16 26.4375
20 25 0.95856214
21 32 2000.0
21 24 0.086420454
21 35 0.039013077
21 12 0.083886854
21 15 20.997953
22 6 1197.159
22 31 1243.6932
22 9 0.17856747
22 19 1386.4772
23 0 2000.0
23 30 4.0970135
23 2 55.424316
23 8 0.864075
23 37 6.1160717
23 18 1.4641943
23 7 1.335561
23 16 11.463698
23 11 2000.0
23 29 3.2989807
23 5 3.7834415
24 26 0.050991476
24 32 0.09720906
24 10 0.046847314
24 21 0.086420454
24 31 13.165103
24 3 240.00002
24 12 0.08718435
24 15 2000.0
24 17 0.11845311
25 0 2000.0
25 30 3.7389648
25 13 0.7474392
25 33 0.74950415
25 11 1.2358693
25 29 2.013646
25 34 2.9017165
25 20 0.95856214
25 2 4.8905125
25 14 4.5995193
25 37 35.39706
25 7 9.093994
25 27 0.996355
25 16 2.167631
26 36 177.77777
26 32 200.0
26 28 0.03281215
26 10 0.036231656
26 24 0.050991476
26 31 0.09785462
26 12 1.547585
26 17 1.935646
27 0 2000.0
27 30 0.19318926
27 8 1.6604993
27 18 7.183172
27 13 0.23012163
27 33 1.0103586
27 11 0.42487666
27 29 0.4614575
27 5 1.9740983
27 34 1.1867552
27 20 0.25311416
27 2 1.2722945
27 14 3.4238315
27 37 2.3348398
27 7 33.333336
27 16 2.0891056
27 25 0.996355
28 36 0.031773087
28 26 0.03281215
28 10 0.3149689
28 3 0.13056427
28 12 3.7014754
28 9 1.2064196
29 0 14.943034
29 30 1.8313483
29 8 0.7511732
29 18 1.3585343
29 13 0.8012197
29 11 1.3135278
29 5 3.441495
29 34 4.4562626
29 20 1.4796085
29 2 1.6804545
29 37 1.3657051
29 7 2000.0
29 27 0.4614575
29 16 77.501236
29 23 3.2989807
29 25 2.013646
30 0 2000.0
30 8 0.50734335
30 18 0.7881641
30 13 1.5759741
30 33 1.6641626
30 11 1.0488948
30 29 1.8313483
30 5 0.8177589
30 34 2.2155347
30 20 17.25128
30 2 30.075981
30 14 2000.0
30 37 5.0163517
30 7 2.5994318
30 27 0.19318926
30 16 1.085044
30 23 4.0970135
30 25 3.7389648
31 26 0.09785462
31 6 1.8170313
31 10 0.02970095
31 24 13.165103
31 9 0.03024892
31 17 1.2005478
31 4 0.06531579
31 19 0.08283527
32 26 200.0
32 24 0.09720906
32 12 0.3524674
32 15 0.077651516
33 30 1.6641626
33 8 2000.0
33 13 0.83211946
33 11 3.1994565
33 29 1436.875
33 34 2000.0
33 20 1.4112086
33 2 2.0320666
33 14 0.41180402
33 7 2000.0
33 27 1.0103586
33 16 1622.3296
33 25 0.74950415
34 30 2.2155347
34 20 1.2316215
34 8 3.2401161
34 7 11.263498
34 13 9.525218
34 27 1.1867552
34 16 5535.0566
34 11 3.237394
34 25 2.9017165
34 29 4.4562626
34 5 3.118256
35 21 0.039013077
36 26 177.77777
36 28 0.031773087
36 3 0.16219395
36 9 1.0013769
37 30 5.0163517
37 0 0.8960347
37 8 1.149204
37 18 1.8563019
37 13 2.1251116
37 11 2.8756483
37 29 1.3657051
37 20 5.3943872
37 2 1.5194184
37 7 44.674118
37 27 2.3348398
37 16 56.14404
37 23 6.1160717
37 25 35.39706
