0 8 8.2141695
0 2 1.419966
0 37 0.63139033
0 13 0.83492464
0 11 38.73988
0 29 23.739681
1 3 0.28143936
1 12 1202.159
2 30 13.800109
2 0 1.419966
2 8 1.3468138
2 18 7.99741
2 13 0.22855812
2 33 1.9443282
2 11 0.50087744
2 29 0.8041887
2 20 2.9188251
2 37 0.7289251
2 27 0.30190375
2 23 42.11431
2 25 1.260666
3 36 0.24981175
3 28 0.11576746
3 24 327.27274
3 12 0.060169384
3 1 0.28143936
3 9 0.18298091
4 31 0.09288917
4 9 0.06739761
4 17 0.08073165
4 19 0.09378053
5 30 0.7290008
5 8 1.469599
5 18 0.749667
5 13 450.00003
5 11 5.6754875
5 29 4.9854503
5 34 3.7723577
5 20 2.9837947
5 37 2000.0
5 7 9.050905
5 27 1.8652185
5 16 2.1397471
5 23 4.9717164
6 22 139.61877
6 31 1.4455907
6 17 0.8326279
7 34 18.029222
7 30 1.7170326
7 20 3.3502853
7 8 35.01735
7 37 21.169561
7 16 1.5071021
7 11 5.96702
7 23 1.3010126
7 25 8.8198395
7 5 9.050905
8 0 8.2141695
8 30 1.1058438
8 18 1.3826765
8 13 2.5436363
8 11 0.65521383
8 29 0.60270894
8 5 1.469599
8 34 3.0632985
8 2 1.3468138
8 37 0.964284
8 7 35.01735
8 27 1.1847337
8 16 1.5733434
8 23 0.9652252
9 36 0.97254574
9 26 2000.0
9 28 3.347026
9 10 5.7573776
9 22 1.0612706
9 31 0.031044183
9 3 0.18298091
9 17 0.040535916
9 4 0.06739761
9 19 0.07257178
10 26 0.042877316
10 28 0.19634765
10 24 0.04775544
10 31 0.07832527
10 12 6.227077
10 9 5.7573776
10 17 0.054306105
11 0 38.73988
11 30 0.3743535
11 8 0.65521383
11 18 3.3714194
11 13 0.39679813
11 33 2.0700116
11 29 0.53975266
11 5 5.6754875
11 34 2.2486222
11 20 1.0038432
11 2 0.50087744
11 37 1.8019683
11 7 5.96702
11 27 0.47070932
11 16 0.92607266
11 25 0.824149
12 26 1.5966527
12 28 5.229034
12 32 0.34623757
12 10 6.227077
12 24 0.08151831
12 21 0.065037884
12 3 0.060169384
13 30 1.0292897
13 0 0.83492464
13 8 2.5436363
13 18 312.5
13 33 0.98660713
13 11 0.39679813
13 29 0.9537134
13 5 450.00003
13 34 7.562901
13 20 0.9344265
13 2 0.22855812
13 14 2.0043104
13 37 1.1769867
13 27 0.3567673
13 16 138.49648
13 25 0.8299179
14 20 1.5704795
14 13 2.0043104
14 33 0.43134218
14 27 3.9990234
14 11 2000.0
14 25 1.4347392
15 32 0.072643444
15 21 0.9875588
16 0 2000.0
16 30 1.2980845
16 8 1.5733434
16 18 0.8652864
16 13 138.49648
16 11 0.92607266
16 29 86.86164
16 5 2.1397471
16 20 20.577211
16 37 48.385117
16 7 1.5071021
16 27 1.8799562
16 23 6.4314466
16 25 1.2942785
17 26 2.2905118
17 6 0.8326279
17 10 0.054306105
17 24 0.20714766
17 31 1.3418297
17 9 0.040535916
17 4 0.08073165
17 19 2.8821692
18 30 0.7652787
18 2 7.99741
18 8 1.3826765
18 37 1.0491668
18 13 312.5
18 7 2000.0
18 27 8.440854
18 16 0.8652864
18 23 1.0876662
18 11 3.3714194
18 29 1.0974066
18 5 0.749667
19 31 0.08501995
19 9 0.07257178
19 17 2.8821692
19 4 0.09378053
20 30 15.075209
20 13 0.9344265
20 33 1.1128757
20 11 1.0038432
20 29 20.948479
20 5 2.9837947
20 34 0.8657194
20 2 2.9188251
20 14 1.5704795
20 37 2.0194495
20 7 3.3502853
20 27 1.4836777
20 16 20.577211
20 25 0.49899316
21 32 2000.0
21 24 0.2604654
21 35 0.0382298
21 12 0.065037884
21 15 0.9875588
22 6 139.61877
22 31 1094.9431
22 9 1.0612706
22 19 1394.0342
23 0 2000.0
23 30 1.4102409
23 2 42.11431
23 8 0.9652252
23 37 1.5965979
23 18 1.0876662
23 7 1.3010126
23 16 6.4314466
23 11 2000.0
23 29 1.8231707
23 5 4.9717164
24 26 0.06337426
24 32 0.14510545
24 10 0.04775544
24 21 0.2604654
24 31 11.591886
24 3 327.27274
24 12 0.08151831
24 15 2000.0
24 17 0.20714766
25 30 2.3988652
25 13 0.8299179
25 33 0.5664305
25 11 0.824149
25 29 2.3610034
25 34 1.3548377
25 20 0.49899316
25 2 1.260666
25 14 1.4347392
25 37 66.66667
25 7 8.8198395
25 27 0.6765488
25 16 1.2942785
26 36 79.78081
26 32 1170.284
26 28 0.030536147
26 10 0.042877316
26 24 0.06337426
26 31 0.06993956
26 12 1.5966527
26 17 2.2905118
27 0 2000.0
27 30 0.27120215
27 8 1.1847337
27 18 8.440854
27 13 0.3567673
27 33 1.2397445
27 11 0.47070932
27 29 0.5062097
27 5 1.8652185
27 34 1.6195774
27 20 1.4836777
27 2 0.30190375
27 14 3.9990234
27 37 1.273126
27 7 3437.4434
27 16 1.8799562
27 25 0.6765488
28 36 0.031040048
28 26 0.030536147
28 10 0.19634765
28 3 0.11576746
28 12 5.229034
28 9 3.347026
29 0 23.739681
29 30 9.479339
29 8 0.60270894
29 18 1.0974066
29 13 0.9537134
29 33 2000.0
29 11 0.53975266
29 5 4.9854503
29 34 4.7789526
29 20 20.948479
29 2 0.8041887
29 37 0.73507816
29 7 2000.0
29 27 0.5062097
29 16 86.86164
29 23 1.8231707
29 25 2.3610034
30 0 2000.0
30 8 1.1058438
30 18 0.7652787
30 13 1.0292897
30 33 9.43419
30 11 0.3743535
30 29 9.479339
30 5 0.7290008
30 34 3.1801445
30 20 15.075209
30 2 13.800109
30 14 2000.0
30 37 6.235933
30 7 1.7170326
30 27 0.27120215
30 16 1.2980845
30 23 1.4102409
30 25 2.3988652
31 26 0.06993956
31 6 1.4455907
31 10 0.07832527
31 24 11.591886
31 9 0.031044183
31 17 1.3418297
31 4 0.09288917
31 19 0.08501995
32 24 0.14510545
32 12 0.34623757
32 15 0.072643444
33 30 9.43419
33 8 2000.0
33 13 0.98660713
33 11 2.0700116
33 29 2000.0
33 34 2000.0
33 20 1.1128757
33 2 1.9443282
33 14 0.43134218
33 7 2000.0
33 27 1.2397445
33 16 2000.0
33 25 0.5664305
34 30 3.1801445
34 20 0.8657194
34 8 3.0632985
34 13 7.562901
34 7 18.029222
34 27 1.6195774
34 16 1215.0568
34 11 2.2486222
34 25 1.3548377
34 29 4.7789526
34 5 3.7723577
35 21 0.0382298
36 26 79.78081
36 28 0.031040048
36 3 0.24981175
36 9 0.97254574
37 30 6.235933
37 0 0.63139033
37 8 0.964284
37 18 1.0491668
37 13 1.1769867
37 11 1.8019683
37 29 0.73507816
37 20 2.0194495
37 2 0.7289251
37 7 21.169561
37 27 1.273126
37 16 48.385117
37 23 1.5965979
37 25 66.66667
