0 2 1.0340292
0 37 2.0763988
0 13 1.1925017
0 29 24.823357
0 25 207.00002
1 3 1.135542
1 12 37.27046
2 30 16.290237
2 0 1.0340292
2 8 1.1873417
2 18 2.0744517
2 13 0.49864447
2 33 1.6409699
2 11 2.2872982
2 29 1.1156284
2 20 4.9794645
2 37 0.8204761
2 27 1.394788
2 16 2000.0
2 23 9.640341
2 25 0.59431076
3 36 0.7009464
3 28 7.5352283
3 24 2000.0
3 12 0.06823295
3 1 1.135542
3 9 0.8354299
4 31 0.06627084
4 9 0.08444486
4 17 0.17729196
4 19 0.07625745
5 30 0.75313896
5 8 1.1162579
5 18 1.0250088
5 13 26.677244
5 11 4.184898
5 29 6.8120985
5 34 3.433694
5 20 2.9229515
5 37 12.079292
5 7 12.362175
5 27 3.1932783
5 16 1.7583663
5 23 4.698232
5 25 2000.0
6 31 0.16848266
6 17 2.9714987
7 34 378.94742
7 30 0.82838804
7 20 60.4964
7 8 5.6529408
7 16 1.6917008
7 23 1.6607565
7 25 2.0586739
7 5 12.362175
8 0 2000.0
8 30 0.3053833
8 18 1.3227683
8 13 1.3620527
8 11 1.1614314
8 29 1.1346267
8 5 1.1162579
8 34 90.58074
8 2 1.1873417
8 37 1.2995989
8 7 5.6529408
8 27 1.6122737
8 16 1.8692094
8 23 1.6578174
8 25 2000.0
9 36 0.34708068
9 26 2000.0
9 28 3.0006495
9 10 28.901403
9 22 0.05038353
9 31 0.029792888
9 12 2000.0
9 3 0.8354299
9 4 0.08444486
9 17 0.036048017
9 19 0.07810172
10 26 0.029958958
10 28 0.5772754
10 24 0.06739719
10 31 42.55032
10 12 114.28571
10 9 28.901403
10 17 0.03119742
11 0 2000.0
11 30 0.8873817
11 8 1.1614314
11 18 11.451111
11 13 1.061755
11 33 2.3432164
11 29 1.7218271
11 5 4.184898
11 34 2.1965933
11 20 1.2697402
11 2 2.2872982
11 37 1.3111482
11 7 2813.4092
11 27 0.74166524
11 16 1.4849718
11 25 1.3494251
12 26 0.38326818
12 32 3.2910273
12 10 114.28571
12 24 0.09172191
12 21 0.10672336
12 3 0.06823295
12 1 37.27046
13 30 23.72557
13 0 1.1925017
13 8 1.3620527
13 18 189.39394
13 33 1.1178504
13 11 1.061755
13 29 0.85212666
13 5 26.677244
13 34 2000.0
13 20 1.4161453
13 2 0.49864447
13 14 3.733792
13 37 1.0195278
13 7 2000.0
13 27 0.2827381
13 16 56.44985
13 25 0.4018052
14 30 9.163544
14 20 15.206125
14 13 3.733792
14 27 2.129753
14 33 0.5601091
14 11 2000.0
14 25 8.735821
15 32 0.073573925
15 21 7.8407397
15 12 2000.0
16 0 2000.0
16 30 1.1419394
16 8 1.8692094
16 18 2.5261128
16 13 56.44985
16 11 1.4849718
16 29 1049.1877
16 5 1.7583663
16 34 57.80735
16 20 18.56485
16 7 1.6917008
16 27 1.4833757
16 23 3.3729784
16 25 1.384393
17 6 2.9714987
17 26 1.8667557
17 10 0.03119742
17 24 0.37189817
17 31 0.9523101
17 9 0.036048017
17 4 0.17729196
17 19 1252.6136
18 0 2000.0
18 30 0.7049686
18 8 1.3227683
18 13 189.39394
18 11 11.451111
18 29 1.2041688
18 5 1.0250088
18 2 2.0744517
18 37 2.201928
18 7 2000.0
18 27 48.16043
18 16 2.5261128
18 23 1.729428
19 31 0.12243702
19 9 0.07810172
19 4 0.07625745
20 0 2000.0
20 30 2.7220044
20 13 1.4161453
20 33 1.859898
20 11 1.2697402
20 29 11.588831
20 5 2.9229515
20 34 0.8502702
20 2 4.9794645
20 14 15.206125
20 37 3.9469151
20 7 60.4964
20 27 3.9460661
20 16 18.56485
20 25 0.6949531
21 32 2000.0
21 24 1.0518656
21 35 0.045207113
21 31 2000.0
21 12 0.10672336
21 15 7.8407397
22 31 100.0
22 9 0.05038353
22 19 2000.0
23 0 2000.0
23 30 1.7128769
23 8 1.6578174
23 2 9.640341
23 37 2.0921032
23 18 1.729428
23 7 1.6607565
23 16 3.3729784
23 11 2000.0
23 29 1.6394465
23 5 4.698232
24 26 0.04059808
24 32 0.25231645
24 10 0.06739719
24 21 1.0518656
24 12 0.09172191
24 17 0.37189817
25 0 207.00002
25 30 19.309164
25 13 0.4018052
25 33 0.65245414
25 11 1.3494251
25 29 8.735622
25 34 2.511411
25 20 0.6949531
25 2 0.59431076
25 14 8.735821
25 37 60.372444
25 7 2.0586739
25 27 0.3135745
25 16 1.384393
26 32 141.72887
26 28 0.070700854
26 10 0.029958958
26 24 0.04059808
26 31 0.23205666
26 12 0.38326818
26 17 1.8667557
27 30 0.2453125
27 0 2000.0
27 8 1.6122737
27 18 48.16043
27 13 0.2827381
27 33 0.8299353
27 11 0.74166524
27 29 0.7357439
27 5 3.1932783
27 34 0.8809677
27 20 3.9460661
27 2 1.394788
27 14 2.129753
27 37 0.75636965
27 7 2000.0
27 16 1.4833757
27 25 0.3135745
28 36 0.032565862
28 26 0.070700854
28 10 0.5772754
28 3 7.5352283
28 12 1200.3408
28 9 3.0006495
28 19 1367.8977
29 0 24.823357
29 30 1.4290837
29 8 1.1346267
29 18 1.2041688
29 13 0.85212666
29 33 18.826456
29 11 1.7218271
29 5 6.8120985
29 34 3.720239
29 20 11.588831
29 2 1.1156284
29 37 0.7735484
29 7 2000.0
29 27 0.7357439
29 16 1049.1877
29 23 1.6394465
29 25 8.735622
30 8 0.3053833
30 18 0.7049686
30 13 23.72557
30 33 9.595061
30 11 0.8873817
30 29 1.4290837
30 5 0.75313896
30 34 0.92355376
30 20 2.7220044
30 2 16.290237
30 14 9.163544
30 37 16.206942
30 7 0.82838804
30 27 0.2453125
30 16 1.1419394
30 23 1.7128769
30 25 19.309164
31 26 0.23205666
31 6 0.16848266
31 10 42.55032
31 35 72.773094
31 22 100.0
31 9 0.029792888
31 4 0.06627084
31 17 0.9523101
31 19 0.12243702
32 26 141.72887
32 24 0.25231645
32 21 2000.0
32 12 3.2910273
32 15 0.073573925
33 30 9.595061
33 8 2000.0
33 13 1.1178504
33 11 2.3432164
33 29 18.826456
33 5 2000.0
33 34 2000.0
33 20 1.859898
33 2 1.6409699
33 14 0.5601091
33 7 2000.0
33 27 0.8299353
33 16 3017.898
33 25 0.65245414
34 30 0.92355376
34 20 0.8502702
34 8 90.58074
34 37 2000.0
34 7 378.94742
34 27 0.8809677
34 16 57.80735
34 11 2.1965933
34 29 3.720239
34 25 2.511411
34 5 3.433694
35 21 0.045207113
35 31 72.773094
36 28 0.032565862
36 3 0.7009464
36 9 0.34708068
37 30 16.206942
37 0 2.0763988
37 8 1.2995989
37 18 2.201928
37 13 1.0195278
37 11 1.3111482
37 29 0.7735484
37 5 12.079292
37 20 3.9469151
37 2 0.8204761
37 7 2793.6362
37 27 0.75636965
37 16 2000.0
37 23 2.0921032
37 25 60.372444
