0 8 9.72973
0 2 1.3569282
0 37 0.85906416
0 13 0.71492
0 11 30.480795
0 29 5.8302827
1 3 0.26314914
1 12 1202.159
2 30 51.538258
2 0 1.3569282
2 8 1.8839549
2 18 6.0607343
2 13 0.79292864
2 33 1.8197825
2 11 2.525357
2 29 0.6901433
2 20 2.6209764
2 37 1.1892943
2 27 1.0716074
2 16 2000.0
2 23 73.61132
2 25 2.337971
3 36 0.19094664
3 28 0.11552329
3 24 300.0
3 12 0.07117061
3 1 0.26314914
3 9 0.16985148
4 31 0.06736154
4 9 0.06748774
4 17 0.07795467
4 19 0.08475224
5 34 4.574179
5 30 0.41765183
5 20 3.2106898
5 8 0.39544436
5 37 2000.0
5 18 0.4267743
5 7 5.981598
5 27 2.8283246
5 16 2.6011958
5 23 7.0324287
5 11 4.5862026
5 29 2.1767282
6 22 25.296717
6 31 1.1207578
6 17 1.5089449
7 34 41.250008
7 30 3.175381
7 20 3.0926821
7 8 34.739464
7 37 24.44305
7 27 146.91234
7 16 1.8125732
7 11 4.6689844
7 23 1.3172414
7 25 13.827608
7 5 5.981598
8 0 9.72973
8 30 0.73947656
8 18 1.117302
8 13 2.1109161
8 11 0.9298879
8 29 0.8885192
8 5 0.39544436
8 34 12.509229
8 2 1.8839549
8 37 2.1802788
8 7 34.739464
8 27 3.8159
8 16 1.7018087
8 23 0.9807938
9 36 0.79082656
9 28 2.577837
9 10 2.7102761
9 22 0.46352983
9 31 0.027668515
9 3 0.16985148
9 17 0.058699705
9 4 0.06748774
9 19 0.0733198
10 26 0.043962084
10 28 0.24577406
10 24 0.050791107
10 31 0.04968287
10 12 7.401267
10 9 2.7102761
10 17 0.03442256
11 0 30.480795
11 30 0.42413688
11 8 0.9298879
11 18 4.5337634
11 13 0.9793052
11 33 3.7894483
11 29 0.6408351
11 5 4.5862026
11 34 7.3384967
11 20 1.4614354
11 2 2.525357
11 37 1.456631
11 7 4.6689844
11 27 0.48158646
11 16 1.4520018
11 25 1.0161911
12 26 1.6987927
12 28 4.400668
12 32 0.31650373
12 10 7.401267
12 24 0.067068495
12 21 0.093392596
12 3 0.07117061
13 30 2.8437653
13 0 0.71492
13 8 2.1109161
13 18 250.00002
13 33 1.2572968
13 11 0.9793052
13 29 0.56090605
13 5 2000.0
13 34 10.470557
13 20 0.55129546
13 2 0.79292864
13 14 2.573777
13 37 5.6355515
13 27 0.5292832
13 16 145.54102
13 25 0.702945
14 20 1.1982881
14 13 2.573777
14 33 0.86005104
14 27 3.39933
14 11 2000.0
14 25 13.930297
15 32 0.071711995
15 21 11.239442
16 0 2000.0
16 30 1.1026453
16 8 1.7018087
16 18 0.91379595
16 13 145.54102
16 11 1.4520018
16 29 43.622654
16 5 2.6011958
16 20 6.9417033
16 37 184.13834
16 7 1.8125732
16 27 3.7594821
16 23 19.32196
16 25 1.2820964
17 26 1.7285827
17 6 1.5089449
17 10 0.03442256
17 24 0.17571323
17 31 1.1659838
17 9 0.058699705
17 4 0.07795467
17 19 3.1478798
18 30 0.7762289
18 2 6.0607343
18 8 1.117302
18 37 1.2407511
18 7 2000.0
18 13 250.00002
18 27 6.523186
18 16 0.91379595
18 23 1.3836846
18 11 4.5337634
18 29 1.1703075
18 5 0.4267743
19 31 0.06428867
19 9 0.0733198
19 17 3.1478798
19 4 0.08475224
20 0 2000.0
20 30 26.236668
20 13 0.55129546
20 33 2.5610049
20 11 1.4614354
20 29 1.5750908
20 5 3.2106898
20 34 1.4598037
20 2 2.6209764
20 14 1.1982881
20 37 1.4902971
20 7 3.0926821
20 27 0.708588
20 16 6.9417033
20 25 0.677856
21 32 2000.0
21 10 2000.0
21 24 0.13720585
21 35 0.04986999
21 12 0.093392596
21 15 11.239442
22 6 25.296717
22 31 144.94774
22 9 0.46352983
22 19 1386.4772
23 0 2000.0
23 30 1.9762434
23 2 73.61132
23 8 0.9807938
23 37 5.4400573
23 18 1.3836846
23 7 1.3172414
23 16 19.32196
23 11 2000.0
23 29 4.0463443
23 5 7.0324287
24 26 0.066649035
24 32 0.080119595
24 10 0.050791107
24 21 0.13720585
24 31 9.179768
24 12 0.067068495
24 3 300.0
24 15 2000.0
24 17 0.17571323
25 30 5.010909
25 13 0.702945
25 33 0.44174278
25 11 1.0161911
25 29 3.5054755
25 34 6.99819
25 20 0.677856
25 2 2.337971
25 14 13.930297
25 37 14.7825985
25 7 13.827608
25 27 1.137644
25 16 1.2820964
26 36 48.791126
26 32 47.473484
26 28 0.038117256
26 10 0.043962084
26 24 0.066649035
26 31 0.052895024
26 12 1.6987927
26 17 1.7285827
27 0 2000.0
27 30 0.38628715
27 8 3.8159
27 18 6.523186
27 13 0.5292832
27 33 0.8636921
27 11 0.48158646
27 29 0.43874642
27 5 2.8283246
27 34 2.5245178
27 20 0.708588
27 2 1.0716074
27 14 3.39933
27 37 3.4852388
27 7 146.91234
27 16 3.7594821
27 25 1.137644
28 36 0.0334089
28 26 0.038117256
28 10 0.24577406
28 3 0.11552329
28 12 4.400668
28 9 2.577837
29 0 5.8302827
29 30 3.8146584
29 8 0.8885192
29 18 1.1703075
29 13 0.56090605
29 33 51.811985
29 11 0.6408351
29 5 2.1767282
29 34 4.740182
29 20 1.5750908
29 2 0.6901433
29 37 1.4629414
29 7 2000.0
29 27 0.43874642
29 16 43.622654
29 23 4.0463443
29 25 3.5054755
30 0 2000.0
30 8 0.73947656
30 18 0.7762289
30 13 2.8437653
30 33 2.9627244
30 11 0.42413688
30 29 3.8146584
30 5 0.41765183
30 34 3.6407878
30 20 26.236668
30 2 51.538258
30 14 2000.0
30 37 6.228835
30 7 3.175381
30 27 0.38628715
30 16 1.1026453
30 23 1.9762434
30 25 5.010909
31 26 0.052895024
31 6 1.1207578
31 10 0.04968287
31 24 9.179768
31 9 0.027668515
31 17 1.1659838
31 4 0.06736154
31 19 0.06428867
32 26 47.473484
32 24 0.080119595
32 12 0.31650373
32 15 0.071711995
33 30 2.9627244
33 8 2000.0
33 13 1.2572968
33 11 3.7894483
33 29 51.811985
33 5 2000.0
33 34 2000.0
33 20 2.5610049
33 2 1.8197825
33 14 0.86005104
33 7 2000.0
33 27 0.8636921
33 16 2000.0
33 25 0.44174278
34 30 3.6407878
34 20 1.4598037
34 8 12.509229
34 7 41.250008
34 13 10.470557
34 27 2.5245178
34 16 5535.0566
34 11 7.3384967
34 25 6.99819
34 29 4.740182
34 5 4.574179
35 21 0.04986999
36 26 48.791126
36 28 0.0334089
36 3 0.19094664
36 9 0.79082656
37 30 6.228835
37 0 0.85906416
37 8 2.1802788
37 18 1.2407511
37 13 5.6355515
37 11 1.456631
37 29 1.4629414
37 20 1.4902971
37 2 1.1892943
37 7 24.44305
37 27 3.4852388
37 16 184.13834
37 23 5.4400573
37 25 14.7825985
