0 2 5.482003
0 37 1.9651686
0 13 1.7055138
0 29 26.41315
0 25 12.632671
1 3 1.0791395
1 12 16.513435
2 30 13.625659
2 0 5.482003
2 8 1.2159534
2 18 1.8771598
2 13 0.65622014
2 33 3.1252797
2 11 1.6438054
2 29 0.9667723
2 20 7.1033874
2 37 0.83527887
2 27 1.0959975
2 16 2000.0
2 23 12.89184
2 25 0.49917588
3 36 0.95436203
3 28 5.5987506
3 24 2000.0
3 12 0.0668741
3 1 1.0791395
3 9 0.5167597
4 31 0.06885979
4 9 0.0795124
4 17 0.15900053
4 19 0.06939796
5 30 0.7348547
5 8 0.4965298
5 18 0.7756126
5 13 66.61581
5 11 1.7278105
5 29 2.8377132
5 34 2.3923295
5 20 2.6434624
5 37 11.834659
5 7 6.561933
5 27 1.2097584
5 16 1.1951113
5 23 4.136603
5 25 2000.0
6 31 0.25039184
6 17 5.145185
7 34 178.25757
7 30 1.1409861
7 20 131.66513
7 8 7.8513403
7 37 160.0
7 16 1.4551533
7 23 1.3396299
7 25 2.237363
7 5 6.561933
8 0 2000.0
8 30 0.39603207
8 18 1.429303
8 13 1.0864118
8 11 0.9341019
8 29 0.2940537
8 5 0.4965298
8 34 82.7805
8 2 1.2159534
8 37 1.4517922
8 7 7.8513403
8 27 0.8365492
8 16 1.3637344
8 23 0.8688087
8 25 2000.0
9 36 0.35279882
9 26 2000.0
9 28 1.3801309
9 10 20.543447
9 22 0.09725764
9 31 0.029683074
9 3 0.5167597
9 12 2000.0
9 4 0.0795124
9 17 0.047252305
9 19 0.06627507
10 26 0.029552437
10 28 0.23892044
10 24 0.08424781
10 31 59.52381
10 12 1826.8182
10 9 20.543447
10 17 0.03056608
11 0 2000.0
11 30 0.57168925
11 8 0.9341019
11 18 8.198328
11 13 0.67753583
11 33 1.2446786
11 29 1.3960748
11 5 1.7278105
11 34 3.7772472
11 20 0.8869736
11 2 1.6438054
11 37 1.4750233
11 7 2175.8523
11 27 0.6743402
11 16 1.1196103
11 25 0.40459445
12 26 1.4967866
12 32 11.593344
12 24 0.06509749
12 21 0.34358165
12 3 0.0668741
12 1 16.513435
13 30 22.40199
13 0 1.7055138
13 8 1.0864118
13 18 239.50432
13 33 0.9412319
13 11 0.67753583
13 29 0.8155458
13 5 66.61581
13 34 2000.0
13 20 1.2064008
13 2 0.65622014
13 14 3.4636755
13 37 2.1122835
13 7 2000.0
13 27 0.3268048
13 16 40.1996
13 25 0.23317577
14 30 9.248739
14 20 2.7396693
14 13 3.4636755
14 27 4.576055
14 33 0.4664671
14 11 2000.0
14 25 1.6036165
15 32 0.08029061
15 21 8.061592
16 0 2000.0
16 30 1.0888337
16 8 1.3637344
16 18 1.1490954
16 13 40.1996
16 11 1.1196103
16 5 1.1951113
16 34 90.90909
16 20 46.980553
16 7 1.4551533
16 27 1.2884222
16 23 1.8971426
16 25 0.8710357
17 6 5.145185
17 26 1.3966967
17 10 0.03056608
17 24 0.11618118
17 31 0.9741441
17 9 0.047252305
17 4 0.15900053
17 19 68.0591
18 0 2000.0
18 30 0.6909652
18 8 1.429303
18 13 239.50432
18 11 8.198328
18 29 1.2190349
18 5 0.7756126
18 2 1.8771598
18 37 2.164824
18 7 2000.0
18 27 25.964573
18 16 1.1490954
18 23 1.488071
19 28 159.58725
19 31 0.07837183
19 9 0.06627507
19 4 0.06939796
19 17 68.0591
20 0 2000.0
20 30 1.3836688
20 13 1.2064008
20 33 1.0236537
20 11 0.8869736
20 29 16.929892
20 5 2.6434624
20 34 0.9019728
20 2 7.1033874
20 14 2.7396693
20 37 3.109081
20 7 131.66513
20 27 1.4135332
20 16 46.980553
20 25 0.5305665
21 32 2000.0
21 24 2.0340908
21 35 0.05742362
21 31 2000.0
21 12 0.34358165
21 15 8.061592
22 31 97.62201
22 9 0.09725764
22 19 2000.0
23 0 2000.0
23 30 1.6351014
23 8 0.8688087
23 2 12.89184
23 37 2.1405191
23 18 1.488071
23 7 1.3396299
23 16 1.8971426
23 11 2000.0
23 29 1.7585405
23 5 4.136603
24 26 0.046140693
24 32 0.34256572
24 10 0.08424781
24 21 2.0340908
24 12 0.06509749
24 17 0.11618118
25 0 12.632671
25 30 11.073032
25 13 0.23317577
25 33 0.9472947
25 11 0.40459445
25 29 3.7358935
25 34 2.1185215
25 20 0.5305665
25 2 0.49917588
25 14 1.6036165
25 37 16.356134
25 7 2.237363
25 27 0.23364449
25 16 0.8710357
26 32 28.777903
26 28 0.06073627
26 10 0.029552437
26 24 0.046140693
26 31 0.097391784
26 12 1.4967866
26 17 1.3966967
27 30 0.2635363
27 0 2000.0
27 8 0.8365492
27 18 25.964573
27 13 0.3268048
27 33 0.80746037
27 11 0.6743402
27 29 0.920067
27 5 1.2097584
27 34 1.2534127
27 20 1.4135332
27 2 1.0959975
27 14 4.576055
27 37 0.9040732
27 7 3979.1477
27 16 1.2884222
27 25 0.23364449
28 36 0.034512464
28 26 0.06073627
28 10 0.23892044
28 3 5.5987506
28 12 1188.9205
28 9 1.3801309
28 19 159.58725
29 0 26.41315
29 30 1.4858246
29 8 0.2940537
29 18 1.2190349
29 13 0.8155458
29 33 47.882854
29 11 1.3960748
29 5 2.8377132
29 34 4.2515225
29 20 16.929892
29 2 0.9667723
29 37 1.0030528
29 7 2000.0
29 27 0.920067
29 16 2000.0
29 23 1.7585405
29 25 3.7358935
30 8 0.39603207
30 18 0.6909652
30 13 22.40199
30 33 8.875451
30 11 0.57168925
30 29 1.4858246
30 5 0.7348547
30 34 0.906524
30 20 1.3836688
30 2 13.625659
30 14 9.248739
30 37 18.583721
30 7 1.1409861
30 27 0.2635363
30 16 1.0888337
30 23 1.6351014
30 25 11.073032
31 26 0.097391784
31 6 0.25039184
31 10 59.52381
31 35 26.169092
31 22 97.62201
31 9 0.029683074
31 4 0.06885979
31 17 0.9741441
31 19 0.07837183
32 26 28.777903
32 24 0.34256572
32 12 11.593344
32 15 0.08029061
33 30 8.875451
33 8 2000.0
33 13 0.9412319
33 11 1.2446786
33 29 47.882854
33 5 2000.0
33 34 2000.0
33 20 1.0236537
33 2 3.1252797
33 14 0.4664671
33 7 2000.0
33 27 0.80746037
33 16 3017.898
33 25 0.9472947
34 30 0.906524
34 20 0.9019728
34 8 82.7805
34 37 2000.0
34 7 178.25757
34 13 2000.0
34 27 1.2534127
34 16 90.90909
34 11 3.7772472
34 29 4.2515225
34 25 2.1185215
34 5 2.3923295
35 21 0.05742362
35 31 26.169092
36 28 0.034512464
36 3 0.95436203
36 9 0.35279882
37 30 18.583721
37 0 1.9651686
37 8 1.4517922
37 18 2.164824
37 13 2.1122835
37 11 1.4750233
37 29 1.0030528
37 5 11.834659
37 20 3.109081
37 2 0.83527887
37 7 160.0
37 27 0.9040732
37 16 2000.0
37 23 2.1405191
37 25 16.356134
