0 8 10.145095
0 2 0.83606565
0 37 1.647581
0 13 1.0197618
0 11 550.28827
0 29 3.50247
0 25 600.0
1 3 0.25830424
1 12 72.663635
2 30 15.903
2 0 0.83606565
2 8 1.4016896
2 18 6.9654665
2 13 0.47592807
2 33 1.6170899
2 11 0.9435463
2 29 0.88925284
2 20 2.202705
2 37 1.9650476
2 27 1.1220413
2 23 112.038475
2 25 1.7133155
3 36 0.41199356
3 28 0.11530303
3 24 2000.0
3 12 0.070731126
3 1 0.25830424
3 9 0.31893328
4 31 0.07788531
4 9 0.07639356
4 17 0.12952268
4 19 0.080707535
5 30 0.5727025
5 8 0.46468458
5 18 1.2485003
5 13 1451.8209
5 11 5.232977
5 29 2.8298545
5 34 3.5826952
5 20 2.7949085
5 37 2000.0
5 7 10.597163
5 27 1.8815413
5 16 1.7605071
5 23 5.903217
6 31 1.5189142
6 17 1.6346655
7 34 40.14931
7 30 1.2980442
7 20 2.3855486
7 8 35.11901
7 37 34.216976
7 16 1.699528
7 11 17.19511
7 23 1.3469647
7 25 10.892204
7 5 10.597163
8 0 10.145095
8 30 0.71388346
8 18 1.2241076
8 13 2.4032013
8 11 0.96760947
8 29 0.5365947
8 5 0.46468458
8 34 15.0996685
8 2 1.4016896
8 37 1.5386255
8 7 35.11901
8 27 1.2923021
8 16 1.3868452
8 23 1.0457833
9 36 1.4020504
9 26 2000.0
9 28 8.1
9 10 6.6543674
9 22 1.1104815
9 31 0.031473547
9 3 0.31893328
9 12 2000.0
9 17 0.054152325
9 4 0.07639356
9 19 0.06727994
10 26 0.04400253
10 28 0.93206793
10 24 0.07718531
10 31 0.033288226
10 12 4.7756014
10 9 6.6543674
10 17 0.03193353
11 0 550.28827
11 30 0.5474332
11 8 0.96760947
11 18 8.000613
11 13 0.5805881
11 33 2.4049625
11 29 0.5200618
11 5 5.232977
11 34 3.9489088
11 20 1.951149
11 2 0.9435463
11 37 1.4892136
11 7 17.19511
11 27 0.5919617
11 16 0.7961697
11 25 1.2854227
12 26 0.58091563
12 28 6.3286815
12 32 0.17179336
12 10 4.7756014
12 24 0.07809257
12 21 0.07459852
12 3 0.070731126
12 1 72.663635
13 30 2.7302973
13 0 1.0197618
13 8 2.4032013
13 18 266.6667
13 33 1.121082
13 11 0.5805881
13 29 0.5369725
13 5 1451.8209
13 34 16.85846
13 20 0.6863547
13 2 0.47592807
13 14 2.3306713
13 37 2.991926
13 27 0.42962134
13 16 203.14052
13 25 0.7914413
14 20 1.4494869
14 13 2.3306713
14 33 0.31115454
14 27 1.8106419
14 11 2000.0
14 25 1.8853228
15 32 0.08022568
15 21 6.009138
16 0 2000.0
16 30 1.7215909
16 8 1.3868452
16 18 0.8247667
16 13 203.14052
16 11 0.7961697
16 29 1932.9319
16 5 1.7605071
16 20 28.786312
16 37 101.44084
16 7 1.699528
16 27 1.8433659
16 23 4.3319664
16 25 2.195653
17 26 3.5892324
17 6 1.6346655
17 10 0.03193353
17 24 0.77123064
17 31 1.3526385
17 9 0.054152325
17 4 0.12952268
17 19 2.1903574
18 30 0.8272808
18 0 2000.0
18 8 1.2241076
18 13 266.6667
18 11 8.000613
18 29 1.070618
18 5 1.2485003
18 2 6.9654665
18 37 1.1748738
18 7 2000.0
18 27 7.5576725
18 16 0.8247667
18 23 3.004893
19 31 0.06798723
19 9 0.06727994
19 17 2.1903574
19 4 0.080707535
20 0 2000.0
20 30 15.214772
20 13 0.6863547
20 33 1.693072
20 11 1.951149
20 29 1.8195505
20 5 2.7949085
20 34 1.4072175
20 2 2.202705
20 14 1.4494869
20 37 6.4347534
20 7 2.3855486
20 27 1.532945
20 16 28.786312
20 25 1.0432247
21 32 2000.0
21 10 2000.0
21 24 0.050952986
21 35 0.046697926
21 12 0.07459852
21 15 6.009138
22 6 1282.6705
22 31 1121.8182
22 9 1.1104815
22 19 1594.4319
23 0 2000.0
23 30 1.92203
23 2 112.038475
23 8 1.0457833
23 37 3.0737035
23 18 3.004893
23 7 1.3469647
23 16 4.3319664
23 11 2000.0
23 29 1.9664528
23 5 5.903217
24 26 0.07504348
24 32 0.13141368
24 10 0.07718531
24 21 0.050952986
24 31 14.360019
24 12 0.07809257
24 3 2000.0
24 15 2000.0
24 17 0.77123064
25 0 600.0
25 30 7.597731
25 13 0.7914413
25 33 0.5821364
25 11 1.2854227
25 29 1.4652777
25 34 4.497667
25 20 1.0432247
25 2 1.7133155
25 14 1.8853228
25 37 36.817646
25 7 10.892204
25 27 0.7254652
25 16 2.195653
26 32 36.000004
26 28 0.040708616
26 10 0.04400253
26 24 0.07504348
26 31 0.08554383
26 12 0.58091563
26 17 3.5892324
27 0 2000.0
27 30 0.22537173
27 8 1.2923021
27 18 7.5576725
27 13 0.42962134
27 33 0.8833721
27 11 0.5919617
27 29 0.36284235
27 5 1.8815413
27 34 2.6697793
27 20 1.532945
27 2 1.1220413
27 14 1.8106419
27 37 1.5299019
27 7 1716.9886
27 16 1.8433659
27 25 0.7254652
28 36 0.047712702
28 26 0.040708616
28 10 0.93206793
28 3 0.11530303
28 12 6.3286815
28 9 8.1
29 0 3.50247
29 30 8.576179
29 8 0.5365947
29 18 1.070618
29 13 0.5369725
29 11 0.5200618
29 5 2.8298545
29 34 16.640535
29 20 1.8195505
29 2 0.88925284
29 37 1.652206
29 7 2000.0
29 27 0.36284235
29 23 1.9664528
29 25 1.4652777
30 0 2000.0
30 8 0.71388346
30 18 0.8272808
30 13 2.7302973
30 33 2.9369235
30 11 0.5474332
30 29 8.576179
30 5 0.5727025
30 34 3.2000232
30 20 15.214772
30 2 15.903
30 14 2000.0
30 37 7.439175
30 7 1.2980442
30 27 0.22537173
30 16 1.7215909
30 23 1.92203
30 25 7.597731
31 26 0.08554383
31 6 1.5189142
31 10 0.033288226
31 24 14.360019
31 9 0.031473547
31 17 1.3526385
31 4 0.07788531
31 19 0.06798723
32 26 36.000004
32 24 0.13141368
32 12 0.17179336
32 15 0.08022568
33 34 2000.0
33 30 2.9369235
33 20 1.693072
33 2 1.6170899
33 14 0.31115454
33 7 2000.0
33 13 1.121082
33 27 0.8833721
33 16 2000.0
33 11 2.4049625
33 29 2382.1023
33 25 0.5821364
34 30 3.2000232
34 20 1.4072175
34 8 15.0996685
34 7 40.14931
34 13 16.85846
34 27 2.6697793
34 16 2536.0227
34 11 3.9489088
34 25 4.497667
34 29 16.640535
34 5 3.5826952
35 21 0.046697926
36 26 2000.0
36 28 0.047712702
36 3 0.41199356
36 9 1.4020504
37 30 7.439175
37 0 1.647581
37 8 1.5386255
37 18 1.1748738
37 13 2.991926
37 11 1.4892136
37 29 1.652206
37 20 6.4347534
37 2 1.9650476
37 7 34.216976
37 27 1.5299019
37 16 101.44084
37 23 3.0737035
37 25 36.817646
