0 8 3.906673
0 2 1.3907003
0 37 1.0065825
0 13 1.0665696
0 11 47.910126
0 29 35.454178
1 3 0.28559387
1 12 1203.9772
2 30 7.592647
2 0 1.3907003
2 8 1.0508678
2 18 8.175802
2 13 0.27402794
2 33 2.7335174
2 11 1.0277344
2 29 0.7920236
2 20 2.2261364
2 37 0.8446064
2 27 0.33539987
2 23 19.94144
2 25 3.3634682
3 36 0.36229947
3 28 0.092971474
3 24 100.0
3 12 0.05219643
3 1 0.28559387
3 9 0.55216354
4 31 0.08034067
4 9 0.07771983
4 17 0.07506786
4 19 0.09041382
5 30 0.45289594
5 8 0.42085227
5 18 0.35757834
5 13 181.61505
5 11 2.266137
5 29 5.374979
5 34 0.7774621
5 20 2.5666966
5 37 2000.0
5 7 5.9916697
5 27 3.3916867
5 16 2.2109401
5 23 3.331984
6 31 0.5833521
6 17 0.5598691
7 34 12.647855
7 30 0.9793508
7 20 1.2306198
7 8 98.20086
7 37 12.6469345
7 16 1.0810955
7 11 9.753425
7 23 1.1991018
7 25 3.3508503
7 5 5.9916697
8 0 3.906673
8 30 0.83379024
8 18 0.96665144
8 13 2.4333403
8 11 1.3969247
8 29 0.7524238
8 5 0.42085227
8 34 2.6282914
8 2 1.0508678
8 37 0.95592165
8 7 98.20086
8 27 1.6325802
8 16 1.5011866
8 23 0.9162317
9 36 1.1176416
9 26 2000.0
9 28 1.724012
9 10 13.283665
9 22 0.56136364
9 31 0.0324193
9 3 0.55216354
9 17 0.117967345
9 4 0.07771983
9 19 0.06869488
10 26 0.035873964
10 28 0.30331707
10 24 0.07583853
10 31 0.035723437
10 12 17.204302
10 9 13.283665
10 17 0.02964746
11 0 47.910126
11 30 0.5787571
11 8 1.3969247
11 18 6.734977
11 13 0.57451075
11 33 2.3617425
11 29 0.8542714
11 5 2.266137
11 34 1.6823416
11 20 1.1530368
11 2 1.0277344
11 37 1.4839991
11 7 9.753425
11 27 0.5071766
11 16 0.83606225
11 25 1.0507032
12 26 0.63031244
12 28 3.179399
12 32 0.35335642
12 10 17.204302
12 24 0.06671855
12 21 0.08465109
12 3 0.05219643
13 0 1.0665696
13 30 2.0416667
13 8 2.4333403
13 18 85.71429
13 33 0.8540286
13 11 0.57451075
13 29 0.77344453
13 5 181.61505
13 34 10.400905
13 20 0.49335584
13 2 0.27402794
13 14 1.5842782
13 37 1.2287282
13 7 2000.0
13 27 0.31108525
13 16 29.919937
13 25 0.56927025
14 34 2000.0
14 20 1.1161575
14 13 1.5842782
14 27 2.5499969
14 33 0.47511914
14 11 2000.0
14 25 0.6824722
15 32 0.067666866
15 21 1.0047728
16 30 1.1209553
16 0 2000.0
16 8 1.5011866
16 18 0.7999608
16 13 29.919937
16 11 0.83606225
16 29 30.564823
16 5 2.2109401
16 20 6.3967075
16 37 34.06367
16 7 1.0810955
16 27 1.3235313
16 23 2.9286156
16 25 1.3460479
17 26 1.8177583
17 6 0.5598691
17 10 0.02964746
17 24 0.38767034
17 31 1.1989046
17 9 0.117967345
17 4 0.07506786
17 19 5.924107
18 30 0.70174456
18 2 8.175802
18 8 0.96665144
18 37 1.0929595
18 13 85.71429
18 7 2000.0
18 27 3.6484785
18 16 0.7999608
18 23 1.320198
18 11 6.734977
18 29 0.89635587
18 5 0.35757834
19 31 0.08488961
19 9 0.06869488
19 17 5.924107
19 4 0.09041382
20 30 22.903595
20 13 0.49335584
20 33 1.8113467
20 11 1.1530368
20 29 6.7811713
20 5 2.5666966
20 34 0.97541755
20 2 2.2261364
20 14 1.1161575
20 37 1.5460339
20 7 1.2306198
20 27 0.62372446
20 16 6.3967075
20 25 0.52173996
21 32 2000.0
21 24 0.85613275
21 35 0.04749983
21 12 0.08465109
21 15 1.0047728
22 6 1194.6023
22 31 1714.3181
22 9 0.56136364
22 19 1288.409
23 0 2000.0
23 30 0.9570927
23 2 19.94144
23 8 0.9162317
23 37 2.6045313
23 18 1.320198
23 7 1.1991018
23 16 2.9286156
23 11 2000.0
23 29 2.711775
23 5 3.331984
24 26 0.06291422
24 32 0.13447401
24 10 0.07583853
24 21 0.85613275
24 31 4.7767735
24 3 100.0
24 12 0.06671855
24 15 2000.0
24 17 0.38767034
25 30 3.2979708
25 13 0.56927025
25 33 0.34160748
25 11 1.0507032
25 29 4.382419
25 34 1.2864394
25 20 0.52173996
25 2 3.3634682
25 14 0.6824722
25 37 105.153404
25 7 3.3508503
25 27 0.7592698
25 16 1.3460479
26 36 65.60227
26 32 14.649094
26 28 0.058365587
26 10 0.035873964
26 24 0.06291422
26 31 0.061327793
26 12 0.63031244
26 17 1.8177583
27 0 2000.0
27 30 0.19325277
27 8 1.6325802
27 18 3.6484785
27 13 0.31108525
27 33 1.1373947
27 11 0.5071766
27 29 0.5119225
27 5 3.3916867
27 34 0.90834737
27 20 0.62372446
27 2 0.33539987
27 14 2.5499969
27 37 0.8214233
27 7 4293.636
27 16 1.3235313
27 25 0.7592698
28 36 0.033922367
28 26 0.058365587
28 10 0.30331707
28 3 0.092971474
28 12 3.179399
28 9 1.724012
29 0 35.454178
29 30 4.5016627
29 8 0.7524238
29 18 0.89635587
29 13 0.77344453
29 11 0.8542714
29 5 5.374979
29 34 4.8813224
29 20 6.7811713
29 2 0.7920236
29 37 0.6185227
29 7 2000.0
29 27 0.5119225
29 16 30.564823
29 23 2.711775
29 25 4.382419
30 0 2000.0
30 8 0.83379024
30 18 0.70174456
30 13 2.0416667
30 33 2.4343438
30 11 0.5787571
30 29 4.5016627
30 5 0.45289594
30 34 1.6166905
30 20 22.903595
30 2 7.592647
30 37 8.195381
30 7 0.9793508
30 27 0.19325277
30 16 1.1209553
30 23 0.9570927
30 25 3.2979708
31 26 0.061327793
31 6 0.5833521
31 10 0.035723437
31 24 4.7767735
31 9 0.0324193
31 17 1.1989046
31 4 0.08034067
31 19 0.08488961
32 26 14.649094
32 24 0.13447401
32 12 0.35335642
32 15 0.067666866
33 30 2.4343438
33 8 2000.0
33 13 0.8540286
33 11 2.3617425
33 29 1898.4092
33 34 2000.0
33 20 1.8113467
33 2 2.7335174
33 14 0.47511914
33 7 2000.0
33 27 1.1373947
33 16 1627.8408
33 25 0.34160748
34 30 1.6166905
34 20 0.97541755
34 8 2.6282914
34 13 10.400905
34 7 12.647855
34 27 0.90834737
34 16 1215.0568
34 11 1.6823416
34 25 1.2864394
34 29 4.8813224
34 5 0.7774621
35 21 0.04749983
36 26 65.60227
36 28 0.033922367
36 3 0.36229947
36 9 1.1176416
37 0 1.0065825
37 30 8.195381
37 8 0.95592165
37 18 1.0929595
37 13 1.2287282
37 11 1.4839991
37 29 0.6185227
37 20 1.5460339
37 2 0.8446064
37 7 12.6469345
37 27 0.8214233
37 16 34.06367
37 23 2.6045313
37 25 105.153404
