0 2 1.0872283
0 37 2.668946
0 13 0.89521396
0 29 38.70968
0 25 15.040021
1 3 0.7288462
1 12 33.324413
2 30 35.192028
2 0 1.0872283
2 8 1.5217246
2 18 1.8595778
2 13 0.8565366
2 33 2.3292775
2 11 2.0811937
2 29 1.3414017
2 5 2000.0
2 20 8.414261
2 37 0.946629
2 27 1.7729821
2 16 2000.0
2 23 5.099547
2 25 0.857415
3 36 0.2213143
3 28 16.852558
3 24 2000.0
3 12 0.04981131
3 1 0.7288462
3 9 1.0254985
4 31 0.06530163
4 9 0.09038077
4 17 0.29017
4 19 0.082063355
5 30 0.5137886
5 8 1.0962275
5 18 0.35595915
5 13 14.586543
5 11 1.8345172
5 29 2.684286
5 34 3.8290906
5 20 2.3925862
5 37 41.5912
5 7 18.006586
5 27 1.144673
5 16 2.5710766
5 23 3.7559266
6 31 0.3201925
6 17 8.777344
7 34 914.88556
7 30 1.2797273
7 20 33.417206
7 8 5.464848
7 16 0.9778623
7 23 1.5561706
7 11 110.415726
7 25 3.0955377
7 5 18.006586
8 0 2000.0
8 30 0.3500444
8 18 1.1437931
8 13 1.7613581
8 11 0.8509042
8 29 0.42367816
8 5 1.0962275
8 34 2000.0
8 2 1.5217246
8 37 1.3675336
8 7 5.464848
8 27 1.4156902
8 16 1.6650232
8 23 1.0136486
8 25 2000.0
9 36 0.58077323
9 28 1.0562587
9 10 6.7856493
9 22 0.044613916
9 31 0.031190123
9 3 1.0254985
9 12 2000.0
9 4 0.09038077
9 17 0.04589878
9 19 0.07276809
10 26 0.029012784
10 28 0.43799716
10 24 0.09383985
10 31 0.9651325
10 12 54.86705
10 9 6.7856493
10 17 0.032272168
11 0 2000.0
11 30 0.73102504
11 8 0.8509042
11 18 25.833921
11 13 1.4066294
11 33 2.5219197
11 29 0.78274965
11 5 1.8345172
11 34 2.7073548
11 20 1.2280538
11 2 2.0811937
11 37 1.6313751
11 7 110.415726
11 27 0.61935604
11 16 1.3124828
11 25 0.80252856
12 26 0.288195
12 32 4.0823
12 10 54.86705
12 24 0.07309502
12 21 0.16426824
12 3 0.04981131
12 1 33.324413
13 30 73.76913
13 0 0.89521396
13 8 1.7613581
13 18 77.76478
13 33 1.2741619
13 11 1.4066294
13 29 1.386416
13 5 14.586543
13 34 269.1435
13 20 1.0376877
13 2 0.8565366
13 14 4.3271947
13 37 1.6302555
13 7 2000.0
13 27 1.9998459
13 16 236.21022
13 25 0.29530817
14 30 12.992284
14 20 2.044784
14 13 4.3271947
14 27 3.2272673
14 33 0.7411269
14 11 2000.0
14 25 2.270863
15 32 0.07058856
15 24 174.99998
15 21 35.11456
16 30 1.6678474
16 8 1.6650232
16 18 1.0043353
16 13 236.21022
16 33 181.94058
16 11 1.3124828
16 29 104.20739
16 5 2.5710766
16 34 171.42857
16 20 24.331194
16 7 0.9778623
16 27 2.8605614
16 23 5.11736
16 25 1.1814973
17 26 3.0557191
17 6 8.777344
17 10 0.032272168
17 24 0.08512079
17 31 1.8730489
17 9 0.04589878
17 4 0.29017
17 19 7.453417
18 0 2000.0
18 30 0.7573253
18 8 1.1437931
18 13 77.76478
18 11 25.833921
18 29 1.3914187
18 5 0.35595915
18 2 1.8595778
18 37 1.9935789
18 7 2000.0
18 27 17.600206
18 16 1.0043353
18 23 1.5164644
19 28 74.38921
19 31 0.065937616
19 9 0.07276809
19 17 7.453417
19 4 0.082063355
20 30 2.4447558
20 13 1.0376877
20 33 2.859398
20 11 1.2280538
20 29 34.918304
20 5 2.3925862
20 34 1.3100959
20 2 8.414261
20 14 2.044784
20 37 3.368572
20 7 33.417206
20 27 1.5473142
20 16 24.331194
20 25 0.30915773
21 26 2000.0
21 32 276.9231
21 10 2000.0
21 24 0.37789857
21 35 0.03244225
21 12 0.16426824
21 15 35.11456
22 31 22.07702
22 9 0.044613916
22 19 2000.0
23 0 2000.0
23 30 2.0066288
23 8 1.0136486
23 2 5.099547
23 37 1.9109895
23 18 1.5164644
23 7 1.5561706
23 16 5.11736
23 11 2000.0
23 29 1.0720313
23 5 3.7559266
24 26 0.04016761
24 32 0.13557415
24 10 0.09383985
24 21 0.37789857
24 12 0.07309502
24 15 174.99998
24 17 0.08512079
25 30 22.334091
25 0 15.040021
25 13 0.29530817
25 33 0.88202745
25 11 0.80252856
25 29 2.2605495
25 34 1.6621197
25 20 0.30915773
25 2 0.857415
25 14 2.270863
25 37 1374.4225
25 7 3.0955377
25 27 0.23266068
25 16 1.1814973
26 32 21.850533
26 28 0.047839057
26 10 0.029012784
26 24 0.04016761
26 31 0.25754717
26 12 0.288195
26 17 3.0557191
27 30 0.22075287
27 0 2000.0
27 8 1.4156902
27 18 17.600206
27 13 1.9998459
27 33 0.8415449
27 11 0.61935604
27 29 0.9230149
27 5 1.144673
27 34 1.029763
27 20 1.5473142
27 2 1.7729821
27 14 3.2272673
27 37 2.0680783
27 7 2000.0
27 16 2.8605614
27 25 0.23266068
28 36 0.044298917
28 26 0.047839057
28 10 0.43799716
28 3 16.852558
28 12 1387.9546
28 9 1.0562587
28 19 74.38921
29 0 38.70968
29 30 2.5342205
29 8 0.42367816
29 18 1.3914187
29 13 1.386416
29 33 11.386777
29 11 0.78274965
29 5 2.684286
29 34 5.0047383
29 20 34.918304
29 2 1.3414017
29 37 0.94581974
29 7 2000.0
29 27 0.9230149
29 16 104.20739
29 23 1.0720313
29 25 2.2605495
30 8 0.3500444
30 18 0.7573253
30 13 73.76913
30 33 7.7582645
30 11 0.73102504
30 29 2.5342205
30 5 0.5137886
30 34 0.84881204
30 20 2.4447558
30 2 35.192028
30 14 12.992284
30 37 40.642776
30 7 1.2797273
30 27 0.22075287
30 16 1.6678474
30 23 2.0066288
30 25 22.334091
31 26 0.25754717
31 6 0.3201925
31 10 0.9651325
31 22 22.07702
31 9 0.031190123
31 4 0.06530163
31 17 1.8730489
31 19 0.065937616
32 26 21.850533
32 24 0.13557415
32 21 276.9231
32 12 4.0823
32 15 0.07058856
33 30 7.7582645
33 8 2000.0
33 13 1.2741619
33 11 2.5219197
33 29 11.386777
33 34 2000.0
33 20 2.859398
33 2 2.3292775
33 14 0.7411269
33 7 2000.0
33 27 0.8415449
33 16 181.94058
33 25 0.88202745
34 30 0.84881204
34 20 1.3100959
34 37 2000.0
34 7 914.88556
34 13 269.1435
34 27 1.029763
34 16 171.42857
34 11 2.7073548
34 29 5.0047383
34 25 1.6621197
34 5 3.8290906
35 21 0.03244225
35 31 1086.4204
36 28 0.044298917
36 3 0.2213143
36 9 0.58077323
37 30 40.642776
37 0 2.668946
37 8 1.3675336
37 18 1.9935789
37 13 1.6302555
37 11 1.6313751
37 29 0.94581974
37 5 41.5912
37 20 3.368572
37 2 0.946629
37 7 2896.25
37 27 2.0680783
37 16 2000.0
37 23 1.9109895
37 25 1374.4225
