0 2 1.1215054
0 37 1.6843221
0 13 0.9819307
0 29 33.47289
0 25 99.640915
1 3 1.2164617
1 12 24.299812
2 30 27.670504
2 0 1.1215054
2 8 1.233509
2 18 2.4969072
2 13 0.6210391
2 33 1.8858439
2 11 1.4821718
2 29 1.2416269
2 20 7.952271
2 37 1.2108048
2 27 0.94973546
2 16 2000.0
2 23 13.487526
2 25 0.52741516
3 36 0.2735756
3 28 6.7003245
3 24 2000.0
3 12 0.068796314
3 1 1.2164617
3 9 0.33060732
4 31 0.06759547
4 9 0.09156411
4 17 0.11730206
4 19 0.07395978
5 30 0.71459675
5 8 1.2840428
5 18 1.433426
5 13 44.682068
5 11 6.046185
5 29 3.5203083
5 34 2.1097887
5 20 6.6360917
5 37 19.162836
5 7 19.062866
5 27 2.3922505
5 16 2.078288
5 23 4.619145
5 25 2000.0
6 31 0.16436689
6 17 1.3746952
7 34 225.00002
7 30 1.3206125
7 20 139.42232
7 8 11.652595
7 37 155.78865
7 16 1.6740857
7 23 1.5830977
7 11 60.183044
7 25 1.3625697
7 5 19.062866
8 0 2000.0
8 30 0.4551204
8 18 1.4611946
8 13 1.2603059
8 11 0.87597966
8 29 0.7324599
8 5 1.2840428
8 34 12.503269
8 2 1.233509
8 37 1.0697119
8 7 11.652595
8 27 4.7898345
8 16 2.9385188
8 23 1.4032085
8 25 2000.0
9 36 0.54904425
9 26 2000.0
9 28 1.1150826
9 10 14.228258
9 22 0.07337019
9 31 0.03002022
9 3 0.33060732
9 12 2000.0
9 4 0.09156411
9 17 0.03562257
9 19 0.06498025
10 26 0.029286452
10 28 0.46862674
10 24 0.07067809
10 31 16.124222
10 12 1264.2045
10 9 14.228258
10 17 0.032020353
11 0 2000.0
11 30 0.8398156
11 8 0.87597966
11 18 8.898672
11 13 0.99044806
11 33 1.8952843
11 29 0.8739945
11 5 6.046185
11 34 2.7152834
11 20 2.1034307
11 2 1.4821718
11 37 3.9761734
11 7 60.183044
11 27 0.9218371
11 16 1.1701312
11 25 1.3951938
12 26 0.5894751
12 32 9.446961
12 24 0.07596591
12 21 0.22542086
12 3 0.068796314
12 1 24.299812
13 30 41.612217
13 0 0.9819307
13 8 1.2603059
13 18 54.57273
13 33 0.987424
13 11 0.99044806
13 29 0.7315835
13 5 44.682068
13 34 339.8766
13 20 1.2773423
13 2 0.6210391
13 14 7.6084576
13 37 1.9464437
13 7 2000.0
13 27 0.71645075
13 16 38.53722
13 25 0.37295458
14 30 17.272606
14 20 2.4092736
14 13 7.6084576
14 27 15.809054
14 33 0.7127841
14 11 2000.0
14 25 4.690356
15 32 0.06750763
15 21 24.263494
16 30 1.3010191
16 0 2000.0
16 8 2.9385188
16 18 1.1515898
16 13 38.53722
16 11 1.1701312
16 29 2000.0
16 5 2.078288
16 34 186.75116
16 20 41.75708
16 7 1.6740857
16 27 2.5531914
16 23 3.9715745
16 25 1.7383928
17 6 1.3746952
17 26 2.26135
17 10 0.032020353
17 24 0.1058702
17 31 1.1803592
17 9 0.03562257
17 4 0.11730206
17 19 100.0
18 0 2000.0
18 30 0.7621948
18 8 1.4611946
18 13 54.57273
18 11 8.898672
18 29 1.6728586
18 5 1.433426
18 2 2.4969072
18 37 2.4600627
18 7 2000.0
18 27 22.053272
18 16 1.1515898
18 23 1.5033221
19 31 0.087000996
19 9 0.06498025
19 4 0.07395978
19 17 100.0
20 30 3.0925798
20 13 1.2773423
20 33 1.1063086
20 11 2.1034307
20 29 9.317808
20 5 6.6360917
20 34 1.0425673
20 2 7.952271
20 14 2.4092736
20 37 4.6922574
20 7 139.42232
20 27 2.7661474
20 16 41.75708
20 25 1.090604
21 26 2000.0
21 32 2000.0
21 24 0.60273784
21 35 0.09927603
21 31 2000.0
21 12 0.22542086
21 15 24.263494
22 31 150.0
22 9 0.07337019
22 19 2000.0
23 0 2000.0
23 30 2.5629551
23 8 1.4032085
23 2 13.487526
23 37 1.4593112
23 18 1.5033221
23 7 1.5830977
23 16 3.9715745
23 11 2000.0
23 29 2.8169663
23 5 4.619145
24 26 0.039050855
24 32 0.18473127
24 10 0.07067809
24 21 0.60273784
24 12 0.07596591
24 17 0.1058702
25 30 7.179597
25 0 99.640915
25 13 0.37295458
25 33 0.7553121
25 11 1.3951938
25 29 3.831438
25 34 2.157385
25 20 1.090604
25 2 0.52741516
25 14 4.690356
25 37 36.60798
25 7 1.3625697
25 27 0.39944145
25 16 1.7383928
26 32 71.17728
26 28 0.08149352
26 10 0.029286452
26 24 0.039050855
26 31 0.1062582
26 12 0.5894751
26 17 2.26135
27 30 0.5082467
27 0 2000.0
27 8 4.7898345
27 18 22.053272
27 13 0.71645075
27 33 0.8132278
27 11 0.9218371
27 29 1.5851077
27 5 2.3922505
27 34 1.1176231
27 20 2.7661474
27 2 0.94973546
27 14 15.809054
27 37 1.0803434
27 7 2000.0
27 16 2.5531914
27 25 0.39944145
28 36 0.031287413
28 26 0.08149352
28 10 0.46862674
28 3 6.7003245
28 12 1183.2955
28 9 1.1150826
28 19 1367.8977
29 0 33.47289
29 30 2.6032317
29 8 0.7324599
29 18 1.6728586
29 13 0.7315835
29 33 24.690939
29 11 0.8739945
29 5 3.5203083
29 34 4.820957
29 20 9.317808
29 2 1.2416269
29 37 1.032175
29 7 2000.0
29 27 1.5851077
29 16 2000.0
29 23 2.8169663
29 25 3.831438
30 8 0.4551204
30 18 0.7621948
30 13 41.612217
30 33 10.651379
30 11 0.8398156
30 29 2.6032317
30 5 0.71459675
30 34 0.9792527
30 20 3.0925798
30 2 27.670504
30 14 17.272606
30 37 22.264482
30 7 1.3206125
30 27 0.5082467
30 16 1.3010191
30 23 2.5629551
30 25 7.179597
31 26 0.1062582
31 6 0.16436689
31 10 16.124222
31 35 65.68823
31 22 150.0
31 9 0.03002022
31 4 0.06759547
31 17 1.1803592
31 19 0.087000996
32 26 71.17728
32 24 0.18473127
32 12 9.446961
32 15 0.06750763
33 30 10.651379
33 13 0.987424
33 11 1.8952843
33 29 24.690939
33 5 2000.0
33 34 2000.0
33 20 1.1063086
33 2 1.8858439
33 14 0.7127841
33 7 2000.0
33 27 0.8132278
33 16 3017.898
33 25 0.7553121
34 30 0.9792527
34 20 1.0425673
34 8 12.503269
34 37 2000.0
34 7 225.00002
34 13 339.8766
34 27 1.1176231
34 16 186.75116
34 11 2.7152834
34 29 4.820957
34 25 2.157385
34 5 2.1097887
35 21 0.09927603
35 31 65.68823
36 28 0.031287413
36 3 0.2735756
36 9 0.54904425
37 30 22.264482
37 0 1.6843221
37 8 1.0697119
37 18 2.4600627
37 13 1.9464437
37 11 3.9761734
37 29 1.032175
37 5 19.162836
37 20 4.6922574
37 2 1.2108048
37 7 155.78865
37 27 1.0803434
37 16 2000.0
37 23 1.4593112
37 25 36.60798
