0 8 10.569137
0 2 1.6289887
0 37 0.9249263
0 13 0.75889266
0 11 125.00001
0 25 2000.0
0 29 14.062671
1 3 0.21873167
1 12 1202.159
2 30 5.5825076
2 0 1.6289887
2 8 1.0190151
2 18 18.914854
2 13 0.29580155
2 33 1.5294526
2 11 1.0935184
2 29 1.1146835
2 20 1.0044013
2 37 0.653881
2 27 0.75682354
2 16 2000.0
2 23 37.8529
2 25 1.8226019
3 36 0.33726692
3 28 1.806547
3 24 88.888885
3 12 0.05655242
3 1 0.21873167
3 9 0.54263264
4 31 0.08291069
4 9 0.068649195
4 17 0.08929389
4 19 0.08858049
5 30 0.7679898
5 8 0.64571726
5 18 0.3884236
5 13 318.25143
5 11 2.8745139
5 29 4.3515167
5 34 1.0075002
5 20 4.0630054
5 37 2000.0
5 7 4.1655746
5 27 3.2767272
5 16 1.6660241
5 23 3.348879
6 31 0.33861727
6 17 1.0600938
7 34 20.16185
7 30 0.88406163
7 20 1.9839468
7 8 79.98529
7 37 21.787241
7 16 1.047017
7 11 9.148266
7 23 1.2370247
7 25 5.2189803
7 5 4.1655746
8 0 10.569137
8 30 0.6988637
8 18 0.98138195
8 13 3.6777484
8 11 3.239439
8 29 0.8671563
8 5 0.64571726
8 34 3.6931307
8 2 1.0190151
8 37 0.8756564
8 7 79.98529
8 27 1.5531272
8 16 1.41468
8 23 1.1440914
9 36 2.6285985
9 26 2000.0
9 28 4.88069
9 10 16.81484
9 22 0.62758625
9 31 0.047906846
9 3 0.54263264
9 12 2000.0
9 17 0.14432798
9 4 0.068649195
9 19 0.07561837
10 26 0.03059018
10 28 0.14318182
10 24 0.109501556
10 31 0.037755683
10 12 7.5331917
10 9 16.81484
10 17 0.030736804
11 0 125.00001
11 30 0.4565378
11 8 3.239439
11 18 5.484802
11 13 0.5293997
11 33 2.3412483
11 29 0.6267384
11 5 2.8745139
11 34 1.863644
11 20 0.7918522
11 2 1.0935184
11 37 1.3606212
11 7 9.148266
11 27 0.4228941
11 16 0.9693152
11 25 1.2909175
12 26 1.0272812
12 28 3.1684477
12 32 0.20446925
12 10 7.5331917
12 24 0.06715484
12 21 0.114780724
12 3 0.05655242
13 30 0.53409094
13 0 0.75889266
13 8 3.6777484
13 18 680.51697
13 33 0.8687934
13 11 0.5293997
13 29 0.74829113
13 5 318.25143
13 34 6.1825757
13 20 0.45802844
13 2 0.29580155
13 14 2.3664773
13 37 1.1494467
13 27 0.31671172
13 16 43.738632
13 25 0.7046655
14 20 2.6975133
14 13 2.3664773
14 27 2.1246192
14 33 0.3396569
14 11 2000.0
14 25 3.4464366
15 32 0.06757861
15 21 0.8541875
16 30 1.1018442
16 0 2000.0
16 8 1.41468
16 18 0.8917738
16 13 43.738632
16 11 0.9693152
16 29 19.955475
16 5 1.6660241
16 20 5.791898
16 37 15.652384
16 7 1.047017
16 27 1.5832692
16 23 16.026497
16 25 1.7569203
17 26 2.388277
17 6 1.0600938
17 10 0.030736804
17 24 0.52220124
17 31 1.2355076
17 9 0.14432798
17 4 0.08929389
17 19 5.516529
18 30 0.77957386
18 2 18.914854
18 8 0.98138195
18 37 1.0709733
18 13 680.51697
18 7 2000.0
18 27 4.060092
18 16 0.8917738
18 23 1.3046114
18 11 5.484802
18 29 1.5319937
18 5 0.3884236
19 31 0.07851374
19 9 0.07561837
19 17 5.516529
19 4 0.08858049
20 30 18.66557
20 13 0.45802844
20 33 1.4670289
20 11 0.7918522
20 29 4.427507
20 5 4.0630054
20 34 0.7964207
20 2 1.0044013
20 14 2.6975133
20 37 1.8988714
20 7 1.9839468
20 27 0.48894125
20 16 5.791898
20 25 0.6453721
21 32 2000.0
21 24 0.5394105
21 35 0.031711217
21 12 0.114780724
21 15 0.8541875
22 6 1233.75
22 31 1198.75
22 9 0.62758625
22 19 1380.284
23 0 2000.0
23 30 2.0818648
23 2 37.8529
23 8 1.1440914
23 37 1.537921
23 18 1.3046114
23 7 1.2370247
23 16 16.026497
23 11 2000.0
23 29 3.6959987
23 5 3.348879
24 26 0.052556824
24 32 0.08947176
24 10 0.109501556
24 21 0.5394105
24 31 4.6376753
24 12 0.06715484
24 3 88.888885
24 15 2000.0
24 17 0.52220124
25 30 4.9576874
25 13 0.7046655
25 33 0.38718387
25 11 1.2909175
25 29 2.2615392
25 34 0.8376887
25 20 0.6453721
25 2 1.8226019
25 14 3.4464366
25 37 2907.1306
25 7 5.2189803
25 27 0.8501635
25 16 1.7569203
26 36 480.00003
26 32 18.227892
26 28 0.06003157
26 10 0.03059018
26 24 0.052556824
26 31 0.08741029
26 12 1.0272812
26 17 2.388277
27 0 2000.0
27 30 0.32245702
27 8 1.5531272
27 18 4.060092
27 13 0.31671172
27 33 1.4660274
27 11 0.4228941
27 29 0.6872649
27 5 3.2767272
27 34 0.85339046
27 20 0.48894125
27 2 0.75682354
27 14 2.1246192
27 37 0.60556626
27 7 2915.1138
27 16 1.5832692
27 25 0.8501635
28 36 0.035938077
28 26 0.06003157
28 10 0.14318182
28 3 1.806547
28 12 3.1684477
28 9 4.88069
29 0 14.062671
29 30 2.4891167
29 8 0.8671563
29 18 1.5319937
29 13 0.74829113
29 11 0.6267384
29 5 4.3515167
29 34 5.8941617
29 20 4.427507
29 2 1.1146835
29 37 1.2228978
29 7 2000.0
29 27 0.6872649
29 16 19.955475
29 23 3.6959987
29 25 2.2615392
30 0 2000.0
30 8 0.6988637
30 18 0.77957386
30 13 0.53409094
30 33 1.7648423
30 11 0.4565378
30 29 2.4891167
30 5 0.7679898
30 34 1.1426166
30 20 18.66557
30 2 5.5825076
30 14 2000.0
30 37 6.8394566
30 7 0.88406163
30 27 0.32245702
30 16 1.1018442
30 23 2.0818648
30 25 4.9576874
31 26 0.08741029
31 6 0.33861727
31 10 0.037755683
31 24 4.6376753
31 9 0.047906846
31 17 1.2355076
31 4 0.08291069
31 19 0.07851374
32 26 18.227892
32 24 0.08947176
32 12 0.20446925
32 15 0.06757861
33 34 2000.0
33 30 1.7648423
33 20 1.4670289
33 2 1.5294526
33 14 0.3396569
33 7 2000.0
33 13 0.8687934
33 27 1.4660274
33 16 2226.3638
33 11 2.3412483
33 29 8077.4434
33 25 0.38718387
34 30 1.1426166
34 20 0.7964207
34 8 3.6931307
34 13 6.1825757
34 7 20.16185
34 27 0.85339046
34 16 1215.0568
34 11 1.863644
34 25 0.8376887
34 29 5.8941617
34 5 1.0075002
35 21 0.031711217
36 26 480.00003
36 28 0.035938077
36 3 0.33726692
36 9 2.6285985
37 30 6.8394566
37 0 0.9249263
37 8 0.8756564
37 18 1.0709733
37 13 1.1494467
37 11 1.3606212
37 29 1.2228978
37 20 1.8988714
37 2 0.653881
37 7 21.787241
37 27 0.60556626
37 16 15.652384
37 23 1.537921
37 25 2907.1306
