0 8 8.637561
0 2 1.3882807
0 37 0.7563257
0 13 0.8205741
0 11 60.494324
0 29 14.64777
1 3 0.25018328
1 12 1202.159
2 30 15.067008
2 0 1.3882807
2 8 1.1765735
2 18 8.928483
2 13 0.36219794
2 33 2.6203125
2 11 0.99465644
2 29 0.91434467
2 20 6.8342977
2 37 0.7843467
2 27 0.6360045
2 16 2000.0
2 23 30.952734
2 25 1.5548924
3 36 0.28654793
3 28 0.12424824
3 24 105.882355
3 12 0.062183317
3 1 0.25018328
3 9 0.23687306
4 31 0.07814386
4 9 0.07799805
4 17 0.09409672
4 19 0.08796752
5 30 0.7462592
5 8 1.0670171
5 18 0.7224979
5 13 2000.0
5 11 2.479851
5 29 2.9107711
5 34 3.6384296
5 20 4.3626065
5 37 2000.0
5 7 5.0927167
5 27 1.7909116
5 16 1.8574961
5 23 3.7791076
6 31 0.9655217
6 17 0.89800066
7 34 9.958865
7 30 0.93130887
7 20 2.377363
7 8 36.29144
7 37 12.9741535
7 27 67.84497
7 16 1.1997412
7 11 7.774064
7 23 0.9997742
7 25 11.171374
7 5 5.0927167
8 0 8.637561
8 30 0.49828443
8 18 1.0726786
8 13 3.2249057
8 11 0.43268585
8 29 0.7365328
8 5 1.0670171
8 34 3.3229373
8 2 1.1765735
8 37 0.9887462
8 7 36.29144
8 27 2.0071576
8 16 1.399137
8 23 0.9356637
9 36 0.86603534
9 26 2000.0
9 28 2.162076
9 10 5.556324
9 22 0.42827868
9 31 0.03017884
9 3 0.23687306
9 12 2000.0
9 17 0.0434375
9 4 0.07799805
9 19 0.08876976
10 26 0.03584203
10 28 0.2172806
10 24 0.040556245
10 31 0.04952286
10 12 21.499228
10 9 5.556324
10 17 0.039027575
11 0 60.494324
11 30 0.42582852
11 8 0.43268585
11 18 17.06268
11 13 0.46612763
11 33 2.0501535
11 29 0.884433
11 5 2.479851
11 34 2.281509
11 20 1.9343811
11 2 0.99465644
11 37 1.3949909
11 7 7.774064
11 27 0.707491
11 16 1.1055316
11 25 1.1782516
12 26 1.2371885
12 28 4.1695557
12 32 0.4382767
12 10 21.499228
12 24 0.07953768
12 21 0.07304068
12 3 0.062183317
13 30 1.3096886
13 0 0.8205741
13 8 3.2249057
13 18 300.0
13 33 0.8260829
13 11 0.46612763
13 29 0.91775465
13 34 10.193568
13 20 0.93273455
13 2 0.36219794
13 14 3.022701
13 37 1.2802273
13 27 0.40302768
13 16 3063.4658
13 25 0.7374094
14 20 0.7849794
14 13 3.022701
14 33 0.41858765
14 27 1.9543948
14 11 2000.0
14 25 2.0984278
15 32 0.07751893
15 21 1.3671238
16 30 1.049874
16 0 2000.0
16 8 1.399137
16 18 1.032219
16 11 1.1055316
16 29 24.737085
16 5 1.8574961
16 20 11.673464
16 37 107.726395
16 7 1.1997412
16 27 1.4502963
16 23 7.3430996
16 25 0.9893107
17 26 2.0312688
17 6 0.89800066
17 10 0.039027575
17 24 0.24151845
17 31 1.1756159
17 9 0.0434375
17 4 0.09409672
17 19 2.7721217
18 30 0.8162349
18 2 8.928483
18 8 1.0726786
18 37 1.6545135
18 7 2000.0
18 13 300.0
18 27 6.2450557
18 16 1.032219
18 23 1.2953871
18 11 17.06268
18 29 1.3459095
18 5 0.7224979
19 31 0.08763066
19 9 0.08876976
19 17 2.7721217
19 4 0.08796752
20 30 8.089917
20 13 0.93273455
20 33 1.9569658
20 11 1.9343811
20 29 3.4329276
20 5 4.3626065
20 34 0.90820336
20 2 6.8342977
20 14 0.7849794
20 37 3.212343
20 7 2.377363
20 27 1.3085141
20 16 11.673464
20 25 0.6159476
21 24 0.8642538
21 35 0.04361818
21 12 0.07304068
21 15 1.3671238
22 6 1615.6818
22 31 1244.1478
22 9 0.42827868
22 19 1329.4886
23 0 2000.0
23 30 0.9818308
23 2 30.952734
23 8 0.9356637
23 37 2.0620706
23 18 1.2953871
23 7 0.9997742
23 16 7.3430996
23 11 2000.0
23 29 4.8030844
23 5 3.7791076
24 26 0.064805575
24 28 2000.0
24 32 0.13722984
24 10 0.040556245
24 21 0.8642538
24 31 23.49381
24 3 105.882355
24 12 0.07953768
24 15 2000.0
24 17 0.24151845
25 30 2.8781083
25 13 0.7374094
25 33 0.35876295
25 11 1.1782516
25 29 8.491327
25 34 1.5114973
25 20 0.6159476
25 2 1.5548924
25 14 2.0984278
25 37 23.354778
25 7 11.171374
25 27 0.9798641
25 16 0.9893107
26 32 71.565346
26 28 0.031657193
26 10 0.03584203
26 24 0.064805575
26 31 0.083939396
26 12 1.2371885
26 17 2.0312688
27 0 2000.0
27 30 0.23578405
27 8 2.0071576
27 18 6.2450557
27 13 0.40302768
27 33 1.1496266
27 11 0.707491
27 29 1.3015215
27 5 1.7909116
27 34 1.3567393
27 20 1.3085141
27 2 0.6360045
27 14 1.9543948
27 37 1.5689291
27 7 67.84497
27 16 1.4502963
27 25 0.9798641
28 36 0.03367413
28 26 0.031657193
28 10 0.2172806
28 3 0.12424824
28 12 4.1695557
28 9 2.162076
29 0 14.64777
29 30 4.7287817
29 8 0.7365328
29 18 1.3459095
29 13 0.91775465
29 11 0.884433
29 5 2.9107711
29 34 9.297247
29 20 3.4329276
29 2 0.91434467
29 37 1.0224242
29 7 2000.0
29 27 1.3015215
29 16 24.737085
29 23 4.8030844
29 25 8.491327
30 0 2000.0
30 8 0.49828443
30 18 0.8162349
30 13 1.3096886
30 33 2.4834182
30 11 0.42582852
30 29 4.7287817
30 5 0.7462592
30 34 1.4255193
30 20 8.089917
30 2 15.067008
30 37 3.568462
30 7 0.93130887
30 27 0.23578405
30 16 1.049874
30 23 0.9818308
30 25 2.8781083
31 26 0.083939396
31 6 0.9655217
31 10 0.04952286
31 24 23.49381
31 9 0.03017884
31 17 1.1756159
31 4 0.07814386
31 19 0.08763066
32 26 71.565346
32 24 0.13722984
32 12 0.4382767
32 15 0.07751893
33 30 2.4834182
33 8 2000.0
33 13 0.8260829
33 11 2.0501535
33 29 7853.409
33 34 2000.0
33 20 1.9569658
33 2 2.6203125
33 14 0.41858765
33 7 2000.0
33 27 1.1496266
33 16 2000.0
33 25 0.35876295
34 30 1.4255193
34 20 0.90820336
34 8 3.3229373
34 13 10.193568
34 7 9.958865
34 27 1.3567393
34 16 1215.0568
34 11 2.281509
34 25 1.5114973
34 29 9.297247
34 5 3.6384296
35 21 0.04361818
36 26 1204.4886
36 28 0.03367413
36 3 0.28654793
36 9 0.86603534
37 30 3.568462
37 0 0.7563257
37 8 0.9887462
37 18 1.6545135
37 13 1.2802273
37 11 1.3949909
37 29 1.0224242
37 20 3.212343
37 2 0.7843467
37 7 12.9741535
37 27 1.5689291
37 16 107.726395
37 23 2.0620706
37 25 23.354778
