0 8 3.127841
0 2 0.6851794
0 37 0.858903
0 13 0.34037334
0 29 10.254117
1 3 0.25971788
1 12 1209.7727
2 30 20.32285
2 0 0.6851794
2 8 3.3799286
2 18 8.440808
2 13 2.6530764
2 33 7.9850335
2 11 3.0838044
2 29 1.0587841
2 20 3.7458742
2 37 2.701464
2 27 4.3156185
2 23 32.97581
2 25 10.391914
3 36 0.97140574
3 28 0.13849431
3 24 2000.0
3 12 0.04934765
3 1 0.25971788
3 9 0.41489032
4 31 0.069728024
4 9 0.058082845
4 17 0.092424005
4 19 0.08671897
5 34 12.088056
5 30 0.7220182
5 20 9.392149
5 8 1.9532726
5 37 2000.0
5 18 1.0578611
5 7 16.644884
5 27 5.647769
5 16 2.8044753
5 11 8.9524
5 23 7.192221
5 29 14.598324
6 31 1.3688916
6 17 0.80164903
7 34 16.445782
7 30 1.0407981
7 20 2.3210347
7 8 85.71429
7 37 16.84546
7 27 87.95003
7 16 1.4256306
7 11 7.585837
7 23 1.5915313
7 25 7.3448296
7 5 16.644884
8 0 3.127841
8 30 0.7149172
8 18 2.3108582
8 13 27.399748
8 11 3.1148472
8 29 1.0787271
8 5 1.9532726
8 34 4.6542907
8 2 3.3799286
8 37 2.5282586
8 7 85.71429
8 27 3.0736482
8 16 1.9112381
8 23 1.9279757
9 36 2.0558712
9 26 2000.0
9 28 1.8639206
9 10 5.162652
9 22 0.119830675
9 31 0.030737706
9 3 0.41489032
9 17 0.24247395
9 4 0.058082845
9 19 0.06674054
10 26 0.052451298
10 28 0.684949
10 24 0.115994096
10 31 0.029731177
10 12 1.76304
10 9 5.162652
10 17 0.029930452
11 0 2000.0
11 30 0.81704926
11 8 3.1148472
11 18 4.8471923
11 13 4.496784
11 33 6.223514
11 29 1.9951038
11 5 8.9524
11 34 7.491977
11 20 2.4278653
11 2 3.0838044
11 37 3.961436
11 7 7.585837
11 27 0.57167095
11 16 1.5758916
11 25 1.6865951
12 26 0.2735837
12 28 5.5421953
12 32 0.23590066
12 10 1.76304
12 24 0.10500879
12 21 0.05912546
12 3 0.04934765
13 0 0.34037334
13 30 8.478175
13 8 27.399748
13 18 225.00002
13 33 1.1739074
13 11 4.496784
13 29 0.9234497
13 5 2000.0
13 34 27.004185
13 20 0.69995636
13 2 2.6530764
13 14 5.74724
13 37 2.3567946
13 27 0.22461016
13 16 47.848064
13 25 2.2615225
14 20 2.1429343
14 13 5.74724
14 33 0.52125
14 27 2.4021368
14 11 2000.0
14 25 1.9259495
15 32 0.06711136
15 21 6.783142
16 0 2000.0
16 30 1.1017139
16 8 1.9112381
16 18 0.9287347
16 13 47.848064
16 11 1.5758916
16 29 312.5
16 5 2.8044753
16 20 6.801566
16 37 365.7535
16 7 1.4256306
16 27 1.4021708
16 23 10.418723
16 25 3.8151305
17 26 1.7268553
17 6 0.80164903
17 10 0.029930452
17 24 0.2266333
17 31 1.2231668
17 9 0.24247395
17 4 0.092424005
17 19 3.029352
18 30 0.80050504
18 0 2000.0
18 8 2.3108582
18 13 225.00002
18 11 4.8471923
18 29 2.9717734
18 5 1.0578611
18 2 8.440808
18 37 1.9052972
18 7 2000.0
18 27 7.954828
18 16 0.9287347
18 23 1.8885351
19 31 0.067843944
19 9 0.06674054
19 17 3.029352
19 4 0.08671897
20 0 2000.0
20 30 20.039074
20 13 0.69995636
20 33 2.7910752
20 11 2.4278653
20 29 7.643224
20 5 9.392149
20 34 1.3950493
20 2 3.7458742
20 14 2.1429343
20 37 6.7121706
20 7 2.3210347
20 27 0.54177356
20 16 6.801566
20 25 1.5245605
21 32 2000.0
21 10 2000.0
21 24 0.07990797
21 35 0.048522335
21 12 0.05912546
21 15 6.783142
22 6 1485.625
22 31 2000.0
22 9 0.119830675
22 19 2000.0
23 0 2000.0
23 30 2.9415598
23 2 32.97581
23 8 1.9279757
23 37 4.604083
23 18 1.8885351
23 7 1.5915313
23 16 10.418723
23 11 2000.0
23 29 1.4523904
23 5 7.192221
24 26 0.09783006
24 32 0.107636146
24 10 0.115994096
24 21 0.07990797
24 31 17.73399
24 12 0.10500879
24 15 2000.0
24 17 0.2266333
25 0 2000.0
25 30 4.626504
25 13 2.2615225
25 33 0.6925646
25 11 1.6865951
25 29 46.818314
25 34 3.5812776
25 20 1.5245605
25 2 10.391914
25 14 1.9259495
25 37 32.989037
25 7 7.3448296
25 27 0.71172893
25 16 3.8151305
26 32 22.0118
26 28 0.048018903
26 10 0.052451298
26 24 0.09783006
26 31 0.1059738
26 12 0.2735837
26 17 1.7268553
27 0 2000.0
27 30 0.2154107
27 8 3.0736482
27 18 7.954828
27 13 0.22461016
27 33 4.71811
27 11 0.57167095
27 29 0.9414169
27 5 5.647769
27 34 1.400957
27 20 0.54177356
27 2 4.3156185
27 14 2.4021368
27 37 1.5172586
27 7 87.95003
27 16 1.4021708
27 25 0.71172893
28 36 0.051679473
28 26 0.048018903
28 10 0.684949
28 3 0.13849431
28 12 5.5421953
28 9 1.8639206
29 0 10.254117
29 30 10.113169
29 8 1.0787271
29 18 2.9717734
29 13 0.9234497
29 11 1.9951038
29 5 14.598324
29 34 6.9829273
29 20 7.643224
29 2 1.0587841
29 37 1.2705317
29 7 2000.0
29 27 0.9414169
29 16 312.5
29 23 1.4523904
29 25 46.818314
30 0 2000.0
30 8 0.7149172
30 18 0.80050504
30 13 8.478175
30 33 2.601744
30 11 0.81704926
30 29 10.113169
30 5 0.7220182
30 34 5.651545
30 20 20.039074
30 2 20.32285
30 14 2000.0
30 37 10.247005
30 7 1.0407981
30 27 0.2154107
30 16 1.1017139
30 23 2.9415598
30 25 4.626504
31 26 0.1059738
31 6 1.3688916
31 10 0.029731177
31 24 17.73399
31 9 0.030737706
31 17 1.2231668
31 4 0.069728024
31 19 0.067843944
32 26 22.0118
32 24 0.107636146
32 12 0.23590066
32 15 0.06711136
33 30 2.601744
33 8 2000.0
33 13 1.1739074
33 11 6.223514
33 29 2000.0
33 34 2000.0
33 20 2.7910752
33 2 7.9850335
33 14 0.52125
33 7 2000.0
33 27 4.71811
33 16 2000.0
33 25 0.6925646
34 30 5.651545
34 20 1.3950493
34 8 4.6542907
34 7 16.445782
34 13 27.004185
34 27 1.400957
34 16 2000.0
34 11 7.491977
34 25 3.5812776
34 29 6.9829273
34 5 12.088056
35 21 0.048522335
36 26 2000.0
36 28 0.051679473
36 3 0.97140574
36 9 2.0558712
37 0 0.858903
37 30 10.247005
37 8 2.5282586
37 18 1.9052972
37 13 2.3567946
37 11 3.961436
37 29 1.2705317
37 20 6.7121706
37 2 2.701464
37 7 16.84546
37 27 1.5172586
37 16 365.7535
37 23 4.604083
37 25 32.989037
