0 8 11.998592
0 2 1.5375538
0 37 1.5013441
0 13 0.8386438
0 11 120.00001
0 29 9.574469
0 25 2000.0
1 3 0.21431725
1 12 73.35208
2 30 11.57588
2 0 1.5375538
2 8 1.2337346
2 18 20.862911
2 13 0.40599394
2 33 3.447753
2 11 0.9818209
2 29 0.86544114
2 20 3.928854
2 37 1.0573295
2 27 0.85314643
2 16 2000.0
2 23 49.95856
2 25 0.7549782
3 36 0.3828896
3 28 0.073101565
3 24 225.00002
3 12 0.061219595
3 1 0.21431725
3 9 0.6526579
4 31 0.08191133
4 9 0.06503106
4 17 0.08967282
4 19 0.08453079
5 30 0.57906896
5 8 0.67700005
5 18 0.36791173
5 13 304.64774
5 11 9.440131
5 29 2.3844614
5 34 2.3647168
5 20 2.753506
5 37 2000.0
5 7 3.3614135
5 27 1.7367085
5 16 1.5326465
5 23 3.0738077
6 24 2000.0
6 21 2000.0
6 31 0.6623462
6 17 0.8975207
7 34 10.5645895
7 30 0.60920036
7 20 1.4387889
7 8 14.468941
7 37 22.41519
7 16 1.2803816
7 11 8.792601
7 23 1.067033
7 25 3.6208587
7 5 3.3614135
8 0 11.998592
8 30 0.64623034
8 18 1.4112104
8 13 3.9284642
8 11 0.5900558
8 29 0.7833324
8 5 0.67700005
8 34 3.5813773
8 2 1.2337346
8 37 0.6966009
8 7 14.468941
8 27 0.99190104
8 16 1.4455186
8 23 0.7915972
9 36 0.7669269
9 28 3.0817635
9 10 15.030992
9 22 0.31756815
9 31 0.03099076
9 3 0.6526579
9 17 0.041157875
9 4 0.06503106
9 19 0.071688265
10 26 0.03212121
10 28 0.39253843
10 24 0.038832765
10 31 0.03691557
10 12 10.197716
10 9 15.030992
10 17 0.047274686
11 0 120.00001
11 30 0.6938107
11 8 0.5900558
11 18 5.06471
11 13 0.69079506
11 33 2.4030738
11 29 0.87048805
11 5 9.440131
11 34 1.7037473
11 20 1.2927899
11 2 0.9818209
11 37 1.4237318
11 7 8.792601
11 27 0.37400338
11 16 0.75268644
11 25 1.0077393
12 26 1.1782329
12 28 4.4526324
12 32 0.25090045
12 10 10.197716
12 24 0.0706993
12 21 0.075526774
12 3 0.061219595
12 1 73.35208
13 30 1.3543124
13 0 0.8386438
13 8 3.9284642
13 18 66.66667
13 33 0.8517197
13 11 0.69079506
13 29 0.6938574
13 5 304.64774
13 34 10.701947
13 20 0.59534717
13 2 0.40599394
13 14 2.0603771
13 37 2.7084801
13 27 0.27807587
13 16 2000.0
13 25 0.39258164
14 20 0.94836885
14 13 2.0603771
14 27 3.251961
14 33 0.36204186
14 11 2000.0
14 25 3.4173005
15 32 0.07178741
15 21 1.6207153
16 30 1.1212406
16 0 2000.0
16 8 1.4455186
16 18 1.1248986
16 13 2000.0
16 11 0.75268644
16 29 27.763592
16 5 1.5326465
16 20 9.095111
16 37 31.566114
16 7 1.2803816
16 27 1.5965339
16 23 9.90264
16 25 1.2993342
17 26 1.9357183
17 6 0.8975207
17 10 0.047274686
17 24 0.24391645
17 31 1.2486961
17 9 0.041157875
17 4 0.08967282
17 19 2.9989347
18 30 0.6970254
18 0 2000.0
18 8 1.4112104
18 13 66.66667
18 11 5.06471
18 29 1.0737268
18 5 0.36791173
18 2 20.862911
18 37 1.2412972
18 7 2000.0
18 27 2.7019258
18 16 1.1248986
18 23 1.2137084
19 31 0.085988946
19 9 0.071688265
19 17 2.9989347
19 4 0.08453079
20 30 23.82439
20 13 0.59534717
20 33 1.6957185
20 11 1.2927899
20 29 2.4167283
20 5 2.753506
20 34 0.79731745
20 2 3.928854
20 14 0.94836885
20 37 2.7805376
20 7 1.4387889
20 27 0.41136786
20 16 9.095111
20 25 0.36201122
21 32 2000.0
21 24 0.8296357
21 35 0.044239298
21 12 0.075526774
21 15 1.6207153
22 6 1215.1136
22 31 1054.8296
22 9 0.31756815
22 19 1374.2045
23 0 2000.0
23 30 1.0258238
23 2 49.95856
23 8 0.7915972
23 37 2.3409095
23 18 1.2137084
23 7 1.067033
23 16 9.90264
23 11 2000.0
23 29 3.0851657
23 5 3.0738077
24 26 0.048738595
24 32 0.09754446
24 10 0.038832765
24 21 0.8296357
24 31 3.7410982
24 12 0.0706993
24 3 225.00002
24 15 2000.0
24 17 0.24391645
25 30 2.6363935
25 13 0.39258164
25 33 0.37238967
25 11 1.0077393
25 29 2.8342109
25 34 0.80881566
25 20 0.36201122
25 2 0.7549782
25 14 3.4173005
25 37 60.000004
25 7 3.6208587
25 27 0.4310764
25 16 1.2993342
26 36 2000.0
26 32 23.217976
26 28 0.11361774
26 10 0.03212121
26 24 0.048738595
26 31 0.086827956
26 12 1.1782329
26 17 1.9357183
27 0 2000.0
27 30 0.20880036
27 8 0.99190104
27 18 2.7019258
27 13 0.27807587
27 33 1.0212744
27 11 0.37400338
27 29 0.66585416
27 5 1.7367085
27 34 0.8708893
27 20 0.41136786
27 2 0.85314643
27 14 3.251961
27 37 1.074348
27 7 2061.1362
27 16 1.5965339
27 25 0.4310764
28 36 0.046752464
28 26 0.11361774
28 10 0.39253843
28 3 0.073101565
28 12 4.4526324
28 9 3.0817635
29 0 9.574469
29 30 3.2303233
29 8 0.7833324
29 18 1.0737268
29 13 0.6938574
29 11 0.87048805
29 5 2.3844614
29 34 8.112706
29 20 2.4167283
29 2 0.86544114
29 37 0.5666636
29 7 2000.0
29 27 0.66585416
29 16 27.763592
29 23 3.0851657
29 25 2.8342109
30 0 2000.0
30 8 0.64623034
30 18 0.6970254
30 13 1.3543124
30 33 1.9311975
30 11 0.6938107
30 29 3.2303233
30 5 0.57906896
30 34 1.3844657
30 20 23.82439
30 2 11.57588
30 37 6.96946
30 7 0.60920036
30 27 0.20880036
30 16 1.1212406
30 23 1.0258238
30 25 2.6363935
31 26 0.086827956
31 6 0.6623462
31 10 0.03691557
31 24 3.7410982
31 9 0.03099076
31 17 1.2486961
31 4 0.08191133
31 19 0.085988946
32 26 23.217976
32 24 0.09754446
32 12 0.25090045
32 15 0.07178741
33 34 2000.0
33 30 1.9311975
33 20 1.6957185
33 2 3.447753
33 14 0.36204186
33 7 2000.0
33 13 0.8517197
33 27 1.0212744
33 16 2000.0
33 11 2.4030738
33 29 5879.375
33 25 0.37238967
34 30 1.3844657
34 20 0.79731745
34 8 3.5813773
34 13 10.701947
34 7 10.5645895
34 27 0.8708893
34 16 1215.0568
34 11 1.7037473
34 25 0.80881566
34 29 8.112706
34 5 2.3647168
35 21 0.044239298
36 26 2000.0
36 28 0.046752464
36 3 0.3828896
36 9 0.7669269
37 30 6.96946
37 0 1.5013441
37 8 0.6966009
37 18 1.2412972
37 13 2.7084801
37 11 1.4237318
37 29 0.5666636
37 20 2.7805376
37 2 1.0573295
37 7 22.41519
37 27 1.074348
37 16 31.566114
37 23 2.3409095
37 25 60.000004
