0 8 8.333334
0 2 0.7950821
0 37 2.114407
0 13 1.1911354
0 11 59.142044
0 29 3.6590743
1 3 0.28340095
1 12 35.338528
2 30 25.619629
2 0 0.7950821
2 8 4.4366574
2 18 7.697216
2 13 2.0687406
2 33 1.7473264
2 11 1.9940183
2 29 1.9216686
2 20 3.996434
2 37 4.297502
2 27 2.7419996
2 16 2000.0
2 23 100.0
2 25 2.7201378
3 36 0.31100062
3 28 0.11649393
3 24 400.0
3 12 0.06841618
3 1 0.28340095
3 9 0.44066697
4 31 0.07017512
4 9 0.07022214
4 17 0.08622516
4 19 0.099853896
5 34 5.7178235
5 30 0.99392825
5 20 4.3722477
5 8 1.3534367
5 37 2000.0
5 18 0.7836337
5 7 12.956112
5 27 1.7720857
5 16 2.1128757
5 23 3.3836465
5 11 2.0022511
5 29 1.7987185
6 31 2.0597193
6 17 1.0813899
7 34 13.274385
7 30 0.91404366
7 20 2.1582897
7 8 14.850016
7 37 55.968
7 27 160.0
7 16 1.0501808
7 11 23.62087
7 23 1.4826249
7 25 7.8265758
7 5 12.956112
8 0 8.333334
8 30 0.73934364
8 18 1.0358138
8 13 5.201876
8 11 2.6710606
8 29 1.0903618
8 5 1.3534367
8 34 9.321504
8 2 4.4366574
8 37 2.0170355
8 7 14.850016
8 27 5.394438
8 16 1.8716778
8 23 2.0338616
9 36 2.054305
9 26 2000.0
9 28 9.253442
9 10 2.824386
9 22 0.16128246
9 31 0.030961253
9 12 2000.0
9 3 0.44066697
9 17 0.05338085
9 4 0.07022214
9 19 0.06509003
10 26 0.051416453
10 28 0.71255046
10 24 0.07507798
10 31 0.0313696
10 12 5.3219566
10 9 2.824386
10 17 0.031030778
11 0 59.142044
11 30 1.5151681
11 8 2.6710606
11 18 14.700901
11 13 1.0080155
11 33 3.0015404
11 29 0.68171936
11 5 2.0022511
11 34 5.517417
11 20 3.0967674
11 2 1.9940183
11 37 3.5936916
11 7 23.62087
11 27 1.4664401
11 16 1.3428599
11 25 2.7157612
12 26 0.5485501
12 28 4.677161
12 32 0.18788637
12 10 5.3219566
12 24 0.088238634
12 21 0.15314367
12 3 0.06841618
12 1 35.338528
13 0 1.1911354
13 30 6.0323677
13 8 5.201876
13 18 400.0
13 33 1.4833258
13 11 1.0080155
13 29 1.8026638
13 5 2000.0
13 34 7.9420505
13 20 1.1507484
13 2 2.0687406
13 14 7.4204125
13 37 9.451467
13 27 0.30656704
13 16 220.06772
13 25 0.64504546
14 20 2.9145334
14 13 7.4204125
14 33 0.6137551
14 27 2.4192662
14 11 2000.0
14 25 1.5637114
15 32 0.08130525
15 21 29.315453
16 0 2000.0
16 30 1.1209091
16 8 1.8716778
16 18 2.6209533
16 13 220.06772
16 11 1.3428599
16 29 3119.5454
16 5 2.1128757
16 20 11.56818
16 7 1.0501808
16 27 1.4302466
16 23 8.732931
16 25 2.3399894
17 26 2.001429
17 6 1.0813899
17 10 0.031030778
17 24 0.46471468
17 31 1.2187046
17 9 0.05338085
17 4 0.08622516
17 19 2.8262668
18 30 0.73802763
18 0 2000.0
18 8 1.0358138
18 13 400.0
18 11 14.700901
18 29 1.2477999
18 5 0.7836337
18 2 7.697216
18 37 2.293713
18 7 2000.0
18 27 2.6606224
18 16 2.6209533
18 23 1.8459529
19 22 156.1875
19 31 0.088924214
19 9 0.06509003
19 17 2.8262668
19 4 0.099853896
20 0 2000.0
20 30 10.699431
20 13 1.1507484
20 33 3.6394093
20 11 3.0967674
20 29 5.1828732
20 5 4.3722477
20 34 1.9075079
20 2 3.996434
20 14 2.9145334
20 37 7.3256154
20 7 2.1582897
20 27 0.7480432
20 16 11.56818
20 25 1.6501989
21 32 2000.0
21 24 0.08385211
21 35 0.06439592
21 12 0.15314367
21 15 29.315453
22 6 1055.7954
22 31 2000.0
22 9 0.16128246
22 19 156.1875
23 0 2000.0
23 30 1.7363702
23 2 100.0
23 8 2.0338616
23 37 5.018914
23 18 1.8459529
23 7 1.4826249
23 16 8.732931
23 11 2000.0
23 29 2.8655753
23 5 3.3836465
24 26 0.078250885
24 32 0.09638427
24 10 0.07507798
24 21 0.08385211
24 31 18.69015
24 12 0.088238634
24 3 400.0
24 15 2000.0
24 17 0.46471468
25 0 2000.0
25 30 4.767026
25 13 0.64504546
25 33 0.60895294
25 11 2.7157612
25 29 3.6868162
25 5 2000.0
25 34 9.2032
25 20 1.6501989
25 2 2.7201378
25 14 1.5637114
25 37 94.75936
25 7 7.8265758
25 27 1.3137597
25 16 2.3399894
26 32 71.68466
26 28 0.04800576
26 10 0.051416453
26 24 0.078250885
26 31 0.08283899
26 12 0.5485501
26 17 2.001429
27 0 2000.0
27 30 0.21563739
27 8 5.394438
27 18 2.6606224
27 13 0.30656704
27 33 1.3014178
27 11 1.4664401
27 29 0.36122477
27 5 1.7720857
27 34 2.7754192
27 20 0.7480432
27 2 2.7419996
27 14 2.4192662
27 37 5.762639
27 7 160.0
27 16 1.4302466
27 25 1.3137597
28 36 0.035080384
28 26 0.04800576
28 10 0.71255046
28 3 0.11649393
28 12 4.677161
28 9 9.253442
29 0 3.6590743
29 30 2.9721515
29 8 1.0903618
29 18 1.2477999
29 13 1.8026638
29 11 0.68171936
29 5 1.7987185
29 34 19.499557
29 20 5.1828732
29 2 1.9216686
29 37 1.1974473
29 7 2000.0
29 27 0.36122477
29 23 2.8655753
29 25 3.6868162
30 0 2000.0
30 8 0.73934364
30 18 0.73802763
30 13 6.0323677
30 33 1.6551586
30 11 1.5151681
30 29 2.9721515
30 5 0.99392825
30 34 3.6442835
30 20 10.699431
30 2 25.619629
30 14 2000.0
30 37 12.86534
30 7 0.91404366
30 27 0.21563739
30 16 1.1209091
30 23 1.7363702
30 25 4.767026
31 26 0.08283899
31 6 2.0597193
31 10 0.0313696
31 24 18.69015
31 9 0.030961253
31 17 1.2187046
31 4 0.07017512
31 19 0.088924214
32 26 71.68466
32 24 0.09638427
32 12 0.18788637
32 15 0.08130525
33 34 2000.0
33 30 1.6551586
33 20 3.6394093
33 2 1.7473264
33 14 0.6137551
33 7 2000.0
33 13 1.4833258
33 27 1.3014178
33 16 2000.0
33 11 3.0015404
33 29 2000.0
33 25 0.60895294
34 30 3.6442835
34 20 1.9075079
34 8 9.321504
34 7 13.274385
34 13 7.9420505
34 27 2.7754192
34 16 2000.0
34 11 5.517417
34 25 9.2032
34 29 19.499557
34 5 5.7178235
35 21 0.06439592
36 26 2000.0
36 28 0.035080384
36 3 0.31100062
36 9 2.054305
37 30 12.86534
37 0 2.114407
37 8 2.0170355
37 18 2.293713
37 13 9.451467
37 11 3.5936916
37 29 1.1974473
37 20 7.3256154
37 2 4.297502
37 7 55.968
37 27 5.762639
37 16 2000.0
37 23 5.018914
37 25 94.75936
