0 2 0.73133385
0 37 2.0308783
0 13 0.6427777
0 29 19.679953
0 25 10.726135
1 3 1.072849
1 12 14.138599
2 30 24.177473
2 0 0.73133385
2 8 1.258294
2 18 1.8169413
2 13 0.5279527
2 33 1.7108165
2 11 2.0825913
2 29 1.390245
2 20 2.9169676
2 37 1.0652503
2 27 1.3001201
2 16 2000.0
2 23 9.679516
2 25 0.58812386
3 36 0.33033502
3 28 4.812317
3 24 2000.0
3 12 0.08040113
3 1 1.072849
3 9 0.55515397
4 31 0.08064888
4 9 0.06868687
4 17 0.34639072
4 19 0.07578963
5 30 0.71735835
5 8 0.49763826
5 18 0.64412713
5 13 20.875345
5 11 4.4960856
5 29 3.983659
5 34 3.753722
5 20 0.9583569
5 37 41.66096
5 7 5.8328805
5 27 2.0627441
5 16 2.2144842
5 23 3.3843505
5 25 2000.0
6 31 0.13550685
6 17 4.755306
7 34 635.31006
7 30 1.0488827
7 8 3.7036579
7 16 1.385007
7 23 1.184836
7 11 142.26302
7 25 2.0034685
7 5 5.8328805
8 0 2000.0
8 30 0.40284088
8 18 1.3704705
8 13 0.5946915
8 11 0.7867053
8 29 0.37866476
8 5 0.49763826
8 34 24.672
8 2 1.258294
8 37 0.9106032
8 7 3.7036579
8 27 1.2690943
8 16 2.541374
8 23 0.9085227
8 25 2000.0
9 36 0.50842476
9 26 2000.0
9 28 1.1790419
9 10 15.072074
9 22 0.06041977
9 31 0.031945575
9 3 0.55515397
9 12 2000.0
9 4 0.06868687
9 17 0.0304132
9 19 0.08549755
10 26 0.028982593
10 28 0.5843567
10 24 0.10303722
10 31 24.391935
10 12 1757.3864
10 9 15.072074
10 17 0.06194267
11 0 2000.0
11 30 0.74568874
11 8 0.7867053
11 18 3.832518
11 13 0.81083673
11 33 1.9171065
11 29 0.994528
11 5 4.4960856
11 34 1.8955363
11 20 0.815159
11 2 2.0825913
11 37 1.3469907
11 7 142.26302
11 27 0.678261
11 16 0.90978426
11 25 0.93217826
12 26 0.7612394
12 32 1.1180449
12 24 0.07170294
12 21 0.18647048
12 3 0.08040113
12 1 14.138599
13 30 40.979435
13 0 0.6427777
13 8 0.5946915
13 18 90.00001
13 33 0.9169111
13 11 0.81083673
13 29 0.75862813
13 5 20.875345
13 34 48.0752
13 20 0.77737606
13 2 0.5279527
13 14 5.4091134
13 37 0.9944631
13 7 2000.0
13 27 0.7762531
13 16 28.910715
13 25 0.26372853
14 30 4.6015625
14 20 1.7459245
14 13 5.4091134
14 27 1.8367014
14 33 0.41048813
14 11 2000.0
14 25 2.6154377
15 32 0.07103925
15 21 1.309043
15 12 2000.0
16 30 1.3576231
16 0 2000.0
16 8 2.541374
16 18 1.2702404
16 13 28.910715
16 11 0.90978426
16 5 2.2144842
16 34 42.847157
16 20 41.592804
16 7 1.385007
16 27 1.8722296
16 23 3.562359
16 25 1.073974
17 6 4.755306
17 26 2.2245376
17 10 0.06194267
17 24 0.06568554
17 31 1.1533448
17 9 0.0304132
17 4 0.34639072
17 19 54.97509
18 0 2000.0
18 30 0.75619125
18 8 1.3704705
18 13 90.00001
18 11 3.832518
18 29 1.1834313
18 5 0.64412713
18 2 1.8169413
18 37 2.7317214
18 7 2000.0
18 27 20.045752
18 16 1.2702404
18 23 1.004455
19 31 0.082021356
19 9 0.08549755
19 17 54.97509
19 4 0.07578963
20 0 2000.0
20 30 0.92928785
20 13 0.77737606
20 33 1.2432202
20 11 0.815159
20 29 6.882932
20 5 0.9583569
20 34 0.8401826
20 2 2.9169676
20 14 1.7459245
20 37 3.2935445
20 7 1890.5681
20 27 1.0012183
20 16 41.592804
20 25 0.8746239
21 26 2000.0
21 32 2000.0
21 10 2000.0
21 24 1.0600007
21 35 0.03035912
21 31 2000.0
21 12 0.18647048
21 15 1.309043
22 31 125.00001
22 9 0.06041977
22 19 2000.0
23 30 3.2094045
23 0 2000.0
23 8 0.9085227
23 2 9.679516
23 37 1.2978287
23 18 1.004455
23 7 1.184836
23 16 3.562359
23 11 2000.0
23 29 0.90603673
23 5 3.3843505
24 26 0.04852812
24 32 0.20743455
24 10 0.10303722
24 21 1.0600007
24 12 0.07170294
24 15 2000.0
24 17 0.06568554
25 30 36.850056
25 0 10.726135
25 13 0.26372853
25 33 0.56437486
25 11 0.93217826
25 29 2.1570408
25 34 1.578537
25 20 0.8746239
25 2 0.58812386
25 14 2.6154377
25 37 29.482456
25 7 2.0034685
25 27 0.21776268
25 16 1.073974
26 32 8.224433
26 28 0.12062166
26 10 0.028982593
26 24 0.04852812
26 31 0.20320457
26 12 0.7612394
26 17 2.2245376
27 30 0.48812616
27 0 2000.0
27 8 1.2690943
27 18 20.045752
27 13 0.7762531
27 33 0.75176644
27 11 0.678261
27 29 1.0585618
27 5 2.0627441
27 34 0.7726477
27 20 1.0012183
27 2 1.3001201
27 14 1.8367014
27 37 1.0224433
27 7 2000.0
27 16 1.8722296
27 25 0.21776268
28 36 0.029220777
28 26 0.12062166
28 10 0.5843567
28 3 4.812317
28 12 1192.1023
28 9 1.1790419
28 19 1357.1592
29 0 19.679953
29 30 1.3091719
29 8 0.37866476
29 18 1.1834313
29 13 0.75862813
29 33 36.91522
29 11 0.994528
29 5 3.983659
29 34 3.0595753
29 20 6.882932
29 2 1.390245
29 37 0.99629813
29 7 2000.0
29 27 1.0585618
29 16 2000.0
29 23 0.90603673
29 25 2.1570408
30 8 0.40284088
30 18 0.75619125
30 13 40.979435
30 33 14.409921
30 11 0.74568874
30 29 1.3091719
30 5 0.71735835
30 34 0.887027
30 20 0.92928785
30 2 24.177473
30 14 4.6015625
30 37 14.143188
30 7 1.0488827
30 27 0.48812616
30 16 1.3576231
30 23 3.2094045
30 25 36.850056
31 26 0.20320457
31 6 0.13550685
31 10 24.391935
31 35 135.26614
31 22 125.00001
31 9 0.031945575
31 4 0.08064888
31 17 1.1533448
31 19 0.082021356
32 26 8.224433
32 10 2000.0
32 24 0.20743455
32 12 1.1180449
32 15 0.07103925
33 30 14.409921
33 8 2000.0
33 13 0.9169111
33 11 1.9171065
33 29 36.91522
33 5 2000.0
33 34 2000.0
33 20 1.2432202
33 2 1.7108165
33 14 0.41048813
33 7 2000.0
33 27 0.75176644
33 16 3017.898
33 25 0.56437486
34 30 0.887027
34 20 0.8401826
34 8 24.672
34 37 2000.0
34 13 48.0752
34 7 635.31006
34 27 0.7726477
34 16 42.847157
34 11 1.8955363
34 29 3.0595753
34 25 1.578537
34 5 3.753722
35 21 0.03035912
35 31 135.26614
36 28 0.029220777
36 3 0.33033502
36 9 0.50842476
37 30 14.143188
37 0 2.0308783
37 8 0.9106032
37 18 2.7317214
37 13 0.9944631
37 11 1.3469907
37 29 0.99629813
37 5 41.66096
37 20 3.2935445
37 2 1.0652503
37 7 1637.2158
37 27 1.0224433
37 16 2000.0
37 23 1.2978287
37 25 29.482456
