0 2 0.7547051
0 37 1.8091801
0 13 1.844229
0 29 48.70295
0 25 12.521739
1 3 0.553328
1 12 23.959387
2 30 220.59511
2 0 0.7547051
2 8 1.4844493
2 18 3.3201444
2 13 0.44037047
2 33 2.43452
2 11 3.9596577
2 29 1.3227444
2 20 3.4277625
2 37 0.97720516
2 27 1.2485125
2 16 2000.0
2 23 8.523045
2 25 0.4826621
3 36 0.24976933
3 28 3.378896
3 24 2000.0
3 12 0.05969022
3 1 0.553328
3 9 0.9991055
4 31 0.069226265
4 9 0.083376095
4 17 0.11169317
4 19 0.07501064
5 30 0.7699702
5 8 1.3545359
5 18 0.65633225
5 13 79.706055
5 11 2.3103275
5 29 13.249894
5 34 5.465495
5 20 2.4494681
5 37 8.807262
5 7 41.70628
5 27 0.95121944
5 16 2.3636992
5 23 5.692189
5 25 2000.0
6 31 0.11702651
6 17 1.0718584
7 30 0.74168164
7 20 45.842564
7 8 7.7967463
7 16 1.1610228
7 23 1.5082091
7 25 3.224435
7 5 41.70628
8 0 2000.0
8 30 0.5309226
8 18 1.2088834
8 13 2.0471246
8 11 0.9453754
8 29 1.2898359
8 5 1.3545359
8 34 29.961977
8 2 1.4844493
8 37 1.1111889
8 7 7.7967463
8 27 1.8858016
8 16 1.5668845
8 23 1.3727003
8 25 2000.0
9 36 0.7631025
9 26 2000.0
9 28 3.5013494
9 10 36.92308
9 22 0.09694104
9 31 0.03136987
9 12 2000.0
9 3 0.9991055
9 4 0.083376095
9 17 0.04128788
9 19 0.06598184
10 26 0.027554454
10 28 0.33405745
10 24 0.06990011
10 31 8.724566
10 12 1695.7954
10 9 36.92308
10 17 0.033458747
11 0 2000.0
11 30 0.8476324
11 8 0.9453754
11 18 18.866892
11 13 1.3143643
11 33 1.984035
11 29 0.81891954
11 5 2.3103275
11 34 4.243367
11 20 3.5746446
11 2 3.9596577
11 37 2.1815767
11 7 2964.0908
11 27 1.7614837
11 16 2.32203
11 25 1.1223587
12 26 0.5325855
12 32 4.59694
12 24 0.06475933
12 21 0.16439393
12 3 0.05969022
12 1 23.959387
13 30 275.9801
13 0 1.844229
13 8 2.0471246
13 18 180.00002
13 33 1.2858373
13 11 1.3143643
13 29 1.1159508
13 5 79.706055
13 34 392.0
13 20 5.9915843
13 2 0.44037047
13 14 2.1326132
13 37 0.9856615
13 7 2000.0
13 27 0.24919257
13 16 87.11397
13 25 0.22678086
14 30 22.149874
14 20 3.518616
14 13 2.1326132
14 27 2.1964567
14 33 0.4485085
14 25 2.0354261
15 32 0.07797266
15 21 8.778589
16 0 2000.0
16 30 1.1588657
16 8 1.5668845
16 18 1.5313473
16 13 87.11397
16 11 2.32203
16 5 2.3636992
16 34 108.971596
16 20 16.417814
16 7 1.1610228
16 27 1.9330658
16 23 2.5718422
16 25 1.2854683
17 6 1.0718584
17 26 1.2880914
17 10 0.033458747
17 24 0.10568915
17 31 0.9829196
17 9 0.04128788
17 4 0.11169317
17 19 39.700943
18 0 2000.0
18 30 0.75213426
18 8 1.2088834
18 2 3.3201444
18 37 2.3290215
18 13 180.00002
18 27 52.19742
18 16 1.5313473
18 11 18.866892
18 23 1.2125267
18 29 1.3345662
18 5 0.65633225
19 31 0.08429252
19 9 0.06598184
19 4 0.07501064
19 17 39.700943
20 0 2000.0
20 30 1.9862236
20 13 5.9915843
20 33 1.59382
20 11 3.5746446
20 29 13.997578
20 5 2.4494681
20 34 1.7086282
20 2 3.4277625
20 14 3.518616
20 37 3.0242896
20 7 45.842564
20 27 2.0132515
20 16 16.417814
20 25 0.84488773
21 32 500.00003
21 24 1.6646886
21 35 0.037182204
21 31 2000.0
21 12 0.16439393
21 15 8.778589
22 31 104.973656
22 9 0.09694104
22 19 2000.0
23 0 2000.0
23 30 3.3028154
23 8 1.3727003
23 2 8.523045
23 37 2.6067648
23 18 1.2125267
23 7 1.5082091
23 16 2.5718422
23 11 2000.0
23 29 1.9102051
23 5 5.692189
24 26 0.049498018
24 32 0.26477844
24 10 0.06990011
24 21 1.6646886
24 12 0.06475933
24 15 2000.0
24 17 0.10568915
25 30 13.263108
25 0 12.521739
25 13 0.22678086
25 33 0.6671994
25 11 1.1223587
25 29 2.673326
25 34 8.033307
25 20 0.84488773
25 2 0.4826621
25 14 2.0354261
25 37 16.331144
25 7 3.224435
25 27 0.24090174
25 16 1.2854683
26 32 68.84934
26 28 0.0529812
26 10 0.027554454
26 24 0.049498018
26 31 0.12949732
26 12 0.5325855
26 17 1.2880914
27 30 0.2847443
27 0 2000.0
27 8 1.8858016
27 18 52.19742
27 13 0.24919257
27 33 0.79838717
27 11 1.7614837
27 29 0.88226014
27 5 0.95121944
27 34 1.7496736
27 20 2.0132515
27 2 1.2485125
27 14 2.1964567
27 37 1.9427179
27 7 2000.0
27 16 1.9330658
27 25 0.24090174
28 36 0.035299294
28 26 0.0529812
28 10 0.33405745
28 3 3.378896
28 12 1145.4545
28 9 3.5013494
28 19 1367.8977
29 0 48.70295
29 30 3.9062252
29 8 1.2898359
29 18 1.3345662
29 13 1.1159508
29 33 9.716281
29 11 0.81891954
29 5 13.249894
29 34 2.8683074
29 20 13.997578
29 2 1.3227444
29 37 1.3310659
29 7 2000.0
29 27 0.88226014
29 16 2000.0
29 23 1.9102051
29 25 2.673326
30 8 0.5309226
30 18 0.75213426
30 13 275.9801
30 33 12.740504
30 11 0.8476324
30 29 3.9062252
30 5 0.7699702
30 34 1.3078821
30 20 1.9862236
30 2 220.59511
30 14 22.149874
30 37 24.760174
30 7 0.74168164
30 27 0.2847443
30 16 1.1588657
30 23 3.3028154
30 25 13.263108
31 26 0.12949732
31 6 0.11702651
31 10 8.724566
31 35 44.68334
31 22 104.973656
31 9 0.03136987
31 4 0.069226265
31 17 0.9829196
31 19 0.08429252
32 26 68.84934
32 24 0.26477844
32 21 500.00003
32 12 4.59694
32 15 0.07797266
33 30 12.740504
33 8 2000.0
33 13 1.2858373
33 11 1.984035
33 29 9.716281
33 34 2000.0
33 20 1.59382
33 2 2.43452
33 14 0.4485085
33 7 2000.0
33 27 0.79838717
33 16 3017.898
33 25 0.6671994
34 30 1.3078821
34 20 1.7086282
34 8 29.961977
34 37 2000.0
34 13 392.0
34 7 2000.0
34 27 1.7496736
34 16 108.971596
34 11 4.243367
34 29 2.8683074
34 25 8.033307
34 5 5.465495
35 21 0.037182204
35 31 44.68334
36 28 0.035299294
36 3 0.24976933
36 9 0.7631025
37 30 24.760174
37 0 1.8091801
37 8 1.1111889
37 18 2.3290215
37 13 0.9856615
37 11 2.1815767
37 29 1.3310659
37 5 8.807262
37 20 3.0242896
37 2 0.97720516
37 7 799.5198
37 27 1.9427179
37 16 2000.0
37 23 2.6067648
37 25 16.331144
