0 2 1.0218911
0 37 2.3930945
0 13 0.9995286
0 29 17.93908
0 25 16.38796
1 3 1.1959488
1 12 16.87135
2 30 32.05458
2 0 1.0218911
2 8 2.0422568
2 18 6.3184586
2 13 0.47585133
2 33 3.0991523
2 11 1.9164046
2 29 1.1959153
2 20 6.3149853
2 37 0.8498704
2 27 0.8481755
2 16 2000.0
2 23 8.628268
2 25 0.57350206
3 36 0.44896504
3 28 22.154882
3 24 2000.0
3 12 0.1978657
3 1 1.1959488
3 9 1.2244035
4 31 0.07962663
4 9 0.081843026
4 17 0.1228593
4 19 0.08031972
5 30 0.64578056
5 8 0.476164
5 18 0.9562298
5 13 20.703936
5 11 2.851152
5 29 1.9755245
5 34 2.636597
5 20 1.2733008
5 37 9.793816
5 7 10.699473
5 27 3.281025
5 16 1.3710675
5 23 1.9356228
5 25 2000.0
6 31 0.17521362
6 17 1.9775289
7 30 1.1104022
7 20 70.09514
7 8 7.8962493
7 37 66.66667
7 16 1.3823174
7 23 1.5951253
7 11 99.30568
7 25 1.898101
7 5 10.699473
8 0 2000.0
8 30 0.40482956
8 18 1.7024107
8 13 1.2639303
8 11 1.1462702
8 29 0.38747498
8 5 0.476164
8 34 204.16933
8 2 2.0422568
8 37 1.2018489
8 7 7.8962493
8 27 1.721564
8 16 1.4441739
8 23 0.8734864
8 25 2000.0
9 36 0.6645141
9 26 2000.0
9 28 0.8994035
9 10 19.245369
9 22 0.09082143
9 31 0.03435617
9 12 2000.0
9 3 1.2244035
9 4 0.081843026
9 17 0.05482656
9 19 0.09602402
10 26 0.029784886
10 28 0.26132578
10 24 0.11909585
10 31 11.284993
10 12 110.36201
10 9 19.245369
10 17 0.03514836
11 0 2000.0
11 30 0.75839984
11 8 1.1462702
11 18 12.744877
11 13 0.8319589
11 33 1.5809968
11 29 0.7893914
11 5 2.851152
11 34 2.598454
11 20 1.1573151
11 2 1.9164046
11 37 1.3512539
11 7 99.30568
11 27 0.67868286
11 16 1.1834509
11 25 0.5732167
12 26 2.768494
12 32 1.6472452
12 10 110.36201
12 24 0.075834274
12 21 0.3070103
12 3 0.1978657
12 1 16.87135
12 15 2000.0
13 30 84.02273
13 0 0.9995286
13 8 1.2639303
13 18 422.6949
13 33 1.14276
13 11 0.8319589
13 29 0.80965906
13 5 20.703936
13 34 2000.0
13 20 3.3060231
13 2 0.47585133
13 14 8.443293
13 37 1.028983
13 7 2000.0
13 27 2.6804996
13 16 86.79223
13 25 0.31646067
14 30 9.51102
14 20 2.790941
14 13 8.443293
14 27 2.6344202
14 33 0.36520344
14 11 2000.0
14 25 2.5810747
15 32 0.07620752
15 21 1.9669068
16 0 2000.0
16 30 1.1536931
16 8 1.4441739
16 18 1.3609358
16 13 86.79223
16 11 1.1834509
16 5 1.3710675
16 34 146.15305
16 20 46.707767
16 7 1.3823174
16 27 1.454995
16 23 2.1611354
16 25 1.5172544
17 6 1.9775289
17 26 1.4888681
17 10 0.03514836
17 24 0.2685266
17 31 0.98754734
17 9 0.05482656
17 4 0.1228593
17 19 122.94425
18 0 2000.0
18 30 0.73030007
18 8 1.7024107
18 13 422.6949
18 11 12.744877
18 29 1.267953
18 5 0.9562298
18 2 6.3184586
18 37 2.4058444
18 7 2000.0
18 27 55.94837
18 16 1.3609358
18 23 2.1975935
19 31 0.080116354
19 9 0.09602402
19 4 0.08031972
20 30 1.6458026
20 13 3.3060231
20 33 0.99874735
20 11 1.1573151
20 29 8.569318
20 5 1.2733008
20 34 1.0004977
20 2 6.3149853
20 14 2.790941
20 37 4.401117
20 7 70.09514
20 27 2.004976
20 16 46.707767
20 25 0.51320153
21 32 2000.0
21 24 1.1383427
21 35 0.030232925
21 12 0.3070103
21 15 1.9669068
22 31 60.034092
22 9 0.09082143
22 19 2000.0
23 0 2000.0
23 30 3.4854934
23 8 0.8734864
23 2 8.628268
23 37 1.756487
23 18 2.1975935
23 7 1.5951253
23 16 2.1611354
23 11 2000.0
23 29 0.63139194
23 5 1.9356228
24 26 0.04077087
24 32 0.24663246
24 10 0.11909585
24 21 1.1383427
24 12 0.075834274
24 17 0.2685266
25 0 16.38796
25 30 25.843494
25 13 0.31646067
25 33 0.5925595
25 11 0.5732167
25 29 1.7122028
25 34 3.7420323
25 20 0.51320153
25 2 0.57350206
25 14 2.5810747
25 37 170.16528
25 7 1.898101
25 27 0.3277239
25 16 1.5172544
26 32 60.000004
26 28 0.07732862
26 10 0.029784886
26 24 0.04077087
26 31 0.37818947
26 12 2.768494
26 17 1.4888681
27 30 0.52304256
27 0 2000.0
27 8 1.721564
27 18 55.94837
27 13 2.6804996
27 33 0.9362405
27 11 0.67868286
27 29 0.689182
27 5 3.281025
27 34 1.1462121
27 20 2.004976
27 2 0.8481755
27 14 2.6344202
27 37 0.8404339
27 7 2000.0
27 16 1.454995
27 25 0.3277239
28 36 0.03252608
28 26 0.07732862
28 10 0.26132578
28 3 22.154882
28 12 1203.8636
28 9 0.8994035
28 19 1370.0
29 0 17.93908
29 30 0.8968967
29 8 0.38747498
29 18 1.267953
29 13 0.80965906
29 33 18.3618
29 11 0.7893914
29 5 1.9755245
29 34 3.1920226
29 20 8.569318
29 2 1.1959153
29 37 0.7439935
29 27 0.689182
29 16 2000.0
29 23 0.63139194
29 25 1.7122028
30 8 0.40482956
30 18 0.73030007
30 13 84.02273
30 33 10.986705
30 11 0.75839984
30 29 0.8968967
30 5 0.64578056
30 34 0.9166287
30 20 1.6458026
30 2 32.05458
30 14 9.51102
30 37 19.987326
30 7 1.1104022
30 27 0.52304256
30 16 1.1536931
30 23 3.4854934
30 25 25.843494
31 26 0.37818947
31 6 0.17521362
31 10 11.284993
31 35 127.97947
31 22 60.034092
31 9 0.03435617
31 4 0.07962663
31 17 0.98754734
31 19 0.080116354
32 26 60.000004
32 24 0.24663246
32 12 1.6472452
32 15 0.07620752
33 30 10.986705
33 8 2000.0
33 13 1.14276
33 11 1.5809968
33 29 18.3618
33 34 2000.0
33 20 0.99874735
33 2 3.0991523
33 14 0.36520344
33 7 2000.0
33 27 0.9362405
33 16 3017.898
33 25 0.5925595
34 30 0.9166287
34 20 1.0004977
34 8 204.16933
34 37 2000.0
34 7 2000.0
34 13 2000.0
34 27 1.1462121
34 16 146.15305
34 11 2.598454
34 29 3.1920226
34 25 3.7420323
34 5 2.636597
35 21 0.030232925
35 31 127.97947
36 28 0.03252608
36 3 0.44896504
36 9 0.6645141
37 30 19.987326
37 0 2.3930945
37 8 1.2018489
37 18 2.4058444
37 13 1.028983
37 11 1.3512539
37 29 0.7439935
37 5 9.793816
37 20 4.401117
37 2 0.8498704
37 7 66.66667
37 27 0.8404339
37 16 2000.0
37 23 1.756487
37 25 170.16528
