0 2 0.96017885
0 37 1.5279974
0 13 0.9250507
0 29 20.707481
0 25 12.698413
1 3 0.98935616
1 12 17.518538
2 30 16.217773
2 0 0.96017885
2 8 1.1475753
2 18 1.1984173
2 13 0.49895245
2 33 2.0070214
2 11 1.0282464
2 29 1.3864236
2 20 2.5434673
2 37 0.8808304
2 27 0.7510938
2 16 2000.0
2 23 4.3710203
2 25 0.40770152
3 36 0.3315116
3 28 3.935315
3 24 1862.6704
3 12 0.055393074
3 1 0.98935616
3 9 0.33005625
4 31 0.06535142
4 9 0.08448059
4 17 0.1372487
4 19 0.100578114
5 30 0.6658998
5 8 1.0509301
5 18 0.91359574
5 13 78.62178
5 11 3.0289423
5 29 2.1306689
5 34 2.384818
5 20 1.9807526
5 37 10.142683
5 7 6.4508452
5 27 2.850221
5 16 1.5561559
5 23 3.2141602
5 25 2000.0
6 31 0.19518399
6 17 4.542491
7 30 0.92821974
7 20 40.97023
7 8 5.51717
7 37 133.33334
7 16 1.2986408
7 11 101.90431
7 23 1.4342328
7 25 2.3590066
7 5 6.4508452
8 0 2000.0
8 30 0.40575632
8 18 1.1914773
8 13 0.9503818
8 11 1.15046
8 29 0.62661266
8 5 1.0509301
8 34 34.945663
8 2 1.1475753
8 37 0.8700887
8 7 5.51717
8 27 1.2817998
8 16 1.6606307
8 23 1.07738
8 25 2000.0
9 36 0.3522168
9 26 2000.0
9 28 0.75653094
9 10 23.878834
9 22 0.04972458
9 31 0.029739074
9 3 0.33005625
9 12 2000.0
9 4 0.08448059
9 17 0.034812026
9 19 0.06481058
10 26 0.028988991
10 28 0.26052588
10 24 0.087869324
10 31 14.485002
10 12 100.0
10 9 23.878834
10 17 0.03229521
11 0 2000.0
11 30 0.7400568
11 8 1.15046
11 18 4.4668956
11 13 1.4624747
11 33 2.027229
11 29 0.7812727
11 5 3.0289423
11 34 2.312255
11 20 1.0521977
11 2 1.0282464
11 37 1.3487691
11 7 101.90431
11 27 0.753703
11 16 0.9346769
11 25 0.819378
12 26 0.46191394
12 32 4.2832165
12 10 100.0
12 24 0.06958831
12 21 0.119992286
12 3 0.055393074
12 1 17.518538
13 30 75.99593
13 0 0.9250507
13 8 0.9503818
13 18 131.19682
13 33 1.2313
13 11 1.4624747
13 29 1.4169677
13 5 78.62178
13 34 2293.807
13 20 0.87945867
13 2 0.49895245
13 14 5.0299582
13 37 1.4312955
13 7 2000.0
13 27 0.41369608
13 16 43.365868
13 25 0.22896299
14 30 20.248636
14 20 3.758855
14 13 5.0299582
14 27 5.216828
14 33 0.3809037
14 11 2000.0
14 25 2.2628124
15 32 0.07746725
15 21 3.9282966
16 30 1.102431
16 0 2000.0
16 8 1.6606307
16 18 0.844409
16 13 43.365868
16 11 0.9346769
16 5 1.5561559
16 34 64.28571
16 20 18.67861
16 7 1.2986408
16 27 1.470158
16 23 3.1383746
16 25 0.94540906
17 6 4.542491
17 26 1.4113222
17 10 0.03229521
17 24 0.13380861
17 31 0.9988544
17 9 0.034812026
17 4 0.1372487
17 19 30.989582
18 0 2000.0
18 30 0.70217025
18 8 1.1914773
18 2 1.1984173
18 37 2.436809
18 13 131.19682
18 27 29.814688
18 16 0.844409
18 11 4.4668956
18 23 1.4143492
18 29 1.2976803
18 5 0.91359574
19 31 0.075194694
19 9 0.06481058
19 17 30.989582
19 4 0.100578114
20 30 1.1859701
20 13 0.87945867
20 33 1.1640954
20 11 1.0521977
20 29 20.178722
20 5 1.9807526
20 34 0.8175255
20 2 2.5434673
20 14 3.758855
20 37 1.8455436
20 7 40.97023
20 27 1.4443567
20 16 18.67861
20 25 0.51236516
21 26 2000.0
21 32 2000.0
21 24 1.1008923
21 35 0.03240529
21 31 2000.0
21 12 0.119992286
21 15 3.9282966
22 31 86.702736
22 9 0.04972458
22 19 2000.0
23 0 2000.0
23 30 1.2763466
23 8 1.07738
23 2 4.3710203
23 37 2.2427428
23 18 1.4143492
23 7 1.4342328
23 16 3.1383746
23 11 2000.0
23 29 2.230814
23 5 3.2141602
24 26 0.04019017
24 32 0.30640334
24 10 0.087869324
24 21 1.1008923
24 12 0.06958831
24 15 2000.0
24 17 0.13380861
25 0 12.698413
25 30 11.776373
25 13 0.22896299
25 33 0.5714832
25 11 0.819378
25 29 2.3603086
25 34 2.0513678
25 20 0.51236516
25 2 0.40770152
25 14 2.2628124
25 37 33.45779
25 7 2.3590066
25 27 0.24025708
25 16 0.94540906
26 32 23.74091
26 28 0.06655058
26 10 0.028988991
26 24 0.04019017
26 31 0.08013749
26 12 0.46191394
26 17 1.4113222
27 30 0.20142913
27 0 2000.0
27 8 1.2817998
27 18 29.814688
27 13 0.41369608
27 33 0.85971045
27 11 0.753703
27 29 1.4412425
27 5 2.850221
27 34 0.80075043
27 20 1.4443567
27 2 0.7510938
27 14 5.216828
27 37 1.1296632
27 7 2000.0
27 16 1.470158
27 25 0.24025708
28 36 0.030504847
28 26 0.06655058
28 10 0.26052588
28 3 3.935315
28 12 1199.091
28 9 0.75653094
28 19 1483.6364
29 0 20.707481
29 30 1.0542746
29 8 0.62661266
29 18 1.2976803
29 13 1.4169677
29 33 36.101887
29 11 0.7812727
29 5 2.1306689
29 34 3.3441668
29 20 20.178722
29 2 1.3864236
29 37 0.78232956
29 7 2000.0
29 27 1.4412425
29 16 2000.0
29 23 2.230814
29 25 2.3603086
30 8 0.40575632
30 18 0.70217025
30 13 75.99593
30 33 13.045719
30 11 0.7400568
30 29 1.0542746
30 5 0.6658998
30 34 0.8082071
30 20 1.1859701
30 2 16.217773
30 14 20.248636
30 37 21.273388
30 7 0.92821974
30 27 0.20142913
30 16 1.102431
30 23 1.2763466
30 25 11.776373
31 26 0.08013749
31 6 0.19518399
31 10 14.485002
31 35 66.66667
31 22 86.702736
31 9 0.029739074
31 4 0.06535142
31 17 0.9988544
31 19 0.075194694
32 26 23.74091
32 24 0.30640334
32 12 4.2832165
32 15 0.07746725
33 30 13.045719
33 8 2000.0
33 13 1.2313
33 11 2.027229
33 29 36.101887
33 5 2000.0
33 34 2000.0
33 20 1.1640954
33 2 2.0070214
33 14 0.3809037
33 7 2000.0
33 27 0.85971045
33 16 3017.898
33 25 0.5714832
34 30 0.8082071
34 20 0.8175255
34 8 34.945663
34 37 2000.0
34 7 2013.4943
34 27 0.80075043
34 16 64.28571
34 11 2.312255
34 29 3.3441668
34 25 2.0513678
34 5 2.384818
35 21 0.03240529
35 31 66.66667
36 28 0.030504847
36 3 0.3315116
36 9 0.3522168
37 30 21.273388
37 0 1.5279974
37 8 0.8700887
37 18 2.436809
37 13 1.4312955
37 11 1.3487691
37 29 0.78232956
37 5 10.142683
37 20 1.8455436
37 2 0.8808304
37 7 133.33334
37 27 1.1296632
37 16 2000.0
37 23 2.2427428
37 25 33.45779
