0 8 4.088822
0 2 1.4145163
0 37 0.6988095
0 13 0.7334361
0 11 21.412176
0 29 13.923576
1 3 0.20674488
1 12 1202.159
2 30 18.352701
2 0 1.4145163
2 8 1.2777644
2 18 9.763486
2 13 0.37750185
2 33 2.0852983
2 11 1.3040717
2 29 1.0351146
2 20 3.0798469
2 37 0.849506
2 27 0.7899387
2 23 38.113132
2 25 2.5692558
3 36 0.28987014
3 28 0.11377841
3 24 2000.0
3 12 0.051618617
3 1 0.20674488
3 9 0.31604025
4 31 0.08310358
4 9 0.08258196
4 17 0.08856466
4 19 0.08619384
5 30 1.0237646
5 8 0.6504628
5 18 0.488492
5 13 178.18398
5 11 2.133526
5 29 5.2182617
5 34 1.1936038
5 20 2.5709622
5 37 2000.0
5 7 7.620241
5 27 3.4785175
5 16 1.4870634
5 23 3.855337
6 31 0.31544134
6 17 1.1374478
7 34 9.543434
7 30 1.0658859
7 20 1.9156883
7 8 21.798615
7 37 14.507096
7 16 1.3258471
7 11 5.8481274
7 23 1.179436
7 25 12.832947
7 5 7.620241
8 0 4.088822
8 30 0.6329966
8 18 0.93899626
8 13 2.3978934
8 11 2.830831
8 29 0.5881887
8 5 0.6504628
8 34 3.3107197
8 2 1.2777644
8 37 1.1838368
8 7 21.798615
8 27 1.9176533
8 16 1.5463594
8 23 0.94244987
9 36 1.4150927
9 26 2000.0
9 28 1.4890133
9 10 5.1399784
9 22 0.062494334
9 31 0.037939537
9 3 0.31604025
9 17 0.04547745
9 4 0.08258196
9 19 0.06992363
10 26 0.030880231
10 28 1.406685
10 24 0.08948306
10 31 0.035360966
10 12 6.6941624
10 9 5.1399784
10 17 0.029806262
11 0 21.412176
11 30 0.40982452
11 8 2.830831
11 18 4.9923253
11 13 0.7753709
11 33 2.036689
11 29 0.927534
11 5 2.133526
11 34 2.043342
11 20 0.71714616
11 2 1.3040717
11 37 1.1302496
11 7 5.8481274
11 27 0.51607
11 16 0.77229244
11 25 1.138512
12 26 0.67170274
12 28 3.5947888
12 32 0.3336032
12 10 6.6941624
12 24 0.081578985
12 21 0.11110322
12 3 0.051618617
13 30 1.139832
13 0 0.7334361
13 8 2.3978934
13 18 209.11987
13 33 0.72451776
13 11 0.7753709
13 29 1.4347241
13 5 178.18398
13 34 7.767783
13 20 0.7840627
13 2 0.37750185
13 14 2.486851
13 37 1.8375132
13 27 0.3214098
13 16 110.84734
13 25 0.7052424
14 20 1.7783835
14 13 2.486851
14 27 5.1194696
14 33 0.47882038
14 11 2000.0
14 25 1.886017
15 32 0.071861476
15 21 2.1882641
16 0 2000.0
16 30 1.3390995
16 8 1.5463594
16 18 1.1326005
16 13 110.84734
16 11 0.77229244
16 29 39.44359
16 5 1.4870634
16 20 12.290435
16 37 15.417185
16 7 1.3258471
16 27 1.8173368
16 23 10.079545
16 25 1.2340264
17 26 5.0490885
17 6 1.1374478
17 10 0.029806262
17 24 0.20910811
17 31 2.4509804
17 9 0.04547745
17 4 0.08856466
17 19 4.145705
18 30 0.68874633
18 2 9.763486
18 8 0.93899626
18 37 1.0625781
18 13 209.11987
18 7 2000.0
18 27 5.651078
18 16 1.1326005
18 23 1.1991115
18 11 4.9923253
18 29 1.5205517
18 5 0.488492
19 31 0.081551485
19 9 0.06992363
19 17 4.145705
19 4 0.08619384
20 30 8.64335
20 13 0.7840627
20 33 1.4554572
20 11 0.71714616
20 29 1.9321494
20 5 2.5709622
20 34 0.86399704
20 2 3.0798469
20 14 1.7783835
20 37 1.4142979
20 7 1.9156883
20 27 0.53576463
20 16 12.290435
20 25 0.44879606
21 32 2000.0
21 24 0.6624302
21 35 0.035529483
21 12 0.11110322
21 15 2.1882641
22 6 1798.466
22 31 1181.1932
22 9 0.062494334
22 19 1288.409
23 0 2000.0
23 30 1.1672119
23 2 38.113132
23 8 0.94244987
23 37 1.3595717
23 18 1.1991115
23 7 1.179436
23 16 10.079545
23 11 2000.0
23 29 2.785067
23 5 3.855337
24 26 0.051783357
24 32 0.099582024
24 10 0.08948306
24 21 0.6624302
24 31 2.873467
24 12 0.081578985
24 15 2000.0
24 17 0.20910811
25 30 12.729296
25 13 0.7052424
25 33 0.3498139
25 11 1.138512
25 29 6.4754667
25 34 1.2317379
25 20 0.44879606
25 2 2.5692558
25 14 1.886017
25 37 114.28571
25 7 12.832947
25 27 0.8784404
25 16 1.2340264
26 36 131.43661
26 32 33.36275
26 28 0.08664308
26 10 0.030880231
26 24 0.051783357
26 31 0.06090427
26 12 0.67170274
26 17 5.0490885
27 0 2000.0
27 30 0.9460938
27 8 1.9176533
27 18 5.651078
27 13 0.3214098
27 33 0.96774954
27 11 0.51607
27 29 0.36395308
27 5 3.4785175
27 34 1.1184553
27 20 0.53576463
27 2 0.7899387
27 14 5.1194696
27 37 1.6535445
27 7 3857.841
27 16 1.8173368
27 25 0.8784404
28 36 0.04944174
28 26 0.08664308
28 10 1.406685
28 3 0.11377841
28 12 3.5947888
28 9 1.4890133
29 0 13.923576
29 30 5.8858814
29 8 0.5881887
29 18 1.5205517
29 13 1.4347241
29 11 0.927534
29 5 5.2182617
29 34 8.59827
29 20 1.9321494
29 2 1.0351146
29 37 1.1779166
29 7 2000.0
29 27 0.36395308
29 16 39.44359
29 23 2.785067
29 25 6.4754667
30 0 2000.0
30 8 0.6329966
30 18 0.68874633
30 13 1.139832
30 33 4.1765647
30 11 0.40982452
30 29 5.8858814
30 5 1.0237646
30 34 1.5134419
30 20 8.64335
30 2 18.352701
30 14 2000.0
30 37 9.004056
30 7 1.0658859
30 27 0.9460938
30 16 1.3390995
30 23 1.1672119
30 25 12.729296
31 26 0.06090427
31 6 0.31544134
31 10 0.035360966
31 24 2.873467
31 9 0.037939537
31 17 2.4509804
31 4 0.08310358
31 19 0.081551485
32 26 33.36275
32 24 0.099582024
32 12 0.3336032
32 15 0.071861476
33 34 2000.0
33 30 4.1765647
33 20 1.4554572
33 2 2.0852983
33 14 0.47882038
33 7 2000.0
33 13 0.72451776
33 27 0.96774954
33 16 1249.4886
33 11 2.036689
33 29 8077.4434
33 25 0.3498139
34 30 1.5134419
34 20 0.86399704
34 8 3.3107197
34 13 7.767783
34 7 9.543434
34 27 1.1184553
34 16 1215.0568
34 11 2.043342
34 25 1.2317379
34 29 8.59827
34 5 1.1936038
35 21 0.035529483
36 26 131.43661
36 28 0.04944174
36 3 0.28987014
36 9 1.4150927
37 30 9.004056
37 0 0.6988095
37 8 1.1838368
37 18 1.0625781
37 13 1.8375132
37 11 1.1302496
37 29 1.1779166
37 20 1.4142979
37 2 0.849506
37 7 14.507096
37 27 1.6535445
37 16 15.417185
37 23 1.3595717
37 25 114.28571
