0 8 7.629486
0 2 1.4573973
0 37 0.7182765
0 13 0.73961806
0 11 35.714287
0 29 13.593183
1 3 0.2633975
1 12 1202.159
2 30 17.000534
2 0 1.4573973
2 8 1.1473289
2 18 16.244518
2 13 0.35714146
2 33 2.727293
2 11 0.7396538
2 29 0.6284723
2 20 5.3928623
2 37 0.87431365
2 27 0.62196386
2 23 29.059904
2 25 2.2578566
3 36 0.45153964
3 28 0.12152692
3 24 172.26137
3 12 0.06034866
3 1 0.2633975
3 9 0.29335228
4 31 0.07941347
4 9 0.06584574
4 17 0.18843542
4 19 0.090545684
5 30 0.84003466
5 8 0.56008315
5 18 2.2391798
5 13 800.0
5 11 2.9707794
5 29 6.22015
5 34 11.078637
5 20 5.7408104
5 37 2000.0
5 7 19.777046
5 27 3.0684786
5 16 1.295132
5 23 3.707826
6 21 2000.0
6 22 180.34091
6 31 1.2377751
6 17 1.1594471
7 34 7.2631965
7 30 0.7897039
7 20 3.9014666
7 8 10.71833
7 37 11.729923
7 27 56.578876
7 16 1.4528304
7 11 9.065816
7 23 1.1884283
7 25 6.0301905
7 5 19.777046
8 0 7.629486
8 30 0.90354174
8 18 1.0485508
8 13 3.0299525
8 11 0.6849034
8 29 1.9585375
8 5 0.56008315
8 34 3.7033145
8 2 1.1473289
8 37 1.0726469
8 7 10.71833
8 27 1.1585991
8 16 1.2216434
8 23 0.9224644
9 36 0.7487193
9 26 2000.0
9 28 1.6021887
9 10 4.729818
9 22 0.34745368
9 31 0.029016037
9 3 0.29335228
9 12 2000.0
9 17 0.04095098
9 4 0.06584574
9 19 0.06727456
10 26 0.03259128
10 28 0.22023605
10 24 0.04358054
10 31 0.060556963
10 12 16.837696
10 9 4.729818
10 17 0.04903032
11 0 35.714287
11 30 0.38402197
11 8 0.6849034
11 18 4.9954867
11 13 0.4648674
11 33 2.3469844
11 29 0.95948577
11 5 2.9707794
11 34 4.4345746
11 20 1.3500818
11 2 0.7396538
11 37 1.1510744
11 7 9.065816
11 27 0.32551232
11 16 0.98017186
11 25 1.0431727
12 26 2.0041866
12 28 4.7473726
12 32 0.19650073
12 10 16.837696
12 24 0.08694782
12 21 0.07363079
12 3 0.06034866
13 30 5.3840914
13 0 0.73961806
13 8 3.0299525
13 18 2000.0
13 33 0.81955147
13 11 0.4648674
13 29 3.0815651
13 5 800.0
13 34 12.647579
13 20 1.4830153
13 2 0.35714146
13 14 3.0636365
13 37 3.8524344
13 27 0.28328198
13 16 368.57166
13 25 0.7426651
14 20 1.7442287
14 13 3.0636365
14 33 0.44865444
14 27 5.232706
14 11 2000.0
14 25 2.0593436
15 32 0.072057836
15 21 1.5459359
16 0 2000.0
16 30 1.363959
16 8 1.2216434
16 18 1.3338788
16 13 368.57166
16 11 0.98017186
16 29 130.18465
16 5 1.295132
16 20 12.896805
16 37 61.50497
16 7 1.4528304
16 27 2.2897303
16 23 10.68767
16 25 1.5514793
17 26 1.9043019
17 6 1.1594471
17 10 0.04903032
17 24 0.16172104
17 31 1.5303714
17 9 0.04095098
17 4 0.18843542
17 19 8.706917
18 30 1.7762393
18 2 16.244518
18 8 1.0485508
18 37 1.2879407
18 13 2000.0
18 7 2000.0
18 27 5.229558
18 16 1.3338788
18 23 1.6609559
18 11 4.9954867
18 29 1.2111244
18 5 2.2391798
19 31 0.082679495
19 9 0.06727456
19 17 8.706917
19 4 0.090545684
20 30 17.983137
20 13 1.4830153
20 33 1.2896249
20 11 1.3500818
20 29 2.898409
20 5 5.7408104
20 34 0.82192767
20 2 5.3928623
20 14 1.7442287
20 37 8.531932
20 7 3.9014666
20 27 2.0339193
20 16 12.896805
20 25 0.52753603
21 32 2000.0
21 24 0.5388719
21 35 0.03641021
21 12 0.07363079
21 15 1.5459359
22 6 180.34091
22 31 1108.2385
22 9 0.34745368
22 19 1329.4886
23 0 2000.0
23 30 1.7928629
23 2 29.059904
23 8 0.9224644
23 37 2.976319
23 18 1.6609559
23 7 1.1884283
23 16 10.68767
23 11 2000.0
23 29 3.2417765
23 5 3.707826
24 26 0.054521814
24 32 0.08857117
24 10 0.04358054
24 21 0.5388719
24 31 9.318401
24 12 0.08694782
24 3 172.26137
24 15 2000.0
24 17 0.16172104
25 30 6.1776776
25 13 0.7426651
25 33 0.36632952
25 11 1.0431727
25 29 5.704696
25 34 3.9022844
25 20 0.52753603
25 2 2.2578566
25 14 2.0593436
25 37 225.09547
25 7 6.0301905
25 27 0.7504151
25 16 1.5514793
26 36 160.0
26 32 27.74846
26 28 0.030539399
26 10 0.03259128
26 24 0.054521814
26 31 0.052272726
26 12 2.0041866
26 17 1.9043019
27 0 2000.0
27 30 1.7480738
27 8 1.1585991
27 18 5.229558
27 13 0.28328198
27 33 1.4309618
27 11 0.32551232
27 29 0.79329854
27 5 3.0684786
27 34 3.6073027
27 20 2.0339193
27 2 0.62196386
27 14 5.232706
27 37 3.1779501
27 7 56.578876
27 16 2.2897303
27 25 0.7504151
28 36 0.03205104
28 26 0.030539399
28 10 0.22023605
28 3 0.12152692
28 12 4.7473726
28 9 1.6021887
29 0 13.593183
29 30 9.499072
29 8 1.9585375
29 18 1.2111244
29 13 3.0815651
29 11 0.95948577
29 5 6.22015
29 34 6.2187757
29 20 2.898409
29 2 0.6284723
29 37 1.0069916
29 7 2000.0
29 27 0.79329854
29 16 130.18465
29 23 3.2417765
29 25 5.704696
30 0 2000.0
30 8 0.90354174
30 18 1.7762393
30 13 5.3840914
30 33 8.121671
30 11 0.38402197
30 29 9.499072
30 5 0.84003466
30 34 4.901147
30 20 17.983137
30 2 17.000534
30 37 8.074929
30 7 0.7897039
30 27 1.7480738
30 16 1.363959
30 23 1.7928629
30 25 6.1776776
31 26 0.052272726
31 6 1.2377751
31 10 0.060556963
31 24 9.318401
31 9 0.029016037
31 17 1.5303714
31 4 0.07941347
31 19 0.082679495
32 26 27.74846
32 24 0.08857117
32 12 0.19650073
32 15 0.072057836
33 34 2000.0
33 30 8.121671
33 20 1.2896249
33 2 2.727293
33 14 0.44865444
33 7 2000.0
33 13 0.81955147
33 27 1.4309618
33 16 2000.0
33 11 2.3469844
33 29 1558.75
33 25 0.36632952
34 30 4.901147
34 20 0.82192767
34 8 3.7033145
34 13 12.647579
34 7 7.2631965
34 27 3.6073027
34 16 1215.0568
34 11 4.4345746
34 25 3.9022844
34 29 6.2187757
34 5 11.078637
35 21 0.03641021
36 26 160.0
36 28 0.03205104
36 3 0.45153964
36 9 0.7487193
37 30 8.074929
37 0 0.7182765
37 8 1.0726469
37 18 1.2879407
37 13 3.8524344
37 11 1.1510744
37 29 1.0069916
37 20 8.531932
37 2 0.87431365
37 7 11.729923
37 27 3.1779501
37 16 61.50497
37 23 2.976319
37 25 225.09547
