0 2 0.9396358
0 37 1.666409
0 13 0.8325403
0 29 22.22159
0 25 11.590094
1 3 0.53140664
1 12 33.97599
2 30 26.70886
2 0 0.9396358
2 8 1.4148346
2 18 2.6897526
2 13 0.5602043
2 33 2.2207856
2 11 2.9378936
2 29 1.5085976
2 20 3.7766936
2 37 0.83335835
2 27 1.2020192
2 16 2000.0
2 23 13.7318735
2 25 0.4282003
3 36 0.7378496
3 28 16.524052
3 24 163.63637
3 12 0.057544984
3 1 0.53140664
3 9 0.7548151
4 31 0.08953596
4 9 0.07696202
4 17 0.23825756
4 19 0.07185438
5 30 0.9238577
5 8 1.0399561
5 18 1.0437597
5 13 29.669825
5 11 2.1052191
5 29 1.7867965
5 34 4.515032
5 20 5.0270333
5 37 11.429064
5 7 29.707922
5 27 3.5845718
5 16 1.8993679
5 23 3.152235
5 25 2000.0
6 31 0.1495069
6 17 3.0382924
7 30 0.66600055
7 20 54.46262
7 8 4.5699644
7 16 1.1600744
7 23 1.1318561
7 11 1599.4602
7 25 2.148024
7 5 29.707922
8 0 2000.0
8 30 0.42225224
8 18 1.1421828
8 13 1.6240063
8 11 1.0951289
8 29 1.5092531
8 5 1.0399561
8 34 41.329014
8 2 1.4148346
8 37 1.4820726
8 7 4.5699644
8 27 1.194473
8 16 1.5376894
8 23 1.3640195
8 25 2000.0
9 36 0.7753418
9 28 1.524125
9 10 14.342927
9 22 0.050234046
9 31 0.028724011
9 3 0.7548151
9 12 2000.0
9 4 0.07696202
9 17 0.0390291
9 19 0.06470814
10 26 0.029142227
10 28 0.84347516
10 24 0.09852009
10 31 17.387745
10 12 1269.2614
10 9 14.342927
10 17 0.045225445
11 0 2000.0
11 30 0.9408316
11 8 1.0951289
11 18 5.64076
11 13 1.0407068
11 33 1.43451
11 29 1.3116649
11 5 2.1052191
11 34 4.0999703
11 20 1.129855
11 2 2.9378936
11 37 2.1759372
11 7 1599.4602
11 27 0.9429153
11 16 3.121465
11 25 0.83842707
12 26 0.86844707
12 32 3.781291
12 24 0.077927165
12 21 0.128276
12 3 0.057544984
12 1 33.97599
13 30 52.604073
13 0 0.8325403
13 8 1.6240063
13 18 125.17396
13 33 1.0010872
13 11 1.0407068
13 29 1.0917258
13 5 29.669825
13 34 133.33334
13 20 1.0321052
13 2 0.5602043
13 14 12.654994
13 37 1.3494673
13 7 2000.0
13 27 0.37131575
13 16 171.67947
13 25 0.23161183
14 30 16.7125
14 20 12.415377
14 13 12.654994
14 27 9.270143
14 33 0.46392226
14 11 2000.0
14 25 3.2436218
15 32 0.08041481
15 21 9.912133
16 0 2000.0
16 30 1.3728548
16 8 1.5376894
16 18 1.3135171
16 13 171.67947
16 11 3.121465
16 5 1.8993679
16 34 85.90279
16 20 280.3194
16 7 1.1600744
16 27 3.9473684
16 23 3.1363637
16 25 1.6082504
17 6 3.0382924
17 26 2.6825633
17 10 0.045225445
17 24 0.08918734
17 31 1.9341861
17 9 0.0390291
17 4 0.23825756
17 19 42.857143
18 0 2000.0
18 30 0.7413328
18 8 1.1421828
18 13 125.17396
18 11 5.64076
18 29 1.4007397
18 5 1.0437597
18 2 2.6897526
18 37 2.285713
18 7 2000.0
18 27 19.927588
18 16 1.3135171
18 23 1.2181402
19 31 0.07659232
19 9 0.06470814
19 4 0.07185438
19 17 42.857143
20 30 4.9843802
20 13 1.0321052
20 33 0.98848957
20 11 1.129855
20 29 7.423774
20 5 5.0270333
20 34 1.2189461
20 2 3.7766936
20 14 12.415377
20 37 2.2368276
20 7 54.46262
20 27 2.9714148
20 16 280.3194
20 25 0.7976205
21 26 2000.0
21 32 2000.0
21 24 0.73587143
21 35 0.032556646
21 31 2000.0
21 12 0.128276
21 15 9.912133
22 31 238.09525
22 9 0.050234046
22 19 2000.0
23 0 2000.0
23 30 1.4552944
23 8 1.3640195
23 2 13.7318735
23 37 1.5574298
23 18 1.2181402
23 7 1.1318561
23 16 3.1363637
23 11 2000.0
23 29 1.7500063
23 5 3.152235
24 26 0.03915816
24 32 0.30020788
24 10 0.09852009
24 21 0.73587143
24 12 0.077927165
24 3 163.63637
24 15 2000.0
24 17 0.08918734
25 0 11.590094
25 30 20.733538
25 13 0.23161183
25 33 0.5391135
25 11 0.83842707
25 29 2.5631726
25 34 1.9833095
25 20 0.7976205
25 2 0.4282003
25 14 3.2436218
25 37 70.16124
25 7 2.148024
25 27 0.2896144
25 16 1.6082504
26 32 1203.8069
26 28 0.049425684
26 10 0.029142227
26 24 0.03915816
26 31 0.10885879
26 12 0.86844707
26 17 2.6825633
27 30 0.21054785
27 0 2000.0
27 8 1.194473
27 18 19.927588
27 13 0.37131575
27 33 0.76460266
27 11 0.9429153
27 29 0.8846184
27 5 3.5845718
27 34 1.4364679
27 20 2.9714148
27 2 1.2020192
27 14 9.270143
27 37 0.89123034
27 7 2000.0
27 16 3.9473684
27 25 0.2896144
28 36 0.047725696
28 26 0.049425684
28 10 0.84347516
28 3 16.524052
28 12 1203.8069
28 9 1.524125
28 19 1463.5227
29 0 22.22159
29 30 1.5660815
29 8 1.5092531
29 18 1.4007397
29 13 1.0917258
29 33 9.354976
29 11 1.3116649
29 5 1.7867965
29 34 4.091761
29 20 7.423774
29 2 1.5085976
29 37 1.0696814
29 7 2000.0
29 27 0.8846184
29 16 2281.818
29 23 1.7500063
29 25 2.5631726
30 8 0.42225224
30 18 0.7413328
30 13 52.604073
30 33 2.466657
30 11 0.9408316
30 29 1.5660815
30 5 0.9238577
30 34 0.8254871
30 20 4.9843802
30 2 26.70886
30 14 16.7125
30 37 15.235237
30 7 0.66600055
30 27 0.21054785
30 16 1.3728548
30 23 1.4552944
30 25 20.733538
31 26 0.10885879
31 6 0.1495069
31 10 17.387745
31 35 60.000004
31 22 238.09525
31 9 0.028724011
31 4 0.08953596
31 17 1.9341861
31 19 0.07659232
32 24 0.30020788
32 12 3.781291
32 15 0.08041481
33 30 2.466657
33 8 2000.0
33 13 1.0010872
33 11 1.43451
33 29 9.354976
33 5 2000.0
33 34 2000.0
33 20 0.98848957
33 2 2.2207856
33 14 0.46392226
33 7 2000.0
33 27 0.76460266
33 16 3017.898
33 25 0.5391135
34 30 0.8254871
34 20 1.2189461
34 8 41.329014
34 37 2000.0
34 13 133.33334
34 7 2000.0
34 27 1.4364679
34 16 85.90279
34 11 4.0999703
34 29 4.091761
34 25 1.9833095
34 5 4.515032
35 21 0.032556646
35 31 60.000004
36 28 0.047725696
36 3 0.7378496
36 9 0.7753418
37 30 15.235237
37 0 1.666409
37 8 1.4820726
37 18 2.285713
37 13 1.3494673
37 11 2.1759372
37 29 1.0696814
37 5 11.429064
37 20 2.2368276
37 2 0.83335835
37 7 1456.9886
37 27 0.89123034
37 16 2000.0
37 23 1.5574298
37 25 70.16124
