0 2 0.8749651
0 37 0.9664017
0 13 1.0619278
0 29 54.775795
0 25 13.885228
1 3 0.65053767
1 12 11.522276
2 30 46.577587
2 0 0.8749651
2 8 2.0412068
2 18 1.6649419
2 13 0.36451364
2 33 2.2200806
2 11 1.5574301
2 29 1.2083589
2 20 8.336794
2 37 0.8458198
2 27 0.7594862
2 16 2000.0
2 23 23.012266
2 25 0.8795198
3 36 0.9003247
3 28 4.306682
3 24 2000.0
3 12 0.06819405
3 1 0.65053767
3 9 0.59141415
4 31 0.06974665
4 9 0.08312466
4 17 0.16131726
4 19 0.068722375
5 30 1.0610771
5 8 0.9177839
5 18 1.6036009
5 13 19.002977
5 11 9.240907
5 29 5.1340075
5 34 9.121525
5 20 5.9720592
5 37 7.4805813
5 7 13.0399275
5 27 2.4737363
5 16 1.6451906
5 23 3.2874074
5 25 2000.0
6 31 0.15037139
6 17 1.255593
7 30 0.91439396
7 20 64.43732
7 8 5.7194624
7 16 1.3649405
7 23 1.5173509
7 25 4.7241135
7 5 13.0399275
8 0 2000.0
8 30 0.49371272
8 18 1.3620114
8 13 3.516146
8 11 1.4795774
8 29 0.8701451
8 5 0.9177839
8 34 54.34752
8 2 2.0412068
8 37 1.4435852
8 7 5.7194624
8 27 2.1069453
8 16 2.5726964
8 23 1.3001287
8 25 2000.0
9 36 0.8349479
9 26 2000.0
9 28 3.5717783
9 10 27.045603
9 22 0.087188914
9 31 0.028716533
9 3 0.59141415
9 12 2000.0
9 4 0.08312466
9 17 0.038831968
9 19 0.06395927
10 26 0.030355811
10 28 0.844034
10 24 0.12664141
10 31 29.160316
10 12 1264.2045
10 9 27.045603
10 17 0.0451049
11 0 2000.0
11 30 1.0131792
11 8 1.4795774
11 18 7.004204
11 13 1.2848448
11 33 1.5245217
11 29 0.807548
11 5 9.240907
11 34 6.144785
11 20 1.9268566
11 2 1.5574301
11 37 2.302296
11 7 1643.1818
11 27 0.97586584
11 16 2.554218
11 25 1.2808596
12 26 0.3747274
12 32 4.4037433
12 28 154.27956
12 24 0.06840176
12 21 0.10643408
12 3 0.06819405
12 1 11.522276
12 15 2000.0
13 30 37.508137
13 0 1.0619278
13 8 3.516146
13 18 266.6667
13 33 0.97590226
13 11 1.2848448
13 29 0.8276275
13 5 19.002977
13 34 650.93115
13 20 1.2891514
13 2 0.36451364
13 14 7.038002
13 37 1.0182867
13 7 2000.0
13 27 0.33370405
13 16 41.61389
13 25 0.24654004
14 30 22.636362
14 20 12.276019
14 13 7.038002
14 27 3.1949828
14 33 0.57124925
14 25 1.855293
15 32 0.079022065
15 21 8.73967
16 0 2000.0
16 30 1.0670185
16 8 2.5726964
16 18 1.1450241
16 13 41.61389
16 11 2.554218
16 5 1.6451906
16 34 33.386635
16 20 30.029493
16 7 1.3649405
16 27 1.96247
16 23 2.9480836
16 25 1.6014607
17 6 1.255593
17 26 2.3347902
17 10 0.0451049
17 24 0.10046897
17 31 0.96718305
17 9 0.038831968
17 4 0.16131726
17 19 1774.2045
18 0 2000.0
18 30 0.80109346
18 8 1.3620114
18 13 266.6667
18 11 7.004204
18 29 1.6337019
18 5 1.6036009
18 2 1.6649419
18 37 3.255187
18 7 2000.0
18 27 14.792472
18 16 1.1450241
18 23 1.7232302
19 31 0.10174949
19 9 0.06395927
19 4 0.068722375
20 30 6.5122795
20 13 1.2891514
20 33 1.1594149
20 11 1.9268566
20 29 14.052492
20 5 5.9720592
20 34 1.6332514
20 2 8.336794
20 14 12.276019
20 37 4.2288566
20 7 64.43732
20 27 2.0314133
20 16 30.029493
20 25 1.0646921
21 32 600.0
21 24 0.9031204
21 35 0.04510991
21 31 2000.0
21 12 0.10643408
21 15 8.73967
22 31 150.0
22 9 0.087188914
22 19 2000.0
23 0 2000.0
23 30 1.6115098
23 8 1.3001287
23 2 23.012266
23 37 3.8775778
23 18 1.7232302
23 7 1.5173509
23 16 2.9480836
23 11 2000.0
23 29 1.7187582
23 5 3.2874074
24 26 0.060624953
24 32 0.258762
24 10 0.12664141
24 21 0.9031204
24 12 0.06840176
24 15 2000.0
24 17 0.10046897
25 0 13.885228
25 30 27.518293
25 13 0.24654004
25 33 0.7697798
25 11 1.2808596
25 29 6.6537676
25 34 2.3641307
25 20 1.0646921
25 2 0.8795198
25 14 1.855293
25 37 24.038462
25 7 4.7241135
25 27 0.22683938
25 16 1.6014607
26 32 133.33334
26 28 0.058349255
26 10 0.030355811
26 24 0.060624953
26 31 0.08529159
26 12 0.3747274
26 17 2.3347902
27 30 0.21953914
27 0 2000.0
27 8 2.1069453
27 18 14.792472
27 13 0.33370405
27 33 0.8316159
27 11 0.97586584
27 29 1.1613089
27 5 2.4737363
27 34 0.9839634
27 20 2.0314133
27 2 0.7594862
27 14 3.1949828
27 37 0.92566055
27 7 2000.0
27 16 1.96247
27 25 0.22683938
28 36 0.032291666
28 26 0.058349255
28 10 0.844034
28 3 4.306682
28 12 154.27956
28 9 3.5717783
28 19 1367.8977
29 0 54.775795
29 30 1.913168
29 8 0.8701451
29 18 1.6337019
29 13 0.8276275
29 33 24.430796
29 11 0.807548
29 5 5.1340075
29 34 2.2927504
29 20 14.052492
29 2 1.2083589
29 37 1.5904944
29 7 2000.0
29 27 1.1613089
29 16 2000.0
29 23 1.7187582
29 25 6.6537676
30 8 0.49371272
30 18 0.80109346
30 13 37.508137
30 33 10.360275
30 11 1.0131792
30 29 1.913168
30 5 1.0610771
30 34 1.0892167
30 20 6.5122795
30 2 46.577587
30 14 22.636362
30 37 20.910727
30 7 0.91439396
30 27 0.21953914
30 16 1.0670185
30 23 1.6115098
30 25 27.518293
31 26 0.08529159
31 6 0.15037139
31 10 29.160316
31 35 141.73122
31 22 150.0
31 9 0.028716533
31 4 0.06974665
31 17 0.96718305
31 19 0.10174949
32 26 133.33334
32 24 0.258762
32 21 600.0
32 12 4.4037433
32 15 0.079022065
33 30 10.360275
33 8 2000.0
33 13 0.97590226
33 11 1.5245217
33 29 24.430796
33 34 2000.0
33 20 1.1594149
33 2 2.2200806
33 14 0.57124925
33 7 2000.0
33 27 0.8316159
33 16 3017.898
33 25 0.7697798
34 30 1.0892167
34 20 1.6332514
34 8 54.34752
34 37 2000.0
34 13 650.93115
34 7 2000.0
34 27 0.9839634
34 16 33.386635
34 11 6.144785
34 29 2.2927504
34 25 2.3641307
34 5 9.121525
35 21 0.04510991
35 31 141.73122
36 28 0.032291666
36 3 0.9003247
36 9 0.8349479
37 30 20.910727
37 0 0.9664017
37 8 1.4435852
37 18 3.255187
37 13 1.0182867
37 11 2.302296
37 29 1.5904944
37 5 7.4805813
37 20 4.2288566
37 2 0.8458198
37 7 3894.716
37 27 0.92566055
37 16 2000.0
37 23 3.8775778
37 25 24.038462
