0 8 6.416389
0 2 1.3862555
0 37 0.78891444
0 13 0.71956164
0 11 36.907246
0 25 2000.0
0 29 15.640174
1 3 0.2586794
1 12 1202.159
2 30 63.631126
2 0 1.3862555
2 8 1.8888959
2 18 7.156568
2 13 0.7015068
2 33 2.5640528
2 11 1.9456573
2 29 1.2300097
2 20 3.3203795
2 37 1.2475759
2 27 3.378324
2 23 69.44444
2 25 1.6639794
3 36 0.2050091
3 28 0.1255393
3 24 133.33334
3 12 0.06172665
3 1 0.2586794
3 9 0.22463612
4 31 0.07625836
4 9 0.06510053
4 17 0.085939035
4 19 0.0809276
5 34 2.6106534
5 30 0.86647946
5 20 1.3682585
5 8 0.27637503
5 37 2000.0
5 18 0.45048982
5 7 6.120135
5 27 1.9265933
5 16 1.425011
5 23 10.872109
5 11 2.9038777
5 29 1.629666
6 22 1262.3011
6 31 1.0477537
6 17 1.2061129
7 34 10.893019
7 30 1.320791
7 20 2.6376324
7 8 22.50497
7 37 14.018503
7 27 261.74515
7 16 1.2628157
7 11 7.75609
7 23 1.3061216
7 25 6.512983
7 5 6.120135
8 0 6.416389
8 30 0.59028864
8 18 0.91210824
8 13 1.1688015
8 11 2.8367999
8 29 0.6817675
8 5 0.27637503
8 34 2.7753093
8 2 1.8888959
8 37 2.1976461
8 7 22.50497
8 27 2.8306167
8 16 2.3559964
8 23 0.97624296
9 36 1.0555344
9 26 2000.0
9 28 2.4559593
9 10 4.169632
9 22 0.29324824
9 31 0.030315887
9 3 0.22463612
9 17 0.040716197
9 4 0.06510053
9 19 0.06676994
10 26 0.03190125
10 28 0.26466942
10 24 0.044093806
10 31 0.03135096
10 12 2.0604973
10 9 4.169632
10 17 0.028955987
11 0 36.907246
11 30 0.82971686
11 8 2.8367999
11 18 14.005299
11 13 1.1081473
11 33 1.9994318
11 29 0.9836851
11 5 2.9038777
11 34 3.4012227
11 20 1.5588171
11 2 1.9456573
11 37 2.3003175
11 7 7.75609
11 27 0.7359485
11 16 1.1065052
11 25 1.4788777
12 26 3.9572794
12 28 5.5922847
12 32 0.17929745
12 10 2.0604973
12 24 0.06837112
12 21 0.08383432
12 3 0.06172665
13 30 6.95124
13 0 0.71956164
13 8 1.1688015
13 18 2000.0
13 33 0.80830806
13 11 1.1081473
13 29 0.7659932
13 5 2000.0
13 34 7.6274385
13 20 0.7326345
13 2 0.7015068
13 14 2.624961
13 37 1.9534168
13 27 0.78805786
13 16 77.1337
13 25 0.8269724
14 20 1.4721538
14 13 2.624961
14 33 0.9668604
14 27 2.4305606
14 11 2000.0
14 25 3.5558622
15 32 0.07625835
15 21 4.311057
16 30 1.1594437
16 0 2000.0
16 8 2.3559964
16 18 0.92987573
16 13 77.1337
16 11 1.1065052
16 29 94.79726
16 5 1.425011
16 20 15.713245
16 37 19.535824
16 7 1.2628157
16 27 2.4479508
16 23 11.284656
16 25 1.724906
17 26 1.7368088
17 6 1.2061129
17 10 0.028955987
17 24 0.19039181
17 31 1.2246153
17 9 0.040716197
17 4 0.085939035
17 19 2.3782656
18 30 0.96664774
18 2 7.156568
18 8 0.91210824
18 37 2.5134423
18 7 2000.0
18 27 2.6724043
18 16 0.92987573
18 23 1.1667646
18 11 14.005299
18 29 0.75712633
18 5 0.45048982
19 31 0.1253512
19 9 0.06676994
19 17 2.3782656
19 4 0.0809276
20 30 13.053414
20 13 0.7326345
20 33 1.2500529
20 11 1.5588171
20 29 2.2673786
20 5 1.3682585
20 34 0.82446223
20 2 3.3203795
20 14 1.4721538
20 37 2.959657
20 7 2.6376324
20 27 0.6039621
20 16 15.713245
20 25 0.91666144
21 32 2000.0
21 10 2000.0
21 24 0.0705747
21 35 0.04795507
21 12 0.08383432
21 15 4.311057
22 6 1262.3011
22 31 1677.841
22 9 0.29324824
22 19 1386.4772
23 0 2000.0
23 30 2.8233538
23 2 69.44444
23 8 0.97624296
23 37 3.0136476
23 18 1.1667646
23 7 1.3061216
23 16 11.284656
23 11 2000.0
23 29 5.1445646
23 5 10.872109
24 26 0.051299285
24 32 0.1047657
24 10 0.044093806
24 21 0.0705747
24 31 11.270205
24 12 0.06837112
24 3 133.33334
24 15 2000.0
24 17 0.19039181
25 0 2000.0
25 30 6.758141
25 13 0.8269724
25 33 0.6087336
25 11 1.4788777
25 29 0.51473063
25 34 2.045628
25 20 0.91666144
25 2 1.6639794
25 14 3.5558622
25 37 69.44444
25 7 6.512983
25 27 1.3632225
25 16 1.724906
26 36 362.71027
26 32 27.775358
26 28 0.032840565
26 10 0.03190125
26 24 0.051299285
26 31 0.07428341
26 12 3.9572794
26 17 1.7368088
27 0 2000.0
27 30 0.19651571
27 8 2.8306167
27 18 2.6724043
27 13 0.78805786
27 33 0.9723896
27 11 0.7359485
27 29 0.58503944
27 5 1.9265933
27 34 1.0103471
27 20 0.6039621
27 2 3.378324
27 14 2.4305606
27 37 2.074138
27 7 261.74515
27 16 2.4479508
27 25 1.3632225
28 36 0.03222191
28 26 0.032840565
28 10 0.26466942
28 3 0.1255393
28 12 5.5922847
28 9 2.4559593
29 0 15.640174
29 30 1.970396
29 8 0.6817675
29 18 0.75712633
29 13 0.7659932
29 11 0.9836851
29 5 1.629666
29 34 4.0861993
29 20 2.2673786
29 2 1.2300097
29 37 0.8636329
29 7 2000.0
29 27 0.58503944
29 16 94.79726
29 23 5.1445646
29 25 0.51473063
30 0 2000.0
30 8 0.59028864
30 18 0.96664774
30 13 6.95124
30 33 2.9751878
30 11 0.82971686
30 29 1.970396
30 5 0.86647946
30 34 2.397431
30 20 13.053414
30 2 63.631126
30 14 2000.0
30 37 21.552006
30 7 1.320791
30 27 0.19651571
30 16 1.1594437
30 23 2.8233538
30 25 6.758141
31 26 0.07428341
31 6 1.0477537
31 10 0.03135096
31 24 11.270205
31 9 0.030315887
31 17 1.2246153
31 4 0.07625836
31 19 0.1253512
32 26 27.775358
32 24 0.1047657
32 12 0.17929745
32 15 0.07625835
33 30 2.9751878
33 8 2000.0
33 13 0.80830806
33 11 1.9994318
33 29 1436.875
33 34 2000.0
33 20 1.2500529
33 2 2.5640528
33 14 0.9668604
33 7 2000.0
33 27 0.9723896
33 16 1622.3296
33 25 0.6087336
34 30 2.397431
34 20 0.82446223
34 8 2.7753093
34 7 10.893019
34 13 7.6274385
34 27 1.0103471
34 16 5535.0566
34 11 3.4012227
34 25 2.045628
34 29 4.0861993
34 5 2.6106534
35 21 0.04795507
36 26 362.71027
36 28 0.03222191
36 3 0.2050091
36 9 1.0555344
37 30 21.552006
37 0 0.78891444
37 8 2.1976461
37 18 2.5134423
37 13 1.9534168
37 11 2.3003175
37 29 0.8636329
37 20 2.959657
37 2 1.2475759
37 7 14.018503
37 27 2.074138
37 16 19.535824
37 23 3.0136476
37 25 69.44444
