0 8 10.974118
0 2 1.6351653
0 37 0.7773955
0 13 0.98627305
0 11 36.86621
0 29 14.455446
1 3 0.58614373
1 12 1213.5796
2 30 10.506892
2 0 1.6351653
2 8 1.1351064
2 18 20.572477
2 13 0.33819005
2 33 1.6075222
2 11 1.0026858
2 29 0.81346947
2 20 4.137635
2 37 0.896386
2 27 0.55493575
2 16 2000.0
2 23 16.522411
2 25 2.2472835
3 36 0.19913854
3 28 0.12772337
3 24 69.44444
3 12 0.070452705
3 1 0.58614373
3 9 0.33557603
4 31 0.07114292
4 9 0.07845645
4 17 0.07483662
4 19 0.09950633
5 30 0.6419841
5 8 0.994084
5 18 0.84738576
5 13 2000.0
5 11 1.292769
5 29 3.2507615
5 34 2.3100972
5 20 1.3244078
5 37 2000.0
5 7 5.436854
5 27 1.9017906
5 16 1.1290845
5 23 4.9590483
6 31 1.263316
6 17 1.2912557
7 34 14.924729
7 30 0.7533684
7 20 1.8638258
7 8 19.889801
7 37 13.671508
7 27 28.571428
7 16 1.4269938
7 11 6.865004
7 23 1.006134
7 25 7.973947
7 5 5.436854
8 0 10.974118
8 30 0.5548311
8 18 1.0243336
8 13 2.416549
8 11 0.55942774
8 29 0.5472869
8 5 0.994084
8 34 3.943351
8 2 1.1351064
8 37 0.7807728
8 7 19.889801
8 27 0.9299218
8 16 1.3660921
8 23 1.1041776
9 36 1.189787
9 26 2000.0
9 28 0.9011636
9 10 5.2303424
9 22 0.32711577
9 31 0.032729644
9 3 0.33557603
9 12 2000.0
9 17 0.061156966
9 4 0.07845645
9 19 0.0670014
10 26 0.03475795
10 28 0.18846802
10 24 0.08461922
10 31 0.029122107
10 12 4.7067413
10 9 5.2303424
10 17 0.030555557
11 0 36.86621
11 30 0.47526312
11 8 0.55942774
11 18 7.248335
11 13 0.6826495
11 33 1.9554414
11 29 0.75205123
11 5 1.292769
11 34 1.6421208
11 20 0.80799353
11 2 1.0026858
11 37 1.2161542
11 7 6.865004
11 27 0.548717
11 16 0.7774905
11 25 0.75097066
12 26 1.3242227
12 28 6.0229597
12 32 0.34942713
12 10 4.7067413
12 24 0.0757487
12 21 0.07799183
12 3 0.070452705
13 30 0.6783747
13 0 0.98627305
13 8 2.416549
13 18 1250.0
13 33 0.87590784
13 11 0.6826495
13 29 0.68535846
13 34 7.0600595
13 20 0.7187473
13 2 0.33819005
13 14 3.6044185
13 37 1.579292
13 27 0.21084361
13 16 162.55823
13 25 0.49119598
14 20 0.90738636
14 13 3.6044185
14 33 0.47306538
14 27 2.8075018
14 11 2000.0
14 25 1.4694699
15 32 0.07023702
15 21 3.6368394
16 30 1.05052
16 0 2000.0
16 8 1.3660921
16 18 0.9917385
16 13 162.55823
16 11 0.7774905
16 29 38.608276
16 5 1.1290845
16 20 19.196964
16 37 88.28126
16 7 1.4269938
16 27 1.3382831
16 23 16.833233
16 25 1.4641515
17 26 1.9045147
17 6 1.2912557
17 10 0.030555557
17 24 0.23083255
17 31 1.2710465
17 9 0.061156966
17 4 0.07483662
17 19 1.8367205
18 30 0.6453732
18 2 20.572477
18 8 1.0243336
18 37 0.98074394
18 13 1250.0
18 7 2000.0
18 27 3.3210883
18 16 0.9917385
18 23 1.4581238
18 11 7.248335
18 29 1.0351055
18 5 0.84738576
19 31 0.061559908
19 9 0.0670014
19 17 1.8367205
19 4 0.09950633
20 30 10.391171
20 13 0.7187473
20 33 1.0222157
20 11 0.80799353
20 29 1.909398
20 5 1.3244078
20 34 0.8170056
20 2 4.137635
20 14 0.90738636
20 37 8.142629
20 7 1.8638258
20 27 0.47599548
20 16 19.196964
20 25 0.44961813
21 32 2000.0
21 10 2000.0
21 24 0.14820574
21 35 0.052806474
21 12 0.07799183
21 15 3.6368394
22 6 1685.8523
22 31 160.0
22 9 0.32711577
22 19 1289.6592
23 0 2000.0
23 30 0.9437994
23 2 16.522411
23 8 1.1041776
23 37 1.497822
23 18 1.4581238
23 7 1.006134
23 16 16.833233
23 11 2000.0
23 29 2.4018512
23 5 4.9590483
24 26 0.054986347
24 32 0.1136098
24 10 0.08461922
24 21 0.14820574
24 31 17.906876
24 12 0.0757487
24 3 69.44444
24 15 2000.0
24 17 0.23083255
25 30 0.9869691
25 0 2000.0
25 13 0.49119598
25 33 0.46961674
25 11 0.75097066
25 29 1.8687387
25 34 1.1347297
25 20 0.44961813
25 2 2.2472835
25 14 1.4694699
25 37 45.000004
25 7 7.973947
25 27 0.5641348
25 16 1.4641515
26 32 93.351494
26 28 0.033838518
26 10 0.03475795
26 24 0.054986347
26 31 0.05691786
26 12 1.3242227
26 17 1.9045147
27 0 2000.0
27 30 0.1576437
27 8 0.9299218
27 18 3.3210883
27 13 0.21084361
27 33 0.88098085
27 11 0.548717
27 29 0.5420986
27 5 1.9017906
27 34 1.4896278
27 20 0.47599548
27 2 0.55493575
27 14 2.8075018
27 37 0.9150576
27 7 28.571428
27 16 1.3382831
27 25 0.5641348
28 36 0.031983137
28 26 0.033838518
28 10 0.18846802
28 3 0.12772337
28 12 6.0229597
28 9 0.9011636
29 0 14.455446
29 30 2.1902056
29 8 0.5472869
29 18 1.0351055
29 13 0.68535846
29 11 0.75205123
29 5 3.2507615
29 34 4.0678306
29 20 1.909398
29 2 0.81346947
29 37 1.0050671
29 7 2000.0
29 27 0.5420986
29 16 38.608276
29 23 2.4018512
29 25 1.8687387
30 0 2000.0
30 8 0.5548311
30 18 0.6453732
30 13 0.6783747
30 33 1.6139988
30 11 0.47526312
30 29 2.1902056
30 5 0.6419841
30 34 1.2343204
30 20 10.391171
30 2 10.506892
30 14 2000.0
30 37 5.6660914
30 7 0.7533684
30 27 0.1576437
30 16 1.05052
30 23 0.9437994
30 25 0.9869691
31 26 0.05691786
31 6 1.263316
31 10 0.029122107
31 24 17.906876
31 22 160.0
31 9 0.032729644
31 17 1.2710465
31 4 0.07114292
31 19 0.061559908
32 26 93.351494
32 24 0.1136098
32 12 0.34942713
32 15 0.07023702
33 30 1.6139988
33 8 2000.0
33 13 0.87590784
33 11 1.9554414
33 29 4032.443
33 5 2000.0
33 34 2000.0
33 20 1.0222157
33 2 1.6075222
33 14 0.47306538
33 7 2000.0
33 27 0.88098085
33 16 1998.8635
33 25 0.46961674
34 30 1.2343204
34 20 0.8170056
34 8 3.943351
34 7 14.924729
34 13 7.0600595
34 27 1.4896278
34 16 5535.0566
34 11 1.6421208
34 25 1.1347297
34 29 4.0678306
34 5 2.3100972
35 21 0.052806474
36 26 1602.5569
36 28 0.031983137
36 3 0.19913854
36 9 1.189787
37 30 5.6660914
37 0 0.7773955
37 8 0.7807728
37 18 0.98074394
37 13 1.579292
37 11 1.2161542
37 29 1.0050671
37 20 8.142629
37 2 0.896386
37 7 13.671508
37 27 0.9150576
37 16 88.28126
37 23 1.497822
37 25 45.000004
