0 8 8.325756
0 2 0.44638202
0 37 1.5319806
0 13 0.49133855
0 11 266.6667
0 29 5.2047305
1 3 0.27234808
1 12 23.53504
2 0 0.44638202
2 30 9.924039
2 8 2.4824073
2 18 25.701977
2 13 1.4914244
2 33 1.3075169
2 11 5.917877
2 29 1.8234347
2 20 1.827174
2 37 2.3987927
2 27 1.4283632
2 16 2000.0
2 23 48.82414
2 25 3.1427202
3 36 1.8354926
3 28 0.09500244
3 24 225.00002
3 12 0.08913353
3 1 0.27234808
3 9 0.6806259
4 31 0.07231759
4 9 0.07418374
4 17 0.09007603
4 19 0.080813654
5 34 18.075249
5 30 0.8013752
5 20 5.503996
5 8 1.4244862
5 37 2000.0
5 18 1.1946245
5 7 15.575189
5 27 2.7904649
5 16 1.8762753
5 11 2.9847493
5 23 8.901884
5 29 8.885966
6 31 1.2690476
6 17 0.41678122
7 34 16.532972
7 30 1.5552495
7 20 2.8737142
7 8 68.44803
7 37 12.014678
7 27 234.5698
7 16 1.2079664
7 11 120.22037
7 23 1.4176129
7 25 14.115443
7 5 15.575189
8 0 8.325756
8 30 0.7715705
8 18 1.3958967
8 13 11.928588
8 11 3.093099
8 29 0.9931662
8 5 1.4244862
8 34 3.9827921
8 2 2.4824073
8 37 2.823029
8 7 68.44803
8 27 6.1125703
8 16 2.7591524
8 23 1.453764
9 36 3.0634334
9 26 2000.0
9 28 7.113637
9 10 5.4864717
9 22 0.2800533
9 31 0.030609446
9 3 0.6806259
9 17 0.32825804
9 4 0.07418374
9 19 0.067704074
10 26 0.052091982
10 28 1.6723061
10 24 0.14352506
10 31 0.030527718
10 12 7.100384
10 9 5.4864717
10 17 0.040833965
11 0 266.6667
11 30 2.1397638
11 8 3.093099
11 18 12.941772
11 13 1.7462821
11 33 2.929768
11 29 1.8441309
11 5 2.9847493
11 34 6.6185985
11 20 6.470067
11 2 5.917877
11 37 2.559921
11 7 120.22037
11 27 1.0468191
11 16 1.817803
11 25 2.9122844
12 26 0.38406956
12 28 6.443893
12 32 0.20522435
12 10 7.100384
12 24 0.06647197
12 21 0.05361427
12 3 0.08913353
12 1 23.53504
13 0 0.49133855
13 30 16.455854
13 8 11.928588
13 18 533.3334
13 33 1.866788
13 11 1.7462821
13 29 5.647111
13 5 2000.0
13 34 31.504885
13 20 0.6745126
13 2 1.4914244
13 14 5.493932
13 37 9.555379
13 27 0.17985685
13 16 465.0625
13 25 1.2475379
14 20 1.824912
14 13 5.493932
14 33 0.59826773
14 27 3.0818846
14 11 2000.0
14 25 1.8759722
15 32 0.07112689
15 21 14.24214
16 30 1.1995277
16 8 2.7591524
16 18 1.33259
16 13 465.0625
16 11 1.817803
16 29 2000.0
16 5 1.8762753
16 20 16.068611
16 37 870.36255
16 7 1.2079664
16 27 1.8796862
16 23 6.409396
16 25 1.4058397
17 26 1.7718891
17 6 0.41678122
17 10 0.040833965
17 24 0.24557297
17 31 1.2184544
17 9 0.32825804
17 4 0.09007603
17 19 3.4599497
18 30 1.0571233
18 2 25.701977
18 8 1.3958967
18 37 3.930985
18 13 533.3334
18 7 2000.0
18 27 25.343952
18 16 1.33259
18 23 2.0823183
18 11 12.941772
18 29 2.4216814
18 5 1.1946245
19 31 0.067006655
19 9 0.067704074
19 17 3.4599497
19 4 0.080813654
20 0 2000.0
20 30 15.60271
20 13 0.6745126
20 33 3.426454
20 11 6.470067
20 29 4.107984
20 5 5.503996
20 34 1.0944965
20 2 1.827174
20 14 1.824912
20 37 9.732669
20 7 2.8737142
20 27 0.33830464
20 16 16.068611
20 25 1.0305651
21 32 2000.0
21 10 2000.0
21 24 0.048857376
21 35 0.041088898
21 12 0.05361427
21 15 14.24214
22 6 1485.625
22 31 2000.0
22 9 0.2800533
22 19 2000.0
23 0 2000.0
23 30 3.721626
23 2 48.82414
23 8 1.453764
23 37 8.826645
23 18 2.0823183
23 7 1.4176129
23 16 6.409396
23 11 2000.0
23 29 2.4023874
23 5 8.901884
24 26 0.12988833
24 32 0.124279626
24 10 0.14352506
24 21 0.048857376
24 31 10.547441
24 3 225.00002
24 12 0.06647197
24 15 2000.0
24 17 0.24557297
25 30 15.208668
25 13 1.2475379
25 33 1.0356662
25 11 2.9122844
25 29 4.0083303
25 34 7.581336
25 20 1.0305651
25 2 3.1427202
25 14 1.8759722
25 37 28.395338
25 7 14.115443
25 27 2.1241522
25 16 1.4058397
26 32 26.577038
26 28 0.05194463
26 10 0.052091982
26 24 0.12988833
26 31 0.07346118
26 12 0.38406956
26 17 1.7718891
27 0 2000.0
27 30 0.5966987
27 8 6.1125703
27 18 25.343952
27 13 0.17985685
27 33 1.558311
27 11 1.0468191
27 29 0.68758523
27 5 2.7904649
27 34 1.8516849
27 20 0.33830464
27 2 1.4283632
27 14 3.0818846
27 37 4.7439337
27 7 234.5698
27 16 1.8796862
27 25 2.1241522
28 36 0.050066024
28 26 0.05194463
28 10 1.6723061
28 3 0.09500244
28 12 6.443893
28 9 7.113637
29 0 5.2047305
29 30 5.0373926
29 8 0.9931662
29 18 2.4216814
29 13 5.647111
29 11 1.8441309
29 5 8.885966
29 34 6.1878195
29 20 4.107984
29 2 1.8234347
29 37 1.3923863
29 7 2000.0
29 27 0.68758523
29 23 2.4023874
29 25 4.0083303
30 0 2000.0
30 8 0.7715705
30 18 1.0571233
30 13 16.455854
30 33 2.6262386
30 11 2.1397638
30 29 5.0373926
30 5 0.8013752
30 34 9.142158
30 20 15.60271
30 2 9.924039
30 37 13.169122
30 7 1.5552495
30 27 0.5966987
30 16 1.1995277
30 23 3.721626
30 25 15.208668
31 26 0.07346118
31 6 1.2690476
31 10 0.030527718
31 24 10.547441
31 9 0.030609446
31 17 1.2184544
31 4 0.07231759
31 19 0.067006655
32 26 26.577038
32 24 0.124279626
32 12 0.20522435
32 15 0.07112689
33 30 2.6262386
33 13 1.866788
33 11 2.929768
33 29 2000.0
33 5 2000.0
33 34 2000.0
33 20 3.426454
33 2 1.3075169
33 14 0.59826773
33 7 2000.0
33 27 1.558311
33 16 2000.0
33 25 1.0356662
34 30 9.142158
34 20 1.0944965
34 8 3.9827921
34 7 16.532972
34 13 31.504885
34 27 1.8516849
34 16 2000.0
34 11 6.6185985
34 25 7.581336
34 29 6.1878195
34 5 18.075249
35 21 0.041088898
36 26 2000.0
36 28 0.050066024
36 3 1.8354926
36 9 3.0634334
37 0 1.5319806
37 30 13.169122
37 8 2.823029
37 18 3.930985
37 13 9.555379
37 11 2.559921
37 29 1.3923863
37 20 9.732669
37 2 2.3987927
37 7 12.014678
37 27 4.7439337
37 16 870.36255
37 23 8.826645
37 25 28.395338
