0 2 0.9945227
0 37 1.8900124
0 13 0.7478278
0 29 48.99795
0 25 13.571981
1 3 0.5136769
1 12 33.905926
2 30 12.62977
2 0 0.9945227
2 8 1.9360482
2 18 2.2349355
2 13 0.9986587
2 33 1.8602738
2 11 1.6040063
2 29 1.5291047
2 20 2.4154327
2 37 1.3159821
2 27 1.0422475
2 16 2000.0
2 23 5.348913
2 25 0.546875
3 36 0.44396102
3 28 8.534666
3 24 2000.0
3 12 0.10363849
3 1 0.5136769
3 9 0.5483151
4 31 0.06351243
4 9 0.09130421
4 17 0.13714841
4 19 0.07406038
5 30 0.665805
5 8 0.4834055
5 18 0.74871165
5 13 76.35734
5 11 2.3279736
5 29 2.7689097
5 34 2.346757
5 20 2.8491335
5 37 8.689907
5 7 14.541859
5 27 2.7524042
5 16 1.4561974
5 23 2.1007617
5 25 2000.0
6 31 0.15684342
6 17 1.6292396
7 34 160.0
7 30 0.79587847
7 20 39.036823
7 8 6.209873
7 16 1.1657846
7 23 1.4382305
7 11 305.27133
7 29 2000.0
7 25 2.6367836
7 5 14.541859
8 0 2000.0
8 30 0.39844796
8 18 1.2370418
8 13 1.2515618
8 11 0.86778957
8 29 0.33392596
8 5 0.4834055
8 34 31.47462
8 2 1.9360482
8 37 0.9516374
8 7 6.209873
8 27 0.9818787
8 16 1.414422
8 23 0.8966973
8 25 2000.0
9 36 0.43342128
9 26 2000.0
9 28 0.80401075
9 10 66.93367
9 22 0.04838299
9 31 0.029213177
9 12 2000.0
9 3 0.5483151
9 4 0.09130421
9 17 0.039986055
9 19 0.068722375
10 26 0.033532046
10 28 0.4228636
10 24 0.080015294
10 31 38.095238
10 12 1761.7046
10 9 66.93367
10 17 0.04849249
11 0 2000.0
11 30 0.76744086
11 8 0.86778957
11 18 5.903718
11 13 1.1244097
11 33 1.7265321
11 29 1.0041013
11 5 2.3279736
11 34 2.044504
11 20 1.3656539
11 2 1.6040063
11 37 1.9923668
11 7 305.27133
11 27 0.6627526
11 16 1.2697634
11 25 0.8022475
12 26 0.442793
12 32 6.584969
12 24 0.07706015
12 21 0.1283068
12 3 0.10363849
12 1 33.905926
13 30 74.90736
13 0 0.7478278
13 8 1.2515618
13 18 173.1757
13 33 1.093005
13 11 1.1244097
13 29 1.7746259
13 5 76.35734
13 34 398.2605
13 20 1.1047988
13 2 0.9986587
13 14 3.2858956
13 37 2.6712549
13 7 2000.0
13 27 0.27546158
13 16 87.76123
13 25 0.27791202
14 30 2.9779286
14 20 3.2674901
14 13 3.2858956
14 27 2.2994568
14 33 0.32683325
14 11 2000.0
14 25 2.7363274
15 32 0.06887831
15 21 9.882183
16 0 2000.0
16 30 1.2707939
16 8 1.414422
16 18 1.5114802
16 13 87.76123
16 11 1.2697634
16 5 1.4561974
16 34 228.55843
16 20 28.429813
16 7 1.1657846
16 27 1.7689476
16 23 2.7414238
16 25 1.8326195
17 6 1.6292396
17 26 1.7018054
17 10 0.04849249
17 24 0.12146933
17 31 1.383196
17 9 0.039986055
17 4 0.13714841
17 19 160.0
18 0 2000.0
18 30 0.5914309
18 8 1.2370418
18 13 173.1757
18 11 5.903718
18 29 0.80263114
18 5 0.74871165
18 2 2.2349355
18 37 2.0323884
18 7 2000.0
18 27 17.34403
18 16 1.5114802
18 23 1.3653145
19 31 0.08389085
19 9 0.068722375
19 17 160.0
19 4 0.07406038
20 0 2000.0
20 30 1.2132154
20 13 1.1047988
20 33 1.0706394
20 11 1.3656539
20 29 7.9326143
20 5 2.8491335
20 34 0.8785267
20 2 2.4154327
20 14 3.2674901
20 37 3.937315
20 7 39.036823
20 27 0.9389421
20 16 28.429813
20 25 0.59055084
21 26 2000.0
21 32 2000.0
21 24 0.4902888
21 35 0.030620525
21 12 0.1283068
21 15 9.882183
22 31 1545.6819
22 9 0.04838299
22 19 2000.0
23 0 2000.0
23 30 1.6521465
23 8 0.8966973
23 2 5.348913
23 37 2.1317396
23 18 1.3653145
23 7 1.4382305
23 16 2.7414238
23 11 2000.0
23 29 1.3201629
23 5 2.1007617
24 26 0.04573398
24 32 0.28203285
24 10 0.080015294
24 21 0.4902888
24 12 0.07706015
24 3 2000.0
24 17 0.12146933
25 0 13.571981
25 30 17.871347
25 13 0.27791202
25 33 0.5291408
25 11 0.8022475
25 29 2.6283493
25 34 0.7714425
25 20 0.59055084
25 2 0.546875
25 14 2.7363274
25 37 25.789476
25 7 2.6367836
25 27 0.22490941
25 16 1.8326195
26 32 23.828564
26 28 0.06477273
26 10 0.033532046
26 24 0.04573398
26 31 0.12152073
26 12 0.442793
26 17 1.7018054
27 30 0.62564063
27 0 2000.0
27 8 0.9818787
27 18 17.34403
27 13 0.27546158
27 33 0.94881713
27 11 0.6627526
27 29 0.79952127
27 5 2.7524042
27 34 0.80819654
27 20 0.9389421
27 2 1.0422475
27 14 2.2994568
27 37 1.2260695
27 7 3010.4546
27 16 1.7689476
27 25 0.22490941
28 36 0.05239382
28 26 0.06477273
28 10 0.4228636
28 3 8.534666
28 12 1686.1932
28 9 0.80401075
28 19 1360.7386
29 0 48.99795
29 30 1.1883731
29 8 0.33392596
29 18 0.80263114
29 13 1.7746259
29 33 12.120353
29 11 1.0041013
29 5 2.7689097
29 34 5.230375
29 20 7.9326143
29 2 1.5291047
29 37 0.9326774
29 7 2000.0
29 27 0.79952127
29 16 2000.0
29 23 1.3201629
29 25 2.6283493
30 8 0.39844796
30 18 0.5914309
30 13 74.90736
30 33 4.631135
30 11 0.76744086
30 29 1.1883731
30 5 0.665805
30 34 0.8079535
30 20 1.2132154
30 2 12.62977
30 14 2.9779286
30 37 14.221366
30 7 0.79587847
30 27 0.62564063
30 16 1.2707939
30 23 1.6521465
30 25 17.871347
31 26 0.12152073
31 6 0.15684342
31 10 38.095238
31 35 71.581825
31 9 0.029213177
31 4 0.06351243
31 17 1.383196
31 19 0.08389085
32 26 23.828564
32 24 0.28203285
32 12 6.584969
32 15 0.06887831
33 30 4.631135
33 8 2000.0
33 13 1.093005
33 11 1.7265321
33 29 12.120353
33 5 2000.0
33 34 2000.0
33 20 1.0706394
33 2 1.8602738
33 14 0.32683325
33 7 2000.0
33 27 0.94881713
33 16 3017.898
33 25 0.5291408
34 30 0.8079535
34 20 0.8785267
34 8 31.47462
34 37 2000.0
34 7 160.0
34 13 398.2605
34 27 0.80819654
34 16 228.55843
34 11 2.044504
34 29 5.230375
34 25 0.7714425
34 5 2.346757
35 21 0.030620525
35 31 71.581825
36 28 0.05239382
36 3 0.44396102
36 9 0.43342128
37 30 14.221366
37 0 1.8900124
37 8 0.9516374
37 18 2.0323884
37 13 2.6712549
37 11 1.9923668
37 29 0.9326774
37 5 8.689907
37 20 3.937315
37 2 1.3159821
37 7 2620.625
37 27 1.2260695
37 16 2000.0
37 23 2.1317396
37 25 25.789476
