0 8 19.959494
0 2 1.323902
0 37 0.879029
0 13 0.9589772
0 11 64.27137
0 29 10.526316
1 3 0.22660662
1 12 35.473545
2 30 29.481606
2 0 1.323902
2 8 2.7282543
2 18 31.48601
2 13 0.6951359
2 33 3.7476099
2 11 2.020909
2 29 1.6537471
2 20 1.9931097
2 37 1.4001961
2 27 1.6506548
2 23 15.411721
2 25 3.271932
3 36 0.27156287
3 28 0.07991373
3 24 93.333336
3 12 0.06878535
3 1 0.22660662
3 9 0.8799131
4 31 0.086180665
4 9 0.071647726
4 17 0.120786816
4 19 0.08343349
5 34 1.1372435
5 30 1.4380299
5 20 2.5903604
5 8 0.74750704
5 37 2000.0
5 18 0.3162422
5 7 7.6879272
5 27 2.5502849
5 16 1.4777907
5 23 6.0124426
5 11 5.5921426
5 29 4.5752544
6 31 0.55517584
6 17 1.2737603
7 34 4.8627324
7 30 1.3832542
7 20 2.7238078
7 8 38.48701
7 37 30.444176
7 27 190.34195
7 16 1.5914024
7 11 16.38217
7 23 1.9018157
7 25 6.1225276
7 5 7.6879272
8 0 19.959494
8 30 1.5271765
8 18 1.1222146
8 13 3.4947147
8 11 2.6444142
8 29 0.436017
8 5 0.74750704
8 34 3.4735813
8 2 2.7282543
8 37 0.98620206
8 7 38.48701
8 27 1.9176244
8 16 1.6930876
8 23 1.1087501
9 36 1.331858
9 26 2000.0
9 28 6.689915
9 10 21.534384
9 22 0.55451894
9 31 0.037306685
9 3 0.8799131
9 17 0.04269832
9 4 0.071647726
9 19 0.0733288
10 26 0.041608583
10 28 0.19909088
10 24 0.044446476
10 31 0.052921895
10 12 1.0866514
10 9 21.534384
10 17 0.03046561
11 0 64.27137
11 30 1.5665197
11 8 2.6444142
11 18 5.5085325
11 13 1.5268044
11 33 1.9850876
11 29 1.4725144
11 5 5.5921426
11 34 3.0527153
11 20 1.5324606
11 2 2.020909
11 37 1.5547447
11 7 16.38217
11 27 2.2237842
11 16 1.4269965
11 25 1.5763656
12 26 9.044713
12 28 2.9019103
12 32 0.1622159
12 10 1.0866514
12 24 0.08006002
12 21 0.0669754
12 3 0.06878535
12 1 35.473545
13 30 7.0429783
13 0 0.9589772
13 8 3.4947147
13 18 600.0
13 33 0.95043147
13 11 1.5268044
13 29 1.0354323
13 5 2000.0
13 34 10.949302
13 20 0.5829232
13 2 0.6951359
13 14 3.539557
13 37 4.155384
13 27 0.9397846
13 16 298.5045
13 25 0.6991432
14 20 5.909546
14 13 3.539557
14 27 10.62555
14 33 0.44531482
14 11 2000.0
14 25 5.194797
15 32 0.0815676
15 21 7.623336
16 30 1.1145259
16 0 2000.0
16 8 1.6930876
16 18 0.92596805
16 11 1.4269965
16 29 16.77072
16 5 1.4777907
16 20 13.450536
16 37 27.153316
16 7 1.5914024
16 27 1.4937375
16 23 7.402476
16 25 3.1819334
17 26 1.5554774
17 6 1.2737603
17 10 0.03046561
17 24 0.21855898
17 31 1.2285787
17 9 0.04269832
17 4 0.120786816
17 19 3.1341884
18 30 0.6522244
18 2 31.48601
18 8 1.1222146
18 37 1.0505382
18 13 600.0
18 7 2000.0
18 27 4.038809
18 16 0.92596805
18 23 1.8358314
18 11 5.5085325
18 29 1.2668743
18 5 0.3162422
19 31 0.0802245
19 9 0.0733288
19 17 3.1341884
19 4 0.08343349
20 30 18.062347
20 13 0.5829232
20 33 1.5487889
20 11 1.5324606
20 29 3.738768
20 5 2.5903604
20 34 0.79177123
20 2 1.9931097
20 14 5.909546
20 37 1.839732
20 7 2.7238078
20 27 0.365188
20 16 13.450536
20 25 0.5118767
21 32 1250.0
21 24 0.18482015
21 35 0.03875146
21 12 0.0669754
21 15 7.623336
22 6 1529.2045
22 31 65.72727
22 9 0.55451894
22 19 1377.7842
23 30 1.2434176
23 0 2000.0
23 2 15.411721
23 8 1.1087501
23 37 2.2617857
23 18 1.8358314
23 7 1.9018157
23 16 7.402476
23 11 2000.0
23 29 0.8613628
23 5 6.0124426
24 26 0.05243865
24 32 0.10511518
24 28 2000.0
24 10 0.044446476
24 21 0.18482015
24 31 10.727632
24 12 0.08006002
24 3 93.333336
24 15 2000.0
24 17 0.21855898
25 30 6.5879292
25 13 0.6991432
25 33 0.5117562
25 11 1.5763656
25 29 3.5231311
25 34 3.2878141
25 20 0.5118767
25 2 3.271932
25 14 5.194797
25 37 41.14286
25 7 6.1225276
25 27 1.1386153
25 16 3.1819334
26 32 118.42111
26 28 0.09661891
26 10 0.041608583
26 24 0.05243865
26 31 0.08073199
26 12 9.044713
26 17 1.5554774
27 0 2000.0
27 30 0.24678719
27 8 1.9176244
27 18 4.038809
27 13 0.9397846
27 33 1.6003702
27 11 2.2237842
27 29 0.37035206
27 5 2.5502849
27 34 0.8529083
27 20 0.365188
27 2 1.6506548
27 14 10.62555
27 37 0.9851173
27 7 190.34195
27 16 1.4937375
27 25 1.1386153
28 36 0.040536515
28 26 0.09661891
28 10 0.19909088
28 3 0.07991373
28 12 2.9019103
28 9 6.689915
29 0 10.526316
29 30 5.5455174
29 8 0.436017
29 18 1.2668743
29 13 1.0354323
29 11 1.4725144
29 5 4.5752544
29 34 4.929773
29 20 3.738768
29 2 1.6537471
29 37 1.1309099
29 27 0.37035206
29 16 16.77072
29 23 0.8613628
29 25 3.5231311
30 0 2000.0
30 8 1.5271765
30 18 0.6522244
30 13 7.0429783
30 33 1.988959
30 11 1.5665197
30 29 5.5455174
30 5 1.4380299
30 34 1.1362692
30 20 18.062347
30 2 29.481606
30 37 18.610167
30 7 1.3832542
30 27 0.24678719
30 16 1.1145259
30 23 1.2434176
30 25 6.5879292
31 26 0.08073199
31 6 0.55517584
31 10 0.052921895
31 24 10.727632
31 22 65.72727
31 9 0.037306685
31 17 1.2285787
31 4 0.086180665
31 19 0.0802245
32 26 118.42111
32 24 0.10511518
32 21 1250.0
32 12 0.1622159
32 15 0.0815676
33 34 2000.0
33 30 1.988959
33 20 1.5487889
33 2 3.7476099
33 14 0.44531482
33 7 2000.0
33 13 0.95043147
33 27 1.6003702
33 16 2226.3638
33 11 1.9850876
33 29 1836.5342
33 25 0.5117562
34 30 1.1362692
34 20 0.79177123
34 8 3.4735813
34 13 10.949302
34 7 4.8627324
34 27 0.8529083
34 16 1215.0568
34 11 3.0527153
34 25 3.2878141
34 29 4.929773
34 5 1.1372435
35 21 0.03875146
36 26 1196.4773
36 28 0.040536515
36 3 0.27156287
36 9 1.331858
37 30 18.610167
37 0 0.879029
37 8 0.98620206
37 18 1.0505382
37 13 4.155384
37 11 1.5547447
37 29 1.1309099
37 20 1.839732
37 2 1.4001961
37 7 30.444176
37 27 0.9851173
37 16 27.153316
37 23 2.2617857
37 25 41.14286
