0 2 1.0228456
0 37 2.2842762
0 13 0.87878036
0 29 14.55015
0 25 9.309303
1 3 0.97820604
1 12 1156.2217
2 30 11.969894
2 0 1.0228456
2 8 1.4552088
2 18 4.553074
2 13 0.6293338
2 33 2.1204424
2 11 1.782061
2 29 1.1707994
2 20 2.8173344
2 37 0.9077494
2 27 1.7593225
2 16 2000.0
2 23 7.563056
2 25 0.6274375
3 36 0.2850837
3 28 3.6199167
3 24 2000.0
3 12 0.07761947
3 1 0.97820604
3 9 0.90890765
4 31 0.070221685
4 9 0.07704792
4 17 0.12814239
4 19 0.10186542
5 30 0.5441878
5 8 0.39716876
5 18 0.559244
5 13 47.143593
5 11 4.3510995
5 29 1.7332957
5 34 1.8198769
5 20 1.4862895
5 37 6.691233
5 7 10.470772
5 27 1.3733143
5 16 1.3340478
5 23 1.4097593
5 25 2000.0
6 31 0.14179075
6 17 1.8646579
7 30 0.5637691
7 20 48.203735
7 8 3.5262382
7 16 1.0439746
7 23 1.1435606
7 11 68.59295
7 25 2.0976048
7 5 10.470772
8 0 2000.0
8 30 0.49073863
8 18 1.24376
8 13 1.708378
8 11 1.1649832
8 29 0.3179545
8 5 0.39716876
8 34 27.038082
8 2 1.4552088
8 37 0.97261363
8 7 3.5262382
8 27 0.9210089
8 16 1.5347692
8 23 0.7902537
8 25 2000.0
9 36 0.3771856
9 26 2000.0
9 28 1.234436
9 10 13.73536
9 22 0.0653815
9 31 0.031669155
9 12 2000.0
9 3 0.90890765
9 4 0.07704792
9 17 0.03697034
9 19 0.08357862
10 26 0.044802535
10 28 0.52424246
10 24 0.1476388
10 31 12.942449
10 12 1355.284
10 9 13.73536
10 17 0.03155817
11 0 2000.0
11 30 0.85846716
11 8 1.1649832
11 18 12.122638
11 13 1.2690912
11 33 2.4025674
11 29 1.7075038
11 5 4.3510995
11 34 2.6323621
11 20 1.3726292
11 2 1.782061
11 37 1.7931824
11 7 68.59295
11 27 0.7117433
11 16 0.96230626
11 25 0.95239663
12 26 0.9408574
12 32 6.7895145
12 24 0.07520807
12 21 0.159414
12 3 0.07761947
13 30 103.24325
13 0 0.87878036
13 8 1.708378
13 18 1701.1364
13 33 0.932638
13 11 1.2690912
13 29 0.8090392
13 5 47.143593
13 34 66.18507
13 20 1.2128671
13 2 0.6293338
13 14 9.289303
13 37 0.9267385
13 7 2000.0
13 27 0.282409
13 16 53.05067
13 25 0.2883056
14 30 5.3826776
14 20 1.5932462
14 13 9.289303
14 27 3.40432
14 33 1.0622503
14 25 3.4465308
15 32 0.06734394
15 21 5.8733473
16 0 2000.0
16 30 1.1049696
16 8 1.5347692
16 18 1.202605
16 13 53.05067
16 11 0.96230626
16 5 1.3340478
16 34 51.855907
16 20 78.68164
16 7 1.0439746
16 27 1.4459351
16 23 2.6288905
16 25 1.4928725
17 6 1.8646579
17 26 1.6691289
17 10 0.03155817
17 24 0.13483286
17 31 1.0158765
17 9 0.03697034
17 4 0.12814239
17 19 157.24847
18 0 2000.0
18 30 0.6989474
18 8 1.24376
18 13 1701.1364
18 11 12.122638
18 29 0.7292879
18 5 0.559244
18 2 4.553074
18 37 2.8220136
18 7 2000.0
18 27 64.488846
18 16 1.202605
18 23 1.3280079
19 28 199.83253
19 31 0.101611406
19 9 0.08357862
19 4 0.10186542
20 30 1.8172196
20 13 1.2128671
20 33 1.0481305
20 11 1.3726292
20 29 5.4426126
20 5 1.4862895
20 34 0.98004496
20 2 2.8173344
20 14 1.5932462
20 37 2.8323257
20 7 48.203735
20 27 2.0019333
20 16 78.68164
20 25 0.8977843
21 26 2000.0
21 32 2000.0
21 24 0.94067913
21 35 0.029841745
21 31 2000.0
21 12 0.159414
21 15 5.8733473
22 31 114.28571
22 9 0.0653815
22 19 2000.0
23 0 2000.0
23 30 1.691689
23 8 0.7902537
23 2 7.563056
23 37 1.6828874
23 18 1.3280079
23 7 1.1435606
23 16 2.6288905
23 11 2000.0
23 29 0.5543245
23 5 1.4097593
24 26 0.04211969
24 32 0.13795689
24 10 0.1476388
24 21 0.94067913
24 12 0.07520807
24 15 2000.0
24 17 0.13483286
25 30 18.71947
25 0 9.309303
25 13 0.2883056
25 33 1.019045
25 11 0.95239663
25 29 2.2073262
25 34 1.378584
25 20 0.8977843
25 2 0.6274375
25 14 3.4465308
25 37 16.685196
25 7 2.0976048
25 27 0.25147155
25 16 1.4928725
26 32 15.243938
26 28 0.07172841
26 10 0.044802535
26 24 0.04211969
26 31 0.2324092
26 12 0.9408574
26 17 1.6691289
27 30 0.22146139
27 0 2000.0
27 8 0.9210089
27 18 64.488846
27 13 0.282409
27 33 1.157667
27 11 0.7117433
27 29 0.6583637
27 5 1.3733143
27 34 1.9836837
27 20 2.0019333
27 2 1.7593225
27 14 3.40432
27 37 1.2126503
27 7 3469.9434
27 16 1.4459351
27 25 0.25147155
28 36 0.030563556
28 26 0.07172841
28 10 0.52424246
28 3 3.6199167
28 12 1470.5682
28 9 1.234436
28 19 199.83253
29 0 14.55015
29 30 1.1221763
29 8 0.3179545
29 18 0.7292879
29 13 0.8090392
29 33 15.033018
29 11 1.7075038
29 5 1.7332957
29 34 5.914164
29 20 5.4426126
29 2 1.1707994
29 37 0.7056645
29 7 2000.0
29 27 0.6583637
29 16 2000.0
29 23 0.5543245
29 25 2.2073262
30 8 0.49073863
30 18 0.6989474
30 13 103.24325
30 33 8.649398
30 11 0.85846716
30 29 1.1221763
30 5 0.5441878
30 34 0.8773549
30 20 1.8172196
30 2 11.969894
30 14 5.3826776
30 37 16.251417
30 7 0.5637691
30 27 0.22146139
30 16 1.1049696
30 23 1.691689
30 25 18.71947
31 26 0.2324092
31 6 0.14179075
31 10 12.942449
31 35 33.76897
31 22 114.28571
31 9 0.031669155
31 4 0.070221685
31 17 1.0158765
31 19 0.101611406
32 26 15.243938
32 24 0.13795689
32 12 6.7895145
32 15 0.06734394
33 30 8.649398
33 13 0.932638
33 11 2.4025674
33 29 15.033018
33 5 2000.0
33 34 2000.0
33 20 1.0481305
33 2 2.1204424
33 14 1.0622503
33 7 2000.0
33 27 1.157667
33 16 1971.0227
33 25 1.019045
34 30 0.8773549
34 20 0.98004496
34 8 27.038082
34 37 2000.0
34 13 66.18507
34 7 1845.3977
34 27 1.9836837
34 16 51.855907
34 11 2.6323621
34 29 5.914164
34 25 1.378584
34 5 1.8198769
35 21 0.029841745
35 31 33.76897
36 28 0.030563556
36 3 0.2850837
36 9 0.3771856
37 30 16.251417
37 0 2.2842762
37 8 0.97261363
37 18 2.8220136
37 13 0.9267385
37 11 1.7931824
37 29 0.7056645
37 5 6.691233
37 20 2.8323257
37 2 0.9077494
37 7 3036.8184
37 27 1.2126503
37 16 2000.0
37 23 1.6828874
37 25 16.685196
