0 2 1.0041623
0 37 2.407954
0 13 0.79619473
0 29 8.119756
0 25 60.000004
1 3 1.1569283
1 12 25.600948
2 30 25.50671
2 0 1.0041623
2 8 1.4054087
2 18 2.36084
2 13 0.40199673
2 33 3.3133476
2 11 1.4755266
2 29 1.170554
2 20 2.9747434
2 37 0.85673535
2 27 1.1541479
2 16 2000.0
2 23 7.2512226
2 25 0.4784903
3 36 0.6095816
3 28 36.192333
3 24 300.0
3 12 0.09283811
3 1 1.1569283
3 9 0.41084042
4 31 0.06755084
4 9 0.078915626
4 17 0.11618853
4 19 0.07841732
5 30 0.6558743
5 8 0.62300634
5 18 0.8535093
5 13 50.996445
5 11 1.6201466
5 29 2.165716
5 34 1.9756385
5 20 2.0785408
5 37 9.0026865
5 7 14.557659
5 27 1.3758408
5 16 1.2929586
5 23 3.0516982
5 25 2000.0
6 31 0.1226489
6 17 2.2314005
7 30 0.76613593
7 20 111.05435
7 8 10.694925
7 16 1.4789777
7 23 1.5330575
7 11 95.5049
7 25 2.6996036
7 5 14.557659
8 0 2274.7727
8 30 0.51075596
8 18 1.1840004
8 13 2.042764
8 11 1.1199625
8 29 0.9227658
8 5 0.62300634
8 34 13.096156
8 2 1.4054087
8 37 1.2152922
8 7 10.694925
8 27 0.5396535
8 16 1.833775
8 23 1.2569834
8 25 2000.0
9 36 0.43104708
9 26 2000.0
9 28 0.7141577
9 10 6.8607955
9 22 0.046467774
9 31 0.02955462
9 12 2000.0
9 3 0.41084042
9 4 0.078915626
9 17 0.04418841
9 19 0.082609914
10 26 0.03892982
10 28 0.39968038
10 24 0.085186034
10 31 1.8411458
10 12 92.20948
10 9 6.8607955
10 17 0.029884532
11 0 2000.0
11 30 1.1887603
11 8 1.1199625
11 18 3.465791
11 13 1.0684266
11 33 2.548482
11 29 0.9228841
11 5 1.6201466
11 34 1.957727
11 20 1.609756
11 2 1.4755266
11 37 1.828111
11 7 95.5049
11 27 0.85199213
11 16 1.3410784
11 25 0.582768
12 26 1.1996275
12 28 139.84518
12 32 9.06028
12 10 92.20948
12 24 0.06509963
12 21 0.14571308
12 3 0.09283811
12 1 25.600948
13 30 107.95396
13 0 0.79619473
13 8 2.042764
13 18 31.556305
13 33 1.0677633
13 11 1.0684266
13 29 0.7649306
13 5 50.996445
13 34 133.33334
13 20 1.256369
13 2 0.40199673
13 14 4.013973
13 37 1.0883672
13 7 2000.0
13 27 0.315625
13 16 108.5354
13 25 0.31863487
14 30 8.419995
14 20 1.5721136
14 13 4.013973
14 27 9.013763
14 33 0.75168747
14 11 2000.0
14 25 1.7361861
15 32 0.073689215
15 21 7.8632464
16 0 2000.0
16 30 1.1406002
16 8 1.833775
16 18 1.4844155
16 13 108.5354
16 11 1.3410784
16 29 2000.0
16 5 1.2929586
16 34 55.6631
16 20 46.361523
16 7 1.4789777
16 27 1.8934067
16 23 2.425203
16 25 0.60491973
17 6 2.2314005
17 26 1.3860419
17 10 0.029884532
17 24 0.067405954
17 31 0.95106006
17 9 0.04418841
17 4 0.11618853
17 19 190.52132
18 0 2000.0
18 30 0.7551316
18 8 1.1840004
18 13 31.556305
18 11 3.465791
18 29 1.212888
18 5 0.8535093
18 2 2.36084
18 37 4.261506
18 7 2000.0
18 27 186.77185
18 16 1.4844155
18 23 1.197794
19 31 0.14382891
19 9 0.082609914
19 4 0.07841732
19 17 190.52132
20 30 1.0637089
20 8 2000.0
20 13 1.256369
20 33 1.2776049
20 11 1.609756
20 29 7.9771256
20 5 2.0785408
20 34 0.8358357
20 2 2.9747434
20 14 1.5721136
20 37 4.9661965
20 7 111.05435
20 27 1.548669
20 16 46.361523
20 25 0.48180735
21 32 2000.0
21 24 1.2685442
21 35 0.037489925
21 31 2000.0
21 12 0.14571308
21 15 7.8632464
22 31 400.0
22 9 0.046467774
22 19 2000.0
23 0 2000.0
23 30 3.0325494
23 8 1.2569834
23 2 7.2512226
23 37 1.4071021
23 18 1.197794
23 7 1.5330575
23 16 2.425203
23 11 2000.0
23 29 0.9447348
23 5 3.0516982
24 26 0.04410749
24 32 0.50113636
24 10 0.085186034
24 21 1.2685442
24 3 300.0
24 12 0.06509963
24 17 0.067405954
25 30 20.862463
25 0 60.000004
25 13 0.31863487
25 33 0.917916
25 11 0.582768
25 29 1.3874489
25 34 2.0805118
25 20 0.48180735
25 2 0.4784903
25 14 1.7361861
25 37 36.273
25 7 2.6996036
25 27 0.22449811
25 16 0.60491973
26 32 160.0
26 28 0.06269143
26 10 0.03892982
26 24 0.04410749
26 31 0.15712354
26 12 1.1996275
26 17 1.3860419
27 30 0.3862894
27 0 2000.0
27 8 0.5396535
27 18 186.77185
27 13 0.315625
27 33 1.0812991
27 11 0.85199213
27 29 1.9983499
27 5 1.3758408
27 34 0.8544929
27 20 1.548669
27 2 1.1541479
27 14 9.013763
27 37 1.1820062
27 7 2000.0
27 16 1.8934067
27 25 0.22449811
28 36 0.035491355
28 26 0.06269143
28 10 0.39968038
28 3 36.192333
28 12 139.84518
28 9 0.7141577
28 19 1367.8977
29 0 8.119756
29 30 0.9796827
29 8 0.9227658
29 18 1.212888
29 13 0.7649306
29 33 31.122925
29 11 0.9228841
29 5 2.165716
29 34 2.1164353
29 20 7.9771256
29 2 1.170554
29 37 1.0761988
29 7 2000.0
29 27 1.9983499
29 16 2000.0
29 23 0.9447348
29 25 1.3874489
30 8 0.51075596
30 18 0.7551316
30 13 107.95396
30 33 26.496883
30 11 1.1887603
30 29 0.9796827
30 5 0.6558743
30 34 1.0785445
30 20 1.0637089
30 2 25.50671
30 14 8.419995
30 37 15.438915
30 7 0.76613593
30 27 0.3862894
30 16 1.1406002
30 23 3.0325494
30 25 20.862463
31 26 0.15712354
31 6 0.1226489
31 10 1.8411458
31 35 17.989422
31 22 400.0
31 9 0.02955462
31 4 0.06755084
31 17 0.95106006
31 19 0.14382891
32 26 160.0
32 24 0.50113636
32 12 9.06028
32 15 0.073689215
33 30 26.496883
33 8 2000.0
33 13 1.0677633
33 11 2.548482
33 29 31.122925
33 5 2000.0
33 34 2000.0
33 20 1.2776049
33 2 3.3133476
33 14 0.75168747
33 7 2000.0
33 27 1.0812991
33 16 2422.443
33 25 0.917916
34 30 1.0785445
34 20 0.8358357
34 8 13.096156
34 37 2000.0
34 13 133.33334
34 7 3416.9885
34 27 0.8544929
34 16 55.6631
34 11 1.957727
34 29 2.1164353
34 25 2.0805118
34 5 1.9756385
35 21 0.037489925
35 31 17.989422
36 28 0.035491355
36 3 0.6095816
36 9 0.43104708
37 30 15.438915
37 0 2.407954
37 8 1.2152922
37 18 4.261506
37 13 1.0883672
37 11 1.828111
37 29 1.0761988
37 5 9.0026865
37 20 4.9661965
37 2 0.85673535
37 7 2400.8523
37 27 1.1820062
37 16 2000.0
37 23 1.4071021
37 25 36.273
