0 8 7.7613635
0 2 1.1983397
0 37 0.7472323
0 13 0.52033883
0 11 173.03409
0 29 17.711784
1 3 0.25509408
1 12 1202.159
2 30 13.076451
2 0 1.1983397
2 8 1.2157733
2 18 4.937912
2 13 0.23000367
2 33 1.3904138
2 11 0.6002704
2 29 0.8423701
2 20 1.6856018
2 37 0.78639627
2 27 0.31804833
2 23 29.01631
2 25 1.8126577
3 36 0.21126893
3 28 0.07430605
3 24 2000.0
3 12 0.049832616
3 1 0.25509408
3 9 0.1757197
4 31 0.094880864
4 9 0.06376676
4 17 0.09989175
4 19 0.09057273
5 30 0.6031488
5 8 0.59028214
5 18 0.37753868
5 13 2000.0
5 11 3.7074785
5 29 2.5283108
5 34 0.82592225
5 20 1.4069552
5 37 2000.0
5 7 4.927202
5 27 1.6787716
5 16 1.2771626
5 23 6.2696285
6 31 0.80962336
6 17 1.3451298
7 34 14.107186
7 30 0.7062558
7 20 1.2986413
7 8 36.873245
7 37 16.851246
7 27 107.372246
7 16 1.0956348
7 11 6.084685
7 23 1.0180794
7 25 18.71684
7 5 4.927202
8 0 7.7613635
8 30 0.39873403
8 18 0.8949657
8 13 2.626836
8 11 0.8429641
8 29 0.3322419
8 5 0.59028214
8 34 5.783632
8 2 1.2157733
8 37 1.2149903
8 7 36.873245
8 27 0.5215762
8 16 1.5514452
8 23 1.0245427
9 36 0.85317
9 28 2.7018263
9 10 5.850667
9 22 0.55477315
9 31 0.031792093
9 3 0.1757197
9 17 0.06508839
9 4 0.06376676
9 19 0.06512708
10 26 0.03185544
10 28 0.13266464
10 24 0.044957384
10 31 0.085849576
10 12 6.21782
10 9 5.850667
10 17 0.031657133
11 0 173.03409
11 30 0.49243852
11 8 0.8429641
11 18 6.9847627
11 13 0.5394432
11 33 2.0133672
11 29 0.6857574
11 5 3.7074785
11 34 1.972684
11 20 0.71365076
11 2 0.6002704
11 37 1.5542473
11 7 6.084685
11 27 0.3845008
11 16 0.8727892
11 25 1.1391407
12 26 0.78774995
12 28 4.402146
12 32 0.3158892
12 10 6.21782
12 24 0.08121821
12 21 0.071554594
12 3 0.049832616
13 30 1.030404
13 0 0.52033883
13 8 2.626836
13 18 400.0
13 33 0.735606
13 11 0.5394432
13 29 2.0416634
13 34 6.71531
13 20 0.6795309
13 2 0.23000367
13 14 3.0892575
13 37 1.7840439
13 27 0.23149893
13 16 40.0
13 25 0.768496
14 34 2000.0
14 20 1.2417278
14 13 3.0892575
14 33 0.3443742
14 27 3.5157561
14 11 2000.0
14 25 2.3669734
15 32 0.0693688
15 21 0.8855871
16 30 1.1021425
16 0 2000.0
16 8 1.5514452
16 18 1.0720018
16 13 40.0
16 11 0.8727892
16 29 57.314445
16 5 1.2771626
16 20 7.2854486
16 37 102.94035
16 7 1.0956348
16 27 1.5206599
16 23 8.914325
16 25 1.3233012
17 26 1.8286624
17 6 1.3451298
17 10 0.031657133
17 24 0.18696363
17 31 1.1795673
17 9 0.06508839
17 4 0.09989175
17 19 2.292657
18 30 0.6574143
18 2 4.937912
18 8 0.8949657
18 37 1.0283362
18 13 400.0
18 7 2000.0
18 27 3.0890284
18 16 1.0720018
18 23 1.0521089
18 11 6.9847627
18 29 1.3111843
18 5 0.37753868
19 31 0.07802707
19 9 0.06512708
19 17 2.292657
19 4 0.09057273
20 30 16.894201
20 13 0.6795309
20 33 1.1327883
20 11 0.71365076
20 29 3.345253
20 5 1.4069552
20 34 0.80922055
20 2 1.6856018
20 14 1.2417278
20 37 1.9720719
20 7 1.2986413
20 27 0.4419206
20 16 7.2854486
20 25 0.4826291
21 32 2000.0
21 10 2000.0
21 24 0.773164
21 35 0.032763675
21 12 0.071554594
21 15 0.8855871
22 6 1556.4773
22 31 1168.0114
22 9 0.55477315
22 19 1330.5114
23 0 2000.0
23 30 7.010163
23 2 29.01631
23 8 1.0245427
23 37 1.1338763
23 18 1.0521089
23 7 1.0180794
23 16 8.914325
23 11 2000.0
23 29 3.3877745
23 5 6.2696285
24 26 0.07077052
24 32 0.11038003
24 10 0.044957384
24 21 0.773164
24 31 15.524135
24 12 0.08121821
24 3 2000.0
24 15 2000.0
24 17 0.18696363
25 30 11.747957
25 13 0.768496
25 33 0.6761891
25 11 1.1391407
25 29 1.8694103
25 34 1.9082134
25 20 0.4826291
25 2 1.8126577
25 14 2.3669734
25 37 85.60921
25 7 18.71684
25 27 0.8971012
25 16 1.3233012
26 36 2000.0
26 32 41.558765
26 28 0.03171137
26 10 0.03185544
26 24 0.07077052
26 31 0.074109055
26 12 0.78774995
26 17 1.8286624
27 0 2000.0
27 30 0.23007317
27 8 0.5215762
27 18 3.0890284
27 13 0.23149893
27 33 0.84177214
27 11 0.3845008
27 29 0.7214125
27 5 1.6787716
27 34 1.2869263
27 20 0.4419206
27 2 0.31804833
27 14 3.5157561
27 37 0.9164941
27 7 107.372246
27 16 1.5206599
27 25 0.8971012
28 36 0.031941287
28 26 0.03171137
28 10 0.13266464
28 3 0.07430605
28 12 4.402146
28 9 2.7018263
29 0 17.711784
29 30 5.1868005
29 8 0.3322419
29 18 1.3111843
29 13 2.0416634
29 11 0.6857574
29 5 2.5283108
29 34 7.0936136
29 20 3.345253
29 2 0.8423701
29 37 0.7405634
29 7 2000.0
29 27 0.7214125
29 16 57.314445
29 23 3.3877745
29 25 1.8694103
30 0 2000.0
30 8 0.39873403
30 18 0.6574143
30 13 1.030404
30 33 2.3438675
30 11 0.49243852
30 29 5.1868005
30 5 0.6031488
30 34 1.2340144
30 20 16.894201
30 2 13.076451
30 14 2000.0
30 37 5.719936
30 7 0.7062558
30 27 0.23007317
30 16 1.1021425
30 23 7.010163
30 25 11.747957
31 26 0.074109055
31 6 0.80962336
31 10 0.085849576
31 24 15.524135
31 22 1168.0114
31 9 0.031792093
31 17 1.1795673
31 4 0.094880864
31 19 0.07802707
32 26 41.558765
32 24 0.11038003
32 12 0.3158892
32 15 0.0693688
33 30 2.3438675
33 8 2000.0
33 13 0.735606
33 11 2.0133672
33 29 4106.9883
33 34 2000.0
33 20 1.1327883
33 2 1.3904138
33 14 0.3443742
33 7 2000.0
33 27 0.84177214
33 16 2000.0
33 25 0.6761891
34 30 1.2340144
34 20 0.80922055
34 8 5.783632
34 13 6.71531
34 7 14.107186
34 27 1.2869263
34 16 1215.0568
34 11 1.972684
34 25 1.9082134
34 29 7.0936136
34 5 0.82592225
35 21 0.032763675
36 26 2000.0
36 28 0.031941287
36 3 0.21126893
36 9 0.85317
37 30 5.719936
37 0 0.7472323
37 8 1.2149903
37 18 1.0283362
37 13 1.7840439
37 11 1.5542473
37 29 0.7405634
37 20 1.9720719
37 2 0.78639627
37 7 16.851246
37 27 0.9164941
37 16 102.94035
37 23 1.1338763
37 25 85.60921
