0 8 31.039593
0 2 1.6617718
0 37 0.93975776
0 13 0.6763538
0 11 57.99622
0 29 13.001749
1 3 0.37993735
1 12 1202.159
2 30 27.23101
2 0 1.6617718
2 8 1.5290847
2 18 10.491415
2 13 0.44090912
2 33 4.441379
2 11 1.0274056
2 29 1.6515707
2 20 2.8009162
2 37 1.068429
2 27 0.970085
2 23 56.250004
2 25 2.4472232
3 36 0.20471175
3 28 0.076874
3 24 180.00002
3 12 0.04821543
3 1 0.37993735
3 9 0.18883768
4 31 0.07994158
4 9 0.06173937
4 17 0.089380644
4 19 0.10141152
5 30 1.2640206
5 8 0.70608634
5 18 0.5195674
5 13 2000.0
5 11 1.386823
5 29 1.7634422
5 34 4.725052
5 20 2.2421632
5 37 2000.0
5 7 7.2792454
5 27 1.9682424
5 16 1.5413456
5 23 5.0536237
6 31 0.6808272
6 17 1.4786443
7 34 7.292186
7 30 1.9070855
7 20 1.5945728
7 8 38.668777
7 37 26.326408
7 27 57.142857
7 16 1.093037
7 11 7.199337
7 23 1.2354914
7 25 8.19634
7 5 7.2792454
8 0 31.039593
8 30 0.61663914
8 18 1.0430908
8 13 8.625424
8 11 0.6521966
8 29 0.52273756
8 5 0.70608634
8 34 5.241809
8 2 1.5290847
8 37 0.86748135
8 7 38.668777
8 27 1.4405732
8 16 1.3088675
8 23 0.75419027
9 36 0.9721794
9 28 1.6200414
9 10 9.645987
9 22 0.19180083
9 31 0.030866345
9 3 0.18883768
9 17 0.043380935
9 4 0.06173937
9 19 0.0688733
10 26 0.031809017
10 28 0.14192326
10 24 0.052862942
10 31 0.055661526
10 12 6.1961265
10 9 9.645987
10 17 0.031080235
11 0 57.99622
11 30 0.3070924
11 8 0.6521966
11 18 6.276708
11 13 0.40753973
11 33 2.7145703
11 29 0.66480213
11 5 1.386823
11 34 2.1165338
11 20 0.66720974
11 2 1.0274056
11 37 1.4443375
11 7 7.199337
11 27 0.35595194
11 16 0.8454835
11 25 1.0092765
12 26 2.0180578
12 28 4.405632
12 32 0.16609299
12 10 6.1961265
12 24 0.084539056
12 21 0.06917536
12 3 0.04821543
13 30 9.049285
13 0 0.6763538
13 8 8.625424
13 18 2000.0
13 33 1.0189937
13 11 0.40753973
13 29 1.4618582
13 34 21.026533
13 20 0.72215044
13 2 0.44090912
13 14 6.3303256
13 37 2.3771286
13 27 0.5001047
13 16 106.666664
13 25 0.86847293
14 20 1.1810474
14 13 6.3303256
14 33 0.46737942
14 27 2.4466796
14 11 2000.0
14 25 1.5040766
15 32 0.08357773
15 21 0.936757
16 30 1.1023659
16 0 2000.0
16 8 1.3088675
16 18 1.1860394
16 13 106.666664
16 11 0.8454835
16 29 32.251423
16 5 1.5413456
16 20 5.5295453
16 37 56.597107
16 7 1.093037
16 27 1.1635681
16 23 10.299342
16 25 1.2140044
17 26 1.828605
17 6 1.4786443
17 10 0.031080235
17 24 0.3078583
17 31 1.2489057
17 9 0.043380935
17 4 0.089380644
17 19 2.9417353
18 30 0.7472033
18 2 10.491415
18 8 1.0430908
18 37 0.86944795
18 7 2000.0
18 13 2000.0
18 27 6.680501
18 16 1.1860394
18 23 1.1525679
18 11 6.276708
18 29 1.3519849
18 5 0.5195674
19 22 119.66933
19 31 0.079422265
19 9 0.0688733
19 17 2.9417353
19 4 0.10141152
20 30 15.615431
20 13 0.72215044
20 33 1.774436
20 11 0.66720974
20 29 4.2625575
20 5 2.2421632
20 34 0.8238238
20 2 2.8009162
20 14 1.1810474
20 37 1.9545586
20 7 1.5945728
20 27 0.63876396
20 16 5.5295453
20 25 0.41713318
21 24 0.37356052
21 35 0.08436032
21 12 0.06917536
21 15 0.936757
22 6 1591.9318
22 31 1168.0114
22 9 0.19180083
22 19 119.66933
23 0 2000.0
23 30 1.2293388
23 2 56.250004
23 8 0.75419027
23 37 3.7126422
23 18 1.1525679
23 7 1.2354914
23 16 10.299342
23 11 2000.0
23 29 1.9822848
23 5 5.0536237
24 26 0.08091251
24 28 2000.0
24 32 0.08704589
24 10 0.052862942
24 21 0.37356052
24 31 18.525566
24 12 0.084539056
24 3 180.00002
24 15 2000.0
24 17 0.3078583
25 30 2.776085
25 13 0.86847293
25 33 0.42752287
25 11 1.0092765
25 29 4.7060494
25 34 1.0961305
25 20 0.41713318
25 2 2.4472232
25 14 1.5040766
25 37 35.54084
25 7 8.19634
25 27 0.7989283
25 16 1.2140044
26 32 135.19817
26 28 0.03754456
26 10 0.031809017
26 24 0.08091251
26 31 0.078493655
26 12 2.0180578
26 17 1.828605
27 0 2000.0
27 30 0.27180946
27 8 1.4405732
27 18 6.680501
27 13 0.5001047
27 33 1.1132003
27 11 0.35595194
27 29 0.46252796
27 5 1.9682424
27 34 0.83846587
27 20 0.63876396
27 2 0.970085
27 14 2.4466796
27 37 0.8353316
27 7 57.142857
27 16 1.1635681
27 25 0.7989283
28 36 0.031792346
28 26 0.03754456
28 10 0.14192326
28 3 0.076874
28 12 4.405632
28 9 1.6200414
29 0 13.001749
29 30 6.2198734
29 8 0.52273756
29 18 1.3519849
29 13 1.4618582
29 11 0.66480213
29 5 1.7634422
29 34 9.529101
29 20 4.2625575
29 2 1.6515707
29 37 0.9894164
29 7 2000.0
29 27 0.46252796
29 16 32.251423
29 23 1.9822848
29 25 4.7060494
30 0 2000.0
30 8 0.61663914
30 18 0.7472033
30 13 9.049285
30 33 3.2563214
30 11 0.3070924
30 29 6.2198734
30 5 1.2640206
30 34 1.3269093
30 20 15.615431
30 2 27.23101
30 14 2000.0
30 37 3.8044803
30 7 1.9070855
30 27 0.27180946
30 16 1.1023659
30 23 1.2293388
30 25 2.776085
31 26 0.078493655
31 6 0.6808272
31 10 0.055661526
31 24 18.525566
31 9 0.030866345
31 17 1.2489057
31 4 0.07994158
31 19 0.079422265
32 26 135.19817
32 24 0.08704589
32 12 0.16609299
32 15 0.08357773
33 34 2000.0
33 30 3.2563214
33 20 1.774436
33 2 4.441379
33 14 0.46737942
33 7 2000.0
33 13 1.0189937
33 27 1.1132003
33 16 2000.0
33 11 2.7145703
33 29 2000.0
33 25 0.42752287
34 30 1.3269093
34 20 0.8238238
34 8 5.241809
34 13 21.026533
34 7 7.292186
34 27 0.83846587
34 16 1215.0568
34 11 2.1165338
34 25 1.0961305
34 29 9.529101
34 5 4.725052
35 21 0.08436032
36 26 1575.3408
36 28 0.031792346
36 3 0.20471175
36 9 0.9721794
37 30 3.8044803
37 0 0.93975776
37 8 0.86748135
37 18 0.86944795
37 13 2.3771286
37 11 1.4443375
37 29 0.9894164
37 20 1.9545586
37 2 1.068429
37 7 26.326408
37 27 0.8353316
37 16 56.597107
37 23 3.7126422
37 25 35.54084
