0 8 10.7063
0 2 1.3128583
0 37 0.8628243
0 13 0.39557436
0 11 90.00001
0 29 16.802856
1 3 0.2514394
1 12 1202.159
2 30 15.392354
2 0 1.3128583
2 8 1.7455202
2 18 5.0406017
2 13 0.33802763
2 33 1.8720104
2 11 0.93943685
2 29 1.1247423
2 20 1.4184476
2 37 0.9314145
2 27 0.6240441
2 16 2000.0
2 23 20.977272
2 25 4.6749673
3 36 0.2053914
3 28 0.07317209
3 24 257.14285
3 12 0.051459916
3 1 0.2514394
3 9 0.15385972
4 31 0.079440296
4 9 0.05335351
4 17 0.095342934
4 19 0.07940581
5 30 0.6364837
5 8 0.7127277
5 18 0.36193186
5 13 2000.0
5 11 3.8174026
5 29 6.8088903
5 34 1.1466179
5 20 1.0059891
5 37 2000.0
5 7 4.4620914
5 27 1.9688271
5 16 1.5266657
5 23 6.1104074
6 22 119.14205
6 31 1.0051115
6 17 1.2304826
7 34 9.614004
7 30 0.68560255
7 20 1.7514795
7 8 26.121246
7 37 16.77022
7 27 62.60718
7 16 1.041124
7 11 4.8840494
7 23 1.0265175
7 25 9.719928
7 5 4.4620914
8 0 10.7063
8 30 0.5955198
8 18 1.1317912
8 13 4.2394376
8 11 1.3393869
8 29 0.38846967
8 5 0.7127277
8 34 5.9384975
8 2 1.7455202
8 37 1.8350943
8 7 26.121246
8 27 0.763369
8 16 1.8511837
8 23 1.0092459
9 36 1.1242445
9 26 2000.0
9 28 2.4394796
9 10 2.5889328
9 22 0.5529613
9 31 0.02844161
9 3 0.15385972
9 17 0.046708055
9 4 0.05335351
9 19 0.071864955
10 26 0.030995766
10 28 0.1256151
10 24 0.0808781
10 31 0.050991297
10 12 13.020144
10 9 2.5889328
10 17 0.033238403
11 0 90.00001
11 30 0.38552922
11 8 1.3393869
11 18 7.905549
11 13 2.0990355
11 33 1.7758324
11 29 1.5754045
11 5 3.8174026
11 34 2.4640837
11 20 0.75318444
11 2 0.93943685
11 37 1.4092382
11 7 4.8840494
11 27 0.38638473
11 16 0.77172667
11 25 1.3316967
12 26 1.141217
12 28 6.6535254
12 32 0.25414562
12 10 13.020144
12 24 0.08748006
12 21 0.14014025
12 3 0.051459916
13 30 1.5339375
13 0 0.39557436
13 8 4.2394376
13 18 280.91165
13 33 0.9519995
13 11 2.0990355
13 29 2.293346
13 34 8.034277
13 20 0.49957666
13 2 0.33802763
13 14 2.6932786
13 37 3.0705447
13 27 0.2679848
13 16 236.33769
13 25 0.7299456
14 20 0.9260282
14 13 2.6932786
14 33 0.40838847
14 27 3.6121273
14 11 2000.0
14 25 4.076645
15 32 0.07543823
15 21 0.9566931
16 0 2000.0
16 30 1.1394935
16 8 1.8511837
16 18 0.878494
16 11 0.77172667
16 29 45.69689
16 5 1.5266657
16 20 7.1530123
16 37 47.47346
16 7 1.041124
16 27 1.5020704
16 23 5.5764866
16 25 3.5138056
17 26 1.8467803
17 6 1.2304826
17 10 0.033238403
17 24 0.14454545
17 31 1.2755731
17 9 0.046708055
17 4 0.095342934
17 19 1.8555622
18 0 2000.0
18 30 0.71405977
18 8 1.1317912
18 13 280.91165
18 11 7.905549
18 29 0.98125994
18 5 0.36193186
18 2 5.0406017
18 37 1.3693749
18 7 2000.0
18 27 4.1883607
18 16 0.878494
18 23 1.6997033
19 31 0.08185343
19 9 0.071864955
19 17 1.8555622
19 4 0.07940581
20 30 11.891195
20 13 0.49957666
20 33 1.4155002
20 11 0.75318444
20 29 7.621202
20 5 1.0059891
20 34 0.81160676
20 2 1.4184476
20 14 0.9260282
20 37 1.9272017
20 7 1.7514795
20 27 0.6683376
20 16 7.1530123
20 25 0.86092067
21 10 2000.0
21 24 0.36690032
21 35 0.032896403
21 12 0.14014025
21 15 0.9566931
22 6 119.14205
22 31 1168.0114
22 9 0.5529613
22 19 1330.5114
23 0 2000.0
23 30 3.24509
23 2 20.977272
23 8 1.0092459
23 37 1.0736556
23 18 1.6997033
23 7 1.0265175
23 16 5.5764866
23 11 2000.0
23 29 1.0013933
23 5 6.1104074
24 26 0.059527975
24 32 0.20670077
24 10 0.0808781
24 21 0.36690032
24 31 11.792788
24 12 0.08748006
24 3 257.14285
24 15 2000.0
24 17 0.14454545
25 0 2000.0
25 30 9.057505
25 13 0.7299456
25 33 0.49143067
25 11 1.3316967
25 29 1.6333135
25 34 1.8971822
25 20 0.86092067
25 2 4.6749673
25 14 4.076645
25 37 73.55789
25 7 9.719928
25 27 0.7856243
25 16 3.5138056
26 36 100.0
26 32 41.752064
26 28 0.0290611
26 10 0.030995766
26 24 0.059527975
26 31 0.07198
26 12 1.141217
26 17 1.8467803
27 0 2000.0
27 30 0.33586863
27 8 0.763369
27 18 4.1883607
27 13 0.2679848
27 33 0.8016316
27 11 0.38638473
27 29 0.74540913
27 5 1.9688271
27 34 1.3101066
27 20 0.6683376
27 2 0.6240441
27 14 3.6121273
27 37 0.6161736
27 7 62.60718
27 16 1.5020704
27 25 0.7856243
28 36 0.04069802
28 26 0.0290611
28 10 0.1256151
28 3 0.07317209
28 12 6.6535254
28 9 2.4394796
29 0 16.802856
29 30 5.8624005
29 8 0.38846967
29 18 0.98125994
29 13 2.293346
29 33 138.46155
29 11 1.5754045
29 5 6.8088903
29 34 4.680522
29 20 7.621202
29 2 1.1247423
29 37 0.9669172
29 7 2000.0
29 27 0.74540913
29 16 45.69689
29 23 1.0013933
29 25 1.6333135
30 0 2000.0
30 8 0.5955198
30 18 0.71405977
30 13 1.5339375
30 33 3.332611
30 11 0.38552922
30 29 5.8624005
30 5 0.6364837
30 34 1.3336732
30 20 11.891195
30 2 15.392354
30 14 2000.0
30 37 4.937602
30 7 0.68560255
30 27 0.33586863
30 16 1.1394935
30 23 3.24509
30 25 9.057505
31 26 0.07198
31 6 1.0051115
31 10 0.050991297
31 24 11.792788
31 9 0.02844161
31 17 1.2755731
31 4 0.079440296
31 19 0.08185343
32 26 41.752064
32 24 0.20670077
32 12 0.25414562
32 15 0.07543823
33 34 2000.0
33 30 3.332611
33 20 1.4155002
33 2 1.8720104
33 14 0.40838847
33 7 2000.0
33 13 0.9519995
33 27 0.8016316
33 16 2000.0
33 11 1.7758324
33 29 138.46155
33 25 0.49143067
34 30 1.3336732
34 20 0.81160676
34 8 5.9384975
34 13 8.034277
34 7 9.614004
34 27 1.3101066
34 16 1215.0568
34 11 2.4640837
34 25 1.8971822
34 29 4.680522
34 5 1.1466179
35 21 0.032896403
36 26 100.0
36 28 0.04069802
36 3 0.2053914
36 9 1.1242445
37 30 4.937602
37 0 0.8628243
37 8 1.8350943
37 18 1.3693749
37 13 3.0705447
37 11 1.4092382
37 29 0.9669172
37 20 1.9272017
37 2 0.9314145
37 7 16.77022
37 27 0.6161736
37 16 47.47346
37 23 1.0736556
37 25 73.55789
