0 8 16.858456
0 2 1.5701995
0 37 1.0331496
0 13 0.8991837
0 11 42.857143
0 25 2000.0
0 29 8.579701
1 3 0.26239005
1 12 1202.159
2 30 14.466844
2 0 1.5701995
2 8 1.7009758
2 18 15.841745
2 13 0.53413326
2 33 2.8830888
2 11 1.2588706
2 29 1.1811048
2 20 8.834005
2 37 1.1562241
2 27 1.7149249
2 16 2000.0
2 23 25.969683
2 25 2.1672497
3 36 0.20941141
3 28 0.113526404
3 24 211.76471
3 12 0.060258526
3 1 0.26239005
3 9 0.20866954
4 31 0.08429884
4 9 0.06552855
4 17 0.0911017
4 19 0.08145684
5 30 0.6018257
5 8 0.68488264
5 18 0.80726624
5 13 2000.0
5 11 3.1316156
5 29 1.9711964
5 34 5.177342
5 20 1.6721267
5 37 2000.0
5 7 4.618415
5 27 2.456736
5 16 1.5801874
5 23 6.621273
6 31 0.7920701
6 17 0.92982805
7 34 9.4565325
7 30 0.74892634
7 20 3.8555958
7 8 24.208057
7 37 10.405254
7 27 87.720566
7 16 1.1076602
7 11 11.833648
7 23 1.0141249
7 25 21.26576
7 5 4.618415
8 0 16.858456
8 30 1.5105572
8 18 1.2287258
8 13 6.6471467
8 11 2.560179
8 29 1.0164901
8 5 0.68488264
8 34 2.8191144
8 2 1.7009758
8 37 1.8733213
8 7 24.208057
8 27 2.0145574
8 16 1.622927
8 23 1.8952291
9 36 1.2197273
9 26 2000.0
9 28 0.8304999
9 10 14.90213
9 22 0.58009285
9 31 0.031002931
9 3 0.20866954
9 17 0.069083765
9 4 0.06552855
9 19 0.0686217
10 26 0.042885207
10 28 0.1913843
10 24 0.05233574
10 31 0.05493199
10 12 13.6536455
10 9 14.90213
10 17 0.038374126
11 0 42.857143
11 30 0.3921213
11 8 2.560179
11 18 11.117428
11 13 0.70470226
11 33 9.090295
11 29 1.0586227
11 5 3.1316156
11 34 2.0058713
11 20 2.0678673
11 2 1.2588706
11 37 1.4253954
11 7 11.833648
11 27 0.43309522
11 16 2.2521412
11 25 0.92180014
12 26 1.109342
12 28 4.8634467
12 32 0.25225177
12 10 13.6536455
12 24 0.07145126
12 21 0.08216252
12 3 0.060258526
13 30 3.1344478
13 0 0.8991837
13 8 6.6471467
13 18 440.6837
13 33 0.9485855
13 11 0.70470226
13 29 0.83614355
13 34 15.963347
13 20 0.854561
13 2 0.53413326
13 14 4.313432
13 37 1.3631009
13 27 0.24080238
13 16 72.11968
13 25 0.70262796
14 20 1.4664387
14 13 4.313432
14 33 0.48815283
14 27 2.2261262
14 11 2000.0
14 25 1.6738911
15 32 0.087426685
15 21 1.3240399
16 30 1.4172438
16 0 2000.0
16 8 1.622927
16 18 1.2572286
16 13 72.11968
16 11 2.2521412
16 29 32.267536
16 5 1.5801874
16 20 16.182846
16 37 32.65455
16 7 1.1076602
16 27 1.6140771
16 23 8.950365
16 25 0.99795896
17 26 3.2432432
17 6 0.92982805
17 10 0.038374126
17 24 0.21268775
17 31 1.849256
17 9 0.069083765
17 4 0.0911017
17 19 2.598839
18 30 0.73141104
18 2 15.841745
18 8 1.2287258
18 37 3.5979362
18 13 440.6837
18 7 2000.0
18 27 2.7340665
18 16 1.2572286
18 23 1.3322567
18 11 11.117428
18 29 1.2468406
18 5 0.80726624
19 31 0.08438853
19 9 0.0686217
19 17 2.598839
19 4 0.08145684
20 30 9.671544
20 13 0.854561
20 33 1.6414478
20 11 2.0678673
20 29 2.7981126
20 5 1.6721267
20 34 0.8888076
20 2 8.834005
20 14 1.4664387
20 37 3.3167322
20 7 3.8555958
20 27 0.9955336
20 16 16.182846
20 25 0.5836893
21 24 0.36955288
21 35 0.045648012
21 12 0.08216252
21 15 1.3240399
22 6 1586.9319
22 31 1244.1478
22 9 0.58009285
22 19 1329.4886
23 0 2000.0
23 30 1.8883537
23 2 25.969683
23 8 1.8952291
23 37 1.9885875
23 18 1.3322567
23 7 1.0141249
23 16 8.950365
23 11 2000.0
23 29 3.2467077
23 5 6.621273
24 26 0.06652543
24 32 0.10765422
24 10 0.05233574
24 21 0.36955288
24 31 12.835515
24 12 0.07145126
24 3 211.76471
24 15 2000.0
24 17 0.21268775
25 0 2000.0
25 30 3.3343358
25 13 0.70262796
25 33 0.5601048
25 11 0.92180014
25 29 3.3426137
25 34 1.6575831
25 20 0.5836893
25 2 2.1672497
25 14 1.6738911
25 37 66.66667
25 7 21.26576
25 27 0.76596797
25 16 0.99795896
26 36 103.241875
26 32 48.053406
26 28 0.032309324
26 10 0.042885207
26 24 0.06652543
26 31 0.08158301
26 12 1.109342
26 17 3.2432432
27 0 2000.0
27 30 0.20605826
27 8 2.0145574
27 18 2.7340665
27 13 0.24080238
27 33 1.2685713
27 11 0.43309522
27 29 0.60866344
27 5 2.456736
27 34 1.120601
27 20 0.9955336
27 2 1.7149249
27 14 2.2261262
27 37 1.3040538
27 7 87.720566
27 16 1.6140771
27 25 0.76596797
28 36 0.032647166
28 26 0.032309324
28 10 0.1913843
28 3 0.113526404
28 12 4.8634467
28 9 0.8304999
29 0 8.579701
29 30 3.2603192
29 8 1.0164901
29 18 1.2468406
29 13 0.83614355
29 11 1.0586227
29 5 1.9711964
29 34 6.2519217
29 20 2.7981126
29 2 1.1811048
29 37 0.65782905
29 7 2000.0
29 27 0.60866344
29 16 32.267536
29 23 3.2467077
29 25 3.3426137
30 0 2000.0
30 8 1.5105572
30 18 0.73141104
30 13 3.1344478
30 33 4.8988214
30 11 0.3921213
30 29 3.2603192
30 5 0.6018257
30 34 1.8047134
30 20 9.671544
30 2 14.466844
30 37 7.157075
30 7 0.74892634
30 27 0.20605826
30 16 1.4172438
30 23 1.8883537
30 25 3.3343358
31 26 0.08158301
31 6 0.7920701
31 10 0.05493199
31 24 12.835515
31 9 0.031002931
31 17 1.849256
31 4 0.08429884
31 19 0.08438853
32 26 48.053406
32 24 0.10765422
32 12 0.25225177
32 15 0.087426685
33 30 4.8988214
33 8 2000.0
33 13 0.9485855
33 11 9.090295
33 29 3951.1362
33 5 2000.0
33 34 2000.0
33 20 1.6414478
33 2 2.8830888
33 14 0.48815283
33 7 2000.0
33 27 1.2685713
33 16 2000.0
33 25 0.5601048
34 30 1.8047134
34 20 0.8888076
34 8 2.8191144
34 13 15.963347
34 7 9.4565325
34 27 1.120601
34 16 1215.0568
34 11 2.0058713
34 25 1.6575831
34 29 6.2519217
34 5 5.177342
35 21 0.045648012
36 26 103.241875
36 28 0.032647166
36 3 0.20941141
36 9 1.2197273
37 30 7.157075
37 0 1.0331496
37 8 1.8733213
37 18 3.5979362
37 13 1.3631009
37 11 1.4253954
37 29 0.65782905
37 20 3.3167322
37 2 1.1562241
37 7 10.405254
37 27 1.3040538
37 16 32.65455
37 23 1.9885875
37 25 66.66667
