0 8 6.1210318
0 2 1.525686
0 37 0.8273596
0 13 0.78226995
0 11 111.17593
0 29 16.652893
1 3 0.22087122
1 12 1202.159
2 30 6.127453
2 0 1.525686
2 8 1.6727298
2 18 16.46694
2 13 0.2991077
2 33 1.8593235
2 11 0.7767266
2 29 0.8624578
2 20 0.99726194
2 37 0.6965625
2 27 0.38531408
2 16 2000.0
2 23 42.857143
2 25 0.8603189
3 36 0.28467128
3 28 0.10912005
3 24 450.00003
3 12 0.05908708
3 1 0.22087122
3 9 0.7336039
4 31 0.08444741
4 9 0.07237516
4 17 0.12396694
4 19 0.086704545
5 30 0.866036
5 8 0.88882965
5 18 0.385491
5 13 480.00003
5 11 3.1872315
5 29 7.1349792
5 34 1.3754288
5 20 4.0099936
5 37 2000.0
5 7 4.308253
5 27 2.0486321
5 16 1.5682396
5 23 3.9328089
6 31 0.3593319
6 17 0.57836074
7 34 6.48392
7 30 1.433057
7 20 1.3450056
7 8 125.12143
7 37 27.204123
7 27 417.05066
7 16 0.93946946
7 11 3.6930847
7 23 0.96030915
7 25 5.429889
7 5 4.308253
8 0 6.1210318
8 30 0.7962664
8 18 1.0686524
8 13 3.2710958
8 11 0.59939545
8 29 2.374895
8 5 0.88882965
8 34 2.363601
8 2 1.6727298
8 37 0.9193733
8 7 125.12143
8 27 1.7142774
8 16 1.4999493
8 23 0.9995343
9 36 2.2895339
9 26 2000.0
9 28 1.7915404
9 10 8.228353
9 22 0.51302594
9 31 0.043031882
9 3 0.7336039
9 17 0.050424136
9 4 0.07237516
9 19 0.06926498
10 26 0.031928737
10 28 0.42396244
10 24 0.03971545
10 31 0.033532046
10 12 6.92606
10 9 8.228353
10 17 0.028901668
11 0 111.17593
11 30 0.523042
11 8 0.59939545
11 18 4.4657326
11 13 0.4482377
11 33 1.8499185
11 29 3.1274543
11 5 3.1872315
11 34 1.9300549
11 20 0.6161161
11 2 0.7767266
11 37 1.1454794
11 7 3.6930847
11 27 0.38140407
11 16 0.78871334
11 25 0.89601475
12 26 0.75041175
12 28 2.3689506
12 32 0.24106494
12 10 6.92606
12 24 0.07677579
12 21 0.07713857
12 3 0.05908708
13 30 1.078314
13 0 0.78226995
13 8 3.2710958
13 18 872.0355
13 33 0.91551125
13 11 0.4482377
13 29 0.8204856
13 5 480.00003
13 34 11.243224
13 20 0.49791053
13 2 0.2991077
13 14 1.8211107
13 37 0.9458587
13 27 0.62305516
13 16 200.0
13 25 0.30290273
14 20 0.97328234
14 13 1.8211107
14 27 2.0058055
14 33 0.40061033
14 11 2000.0
14 25 2.1965654
15 32 0.07788749
15 21 0.77947044
16 30 1.1018722
16 0 2000.0
16 8 1.4999493
16 18 0.92072284
16 13 200.0
16 11 0.78871334
16 29 12.909165
16 5 1.5682396
16 20 4.012944
16 37 32.535404
16 7 0.93946946
16 27 1.210767
16 23 19.076725
16 25 0.8286435
17 26 2.0038934
17 6 0.57836074
17 10 0.028901668
17 24 0.16020523
17 31 1.0553819
17 9 0.050424136
17 4 0.12396694
17 19 3.9343925
18 30 1.1113542
18 2 16.46694
18 8 1.0686524
18 37 0.88169646
18 7 2000.0
18 13 872.0355
18 27 5.3288207
18 16 0.92072284
18 23 1.2953734
18 11 4.4657326
18 29 1.7771106
18 5 0.385491
19 31 0.078143336
19 9 0.06926498
19 17 3.9343925
19 4 0.086704545
20 30 15.2439785
20 13 0.49791053
20 33 1.0791665
20 11 0.6161161
20 29 7.1909976
20 5 4.0099936
20 34 0.8149499
20 2 0.99726194
20 14 0.97328234
20 37 4.7847724
20 7 1.3450056
20 27 1.0883362
20 16 4.012944
20 25 0.34317687
21 32 2000.0
21 24 0.41983664
21 35 0.05220639
21 12 0.07713857
21 15 0.77947044
22 6 1365.6818
22 31 1449.034
22 9 0.51302594
22 19 1377.7842
23 0 2000.0
23 30 1.4350611
23 2 42.857143
23 8 0.9995343
23 37 2.840889
23 18 1.2953734
23 7 0.96030915
23 16 19.076725
23 11 2000.0
23 29 3.1788228
23 5 3.9328089
24 26 0.058101494
24 32 0.110675424
24 10 0.03971545
24 21 0.41983664
24 31 6.889935
24 12 0.07677579
24 3 450.00003
24 15 2000.0
24 17 0.16020523
25 30 1.878401
25 13 0.30290273
25 33 0.30020982
25 11 0.89601475
25 29 2.4235513
25 34 0.9927318
25 20 0.34317687
25 2 0.8603189
25 14 2.1965654
25 37 53.226692
25 7 5.429889
25 27 0.34312814
25 16 0.8286435
26 36 324.25912
26 32 62.215908
26 28 0.0612436
26 10 0.031928737
26 24 0.058101494
26 31 0.07779356
26 12 0.75041175
26 17 2.0038934
27 0 2000.0
27 30 0.16411188
27 8 1.7142774
27 18 5.3288207
27 13 0.62305516
27 33 1.0784621
27 11 0.38140407
27 29 0.5699811
27 5 2.0486321
27 34 1.0364001
27 20 1.0883362
27 2 0.38531408
27 14 2.0058055
27 37 0.9568735
27 7 417.05066
27 16 1.210767
27 23 2000.0
27 25 0.34312814
28 36 0.03464002
28 26 0.0612436
28 10 0.42396244
28 3 0.10912005
28 12 2.3689506
28 9 1.7915404
29 0 16.652893
29 30 15.564831
29 8 2.374895
29 18 1.7771106
29 13 0.8204856
29 11 3.1274543
29 5 7.1349792
29 34 10.069802
29 20 7.1909976
29 2 0.8624578
29 37 1.0572938
29 7 2000.0
29 27 0.5699811
29 16 12.909165
29 23 3.1788228
29 25 2.4235513
30 0 2000.0
30 8 0.7962664
30 18 1.1113542
30 13 1.078314
30 33 4.2230544
30 11 0.523042
30 29 15.564831
30 5 0.866036
30 34 0.723179
30 20 15.2439785
30 2 6.127453
30 37 9.563431
30 7 1.433057
30 27 0.16411188
30 16 1.1018722
30 23 1.4350611
30 25 1.878401
31 26 0.07779356
31 6 0.3593319
31 10 0.033532046
31 24 6.889935
31 9 0.043031882
31 17 1.0553819
31 4 0.08444741
31 19 0.078143336
32 26 62.215908
32 24 0.110675424
32 12 0.24106494
32 15 0.07788749
33 34 2000.0
33 30 4.2230544
33 20 1.0791665
33 2 1.8593235
33 14 0.40061033
33 7 2000.0
33 13 0.91551125
33 27 1.0784621
33 16 2000.0
33 11 1.8499185
33 29 9223.978
33 25 0.30020982
34 30 0.723179
34 20 0.8149499
34 8 2.363601
34 13 11.243224
34 7 6.48392
34 27 1.0364001
34 16 1215.0568
34 11 1.9300549
34 25 0.9927318
34 29 10.069802
34 5 1.3754288
35 21 0.05220639
36 26 324.25912
36 28 0.03464002
36 3 0.28467128
36 9 2.2895339
37 30 9.563431
37 0 0.8273596
37 8 0.9193733
37 18 0.88169646
37 13 0.9458587
37 11 1.1454794
37 29 1.0572938
37 20 4.7847724
37 2 0.6965625
37 7 27.204123
37 27 0.9568735
37 16 32.535404
37 23 2.840889
37 25 53.226692
