0 2 0.92503405
0 37 2.1088479
0 13 0.66904396
0 29 68.339714
0 25 23.676666
1 3 1.0709469
1 12 46.805267
2 30 12.693532
2 0 0.92503405
2 8 1.3201905
2 18 3.040845
2 13 0.5868973
2 33 2.110294
2 11 1.8327826
2 29 1.3108054
2 20 3.6611795
2 37 0.9019027
2 27 1.7654864
2 16 2000.0
2 23 10.404206
2 25 1.1387006
3 36 0.18995701
3 28 29.055805
3 24 2000.0
3 12 0.07028221
3 1 1.0709469
3 9 0.9383982
4 31 0.058985077
4 9 0.08369409
4 17 0.14212342
4 19 0.07391894
5 30 0.7271585
5 8 0.6841752
5 18 0.58833677
5 13 20.133482
5 11 3.3612862
5 29 3.823037
5 34 5.332308
5 20 3.093654
5 37 10.52647
5 7 22.53707
5 27 1.6871846
5 16 1.4916422
5 23 5.043321
5 25 2000.0
6 31 0.22405897
6 17 7.093166
7 34 553.8462
7 30 0.9153913
7 20 119.5382
7 8 9.687839
7 16 1.3358766
7 23 1.8871226
7 25 8.584986
7 5 22.53707
8 0 2000.0
8 30 0.47760975
8 18 1.2870044
8 13 2.523043
8 11 1.0599066
8 29 0.6836047
8 5 0.6841752
8 34 28.996021
8 2 1.3201905
8 37 1.0888234
8 7 9.687839
8 27 2.1007087
8 16 1.7299292
8 23 1.7498461
8 25 2000.0
9 36 0.36833838
9 26 2000.0
9 28 1.7211744
9 10 20.296307
9 22 0.04729926
9 31 0.028574638
9 12 2000.0
9 3 0.9383982
9 4 0.08369409
9 17 0.03334594
9 19 0.0686165
10 26 0.029430678
10 28 0.3537643
10 24 0.091069356
10 31 10.424354
10 12 1645.1704
10 9 20.296307
10 17 0.035914104
11 0 2000.0
11 30 0.963444
11 8 1.0599066
11 18 9.78591
11 13 1.1451343
11 33 1.7268974
11 29 1.1974924
11 5 3.3612862
11 34 2.8956742
11 20 1.5176181
11 2 1.8327826
11 37 1.6105444
11 7 2813.4092
11 27 1.0288813
11 16 1.0496253
11 25 0.7948733
12 26 0.6172341
12 32 2.2238433
12 24 0.0672748
12 21 0.10674214
12 3 0.07028221
12 1 46.805267
13 30 34.411316
13 0 0.66904396
13 8 2.523043
13 18 384.7415
13 33 1.1241106
13 11 1.1451343
13 29 0.7980665
13 5 20.133482
13 34 81.66667
13 20 1.3735175
13 2 0.5868973
13 14 5.394217
13 37 1.774389
13 7 2000.0
13 27 0.435039
13 16 72.200455
13 25 0.40748665
14 30 3.6591814
14 20 9.322306
14 13 5.394217
14 27 0.80448055
14 33 0.3742669
14 11 2000.0
14 25 6.8042383
15 32 0.069391176
15 21 6.6912737
16 0 2000.0
16 30 1.0318565
16 8 1.7299292
16 18 2.5380754
16 13 72.200455
16 11 1.0496253
16 5 1.4916422
16 34 41.8854
16 20 27.455912
16 7 1.3358766
16 27 1.3527273
16 23 4.246591
16 25 1.3803375
17 6 7.093166
17 26 1.3769735
17 10 0.035914104
17 24 0.15487768
17 31 0.93640023
17 9 0.03334594
17 4 0.14212342
17 19 1252.6136
18 0 2000.0
18 30 0.65401995
18 8 1.2870044
18 13 384.7415
18 11 9.78591
18 29 1.3811892
18 5 0.58833677
18 2 3.040845
18 37 2.3073967
18 7 2000.0
18 27 27.247782
18 16 2.5380754
18 23 1.4400618
19 31 0.09387887
19 9 0.0686165
19 4 0.07391894
20 30 4.5042443
20 13 1.3735175
20 33 1.4031217
20 11 1.5176181
20 29 4.7195783
20 5 3.093654
20 34 1.0511874
20 2 3.6611795
20 14 9.322306
20 37 7.703362
20 7 119.5382
20 27 0.98257405
20 16 27.455912
20 25 0.86178327
21 32 2000.0
21 24 1.3783745
21 35 0.04457844
21 12 0.10674214
21 15 6.6912737
21 4 2000.0
22 31 126.31579
22 9 0.04729926
22 19 2000.0
23 0 2000.0
23 30 3.1581526
23 8 1.7498461
23 2 10.404206
23 37 2.9025404
23 18 1.4400618
23 7 1.8871226
23 16 4.246591
23 11 2000.0
23 29 2.3649352
23 5 5.043321
24 26 0.048416343
24 32 0.3372236
24 10 0.091069356
24 21 1.3783745
24 12 0.0672748
24 3 2000.0
24 17 0.15487768
25 0 23.676666
25 30 20.9587
25 13 0.40748665
25 33 0.70884824
25 11 0.7948733
25 29 5.5136323
25 34 1.1968461
25 20 0.86178327
25 2 1.1387006
25 14 6.8042383
25 37 21.036648
25 7 8.584986
25 27 0.28958336
25 16 1.3803375
26 32 48.21042
26 28 0.059637208
26 10 0.029430678
26 24 0.048416343
26 31 0.09651802
26 12 0.6172341
26 17 1.3769735
27 30 0.24903338
27 0 2000.0
27 8 2.1007087
27 18 27.247782
27 13 0.435039
27 33 0.78355217
27 11 1.0288813
27 29 0.80062175
27 5 1.6871846
27 34 1.0342344
27 20 0.98257405
27 2 1.7654864
27 14 0.80448055
27 37 1.1532829
27 7 2000.0
27 16 1.3527273
27 25 0.28958336
28 36 0.034299303
28 26 0.059637208
28 10 0.3537643
28 3 29.055805
28 12 1200.3408
28 9 1.7211744
28 19 1367.8977
29 0 68.339714
29 30 0.7665362
29 8 0.6836047
29 18 1.3811892
29 13 0.7980665
29 33 16.691969
29 11 1.1974924
29 5 3.823037
29 34 4.0871825
29 20 4.7195783
29 2 1.3108054
29 37 1.3379058
29 7 2000.0
29 27 0.80062175
29 16 2183.3713
29 23 2.3649352
29 25 5.5136323
30 8 0.47760975
30 18 0.65401995
30 13 34.411316
30 33 5.701687
30 11 0.963444
30 29 0.7665362
30 5 0.7271585
30 34 0.85479337
30 20 4.5042443
30 2 12.693532
30 14 3.6591814
30 37 17.083288
30 7 0.9153913
30 27 0.24903338
30 16 1.0318565
30 23 3.1581526
30 25 20.9587
31 26 0.09651802
31 6 0.22405897
31 10 10.424354
31 35 40.45464
31 22 126.31579
31 9 0.028574638
31 4 0.058985077
31 17 0.93640023
31 19 0.09387887
32 26 48.21042
32 24 0.3372236
32 21 2000.0
32 12 2.2238433
32 15 0.069391176
33 30 5.701687
33 8 2000.0
33 13 1.1241106
33 11 1.7268974
33 29 16.691969
33 5 2000.0
33 34 2000.0
33 20 1.4031217
33 2 2.110294
33 14 0.3742669
33 7 2000.0
33 27 0.78355217
33 16 3017.898
33 25 0.70884824
34 30 0.85479337
34 20 1.0511874
34 8 28.996021
34 37 2000.0
34 7 553.8462
34 13 81.66667
34 27 1.0342344
34 16 41.8854
34 11 2.8956742
34 29 4.0871825
34 25 1.1968461
34 5 5.332308
35 21 0.04457844
35 31 40.45464
36 28 0.034299303
36 3 0.18995701
36 9 0.36833838
37 30 17.083288
37 0 2.1088479
37 8 1.0888234
37 18 2.3073967
37 13 1.774389
37 11 1.6105444
37 29 1.3379058
37 5 10.52647
37 20 7.703362
37 2 0.9019027
37 7 2793.6362
37 27 1.1532829
37 16 2000.0
37 23 2.9025404
37 25 21.036648
