0 8 5.0582795
0 2 1.5142573
0 37 1.2532812
0 13 0.7222799
0 11 71.111115
0 29 17.754143
1 3 0.21044724
1 12 1202.159
2 30 3.7782633
2 0 1.5142573
2 8 1.1085734
2 18 12.260034
2 13 0.3583178
2 33 2.2657096
2 11 1.3022771
2 29 0.7985753
2 20 2.62872
2 37 0.7711599
2 27 0.73134637
2 16 2000.0
2 23 12.966942
2 25 1.6407044
3 36 0.32261398
3 28 0.122518845
3 24 266.6667
3 12 0.04907885
3 1 0.21044724
3 9 0.8856122
4 31 0.0826426
4 9 0.059924856
4 17 0.093667455
4 19 0.08826499
5 30 0.6035957
5 8 0.64177585
5 18 0.33729708
5 13 800.0
5 11 2.301845
5 29 3.341521
5 34 1.6700782
5 20 1.4538118
5 37 2000.0
5 7 3.3334746
5 27 1.3311138
5 16 1.9488573
5 23 2.7225587
6 31 0.3441853
6 17 0.5432786
7 34 11.096113
7 30 0.8411082
7 20 1.4824536
7 8 19.15464
7 37 15.870311
7 27 120.00001
7 16 1.152377
7 11 12.491755
7 23 1.0239395
7 25 2.6513536
7 5 3.3334746
8 0 5.0582795
8 30 0.9668126
8 18 0.6834882
8 13 5.546252
8 11 0.37112698
8 29 1.1907562
8 5 0.64177585
8 34 2.5923023
8 2 1.1085734
8 37 1.2425895
8 7 19.15464
8 27 2.883293
8 16 1.4145485
8 23 1.1736499
9 36 0.568405
9 28 1.7476757
9 10 11.46344
9 22 0.38910425
9 31 0.03944007
9 3 0.8856122
9 12 2000.0
9 17 0.037316713
9 4 0.059924856
9 19 0.07532991
10 26 0.034018796
10 28 0.163655
10 24 0.038040634
10 31 0.035257414
10 12 23.778221
10 9 11.46344
10 17 0.038649373
11 0 71.111115
11 30 0.46976116
11 8 0.37112698
11 18 4.097094
11 13 0.5363006
11 33 2.0952604
11 29 0.7071002
11 5 2.301845
11 34 3.294027
11 20 1.147589
11 2 1.3022771
11 37 2.1353016
11 7 12.491755
11 27 0.6455357
11 16 1.1459438
11 25 1.2136014
12 26 0.53374517
12 28 3.949538
12 32 0.2792018
12 10 23.778221
12 24 0.086441696
12 21 0.08142338
12 3 0.04907885
13 30 0.9818305
13 0 0.7222799
13 8 5.546252
13 18 160.0
13 33 0.79839003
13 11 0.5363006
13 29 0.66828996
13 5 800.0
13 34 18.654404
13 20 0.66952425
13 2 0.3583178
13 14 4.4008517
13 37 2.1606429
13 27 0.4149324
13 16 2958.2954
13 25 0.45201302
14 34 2000.0
14 20 3.1531177
14 13 4.4008517
14 27 4.827689
14 33 0.62684923
14 11 2000.0
14 25 1.2718989
15 32 0.07487762
15 21 1.5228789
16 0 2000.0
16 30 1.1208795
16 8 1.4145485
16 18 0.79986805
16 11 1.1459438
16 29 29.764545
16 5 1.9488573
16 20 9.379261
16 37 51.711987
16 7 1.152377
16 27 1.5659093
16 23 8.264245
16 25 1.6249642
17 26 1.7946523
17 6 0.5432786
17 10 0.038649373
17 24 0.19207443
17 31 1.3324516
17 9 0.037316713
17 4 0.093667455
17 19 2.3524878
18 30 0.67403907
18 2 12.260034
18 8 0.6834882
18 37 1.0591063
18 7 2000.0
18 13 160.0
18 27 3.452635
18 16 0.79986805
18 23 1.2312331
18 11 4.097094
18 29 1.0825107
18 5 0.33729708
19 31 0.07672202
19 9 0.07532991
19 17 2.3524878
19 4 0.08826499
20 30 9.484043
20 13 0.66952425
20 33 1.0937713
20 11 1.147589
20 29 2.1023715
20 5 1.4538118
20 34 0.8012295
20 2 2.62872
20 14 3.1531177
20 37 2.5216444
20 7 1.4824536
20 27 0.8989122
20 16 9.379261
20 25 0.5999527
21 32 2000.0
21 24 0.6472827
21 35 0.047801383
21 12 0.08142338
21 15 1.5228789
22 6 1649.5454
22 31 1105.6818
22 9 0.38910425
22 19 1377.7842
23 0 2000.0
23 30 1.4481686
23 2 12.966942
23 8 1.1736499
23 37 1.469548
23 18 1.2312331
23 7 1.0239395
23 16 8.264245
23 11 2000.0
23 29 2.247485
23 5 2.7225587
24 26 0.051174533
24 32 0.10881503
24 10 0.038040634
24 21 0.6472827
24 31 2.052855
24 12 0.086441696
24 3 266.6667
24 15 2000.0
24 17 0.19207443
25 30 1.0947479
25 13 0.45201302
25 33 0.37975064
25 11 1.2136014
25 29 2.6531875
25 34 1.4012438
25 20 0.5999527
25 2 1.6407044
25 14 1.2718989
25 37 41.97803
25 7 2.6513536
25 27 0.44393942
25 16 1.6249642
26 36 98.67274
26 32 82.33896
26 28 0.06864295
26 10 0.034018796
26 24 0.051174533
26 31 0.07467221
26 12 0.53374517
26 17 1.7946523
27 0 2000.0
27 30 0.30919772
27 8 2.883293
27 18 3.452635
27 13 0.4149324
27 33 0.8488766
27 11 0.6455357
27 29 0.43399492
27 5 1.3311138
27 34 1.368634
27 20 0.8989122
27 2 0.73134637
27 14 4.827689
27 37 1.0134494
27 7 120.00001
27 16 1.5659093
27 25 0.44393942
28 36 0.040340915
28 26 0.06864295
28 10 0.163655
28 3 0.122518845
28 12 3.949538
28 9 1.7476757
29 30 6.1419487
29 0 17.754143
29 8 1.1907562
29 18 1.0825107
29 13 0.66828996
29 33 84.08096
29 11 0.7071002
29 5 3.341521
29 34 5.465162
29 20 2.1023715
29 2 0.7985753
29 37 0.760411
29 27 0.43399492
29 16 29.764545
29 23 2.247485
29 25 2.6531875
30 0 2000.0
30 8 0.9668126
30 18 0.67403907
30 13 0.9818305
30 33 1.7901663
30 11 0.46976116
30 29 6.1419487
30 5 0.6035957
30 34 1.352604
30 20 9.484043
30 2 3.7782633
30 37 6.481531
30 7 0.8411082
30 27 0.30919772
30 16 1.1208795
30 23 1.4481686
30 25 1.0947479
31 26 0.07467221
31 6 0.3441853
31 10 0.035257414
31 24 2.052855
31 9 0.03944007
31 17 1.3324516
31 4 0.0826426
31 19 0.07672202
32 26 82.33896
32 24 0.10881503
32 12 0.2792018
32 15 0.07487762
33 34 2000.0
33 30 1.7901663
33 20 1.0937713
33 2 2.2657096
33 14 0.62684923
33 7 2000.0
33 13 0.79839003
33 27 0.8488766
33 16 2000.0
33 11 2.0952604
33 29 84.08096
33 25 0.37975064
34 30 1.352604
34 20 0.8012295
34 8 2.5923023
34 13 18.654404
34 7 11.096113
34 27 1.368634
34 16 1215.0568
34 11 3.294027
34 25 1.4012438
34 29 5.465162
34 5 1.6700782
35 21 0.047801383
36 26 98.67274
36 28 0.040340915
36 3 0.32261398
36 9 0.568405
37 30 6.481531
37 0 1.2532812
37 8 1.2425895
37 18 1.0591063
37 13 2.1606429
37 11 2.1353016
37 29 0.760411
37 20 2.5216444
37 2 0.7711599
37 7 15.870311
37 27 1.0134494
37 16 51.711987
37 23 1.469548
37 25 41.97803
