0 8 11.162791
0 2 0.80502445
0 37 1.1922038
0 13 0.7432863
0 11 100.0
0 25 450.00003
0 29 5.7413855
1 3 0.39632013
1 12 1209.034
2 30 22.043562
2 0 0.80502445
2 8 1.7044
2 18 4.56555
2 13 0.47438163
2 33 2.8677938
2 11 1.4260205
2 29 1.4817377
2 20 4.8040414
2 37 0.9243051
2 27 0.8491443
2 16 2000.0
2 23 63.782642
2 25 5.677667
3 36 0.22906566
3 28 0.101354904
3 24 225.00002
3 12 0.06215146
3 1 0.39632013
3 9 0.18274269
4 31 0.092377864
4 9 0.06742465
4 17 0.07764468
4 19 0.0806898
5 30 0.72266287
5 8 0.8271734
5 18 0.8352116
5 13 2000.0
5 11 1.4213992
5 29 6.5429783
5 34 7.4309464
5 20 0.9955074
5 37 2000.0
5 7 32.00163
5 27 2.0696104
5 16 2.1269603
5 23 4.257829
6 31 0.83851206
6 17 1.9245443
7 34 5.0480456
7 30 0.98713
7 20 1.3919774
7 8 35.271942
7 37 16.020296
7 27 79.39921
7 16 1.1668751
7 11 4.0074043
7 23 1.0398227
7 25 4.0709987
7 5 32.00163
8 0 11.162791
8 30 0.7314437
8 18 1.0881599
8 13 3.1515195
8 11 0.8483079
8 29 0.76255983
8 5 0.8271734
8 34 4.9818807
8 2 1.7044
8 37 1.545299
8 7 35.271942
8 27 1.1756805
8 16 1.7455604
8 23 1.405504
9 36 1.8043371
9 26 2000.0
9 28 11.068182
9 10 4.4104023
9 22 0.15881811
9 31 0.027733231
9 3 0.18274269
9 17 0.052167065
9 4 0.06742465
9 19 0.06639923
10 26 0.03327049
10 28 0.7483217
10 24 0.1226596
10 31 0.028155707
10 12 6.804546
10 9 4.4104023
10 17 0.03174073
11 0 100.0
11 30 0.45112625
11 8 0.8483079
11 18 5.1681604
11 13 0.44956765
11 33 2.3440037
11 29 0.64489305
11 5 1.4213992
11 34 2.8255405
11 20 0.95987815
11 2 1.4260205
11 37 1.7669803
11 7 4.0074043
11 27 0.4613736
11 16 0.72781885
11 25 3.2151322
12 26 0.5943957
12 28 3.7115757
12 32 0.17894931
12 10 6.804546
12 24 0.09620882
12 21 0.07516766
12 3 0.06215146
13 30 0.77689904
13 0 0.7432863
13 8 3.1515195
13 18 300.0
13 33 0.8195534
13 11 0.44956765
13 29 1.1687046
13 34 8.711482
13 20 0.567562
13 2 0.47438163
13 14 2.5052059
13 37 1.9407015
13 27 0.25071967
13 16 46.711304
13 25 0.65880746
14 20 1.3221141
14 13 2.5052059
14 33 0.48516583
14 27 2.329422
14 11 2000.0
14 25 3.598982
15 32 0.0884035
15 21 1.6750149
16 30 1.1029714
16 0 2000.0
16 8 1.7455604
16 18 0.69453
16 13 46.711304
16 11 0.72781885
16 29 53.068817
16 5 2.1269603
16 20 5.7962856
16 37 30.596394
16 7 1.1668751
16 27 1.3859637
16 23 15.540081
16 25 1.2827436
17 26 1.7648374
17 6 1.9245443
17 10 0.03174073
17 24 0.32745814
17 31 1.0920496
17 9 0.052167065
17 4 0.07764468
17 19 2.7051954
18 30 0.68650115
18 2 4.56555
18 8 1.0881599
18 37 1.3670603
18 7 2000.0
18 13 300.0
18 27 3.0751574
18 16 0.69453
18 23 1.3013526
18 11 5.1681604
18 29 0.9355012
18 5 0.8352116
19 22 105.104706
19 31 0.07376627
19 9 0.06639923
19 17 2.7051954
19 4 0.0806898
20 30 11.062727
20 13 0.567562
20 33 0.95020497
20 11 0.95987815
20 29 1.2646598
20 5 0.9955074
20 34 1.0804849
20 2 4.8040414
20 14 1.3221141
20 37 4.1829305
20 7 1.3919774
20 27 0.5550671
20 16 5.7962856
20 25 0.677133
21 26 2000.0
21 10 2000.0
21 24 0.11084203
21 35 0.04902612
21 12 0.07516766
21 15 1.6750149
22 6 1684.2046
22 31 1232.6136
22 9 0.15881811
22 19 105.104706
23 0 2000.0
23 30 3.078722
23 2 63.782642
23 8 1.405504
23 37 1.9240056
23 18 1.3013526
23 7 1.0398227
23 16 15.540081
23 11 2000.0
23 29 3.2114778
23 5 4.257829
24 26 0.09077124
24 32 0.13939478
24 10 0.1226596
24 21 0.11084203
24 31 30.103973
24 12 0.09620882
24 3 225.00002
24 15 2000.0
24 17 0.32745814
25 0 450.00003
25 30 9.15606
25 13 0.65880746
25 33 1.0634669
25 11 3.2151322
25 29 4.009859
25 34 2.1788745
25 20 0.677133
25 2 5.677667
25 14 3.598982
25 37 43.850845
25 7 4.0709987
25 27 0.68047774
25 16 1.2827436
26 32 13.147727
26 28 0.043323863
26 10 0.03327049
26 24 0.09077124
26 31 0.08248733
26 12 0.5943957
26 17 1.7648374
27 0 2000.0
27 30 0.19821158
27 8 1.1756805
27 18 3.0751574
27 13 0.25071967
27 33 1.0263548
27 11 0.4613736
27 29 1.0649846
27 5 2.0696104
27 34 1.1086056
27 20 0.5550671
27 2 0.8491443
27 14 2.329422
27 37 1.725348
27 7 79.39921
27 16 1.3859637
27 25 0.68047774
28 36 0.042644635
28 26 0.043323863
28 10 0.7483217
28 3 0.101354904
28 12 3.7115757
28 9 11.068182
29 0 5.7413855
29 30 2.4477718
29 8 0.76255983
29 18 0.9355012
29 13 1.1687046
29 11 0.64489305
29 5 6.5429783
29 34 7.1048317
29 20 1.2646598
29 2 1.4817377
29 37 1.3286635
29 7 2000.0
29 27 1.0649846
29 16 53.068817
29 23 3.2114778
29 25 4.009859
30 0 2000.0
30 8 0.7314437
30 18 0.68650115
30 13 0.77689904
30 33 1.864499
30 11 0.45112625
30 29 2.4477718
30 5 0.72266287
30 34 1.7575915
30 20 11.062727
30 2 22.043562
30 14 2000.0
30 37 12.772353
30 7 0.98713
30 27 0.19821158
30 16 1.1029714
30 23 3.078722
30 25 9.15606
31 26 0.08248733
31 6 0.83851206
31 10 0.028155707
31 24 30.103973
31 9 0.027733231
31 17 1.0920496
31 4 0.092377864
31 19 0.07376627
32 26 13.147727
32 24 0.13939478
32 12 0.17894931
32 15 0.0884035
33 30 1.864499
33 8 2000.0
33 13 0.8195534
33 11 2.3440037
33 29 2382.1023
33 5 2000.0
33 34 2000.0
33 20 0.95020497
33 2 2.8677938
33 14 0.48516583
33 7 2000.0
33 27 1.0263548
33 16 2000.0
33 25 1.0634669
34 30 1.7575915
34 20 1.0804849
34 8 4.9818807
34 7 5.0480456
34 13 8.711482
34 27 1.1086056
34 16 2536.0227
34 11 2.8255405
34 25 2.1788745
34 29 7.1048317
34 5 7.4309464
35 21 0.04902612
36 26 2000.0
36 28 0.042644635
36 3 0.22906566
36 9 1.8043371
37 30 12.772353
37 0 1.1922038
37 8 1.545299
37 18 1.3670603
37 13 1.9407015
37 11 1.7669803
37 29 1.3286635
37 20 4.1829305
37 2 0.9243051
37 7 16.020296
37 27 1.725348
37 16 30.596394
37 23 1.9240056
37 25 43.850845
