0 8 22.14793
0 2 0.7201839
0 37 0.930113
0 13 0.7941432
0 11 142.44629
0 29 4.2113776
1 3 0.46908313
1 12 1201.591
2 30 14.446084
2 0 0.7201839
2 8 2.247078
2 18 7.5480294
2 13 0.40409225
2 33 3.2407105
2 11 0.90096396
2 29 0.88444453
2 20 3.7647665
2 37 1.5397097
2 27 3.0512326
2 16 2000.0
2 23 45.000004
2 25 1.4931952
3 36 0.24859317
3 28 0.106273666
3 24 2000.0
3 12 0.058045007
3 1 0.46908313
3 9 0.3547409
4 31 0.08142698
4 9 0.07827749
4 17 0.105270386
4 19 0.088679634
5 30 1.2440705
5 8 0.8794135
5 18 0.42357773
5 13 2000.0
5 11 2.4091587
5 29 6.1394825
5 34 5.4585724
5 20 4.451453
5 37 2000.0
5 7 14.207431
5 27 1.8326141
5 16 1.5570135
5 23 3.0245736
6 31 2.0225086
6 17 1.2580458
7 34 8.404959
7 30 1.1336501
7 20 1.6725676
7 8 31.973915
7 37 28.640474
7 16 1.1036028
7 11 9.9541235
7 23 0.96377593
7 25 3.8004189
7 5 14.207431
8 0 22.14793
8 30 0.77673346
8 18 1.305779
8 13 3.3552139
8 11 1.173381
8 29 0.5058186
8 5 0.8794135
8 34 24.908936
8 20 2000.0
8 2 2.247078
8 37 1.3433429
8 7 31.973915
8 27 1.103519
8 16 1.7598419
8 23 1.279713
8 25 2000.0
9 36 0.6512506
9 26 2000.0
9 28 0.72061694
9 10 13.394319
9 22 0.42469448
9 31 0.029591274
9 3 0.3547409
9 17 0.06302161
9 4 0.07827749
9 19 0.07949816
10 26 0.04698917
10 28 0.7185441
10 24 0.07501015
10 31 0.119575985
10 12 7.8701644
10 9 13.394319
10 17 0.031123137
11 0 142.44629
11 30 0.5324096
11 8 1.173381
11 18 3.36044
11 13 0.5689698
11 33 2.2079744
11 29 0.3778693
11 5 2.4091587
11 34 5.499407
11 20 1.6140363
11 2 0.90096396
11 37 1.7890735
11 7 9.9541235
11 27 0.8588911
11 16 0.58323866
11 25 1.3843733
12 26 0.8508117
12 28 6.4518294
12 32 0.30907595
12 10 7.8701644
12 24 0.08192061
12 21 0.06751081
12 3 0.058045007
13 30 0.8732729
13 0 0.7941432
13 8 3.3552139
13 18 470.2983
13 33 0.8032407
13 11 0.5689698
13 29 0.7862042
13 34 14.726471
13 20 0.6237825
13 2 0.40409225
13 14 1.9270911
13 37 3.2730756
13 27 0.32291603
13 16 166.31198
13 25 0.60273737
14 34 2000.0
14 20 0.9383261
14 13 1.9270911
14 33 0.39737707
14 27 2.6203184
14 11 2000.0
14 25 1.7892152
15 32 0.06929955
15 21 1.2290605
16 30 1.1413325
16 0 2000.0
16 8 1.7598419
16 18 0.7308146
16 13 166.31198
16 11 0.58323866
16 29 2000.0
16 5 1.5570135
16 20 7.143519
16 37 160.0
16 7 1.1036028
16 27 1.6076342
16 23 15.655227
16 25 1.3535404
17 26 2.0360692
17 6 1.2580458
17 10 0.031123137
17 24 0.22202212
17 31 1.2486261
17 9 0.06302161
17 4 0.105270386
17 19 2.5596879
18 30 0.73146427
18 2 7.5480294
18 8 1.305779
18 37 1.166812
18 7 2000.0
18 13 470.2983
18 27 3.8120275
18 16 0.7308146
18 23 1.5098931
18 11 3.36044
18 29 1.0407945
18 5 0.42357773
19 31 0.068695016
19 9 0.07949816
19 17 2.5596879
19 4 0.088679634
20 30 10.086435
20 13 0.6237825
20 33 0.9499263
20 11 1.6140363
20 29 1.5718194
20 5 4.451453
20 34 0.8362967
20 2 3.7647665
20 14 0.9383261
20 37 8.145385
20 7 1.6725676
20 27 0.3842608
20 16 7.143519
20 25 0.7254565
21 32 2000.0
21 24 0.06613966
21 35 0.04435942
21 12 0.06751081
21 15 1.2290605
22 6 1684.2046
22 31 1121.8182
22 9 0.42469448
22 19 1203.9772
23 0 2000.0
23 30 1.7138997
23 2 45.000004
23 8 1.279713
23 37 5.8126473
23 18 1.5098931
23 7 0.96377593
23 16 15.655227
23 11 2000.0
23 29 2.841497
23 5 3.0245736
24 26 0.09931511
24 32 0.14617948
24 10 0.07501015
24 21 0.06613966
24 31 15.000001
24 12 0.08192061
24 15 2000.0
24 17 0.22202212
25 0 2000.0
25 30 2.1509926
25 13 0.60273737
25 33 0.59960693
25 11 1.3843733
25 29 3.0956395
25 34 4.1949735
25 20 0.7254565
25 2 1.4931952
25 14 1.7892152
25 37 65.75493
25 7 3.8004189
25 27 0.90910673
25 16 1.3535404
26 32 19.19851
26 28 0.041697215
26 10 0.04698917
26 24 0.09931511
26 31 0.09051757
26 12 0.8508117
26 17 2.0360692
27 0 2000.0
27 30 0.15238568
27 8 1.103519
27 18 3.8120275
27 13 0.32291603
27 33 1.1259385
27 11 0.8588911
27 29 0.53727645
27 5 1.8326141
27 34 2.2256007
27 20 0.3842608
27 2 3.0512326
27 14 2.6203184
27 37 1.5096782
27 7 2448.3523
27 16 1.6076342
27 25 0.90910673
28 36 0.041868676
28 26 0.041697215
28 10 0.7185441
28 3 0.106273666
28 12 6.4518294
28 9 0.72061694
29 0 4.2113776
29 30 2.379172
29 8 0.5058186
29 18 1.0407945
29 13 0.7862042
29 11 0.3778693
29 5 6.1394825
29 34 16.437723
29 20 1.5718194
29 2 0.88444453
29 37 0.96569115
29 7 2000.0
29 27 0.53727645
29 16 2000.0
29 23 2.841497
29 25 3.0956395
30 0 2000.0
30 8 0.77673346
30 18 0.73146427
30 13 0.8732729
30 33 2.085128
30 11 0.5324096
30 29 2.379172
30 5 1.2440705
30 34 3.1833918
30 20 10.086435
30 2 14.446084
30 14 2000.0
30 37 5.018471
30 7 1.1336501
30 27 0.15238568
30 16 1.1413325
30 23 1.7138997
30 25 2.1509926
31 26 0.09051757
31 6 2.0225086
31 10 0.119575985
31 24 15.000001
31 9 0.029591274
31 17 1.2486261
31 4 0.08142698
31 19 0.068695016
32 26 19.19851
32 24 0.14617948
32 12 0.30907595
32 15 0.06929955
33 30 2.085128
33 8 2000.0
33 13 0.8032407
33 11 2.2079744
33 29 2382.1023
33 5 2000.0
33 34 2000.0
33 20 0.9499263
33 2 3.2407105
33 14 0.39737707
33 7 2000.0
33 27 1.1259385
33 16 2000.0
33 25 0.59960693
34 30 3.1833918
34 20 0.8362967
34 8 24.908936
34 7 8.404959
34 13 14.726471
34 27 2.2256007
34 16 2536.0227
34 11 5.499407
34 25 4.1949735
34 29 16.437723
34 5 5.4585724
35 21 0.04435942
36 26 2000.0
36 28 0.041868676
36 3 0.24859317
36 9 0.6512506
37 30 5.018471
37 0 0.930113
37 8 1.3433429
37 18 1.166812
37 13 3.2730756
37 11 1.7890735
37 29 0.96569115
37 20 8.145385
37 2 1.5397097
37 7 28.640474
37 27 1.5096782
37 16 160.0
37 23 5.8126473
37 25 65.75493
