0 8 8.098829
0 2 1.1693563
0 37 1.5726165
0 13 1.6939546
0 11 31.624628
0 29 4.296226
1 3 1.1945455
1 12 2000.0
2 0 1.1693563
2 30 14.479015
2 8 1.0090806
2 18 10.768709
2 13 0.3310552
2 33 2.6206932
2 11 0.6355931
2 29 0.969923
2 20 4.3920264
2 37 0.756285
2 27 0.42506245
2 16 2000.0
2 23 33.61749
2 25 1.109447
3 36 0.2666769
3 28 0.09025052
3 24 133.33334
3 12 0.049504828
3 1 1.1945455
3 9 0.4289307
4 31 0.08229161
4 9 0.06450796
4 17 0.075
4 19 0.09188861
5 30 0.5631074
5 8 1.0145501
5 18 0.39124805
5 13 104.83593
5 11 3.0520113
5 29 2.6535127
5 34 1.1192853
5 20 2.6489427
5 37 2000.0
5 7 4.9247274
5 27 1.700665
5 16 1.5705785
5 23 2.9220135
6 22 54.372795
6 31 0.5044125
6 17 1.790441
7 34 10.333612
7 30 0.7171655
7 20 3.489274
7 8 45.16062
7 37 10.625674
7 27 160.0
7 16 1.2538617
7 11 3.5132897
7 23 0.9793914
7 25 9.378403
7 5 4.9247274
8 0 8.098829
8 30 1.092289
8 18 1.0308787
8 13 4.889801
8 11 1.3180038
8 29 0.759252
8 5 1.0145501
8 34 4.113887
8 2 1.0090806
8 37 0.8234863
8 7 45.16062
8 27 1.8808235
8 16 1.5524254
8 23 1.2787622
9 36 1.2910835
9 28 2.317695
9 10 17.94375
9 22 0.68813586
9 31 0.0303842
9 3 0.4289307
9 12 2000.0
9 17 0.49786702
9 4 0.06450796
9 19 0.0893695
10 26 0.05770757
10 28 0.4012862
10 24 0.20730126
10 31 0.03881579
10 12 7.736426
10 9 17.94375
10 17 0.030847646
11 0 31.624628
11 30 0.3887334
11 8 1.3180038
11 18 6.948542
11 13 0.7449233
11 33 2.2629733
11 29 1.1821461
11 5 3.0520113
11 34 2.128394
11 20 1.0881878
11 2 0.6355931
11 37 1.3362925
11 7 3.5132897
11 27 0.36852798
11 16 0.94531125
11 25 0.91061544
12 26 1.3801136
12 28 3.0469167
12 32 0.22111237
12 10 7.736426
12 24 0.07111537
12 21 0.09755443
12 3 0.049504828
13 0 1.6939546
13 30 1.8565124
13 8 4.889801
13 18 152.4991
13 33 0.9517956
13 11 0.7449233
13 29 0.9613973
13 5 104.83593
13 34 6.432918
13 20 1.0304184
13 2 0.3310552
13 14 5.035917
13 37 2.2290494
13 27 0.49877918
13 16 51.239117
13 25 0.7936677
14 20 1.6439183
14 13 5.035917
14 27 2.392076
14 33 0.5995775
14 11 2000.0
14 25 0.82400554
15 32 0.07555527
15 21 1.341569
16 30 1.1215247
16 0 2000.0
16 8 1.5524254
16 18 0.840306
16 13 51.239117
16 11 0.94531125
16 29 14.080713
16 5 1.5705785
16 20 11.034569
16 37 20.172556
16 7 1.2538617
16 27 1.4375466
16 23 3.9495316
16 25 1.0180897
17 26 1.7427441
17 6 1.790441
17 10 0.030847646
17 24 0.27326435
17 31 1.4934965
17 9 0.49786702
17 4 0.075
17 19 2.4797666
18 30 0.7324006
18 2 10.768709
18 8 1.0308787
18 37 1.1968576
18 13 152.4991
18 7 2000.0
18 27 2.6427102
18 16 0.840306
18 23 1.2341475
18 11 6.948542
18 29 1.2298781
18 5 0.39124805
19 31 0.08177491
19 9 0.0893695
19 17 2.4797666
19 4 0.09188861
20 30 17.477463
20 13 1.0304184
20 33 1.7830321
20 11 1.0881878
20 29 1.9473547
20 5 2.6489427
20 34 1.9665871
20 2 4.3920264
20 14 1.6439183
20 37 3.8382874
20 7 3.489274
20 27 0.9408838
20 16 11.034569
20 25 0.88683397
21 26 2000.0
21 32 2000.0
21 10 2000.0
21 24 0.3452161
21 35 0.06799854
21 12 0.09755443
21 15 1.341569
22 6 54.372795
22 31 1181.1932
22 9 0.68813586
22 19 1288.409
23 0 2000.0
23 30 1.773863
23 2 33.61749
23 8 1.2787622
23 37 1.6856451
23 18 1.2341475
23 7 0.9793914
23 16 3.9495316
23 11 2000.0
23 29 3.8876371
23 5 2.9220135
24 26 0.05493494
24 32 0.099126406
24 10 0.20730126
24 21 0.3452161
24 31 6.786328
24 3 133.33334
24 12 0.07111537
24 15 2000.0
24 17 0.27326435
25 0 2000.0
25 30 5.4028926
25 13 0.7936677
25 33 0.53276205
25 11 0.91061544
25 29 5.428099
25 34 1.6389
25 20 0.88683397
25 2 1.109447
25 14 0.82400554
25 37 57.142857
25 7 9.378403
25 27 0.650673
25 16 1.0180897
26 32 14.988363
26 28 0.048842147
26 10 0.05770757
26 24 0.05493494
26 31 0.06078614
26 12 1.3801136
26 17 1.7427441
27 0 2000.0
27 30 0.19400421
27 8 1.8808235
27 18 2.6427102
27 13 0.49877918
27 33 1.145182
27 11 0.36852798
27 29 0.61975807
27 5 1.700665
27 34 0.8075104
27 20 0.9408838
27 2 0.42506245
27 14 2.392076
27 37 0.88131267
27 7 160.0
27 16 1.4375466
27 25 0.650673
28 36 0.04163562
28 26 0.048842147
28 10 0.4012862
28 3 0.09025052
28 12 3.0469167
28 9 2.317695
29 0 4.296226
29 30 2.6826072
29 8 0.759252
29 18 1.2298781
29 13 0.9613973
29 11 1.1821461
29 5 2.6535127
29 34 8.511494
29 20 1.9473547
29 2 0.969923
29 37 0.98304933
29 7 2000.0
29 27 0.61975807
29 16 14.080713
29 23 3.8876371
29 25 5.428099
30 0 2000.0
30 8 1.092289
30 18 0.7324006
30 13 1.8565124
30 33 2.1781285
30 11 0.3887334
30 29 2.6826072
30 5 0.5631074
30 34 0.7692618
30 20 17.477463
30 2 14.479015
30 37 6.94411
30 7 0.7171655
30 27 0.19400421
30 16 1.1215247
30 23 1.773863
30 25 5.4028926
31 26 0.06078614
31 6 0.5044125
31 10 0.03881579
31 24 6.786328
31 9 0.0303842
31 17 1.4934965
31 4 0.08229161
31 19 0.08177491
32 26 14.988363
32 24 0.099126406
32 12 0.22111237
32 15 0.07555527
33 30 2.1781285
33 8 2000.0
33 13 0.9517956
33 11 2.2629733
33 29 8077.4434
33 34 2000.0
33 20 1.7830321
33 2 2.6206932
33 14 0.5995775
33 7 2000.0
33 27 1.145182
33 16 1249.4886
33 25 0.53276205
34 30 0.7692618
34 20 1.9665871
34 8 4.113887
34 13 6.432918
34 7 10.333612
34 27 0.8075104
34 16 1215.0568
34 11 2.128394
34 25 1.6389
34 29 8.511494
34 5 1.1192853
35 21 0.06799854
36 26 2000.0
36 28 0.04163562
36 3 0.2666769
36 9 1.2910835
37 0 1.5726165
37 30 6.94411
37 8 0.8234863
37 18 1.1968576
37 13 2.2290494
37 11 1.3362925
37 29 0.98304933
37 20 3.8382874
37 2 0.756285
37 7 10.625674
37 27 0.88131267
37 16 20.172556
37 23 1.6856451
37 25 57.142857
