0 2 1.0431999
0 37 2.2800622
0 13 1.3230032
0 25 47.41875
0 29 37.91769
1 3 1.1780256
1 12 40.871647
2 30 23.507027
2 0 1.0431999
2 8 1.3658645
2 18 2.0151286
2 13 0.46658987
2 33 2.652263
2 11 1.6181561
2 29 1.1305073
2 20 3.2315197
2 37 0.8711872
2 27 0.6887412
2 16 2000.0
2 23 7.6201706
2 25 0.67627925
3 36 0.63109154
3 28 11.828841
3 24 2000.0
3 12 0.05811862
3 1 1.1780256
3 9 0.6485306
4 31 0.068667404
4 9 0.08415077
4 17 0.124856
4 19 0.07121436
5 30 0.7242262
5 8 0.70764107
5 18 0.82431924
5 13 37.91061
5 11 1.3805116
5 29 3.5934253
5 34 3.3282094
5 20 1.6819572
5 37 12.2893095
5 7 6.068817
5 27 1.2166839
5 16 1.4781486
5 23 3.3281958
5 25 2000.0
6 31 0.15185606
6 17 1.9055051
7 30 0.7745686
7 20 40.59091
7 8 4.0024858
7 37 88.888885
7 16 1.0717229
7 23 1.050872
7 11 102.83627
7 25 2.3216877
7 5 6.068817
8 0 2000.0
8 30 0.45104828
8 18 1.1071109
8 13 3.3431106
8 11 0.8562236
8 29 0.39130825
8 5 0.70764107
8 34 40.990707
8 2 1.3658645
8 37 0.9375931
8 7 4.0024858
8 27 1.0775325
8 16 1.6742212
8 23 0.9108658
8 25 2000.0
9 36 0.715867
9 26 2000.0
9 28 1.7777653
9 10 44.279224
9 22 0.070931084
9 31 0.028654456
9 12 2000.0
9 3 0.6485306
9 4 0.08415077
9 17 0.036418
9 19 0.06569796
10 26 0.02932251
10 28 0.27556816
10 24 0.08132201
10 31 13.397432
10 12 1481.7614
10 9 44.279224
10 17 0.030551415
11 0 2000.0
11 30 0.6023073
11 8 0.8562236
11 18 5.3364835
11 13 1.3047494
11 33 2.7991664
11 29 0.6897535
11 5 1.3805116
11 34 2.0282378
11 20 1.1641635
11 2 1.6181561
11 37 1.2888631
11 7 102.83627
11 27 0.67569774
11 16 1.5899398
11 25 0.643716
12 26 1.0089445
12 32 7.783783
12 24 0.06431961
12 21 0.12491123
12 3 0.05811862
12 1 40.871647
13 30 86.330185
13 0 1.3230032
13 8 3.3431106
13 18 141.77557
13 33 1.0130882
13 11 1.3047494
13 29 0.72705984
13 5 37.91061
13 34 1985.0974
13 20 1.0413955
13 2 0.46658987
13 14 12.268716
13 37 1.2177918
13 7 2000.0
13 27 1.0883858
13 16 60.29269
13 25 0.23538794
14 30 23.903288
14 20 2.809533
14 13 12.268716
14 27 5.3086715
14 33 0.52006125
14 11 2000.0
14 25 3.2049558
15 32 0.07076884
15 21 5.0686445
16 30 1.3166667
16 0 2000.0
16 8 1.6742212
16 18 1.2344836
16 13 60.29269
16 11 1.5899398
16 5 1.4781486
16 34 88.18222
16 20 38.814827
16 7 1.0717229
16 27 1.6135863
16 23 3.1771536
16 25 1.5070313
17 6 1.9055051
17 26 1.7745508
17 10 0.030551415
17 24 0.14949912
17 31 1.2183977
17 9 0.036418
17 4 0.124856
17 19 22.289513
18 0 2000.0
18 30 0.69404805
18 8 1.1071109
18 13 141.77557
18 11 5.3364835
18 29 1.3086592
18 5 0.82431924
18 2 2.0151286
18 37 2.750258
18 7 2000.0
18 27 118.87293
18 16 1.2344836
18 23 1.4714239
19 31 0.06740308
19 9 0.06569796
19 17 22.289513
19 4 0.07121436
20 30 2.1900795
20 13 1.0413955
20 33 0.92379725
20 11 1.1641635
20 29 3.6854603
20 5 1.6819572
20 34 0.85648966
20 2 3.2315197
20 14 2.809533
20 37 3.251482
20 7 40.59091
20 27 2.4892595
20 16 38.814827
20 25 0.45901585
21 32 2000.0
21 24 1.0327843
21 35 0.03219443
21 31 2000.0
21 12 0.12491123
21 15 5.0686445
22 31 156.52176
22 9 0.070931084
22 19 2000.0
23 0 2000.0
23 30 1.9329323
23 8 0.9108658
23 2 7.6201706
23 37 1.6900923
23 18 1.4714239
23 7 1.050872
23 16 3.1771536
23 11 2000.0
23 29 1.4334989
23 5 3.3281958
24 26 0.037551753
24 32 0.2726732
24 10 0.08132201
24 21 1.0327843
24 12 0.06431961
24 15 2000.0
24 17 0.14949912
25 30 32.684536
25 0 47.41875
25 13 0.23538794
25 33 0.5287156
25 11 0.643716
25 29 1.6025375
25 34 1.2984048
25 20 0.45901585
25 2 0.67627925
25 14 3.2049558
25 37 171.05116
25 7 2.3216877
25 27 0.24640472
25 16 1.5070313
26 32 72.08352
26 28 0.06259314
26 10 0.02932251
26 24 0.037551753
26 31 0.15281688
26 12 1.0089445
26 17 1.7745508
27 30 0.28505802
27 0 2000.0
27 8 1.0775325
27 18 118.87293
27 13 1.0883858
27 33 0.751481
27 11 0.67569774
27 29 0.6547314
27 5 1.2166839
27 34 1.0093147
27 20 2.4892595
27 2 0.6887412
27 14 5.3086715
27 37 1.645113
27 7 2000.0
27 16 1.6135863
27 25 0.24640472
28 36 0.031900365
28 26 0.06259314
28 10 0.27556816
28 3 11.828841
28 12 1205.3977
28 9 1.7777653
28 19 1370.909
29 0 37.91769
29 30 1.8548977
29 8 0.39130825
29 18 1.3086592
29 13 0.72705984
29 33 40.134346
29 11 0.6897535
29 5 3.5934253
29 34 2.722744
29 20 3.6854603
29 2 1.1305073
29 37 0.842661
29 7 2000.0
29 27 0.6547314
29 16 2000.0
29 23 1.4334989
29 25 1.6025375
30 8 0.45104828
30 18 0.69404805
30 13 86.330185
30 33 36.74835
30 11 0.6023073
30 29 1.8548977
30 5 0.7242262
30 34 1.058226
30 20 2.1900795
30 2 23.507027
30 14 23.903288
30 37 26.946095
30 7 0.7745686
30 27 0.28505802
30 16 1.3166667
30 23 1.9329323
30 25 32.684536
31 26 0.15281688
31 6 0.15185606
31 10 13.397432
31 22 156.52176
31 9 0.028654456
31 4 0.068667404
31 17 1.2183977
31 19 0.06740308
32 26 72.08352
32 24 0.2726732
32 12 7.783783
32 15 0.07076884
33 30 36.74835
33 8 2000.0
33 13 1.0130882
33 11 2.7991664
33 29 40.134346
33 5 2000.0
33 34 2000.0
33 20 0.92379725
33 2 2.652263
33 14 0.52006125
33 7 2000.0
33 27 0.751481
33 16 3017.898
33 25 0.5287156
34 30 1.058226
34 20 0.85648966
34 8 40.990707
34 37 2000.0
34 7 1904.2045
34 27 1.0093147
34 16 88.18222
34 11 2.0282378
34 29 2.722744
34 25 1.2984048
34 5 3.3282094
35 21 0.03219443
35 31 1211.3068
36 28 0.031900365
36 3 0.63109154
36 9 0.715867
37 30 26.946095
37 0 2.2800622
37 8 0.9375931
37 18 2.750258
37 13 1.2177918
37 11 1.2888631
37 29 0.842661
37 5 12.2893095
37 20 3.251482
37 2 0.8711872
37 7 88.888885
37 27 1.645113
37 16 2000.0
37 23 1.6900923
37 25 171.05116
