0 2 0.9677124
0 37 1.4452323
0 13 0.8713122
0 29 67.69303
0 25 43.227036
1 3 1.0435823
1 12 23.76948
2 30 13.020191
2 0 0.9677124
2 8 1.2180192
2 18 1.8603159
2 13 0.48194084
2 33 1.9743867
2 11 1.8311057
2 29 1.2086698
2 20 8.95217
2 37 0.7613906
2 27 1.0235409
2 16 2000.0
2 23 12.3703985
2 25 0.8127737
3 36 0.8228148
3 28 163.26256
3 24 2000.0
3 12 0.048867866
3 1 1.0435823
3 9 0.42116806
4 31 0.066239595
4 9 0.07910033
4 17 0.13605946
4 19 0.07416445
5 30 0.8025135
5 8 1.3734422
5 18 1.424208
5 13 36.247963
5 11 4.283745
5 29 5.7561016
5 34 2.7229366
5 20 3.6445358
5 37 13.802861
5 7 16.489761
5 27 3.2691662
5 16 1.9587524
5 23 2.6478121
5 25 2000.0
6 31 0.15080646
6 17 2.0287006
7 30 0.67475194
7 20 74.64566
7 8 5.8194246
7 16 1.501334
7 23 1.117225
7 25 3.023197
7 5 16.489761
8 0 2000.0
8 30 0.5639873
8 18 1.1219189
8 13 7.304717
8 11 1.1415871
8 29 1.5960153
8 5 1.3734422
8 34 59.336365
8 2 1.2180192
8 37 0.7902512
8 7 5.8194246
8 27 4.2674994
8 16 2.2474637
8 23 1.6883885
8 25 2000.0
9 36 0.94867736
9 26 2000.0
9 28 0.6949351
9 10 8.82034
9 22 0.054388355
9 31 0.029308474
9 12 2000.0
9 3 0.42116806
9 4 0.07910033
9 17 0.03059018
9 19 0.06715668
10 26 0.036709957
10 28 0.25802785
10 24 0.077774845
10 31 0.72479445
10 12 80.0
10 9 8.82034
10 17 0.029556872
11 0 2000.0
11 30 3.090035
11 8 1.1415871
11 18 8.86423
11 13 1.6031221
11 33 1.7273681
11 29 1.7539027
11 5 4.283745
11 34 9.661991
11 20 1.7943448
11 2 1.8311057
11 37 1.4068266
11 7 2923.2388
11 27 1.5392689
11 16 1.2678958
11 25 0.7045283
12 26 0.62124264
12 32 3.2695801
12 28 1180.8523
12 10 80.0
12 24 0.06590196
12 21 0.128376
12 3 0.048867866
12 1 23.76948
13 30 50.725
13 0 0.8713122
13 8 7.304717
13 18 19.184258
13 33 1.2063706
13 11 1.6031221
13 29 1.3905901
13 5 36.247963
13 34 1575.2273
13 20 1.7611461
13 2 0.48194084
13 14 5.77466
13 37 1.1898166
13 7 2000.0
13 27 0.36231834
13 16 64.32703
13 25 0.3111338
14 30 24.94982
14 20 4.4894304
14 13 5.77466
14 27 1.9139175
14 33 0.40322155
14 11 2000.0
14 25 2.5237002
15 32 0.07990002
15 21 7.359148
16 0 2000.0
16 30 1.1021425
16 8 2.2474637
16 18 1.4067172
16 13 64.32703
16 11 1.2678958
16 5 1.9587524
16 34 60.835224
16 20 69.33344
16 37 2000.0
16 7 1.501334
16 27 1.4676136
16 23 2.8466334
16 25 1.1990956
17 6 2.0287006
17 26 1.3663926
17 10 0.029556872
17 24 0.081788875
17 31 0.9666782
17 9 0.03059018
17 4 0.13605946
17 19 1584.034
18 0 2000.0
18 30 0.5579803
18 8 1.1219189
18 13 19.184258
18 11 8.86423
18 29 1.3346183
18 5 1.424208
18 2 1.8603159
18 37 4.573492
18 7 2000.0
18 27 321.4074
18 16 1.4067172
18 23 1.3077179
19 28 39.943752
19 31 0.07090717
19 9 0.06715668
19 4 0.07416445
20 0 2000.0
20 30 5.951535
20 8 2000.0
20 13 1.7611461
20 33 1.220951
20 11 1.7943448
20 29 10.022517
20 5 3.6445358
20 34 1.242515
20 2 8.95217
20 14 4.4894304
20 37 3.183191
20 7 74.64566
20 27 2.4804583
20 16 69.33344
20 25 0.86474764
21 26 2000.0
21 32 2000.0
21 24 0.95867544
21 35 0.035681818
21 31 2000.0
21 12 0.128376
21 15 7.359148
22 31 1522.0074
22 9 0.054388355
22 19 2000.0
23 30 4.4859133
23 0 2000.0
23 8 1.6883885
23 2 12.3703985
23 37 1.558975
23 18 1.3077179
23 7 1.117225
23 16 2.8466334
23 11 2000.0
23 29 1.3053977
23 5 2.6478121
24 26 0.053550966
24 32 0.36565658
24 10 0.077774845
24 21 0.95867544
24 12 0.06590196
24 15 2000.0
24 17 0.081788875
25 30 43.36137
25 0 43.227036
25 13 0.3111338
25 33 0.6296707
25 11 0.7045283
25 29 3.9555917
25 34 7.3869033
25 20 0.86474764
25 2 0.8127737
25 14 2.5237002
25 37 53.724716
25 7 3.023197
25 27 0.39231345
25 16 1.1990956
26 32 156.02434
26 28 0.042169087
26 10 0.036709957
26 24 0.053550966
26 31 1.0933754
26 12 0.62124264
26 17 1.3663926
27 30 0.34672946
27 0 2000.0
27 8 4.2674994
27 18 321.4074
27 13 0.36231834
27 33 0.74975926
27 11 1.5392689
27 29 0.81295377
27 5 3.2691662
27 34 1.4494944
27 20 2.4804583
27 2 1.0235409
27 14 1.9139175
27 37 0.75000954
27 7 7259.886
27 16 1.4676136
27 25 0.39231345
28 36 0.035204507
28 26 0.042169087
28 10 0.25802785
28 3 163.26256
28 12 1180.8523
28 9 0.6949351
28 19 39.943752
29 0 67.69303
29 30 2.1711824
29 8 1.5960153
29 18 1.3346183
29 13 1.3905901
29 33 19.34006
29 11 1.7539027
29 5 5.7561016
29 34 5.9417877
29 20 10.022517
29 2 1.2086698
29 37 0.9885308
29 7 2000.0
29 27 0.81295377
29 16 3227.3484
29 23 1.3053977
29 25 3.9555917
30 8 0.5639873
30 18 0.5579803
30 13 50.725
30 33 10.876579
30 11 3.090035
30 29 2.1711824
30 5 0.8025135
30 34 1.4998963
30 20 5.951535
30 2 13.020191
30 14 24.94982
30 37 12.249172
30 7 0.67475194
30 27 0.34672946
30 16 1.1021425
30 23 4.4859133
30 25 43.36137
31 6 0.15080646
31 26 1.0933754
31 10 0.72479445
31 35 2.8850646
31 22 1522.0074
31 9 0.029308474
31 4 0.066239595
31 17 0.9666782
31 19 0.07090717
32 26 156.02434
32 24 0.36565658
32 12 3.2695801
32 15 0.07990002
33 30 10.876579
33 8 2000.0
33 13 1.2063706
33 11 1.7273681
33 29 19.34006
33 5 2000.0
33 34 2000.0
33 20 1.220951
33 2 1.9743867
33 14 0.40322155
33 7 2000.0
33 27 0.74975926
33 16 2738.6362
33 25 0.6296707
34 30 1.4998963
34 20 1.242515
34 8 59.336365
34 37 2000.0
34 7 2000.0
34 27 1.4494944
34 16 60.835224
34 11 9.661991
34 29 5.9417877
34 25 7.3869033
34 5 2.7229366
35 21 0.035681818
35 31 2.8850646
36 28 0.035204507
36 3 0.8228148
36 9 0.94867736
37 30 12.249172
37 0 1.4452323
37 8 0.7902512
37 18 4.573492
37 13 1.1898166
37 11 1.4068266
37 29 0.9885308
37 5 13.802861
37 20 3.183191
37 2 0.7613906
37 7 2295.7388
37 27 0.75000954
37 16 2000.0
37 23 1.558975
37 25 53.724716
