0 2 0.6397683
0 37 1.4839606
0 13 0.57212675
0 29 28.09894
0 25 6.804688
1 3 0.37640154
1 12 24.593023
2 30 17.158699
2 0 0.6397683
2 8 1.1929563
2 18 1.9596974
2 13 0.50257546
2 33 2.118912
2 11 1.275409
2 29 1.0168202
2 20 2.3035975
2 37 1.0026453
2 27 0.6336794
2 16 2000.0
2 23 4.2610474
2 25 0.5602165
3 36 0.50769484
3 28 17.671398
3 24 171.42857
3 12 0.05985663
3 1 0.37640154
3 9 0.58989984
4 31 0.07107694
4 9 0.06729694
4 17 0.22012861
4 19 0.06852081
5 30 0.65403223
5 8 0.38441548
5 18 2.0172832
5 13 38.326504
5 11 4.3944016
5 29 2.5222788
5 34 6.3134203
5 20 2.3159516
5 37 17.180202
5 7 4.8085566
5 27 2.005902
5 16 1.4596516
5 23 2.7901328
6 31 0.14989004
6 17 8.382847
7 34 1093.7272
7 30 0.76231426
7 20 81.57197
7 8 9.93735
7 37 2000.0
7 16 1.3145514
7 11 132.68506
7 23 1.3984752
7 25 3.1714804
7 5 4.8085566
8 0 2000.0
8 30 0.47758946
8 18 1.2662175
8 13 0.77614087
8 11 0.81107473
8 29 0.5088859
8 5 0.38441548
8 34 20.202694
8 2 1.1929563
8 37 0.9038117
8 7 9.93735
8 27 1.2189976
8 16 1.7040647
8 23 0.80369574
8 25 2000.0
9 36 0.61536455
9 26 2000.0
9 28 2.3662984
9 10 22.451445
9 22 0.060464013
9 31 0.029957844
9 12 2000.0
9 3 0.58989984
9 4 0.06729694
9 17 0.036619317
9 19 0.07198791
10 26 0.03137109
10 28 0.23705356
10 24 0.0991342
10 31 14.033086
10 12 99.26548
10 9 22.451445
10 17 0.03322054
11 0 2000.0
11 30 0.7371076
11 8 0.81107473
11 18 7.8872795
11 13 0.9735412
11 33 3.038821
11 29 1.258162
11 5 4.3944016
11 34 1.7135054
11 20 1.140577
11 2 1.275409
11 37 1.4921023
11 7 132.68506
11 27 0.6375136
11 16 1.1676023
11 25 0.9124012
12 26 0.7160993
12 32 3.9707208
12 10 99.26548
12 24 0.07714921
12 21 0.20078796
12 3 0.05985663
12 1 24.593023
13 30 17.558475
13 0 0.57212675
13 8 0.77614087
13 18 1046.4857
13 33 0.965991
13 11 0.9735412
13 29 0.6941022
13 5 38.326504
13 34 244.07909
13 20 1.2065632
13 2 0.50257546
13 14 5.3434916
13 37 1.1189132
13 7 2000.0
13 27 0.43101472
13 16 30.673098
13 25 0.21277945
14 30 10.911876
14 20 2.1614897
14 13 5.3434916
14 27 2.913937
14 33 0.999316
14 11 2000.0
14 25 2.2992935
15 32 0.071192496
15 21 1.1583976
15 12 2000.0
16 0 2000.0
16 30 2.0022247
16 8 1.7040647
16 18 1.5406303
16 13 30.673098
16 11 1.1676023
16 29 541.8829
16 5 1.4596516
16 34 134.66557
16 20 34.42241
16 7 1.3145514
16 27 1.7185658
16 23 2.268568
16 25 1.0835961
17 6 8.382847
17 26 3.1359804
17 10 0.03322054
17 24 0.14608209
17 22 2000.0
17 31 1.1504887
17 9 0.036619317
17 4 0.22012861
17 19 2000.0
18 0 2000.0
18 30 0.6357038
18 8 1.2662175
18 13 1046.4857
18 11 7.8872795
18 29 1.0645335
18 5 2.0172832
18 2 1.9596974
18 37 2.3735569
18 7 2000.0
18 27 13.325998
18 16 1.5406303
18 23 1.8790962
19 28 90.98233
19 31 0.10889668
19 9 0.07198791
19 4 0.06852081
20 30 2.3455672
20 13 1.2065632
20 33 1.0872333
20 11 1.140577
20 29 6.9110866
20 5 2.3159516
20 34 0.7906837
20 2 2.3035975
20 14 2.1614897
20 37 1.6971165
20 7 81.57197
20 27 1.1751555
20 16 34.42241
20 25 0.49537152
21 24 0.8165255
21 35 0.0316264
21 31 2000.0
21 12 0.20078796
21 15 1.1583976
22 31 89.39526
22 9 0.060464013
22 19 2000.0
23 0 2000.0
23 30 3.9516444
23 8 0.80369574
23 2 4.2610474
23 37 1.1894366
23 18 1.8790962
23 7 1.3984752
23 16 2.268568
23 11 2000.0
23 29 1.2153038
23 5 2.7901328
24 26 0.04469697
24 32 0.2919527
24 10 0.0991342
24 21 0.8165255
24 12 0.07714921
24 3 171.42857
24 15 2000.0
24 17 0.14608209
25 30 17.248934
25 0 6.804688
25 13 0.21277945
25 33 0.57006997
25 11 0.9124012
25 29 1.4955982
25 34 1.3162609
25 20 0.49537152
25 2 0.5602165
25 14 2.2992935
25 37 24.854729
25 7 3.1714804
25 27 0.27332535
25 16 1.0835961
26 32 15.331498
26 28 0.125
26 10 0.03137109
26 24 0.04469697
26 31 0.13950665
26 12 0.7160993
26 17 3.1359804
27 30 0.23651092
27 0 2000.0
27 8 1.2189976
27 18 13.325998
27 13 0.43101472
27 33 0.88760984
27 11 0.6375136
27 29 0.5760382
27 5 2.005902
27 34 1.532962
27 20 1.1751555
27 2 0.6336794
27 14 2.913937
27 37 1.0535178
27 7 4402.386
27 16 1.7185658
27 25 0.27332535
28 36 0.035790164
28 26 0.125
28 10 0.23705356
28 3 17.671398
28 12 1193.8636
28 9 2.3662984
28 19 90.98233
29 0 28.09894
29 30 0.7242538
29 8 0.5088859
29 18 1.0645335
29 13 0.6941022
29 33 32.475346
29 11 1.258162
29 5 2.5222788
29 34 4.13321
29 20 6.9110866
29 2 1.0168202
29 37 1.6647766
29 27 0.5760382
29 16 541.8829
29 23 1.2153038
29 25 1.4955982
30 8 0.47758946
30 18 0.6357038
30 13 17.558475
30 33 15.657965
30 11 0.7371076
30 29 0.7242538
30 5 0.65403223
30 34 1.1356984
30 20 2.3455672
30 2 17.158699
30 14 10.911876
30 37 35.609665
30 7 0.76231426
30 27 0.23651092
30 16 2.0022247
30 23 3.9516444
30 25 17.248934
31 26 0.13950665
31 6 0.14989004
31 10 14.033086
31 35 71.93864
31 22 89.39526
31 9 0.029957844
31 4 0.07107694
31 17 1.1504887
31 19 0.10889668
32 26 15.331498
32 24 0.2919527
32 21 2000.0
32 12 3.9707208
32 15 0.071192496
33 34 2000.0
33 30 15.657965
33 20 1.0872333
33 2 2.118912
33 14 0.999316
33 7 2000.0
33 13 0.965991
33 27 0.88760984
33 16 3017.898
33 11 3.038821
33 29 32.475346
33 25 0.57006997
34 30 1.1356984
34 20 0.7906837
34 8 20.202694
34 37 2000.0
34 13 244.07909
34 7 1093.7272
34 27 1.532962
34 16 134.66557
34 11 1.7135054
34 29 4.13321
34 25 1.3162609
34 5 6.3134203
35 21 0.0316264
35 31 71.93864
36 28 0.035790164
36 3 0.50769484
36 12 2000.0
36 9 0.61536455
37 30 35.609665
37 0 1.4839606
37 8 0.9038117
37 18 2.3735569
37 13 1.1189132
37 11 1.4921023
37 29 1.6647766
37 5 17.180202
37 20 1.6971165
37 2 1.0026453
37 7 2000.0
37 27 1.0535178
37 16 2000.0
37 23 1.1894366
37 25 24.854729
