0 2 0.7621685
0 37 1.2975165
0 13 2.507554
0 29 13.661045
0 25 10.309456
1 3 0.5018984
1 12 11.963207
2 30 14.108676
2 0 0.7621685
2 8 1.1109613
2 18 1.723106
2 13 0.47712103
2 33 1.5929344
2 11 2.098169
2 29 1.1029395
2 20 3.0024881
2 37 0.76045454
2 27 0.81490874
2 16 2000.0
2 23 5.6512675
2 25 0.3874852
3 36 0.53034806
3 28 8.499999
3 24 2000.0
3 12 0.056835633
3 1 0.5018984
3 9 0.7934573
4 31 0.07193759
4 9 0.083509445
4 17 0.20635846
4 19 0.078470476
5 30 0.7507897
5 8 0.46718425
5 18 0.77792454
5 13 29.996456
5 11 4.040381
5 29 3.412925
5 34 3.3816268
5 20 3.3353662
5 37 8.594575
5 7 15.790453
5 27 1.6300211
5 16 1.4002117
5 23 2.0316267
5 25 2000.0
6 31 0.22106001
6 17 7.8911085
7 34 423.52942
7 30 0.8347882
7 20 54.100735
7 8 5.780042
7 37 139.94226
7 16 1.300706
7 23 1.3471351
7 25 2.9726157
7 5 15.790453
8 0 2000.0
8 30 0.33973208
8 18 1.2562349
8 13 1.1374485
8 11 1.0350256
8 29 0.43546066
8 5 0.46718425
8 34 30.961454
8 2 1.1109613
8 37 0.91767895
8 7 5.780042
8 27 1.1761265
8 16 1.6695125
8 23 0.8283236
8 25 2000.0
9 36 0.4864719
9 26 2000.0
9 28 1.0661367
9 10 16.059849
9 22 0.0559154
9 31 0.029520817
9 3 0.7934573
9 12 2000.0
9 4 0.083509445
9 17 0.03187499
9 19 0.068759
10 26 0.029385608
10 28 0.28174487
10 24 0.08174716
10 31 12.116643
10 12 1293.3523
10 9 16.059849
10 17 0.035307072
11 0 2000.0
11 30 0.85222924
11 8 1.0350256
11 18 6.8316827
11 13 0.8162254
11 33 1.6621948
11 29 1.3253723
11 5 4.040381
11 34 2.0868695
11 20 0.9271551
11 2 2.098169
11 37 1.1766227
11 7 3761.932
11 27 0.739959
11 16 1.1974747
11 25 0.50150156
12 26 0.6431548
12 32 2.8877604
12 24 0.06389072
12 21 0.13720676
12 3 0.056835633
12 1 11.963207
13 30 23.261623
13 0 2.507554
13 8 1.1374485
13 18 84.06277
13 33 1.0367364
13 11 0.8162254
13 29 0.7172806
13 5 29.996456
13 34 135.21538
13 20 1.5650219
13 2 0.47712103
13 14 5.831488
13 37 1.0848202
13 7 2000.0
13 27 0.3576555
13 16 28.604158
13 25 0.23643465
14 30 14.925131
14 20 2.057082
14 13 5.831488
14 27 3.1285176
14 33 0.41191602
14 11 2000.0
14 25 2.3032832
15 32 0.07069002
15 21 5.451387
16 0 2000.0
16 30 1.1079103
16 8 1.6695125
16 18 1.100663
16 13 28.604158
16 11 1.1974747
16 5 1.4002117
16 34 55.343563
16 20 21.782318
16 7 1.300706
16 27 1.3993044
16 23 2.3319213
16 25 0.81312436
17 6 7.8911085
17 26 1.6690342
17 10 0.035307072
17 24 0.23609999
17 31 0.9605923
17 9 0.03187499
17 4 0.20635846
17 19 100.0
18 0 2000.0
18 30 0.7725288
18 8 1.2562349
18 13 84.06277
18 11 6.8316827
18 29 0.97451156
18 5 0.77792454
18 2 1.723106
18 37 2.2301862
18 7 2000.0
18 27 29.180899
18 16 1.100663
18 23 1.3222959
19 28 160.0
19 31 0.06754262
19 9 0.068759
19 4 0.078470476
19 17 100.0
20 30 1.5879877
20 13 1.5650219
20 33 1.1125274
20 11 0.9271551
20 29 14.382631
20 5 3.3353662
20 34 0.82373387
20 2 3.0024881
20 14 2.057082
20 37 1.4323913
20 7 54.100735
20 27 1.8016182
20 16 21.782318
20 25 0.35723644
21 26 2000.0
21 32 2000.0
21 10 2000.0
21 24 1.3509657
21 35 0.031650525
21 12 0.13720676
21 15 5.451387
22 31 446.19778
22 9 0.0559154
22 19 2000.0
23 0 2000.0
23 30 1.5877094
23 8 0.8283236
23 2 5.6512675
23 37 1.4120017
23 18 1.3222959
23 7 1.3471351
23 16 2.3319213
23 11 2000.0
23 29 0.74169487
23 5 2.0316267
24 26 0.04305223
24 32 0.4822137
24 10 0.08174716
24 21 1.3509657
24 12 0.06389072
24 15 2000.0
24 17 0.23609999
25 30 27.325064
25 0 10.309456
25 13 0.23643465
25 33 0.6132913
25 11 0.50150156
25 29 1.1623164
25 34 2.118808
25 20 0.35723644
25 2 0.3874852
25 14 2.3032832
25 37 19.206005
25 7 2.9726157
25 27 0.19658455
25 16 0.81312436
26 32 1190.7386
26 28 0.06286595
26 10 0.029385608
26 24 0.04305223
26 31 0.129899
26 12 0.6431548
26 17 1.6690342
27 30 0.22811481
27 0 2000.0
27 8 1.1761265
27 18 29.180899
27 13 0.3576555
27 33 0.7262994
27 11 0.739959
27 29 0.5857471
27 5 1.6300211
27 34 0.8434791
27 20 1.8016182
27 2 0.81490874
27 14 3.1285176
27 37 0.75581414
27 7 7117.8975
27 16 1.3993044
27 25 0.19658455
28 36 0.034595963
28 26 0.06286595
28 10 0.28174487
28 3 8.499999
28 12 1211.9319
28 9 1.0661367
28 19 160.0
29 0 13.661045
29 30 0.5946987
29 8 0.43546066
29 18 0.97451156
29 13 0.7172806
29 33 12.881798
29 11 1.3253723
29 5 3.412925
29 34 2.9682043
29 20 14.382631
29 2 1.1029395
29 37 0.8539899
29 7 2000.0
29 27 0.5857471
29 16 2000.0
29 23 0.74169487
29 25 1.1623164
30 8 0.33973208
30 18 0.7725288
30 13 23.261623
30 33 13.029546
30 11 0.85222924
30 29 0.5946987
30 5 0.7507897
30 34 0.8397635
30 20 1.5879877
30 2 14.108676
30 14 14.925131
30 37 13.675932
30 7 0.8347882
30 27 0.22811481
30 16 1.1079103
30 23 1.5877094
30 25 27.325064
31 26 0.129899
31 6 0.22106001
31 10 12.116643
31 22 446.19778
31 9 0.029520817
31 4 0.07193759
31 17 0.9605923
31 19 0.06754262
32 24 0.4822137
32 12 2.8877604
32 15 0.07069002
33 30 13.029546
33 8 2000.0
33 13 1.0367364
33 11 1.6621948
33 29 12.881798
33 5 2000.0
33 34 2000.0
33 20 1.1125274
33 2 1.5929344
33 14 0.41191602
33 7 2000.0
33 27 0.7262994
33 16 3017.898
33 25 0.6132913
34 30 0.8397635
34 20 0.82373387
34 8 30.961454
34 37 2000.0
34 7 423.52942
34 13 135.21538
34 27 0.8434791
34 16 55.343563
34 11 2.0868695
34 29 2.9682043
34 25 2.118808
34 5 3.3816268
35 21 0.031650525
35 31 1298.1818
36 28 0.034595963
36 3 0.53034806
36 9 0.4864719
37 30 13.675932
37 0 1.2975165
37 8 0.91767895
37 18 2.2301862
37 13 1.0848202
37 11 1.1766227
37 29 0.8539899
37 5 8.594575
37 20 1.4323913
37 2 0.76045454
37 7 139.94226
37 27 0.75581414
37 16 2000.0
37 23 1.4120017
37 25 19.206005
