0 8 13.432159
0 2 1.4546685
0 37 0.97515756
0 13 1.0211976
0 11 30.750217
0 25 2000.0
0 29 15.39394
1 3 0.28116882
1 12 34.901394
2 30 84.910995
2 0 1.4546685
2 8 3.4451988
2 18 25.700056
2 13 0.65733963
2 33 1.9436361
2 11 1.6300333
2 29 2.3731616
2 20 4.9714456
2 37 1.5405113
2 27 2.9977036
2 23 45.532917
2 25 4.1239653
3 36 0.24001737
3 28 0.11774968
3 24 257.89474
3 12 0.061252244
3 1 0.28116882
3 9 0.24783751
4 31 0.070813216
4 9 0.06611543
4 17 0.07769293
4 19 0.095435925
5 30 0.53457224
5 8 0.9594384
5 18 0.44073278
5 13 2000.0
5 11 4.231177
5 29 9.365571
5 34 1.9253591
5 20 1.7045643
5 37 2000.0
5 7 6.352993
5 27 4.134086
5 16 2.3101583
5 23 5.6967688
6 22 136.4517
6 31 1.4425203
6 17 1.3305497
7 34 6.0660367
7 30 1.5767524
7 20 2.4514542
7 8 25.632444
7 37 30.838348
7 16 1.217376
7 11 19.194891
7 23 1.3551062
7 25 7.473997
7 5 6.352993
8 0 13.432159
8 30 1.6161381
8 18 1.1743437
8 13 2.9656837
8 11 5.1110096
8 29 0.7703681
8 5 0.9594384
8 34 2.834122
8 2 3.4451988
8 37 1.3362448
8 7 25.632444
8 27 1.5143063
8 16 1.4686931
8 23 1.009783
9 36 0.9358901
9 26 2000.0
9 28 2.4832726
9 10 6.437112
9 22 0.36853102
9 31 0.029967647
9 3 0.24783751
9 17 0.043475077
9 4 0.06611543
9 19 0.07483234
10 26 0.03143178
10 28 0.22125201
10 24 0.040214762
10 31 0.031299032
10 12 5.2384434
10 9 6.437112
10 17 0.029448709
11 0 30.750217
11 30 0.7540804
11 8 5.1110096
11 18 7.3976517
11 13 1.1932937
11 33 2.681137
11 29 1.327249
11 5 4.231177
11 34 2.539913
11 20 1.7110162
11 2 1.6300333
11 37 1.6062518
11 7 19.194891
11 27 0.5888538
11 16 1.1488936
11 25 1.1869262
12 26 1.0700176
12 28 4.7685924
12 32 0.26271942
12 10 5.2384434
12 24 0.076692656
12 21 0.073425055
12 3 0.061252244
12 1 34.901394
13 30 2.1529043
13 0 1.0211976
13 8 2.9656837
13 18 600.0
13 33 0.8821765
13 11 1.1932937
13 29 0.9377063
13 34 9.590909
13 20 0.70688814
13 2 0.65733963
13 14 2.8200078
13 37 1.3461963
13 27 0.8873788
13 16 40.969776
13 25 0.7783935
14 20 1.0002863
14 13 2.8200078
14 33 0.41604188
14 27 4.3585315
14 11 2000.0
14 25 4.1188397
15 32 0.08398844
15 21 1.4031681
16 0 2000.0
16 30 1.1024126
16 8 1.4686931
16 18 0.747284
16 13 40.969776
16 11 1.1488936
16 29 50.774292
16 5 2.3101583
16 20 19.393423
16 37 59.17063
16 7 1.217376
16 27 1.4905984
16 23 7.564132
16 25 1.6458477
17 26 1.8488119
17 6 1.3305497
17 10 0.029448709
17 24 0.24936004
17 31 1.1621861
17 9 0.043475077
17 4 0.07769293
17 19 2.3125749
18 30 0.6880998
18 2 25.700056
18 8 1.1743437
18 37 1.6923912
18 7 2000.0
18 13 600.0
18 27 4.2089434
18 16 0.747284
18 23 1.5095389
18 11 7.3976517
18 29 1.8431956
18 5 0.44073278
19 31 0.071430646
19 9 0.07483234
19 17 2.3125749
19 4 0.095435925
20 30 9.584835
20 13 0.70688814
20 33 1.1640869
20 11 1.7110162
20 29 1.4513252
20 5 1.7045643
20 34 0.9295868
20 2 4.9714456
20 14 1.0002863
20 37 2.4760256
20 7 2.4514542
20 27 1.0659837
20 16 19.393423
20 25 0.78551006
21 32 2000.0
21 24 0.095357925
21 35 0.04565005
21 12 0.073425055
21 15 1.4031681
22 6 136.4517
22 31 1677.841
22 9 0.36853102
22 19 1386.4772
23 0 2000.0
23 30 1.0117421
23 2 45.532917
23 8 1.009783
23 37 0.7361066
23 18 1.5095389
23 7 1.3551062
23 16 7.564132
23 11 2000.0
23 29 3.9719822
23 5 5.6967688
24 26 0.04945977
24 32 0.09672914
24 10 0.040214762
24 21 0.095357925
24 31 10.894332
24 12 0.076692656
24 3 257.89474
24 15 2000.0
24 17 0.24936004
25 0 2000.0
25 30 5.6120524
25 13 0.7783935
25 33 0.7640516
25 11 1.1869262
25 29 1.3992925
25 34 5.2071214
25 20 0.78551006
25 2 4.1239653
25 14 4.1188397
25 37 26.059519
25 7 7.473997
25 27 1.0660781
25 16 1.6458477
26 36 133.33334
26 32 33.075253
26 28 0.075843394
26 10 0.03143178
26 24 0.04945977
26 31 0.13986066
26 12 1.0700176
26 17 1.8488119
27 0 2000.0
27 30 0.29635343
27 8 1.5143063
27 18 4.2089434
27 13 0.8873788
27 33 0.97780824
27 11 0.5888538
27 29 0.8448148
27 5 4.134086
27 34 1.179271
27 20 1.0659837
27 2 2.9977036
27 14 4.3585315
27 37 1.6164411
27 7 256.3523
27 16 1.4905984
27 25 1.0660781
28 36 0.03220359
28 26 0.075843394
28 10 0.22125201
28 3 0.11774968
28 12 4.7685924
28 9 2.4832726
29 0 15.39394
29 30 3.5073168
29 8 0.7703681
29 18 1.8431956
29 13 0.9377063
29 11 1.327249
29 5 9.365571
29 34 9.367068
29 20 1.4513252
29 2 2.3731616
29 37 0.9713917
29 7 2000.0
29 27 0.8448148
29 16 50.774292
29 23 3.9719822
29 25 1.3992925
30 0 2000.0
30 8 1.6161381
30 18 0.6880998
30 13 2.1529043
30 33 5.2772613
30 11 0.7540804
30 29 3.5073168
30 5 0.53457224
30 34 1.7992486
30 20 9.584835
30 2 84.910995
30 14 2000.0
30 37 5.9996877
30 7 1.5767524
30 27 0.29635343
30 16 1.1024126
30 23 1.0117421
30 25 5.6120524
31 26 0.13986066
31 6 1.4425203
31 10 0.031299032
31 24 10.894332
31 9 0.029967647
31 17 1.1621861
31 4 0.070813216
31 19 0.071430646
32 26 33.075253
32 24 0.09672914
32 12 0.26271942
32 15 0.08398844
33 30 5.2772613
33 8 2000.0
33 13 0.8821765
33 11 2.681137
33 29 1436.875
33 34 2000.0
33 20 1.1640869
33 2 1.9436361
33 14 0.41604188
33 7 2000.0
33 27 0.97780824
33 16 1622.3296
33 25 0.7640516
34 30 1.7992486
34 20 0.9295868
34 8 2.834122
34 7 6.0660367
34 13 9.590909
34 27 1.179271
34 16 5535.0566
34 11 2.539913
34 25 5.2071214
34 29 9.367068
34 5 1.9253591
35 21 0.04565005
36 26 133.33334
36 28 0.03220359
36 3 0.24001737
36 9 0.9358901
37 30 5.9996877
37 0 0.97515756
37 8 1.3362448
37 18 1.6923912
37 13 1.3461963
37 11 1.6062518
37 29 0.9713917
37 20 2.4760256
37 2 1.5405113
37 7 30.838348
37 27 1.6164411
37 16 59.17063
37 23 0.7361066
37 25 26.059519
