0 8 15.482886
0 2 1.8147576
0 37 1.3269453
0 13 0.70272434
0 11 303.125
0 29 21.212753
1 3 0.26010972
1 12 1202.159
2 30 9.053526
2 0 1.8147576
2 8 1.9949164
2 18 12.516449
2 13 1.0094984
2 33 4.055146
2 11 2.9768536
2 29 1.1426691
2 20 2.1629016
2 37 2.7135065
2 27 1.5037776
2 16 2000.0
2 23 35.502083
2 25 3.0705512
3 36 0.31410515
3 28 0.068939395
3 24 2000.0
3 12 0.067843944
3 1 0.26010972
3 9 1.1418391
4 31 0.09276282
4 9 0.06924633
4 17 0.09738492
4 19 0.08740923
5 30 1.3541915
5 8 0.79279375
5 18 0.33066517
5 13 222.33904
5 11 6.8993974
5 29 2.4594321
5 34 1.3661504
5 20 2.3193097
5 37 2000.0
5 7 6.2234125
5 27 3.3344502
5 16 1.3148525
5 23 6.4932284
6 31 1.1814209
6 17 1.3202652
7 34 6.7684546
7 30 1.2927864
7 20 3.5358477
7 8 57.011623
7 37 31.96378
7 16 1.4036273
7 11 10.034658
7 23 1.0102061
7 25 3.509017
7 5 6.2234125
8 0 15.482886
8 30 0.8734733
8 18 0.9949281
8 13 4.634534
8 11 0.9390223
8 29 0.9786603
8 5 0.79279375
8 34 3.0424364
8 2 1.9949164
8 37 2.2258399
8 7 57.011623
8 27 3.3581636
8 16 1.400292
8 23 1.1646149
9 36 4.2955494
9 26 2000.0
9 28 1.6897728
9 10 20.602692
9 22 0.31362316
9 31 0.038191896
9 3 1.1418391
9 17 0.06389107
9 4 0.06924633
9 19 0.07948537
10 26 0.0331805
10 28 0.17139035
10 24 0.036764707
10 31 0.053800948
10 12 6.661756
10 9 20.602692
10 17 0.032357473
11 0 303.125
11 30 0.70666414
11 8 0.9390223
11 18 3.2829454
11 13 0.73399997
11 33 2.575963
11 29 0.9164026
11 5 6.8993974
11 34 2.7274206
11 20 0.94677633
11 2 2.9768536
11 37 1.8876821
11 7 10.034658
11 27 1.1247727
11 16 1.0766579
11 25 1.0747111
12 26 0.64491767
12 28 3.81029
12 32 0.27664658
12 10 6.661756
12 24 0.06572771
12 21 0.08827625
12 3 0.067843944
13 30 2.6477785
13 0 0.70272434
13 8 4.634534
13 18 182.42093
13 33 0.8946852
13 11 0.73399997
13 29 1.0451689
13 5 222.33904
13 34 12.326196
13 20 0.58585614
13 2 1.0094984
13 14 2.4059198
13 37 2.2216368
13 27 0.34343478
13 16 59.25926
13 25 0.815692
14 34 2000.0
14 20 2.1405964
14 13 2.4059198
14 27 3.1405938
14 33 0.390798
14 11 2000.0
14 25 3.307445
15 32 0.07427253
15 21 2.5867138
16 0 2000.0
16 30 1.1590223
16 8 1.400292
16 18 0.85942507
16 13 59.25926
16 11 1.0766579
16 29 25.82394
16 5 1.3148525
16 20 8.402071
16 37 48.739094
16 7 1.4036273
16 27 1.4190191
16 23 6.1419635
16 25 1.7482965
17 26 1.8499273
17 6 1.3202652
17 10 0.032357473
17 24 0.17386064
17 31 1.3615613
17 9 0.06389107
17 4 0.09738492
17 19 3.93455
18 30 0.71312404
18 2 12.516449
18 8 0.9949281
18 37 1.3234941
18 13 182.42093
18 7 2000.0
18 27 7.1499734
18 16 0.85942507
18 23 1.377009
18 11 3.2829454
18 29 1.2404207
18 5 0.33066517
19 31 0.08186401
19 9 0.07948537
19 17 3.93455
19 4 0.08740923
20 30 16.642899
20 13 0.58585614
20 33 1.067692
20 11 0.94677633
20 29 10.127633
20 5 2.3193097
20 34 0.84542304
20 2 2.1629016
20 14 2.1405964
20 37 4.9124618
20 7 3.5358477
20 27 0.4645556
20 16 8.402071
20 25 0.79440624
21 32 2000.0
21 24 0.44473138
21 35 0.04822023
21 12 0.08827625
21 15 2.5867138
22 6 1377.9546
22 31 1086.1364
22 9 0.31362316
22 19 1339.5455
23 30 4.834927
23 0 2000.0
23 2 35.502083
23 8 1.1646149
23 37 3.360804
23 18 1.377009
23 7 1.0102061
23 16 6.1419635
23 11 2000.0
23 29 4.5443125
23 5 6.4932284
24 26 0.07325587
24 32 0.12868905
24 10 0.036764707
24 21 0.44473138
24 31 3.7921553
24 12 0.06572771
24 15 2000.0
24 17 0.17386064
25 0 2000.0
25 30 1.9958227
25 13 0.815692
25 33 0.25076413
25 11 1.0747111
25 29 1.5774814
25 34 3.5712464
25 20 0.79440624
25 2 3.0705512
25 14 3.307445
25 37 72.10038
25 7 3.509017
25 27 0.67382365
25 16 1.7482965
26 36 266.6667
26 32 1208.8069
26 28 0.07088638
26 10 0.0331805
26 24 0.07325587
26 31 0.09751855
26 12 0.64491767
26 17 1.8499273
27 0 2000.0
27 30 0.25454003
27 8 3.3581636
27 18 7.1499734
27 13 0.34343478
27 33 1.121731
27 11 1.1247727
27 29 0.87312055
27 5 3.3344502
27 34 0.91087854
27 20 0.4645556
27 2 1.5037776
27 14 3.1405938
27 37 1.8719405
27 7 2000.0
27 16 1.4190191
27 23 2000.0
27 25 0.67382365
28 36 0.035144124
28 26 0.07088638
28 10 0.17139035
28 3 0.068939395
28 12 3.81029
28 9 1.6897728
29 0 21.212753
29 30 5.705426
29 8 0.9786603
29 18 1.2404207
29 13 1.0451689
29 11 0.9164026
29 5 2.4594321
29 34 7.5960584
29 20 10.127633
29 2 1.1426691
29 37 1.7317101
29 7 2000.0
29 27 0.87312055
29 16 25.82394
29 23 4.5443125
29 25 1.5774814
30 0 2000.0
30 8 0.8734733
30 18 0.71312404
30 13 2.6477785
30 33 1.8927317
30 11 0.70666414
30 29 5.705426
30 5 1.3541915
30 34 1.4036932
30 20 16.642899
30 2 9.053526
30 37 7.1836014
30 7 1.2927864
30 27 0.25454003
30 16 1.1590223
30 23 4.834927
30 25 1.9958227
31 26 0.09751855
31 6 1.1814209
31 10 0.053800948
31 24 3.7921553
31 9 0.038191896
31 17 1.3615613
31 4 0.09276282
31 19 0.08186401
32 26 1208.8069
32 24 0.12868905
32 12 0.27664658
32 15 0.07427253
33 34 2000.0
33 30 1.8927317
33 20 1.067692
33 2 4.055146
33 14 0.390798
33 7 2000.0
33 13 0.8946852
33 27 1.121731
33 16 2000.0
33 11 2.575963
33 29 5608.125
33 25 0.25076413
34 30 1.4036932
34 20 0.84542304
34 8 3.0424364
34 13 12.326196
34 7 6.7684546
34 27 0.91087854
34 16 1215.0568
34 11 2.7274206
34 25 3.5712464
34 29 7.5960584
34 5 1.3661504
35 21 0.04822023
36 26 266.6667
36 28 0.035144124
36 3 0.31410515
36 9 4.2955494
37 30 7.1836014
37 0 1.3269453
37 8 2.2258399
37 18 1.3234941
37 13 2.2216368
37 11 1.8876821
37 29 1.7317101
37 20 4.9124618
37 2 2.7135065
37 7 31.96378
37 27 1.8719405
37 16 48.739094
37 23 3.360804
37 25 72.10038
