0 2 1.334566
0 37 1.8218341
0 13 1.7330053
0 29 13.376239
0 25 15.217392
1 3 0.5402787
1 12 17.85199
2 30 21.452965
2 0 1.334566
2 8 1.124866
2 18 2.6294727
2 13 0.6632018
2 33 2.2503166
2 11 2.617131
2 29 1.2095041
2 20 6.3270288
2 37 0.88234544
2 27 1.4244944
2 16 2000.0
2 23 15.879408
2 25 0.4817298
3 36 0.5894028
3 28 10.868831
3 24 1134.375
3 12 0.06824851
3 1 0.5402787
3 9 0.82325274
4 31 0.06587767
4 9 0.09495465
4 17 0.11625719
4 19 0.06550236
5 30 0.5501445
5 8 0.33727646
5 18 0.9847808
5 13 38.180992
5 11 1.6356156
5 29 3.1081593
5 34 2.395
5 20 2.1507251
5 37 22.273317
5 7 52.881084
5 27 1.141767
5 16 1.6992238
5 23 2.1993506
5 25 2000.0
6 31 0.15227392
6 17 2.981388
7 30 0.759216
7 20 235.94395
7 8 5.0134997
7 37 35.972214
7 16 1.2373825
7 23 1.1496595
7 25 4.1418724
7 29 2000.0
7 5 52.881084
8 0 2000.0
8 30 0.46251002
8 18 1.2643484
8 13 0.7795122
8 11 0.8817485
8 29 0.7123127
8 5 0.33727646
8 34 46.420624
8 2 1.124866
8 37 0.9003009
8 7 5.0134997
8 27 1.2610034
8 16 1.4190308
8 23 0.89532536
8 25 2000.0
9 36 0.33749443
9 26 2000.0
9 28 1.0247326
9 10 52.35905
9 22 0.052198216
9 31 0.035350252
9 12 2000.0
9 3 0.82325274
9 4 0.09495465
9 17 0.03459299
9 19 0.07817833
10 26 0.031653885
10 28 0.19125
10 24 0.0734912
10 31 12.679588
10 12 57.27535
10 9 52.35905
10 17 0.031212123
11 0 2000.0
11 30 0.65237415
11 8 0.8817485
11 18 11.667572
11 13 0.89884424
11 33 2.77695
11 29 0.82582384
11 5 1.6356156
11 34 2.5615246
11 20 1.8304635
11 2 2.617131
11 37 1.1697617
11 7 143.10876
11 27 0.61702627
11 16 1.1108817
11 25 0.7655782
12 26 0.93527895
12 32 8.809039
12 10 57.27535
12 24 0.07213087
12 21 0.6880246
12 3 0.06824851
12 1 17.85199
13 30 61.652126
13 0 1.7330053
13 8 0.7795122
13 18 277.45572
13 33 1.017042
13 11 0.89884424
13 29 1.1913452
13 5 38.180992
13 34 133.33334
13 20 2.5097063
13 2 0.6632018
13 14 7.3595695
13 37 1.017619
13 7 2000.0
13 27 0.443036
13 16 34.03695
13 25 0.2484025
14 30 22.674417
14 20 1.9145697
14 13 7.3595695
14 27 2.2325902
14 33 0.42124954
14 11 2000.0
14 25 1.5279218
15 32 0.08101853
15 21 17.817757
16 0 2000.0
16 30 1.1038733
16 8 1.4190308
16 18 1.0506094
16 13 34.03695
16 11 1.1108817
16 5 1.6992238
16 34 26.925001
16 20 14.093926
16 7 1.2373825
16 27 1.380287
16 23 2.8475528
16 25 1.088133
17 6 2.981388
17 26 1.3707908
17 10 0.031212123
17 24 0.23305422
17 31 0.9617281
17 9 0.03459299
17 4 0.11625719
17 19 32.581566
18 0 2000.0
18 30 0.70174813
18 8 1.2643484
18 13 277.45572
18 11 11.667572
18 29 1.080742
18 5 0.9847808
18 2 2.6294727
18 37 2.154021
18 7 2000.0
18 27 23.822395
18 16 1.0506094
18 23 1.3258694
19 28 169.50473
19 31 0.061302245
19 9 0.07817833
19 4 0.06550236
19 17 32.581566
20 30 2.038118
20 8 2000.0
20 13 2.5097063
20 33 1.1050498
20 11 1.8304635
20 29 6.176973
20 5 2.1507251
20 34 0.84626615
20 2 6.3270288
20 14 1.9145697
20 37 3.4067123
20 7 235.94395
20 27 1.1395079
20 16 14.093926
20 25 0.37316227
21 32 2000.0
21 24 0.48697597
21 35 0.034750734
21 31 2000.0
21 12 0.6880246
21 15 17.817757
22 31 131.77922
22 9 0.052198216
22 19 2000.0
23 0 2000.0
23 30 1.2050004
23 8 0.89532536
23 2 15.879408
23 37 1.958857
23 18 1.3258694
23 7 1.1496595
23 16 2.8475528
23 11 2000.0
23 29 1.2296867
23 5 2.1993506
24 26 0.04543835
24 32 0.7000974
24 10 0.0734912
24 21 0.48697597
24 12 0.07213087
24 15 2000.0
24 17 0.23305422
25 30 32.60682
25 0 15.217392
25 13 0.2484025
25 33 0.5992198
25 11 0.7655782
25 29 2.8355677
25 34 2.4698255
25 20 0.37316227
25 2 0.4817298
25 14 1.5279218
25 37 88.61648
25 7 4.1418724
25 27 0.27828804
25 16 1.088133
26 32 1095.8523
26 28 0.062490363
26 10 0.031653885
26 24 0.04543835
26 31 0.15472314
26 12 0.93527895
26 17 1.3707908
27 30 0.22407869
27 0 2000.0
27 8 1.2610034
27 18 23.822395
27 13 0.443036
27 33 0.6189579
27 11 0.61702627
27 29 0.7294877
27 5 1.141767
27 34 1.1034603
27 20 1.1395079
27 2 1.4244944
27 14 2.2325902
27 37 0.90570533
27 7 2000.0
27 16 1.380287
27 25 0.27828804
28 36 0.03508756
28 26 0.062490363
28 10 0.19125
28 3 10.868831
28 12 1209.4886
28 9 1.0247326
28 19 169.50473
29 0 13.376239
29 30 1.9147458
29 8 0.7123127
29 18 1.080742
29 13 1.1913452
29 33 8.675288
29 11 0.82582384
29 5 3.1081593
29 34 2.5703855
29 20 6.176973
29 2 1.2095041
29 37 0.5803067
29 7 2000.0
29 27 0.7294877
29 16 2000.0
29 23 1.2296867
29 25 2.8355677
30 8 0.46251002
30 18 0.70174813
30 13 61.652126
30 33 7.024694
30 11 0.65237415
30 29 1.9147458
30 5 0.5501445
30 34 0.72901356
30 20 2.038118
30 2 21.452965
30 14 22.674417
30 37 14.798765
30 7 0.759216
30 27 0.22407869
30 16 1.1038733
30 23 1.2050004
30 25 32.60682
31 26 0.15472314
31 6 0.15227392
31 10 12.679588
31 22 131.77922
31 9 0.035350252
31 4 0.06587767
31 17 0.9617281
31 19 0.061302245
32 24 0.7000974
32 12 8.809039
32 15 0.08101853
33 30 7.024694
33 13 1.017042
33 11 2.77695
33 29 8.675288
33 5 2000.0
33 34 2000.0
33 20 1.1050498
33 2 2.2503166
33 14 0.42124954
33 7 2000.0
33 27 0.6189579
33 16 3017.898
33 25 0.5992198
34 30 0.72901356
34 20 0.84626615
34 8 46.420624
34 37 2000.0
34 7 2000.0
34 13 133.33334
34 27 1.1034603
34 16 26.925001
34 11 2.5615246
34 29 2.5703855
34 25 2.4698255
34 5 2.395
35 21 0.034750734
35 31 1166.3636
36 28 0.03508756
36 3 0.5894028
36 12 2000.0
36 9 0.33749443
37 30 14.798765
37 0 1.8218341
37 8 0.9003009
37 18 2.154021
37 13 1.017619
37 11 1.1697617
37 29 0.5803067
37 5 22.273317
37 20 3.4067123
37 2 0.88234544
37 7 35.972214
37 27 0.90570533
37 16 2000.0
37 23 1.958857
37 25 88.61648
