0 2 0.99806416
0 37 1.7694354
0 13 1.0756577
0 29 17.49361
0 25 15.402482
1 3 0.7666473
1 12 11.737444
2 30 34.385643
2 0 0.99806416
2 8 1.5223783
2 18 1.6364518
2 13 0.56339616
2 33 1.7461164
2 11 1.5970056
2 29 1.1182203
2 20 2.0174806
2 37 0.817506
2 27 2.2934883
2 16 2000.0
2 23 5.7156816
2 25 0.3781715
3 36 1.4722259
3 28 25.735502
3 24 2000.0
3 12 0.06747836
3 1 0.7666473
3 9 0.65519214
4 31 0.065624565
4 9 0.08421922
4 17 0.1626515
4 19 0.06762295
5 30 0.8505104
5 8 0.41643518
5 18 1.1510452
5 13 19.513851
5 11 2.5307028
5 29 1.8226455
5 34 2.1607175
5 20 3.134919
5 37 14.014665
5 7 7.4320655
5 27 2.0591874
5 16 2.2874157
5 23 4.972347
5 25 2000.0
6 31 0.15903503
6 17 2.8212788
7 30 0.9585122
7 20 78.82928
7 8 9.478152
7 37 67.79621
7 16 1.2363907
7 23 1.3297635
7 25 2.6254451
7 5 7.4320655
8 0 2000.0
8 30 0.459519
8 18 1.1458795
8 13 2.501189
8 11 0.9122629
8 29 0.7808359
8 5 0.41643518
8 34 33.734943
8 2 1.5223783
8 37 1.0146977
8 7 9.478152
8 27 0.9327662
8 16 2.0124004
8 23 0.9389794
8 25 2000.0
9 36 0.66455054
9 26 2000.0
9 28 2.0363536
9 10 300.0
9 22 0.043448687
9 31 0.029331528
9 3 0.65519214
9 12 2000.0
9 4 0.08421922
9 17 0.07500077
9 19 0.07683135
10 26 0.028085481
10 28 0.22397874
10 24 0.087185346
10 31 18.821167
10 12 1275.625
10 9 300.0
10 17 0.029025624
11 0 2000.0
11 30 1.0375407
11 8 0.9122629
11 18 9.098746
11 13 1.4185374
11 33 2.619189
11 29 0.8187595
11 5 2.5307028
11 34 1.8873967
11 20 1.2939636
11 2 1.5970056
11 37 1.8896722
11 7 1308.2955
11 27 0.74313146
11 16 1.5138298
11 25 0.6770426
12 26 0.49881402
12 32 4.870286
12 24 0.07432779
12 21 0.122005194
12 3 0.06747836
12 1 11.737444
13 30 36.583084
13 0 1.0756577
13 8 2.501189
13 18 400.0
13 33 1.1167902
13 11 1.4185374
13 29 0.80057883
13 5 19.513851
13 34 2126.3638
13 20 0.9444337
13 2 0.56339616
13 14 5.9885297
13 37 1.0670239
13 7 2000.0
13 27 0.35955852
13 16 56.308525
13 25 0.22517277
14 30 14.014547
14 20 3.586873
14 13 5.9885297
14 27 1.422506
14 33 0.34706706
14 11 2000.0
14 25 2.775968
15 32 0.06919905
15 21 6.4147186
16 30 1.265185
16 0 2000.0
16 8 2.0124004
16 18 1.6813166
16 13 56.308525
16 11 1.5138298
16 5 2.2874157
16 34 122.052475
16 20 27.133451
16 7 1.2363907
16 27 2.1030304
16 23 2.4703808
16 25 1.130739
17 6 2.8212788
17 26 1.7835644
17 10 0.029025624
17 24 0.121465825
17 31 1.0974678
17 9 0.07500077
17 4 0.1626515
17 19 1527.5568
18 0 2000.0
18 30 0.69379663
18 8 1.1458795
18 13 400.0
18 11 9.098746
18 29 1.3426137
18 5 1.1510452
18 2 1.6364518
18 37 2.6137052
18 7 2000.0
18 27 10.86488
18 16 1.6813166
18 23 1.433558
19 31 0.09005473
19 9 0.07683135
19 4 0.06762295
20 30 2.5420656
20 13 0.9444337
20 33 1.3530005
20 11 1.2939636
20 29 11.41137
20 5 3.134919
20 34 0.8512973
20 2 2.0174806
20 14 3.586873
20 37 1.6451293
20 7 78.82928
20 27 1.3957757
20 16 27.133451
20 25 0.45082822
21 32 2000.0
21 24 1.9184018
21 35 0.031729244
21 12 0.122005194
21 15 6.4147186
22 31 75.0
22 9 0.043448687
22 19 2000.0
23 0 2000.0
23 30 1.3881949
23 8 0.9389794
23 2 5.7156816
23 37 1.6350052
23 18 1.433558
23 7 1.3297635
23 16 2.4703808
23 11 2000.0
23 29 1.0722983
23 5 4.972347
24 26 0.04109679
24 32 0.20872161
24 10 0.087185346
24 21 1.9184018
24 12 0.07432779
24 15 2000.0
24 17 0.121465825
25 30 15.145198
25 0 15.402482
25 13 0.22517277
25 33 0.72651815
25 11 0.6770426
25 29 1.4264464
25 34 1.8876656
25 20 0.45082822
25 2 0.3781715
25 14 2.775968
25 37 25.449308
25 7 2.6254451
25 27 0.21804099
25 16 1.130739
26 32 127.95909
26 28 0.06339809
26 10 0.028085481
26 24 0.04109679
26 31 0.23184283
26 12 0.49881402
26 17 1.7835644
27 30 0.32443804
27 0 2000.0
27 8 0.9327662
27 18 10.86488
27 13 0.35955852
27 33 0.74161696
27 11 0.74313146
27 29 0.82383573
27 5 2.0591874
27 34 1.0041405
27 20 1.3957757
27 2 2.2934883
27 14 1.422506
27 37 1.3103459
27 7 2000.0
27 16 2.1030304
27 25 0.21804099
28 36 0.06161107
28 26 0.06339809
28 10 0.22397874
28 3 25.735502
28 12 1200.7954
28 9 2.0363536
28 19 1356.25
29 0 17.49361
29 30 1.9560577
29 8 0.7808359
29 18 1.3426137
29 13 0.80057883
29 33 18.743738
29 11 0.8187595
29 5 1.8226455
29 34 3.3808713
29 20 11.41137
29 2 1.1182203
29 37 0.8516165
29 7 2000.0
29 27 0.82383573
29 16 2000.0
29 23 1.0722983
29 25 1.4264464
30 8 0.459519
30 18 0.69379663
30 13 36.583084
30 33 8.093492
30 11 1.0375407
30 29 1.9560577
30 5 0.8505104
30 34 1.192584
30 20 2.5420656
30 2 34.385643
30 14 14.014547
30 37 24.016119
30 7 0.9585122
30 27 0.32443804
30 16 1.265185
30 23 1.3881949
30 25 15.145198
31 26 0.23184283
31 6 0.15903503
31 10 18.821167
31 35 141.59824
31 22 75.0
31 9 0.029331528
31 4 0.065624565
31 17 1.0974678
31 19 0.09005473
32 26 127.95909
32 24 0.20872161
32 12 4.870286
32 15 0.06919905
33 30 8.093492
33 13 1.1167902
33 11 2.619189
33 29 18.743738
33 5 2000.0
33 34 2000.0
33 20 1.3530005
33 2 1.7461164
33 14 0.34706706
33 7 2000.0
33 27 0.74161696
33 16 3017.898
33 25 0.72651815
34 30 1.192584
34 20 0.8512973
34 8 33.734943
34 37 2000.0
34 7 2000.0
34 27 1.0041405
34 16 122.052475
34 11 1.8873967
34 29 3.3808713
34 25 1.8876656
34 5 2.1607175
35 21 0.031729244
35 31 141.59824
36 28 0.06161107
36 3 1.4722259
36 9 0.66455054
37 30 24.016119
37 0 1.7694354
37 8 1.0146977
37 18 2.6137052
37 13 1.0670239
37 11 1.8896722
37 29 0.8516165
37 5 14.014665
37 20 1.6451293
37 2 0.817506
37 7 67.79621
37 27 1.3103459
37 16 2000.0
37 23 1.6350052
37 25 25.449308
