0 8 20.078457
0 2 1.1897938
0 37 2.471457
0 13 3.5510542
0 11 474.70352
0 25 480.00003
0 29 4.308513
1 3 0.4776393
1 12 1202.3295
2 30 9.105811
2 0 1.1897938
2 8 1.2041935
2 18 6.7883267
2 13 0.538717
2 33 2.025316
2 11 0.8789397
2 29 0.5398656
2 20 2.1530943
2 37 1.0568674
2 27 0.99823266
2 16 2000.0
2 23 62.7451
2 25 1.0850954
3 36 0.22303244
3 28 0.115044475
3 24 423.52942
3 12 0.06909091
3 1 0.4776393
3 9 0.21107176
4 31 0.07090909
4 9 0.0685544
4 17 0.094728015
4 19 0.097236134
5 30 0.7380309
5 8 0.7588565
5 18 0.88100463
5 13 83.278915
5 11 2.5987375
5 29 2.9456336
5 34 4.1031933
5 20 2.3969245
5 37 2000.0
5 7 8.618453
5 27 2.1320686
5 16 2.0604196
5 23 3.986411
6 22 186.77652
6 31 1.1951028
6 17 2.5768669
7 34 7.8149047
7 30 0.8714226
7 20 2.5353796
7 8 48.48336
7 37 19.508644
7 27 44.444443
7 16 1.3516395
7 11 4.2651215
7 23 1.216467
7 25 4.647156
7 5 8.618453
8 0 20.078457
8 30 0.9583617
8 18 1.1092418
8 13 2.3312528
8 11 0.72673047
8 29 0.50020576
8 5 0.7588565
8 34 1.8932048
8 2 1.2041935
8 37 1.1690928
8 7 48.48336
8 27 1.1382303
8 16 1.3149407
8 23 1.1540802
9 36 1.2234093
9 26 2000.0
9 28 10.700333
9 10 2.1776505
9 22 0.6498719
9 31 0.029806262
9 3 0.21107176
9 17 0.056868024
9 4 0.0685544
9 19 0.06823771
10 26 0.034668103
10 28 0.5411734
10 24 0.06629758
10 31 0.031806413
10 12 6.464332
10 9 2.1776505
10 17 0.030299926
11 0 474.70352
11 30 0.5210851
11 8 0.72673047
11 18 4.607028
11 13 0.36210883
11 33 2.8554034
11 29 1.3589051
11 5 2.5987375
11 34 3.4009109
11 20 1.1158684
11 2 0.8789397
11 37 1.4017636
11 7 4.2651215
11 27 0.42674565
11 16 0.77683735
11 25 1.2781308
12 26 0.5562602
12 28 7.9155836
12 32 0.26333994
12 10 6.464332
12 24 0.091631524
12 21 0.08255821
12 3 0.06909091
13 30 1.2809727
13 0 3.5510542
13 8 2.3312528
13 18 462.63333
13 33 1.0985867
13 11 0.36210883
13 29 0.64370877
13 5 83.278915
13 34 5.227898
13 20 0.7708908
13 2 0.538717
13 14 3.2075589
13 37 1.9009968
13 27 0.19392218
13 16 76.97396
13 25 0.6171256
14 20 0.52160954
14 13 3.2075589
14 33 0.434729
14 27 3.514458
14 11 2000.0
14 25 2.0401933
15 32 0.06654071
15 21 1.8849096
16 30 1.1205492
16 0 2000.0
16 8 1.3149407
16 18 0.7082355
16 13 76.97396
16 11 0.77683735
16 29 137.54167
16 5 2.0604196
16 20 6.09022
16 37 96.177086
16 7 1.3516395
16 27 1.4958371
16 23 13.365843
16 25 1.3680618
17 26 2.042601
17 6 2.5768669
17 10 0.030299926
17 24 0.2076813
17 31 1.1947972
17 9 0.056868024
17 4 0.094728015
17 19 3.8717923
18 30 0.81696594
18 2 6.7883267
18 8 1.1092418
18 37 1.1259582
18 13 462.63333
18 7 2000.0
18 27 7.853434
18 16 0.7082355
18 23 1.5576844
18 11 4.607028
18 29 1.2670319
18 5 0.88100463
19 31 0.070350386
19 9 0.06823771
19 17 3.8717923
19 4 0.097236134
20 30 15.620099
20 13 0.7708908
20 33 0.91282785
20 11 1.1158684
20 29 1.7458637
20 5 2.3969245
20 34 0.8042815
20 2 2.1530943
20 14 0.52160954
20 37 3.2716615
20 7 2.5353796
20 27 0.9096964
20 16 6.09022
20 25 0.59206575
21 10 2000.0
21 24 0.13516098
21 35 0.06747614
21 12 0.08255821
21 15 1.8849096
22 6 186.77652
22 31 1232.6136
22 9 0.6498719
22 19 1248.466
23 0 2000.0
23 30 3.5805268
23 2 62.7451
23 8 1.1540802
23 37 1.620981
23 18 1.5576844
23 7 1.216467
23 16 13.365843
23 11 2000.0
23 29 2.424264
23 5 3.986411
24 26 0.11341731
24 32 0.16528733
24 10 0.06629758
24 21 0.13516098
24 31 11.130312
24 3 423.52942
24 12 0.091631524
24 15 2000.0
24 17 0.2076813
25 0 480.00003
25 30 2.4654207
25 13 0.6171256
25 33 0.6901267
25 11 1.2781308
25 29 5.1796517
25 34 2.1372836
25 20 0.59206575
25 2 1.0850954
25 14 2.0401933
25 37 35.29859
25 7 4.647156
25 27 0.6705689
25 16 1.3680618
26 36 400.0
26 32 52.01307
26 28 0.047034632
26 10 0.034668103
26 24 0.11341731
26 31 0.07298729
26 12 0.5562602
26 17 2.042601
27 0 2000.0
27 30 0.17403074
27 8 1.1382303
27 18 7.853434
27 13 0.19392218
27 33 1.0315707
27 11 0.42674565
27 29 0.35299483
27 5 2.1320686
27 34 1.2919891
27 20 0.9096964
27 2 0.99823266
27 14 3.514458
27 37 1.0270444
27 7 44.444443
27 16 1.4958371
27 25 0.6705689
28 36 0.04308776
28 26 0.047034632
28 10 0.5411734
28 3 0.115044475
28 12 7.9155836
28 9 10.700333
29 0 4.308513
29 30 2.5854838
29 8 0.50020576
29 18 1.2670319
29 13 0.64370877
29 11 1.3589051
29 5 2.9456336
29 34 4.5925446
29 20 1.7458637
29 2 0.5398656
29 37 1.1606674
29 7 2000.0
29 27 0.35299483
29 16 137.54167
29 23 2.424264
29 25 5.1796517
30 0 2000.0
30 8 0.9583617
30 18 0.81696594
30 13 1.2809727
30 33 1.3256923
30 11 0.5210851
30 29 2.5854838
30 5 0.7380309
30 34 1.5826187
30 20 15.620099
30 2 9.105811
30 14 2000.0
30 37 7.7542067
30 7 0.8714226
30 27 0.17403074
30 16 1.1205492
30 23 3.5805268
30 25 2.4654207
31 26 0.07298729
31 6 1.1951028
31 10 0.031806413
31 24 11.130312
31 9 0.029806262
31 17 1.1947972
31 4 0.07090909
31 19 0.070350386
32 26 52.01307
32 24 0.16528733
32 12 0.26333994
32 15 0.06654071
33 34 2000.0
33 30 1.3256923
33 20 0.91282785
33 2 2.025316
33 14 0.434729
33 7 2000.0
33 13 1.0985867
33 27 1.0315707
33 16 2000.0
33 11 2.8554034
33 29 153.3324
33 25 0.6901267
34 30 1.5826187
34 20 0.8042815
34 8 1.8932048
34 7 7.8149047
34 13 5.227898
34 27 1.2919891
34 16 2536.0227
34 11 3.4009109
34 25 2.1372836
34 29 4.5925446
34 5 4.1031933
35 21 0.06747614
36 26 400.0
36 28 0.04308776
36 3 0.22303244
36 9 1.2234093
37 30 7.7542067
37 0 2.471457
37 8 1.1690928
37 18 1.1259582
37 13 1.9009968
37 11 1.4017636
37 29 1.1606674
37 20 3.2716615
37 2 1.0568674
37 7 19.508644
37 27 1.0270444
37 16 96.177086
37 23 1.620981
37 25 35.29859
