0 2 1.0277089
0 37 2.441364
0 13 0.72508484
0 29 20.353466
0 25 12.235164
1 3 0.62915367
1 12 17.485004
2 30 15.581224
2 0 1.0277089
2 8 1.8057958
2 18 2.8530474
2 13 0.7020986
2 33 1.6702553
2 11 1.9491305
2 29 1.1352637
2 20 6.452348
2 37 2.037551
2 27 692.89777
2 16 2000.0
2 23 8.561739
2 25 0.47574186
3 36 0.90972286
3 28 74.938644
3 24 2000.0
3 12 0.07319943
3 1 0.62915367
3 9 1.0041928
4 31 0.06947082
4 9 0.067559525
4 17 0.11252821
4 19 0.07028094
5 30 0.71333474
5 8 0.92833805
5 18 1.0336559
5 13 12.467039
5 11 2.5128322
5 29 3.1253467
5 34 1.7913923
5 20 2.734026
5 37 9.624432
5 7 8.714361
5 27 779.5454
5 16 1.632357
5 23 2.4056587
5 25 2000.0
6 31 0.119703084
6 17 2.888836
7 30 0.804064
7 20 49.804688
7 8 10.097262
7 37 160.0
7 16 1.1402861
7 23 1.4538354
7 25 2.6059954
7 5 8.714361
8 0 2000.0
8 30 0.44881788
8 18 1.1316615
8 13 2.1081357
8 11 1.3024509
8 29 1.1568017
8 5 0.92833805
8 34 33.4486
8 2 1.8057958
8 37 1.0440857
8 7 10.097262
8 27 1067.7273
8 16 1.7623259
8 23 1.0771099
8 25 2000.0
9 36 0.59970677
9 26 2000.0
9 28 0.8053735
9 10 7.5213165
9 22 0.07953467
9 31 0.030040322
9 3 1.0041928
9 4 0.067559525
9 17 0.07791692
9 19 0.08777174
10 26 35.795452
10 28 0.52736634
10 24 0.07767685
10 31 7.7937064
10 12 64.917244
10 9 7.5213165
10 17 0.030774357
11 0 2000.0
11 30 0.98301774
11 8 1.3024509
11 18 3.4124794
11 13 1.0883319
11 33 1.512704
11 29 0.9204546
11 5 2.5128322
11 34 1.7537642
11 20 0.9317841
11 2 1.9491305
11 37 1.1124609
11 7 2541.1934
11 27 692.89777
11 16 0.83023125
11 25 0.8055921
12 26 2000.0
12 32 4.581657
12 10 64.917244
12 24 0.084715106
12 21 0.096112914
12 3 0.07319943
12 1 17.485004
13 30 92.0569
13 0 0.72508484
13 8 2.1081357
13 18 23.874718
13 33 0.940199
13 11 1.0883319
13 29 1.0344502
13 5 12.467039
13 34 187.16478
13 20 1.1436979
13 2 0.7020986
13 14 4.087628
13 37 1.1057936
13 7 2000.0
13 27 150.96591
13 16 39.90043
13 25 0.27380913
14 30 10.398794
14 20 4.192284
14 13 4.087628
14 27 5234.1475
14 33 0.943401
14 11 2000.0
14 25 4.206533
15 32 0.069124594
15 21 16.35468
16 30 1.0848625
16 8 1.7623259
16 18 1.0525229
16 13 39.90043
16 11 0.83023125
16 29 266.6667
16 5 1.632357
16 34 74.06439
16 20 25.300524
16 7 1.1402861
16 27 1119.8296
16 23 4.732214
16 25 0.7250271
17 6 2.888836
17 26 1034.8864
17 10 0.030774357
17 24 0.055491522
17 31 0.98304766
17 9 0.07791692
17 4 0.11252821
17 19 105.32095
18 0 2000.0
18 30 0.7672484
18 8 1.1316615
18 13 23.874718
18 11 3.4124794
18 29 1.1877397
18 5 1.0336559
18 2 2.8530474
18 37 3.1839986
18 7 2000.0
18 27 2000.0
18 16 1.0525229
18 23 1.3645895
19 28 146.6216
19 31 0.10347429
19 9 0.08777174
19 4 0.07028094
19 17 105.32095
20 30 0.95710546
20 8 2000.0
20 13 1.1436979
20 33 1.2769252
20 11 0.9317841
20 29 9.011895
20 5 2.734026
20 34 0.7757957
20 2 6.452348
20 14 4.192284
20 37 4.797243
20 7 49.804688
20 27 957.6705
20 16 25.300524
20 25 0.4963716
21 32 2000.0
21 24 1.5058914
21 35 0.033712324
21 31 2000.0
21 12 0.096112914
21 15 16.35468
22 31 163.63637
22 9 0.07953467
22 19 2000.0
23 0 2000.0
23 30 3.640025
23 8 1.0771099
23 2 8.561739
23 37 1.9468155
23 18 1.3645895
23 7 1.4538354
23 16 4.732214
23 11 2000.0
23 29 1.2206304
23 5 2.4056587
24 26 37.045452
24 32 0.2904338
24 10 0.07767685
24 21 1.5058914
24 12 0.084715106
24 15 2000.0
24 17 0.055491522
25 0 12.235164
25 30 27.529833
25 13 0.27380913
25 33 0.6291745
25 11 0.8055921
25 29 2.233042
25 34 1.5533974
25 20 0.4963716
25 2 0.47574186
25 14 4.206533
25 37 41.389507
25 7 2.6059954
25 27 229.14774
25 16 0.7250271
28 36 0.03303628
28 26 51.81818
28 10 0.52736634
28 3 74.938644
28 12 1274.3182
28 9 0.8053735
28 19 146.6216
29 0 20.353466
29 30 1.7862388
29 8 1.1568017
29 18 1.1877397
29 13 1.0344502
29 33 23.476583
29 11 0.9204546
29 5 3.1253467
29 34 6.363443
29 20 9.011895
29 2 1.1352637
29 37 0.70448864
29 7 2000.0
29 27 1898.9204
29 16 266.6667
29 23 1.2206304
29 25 2.233042
30 8 0.44881788
30 18 0.7672484
30 13 92.0569
30 33 8.568817
30 11 0.98301774
30 29 1.7862388
30 5 0.71333474
30 34 0.9379261
30 20 0.95710546
30 2 15.581224
30 14 10.398794
30 37 13.26472
30 7 0.804064
30 27 147.78409
30 16 1.0848625
30 23 3.640025
30 25 27.529833
31 26 2000.0
31 6 0.119703084
31 10 7.7937064
31 35 37.575005
31 22 163.63637
31 21 2000.0
31 9 0.030040322
31 4 0.06947082
31 17 0.98304766
31 19 0.10347429
32 26 2000.0
32 24 0.2904338
32 12 4.581657
32 15 0.069124594
33 30 8.568817
33 8 2000.0
33 13 0.940199
33 11 1.512704
33 29 23.476583
33 5 2000.0
33 34 2000.0
33 20 1.2769252
33 2 1.6702553
33 14 0.943401
33 7 2000.0
33 27 698.2386
33 16 2422.443
33 25 0.6291745
34 30 0.9379261
34 20 0.7757957
34 8 33.4486
34 37 2000.0
34 7 4369.602
34 13 187.16478
34 27 716.8182
34 16 74.06439
34 11 1.7537642
34 29 6.363443
34 25 1.5533974
34 5 1.7913923
35 21 0.033712324
35 31 37.575005
36 28 0.03303628
36 3 0.90972286
36 9 0.59970677
37 30 13.26472
37 0 2.441364
37 8 1.0440857
37 18 3.1839986
37 13 1.1057936
37 11 1.1124609
37 29 0.70448864
37 5 9.624432
37 20 4.797243
37 2 2.037551
37 7 160.0
37 27 725.7955
37 16 2000.0
37 23 1.9468155
37 25 41.389507
