0 8 7.9030175
0 2 1.5938787
0 37 1.062747
0 13 0.847751
0 11 124.99999
0 29 19.251337
1 3 0.279361
1 12 1202.159
2 30 11.01678
2 0 1.5938787
2 8 1.8520018
2 18 20.46146
2 13 0.32150045
2 33 3.4689121
2 11 0.8788478
2 29 0.90897346
2 20 2.9837966
2 37 0.64698726
2 27 0.54714364
2 23 41.370457
2 25 1.9035131
3 36 0.24947631
3 28 0.13674241
3 24 2000.0
3 12 0.051387854
3 1 0.279361
3 9 0.5584176
4 31 0.08309427
4 9 0.067632265
4 17 0.09061005
4 19 0.08200927
5 30 0.77479774
5 8 0.9342423
5 18 0.33617705
5 13 450.00003
5 11 3.0751717
5 29 4.5141435
5 34 1.1790483
5 20 2.9415483
5 37 2000.0
5 7 4.2737603
5 27 2.0100539
5 16 1.7188507
5 23 3.9779303
6 31 0.54016495
6 17 1.020254
7 34 10.188028
7 30 0.74531776
7 20 1.6151651
7 8 44.78863
7 37 11.837672
7 27 160.0
7 16 1.1639609
7 11 14.740932
7 23 1.1376275
7 25 5.488162
7 5 4.2737603
8 0 7.9030175
8 30 0.7162912
8 18 1.0328175
8 13 3.8449998
8 11 0.7398064
8 29 1.0766958
8 5 0.9342423
8 34 2.1718268
8 2 1.8520018
8 37 1.1222163
8 7 44.78863
8 27 1.9138341
8 16 1.5104839
8 23 1.1504122
9 36 2.6377094
9 26 2000.0
9 28 1.5075215
9 10 8.006423
9 22 0.40296754
9 31 0.0326658
9 3 0.5584176
9 12 2000.0
9 17 0.045954157
9 4 0.067632265
9 19 0.06775815
10 26 0.032038677
10 28 0.26718876
10 24 0.041144893
10 31 0.076233305
10 12 13.454774
10 9 8.006423
10 17 0.029894827
11 0 124.99999
11 30 0.8037094
11 8 0.7398064
11 18 4.743978
11 13 1.0861349
11 33 2.6109982
11 29 0.98554933
11 5 3.0751717
11 34 2.2005208
11 20 1.6041093
11 2 0.8788478
11 37 1.325471
11 7 14.740932
11 27 0.58772725
11 16 1.420531
11 25 0.8925721
12 26 1.7424966
12 28 3.954222
12 32 0.22847717
12 10 13.454774
12 24 0.06762609
12 21 0.08324419
12 3 0.051387854
13 30 0.9466715
13 0 0.847751
13 8 3.8449998
13 18 340.4694
13 33 0.99734235
13 11 1.0861349
13 29 1.2060202
13 5 450.00003
13 34 9.828525
13 20 0.52843875
13 2 0.32150045
13 14 2.526103
13 37 1.3330686
13 27 0.17313725
13 16 80.0
13 25 0.4957987
14 20 0.6946332
14 13 2.526103
14 27 1.682068
14 33 0.41294906
14 11 2000.0
14 25 1.8806663
15 32 0.08464136
15 21 0.7568462
16 0 2000.0
16 30 1.1394069
16 8 1.5104839
16 18 0.69481874
16 13 80.0
16 11 1.420531
16 29 19.43912
16 5 1.7188507
16 20 10.214394
16 37 23.123095
16 7 1.1639609
16 27 1.3236185
16 23 6.232955
16 25 1.031405
17 26 1.6678413
17 6 1.020254
17 10 0.029894827
17 24 0.11695365
17 31 1.1717222
17 9 0.045954157
17 4 0.09061005
17 19 2.757082
18 30 0.71603024
18 2 20.46146
18 8 1.0328175
18 37 1.2419388
18 13 340.4694
18 7 2000.0
18 27 3.2629786
18 16 0.69481874
18 23 1.2782618
18 11 4.743978
18 29 1.4487915
18 5 0.33617705
19 22 109.01213
19 31 0.08163971
19 9 0.06775815
19 17 2.757082
19 4 0.08200927
20 30 37.93746
20 13 0.52843875
20 33 1.0895214
20 11 1.6041093
20 29 2.2428703
20 5 2.9415483
20 34 0.8235416
20 2 2.9837966
20 14 0.6946332
20 37 2.4134247
20 7 1.6151651
20 27 0.59201914
20 16 10.214394
20 25 0.32598963
21 26 2000.0
21 32 2000.0
21 10 2000.0
21 24 0.26944214
21 35 0.047749083
21 12 0.08324419
21 15 0.7568462
22 6 1215.1136
22 31 1076.6477
22 9 0.40296754
22 19 109.01213
23 0 2000.0
23 30 1.6933253
23 2 41.370457
23 8 1.1504122
23 37 2.7021792
23 18 1.2782618
23 7 1.1376275
23 16 6.232955
23 11 2000.0
23 29 2.3677845
23 5 3.9779303
24 26 0.08170327
24 32 0.09370492
24 10 0.041144893
24 21 0.26944214
24 31 3.8563156
24 12 0.06762609
24 15 2000.0
24 17 0.11695365
25 0 2000.0
25 30 1.3671339
25 13 0.4957987
25 33 0.29604524
25 11 0.8925721
25 29 3.135726
25 34 1.2712483
25 20 0.32598963
25 2 1.9035131
25 14 1.8806663
25 37 170.31392
25 7 5.488162
25 27 0.46550587
25 16 1.031405
26 36 200.0
26 32 24.303333
26 28 0.1016688
26 10 0.032038677
26 24 0.08170327
26 31 0.07388959
26 12 1.7424966
26 17 1.6678413
27 0 2000.0
27 30 0.19446932
27 8 1.9138341
27 18 3.2629786
27 13 0.17313725
27 33 0.94537663
27 11 0.58772725
27 29 0.622221
27 5 2.0100539
27 34 0.9264579
27 20 0.59201914
27 2 0.54714364
27 14 1.682068
27 37 0.8889306
27 7 160.0
27 16 1.3236185
27 25 0.46550587
28 36 0.073636
28 26 0.1016688
28 10 0.26718876
28 3 0.13674241
28 12 3.954222
28 9 1.5075215
29 0 19.251337
29 30 7.536182
29 8 1.0766958
29 18 1.4487915
29 13 1.2060202
29 33 57.060104
29 11 0.98554933
29 5 4.5141435
29 34 5.845112
29 20 2.2428703
29 2 0.90897346
29 37 0.6740134
29 7 2000.0
29 27 0.622221
29 16 19.43912
29 23 2.3677845
29 25 3.135726
30 0 2000.0
30 8 0.7162912
30 18 0.71603024
30 13 0.9466715
30 33 1.6698507
30 11 0.8037094
30 29 7.536182
30 5 0.77479774
30 34 1.422442
30 20 37.93746
30 2 11.01678
30 37 4.5517626
30 7 0.74531776
30 27 0.19446932
30 16 1.1394069
30 23 1.6933253
30 25 1.3671339
31 26 0.07388959
31 6 0.54016495
31 10 0.076233305
31 24 3.8563156
31 22 1076.6477
31 9 0.0326658
31 17 1.1717222
31 4 0.08309427
31 19 0.08163971
32 26 24.303333
32 24 0.09370492
32 12 0.22847717
32 15 0.08464136
33 34 2000.0
33 30 1.6698507
33 20 1.0895214
33 2 3.4689121
33 14 0.41294906
33 7 2000.0
33 13 0.99734235
33 27 0.94537663
33 16 2000.0
33 11 2.6109982
33 29 57.060104
33 25 0.29604524
34 30 1.422442
34 20 0.8235416
34 8 2.1718268
34 13 9.828525
34 7 10.188028
34 27 0.9264579
34 16 1215.0568
34 11 2.2005208
34 25 1.2712483
34 29 5.845112
34 5 1.1790483
35 21 0.047749083
36 26 200.0
36 28 0.073636
36 3 0.24947631
36 9 2.6377094
37 30 4.5517626
37 0 1.062747
37 8 1.1222163
37 18 1.2419388
37 13 1.3330686
37 11 1.325471
37 29 0.6740134
37 20 2.4134247
37 2 0.64698726
37 7 11.837672
37 27 0.8889306
37 16 23.123095
37 23 2.7021792
37 25 170.31392
