0 8 12.33569
0 2 0.95469886
0 37 1.3507214
0 13 0.9823294
0 11 61.06133
0 25 2000.0
0 29 17.39438
1 3 0.3700758
1 12 73.65948
2 30 15.585265
2 0 0.95469886
2 8 1.4427679
2 18 7.353966
2 13 0.41920954
2 33 2.4081593
2 11 0.8834622
2 29 1.0129848
2 20 1.8554027
2 37 0.71378875
2 27 0.72132844
2 16 2000.0
2 23 79.94254
2 25 0.9904816
3 36 0.2908501
3 28 0.1062063
3 24 445.45456
3 12 0.068600066
3 1 0.3700758
3 9 0.35931298
4 31 0.08966615
4 9 0.08103349
4 17 0.088036954
4 19 0.0816621
5 30 1.9405174
5 8 0.90539
5 18 0.47466657
5 13 2000.0
5 11 2.1611772
5 29 4.1745696
5 34 3.2265806
5 20 2.0278356
5 37 2000.0
5 7 4.6872587
5 27 1.9500225
5 16 1.3842292
5 23 3.0467167
6 31 1.0825717
6 17 1.945973
7 34 6.1491385
7 30 0.7541936
7 20 1.2697935
7 8 28.571428
7 37 22.483158
7 27 141.65828
7 16 1.6437609
7 11 4.5557446
7 23 0.98235166
7 25 4.291047
7 5 4.6872587
8 0 12.33569
8 30 0.658895
8 18 1.7594109
8 13 3.3119352
8 11 1.2541634
8 29 0.49888325
8 5 0.90539
8 34 2.5243201
8 2 1.4427679
8 37 1.3428437
8 7 28.571428
8 27 2.3447335
8 16 1.8870819
8 23 1.6685977
9 36 1.5835508
9 26 2000.0
9 28 4.5560913
9 10 1.5115205
9 22 0.94713646
9 31 0.0351807
9 3 0.35931298
9 17 0.085344836
9 4 0.08103349
9 19 0.068410866
10 26 0.052501835
10 28 0.21304853
10 24 0.06738759
10 31 0.028681062
10 12 1.380966
10 9 1.5115205
10 17 0.02948476
11 0 61.06133
11 30 0.4061848
11 8 1.2541634
11 18 3.6347353
11 13 0.44631007
11 33 2.133957
11 29 0.86350375
11 5 2.1611772
11 34 2.811525
11 20 0.709625
11 2 0.8834622
11 37 1.5132704
11 7 4.5557446
11 27 0.6033399
11 16 0.8868477
11 25 0.98655957
12 26 4.0834446
12 28 6.1170454
12 32 0.4799901
12 10 1.380966
12 24 0.07845758
12 21 0.0710963
12 3 0.068600066
12 1 73.65948
13 30 2.6926565
13 0 0.9823294
13 8 3.3119352
13 18 699.99994
13 33 0.7779374
13 11 0.44631007
13 29 0.68936926
13 34 7.876337
13 20 0.56102335
13 2 0.41920954
13 14 3.6461065
13 37 1.6848211
13 27 0.4320921
13 16 50.69886
13 25 0.56891805
14 20 1.4223255
14 13 3.6461065
14 33 0.55359125
14 27 2.6014602
14 11 2000.0
14 25 2.2406547
15 32 0.06940773
15 21 1.8190377
16 0 2000.0
16 30 1.7549782
16 8 1.8870819
16 18 1.0140579
16 13 50.69886
16 11 0.8868477
16 29 30.247364
16 5 1.3842292
16 20 8.967009
16 37 384.80453
16 7 1.6437609
16 27 4.4139357
16 23 27.205349
16 25 1.7023478
17 26 3.936547
17 6 1.945973
17 10 0.02948476
17 24 0.25330663
17 31 2.288672
17 9 0.085344836
17 4 0.088036954
17 19 2.0412376
18 30 0.73512137
18 2 7.353966
18 8 1.7594109
18 37 0.9355448
18 7 2000.0
18 13 699.99994
18 27 10.790222
18 16 1.0140579
18 23 1.354099
18 11 3.6347353
18 29 0.7458234
18 5 0.47466657
19 22 115.02118
19 31 0.06649678
19 9 0.068410866
19 17 2.0412376
19 4 0.0816621
20 30 11.270507
20 13 0.56102335
20 33 1.0608883
20 11 0.709625
20 29 0.99665177
20 5 2.0278356
20 34 0.8304468
20 2 1.8554027
20 14 1.4223255
20 37 1.523894
20 7 1.2697935
20 27 0.3617525
20 16 8.967009
20 25 0.5061763
21 32 2000.0
21 10 2000.0
21 24 0.13667881
21 35 0.06315228
21 12 0.0710963
21 15 1.8190377
22 6 1387.1023
22 31 1072.7273
22 9 0.94713646
22 19 115.02118
23 0 2000.0
23 30 0.9689029
23 2 79.94254
23 8 1.6685977
23 37 1.379486
23 18 1.354099
23 7 0.98235166
23 16 27.205349
23 11 2000.0
23 29 4.2325025
23 5 3.0467167
24 26 0.081036285
24 32 0.14357814
24 10 0.06738759
24 21 0.13667881
24 31 25.0
24 12 0.07845758
24 3 445.45456
24 15 2000.0
24 17 0.25330663
25 0 2000.0
25 30 1.2968867
25 13 0.56891805
25 33 0.62634325
25 11 0.98655957
25 29 1.8563637
25 34 1.5528085
25 20 0.5061763
25 2 0.9904816
25 14 2.2406547
25 37 53.61237
25 7 4.291047
25 27 0.85562825
25 16 1.7023478
26 36 87.786095
26 32 1130.341
26 28 0.0398511
26 10 0.052501835
26 24 0.081036285
26 31 0.05157155
26 12 4.0834446
26 17 3.936547
27 0 2000.0
27 30 0.3041637
27 8 2.3447335
27 18 10.790222
27 13 0.4320921
27 33 1.064967
27 11 0.6033399
27 29 0.71174556
27 5 1.9500225
27 34 1.2434429
27 20 0.3617525
27 2 0.72132844
27 14 2.6014602
27 37 0.90446216
27 7 141.65828
27 16 4.4139357
27 25 0.85562825
28 36 0.03195622
28 26 0.0398511
28 10 0.21304853
28 3 0.1062063
28 12 6.1170454
28 9 4.5560913
29 0 17.39438
29 30 3.1020064
29 8 0.49888325
29 18 0.7458234
29 13 0.68936926
29 11 0.86350375
29 5 4.1745696
29 34 2.7160573
29 20 0.99665177
29 2 1.0129848
29 37 0.6247597
29 7 2000.0
29 27 0.71174556
29 16 30.247364
29 23 4.2325025
29 25 1.8563637
30 0 2000.0
30 8 0.658895
30 18 0.73512137
30 13 2.6926565
30 33 2.500778
30 11 0.4061848
30 29 3.1020064
30 5 1.9405174
30 34 1.0206552
30 20 11.270507
30 2 15.585265
30 14 2000.0
30 37 7.19688
30 7 0.7541936
30 27 0.3041637
30 16 1.7549782
30 23 0.9689029
30 25 1.2968867
31 26 0.05157155
31 6 1.0825717
31 10 0.028681062
31 24 25.0
31 9 0.0351807
31 17 2.288672
31 4 0.08966615
31 19 0.06649678
32 24 0.14357814
32 12 0.4799901
32 15 0.06940773
33 30 2.500778
33 8 2000.0
33 13 0.7779374
33 11 2.133957
33 29 4032.443
33 34 2000.0
33 20 1.0608883
33 2 2.4081593
33 14 0.55359125
33 7 2000.0
33 27 1.064967
33 16 1622.3296
33 25 0.62634325
34 30 1.0206552
34 20 0.8304468
34 8 2.5243201
34 7 6.1491385
34 13 7.876337
34 27 1.2434429
34 16 5535.0566
34 11 2.811525
34 25 1.5528085
34 29 2.7160573
34 5 3.2265806
35 21 0.06315228
36 26 87.786095
36 28 0.03195622
36 3 0.2908501
36 9 1.5835508
37 30 7.19688
37 0 1.3507214
37 8 1.3428437
37 18 0.9355448
37 13 1.6848211
37 11 1.5132704
37 29 0.6247597
37 20 1.523894
37 2 0.71378875
37 7 22.483158
37 27 0.90446216
37 16 384.80453
37 23 1.379486
37 25 53.61237
