0 8 6.3694806
0 2 1.5235264
0 37 0.9536555
0 13 0.8262275
0 11 20.622835
0 29 22.6054
0 25 2000.0
1 3 0.2722507
1 12 1202.159
2 30 18.495588
2 0 1.5235264
2 8 0.93726707
2 18 8.089611
2 13 0.27486628
2 33 2.994318
2 11 0.5297248
2 29 0.8828434
2 20 2.2578113
2 37 0.8962562
2 27 0.39852628
2 23 54.0644
2 25 2.4896698
3 36 0.33608258
3 28 0.12632577
3 24 2000.0
3 12 0.0608806
3 1 0.2722507
3 9 0.21896856
4 31 0.08397914
4 9 0.06874986
4 17 0.11265218
4 19 0.08591402
5 30 0.86033493
5 8 0.6316132
5 18 1.0491796
5 13 800.0
5 11 4.5315924
5 29 7.8575573
5 34 2.1331732
5 20 9.189514
5 37 2000.0
5 7 4.1233196
5 27 4.8813696
5 16 1.4057525
5 23 4.1512957
6 31 1.3647281
6 17 1.4395204
7 34 11.353645
7 30 1.0754218
7 20 1.685
7 8 17.432224
7 37 10.5037775
7 18 200.0
7 27 150.0
7 16 2.6475167
7 11 8.002217
7 23 1.597655
7 25 10.479903
7 5 4.1233196
8 0 6.3694806
8 30 0.5554501
8 18 1.2439699
8 13 2.7673926
8 11 0.48282084
8 29 0.7866763
8 5 0.6316132
8 34 2.6457205
8 2 0.93726707
8 37 1.3017844
8 7 17.432224
8 27 1.8595096
8 16 1.4926168
8 23 0.96040046
9 36 1.1707687
9 28 0.57852226
9 10 2.3859596
9 22 0.29324603
9 31 0.030846775
9 3 0.21896856
9 17 0.07845216
9 4 0.06874986
9 19 0.070019454
10 26 0.03698752
10 28 0.30734432
10 24 0.052251026
10 31 0.049636997
10 12 14.216246
10 9 2.3859596
10 17 0.05944486
11 0 20.622835
11 30 0.3981136
11 8 0.48282084
11 18 6.5342345
11 13 0.83795524
11 33 4.9714403
11 29 1.1472137
11 5 4.5315924
11 34 2.1072817
11 20 1.3804519
11 2 0.5297248
11 37 1.0977077
11 7 8.002217
11 27 0.40092707
11 16 1.2051831
11 25 0.87536323
12 26 1.0004772
12 28 4.2543654
12 32 0.3345081
12 10 14.216246
12 24 0.09872052
12 21 0.07571223
12 3 0.0608806
13 30 3.7125602
13 0 0.8262275
13 8 2.7673926
13 18 508.5682
13 33 0.78117216
13 11 0.83795524
13 29 1.1700732
13 5 800.0
13 34 8.5802555
13 20 0.669537
13 2 0.27486628
13 14 3.5399206
13 37 1.8939503
13 27 0.88089997
13 16 421.46634
13 25 0.7819499
14 20 0.97306997
14 13 3.5399206
14 33 0.5691282
14 27 2.6208014
14 11 2000.0
14 25 1.0178252
15 32 0.06434144
15 21 1.3548343
16 30 2.4019606
16 0 2000.0
16 8 1.4926168
16 18 0.93410677
16 13 421.46634
16 11 1.2051831
16 29 71.43766
16 5 1.4057525
16 20 19.447062
16 37 61.554848
16 7 2.6475167
16 27 3.2478316
16 23 12.707456
16 25 0.67124623
17 26 5.2173915
17 6 1.4395204
17 10 0.05944486
17 24 0.32514396
17 31 2.393516
17 9 0.07845216
17 4 0.11265218
17 19 4.6971006
18 30 0.69558495
18 2 8.089611
18 8 1.2439699
18 37 1.2265307
18 13 508.5682
18 7 200.0
18 27 5.172371
18 16 0.93410677
18 23 1.3998213
18 11 6.5342345
18 29 1.1149582
18 5 1.0491796
19 31 0.08312747
19 9 0.070019454
19 17 4.6971006
19 4 0.08591402
20 30 54.175102
20 8 2000.0
20 13 0.669537
20 33 1.3238112
20 11 1.3804519
20 29 9.591742
20 5 9.189514
20 34 0.8142445
20 2 2.2578113
20 14 0.97306997
20 37 3.2167172
20 7 1.685
20 27 0.68361175
20 16 19.447062
20 25 0.49697092
21 24 0.7324676
21 35 0.0486521
21 12 0.07571223
21 15 1.3548343
22 6 1612.4432
22 31 1207.8978
22 9 0.29324603
22 19 1394.0342
23 0 2000.0
23 30 2.0404565
23 2 54.0644
23 8 0.96040046
23 37 1.3473327
23 18 1.3998213
23 7 1.597655
23 16 12.707456
23 11 2000.0
23 29 2.5134664
23 5 4.1512957
24 26 0.06335736
24 32 0.09662267
24 10 0.052251026
24 21 0.7324676
24 31 12.619681
24 12 0.09872052
24 15 2000.0
24 17 0.32514396
25 30 2.0203032
25 13 0.7819499
25 33 1.6950717
25 11 0.87536323
25 29 3.0478122
25 5 2000.0
25 34 1.7059674
25 20 0.49697092
25 2 2.4896698
25 14 1.0178252
25 37 40.0
25 7 10.479903
25 27 0.6405932
25 16 0.67124623
26 36 160.0
26 32 28.210337
26 28 0.030414438
26 10 0.03698752
26 24 0.06335736
26 31 0.091119334
26 12 1.0004772
26 17 5.2173915
27 0 2000.0
27 30 1.1370775
27 8 1.8595096
27 18 5.172371
27 13 0.88089997
27 33 1.5072241
27 11 0.40092707
27 29 0.8916009
27 5 4.8813696
27 34 0.68788654
27 20 0.68361175
27 2 0.39852628
27 14 2.6208014
27 37 1.1343256
27 7 150.0
27 16 3.2478316
27 25 0.6405932
28 36 0.03145882
28 26 0.030414438
28 10 0.30734432
28 3 0.12632577
28 12 4.2543654
28 9 0.57852226
29 0 22.6054
29 30 7.205175
29 8 0.7866763
29 18 1.1149582
29 13 1.1700732
29 11 1.1472137
29 5 7.8575573
29 34 8.364419
29 20 9.591742
29 2 0.8828434
29 37 1.0523669
29 7 2000.0
29 27 0.8916009
29 16 71.43766
29 23 2.5134664
29 25 3.0478122
30 0 2000.0
30 8 0.5554501
30 18 0.69558495
30 13 3.7125602
30 33 3.8877127
30 11 0.3981136
30 29 7.205175
30 5 0.86033493
30 34 5.3135667
30 20 54.175102
30 2 18.495588
30 37 6.3813453
30 7 1.0754218
30 27 1.1370775
30 16 2.4019606
30 23 2.0404565
30 25 2.0203032
31 26 0.091119334
31 6 1.3647281
31 10 0.049636997
31 24 12.619681
31 9 0.030846775
31 17 2.393516
31 4 0.08397914
31 19 0.08312747
32 26 28.210337
32 24 0.09662267
32 12 0.3345081
32 15 0.06434144
33 30 3.8877127
33 8 2000.0
33 13 0.78117216
33 11 4.9714403
33 29 1601.7046
33 34 2000.0
33 20 1.3238112
33 2 2.994318
33 14 0.5691282
33 7 2000.0
33 27 1.5072241
33 16 2000.0
33 25 1.6950717
34 30 5.3135667
34 20 0.8142445
34 8 2.6457205
34 7 11.353645
34 13 8.5802555
34 27 0.68788654
34 16 5535.0566
34 11 2.1072817
34 25 1.7059674
34 29 8.364419
34 5 2.1331732
35 21 0.0486521
36 26 160.0
36 28 0.03145882
36 3 0.33608258
36 9 1.1707687
37 30 6.3813453
37 0 0.9536555
37 8 1.3017844
37 18 1.2265307
37 13 1.8939503
37 11 1.0977077
37 29 1.0523669
37 20 3.2167172
37 2 0.8962562
37 7 10.5037775
37 27 1.1343256
37 16 61.554848
37 23 1.3473327
37 25 40.0
