0 2 0.8921204
0 37 1.6506084
0 13 0.96264476
0 29 35.05394
0 25 15.721347
1 3 0.963607
1 12 17.256985
2 30 22.483852
2 0 0.8921204
2 8 1.8768839
2 18 2.5741057
2 13 0.8506601
2 33 2.3535771
2 11 1.8429816
2 29 1.5747845
2 20 4.680454
2 37 1.0985255
2 27 1.3254497
2 16 2000.0
2 23 8.2346115
2 25 0.6026933
3 36 0.25901988
3 28 106.666664
3 24 200.0
3 12 0.05076379
3 1 0.963607
3 9 0.6431818
4 31 0.07225614
4 9 0.08210271
4 17 0.15700758
4 19 0.068300925
5 30 0.6395238
5 8 0.4225578
5 18 0.7611217
5 13 41.88312
5 11 2.8121912
5 29 2.5685847
5 34 6.3280163
5 20 3.516469
5 37 11.779761
5 7 4.00197
5 27 1.0328901
5 16 1.1844087
5 23 2.490679
6 31 0.1464605
6 17 2.7451787
7 30 1.2628878
7 8 9.578861
7 16 2.024357
7 23 1.3988513
7 25 2.6749532
7 29 2000.0
7 5 4.00197
8 0 2000.0
8 30 0.35458446
8 18 1.4144741
8 13 1.0215756
8 11 1.0793425
8 29 0.42596513
8 5 0.4225578
8 34 40.798836
8 2 1.8768839
8 37 1.3038831
8 7 9.578861
8 27 1.1164962
8 16 2.7909906
8 23 0.9063013
8 25 2000.0
9 36 1.2557576
9 26 2000.0
9 28 2.0600893
9 10 5.9386373
9 22 0.07166012
9 31 0.029219557
9 3 0.6431818
9 12 2000.0
9 4 0.08210271
9 17 0.035299182
9 19 0.067595914
10 26 0.031003786
10 28 0.5683208
10 24 0.114354126
10 31 14.124746
10 12 33.931988
10 9 5.9386373
10 17 0.03135246
11 0 2000.0
11 30 0.8851327
11 8 1.0793425
11 18 6.71402
11 13 1.1195034
11 33 2.6824012
11 29 2.5478513
11 5 2.8121912
11 34 3.1837306
11 20 0.81116956
11 2 1.8429816
11 37 1.7246283
11 7 4546.1934
11 27 1.0325223
11 16 1.0348582
11 25 1.2850635
12 26 0.43935406
12 32 3.9682426
12 10 33.931988
12 24 0.07241738
12 21 0.122718394
12 3 0.05076379
12 1 17.256985
13 30 149.94885
13 0 0.96264476
13 8 1.0215756
13 33 1.3448763
13 11 1.1195034
13 29 1.1550702
13 5 41.88312
13 34 234.0522
13 20 2.5810862
13 2 0.8506601
13 14 5.578714
13 37 1.1497675
13 7 2000.0
13 27 0.22143565
13 16 59.63213
13 25 0.22762485
14 30 6.03171
14 20 2.098765
14 13 5.578714
14 27 3.1633627
14 33 0.7884887
14 25 2.5996537
15 32 0.06948885
15 21 9.4429865
16 30 1.0899149
16 0 2000.0
16 8 2.7909906
16 18 0.9756814
16 13 59.63213
16 11 1.0348582
16 5 1.1844087
16 34 30.170128
16 20 23.663305
16 7 2.024357
16 27 2.1052632
16 23 2.7033968
16 25 0.78310204
17 6 2.7451787
17 26 1.5299546
17 10 0.03135246
17 24 0.14664999
17 31 0.9737628
17 9 0.035299182
17 4 0.15700758
17 19 44.444443
18 0 2000.0
18 30 0.802117
18 8 1.4144741
18 13 2000.0
18 11 6.71402
18 29 1.3613409
18 5 0.7611217
18 2 2.5741057
18 37 2.282389
18 7 2000.0
18 27 19.542002
18 16 0.9756814
18 23 1.5386049
19 31 0.08561749
19 9 0.067595914
19 17 44.444443
19 4 0.068300925
20 0 2000.0
20 30 1.7067832
20 13 2.5810862
20 33 1.3777755
20 11 0.81116956
20 29 18.625751
20 5 3.516469
20 34 0.91829944
20 2 4.680454
20 14 2.098765
20 37 4.084828
20 7 3648.4658
20 27 2.1231966
20 16 23.663305
20 25 1.8563447
21 26 2000.0
21 32 2000.0
21 10 2000.0
21 24 1.338717
21 35 0.03022391
21 31 2000.0
21 12 0.122718394
21 15 9.4429865
22 31 384.6154
22 9 0.07166012
22 19 2000.0
23 0 2000.0
23 30 1.2847484
23 8 0.9063013
23 2 8.2346115
23 37 1.8136148
23 18 1.5386049
23 7 1.3988513
23 16 2.7033968
23 11 2000.0
23 29 1.605301
23 5 2.490679
24 26 0.050061982
24 32 0.18410495
24 10 0.114354126
24 21 1.338717
24 12 0.07241738
24 3 200.0
24 15 2000.0
24 17 0.14664999
25 30 13.07191
25 0 15.721347
25 13 0.22762485
25 33 0.81938756
25 11 1.2850635
25 29 1.6728706
25 34 2.8868067
25 20 1.8563447
25 2 0.6026933
25 14 2.5996537
25 37 70.879745
25 7 2.6749532
25 27 0.22152403
25 16 0.78310204
26 32 27.749779
26 28 0.078903966
26 10 0.031003786
26 24 0.050061982
26 31 0.30413538
26 12 0.43935406
26 17 1.5299546
27 30 0.3267527
27 0 2000.0
27 8 1.1164962
27 18 19.542002
27 13 0.22143565
27 33 0.70045066
27 11 1.0325223
27 29 0.7048549
27 5 1.0328901
27 34 1.3120695
27 20 2.1231966
27 2 1.3254497
27 14 3.1633627
27 37 1.119988
27 7 3690.9658
27 16 2.1052632
27 25 0.22152403
28 36 0.02980785
28 26 0.078903966
28 10 0.5683208
28 3 106.666664
28 12 1372.1023
28 9 2.0600893
28 19 1254.2045
29 0 35.05394
29 30 1.6896799
29 8 0.42596513
29 18 1.3613409
29 13 1.1550702
29 33 21.225443
29 11 2.5478513
29 5 2.5685847
29 34 3.054771
29 20 18.625751
29 2 1.5747845
29 37 0.8896447
29 7 2000.0
29 27 0.7048549
29 16 2000.0
29 23 1.605301
29 25 1.6728706
30 8 0.35458446
30 18 0.802117
30 13 149.94885
30 33 9.15016
30 11 0.8851327
30 29 1.6896799
30 5 0.6395238
30 34 0.83058923
30 20 1.7067832
30 2 22.483852
30 14 6.03171
30 37 42.90097
30 7 1.2628878
30 27 0.3267527
30 16 1.0899149
30 23 1.2847484
30 25 13.07191
31 26 0.30413538
31 6 0.1464605
31 10 14.124746
31 35 27.283524
31 22 384.6154
31 9 0.029219557
31 4 0.07225614
31 17 0.9737628
31 19 0.08561749
32 26 27.749779
32 24 0.18410495
32 21 2000.0
32 12 3.9682426
32 15 0.06948885
33 30 9.15016
33 8 2000.0
33 13 1.3448763
33 11 2.6824012
33 29 21.225443
33 34 2000.0
33 20 1.3777755
33 2 2.3535771
33 14 0.7884887
33 7 2000.0
33 27 0.70045066
33 16 1971.0227
33 25 0.81938756
34 30 0.83058923
34 20 0.91829944
34 8 40.798836
34 37 2000.0
34 7 2000.0
34 13 234.0522
34 27 1.3120695
34 16 30.170128
34 11 3.1837306
34 29 3.054771
34 25 2.8868067
34 5 6.3280163
35 21 0.03022391
35 31 27.283524
36 28 0.02980785
36 3 0.25901988
36 9 1.2557576
37 30 42.90097
37 0 1.6506084
37 8 1.3038831
37 18 2.282389
37 13 1.1497675
37 11 1.7246283
37 29 0.8896447
37 5 11.779761
37 20 4.084828
37 2 1.0985255
37 7 2792.3862
37 27 1.119988
37 16 2000.0
37 23 1.8136148
37 25 70.879745
