0 2 0.956108
0 37 1.2279519
0 13 0.9078747
0 25 31.269745
0 29 271.41763
1 3 0.8199249
1 12 23.587976
2 30 17.601307
2 0 0.956108
2 8 1.2923741
2 18 2.8174677
2 13 0.64400375
2 33 3.8767576
2 11 1.5218763
2 29 1.5334224
2 20 1.878401
2 37 0.8694626
2 27 2.5073693
2 16 2000.0
2 23 10.111899
2 25 0.63059515
3 36 0.765784
3 28 7.2150974
3 24 266.6667
3 12 0.07424347
3 1 0.8199249
3 9 0.32781985
4 31 0.06864003
4 9 0.08154055
4 17 0.1882876
4 19 0.07317485
5 30 0.8050871
5 8 0.537505
5 18 0.44567984
5 13 25.71448
5 11 2.2561536
5 29 2.5628471
5 34 1.9766185
5 20 1.6230781
5 37 7.6882453
5 7 8.62111
5 27 2.1591508
5 16 1.3414712
5 23 3.3182893
5 25 2000.0
6 31 0.16829892
6 17 1.3319693
7 30 0.5941543
7 20 53.455948
7 8 5.987128
7 16 0.9630629
7 23 1.231946
7 25 2.0897853
7 5 8.62111
8 0 2000.0
8 30 0.44401082
8 18 0.9556096
8 13 1.9908088
8 11 0.9748841
8 29 0.34859923
8 5 0.537505
8 34 51.883114
8 2 1.2923741
8 37 0.8519646
8 7 5.987128
8 27 0.9910716
8 16 1.4504262
8 23 0.8882445
8 25 2000.0
9 36 0.94562566
9 26 2000.0
9 28 2.3246315
9 10 55.555553
9 22 0.049531385
9 31 0.0291873
9 3 0.32781985
9 12 2000.0
9 4 0.08154055
9 17 0.039420936
9 19 0.06401864
10 26 0.029867338
10 28 1.0226272
10 24 0.14887969
10 31 30.000002
10 12 1481.7614
10 9 55.555553
10 17 0.032765858
11 0 2000.0
11 30 0.5984025
11 8 0.9748841
11 18 3.8402596
11 13 0.6863771
11 33 2.0476305
11 29 1.1823864
11 5 2.2561536
11 34 3.1976156
11 20 1.4897897
11 2 1.5218763
11 37 1.3110522
11 7 1654.6023
11 27 0.58373696
11 16 1.0003972
11 25 0.65319896
12 26 0.6201963
12 32 13.795351
12 24 0.08530286
12 21 0.09414589
12 3 0.07424347
12 1 23.587976
13 30 46.24611
13 0 0.9078747
13 8 1.9908088
13 18 621.65906
13 33 1.257201
13 11 0.6863771
13 29 0.963731
13 5 25.71448
13 34 2385.625
13 20 0.98449546
13 2 0.64400375
13 14 10.972184
13 37 0.96911055
13 7 2000.0
13 27 0.46878782
13 16 27.14613
13 25 0.24678032
14 30 69.60833
14 20 1.8600122
14 13 10.972184
14 27 6.283697
14 33 0.36577654
14 25 2.4992664
15 32 0.0724576
15 21 2.6920285
16 30 1.083882
16 0 2000.0
16 8 1.4504262
16 18 1.0572351
16 13 27.14613
16 11 1.0003972
16 5 1.3414712
16 34 28.670631
16 20 23.137259
16 7 0.9630629
16 27 1.419555
16 23 2.8881238
16 25 1.2030246
17 6 1.3319693
17 26 1.3228511
17 10 0.032765858
17 24 0.110135056
17 31 0.98278207
17 9 0.039420936
17 4 0.1882876
17 19 26.470589
18 0 2000.0
18 30 0.61096823
18 8 0.9556096
18 13 621.65906
18 11 3.8402596
18 29 1.2820181
18 5 0.44567984
18 2 2.8174677
18 37 1.4929626
18 7 2000.0
18 27 18.013369
18 16 1.0572351
18 23 0.98197335
19 31 0.07924384
19 9 0.06401864
19 17 26.470589
19 4 0.07317485
20 30 2.084943
20 13 0.98449546
20 33 1.0197929
20 11 1.4897897
20 29 16.466003
20 5 1.6230781
20 34 0.7981514
20 2 1.878401
20 14 1.8600122
20 37 2.8943424
20 7 53.455948
20 27 0.6018744
20 16 23.137259
20 25 0.30624035
21 32 2000.0
21 24 0.9718787
21 35 0.031539947
21 31 2000.0
21 12 0.09414589
21 15 2.6920285
22 31 152.38095
22 9 0.049531385
22 19 2000.0
23 30 2.1569629
23 0 2000.0
23 8 0.8882445
23 2 10.111899
23 37 1.1163758
23 18 0.98197335
23 7 1.231946
23 16 2.8881238
23 11 2000.0
23 29 1.1489185
23 5 3.3182893
24 26 0.04357323
24 32 0.19217016
24 10 0.14887969
24 21 0.9718787
24 12 0.08530286
24 3 266.6667
24 15 2000.0
24 17 0.110135056
25 30 24.78424
25 0 31.269745
25 13 0.24678032
25 33 0.5149452
25 11 0.65319896
25 29 1.6971365
25 34 1.4922057
25 20 0.30624035
25 2 0.63059515
25 14 2.4992664
25 37 18.944237
25 7 2.0897853
25 27 0.26610157
25 16 1.2030246
26 32 69.243034
26 28 0.06687212
26 10 0.029867338
26 24 0.04357323
26 31 0.1029288
26 12 0.6201963
26 17 1.3228511
27 30 0.25779828
27 0 2000.0
27 8 0.9910716
27 18 18.013369
27 13 0.46878782
27 33 0.78964037
27 11 0.58373696
27 29 0.7230659
27 5 2.1591508
27 34 1.2734869
27 20 0.6018744
27 2 2.5073693
27 14 6.283697
27 37 1.0358278
27 7 2000.0
27 16 1.419555
27 25 0.26610157
28 36 0.030061658
28 26 0.06687212
28 10 1.0226272
28 3 7.2150974
28 12 1205.3977
28 9 2.3246315
28 19 1370.909
29 0 271.41763
29 30 1.034969
29 8 0.34859923
29 18 1.2820181
29 13 0.963731
29 33 40.950367
29 11 1.1823864
29 5 2.5628471
29 34 2.8733788
29 20 16.466003
29 2 1.5334224
29 37 0.68820256
29 7 2000.0
29 27 0.7230659
29 16 2000.0
29 23 1.1489185
29 25 1.6971365
30 8 0.44401082
30 18 0.61096823
30 13 46.24611
30 33 60.709133
30 11 0.5984025
30 29 1.034969
30 5 0.8050871
30 34 0.83258015
30 20 2.084943
30 2 17.601307
30 14 69.60833
30 37 15.926937
30 7 0.5941543
30 27 0.25779828
30 16 1.083882
30 23 2.1569629
30 25 24.78424
31 26 0.1029288
31 6 0.16829892
31 10 30.000002
31 35 68.22361
31 22 152.38095
31 21 2000.0
31 9 0.0291873
31 4 0.06864003
31 17 0.98278207
31 19 0.07924384
32 26 69.243034
32 24 0.19217016
32 21 2000.0
32 12 13.795351
32 15 0.0724576
33 30 60.709133
33 13 1.257201
33 11 2.0476305
33 29 40.950367
33 5 2000.0
33 34 2000.0
33 20 1.0197929
33 2 3.8767576
33 14 0.36577654
33 7 2000.0
33 27 0.78964037
33 16 3017.898
33 25 0.5149452
34 30 0.83258015
34 20 0.7981514
34 8 51.883114
34 37 2000.0
34 7 1904.2045
34 27 1.2734869
34 16 28.670631
34 11 3.1976156
34 29 2.8733788
34 25 1.4922057
34 5 1.9766185
35 21 0.031539947
35 31 68.22361
36 28 0.030061658
36 3 0.765784
36 9 0.94562566
37 30 15.926937
37 0 1.2279519
37 8 0.8519646
37 18 1.4929626
37 13 0.96911055
37 11 1.3110522
37 29 0.68820256
37 5 7.6882453
37 20 2.8943424
37 2 0.8694626
37 7 3087.0454
37 27 1.0358278
37 16 2000.0
37 23 1.1163758
37 25 18.944237
