0 8 6.403429
0 2 0.7430681
0 37 1.6956036
0 13 0.72098404
0 11 24.739113
0 29 7.161097
1 3 0.25470626
1 12 38.425488
2 30 10.783787
2 0 0.7430681
2 8 1.0014406
2 18 16.587662
2 13 0.23716609
2 33 1.4167712
2 11 0.84667844
2 29 0.97630274
2 20 1.4107851
2 37 0.5775079
2 27 0.3633238
2 23 15.195797
2 25 1.4410186
3 36 0.27262986
3 28 0.09430469
3 24 63.157894
3 12 0.05544508
3 1 0.25470626
3 9 0.26043758
4 31 0.08022851
4 9 0.07102273
4 17 0.08456692
4 19 0.08397669
5 30 0.56505686
5 8 0.68072945
5 18 0.47457883
5 13 130.70976
5 11 2.02313
5 29 3.29338
5 34 1.040693
5 20 2.0426197
5 37 2000.0
5 7 5.7836895
5 27 2.7304323
5 16 1.6667144
5 23 3.0682454
6 22 35.104237
6 31 0.67321056
6 17 0.92083067
7 34 11.044759
7 30 0.9274481
7 20 1.2466447
7 8 59.61163
7 37 14.352081
7 27 282.69986
7 16 0.99911505
7 11 5.463492
7 23 1.0365846
7 25 5.333472
7 5 5.7836895
8 0 6.403429
8 30 1.3386772
8 18 1.1768783
8 13 3.0538378
8 11 1.5659761
8 29 0.6548754
8 5 0.68072945
8 34 4.5498414
8 2 1.0014406
8 37 0.9242322
8 7 59.61163
8 27 1.2610079
8 16 1.3247255
8 23 0.87901014
9 36 1.3177689
9 26 2000.0
9 28 1.5383333
9 10 10.827922
9 22 0.4042482
9 31 0.03043275
9 3 0.26043758
9 12 2000.0
9 17 0.099008605
9 4 0.07102273
9 19 0.08558468
10 26 0.030039122
10 28 0.3333333
10 24 0.07253797
10 31 0.037112582
10 12 11.454738
10 9 10.827922
10 17 0.037670456
11 0 24.739113
11 30 0.41435358
11 8 1.5659761
11 18 10.5425
11 13 0.5191775
11 33 2.455292
11 29 0.66972685
11 5 2.02313
11 34 2.0191119
11 20 0.6169604
11 2 0.84667844
11 37 0.99860364
11 7 5.463492
11 27 0.48812944
11 16 0.7080755
11 25 0.91254514
12 26 0.8901416
12 28 3.0180974
12 32 0.22396064
12 10 11.454738
12 24 0.06771482
12 21 0.11207295
12 3 0.05544508
12 1 38.425488
13 0 0.72098404
13 30 1.0282683
13 8 3.0538378
13 18 74.57877
13 33 0.8038639
13 11 0.5191775
13 29 1.4635265
13 5 130.70976
13 34 7.8541946
13 20 0.46404836
13 2 0.23716609
13 14 3.0739179
13 37 1.389427
13 27 0.30606827
13 16 40.120506
13 25 0.78615344
14 20 0.9162613
14 13 3.0739179
14 27 2.5850403
14 33 0.39301828
14 11 2000.0
14 25 1.7630663
15 32 0.08565995
15 21 0.9372539
16 0 2000.0
16 30 1.0488541
16 8 1.3247255
16 18 0.90968156
16 13 40.120506
16 11 0.7080755
16 29 19.92551
16 5 1.6667144
16 20 4.5016127
16 37 23.878931
16 7 0.99911505
16 27 1.4026476
16 23 3.9876752
16 25 1.3879976
17 26 1.7924298
17 6 0.92083067
17 10 0.037670456
17 24 0.49080035
17 31 1.3037524
17 9 0.099008605
17 4 0.08456692
17 19 2.61344
18 30 0.7242574
18 2 16.587662
18 8 1.1768783
18 37 1.1101369
18 7 2000.0
18 13 74.57877
18 27 3.1232488
18 16 0.90968156
18 23 1.4200232
18 11 10.5425
18 29 1.000077
18 5 0.47457883
19 31 0.08351752
19 9 0.08558468
19 17 2.61344
19 4 0.08397669
20 30 10.589284
20 13 0.46404836
20 33 1.2405205
20 11 0.6169604
20 29 2.9829085
20 5 2.0426197
20 34 0.80634665
20 2 1.4107851
20 14 0.9162613
20 37 1.8844169
20 7 1.2466447
20 27 0.4064667
20 16 4.5016127
20 25 0.45660272
21 32 2000.0
21 10 2000.0
21 24 0.6575328
21 35 0.04330652
21 12 0.11207295
21 15 0.9372539
22 6 35.104237
22 31 1181.1932
22 9 0.4042482
22 19 1288.409
23 0 2000.0
23 30 1.2838544
23 2 15.195797
23 8 0.87901014
23 37 1.8465577
23 18 1.4200232
23 7 1.0365846
23 16 3.9876752
23 11 2000.0
23 29 2.5502248
23 5 3.0682454
24 26 0.05454545
24 32 0.08808712
24 10 0.07253797
24 21 0.6575328
24 31 6.2573495
24 3 63.157894
24 12 0.06771482
24 15 2000.0
24 17 0.49080035
25 30 1.9888427
25 13 0.78615344
25 33 0.3576538
25 11 0.91254514
25 29 4.26473
25 34 1.0325053
25 20 0.45660272
25 2 1.4410186
25 14 1.7630663
25 37 38.64246
25 7 5.333472
25 27 0.7333531
25 16 1.3879976
26 32 24.514584
26 28 0.048230257
26 10 0.030039122
26 24 0.05454545
26 31 0.061863776
26 12 0.8901416
26 17 1.7924298
27 0 2000.0
27 30 0.2280119
27 8 1.2610079
27 18 3.1232488
27 13 0.30606827
27 33 0.9650877
27 11 0.48812944
27 29 0.70913965
27 5 2.7304323
27 34 1.0747514
27 20 0.4064667
27 2 0.3633238
27 14 2.5850403
27 37 0.7549772
27 7 282.69986
27 16 1.4026476
27 25 0.7333531
28 36 0.03458768
28 26 0.048230257
28 10 0.3333333
28 3 0.09430469
28 12 3.0180974
28 9 1.5383333
29 0 7.161097
29 30 1.7894459
29 8 0.6548754
29 18 1.000077
29 13 1.4635265
29 11 0.66972685
29 5 3.29338
29 34 1.9750684
29 20 2.9829085
29 2 0.97630274
29 37 0.82242936
29 7 2000.0
29 27 0.70913965
29 16 19.92551
29 23 2.5502248
29 25 4.26473
30 0 2000.0
30 8 1.3386772
30 18 0.7242574
30 13 1.0282683
30 33 3.6224327
30 11 0.41435358
30 29 1.7894459
30 5 0.56505686
30 34 0.9967738
30 20 10.589284
30 2 10.783787
30 37 9.707261
30 7 0.9274481
30 27 0.2280119
30 16 1.0488541
30 23 1.2838544
30 25 1.9888427
31 26 0.061863776
31 6 0.67321056
31 10 0.037112582
31 24 6.2573495
31 9 0.03043275
31 17 1.3037524
31 4 0.08022851
31 19 0.08351752
32 26 24.514584
32 24 0.08808712
32 12 0.22396064
32 15 0.08565995
33 34 2000.0
33 30 3.6224327
33 20 1.2405205
33 2 1.4167712
33 14 0.39301828
33 7 2000.0
33 13 0.8038639
33 27 0.9650877
33 16 1627.8408
33 11 2.455292
33 29 1898.4092
33 25 0.3576538
34 30 0.9967738
34 20 0.80634665
34 8 4.5498414
34 13 7.8541946
34 7 11.044759
34 27 1.0747514
34 16 1215.0568
34 11 2.0191119
34 25 1.0325053
34 29 1.9750684
34 5 1.040693
35 21 0.04330652
36 26 1152.216
36 28 0.03458768
36 3 0.27262986
36 9 1.3177689
37 0 1.6956036
37 30 9.707261
37 8 0.9242322
37 18 1.1101369
37 13 1.389427
37 11 0.99860364
37 29 0.82242936
37 20 1.8844169
37 2 0.5775079
37 7 14.352081
37 27 0.7549772
37 16 23.878931
37 23 1.8465577
37 25 38.64246
