0 2 0.96384203
0 37 1.0766741
0 13 0.9769062
0 29 21.132336
0 25 41.50943
1 3 0.4608766
1 12 17.627977
2 30 19.482067
2 0 0.96384203
2 8 3.1190188
2 18 1.3556124
2 13 0.9963352
2 33 2.3448012
2 11 1.8900986
2 29 1.1410483
2 20 3.4429655
2 37 0.81347823
2 27 692.89777
2 16 2000.0
2 23 11.199159
2 25 0.6278785
3 36 1.0340656
3 28 53.65076
3 24 2000.0
3 12 0.07111742
3 1 0.4608766
3 9 1.0147471
4 31 0.06774915
4 9 0.07563338
4 17 0.12940015
4 19 0.08655228
5 30 0.61629736
5 8 0.7384035
5 18 0.8672647
5 13 57.180176
5 11 2.9839973
5 29 3.0457861
5 34 2.5160034
5 20 5.687424
5 37 21.685053
5 7 10.102706
5 27 779.5454
5 16 1.681346
5 23 1.438101
5 25 2000.0
6 31 0.106724404
6 17 2.3581855
7 34 2000.0
7 30 1.1176026
7 20 90.928215
7 8 7.869388
7 16 1.8066272
7 23 1.4295791
7 11 92.56912
7 25 3.017644
7 5 10.102706
8 0 2000.0
8 30 0.44708443
8 18 0.9157716
8 13 1.269203
8 11 1.2643758
8 29 0.44305232
8 5 0.7384035
8 34 21.490284
8 2 3.1190188
8 37 0.9394947
8 7 7.869388
8 27 1067.7273
8 16 1.5599926
8 23 1.2094338
8 25 2000.0
9 36 0.6270965
9 26 2000.0
9 28 1.0309751
9 10 8.193414
9 22 0.05025419
9 31 0.03294427
9 12 2000.0
9 3 1.0147471
9 4 0.07563338
9 17 0.044235777
9 19 0.094581
10 26 35.795452
10 28 0.3050901
10 24 0.08003247
10 31 1.9608572
10 12 26.629263
10 9 8.193414
10 17 0.02988566
11 0 2000.0
11 30 0.79347503
11 8 1.2643758
11 18 2.9674878
11 13 1.1725401
11 33 3.1434567
11 29 0.8418063
11 5 2.9839973
11 34 2.1186204
11 20 1.7277757
11 2 1.8900986
11 37 1.7170942
11 7 92.56912
11 27 692.89777
11 16 1.1903142
11 25 0.547827
12 26 2000.0
12 32 3.826808
12 10 26.629263
12 24 0.085573025
12 21 0.10002748
12 3 0.07111742
12 1 17.627977
13 30 80.931114
13 0 0.9769062
13 8 1.269203
13 18 24.669199
13 33 1.6006563
13 11 1.1725401
13 29 0.7066116
13 5 57.180176
13 34 2000.0
13 20 0.97506326
13 2 0.9963352
13 14 5.4871697
13 37 1.2763833
13 7 2000.0
13 27 150.96591
13 16 159.23297
13 25 0.29038087
14 30 13.201225
14 20 2.4272695
14 13 5.4871697
14 27 5234.1475
14 33 0.45035985
14 11 2000.0
14 25 2.3733585
15 32 0.07754301
15 21 7.450852
16 34 47.291428
16 30 1.0849448
16 20 21.051195
16 8 1.5599926
16 18 1.7377436
16 13 159.23297
16 7 1.8066272
16 27 1119.8296
16 11 1.1903142
16 23 2.5017216
16 25 0.85455227
16 5 1.681346
17 6 2.3581855
17 26 1034.8864
17 10 0.02988566
17 24 0.07053244
17 31 0.9673723
17 9 0.044235777
17 4 0.12940015
17 19 55.2375
18 0 2000.0
18 30 0.4023845
18 8 0.9157716
18 2 1.3556124
18 37 3.1403728
18 13 24.669199
18 16 1.7377436
18 11 2.9674878
18 23 0.97483814
18 29 1.0509036
18 5 0.8672647
19 28 73.065346
19 31 0.06921711
19 9 0.094581
19 4 0.08655228
19 17 55.2375
20 30 1.8543245
20 13 0.97506326
20 33 1.3325044
20 11 1.7277757
20 29 6.2058434
20 5 5.687424
20 34 1.3871901
20 2 3.4429655
20 14 2.4272695
20 37 2.649924
20 7 90.928215
20 27 957.6705
20 16 21.051195
20 25 0.299404
21 32 625.0
21 24 1.6852862
21 35 0.033955697
21 31 2000.0
21 12 0.10002748
21 15 7.450852
22 31 171.42857
22 9 0.05025419
22 19 2000.0
23 0 2000.0
23 30 9.120683
23 8 1.2094338
23 2 11.199159
23 37 2.0591376
23 18 0.97483814
23 7 1.4295791
23 16 2.5017216
23 11 2000.0
23 29 1.3626769
23 5 1.438101
24 26 37.045452
24 32 0.39690658
24 10 0.08003247
24 21 1.6852862
24 12 0.085573025
24 15 2000.0
24 17 0.07053244
25 30 14.27255
25 0 41.50943
25 13 0.29038087
25 33 0.6807112
25 11 0.547827
25 29 1.7433418
25 34 1.6365846
25 20 0.299404
25 2 0.6278785
25 14 2.3733585
25 37 25.0
25 7 3.017644
25 27 229.14774
25 16 0.85455227
28 36 0.035366993
28 26 51.81818
28 10 0.3050901
28 3 53.65076
28 12 1222.3295
28 9 1.0309751
28 19 73.065346
29 0 21.132336
29 30 1.7900239
29 8 0.44305232
29 18 1.0509036
29 13 0.7066116
29 33 22.33578
29 11 0.8418063
29 5 3.0457861
29 34 3.8949337
29 20 6.2058434
29 2 1.1410483
29 37 1.0428636
29 7 2000.0
29 27 1898.9204
29 16 2000.0
29 23 1.3626769
29 25 1.7433418
30 8 0.44708443
30 18 0.4023845
30 13 80.931114
30 33 17.098974
30 11 0.79347503
30 29 1.7900239
30 5 0.61629736
30 34 0.91504824
30 20 1.8543245
30 2 19.482067
30 14 13.201225
30 37 13.284539
30 7 1.1176026
30 27 147.78409
30 16 1.0849448
30 23 9.120683
30 25 14.27255
31 26 79.88636
31 6 0.106724404
31 10 1.9608572
31 35 10.90373
31 22 171.42857
31 21 2000.0
31 9 0.03294427
31 4 0.06774915
31 17 0.9673723
31 19 0.06921711
32 26 2000.0
32 24 0.39690658
32 21 625.0
32 12 3.826808
32 15 0.07754301
33 30 17.098974
33 8 2000.0
33 13 1.6006563
33 11 3.1434567
33 29 22.33578
33 5 2000.0
33 34 2000.0
33 20 1.3325044
33 2 2.3448012
33 14 0.45035985
33 7 2000.0
33 27 698.2386
33 16 2422.443
33 25 0.6807112
34 30 0.91504824
34 20 1.3871901
34 8 21.490284
34 37 2000.0
34 13 2000.0
34 7 2000.0
34 27 716.8182
34 16 47.291428
34 11 2.1186204
34 29 3.8949337
34 25 1.6365846
34 5 2.5160034
35 21 0.033955697
35 31 10.90373
36 28 0.035366993
36 3 1.0340656
36 9 0.6270965
37 30 13.284539
37 0 1.0766741
37 8 0.9394947
37 18 3.1403728
37 13 1.2763833
37 11 1.7170942
37 29 1.0428636
37 5 21.685053
37 20 2.649924
37 2 0.81347823
37 7 3070.5112
37 27 725.7955
37 16 2000.0
37 23 2.0591376
37 25 25.0
