0 2 2.087148
0 8 720.00006
0 37 2.3064322
0 13 0.9206095
0 29 14.532251
0 25 36.92308
1 3 1.5479068
1 12 74.15871
2 30 27.696257
2 0 2.087148
2 8 2.9979222
2 18 1.6317046
2 13 0.695964
2 33 2.2729683
2 11 3.363033
2 29 1.4265453
2 20 2.6541169
2 37 0.82789934
2 27 1.2387905
2 16 2000.0
2 23 6.4141984
2 25 0.67968917
3 36 0.42109796
3 28 5.4002204
3 24 2000.0
3 12 0.07991498
3 1 1.5479068
3 9 0.3916437
4 31 0.08077436
4 9 0.10945942
4 17 0.14397968
4 19 0.07252858
5 30 0.92130685
5 8 1.1088843
5 18 1.8740363
5 13 44.285286
5 11 7.145795
5 29 3.5849328
5 34 2.910639
5 20 5.5167828
5 37 21.162083
5 7 33.50708
5 27 1.8327229
5 16 1.8384804
5 23 4.939682
5 25 2000.0
6 31 0.11125
6 17 1.3499843
7 34 819.44556
7 30 1.9365311
7 20 209.102
7 8 6.535031
7 16 1.098046
7 23 1.7932757
7 11 143.15146
7 25 7.911047
7 5 33.50708
8 0 720.00006
8 30 0.69322765
8 18 1.2942065
8 13 2.3990383
8 11 0.91790605
8 29 1.0808778
8 5 1.1088843
8 34 23.284554
8 2 2.9979222
8 37 1.0608419
8 7 6.535031
8 27 6.421537
8 16 3.1802511
8 23 1.4627655
8 25 2000.0
9 36 0.5973332
9 28 2.742912
9 10 60.08507
9 22 0.06999145
9 31 0.030259967
9 3 0.3916437
9 12 2000.0
9 4 0.10945942
9 17 0.036645066
9 19 0.057725865
10 26 0.029502792
10 28 0.477987
10 24 0.07349707
10 31 13.247589
10 12 91.45042
10 9 60.08507
10 17 0.036218207
11 0 2000.0
11 30 0.79745036
11 8 0.91790605
11 18 19.615335
11 13 1.1589271
11 33 2.6441839
11 29 1.4763025
11 5 7.145795
11 34 5.187205
11 20 2.590486
11 2 3.363033
11 37 2.2921522
11 7 143.15146
11 27 1.6692032
11 16 1.4687979
11 25 0.8815142
12 26 1.0821877
12 32 6.009484
12 28 176.83557
12 10 91.45042
12 24 0.06581808
12 21 0.0903067
12 3 0.07991498
12 1 74.15871
13 30 113.29292
13 0 0.9206095
13 8 2.3990383
13 18 132.08275
13 33 1.0962795
13 11 1.1589271
13 29 1.1199926
13 5 44.285286
13 34 246.55734
13 20 0.93210614
13 2 0.695964
13 14 1.9993552
13 37 1.1144006
13 7 2000.0
13 27 1.2223293
13 16 78.355865
13 25 0.42620608
14 30 11.393996
14 20 3.5412338
14 13 1.9993552
14 27 2.5472863
14 33 0.43129572
14 25 2.7242768
15 32 0.09862624
15 21 7.738524
16 30 1.1203787
16 0 2000.0
16 8 3.1802511
16 18 1.5337977
16 13 78.355865
16 11 1.4687979
16 29 2000.0
16 5 1.8384804
16 34 51.665596
16 20 32.7662
16 7 1.098046
16 27 1.7297028
16 23 3.021969
16 25 1.7734637
17 6 1.3499843
17 26 1.330706
17 10 0.036218207
17 24 0.21436283
17 31 0.9830737
17 9 0.036645066
17 4 0.14397968
17 19 31.861996
18 0 2000.0
18 30 0.7279484
18 8 1.2942065
18 13 132.08275
18 11 19.615335
18 29 1.8038714
18 5 1.8740363
18 2 1.6317046
18 37 2.7431893
18 7 2000.0
18 27 19.503214
18 16 1.5337977
18 23 1.2960286
19 22 128.20514
19 31 0.06872251
19 9 0.057725865
19 17 31.861996
19 4 0.07252858
20 0 2000.0
20 30 2.4982705
20 13 0.93210614
20 33 1.6996735
20 11 2.590486
20 29 5.87916
20 5 5.5167828
20 34 1.29324
20 2 2.6541169
20 14 3.5412338
20 37 15.875909
20 7 209.102
20 27 2.0474894
20 16 32.7662
20 25 1.1785352
21 32 2000.0
21 24 1.768954
21 35 0.033248946
21 31 2000.0
21 12 0.0903067
21 15 7.738524
22 31 61.683235
22 9 0.06999145
22 19 128.20514
23 0 2000.0
23 30 1.2942995
23 8 1.4627655
23 2 6.4141984
23 37 1.4644684
23 18 1.2960286
23 7 1.7932757
23 16 3.021969
23 11 2000.0
23 29 3.0410018
23 5 4.939682
24 26 0.05250094
24 32 0.22591041
24 10 0.07349707
24 21 1.768954
24 12 0.06581808
24 17 0.21436283
25 30 22.588707
25 0 36.92308
25 13 0.42620608
25 33 0.686217
25 11 0.8815142
25 29 2.6059828
25 34 4.2013373
25 20 1.1785352
25 2 0.67968917
25 14 2.7242768
25 37 45.379242
25 7 7.911047
25 27 0.3145419
25 16 1.7734637
26 32 79.89015
26 28 0.051655315
26 10 0.029502792
26 24 0.05250094
26 31 0.28082025
26 12 1.0821877
26 17 1.330706
27 30 0.4330857
27 0 2000.0
27 8 6.421537
27 18 19.503214
27 13 1.2223293
27 33 0.89955145
27 11 1.6692032
27 29 1.7907393
27 5 1.8327229
27 34 1.1446574
27 20 2.0474894
27 2 1.2387905
27 14 2.5472863
27 37 1.0961185
27 7 2000.0
27 16 1.7297028
27 25 0.3145419
28 36 0.041287877
28 26 0.051655315
28 10 0.477987
28 3 5.4002204
28 12 176.83557
28 9 2.742912
28 19 210.13332
29 0 14.532251
29 30 3.4331756
29 8 1.0808778
29 18 1.8038714
29 13 1.1199926
29 33 17.193806
29 11 1.4763025
29 5 3.5849328
29 34 3.6781454
29 20 5.87916
29 2 1.4265453
29 37 1.1688516
29 7 2000.0
29 27 1.7907393
29 16 2000.0
29 23 3.0410018
29 25 2.6059828
30 8 0.69322765
30 18 0.7279484
30 13 113.29292
30 33 12.372378
30 11 0.79745036
30 29 3.4331756
30 5 0.92130685
30 34 1.1630745
30 20 2.4982705
30 2 27.696257
30 14 11.393996
30 37 23.378582
30 7 1.9365311
30 27 0.4330857
30 16 1.1203787
30 23 1.2942995
30 25 22.588707
31 26 0.28082025
31 6 0.11125
31 10 13.247589
31 35 86.159454
31 22 61.683235
31 9 0.030259967
31 4 0.08077436
31 17 0.9830737
31 19 0.06872251
32 24 0.22591041
32 12 6.009484
32 15 0.09862624
33 30 12.372378
33 8 2000.0
33 13 1.0962795
33 11 2.6441839
33 29 17.193806
33 5 2000.0
33 34 2000.0
33 20 1.6996735
33 2 2.2729683
33 14 0.43129572
33 7 2000.0
33 27 0.89955145
33 16 3017.898
33 25 0.686217
34 30 1.1630745
34 20 1.29324
34 8 23.284554
34 37 2000.0
34 13 246.55734
34 7 819.44556
34 27 1.1446574
34 16 51.665596
34 11 5.187205
34 29 3.6781454
34 25 4.2013373
34 5 2.910639
35 21 0.033248946
35 31 86.159454
36 28 0.041287877
36 3 0.42109796
36 9 0.5973332
37 30 23.378582
37 0 2.3064322
37 8 1.0608419
37 18 2.7431893
37 13 1.1144006
37 11 2.2921522
37 29 1.1688516
37 5 21.162083
37 20 15.875909
37 2 0.82789934
37 7 202.50859
37 27 1.0961185
37 16 2000.0
37 23 1.4644684
37 25 45.379242
