0 2 1.2602143
0 37 4.920603
0 13 0.96012205
0 29 114.72991
0 25 7.473069
1 3 1.6640903
1 12 24.050188
2 30 29.4858
2 0 1.2602143
2 8 1.0945501
2 18 2.5805082
2 13 0.45066994
2 33 2.3548355
2 11 2.3922336
2 29 1.5973324
2 20 3.418636
2 37 1.1995765
2 27 1.0196036
2 16 2000.0
2 23 10.286597
2 25 1.1119311
3 36 1.3465519
3 28 45.821712
3 24 2000.0
3 12 0.07983738
3 1 1.6640903
3 9 1.5756457
4 31 0.07170785
4 9 0.086083315
4 17 0.27793562
4 19 0.07382458
5 30 0.8194259
5 8 0.86265445
5 18 0.7199776
5 13 34.893578
5 11 3.0805466
5 29 3.7645955
5 34 2.4276674
5 20 2.9076025
5 37 36.45398
5 7 18.889608
5 27 1.4419044
5 16 1.9596298
5 23 6.292707
5 25 2000.0
6 31 0.1653959
6 17 1.5803571
7 30 1.0347168
7 20 68.08562
7 8 5.2730265
7 37 160.0
7 16 1.3505961
7 23 2.8433087
7 11 90.690346
7 25 3.6393754
7 5 18.889608
8 0 2000.0
8 30 0.47619206
8 18 1.2382505
8 13 1.806639
8 11 1.107154
8 29 1.0591096
8 5 0.86265445
8 34 62.5048
8 2 1.0945501
8 37 1.269513
8 7 5.2730265
8 27 1.6474288
8 16 1.4104092
8 23 2.1779618
8 25 2000.0
9 36 1.0745653
9 26 2000.0
9 28 10.80381
9 10 4.3271375
9 22 0.049839508
9 31 0.02829563
9 3 1.5756457
9 12 2000.0
9 4 0.086083315
9 17 0.035068925
9 19 0.06472946
10 26 0.029158685
10 28 0.28275862
10 24 0.079706825
10 31 13.372752
10 12 1264.2045
10 9 4.3271375
10 17 0.03179131
11 0 2000.0
11 30 0.7458212
11 8 1.107154
11 18 5.62223
11 13 1.4472028
11 33 1.8622805
11 29 2.4923055
11 5 3.0805466
11 34 2.7477674
11 20 1.9990885
11 2 2.3922336
11 37 1.8387316
11 7 90.690346
11 27 1.2039484
11 16 1.4893639
11 25 0.8069365
12 26 0.55072725
12 32 6.6276526
12 24 0.0675869
12 21 0.15211323
12 3 0.07983738
12 1 24.050188
13 30 72.88986
13 0 0.96012205
13 8 1.806639
13 18 900.00006
13 33 0.89376867
13 11 1.4472028
13 29 1.1081563
13 5 34.893578
13 34 160.0
13 20 1.2128112
13 2 0.45066994
13 14 3.29247
13 37 1.4748774
13 7 2000.0
13 27 0.43792087
13 16 74.90694
13 25 0.27086034
14 30 25.171265
14 20 7.707147
14 13 3.29247
14 27 15.283873
14 33 0.35994172
14 11 2000.0
14 25 1.347796
15 32 0.080086574
15 21 7.1737556
16 30 1.0662739
16 0 2000.0
16 8 1.4104092
16 18 1.2998624
16 13 74.90694
16 11 1.4893639
16 29 600.0
16 5 1.9596298
16 34 66.45504
16 20 14.969422
16 7 1.3505961
16 27 1.3211207
16 23 3.959695
16 25 1.1818056
17 6 1.5803571
17 26 1.4284223
17 10 0.03179131
17 24 0.08851836
17 31 0.93659216
17 9 0.035068925
17 4 0.27793562
17 19 66.66667
18 0 2000.0
18 30 0.8233213
18 8 1.2382505
18 13 900.00006
18 11 5.62223
18 29 2.029554
18 5 0.7199776
18 2 2.5805082
18 37 2.434054
18 7 2000.0
18 27 31.049934
18 16 1.2998624
18 23 1.4602025
19 31 0.0840958
19 9 0.06472946
19 4 0.07382458
19 17 66.66667
20 0 2000.0
20 30 2.888099
20 13 1.2128112
20 33 1.274308
20 11 1.9990885
20 29 15.203913
20 5 2.9076025
20 34 0.7942888
20 2 3.418636
20 14 7.707147
20 37 3.5620863
20 7 68.08562
20 27 4.222365
20 16 14.969422
20 25 0.5944552
21 26 2000.0
21 32 2000.0
21 24 0.79025173
21 35 0.033622187
21 31 2000.0
21 12 0.15211323
21 15 7.1737556
22 31 60.000004
22 9 0.049839508
22 19 2000.0
23 0 2000.0
23 30 2.0053356
23 8 2.1779618
23 2 10.286597
23 37 1.6308976
23 18 1.4602025
23 7 2.8433087
23 16 3.959695
23 11 2000.0
23 29 1.6293358
23 5 6.292707
24 26 0.036534585
24 32 0.21173781
24 10 0.079706825
24 21 0.79025173
24 31 2000.0
24 12 0.0675869
24 15 2000.0
24 17 0.08851836
25 30 21.194984
25 0 7.473069
25 13 0.27086034
25 33 0.5639989
25 11 0.8069365
25 29 4.103664
25 34 3.0048797
25 20 0.5944552
25 2 1.1119311
25 14 1.347796
25 37 33.733692
25 7 3.6393754
25 27 0.31304955
25 16 1.1818056
26 32 65.8301
26 28 0.05967487
26 10 0.029158685
26 24 0.036534585
26 31 0.09599102
26 12 0.55072725
26 17 1.4284223
27 30 0.18635407
27 0 2000.0
27 8 1.6474288
27 18 31.049934
27 13 0.43792087
27 33 0.7783128
27 11 1.2039484
27 29 0.7853682
27 5 1.4419044
27 34 0.86639416
27 20 4.222365
27 2 1.0196036
27 14 15.283873
27 37 1.1461121
27 7 2000.0
27 16 1.3211207
27 25 0.31304955
28 36 0.03577668
28 26 0.05967487
28 10 0.28275862
28 12 1145.7386
28 3 45.821712
28 9 10.80381
28 19 1372.6136
29 0 114.72991
29 30 1.6182133
29 8 1.0591096
29 18 2.029554
29 13 1.1081563
29 33 24.663105
29 11 2.4923055
29 5 3.7645955
29 34 4.695675
29 20 15.203913
29 2 1.5973324
29 37 1.5301067
29 7 2000.0
29 27 0.7853682
29 16 600.0
29 23 1.6293358
29 25 4.103664
30 8 0.47619206
30 18 0.8233213
30 13 72.88986
30 33 9.606986
30 11 0.7458212
30 29 1.6182133
30 5 0.8194259
30 34 1.4368093
30 20 2.888099
30 2 29.4858
30 14 25.171265
30 37 40.88224
30 7 1.0347168
30 27 0.18635407
30 16 1.0662739
30 23 2.0053356
30 25 21.194984
31 26 0.09599102
31 6 0.1653959
31 10 13.372752
31 35 67.55279
31 22 60.000004
31 9 0.02829563
31 4 0.07170785
31 17 0.93659216
31 19 0.0840958
32 26 65.8301
32 24 0.21173781
32 12 6.6276526
32 15 0.080086574
33 30 9.606986
33 8 2000.0
33 13 0.89376867
33 11 1.8622805
33 29 24.663105
33 34 2000.0
33 20 1.274308
33 2 2.3548355
33 14 0.35994172
33 7 2000.0
33 27 0.7783128
33 16 3017.898
33 25 0.5639989
34 30 1.4368093
34 20 0.7942888
34 8 62.5048
34 37 2000.0
34 7 2000.0
34 13 160.0
34 27 0.86639416
34 16 66.45504
34 11 2.7477674
34 29 4.695675
34 25 3.0048797
34 5 2.4276674
35 21 0.033622187
35 31 67.55279
36 28 0.03577668
36 3 1.3465519
36 9 1.0745653
37 30 40.88224
37 0 4.920603
37 8 1.269513
37 18 2.434054
37 13 1.4748774
37 11 1.8387316
37 29 1.5301067
37 5 36.45398
37 20 3.5620863
37 2 1.1995765
37 7 160.0
37 27 1.1461121
37 16 2000.0
37 23 1.6308976
37 25 33.733692
