0 2 1.3725425
0 8 25.991348
0 37 0.7868016
0 13 0.5744008
0 11 227.51593
0 29 11.54362
1 3 0.24336511
1 12 1202.159
2 0 1.3725425
2 30 39.375633
2 8 1.3019453
2 18 7.201979
2 13 0.7490784
2 33 2.9924867
2 11 1.1320685
2 29 1.0389119
2 20 4.7368407
2 37 1.0030006
2 27 1.0538987
2 16 2000.0
2 23 1621.4773
2 25 1.4119956
3 36 0.4134436
3 28 0.0770084
3 24 2000.0
3 12 0.050365813
3 1 0.24336511
3 9 0.19330823
4 31 0.08186507
4 9 0.050992146
4 17 0.09753706
4 19 0.08470567
5 30 1.1965591
5 8 0.69911957
5 18 0.449803
5 13 2000.0
5 11 2.6780941
5 29 4.4636264
5 34 1.38547
5 20 1.7872328
5 37 2000.0
5 7 4.0157447
5 27 2.3582935
5 16 1.4301455
5 23 9.156941
6 21 2000.0
6 22 160.0
6 31 1.2468358
6 17 0.9776917
7 34 7.8663898
7 30 0.7649825
7 20 1.5033875
7 8 35.229446
7 37 13.431747
7 27 107.2084
7 16 1.1493264
7 11 6.3797855
7 23 1.3022252
7 25 12.312315
7 5 4.0157447
8 0 25.991348
8 30 0.51650065
8 18 1.123937
8 13 4.808949
8 11 0.9512853
8 29 0.53194773
8 5 0.69911957
8 34 4.484217
8 2 1.3019453
8 37 1.5161664
8 7 35.229446
8 27 0.9688012
8 16 1.6851377
8 23 1.6521224
9 36 1.6171187
9 26 2000.0
9 28 3.0032754
9 10 4.7336774
9 22 0.08599121
9 31 0.029298147
9 3 0.19330823
9 12 2000.0
9 17 0.042509973
9 4 0.050992146
9 19 0.07855693
10 26 0.032341797
10 28 0.19562782
10 24 0.04071385
10 31 0.056498516
10 12 10.555536
10 9 4.7336774
10 17 0.032954544
11 0 227.51593
11 30 0.50048953
11 8 0.9512853
11 18 8.798181
11 13 0.88263565
11 33 2.1166346
11 29 0.5151887
11 5 2.6780941
11 34 2.4220893
11 20 0.9755795
11 2 1.1320685
11 37 1.5570493
11 7 6.3797855
11 27 0.4979318
11 16 0.76106095
11 25 1.6613253
12 26 1.5193107
12 28 4.1867504
12 32 0.24216694
12 10 10.555536
12 24 0.07980221
12 21 0.06809018
12 3 0.050365813
13 30 8.836856
13 0 0.5744008
13 8 4.808949
13 18 1030.2079
13 33 1.3919866
13 11 0.88263565
13 29 0.46886554
13 34 15.961942
13 20 0.7835373
13 2 0.7490784
13 14 4.8327646
13 37 2.5303645
13 27 0.3306684
13 16 112.50001
13 25 0.71827924
14 20 0.76303136
14 13 4.8327646
14 33 0.5479542
14 27 3.4111185
14 11 2000.0
14 25 1.9440901
15 32 0.07090359
15 21 0.81995815
16 0 2000.0
16 30 1.1422207
16 8 1.6851377
16 18 0.8251197
16 13 112.50001
16 11 0.76106095
16 29 15.956383
16 5 1.4301455
16 20 10.745617
16 37 29.136803
16 7 1.1493264
16 27 1.4843749
16 23 15.708512
16 25 1.5541556
17 26 1.9027346
17 6 0.9776917
17 10 0.032954544
17 24 0.17629515
17 31 1.332166
17 9 0.042509973
17 4 0.09753706
17 19 2.4777415
18 30 0.7313338
18 0 2000.0
18 8 1.123937
18 13 1030.2079
18 11 8.798181
18 29 1.5860935
18 5 0.449803
18 2 7.201979
18 37 1.0483987
18 7 2000.0
18 27 4.637966
18 16 0.8251197
18 23 1.7907743
19 31 0.082245216
19 9 0.07855693
19 17 2.4777415
19 4 0.08470567
20 30 8.640095
20 13 0.7835373
20 33 1.0924839
20 11 0.9755795
20 29 8.079516
20 5 1.7872328
20 34 0.83345425
20 2 4.7368407
20 14 0.76303136
20 37 2.8433146
20 7 1.5033875
20 27 0.63266295
20 16 10.745617
20 25 0.6298168
21 10 2000.0
21 24 0.5807988
21 35 0.032591283
21 12 0.06809018
21 15 0.81995815
22 6 160.0
22 31 1478.0114
22 9 0.08599121
22 19 1330.5114
23 0 2000.0
23 30 3.023807
23 2 1621.4773
23 8 1.6521224
23 37 2.8846927
23 18 1.7907743
23 7 1.3022252
23 16 15.708512
23 11 2000.0
23 29 2.8369882
23 5 9.156941
24 26 0.07365956
24 32 0.10068993
24 10 0.04071385
24 21 0.5807988
24 31 9.634659
24 12 0.07980221
24 3 2000.0
24 15 2000.0
24 17 0.17629515
25 0 2000.0
25 30 6.531899
25 13 0.71827924
25 33 0.97315145
25 11 1.6613253
25 29 9.627886
25 34 2.0008934
25 20 0.6298168
25 2 1.4119956
25 14 1.9440901
25 37 17.615833
25 7 12.312315
25 27 0.71676445
25 16 1.5541556
26 32 17.681976
26 28 0.062388584
26 10 0.032341797
26 24 0.07365956
26 31 0.07717931
26 12 1.5193107
26 17 1.9027346
27 0 2000.0
27 30 0.19525398
27 8 0.9688012
27 18 4.637966
27 13 0.3306684
27 33 0.90123785
27 11 0.4979318
27 29 0.46097872
27 5 2.3582935
27 34 0.9437606
27 20 0.63266295
27 2 1.0538987
27 14 3.4111185
27 37 0.8124857
27 7 107.2084
27 16 1.4843749
27 25 0.71676445
28 36 0.036961023
28 26 0.062388584
28 10 0.19562782
28 3 0.0770084
28 12 4.1867504
28 9 3.0032754
29 0 11.54362
29 30 3.3421953
29 8 0.53194773
29 18 1.5860935
29 13 0.46886554
29 11 0.5151887
29 5 4.4636264
29 34 7.3994517
29 20 8.079516
29 2 1.0389119
29 37 1.0614823
29 27 0.46097872
29 16 15.956383
29 23 2.8369882
29 25 9.627886
30 0 2000.0
30 8 0.51650065
30 18 0.7313338
30 13 8.836856
30 33 3.1557744
30 11 0.50048953
30 29 3.3421953
30 5 1.1965591
30 34 1.1720068
30 20 8.640095
30 2 39.375633
30 14 2000.0
30 37 4.218083
30 7 0.7649825
30 27 0.19525398
30 16 1.1422207
30 23 3.023807
30 25 6.531899
31 26 0.07717931
31 6 1.2468358
31 10 0.056498516
31 24 9.634659
31 9 0.029298147
31 17 1.332166
31 4 0.08186507
31 19 0.082245216
32 26 17.681976
32 24 0.10068993
32 12 0.24216694
32 15 0.07090359
33 34 2000.0
33 30 3.1557744
33 20 1.0924839
33 2 2.9924867
33 14 0.5479542
33 13 1.3919866
33 7 2000.0
33 27 0.90123785
33 16 2000.0
33 11 2.1166346
33 29 2000.0
33 25 0.97315145
34 30 1.1720068
34 20 0.83345425
34 8 4.484217
34 13 15.961942
34 7 7.8663898
34 27 0.9437606
34 16 1215.0568
34 11 2.4220893
34 25 2.0008934
34 29 7.3994517
34 5 1.38547
35 21 0.032591283
36 26 2000.0
36 28 0.036961023
36 3 0.4134436
36 9 1.6171187
37 30 4.218083
37 0 0.7868016
37 8 1.5161664
37 18 1.0483987
37 13 2.5303645
37 11 1.5570493
37 29 1.0614823
37 20 2.8433146
37 2 1.0030006
37 7 13.431747
37 27 0.8124857
37 16 29.136803
37 23 2.8846927
37 25 17.615833
