0 2 1.3345169
0 37 2.9518874
0 13 1.3148073
0 29 39.28099
0 25 14.973082
1 3 0.38599706
1 12 36.57185
2 30 18.705044
2 0 1.3345169
2 8 1.2840118
2 18 6.0783215
2 13 0.6690547
2 33 3.1243653
2 11 3.2691896
2 29 1.2983522
2 20 3.7504294
2 37 1.1004763
2 27 1.3267676
2 16 2000.0
2 23 8.678353
2 25 0.421467
3 36 0.45239902
3 28 7.096488
3 24 2000.0
3 12 0.08828914
3 1 0.38599706
3 9 0.24976175
4 31 0.082785666
4 9 0.09742615
4 17 0.22752628
4 19 0.14397727
5 30 0.7562775
5 8 0.6268536
5 18 1.9086196
5 13 52.374638
5 11 8.093974
5 29 5.873841
5 34 3.7253695
5 20 3.015904
5 37 23.532438
5 7 18.047571
5 27 1.7947707
5 16 1.5403758
5 23 4.0571017
5 25 2000.0
6 31 0.1305236
6 17 2.7999048
7 30 0.6915753
7 20 228.45909
7 8 6.9640293
7 16 0.98695993
7 23 1.307168
7 25 6.1288924
7 5 18.047571
8 0 2000.0
8 30 0.75664127
8 18 1.3350412
8 13 2.1184695
8 11 1.8525834
8 29 1.3268427
8 5 0.6268536
8 34 30.486773
8 2 1.2840118
8 37 0.9998629
8 7 6.9640293
8 27 3.7985547
8 16 1.5764841
8 23 1.0504545
8 25 2000.0
9 36 0.79979706
9 26 2000.0
9 28 1.7872679
9 10 23.339722
9 22 0.056396294
9 31 0.037609022
9 3 0.24976175
9 12 2000.0
9 4 0.09742615
9 17 0.03647541
9 19 0.06809659
10 26 0.030318554
10 28 1.0733562
10 24 0.07130575
10 31 4.398418
10 12 128.05727
10 9 23.339722
10 17 0.03672104
11 0 2000.0
11 30 1.0571779
11 8 1.8525834
11 18 10.136835
11 13 1.1625991
11 33 2.416438
11 29 1.6598363
11 5 8.093974
11 34 4.8807507
11 20 1.7989877
11 2 3.2691896
11 37 1.8869339
11 7 2011.6477
11 27 0.86417663
11 16 0.9693494
11 25 1.0518242
12 26 2.6837664
12 32 12.628181
12 10 128.05727
12 24 0.07057563
12 21 0.23092921
12 3 0.08828914
12 1 36.57185
13 30 98.92201
13 0 1.3148073
13 8 2.1184695
13 18 71.47524
13 33 1.1136564
13 11 1.1625991
13 29 0.9260935
13 5 52.374638
13 34 800.0
13 20 1.1941301
13 2 0.6690547
13 14 4.160614
13 37 1.8342359
13 7 2000.0
13 27 0.28434563
13 16 59.738636
13 25 0.32578117
14 30 12.235804
14 20 3.5600276
14 13 4.160614
14 27 4.1120815
14 33 0.45752272
14 25 2.2494237
15 32 0.08033032
15 21 7.958222
16 30 1.1046945
16 0 2000.0
16 8 1.5764841
16 18 0.90557855
16 13 59.738636
16 11 0.9693494
16 29 2000.0
16 5 1.5403758
16 34 24.457758
16 20 21.801537
16 7 0.98695993
16 27 1.4989804
16 23 2.8247004
16 25 0.8408233
17 6 2.7999048
17 26 1.5110098
17 10 0.03672104
17 24 0.10069208
17 31 0.99919903
17 9 0.03647541
17 4 0.22752628
17 19 48.926846
18 0 2000.0
18 30 0.72114795
18 8 1.3350412
18 13 71.47524
18 11 10.136835
18 29 1.1326954
18 5 1.9086196
18 2 6.0783215
18 37 3.4603643
18 7 2000.0
18 27 23.77831
18 16 0.90557855
18 23 1.7009046
19 31 0.092140146
19 9 0.06809659
19 4 0.14397727
19 17 48.926846
20 0 2000.0
20 30 3.5147755
20 13 1.1941301
20 33 1.0321646
20 11 1.7989877
20 29 4.2112117
20 5 3.015904
20 34 1.3037028
20 2 3.7504294
20 14 3.5600276
20 37 6.5828238
20 7 228.45909
20 27 2.904983
20 16 21.801537
20 25 0.6527218
21 32 2000.0
21 24 1.2757832
21 35 0.033806898
21 31 2000.0
21 12 0.23092921
21 15 7.958222
22 31 113.64271
22 9 0.056396294
22 19 2000.0
23 0 2000.0
23 30 5.751467
23 8 1.0504545
23 2 8.678353
23 37 1.1546353
23 18 1.7009046
23 7 1.307168
23 16 2.8247004
23 11 2000.0
23 29 3.4447312
23 5 4.0571017
24 26 0.039834168
24 32 0.2848157
24 10 0.07130575
24 21 1.2757832
24 12 0.07057563
24 17 0.10069208
25 30 11.391448
25 0 14.973082
25 13 0.32578117
25 33 0.6798485
25 11 1.0518242
25 29 2.1620927
25 34 2.759673
25 20 0.6527218
25 2 0.421467
25 14 2.2494237
25 37 27.119747
25 7 6.1288924
25 27 0.26371157
25 16 0.8408233
26 32 80.0
26 28 0.08034794
26 10 0.030318554
26 24 0.039834168
26 31 0.14347765
26 12 2.6837664
26 17 1.5110098
27 30 0.18601006
27 0 2000.0
27 8 3.7985547
27 18 23.77831
27 13 0.28434563
27 33 0.9300153
27 11 0.86417663
27 29 0.8023498
27 5 1.7947707
27 34 1.0079207
27 20 2.904983
27 2 1.3267676
27 14 4.1120815
27 37 0.9335197
27 7 2000.0
27 16 1.4989804
27 25 0.26371157
28 36 0.08636098
28 26 0.08034794
28 10 1.0733562
28 3 7.096488
28 12 1209.2046
28 9 1.7872679
28 19 1378.6932
29 0 39.28099
29 30 1.2898823
29 8 1.3268427
29 18 1.1326954
29 13 0.9260935
29 33 34.42234
29 11 1.6598363
29 5 5.873841
29 34 6.124227
29 20 4.2112117
29 2 1.2983522
29 37 0.65688705
29 7 2000.0
29 27 0.8023498
29 16 2000.0
29 23 3.4447312
29 25 2.1620927
30 8 0.75664127
30 18 0.72114795
30 13 98.92201
30 33 9.727327
30 11 1.0571779
30 29 1.2898823
30 5 0.7562775
30 34 1.3009727
30 20 3.5147755
30 2 18.705044
30 14 12.235804
30 37 12.395751
30 7 0.6915753
30 27 0.18601006
30 16 1.1046945
30 23 5.751467
30 25 11.391448
31 26 0.14347765
31 6 0.1305236
31 10 4.398418
31 35 74.425575
31 22 113.64271
31 9 0.037609022
31 4 0.082785666
31 17 0.99919903
31 19 0.092140146
32 26 80.0
32 24 0.2848157
32 12 12.628181
32 15 0.08033032
33 30 9.727327
33 13 1.1136564
33 11 2.416438
33 29 34.42234
33 5 2000.0
33 34 2000.0
33 20 1.0321646
33 2 3.1243653
33 14 0.45752272
33 7 2000.0
33 27 0.9300153
33 16 3017.898
33 25 0.6798485
34 30 1.3009727
34 20 1.3037028
34 8 30.486773
34 37 2000.0
34 13 800.0
34 7 2000.0
34 27 1.0079207
34 16 24.457758
34 11 4.8807507
34 29 6.124227
34 25 2.759673
34 5 3.7253695
35 21 0.033806898
35 31 74.425575
36 28 0.08636098
36 3 0.45239902
36 9 0.79979706
37 30 12.395751
37 0 2.9518874
37 8 0.9998629
37 18 3.4603643
37 13 1.8342359
37 11 1.8869339
37 29 0.65688705
37 5 23.532438
37 20 6.5828238
37 2 1.1004763
37 7 2921.0227
37 27 0.9335197
37 16 2000.0
37 23 1.1546353
37 25 27.119747
