0 2 0.8148919
0 37 1.6669406
0 13 0.712039
0 29 40.313454
0 25 9.073734
1 3 1.3811189
1 12 72.277275
2 30 19.02819
2 0 0.8148919
2 8 1.2533783
2 18 2.3948216
2 13 0.51130587
2 33 2.2580183
2 11 1.7803819
2 29 1.2522321
2 20 4.1322713
2 37 0.8687304
2 27 1.2088329
2 16 2000.0
2 23 13.8203125
2 25 0.45882505
3 36 0.18603098
3 28 136.19887
3 24 200.0
3 12 0.048195656
3 1 1.3811189
3 9 0.30270833
4 31 0.08576752
4 9 0.08312466
4 17 0.110633835
4 19 0.07869784
5 30 0.6114919
5 8 0.649089
5 18 0.5341518
5 13 52.93599
5 11 3.4689474
5 29 3.598558
5 34 1.4749874
5 20 1.8089359
5 37 12.147606
5 7 10.869582
5 27 2.0037317
5 16 1.5542938
5 23 3.0372858
5 25 2000.0
6 31 0.15744135
6 17 6.8733025
7 30 0.59814054
7 20 35.285324
7 8 5.1556115
7 16 1.1707597
7 23 0.97727627
7 11 180.05681
7 25 3.193662
7 5 10.869582
8 0 2000.0
8 30 0.43953794
8 18 1.201159
8 13 0.82712054
8 11 0.9343124
8 29 0.4590616
8 5 0.649089
8 34 33.770836
8 2 1.2533783
8 37 0.7844473
8 7 5.1556115
8 27 0.84968287
8 16 1.3729163
8 23 0.85071546
8 25 2000.0
9 36 0.25228992
9 26 2000.0
9 28 2.828907
9 10 12.380831
9 22 0.049484674
9 31 0.033541206
9 12 2000.0
9 3 0.30270833
9 4 0.08312466
9 17 0.03598175
9 19 0.06905738
10 26 0.029764201
10 28 0.42053297
10 24 0.076824084
10 31 19.15689
10 12 1145.7954
10 9 12.380831
10 17 0.032033395
11 0 2000.0
11 30 0.82282144
11 8 0.9343124
11 18 4.9484925
11 13 1.1125226
11 33 2.4283645
11 29 1.439254
11 5 3.4689474
11 34 2.121432
11 20 1.6943775
11 2 1.7803819
11 37 1.55696
11 7 180.05681
11 27 0.606427
11 16 1.0155047
11 25 0.70154524
12 26 1.2707268
12 32 6.320629
12 24 0.066967614
12 21 0.1278966
12 3 0.048195656
12 1 72.277275
13 30 135.23364
13 0 0.712039
13 8 0.82712054
13 18 501.66055
13 33 0.94004714
13 11 1.1125226
13 29 0.79025495
13 5 52.93599
13 34 2212.1023
13 20 1.0985621
13 2 0.51130587
13 14 5.595391
13 37 1.0831472
13 7 2000.0
13 27 0.51171345
13 16 56.030624
13 25 0.24634282
14 30 3.9270391
14 20 1.7212994
14 13 5.595391
14 27 4.8828855
14 33 0.39757776
14 25 2.8057525
15 32 0.06859421
15 21 3.9984052
16 0 2000.0
16 30 1.1202855
16 8 1.3729163
16 18 1.2227911
16 13 56.030624
16 11 1.0155047
16 5 1.5542938
16 34 59.690475
16 20 16.101091
16 7 1.1707597
16 27 1.226447
16 23 3.3817127
16 25 0.66736925
17 6 6.8733025
17 26 1.7023848
17 10 0.032033395
17 24 0.12414933
17 31 0.9605068
17 9 0.03598175
17 4 0.110633835
17 19 113.96875
18 0 2000.0
18 30 0.69897544
18 8 1.201159
18 13 501.66055
18 11 4.9484925
18 29 1.2419792
18 5 0.5341518
18 2 2.3948216
18 37 1.9988008
18 7 2000.0
18 27 14.077121
18 16 1.2227911
18 23 1.2814001
19 31 0.09306516
19 9 0.06905738
19 4 0.07869784
19 17 113.96875
20 30 1.42364
20 13 1.0985621
20 33 1.2405568
20 11 1.6943775
20 29 38.349968
20 5 1.8089359
20 34 1.0804168
20 2 4.1322713
20 14 1.7212994
20 37 2.4724882
20 7 35.285324
20 27 1.155409
20 16 16.101091
20 25 0.69522834
21 32 2000.0
21 24 0.26203036
21 35 0.029290603
21 12 0.1278966
21 15 3.9984052
22 31 276.9231
22 9 0.049484674
22 19 2000.0
23 0 2000.0
23 30 1.3865085
23 8 0.85071546
23 2 13.8203125
23 37 1.0066525
23 18 1.2814001
23 7 0.97727627
23 16 3.3817127
23 11 2000.0
23 29 1.2492613
23 5 3.0372858
24 26 0.04737313
24 32 0.14394218
24 10 0.076824084
24 21 0.26203036
24 12 0.066967614
24 3 200.0
24 15 2000.0
24 17 0.12414933
25 30 11.049149
25 0 9.073734
25 13 0.24634282
25 33 0.94942737
25 11 0.70154524
25 29 1.640967
25 34 1.4739634
25 20 0.69522834
25 2 0.45882505
25 14 2.8057525
25 37 28.722595
25 7 3.193662
25 27 0.32627437
25 16 0.66736925
26 32 25.37335
26 28 0.054008834
26 10 0.029764201
26 24 0.04737313
26 31 0.3478194
26 12 1.2707268
26 17 1.7023848
27 30 0.3136364
27 0 2000.0
27 8 0.84968287
27 18 14.077121
27 13 0.51171345
27 33 0.7462319
27 11 0.606427
27 29 0.59331495
27 5 2.0037317
27 34 0.9022335
27 20 1.155409
27 2 1.2088329
27 14 4.8828855
27 37 1.1188843
27 7 2000.0
27 16 1.226447
27 25 0.32627437
28 36 0.030067066
28 26 0.054008834
28 10 0.42053297
28 3 136.19887
28 12 1095.7955
28 9 2.828907
28 19 1228.6931
29 0 40.313454
29 30 1.0419635
29 8 0.4590616
29 18 1.2419792
29 13 0.79025495
29 33 13.807284
29 11 1.439254
29 5 3.598558
29 34 1.7996074
29 20 38.349968
29 2 1.2522321
29 37 0.95978564
29 7 2000.0
29 27 0.59331495
29 16 2000.0
29 23 1.2492613
29 25 1.640967
30 8 0.43953794
30 18 0.69897544
30 13 135.23364
30 33 9.178684
30 11 0.82282144
30 29 1.0419635
30 5 0.6114919
30 34 1.0261735
30 20 1.42364
30 2 19.02819
30 14 3.9270391
30 37 11.165778
30 7 0.59814054
30 27 0.3136364
30 16 1.1202855
30 23 1.3865085
30 25 11.049149
31 26 0.3478194
31 6 0.15744135
31 10 19.15689
31 22 276.9231
31 9 0.033541206
31 4 0.08576752
31 17 0.9605068
31 19 0.09306516
32 26 25.37335
32 24 0.14394218
32 21 2000.0
32 12 6.320629
32 15 0.06859421
33 30 9.178684
33 8 2000.0
33 13 0.94004714
33 11 2.4283645
33 29 13.807284
33 5 2000.0
33 34 2000.0
33 20 1.2405568
33 2 2.2580183
33 14 0.39757776
33 7 2000.0
33 27 0.7462319
33 16 1971.0227
33 25 0.94942737
34 30 1.0261735
34 20 1.0804168
34 8 33.770836
34 37 2000.0
34 7 2329.1287
34 27 0.9022335
34 16 59.690475
34 11 2.121432
34 29 1.7996074
34 25 1.4739634
34 5 1.4749874
35 21 0.029290603
35 31 1120.1705
36 28 0.030067066
36 3 0.18603098
36 9 0.25228992
37 30 11.165778
37 0 1.6669406
37 8 0.7844473
37 18 1.9988008
37 13 1.0831472
37 11 1.55696
37 29 0.95978564
37 5 12.147606
37 20 2.4724882
37 2 0.8687304
37 7 2553.068
37 27 1.1188843
37 16 2000.0
37 23 1.0066525
37 25 28.722595
