0 2 0.99584794
0 37 5.6223817
0 13 1.0843548
0 29 6.4904766
0 25 22.211172
1 3 1.123941
1 12 18.097324
2 30 35.02596
2 0 0.99584794
2 8 1.3108562
2 18 1.8321558
2 13 0.3686112
2 33 3.2925358
2 11 1.4232463
2 29 1.2002232
2 20 2.4369159
2 37 0.84384793
2 27 0.6988299
2 16 2000.0
2 23 7.7972984
2 25 0.6647298
3 36 0.5782864
3 28 18.148773
3 24 2000.0
3 12 0.05119592
3 1 1.123941
3 9 0.2851894
4 31 0.08088745
4 9 0.101392955
4 17 0.35422707
4 19 0.067073114
5 30 1.143538
5 8 0.6454175
5 18 0.74507177
5 13 23.862875
5 11 2.330691
5 29 7.4363527
5 34 4.4784303
5 20 3.3281593
5 37 28.766537
5 7 18.316189
5 27 1.4014757
5 16 2.6034503
5 23 4.2440705
6 31 0.1161002
6 17 4.8785644
7 30 0.94020134
7 20 153.54356
7 8 5.1800294
7 37 44.049923
7 16 1.2447577
7 11 120.57706
7 23 1.3264899
7 25 1.3143773
7 5 18.316189
8 0 2000.0
8 30 0.8417517
8 18 1.5527018
8 13 0.9588688
8 11 0.892301
8 29 1.1942943
8 5 0.6454175
8 34 123.546875
8 2 1.3108562
8 37 0.9707634
8 7 5.1800294
8 27 2.5173461
8 16 1.6402193
8 23 1.1495748
8 25 2000.0
9 36 0.50445074
9 26 2000.0
9 28 2.0519204
9 10 39.346523
9 22 0.07131486
9 31 0.036751118
9 12 2000.0
9 3 0.2851894
9 4 0.101392955
9 17 0.10139244
9 19 0.056294046
10 26 0.030910924
10 28 0.573717
10 24 0.08869166
10 31 10.30832
10 12 155.3274
10 9 39.346523
10 17 0.037092805
11 0 2000.0
11 30 0.7253135
11 8 0.892301
11 18 6.5106235
11 13 0.72106504
11 33 2.5609734
11 29 0.8346196
11 5 2.330691
11 34 2.7688026
11 20 1.1079296
11 2 1.4232463
11 37 1.4267594
11 7 120.57706
11 27 0.7125275
11 16 1.2181714
11 25 1.3602874
12 26 1.1267815
12 32 5.682911
12 10 155.3274
12 24 0.07185052
12 21 0.18994081
12 3 0.05119592
12 1 18.097324
13 30 71.50095
13 0 1.0843548
13 8 0.9588688
13 33 0.8130691
13 11 0.72106504
13 29 1.1663017
13 5 23.862875
13 34 2182.1592
13 20 1.0289527
13 2 0.3686112
13 14 5.5140266
13 37 1.4248827
13 7 2000.0
13 27 0.56387675
13 16 79.21285
13 25 0.27930084
14 30 9.588763
14 20 4.855083
14 13 5.5140266
14 27 2.2656035
14 33 0.6818477
14 11 2000.0
14 25 6.303846
15 32 0.069609664
15 21 1.2490833
16 30 1.1368754
16 0 2000.0
16 8 1.6402193
16 18 1.1629006
16 13 79.21285
16 11 1.2181714
16 5 2.6034503
16 34 43.86619
16 20 27.931902
16 7 1.2447577
16 27 1.4702669
16 23 3.9436393
16 25 1.1773645
17 6 4.8785644
17 26 1.6427976
17 10 0.037092805
17 24 0.098492146
17 31 1.0314147
17 9 0.10139244
17 4 0.35422707
17 19 176.5367
18 0 2000.0
18 30 0.73100513
18 8 1.5527018
18 13 1661.1931
18 11 6.5106235
18 29 1.2188209
18 5 0.74507177
18 2 1.8321558
18 37 2.5081525
18 7 2000.0
18 27 16.15832
18 16 1.1629006
18 23 1.1738635
19 31 0.06727783
19 9 0.056294046
19 4 0.067073114
20 30 1.6500652
20 13 1.0289527
20 33 0.9216973
20 11 1.1079296
20 29 11.590065
20 5 3.3281593
20 34 0.83182406
20 2 2.4369159
20 14 4.855083
20 37 3.4037793
20 7 153.54356
20 27 1.0606774
20 16 27.931902
20 25 0.7338543
21 26 2000.0
21 24 1.1060765
21 35 0.030635998
21 12 0.18994081
21 15 1.2490833
22 31 1623.2671
22 9 0.07131486
22 19 2000.0
23 30 2.8099048
23 0 2000.0
23 8 1.1495748
23 2 7.7972984
23 37 0.7997985
23 18 1.1738635
23 7 1.3264899
23 16 3.9436393
23 11 2000.0
23 29 1.1330539
23 5 4.2440705
24 26 0.039040018
24 32 0.2586392
24 10 0.08869166
24 21 1.1060765
24 12 0.07185052
24 15 2000.0
24 17 0.098492146
25 0 22.211172
25 30 12.768309
25 13 0.27930084
25 33 0.5567496
25 11 1.3602874
25 29 2.2465606
25 34 2.800184
25 20 0.7338543
25 2 0.6647298
25 14 6.303846
25 37 139.82097
25 7 1.3143773
25 27 0.3009305
25 16 1.1773645
26 32 15.738768
26 28 0.11918246
26 10 0.030910924
26 24 0.039040018
26 31 0.13079907
26 12 1.1267815
26 17 1.6427976
27 30 0.23669294
27 0 2000.0
27 8 2.5173461
27 18 16.15832
27 13 0.56387675
27 33 0.82597554
27 11 0.7125275
27 29 0.7507073
27 5 1.4014757
27 34 1.1850291
27 20 1.0606774
27 2 0.6988299
27 14 2.2656035
27 37 0.9880472
27 7 2000.0
27 16 1.4702669
27 25 0.3009305
28 36 0.029142227
28 26 0.11918246
28 10 0.573717
28 3 18.148773
28 12 1190.3408
28 9 2.0519204
28 19 1341.875
29 0 6.4904766
29 30 2.1227903
29 8 1.1942943
29 18 1.2188209
29 13 1.1663017
29 33 6.2314253
29 11 0.8346196
29 5 7.4363527
29 34 3.8212187
29 20 11.590065
29 2 1.2002232
29 37 0.9713204
29 7 2000.0
29 27 0.7507073
29 16 2000.0
29 23 1.1330539
29 25 2.2465606
30 8 0.8417517
30 18 0.73100513
30 13 71.50095
30 33 6.519999
30 11 0.7253135
30 29 2.1227903
30 5 1.143538
30 34 0.8270398
30 20 1.6500652
30 2 35.02596
30 14 9.588763
30 37 10.598607
30 7 0.94020134
30 27 0.23669294
30 16 1.1368754
30 23 2.8099048
30 25 12.768309
31 26 0.13079907
31 6 0.1161002
31 10 10.30832
31 35 51.609093
31 22 1623.2671
31 9 0.036751118
31 4 0.08088745
31 17 1.0314147
31 19 0.06727783
32 26 15.738768
32 10 2000.0
32 24 0.2586392
32 12 5.682911
32 15 0.069609664
33 34 2000.0
33 30 6.519999
33 20 0.9216973
33 2 3.2925358
33 14 0.6818477
33 7 2000.0
33 13 0.8130691
33 27 0.82597554
33 16 3017.898
33 11 2.5609734
33 29 6.2314253
33 25 0.5567496
34 30 0.8270398
34 20 0.83182406
34 8 123.546875
34 37 2000.0
34 7 2000.0
34 27 1.1850291
34 16 43.86619
34 11 2.7688026
34 29 3.8212187
34 25 2.800184
34 5 4.4784303
35 21 0.030635998
35 31 51.609093
36 28 0.029142227
36 3 0.5782864
36 9 0.50445074
37 30 10.598607
37 0 5.6223817
37 8 0.9707634
37 18 2.5081525
37 13 1.4248827
37 11 1.4267594
37 29 0.9713204
37 5 28.766537
37 20 3.4037793
37 2 0.84384793
37 7 44.049923
37 27 0.9880472
37 16 2000.0
37 23 0.7997985
37 25 139.82097
