0 8 7.9211307
0 2 1.5526669
0 37 0.89274883
0 13 0.8245067
0 11 108.981705
0 29 16.836103
1 3 0.21171127
1 12 69.80279
2 30 11.8718
2 0 1.5526669
2 8 1.3274306
2 18 13.690024
2 13 0.37218705
2 33 1.3061321
2 11 0.968283
2 29 0.65087634
2 20 2.4598691
2 37 0.6134435
2 27 0.4851031
2 16 2000.0
2 23 21.357784
2 25 1.6254189
3 36 0.4192147
3 28 0.17024831
3 24 225.00002
3 12 0.048635416
3 1 0.21171127
3 9 1.2151021
4 31 0.08024627
4 9 0.068235904
4 17 0.0884254
4 19 0.08680228
5 30 0.70060647
5 8 0.6531644
5 18 0.38587663
5 13 56.320072
5 11 3.4672687
5 29 2.1660514
5 34 1.0761545
5 20 2.1663582
5 37 2000.0
5 7 6.123421
5 27 2.2198331
5 16 1.5621723
5 23 3.2941086
6 31 0.44070515
6 17 1.1500733
7 34 4.7975645
7 30 0.7957363
7 20 1.633983
7 8 25.461838
7 37 25.210457
7 27 100.0
7 16 1.2750565
7 11 10.973691
7 23 1.2832896
7 25 7.710236
7 5 6.123421
8 0 7.9211307
8 30 1.021862
8 18 1.0567282
8 13 5.24264
8 11 2.0306625
8 29 0.94227195
8 5 0.6531644
8 34 2.4270627
8 2 1.3274306
8 37 1.0342066
8 7 25.461838
8 27 2.1102457
8 16 1.4526647
8 23 1.5578091
9 36 0.77596194
9 28 2.247159
9 10 2.3449676
9 22 0.23334357
9 31 0.03088193
9 3 1.2151021
9 17 0.058168776
9 4 0.068235904
9 19 0.07646509
10 26 0.030551415
10 28 0.44999996
10 24 0.20000722
10 31 0.03678737
10 12 10.405404
10 9 2.3449676
10 17 0.030665591
11 0 108.981705
11 30 0.5035732
11 8 2.0306625
11 18 6.123
11 13 0.5586054
11 33 2.3084395
11 29 0.974998
11 5 3.4672687
11 34 2.0789146
11 20 0.76052773
11 2 0.968283
11 37 1.0896163
11 7 10.973691
11 27 0.42673135
11 16 0.8706819
11 25 1.174542
12 26 1.6228143
12 28 3.1211708
12 32 0.30411255
12 10 10.405404
12 24 0.05778708
12 21 0.104084425
12 3 0.048635416
12 1 69.80279
13 30 0.6630753
13 0 0.8245067
13 8 5.24264
13 18 67.24906
13 33 0.9009033
13 11 0.5586054
13 29 0.79839337
13 5 56.320072
13 34 5.1039186
13 20 0.92571265
13 2 0.37218705
13 14 4.035051
13 37 1.5491304
13 27 0.30214134
13 16 41.598263
13 25 0.6738287
14 20 1.6719052
14 13 4.035051
14 27 1.8189371
14 33 0.4780337
14 11 2000.0
14 25 1.9094937
15 32 0.08890572
15 21 2.0046377
16 30 1.0835981
16 0 2000.0
16 8 1.4526647
16 18 0.83638287
16 13 41.598263
16 11 0.8706819
16 29 28.402641
16 5 1.5621723
16 20 10.07363
16 37 10.484852
16 7 1.2750565
16 27 1.6075764
16 23 6.703798
16 25 1.9776754
17 26 1.7348683
17 6 1.1500733
17 10 0.030665591
17 24 0.28311434
17 31 1.2036178
17 9 0.058168776
17 4 0.0884254
17 19 5.635772
18 30 0.72358435
18 2 13.690024
18 8 1.0567282
18 37 1.1103008
18 7 2000.0
18 13 67.24906
18 27 3.2520995
18 16 0.83638287
18 23 1.3321129
18 11 6.123
18 29 0.8109921
18 5 0.38587663
19 31 0.0920805
19 9 0.07646509
19 17 5.635772
19 4 0.08680228
20 30 32.899506
20 13 0.92571265
20 33 2.3285005
20 11 0.76052773
20 29 11.542719
20 5 2.1663582
20 34 1.0395547
20 2 2.4598691
20 14 1.6719052
20 37 2.337338
20 7 1.633983
20 27 0.77537626
20 16 10.07363
20 25 1.2599661
21 26 2000.0
21 32 2000.0
21 24 0.5432244
21 35 0.033389375
21 12 0.104084425
21 15 2.0046377
22 6 1601.3068
22 31 1196.875
22 9 0.23334357
22 19 1462.216
23 30 1.0642842
23 0 2000.0
23 2 21.357784
23 8 1.5578091
23 37 2.0088737
23 18 1.3321129
23 7 1.2832896
23 16 6.703798
23 11 2000.0
23 29 2.7862315
23 5 3.2941086
24 26 0.16567513
24 32 0.089056
24 10 0.20000722
24 21 0.5432244
24 31 2.4349294
24 3 225.00002
24 12 0.05778708
24 15 2000.0
24 17 0.28311434
25 0 2000.0
25 30 2.2141383
25 13 0.6738287
25 33 0.38474727
25 11 1.174542
25 29 3.455424
25 34 1.5176289
25 20 1.2599661
25 2 1.6254189
25 14 1.9094937
25 37 28.491907
25 7 7.710236
25 27 0.8363078
25 16 1.9776754
26 32 37.319603
26 28 0.11111989
26 10 0.030551415
26 24 0.16567513
26 31 0.11967683
26 12 1.6228143
26 17 1.7348683
27 0 2000.0
27 30 0.19671479
27 8 2.1102457
27 18 3.2520995
27 13 0.30214134
27 33 0.9447751
27 11 0.42673135
27 29 0.5328409
27 5 2.2198331
27 34 0.9960154
27 20 0.77537626
27 2 0.4851031
27 14 1.8189371
27 37 0.78160226
27 7 100.0
27 16 1.6075764
27 23 2000.0
27 25 0.8363078
28 36 0.03526453
28 26 0.11111989
28 10 0.44999996
28 3 0.17024831
28 12 3.1211708
28 9 2.247159
29 0 16.836103
29 30 3.0405037
29 8 0.94227195
29 18 0.8109921
29 13 0.79839337
29 11 0.974998
29 5 2.1660514
29 34 8.283057
29 20 11.542719
29 2 0.65087634
29 37 1.3095595
29 7 2000.0
29 27 0.5328409
29 16 28.402641
29 23 2.7862315
29 25 3.455424
30 0 2000.0
30 8 1.021862
30 18 0.72358435
30 13 0.6630753
30 33 2.3403134
30 11 0.5035732
30 29 3.0405037
30 5 0.70060647
30 34 1.6340333
30 20 32.899506
30 2 11.8718
30 37 10.705989
30 7 0.7957363
30 27 0.19671479
30 16 1.0835981
30 23 1.0642842
30 25 2.2141383
31 26 0.11967683
31 6 0.44070515
31 10 0.03678737
31 24 2.4349294
31 9 0.03088193
31 17 1.2036178
31 4 0.08024627
31 19 0.0920805
32 26 37.319603
32 24 0.089056
32 12 0.30411255
32 15 0.08890572
33 34 2000.0
33 30 2.3403134
33 20 2.3285005
33 2 1.3061321
33 14 0.4780337
33 7 2000.0
33 13 0.9009033
33 27 0.9447751
33 16 2226.3638
33 11 2.3084395
33 29 3775.9092
33 25 0.38474727
34 30 1.6340333
34 20 1.0395547
34 8 2.4270627
34 13 5.1039186
34 7 4.7975645
34 27 0.9960154
34 16 1215.0568
34 11 2.0789146
34 25 1.5176289
34 29 8.283057
34 5 1.0761545
35 21 0.033389375
36 26 2000.0
36 28 0.03526453
36 3 0.4192147
36 9 0.77596194
37 30 10.705989
37 0 0.89274883
37 8 1.0342066
37 18 1.1103008
37 13 1.5491304
37 11 1.0896163
37 29 1.3095595
37 20 2.337338
37 2 0.6134435
37 7 25.210457
37 27 0.78160226
37 16 10.484852
37 23 2.0088737
37 25 28.491907
