0 2 0.8602074
0 37 1.7312059
0 13 0.9307393
0 25 11.415817
0 29 46.365967
1 3 0.52076447
1 12 13.675293
2 30 11.892296
2 0 0.8602074
2 8 1.1535125
2 18 1.5921874
2 13 0.38861743
2 33 1.4507276
2 11 1.2992424
2 29 1.4342947
2 20 1.7079546
2 37 0.82582283
2 27 0.46303472
2 16 2000.0
2 23 14.023249
2 25 0.42695445
3 36 0.3308708
3 28 8.4421625
3 24 2000.0
3 12 0.048952416
3 1 0.52076447
3 9 0.49877593
4 31 0.06554716
4 9 0.08291067
4 17 0.1698045
4 19 0.081956595
5 30 0.59062207
5 8 0.44428152
5 18 0.89904666
5 13 36.973385
5 11 0.98155755
5 29 1.8742208
5 34 3.0872285
5 20 2.922676
5 37 12.644686
5 7 4.90525
5 27 1.8792449
5 16 1.6542845
5 23 2.4813454
5 25 2000.0
6 31 0.17426687
6 17 5.3493423
7 30 0.65175205
7 20 70.648865
7 8 3.4329638
7 27 2000.0
7 16 1.106751
7 23 1.3173063
7 25 3.086384
7 5 4.90525
8 0 2000.0
8 30 0.41526344
8 18 1.0843145
8 13 1.386865
8 11 1.0307041
8 29 0.33542985
8 5 0.44428152
8 34 23.277296
8 2 1.1535125
8 37 1.0054651
8 7 3.4329638
8 27 0.9439868
8 16 1.5191902
8 23 0.83107686
8 25 2000.0
9 36 0.3344821
9 26 2000.0
9 28 0.9379209
9 10 16.30135
9 22 0.053922433
9 31 0.029971512
9 3 0.49877593
9 12 2000.0
9 4 0.08291067
9 17 0.035221618
9 19 0.07243099
10 26 0.029322509
10 28 0.295
10 24 0.082107976
10 31 11.490888
10 12 51.428574
10 9 16.30135
10 17 0.029382553
11 0 2000.0
11 30 0.73960507
11 8 1.0307041
11 18 4.1358824
11 13 1.156403
11 33 2.096668
11 29 0.9051757
11 5 0.98155755
11 34 1.6581367
11 20 0.6706405
11 2 1.2992424
11 37 1.32407
11 7 1617.2727
11 27 0.67829645
11 16 0.91897327
11 25 0.66647726
12 26 2.2895768
12 32 3.4303982
12 10 51.428574
12 24 0.07281656
12 21 0.10816961
12 3 0.048952416
12 1 13.675293
13 30 60.733364
13 0 0.9307393
13 8 1.386865
13 18 114.86023
13 33 0.72344375
13 11 1.156403
13 29 1.1361995
13 5 36.973385
13 34 200.0
13 20 1.5452955
13 2 0.38861743
13 14 7.8589206
13 37 1.0507164
13 7 2000.0
13 27 0.54991883
13 16 55.85346
13 25 0.2986028
14 34 2000.0
14 30 10.611099
14 20 1.454332
14 13 7.8589206
14 27 2.2590127
14 33 0.34153408
14 11 2000.0
14 25 1.7566975
15 32 0.07608177
15 21 7.9404774
16 0 2000.0
16 30 1.0883602
16 8 1.5191902
16 18 0.9002521
16 13 55.85346
16 11 0.91897327
16 5 1.6542845
16 34 22.441364
16 20 14.502022
16 7 1.106751
16 27 1.4528917
16 23 2.5452304
16 25 1.0076321
17 6 5.3493423
17 26 1.7885655
17 10 0.029382553
17 24 0.22945024
17 31 1.0017766
17 9 0.035221618
17 4 0.1698045
17 19 47.95989
18 0 2000.0
18 30 0.59950864
18 8 1.0843145
18 13 114.86023
18 11 4.1358824
18 29 1.2611146
18 5 0.89904666
18 2 1.5921874
18 37 2.0383625
18 7 2000.0
18 27 20.249756
18 16 0.9002521
18 23 1.247084
19 28 165.90683
19 31 0.08191851
19 9 0.07243099
19 17 47.95989
19 4 0.081956595
20 30 3.0974026
20 13 1.5452955
20 33 0.9940005
20 11 0.6706405
20 29 24.71461
20 5 2.922676
20 34 0.852568
20 2 1.7079546
20 14 1.454332
20 37 1.7588615
20 7 70.648865
20 27 1.3989762
20 16 14.502022
20 25 0.27739027
21 32 2000.0
21 10 2000.0
21 24 1.076588
21 35 0.038898945
21 31 2000.0
21 12 0.10816961
21 15 7.9404774
22 31 47.247677
22 9 0.053922433
22 19 2000.0
23 0 2000.0
23 30 0.9160463
23 8 0.83107686
23 2 14.023249
23 37 1.6725649
23 18 1.247084
23 7 1.3173063
23 16 2.5452304
23 11 2000.0
23 29 0.9899979
23 5 2.4813454
24 26 0.04003653
24 32 0.42918348
24 10 0.082107976
24 21 1.076588
24 12 0.07281656
24 15 2000.0
24 17 0.22945024
25 0 11.415817
25 30 23.499056
25 13 0.2986028
25 33 0.68246263
25 11 0.66647726
25 29 1.7083832
25 34 1.6021599
25 20 0.27739027
25 2 0.42695445
25 14 1.7566975
25 37 25.191109
25 7 3.086384
25 27 0.20540929
25 16 1.0076321
26 32 1190.7386
26 28 0.06393026
26 10 0.029322509
26 24 0.04003653
26 31 0.14870594
26 12 2.2895768
26 17 1.7885655
27 30 0.30028602
27 0 2000.0
27 8 0.9439868
27 18 20.249756
27 13 0.54991883
27 33 0.58063275
27 11 0.67829645
27 29 1.132542
27 5 1.8792449
27 34 1.4630253
27 20 1.3989762
27 2 0.46303472
27 14 2.2590127
27 37 0.9549446
27 7 2000.0
27 16 1.4528917
27 25 0.20540929
28 36 0.034723073
28 26 0.06393026
28 10 0.295
28 3 8.4421625
28 12 1211.9319
28 9 0.9379209
28 19 165.90683
29 0 46.365967
29 30 1.2351981
29 8 0.33542985
29 18 1.2611146
29 13 1.1361995
29 33 19.1869
29 11 0.9051757
29 5 1.8742208
29 34 2.6672106
29 20 24.71461
29 2 1.4342947
29 37 0.8591193
29 27 1.132542
29 16 2000.0
29 23 0.9899979
29 25 1.7083832
30 8 0.41526344
30 18 0.59950864
30 13 60.733364
30 33 4.16289
30 11 0.73960507
30 29 1.2351981
30 5 0.59062207
30 34 0.7570692
30 20 3.0974026
30 2 11.892296
30 14 10.611099
30 37 12.390209
30 7 0.65175205
30 27 0.30028602
30 16 1.0883602
30 23 0.9160463
30 25 23.499056
31 26 0.14870594
31 6 0.17426687
31 10 11.490888
31 35 65.08229
31 22 47.247677
31 9 0.029971512
31 4 0.06554716
31 17 1.0017766
31 19 0.08191851
32 24 0.42918348
32 21 2000.0
32 12 3.4303982
32 15 0.07608177
33 30 4.16289
33 8 2000.0
33 13 0.72344375
33 11 2.096668
33 29 19.1869
33 5 2000.0
33 34 2000.0
33 20 0.9940005
33 2 1.4507276
33 14 0.34153408
33 7 2000.0
33 27 0.58063275
33 16 3017.898
33 25 0.68246263
34 30 0.7570692
34 20 0.852568
34 8 23.277296
34 37 2000.0
34 7 2000.0
34 13 200.0
34 27 1.4630253
34 16 22.441364
34 11 1.6581367
34 29 2.6672106
34 25 1.6021599
34 5 3.0872285
35 21 0.038898945
35 31 65.08229
36 28 0.034723073
36 3 0.3308708
36 9 0.3344821
37 30 12.390209
37 0 1.7312059
37 8 1.0054651
37 18 2.0383625
37 13 1.0507164
37 11 1.32407
37 29 0.8591193
37 5 12.644686
37 20 1.7588615
37 2 0.82582283
37 7 1438.2955
37 27 0.9549446
37 16 2000.0
37 23 1.6725649
37 25 25.191109
