0 8 7.5462165
0 2 0.82368034
0 37 0.72348344
0 13 0.80502874
0 11 1187.0046
0 29 20.699133
1 3 0.24629351
1 12 1205.0
2 30 11.284144
2 0 0.82368034
2 8 1.1519262
2 18 8.869374
2 13 0.43112022
2 33 1.8864319
2 11 1.5651555
2 29 0.6853006
2 20 5.982865
2 37 0.89078134
2 27 1.5400529
2 23 44.444443
2 25 1.0603057
3 36 0.23780416
3 28 0.08980194
3 24 600.0
3 12 0.054552663
3 1 0.24629351
3 9 0.21564575
4 31 0.07526353
4 9 0.0724905
4 17 0.07763083
4 19 0.09716963
5 30 0.712814
5 8 0.91761965
5 18 0.61590004
5 13 2000.0
5 11 5.6944184
5 29 5.7866454
5 34 6.6065297
5 20 3.3858657
5 37 2000.0
5 7 21.899588
5 27 5.858842
5 16 1.6243471
5 23 40.24802
6 31 2.2762418
6 17 2.9753249
7 34 15.668447
7 30 0.95010203
7 20 4.48793
7 8 26.250257
7 37 25.594028
7 27 215.92708
7 16 1.4546568
7 11 12.075693
7 23 3.020743
7 25 26.598778
7 5 21.899588
8 0 7.5462165
8 30 1.4785292
8 18 0.83073145
8 13 3.103313
8 11 0.5008265
8 29 0.45987627
8 5 0.91761965
8 34 2.7752643
8 2 1.1519262
8 37 1.1402936
8 7 26.250257
8 27 3.6067238
8 16 1.1960148
8 23 1.0855888
9 36 0.9189724
9 26 2000.0
9 28 0.7998518
9 10 2.7655013
9 22 0.25163996
9 31 0.03440224
9 3 0.21564575
9 17 0.044042353
9 4 0.0724905
9 19 0.07749053
10 26 0.03524357
10 28 0.18956105
10 24 0.06902606
10 31 0.029053543
10 12 4.9794602
10 9 2.7655013
10 17 0.02909659
11 0 1187.0046
11 30 0.37836337
11 8 0.5008265
11 18 6.2434816
11 13 0.5379196
11 33 2.4188
11 29 0.3660771
11 5 5.6944184
11 34 2.6147072
11 20 1.099997
11 2 1.5651555
11 37 1.4879339
11 7 12.075693
11 27 0.43058738
11 16 0.78204745
11 25 1.0620445
12 26 0.89952177
12 28 5.826186
12 32 0.2060995
12 10 4.9794602
12 24 0.110557616
12 21 0.08980566
12 3 0.054552663
13 30 1.6037737
13 0 0.80502874
13 8 3.103313
13 18 266.6667
13 33 0.8108463
13 11 0.5379196
13 29 0.84113973
13 34 6.590586
13 20 1.0855831
13 2 0.43112022
13 14 2.2340965
13 37 2.1797094
13 27 0.15838498
13 16 104.607796
13 25 0.6102956
14 20 0.79073095
14 13 2.2340965
14 33 0.49413592
14 27 3.0930505
14 11 2000.0
14 25 1.2270662
15 32 0.0715167
15 21 8.431025
16 0 2000.0
16 30 1.1208133
16 8 1.1960148
16 18 0.7614811
16 13 104.607796
16 11 0.78204745
16 29 2909.432
16 5 1.6243471
16 20 51.85313
16 37 62.961037
16 7 1.4546568
16 27 1.5669512
16 23 9.767525
16 25 1.0563222
17 26 1.789073
17 6 2.9753249
17 10 0.02909659
17 24 0.27476788
17 31 1.2032251
17 9 0.044042353
17 4 0.07763083
17 19 2.439865
18 30 0.81005454
18 2 8.869374
18 8 0.83073145
18 37 1.1504834
18 7 2000.0
18 13 266.6667
18 27 3.6393561
18 16 0.7614811
18 23 1.4744122
18 11 6.2434816
18 29 0.9889205
18 5 0.61590004
19 31 0.06961671
19 9 0.07749053
19 17 2.439865
19 4 0.09716963
20 30 17.536846
20 13 1.0855831
20 33 3.2548969
20 11 1.099997
20 29 1.9303979
20 5 3.3858657
20 34 0.95102274
20 2 5.982865
20 14 0.79073095
20 37 5.9436007
20 7 4.48793
20 27 3.5639803
20 16 51.85313
20 25 0.5391283
21 26 2000.0
21 32 2000.0
21 10 2000.0
21 24 0.08378316
21 35 0.044456616
21 12 0.08980566
21 15 8.431025
22 6 1299.3182
22 31 1232.6136
22 9 0.25163996
22 19 1248.466
23 0 2000.0
23 30 1.5306731
23 2 44.444443
23 8 1.0855888
23 37 4.657112
23 18 1.4744122
23 7 3.020743
23 16 9.767525
23 11 2000.0
23 29 2.0606303
23 5 40.24802
24 26 0.089586444
24 32 0.100215256
24 10 0.06902606
24 21 0.08378316
24 31 17.3361
24 12 0.110557616
24 3 600.0
24 15 2000.0
24 17 0.27476788
25 30 3.9244888
25 13 0.6102956
25 33 0.6052618
25 11 1.0620445
25 29 2.9861937
25 34 1.9080411
25 20 0.5391283
25 2 1.0603057
25 14 1.2270662
25 37 40.31837
25 7 26.598778
25 27 0.6518375
25 16 1.0563222
26 32 67.71627
26 28 0.042739898
26 10 0.03524357
26 24 0.089586444
26 31 0.06519801
26 12 0.89952177
26 17 1.789073
27 0 2000.0
27 30 0.21636848
27 8 3.6067238
27 18 3.6393561
27 13 0.15838498
27 33 1.5531436
27 11 0.43058738
27 29 0.5967606
27 5 5.858842
27 34 2.0429356
27 20 3.5639803
27 2 1.5400529
27 14 3.0930505
27 37 4.1679068
27 7 215.92708
27 16 1.5669512
27 25 0.6518375
28 36 0.0426972
28 26 0.042739898
28 10 0.18956105
28 3 0.08980194
28 12 5.826186
28 9 0.7998518
29 0 20.699133
29 30 2.2767444
29 8 0.45987627
29 18 0.9889205
29 13 0.84113973
29 11 0.3660771
29 5 5.7866454
29 34 5.471009
29 20 1.9303979
29 2 0.6853006
29 37 0.9267645
29 7 2000.0
29 27 0.5967606
29 23 2.0606303
29 25 2.9861937
30 0 2000.0
30 8 1.4785292
30 18 0.81005454
30 13 1.6037737
30 33 2.6587176
30 11 0.37836337
30 29 2.2767444
30 5 0.712814
30 34 4.5770454
30 20 17.536846
30 2 11.284144
30 14 2000.0
30 37 8.295665
30 7 0.95010203
30 27 0.21636848
30 16 1.1208133
30 23 1.5306731
30 25 3.9244888
31 26 0.06519801
31 6 2.2762418
31 10 0.029053543
31 24 17.3361
31 9 0.03440224
31 17 1.2032251
31 4 0.07526353
31 19 0.06961671
32 26 67.71627
32 24 0.100215256
32 12 0.2060995
32 15 0.0715167
33 30 2.6587176
33 8 2000.0
33 13 0.8108463
33 11 2.4188
33 29 2281.3066
33 34 2000.0
33 20 3.2548969
33 2 1.8864319
33 14 0.49413592
33 7 2000.0
33 27 1.5531436
33 16 2000.0
33 25 0.6052618
34 30 4.5770454
34 20 0.95102274
34 8 2.7752643
34 7 15.668447
34 13 6.590586
34 27 2.0429356
34 16 2536.0227
34 11 2.6147072
34 25 1.9080411
34 29 5.471009
34 5 6.6065297
35 21 0.044456616
36 26 2000.0
36 28 0.0426972
36 3 0.23780416
36 9 0.9189724
37 30 8.295665
37 0 0.72348344
37 8 1.1402936
37 18 1.1504834
37 13 2.1797094
37 11 1.4879339
37 29 0.9267645
37 20 5.9436007
37 2 0.89078134
37 7 25.594028
37 27 4.1679068
37 16 62.961037
37 23 4.657112
37 25 40.31837
