0 2 1.1302636
0 37 1.3478307
0 13 1.001097
0 29 29.54536
0 25 14.503522
1 3 1.1228385
1 12 35.322445
2 30 6.435522
2 0 1.1302636
2 8 0.91182643
2 18 1.72554
2 13 0.6032703
2 33 3.4571035
2 11 1.243905
2 29 1.0703969
2 20 5.28578
2 37 0.8753663
2 27 0.91293055
2 16 2000.0
2 23 7.010566
2 25 0.48550278
3 36 0.4596154
3 28 3.44608
3 24 2000.0
3 12 0.07980855
3 1 1.1228385
3 9 0.5021255
4 31 0.08936217
4 9 0.11787879
4 17 0.16694574
4 19 0.07382547
5 30 0.6868579
5 8 0.8645275
5 18 0.8220408
5 13 19.798178
5 11 3.648042
5 29 4.330111
5 34 3.754079
5 20 1.714015
5 37 16.817026
5 7 17.211905
5 27 1.2364206
5 16 1.1186491
5 23 3.8931134
6 31 0.43810123
6 17 3.931336
7 34 266.6667
7 30 0.8605334
7 20 377.85684
7 8 5.3836045
7 16 1.1595442
7 23 1.2379385
7 11 57.262424
7 29 2000.0
7 25 3.561102
7 5 17.211905
8 0 2000.0
8 30 0.37286258
8 18 1.3865464
8 13 0.53123075
8 11 0.781067
8 29 0.46000576
8 5 0.8645275
8 34 86.53686
8 2 0.91182643
8 37 1.1612082
8 7 5.3836045
8 27 0.9413866
8 16 1.3890836
8 23 0.8448834
8 25 2000.0
9 36 0.5115557
9 28 1.7674243
9 10 36.68279
9 22 0.06380347
9 31 0.031113338
9 3 0.5021255
9 4 0.11787879
9 17 0.036073342
9 19 0.083446965
10 26 0.029123198
10 28 0.32207537
10 24 0.20453079
10 31 20.353823
10 12 1301.0228
10 9 36.68279
10 17 0.036119062
11 0 2000.0
11 30 0.7861346
11 8 0.781067
11 18 6.7246428
11 13 0.6135111
11 33 1.8649354
11 29 0.65807766
11 5 3.648042
11 34 4.3519797
11 20 1.6505026
11 2 1.243905
11 37 1.2841007
11 7 57.262424
11 27 0.7699544
11 16 1.0617876
11 25 0.92795515
12 26 0.4804672
12 32 7.425821
12 24 0.071100555
12 21 0.14407104
12 3 0.07980855
12 1 35.322445
13 30 79.83516
13 0 1.001097
13 8 0.53123075
13 18 84.32576
13 33 0.8891686
13 11 0.6135111
13 29 0.687995
13 5 19.798178
13 34 244.66618
13 20 1.5067725
13 2 0.6032703
13 14 7.693966
13 37 0.95792115
13 7 2000.0
13 27 0.30939877
13 16 18.271805
13 25 0.23067963
14 30 7.500051
14 20 1.5106233
14 13 7.693966
14 27 3.8006248
14 33 0.67758095
14 25 2.1025386
15 32 0.07399846
15 21 11.505939
16 30 1.1361084
16 0 2000.0
16 8 1.3890836
16 18 1.2985139
16 13 18.271805
16 11 1.0617876
16 5 1.1186491
16 34 32.548256
16 20 85.52107
16 7 1.1595442
16 27 1.414828
16 23 2.2195172
16 25 2.126971
17 6 3.931336
17 26 1.711526
17 10 0.036119062
17 24 0.13456516
17 31 0.9612675
17 9 0.036073342
17 4 0.16694574
17 19 79.819855
18 0 2000.0
18 30 0.72365534
18 8 1.3865464
18 13 84.32576
18 11 6.7246428
18 29 1.1561178
18 5 0.8220408
18 2 1.72554
18 37 3.433937
18 7 2000.0
18 27 13.269448
18 16 1.2985139
18 23 1.4582331
19 31 0.092771985
19 9 0.083446965
19 17 79.819855
19 4 0.07382547
20 30 1.9563607
20 13 1.5067725
20 33 2.2099476
20 11 1.6505026
20 29 5.6657505
20 5 1.714015
20 34 1.3931546
20 2 5.28578
20 14 1.5106233
20 37 6.1460757
20 7 377.85684
20 27 1.4963185
20 16 85.52107
20 25 1.2911787
21 32 2000.0
21 10 2000.0
21 24 0.9412436
21 35 0.03079179
21 31 2000.0
21 12 0.14407104
21 15 11.505939
22 31 120.00001
22 9 0.06380347
22 19 2000.0
23 0 2000.0
23 30 1.4789203
23 8 0.8448834
23 2 7.010566
23 37 1.3731196
23 18 1.4582331
23 7 1.2379385
23 16 2.2195172
23 11 2000.0
23 29 1.1766654
23 5 3.8931134
24 26 0.05004809
24 32 0.18737498
24 10 0.20453079
24 21 0.9412436
24 12 0.071100555
24 15 2000.0
24 17 0.13456516
25 0 14.503522
25 30 19.434269
25 13 0.23067963
25 33 0.576481
25 11 0.92795515
25 29 1.8441285
25 34 4.4335117
25 20 1.2911787
25 2 0.48550278
25 14 2.1025386
25 37 45.000004
25 7 3.561102
25 27 0.24982369
25 16 2.126971
26 32 36.959545
26 28 0.10581985
26 10 0.029123198
26 24 0.05004809
26 31 0.16734985
26 12 0.4804672
26 17 1.711526
27 30 0.23048133
27 0 2000.0
27 8 0.9413866
27 18 13.269448
27 13 0.30939877
27 33 1.270151
27 11 0.7699544
27 29 1.0978998
27 5 1.2364206
27 34 1.1708143
27 20 1.4963185
27 2 0.91293055
27 14 3.8006248
27 37 0.91116303
27 7 3911.4204
27 16 1.414828
27 25 0.24982369
28 36 0.0313146
28 26 0.10581985
28 10 0.32207537
28 3 3.44608
28 12 1085.5114
28 9 1.7674243
28 19 1372.5568
29 0 29.54536
29 30 1.7185982
29 8 0.46000576
29 18 1.1561178
29 13 0.687995
29 33 16.217268
29 11 0.65807766
29 5 4.330111
29 34 4.7256913
29 20 5.6657505
29 2 1.0703969
29 37 0.69479096
29 7 2000.0
29 27 1.0978998
29 16 2000.0
29 23 1.1766654
29 25 1.8441285
30 8 0.37286258
30 18 0.72365534
30 13 79.83516
30 33 21.482803
30 11 0.7861346
30 29 1.7185982
30 5 0.6868579
30 34 0.74791664
30 20 1.9563607
30 2 6.435522
30 14 7.500051
30 37 32.153656
30 7 0.8605334
30 27 0.23048133
30 16 1.1361084
30 23 1.4789203
30 25 19.434269
31 26 0.16734985
31 6 0.43810123
31 10 20.353823
31 22 120.00001
31 9 0.031113338
31 4 0.08936217
31 17 0.9612675
31 19 0.092771985
32 26 36.959545
32 24 0.18737498
32 21 2000.0
32 12 7.425821
32 15 0.07399846
33 34 2000.0
33 30 21.482803
33 20 2.2099476
33 2 3.4571035
33 14 0.67758095
33 13 0.8891686
33 7 2000.0
33 27 1.270151
33 16 1971.0227
33 11 1.8649354
33 29 16.217268
33 25 0.576481
34 30 0.74791664
34 20 1.3931546
34 8 86.53686
34 37 2000.0
34 13 244.66618
34 7 266.6667
34 27 1.1708143
34 16 32.548256
34 11 4.3519797
34 29 4.7256913
34 25 4.4335117
34 5 3.754079
35 21 0.03079179
35 31 1217.0454
36 28 0.0313146
36 3 0.4596154
36 9 0.5115557
37 30 32.153656
37 0 1.3478307
37 8 1.1612082
37 18 3.433937
37 13 0.95792115
37 11 1.2841007
37 29 0.69479096
37 5 16.817026
37 20 6.1460757
37 2 0.8753663
37 7 3654.7727
37 27 0.91116303
37 16 2000.0
37 23 1.3731196
37 25 45.000004
