0 2 0.7992008
0 37 1.8579237
0 13 0.9837961
0 29 45.255527
0 25 19.873425
1 3 1.3964678
1 12 7.703366
2 30 29.952707
2 0 0.7992008
2 8 1.4055747
2 18 2.1081977
2 13 0.5036657
2 33 2.820111
2 11 1.3845253
2 29 1.2126861
2 20 3.9283605
2 37 1.0158651
2 27 1.1709375
2 16 2000.0
2 23 13.903882
2 25 0.8373385
3 36 0.25495577
3 28 10.585417
3 24 2000.0
3 12 0.056130867
3 1 1.3964678
3 9 1.0146023
4 31 0.06683468
4 9 0.09126894
4 17 0.19210212
4 19 0.067514785
5 30 0.76322544
5 8 0.62316227
5 18 1.9715433
5 13 60.79435
5 11 2.8283257
5 29 8.587201
5 34 3.305735
5 20 2.6172383
5 37 23.842068
5 7 10.707488
5 27 2.3867915
5 16 1.413983
5 23 2.0935886
6 31 0.1737885
6 17 5.267733
7 34 419.11194
7 30 0.84398335
7 20 136.1923
7 8 5.184869
7 37 29.151354
7 16 1.2140651
7 23 1.244361
7 25 1.2566115
7 5 10.707488
8 0 2000.0
8 30 0.4667985
8 18 1.6725074
8 13 1.8581958
8 11 0.8479363
8 29 0.34301987
8 5 0.62316227
8 34 20.925442
8 2 1.4055747
8 37 1.6546421
8 7 5.184869
8 27 1.3795879
8 16 1.6389524
8 23 0.8743934
8 25 2000.0
9 36 0.38070372
9 28 2.1461363
9 10 15.575346
9 22 0.058186907
9 31 0.030321755
9 12 2000.0
9 3 1.0146023
9 4 0.09126894
9 17 0.033587016
9 19 0.06746071
10 26 0.029693263
10 28 0.5843856
10 24 0.10708042
10 31 14.383858
10 12 1757.3864
10 9 15.575346
10 17 0.03421002
11 0 2000.0
11 30 0.74688363
11 8 0.8479363
11 18 9.161097
11 13 0.9748674
11 33 2.1661482
11 29 0.8680777
11 5 2.8283257
11 34 2.0117843
11 20 0.7287456
11 2 1.3845253
11 37 1.4888116
11 7 1623.466
11 27 1.1308539
11 16 0.9401515
11 25 1.0491172
12 26 8.349482
12 28 1192.1023
12 32 1.9108558
12 24 0.06662412
12 21 0.39132208
12 3 0.056130867
12 1 7.703366
13 30 40.095818
13 0 0.9837961
13 8 1.8581958
13 18 136.39963
13 33 0.9372002
13 11 0.9748674
13 29 0.67294383
13 5 60.79435
13 34 2100.909
13 20 1.0442609
13 2 0.5036657
13 14 7.9298635
13 37 1.3969684
13 7 2000.0
13 27 0.53573895
13 16 25.799149
13 25 0.27384558
14 30 6.648735
14 20 1.5361842
14 13 7.9298635
14 27 3.865465
14 33 0.46358457
14 11 2000.0
14 25 1.9122958
15 32 0.09135814
15 21 1.690347
16 30 1.9037546
16 0 2000.0
16 8 1.6389524
16 18 2.1134918
16 13 25.799149
16 11 0.9401515
16 5 1.413983
16 34 68.39069
16 20 90.69351
16 7 1.2140651
16 27 2.5
16 23 2.5470016
16 25 1.5870783
17 6 5.267733
17 26 2.5113358
17 10 0.03421002
17 24 0.08833261
17 31 1.3305697
17 9 0.033587016
17 4 0.19210212
17 19 147.40341
18 0 2000.0
18 30 0.6890121
18 8 1.6725074
18 13 136.39963
18 11 9.161097
18 29 1.9627607
18 5 1.9715433
18 2 2.1081977
18 37 1.7837181
18 7 2000.0
18 27 14.339826
18 16 2.1134918
18 23 1.1786988
19 31 0.08294682
19 9 0.06746071
19 4 0.067514785
19 17 147.40341
20 0 2000.0
20 30 1.2149149
20 13 1.0442609
20 33 1.1171755
20 11 0.7287456
20 29 13.68808
20 5 2.6172383
20 34 0.9741316
20 2 3.9283605
20 14 1.5361842
20 37 2.061693
20 7 136.1923
20 27 1.6657165
20 16 90.69351
20 25 0.60452515
21 26 2000.0
21 32 1066.6667
21 10 2000.0
21 24 1.2704338
21 35 0.033234153
21 31 2000.0
21 12 0.39132208
21 15 1.690347
22 31 69.44444
22 9 0.058186907
22 19 2000.0
23 0 2000.0
23 30 1.3068138
23 8 0.8743934
23 2 13.903882
23 37 1.87186
23 18 1.1786988
23 7 1.244361
23 16 2.5470016
23 11 2000.0
23 29 0.75224286
23 5 2.0935886
24 26 0.04364496
24 32 0.2796598
24 10 0.10708042
24 21 1.2704338
24 12 0.06662412
24 15 2000.0
24 17 0.08833261
25 30 11.481458
25 0 19.873425
25 13 0.27384558
25 33 0.7197631
25 11 1.0491172
25 29 2.78864
25 34 1.7181075
25 20 0.60452515
25 2 0.8373385
25 14 1.9122958
25 37 22.11021
25 7 1.2566115
25 27 0.26891077
25 16 1.5870783
26 32 29.020067
26 28 0.13531213
26 10 0.029693263
26 24 0.04364496
26 31 0.11022407
26 12 8.349482
26 17 2.5113358
27 30 0.34165213
27 0 2000.0
27 8 1.3795879
27 18 14.339826
27 13 0.53573895
27 33 0.7622464
27 11 1.1308539
27 29 0.7008759
27 5 2.3867915
27 34 0.8762079
27 20 1.6657165
27 2 1.1709375
27 14 3.865465
27 37 2.1993043
27 7 2000.0
27 16 2.5
27 25 0.26891077
28 36 0.038636368
28 26 0.13531213
28 10 0.5843856
28 3 10.585417
28 12 1192.1023
28 9 2.1461363
28 19 1357.1592
29 0 45.255527
29 30 1.2140093
29 8 0.34301987
29 18 1.9627607
29 13 0.67294383
29 33 9.376271
29 11 0.8680777
29 5 8.587201
29 34 4.641415
29 20 13.68808
29 2 1.2126861
29 37 1.3804592
29 7 2000.0
29 27 0.7008759
29 16 2000.0
29 23 0.75224286
29 25 2.78864
30 8 0.4667985
30 18 0.6890121
30 13 40.095818
30 33 16.440641
30 11 0.74688363
30 29 1.2140093
30 5 0.76322544
30 34 0.88860977
30 20 1.2149149
30 2 29.952707
30 14 6.648735
30 37 15.320689
30 7 0.84398335
30 27 0.34165213
30 16 1.9037546
30 23 1.3068138
30 25 11.481458
31 26 0.11022407
31 6 0.1737885
31 10 14.383858
31 35 46.177784
31 22 69.44444
31 9 0.030321755
31 4 0.06683468
31 17 1.3305697
31 19 0.08294682
32 26 29.020067
32 10 2000.0
32 24 0.2796598
32 21 1066.6667
32 12 1.9108558
32 15 0.09135814
33 30 16.440641
33 8 2000.0
33 13 0.9372002
33 11 2.1661482
33 29 9.376271
33 5 2000.0
33 34 2000.0
33 20 1.1171755
33 2 2.820111
33 14 0.46358457
33 7 2000.0
33 27 0.7622464
33 16 3017.898
33 25 0.7197631
34 30 0.88860977
34 20 0.9741316
34 8 20.925442
34 37 2000.0
34 7 419.11194
34 27 0.8762079
34 16 68.39069
34 11 2.0117843
34 29 4.641415
34 25 1.7181075
34 5 3.305735
35 21 0.033234153
35 31 46.177784
36 28 0.038636368
36 3 0.25495577
36 9 0.38070372
37 30 15.320689
37 0 1.8579237
37 8 1.6546421
37 18 1.7837181
37 13 1.3969684
37 11 1.4888116
37 29 1.3804592
37 5 23.842068
37 20 2.061693
37 2 1.0158651
37 7 29.151354
37 27 2.1993043
37 16 2000.0
37 23 1.87186
37 25 22.11021
