0 2 1.1357251
0 37 2.0646658
0 13 1.3907392
0 25 11.264368
0 29 13.671593
1 3 1.1791009
1 12 17.036108
2 30 14.586573
2 0 1.1357251
2 8 1.610444
2 18 1.8413557
2 13 0.6331775
2 33 4.036178
2 11 1.6356813
2 29 1.2350787
2 20 4.171028
2 37 0.7554337
2 27 1.0153284
2 16 2000.0
2 23 4.1429553
2 25 0.7722545
3 36 0.6901587
3 28 10.325283
3 24 2000.0
3 12 0.07243874
3 1 1.1791009
3 9 0.1585174
4 31 0.08239031
4 9 0.07164869
4 17 0.24752966
4 19 0.07930233
5 30 0.96288556
5 8 0.94402385
5 18 0.56691086
5 13 17.173637
5 11 1.3088893
5 29 2.2264497
5 34 2.574119
5 20 3.680687
5 37 9.103311
5 7 3.4931722
5 27 4.242868
5 16 1.522048
5 23 2.598055
5 25 2000.0
6 31 0.15517244
6 17 5.251009
7 30 0.93277735
7 20 24.995518
7 8 7.6262956
7 37 189.52596
7 16 1.3705477
7 11 62.12235
7 23 1.3386934
7 25 2.4672873
7 5 3.4931722
8 0 2000.0
8 30 0.67131186
8 18 1.2674783
8 13 2.4856887
8 11 0.9565709
8 29 0.45645258
8 5 0.94402385
8 34 21.275759
8 2 1.610444
8 37 0.8227
8 7 7.6262956
8 27 1.1016589
8 16 1.5538884
8 23 1.4380076
8 25 2000.0
9 36 0.367178
9 26 2000.0
9 28 1.226273
9 10 17.22727
9 22 0.051826302
9 31 0.030287009
9 12 2000.0
9 3 0.1585174
9 4 0.07164869
9 17 0.040604997
9 19 0.09425029
10 26 0.030687235
10 28 0.2301894
10 24 0.099639334
10 31 15.531297
10 12 44.363636
10 9 17.22727
10 17 0.03114003
11 0 2000.0
11 30 0.7095429
11 8 0.9565709
11 18 7.4442396
11 13 0.76689595
11 33 1.6852859
11 29 0.94784826
11 5 1.3088893
11 34 3.1961834
11 20 1.4260156
11 2 1.6356813
11 37 1.1373745
11 7 62.12235
11 27 0.6190137
11 16 1.0651239
11 25 0.8285895
12 26 7.0864315
12 32 4.313592
12 10 44.363636
12 24 0.07163542
12 21 1.8720909
12 3 0.07243874
12 1 17.036108
13 30 64.792336
13 0 1.3907392
13 8 2.4856887
13 18 300.0
13 33 0.9383244
13 11 0.76689595
13 29 0.941769
13 5 17.173637
13 34 146.00456
13 20 0.9963332
13 2 0.6331775
13 14 3.682782
13 37 0.9328935
13 7 2000.0
13 27 0.33392492
13 16 29.388632
13 25 0.32325545
14 30 8.279451
14 20 7.2683983
14 13 3.682782
14 27 5.768182
14 33 0.54643893
14 11 2000.0
14 25 2.0586393
15 32 0.076264665
15 21 2.4367397
16 30 1.1378704
16 0 2000.0
16 8 1.5538884
16 18 1.0647926
16 13 29.388632
16 11 1.0651239
16 5 1.522048
16 34 172.98213
16 20 71.43971
16 7 1.3705477
16 27 2.0781968
16 23 3.6691651
16 25 1.2110587
17 6 5.251009
17 26 3.3179724
17 10 0.03114003
17 24 0.07323265
17 31 1.3549265
17 9 0.040604997
17 4 0.24752966
17 19 82.96053
18 0 2000.0
18 30 0.8126656
18 8 1.2674783
18 13 300.0
18 11 7.4442396
18 29 1.3867489
18 5 0.56691086
18 2 1.8413557
18 37 1.9622877
18 7 2000.0
18 27 11.75903
18 16 1.0647926
18 23 1.2342005
19 31 0.092762984
19 9 0.09425029
19 17 82.96053
19 4 0.07930233
20 30 0.8442725
20 13 0.9963332
20 33 2.5504622
20 11 1.4260156
20 29 15.985882
20 5 3.680687
20 34 1.0532923
20 2 4.171028
20 14 7.2683983
20 37 2.4280326
20 7 24.995518
20 27 0.9760123
20 16 71.43971
20 25 0.4856015
21 32 400.0
21 24 1.047253
21 35 0.030854885
21 12 1.8720909
21 15 2.4367397
22 31 154.66501
22 9 0.051826302
22 19 2000.0
23 0 2000.0
23 30 1.5806807
23 8 1.4380076
23 2 4.1429553
23 37 1.1656657
23 18 1.2342005
23 7 1.3386934
23 16 3.6691651
23 11 2000.0
23 29 2.948682
23 5 2.598055
24 26 0.03795063
24 32 0.17637232
24 10 0.099639334
24 21 1.047253
24 12 0.07163542
24 3 2000.0
24 15 2000.0
24 17 0.07323265
25 30 10.567704
25 0 11.264368
25 13 0.32325545
25 33 0.85517126
25 11 0.8285895
25 29 1.7125404
25 34 1.065643
25 20 0.4856015
25 2 0.7722545
25 14 2.0586393
25 37 28.13883
25 7 2.4672873
25 27 0.23013258
25 16 1.2110587
26 32 13.923717
26 28 0.09292918
26 10 0.030687235
26 24 0.03795063
26 31 0.10625673
26 12 7.0864315
26 17 3.3179724
27 30 0.26939973
27 0 2000.0
27 8 1.1016589
27 18 11.75903
27 13 0.33392492
27 33 0.8056363
27 11 0.6190137
27 29 0.550089
27 5 4.242868
27 34 1.6778917
27 20 0.9760123
27 2 1.0153284
27 14 5.768182
27 37 0.9830061
27 7 2000.0
27 16 2.0781968
27 25 0.23013258
28 36 0.03125
28 26 0.09292918
28 10 0.2301894
28 3 10.325283
28 12 1206.6477
28 9 1.226273
28 19 1378.2386
29 0 13.671593
29 30 0.6952243
29 8 0.45645258
29 18 1.3867489
29 13 0.941769
29 33 8.982955
29 11 0.94784826
29 5 2.2264497
29 34 1.7139368
29 20 15.985882
29 2 1.2350787
29 37 0.8253025
29 27 0.550089
29 16 2000.0
29 23 2.948682
29 25 1.7125404
30 8 0.67131186
30 18 0.8126656
30 13 64.792336
30 33 20.378382
30 11 0.7095429
30 29 0.6952243
30 5 0.96288556
30 34 0.8379405
30 20 0.8442725
30 2 14.586573
30 14 8.279451
30 37 15.882267
30 7 0.93277735
30 27 0.26939973
30 16 1.1378704
30 23 1.5806807
30 25 10.567704
31 26 0.10625673
31 6 0.15517244
31 10 15.531297
31 22 154.66501
31 9 0.030287009
31 4 0.08239031
31 17 1.3549265
31 19 0.092762984
32 26 13.923717
32 24 0.17637232
32 21 400.0
32 12 4.313592
32 15 0.076264665
33 30 20.378382
33 8 2000.0
33 13 0.9383244
33 11 1.6852859
33 29 8.982955
33 5 2000.0
33 34 2000.0
33 20 2.5504622
33 2 4.036178
33 14 0.54643893
33 7 2000.0
33 27 0.8056363
33 16 3017.898
33 25 0.85517126
34 30 0.8379405
34 20 1.0532923
34 8 21.275759
34 37 2000.0
34 13 146.00456
34 7 2000.0
34 27 1.6778917
34 16 172.98213
34 11 3.1961834
34 29 1.7139368
34 25 1.065643
34 5 2.574119
35 21 0.030854885
35 31 1189.7158
36 28 0.03125
36 3 0.6901587
36 9 0.367178
37 30 15.882267
37 0 2.0646658
37 8 0.8227
37 18 1.9622877
37 13 0.9328935
37 11 1.1373745
37 29 0.8253025
37 5 9.103311
37 20 2.4280326
37 2 0.7554337
37 7 189.52596
37 27 0.9830061
37 16 2000.0
37 23 1.1656657
37 25 28.13883
