0 8 9.128124
0 2 1.100527
0 37 1.4185935
0 13 0.96351504
0 11 19.92042
0 25 266.6667
0 29 12.329897
1 3 0.35448477
1 12 74.970314
2 30 12.421187
2 0 1.100527
2 8 1.0614144
2 18 6.5194383
2 13 0.3872039
2 33 2.3327432
2 11 0.8441627
2 29 1.057366
2 20 7.561302
2 37 0.85254645
2 27 0.4753837
2 23 19.485569
2 25 1.009961
3 36 0.23014888
3 28 0.10368051
3 24 300.0
3 12 0.062492
3 1 0.35448477
3 9 0.21339099
4 31 0.0673345
4 9 0.06554973
4 17 0.074950166
4 19 0.0931635
5 30 0.7737084
5 8 0.542339
5 18 0.36302108
5 13 800.0
5 11 6.8046346
5 29 3.6717536
5 34 3.3624995
5 20 2.4431517
5 37 2000.0
5 7 4.4397287
5 27 1.8919147
5 16 1.8104649
5 23 3.3871682
6 31 1.6417499
6 17 1.9722368
7 34 18.763506
7 30 1.1526378
7 20 2.392029
7 8 23.610796
7 37 15.422432
7 27 80.0
7 16 1.3991662
7 11 8.496694
7 23 1.2630475
7 25 7.0223093
7 5 4.4397287
8 0 9.128124
8 30 0.6144481
8 18 0.88292617
8 13 2.0975354
8 11 0.8810805
8 29 0.49820882
8 5 0.542339
8 34 2.496965
8 2 1.0614144
8 37 1.4492898
8 7 23.610796
8 27 1.2249038
8 16 1.3535343
8 23 0.8652462
9 36 1.7060624
9 26 2000.0
9 28 1.7205783
9 10 6.1371818
9 22 0.36758214
9 31 0.036769226
9 3 0.21339099
9 17 0.051770836
9 4 0.06554973
9 19 0.069125734
10 26 0.035064425
10 28 0.46823862
10 24 0.09365284
10 31 0.03226881
10 12 12.167764
10 9 6.1371818
10 17 0.031368688
11 0 19.92042
11 30 0.26014802
11 8 0.8810805
11 18 6.8057923
11 13 0.9283435
11 33 2.1688356
11 29 1.2826216
11 5 6.8046346
11 34 2.6445756
11 20 1.159892
11 2 0.8441627
11 37 1.4407597
11 7 8.496694
11 27 0.37148672
11 16 0.8009199
11 25 0.90594536
12 26 0.69252926
12 28 5.0962763
12 32 0.21953194
12 10 12.167764
12 24 0.06952535
12 21 0.07430193
12 3 0.062492
12 1 74.970314
13 30 2.9470234
13 0 0.96351504
13 8 2.0975354
13 18 2000.0
13 33 0.8773649
13 11 0.9283435
13 29 1.2384856
13 5 800.0
13 34 17.503355
13 20 0.74727213
13 2 0.3872039
13 14 2.188747
13 37 2.78344
13 27 0.17982535
13 16 285.58408
13 25 0.66585743
14 20 1.3717858
14 13 2.188747
14 33 0.6130792
14 27 1.8813978
14 11 2000.0
14 25 1.865514
15 32 0.079954684
15 21 3.2744558
16 0 2000.0
16 30 1.0852731
16 8 1.3535343
16 18 0.53099537
16 13 285.58408
16 11 0.8009199
16 29 11.307871
16 5 1.8104649
16 20 11.945046
16 37 86.76712
16 7 1.3991662
16 27 1.4202845
16 23 5.9529834
16 25 0.77133733
17 26 2.2186158
17 6 1.9722368
17 10 0.031368688
17 24 0.18871689
17 31 1.1559752
17 9 0.051770836
17 4 0.074950166
17 19 1.9626303
18 30 0.6654113
18 2 6.5194383
18 8 0.88292617
18 37 1.3345159
18 7 2000.0
18 13 2000.0
18 27 2.913926
18 16 0.53099537
18 23 1.5122697
18 11 6.8057923
18 29 1.132163
18 5 0.36302108
19 31 0.06936166
19 9 0.069125734
19 17 1.9626303
19 4 0.0931635
20 30 7.8493724
20 13 0.74727213
20 33 1.3157053
20 11 1.159892
20 29 2.220884
20 5 2.4431517
20 34 0.8377814
20 2 7.561302
20 14 1.3717858
20 37 7.8924637
20 7 2.392029
20 27 0.70585316
20 16 11.945046
20 25 0.568677
21 32 2000.0
21 24 0.1159028
21 35 0.040695984
21 12 0.07430193
21 15 3.2744558
22 6 1634.659
22 31 1076.3068
22 9 0.36758214
22 19 1056.0795
23 0 2000.0
23 30 1.4739336
23 2 19.485569
23 8 0.8652462
23 37 3.2381852
23 18 1.5122697
23 7 1.2630475
23 16 5.9529834
23 11 2000.0
23 29 3.3731585
23 5 3.3871682
24 26 0.094124444
24 32 0.11296225
24 10 0.09365284
24 21 0.1159028
24 31 12.688068
24 12 0.06952535
24 3 300.0
24 15 2000.0
24 17 0.18871689
25 0 266.6667
25 30 4.320614
25 13 0.66585743
25 33 0.4336174
25 11 0.90594536
25 29 1.5431077
25 34 1.8261082
25 20 0.568677
25 2 1.009961
25 14 1.865514
25 37 16.44004
25 7 7.0223093
25 27 1.0808388
25 16 0.77133733
26 36 78.51515
26 32 27.534803
26 28 0.034792442
26 10 0.035064425
26 24 0.094124444
26 31 0.06396007
26 12 0.69252926
26 17 2.2186158
27 0 2000.0
27 30 0.20322388
27 8 1.2249038
27 18 2.913926
27 13 0.17982535
27 33 0.9730614
27 11 0.37148672
27 29 0.46101153
27 5 1.8919147
27 34 1.3285
27 20 0.70585316
27 2 0.4753837
27 14 1.8813978
27 37 1.4210544
27 7 80.0
27 16 1.4202845
27 25 1.0808388
28 36 0.04160557
28 26 0.034792442
28 10 0.46823862
28 3 0.10368051
28 12 5.0962763
28 9 1.7205783
29 0 12.329897
29 30 3.0215573
29 8 0.49820882
29 18 1.132163
29 13 1.2384856
29 11 1.2826216
29 5 3.6717536
29 34 7.0096483
29 20 2.220884
29 2 1.057366
29 37 0.9101723
29 7 2000.0
29 27 0.46101153
29 16 11.307871
29 23 3.3731585
29 25 1.5431077
30 0 2000.0
30 8 0.6144481
30 18 0.6654113
30 13 2.9470234
30 33 3.404415
30 11 0.26014802
30 29 3.0215573
30 5 0.7737084
30 34 4.227765
30 20 7.8493724
30 2 12.421187
30 37 9.255808
30 7 1.1526378
30 27 0.20322388
30 16 1.0852731
30 23 1.4739336
30 25 4.320614
31 26 0.06396007
31 6 1.6417499
31 10 0.03226881
31 24 12.688068
31 9 0.036769226
31 17 1.1559752
31 4 0.0673345
31 19 0.06936166
32 26 27.534803
32 24 0.11296225
32 12 0.21953194
32 15 0.079954684
33 34 2000.0
33 30 3.404415
33 20 1.3157053
33 2 2.3327432
33 14 0.6130792
33 7 2000.0
33 13 0.8773649
33 27 0.9730614
33 16 2000.0
33 11 2.1688356
33 29 294.7807
33 25 0.4336174
34 30 4.227765
34 20 0.8377814
34 8 2.496965
34 7 18.763506
34 13 17.503355
34 27 1.3285
34 16 2536.0227
34 11 2.6445756
34 25 1.8261082
34 29 7.0096483
34 5 3.3624995
35 21 0.040695984
36 26 78.51515
36 28 0.04160557
36 3 0.23014888
36 9 1.7060624
37 30 9.255808
37 0 1.4185935
37 8 1.4492898
37 18 1.3345159
37 13 2.78344
37 11 1.4407597
37 29 0.9101723
37 20 7.8924637
37 2 0.85254645
37 7 15.422432
37 27 1.4210544
37 16 86.76712
37 23 3.2381852
37 25 16.44004
