0 2 0.9471505
0 37 1.1128308
0 13 0.94161105
0 29 72.66914
0 25 12.962962
1 3 1.1318183
1 12 32.843796
2 30 54.440422
2 0 0.9471505
2 8 1.2655945
2 18 2.1677885
2 13 0.6259205
2 33 3.090165
2 11 3.1722558
2 29 1.3490965
2 20 3.793302
2 37 0.9417214
2 27 0.94613534
2 16 2000.0
2 23 13.254462
2 25 1.1221685
3 36 0.22500002
3 28 13.44919
3 24 2000.0
3 12 0.06663325
3 1 1.1318183
3 9 0.47609723
4 31 0.06649678
4 9 0.07687473
4 17 0.14524642
4 19 0.07226244
5 30 0.6635208
5 8 0.5154354
5 18 0.53798985
5 13 25.082907
5 11 1.5375843
5 29 4.0452814
5 34 2.4148319
5 20 4.760588
5 37 25.507103
5 7 6.662843
5 27 2.4434662
5 16 1.732671
5 23 1.8038951
5 25 2000.0
6 31 0.14369503
6 17 1.646399
7 30 0.92102605
7 20 45.64448
7 8 7.8366365
7 16 1.1600628
7 11 2185.682
7 23 1.4497775
7 25 6.2613273
7 5 6.662843
8 0 2000.0
8 30 0.46159786
8 18 1.1141564
8 13 1.0823864
8 11 1.433123
8 29 0.56228083
8 5 0.5154354
8 34 106.23898
8 2 1.2655945
8 37 0.84125
8 7 7.8366365
8 27 1.5664566
8 16 1.4820887
8 23 0.92864347
8 25 2000.0
9 36 0.5658888
9 26 2000.0
9 28 1.0138458
9 10 16.153408
9 22 0.061984815
9 31 0.028217075
9 3 0.47609723
9 4 0.07687473
9 17 0.034265615
9 19 0.06401358
10 26 0.041244414
10 28 0.40215096
10 24 0.26597893
10 31 32.959946
10 12 1181.7045
10 9 16.153408
10 17 0.03976437
11 0 2000.0
11 30 1.5493424
11 8 1.433123
11 18 7.3142905
11 13 1.7170327
11 33 2.412135
11 29 1.62414
11 5 1.5375843
11 34 1.7501749
11 20 2.4709291
11 2 3.1722558
11 37 1.7763257
11 7 2185.682
11 27 1.3095536
11 16 1.1672428
11 25 0.8779183
12 26 0.89683
12 32 5.912139
12 24 0.08559492
12 21 0.14725599
12 3 0.06663325
12 1 32.843796
13 30 106.06877
13 0 0.94161105
13 8 1.0823864
13 18 266.6667
13 33 1.7573549
13 11 1.7170327
13 29 1.2143123
13 5 25.082907
13 34 94.194214
13 20 1.0424874
13 2 0.6259205
13 14 4.084533
13 37 1.0267172
13 7 2000.0
13 27 1.2128183
13 16 58.141804
13 25 0.27388033
14 30 4.996193
14 20 3.4240303
14 13 4.084533
14 27 3.9723284
14 33 0.35416672
14 25 1.6934687
15 32 0.06947983
15 21 1.5478253
16 0 2000.0
16 30 1.1353918
16 8 1.4820887
16 18 1.2914318
16 13 58.141804
16 11 1.1672428
16 29 88.888885
16 5 1.732671
16 34 30.648867
16 20 26.807058
16 7 1.1600628
16 27 1.2699978
16 23 3.6536584
16 25 1.5537224
17 6 1.646399
17 26 1.6094842
17 10 0.03976437
17 24 0.072837345
17 31 1.0167904
17 9 0.034265615
17 4 0.14524642
17 19 18.830082
18 0 2000.0
18 30 0.6084948
18 8 1.1141564
18 13 266.6667
18 11 7.3142905
18 29 1.3303685
18 5 0.53798985
18 2 2.1677885
18 37 1.9938543
18 7 2000.0
18 27 16.792355
18 16 1.2914318
18 23 1.3105229
19 31 0.10715046
19 9 0.06401358
19 4 0.07226244
19 17 18.830082
20 30 1.5741078
20 13 1.0424874
20 33 5.4011593
20 11 2.4709291
20 29 7.0397725
20 5 4.760588
20 34 1.0566612
20 2 3.793302
20 14 3.4240303
20 37 4.249265
20 7 45.64448
20 27 3.9788764
20 16 26.807058
20 25 0.8968606
21 32 2000.0
21 10 2000.0
21 24 1.0318122
21 35 0.044495154
21 12 0.14725599
21 15 1.5478253
22 31 200.0
22 9 0.061984815
22 19 2000.0
23 0 2000.0
23 30 2.6572554
23 8 0.92864347
23 2 13.254462
23 37 1.6697934
23 18 1.3105229
23 7 1.4497775
23 16 3.6536584
23 11 2000.0
23 29 0.81094605
23 5 1.8038951
24 26 0.056878302
24 32 0.20181027
24 10 0.26597893
24 21 1.0318122
24 12 0.08559492
24 15 2000.0
24 17 0.072837345
25 0 12.962962
25 30 39.659966
25 13 0.27388033
25 33 0.802889
25 11 0.8779183
25 29 2.2243984
25 34 3.7887297
25 20 0.8968606
25 2 1.1221685
25 14 1.6934687
25 37 76.92308
25 7 6.2613273
25 27 0.3799229
25 16 1.5537224
26 32 28.517378
26 28 0.061528593
26 10 0.041244414
26 24 0.056878302
26 31 0.22512954
26 12 0.89683
26 17 1.6094842
27 30 0.38811952
27 0 2000.0
27 8 1.5664566
27 18 16.792355
27 13 1.2128183
27 33 1.1035635
27 11 1.3095536
27 29 0.54217374
27 5 2.4434662
27 34 1.2166057
27 20 3.9788764
27 2 0.94613534
27 14 3.9723284
27 37 0.94098324
27 7 1939.4318
27 16 1.2699978
27 25 0.3799229
28 36 0.031937897
28 26 0.061528593
28 10 0.40215096
28 3 13.44919
28 12 1141.4205
28 9 1.0138458
28 19 1384.8295
29 0 72.66914
29 30 0.9221571
29 8 0.56228083
29 18 1.3303685
29 13 1.2143123
29 33 20.12266
29 11 1.62414
29 5 4.0452814
29 34 2.5154042
29 20 7.0397725
29 2 1.3490965
29 37 0.9154795
29 27 0.54217374
29 16 88.888885
29 23 0.81094605
29 25 2.2243984
30 8 0.46159786
30 18 0.6084948
30 13 106.06877
30 33 26.063326
30 11 1.5493424
30 29 0.9221571
30 5 0.6635208
30 34 1.1846851
30 20 1.5741078
30 2 54.440422
30 14 4.996193
30 37 13.653622
30 7 0.92102605
30 27 0.38811952
30 16 1.1353918
30 23 2.6572554
30 25 39.659966
31 26 0.22512954
31 6 0.14369503
31 10 32.959946
31 35 45.477577
31 22 200.0
31 9 0.028217075
31 4 0.06649678
31 17 1.0167904
31 19 0.10715046
32 26 28.517378
32 24 0.20181027
32 21 2000.0
32 12 5.912139
32 15 0.06947983
33 30 26.063326
33 8 2000.0
33 13 1.7573549
33 11 2.412135
33 29 20.12266
33 34 2000.0
33 20 5.4011593
33 2 3.090165
33 14 0.35416672
33 7 2000.0
33 27 1.1035635
33 16 3017.898
33 25 0.802889
34 30 1.1846851
34 20 1.0566612
34 8 106.23898
34 37 2000.0
34 13 94.194214
34 7 3440.1135
34 27 1.2166057
34 16 30.648867
34 11 1.7501749
34 29 2.5154042
34 25 3.7887297
34 5 2.4148319
35 21 0.044495154
35 31 45.477577
36 28 0.031937897
36 3 0.22500002
36 9 0.5658888
37 30 13.653622
37 0 1.1128308
37 8 0.84125
37 18 1.9938543
37 13 1.0267172
37 11 1.7763257
37 29 0.9154795
37 5 25.507103
37 20 4.249265
37 2 0.9417214
37 7 2171.0227
37 27 0.94098324
37 16 2000.0
37 23 1.6697934
37 25 76.92308
