0 2 1.0618105
0 37 2.231995
0 13 0.84685856
0 25 90.77819
0 29 35.39617
1 3 1.4983206
1 12 70.21722
2 30 12.48502
2 0 1.0618105
2 8 1.1416571
2 18 2.6154315
2 13 0.7573271
2 33 2.3735566
2 11 2.6627567
2 29 0.9578832
2 20 2.8706472
2 37 0.9252833
2 27 0.8927927
2 16 2000.0
2 23 23.404474
2 25 0.44644582
3 36 0.8827823
3 28 102.08105
3 24 2000.0
3 12 0.08808092
3 1 1.4983206
3 9 0.77317363
4 31 0.06754843
4 9 0.106128916
4 17 0.14451714
4 19 0.06728945
5 30 0.7826159
5 8 0.6564238
5 18 1.2749135
5 13 13.990483
5 11 4.3144565
5 29 1.8777335
5 34 2.354764
5 20 3.4024467
5 37 21.789028
5 7 13.904673
5 27 2.3527892
5 16 2.3882034
5 23 5.9554844
5 25 2000.0
6 31 0.11091655
6 17 5.8524675
7 30 1.227731
7 20 114.28571
7 8 9.615401
7 16 1.4316211
7 23 1.3685167
7 11 2000.0
7 25 3.280583
7 5 13.904673
8 0 2000.0
8 30 0.3519534
8 18 1.3743804
8 13 0.80766445
8 11 1.901397
8 29 0.7314489
8 5 0.6564238
8 34 23.526024
8 2 1.1416571
8 37 0.8414237
8 7 9.615401
8 27 0.8953907
8 16 2.10693
8 23 1.0634911
8 25 2000.0
9 36 0.26536635
9 26 2000.0
9 28 1.1541423
9 10 4.2419906
9 22 0.061264306
9 31 0.029554477
9 3 0.77317363
9 12 2000.0
9 4 0.106128916
9 17 0.03769245
9 19 0.07503302
10 26 0.057896864
10 28 0.40655017
10 24 0.10084082
10 31 0.75880283
10 12 1718.3523
10 9 4.2419906
10 17 0.030596076
11 0 2000.0
11 30 0.7977391
11 8 1.901397
11 18 7.595808
11 13 2.1158955
11 33 2.751634
11 29 1.0413401
11 5 4.3144565
11 34 2.9574354
11 20 1.2309272
11 2 2.6627567
11 37 1.7250676
11 7 2000.0
11 27 0.9101071
11 16 0.93276155
11 25 0.8730958
12 26 0.80788356
12 32 5.9926367
12 10 1718.3523
12 24 0.08891401
12 21 0.29341024
12 3 0.08808092
12 1 70.21722
13 30 33.41464
13 0 0.84685856
13 8 0.80766445
13 18 48.633675
13 33 0.95585513
13 11 2.1158955
13 29 0.7476295
13 5 13.990483
13 34 2094.2368
13 20 1.3624184
13 2 0.7573271
13 14 5.434352
13 37 1.4473634
13 7 2000.0
13 27 0.5093283
13 16 108.800606
13 25 0.24151894
14 30 9.176934
14 20 2.604708
14 13 5.434352
14 27 1.8143384
14 33 0.9073624
14 11 2000.0
14 25 2.578189
15 32 0.07647225
15 21 19.654392
16 0 2000.0
16 30 1.1506534
16 8 2.10693
16 18 2.0575411
16 13 108.800606
16 11 0.93276155
16 5 2.3882034
16 34 71.577995
16 20 52.654827
16 7 1.4316211
16 27 1.7609376
16 23 6.6228304
16 25 1.5425667
17 6 5.8524675
17 26 1.543941
17 10 0.030596076
17 24 0.11903005
17 31 0.9826446
17 9 0.03769245
17 4 0.14451714
17 19 2000.0
18 0 2000.0
18 30 0.7680105
18 8 1.3743804
18 2 2.6154315
18 37 4.4184623
18 13 48.633675
18 27 83.51975
18 16 2.0575411
18 11 7.595808
18 23 1.6117135
18 29 1.7422224
18 5 1.2749135
19 31 0.09507958
19 9 0.07503302
19 4 0.06728945
20 30 1.184597
20 13 1.3624184
20 33 1.6079543
20 11 1.2309272
20 29 8.046483
20 5 3.4024467
20 34 0.95139563
20 2 2.8706472
20 14 2.604708
20 37 3.1943264
20 7 114.28571
20 27 1.5146453
20 16 52.654827
20 25 0.504949
21 32 400.0
21 24 0.97060657
21 35 0.032650813
21 31 800.0
21 12 0.29341024
21 15 19.654392
22 31 63.157894
22 9 0.061264306
22 19 2000.0
23 0 2000.0
23 30 1.2167299
23 8 1.0634911
23 2 23.404474
23 37 2.2460325
23 18 1.6117135
23 7 1.3685167
23 16 6.6228304
23 11 2000.0
23 29 2.6936228
23 5 5.9554844
24 26 0.051657695
24 32 0.43288112
24 10 0.10084082
24 21 0.97060657
24 12 0.08891401
24 17 0.11903005
25 0 90.77819
25 30 11.476947
25 13 0.24151894
25 33 0.674623
25 11 0.8730958
25 29 2.6286836
25 34 4.7127194
25 20 0.504949
25 2 0.44644582
25 14 2.578189
25 37 86.27192
25 7 3.280583
25 27 0.4183743
25 16 1.5425667
26 32 1216.4204
26 28 0.052353557
26 10 0.057896864
26 24 0.051657695
26 31 0.1300401
26 12 0.80788356
26 17 1.543941
27 30 0.20119125
27 0 2000.0
27 8 0.8953907
27 18 83.51975
27 13 0.5093283
27 33 0.7909271
27 11 0.9101071
27 29 1.0522727
27 5 2.3527892
27 34 1.2418389
27 20 1.5146453
27 2 0.8927927
27 14 1.8143384
27 37 1.057724
27 7 2000.0
27 16 1.7609376
27 25 0.4183743
28 36 0.03574047
28 26 0.052353557
28 10 0.40655017
28 3 102.08105
28 12 1204.8296
28 9 1.1541423
28 19 1374.716
29 0 35.39617
29 30 1.7172979
29 8 0.7314489
29 18 1.7422224
29 13 0.7476295
29 33 13.535282
29 11 1.0413401
29 5 1.8777335
29 34 8.864888
29 20 8.046483
29 2 0.9578832
29 37 0.85478026
29 7 2000.0
29 27 1.0522727
29 16 2000.0
29 23 2.6936228
29 25 2.6286836
30 8 0.3519534
30 18 0.7680105
30 13 33.41464
30 33 8.10488
30 11 0.7977391
30 29 1.7172979
30 5 0.7826159
30 34 0.9527465
30 20 1.184597
30 2 12.48502
30 14 9.176934
30 37 9.362762
30 7 1.227731
30 27 0.20119125
30 16 1.1506534
30 23 1.2167299
30 25 11.476947
31 26 0.1300401
31 6 0.11091655
31 10 0.75880283
31 35 24.511366
31 22 63.157894
31 21 800.0
31 9 0.029554477
31 4 0.06754843
31 17 0.9826446
31 19 0.09507958
32 26 1216.4204
32 24 0.43288112
32 21 400.0
32 12 5.9926367
32 15 0.07647225
33 30 8.10488
33 8 2000.0
33 13 0.95585513
33 11 2.751634
33 29 13.535282
33 5 2000.0
33 34 2000.0
33 20 1.6079543
33 2 2.3735566
33 14 0.9073624
33 7 2000.0
33 27 0.7909271
33 16 2738.6362
33 25 0.674623
34 30 0.9527465
34 20 0.95139563
34 8 23.526024
34 37 2000.0
34 7 3164.432
34 27 1.2418389
34 16 71.577995
34 11 2.9574354
34 29 8.864888
34 25 4.7127194
34 5 2.354764
35 21 0.032650813
35 31 24.511366
36 28 0.03574047
36 3 0.8827823
36 9 0.26536635
37 30 9.362762
37 0 2.231995
37 8 0.8414237
37 18 4.4184623
37 13 1.4473634
37 11 1.7250676
37 29 0.85478026
37 5 21.789028
37 20 3.1943264
37 2 0.9252833
37 7 3244.5454
37 27 1.057724
37 16 2000.0
37 23 2.2460325
37 25 86.27192
