0 2 0.9108165
0 37 4.055818
0 13 1.0958908
0 29 7.2998133
0 25 52.12465
1 3 1.0757786
1 12 16.246794
2 30 33.258495
2 0 0.9108165
2 8 2.3772612
2 18 2.3529348
2 13 0.51825404
2 33 5.531204
2 11 1.9855856
2 29 1.0980239
2 20 2.669127
2 37 0.82117593
2 27 692.89777
2 16 2000.0
2 23 48.388428
2 25 0.8467298
3 36 0.35668454
3 28 1237.5568
3 24 2000.0
3 12 0.08251528
3 1 1.0757786
3 9 0.27564576
4 31 0.07335584
4 9 0.06916214
4 17 0.14329736
4 19 0.073682144
5 30 0.9041077
5 8 0.6722878
5 18 0.8440612
5 13 55.70135
5 11 3.367955
5 29 4.67709
5 34 2.1789305
5 20 3.4511197
5 37 15.969835
5 7 9.845528
5 27 779.5454
5 16 1.4392784
5 23 8.797758
5 25 2000.0
6 31 0.13910209
6 17 3.5541756
7 34 584.8466
7 30 1.2244558
7 20 134.70413
7 8 20.036386
7 16 2.340909
7 23 1.3523535
7 11 66.66667
7 25 5.331153
7 5 9.845528
8 0 2335.8865
8 30 0.43179786
8 18 1.0298917
8 13 1.6383834
8 11 0.9942693
8 29 0.8899102
8 5 0.6722878
8 34 61.294872
8 2 2.3772612
8 37 0.94564784
8 7 20.036386
8 27 1067.7273
8 16 1.6894044
8 23 1.1512794
8 25 2000.0
9 36 0.7254652
9 26 2000.0
9 28 0.7784924
9 10 26.104649
9 22 0.06317064
9 31 0.028796352
9 3 0.27564576
9 12 2000.0
9 4 0.06916214
9 17 0.041667704
9 19 0.08085305
10 26 35.795452
10 28 0.2579179
10 24 0.062022127
10 31 8.053109
10 12 1278.9204
10 9 26.104649
10 17 0.03147355
11 0 2000.0
11 30 0.85217816
11 8 0.9942693
11 18 3.5672617
11 13 1.1000385
11 33 3.2272222
11 29 1.2671602
11 5 3.367955
11 34 2.3215523
11 20 0.909776
11 2 1.9855856
11 37 1.4539187
11 7 66.66667
11 27 692.89777
11 16 1.1483271
11 25 0.8026515
12 26 2000.0
12 32 3.7582076
12 24 0.083866164
12 21 0.15711997
12 3 0.08251528
12 1 16.246794
13 30 100.4967
13 0 1.0958908
13 8 1.6383834
13 18 31.253048
13 33 1.0319084
13 11 1.1000385
13 29 0.72005975
13 5 55.70135
13 34 705.95734
13 20 0.83429116
13 2 0.51825404
13 14 3.2479339
13 37 0.8533324
13 7 2000.0
13 27 150.96591
13 16 99.21188
13 25 0.22755817
14 30 8.996558
14 20 1.1395978
14 13 3.2479339
14 27 5234.1475
14 33 0.3764696
14 11 2000.0
14 25 2.2899215
15 32 0.07940736
15 21 11.335054
16 30 1.1787465
16 0 2000.0
16 8 1.6894044
16 18 2.7042625
16 13 99.21188
16 11 1.1483271
16 5 1.4392784
16 34 111.05683
16 20 13.496057
16 7 2.340909
16 27 1119.8296
16 23 2.6019657
16 25 1.1088953
17 6 3.5541756
17 26 1034.8864
17 10 0.03147355
17 24 0.079199456
17 31 0.9829561
17 9 0.041667704
17 4 0.14329736
17 19 76.435326
18 0 2000.0
18 30 0.38843066
18 8 1.0298917
18 2 2.3529348
18 37 2.908305
18 13 31.253048
18 16 2.7042625
18 11 3.5672617
18 23 0.9864757
18 29 1.3091756
18 5 0.8440612
19 28 1218.75
19 31 0.063668594
19 9 0.08085305
19 4 0.073682144
19 17 76.435326
20 30 1.5883802
20 8 2000.0
20 13 0.83429116
20 33 1.0143049
20 11 0.909776
20 29 7.1963186
20 5 3.4511197
20 34 0.8191152
20 2 2.669127
20 14 1.1395978
20 37 1.7749143
20 7 134.70413
20 27 957.6705
20 16 13.496057
20 25 0.31906348
21 26 2000.0
21 32 2000.0
21 24 0.9688565
21 35 0.03583271
21 31 2000.0
21 12 0.15711997
21 15 11.335054
22 31 263.77597
22 9 0.06317064
22 19 2000.0
23 0 2000.0
23 30 2.1306052
23 8 1.1512794
23 2 48.388428
23 37 1.6616659
23 18 0.9864757
23 7 1.3523535
23 16 2.6019657
23 11 2000.0
23 29 2.1236167
23 5 8.797758
24 26 37.045452
24 32 0.39236423
24 10 0.062022127
24 21 0.9688565
24 12 0.083866164
24 3 2000.0
24 17 0.079199456
25 30 17.050062
25 0 52.12465
25 13 0.22755817
25 33 0.57551014
25 11 0.8026515
25 29 1.7008018
25 34 1.8269069
25 20 0.31906348
25 2 0.8467298
25 14 2.2899215
25 37 62.7451
25 7 5.331153
25 27 229.14774
25 16 1.1088953
28 36 0.030031158
28 26 51.81818
28 10 0.2579179
28 12 1274.3182
28 3 1237.5568
28 9 0.7784924
28 19 1218.75
29 0 7.2998133
29 30 2.9059403
29 8 0.8899102
29 18 1.3091756
29 13 0.72005975
29 33 14.264336
29 11 1.2671602
29 5 4.67709
29 34 3.0944602
29 20 7.1963186
29 2 1.0980239
29 37 0.5444723
29 7 2000.0
29 27 1898.9204
29 16 2000.0
29 23 2.1236167
29 25 1.7008018
30 8 0.43179786
30 18 0.38843066
30 13 100.4967
30 33 30.419825
30 11 0.85217816
30 29 2.9059403
30 5 0.9041077
30 34 0.9182197
30 20 1.5883802
30 2 33.258495
30 14 8.996558
30 37 18.405125
30 7 1.2244558
30 27 147.78409
30 16 1.1787465
30 23 2.1306052
30 25 17.050062
31 26 79.88636
31 6 0.13910209
31 10 8.053109
31 35 23.679924
31 22 263.77597
31 21 2000.0
31 9 0.028796352
31 4 0.07335584
31 17 0.9829561
31 19 0.063668594
32 24 0.39236423
32 12 3.7582076
32 15 0.07940736
33 30 30.419825
33 13 1.0319084
33 11 3.2272222
33 29 14.264336
33 5 2000.0
33 34 2000.0
33 20 1.0143049
33 2 5.531204
33 14 0.3764696
33 7 2000.0
33 27 698.2386
33 16 2422.443
33 25 0.57551014
34 30 0.9182197
34 20 0.8191152
34 8 61.294872
34 37 2000.0
34 13 705.95734
34 7 584.8466
34 27 716.8182
34 16 111.05683
34 11 2.3215523
34 29 3.0944602
34 25 1.8269069
34 5 2.1789305
35 21 0.03583271
35 31 23.679924
36 28 0.030031158
36 3 0.35668454
36 9 0.7254652
37 30 18.405125
37 0 4.055818
37 8 0.94564784
37 18 2.908305
37 13 0.8533324
37 11 1.4539187
37 29 0.5444723
37 5 15.969835
37 20 1.7749143
37 2 0.82117593
37 7 4445.682
37 27 725.7955
37 16 2000.0
37 23 1.6616659
37 25 62.7451
