0 8 5.7757874
0 2 1.5353731
0 37 0.71043634
0 13 0.8730689
0 11 13.23071
0 29 19.016289
1 3 0.22924961
1 12 1202.159
2 30 14.373491
2 0 1.5353731
2 8 1.8521651
2 18 9.465828
2 13 0.3802156
2 33 1.3011686
2 11 0.82814556
2 29 0.67097193
2 20 1.3440219
2 37 0.67753726
2 27 0.68935466
2 16 2000.0
2 23 100.703156
2 25 0.8987811
3 36 0.24640305
3 28 0.11861665
3 24 450.00003
3 12 0.05202124
3 1 0.22924961
3 9 1.0700885
4 31 0.08242022
4 9 0.11381965
4 17 0.12052195
4 19 0.08767045
5 30 0.5696426
5 8 1.1345596
5 18 0.37907404
5 13 97.641106
5 11 2.9549408
5 29 3.5943875
5 34 1.7164347
5 20 2.455733
5 37 2000.0
5 7 9.136912
5 27 1.9620274
5 16 2.6625185
5 23 2.622111
6 31 0.46286726
6 17 1.220903
7 34 16.326214
7 30 0.68889415
7 20 1.8455297
7 8 40.97339
7 37 28.782913
7 27 200.0
7 16 1.0002869
7 11 6.8133492
7 23 1.1668226
7 25 8.498986
7 5 9.136912
8 0 5.7757874
8 30 1.5024949
8 18 1.1585504
8 13 4.111506
8 11 1.2021221
8 29 0.7377393
8 5 1.1345596
8 34 4.46057
8 2 1.8521651
8 37 1.1965599
8 7 40.97339
8 27 3.1284623
8 16 1.2988079
8 23 1.33685
9 36 1.5980572
9 28 3.156019
9 10 3.7306304
9 22 0.32278234
9 31 0.031055033
9 3 1.0700885
9 17 0.033437315
9 4 0.11381965
9 19 0.06952984
10 26 0.03089607
10 28 0.61961836
10 24 0.09081439
10 31 0.037634827
10 12 11.55161
10 9 3.7306304
10 17 0.03530303
11 0 13.23071
11 30 0.32784748
11 8 1.2021221
11 18 7.7476673
11 13 0.33955052
11 33 2.4295714
11 29 1.6517056
11 5 2.9549408
11 34 2.26853
11 20 0.7441525
11 2 0.82814556
11 37 1.9458178
11 7 6.8133492
11 27 0.31510958
11 16 0.74344784
11 25 1.3647021
12 26 1.2121462
12 28 3.6329546
12 32 0.20133808
12 10 11.55161
12 24 0.089884765
12 21 0.09895557
12 3 0.05202124
13 30 0.9833521
13 0 0.8730689
13 8 4.111506
13 18 215.15422
13 33 0.9166652
13 11 0.33955052
13 29 0.7850982
13 5 97.641106
13 34 9.088469
13 20 0.49333635
13 2 0.3802156
13 14 5.5327387
13 37 1.4645004
13 27 0.212634
13 16 34.9507
13 25 0.9227021
14 34 2000.0
14 20 1.94802
14 13 5.5327387
14 27 2.0833557
14 33 0.41922933
14 11 2000.0
14 25 2.7896633
15 32 0.070514254
15 21 1.6107954
16 30 1.6859906
16 0 2000.0
16 8 1.2988079
16 18 0.9394379
16 13 34.9507
16 11 0.74344784
16 29 56.606533
16 5 2.6625185
16 20 12.821932
16 37 14.355146
16 7 1.0002869
16 27 1.8930234
16 23 5.9359274
16 25 1.6529483
17 26 2.845429
17 6 1.220903
17 10 0.03530303
17 24 0.34770018
17 31 1.7832038
17 9 0.033437315
17 4 0.12052195
17 19 2.8862317
18 30 0.7724056
18 2 9.465828
18 8 1.1585504
18 37 1.0561597
18 7 2000.0
18 13 215.15422
18 27 2.335451
18 16 0.9394379
18 23 1.306874
18 11 7.7476673
18 29 1.1883531
18 5 0.37907404
19 31 0.08603896
19 9 0.06952984
19 17 2.8862317
19 4 0.08767045
20 30 12.697883
20 13 0.49333635
20 33 2.6565104
20 11 0.7441525
20 29 7.1433053
20 5 2.455733
20 34 1.483941
20 2 1.3440219
20 14 1.94802
20 37 3.4145308
20 7 1.8455297
20 27 0.35334474
20 16 12.821932
20 25 0.671107
21 26 2000.0
21 32 2000.0
21 10 2000.0
21 24 1.0813248
21 35 0.032414306
21 12 0.09895557
21 15 1.6107954
22 6 1601.3068
22 31 1196.875
22 9 0.32278234
22 19 1462.216
23 0 2000.0
23 30 1.7035687
23 2 100.703156
23 8 1.33685
23 37 2.5973063
23 18 1.306874
23 7 1.1668226
23 16 5.9359274
23 11 2000.0
23 29 2.8709147
23 5 2.622111
24 26 0.0920645
24 32 0.14469075
24 10 0.09081439
24 21 1.0813248
24 31 2.6847782
24 3 450.00003
24 12 0.089884765
24 15 2000.0
24 17 0.34770018
25 30 5.230957
25 13 0.9227021
25 33 0.30801302
25 11 1.3647021
25 29 2.655016
25 34 1.8582761
25 20 0.671107
25 2 0.8987811
25 14 2.7896633
25 37 36.76375
25 7 8.498986
25 27 1.1986898
25 16 1.6529483
26 32 118.70638
26 28 0.37546226
26 10 0.03089607
26 24 0.0920645
26 31 0.08767926
26 12 1.2121462
26 17 2.845429
27 0 2000.0
27 30 0.18680683
27 8 3.1284623
27 18 2.335451
27 13 0.212634
27 33 1.1799853
27 11 0.31510958
27 29 0.5191899
27 5 1.9620274
27 34 1.6323864
27 20 0.35334474
27 2 0.68935466
27 14 2.0833557
27 37 0.6189024
27 7 200.0
27 16 1.8930234
27 25 1.1986898
28 36 0.03938088
28 26 0.37546226
28 10 0.61961836
28 3 0.11861665
28 12 3.6329546
28 9 3.156019
29 0 19.016289
29 30 3.440806
29 8 0.7377393
29 18 1.1883531
29 13 0.7850982
29 11 1.6517056
29 5 3.5943875
29 34 14.865157
29 20 7.1433053
29 2 0.67097193
29 37 1.4971977
29 7 2000.0
29 27 0.5191899
29 16 56.606533
29 23 2.8709147
29 25 2.655016
30 0 2000.0
30 8 1.5024949
30 18 0.7724056
30 13 0.9833521
30 33 1.6661547
30 11 0.32784748
30 29 3.440806
30 5 0.5696426
30 34 1.7462817
30 20 12.697883
30 2 14.373491
30 37 5.0254264
30 7 0.68889415
30 27 0.18680683
30 16 1.6859906
30 23 1.7035687
30 25 5.230957
31 26 0.08767926
31 6 0.46286726
31 10 0.037634827
31 24 2.6847782
31 9 0.031055033
31 17 1.7832038
31 4 0.08242022
31 19 0.08603896
32 26 118.70638
32 24 0.14469075
32 12 0.20133808
32 15 0.070514254
33 34 2000.0
33 30 1.6661547
33 20 2.6565104
33 2 1.3011686
33 14 0.41922933
33 7 2000.0
33 13 0.9166652
33 27 1.1799853
33 16 2226.3638
33 11 2.4295714
33 29 3775.9092
33 25 0.30801302
34 30 1.7462817
34 20 1.483941
34 8 4.46057
34 13 9.088469
34 7 16.326214
34 27 1.6323864
34 16 1215.0568
34 11 2.26853
34 25 1.8582761
34 29 14.865157
34 5 1.7164347
35 21 0.032414306
36 26 2000.0
36 28 0.03938088
36 3 0.24640305
36 9 1.5980572
37 30 5.0254264
37 0 0.71043634
37 8 1.1965599
37 18 1.0561597
37 13 1.4645004
37 11 1.9458178
37 29 1.4971977
37 20 3.4145308
37 2 0.67753726
37 7 28.782913
37 27 0.6189024
37 16 14.355146
37 23 2.5973063
37 25 36.76375
