0 2 0.9555482
0 37 1.6902002
0 13 1.2463119
0 29 16.963776
0 25 17.30587
1 3 0.93914586
1 12 22.991058
2 30 21.19573
2 0 0.9555482
2 8 1.3129748
2 18 1.6265999
2 13 0.6727979
2 33 2.538144
2 11 1.4697895
2 29 1.3765624
2 20 3.118331
2 37 0.8044318
2 27 1.2982755
2 16 2000.0
2 23 16.057737
2 25 1.0245746
3 36 0.3743608
3 28 9.187648
3 24 2000.0
3 12 0.074816726
3 1 0.93914586
3 9 0.19378728
4 31 0.0749929
4 9 0.06432397
4 17 0.15854909
4 19 0.07124528
5 30 0.83268654
5 8 0.81924605
5 18 0.4029517
5 13 39.762177
5 11 0.81401944
5 29 1.6971925
5 34 2.5237756
5 20 1.252329
5 37 6.8034086
5 7 6.8951197
5 27 1.9888623
5 16 1.2736125
5 23 2.0818567
5 25 2000.0
6 31 0.101571195
6 17 1.3119888
7 30 0.75657445
7 20 76.55033
7 8 5.449193
7 37 242.05751
7 16 1.0888035
7 23 1.2745569
7 25 2.0178447
7 5 6.8951197
8 0 2000.0
8 30 0.68610704
8 18 1.1300159
8 13 2.0051541
8 11 0.85328007
8 29 0.5652898
8 5 0.81924605
8 34 77.00016
8 2 1.3129748
8 37 0.918234
8 7 5.449193
8 27 2.570092
8 16 1.4655089
8 23 2.2449858
8 25 2000.0
9 36 0.30425483
9 28 1.6347221
9 10 21.1913
9 22 0.07573616
9 31 0.03046729
9 3 0.19378728
9 4 0.06432397
9 17 0.034880053
9 19 0.123422034
10 26 0.030893456
10 28 0.27897727
10 24 0.15651308
10 31 17.228498
10 12 1557.8977
10 9 21.1913
10 17 0.03179024
11 0 2000.0
11 30 0.7327679
11 8 0.85328007
11 18 7.4102764
11 13 0.7489705
11 33 4.272843
11 29 0.9836864
11 5 0.81401944
11 34 3.0851426
11 20 0.8768628
11 2 1.4697895
11 37 1.3480457
11 7 1620.909
11 27 0.6980519
11 16 1.0090523
11 25 0.72758013
12 26 4.2434974
12 28 143.70683
12 32 1.8361417
12 24 0.078948304
12 21 0.5624432
12 3 0.074816726
12 1 22.991058
13 30 52.06506
13 0 1.2463119
13 8 2.0051541
13 18 86.15265
13 33 1.2654144
13 11 0.7489705
13 29 1.1862644
13 5 39.762177
13 34 181.87987
13 20 1.2016928
13 2 0.6727979
13 14 7.9896355
13 37 0.9775103
13 7 2000.0
13 27 0.47487688
13 16 51.956608
13 25 0.319095
14 30 6.6555333
14 20 5.072208
14 13 7.9896355
14 27 5.8095627
14 33 0.42923188
14 11 2000.0
14 25 3.2656717
15 32 0.07183249
15 21 1.5624099
15 12 2000.0
16 0 2000.0
16 30 1.1212516
16 8 1.4655089
16 18 1.7211063
16 13 51.956608
16 11 1.0090523
16 29 800.0
16 5 1.2736125
16 34 65.464096
16 20 30.610847
16 7 1.0888035
16 27 1.3478161
16 23 2.5647407
16 25 0.79329133
17 6 1.3119888
17 26 1.4926492
17 10 0.03179024
17 24 0.059242807
17 31 0.973545
17 9 0.034880053
17 4 0.15854909
17 19 73.823654
18 0 2000.0
18 30 0.7083343
18 8 1.1300159
18 2 1.6265999
18 37 1.9415245
18 13 86.15265
18 27 26.939394
18 16 1.7211063
18 11 7.4102764
18 23 1.4158533
18 29 0.95350623
18 5 0.4029517
19 31 0.10029866
19 9 0.123422034
19 4 0.07124528
19 17 73.823654
20 0 2000.0
20 30 1.7189586
20 13 1.2016928
20 33 2.5048556
20 11 0.8768628
20 29 11.966198
20 5 1.252329
20 34 1.562115
20 2 3.118331
20 14 5.072208
20 37 2.93023
20 7 76.55033
20 27 0.84590346
20 16 30.610847
20 25 1.8974309
21 26 2000.0
21 32 2000.0
21 24 0.89054304
21 35 0.03215965
21 12 0.5624432
21 15 1.5624099
22 31 133.33334
22 9 0.07573616
22 19 2000.0
23 0 2000.0
23 30 1.9061688
23 8 2.2449858
23 2 16.057737
23 37 1.0691111
23 18 1.4158533
23 7 1.2745569
23 16 2.5647407
23 11 2000.0
23 29 1.5052512
23 5 2.0818567
24 26 0.049067095
24 32 0.16078362
24 10 0.15651308
24 21 0.89054304
24 12 0.078948304
24 15 2000.0
24 17 0.059242807
25 30 17.668913
25 0 17.30587
25 13 0.319095
25 33 0.65887904
25 11 0.72758013
25 29 1.666503
25 34 5.3134637
25 20 1.8974309
25 2 1.0245746
25 14 3.2656717
25 37 47.26445
25 7 2.0178447
25 27 0.3285301
25 16 0.79329133
26 32 55.419197
26 28 0.0756108
26 10 0.030893456
26 24 0.049067095
26 31 0.12636626
26 12 4.2434974
26 17 1.4926492
27 30 0.23404124
27 0 2000.0
27 8 2.570092
27 18 26.939394
27 13 0.47487688
27 33 1.203112
27 11 0.6980519
27 29 0.6657936
27 5 1.9888623
27 34 1.7002897
27 20 0.84590346
27 2 1.2982755
27 14 5.8095627
27 37 1.1361222
27 7 2000.0
27 16 1.3478161
27 25 0.3285301
28 36 0.03188055
28 26 0.0756108
28 10 0.27897727
28 3 9.187648
28 12 143.70683
28 9 1.6347221
28 19 1378.2386
29 0 16.963776
29 30 0.9718141
29 8 0.5652898
29 18 0.95350623
29 13 1.1862644
29 33 23.810991
29 11 0.9836864
29 5 1.6971925
29 34 5.2365055
29 20 11.966198
29 2 1.3765624
29 37 0.46532223
29 7 2000.0
29 27 0.6657936
29 16 800.0
29 23 1.5052512
29 25 1.666503
30 8 0.68610704
30 18 0.7083343
30 13 52.06506
30 33 10.117406
30 11 0.7327679
30 29 0.9718141
30 5 0.83268654
30 34 0.9648829
30 20 1.7189586
30 2 21.19573
30 14 6.6555333
30 37 13.498512
30 7 0.75657445
30 27 0.23404124
30 16 1.1212516
30 23 1.9061688
30 25 17.668913
31 26 0.12636626
31 6 0.101571195
31 10 17.228498
31 22 133.33334
31 9 0.03046729
31 4 0.0749929
31 17 0.973545
31 19 0.10029866
32 26 55.419197
32 24 0.16078362
32 12 1.8361417
32 15 0.07183249
33 30 10.117406
33 8 2000.0
33 13 1.2654144
33 11 4.272843
33 29 23.810991
33 34 2000.0
33 20 2.5048556
33 2 2.538144
33 14 0.42923188
33 7 2000.0
33 27 1.203112
33 16 3017.898
33 25 0.65887904
34 30 0.9648829
34 20 1.562115
34 8 77.00016
34 37 2000.0
34 13 181.87987
34 7 3006.7612
34 27 1.7002897
34 16 65.464096
34 11 3.0851426
34 29 5.2365055
34 25 5.3134637
34 5 2.5237756
35 21 0.03215965
35 31 1146.9886
36 28 0.03188055
36 3 0.3743608
36 12 2000.0
36 9 0.30425483
37 30 13.498512
37 0 1.6902002
37 8 0.918234
37 18 1.9415245
37 13 0.9775103
37 11 1.3480457
37 29 0.46532223
37 5 6.8034086
37 20 2.93023
37 2 0.8044318
37 7 242.05751
37 27 1.1361222
37 16 2000.0
37 23 1.0691111
37 25 47.26445
