0 2 1.0662662
0 37 1.5275285
0 13 1.3165599
0 29 36.045517
0 25 9.890538
1 3 0.9145528
1 12 23.382147
2 30 32.633556
2 0 1.0662662
2 8 1.763103
2 18 3.463726
2 13 0.5686133
2 33 1.6588145
2 11 2.4506247
2 29 1.4078003
2 20 7.04502
2 37 0.7990536
2 27 1.6350218
2 16 2000.0
2 23 10.449199
2 25 1.3918504
3 36 0.42218757
3 28 6.9089074
3 24 2000.0
3 12 0.09576788
3 1 0.9145528
3 9 0.615704
4 31 0.06626185
4 9 0.09036797
4 17 0.13578874
4 19 0.06740661
5 30 0.65308446
5 8 1.0433193
5 18 0.6125877
5 13 11.711324
5 11 5.061171
5 29 2.455621
5 34 3.987116
5 20 1.7723432
5 37 6.501102
5 7 10.786743
5 27 1.6243206
5 16 1.3928853
5 23 1.8174205
6 31 0.17654781
6 17 0.6968996
7 30 1.1125646
7 20 53.67999
7 8 21.15732
7 16 1.0721023
7 23 1.2418525
7 11 1732.3295
7 25 3.6709423
7 5 10.786743
8 0 2000.0
8 30 0.6893577
8 18 1.3303316
8 13 5.0708656
8 11 1.3402164
8 29 1.9599189
8 5 1.0433193
8 34 40.251335
8 2 1.763103
8 37 1.121857
8 7 21.15732
8 27 35.255558
8 16 1.7211714
8 23 2.0712302
8 25 2000.0
9 36 0.3458031
9 26 2000.0
9 28 1.3807477
9 10 107.091576
9 22 0.05202149
9 31 0.028133877
9 3 0.615704
9 12 2000.0
9 4 0.09036797
9 17 0.03632023
9 19 0.07542005
10 26 0.0363483
10 28 1.2014296
10 24 0.22016269
10 31 111.64579
10 12 1383.6364
10 9 107.091576
10 17 0.046537615
11 0 2000.0
11 30 1.3459505
11 8 1.3402164
11 18 16.144085
11 13 0.88932014
11 33 5.714879
11 29 2.1244953
11 5 5.061171
11 34 3.46699
11 20 1.6089932
11 2 2.4506247
11 37 1.671952
11 7 1732.3295
11 27 1.2089916
11 16 0.90033066
11 25 1.8525529
12 26 0.56139517
12 32 12.903224
12 24 0.07562117
12 21 0.13017756
12 3 0.09576788
12 1 23.382147
13 30 32.78904
13 0 1.3165599
13 8 5.0708656
13 18 141.50758
13 33 1.2648531
13 11 0.88932014
13 29 0.89235514
13 5 11.711324
13 34 62.82697
13 20 1.4816667
13 2 0.5686133
13 14 7.261432
13 37 1.218941
13 7 2000.0
13 27 0.65848666
13 16 42.03664
13 25 0.48031858
14 30 11.598944
14 20 23.797348
14 13 7.261432
14 27 10.3639145
14 33 0.72373325
14 11 2000.0
14 25 7.467936
15 32 0.06942782
15 21 1.4934516
16 30 1.0612715
16 0 2000.0
16 8 1.7211714
16 18 0.88858044
16 13 42.03664
16 11 0.90033066
16 5 1.3928853
16 34 79.32748
16 20 30.327621
16 7 1.0721023
16 27 1.3299437
16 23 2.7431557
16 25 1.1072358
17 6 0.6968996
17 26 1.5245888
17 10 0.046537615
17 24 0.14484152
17 31 1.0167634
17 9 0.03632023
17 4 0.13578874
17 19 30.563093
18 0 2000.0
18 30 0.71154237
18 8 1.3303316
18 13 141.50758
18 11 16.144085
18 29 1.3981508
18 5 0.6125877
18 2 3.463726
18 37 2.1085708
18 7 2000.0
18 27 30.675001
18 16 0.88858044
18 23 1.0794169
19 31 0.111165226
19 9 0.07542005
19 17 30.563093
19 4 0.06740661
20 30 1.9250964
20 13 1.4816667
20 33 3.0052211
20 11 1.6089932
20 29 11.004835
20 5 1.7723432
20 34 3.4661796
20 2 7.04502
20 14 23.797348
20 37 3.5517209
20 7 53.67999
20 27 1.5314802
20 16 30.327621
20 25 1.358005
21 26 2000.0
21 32 2000.0
21 10 2000.0
21 24 0.92900586
21 35 0.02932723
21 31 2000.0
21 12 0.13017756
21 15 1.4934516
22 31 266.6667
22 9 0.05202149
22 19 2000.0
23 0 2000.0
23 30 1.4342332
23 8 2.0712302
23 2 10.449199
23 37 1.4028469
23 18 1.0794169
23 7 1.2418525
23 16 2.7431557
23 11 2000.0
23 29 0.8076704
23 5 1.8174205
24 26 0.048267893
24 32 0.3013412
24 10 0.22016269
24 21 0.92900586
24 31 2000.0
24 12 0.07562117
24 15 2000.0
24 17 0.14484152
25 30 33.763172
25 0 9.890538
25 13 0.48031858
25 33 0.8079199
25 11 1.8525529
25 29 3.761775
25 34 5.62349
25 20 1.358005
25 2 1.3918504
25 14 7.467936
25 37 61.130325
25 7 3.6709423
25 27 0.5249702
25 16 1.1072358
26 32 54.78321
26 28 0.16032554
26 10 0.0363483
26 24 0.048267893
26 31 0.12642045
26 12 0.56139517
26 17 1.5245888
27 30 0.24458225
27 0 2000.0
27 8 35.255558
27 18 30.675001
27 13 0.65848666
27 33 2.0997608
27 11 1.2089916
27 29 0.9891833
27 5 1.6243206
27 34 1.6113695
27 20 1.5314802
27 2 1.6350218
27 14 10.3639145
27 37 1.9694177
27 7 2000.0
27 16 1.3299437
27 25 0.5249702
28 36 0.03237836
28 26 0.16032554
28 10 1.2014296
28 3 6.9089074
28 12 1213.409
28 9 1.3807477
28 19 1369.4319
29 0 36.045517
29 30 0.31991425
29 8 1.9599189
29 18 1.3981508
29 13 0.89235514
29 33 21.261717
29 11 2.1244953
29 5 2.455621
29 34 4.23965
29 20 11.004835
29 2 1.4078003
29 37 0.6889501
29 27 0.9891833
29 16 2000.0
29 23 0.8076704
29 25 3.761775
30 8 0.6893577
30 18 0.71154237
30 13 32.78904
30 33 43.31353
30 11 1.3459505
30 29 0.31991425
30 5 0.65308446
30 34 0.9724433
30 20 1.9250964
30 2 32.633556
30 14 11.598944
30 37 12.316115
30 7 1.1125646
30 27 0.24458225
30 16 1.0612715
30 23 1.4342332
30 25 33.763172
31 26 0.12642045
31 6 0.17654781
31 10 111.64579
31 22 266.6667
31 9 0.028133877
31 4 0.06626185
31 17 1.0167634
31 19 0.111165226
32 26 54.78321
32 24 0.3013412
32 12 12.903224
32 15 0.06942782
33 34 2000.0
33 30 43.31353
33 20 3.0052211
33 2 1.6588145
33 14 0.72373325
33 7 2000.0
33 13 1.2648531
33 27 2.0997608
33 16 3017.898
33 11 5.714879
33 29 21.261717
33 25 0.8079199
34 30 0.9724433
34 20 3.4661796
34 8 40.251335
34 37 2000.0
34 13 62.82697
34 7 2000.0
34 27 1.6113695
34 16 79.32748
34 11 3.46699
34 29 4.23965
34 25 5.62349
34 5 3.987116
35 21 0.02932723
35 31 1095.6818
36 28 0.03237836
36 3 0.42218757
36 9 0.3458031
37 30 12.316115
37 0 1.5275285
37 8 1.121857
37 18 2.1085708
37 13 1.218941
37 11 1.671952
37 29 0.6889501
37 5 6.501102
37 20 3.5517209
37 2 0.7990536
37 7 2966.932
37 27 1.9694177
37 16 2000.0
37 23 1.4028469
37 25 61.130325
