0 2 0.94078624
0 37 1.5332227
0 13 0.8496547
0 29 70.371025
0 25 7.4077663
1 3 0.4768177
1 12 23.563337
2 30 21.780571
2 0 0.94078624
2 8 1.1496052
2 18 2.031844
2 13 0.36026582
2 33 1.8727272
2 11 1.594396
2 29 1.2637442
2 20 2.7186995
2 37 0.8509149
2 27 0.8467502
2 16 2000.0
2 23 9.207337
2 25 0.4713857
3 36 1.027987
3 28 13.921722
3 24 2000.0
3 12 0.06720152
3 1 0.4768177
3 9 0.4043222
4 31 0.09463088
4 9 0.08662445
4 17 0.14925666
4 19 0.06899542
5 30 1.0946897
5 8 0.44752473
5 18 1.0076702
5 13 27.300802
5 11 1.7023485
5 29 6.8551016
5 34 2.0218778
5 20 1.4883319
5 37 18.318903
5 7 5.4385085
5 27 1.99862
5 16 1.347038
5 23 1.376869
5 25 2000.0
6 31 0.20670801
6 17 6.6230197
7 30 1.4249823
7 20 39.439064
7 8 7.490199
7 37 100.0
7 16 1.3829451
7 23 1.7318115
7 11 110.27653
7 25 3.7153025
7 5 5.4385085
8 0 2000.0
8 30 0.39976323
8 18 1.3299798
8 13 1.549108
8 11 0.6096405
8 29 0.3654234
8 5 0.44752473
8 34 16.32025
8 2 1.1496052
8 37 1.2983764
8 7 7.490199
8 27 0.8430151
8 16 1.9145533
8 23 0.9112023
8 25 2000.0
9 36 0.5971498
9 26 2000.0
9 28 1.4822803
9 10 25.93192
9 22 0.048530493
9 31 0.030653875
9 12 2000.0
9 3 0.4043222
9 4 0.08662445
9 17 0.042007577
9 19 0.078985386
10 26 0.028697107
10 28 0.21189393
10 24 0.15455227
10 31 13.894302
10 12 98.76656
10 9 25.93192
10 17 0.031446774
11 0 2000.0
11 30 0.92616296
11 8 0.6096405
11 18 4.6072006
11 13 0.9106437
11 33 2.5947137
11 29 0.77686036
11 5 1.7023485
11 34 2.2917464
11 20 1.4217834
11 2 1.594396
11 37 1.2196563
11 7 110.27653
11 27 0.80556226
11 16 1.4403068
11 25 0.5053737
12 26 0.45917952
12 32 5.8465075
12 10 98.76656
12 24 0.0735069
12 21 0.12154049
12 3 0.06720152
12 1 23.563337
13 30 142.84198
13 0 0.8496547
13 8 1.549108
13 18 388.25143
13 33 1.0673393
13 11 0.9106437
13 29 0.7342397
13 5 27.300802
13 34 300.0
13 20 1.3481405
13 2 0.36026582
13 14 8.314022
13 37 1.1333714
13 7 2000.0
13 27 0.6954414
13 16 46.534927
13 25 0.3182538
14 30 13.822713
14 20 2.7115574
14 13 8.314022
14 27 1.694104
14 33 0.5933445
14 25 2.3373466
15 32 0.076267384
15 21 7.7098618
16 0 2000.0
16 30 1.1047776
16 8 1.9145533
16 18 1.2503837
16 13 46.534927
16 11 1.4403068
16 5 1.347038
16 34 104.64016
16 20 40.31098
16 7 1.3829451
16 27 1.5974679
16 23 2.752633
16 25 1.1060183
17 6 6.6230197
17 26 1.6936753
17 10 0.031446774
17 24 0.14828388
17 31 0.9873673
17 9 0.042007577
17 4 0.14925666
17 19 1527.5568
18 0 2000.0
18 30 0.73355067
18 8 1.3299798
18 13 388.25143
18 11 4.6072006
18 29 1.5071579
18 5 1.0076702
18 2 2.031844
18 37 2.2300262
18 7 2000.0
18 27 14.951142
18 16 1.2503837
18 23 1.6559762
19 31 0.08329066
19 9 0.078985386
19 4 0.06899542
19 17 1527.5568
20 30 0.874967
20 13 1.3481405
20 33 0.8989284
20 11 1.4217834
20 29 5.1134644
20 5 1.4883319
20 34 0.8332154
20 2 2.7186995
20 14 2.7115574
20 37 2.7171645
20 7 39.439064
20 27 0.9437035
20 16 40.31098
20 25 0.46343023
21 26 2000.0
21 10 2000.0
21 24 0.6601493
21 35 0.03142277
21 12 0.12154049
21 15 7.7098618
22 31 171.42857
22 9 0.048530493
22 19 2000.0
23 0 2000.0
23 30 1.6476052
23 8 0.9112023
23 2 9.207337
23 37 2.4108832
23 18 1.6559762
23 7 1.7318115
23 16 2.752633
23 11 2000.0
23 29 2.1326525
23 5 1.376869
24 26 0.046967234
24 32 0.27393466
24 10 0.15455227
24 21 0.6601493
24 12 0.0735069
24 17 0.14828388
25 30 18.986797
25 0 7.4077663
25 13 0.3182538
25 33 0.8796601
25 11 0.5053737
25 29 2.051208
25 34 1.9570422
25 20 0.46343023
25 2 0.4713857
25 14 2.3373466
25 37 32.217907
25 7 3.7153025
25 27 0.2834475
25 16 1.1060183
26 32 30.145962
26 28 0.06257512
26 10 0.028697107
26 24 0.046967234
26 31 0.100474745
26 12 0.45917952
26 17 1.6936753
27 30 0.24157958
27 0 2000.0
27 8 0.8430151
27 18 14.951142
27 13 0.6954414
27 33 0.8492003
27 11 0.80556226
27 29 1.5084928
27 5 1.99862
27 34 0.88131666
27 20 0.9437035
27 2 0.8467502
27 14 1.694104
27 37 1.2083894
27 7 2000.0
27 16 1.5974679
27 25 0.2834475
28 36 0.033649225
28 26 0.06257512
28 10 0.21189393
28 3 13.921722
28 12 1200.7954
28 9 1.4822803
28 19 1356.25
29 0 70.371025
29 30 2.1421268
29 8 0.3654234
29 18 1.5071579
29 13 0.7342397
29 33 40.16797
29 11 0.77686036
29 5 6.8551016
29 34 2.0884833
29 20 5.1134644
29 2 1.2637442
29 37 0.7285463
29 7 2000.0
29 27 1.5084928
29 16 2000.0
29 23 2.1326525
29 25 2.051208
30 8 0.39976323
30 18 0.73355067
30 13 142.84198
30 33 22.53216
30 11 0.92616296
30 29 2.1421268
30 5 1.0946897
30 34 1.2160612
30 20 0.874967
30 2 21.780571
30 14 13.822713
30 37 125.43309
30 7 1.4249823
30 27 0.24157958
30 16 1.1047776
30 23 1.6476052
30 25 18.986797
31 26 0.100474745
31 6 0.20670801
31 10 13.894302
31 35 34.632515
31 22 171.42857
31 9 0.030653875
31 4 0.09463088
31 17 0.9873673
31 19 0.08329066
32 26 30.145962
32 24 0.27393466
32 21 2000.0
32 12 5.8465075
32 15 0.076267384
33 30 22.53216
33 8 2000.0
33 13 1.0673393
33 11 2.5947137
33 29 40.16797
33 5 2000.0
33 34 2000.0
33 20 0.8989284
33 2 1.8727272
33 14 0.5933445
33 7 2000.0
33 27 0.8492003
33 16 3017.898
33 25 0.8796601
34 30 1.2160612
34 20 0.8332154
34 8 16.32025
34 37 2000.0
34 13 300.0
34 7 2000.0
34 27 0.88131666
34 16 104.64016
34 11 2.2917464
34 29 2.0884833
34 25 1.9570422
34 5 2.0218778
35 21 0.03142277
35 31 34.632515
36 28 0.033649225
36 3 1.027987
36 9 0.5971498
37 30 125.43309
37 0 1.5332227
37 8 1.2983764
37 18 2.2300262
37 13 1.1333714
37 11 1.2196563
37 29 0.7285463
37 5 18.318903
37 20 2.7171645
37 2 0.8509149
37 7 100.0
37 27 1.2083894
37 16 2000.0
37 23 2.4108832
37 25 32.217907
