0 8 5.644603
0 2 1.474129
0 37 0.7899924
0 13 1.03546
0 11 83.64072
0 29 10.256411
1 3 0.21411291
1 12 1202.159
2 30 5.600895
2 0 1.474129
2 8 1.4559276
2 18 10.1434965
2 13 0.46204895
2 33 2.3174243
2 11 1.7867202
2 29 1.0007322
2 20 5.66061
2 37 1.5193388
2 27 1.6555353
2 23 15.952957
2 25 1.8136364
3 36 0.2616655
3 28 0.06867276
3 24 450.00003
3 12 0.052297078
3 1 0.21411291
3 9 0.6548927
4 31 0.07668708
4 9 0.07896796
4 17 0.08663425
4 19 0.10085267
5 30 0.8915856
5 8 0.785
5 18 0.4883229
5 13 1113.7784
5 11 3.465232
5 29 5.29553
5 34 2.3114495
5 20 2.253295
5 37 2000.0
5 7 4.2038374
5 27 3.062392
5 16 1.6257619
5 23 4.609107
6 22 70.01663
6 31 0.3610208
6 17 1.2723615
7 34 6.5939612
7 30 0.890059
7 20 1.5822504
7 8 2000.0
7 37 10.814036
7 27 233.63026
7 16 1.1988944
7 23 0.95628965
7 11 11.058447
7 25 3.823915
7 5 4.2038374
8 0 5.644603
8 30 1.9747472
8 18 0.99962735
8 13 2.32945
8 11 1.2788488
8 29 1.26912
8 5 0.785
8 34 7.6162395
8 2 1.4559276
8 37 1.2319602
8 7 2000.0
8 27 1.8454599
8 16 1.3664949
8 23 0.8679014
9 36 0.96736693
9 28 5.355984
9 10 12.940908
9 22 0.3567761
9 31 0.033088494
9 3 0.6548927
9 17 0.049944114
9 4 0.07896796
9 19 0.07443182
10 26 0.030232921
10 28 0.2018794
10 24 0.044843484
10 31 0.033925943
10 12 8.362096
10 9 12.940908
10 17 0.030318554
11 0 83.64072
11 30 0.38905993
11 8 1.2788488
11 18 4.608443
11 13 0.5310488
11 33 3.593421
11 29 1.845065
11 5 3.465232
11 34 2.924921
11 20 1.4936347
11 2 1.7867202
11 37 1.5049508
11 7 11.058447
11 27 0.42891312
11 16 0.9053346
11 25 0.9071351
12 26 1.8764509
12 28 3.126705
12 32 0.18397887
12 10 8.362096
12 24 0.08219853
12 21 0.09575176
12 3 0.052297078
13 30 0.9429881
13 0 1.03546
13 8 2.32945
13 18 160.44199
13 33 0.7902678
13 11 0.5310488
13 29 0.5790809
13 5 1113.7784
13 34 12.331084
13 20 0.48441836
13 2 0.46204895
13 14 4.9120636
13 37 2.4530797
13 27 0.28368005
13 16 479.70535
13 25 0.6761286
14 20 2.2932715
14 13 4.9120636
14 27 3.4649293
14 33 0.41551426
14 11 2000.0
14 25 4.353723
15 32 0.066354886
15 21 0.6882458
16 30 1.0665714
16 0 2000.0
16 8 1.3664949
16 18 0.75623244
16 13 479.70535
16 11 0.9053346
16 29 15.913148
16 5 1.6257619
16 20 7.4703836
16 37 76.98548
16 7 1.1988944
16 27 1.4465019
16 23 8.755974
16 25 0.8647525
17 26 1.8839595
17 6 1.2723615
17 10 0.030318554
17 24 0.35024107
17 31 1.2903439
17 9 0.049944114
17 4 0.08663425
17 19 3.942815
18 30 0.62842315
18 2 10.1434965
18 8 0.99962735
18 37 1.0331683
18 13 160.44199
18 7 2000.0
18 27 2.246623
18 16 0.75623244
18 23 1.0912818
18 11 4.608443
18 29 0.9930359
18 5 0.4883229
19 31 0.09374779
19 9 0.07443182
19 17 3.942815
19 4 0.10085267
20 30 16.333952
20 13 0.48441836
20 33 1.080917
20 11 1.4936347
20 29 2.586741
20 5 2.253295
20 34 0.88420665
20 2 5.66061
20 14 2.2932715
20 37 3.125488
20 7 1.5822504
20 27 0.37712508
20 16 7.4703836
20 25 0.317197
21 32 2000.0
21 10 2000.0
21 24 1.3181758
21 35 0.04590511
21 12 0.09575176
21 15 0.6882458
22 6 70.01663
22 31 1196.875
22 9 0.3567761
22 19 1462.216
23 0 2000.0
23 30 1.1477909
23 2 15.952957
23 8 0.8679014
23 37 3.2215414
23 18 1.0912818
23 7 0.95628965
23 16 8.755974
23 11 2000.0
23 29 2.2183886
23 5 4.609107
24 26 0.050069083
24 32 0.21195734
24 10 0.044843484
24 21 1.3181758
24 31 5.4971585
24 3 450.00003
24 12 0.08219853
24 15 2000.0
24 17 0.35024107
25 30 4.2931504
25 13 0.6761286
25 33 0.32986438
25 11 0.9071351
25 29 2.6489549
25 34 0.6150178
25 20 0.317197
25 2 1.8136364
25 14 4.353723
25 37 75.13317
25 7 3.823915
25 27 0.8726313
25 16 0.8647525
26 36 480.00003
26 32 26.760162
26 28 0.12131929
26 10 0.030232921
26 24 0.050069083
26 31 0.07954546
26 12 1.8764509
26 17 1.8839595
27 0 2000.0
27 30 0.25208887
27 8 1.8454599
27 18 2.246623
27 13 0.28368005
27 33 0.9127148
27 11 0.42891312
27 29 0.38933817
27 5 3.062392
27 34 1.4107392
27 20 0.37712508
27 2 1.6555353
27 14 3.4649293
27 37 1.9286081
27 7 233.63026
27 16 1.4465019
27 25 0.8726313
28 36 0.035831645
28 26 0.12131929
28 10 0.2018794
28 3 0.06867276
28 12 3.126705
28 9 5.355984
29 0 10.256411
29 30 3.1907048
29 8 1.26912
29 18 0.9930359
29 13 0.5790809
29 11 1.845065
29 5 5.29553
29 34 11.099904
29 20 2.586741
29 2 1.0007322
29 37 1.4311229
29 7 2000.0
29 27 0.38933817
29 16 15.913148
29 23 2.2183886
29 25 2.6489549
30 0 2000.0
30 8 1.9747472
30 18 0.62842315
30 13 0.9429881
30 33 1.9935513
30 11 0.38905993
30 29 3.1907048
30 5 0.8915856
30 34 1.4209652
30 20 16.333952
30 2 5.600895
30 37 6.301093
30 7 0.890059
30 27 0.25208887
30 16 1.0665714
30 23 1.1477909
30 25 4.2931504
31 26 0.07954546
31 6 0.3610208
31 10 0.033925943
31 24 5.4971585
31 9 0.033088494
31 17 1.2903439
31 4 0.07668708
31 19 0.09374779
32 26 26.760162
32 24 0.21195734
32 12 0.18397887
32 15 0.066354886
33 34 2000.0
33 30 1.9935513
33 20 1.080917
33 2 2.3174243
33 14 0.41551426
33 7 2000.0
33 13 0.7902678
33 27 0.9127148
33 16 2226.3638
33 11 3.593421
33 29 1349.034
33 25 0.32986438
34 30 1.4209652
34 20 0.88420665
34 8 7.6162395
34 13 12.331084
34 7 6.5939612
34 27 1.4107392
34 16 1215.0568
34 11 2.924921
34 25 0.6150178
34 29 11.099904
34 5 2.3114495
35 21 0.04590511
36 26 480.00003
36 28 0.035831645
36 3 0.2616655
36 9 0.96736693
37 30 6.301093
37 0 0.7899924
37 8 1.2319602
37 18 1.0331683
37 13 2.4530797
37 11 1.5049508
37 29 1.4311229
37 20 3.125488
37 2 1.5193388
37 7 10.814036
37 27 1.9286081
37 16 76.98548
37 23 3.2215414
37 25 75.13317
