0 2 0.95356476
0 37 1.4073776
0 13 1.3900939
0 29 16.803976
0 25 19.289497
1 3 1.2703445
1 12 39.141953
2 30 17.477741
2 0 0.95356476
2 8 1.2553706
2 18 2.1955621
2 13 0.72987145
2 33 1.8507676
2 11 1.953805
2 29 1.427378
2 20 3.6014373
2 37 0.83235586
2 27 1.2166554
2 16 2000.0
2 23 11.244913
2 25 0.55036265
3 36 0.23167156
3 28 26.30091
3 24 450.00003
3 12 0.047881585
3 1 1.2703445
3 9 0.37244034
4 31 0.0758777
4 9 0.08685349
4 17 0.17639771
4 19 0.07369228
5 30 0.66466737
5 8 0.6499353
5 18 0.4412151
5 13 13.445644
5 11 3.2356687
5 29 3.5972617
5 34 1.7736883
5 20 1.4739707
5 37 8.888244
5 7 7.8268857
5 27 2.0840619
5 16 1.3925855
5 23 4.2804775
6 31 0.1519246
6 17 3.7163196
7 30 0.8100385
7 20 60.202152
7 8 2.1580305
7 37 114.28571
7 16 1.345014
7 11 55.105186
7 23 1.5126119
7 25 2.2638366
7 5 7.8268857
8 0 2000.0
8 30 0.47715163
8 18 1.3931417
8 13 0.95627725
8 11 0.99133784
8 29 0.47938505
8 5 0.6499353
8 34 16.463402
8 2 1.2553706
8 37 0.8516793
8 7 2.1580305
8 27 1.5463784
8 16 1.8413913
8 23 0.47822472
8 25 2000.0
9 36 0.38821423
9 26 2000.0
9 28 2.2359483
9 10 12.985119
9 22 0.04735478
9 31 0.03432001
9 3 0.37244034
9 12 2000.0
9 4 0.08685349
9 17 0.035574496
9 19 0.06739761
10 26 0.029479235
10 28 0.32174766
10 24 0.09180052
10 31 18.4132
10 12 1145.7954
10 9 12.985119
10 17 0.029095538
11 0 2000.0
11 30 0.8061161
11 8 0.99133784
11 18 5.7709317
11 13 0.7129802
11 33 1.5557526
11 29 0.86545444
11 5 3.2356687
11 34 2.420139
11 20 0.92970854
11 2 1.953805
11 37 1.5991943
11 7 55.105186
11 27 0.6902523
11 16 0.94758517
11 25 0.9739325
12 26 0.32661358
12 32 11.608251
12 24 0.07394611
12 21 0.088126965
12 3 0.047881585
12 1 39.141953
13 30 43.29701
13 0 1.3900939
13 8 0.95627725
13 18 300.0
13 33 0.8901363
13 11 0.7129802
13 29 0.74376565
13 5 13.445644
13 34 71.06676
13 20 1.0325577
13 2 0.72987145
13 14 10.345061
13 37 1.388382
13 7 2000.0
13 27 0.30738807
13 16 25.763573
13 25 0.24996866
14 30 7.884375
14 20 3.4937305
14 13 10.345061
14 27 3.4073937
14 33 0.36475205
14 25 2.7855835
15 32 0.07134115
15 24 225.00002
15 21 5.464675
16 0 2000.0
16 30 1.1360589
16 8 1.8413913
16 18 1.4435169
16 13 25.763573
16 11 0.94758517
16 29 266.6667
16 5 1.3925855
16 34 41.300827
16 20 18.451591
16 7 1.345014
16 27 1.2823364
16 23 2.6612778
16 25 1.0307107
17 6 3.7163196
17 26 1.4200014
17 10 0.029095538
17 24 0.15055615
17 31 0.9875316
17 9 0.035574496
17 4 0.17639771
17 19 28.164871
18 0 2000.0
18 30 0.73003113
18 8 1.3931417
18 13 300.0
18 11 5.7709317
18 29 1.498977
18 5 0.4412151
18 2 2.1955621
18 37 2.8169951
18 7 2000.0
18 27 27.825745
18 16 1.4435169
18 23 1.4041141
19 28 153.04585
19 31 0.08505961
19 9 0.06739761
19 17 28.164871
19 4 0.07369228
20 0 2000.0
20 30 3.1935115
20 13 1.0325577
20 33 1.3768674
20 11 0.92970854
20 29 21.8094
20 5 1.4739707
20 34 1.2447591
20 2 3.6014373
20 14 3.4937305
20 37 2.5198069
20 7 60.202152
20 27 1.2690064
20 16 18.451591
20 25 0.6308727
21 32 2000.0
21 24 1.051092
21 35 0.03150149
21 31 2000.0
21 12 0.088126965
21 15 5.464675
22 31 112.50001
22 9 0.04735478
22 19 2000.0
23 0 2000.0
23 30 1.3363199
23 8 0.47822472
23 2 11.244913
23 37 2.1253724
23 18 1.4041141
23 7 1.5126119
23 16 2.6612778
23 11 2000.0
23 29 2.0770247
23 5 4.2804775
24 26 0.045020718
24 32 0.14876395
24 10 0.09180052
24 21 1.051092
24 31 2000.0
24 3 450.00003
24 12 0.07394611
24 15 225.00002
24 17 0.15055615
25 30 19.410583
25 0 19.289497
25 13 0.24996866
25 33 1.2798238
25 11 0.9739325
25 29 1.7830348
25 34 1.4555012
25 20 0.6308727
25 2 0.55036265
25 14 2.7855835
25 37 84.66675
25 7 2.2638366
25 27 0.25335017
25 16 1.0307107
26 32 15.422529
26 28 0.058717154
26 10 0.029479235
26 24 0.045020718
26 31 0.11184073
26 12 0.32661358
26 17 1.4200014
27 30 0.21075487
27 0 2000.0
27 8 1.5463784
27 18 27.825745
27 13 0.30738807
27 33 0.7157132
27 11 0.6902523
27 29 0.9751076
27 5 2.0840619
27 34 0.8757153
27 20 1.2690064
27 2 1.2166554
27 14 3.4073937
27 37 1.128784
27 7 2000.0
27 16 1.2823364
27 25 0.25335017
28 36 0.02949988
28 26 0.058717154
28 10 0.32174766
28 3 26.30091
28 12 1095.7955
28 9 2.2359483
28 19 153.04585
29 0 16.803976
29 30 2.3518717
29 8 0.47938505
29 18 1.498977
29 13 0.74376565
29 33 15.030489
29 11 0.86545444
29 5 3.5972617
29 34 3.1787405
29 20 21.8094
29 2 1.427378
29 37 0.9794657
29 7 2000.0
29 27 0.9751076
29 16 266.6667
29 23 2.0770247
29 25 1.7830348
30 8 0.47715163
30 18 0.73003113
30 13 43.29701
30 33 7.6053977
30 11 0.8061161
30 29 2.3518717
30 5 0.66466737
30 34 0.82255477
30 20 3.1935115
30 2 17.477741
30 14 7.884375
30 37 31.722067
30 7 0.8100385
30 27 0.21075487
30 16 1.1360589
30 23 1.3363199
30 25 19.410583
31 26 0.11184073
31 6 0.1519246
31 10 18.4132
31 35 127.022736
31 22 112.50001
31 9 0.03432001
31 4 0.0758777
31 17 0.9875316
31 19 0.08505961
32 26 15.422529
32 24 0.14876395
32 21 2000.0
32 12 11.608251
32 15 0.07134115
33 30 7.6053977
33 8 2000.0
33 13 0.8901363
33 11 1.5557526
33 29 15.030489
33 5 2000.0
33 34 2000.0
33 20 1.3768674
33 2 1.8507676
33 14 0.36475205
33 7 2000.0
33 27 0.7157132
33 16 1971.0227
33 25 1.2798238
34 30 0.82255477
34 20 1.2447591
34 8 16.463402
34 37 2000.0
34 7 2493.693
34 13 71.06676
34 27 0.8757153
34 16 41.300827
34 11 2.420139
34 29 3.1787405
34 25 1.4555012
34 5 1.7736883
35 21 0.03150149
35 31 127.022736
36 28 0.02949988
36 3 0.23167156
36 9 0.38821423
37 30 31.722067
37 0 1.4073776
37 8 0.8516793
37 18 2.8169951
37 13 1.388382
37 11 1.5991943
37 29 0.9794657
37 5 8.888244
37 20 2.5198069
37 2 0.83235586
37 7 114.28571
37 27 1.128784
37 16 2000.0
37 23 2.1253724
37 25 84.66675
