0 2 1.1886619
0 37 3.0797746
0 13 0.7156697
0 29 22.518713
0 25 31.417692
1 3 1.0861437
1 12 17.652906
2 30 11.759185
2 0 1.1886619
2 8 1.1919298
2 18 1.7196602
2 13 0.562423
2 33 1.8715098
2 11 1.6122663
2 29 1.2747284
2 20 3.729224
2 37 0.77152354
2 27 0.91735935
2 16 2000.0
2 23 21.266857
2 25 0.60594237
3 36 0.37664956
3 28 9.663141
3 24 2000.0
3 12 0.05421904
3 1 1.0861437
3 9 0.45591155
4 31 0.07775586
4 9 0.08437965
4 17 0.1580939
4 19 0.08006706
5 30 0.63440776
5 8 0.5322101
5 18 0.66722083
5 13 21.300953
5 11 2.7544138
5 29 1.1602486
5 34 1.643582
5 20 1.6841791
5 37 14.960121
5 7 6.047272
5 27 1.9175743
5 16 1.9985589
5 23 3.5218887
5 25 2000.0
6 31 0.15685737
6 17 0.9523423
7 34 435.05573
7 30 0.6482861
7 20 128.94421
7 8 2.727466
7 37 284.22958
7 16 1.0811627
7 11 35.917004
7 23 1.4757683
7 25 2.9629197
7 5 6.047272
8 0 2000.0
8 30 0.3184426
8 18 1.072796
8 13 0.6988481
8 11 0.9011
8 29 0.31880778
8 5 0.5322101
8 34 17.278189
8 2 1.1919298
8 37 0.82125854
8 7 2.727466
8 27 0.9089982
8 16 1.652012
8 23 0.9321549
8 25 2000.0
9 36 0.62116516
9 26 2000.0
9 28 0.68272144
9 10 53.242428
9 22 0.04425649
9 31 0.030122953
9 3 0.45591155
9 12 2000.0
9 4 0.08437965
9 17 0.033712324
9 19 0.066056296
10 26 0.03034375
10 28 0.19298592
10 24 0.07657753
10 31 12.051137
10 12 1243.75
10 9 53.242428
10 17 0.031101417
11 0 2000.0
11 30 0.6849824
11 8 0.9011
11 18 3.5532498
11 13 0.9628622
11 33 2.1831915
11 29 1.1188105
11 5 2.7544138
11 34 1.7816726
11 20 1.916683
11 2 1.6122663
11 37 1.2729136
11 7 35.917004
11 27 0.96780926
11 16 1.3158631
11 25 0.7150718
12 26 0.63565344
12 32 10.876137
12 24 0.07503726
12 21 0.090164706
12 3 0.05421904
12 1 17.652906
13 30 49.417706
13 0 0.7156697
13 8 0.6988481
13 18 138.36365
13 33 0.91498756
13 11 0.9628622
13 29 0.8021788
13 5 21.300953
13 34 46.75744
13 20 0.9997642
13 2 0.562423
13 14 10.213432
13 37 1.1114475
13 7 2000.0
13 27 0.43348807
13 16 50.40194
13 25 0.26348516
14 30 10.009082
14 20 1.817962
14 13 10.213432
14 27 3.2428026
14 33 0.3992667
14 11 2000.0
14 25 2.9122565
15 32 0.0711997
15 21 4.1050158
16 0 2000.0
16 30 1.1395499
16 8 1.652012
16 18 1.8679813
16 13 50.40194
16 33 241.43185
16 11 1.3158631
16 29 224.14679
16 5 1.9985589
16 34 24.633383
16 20 22.476683
16 7 1.0811627
16 27 1.3412942
16 23 4.3467836
16 25 1.5920728
17 6 0.9523423
17 26 1.5434769
17 10 0.031101417
17 24 0.20526195
17 31 0.98304623
17 9 0.033712324
17 4 0.1580939
17 19 80.36215
18 0 2000.0
18 30 0.7422043
18 8 1.072796
18 13 138.36365
18 11 3.5532498
18 29 1.0098925
18 5 0.66722083
18 2 1.7196602
18 37 1.9297981
18 7 2000.0
18 27 15.26935
18 16 1.8679813
18 23 1.1651365
19 31 0.09769978
19 9 0.066056296
19 17 80.36215
19 4 0.08006706
20 30 0.9103999
20 13 0.9997642
20 33 1.0703037
20 11 1.916683
20 29 6.2513
20 5 1.6841791
20 34 0.8411666
20 2 3.729224
20 14 1.817962
20 37 1.8498722
20 7 128.94421
20 27 0.87403584
20 16 22.476683
20 25 0.31480992
21 32 2000.0
21 10 2000.0
21 24 1.1945786
21 35 0.03202896
21 12 0.090164706
21 15 4.1050158
22 31 197.05167
22 9 0.04425649
22 19 2000.0
23 0 2000.0
23 30 1.7733307
23 8 0.9321549
23 2 21.266857
23 37 1.2042465
23 18 1.1651365
23 7 1.4757683
23 16 4.3467836
23 11 2000.0
23 29 1.1325895
23 5 3.5218887
24 26 0.0420001
24 32 0.26065567
24 10 0.07657753
24 21 1.1945786
24 12 0.07503726
24 15 2000.0
24 17 0.20526195
25 30 33.433414
25 0 31.417692
25 13 0.26348516
25 33 0.78018284
25 11 0.7150718
25 29 3.2374504
25 34 1.5827618
25 20 0.31480992
25 2 0.60594237
25 14 2.9122565
25 37 37.866653
25 7 2.9629197
25 27 0.33220693
25 16 1.5920728
26 36 2000.0
26 32 37.367764
26 28 0.06326109
26 10 0.03034375
26 24 0.0420001
26 31 0.0936005
26 12 0.63565344
26 17 1.5434769
27 30 0.41129634
27 0 2000.0
27 8 0.9089982
27 18 15.26935
27 13 0.43348807
27 33 0.77754927
27 11 0.96780926
27 29 0.76058894
27 5 1.9175743
27 34 1.3224171
27 20 0.87403584
27 2 0.91735935
27 14 3.2428026
27 37 1.0355179
27 7 2000.0
27 16 1.3412942
27 25 0.33220693
28 36 0.030096384
28 26 0.06326109
28 10 0.19298592
28 3 9.663141
28 12 1208.409
28 9 0.68272144
28 19 1387.3864
29 0 22.518713
29 30 1.431064
29 8 0.31880778
29 18 1.0098925
29 13 0.8021788
29 33 35.581818
29 11 1.1188105
29 5 1.1602486
29 34 2.9148116
29 20 6.2513
29 2 1.2747284
29 37 0.7539314
29 7 2000.0
29 27 0.76058894
29 16 224.14679
29 23 1.1325895
29 25 3.2374504
30 8 0.3184426
30 18 0.7422043
30 13 49.417706
30 33 14.662358
30 11 0.6849824
30 29 1.431064
30 5 0.63440776
30 34 0.85186696
30 20 0.9103999
30 2 11.759185
30 14 10.009082
30 37 25.554062
30 7 0.6482861
30 27 0.41129634
30 16 1.1395499
30 23 1.7733307
30 25 33.433414
31 26 0.0936005
31 6 0.15685737
31 10 12.051137
31 35 78.30341
31 22 197.05167
31 9 0.030122953
31 4 0.07775586
31 17 0.98304623
31 19 0.09769978
32 26 37.367764
32 24 0.26065567
32 12 10.876137
32 15 0.0711997
33 30 14.662358
33 8 2000.0
33 13 0.91498756
33 11 2.1831915
33 29 35.581818
33 5 2000.0
33 34 2000.0
33 20 1.0703037
33 2 1.8715098
33 14 0.3992667
33 7 2000.0
33 27 0.77754927
33 16 241.43185
33 25 0.78018284
34 30 0.85186696
34 20 0.8411666
34 8 17.278189
34 37 2000.0
34 13 46.75744
34 7 435.05573
34 27 1.3224171
34 16 24.633383
34 11 1.7816726
34 29 2.9148116
34 25 1.5827618
34 5 1.643582
35 21 0.03202896
35 31 78.30341
36 28 0.030096384
36 3 0.37664956
36 9 0.62116516
37 30 25.554062
37 0 3.0797746
37 8 0.82125854
37 18 1.9297981
37 13 1.1114475
37 11 1.2729136
37 29 0.7539314
37 5 14.960121
37 20 1.8498722
37 2 0.77152354
37 7 284.22958
37 27 1.0355179
37 16 2000.0
37 23 1.2042465
37 25 37.866653
