0 2 2.7751455
0 8 2000.0
0 37 1.8206813
0 13 1.2181625
0 29 53.56605
0 25 108.076706
1 3 1.1772349
1 12 1142.5568
2 30 12.402258
2 0 2.7751455
2 8 1.2977893
2 18 2.7783885
2 13 0.61908144
2 33 1.726891
2 11 1.6507645
2 29 1.6035274
2 20 14.874603
2 37 0.97631323
2 27 1.7693323
2 16 2000.0
2 23 10.551588
2 25 0.45671225
3 36 0.4120342
3 28 11.073591
3 24 200.0
3 12 0.055038553
3 1 1.1772349
3 9 0.46465832
4 31 0.06588222
4 9 0.08164874
4 17 0.14039364
4 19 0.07594392
5 30 1.1484592
5 8 2.1254237
5 18 0.8713367
5 13 49.687634
5 11 2.2562978
5 29 5.3443885
5 34 3.4612808
5 20 3.92983
5 37 36.516815
5 7 26.439667
5 27 4.7400737
5 16 2.2545006
5 23 7.8504553
5 25 2000.0
6 31 0.12022829
6 17 1.7003342
7 30 1.1413636
7 20 56.089493
7 8 15.037231
7 37 150.0
7 16 1.1194226
7 11 100.0
7 23 1.5388868
7 25 1.71076
7 5 26.439667
8 0 2000.0
8 30 0.6336648
8 18 1.0370495
8 13 1.974413
8 11 1.3845217
8 29 4.776577
8 5 2.1254237
8 34 40.682602
8 2 1.2977893
8 37 0.98013216
8 7 15.037231
8 27 1.2442893
8 16 2.0726771
8 23 1.3149822
8 25 2000.0
9 36 1.0247433
9 26 2000.0
9 28 2.3346734
9 10 31.168829
9 22 0.048248887
9 31 0.030049488
9 12 2000.0
9 3 0.46465832
9 4 0.08164874
9 17 0.036875933
9 19 0.07280975
10 26 0.029124204
10 28 0.6199145
10 24 0.08410273
10 31 4.6841273
10 12 1604.4886
10 9 31.168829
10 17 0.037609022
11 0 2000.0
11 30 1.3451568
11 8 1.3845217
11 18 8.621027
11 13 0.8819988
11 33 3.7312365
11 29 1.7233448
11 5 2.2562978
11 34 11.076065
11 20 5.1271415
11 2 1.6507645
11 37 2.436456
11 7 100.0
11 27 0.812584
11 16 2.082026
11 25 1.5014858
12 26 0.6779829
12 32 6.17644
12 24 0.065611005
12 21 0.15562922
12 3 0.055038553
13 30 56.816555
13 0 1.2181625
13 8 1.974413
13 18 129.2152
13 33 0.9108356
13 11 0.8819988
13 29 1.2485794
13 5 49.687634
13 34 266.6667
13 20 1.7895076
13 2 0.61908144
13 14 3.7607822
13 37 1.5454347
13 7 2000.0
13 27 0.49480945
13 16 290.00748
13 25 0.21474478
14 34 2000.0
14 30 12.807161
14 20 5.3018684
14 13 3.7607822
14 27 5.091259
14 33 0.42109972
14 25 2.4006352
15 32 0.06799048
15 21 10.270553
16 0 2000.0
16 30 1.1601099
16 8 2.0726771
16 18 1.0400008
16 13 290.00748
16 11 2.082026
16 29 266.6667
16 5 2.2545006
16 34 26.806078
16 20 28.515692
16 7 1.1194226
16 27 1.2969658
16 23 3.1667836
16 25 0.7634379
17 6 1.7003342
17 26 1.423877
17 10 0.037609022
17 24 0.12954831
17 31 0.9992177
17 9 0.036875933
17 4 0.14039364
17 19 1199.6023
18 0 2000.0
18 30 0.68794346
18 8 1.0370495
18 13 129.2152
18 11 8.621027
18 29 1.0283912
18 5 0.8713367
18 2 2.7783885
18 37 3.433374
18 7 2000.0
18 27 21.254475
18 16 1.0400008
18 23 1.1384825
19 28 198.32436
19 31 0.08400843
19 9 0.07280975
19 4 0.07594392
20 0 2000.0
20 30 1.0896969
20 13 1.7895076
20 33 2.1740563
20 11 5.1271415
20 29 19.060472
20 5 3.92983
20 34 1.5994421
20 2 14.874603
20 14 5.3018684
20 37 3.5580835
20 7 56.089493
20 27 2.4369075
20 16 28.515692
20 25 0.8531494
21 26 2000.0
21 32 2000.0
21 24 1.5935318
21 35 0.034576483
21 31 2000.0
21 12 0.15562922
21 15 10.270553
22 31 21.383524
22 9 0.048248887
22 19 2000.0
23 0 2000.0
23 30 3.4765291
23 8 1.3149822
23 2 10.551588
23 37 1.4836593
23 18 1.1384825
23 7 1.5388868
23 16 3.1667836
23 11 2000.0
23 29 2.9170508
23 5 7.8504553
24 26 0.04006758
24 32 0.24206093
24 10 0.08410273
24 21 1.5935318
24 3 200.0
24 12 0.065611005
24 15 2000.0
24 17 0.12954831
25 30 10.26355
25 0 108.076706
25 13 0.21474478
25 33 0.6859983
25 11 1.5014858
25 29 1.7968571
25 34 4.2464886
25 20 0.8531494
25 2 0.45671225
25 14 2.4006352
25 37 27.536116
25 7 1.71076
25 27 0.26275358
25 16 0.7634379
26 32 139.07729
26 28 0.06404133
26 10 0.029124204
26 24 0.04006758
26 31 0.19733314
26 12 0.6779829
26 17 1.423877
27 30 0.24193697
27 0 2000.0
27 8 1.2442893
27 18 21.254475
27 13 0.49480945
27 33 0.75306386
27 11 0.812584
27 29 1.4422065
27 5 4.7400737
27 34 1.7761351
27 20 2.4369075
27 2 1.7693323
27 14 5.091259
27 37 2.9556048
27 7 2000.0
27 16 1.2969658
27 25 0.26275358
28 36 0.035244614
28 26 0.06404133
28 10 0.6199145
28 3 11.073591
28 12 1145.4545
28 9 2.3346734
28 19 198.32436
29 0 53.56605
29 30 2.1439621
29 8 4.776577
29 18 1.0283912
29 13 1.2485794
29 33 24.154997
29 11 1.7233448
29 5 5.3443885
29 34 3.276743
29 20 19.060472
29 2 1.6035274
29 37 0.74771196
29 7 2000.0
29 27 1.4422065
29 16 266.6667
29 23 2.9170508
29 25 1.7968571
30 8 0.6336648
30 18 0.68794346
30 13 56.816555
30 33 11.447668
30 11 1.3451568
30 29 2.1439621
30 5 1.1484592
30 34 1.7167999
30 20 1.0896969
30 2 12.402258
30 14 12.807161
30 37 22.923273
30 7 1.1413636
30 27 0.24193697
30 16 1.1601099
30 23 3.4765291
30 25 10.26355
31 26 0.19733314
31 6 0.12022829
31 10 4.6841273
31 35 160.0
31 22 21.383524
31 9 0.030049488
31 4 0.06588222
31 17 0.9992177
31 19 0.08400843
32 26 139.07729
32 24 0.24206093
32 12 6.17644
32 15 0.06799048
33 30 11.447668
33 13 0.9108356
33 11 3.7312365
33 29 24.154997
33 5 2000.0
33 34 2000.0
33 20 2.1740563
33 2 1.726891
33 14 0.42109972
33 7 2000.0
33 27 0.75306386
33 16 3017.898
33 25 0.6859983
34 30 1.7167999
34 20 1.5994421
34 8 40.682602
34 37 2000.0
34 7 4130.4546
34 13 266.6667
34 27 1.7761351
34 16 26.806078
34 11 11.076065
34 29 3.276743
34 25 4.2464886
34 5 3.4612808
35 21 0.034576483
35 31 160.0
36 28 0.035244614
36 3 0.4120342
36 12 2000.0
36 9 1.0247433
37 30 22.923273
37 0 1.8206813
37 8 0.98013216
37 18 3.433374
37 13 1.5454347
37 11 2.436456
37 29 0.74771196
37 5 36.516815
37 20 3.5580835
37 2 0.97631323
37 7 150.0
37 27 2.9556048
37 16 2000.0
37 23 1.4836593
37 25 27.536116
