0 2 0.9530953
0 37 2.247217
0 13 0.7538284
0 29 162.68542
0 25 27.504826
1 3 0.83723485
1 12 9.866648
2 30 17.258251
2 0 0.9530953
2 8 1.0724992
2 18 2.1631331
2 13 0.58061224
2 33 1.612023
2 11 1.6694252
2 29 1.5854634
2 20 3.6169953
2 37 0.84543604
2 27 0.6961805
2 16 2000.0
2 23 10.5442095
2 25 0.34072423
3 36 0.6247022
3 28 7.3599434
3 24 2000.0
3 12 0.06641414
3 1 0.83723485
3 9 1.0160409
4 31 0.060590535
4 9 0.078894876
4 17 0.16551846
4 19 0.09207066
5 30 0.87903094
5 8 1.3267405
5 18 0.73593193
5 13 19.712917
5 11 4.791542
5 29 11.347238
5 34 2.7195976
5 20 7.802308
5 37 7.351128
5 7 6.111521
5 27 3.4261367
5 16 2.0466623
5 23 3.3486109
5 25 2000.0
6 31 0.19840227
6 17 1.1747855
7 30 0.8025546
7 20 52.04719
7 8 13.936356
7 16 1.0196282
7 23 1.2384645
7 25 2.0807638
7 5 6.111521
8 0 2000.0
8 30 0.5556333
8 18 1.0823166
8 13 3.4707515
8 11 1.5626814
8 29 1.0442295
8 5 1.3267405
8 34 35.503002
8 2 1.0724992
8 37 1.2215723
8 7 13.936356
8 27 1.6869589
8 16 1.763349
8 23 1.6811296
8 25 2000.0
9 36 0.7013222
9 28 1.2203746
9 10 28.235294
9 22 0.04625621
9 31 0.029034063
9 3 1.0160409
9 12 2000.0
9 4 0.078894876
9 17 0.033910632
9 19 0.06621298
10 26 0.030353775
10 28 0.7906892
10 24 0.0864763
10 31 9.514993
10 12 78.52768
10 9 28.235294
10 17 0.034351714
11 0 2000.0
11 30 1.4446024
11 8 1.5626814
11 18 10.24061
11 13 0.8773228
11 33 2.5763211
11 29 1.7461724
11 5 4.791542
11 34 3.3264232
11 20 1.0494453
11 2 1.6694252
11 37 1.5232826
11 7 1640.966
11 27 0.94136953
11 16 2.3148603
11 25 1.9408177
12 26 0.43313894
12 32 5.000378
12 10 78.52768
12 24 0.077879824
12 21 0.21668753
12 3 0.06641414
12 1 9.866648
13 30 43.750145
13 0 0.7538284
13 8 3.4707515
13 18 635.3661
13 33 1.1768928
13 11 0.8773228
13 29 0.7744971
13 5 19.712917
13 34 466.6667
13 20 2.2441435
13 2 0.58061224
13 14 6.3279996
13 37 1.5068066
13 7 2000.0
13 27 0.3528903
13 16 365.90112
13 25 0.25322762
14 30 13.551247
14 20 3.6067815
14 13 6.3279996
14 27 10.573227
14 33 0.3554127
14 25 3.3517318
15 32 0.071884744
15 21 6.5339217
16 30 1.102934
16 0 2000.0
16 8 1.763349
16 18 1.2892407
16 11 2.3148603
16 29 416.6667
16 5 2.0466623
16 34 83.047
16 20 51.018154
16 7 1.0196282
16 27 1.6652181
16 23 2.7433603
16 25 1.4242829
17 6 1.1747855
17 26 1.8270202
17 10 0.034351714
17 24 0.12390735
17 31 0.99908715
17 9 0.033910632
17 4 0.16551846
17 19 1395.5114
18 0 2000.0
18 30 0.6972429
18 8 1.0823166
18 13 635.3661
18 11 10.24061
18 29 1.1694877
18 5 0.73593193
18 2 2.1631331
18 37 2.189257
18 7 2000.0
18 27 56.58107
18 16 1.2892407
18 23 1.3392942
19 31 0.11149404
19 9 0.06621298
19 4 0.09207066
20 30 1.82882
20 13 2.2441435
20 33 1.2217133
20 11 1.0494453
20 29 11.94023
20 5 7.802308
20 34 1.2082462
20 2 3.6169953
20 14 3.6067815
20 37 4.903523
20 7 52.04719
20 27 0.9855792
20 16 51.018154
20 25 0.55544674
21 32 2000.0
21 24 1.1672596
21 35 0.031018708
21 12 0.21668753
21 15 6.5339217
22 31 88.888885
22 9 0.04625621
22 19 2000.0
23 30 1.465599
23 0 2000.0
23 8 1.6811296
23 2 10.5442095
23 37 3.5391529
23 18 1.3392942
23 7 1.2384645
23 16 2.7433603
23 11 2000.0
23 29 2.0383782
23 5 3.3486109
24 26 0.03966619
24 32 0.3048784
24 10 0.0864763
24 21 1.1672596
24 12 0.077879824
24 15 2000.0
24 17 0.12390735
25 0 27.504826
25 30 13.713132
25 13 0.25322762
25 33 0.6608141
25 11 1.9408177
25 29 1.9667217
25 34 6.5933332
25 20 0.55544674
25 2 0.34072423
25 14 3.3517318
25 37 51.287006
25 7 2.0807638
25 27 0.2259366
25 16 1.4242829
26 32 29.057276
26 28 0.046132702
26 10 0.030353775
26 24 0.03966619
26 31 0.1416765
26 12 0.43313894
26 17 1.8270202
27 30 0.3011167
27 0 2000.0
27 8 1.6869589
27 18 56.58107
27 13 0.3528903
27 33 0.7141771
27 11 0.94136953
27 29 0.66058856
27 5 3.4261367
27 34 1.6155849
27 20 0.9855792
27 2 0.6961805
27 14 10.573227
27 37 1.0152936
27 7 2000.0
27 16 1.6652181
27 25 0.2259366
28 36 0.035978742
28 26 0.046132702
28 10 0.7906892
28 3 7.3599434
28 12 1188.409
28 9 1.2203746
28 19 1372.6136
29 0 162.68542
29 30 1.6134614
29 8 1.0442295
29 18 1.1694877
29 13 0.7744971
29 33 16.70148
29 11 1.7461724
29 5 11.347238
29 34 5.429592
29 20 11.94023
29 2 1.5854634
29 37 1.216445
29 7 2000.0
29 27 0.66058856
29 16 416.6667
29 23 2.0383782
29 25 1.9667217
30 8 0.5556333
30 18 0.6972429
30 13 43.750145
30 33 17.421465
30 11 1.4446024
30 29 1.6134614
30 5 0.87903094
30 34 0.8506856
30 20 1.82882
30 2 17.258251
30 14 13.551247
30 37 16.209164
30 7 0.8025546
30 27 0.3011167
30 16 1.102934
30 23 1.465599
30 25 13.713132
31 26 0.1416765
31 6 0.19840227
31 10 9.514993
31 35 26.222286
31 22 88.888885
31 9 0.029034063
31 4 0.060590535
31 17 0.99908715
31 19 0.11149404
32 26 29.057276
32 24 0.3048784
32 12 5.000378
32 15 0.071884744
33 30 17.421465
33 8 2000.0
33 13 1.1768928
33 11 2.5763211
33 29 16.70148
33 5 2000.0
33 34 2000.0
33 20 1.2217133
33 2 1.612023
33 14 0.3554127
33 7 2000.0
33 27 0.7141771
33 16 3017.898
33 25 0.6608141
34 30 0.8506856
34 20 1.2082462
34 8 35.503002
34 37 2000.0
34 7 2000.0
34 13 466.6667
34 27 1.6155849
34 16 83.047
34 11 3.3264232
34 29 5.429592
34 25 6.5933332
34 5 2.7195976
35 21 0.031018708
35 31 26.222286
36 28 0.035978742
36 3 0.6247022
36 9 0.7013222
37 30 16.209164
37 0 2.247217
37 8 1.2215723
37 18 2.189257
37 13 1.5068066
37 11 1.5232826
37 29 1.216445
37 5 7.351128
37 20 4.903523
37 2 0.84543604
37 7 1691.9886
37 27 1.0152936
37 16 2000.0
37 23 3.5391529
37 25 51.287006
