0 2 1.241517
0 37 2.0496073
0 13 0.91621447
0 29 39.743263
0 25 12.890529
1 3 0.4994673
1 12 11.698212
2 30 14.12316
2 0 1.241517
2 8 1.1072444
2 18 2.343655
2 13 0.38828814
2 33 2.5139863
2 11 2.0281544
2 29 1.2921324
2 20 4.2617946
2 37 0.8612441
2 27 0.5604963
2 16 2000.0
2 23 8.607663
2 25 0.43350583
3 36 0.64345765
3 28 6.792614
3 24 2000.0
3 12 0.05021994
3 1 0.4994673
3 9 0.48591277
4 31 0.067921005
4 9 0.08196249
4 17 0.25576437
4 19 0.06909463
5 30 1.101537
5 8 1.0796529
5 18 0.89759886
5 13 50.55303
5 11 4.435222
5 29 6.0711675
5 34 2.2603996
5 20 6.101344
5 37 13.928977
5 7 20.30935
5 27 1.3071095
5 16 1.7359284
5 23 6.8936863
5 25 2000.0
6 31 0.11276081
6 17 1.6564364
7 34 171.78146
7 30 0.6473574
7 20 81.30949
7 8 6.2897997
7 16 1.2799428
7 23 1.817826
7 25 1.3830765
7 5 20.30935
8 0 2000.0
8 30 0.49896038
8 18 1.1698879
8 13 3.3273604
8 11 1.1596357
8 29 0.96071887
8 5 1.0796529
8 34 36.71209
8 2 1.1072444
8 37 1.349363
8 7 6.2897997
8 27 4.025301
8 16 2.173581
8 23 2.2989848
8 25 2000.0
9 36 1.0396272
9 28 1.1953447
9 10 67.30671
9 22 0.06325758
9 31 0.030169522
9 3 0.48591277
9 12 2000.0
9 4 0.08196249
9 17 0.046941448
9 19 0.07950333
10 26 0.02821708
10 28 0.4322581
10 24 0.06688573
10 31 4.6425624
10 12 49.68512
10 9 67.30671
10 17 0.03267962
11 0 2000.0
11 30 0.79789674
11 8 1.1596357
11 18 9.762862
11 13 0.9613547
11 33 2.1148698
11 29 0.8772262
11 5 4.435222
11 34 2.1544864
11 20 1.8638637
11 2 2.0281544
11 37 2.085673
11 7 1435.0568
11 27 0.69579893
11 16 1.6576396
11 25 0.82735944
12 26 0.42291683
12 32 12.698413
12 10 49.68512
12 24 0.06982116
12 21 0.26743355
12 3 0.05021994
12 1 11.698212
13 30 75.48048
13 0 0.91621447
13 8 3.3273604
13 18 298.46164
13 33 0.8414104
13 11 0.9613547
13 29 0.9682535
13 5 50.55303
13 34 3526.0552
13 20 1.1731384
13 2 0.38828814
13 14 4.4055266
13 37 1.3171457
13 7 2000.0
13 27 0.24853085
13 16 64.43537
13 25 0.26504704
14 30 15.607094
14 20 2.8120506
14 13 4.4055266
14 27 2.1825347
14 33 0.3965584
14 25 1.734267
15 32 0.07601556
15 21 4.7912765
16 0 2000.0
16 30 1.5757532
16 8 2.173581
16 18 1.4589196
16 13 64.43537
16 11 1.6576396
16 29 2000.0
16 5 1.7359284
16 34 34.556095
16 20 81.02646
16 7 1.2799428
16 27 2.098987
16 23 2.953334
16 25 0.86391044
17 6 1.6564364
17 26 2.0932982
17 10 0.03267962
17 24 0.2295289
17 31 1.4868487
17 9 0.046941448
17 4 0.25576437
17 19 44.25487
18 0 2000.0
18 30 0.68448424
18 8 1.1698879
18 13 298.46164
18 11 9.762862
18 29 1.2024387
18 5 0.89759886
18 2 2.343655
18 37 2.8173347
18 7 2000.0
18 27 10.743653
18 16 1.4589196
18 23 1.3444129
19 31 0.09158725
19 9 0.07950333
19 4 0.06909463
19 17 44.25487
20 30 1.187443
20 13 1.1731384
20 33 0.9652482
20 11 1.8638637
20 29 5.5221534
20 5 6.101344
20 34 1.2472404
20 2 4.2617946
20 14 2.8120506
20 37 4.6309757
20 7 81.30949
20 27 1.8361217
20 16 81.02646
20 25 1.0195645
21 32 1028.5714
21 24 1.1867425
21 35 0.03937867
21 12 0.26743355
21 15 4.7912765
22 31 1283.0114
22 9 0.06325758
22 19 2000.0
23 0 2000.0
23 30 1.6789575
23 8 2.2989848
23 2 8.607663
23 37 1.4116285
23 18 1.3444129
23 7 1.817826
23 16 2.953334
23 11 2000.0
23 29 1.5471046
23 5 6.8936863
24 26 0.036407344
24 32 0.2913961
24 10 0.06688573
24 21 1.1867425
24 12 0.06982116
24 15 2000.0
24 17 0.2295289
25 30 13.478541
25 0 12.890529
25 13 0.26504704
25 33 0.5207381
25 11 0.82735944
25 29 1.3655554
25 34 3.0396006
25 20 1.0195645
25 2 0.43350583
25 14 1.734267
25 37 16.593481
25 7 1.3830765
25 27 0.22360796
25 16 0.86391044
26 32 69.09523
26 28 0.048280504
26 10 0.02821708
26 24 0.036407344
26 31 0.07874538
26 12 0.42291683
26 17 2.0932982
27 30 0.23799314
27 0 2000.0
27 8 4.025301
27 18 10.743653
27 13 0.24853085
27 33 0.93643624
27 11 0.69579893
27 29 1.4315667
27 5 1.3071095
27 34 0.8902985
27 20 1.8361217
27 2 0.5604963
27 14 2.1825347
27 37 1.2562784
27 7 2000.0
27 16 2.098987
27 25 0.22360796
28 36 0.058742084
28 26 0.048280504
28 10 0.4322581
28 3 6.792614
28 12 1209.2046
28 9 1.1953447
28 19 1378.6932
29 0 39.743263
29 30 1.3485707
29 8 0.96071887
29 18 1.2024387
29 13 0.9682535
29 33 16.576584
29 11 0.8772262
29 5 6.0711675
29 34 6.688762
29 20 5.5221534
29 2 1.2921324
29 37 0.50352967
29 7 2000.0
29 27 1.4315667
29 16 2000.0
29 23 1.5471046
29 25 1.3655554
30 8 0.49896038
30 18 0.68448424
30 13 75.48048
30 33 5.073057
30 11 0.79789674
30 29 1.3485707
30 5 1.101537
30 34 0.7415689
30 20 1.187443
30 2 14.12316
30 14 15.607094
30 37 23.13587
30 7 0.6473574
30 27 0.23799314
30 16 1.5757532
30 23 1.6789575
30 25 13.478541
31 26 0.07874538
31 6 0.11276081
31 10 4.6425624
31 35 75.36913
31 9 0.030169522
31 4 0.067921005
31 17 1.4868487
31 19 0.09158725
32 26 69.09523
32 24 0.2913961
32 21 1028.5714
32 12 12.698413
32 15 0.07601556
33 34 2000.0
33 30 5.073057
33 20 0.9652482
33 2 2.5139863
33 14 0.3965584
33 7 2000.0
33 13 0.8414104
33 27 0.93643624
33 16 3017.898
33 11 2.1148698
33 29 16.576584
33 25 0.5207381
34 30 0.7415689
34 20 1.2472404
34 8 36.71209
34 37 2000.0
34 7 171.78146
34 27 0.8902985
34 16 34.556095
34 11 2.1544864
34 29 6.688762
34 25 3.0396006
34 5 2.2603996
35 21 0.03937867
35 31 75.36913
36 28 0.058742084
36 3 0.64345765
36 9 1.0396272
37 30 23.13587
37 0 2.0496073
37 8 1.349363
37 18 2.8173347
37 13 1.3171457
37 11 2.085673
37 29 0.50352967
37 5 13.928977
37 20 4.6309757
37 2 0.8612441
37 7 2103.5227
37 27 1.2562784
37 16 2000.0
37 23 1.4116285
37 25 16.593481
