0 8 6.7349358
0 2 0.97939885
0 37 1.1766739
0 13 0.9682779
0 29 4.361198
0 25 2000.0
1 3 0.32878786
1 12 37.675568
2 30 21.736261
2 0 0.97939885
2 8 1.091574
2 18 5.531129
2 13 0.6440667
2 33 3.5819905
2 11 1.8869524
2 29 0.7515697
2 20 4.9665775
2 37 0.8656434
2 27 1.0889838
2 16 2000.0
2 23 129.00768
2 25 3.2518272
3 36 0.3367229
3 28 0.10318181
3 24 200.0
3 12 0.061458338
3 1 0.32878786
3 9 0.20072493
4 31 0.07330176
4 9 0.06693368
4 17 0.11671386
4 19 0.08884188
5 30 0.9079292
5 8 0.90676725
5 18 0.42127746
5 13 2000.0
5 11 4.6955495
5 29 4.3425155
5 34 5.2286935
5 20 1.0607944
5 37 2000.0
5 7 7.541757
5 27 1.5303082
5 16 1.6786143
5 23 3.9147217
6 21 2000.0
6 31 1.2698746
6 17 1.3254468
7 34 6.436963
7 30 1.4245661
7 20 1.6396682
7 8 20.512821
7 37 13.40244
7 27 79.87001
7 16 1.3012526
7 11 3.7135212
7 23 1.364638
7 25 2.8888175
7 5 7.541757
8 0 6.7349358
8 30 1.5234816
8 18 0.8531382
8 13 1.6504285
8 11 1.3590752
8 29 0.58583045
8 5 0.90676725
8 34 3.2437325
8 2 1.091574
8 37 1.3066757
8 7 20.512821
8 27 1.3641435
8 16 1.3749406
8 23 0.8985774
9 36 1.7582757
9 26 2000.0
9 28 9.587326
9 10 2.4478116
9 22 0.37475732
9 31 0.028826743
9 3 0.20072493
9 17 0.054649904
9 4 0.06693368
9 19 0.067181274
10 26 0.03640216
10 28 0.61774474
10 24 0.06149733
10 31 0.030316265
10 12 3.9157867
10 9 2.4478116
10 17 0.029757397
11 0 2900.9658
11 30 0.60210854
11 8 1.3590752
11 18 6.2034674
11 13 0.6596124
11 33 2.7225854
11 29 0.90226865
11 5 4.6955495
11 34 1.6944188
11 20 0.7661264
11 2 1.8869524
11 37 1.8363087
11 7 3.7135212
11 27 0.5970308
11 16 1.019724
11 25 1.3663929
12 26 0.54742867
12 28 4.1903677
12 32 0.21367314
12 10 3.9157867
12 24 0.090017706
12 21 0.08492657
12 3 0.061458338
12 1 37.675568
13 30 0.9313692
13 0 0.9682779
13 8 1.6504285
13 18 306.24997
13 33 0.93143934
13 11 0.6596124
13 29 0.70687526
13 34 8.7970495
13 20 0.9390679
13 2 0.6440667
13 14 2.101423
13 37 1.834291
13 27 0.21368395
13 16 41.722466
13 25 0.7357226
14 20 0.949131
14 13 2.101423
14 33 0.50596243
14 27 3.8260906
14 11 2000.0
14 25 1.4933017
15 32 0.06666972
15 21 1.410088
16 0 2000.0
16 30 1.3667681
16 8 1.3749406
16 18 0.74327683
16 13 41.722466
16 11 1.019724
16 29 318.30682
16 5 1.6786143
16 20 12.069452
16 37 88.888885
16 7 1.3012526
16 27 1.4302586
16 23 11.5102215
16 25 1.2037613
17 26 2.361708
17 6 1.3254468
17 10 0.029757397
17 24 0.23500535
17 31 1.5584167
17 9 0.054649904
17 4 0.11671386
17 19 4.1626124
18 30 0.87172985
18 2 5.531129
18 8 0.8531382
18 37 1.5409377
18 13 306.24997
18 7 2000.0
18 27 2.1207519
18 16 0.74327683
18 23 1.2426229
18 11 6.2034674
18 29 0.851254
18 5 0.42127746
19 31 0.06336617
19 9 0.067181274
19 17 4.1626124
19 4 0.08884188
20 30 12.712681
20 13 0.9390679
20 33 1.1157273
20 11 0.7661264
20 29 1.354479
20 5 1.0607944
20 34 0.83055454
20 2 4.9665775
20 14 0.949131
20 37 3.410175
20 7 1.6396682
20 27 0.3002115
20 16 12.069452
20 25 0.65934056
21 10 2000.0
21 24 0.16158924
21 35 0.045830276
21 12 0.08492657
21 15 1.410088
22 6 1684.2046
22 31 151.35634
22 9 0.37475732
22 19 1203.9772
23 0 2000.0
23 30 1.1074412
23 2 129.00768
23 8 0.8985774
23 37 3.4387658
23 18 1.2426229
23 7 1.364638
23 16 11.5102215
23 11 2000.0
23 29 1.7954344
23 5 3.9147217
24 26 0.07628539
24 32 0.10124886
24 10 0.06149733
24 21 0.16158924
24 31 20.795511
24 12 0.090017706
24 3 200.0
24 15 2000.0
24 17 0.23500535
25 0 2000.0
25 30 8.278546
25 13 0.7357226
25 33 0.36194775
25 11 1.3663929
25 29 2.591188
25 34 3.2785144
25 20 0.65934056
25 2 3.2518272
25 14 1.4933017
25 37 45.79347
25 7 2.8888175
25 27 0.7307026
25 16 1.2037613
26 32 50.330357
26 28 0.04118309
26 10 0.03640216
26 24 0.07628539
26 31 0.059733603
26 12 0.54742867
26 17 2.361708
27 0 2000.0
27 30 0.17388602
27 8 1.3641435
27 18 2.1207519
27 13 0.21368395
27 33 1.0921403
27 11 0.5970308
27 29 0.42442042
27 5 1.5303082
27 34 1.2867428
27 20 0.3002115
27 2 1.0889838
27 14 3.8260906
27 37 1.8320541
27 7 79.87001
27 16 1.4302586
27 25 0.7307026
28 36 0.042155426
28 26 0.04118309
28 10 0.61774474
28 3 0.10318181
28 12 4.1903677
28 9 9.587326
29 0 4.361198
29 30 3.0307424
29 8 0.58583045
29 18 0.851254
29 13 0.70687526
29 11 0.90226865
29 5 4.3425155
29 34 8.13893
29 20 1.354479
29 2 0.7515697
29 37 1.0318515
29 7 2000.0
29 27 0.42442042
29 16 318.30682
29 23 1.7954344
29 25 2.591188
30 0 2000.0
30 8 1.5234816
30 18 0.87172985
30 13 0.9313692
30 33 3.963776
30 11 0.60210854
30 29 3.0307424
30 5 0.9079292
30 34 2.2662957
30 20 12.712681
30 2 21.736261
30 14 2000.0
30 37 11.872924
30 7 1.4245661
30 27 0.17388602
30 16 1.3667681
30 23 1.1074412
30 25 8.278546
31 26 0.059733603
31 6 1.2698746
31 10 0.030316265
31 24 20.795511
31 22 151.35634
31 9 0.028826743
31 17 1.5584167
31 4 0.07330176
31 19 0.06336617
32 26 50.330357
32 24 0.10124886
32 12 0.21367314
32 15 0.06666972
33 30 3.963776
33 8 2000.0
33 13 0.93143934
33 11 2.7225854
33 29 2382.1023
33 5 2000.0
33 34 2000.0
33 20 1.1157273
33 2 3.5819905
33 14 0.50596243
33 7 2000.0
33 27 1.0921403
33 16 2000.0
33 25 0.36194775
34 30 2.2662957
34 20 0.83055454
34 8 3.2437325
34 7 6.436963
34 13 8.7970495
34 27 1.2867428
34 16 2536.0227
34 11 1.6944188
34 25 3.2785144
34 29 8.13893
34 5 5.2286935
35 21 0.045830276
36 26 2000.0
36 28 0.042155426
36 3 0.3367229
36 9 1.7582757
37 30 11.872924
37 0 1.1766739
37 8 1.3066757
37 18 1.5409377
37 13 1.834291
37 11 1.8363087
37 29 1.0318515
37 20 3.410175
37 2 0.8656434
37 7 13.40244
37 27 1.8320541
37 16 88.888885
37 23 3.4387658
37 25 45.79347
