0 2 1.0080062
0 37 3.2163548
0 13 1.4954395
0 29 25.73999
0 25 22.89919
1 3 1.1566963
1 12 35.243294
2 30 23.915625
2 0 1.0080062
2 8 1.3724971
2 18 1.9264436
2 13 0.58351296
2 33 2.1973474
2 11 1.7175102
2 29 1.2054155
2 20 3.1678598
2 37 1.1060494
2 27 1.0521251
2 16 2000.0
2 23 17.936138
2 25 0.55942166
3 36 0.23326722
3 28 21.058104
3 24 2000.0
3 12 0.048901476
3 1 1.1566963
3 9 0.5523644
4 31 0.066759184
4 9 0.067605354
4 17 0.14144978
4 19 0.06642752
5 30 0.59868217
5 8 0.59769005
5 18 0.5202033
5 13 39.11932
5 11 1.5558932
5 29 2.6937492
5 34 2.5562522
5 20 1.495906
5 37 33.3094
5 7 14.338149
5 27 1.444642
5 16 1.5879546
5 23 5.0482364
6 31 0.34326792
6 17 3.18201
7 34 370.1737
7 30 1.0328741
7 20 303.4631
7 8 5.749316
7 37 233.07126
7 16 0.9961924
7 11 12.7896385
7 23 1.2473812
7 25 2.4293103
7 5 14.338149
8 0 2000.0
8 30 0.5583529
8 18 1.4385629
8 13 1.6093736
8 11 0.7957916
8 29 0.4195422
8 5 0.59769005
8 34 3020.5115
8 2 1.3724971
8 37 1.2751845
8 7 5.749316
8 27 4.526275
8 16 1.9630387
8 23 0.93889767
8 25 2000.0
9 36 0.5114296
9 26 2000.0
9 28 0.76907456
9 10 7.5211034
9 22 0.044846576
9 31 0.030285574
9 3 0.5523644
9 4 0.067605354
9 17 0.06741912
9 19 0.06994668
10 26 0.029097885
10 28 0.8361363
10 24 0.091133825
10 31 0.7489065
10 12 1184.9432
10 9 7.5211034
10 17 0.028353259
11 0 2000.0
11 30 0.5483175
11 8 0.7957916
11 18 5.7455463
11 13 0.9178583
11 33 2.5537946
11 29 0.68601793
11 5 1.5558932
11 34 2.343865
11 20 0.8372526
11 2 1.7175102
11 37 1.7208943
11 7 12.7896385
11 27 1.2135525
11 16 1.2186736
11 25 1.2972089
12 26 0.34968287
12 32 1.6680057
12 24 0.07103385
12 21 0.24802534
12 3 0.048901476
12 1 35.243294
13 30 127.24153
13 0 1.4954395
13 8 1.6093736
13 18 225.00002
13 33 1.524257
13 11 0.9178583
13 29 1.5991162
13 5 39.11932
13 34 170.15909
13 20 0.99998915
13 2 0.58351296
13 14 11.528086
13 37 1.3674521
13 7 2000.0
13 27 0.81846666
13 16 33.46536
13 25 0.24072297
14 30 4.1585875
14 20 7.824268
14 13 11.528086
14 27 9.000345
14 33 0.52445173
14 25 8.676681
15 32 0.08222447
15 24 90.740746
15 21 14.99016
16 0 2000.0
16 30 1.0679325
16 8 1.9630387
16 18 1.5453261
16 13 33.46536
16 33 160.84659
16 11 1.2186736
16 29 34.662033
16 5 1.5879546
16 34 106.06333
16 20 19.31172
16 7 0.9961924
16 27 1.6426966
16 23 3.1000955
16 25 1.5799099
17 6 3.18201
17 26 1.4244742
17 10 0.028353259
17 24 0.18177238
17 31 0.9525674
17 9 0.06741912
17 4 0.14144978
17 19 24.674511
18 0 2000.0
18 30 0.8056818
18 8 1.4385629
18 13 225.00002
18 11 5.7455463
18 29 1.173797
18 5 0.5202033
18 2 1.9264436
18 37 2.736378
18 7 2000.0
18 27 18.075085
18 16 1.5453261
18 23 1.3141702
19 31 0.05669799
19 9 0.06994668
19 17 24.674511
19 4 0.06642752
20 30 2.1751378
20 13 0.99998915
20 33 1.506015
20 11 0.8372526
20 29 16.192995
20 5 1.495906
20 34 1.2148505
20 2 3.1678598
20 14 7.824268
20 37 6.459642
20 7 303.4631
20 27 3.8260999
20 16 19.31172
20 25 0.4953305
21 26 2000.0
21 32 240.00002
21 24 0.94529665
21 35 0.030444534
21 12 0.24802534
21 15 14.99016
22 31 20.806238
22 9 0.044846576
22 19 2000.0
23 0 2000.0
23 30 2.5198262
23 8 0.93889767
23 2 17.936138
23 37 1.9799517
23 18 1.3141702
23 7 1.2473812
23 16 3.1000955
23 11 2000.0
23 29 1.8102206
23 5 5.0482364
24 26 0.0371028
24 32 0.2354193
24 10 0.091133825
24 21 0.94529665
24 12 0.07103385
24 15 90.740746
24 17 0.18177238
25 30 19.530828
25 0 22.89919
25 13 0.24072297
25 33 0.80817646
25 11 1.2972089
25 29 2.3948917
25 34 2.1955523
25 20 0.4953305
25 2 0.55942166
25 14 8.676681
25 37 56.68513
25 7 2.4293103
25 27 0.22768258
25 16 1.5799099
26 32 19.162014
26 28 0.052807227
26 10 0.029097885
26 24 0.0371028
26 31 0.13734035
26 12 0.34968287
26 17 1.4244742
27 30 0.39297494
27 0 2000.0
27 8 4.526275
27 18 18.075085
27 13 0.81846666
27 33 0.6339811
27 11 1.2135525
27 29 0.67491573
27 5 1.444642
27 34 1.1292348
27 20 3.8260999
27 2 1.0521251
27 14 9.000345
27 37 2.1735106
27 7 2000.0
27 16 1.6426966
27 25 0.22768258
28 36 0.03177966
28 26 0.052807227
28 10 0.8361363
28 12 1374.3181
28 3 21.058104
28 9 0.76907456
28 19 1232.0454
29 0 25.73999
29 30 2.0650022
29 8 0.4195422
29 18 1.173797
29 13 1.5991162
29 33 21.038767
29 11 0.68601793
29 5 2.6937492
29 34 4.169149
29 20 16.192995
29 2 1.2054155
29 37 0.76140684
29 7 2000.0
29 27 0.67491573
29 16 34.662033
29 23 1.8102206
29 25 2.3948917
30 8 0.5583529
30 18 0.8056818
30 13 127.24153
30 33 5.4063563
30 11 0.5483175
30 29 2.0650022
30 5 0.59868217
30 34 0.79573846
30 20 2.1751378
30 2 23.915625
30 14 4.1585875
30 37 35.41666
30 7 1.0328741
30 27 0.39297494
30 16 1.0679325
30 23 2.5198262
30 25 19.530828
31 26 0.13734035
31 6 0.34326792
31 10 0.7489065
31 22 20.806238
31 9 0.030285574
31 4 0.066759184
31 17 0.9525674
31 19 0.05669799
32 26 19.162014
32 24 0.2354193
32 21 240.00002
32 12 1.6680057
32 15 0.08222447
33 30 5.4063563
33 8 2000.0
33 13 1.524257
33 11 2.5537946
33 29 21.038767
33 5 2000.0
33 34 2000.0
33 20 1.506015
33 2 2.1973474
33 14 0.52445173
33 7 2000.0
33 27 0.6339811
33 16 160.84659
33 25 0.80817646
34 30 0.79573846
34 20 1.2148505
34 37 2000.0
34 13 170.15909
34 7 370.1737
34 27 1.1292348
34 16 106.06333
34 11 2.343865
34 29 4.169149
34 25 2.1955523
34 5 2.5562522
35 21 0.030444534
35 31 1086.4204
36 28 0.03177966
36 3 0.23326722
36 9 0.5114296
37 30 35.41666
37 0 3.2163548
37 8 1.2751845
37 18 2.736378
37 13 1.3674521
37 11 1.7208943
37 29 0.76140684
37 5 33.3094
37 20 6.459642
37 2 1.1060494
37 7 233.07126
37 27 2.1735106
37 16 2000.0
37 23 1.9799517
37 25 56.68513
