0 2 0.97215575
0 37 3.1538463
0 13 0.9799224
0 29 17.812899
0 25 18.111862
1 3 0.8695267
1 12 14.362109
2 30 15.666996
2 0 0.97215575
2 8 1.7041763
2 18 3.8882067
2 13 0.54980236
2 33 1.947737
2 11 2.2308245
2 29 1.4806924
2 20 2.464304
2 37 1.3562531
2 27 1.1927899
2 16 2000.0
2 23 13.148294
2 25 0.71534556
3 36 0.3701591
3 28 24.033623
3 24 2000.0
3 12 0.06287806
3 1 0.8695267
3 9 0.80728096
4 31 0.06668423
4 9 0.07748101
4 17 0.29549128
4 19 0.08326086
5 30 0.4845412
5 8 0.707665
5 18 0.97385824
5 13 62.355682
5 11 2.1505485
5 29 2.5391414
5 34 5.6479926
5 20 2.0860393
5 37 22.757196
5 7 10.245906
5 27 1.3872379
5 16 2.4986703
5 23 2.6284816
5 25 2000.0
6 31 0.24095991
6 17 2.7757204
7 30 0.5769288
7 20 110.15256
7 8 6.518168
7 37 2000.0
7 16 1.452284
7 23 1.0638219
7 11 70.73126
7 25 2.5193152
7 5 10.245906
8 0 2000.0
8 30 0.606532
8 18 1.685613
8 13 2.8103347
8 11 0.8872506
8 29 0.67570776
8 5 0.707665
8 34 47.472366
8 2 1.7041763
8 37 1.0762767
8 7 6.518168
8 27 3.1867216
8 16 1.9189498
8 23 1.004018
8 25 2000.0
9 36 0.42818877
9 26 2000.0
9 28 1.950487
9 10 9.86244
9 22 0.04505422
9 31 0.028743139
9 3 0.80728096
9 4 0.07748101
9 17 0.052738447
9 19 0.060497396
10 26 0.030665591
10 28 0.2050953
10 24 0.12089956
10 31 19.160986
10 12 1295.966
10 9 9.86244
10 17 0.03825951
11 0 2000.0
11 30 0.76279014
11 8 0.8872506
11 18 6.0818543
11 13 1.0506995
11 33 2.9204943
11 29 1.7602472
11 5 2.1505485
11 34 2.2217145
11 20 1.0177795
11 2 2.2308245
11 37 1.607678
11 7 70.73126
11 27 0.80130404
11 16 1.2534393
11 25 0.6443689
12 26 0.94407266
12 32 5.323747
12 24 0.0812165
12 21 0.103111036
12 3 0.06287806
12 1 14.362109
12 15 2000.0
13 30 29.596502
13 0 0.9799224
13 8 2.8103347
13 18 586.1392
13 33 0.861666
13 11 1.0506995
13 29 1.067937
13 5 62.355682
13 34 225.00002
13 20 1.0684559
13 2 0.54980236
13 14 3.7559202
13 37 3.1317499
13 7 2000.0
13 27 0.58588105
13 16 68.466805
13 25 0.32458362
14 30 7.028842
14 20 4.947044
14 13 3.7559202
14 27 2.7733202
14 33 0.5274418
14 11 2000.0
14 25 2.715134
15 32 0.06697538
15 21 1.3519205
16 30 1.8518112
16 0 2000.0
16 8 1.9189498
16 18 1.7800802
16 13 68.466805
16 11 1.2534393
16 5 2.4986703
16 34 53.7752
16 20 15.898872
16 7 1.452284
16 27 2.434077
16 23 1.4513221
16 25 2.3659692
17 6 2.7757204
17 26 2.7906978
17 10 0.03825951
17 24 0.13580483
17 31 1.7298514
17 9 0.052738447
17 4 0.29549128
17 19 82.055565
18 0 2000.0
18 30 0.71607757
18 8 1.685613
18 13 586.1392
18 11 6.0818543
18 29 1.0828872
18 5 0.97385824
18 2 3.8882067
18 37 1.9324973
18 7 2000.0
18 27 15.124599
18 16 1.7800802
18 23 0.8281699
19 31 0.108258784
19 9 0.060497396
19 4 0.08326086
19 17 82.055565
20 30 0.8892192
20 13 1.0684559
20 33 1.1812968
20 11 1.0177795
20 29 5.476245
20 5 2.0860393
20 34 0.8490212
20 2 2.464304
20 14 4.947044
20 37 2.326822
20 7 110.15256
20 27 0.61125636
20 16 15.898872
20 25 0.42009214
21 26 2000.0
21 24 0.74542546
21 35 0.033999294
21 12 0.103111036
21 15 1.3519205
22 31 39.10695
22 9 0.04505422
22 19 2000.0
23 30 2.7686324
23 8 1.004018
23 2 13.148294
23 37 2.441591
23 18 0.8281699
23 7 1.0638219
23 16 1.4513221
23 11 2000.0
23 29 1.2920414
23 5 2.6284816
24 26 0.05118131
24 32 0.2537125
24 10 0.12089956
24 21 0.74542546
24 12 0.0812165
24 15 2000.0
24 17 0.13580483
25 30 25.937414
25 0 18.111862
25 13 0.32458362
25 33 0.5547548
25 11 0.6443689
25 29 3.2676034
25 34 1.7092947
25 20 0.42009214
25 2 0.71534556
25 14 2.715134
25 37 43.783264
25 7 2.5193152
25 27 0.2657426
25 16 2.3659692
26 32 12.688816
26 28 0.08655845
26 10 0.030665591
26 24 0.05118131
26 31 0.11084651
26 12 0.94407266
26 17 2.7906978
27 30 0.27200192
27 0 2000.0
27 8 3.1867216
27 18 15.124599
27 13 0.58588105
27 33 0.9201126
27 11 0.80130404
27 29 1.003072
27 5 1.3872379
27 34 1.0547355
27 20 0.61125636
27 2 1.1927899
27 14 2.7733202
27 37 1.3237897
27 7 4402.386
27 16 2.434077
27 25 0.2657426
28 36 0.033320498
28 26 0.08655845
28 10 0.2050953
28 3 24.033623
28 12 1144.375
28 9 1.950487
28 19 1341.875
29 0 17.812899
29 30 2.0908592
29 8 0.67570776
29 18 1.0828872
29 13 1.067937
29 33 14.772992
29 11 1.7602472
29 5 2.5391414
29 34 2.5582006
29 20 5.476245
29 2 1.4806924
29 37 1.117356
29 27 1.003072
29 16 2000.0
29 23 1.2920414
29 25 3.2676034
30 8 0.606532
30 18 0.71607757
30 13 29.596502
30 33 10.322484
30 11 0.76279014
30 29 2.0908592
30 5 0.4845412
30 34 0.8689015
30 20 0.8892192
30 2 15.666996
30 14 7.028842
30 37 14.553104
30 7 0.5769288
30 27 0.27200192
30 16 1.8518112
30 23 2.7686324
30 25 25.937414
31 26 0.11084651
31 6 0.24095991
31 10 19.160986
31 35 47.754547
31 22 39.10695
31 9 0.028743139
31 4 0.06668423
31 17 1.7298514
31 19 0.108258784
32 26 12.688816
32 24 0.2537125
32 21 2000.0
32 12 5.323747
32 15 0.06697538
33 30 10.322484
33 13 0.861666
33 11 2.9204943
33 29 14.772992
33 5 2000.0
33 34 2000.0
33 20 1.1812968
33 2 1.947737
33 14 0.5274418
33 7 2000.0
33 27 0.9201126
33 16 3017.898
33 25 0.5547548
34 30 0.8689015
34 20 0.8490212
34 8 47.472366
34 37 2000.0
34 7 2000.0
34 13 225.00002
34 27 1.0547355
34 16 53.7752
34 11 2.2217145
34 29 2.5582006
34 25 1.7092947
34 5 5.6479926
35 21 0.033999294
35 31 47.754547
36 28 0.033320498
36 3 0.3701591
36 9 0.42818877
37 30 14.553104
37 0 3.1538463
37 8 1.0762767
37 18 1.9324973
37 13 3.1317499
37 11 1.607678
37 29 1.117356
37 5 22.757196
37 20 2.326822
37 2 1.3562531
37 7 2000.0
37 27 1.3237897
37 16 2000.0
37 23 2.441591
37 25 43.783264
