0 2 0.97041816
0 37 2.6202023
0 13 0.8925237
0 29 16.158249
0 25 21.508781
1 3 0.67144954
1 12 73.11762
2 30 18.113121
2 0 0.97041816
2 8 1.435903
2 18 1.8899989
2 13 0.46108365
2 33 1.7180264
2 11 1.420938
2 29 1.0445434
2 20 2.8628793
2 37 0.8667291
2 27 1.1621512
2 16 2000.0
2 23 13.094044
2 25 0.50360614
3 36 0.41752398
3 28 38.801926
3 24 2000.0
3 12 0.06616623
3 1 0.67144954
3 9 0.4391334
4 31 0.06804661
4 9 0.06757789
4 17 0.13711397
4 19 0.06857578
5 30 0.6436258
5 8 0.5718144
5 18 1.5482795
5 13 46.81676
5 11 1.4477228
5 29 3.3110652
5 34 1.833937
5 20 2.333491
5 37 15.935558
5 7 13.302758
5 27 1.0799098
5 16 1.5529883
5 23 4.2026763
5 25 2000.0
6 31 0.116803266
6 17 2.2094414
7 30 0.79229677
7 20 52.6595
7 8 4.321035
7 37 100.0
7 16 1.0220145
7 23 1.9300469
7 11 62.06405
7 25 3.0139995
7 5 13.302758
8 0 2000.0
8 30 0.31865522
8 18 1.3398145
8 13 1.395586
8 11 1.0264585
8 29 0.41851586
8 5 0.5718144
8 34 37.39995
8 2 1.435903
8 37 1.1225132
8 7 4.321035
8 27 0.64088666
8 16 1.4153018
8 23 1.2364515
8 25 2000.0
9 36 0.686593
9 26 2000.0
9 28 0.8522095
9 10 7.2669344
9 22 0.08815961
9 31 0.028705837
9 3 0.4391334
9 12 2000.0
9 4 0.06757789
9 17 0.041549407
9 19 0.08754357
10 26 0.03285405
10 28 0.2910924
10 24 0.06793463
10 31 1.569839
10 12 90.45597
10 9 7.2669344
10 17 0.030021995
11 0 2000.0
11 30 0.6860004
11 8 1.0264585
11 18 3.3029773
11 13 0.8942293
11 33 2.3530977
11 29 0.5231647
11 5 1.4477228
11 34 1.3151261
11 20 1.2237993
11 2 1.420938
11 37 1.1536026
11 7 62.06405
11 27 0.695734
11 16 0.96396536
11 25 0.49781746
12 26 0.1696009
12 32 7.877032
12 10 90.45597
12 24 0.07724906
12 21 0.09163707
12 3 0.06616623
12 1 73.11762
13 30 52.198944
13 0 0.8925237
13 8 1.395586
13 18 94.21496
13 33 1.0878574
13 11 0.8942293
13 29 0.7771889
13 5 46.81676
13 34 2699.318
13 20 1.1895373
13 2 0.46108365
13 14 4.1902604
13 37 1.1894417
13 7 2000.0
13 27 0.37035125
13 16 3122.1023
13 25 0.26035976
14 34 2000.0
14 30 9.714883
14 20 2.0747035
14 13 4.1902604
14 27 7.250998
14 33 0.634885
14 11 2000.0
14 25 2.2605805
15 32 0.07280795
15 21 13.76219
16 0 2000.0
16 30 1.1951063
16 8 1.4153018
16 18 1.9426506
16 11 0.96396536
16 29 600.0
16 5 1.5529883
16 34 34.44976
16 20 409.00302
16 7 1.0220145
16 27 1.7112832
16 23 3.8699908
16 25 0.9877543
17 6 2.2094414
17 26 1.3716413
17 10 0.030021995
17 24 0.0841794
17 31 0.95169795
17 9 0.041549407
17 4 0.13711397
17 19 1399.8864
18 0 2000.0
18 30 0.8682261
18 8 1.3398145
18 13 94.21496
18 11 3.3029773
18 29 1.1516805
18 5 1.5482795
18 2 1.8899989
18 37 3.0728624
18 7 2000.0
18 27 70.960884
18 16 1.9426506
18 23 1.7200314
19 28 1374.2045
19 31 0.107608125
19 9 0.08754357
19 4 0.06857578
20 30 1.2673832
20 13 1.1895373
20 33 1.1489877
20 11 1.2237993
20 29 10.602866
20 5 2.333491
20 34 0.8228429
20 2 2.8628793
20 14 2.0747035
20 37 2.6274834
20 7 52.6595
20 27 1.3514972
20 16 409.00302
20 25 0.38248646
21 32 2000.0
21 24 1.1556185
21 35 0.039771095
21 31 2000.0
21 12 0.09163707
21 15 13.76219
22 31 46.818184
22 9 0.08815961
22 19 2000.0
23 0 2000.0
23 30 1.8854299
23 8 1.2364515
23 2 13.094044
23 37 1.2647188
23 18 1.7200314
23 7 1.9300469
23 16 3.8699908
23 11 2000.0
23 29 2.4587705
23 5 4.2026763
24 26 0.04028734
24 32 0.30921057
24 10 0.06793463
24 21 1.1556185
24 12 0.07724906
24 3 2000.0
24 17 0.0841794
25 30 9.046753
25 0 21.508781
25 13 0.26035976
25 33 1.1298217
25 11 0.49781746
25 29 1.5206461
25 34 1.8490334
25 20 0.38248646
25 2 0.50360614
25 14 2.2605805
25 37 70.03954
25 7 3.0139995
25 27 0.2339146
25 16 0.9877543
26 32 68.493965
26 28 0.051483054
26 10 0.03285405
26 24 0.04028734
26 31 0.1579664
26 12 0.1696009
26 17 1.3716413
27 30 0.1696501
27 0 2000.0
27 8 0.64088666
27 18 70.960884
27 13 0.37035125
27 33 0.7504155
27 11 0.695734
27 29 2.0485895
27 5 1.0799098
27 34 0.8410072
27 20 1.3514972
27 2 1.1621512
27 14 7.250998
27 37 0.8989364
27 7 2000.0
27 16 1.7112832
27 25 0.2339146
28 36 0.036233768
28 26 0.051483054
28 10 0.2910924
28 3 38.801926
28 12 1191.4204
28 9 0.8522095
28 19 1374.2045
29 0 16.158249
29 30 1.1976594
29 8 0.41851586
29 18 1.1516805
29 13 0.7771889
29 33 12.433734
29 11 0.5231647
29 5 3.3110652
29 34 2.761388
29 20 10.602866
29 2 1.0445434
29 37 0.66259795
29 7 2000.0
29 27 2.0485895
29 16 600.0
29 23 2.4587705
29 25 1.5206461
30 8 0.31865522
30 18 0.8682261
30 13 52.198944
30 33 8.151261
30 11 0.6860004
30 29 1.1976594
30 5 0.6436258
30 34 0.92574936
30 20 1.2673832
30 2 18.113121
30 14 9.714883
30 37 9.009026
30 7 0.79229677
30 27 0.1696501
30 16 1.1951063
30 23 1.8854299
30 25 9.046753
31 26 0.1579664
31 6 0.116803266
31 10 1.569839
31 35 6.162752
31 21 2000.0
31 22 46.818184
31 9 0.028705837
31 4 0.06804661
31 17 0.95169795
31 19 0.107608125
32 26 68.493965
32 24 0.30921057
32 12 7.877032
32 15 0.07280795
33 30 8.151261
33 8 2000.0
33 13 1.0878574
33 11 2.3530977
33 29 12.433734
33 5 2000.0
33 34 2000.0
33 20 1.1489877
33 2 1.7180264
33 14 0.634885
33 7 2000.0
33 27 0.7504155
33 16 2422.443
33 25 1.1298217
34 30 0.92574936
34 20 0.8228429
34 8 37.39995
34 37 2000.0
34 7 2691.8276
34 27 0.8410072
34 16 34.44976
34 11 1.3151261
34 29 2.761388
34 25 1.8490334
34 5 1.833937
35 21 0.039771095
35 31 6.162752
36 28 0.036233768
36 3 0.41752398
36 9 0.686593
37 30 9.009026
37 0 2.6202023
37 8 1.1225132
37 18 3.0728624
37 13 1.1894417
37 11 1.1536026
37 29 0.66259795
37 5 15.935558
37 20 2.6274834
37 2 0.8667291
37 7 100.0
37 27 0.8989364
37 16 2000.0
37 23 1.2647188
37 25 70.03954
