0 2 1.08802
0 37 2.263437
0 13 1.391939
0 29 12.900782
0 25 9.376908
1 3 1.7246419
1 12 24.126303
2 30 69.18165
2 0 1.08802
2 8 1.2930337
2 18 2.4231315
2 13 0.47308975
2 33 2.123
2 11 7.3689847
2 29 1.4762243
2 20 4.940993
2 37 1.0619355
2 27 0.82487595
2 16 2000.0
2 23 16.095217
2 25 4.715631
3 36 0.35083148
3 28 9.044642
3 24 2000.0
3 12 0.0664331
3 1 1.7246419
3 9 1.0214436
4 31 0.07166122
4 9 0.1010817
4 17 0.27115136
4 19 0.079194255
5 30 0.6365686
5 8 0.7979744
5 18 0.46527773
5 13 24.207468
5 11 4.212293
5 29 3.0445616
5 34 4.1478176
5 20 1.3270143
5 37 16.959463
5 7 14.295419
5 27 1.0633029
5 16 1.6462599
5 23 4.0306673
6 31 0.16454951
6 17 3.5418086
7 34 400.0
7 30 0.6612269
7 20 156.8762
7 8 2.8130877
7 16 1.413319
7 11 80.0
7 23 1.1810174
7 25 5.538602
7 5 14.295419
8 0 2000.0
8 30 0.9607113
8 18 1.1844695
8 13 1.5887958
8 11 1.1370074
8 29 0.6101895
8 5 0.7979744
8 34 25.070248
8 2 1.2930337
8 37 0.98570067
8 7 2.8130877
8 27 0.9986789
8 16 1.5936049
8 23 1.1224645
8 25 2000.0
9 36 0.38629964
9 26 2000.0
9 28 2.8839016
9 10 16.052069
9 22 0.09109537
9 31 0.032964017
9 12 2000.0
9 3 1.0214436
9 4 0.1010817
9 17 0.037509628
9 19 0.0687132
10 26 0.030663189
10 28 0.8769301
10 24 0.17142187
10 31 44.826706
10 12 1355.284
10 9 16.052069
10 17 0.030133033
11 0 2000.0
11 30 0.7955941
11 8 1.1370074
11 18 11.716337
11 13 1.0506308
11 33 1.7738868
11 29 1.3613799
11 5 4.212293
11 34 2.7389488
11 20 1.1756427
11 2 7.3689847
11 37 1.7656287
11 7 80.0
11 27 0.66431034
11 16 1.081827
11 25 2.0805025
12 26 1.9502695
12 32 1.8444833
12 24 0.07634495
12 21 0.10843567
12 3 0.0664331
12 1 24.126303
13 30 71.28246
13 0 1.391939
13 8 1.5887958
13 18 216.1856
13 33 0.87413496
13 11 1.0506308
13 29 1.2456404
13 5 24.207468
13 34 231.9699
13 20 0.9036323
13 2 0.47308975
13 14 4.8611674
13 37 0.8402778
13 7 2000.0
13 27 0.4092715
13 16 31.559488
13 25 0.30432016
14 30 5.3642836
14 20 1.324165
14 13 4.8611674
14 27 2.3902974
14 33 0.5603408
14 25 2.7795615
15 32 0.07363529
15 24 2000.0
15 21 5.097408
16 30 1.1043935
16 0 2000.0
16 8 1.5936049
16 18 1.1825153
16 13 31.559488
16 11 1.081827
16 5 1.6462599
16 34 151.76413
16 20 23.724089
16 7 1.413319
16 27 1.428636
16 23 2.570176
16 25 1.588931
17 6 3.5418086
17 26 1.486126
17 10 0.030133033
17 24 0.14732747
17 31 1.0013925
17 9 0.037509628
17 4 0.27115136
17 19 1296.4773
18 0 2000.0
18 30 0.7770898
18 8 1.1844695
18 13 216.1856
18 11 11.716337
18 29 1.8020465
18 5 0.46527773
18 2 2.4231315
18 37 2.2631018
18 7 2000.0
18 27 16.761658
18 16 1.1825153
18 23 1.2663631
19 31 0.07150754
19 9 0.0687132
19 4 0.079194255
20 30 1.5970473
20 13 0.9036323
20 33 2.4256165
20 11 1.1756427
20 29 20.707653
20 5 1.3270143
20 34 1.1335423
20 2 4.940993
20 14 1.324165
20 37 4.7550273
20 7 156.8762
20 27 1.900046
20 16 23.724089
20 25 1.6534648
21 26 2000.0
21 24 0.9482727
21 35 0.030593483
21 31 2000.0
21 12 0.10843567
21 15 5.097408
24 26 0.042647444
24 32 0.17286108
24 10 0.17142187
24 21 0.9482727
24 12 0.07634495
24 15 2000.0
24 17 0.14732747
25 30 41.558784
25 0 9.376908
25 13 0.30432016
25 33 0.7319333
25 11 2.0805025
25 29 2.3534281
25 34 2.331834
25 20 1.6534648
25 2 4.715631
25 14 2.7795615
25 37 62.5739
25 7 5.538602
25 27 1.0100349
25 16 1.588931
26 32 22.57038
26 28 0.054835062
26 10 0.030663189
26 24 0.042647444
26 31 0.16395609
26 12 1.9502695
26 17 1.486126
27 30 0.24478614
27 0 2000.0
27 8 0.9986789
27 18 16.761658
27 13 0.4092715
27 33 0.7000013
27 11 0.66431034
27 29 1.8547157
27 5 1.0633029
27 34 1.0895134
27 20 1.900046
27 2 0.82487595
27 14 2.3902974
27 37 0.95117927
27 7 3469.9434
27 16 1.428636
27 25 1.0100349
28 36 0.032314345
28 26 0.054835062
28 10 0.8769301
28 3 9.044642
28 12 1470.5682
28 9 2.8839016
28 19 1469.8865
29 0 12.900782
29 30 0.94870734
29 8 0.6101895
29 18 1.8020465
29 13 1.2456404
29 33 9.733421
29 11 1.3613799
29 5 3.0445616
29 34 4.711684
29 20 20.707653
29 2 1.4762243
29 37 1.2561663
29 7 2000.0
29 27 1.8547157
29 16 2000.0
29 23 1.082333
29 25 2.3534281
30 8 0.9607113
30 18 0.7770898
30 13 71.28246
30 33 7.6634717
30 11 0.7955941
30 29 0.94870734
30 5 0.6365686
30 34 0.869951
30 20 1.5970473
30 2 69.18165
30 14 5.3642836
30 37 21.2263
30 7 0.6612269
30 27 0.24478614
30 16 1.1043935
30 23 1.5113198
30 25 41.558784
31 26 0.16395609
31 6 0.16454951
31 10 44.826706
31 35 132.61365
31 22 85.71429
31 9 0.032964017
31 4 0.07166122
31 17 1.0013925
31 19 0.07150754
32 26 22.57038
32 24 0.17286108
32 12 1.8444833
32 15 0.07363529
33 30 7.6634717
33 13 0.87413496
33 11 1.7738868
33 29 9.733421
33 5 2000.0
33 34 2000.0
33 20 2.4256165
33 2 2.123
33 14 0.5603408
33 7 2000.0
33 27 0.7000013
33 16 1971.0227
33 25 0.7319333
34 30 0.869951
34 20 1.1335423
34 8 25.070248
34 37 2000.0
34 7 400.0
34 13 231.9699
34 27 1.0895134
34 16 151.76413
34 11 2.7389488
34 29 4.711684
34 25 2.331834
34 5 4.1478176
35 21 0.030593483
35 31 132.61365
36 28 0.032314345
36 3 0.35083148
36 9 0.38629964
37 30 21.2263
37 0 2.263437
37 8 0.98570067
37 18 2.2631018
37 13 0.8402778
37 11 1.7656287
37 29 1.2561663
37 5 16.959463
37 20 4.7550273
37 2 1.0619355
37 7 3036.8184
37 27 0.95117927
37 16 2000.0
37 23 1.39619
37 25 62.5739
