0 2 1.4577721
0 37 2.6723897
0 13 0.80640197
0 29 13.402906
0 25 6.166844
1 3 0.9451515
1 12 16.71623
2 30 24.281635
2 0 1.4577721
2 8 1.3794034
2 18 2.5217528
2 13 0.6619192
2 33 2.0969286
2 11 1.7750586
2 29 0.8630945
2 5 2000.0
2 20 7.915777
2 37 0.9383711
2 27 1.3390884
2 16 2000.0
2 23 8.660037
2 25 0.74141437
3 36 0.2551492
3 28 25.292614
3 24 2000.0
3 12 0.04840455
3 1 0.9451515
3 9 0.31257245
4 31 0.08459354
4 9 0.07511359
4 17 0.10578011
4 19 0.067541815
5 30 0.71587056
5 8 0.40359172
5 18 0.58051795
5 13 59.495853
5 11 2.8938413
5 29 3.4791083
5 34 3.0861619
5 20 3.43789
5 37 47.94851
5 7 19.700348
5 27 1.3404151
5 16 2.231583
5 23 3.4355683
6 31 0.21549767
6 17 4.164479
7 30 1.1491519
7 20 26.5659
7 8 7.07933
7 16 1.1139623
7 23 1.305442
7 11 26.666666
7 25 1.0674081
7 29 266.6667
7 5 19.700348
8 0 2000.0
8 30 0.3111712
8 18 1.8162391
8 13 0.9916002
8 11 0.84653705
8 29 0.6499267
8 5 0.40359172
8 34 2000.0
8 2 1.3794034
8 37 1.1227623
8 7 7.07933
8 27 0.48105684
8 16 2.3506444
8 23 0.8284732
8 25 2000.0
9 36 0.43722704
9 26 2000.0
9 28 1.1017401
9 10 3.3353837
9 22 0.083860934
9 31 0.035199635
9 12 2000.0
9 3 0.31257245
9 4 0.07511359
9 17 0.036919996
9 19 0.06501791
10 26 0.030188149
10 28 0.4390972
10 24 0.077167556
10 31 2.7980359
10 12 1184.9432
10 9 3.3353837
10 17 0.06464015
11 0 2000.0
11 30 0.8180017
11 8 0.84653705
11 18 20.632885
11 13 0.92912173
11 33 2.0383096
11 29 4.856856
11 5 2.8938413
11 34 3.5798154
11 20 0.9608309
11 2 1.7750586
11 37 2.3791423
11 7 26.666666
11 27 0.6537482
11 16 0.8658584
11 25 0.94595534
12 26 0.44134873
12 32 2.8995535
12 28 160.1096
12 24 0.06516198
12 21 0.0984391
12 3 0.04840455
12 1 16.71623
13 30 82.44934
13 0 0.80640197
13 8 0.9916002
13 18 110.76925
13 33 0.9264996
13 11 0.92912173
13 29 0.7456714
13 5 59.495853
13 34 368.88135
13 20 1.1246008
13 2 0.6619192
13 14 2.2874393
13 37 1.1727222
13 7 2000.0
13 27 1.4264603
13 16 15.953376
13 25 0.21550073
14 34 2000.0
14 30 4.3058543
14 20 1.3809395
14 13 2.2874393
14 27 2.7257674
14 33 0.71270984
14 25 2.57852
15 32 0.072265156
15 24 74.24243
15 21 8.966605
16 30 1.1206237
16 8 2.3506444
16 18 1.1075041
16 13 15.953376
16 11 0.8658584
16 29 43.310703
16 5 2.231583
16 34 30.983057
16 20 43.04805
16 37 133.33334
16 7 1.1139623
16 27 1.8560005
16 23 3.5620046
16 25 0.8797732
17 6 4.164479
17 26 1.7794831
17 10 0.06464015
17 24 0.1422813
17 31 0.98397183
17 9 0.036919996
17 4 0.10578011
17 19 0.6708878
18 0 2000.0
18 30 0.73629624
18 8 1.8162391
18 13 110.76925
18 11 20.632885
18 29 1.4179089
18 5 0.58051795
18 2 2.5217528
18 37 3.445604
18 7 2000.0
18 27 26.179985
18 16 1.1075041
18 23 1.5131707
19 28 74.55171
19 31 0.06756673
19 9 0.06501791
19 17 0.6708878
19 4 0.067541815
20 30 1.8595531
20 13 1.1246008
20 33 1.1998497
20 11 0.9608309
20 29 19.85976
20 5 3.43789
20 34 1.1677763
20 2 7.915777
20 14 1.3809395
20 37 2.9200194
20 7 26.5659
20 27 0.9199248
20 16 43.04805
20 25 0.43770647
21 26 2000.0
21 32 225.00002
21 24 0.42060462
21 35 0.030593479
21 31 2000.0
21 12 0.0984391
21 15 8.966605
22 31 73.52941
22 9 0.083860934
22 19 2000.0
23 0 2000.0
23 30 2.2838836
23 8 0.8284732
23 2 8.660037
23 37 2.2976446
23 18 1.5131707
23 7 1.305442
23 16 3.5620046
23 11 2000.0
23 29 1.8893219
23 5 3.4355683
24 26 0.035861388
24 32 0.12274503
24 10 0.077167556
24 21 0.42060462
24 31 2000.0
24 12 0.06516198
24 15 74.24243
24 17 0.1422813
25 30 48.983746
25 0 6.166844
25 13 0.21550073
25 33 0.73224926
25 11 0.94595534
25 29 1.5205702
25 34 1.901257
25 20 0.43770647
25 2 0.74141437
25 14 2.57852
25 37 176.39914
25 7 1.0674081
25 27 0.24874254
25 16 0.8797732
26 32 19.571009
26 28 0.03993978
26 10 0.030188149
26 24 0.035861388
26 31 0.22230114
26 12 0.44134873
26 17 1.7794831
27 30 0.16933344
27 0 2000.0
27 8 0.48105684
27 18 26.179985
27 13 1.4264603
27 33 0.7677258
27 11 0.6537482
27 29 1.0700526
27 5 1.3404151
27 34 0.93989706
27 20 0.9199248
27 2 1.3390884
27 14 2.7257674
27 37 1.0393541
27 7 2000.0
27 16 1.8560005
27 25 0.24874254
28 36 0.029868355
28 26 0.03993978
28 10 0.4390972
28 3 25.292614
28 12 160.1096
28 9 1.1017401
28 19 74.55171
29 0 13.402906
29 30 2.694446
29 8 0.6499267
29 18 1.4179089
29 13 0.7456714
29 33 14.087295
29 11 4.856856
29 5 3.4791083
29 34 4.137518
29 20 19.85976
29 2 0.8630945
29 37 0.6256714
29 7 266.6667
29 27 1.0700526
29 16 43.310703
29 23 1.8893219
29 25 1.5205702
30 8 0.3111712
30 18 0.73629624
30 13 82.44934
30 33 5.255568
30 11 0.8180017
30 29 2.694446
30 5 0.71587056
30 34 1.4027631
30 20 1.8595531
30 2 24.281635
30 14 4.3058543
30 37 143.22612
30 7 1.1491519
30 27 0.16933344
30 16 1.1206237
30 23 2.2838836
30 25 48.983746
31 26 0.22230114
31 6 0.21549767
31 10 2.7980359
31 22 73.52941
31 9 0.035199635
31 4 0.08459354
31 17 0.98397183
31 19 0.06756673
32 26 19.571009
32 24 0.12274503
32 21 225.00002
32 12 2.8995535
32 15 0.072265156
33 30 5.255568
33 8 2000.0
33 13 0.9264996
33 11 2.0383096
33 29 14.087295
33 34 2000.0
33 20 1.1998497
33 2 2.0969286
33 14 0.71270984
33 7 2000.0
33 27 0.7677258
33 16 1971.0227
33 25 0.73224926
34 30 1.4027631
34 20 1.1677763
34 37 2000.0
34 7 2000.0
34 13 368.88135
34 27 0.93989706
34 16 30.983057
34 11 3.5798154
34 29 4.137518
34 25 1.901257
34 5 3.0861619
35 21 0.030593479
35 31 1086.4204
36 28 0.029868355
36 3 0.2551492
36 9 0.43722704
37 30 143.22612
37 0 2.6723897
37 8 1.1227623
37 18 3.445604
37 13 1.1727222
37 11 2.3791423
37 29 0.6256714
37 5 47.94851
37 20 2.9200194
37 2 0.9383711
37 7 3177.5566
37 27 1.0393541
37 16 133.33334
37 23 2.2976446
37 25 176.39914
