0 2 1.5002165
0 37 1.7320181
0 13 0.8933155
0 29 30.22683
0 25 12.402911
1 3 0.7817141
1 12 32.41771
2 30 19.500948
2 0 1.5002165
2 8 1.6661112
2 18 5.4721494
2 13 0.6561584
2 33 2.0545225
2 11 1.931903
2 29 1.2942308
2 20 2.7938821
2 37 0.92318183
2 27 0.92748
2 16 2000.0
2 23 16.496487
2 25 1.2692342
3 36 0.6263389
3 28 9.682759
3 24 2000.0
3 12 0.050618727
3 1 0.7817141
3 9 0.53967124
4 31 0.06991431
4 9 0.094197094
4 17 0.1451863
4 19 0.06864002
5 30 0.9010965
5 8 0.44478476
5 18 0.5552841
5 13 33.28468
5 11 1.9039856
5 29 4.4729004
5 34 2.046283
5 20 2.8715537
5 37 31.56733
5 7 9.135238
5 27 2.2705054
5 16 1.8714261
5 23 3.025067
5 25 2000.0
6 31 0.17460613
6 17 3.18126
7 30 0.78031486
7 20 85.96408
7 8 8.289859
7 37 100.0
7 16 1.1150522
7 11 48.81319
7 23 1.4786931
7 25 1.2618076
7 5 9.135238
8 0 2176.6619
8 30 0.3930927
8 18 1.0502203
8 13 1.3934635
8 11 0.8505494
8 29 0.62562346
8 5 0.44478476
8 34 29.216942
8 2 1.6661112
8 37 1.3438826
8 7 8.289859
8 27 0.9008298
8 16 1.5438311
8 23 0.8940823
8 25 2000.0
9 36 0.87936664
9 28 0.65721345
9 10 10.175683
9 22 0.04202301
9 31 0.030242972
9 3 0.53967124
9 4 0.094197094
9 17 0.04210923
9 19 0.06509351
10 26 0.030718476
10 28 0.27818918
10 24 0.09172377
10 31 14.469114
10 12 1284.5454
10 9 10.175683
10 17 0.032486416
11 0 2000.0
11 30 0.7861334
11 8 0.8505494
11 18 8.949145
11 13 1.13926
11 33 1.9988925
11 29 1.6399202
11 5 1.9039856
11 34 2.0143993
11 20 0.92225206
11 2 1.931903
11 37 1.3408344
11 7 48.81319
11 27 0.7309038
11 16 1.1105632
11 25 0.68382
12 26 1.2658381
12 32 2.2383118
12 24 0.06763968
12 21 0.10627263
12 3 0.050618727
12 1 32.41771
13 30 36.60303
13 0 0.8933155
13 8 1.3934635
13 18 300.0
13 33 1.3718027
13 11 1.13926
13 29 1.0893811
13 5 33.28468
13 34 398.71954
13 20 0.8872551
13 2 0.6561584
13 14 7.6539373
13 37 1.3025297
13 7 2000.0
13 27 0.54130757
13 16 39.238262
13 25 0.26132917
14 30 5.782584
14 20 4.3345685
14 13 7.6539373
14 27 4.772437
14 33 0.44841993
14 11 2000.0
14 25 2.4835227
15 32 0.07082466
15 21 8.764078
16 0 2000.0
16 30 1.1370636
16 8 1.5438311
16 18 1.3826251
16 13 39.238262
16 11 1.1105632
16 5 1.8714261
16 34 120.81088
16 20 37.778633
16 7 1.1150522
16 27 1.5239016
16 23 4.2227273
16 25 1.4534904
17 6 3.18126
17 26 1.4219431
17 10 0.032486416
17 24 0.12047415
17 31 0.9741207
17 9 0.04210923
17 4 0.1451863
17 19 41.272846
18 0 2000.0
18 30 0.76022834
18 8 1.0502203
18 13 300.0
18 11 8.949145
18 29 1.3632251
18 5 0.5552841
18 2 5.4721494
18 37 2.3132284
18 7 2000.0
18 27 19.421326
18 16 1.3826251
18 23 1.3764043
19 31 0.09251149
19 9 0.06509351
19 17 41.272846
19 4 0.06864002
20 30 1.0506265
20 13 0.8872551
20 33 1.0493896
20 11 0.92225206
20 29 11.470863
20 5 2.8715537
20 34 0.84674966
20 2 2.7938821
20 14 4.3345685
20 37 1.7056447
20 7 85.96408
20 27 1.6884778
20 16 37.778633
20 25 0.3963182
21 26 2000.0
21 32 2000.0
21 24 0.9756863
21 35 0.030724924
21 31 2000.0
21 12 0.10627263
21 15 8.764078
22 31 62.45764
22 9 0.04202301
22 19 2000.0
23 0 2000.0
23 30 2.2807372
23 8 0.8940823
23 2 16.496487
23 37 2.4440706
23 18 1.3764043
23 7 1.4786931
23 16 4.2227273
23 11 2000.0
23 29 1.6848487
23 5 3.025067
24 26 0.04891172
24 32 0.46776217
24 10 0.09172377
24 21 0.9756863
24 12 0.06763968
24 3 2000.0
24 15 2000.0
24 17 0.12047415
25 30 14.39826
25 0 12.402911
25 13 0.26132917
25 33 0.6955763
25 11 0.68382
25 29 1.8326795
25 34 1.8879131
25 20 0.3963182
25 2 1.2692342
25 14 2.4835227
25 37 26.705513
25 7 1.2618076
25 27 0.23719533
25 16 1.4534904
26 32 15.359603
26 28 0.06416789
26 10 0.030718476
26 24 0.04891172
26 31 0.10008944
26 12 1.2658381
26 17 1.4219431
27 30 0.26620328
27 0 2000.0
27 8 0.9008298
27 18 19.421326
27 13 0.54130757
27 33 0.8284861
27 11 0.7309038
27 29 0.8855311
27 5 2.2705054
27 34 1.640088
27 20 1.6884778
27 2 0.92748
27 14 4.772437
27 37 0.91304433
27 7 3010.4546
27 16 1.5239016
27 25 0.23719533
28 36 0.03545918
28 26 0.06416789
28 10 0.27818918
28 3 9.682759
28 12 1686.1932
28 9 0.65721345
28 19 1360.7386
29 0 30.22683
29 30 1.7429401
29 8 0.62562346
29 18 1.3632251
29 13 1.0893811
29 33 20.224632
29 11 1.6399202
29 5 4.4729004
29 34 5.1245894
29 20 11.470863
29 2 1.2942308
29 37 0.64020383
29 7 2000.0
29 27 0.8855311
29 16 2000.0
29 23 1.6848487
29 25 1.8326795
30 8 0.3930927
30 18 0.76022834
30 13 36.60303
30 33 8.423637
30 11 0.7861334
30 29 1.7429401
30 5 0.9010965
30 34 1.2730616
30 20 1.0506265
30 2 19.500948
30 14 5.782584
30 37 20.280602
30 7 0.78031486
30 27 0.26620328
30 16 1.1370636
30 23 2.2807372
30 25 14.39826
31 26 0.10008944
31 6 0.17460613
31 10 14.469114
31 35 32.800854
31 22 62.45764
31 9 0.030242972
31 4 0.06991431
31 17 0.9741207
31 19 0.09251149
32 26 15.359603
32 24 0.46776217
32 12 2.2383118
32 15 0.07082466
33 34 2000.0
33 30 8.423637
33 20 1.0493896
33 2 2.0545225
33 14 0.44841993
33 7 2000.0
33 13 1.3718027
33 27 0.8284861
33 16 3017.898
33 11 1.9988925
33 29 20.224632
33 25 0.6955763
34 30 1.2730616
34 20 0.84674966
34 8 29.216942
34 37 2000.0
34 13 398.71954
34 7 2404.6023
34 27 1.640088
34 16 120.81088
34 11 2.0143993
34 29 5.1245894
34 25 1.8879131
34 5 2.046283
35 21 0.030724924
35 31 32.800854
36 28 0.03545918
36 3 0.6263389
36 9 0.87936664
37 30 20.280602
37 0 1.7320181
37 8 1.3438826
37 18 2.3132284
37 13 1.3025297
37 11 1.3408344
37 29 0.64020383
37 5 31.56733
37 20 1.7056447
37 2 0.92318183
37 7 100.0
37 27 0.91304433
37 16 2000.0
37 23 2.4440706
37 25 26.705513
