0 2 1.197632
0 37 2.8852463
0 13 0.7955311
0 29 16.658525
0 25 18.297388
1 3 0.80316556
1 12 73.72304
2 30 26.070738
2 0 1.197632
2 8 1.2644187
2 18 3.3240442
2 13 0.43673196
2 33 2.142191
2 11 1.8320855
2 29 1.0270865
2 20 3.22189
2 37 0.7648538
2 27 0.92281646
2 16 2000.0
2 23 13.89153
2 25 0.43375567
3 36 0.29626694
3 28 13.691023
3 24 112.50001
3 12 0.06739897
3 1 0.80316556
3 9 1.0962296
4 31 0.06885788
4 9 0.084368944
4 17 0.12761164
4 19 0.073113404
5 30 0.62835383
5 8 0.47990406
5 18 0.5382906
5 13 47.034405
5 11 1.7663597
5 29 3.7334416
5 34 2.3661616
5 20 2.336307
5 37 17.378569
5 7 7.18405
5 27 1.4412597
5 16 1.377751
5 23 3.2172256
6 31 0.20336428
6 17 1.6247466
7 30 0.826804
7 20 73.34185
7 8 4.1614556
7 37 159.02132
7 16 0.9952996
7 23 1.3314012
7 25 3.5724027
7 29 2000.0
7 5 7.18405
8 0 2000.0
8 30 0.46442428
8 18 1.2927358
8 13 2.1379547
8 11 0.8145224
8 29 0.8989311
8 5 0.47990406
8 34 55.46698
8 2 1.2644187
8 37 0.8882952
8 7 4.1614556
8 27 0.9636808
8 16 1.5256023
8 23 1.045819
8 25 2000.0
9 36 0.63067156
9 26 2000.0
9 28 1.6703409
9 10 40.909092
9 22 0.05523527
9 31 0.029628988
9 3 1.0962296
9 12 2000.0
9 4 0.084368944
9 17 0.039834972
9 19 0.06874719
10 26 0.030034617
10 28 0.2974026
10 24 0.15911934
10 31 2.529302
10 12 33.182247
10 9 40.909092
10 17 0.030790243
11 0 2000.0
11 30 0.772026
11 8 0.8145224
11 18 7.2911725
11 13 0.86030227
11 33 2.5690598
11 29 1.0744131
11 5 1.7663597
11 34 3.1049986
11 20 1.3357084
11 2 1.8320855
11 37 1.3123215
11 7 4498.352
11 27 0.77049005
11 16 1.3173606
11 25 0.63734007
12 26 1.4455943
12 32 5.0406294
12 10 33.182247
12 24 0.07017101
12 21 0.1429531
12 3 0.06739897
12 1 73.72304
13 30 52.56762
13 0 0.7955311
13 8 2.1379547
13 18 266.6667
13 33 1.0514203
13 11 0.86030227
13 29 0.8471004
13 5 47.034405
13 34 2246.9885
13 20 0.9480753
13 2 0.43673196
13 14 5.5888095
13 37 1.3144563
13 7 2000.0
13 27 0.59487367
13 16 55.46296
13 25 0.26113254
14 34 2000.0
14 30 23.136742
14 20 3.3775918
14 13 5.5888095
14 27 2.378518
14 33 0.39795282
14 25 2.2278612
15 32 0.070480384
15 21 7.745111
16 30 1.1046655
16 0 2000.0
16 8 1.5256023
16 18 1.2233865
16 13 55.46296
16 11 1.3173606
16 5 1.377751
16 34 70.37432
16 20 13.210235
16 7 0.9952996
16 27 1.2704924
16 23 2.25376
16 25 1.0382204
17 6 1.6247466
17 26 1.3691406
17 10 0.030790243
17 24 0.14861274
17 31 0.987028
17 9 0.039834972
17 4 0.12761164
17 19 44.29134
18 0 2000.0
18 30 0.8056231
18 8 1.2927358
18 13 266.6667
18 11 7.2911725
18 29 1.0656587
18 5 0.5382906
18 2 3.3240442
18 37 2.1902237
18 7 2000.0
18 27 30.010344
18 16 1.2233865
18 23 1.3730172
19 31 0.082568154
19 9 0.06874719
19 17 44.29134
19 4 0.073113404
20 30 3.0978165
20 13 0.9480753
20 33 2.3773692
20 11 1.3357084
20 29 13.330737
20 5 2.336307
20 34 0.7915234
20 2 3.22189
20 14 3.3775918
20 37 2.5398242
20 7 73.34185
20 27 2.050507
20 16 13.210235
20 25 0.58285165
21 26 2000.0
21 32 2000.0
21 24 1.1772153
21 35 0.033685282
21 12 0.1429531
21 15 7.745111
22 31 78.26088
22 9 0.05523527
22 19 2000.0
23 0 2000.0
23 30 1.642686
23 8 1.045819
23 2 13.89153
23 37 1.3175623
23 18 1.3730172
23 7 1.3314012
23 16 2.25376
23 11 2000.0
23 29 1.1350996
23 5 3.2172256
24 26 0.05398002
24 32 0.2884801
24 10 0.15911934
24 21 1.1772153
24 3 112.50001
24 12 0.07017101
24 15 2000.0
24 17 0.14861274
25 0 18.297388
25 30 23.193008
25 13 0.26113254
25 33 1.1437216
25 11 0.63734007
25 29 1.6384413
25 34 2.3105083
25 20 0.58285165
25 2 0.43375567
25 14 2.2278612
25 37 17.108454
25 7 3.5724027
25 27 0.26251873
25 16 1.0382204
26 32 42.592808
26 28 0.06554632
26 10 0.030034617
26 24 0.05398002
26 31 0.11788943
26 12 1.4455943
26 17 1.3691406
27 30 0.5607027
27 0 2000.0
27 8 0.9636808
27 18 30.010344
27 13 0.59487367
27 33 0.80392575
27 11 0.77049005
27 29 1.2875609
27 5 1.4412597
27 34 1.1379561
27 20 2.050507
27 2 0.92281646
27 14 2.378518
27 37 0.8262808
27 7 2000.0
27 16 1.2704924
27 25 0.26251873
28 36 0.0539307
28 26 0.06554632
28 10 0.2974026
28 12 1686.1932
28 3 13.691023
28 9 1.6703409
28 19 1356.25
29 0 16.658525
29 30 3.4057314
29 8 0.8989311
29 18 1.0656587
29 13 0.8471004
29 33 19.012566
29 11 1.0744131
29 5 3.7334416
29 34 3.6855335
29 20 13.330737
29 2 1.0270865
29 37 1.0405778
29 7 2000.0
29 27 1.2875609
29 16 2000.0
29 23 1.1350996
29 25 1.6384413
30 8 0.46442428
30 18 0.8056231
30 13 52.56762
30 33 10.289012
30 11 0.772026
30 29 3.4057314
30 5 0.62835383
30 34 3.1588433
30 20 3.0978165
30 2 26.070738
30 14 23.136742
30 37 24.681675
30 7 0.826804
30 27 0.5607027
30 16 1.1046655
30 23 1.642686
30 25 23.193008
31 26 0.11788943
31 6 0.20336428
31 10 2.529302
31 35 35.331654
31 22 78.26088
31 9 0.029628988
31 4 0.06885788
31 17 0.987028
31 19 0.082568154
32 26 42.592808
32 24 0.2884801
32 12 5.0406294
32 15 0.070480384
33 30 10.289012
33 8 2000.0
33 13 1.0514203
33 11 2.5690598
33 29 19.012566
33 34 2000.0
33 20 2.3773692
33 2 2.142191
33 14 0.39795282
33 7 2000.0
33 27 0.80392575
33 16 3017.898
33 25 1.1437216
34 30 3.1588433
34 20 0.7915234
34 8 55.46698
34 37 2000.0
34 7 2000.0
34 27 1.1379561
34 16 70.37432
34 11 3.1049986
34 29 3.6855335
34 25 2.3105083
34 5 2.3661616
35 21 0.033685282
35 31 35.331654
36 28 0.0539307
36 3 0.29626694
36 9 0.63067156
37 30 24.681675
37 0 2.8852463
37 8 0.8882952
37 18 2.1902237
37 13 1.3144563
37 11 1.3123215
37 29 1.0405778
37 5 17.378569
37 20 2.5398242
37 2 0.7648538
37 7 159.02132
37 27 0.8262808
37 16 2000.0
37 23 1.3175623
37 25 17.108454
