0 2 0.8046293
0 37 1.6397523
0 13 0.79145545
0 29 14.964336
0 25 11.280783
1 3 0.7149194
1 12 23.256414
2 30 24.870321
2 0 0.8046293
2 8 1.2621942
2 18 1.9110131
2 13 0.455549
2 33 1.8038732
2 11 1.4186573
2 29 1.1926956
2 20 3.0066526
2 37 0.8272315
2 27 0.7023567
2 16 2000.0
2 23 9.524504
2 25 0.47013602
3 36 0.5716354
3 28 25.81682
3 24 150.0
3 12 0.04998257
3 1 0.7149194
3 9 0.7941533
4 31 0.06503594
4 9 0.0737513
4 17 0.1301013
4 19 0.07773025
5 30 0.77320033
5 8 0.39974257
5 18 1.7906452
5 13 47.199306
5 11 2.170971
5 29 2.991299
5 34 10.701631
5 20 1.6304641
5 37 10.119848
5 7 20.47391
5 27 1.9376359
5 16 1.3767596
5 23 1.9526212
6 31 0.16741201
6 17 8.522477
7 34 327.59375
7 30 0.70718265
7 20 133.33334
7 8 8.4046335
7 16 1.270736
7 23 1.2609178
7 25 3.1917043
7 5 20.47391
8 0 2000.0
8 30 0.3732347
8 18 1.4671897
8 13 1.5039763
8 11 0.90828764
8 29 0.32550707
8 5 0.39974257
8 34 31.105381
8 2 1.2621942
8 37 0.8593134
8 7 8.4046335
8 27 0.9981564
8 16 1.4342921
8 23 0.80877095
8 25 2000.0
9 36 0.5751393
9 26 2000.0
9 28 1.4460939
9 10 44.677273
9 22 0.072744116
9 31 0.03104418
9 3 0.7941533
9 12 2000.0
9 4 0.0737513
9 17 0.03169643
9 19 0.07717658
10 26 0.030855939
10 28 0.26712662
10 24 0.13661514
10 31 21.075878
10 12 1295.966
10 9 44.677273
10 17 0.031318624
11 0 2000.0
11 30 0.70618844
11 8 0.90828764
11 18 5.625
11 13 1.2224773
11 33 2.0393918
11 29 1.3718154
11 5 2.170971
11 34 1.6141758
11 20 1.0147346
11 2 1.4186573
11 37 1.1694713
11 7 1380.6819
11 27 0.76501495
11 16 0.9031917
11 25 0.5656982
12 26 0.5179728
12 32 2.8600078
12 24 0.07227869
12 21 0.18284476
12 3 0.04998257
12 1 23.256414
13 30 11.833755
13 0 0.79145545
13 8 1.5039763
13 18 208.94678
13 33 0.9311869
13 11 1.2224773
13 29 0.8624797
13 5 47.199306
13 34 706.6023
13 20 0.9263618
13 2 0.455549
13 14 9.997882
13 37 0.9730987
13 7 2000.0
13 27 0.689935
13 16 16.747118
13 25 0.22416352
14 30 6.946632
14 20 1.7005581
14 13 9.997882
14 27 3.705454
14 33 0.85833097
14 11 2000.0
14 25 2.3976135
15 32 0.072240256
15 21 1.2954147
16 30 1.0592021
16 0 2000.0
16 8 1.4342921
16 18 1.1256697
16 13 16.747118
16 11 0.9031917
16 5 1.3767596
16 34 49.48414
16 20 35.471233
16 7 1.270736
16 27 1.4441715
16 23 2.3534796
16 25 0.89996964
17 6 8.522477
17 26 1.6758298
17 10 0.031318624
17 24 0.08667494
17 22 2000.0
17 31 0.96132016
17 9 0.03169643
17 4 0.1301013
17 19 208.55052
18 0 2000.0
18 30 0.516105
18 8 1.4671897
18 13 208.94678
18 11 5.625
18 29 1.2579132
18 5 1.7906452
18 2 1.9110131
18 37 1.8188022
18 7 2000.0
18 27 12.616166
18 16 1.1256697
18 23 0.8938237
19 28 174.77678
19 31 0.08287462
19 9 0.07717658
19 4 0.07773025
19 17 208.55052
20 30 1.107639
20 13 0.9263618
20 33 1.1969646
20 11 1.0147346
20 29 7.3300843
20 5 1.6304641
20 34 0.77689195
20 2 3.0066526
20 14 1.7005581
20 37 2.479635
20 7 133.33334
20 27 1.9145795
20 16 35.471233
20 25 0.32178688
21 24 0.9643659
21 35 0.030249808
21 12 0.18284476
21 15 1.2954147
22 31 266.6667
22 9 0.072744116
22 19 2000.0
23 0 2000.0
23 30 2.477932
23 8 0.80877095
23 2 9.524504
23 37 1.7118897
23 18 0.8938237
23 7 1.2609178
23 16 2.3534796
23 11 2000.0
23 29 0.8506931
23 5 1.9526212
24 26 0.04185967
24 32 0.23083778
24 10 0.13661514
24 21 0.9643659
24 3 150.0
24 12 0.07227869
24 15 2000.0
24 17 0.08667494
25 30 11.073544
25 0 11.280783
25 13 0.22416352
25 33 0.5818681
25 11 0.5656982
25 29 2.1373336
25 34 1.9696721
25 20 0.32178688
25 2 0.47013602
25 14 2.3976135
25 37 41.354782
25 7 3.1917043
25 27 0.22634129
25 16 0.89996964
26 32 15.821715
26 28 0.104006164
26 10 0.030855939
26 24 0.04185967
26 31 0.16222726
26 12 0.5179728
26 17 1.6758298
27 30 0.24180971
27 0 2000.0
27 8 0.9981564
27 18 12.616166
27 13 0.689935
27 33 0.76978487
27 11 0.76501495
27 29 1.0434535
27 5 1.9376359
27 34 0.77436984
27 20 1.9145795
27 2 0.7023567
27 14 3.705454
27 37 1.264103
27 7 4402.386
27 16 1.4441715
27 25 0.22634129
28 36 0.03223432
28 26 0.104006164
28 10 0.26712662
28 3 25.81682
28 12 1193.8636
28 9 1.4460939
28 19 174.77678
29 0 14.964336
29 30 0.8144108
29 8 0.32550707
29 18 1.2579132
29 13 0.8624797
29 33 16.837088
29 11 1.3718154
29 5 2.991299
29 34 3.365172
29 20 7.3300843
29 2 1.1926956
29 37 0.8688016
29 7 2000.0
29 27 1.0434535
29 16 2000.0
29 23 0.8506931
29 25 2.1373336
30 8 0.3732347
30 18 0.516105
30 13 11.833755
30 33 7.4163117
30 11 0.70618844
30 29 0.8144108
30 5 0.77320033
30 34 0.9926137
30 20 1.107639
30 2 24.870321
30 14 6.946632
30 37 20.620358
30 7 0.70718265
30 27 0.24180971
30 16 1.0592021
30 23 2.477932
30 25 11.073544
31 26 0.16222726
31 6 0.16741201
31 10 21.075878
31 35 1214.6875
31 22 266.6667
31 9 0.03104418
31 4 0.06503594
31 17 0.96132016
31 19 0.08287462
32 26 15.821715
32 24 0.23083778
32 21 2000.0
32 12 2.8600078
32 15 0.072240256
33 30 7.4163117
33 8 2000.0
33 13 0.9311869
33 11 2.0393918
33 29 16.837088
33 5 2000.0
33 34 2000.0
33 20 1.1969646
33 2 1.8038732
33 14 0.85833097
33 7 2000.0
33 27 0.76978487
33 16 3017.898
33 25 0.5818681
34 30 0.9926137
34 20 0.77689195
34 8 31.105381
34 37 2000.0
34 7 327.59375
34 27 0.77436984
34 16 49.48414
34 11 1.6141758
34 29 3.365172
34 25 1.9696721
34 5 10.701631
35 21 0.030249808
35 31 1214.6875
36 28 0.03223432
36 3 0.5716354
36 9 0.5751393
37 30 20.620358
37 0 1.6397523
37 8 0.8593134
37 18 1.8188022
37 13 0.9730987
37 11 1.1694713
37 29 0.8688016
37 5 10.119848
37 20 2.479635
37 2 0.8272315
37 7 3140.5684
37 27 1.264103
37 16 2000.0
37 23 1.7118897
37 25 41.354782
