0 8 26.459784
0 2 1.2855169
0 37 0.7921999
0 13 0.73782355
0 11 21.211506
0 29 9.523809
1 3 0.25585246
1 12 39.34339
2 30 16.24911
2 0 1.2855169
2 8 5.2113495
2 18 21.527756
2 13 0.42100012
2 33 2.5787725
2 11 1.177509
2 29 1.9085801
2 20 2.392154
2 37 1.4298761
2 27 1.2032446
2 16 2000.0
2 23 48.91087
2 25 2.818349
3 36 0.31576705
3 28 0.07225074
3 24 62.500004
3 12 0.05276889
3 1 0.25585246
3 9 0.44871914
4 31 0.08118873
4 9 0.08332621
4 17 0.094402365
4 19 0.11693849
5 30 1.2216469
5 8 0.75356793
5 18 0.30210212
5 13 309.5341
5 11 6.340207
5 29 1.9353912
5 34 2.5320432
5 20 2.9536605
5 37 2000.0
5 7 5.5414467
5 27 2.5495265
5 16 1.3253591
5 23 7.0248218
6 31 0.31501234
6 17 0.9017757
7 34 14.687233
7 30 0.85832757
7 20 1.3181146
7 37 12.867362
7 27 211.76471
7 16 1.0939943
7 11 17.022783
7 23 1.0717605
7 25 7.9961834
7 5 5.5414467
8 0 26.459784
8 30 0.6630609
8 18 1.3930657
8 13 3.160502
8 11 1.3278869
8 29 0.89151067
8 5 0.75356793
8 34 3.4607325
8 2 5.2113495
8 37 1.0204122
8 7 1438.9489
8 27 2.298906
8 16 1.3738359
8 23 1.3591231
9 36 1.3933283
9 26 2000.0
9 28 1.9945778
9 10 15.262129
9 22 0.41808867
9 31 0.029156143
9 3 0.44871914
9 12 2000.0
9 17 0.04416915
9 4 0.08332621
9 19 0.080376126
10 26 0.041421935
10 28 0.23568916
10 24 0.04672298
10 31 0.051217534
10 12 6.1782093
10 9 15.262129
10 17 0.030766122
11 0 21.211506
11 30 0.5464644
11 8 1.3278869
11 18 14.211736
11 13 0.7152766
11 33 2.577349
11 29 3.688449
11 5 6.340207
11 34 4.653233
11 20 0.67520106
11 2 1.177509
11 37 2.4590497
11 7 17.022783
11 27 0.85382485
11 16 1.3818525
11 25 1.153665
12 26 1.1681783
12 28 3.1498234
12 32 0.28113344
12 10 6.1782093
12 24 0.074677415
12 21 0.105116
12 3 0.05276889
12 1 39.34339
13 30 2.65764
13 0 0.73782355
13 8 3.160502
13 18 450.00003
13 33 0.7667876
13 11 0.7152766
13 29 1.9009498
13 5 309.5341
13 34 8.59834
13 20 0.5563216
13 2 0.42100012
13 14 2.1452985
13 37 2.4279556
13 27 0.19363932
13 16 2806.193
13 25 0.6401867
14 20 1.8526989
14 13 2.1452985
14 27 2.290837
14 33 0.3922964
14 11 2000.0
14 25 3.351594
15 32 0.07970297
15 24 233.33334
15 21 1.6187893
16 30 1.1268257
16 0 2000.0
16 8 1.3738359
16 18 1.1375083
16 11 1.3818525
16 29 21.103912
16 5 1.3253591
16 20 4.6287127
16 37 76.95631
16 7 1.0939943
16 27 1.2252134
16 23 11.606238
16 25 0.8673519
17 26 1.6414498
17 6 0.9017757
17 10 0.030766122
17 24 0.29557687
17 31 1.1341362
17 9 0.04416915
17 4 0.094402365
17 19 2.2008798
18 30 0.7502547
18 2 21.527756
18 8 1.3930657
18 37 2.5901947
18 7 2000.0
18 13 450.00003
18 27 5.0136642
18 16 1.1375083
18 23 1.3777729
18 11 14.211736
18 29 1.1097679
18 5 0.30210212
19 31 0.08581484
19 9 0.080376126
19 17 2.2008798
19 4 0.11693849
20 30 16.10139
20 13 0.5563216
20 33 1.272206
20 11 0.67520106
20 29 5.313182
20 5 2.9536605
20 34 0.84190303
20 2 2.392154
20 14 1.8526989
20 37 2.3534276
20 7 1.3181146
20 27 0.7396832
20 16 4.6287127
20 25 0.6162758
21 32 2000.0
21 24 0.51129764
21 35 0.03570424
21 12 0.105116
21 15 1.6187893
22 6 1932.7272
22 31 1506.9886
22 9 0.41808867
22 19 1339.5455
23 0 2000.0
23 30 1.2854226
23 2 48.91087
23 8 1.3591231
23 37 1.9317847
23 18 1.3777729
23 7 1.0717605
23 16 11.606238
23 11 2000.0
23 29 2.7888258
23 5 7.0248218
24 26 0.097131595
24 32 0.12999527
24 10 0.04672298
24 21 0.51129764
24 31 1.2539214
24 3 62.500004
24 12 0.074677415
24 15 233.33334
24 17 0.29557687
25 30 2.811048
25 13 0.6401867
25 33 0.5072597
25 11 1.153665
25 29 2.4174955
25 34 4.9453654
25 20 0.6162758
25 2 2.818349
25 14 3.351594
25 37 127.52944
25 7 7.9961834
25 27 0.69714713
25 16 0.8673519
26 36 52.50398
26 32 34.026993
26 28 0.13091555
26 10 0.041421935
26 24 0.097131595
26 31 0.06930875
26 12 1.1681783
26 17 1.6414498
27 0 2000.0
27 30 0.20302108
27 8 2.298906
27 18 5.0136642
27 13 0.19363932
27 33 1.090607
27 11 0.85382485
27 29 0.4238855
27 5 2.5495265
27 34 1.3007064
27 20 0.7396832
27 2 1.2032446
27 14 2.290837
27 37 1.1311141
27 7 211.76471
27 16 1.2252134
27 25 0.69714713
28 36 0.043535966
28 26 0.13091555
28 10 0.23568916
28 3 0.07225074
28 12 3.1498234
28 9 1.9945778
29 0 9.523809
29 30 8.792391
29 8 0.89151067
29 18 1.1097679
29 13 1.9009498
29 33 108.86221
29 11 3.688449
29 5 1.9353912
29 34 10.6865225
29 20 5.313182
29 2 1.9085801
29 37 1.0997334
29 7 2000.0
29 27 0.4238855
29 16 21.103912
29 23 2.7888258
29 25 2.4174955
30 0 2000.0
30 8 0.6630609
30 18 0.7502547
30 13 2.65764
30 33 1.9102695
30 11 0.5464644
30 29 8.792391
30 5 1.2216469
30 34 0.7551747
30 20 16.10139
30 2 16.24911
30 37 6.324386
30 7 0.85832757
30 27 0.20302108
30 16 1.1268257
30 23 1.2854226
30 25 2.811048
31 26 0.06930875
31 6 0.31501234
31 10 0.051217534
31 24 1.2539214
31 9 0.029156143
31 17 1.1341362
31 4 0.08118873
31 19 0.08581484
32 26 34.026993
32 24 0.12999527
32 12 0.28113344
32 15 0.07970297
33 30 1.9102695
33 13 0.7667876
33 11 2.577349
33 29 108.86221
33 5 2000.0
33 34 2000.0
33 20 1.272206
33 2 2.5787725
33 14 0.3922964
33 7 2000.0
33 27 1.090607
33 16 2000.0
33 25 0.5072597
34 30 0.7551747
34 20 0.84190303
34 8 3.4607325
34 13 8.59834
34 7 14.687233
34 27 1.3007064
34 16 1215.0568
34 11 4.653233
34 25 4.9453654
34 29 10.6865225
34 5 2.5320432
35 21 0.03570424
36 26 52.50398
36 28 0.043535966
36 3 0.31576705
36 9 1.3933283
37 30 6.324386
37 0 0.7921999
37 8 1.0204122
37 18 2.5901947
37 13 2.4279556
37 11 2.4590497
37 29 1.0997334
37 20 2.3534276
37 2 1.4298761
37 7 12.867362
37 27 1.1311141
37 16 76.95631
37 23 1.9317847
37 25 127.52944
