0 2 2.4386249
0 8 800.0
0 37 3.0175116
0 13 2.849939
0 29 21.645868
0 25 18.963226
1 3 1.2610887
1 12 17.931679
2 30 21.80492
2 0 2.4386249
2 8 1.2371409
2 18 2.742231
2 13 0.6112537
2 33 1.7868241
2 11 1.9996431
2 29 0.9949393
2 20 13.116863
2 37 1.1899304
2 27 1.1479799
2 16 2000.0
2 23 4.817727
2 25 0.5033044
3 36 0.47934064
3 28 4.6213846
3 24 2000.0
3 12 0.0553794
3 1 1.2610887
3 9 0.5481252
4 31 0.06435945
4 9 0.08100828
4 17 0.124604754
4 19 0.07734358
5 30 0.7977108
5 8 1.3022727
5 18 0.72404903
5 13 81.764305
5 11 3.8947506
5 29 8.979297
5 34 1.7128482
5 20 3.5586038
5 37 19.799578
5 7 7.74716
5 27 2.33532
5 16 1.8042673
5 23 9.641377
5 25 2000.0
6 31 0.12719943
6 17 2.8013856
7 30 1.0224161
7 20 86.12285
7 8 18.29618
7 37 123.07693
7 16 1.1242412
7 11 118.563644
7 23 1.265769
7 25 3.036705
7 5 7.74716
8 0 800.0
8 30 1.0174663
8 18 1.3570477
8 13 5.2846813
8 11 0.970191
8 29 1.3112515
8 5 1.3022727
8 34 23.14826
8 2 1.2371409
8 37 1.1774654
8 7 18.29618
8 27 2.0423474
8 16 2.321911
8 23 1.9052906
8 25 2000.0
9 36 0.9080523
9 26 2000.0
9 28 1.4966464
9 10 40.0
9 22 0.056523222
9 31 0.028461456
9 3 0.5481252
9 12 2000.0
9 4 0.08100828
9 17 0.03678977
9 19 0.06529065
10 26 0.029464222
10 28 0.36454773
10 24 0.0759841
10 31 5.9116483
10 12 1695.7954
10 9 40.0
10 17 0.02947575
11 0 2000.0
11 30 0.9735938
11 8 0.970191
11 18 11.226451
11 13 1.6984247
11 33 1.8906547
11 29 1.2006719
11 5 3.8947506
11 34 3.0970874
11 20 2.421198
11 2 1.9996431
11 37 2.0496957
11 7 118.563644
11 27 1.9392025
11 16 1.4247215
11 25 0.81676936
12 26 0.4380885
12 32 15.696613
12 24 0.06383535
12 21 0.16303892
12 3 0.0553794
12 1 17.931679
13 30 44.235825
13 0 2.849939
13 8 5.2846813
13 33 1.718165
13 11 1.6984247
13 29 0.8605866
13 5 81.764305
13 34 2000.0
13 20 1.8362085
13 2 0.6112537
13 14 7.9175496
13 37 1.7847792
13 7 2000.0
13 27 1.0423455
13 16 70.08875
13 25 0.32669353
14 30 13.05864
14 20 2.5350387
14 13 7.9175496
14 27 3.8961313
14 33 0.3619155
14 11 2000.0
14 25 1.9593562
15 32 0.071606696
15 21 6.086226
16 30 1.1026826
16 0 2000.0
16 8 2.321911
16 18 0.94124216
16 13 70.08875
16 11 1.4247215
16 5 1.8042673
16 34 47.89232
16 20 111.38798
16 7 1.1242412
16 27 1.5723934
16 23 3.0146585
16 25 0.76383746
17 6 2.8013856
17 26 1.361376
17 10 0.02947575
17 24 0.15031898
17 31 0.95121974
17 9 0.03678977
17 4 0.124604754
17 19 56.829544
18 0 2000.0
18 30 0.8317762
18 8 1.3570477
18 13 2000.0
18 11 11.226451
18 29 1.8562995
18 5 0.72404903
18 2 2.742231
18 37 2.7814355
18 7 2000.0
18 27 50.68478
18 16 0.94124216
18 23 1.577047
19 31 0.07383112
19 9 0.06529065
19 4 0.07734358
19 17 56.829544
20 30 1.7774836
20 13 1.8362085
20 33 1.3470478
20 11 2.421198
20 29 25.478447
20 5 3.5586038
20 34 1.3431009
20 2 13.116863
20 14 2.5350387
20 37 6.5799503
20 7 86.12285
20 27 2.6793087
20 16 111.38798
20 25 0.906299
21 26 2000.0
21 32 1066.6667
21 24 0.9086432
21 35 0.042283725
21 31 2000.0
21 12 0.16303892
21 15 6.086226
22 31 32.991722
22 9 0.056523222
22 19 2000.0
23 0 2000.0
23 30 1.7765636
23 8 1.9052906
23 2 4.817727
23 37 2.2268791
23 18 1.577047
23 7 1.265769
23 16 3.0146585
23 11 2000.0
23 29 2.132778
23 5 9.641377
24 26 0.036807187
24 32 0.2397667
24 10 0.0759841
24 21 0.9086432
24 12 0.06383535
24 15 2000.0
24 17 0.15031898
25 0 18.963226
25 30 18.278194
25 13 0.32669353
25 33 0.66773784
25 11 0.81676936
25 29 2.2980127
25 34 6.1703687
25 20 0.906299
25 2 0.5033044
25 14 1.9593562
25 37 42.00523
25 7 3.036705
25 27 0.28299245
25 16 0.76383746
26 32 47.806816
26 28 0.04328815
26 10 0.029464222
26 24 0.036807187
26 31 0.27774212
26 12 0.4380885
26 17 1.361376
27 30 0.19686869
27 0 2000.0
27 8 2.0423474
27 18 50.68478
27 13 1.0423455
27 33 0.74805385
27 11 1.9392025
27 29 1.1901813
27 5 2.33532
27 34 1.1249896
27 20 2.6793087
27 2 1.1479799
27 14 3.8961313
27 37 2.0749059
27 7 2000.0
27 16 1.5723934
27 25 0.28299245
28 36 0.060266733
28 26 0.04328815
28 10 0.36454773
28 3 4.6213846
28 12 160.36363
28 9 1.4966464
28 19 1367.8977
29 0 21.645868
29 30 2.8724186
29 8 1.3112515
29 18 1.8562995
29 13 0.8605866
29 33 16.637075
29 11 1.2006719
29 5 8.979297
29 34 4.130344
29 20 25.478447
29 2 0.9949393
29 37 1.1534258
29 7 2000.0
29 27 1.1901813
29 16 1940.9497
29 23 2.132778
29 25 2.2980127
30 8 1.0174663
30 18 0.8317762
30 13 44.235825
30 33 6.476723
30 11 0.9735938
30 29 2.8724186
30 5 0.7977108
30 34 0.75870705
30 20 1.7774836
30 2 21.80492
30 14 13.05864
30 37 18.683537
30 7 1.0224161
30 27 0.19686869
30 16 1.1026826
30 23 1.7765636
30 25 18.278194
31 26 0.27774212
31 6 0.12719943
31 10 5.9116483
31 35 1204.716
31 22 32.991722
31 9 0.028461456
31 4 0.06435945
31 17 0.95121974
31 19 0.07383112
32 26 47.806816
32 24 0.2397667
32 21 1066.6667
32 12 15.696613
32 15 0.071606696
33 30 6.476723
33 13 1.718165
33 11 1.8906547
33 29 16.637075
33 5 2000.0
33 34 2000.0
33 20 1.3470478
33 2 1.7868241
33 14 0.3619155
33 7 2000.0
33 27 0.74805385
33 16 3017.898
33 25 0.66773784
34 30 0.75870705
34 20 1.3431009
34 8 23.14826
34 37 2000.0
34 7 2000.0
34 27 1.1249896
34 16 47.89232
34 11 3.0970874
34 29 4.130344
34 25 6.1703687
34 5 1.7128482
35 21 0.042283725
35 31 1204.716
36 28 0.060266733
36 3 0.47934064
36 9 0.9080523
37 30 18.683537
37 0 3.0175116
37 8 1.1774654
37 18 2.7814355
37 13 1.7847792
37 11 2.0496957
37 29 1.1534258
37 5 19.799578
37 20 6.5799503
37 2 1.1899304
37 7 123.07693
37 27 2.0749059
37 16 2000.0
37 23 2.2268791
37 25 42.00523
