0 8 6.8542094
0 2 1.3882319
0 37 0.76987475
0 13 0.7457119
0 11 47.21436
0 29 14.13369
0 25 2000.0
1 3 0.26318467
1 12 1202.159
2 30 9.23943
2 0 1.3882319
2 8 1.0989333
2 18 12.427119
2 13 0.3407935
2 33 3.1069472
2 11 1.2176836
2 29 0.8116883
2 20 1.8584845
2 37 1.0229527
2 27 0.75139153
2 16 2000.0
2 23 10.423143
2 25 2.3358579
3 36 0.18795213
3 28 0.12851934
3 24 1081.4204
3 12 0.066184424
3 1 0.26318467
3 9 0.26087928
4 31 0.07950111
4 9 0.06651885
4 17 0.09194788
4 19 0.09740884
5 30 0.7428073
5 8 0.8414108
5 18 0.729815
5 13 2000.0
5 11 3.1357808
5 29 4.5040817
5 34 2.9946876
5 20 6.9744
5 37 2000.0
5 7 6.3404937
5 27 1.737047
5 16 1.7400848
5 23 3.144571
6 31 1.3140496
6 17 1.0423952
7 34 14.184092
7 30 1.3924547
7 20 2.5282345
7 8 29.731808
7 37 18.006216
7 27 75.45607
7 16 1.837299
7 11 9.983767
7 23 1.5624752
7 25 9.225486
7 5 6.3404937
8 0 6.8542094
8 30 0.92926383
8 18 1.5278704
8 13 3.4866333
8 11 1.1403503
8 29 1.4067608
8 5 0.8414108
8 34 14.571037
8 2 1.0989333
8 37 1.2917951
8 7 29.731808
8 27 2.1535716
8 16 1.3009852
8 23 1.1215999
9 36 0.42566288
9 26 2000.0
9 28 0.5245655
9 10 5.7927265
9 22 0.5114625
9 31 0.030124756
9 3 0.26087928
9 17 0.047287393
9 4 0.06651885
9 19 0.06523424
10 26 0.031525616
10 28 0.30846778
10 24 0.055513944
10 31 0.053322423
10 12 10.262841
10 9 5.7927265
10 17 0.030625932
11 0 47.21436
11 30 0.5058902
11 8 1.1403503
11 18 7.1482515
11 13 0.8250482
11 33 4.838885
11 29 0.9495174
11 5 3.1357808
11 34 2.7676067
11 20 0.858538
11 2 1.2176836
11 37 1.2151955
11 7 9.983767
11 27 0.54467213
11 16 0.8100252
11 25 1.1955234
12 26 1.3962249
12 28 3.111898
12 32 0.2915324
12 10 10.262841
12 24 0.06593223
12 21 0.068149805
12 3 0.066184424
13 30 6.9835596
13 0 0.7457119
13 8 3.4866333
13 18 312.5
13 33 1.0070819
13 11 0.8250482
13 29 1.1060162
13 34 12.278079
13 20 0.6531776
13 2 0.3407935
13 14 3.0366685
13 37 1.6831625
13 27 1.0665272
13 16 96.87194
13 25 0.62038547
14 20 1.3592598
14 13 3.0366685
14 33 0.41346553
14 27 2.0585554
14 11 2000.0
14 25 1.6992731
15 32 0.072578244
15 21 1.2139317
16 0 2000.0
16 30 1.1033906
16 8 1.3009852
16 18 1.263166
16 13 96.87194
16 11 0.8100252
16 29 28.30692
16 5 1.7400848
16 20 13.026867
16 37 43.461037
16 7 1.837299
16 27 2.6341724
16 23 10.533819
16 25 1.6466107
17 26 1.9226451
17 6 1.0423952
17 10 0.030625932
17 24 0.22008839
17 31 1.1737328
17 9 0.047287393
17 4 0.09194788
17 19 3.4798465
18 30 0.7130555
18 2 12.427119
18 8 1.5278704
18 37 1.420154
18 7 2000.0
18 13 312.5
18 27 4.8955026
18 16 1.263166
18 23 1.2809633
18 11 7.1482515
18 29 1.7110208
18 5 0.729815
19 31 0.06976527
19 9 0.06523424
19 17 3.4798465
19 4 0.09740884
20 30 10.66512
20 13 0.6531776
20 33 1.8862875
20 11 0.858538
20 29 15.189139
20 5 6.9744
20 34 0.97820973
20 2 1.8584845
20 14 1.3592598
20 37 3.4000812
20 7 2.5282345
20 27 0.452603
20 16 13.026867
20 25 0.72194105
21 26 2000.0
21 32 2000.0
21 10 2000.0
21 24 0.7178911
21 35 0.068884395
21 12 0.068149805
21 15 1.2139317
22 6 1612.4432
22 31 155.30115
22 9 0.5114625
22 19 1394.0342
23 0 2000.0
23 30 1.8552874
23 2 10.423143
23 8 1.1215999
23 37 2.1989987
23 18 1.2809633
23 7 1.5624752
23 16 10.533819
23 11 2000.0
23 29 4.708287
23 5 3.144571
24 26 0.08170455
24 32 0.12796137
24 10 0.055513944
24 21 0.7178911
24 31 13.780561
24 12 0.06593223
24 15 2000.0
24 17 0.22008839
25 0 2000.0
25 30 1.5687644
25 13 0.62038547
25 33 0.8786377
25 11 1.1955234
25 29 5.469537
25 34 5.4265385
25 20 0.72194105
25 2 2.3358579
25 14 1.6992731
25 37 10.55696
25 7 9.225486
25 27 0.7181705
25 16 1.6466107
26 32 27.345387
26 28 0.031080699
26 10 0.031525616
26 24 0.08170455
26 31 0.07933359
26 12 1.3962249
26 17 1.9226451
27 0 2000.0
27 30 0.6852396
27 8 2.1535716
27 18 4.8955026
27 13 1.0665272
27 33 1.5327923
27 11 0.54467213
27 29 2.0463974
27 5 1.737047
27 34 1.0012522
27 20 0.452603
27 2 0.75139153
27 14 2.0585554
27 37 1.834392
27 7 75.45607
27 16 2.6341724
27 25 0.7181705
28 36 0.03166569
28 26 0.031080699
28 10 0.30846778
28 3 0.12851934
28 12 3.111898
28 9 0.5245655
29 0 14.13369
29 30 12.925754
29 8 1.4067608
29 18 1.7110208
29 13 1.1060162
29 11 0.9495174
29 5 4.5040817
29 34 7.35016
29 20 15.189139
29 2 0.8116883
29 37 1.0625346
29 7 2000.0
29 27 2.0463974
29 16 28.30692
29 23 4.708287
29 25 5.469537
30 0 2000.0
30 8 0.92926383
30 18 0.7130555
30 13 6.9835596
30 33 1.4307051
30 11 0.5058902
30 29 12.925754
30 5 0.7428073
30 34 2.534853
30 20 10.66512
30 2 9.23943
30 14 2000.0
30 37 5.871344
30 7 1.3924547
30 27 0.6852396
30 16 1.1033906
30 23 1.8552874
30 25 1.5687644
31 26 0.07933359
31 6 1.3140496
31 10 0.053322423
31 24 13.780561
31 22 155.30115
31 9 0.030124756
31 17 1.1737328
31 4 0.07950111
31 19 0.06976527
32 26 27.345387
32 24 0.12796137
32 12 0.2915324
32 15 0.072578244
33 30 1.4307051
33 8 2000.0
33 13 1.0070819
33 11 4.838885
33 29 1601.7046
33 5 2000.0
33 34 2000.0
33 20 1.8862875
33 2 3.1069472
33 14 0.41346553
33 7 2000.0
33 27 1.5327923
33 16 2000.0
33 25 0.8786377
34 30 2.534853
34 20 0.97820973
34 8 14.571037
34 7 14.184092
34 13 12.278079
34 27 1.0012522
34 16 5535.0566
34 11 2.7676067
34 25 5.4265385
34 29 7.35016
34 5 2.9946876
35 21 0.068884395
36 26 1783.9773
36 28 0.03166569
36 3 0.18795213
36 9 0.42566288
37 30 5.871344
37 0 0.76987475
37 8 1.2917951
37 18 1.420154
37 13 1.6831625
37 11 1.2151955
37 29 1.0625346
37 20 3.4000812
37 2 1.0229527
37 7 18.006216
37 27 1.834392
37 16 43.461037
37 23 2.1989987
37 25 10.55696
