0 2 0.8511044
0 37 1.4897727
0 13 0.8882416
0 29 48.71181
0 25 10.561648
1 3 0.7254394
1 12 17.51179
2 30 18.987038
2 0 0.8511044
2 8 1.004539
2 18 3.7984548
2 13 0.7332029
2 33 2.2441046
2 11 2.0599146
2 29 1.0976655
2 20 4.7743545
2 37 0.7532202
2 27 0.97634363
2 16 2000.0
2 23 7.5295305
2 25 0.43373507
3 36 0.63783425
3 28 4.5578322
3 24 126.31579
3 12 0.052067813
3 1 0.7254394
3 9 0.6119696
4 31 0.06925448
4 9 0.07082386
4 17 0.17833506
4 19 0.06732549
5 30 0.67124265
5 8 0.5705427
5 18 0.8975522
5 13 49.957565
5 11 1.7576991
5 29 1.8189831
5 34 2.996458
5 20 2.1905453
5 37 8.304871
5 7 16.258614
5 27 0.97431904
5 16 1.8018489
5 23 2.0910783
5 25 2000.0
6 31 0.3681357
6 17 2.136127
7 30 0.6446034
7 20 235.66478
7 8 5.0743876
7 37 338.99796
7 16 1.455602
7 23 1.4330931
7 11 1488.6932
7 25 2.6110542
7 5 16.258614
8 0 2000.0
8 30 0.3193278
8 18 1.23676
8 13 1.0249158
8 11 0.7429129
8 29 0.35386762
8 5 0.5705427
8 34 23.414156
8 2 1.004539
8 37 1.1410298
8 7 5.0743876
8 27 1.040461
8 16 2.0755167
8 23 0.9651411
8 25 2000.0
9 36 0.4277587
9 26 2000.0
9 28 0.9737136
9 10 25.0875
9 22 0.050343554
9 31 0.031445604
9 3 0.6119696
9 12 2000.0
9 4 0.07082386
9 17 0.03455816
9 19 0.07086175
10 26 0.029720748
10 28 0.66212124
10 24 0.12810853
10 31 39.56044
10 12 1489.8864
10 9 25.0875
10 17 0.034682766
11 0 2000.0
11 30 0.62375945
11 8 0.7429129
11 18 8.265242
11 13 0.7336101
11 33 1.5938761
11 29 1.0824594
11 5 1.7576991
11 34 2.0222723
11 20 1.2642787
11 2 2.0599146
11 37 2.0876198
11 7 1488.6932
11 27 0.56840545
11 16 1.4521645
11 25 0.976801
12 26 1.7895162
12 32 1.6106645
12 28 1274.4319
12 24 0.07916475
12 21 0.29605678
12 3 0.052067813
12 1 17.51179
13 30 69.64148
13 0 0.8882416
13 8 1.0249158
13 18 374.3182
13 33 1.019829
13 11 0.7336101
13 29 1.4919641
13 5 49.957565
13 34 444.85916
13 20 1.2799251
13 2 0.7332029
13 14 7.869426
13 37 1.2531235
13 7 2000.0
13 27 0.5897514
13 16 30.300117
13 25 0.2608915
14 34 2000.0
14 30 19.015892
14 20 3.0796533
14 13 7.869426
14 27 2.518672
14 33 0.36849043
14 11 2000.0
14 25 7.753441
15 32 0.10141225
15 21 3.1112955
16 0 2000.0
16 30 1.059959
16 8 2.0755167
16 18 1.3456604
16 13 30.300117
16 11 1.4521645
16 5 1.8018489
16 34 39.93705
16 20 19.05795
16 7 1.455602
16 27 1.4057326
16 23 3.7430618
16 25 0.87160015
17 6 2.136127
17 26 1.5474799
17 10 0.034682766
17 24 0.108980976
17 31 0.98482
17 9 0.03455816
17 4 0.17833506
17 19 245.62718
18 0 2000.0
18 30 0.6777078
18 8 1.23676
18 13 374.3182
18 11 8.265242
18 29 1.2875541
18 5 0.8975522
18 2 3.7984548
18 37 3.1809442
18 7 2000.0
18 27 19.923399
18 16 1.3456604
18 23 1.514089
19 31 0.06809936
19 9 0.07086175
19 17 245.62718
19 4 0.06732549
20 30 1.204077
20 13 1.2799251
20 33 0.9948759
20 11 1.2642787
20 29 11.114504
20 5 2.1905453
20 34 0.8267445
20 2 4.7743545
20 14 3.0796533
20 37 2.2345893
20 7 235.66478
20 27 1.1670971
20 16 19.05795
20 25 0.39863428
21 26 2000.0
21 32 2000.0
21 10 2000.0
21 24 0.7764069
21 35 0.038561855
21 12 0.29605678
21 15 3.1112955
22 31 75.0
22 9 0.050343554
22 19 2000.0
23 0 2000.0
23 30 0.93192154
23 8 0.9651411
23 2 7.5295305
23 37 1.4266076
23 18 1.514089
23 7 1.4330931
23 16 3.7430618
23 11 2000.0
23 29 0.7391092
23 5 2.0910783
24 26 0.044487953
24 32 0.25444797
24 10 0.12810853
24 21 0.7764069
24 3 126.31579
24 12 0.07916475
24 15 2000.0
24 17 0.108980976
25 30 22.7609
25 0 10.561648
25 13 0.2608915
25 33 0.5605578
25 11 0.976801
25 29 2.114412
25 34 1.9477743
25 20 0.39863428
25 2 0.43373507
25 14 7.753441
25 37 27.067669
25 7 2.6110542
25 27 0.31109956
25 16 0.87160015
26 32 23.76932
26 28 0.079769
26 10 0.029720748
26 24 0.044487953
26 31 0.16107452
26 12 1.7895162
26 17 1.5474799
27 30 0.18341404
27 0 2000.0
27 8 1.040461
27 18 19.923399
27 13 0.5897514
27 33 0.68018794
27 11 0.56840545
27 29 1.018025
27 5 0.97431904
27 34 1.1137648
27 20 1.1670971
27 2 0.97634363
27 14 2.518672
27 37 0.7119318
27 7 2000.0
27 16 1.4057326
27 25 0.31109956
28 36 0.030133763
28 26 0.079769
28 10 0.66212124
28 3 4.5578322
28 12 1274.4319
28 9 0.9737136
28 19 1755.1704
29 0 48.71181
29 30 0.763814
29 8 0.35386762
29 18 1.2875541
29 13 1.4919641
29 33 18.46304
29 11 1.0824594
29 5 1.8189831
29 34 4.176662
29 20 11.114504
29 2 1.0976655
29 37 0.98837495
29 27 1.018025
29 16 2000.0
29 23 0.7391092
29 25 2.114412
30 8 0.3193278
30 18 0.6777078
30 13 69.64148
30 33 7.2209177
30 11 0.62375945
30 29 0.763814
30 5 0.67124265
30 34 0.7725649
30 20 1.204077
30 2 18.987038
30 14 19.015892
30 37 14.534199
30 7 0.6446034
30 27 0.18341404
30 16 1.059959
30 23 0.93192154
30 25 22.7609
31 26 0.16107452
31 6 0.3681357
31 10 39.56044
31 22 75.0
31 9 0.031445604
31 4 0.06925448
31 17 0.98482
31 19 0.06809936
32 26 23.76932
32 24 0.25444797
32 12 1.6106645
32 15 0.10141225
33 30 7.2209177
33 8 2000.0
33 13 1.019829
33 11 1.5938761
33 29 18.46304
33 34 2000.0
33 20 0.9948759
33 2 2.2441046
33 14 0.36849043
33 7 2000.0
33 27 0.68018794
33 16 3017.898
33 25 0.5605578
34 30 0.7725649
34 20 0.8267445
34 8 23.414156
34 37 2000.0
34 7 2000.0
34 13 444.85916
34 27 1.1137648
34 16 39.93705
34 11 2.0222723
34 29 4.176662
34 25 1.9477743
34 5 2.996458
35 21 0.038561855
35 31 1076.534
36 28 0.030133763
36 3 0.63783425
36 9 0.4277587
37 30 14.534199
37 0 1.4897727
37 8 1.1410298
37 18 3.1809442
37 13 1.2531235
37 11 2.0876198
37 29 0.98837495
37 5 8.304871
37 20 2.2345893
37 2 0.7532202
37 7 338.99796
37 27 0.7119318
37 16 2000.0
37 23 1.4266076
37 25 27.067669
