0 2 0.7188502
0 37 1.5651233
0 13 1.0058662
0 25 29.516294
0 29 91.81624
1 3 0.9766458
1 12 37.163284
2 30 14.499618
2 0 0.7188502
2 8 1.2981678
2 18 2.6934886
2 13 0.607455
2 33 2.2824872
2 11 1.512268
2 29 1.0428166
2 20 3.84697
2 37 0.7654051
2 27 0.59702206
2 16 2000.0
2 23 6.096329
2 25 0.75327104
3 36 0.7875237
3 28 17.50439
3 24 2000.0
3 12 0.06578167
3 1 0.9766458
3 9 0.4910191
4 31 0.07919063
4 9 0.09137647
4 17 0.10948098
4 19 0.06946447
5 30 0.54040647
5 8 0.35213065
5 18 0.58852535
5 13 84.99914
5 11 3.329772
5 29 1.9987082
5 34 2.4067664
5 20 1.3496287
5 37 8.903704
5 7 6.7771983
5 27 1.1968439
5 16 1.6325613
5 23 2.1339233
5 25 2000.0
6 31 0.14994502
6 17 2.9778347
7 30 0.70829946
7 20 69.88331
7 8 3.9975932
7 16 1.0830579
7 11 125.21763
7 23 1.1665407
7 25 2.9880152
7 5 6.7771983
8 0 2000.0
8 30 0.4528086
8 18 1.2171152
8 13 2.7516236
8 11 0.8481075
8 29 0.8876857
8 5 0.35213065
8 34 31.081978
8 2 1.2981678
8 37 1.3402997
8 7 3.9975932
8 27 1.0630772
8 16 1.5298592
8 23 0.8328779
8 25 2000.0
9 36 1.0175802
9 28 1.916787
9 10 34.615387
9 22 0.086296
9 31 0.029692085
9 3 0.4910191
9 12 2000.0
9 4 0.09137647
9 17 0.034036826
9 19 0.0660711
10 26 0.029016037
10 28 0.2944648
10 24 0.08995053
10 31 9.245074
10 12 1481.7614
10 9 34.615387
10 17 0.029547859
11 0 2000.0
11 30 0.79445076
11 8 0.8481075
11 18 3.9111629
11 13 1.35939
11 33 1.7234429
11 29 0.82666266
11 5 3.329772
11 34 2.1161244
11 20 1.1975769
11 2 1.512268
11 37 1.378878
11 7 125.21763
11 27 0.70531285
11 16 1.2281077
11 25 0.6433143
12 26 0.6961722
12 32 9.228934
12 24 0.06738816
12 21 0.10521159
12 3 0.06578167
12 1 37.163284
13 30 82.478775
13 0 1.0058662
13 8 2.7516236
13 18 2554.1477
13 33 1.1497257
13 11 1.35939
13 29 0.93796
13 5 84.99914
13 34 200.0
13 20 1.006487
13 2 0.607455
13 14 89.76912
13 37 1.0406824
13 7 2000.0
13 27 1.7632891
13 16 63.06563
13 25 0.24737048
14 34 2000.0
14 30 43.97332
14 20 2.9754138
14 13 89.76912
14 27 3.49185
14 33 0.40579733
14 25 4.4632597
15 32 0.07626737
15 21 2.65046
16 30 1.7640929
16 0 2000.0
16 8 1.5298592
16 18 1.4972993
16 13 63.06563
16 11 1.2281077
16 5 1.6325613
16 34 122.35058
16 20 43.72088
16 7 1.0830579
16 27 2.4888003
16 23 2.006267
16 25 1.3797238
17 6 2.9778347
17 26 3.0018847
17 10 0.029547859
17 24 0.12314471
17 31 1.4619833
17 9 0.034036826
17 4 0.10948098
17 19 1373.9962
18 0 2000.0
18 30 0.8306544
18 8 1.2171152
18 13 2554.1477
18 11 3.9111629
18 29 1.380737
18 5 0.58852535
18 2 2.6934886
18 37 2.4719713
18 7 2000.0
18 27 46.50931
18 16 1.4972993
18 23 1.2711333
19 31 0.07287811
19 9 0.0660711
19 4 0.06946447
19 17 1373.9962
20 30 1.66375
20 13 1.006487
20 33 1.0793927
20 11 1.1975769
20 29 7.2217355
20 5 1.3496287
20 34 0.8671507
20 2 3.84697
20 14 2.9754138
20 37 2.6079783
20 7 69.88331
20 27 1.2528807
20 16 43.72088
20 25 0.6559169
21 26 2000.0
21 32 1066.6667
21 24 0.48202404
21 35 0.031594034
21 31 2000.0
21 12 0.10521159
21 15 2.65046
22 31 114.28571
22 9 0.086296
22 19 2000.0
23 0 2000.0
23 30 1.7277671
23 8 0.8328779
23 2 6.096329
23 37 1.3041327
23 18 1.2711333
23 7 1.1665407
23 16 2.006267
23 11 2000.0
23 29 1.3415673
23 5 2.1339233
24 26 0.04503683
24 32 0.2378274
24 10 0.08995053
24 21 0.48202404
24 12 0.06738816
24 17 0.12314471
25 30 15.28215
25 0 29.516294
25 13 0.24737048
25 33 0.62635547
25 11 0.6433143
25 29 2.5144174
25 34 1.5463328
25 20 0.6559169
25 2 0.75327104
25 14 4.4632597
25 37 110.32197
25 7 2.9880152
25 27 0.22865127
25 16 1.3797238
26 32 23.732956
26 28 0.06443851
26 10 0.029016037
26 24 0.04503683
26 31 0.1432863
26 12 0.6961722
26 17 3.0018847
27 30 0.4664233
27 0 2000.0
27 8 1.0630772
27 18 46.50931
27 13 1.7632891
27 33 1.1985267
27 11 0.70531285
27 29 0.6393217
27 5 1.1968439
27 34 0.977573
27 20 1.2528807
27 2 0.59702206
27 14 3.49185
27 37 1.5886239
27 7 2000.0
27 16 2.4888003
27 25 0.22865127
28 36 0.036093075
28 26 0.06443851
28 10 0.2944648
28 3 17.50439
28 12 1205.3977
28 9 1.916787
28 19 1370.909
29 0 91.81624
29 30 1.7506989
29 8 0.8876857
29 18 1.380737
29 13 0.93796
29 33 45.565346
29 11 0.82666266
29 5 1.9987082
29 34 2.3664396
29 20 7.2217355
29 2 1.0428166
29 37 0.9490492
29 7 2000.0
29 27 0.6393217
29 16 2000.0
29 23 1.3415673
29 25 2.5144174
30 8 0.4528086
30 18 0.8306544
30 13 82.478775
30 33 34.553364
30 11 0.79445076
30 29 1.7506989
30 5 0.54040647
30 34 1.1148934
30 20 1.66375
30 2 14.499618
30 14 43.97332
30 37 18.614069
30 7 0.70829946
30 27 0.4664233
30 16 1.7640929
30 23 1.7277671
30 25 15.28215
31 26 0.1432863
31 6 0.14994502
31 10 9.245074
31 35 48.905304
31 22 114.28571
31 9 0.029692085
31 4 0.07919063
31 17 1.4619833
31 19 0.07287811
32 26 23.732956
32 24 0.2378274
32 21 1066.6667
32 12 9.228934
32 15 0.07626737
33 30 34.553364
33 13 1.1497257
33 11 1.7234429
33 29 45.565346
33 5 2000.0
33 34 2000.0
33 20 1.0793927
33 2 2.2824872
33 14 0.40579733
33 7 2000.0
33 27 1.1985267
33 16 3017.898
33 25 0.62635547
34 30 1.1148934
34 20 0.8671507
34 8 31.081978
34 37 2000.0
34 7 1904.2045
34 13 200.0
34 27 0.977573
34 16 122.35058
34 11 2.1161244
34 29 2.3664396
34 25 1.5463328
34 5 2.4067664
35 21 0.031594034
35 31 48.905304
36 28 0.036093075
36 3 0.7875237
36 9 1.0175802
37 30 18.614069
37 0 1.5651233
37 8 1.3402997
37 18 2.4719713
37 13 1.0406824
37 11 1.378878
37 29 0.9490492
37 5 8.903704
37 20 2.6079783
37 2 0.7654051
37 7 3087.0454
37 27 1.5886239
37 16 2000.0
37 23 1.3041327
37 25 110.32197
