0 2 1.4738736
0 37 1.5546176
0 13 1.7999347
0 29 49.65352
0 25 36.78628
1 3 1.3394593
1 12 17.516956
2 30 25.398525
2 0 1.4738736
2 8 1.2208958
2 18 4.0967607
2 13 0.39247882
2 33 2.3121214
2 11 2.9105844
2 29 1.2131314
2 20 2.6332283
2 37 0.94226074
2 27 0.43530288
2 16 2000.0
2 23 10.507588
2 25 0.5290271
3 36 0.74582636
3 28 14.138271
3 24 2000.0
3 12 0.048160173
3 1 1.3394593
3 9 0.5439742
4 31 0.06914406
4 9 0.06987675
4 17 0.10363053
4 19 0.0780341
5 30 0.631763
5 8 0.33987513
5 18 0.7393704
5 13 21.389305
5 11 1.7394302
5 29 1.8157157
5 34 1.9844434
5 20 2.5066106
5 37 5.5288067
5 7 11.844523
5 27 1.1791112
5 16 1.2104347
5 23 2.9670048
5 25 2000.0
6 31 0.26910427
6 17 8.07609
7 30 0.81974065
7 20 141.83305
7 8 7.4346457
7 37 31.471682
7 27 2000.0
7 16 1.2791582
7 11 151.60715
7 23 1.3303012
7 25 1.6073364
7 29 2000.0
7 5 11.844523
8 0 2000.0
8 30 0.582642
8 18 1.2995527
8 13 1.0726345
8 11 1.2017152
8 29 0.36402157
8 5 0.33987513
8 34 16.911123
8 2 1.2208958
8 37 1.3337227
8 7 7.4346457
8 27 2.2054894
8 16 2.2365193
8 23 1.1276137
8 25 2000.0
9 36 0.3436071
9 26 2000.0
9 28 0.81093377
9 10 32.217125
9 22 0.061970405
9 31 0.030381726
9 3 0.5439742
9 12 2000.0
9 4 0.06987675
9 17 0.037084162
9 19 0.06511707
10 26 0.030490335
10 28 0.302916
10 24 0.11463211
10 31 14.610985
10 12 1249.034
10 9 32.217125
10 17 0.031548966
11 0 2000.0
11 30 0.68296534
11 8 1.2017152
11 18 11.230698
11 13 1.2866584
11 33 2.3324382
11 29 0.9369629
11 5 1.7394302
11 34 1.7876441
11 20 1.1520798
11 2 2.9105844
11 37 2.3892932
11 7 151.60715
11 27 0.65948766
11 16 1.7106314
11 25 0.8362363
12 26 1.0626262
12 32 2.0293288
12 28 1282.5284
12 24 0.08472538
12 21 0.25247788
12 3 0.048160173
12 1 17.516956
13 30 60.94009
13 0 1.7999347
13 8 1.0726345
13 18 1466.5625
13 33 0.7952273
13 11 1.2866584
13 29 0.69341266
13 5 21.389305
13 34 89.431244
13 20 0.8206321
13 2 0.39247882
13 14 6.4722786
13 37 1.013548
13 7 2000.0
13 27 0.34706873
13 16 22.030775
13 25 0.28901967
14 30 14.551272
14 20 1.1634113
14 13 6.4722786
14 27 3.1864712
14 33 0.6519554
14 11 2000.0
14 25 2.3262005
15 32 0.07514367
15 21 3.2692177
16 30 1.9349638
16 0 2000.0
16 8 2.2365193
16 18 2.595267
16 13 22.030775
16 11 1.7106314
16 5 1.2104347
16 34 252.26576
16 20 152.55063
16 7 1.2791582
16 27 2.5301688
16 23 3.2024505
16 25 4.1600113
17 6 8.07609
17 26 4.166667
17 10 0.031548966
17 24 0.12591152
17 31 1.7767601
17 9 0.037084162
17 4 0.10363053
17 19 1310.4545
18 0 2000.0
18 30 0.6395513
18 8 1.2995527
18 13 1466.5625
18 11 11.230698
18 29 1.4519683
18 5 0.7393704
18 2 4.0967607
18 37 6.549528
18 7 2000.0
18 27 32.19873
18 16 2.595267
18 23 1.4876568
19 28 80.00477
19 31 0.07162283
19 9 0.06511707
19 4 0.0780341
20 30 2.4275322
20 13 0.8206321
20 33 0.9692281
20 11 1.1520798
20 29 23.56268
20 5 2.5066106
20 34 0.8440989
20 2 2.6332283
20 14 1.1634113
20 37 1.574574
20 7 141.83305
20 27 1.5394952
20 16 152.55063
20 25 0.6430357
21 32 2000.0
21 10 2000.0
21 24 2.1917539
21 35 0.0464846
21 12 0.25247788
21 15 3.2692177
22 31 1235.1136
22 9 0.061970405
22 19 2000.0
23 0 2000.0
23 30 2.2917356
23 8 1.1276137
23 2 10.507588
23 37 1.9960501
23 18 1.4876568
23 7 1.3303012
23 16 3.2024505
23 11 2000.0
23 29 1.171447
23 5 2.9670048
24 26 0.041338127
24 32 0.2434318
24 10 0.11463211
24 21 2.1917539
24 12 0.08472538
24 15 2000.0
24 17 0.12591152
25 30 12.655991
25 0 36.78628
25 13 0.28901967
25 33 0.6577496
25 11 0.8362363
25 29 2.4787254
25 34 5.3677664
25 20 0.6430357
25 2 0.5290271
25 14 2.3262005
25 37 104.57585
25 7 1.6073364
25 27 0.39287388
25 16 4.1600113
26 32 28.725964
26 28 0.08019855
26 10 0.030490335
26 24 0.041338127
26 31 0.14120457
26 12 1.0626262
26 17 4.166667
27 30 0.1927388
27 0 2000.0
27 8 2.2054894
27 18 32.19873
27 13 0.34706873
27 33 0.70311844
27 11 0.65948766
27 29 0.6350574
27 5 1.1791112
27 34 1.0959201
27 20 1.5394952
27 2 0.43530288
27 14 3.1864712
27 37 0.86364454
27 7 2000.0
27 16 2.5301688
27 25 0.39287388
28 36 0.030829323
28 26 0.08019855
28 10 0.302916
28 3 14.138271
28 12 1282.5284
28 9 0.81093377
28 19 80.00477
29 0 49.65352
29 30 1.0538478
29 8 0.36402157
29 18 1.4519683
29 13 0.69341266
29 33 19.64332
29 11 0.9369629
29 5 1.8157157
29 34 5.6585317
29 20 23.56268
29 2 1.2131314
29 37 0.6403576
29 7 2000.0
29 27 0.6350574
29 16 2000.0
29 23 1.171447
29 25 2.4787254
30 8 0.582642
30 18 0.6395513
30 13 60.94009
30 33 8.548715
30 11 0.68296534
30 29 1.0538478
30 5 0.631763
30 34 0.8604909
30 20 2.4275322
30 2 25.398525
30 14 14.551272
30 37 19.991024
30 7 0.81974065
30 27 0.1927388
30 16 1.9349638
30 23 2.2917356
30 25 12.655991
31 26 0.14120457
31 6 0.26910427
31 10 14.610985
31 35 45.67917
31 22 1235.1136
31 9 0.030381726
31 4 0.06914406
31 17 1.7767601
31 19 0.07162283
32 26 28.725964
32 24 0.2434318
32 12 2.0293288
32 15 0.07514367
33 30 8.548715
33 8 2000.0
33 13 0.7952273
33 11 2.3324382
33 29 19.64332
33 5 2000.0
33 34 2000.0
33 20 0.9692281
33 2 2.3121214
33 14 0.6519554
33 7 2000.0
33 27 0.70311844
33 16 3017.898
33 25 0.6577496
34 30 0.8604909
34 20 0.8440989
34 8 16.911123
34 37 2000.0
34 13 89.431244
34 7 4523.523
34 27 1.0959201
34 16 252.26576
34 11 1.7876441
34 29 5.6585317
34 25 5.3677664
34 5 1.9844434
35 21 0.0464846
35 31 45.67917
36 28 0.030829323
36 3 0.74582636
36 9 0.3436071
37 30 19.991024
37 0 1.5546176
37 8 1.3337227
37 18 6.549528
37 13 1.013548
37 11 2.3892932
37 29 0.6403576
37 5 5.5288067
37 20 1.574574
37 2 0.94226074
37 7 31.471682
37 27 0.86364454
37 16 2000.0
37 23 1.9960501
37 25 104.57585
