0 8 9.6816845
0 2 1.386464
0 37 0.70762026
0 13 0.6939882
0 11 66.46316
0 29 16.9908
1 3 0.24270529
1 12 1202.159
2 30 6.5743885
2 0 1.386464
2 8 0.9485193
2 18 31.182554
2 13 0.31154358
2 33 2.6615849
2 11 0.6450296
2 29 0.8449208
2 20 1.7577736
2 37 0.806612
2 27 0.6504434
2 23 13.049693
2 25 2.1491878
3 36 0.22731236
3 28 0.07361742
3 24 400.0
3 12 0.0503849
3 1 0.24270529
3 9 0.18573864
4 31 0.08080096
4 9 0.04986472
4 17 0.09577234
4 19 0.08955279
5 30 0.5463542
5 8 0.6281876
5 18 0.39049676
5 13 2000.0
5 11 4.601281
5 29 4.725307
5 34 1.1662735
5 20 2.021106
5 37 2000.0
5 7 5.7737093
5 27 1.9268097
5 16 1.6477506
5 23 3.8200557
6 31 1.1880286
6 17 0.69045454
7 34 13.032588
7 30 0.72768325
7 20 1.5497979
7 8 33.697475
7 37 13.361962
7 27 52.63158
7 16 1.102717
7 11 5.4390197
7 23 1.2759285
7 25 15.507413
7 5 5.7737093
8 0 9.6816845
8 30 0.5760104
8 18 0.98026514
8 13 5.5585303
8 11 0.686039
8 29 0.38493967
8 5 0.6281876
8 34 6.9048343
8 2 0.9485193
8 37 0.712135
8 7 33.697475
8 27 1.0313905
8 16 1.5745481
8 23 0.8316845
9 36 1.682722
9 26 2000.0
9 28 3.973531
9 10 17.992897
9 22 0.6197895
9 31 0.028921492
9 3 0.18573864
9 17 0.042926136
9 4 0.04986472
9 19 0.10266669
10 26 0.031864002
10 28 0.14483896
10 24 0.055238683
10 31 0.049360227
10 12 11.6412945
10 9 17.992897
10 17 0.032218702
11 0 66.46316
11 30 0.33046135
11 8 0.686039
11 18 11.438637
11 13 0.7175115
11 33 2.0343862
11 29 1.0930455
11 5 4.601281
11 34 1.815987
11 20 0.6934873
11 2 0.6450296
11 37 1.4040712
11 7 5.4390197
11 27 0.3306725
11 16 0.8694129
11 25 0.91399884
12 26 1.6494689
12 28 3.4992857
12 32 0.14201932
12 10 11.6412945
12 24 0.09045534
12 21 0.076173626
12 3 0.0503849
13 30 2.676293
13 0 0.6939882
13 8 5.5585303
13 18 2000.0
13 33 0.8854217
13 11 0.7175115
13 29 0.7717495
13 5 2000.0
13 34 14.759784
13 20 0.6363822
13 2 0.31154358
13 14 2.5203803
13 37 1.3229234
13 27 0.46148992
13 16 114.28571
13 25 0.68050116
14 20 2.6415381
14 13 2.5203803
14 33 0.4575091
14 27 3.0973167
14 11 2000.0
14 25 2.1104486
15 32 0.07846498
15 21 0.9240058
16 30 1.1397042
16 0 2000.0
16 8 1.5745481
16 18 0.96487504
16 13 114.28571
16 11 0.8694129
16 29 32.3959
16 5 1.6477506
16 20 10.595356
16 37 138.97824
16 7 1.102717
16 27 1.461483
16 23 12.01902
16 25 1.552792
17 26 2.157834
17 6 0.69045454
17 10 0.032218702
17 24 0.2149624
17 31 1.2695194
17 9 0.042926136
17 4 0.09577234
17 19 2.6952407
18 30 0.8341897
18 2 31.182554
18 8 0.98026514
18 37 1.1637442
18 7 2000.0
18 13 2000.0
18 27 5.0191345
18 16 0.96487504
18 23 1.4251637
18 11 11.438637
18 29 1.082101
18 5 0.39049676
19 31 0.08356139
19 9 0.10266669
19 17 2.6952407
19 4 0.08955279
20 30 10.386794
20 13 0.6363822
20 33 1.3374107
20 11 0.6934873
20 29 4.92271
20 5 2.021106
20 34 1.0007675
20 2 1.7577736
20 14 2.6415381
20 37 2.7176645
20 7 1.5497979
20 27 0.48929483
20 16 10.595356
20 25 0.5244504
21 24 0.6718949
21 35 0.043801717
21 12 0.076173626
21 15 0.9240058
22 6 1970.5114
22 31 1168.0114
22 9 0.6197895
22 19 1329.4886
23 0 2000.0
23 30 1.5015783
23 2 13.049693
23 8 0.8316845
23 37 1.7996674
23 18 1.4251637
23 7 1.2759285
23 16 12.01902
23 11 2000.0
23 29 10.780926
23 5 3.8200557
24 26 0.057994537
24 32 0.10900755
24 10 0.055238683
24 21 0.6718949
24 31 21.80822
24 12 0.09045534
24 3 400.0
24 15 2000.0
24 17 0.2149624
25 0 2000.0
25 30 2.118023
25 13 0.68050116
25 33 0.45821115
25 11 0.91399884
25 29 2.1803794
25 34 1.081563
25 20 0.5244504
25 2 2.1491878
25 14 2.1104486
25 37 39.28182
25 7 15.507413
25 27 0.7583551
25 16 1.552792
26 36 100.0
26 32 13.838935
26 28 0.03135246
26 10 0.031864002
26 24 0.057994537
26 31 0.07559739
26 12 1.6494689
26 17 2.157834
27 0 2000.0
27 30 0.21934323
27 8 1.0313905
27 18 5.0191345
27 13 0.46148992
27 33 0.72881675
27 11 0.3306725
27 29 0.65728486
27 5 1.9268097
27 34 1.2415403
27 20 0.48929483
27 2 0.6504434
27 14 3.0973167
27 37 0.7349935
27 7 52.63158
27 16 1.461483
27 25 0.7583551
28 36 0.031066714
28 26 0.03135246
28 10 0.14483896
28 3 0.07361742
28 12 3.4992857
28 9 3.973531
29 0 16.9908
29 30 2.0958552
29 8 0.38493967
29 18 1.082101
29 13 0.7717495
29 11 1.0930455
29 5 4.725307
29 34 9.068059
29 20 4.92271
29 2 0.8449208
29 37 0.793336
29 7 2000.0
29 27 0.65728486
29 16 32.3959
29 23 10.780926
29 25 2.1803794
30 0 2000.0
30 8 0.5760104
30 18 0.8341897
30 13 2.676293
30 33 2.6560996
30 11 0.33046135
30 29 2.0958552
30 5 0.5463542
30 34 1.173917
30 20 10.386794
30 2 6.5743885
30 37 5.288299
30 7 0.72768325
30 27 0.21934323
30 16 1.1397042
30 23 1.5015783
30 25 2.118023
31 26 0.07559739
31 6 1.1880286
31 10 0.049360227
31 24 21.80822
31 9 0.028921492
31 17 1.2695194
31 4 0.08080096
31 19 0.08356139
32 26 13.838935
32 24 0.10900755
32 12 0.14201932
32 15 0.07846498
33 34 2000.0
33 30 2.6560996
33 20 1.3374107
33 2 2.6615849
33 14 0.4575091
33 7 2000.0
33 13 0.8854217
33 27 0.72881675
33 16 2000.0
33 11 2.0343862
33 29 2000.0
33 25 0.45821115
34 30 1.173917
34 20 1.0007675
34 8 6.9048343
34 13 14.759784
34 7 13.032588
34 27 1.2415403
34 16 1215.0568
34 11 1.815987
34 25 1.081563
34 29 9.068059
34 5 1.1662735
35 21 0.043801717
36 26 100.0
36 28 0.031066714
36 3 0.22731236
36 9 1.682722
37 30 5.288299
37 0 0.70762026
37 8 0.712135
37 18 1.1637442
37 13 1.3229234
37 11 1.4040712
37 29 0.793336
37 20 2.7176645
37 2 0.806612
37 7 13.361962
37 27 0.7349935
37 16 138.97824
37 23 1.7996674
37 25 39.28182
