0 8 14.945181
0 2 0.64502174
0 37 0.611936
0 13 0.8610314
0 11 84.24888
0 25 2000.0
0 29 19.498035
1 3 0.2746701
1 12 1218.2954
2 30 48.474392
2 0 0.64502174
2 8 1.2121792
2 18 6.1948204
2 13 0.40937102
2 33 1.8086914
2 11 1.0928885
2 29 1.0762677
2 20 3.2665567
2 37 0.91694784
2 27 0.5593137
2 23 32.548473
2 25 2.0010498
3 36 0.25735888
3 28 0.109699674
3 24 133.33334
3 12 0.065340914
3 1 0.2746701
3 9 0.52209604
4 31 0.06606968
4 9 0.06318694
4 17 0.09390067
4 19 0.11589286
5 30 0.7226786
5 8 0.8804697
5 18 0.3670702
5 13 2000.0
5 11 4.6894984
5 29 3.305395
5 34 2.8621464
5 20 1.2156862
5 37 2000.0
5 7 3.1922836
5 27 1.4965199
5 16 1.4434539
5 23 4.001064
6 21 2000.0
6 31 1.2094283
6 17 1.2351215
7 34 9.685331
7 30 0.6178347
7 20 1.5066845
7 8 23.03212
7 37 13.564648
7 27 163.63637
7 16 1.3253372
7 11 2.1594827
7 23 0.9844921
7 25 5.2858787
7 5 3.1922836
8 0 14.945181
8 30 0.67171687
8 18 0.6707783
8 13 1.2458328
8 11 0.4434131
8 29 0.35283193
8 5 0.8804697
8 34 4.1087775
8 2 1.2121792
8 37 1.1639743
8 7 23.03212
8 27 0.77808374
8 16 1.4943477
8 23 0.84969777
9 36 0.5526974
9 26 2000.0
9 28 1.0796074
9 10 3.0783439
9 22 0.30945164
9 31 0.028420553
9 3 0.52209604
9 17 0.041756704
9 4 0.06318694
9 19 0.07312292
10 26 0.035124812
10 28 0.19801912
10 24 0.07721626
10 31 0.030104473
10 12 2.0591223
10 9 3.0783439
10 17 0.032348
11 0 84.24888
11 30 0.43223736
11 8 0.4434131
11 18 4.5954432
11 13 0.43588945
11 33 5.0517473
11 29 0.99074435
11 5 4.6894984
11 34 2.1211877
11 20 1.0535749
11 2 1.0928885
11 37 1.5578288
11 7 2.1594827
11 27 0.4237903
11 16 0.8581372
11 25 1.1446834
12 26 2.1526027
12 28 1.3715303
12 32 0.29067728
12 10 2.0591223
12 24 0.07392677
12 21 0.069027826
12 3 0.065340914
13 30 1.0964923
13 0 0.8610314
13 8 1.2458328
13 18 2000.0
13 33 0.8212467
13 11 0.43588945
13 29 0.88177884
13 34 6.129447
13 20 0.6809228
13 2 0.40937102
13 14 3.6251643
13 37 2.341078
13 27 0.16722283
13 16 131.65239
13 25 0.653105
14 20 1.3859601
14 13 3.6251643
14 33 0.46306118
14 27 2.982308
14 11 2000.0
14 25 1.5849407
15 32 0.07039927
15 21 1.6948715
16 0 2000.0
16 30 1.0841551
16 8 1.4943477
16 18 1.1238366
16 13 131.65239
16 11 0.8581372
16 29 110.165215
16 5 1.4434539
16 20 16.470102
16 37 22.93927
16 7 1.3253372
16 27 1.5812466
16 23 8.846367
16 25 1.486689
17 26 1.7651993
17 6 1.2351215
17 10 0.032348
17 24 0.21865131
17 31 1.2282693
17 9 0.041756704
17 4 0.09390067
17 19 1.395
18 0 2000.0
18 30 0.8696481
18 8 0.6707783
18 13 2000.0
18 11 4.5954432
18 29 0.98573416
18 5 0.3670702
18 2 6.1948204
18 37 1.2141148
18 7 2000.0
18 27 1.9197589
18 16 1.1238366
18 23 1.3513291
19 31 0.07835846
19 9 0.07312292
19 17 1.395
19 4 0.11589286
20 30 6.5063705
20 13 0.6809228
20 33 1.0975666
20 11 1.0535749
20 29 2.9616213
20 5 1.2156862
20 34 0.7700043
20 2 3.2665567
20 14 1.3859601
20 37 4.1995277
20 7 1.5066845
20 27 0.2599409
20 16 16.470102
20 25 0.547501
21 10 2000.0
21 24 0.11181343
21 35 0.03853856
21 12 0.069027826
21 15 1.6948715
22 6 1300.625
22 31 1199.8864
22 9 0.30945164
22 19 1329.8296
23 0 2000.0
23 30 1.4505415
23 2 32.548473
23 8 0.84969777
23 37 1.9074175
23 18 1.3513291
23 7 0.9844921
23 16 8.846367
23 11 2000.0
23 29 2.6117086
23 5 4.001064
24 26 0.058671035
24 32 0.09929211
24 10 0.07721626
24 21 0.11181343
24 31 7.679211
24 12 0.07392677
24 3 133.33334
24 15 2000.0
24 17 0.21865131
25 0 2000.0
25 30 2.4813974
25 13 0.653105
25 33 0.61527205
25 11 1.1446834
25 29 3.6877768
25 34 2.929367
25 20 0.547501
25 2 2.0010498
25 14 1.5849407
25 37 18.616476
25 7 5.2858787
25 27 0.6327451
25 16 1.486689
26 36 65.164
26 32 42.699276
26 28 0.03640216
26 10 0.035124812
26 24 0.058671035
26 31 0.05868263
26 12 2.1526027
26 17 1.7651993
27 0 2000.0
27 30 0.18347108
27 8 0.77808374
27 18 1.9197589
27 13 0.16722283
27 33 1.051251
27 11 0.4237903
27 29 0.59133524
27 5 1.4965199
27 34 0.7997772
27 20 0.2599409
27 2 0.5593137
27 14 2.982308
27 37 1.3278142
27 7 163.63637
27 16 1.5812466
27 25 0.6327451
28 36 0.043579545
28 26 0.03640216
28 10 0.19801912
28 3 0.109699674
28 12 1.3715303
28 9 1.0796074
29 0 19.498035
29 30 2.3092217
29 8 0.35283193
29 18 0.98573416
29 13 0.88177884
29 11 0.99074435
29 5 3.305395
29 34 1.9037999
29 20 2.9616213
29 2 1.0762677
29 37 0.8589244
29 7 2000.0
29 27 0.59133524
29 16 110.165215
29 23 2.6117086
29 25 3.6877768
30 0 2000.0
30 8 0.67171687
30 18 0.8696481
30 13 1.0964923
30 33 1.8237878
30 11 0.43223736
30 29 2.3092217
30 5 0.7226786
30 34 1.1005682
30 20 6.5063705
30 2 48.474392
30 14 2000.0
30 37 5.873802
30 7 0.6178347
30 27 0.18347108
30 16 1.0841551
30 23 1.4505415
30 25 2.4813974
31 26 0.05868263
31 6 1.2094283
31 10 0.030104473
31 24 7.679211
31 9 0.028420553
31 17 1.2282693
31 4 0.06606968
31 19 0.07835846
32 26 42.699276
32 24 0.09929211
32 12 0.29067728
32 15 0.07039927
33 30 1.8237878
33 8 2000.0
33 13 0.8212467
33 11 5.0517473
33 29 3275.3408
33 5 2000.0
33 34 2000.0
33 20 1.0975666
33 2 1.8086914
33 14 0.46306118
33 7 2000.0
33 27 1.051251
33 16 1998.8635
33 25 0.61527205
34 30 1.1005682
34 20 0.7700043
34 8 4.1087775
34 7 9.685331
34 13 6.129447
34 27 0.7997772
34 16 3216.9885
34 11 2.1211877
34 25 2.929367
34 29 1.9037999
34 5 2.8621464
35 21 0.03853856
36 26 65.164
36 28 0.043579545
36 3 0.25735888
36 9 0.5526974
37 30 5.873802
37 0 0.611936
37 8 1.1639743
37 18 1.2141148
37 13 2.341078
37 11 1.5578288
37 29 0.8589244
37 20 4.1995277
37 2 0.91694784
37 7 13.564648
37 27 1.3278142
37 16 22.93927
37 23 1.9074175
37 25 18.616476
