0 2 0.9650027
0 37 1.5140717
0 13 1.0279406
0 29 34.765354
0 25 15.883816
1 3 1.8201894
1 12 25.16438
2 30 18.193533
2 0 0.9650027
2 8 1.0074233
2 18 2.601402
2 13 0.61439353
2 33 2.5410066
2 11 2.3649735
2 29 1.1386231
2 20 4.694089
2 37 0.7765929
2 27 1.09006
2 16 2000.0
2 23 12.464061
2 25 0.5285675
3 36 0.24397175
3 28 6.920018
3 24 480.00003
3 12 0.048639487
3 1 1.8201894
3 9 0.5023303
4 31 0.06996488
4 9 0.09666633
4 17 0.1376481
4 19 0.073655166
5 30 0.5432281
5 8 1.2711879
5 18 0.50734204
5 13 40.082657
5 11 3.8903763
5 29 1.9752345
5 34 3.0819254
5 20 4.4442124
5 37 9.777278
5 7 11.559366
5 27 2.0105684
5 16 2.561893
5 23 2.3730586
5 25 2000.0
6 31 0.15134129
6 17 4.5880756
7 30 0.72729236
7 8 6.8281155
7 37 291.1211
7 16 2.3508687
7 23 1.3382334
7 25 3.705931
7 5 11.559366
8 0 2000.0
8 30 0.34381315
8 18 1.2385451
8 13 1.7917097
8 11 1.2429335
8 29 1.5968125
8 5 1.2711879
8 34 62.789135
8 2 1.0074233
8 37 1.2831113
8 7 6.8281155
8 27 0.87884474
8 16 1.4980273
8 23 0.9631984
8 25 2000.0
9 36 0.4334366
9 26 2000.0
9 28 1.5620093
9 10 10.926308
9 22 0.058090564
9 31 0.031286657
9 3 0.5023303
9 4 0.09666633
9 17 0.038751297
9 19 0.07537381
10 26 0.029394621
10 28 0.37507334
10 24 0.06893145
10 31 9.40945
10 12 65.93274
10 9 10.926308
10 17 0.031426974
11 0 2000.0
11 30 0.8850879
11 8 1.2429335
11 18 4.5830994
11 13 1.5760313
11 33 2.5874753
11 29 0.733147
11 5 3.8903763
11 34 3.4118965
11 20 1.3363739
11 2 2.3649735
11 37 1.5907018
11 7 4546.1934
11 27 0.7437816
11 16 1.2291259
11 25 1.120652
12 26 1.0480685
12 32 4.0202312
12 10 65.93274
12 24 0.07398368
12 21 0.19619058
12 3 0.048639487
12 1 25.16438
13 30 39.30124
13 0 1.0279406
13 8 1.7917097
13 18 150.0
13 33 0.9142875
13 11 1.5760313
13 29 0.8434705
13 5 40.082657
13 34 259.96622
13 20 1.5202436
13 2 0.61439353
13 14 6.0359454
13 37 0.90985274
13 7 2000.0
13 27 0.24231037
13 16 33.358284
13 25 0.25098476
14 30 10.284591
14 20 2.678645
14 13 6.0359454
14 27 2.417374
14 33 0.35052684
14 25 2.3975353
15 32 0.068506315
15 24 349.99997
15 21 5.353206
16 30 1.6252941
16 8 1.4980273
16 18 1.5723984
16 13 33.358284
16 11 1.2291259
16 29 1737.2158
16 5 2.561893
16 34 24.489794
16 20 26.049335
16 7 2.3508687
16 27 2.3928213
16 23 2.8331802
16 25 0.80469304
17 6 4.5880756
17 26 2.6304588
17 10 0.031426974
17 24 0.1456113
17 31 1.1850947
17 9 0.038751297
17 4 0.1376481
17 19 1305.6819
18 0 2000.0
18 30 0.65870905
18 8 1.2385451
18 13 150.0
18 11 4.5830994
18 29 1.4536923
18 5 0.50734204
18 2 2.601402
18 37 2.3558602
18 7 2000.0
18 27 15.467867
18 16 1.5723984
18 23 1.2089267
19 31 0.097032204
19 9 0.07537381
19 4 0.073655166
20 30 3.0790288
20 13 1.5202436
20 33 1.5675586
20 11 1.3363739
20 29 8.974167
20 5 4.4442124
20 34 1.1708863
20 2 4.694089
20 14 2.678645
20 37 5.688253
20 7 3648.4658
20 27 2.4631062
20 16 26.049335
20 25 0.7337507
21 26 2000.0
21 32 1600.0
21 24 0.9112809
21 35 0.03077346
21 31 2000.0
21 12 0.19619058
21 15 5.353206
22 31 160.0
22 9 0.058090564
22 19 2000.0
23 0 2000.0
23 30 1.1765566
23 8 0.9631984
23 2 12.464061
23 37 2.1073167
23 18 1.2089267
23 7 1.3382334
23 16 2.8331802
23 11 2000.0
23 29 1.4563785
23 5 2.3730586
24 26 0.047737103
24 32 0.3977556
24 10 0.06893145
24 21 0.9112809
24 12 0.07398368
24 3 480.00003
24 15 349.99997
24 17 0.1456113
25 30 25.300837
25 0 15.883816
25 13 0.25098476
25 33 0.8506273
25 11 1.120652
25 29 2.1411486
25 34 2.3408873
25 20 0.7337507
25 2 0.5285675
25 14 2.3975353
25 37 51.470333
25 7 3.705931
25 27 0.21787222
25 16 0.80469304
26 32 12.117393
26 28 0.06257511
26 10 0.029394621
26 24 0.047737103
26 31 0.20528924
26 12 1.0480685
26 17 2.6304588
27 30 1.1332471
27 0 2000.0
27 8 0.87884474
27 18 15.467867
27 13 0.24231037
27 33 0.8117548
27 11 0.7437816
27 29 1.1225479
27 5 2.0105684
27 34 1.2708927
27 20 2.4631062
27 2 1.09006
27 14 2.417374
27 37 0.8222757
27 7 2000.0
27 16 2.3928213
27 25 0.21787222
28 36 0.04412348
28 26 0.06257511
28 10 0.37507334
28 3 6.920018
28 12 1372.1023
28 9 1.5620093
28 19 1254.2045
29 0 34.765354
29 30 3.9412584
29 8 1.5968125
29 18 1.4536923
29 13 0.8434705
29 33 7.8446207
29 11 0.733147
29 5 1.9752345
29 34 2.2850583
29 20 8.974167
29 2 1.1386231
29 37 0.68416864
29 7 2000.0
29 27 1.1225479
29 16 1737.2158
29 23 1.4563785
29 25 2.1411486
30 8 0.34381315
30 18 0.65870905
30 13 39.30124
30 33 10.079875
30 11 0.8850879
30 29 3.9412584
30 5 0.5432281
30 34 0.8235112
30 20 3.0790288
30 2 18.193533
30 14 10.284591
30 37 10.865386
30 7 0.72729236
30 27 1.1332471
30 16 1.6252941
30 23 1.1765566
30 25 25.300837
31 26 0.20528924
31 6 0.15134129
31 10 9.40945
31 35 40.508797
31 22 160.0
31 9 0.031286657
31 4 0.06996488
31 17 1.1850947
31 19 0.097032204
32 26 12.117393
32 10 2000.0
32 24 0.3977556
32 21 1600.0
32 12 4.0202312
32 15 0.068506315
33 30 10.079875
33 8 2000.0
33 13 0.9142875
33 11 2.5874753
33 29 7.8446207
33 34 2000.0
33 20 1.5675586
33 2 2.5410066
33 14 0.35052684
33 7 2000.0
33 27 0.8117548
33 16 1971.0227
33 25 0.8506273
34 30 0.8235112
34 20 1.1708863
34 8 62.789135
34 37 2000.0
34 7 2000.0
34 13 259.96622
34 27 1.2708927
34 16 24.489794
34 11 3.4118965
34 29 2.2850583
34 25 2.3408873
34 5 3.0819254
35 21 0.03077346
35 31 40.508797
36 28 0.04412348
36 3 0.24397175
36 9 0.4334366
37 30 10.865386
37 0 1.5140717
37 8 1.2831113
37 18 2.3558602
37 13 0.90985274
37 11 1.5907018
37 29 0.68416864
37 5 9.777278
37 20 5.688253
37 2 0.7765929
37 7 291.1211
37 27 0.8222757
37 16 2000.0
37 23 2.1073167
37 25 51.470333
