0 2 1.0678318
0 37 1.8137864
0 13 1.0047622
0 29 24.235832
0 25 9.641965
1 3 0.553605
1 12 23.8614
2 30 29.340088
2 0 1.0678318
2 8 1.6515126
2 18 2.1007469
2 13 0.6622053
2 33 1.7138329
2 11 3.854849
2 29 0.97811437
2 20 2.6363814
2 37 1.1258159
2 27 1.6310458
2 16 2000.0
2 23 18.664885
2 25 0.5833939
3 36 2.3477273
3 28 174.50116
3 24 2000.0
3 12 0.09440133
3 1 0.553605
3 9 0.40342173
4 31 0.066193715
4 9 0.08024254
4 17 0.12765877
4 19 0.06799176
5 30 0.59336764
5 8 0.46539682
5 18 1.0290377
5 13 20.244318
5 11 1.4885594
5 29 4.1547523
5 34 3.3570313
5 20 2.1920912
5 37 9.324399
5 7 7.485058
5 27 1.1560187
5 16 1.9378476
5 23 2.203401
5 25 2000.0
6 31 0.16805558
6 17 1.5837345
7 30 1.0243249
7 20 57.257076
7 8 7.842256
7 37 3192.9734
7 16 1.2735034
7 11 100.21874
7 23 1.4425018
7 25 1.0914437
7 5 7.485058
8 0 2000.0
8 30 0.37801787
8 18 1.4030732
8 13 1.501611
8 11 0.91676867
8 29 0.62806517
8 5 0.46539682
8 34 20.513756
8 2 1.6515126
8 37 1.1853052
8 7 7.842256
8 27 1.2206987
8 16 1.4962869
8 23 0.91241884
8 25 2000.0
9 36 0.49734244
9 26 2000.0
9 28 1.3435812
9 10 33.348206
9 22 0.045596596
9 31 0.028530296
9 12 2000.0
9 3 0.40342173
9 4 0.08024254
9 17 0.041833594
9 19 0.065137684
10 26 0.030918559
10 28 0.30760193
10 24 0.089463525
10 31 8.171007
10 12 1275.625
10 9 33.348206
10 17 0.04393216
11 0 2000.0
11 30 0.79554397
11 8 0.91676867
11 18 11.329524
11 13 0.9460471
11 33 2.7314832
11 29 0.7795495
11 5 1.4885594
11 34 3.399174
11 20 0.9022336
11 2 3.854849
11 37 1.6401159
11 7 100.21874
11 27 0.7443275
11 16 1.5218567
11 25 0.7252024
12 26 0.58464944
12 32 7.8647437
12 24 0.06683261
12 21 0.19107406
12 3 0.09440133
12 1 23.8614
13 30 100.454124
13 0 1.0047622
13 8 1.501611
13 33 0.7818507
13 11 0.9460471
13 29 1.025284
13 5 20.244318
13 34 2000.0
13 20 1.0743793
13 2 0.6622053
13 14 3.7022564
13 37 1.156543
13 7 2000.0
13 27 0.2585312
13 16 40.337376
13 25 0.26872697
14 30 14.660878
14 20 1.7682083
14 13 3.7022564
14 27 1.9522578
14 33 0.37285057
14 25 2.7845538
15 32 0.08023277
15 21 7.8915105
16 30 1.5450193
16 0 2000.0
16 8 1.4962869
16 18 0.9891571
16 13 40.337376
16 11 1.5218567
16 5 1.9378476
16 34 57.416832
16 20 11.144878
16 7 1.2735034
16 27 2.1825888
16 23 3.6042747
16 25 0.9174564
17 6 1.5837345
17 26 1.9503282
17 10 0.04393216
17 24 0.16249524
17 31 1.3113474
17 9 0.041833594
17 4 0.12765877
17 19 54.239338
18 0 2000.0
18 30 0.74995154
18 8 1.4030732
18 13 2000.0
18 11 11.329524
18 29 1.6564469
18 5 1.0290377
18 2 2.1007469
18 37 1.9452919
18 7 2000.0
18 27 20.22818
18 16 0.9891571
18 23 1.4754746
19 28 1360.6724
19 31 0.08125712
19 9 0.065137684
19 4 0.06799176
19 17 54.239338
20 30 1.3688734
20 13 1.0743793
20 33 1.1552399
20 11 0.9022336
20 29 8.625566
20 5 2.1920912
20 34 1.1710435
20 2 2.6363814
20 14 1.7682083
20 37 1.7735795
20 7 57.257076
20 27 0.98501027
20 16 11.144878
20 25 0.40496024
21 32 2000.0
21 24 1.1455944
21 35 0.032057
21 31 2000.0
21 12 0.19107406
21 15 7.8915105
22 31 133.33334
22 9 0.045596596
22 19 2000.0
23 0 2000.0
23 30 1.6126459
23 8 0.91241884
23 2 18.664885
23 37 3.2563875
23 18 1.4754746
23 7 1.4425018
23 16 3.6042747
23 11 2000.0
23 29 1.3709847
23 5 2.203401
24 26 0.055722
24 32 0.24913032
24 10 0.089463525
24 21 1.1455944
24 12 0.06683261
24 15 2000.0
24 17 0.16249524
25 30 15.3077755
25 0 9.641965
25 13 0.26872697
25 33 0.72427976
25 11 0.7252024
25 29 1.3253876
25 34 1.946684
25 20 0.40496024
25 2 0.5833939
25 14 2.7845538
25 37 64.078384
25 7 1.0914437
25 27 0.27076665
25 16 0.9174564
26 32 34.61272
26 28 0.06458945
26 10 0.030918559
26 24 0.055722
26 31 0.08969983
26 12 0.58464944
26 17 1.9503282
27 30 0.62265885
27 0 2000.0
27 8 1.2206987
27 18 20.22818
27 13 0.2585312
27 33 0.8141262
27 11 0.7443275
27 29 0.76546776
27 5 1.1560187
27 34 1.5392205
27 20 0.98501027
27 2 1.6310458
27 14 1.9522578
27 37 0.9895588
27 7 2000.0
27 16 2.1825888
27 25 0.27076665
28 36 0.036079545
28 26 0.06458945
28 10 0.30760193
28 12 1200.7954
28 3 174.50116
28 9 1.3435812
28 19 1360.6724
29 0 24.235832
29 30 3.7845278
29 8 0.62806517
29 18 1.6564469
29 13 1.025284
29 33 23.704767
29 11 0.7795495
29 5 4.1547523
29 34 5.4440413
29 20 8.625566
29 2 0.97811437
29 37 0.6191641
29 7 2000.0
29 27 0.76546776
29 16 2000.0
29 23 1.3709847
29 25 1.3253876
30 8 0.37801787
30 18 0.74995154
30 13 100.454124
30 33 10.448446
30 11 0.79554397
30 29 3.7845278
30 5 0.59336764
30 34 0.9251568
30 20 1.3688734
30 2 29.340088
30 14 14.660878
30 37 23.12935
30 7 1.0243249
30 27 0.62265885
30 16 1.5450193
30 23 1.6126459
30 25 15.3077755
31 26 0.08969983
31 6 0.16805558
31 10 8.171007
31 35 47.361366
31 22 133.33334
31 9 0.028530296
31 4 0.066193715
31 17 1.3113474
31 19 0.08125712
32 26 34.61272
32 24 0.24913032
32 12 7.8647437
32 15 0.08023277
33 30 10.448446
33 8 2000.0
33 13 0.7818507
33 11 2.7314832
33 29 23.704767
33 34 2000.0
33 20 1.1552399
33 2 1.7138329
33 14 0.37285057
33 7 2000.0
33 27 0.8141262
33 16 3017.898
33 25 0.72427976
34 30 0.9251568
34 20 1.1710435
34 8 20.513756
34 37 2000.0
34 7 2000.0
34 27 1.5392205
34 16 57.416832
34 11 3.399174
34 29 5.4440413
34 25 1.946684
34 5 3.3570313
35 21 0.032057
35 31 47.361366
36 28 0.036079545
36 3 2.3477273
36 9 0.49734244
37 30 23.12935
37 0 1.8137864
37 8 1.1853052
37 18 1.9452919
37 13 1.156543
37 11 1.6401159
37 29 0.6191641
37 5 9.324399
37 20 1.7735795
37 2 1.1258159
37 7 3192.9734
37 27 0.9895588
37 16 2000.0
37 23 3.2563875
37 25 64.078384
