0 2 1.0170658
0 37 2.2583666
0 13 0.89968485
0 25 163.0215
0 29 18.378761
1 3 1.0491936
1 12 23.5482
2 30 31.930632
2 0 1.0170658
2 8 1.2384071
2 18 2.968551
2 13 0.5810697
2 33 1.2716373
2 11 1.3192116
2 29 1.1529133
2 20 2.5792203
2 37 0.8862754
2 27 1.3234159
2 16 2000.0
2 23 6.6191826
2 25 0.55989957
3 36 0.6497515
3 28 14.25626
3 24 400.0
3 12 0.068621576
3 1 1.0491936
3 9 0.50820374
4 31 0.07266178
4 9 0.09105874
4 17 0.11110056
4 19 0.07604033
5 30 0.72390145
5 8 0.3353856
5 18 0.5883185
5 13 19.777065
5 11 1.4804169
5 29 2.8398044
5 34 2.0419066
5 20 2.0677314
5 37 24.435282
5 7 7.829127
5 27 1.4819618
5 16 1.8106208
5 23 3.821327
5 25 2000.0
6 31 0.1632148
6 17 0.8776787
7 30 1.4280244
7 8 6.185606
7 37 80.0
7 16 1.0892959
7 23 1.2949446
7 25 3.6261368
7 5 7.829127
8 0 2000.0
8 30 0.37375772
8 18 1.2778988
8 13 1.0897484
8 11 1.0267078
8 29 0.41954216
8 5 0.3353856
8 34 22.914083
8 2 1.2384071
8 37 1.4412127
8 7 6.185606
8 27 1.1182606
8 16 1.7404168
8 23 0.93631524
8 25 2000.0
9 36 0.6820976
9 28 1.3900757
9 10 31.29585
9 22 0.049516533
9 31 0.028916879
9 12 2000.0
9 3 0.50820374
9 4 0.09105874
9 17 0.043061204
9 19 0.06534091
10 26 0.030948427
10 28 0.38364595
10 24 0.08547601
10 31 12.818182
10 12 1481.7614
10 9 31.29585
10 17 0.029767305
11 0 2000.0
11 30 1.1981018
11 8 1.0267078
11 18 6.0509386
11 13 1.6779617
11 33 1.9637613
11 29 0.71642995
11 5 1.4804169
11 34 3.6647806
11 20 1.2940055
11 2 1.3192116
11 37 1.1780467
11 7 2372.5
11 27 0.6547574
11 16 1.1924552
11 25 0.4190276
12 26 0.64711905
12 32 10.058146
12 24 0.100592196
12 21 0.1758037
12 3 0.068621576
12 1 23.5482
13 30 37.269196
13 0 0.89968485
13 8 1.0897484
13 18 272.5653
13 33 1.0118268
13 11 1.6779617
13 29 0.7257004
13 5 19.777065
13 34 1991.25
13 20 1.3699777
13 2 0.5810697
13 14 3.3324046
13 37 0.85411227
13 7 2000.0
13 27 0.2895891
13 16 22.204996
13 25 0.26127875
14 30 15.175853
14 20 1.7182226
14 13 3.3324046
14 27 4.5707603
14 33 0.43950891
14 25 4.866414
15 32 0.06840717
15 21 9.133704
16 30 1.282728
16 0 2000.0
16 8 1.7404168
16 18 1.1496962
16 13 22.204996
16 11 1.1924552
16 5 1.8106208
16 34 86.05759
16 20 22.51932
16 7 1.0892959
16 27 1.4739082
16 23 2.583035
16 25 0.9511424
17 6 0.8776787
17 26 1.6019634
17 10 0.029767305
17 24 0.18262677
17 31 1.0156536
17 9 0.043061204
17 4 0.11110056
17 19 43.568466
18 0 2000.0
18 30 0.77399343
18 8 1.2778988
18 13 272.5653
18 11 6.0509386
18 29 1.0951227
18 5 0.5883185
18 2 2.968551
18 37 2.223626
18 7 2000.0
18 27 42.619644
18 16 1.1496962
18 23 1.5274546
19 31 0.08095391
19 9 0.06534091
19 4 0.07604033
19 17 43.568466
20 0 2000.0
20 30 3.5015805
20 13 1.3699777
20 33 2.4601235
20 11 1.2940055
20 29 7.217871
20 5 2.0677314
20 34 1.1164302
20 2 2.5792203
20 14 1.7182226
20 37 4.129794
20 7 2390.1704
20 27 1.9939841
20 16 22.51932
20 25 0.4453816
21 32 2000.0
21 24 0.98560905
21 35 0.038397476
21 31 2000.0
21 12 0.1758037
21 15 9.133704
22 31 43.061466
22 9 0.049516533
22 19 2000.0
23 0 2000.0
23 30 1.8434917
23 8 0.93631524
23 2 6.6191826
23 37 2.4789639
23 18 1.5274546
23 7 1.2949446
23 16 2.583035
23 11 2000.0
23 29 1.1627301
23 5 3.821327
24 26 0.0520731
24 32 0.30305493
24 10 0.08547601
24 21 0.98560905
24 31 2000.0
24 12 0.100592196
24 15 2000.0
24 17 0.18262677
25 30 21.037052
25 0 163.0215
25 13 0.26127875
25 33 0.6311384
25 11 0.4190276
25 29 2.8623416
25 34 1.892621
25 20 0.4453816
25 2 0.55989957
25 14 4.866414
25 37 54.619038
25 7 3.6261368
25 27 0.45302796
25 16 0.9511424
26 32 71.111115
26 28 0.064714946
26 10 0.030948427
26 24 0.0520731
26 31 0.14556497
26 12 0.64711905
26 17 1.6019634
27 30 0.32158077
27 0 2000.0
27 8 1.1182606
27 18 42.619644
27 13 0.2895891
27 33 1.0954987
27 11 0.6547574
27 29 0.7621444
27 5 1.4819618
27 34 0.8962225
27 20 1.9939841
27 2 1.3234159
27 14 4.5707603
27 37 0.83784133
27 7 2000.0
27 16 1.4739082
27 25 0.45302796
28 36 0.030516863
28 26 0.064714946
28 10 0.38364595
28 3 14.25626
28 12 1205.3977
28 9 1.3900757
28 19 1377.3296
29 0 18.378761
29 30 2.0941248
29 8 0.41954216
29 18 1.0951227
29 13 0.7257004
29 33 18.53977
29 11 0.71642995
29 5 2.8398044
29 34 4.6258526
29 20 7.217871
29 2 1.1529133
29 37 1.1014584
29 7 2000.0
29 27 0.7621444
29 16 2000.0
29 23 1.1627301
29 25 2.8623416
30 8 0.37375772
30 18 0.77399343
30 13 37.269196
30 33 7.360979
30 11 1.1981018
30 29 2.0941248
30 5 0.72390145
30 34 1.0248641
30 20 3.5015805
30 2 31.930632
30 14 15.175853
30 37 31.855558
30 7 1.4280244
30 27 0.32158077
30 16 1.282728
30 23 1.8434917
30 25 21.037052
31 26 0.14556497
31 6 0.1632148
31 10 12.818182
31 22 43.061466
31 9 0.028916879
31 4 0.07266178
31 17 1.0156536
31 19 0.08095391
32 26 71.111115
32 24 0.30305493
32 12 10.058146
32 15 0.06840717
33 30 7.360979
33 8 2000.0
33 13 1.0118268
33 11 1.9637613
33 29 18.53977
33 5 2000.0
33 34 2000.0
33 20 2.4601235
33 2 1.2716373
33 14 0.43950891
33 7 2000.0
33 27 1.0954987
33 16 3017.898
33 25 0.6311384
34 30 1.0248641
34 20 1.1164302
34 8 22.914083
34 37 2000.0
34 7 2000.0
34 27 0.8962225
34 16 86.05759
34 11 3.6647806
34 29 4.6258526
34 25 1.892621
34 5 2.0419066
35 21 0.038397476
35 31 1159.5454
36 28 0.030516863
36 3 0.6497515
36 9 0.6820976
37 30 31.855558
37 0 2.2583666
37 8 1.4412127
37 18 2.223626
37 13 0.85411227
37 11 1.1780467
37 29 1.1014584
37 5 24.435282
37 20 4.129794
37 2 0.8862754
37 7 80.0
37 27 0.83784133
37 16 2000.0
37 23 2.4789639
37 25 54.619038
