0 8 9.958509
0 2 1.6960908
0 37 0.8037102
0 13 0.904587
0 11 28.046276
0 29 13.75945
0 25 2000.0
1 3 0.30721006
1 12 1202.159
2 30 31.33156
2 0 1.6960908
2 8 1.7986866
2 18 12.474911
2 13 1.2090398
2 33 2.3248465
2 11 1.4521691
2 29 1.393927
2 20 4.8990035
2 37 1.3580234
2 27 1.1834048
2 16 2000.0
2 23 41.010025
2 25 2.0349572
3 36 0.21604002
3 28 0.119252935
3 24 266.6667
3 12 0.060266066
3 1 0.30721006
3 9 0.3289577
4 31 0.06593053
4 9 0.06986744
4 17 0.0854051
4 19 0.0844243
5 30 1.3439809
5 8 0.4781762
5 18 0.4395414
5 13 2000.0
5 11 3.1872551
5 29 2.2178416
5 34 2.0471382
5 20 2.7172866
5 37 2000.0
5 7 6.2241344
5 27 1.8107059
5 16 1.1909902
5 23 3.5313034
6 31 0.9228801
6 17 1.5853115
7 34 8.894785
7 30 1.4266185
7 20 2.025283
7 8 52.941177
7 37 46.15844
7 16 1.5992134
7 11 16.448591
7 23 1.2129505
7 25 5.0341597
7 5 6.2241344
8 0 9.958509
8 30 0.92156357
8 18 1.0412625
8 13 2.7533426
8 11 0.67391324
8 29 0.8624071
8 5 0.4781762
8 34 11.893405
8 2 1.7986866
8 37 1.116669
8 7 52.941177
8 27 2.7555325
8 16 1.4115672
8 23 0.91664684
9 36 0.9172726
9 26 2000.0
9 28 3.092806
9 10 3.3230221
9 22 0.2837357
9 31 0.030625932
9 3 0.3289577
9 17 0.043380935
9 4 0.06986744
9 19 0.067288965
10 26 0.032859504
10 28 0.26678073
10 24 0.047996175
10 31 0.05002001
10 12 8.641238
10 9 3.3230221
10 17 0.029349549
11 0 28.046276
11 30 0.58232296
11 8 0.67391324
11 18 8.094637
11 13 0.79403055
11 33 2.7021549
11 29 1.1427428
11 5 3.1872551
11 34 2.9124517
11 20 1.0770746
11 2 1.4521691
11 37 1.5391753
11 7 16.448591
11 27 0.43654665
11 16 1.0058035
11 25 0.99275327
12 26 1.1595026
12 28 6.550103
12 32 0.5039474
12 10 8.641238
12 24 0.08216742
12 21 0.12473736
12 3 0.060266066
13 30 5.4547973
13 0 0.904587
13 8 2.7533426
13 18 249.99998
13 33 0.80120057
13 11 0.79403055
13 29 0.71009725
13 5 2000.0
13 34 5.795519
13 20 0.8018794
13 2 1.2090398
13 14 2.3969796
13 37 5.2092195
13 27 0.3768862
13 16 3954.2612
13 25 0.72630537
14 20 3.4291341
14 13 2.3969796
14 33 0.43000644
14 27 2.5304182
14 11 2000.0
14 25 7.0724015
15 32 0.08741235
15 21 7.3153024
16 0 2000.0
16 30 1.140899
16 8 1.4115672
16 18 0.8477174
16 11 1.0058035
16 29 24.508774
16 5 1.1909902
16 20 20.930614
16 37 24.046982
16 7 1.5992134
16 27 2.440678
16 23 8.152395
16 25 1.197085
17 26 1.8753494
17 6 1.5853115
17 10 0.029349549
17 24 0.14554197
17 31 1.2285045
17 9 0.043380935
17 4 0.0854051
17 19 2.5284417
18 30 0.73851526
18 2 12.474911
18 8 1.0412625
18 37 1.4538418
18 13 249.99998
18 7 2000.0
18 27 4.2947383
18 16 0.8477174
18 23 1.3732116
18 11 8.094637
18 29 0.78665257
18 5 0.4395414
19 31 0.066119716
19 9 0.067288965
19 17 2.5284417
19 4 0.0844243
20 0 2000.0
20 30 15.193689
20 13 0.8018794
20 33 1.8267561
20 11 1.0770746
20 29 2.5366054
20 5 2.7172866
20 34 1.1034608
20 2 4.8990035
20 14 3.4291341
20 37 11.782071
20 7 2.025283
20 27 0.54474574
20 16 20.930614
20 25 0.85193026
21 32 2000.0
21 10 2000.0
21 24 0.057264637
21 35 0.04111511
21 12 0.12473736
21 15 7.3153024
22 6 701.3068
22 31 1249.716
22 9 0.2837357
22 19 1386.4772
23 0 2000.0
23 30 1.4578897
23 2 41.010025
23 8 0.91664684
23 37 3.6137238
23 18 1.3732116
23 7 1.2129505
23 16 8.152395
23 11 2000.0
23 29 7.914587
23 5 3.5313034
24 26 0.067064084
24 32 0.088456616
24 10 0.047996175
24 21 0.057264637
24 31 5.313563
24 12 0.08216742
24 3 266.6667
24 15 2000.0
24 17 0.14554197
25 30 2.4835768
25 13 0.72630537
25 33 0.5473688
25 11 0.99275327
25 29 2.1880648
25 34 3.020598
25 20 0.85193026
25 2 2.0349572
25 14 7.0724015
25 37 41.666668
25 7 5.0341597
25 27 0.51252794
25 16 1.197085
26 36 35.75817
26 32 166.10307
26 28 0.1380132
26 10 0.032859504
26 24 0.067064084
26 31 0.07474179
26 12 1.1595026
26 17 1.8753494
27 0 2000.0
27 30 0.49097797
27 8 2.7555325
27 18 4.2947383
27 13 0.3768862
27 33 0.95263416
27 11 0.43654665
27 29 0.24516097
27 5 1.8107059
27 34 1.473423
27 20 0.54474574
27 2 1.1834048
27 14 2.5304182
27 37 2.8846378
27 7 1713.9772
27 16 2.440678
27 25 0.51252794
28 36 0.045426603
28 26 0.1380132
28 10 0.26678073
28 3 0.119252935
28 12 6.550103
28 9 3.092806
29 0 13.75945
29 30 2.9207895
29 8 0.8624071
29 18 0.78665257
29 13 0.71009725
29 11 1.1427428
29 5 2.2178416
29 34 4.180883
29 20 2.5366054
29 2 1.393927
29 37 1.1997052
29 7 2000.0
29 27 0.24516097
29 16 24.508774
29 23 7.914587
29 25 2.1880648
30 0 2000.0
30 8 0.92156357
30 18 0.73851526
30 13 5.4547973
30 33 1.5701859
30 11 0.58232296
30 29 2.9207895
30 5 1.3439809
30 34 3.1954534
30 20 15.193689
30 2 31.33156
30 14 2000.0
30 37 4.8226013
30 7 1.4266185
30 27 0.49097797
30 16 1.140899
30 23 1.4578897
30 25 2.4835768
31 26 0.07474179
31 6 0.9228801
31 10 0.05002001
31 24 5.313563
31 9 0.030625932
31 17 1.2285045
31 4 0.06593053
31 19 0.066119716
32 26 166.10307
32 24 0.088456616
32 12 0.5039474
32 15 0.08741235
33 30 1.5701859
33 8 2000.0
33 13 0.80120057
33 11 2.7021549
33 29 2000.0
33 5 2000.0
33 34 2000.0
33 20 1.8267561
33 2 2.3248465
33 14 0.43000644
33 7 2000.0
33 27 0.95263416
33 16 2000.0
33 25 0.5473688
34 30 3.1954534
34 20 1.1034608
34 8 11.893405
34 7 8.894785
34 13 5.795519
34 27 1.473423
34 16 5535.0566
34 11 2.9124517
34 25 3.020598
34 29 4.180883
34 5 2.0471382
35 21 0.04111511
36 26 35.75817
36 28 0.045426603
36 3 0.21604002
36 9 0.9172726
37 30 4.8226013
37 0 0.8037102
37 8 1.116669
37 18 1.4538418
37 13 5.2092195
37 11 1.5391753
37 29 1.1997052
37 20 11.782071
37 2 1.3580234
37 7 46.15844
37 27 2.8846378
37 16 24.046982
37 23 3.6137238
37 25 41.666668
