0 2 0.82524174
0 37 2.9628074
0 13 0.7234348
0 29 8.7827835
0 25 9.4873905
1 3 0.7150983
1 12 12.323025
2 30 23.009092
2 0 0.82524174
2 8 1.4213052
2 18 2.5308197
2 13 0.7591116
2 33 2.2999961
2 11 1.7965231
2 29 1.5097519
2 20 4.88155
2 37 0.8541576
2 27 1.1075131
2 16 2000.0
2 23 8.701183
2 25 0.72820616
3 36 0.575477
3 28 26.30273
3 24 2000.0
3 12 0.052317206
3 1 0.7150983
3 9 0.37484285
4 31 0.076231316
4 9 0.07214797
4 17 0.13351059
4 19 0.074648716
5 30 0.61159027
5 8 0.44133657
5 18 0.7930129
5 13 19.810745
5 11 2.3836422
5 29 2.6805086
5 34 3.4571888
5 20 2.3257358
5 37 14.708857
5 7 8.236497
5 27 1.2340374
5 16 1.2045726
5 23 3.5472791
5 25 2000.0
6 31 0.117820315
6 17 2.13474
7 34 200.0
7 30 0.788593
7 20 55.29691
7 8 7.7477736
7 16 0.83104604
7 11 46.391045
7 23 1.2047281
7 25 2.2868092
7 5 8.236497
8 0 2000.0
8 30 0.43194142
8 18 1.2105548
8 13 1.1281184
8 11 0.90724456
8 29 1.0625666
8 5 0.44133657
8 34 38.06277
8 2 1.4213052
8 37 1.4192051
8 7 7.7477736
8 27 1.0997947
8 16 1.560854
8 23 0.8975303
8 25 2000.0
9 36 0.35434383
9 26 2000.0
9 28 1.3411708
9 10 20.409918
9 22 0.05426137
9 31 0.029784882
9 12 2000.0
9 3 0.37484285
9 4 0.07214797
9 17 0.032115865
9 19 0.07095769
10 26 0.030142788
10 28 0.45975077
10 24 0.095099054
10 31 19.803032
10 12 85.235794
10 9 20.409918
10 17 0.034107972
11 0 2000.0
11 30 0.7660601
11 8 0.90724456
11 18 7.564314
11 13 0.9213173
11 33 1.6374437
11 29 1.3116628
11 5 2.3836422
11 34 2.3018117
11 20 1.0054711
11 2 1.7965231
11 37 1.4413962
11 7 46.391045
11 27 0.7271424
11 16 1.3555406
11 25 0.8305759
12 26 2.1792045
12 32 2.9778707
12 10 85.235794
12 24 0.0758777
12 21 0.222963
12 3 0.052317206
12 1 12.323025
13 30 55.496685
13 0 0.7234348
13 8 1.1281184
13 18 611.87964
13 33 0.8788569
13 11 0.9213173
13 29 1.870596
13 5 19.810745
13 34 64.28571
13 20 1.1458645
13 2 0.7591116
13 14 4.6374807
13 37 1.2291794
13 7 2000.0
13 27 0.35900825
13 16 27.846132
13 25 0.2906089
14 30 10.155324
14 20 1.961926
14 13 4.6374807
14 27 4.9770694
14 33 0.41791913
14 11 2000.0
14 25 4.338832
15 32 0.07933075
15 21 1.4102184
15 12 2000.0
16 0 2000.0
16 30 1.0985482
16 8 1.560854
16 18 1.2705605
16 13 27.846132
16 11 1.3555406
16 5 1.2045726
16 34 50.297237
16 20 38.938507
16 7 0.83104604
16 27 1.4309857
16 23 4.9029164
16 25 1.6016793
17 6 2.13474
17 26 1.4686071
17 10 0.034107972
17 24 0.072724536
17 31 0.94794697
17 9 0.032115865
17 4 0.13351059
17 19 1195.2273
18 0 2000.0
18 30 0.6271483
18 8 1.2105548
18 13 611.87964
18 11 7.564314
18 29 1.1171957
18 5 0.7930129
18 2 2.5308197
18 37 3.0646746
18 7 2000.0
18 27 20.072485
18 16 1.2705605
18 23 0.8926522
19 28 182.00633
19 31 0.0901399
19 9 0.07095769
19 4 0.074648716
19 17 1195.2273
20 30 1.3214114
20 13 1.1458645
20 33 0.9431141
20 11 1.0054711
20 29 11.148348
20 5 2.3257358
20 34 0.9513936
20 2 4.88155
20 14 1.961926
20 37 3.9713316
20 7 55.29691
20 27 0.77312803
20 16 38.938507
20 25 0.36539522
21 26 2000.0
21 32 2000.0
21 24 0.5484179
21 35 0.036773473
21 12 0.222963
21 15 1.4102184
22 31 200.0
22 9 0.05426137
22 19 2000.0
23 30 1.6902084
23 0 2000.0
23 8 0.8975303
23 2 8.701183
23 37 1.0278245
23 18 0.8926522
23 7 1.2047281
23 16 4.9029164
23 11 2000.0
23 29 0.9971237
23 5 3.5472791
24 26 0.103286505
24 32 0.20481107
24 10 0.095099054
24 21 0.5484179
24 12 0.0758777
24 15 2000.0
24 17 0.072724536
25 30 7.128727
25 0 9.4873905
25 13 0.2906089
25 33 0.5713067
25 11 0.8305759
25 29 1.3879014
25 34 2.036588
25 20 0.36539522
25 2 0.72820616
25 14 4.338832
25 37 42.69332
25 7 2.2868092
25 27 0.30070618
25 16 1.6016793
26 32 1195.4546
26 28 0.128719
26 10 0.030142788
26 24 0.103286505
26 31 0.14528081
26 12 2.1792045
26 17 1.4686071
27 30 0.23100649
27 0 2000.0
27 8 1.0997947
27 18 20.072485
27 13 0.35900825
27 33 0.79411644
27 11 0.7271424
27 29 1.1328381
27 5 1.2340374
27 34 1.2555102
27 20 0.77312803
27 2 1.1075131
27 14 4.9770694
27 37 1.0559574
27 7 2490.341
27 16 1.4309857
27 25 0.30070618
28 36 0.029381767
28 26 0.128719
28 10 0.45975077
28 3 26.30273
28 12 1190.6818
28 9 1.3411708
28 19 182.00633
29 0 8.7827835
29 30 1.5739502
29 8 1.0625666
29 18 1.1171957
29 13 1.870596
29 33 10.126402
29 11 1.3116628
29 5 2.6805086
29 34 6.183237
29 20 11.148348
29 2 1.5097519
29 37 0.50164044
29 7 2000.0
29 27 1.1328381
29 16 2000.0
29 23 0.9971237
29 25 1.3879014
30 8 0.43194142
30 18 0.6271483
30 13 55.496685
30 33 7.6629605
30 11 0.7660601
30 29 1.5739502
30 5 0.61159027
30 34 1.0006098
30 20 1.3214114
30 2 23.009092
30 14 10.155324
30 37 27.89844
30 7 0.788593
30 27 0.23100649
30 16 1.0985482
30 23 1.6902084
30 25 7.128727
31 26 0.14528081
31 6 0.117820315
31 10 19.803032
31 35 153.0616
31 22 200.0
31 9 0.029784882
31 4 0.076231316
31 17 0.94794697
31 19 0.0901399
32 26 1195.4546
32 24 0.20481107
32 21 2000.0
32 12 2.9778707
32 15 0.07933075
33 30 7.6629605
33 13 0.8788569
33 11 1.6374437
33 29 10.126402
33 5 2000.0
33 34 2000.0
33 20 0.9431141
33 2 2.2999961
33 14 0.41791913
33 7 2000.0
33 27 0.79411644
33 16 3017.898
33 25 0.5713067
34 30 1.0006098
34 20 0.9513936
34 8 38.06277
34 37 2000.0
34 7 200.0
34 13 64.28571
34 27 1.2555102
34 16 50.297237
34 11 2.3018117
34 29 6.183237
34 25 2.036588
34 5 3.4571888
35 21 0.036773473
35 31 153.0616
36 28 0.029381767
36 3 0.575477
36 9 0.35434383
37 30 27.89844
37 0 2.9628074
37 8 1.4192051
37 18 3.0646746
37 13 1.2291794
37 11 1.4413962
37 29 0.50164044
37 5 14.708857
37 20 3.9713316
37 2 0.8541576
37 7 2930.284
37 27 1.0559574
37 16 2000.0
37 23 1.0278245
37 25 42.69332
