0 2 1.157808
0 37 2.25156
0 13 1.9977841
0 29 44.899105
0 25 56.41259
1 3 0.4217787
1 12 68.412346
2 30 14.36551
2 0 1.157808
2 8 1.4812443
2 18 4.2209864
2 13 0.4437961
2 33 1.9995039
2 11 1.7013936
2 29 1.1208297
2 20 4.7134
2 37 0.83530456
2 27 0.6663383
2 16 2000.0
2 23 4.557521
2 25 0.582702
3 36 0.37682107
3 28 7.297084
3 24 225.00002
3 12 0.050063144
3 1 0.4217787
3 9 0.81826156
4 31 0.075968705
4 9 0.1245436
4 17 0.14439173
4 19 0.06822764
5 30 1.2802689
5 8 1.3973383
5 18 1.3643202
5 13 142.55261
5 11 2.6377647
5 29 9.127699
5 34 9.399081
5 20 2.744493
5 37 26.108358
5 7 31.416883
5 27 2.233077
5 16 1.6078582
5 23 5.2825356
5 25 2000.0
6 31 0.10429187
6 17 2.7589076
7 34 1198.5745
7 30 0.7730545
7 20 116.96067
7 8 8.842597
7 37 155.31206
7 16 1.1637652
7 11 301.14935
7 23 1.1358057
7 25 2.069559
7 5 31.416883
8 0 2000.0
8 30 0.5199143
8 18 1.0723588
8 13 1.9852096
8 11 2.4034615
8 29 0.89692223
8 5 1.3973383
8 34 35.14642
8 2 1.4812443
8 37 0.8560691
8 7 8.842597
8 27 1.5610127
8 16 1.4471442
8 23 1.411055
8 25 2000.0
9 36 0.5600192
9 28 1.372764
9 10 17.703672
9 22 0.05104776
9 31 0.031117423
9 3 0.81826156
9 12 2000.0
9 4 0.1245436
9 17 0.036327563
9 19 0.071861036
10 26 0.03516284
10 28 0.41825515
10 24 0.0637455
10 31 5.244146
10 12 1305.7954
10 9 17.703672
10 17 0.029439695
11 0 2000.0
11 30 1.1449943
11 8 2.4034615
11 18 13.869244
11 13 1.2786462
11 33 1.9975845
11 29 1.9889311
11 5 2.6377647
11 34 2.0874379
11 20 1.6898315
11 2 1.7013936
11 37 1.4023188
11 7 301.14935
11 27 1.1804037
11 16 1.208018
11 25 0.68552065
12 26 0.40490597
12 32 12.923593
12 24 0.07769135
12 21 0.09907197
12 3 0.050063144
12 1 68.412346
13 30 100.755615
13 0 1.9977841
13 8 1.9852096
13 33 1.2684649
13 11 1.2786462
13 29 1.5800736
13 5 142.55261
13 34 266.6667
13 20 1.1231441
13 2 0.4437961
13 14 3.3230662
13 37 1.3190256
13 7 2000.0
13 27 0.27702978
13 16 27.666811
13 25 0.30241272
14 30 12.478125
14 20 2.7857676
14 13 3.3230662
14 27 4.6164045
14 33 0.4263374
14 11 2000.0
14 25 2.2427576
15 32 0.07000265
15 21 10.823082
15 12 2000.0
16 30 1.0653725
16 0 2000.0
16 8 1.4471442
16 18 1.0039303
16 13 27.666811
16 11 1.208018
16 5 1.6078582
16 34 48.92091
16 20 22.864729
16 7 1.1637652
16 27 1.3676126
16 23 3.4476712
16 25 1.0813984
17 6 2.7589076
17 26 1.3191334
17 10 0.029439695
17 24 0.19801052
17 31 0.9673183
17 9 0.036327563
17 4 0.14439173
17 19 29.588446
18 0 2000.0
18 30 0.8266598
18 8 1.0723588
18 13 2000.0
18 11 13.869244
18 29 1.3286767
18 5 1.3643202
18 2 4.2209864
18 37 3.9068196
18 7 2000.0
18 27 51.676453
18 16 1.0039303
18 23 1.2936603
19 31 0.08556354
19 9 0.071861036
19 4 0.06822764
19 17 29.588446
20 0 2000.0
20 30 2.5909996
20 13 1.1231441
20 33 1.2792667
20 11 1.6898315
20 29 12.125534
20 5 2.744493
20 34 1.2613744
20 2 4.7134
20 14 2.7857676
20 37 4.948242
20 7 116.96067
20 27 1.4666358
20 16 22.864729
20 25 0.50978035
21 32 2000.0
21 24 1.0617775
21 35 0.034375
21 31 2000.0
21 12 0.09907197
21 15 10.823082
22 31 81.032295
22 9 0.05104776
22 19 2000.0
23 0 2000.0
23 30 1.5485444
23 8 1.411055
23 2 4.557521
23 37 1.8721102
23 18 1.2936603
23 7 1.1358057
23 16 3.4476712
23 11 2000.0
23 29 1.5317911
23 5 5.2825356
24 26 0.042088926
24 32 0.3647925
24 10 0.0637455
24 21 1.0617775
24 31 2000.0
24 12 0.07769135
24 3 225.00002
24 15 2000.0
24 17 0.19801052
25 0 56.41259
25 30 32.938778
25 13 0.30241272
25 33 0.65480894
25 11 0.68552065
25 29 2.1479282
25 34 8.418006
25 20 0.50978035
25 2 0.582702
25 14 2.2427576
25 37 48.67089
25 7 2.069559
25 27 0.31120774
25 16 1.0813984
26 32 70.83921
26 28 0.077024154
26 10 0.03516284
26 24 0.042088926
26 31 0.16780445
26 12 0.40490597
26 17 1.3191334
27 30 0.46836853
27 0 2000.0
27 8 1.5610127
27 18 51.676453
27 13 0.27702978
27 33 0.91623664
27 11 1.1804037
27 29 0.85392475
27 5 2.233077
27 34 0.9102072
27 20 1.4666358
27 2 0.6663383
27 14 4.6164045
27 37 1.290095
27 7 2000.0
27 16 1.3676126
27 25 0.31120774
28 36 0.037674118
28 26 0.077024154
28 10 0.41825515
28 3 7.297084
28 12 1209.2046
28 9 1.372764
28 19 1378.6932
29 0 44.899105
29 30 1.8238636
29 8 0.89692223
29 18 1.3286767
29 13 1.5800736
29 33 25.336039
29 11 1.9889311
29 5 9.127699
29 34 3.4445417
29 20 12.125534
29 2 1.1208297
29 37 0.8273997
29 7 2000.0
29 27 0.85392475
29 16 2000.0
29 23 1.5317911
29 25 2.1479282
30 8 0.5199143
30 18 0.8266598
30 13 100.755615
30 33 8.770328
30 11 1.1449943
30 29 1.8238636
30 5 1.2802689
30 34 1.0683035
30 20 2.5909996
30 2 14.36551
30 14 12.478125
30 37 24.605112
30 7 0.7730545
30 27 0.46836853
30 16 1.0653725
30 23 1.5485444
30 25 32.938778
31 26 0.16780445
31 6 0.10429187
31 10 5.244146
31 35 68.71421
31 22 81.032295
31 21 2000.0
31 9 0.031117423
31 4 0.075968705
31 17 0.9673183
31 19 0.08556354
32 26 70.83921
32 24 0.3647925
32 12 12.923593
32 15 0.07000265
33 30 8.770328
33 13 1.2684649
33 11 1.9975845
33 29 25.336039
33 5 2000.0
33 34 2000.0
33 20 1.2792667
33 2 1.9995039
33 14 0.4263374
33 7 2000.0
33 27 0.91623664
33 16 3017.898
33 25 0.65480894
34 30 1.0683035
34 20 1.2613744
34 8 35.14642
34 37 2000.0
34 7 1198.5745
34 13 266.6667
34 27 0.9102072
34 16 48.92091
34 11 2.0874379
34 29 3.4445417
34 25 8.418006
34 5 9.399081
35 21 0.034375
35 31 68.71421
36 28 0.037674118
36 3 0.37682107
36 9 0.5600192
37 30 24.605112
37 0 2.25156
37 8 0.8560691
37 18 3.9068196
37 13 1.3190256
37 11 1.4023188
37 29 0.8273997
37 5 26.108358
37 20 4.948242
37 2 0.83530456
37 7 155.31206
37 27 1.290095
37 16 2000.0
37 23 1.8721102
37 25 48.67089
