0 2 1.3746094
0 37 1.4656273
0 13 1.3785294
0 29 21.684658
0 25 21.67402
1 3 0.62694806
1 12 14.310136
2 30 10.55401
2 0 1.3746094
2 8 1.3201362
2 18 2.1984386
2 13 0.6316488
2 33 1.3610142
2 11 2.283876
2 29 1.1270834
2 20 2.662205
2 37 0.8298092
2 27 0.870355
2 16 2000.0
2 23 11.079383
2 25 0.3950352
3 36 0.39948055
3 28 2.1192586
3 24 189.47371
3 12 0.05056376
3 1 0.62694806
3 9 1.167421
4 31 0.06630167
4 9 0.08179929
4 17 0.1542202
4 19 0.06269447
5 30 0.74073744
5 8 0.44814885
5 18 0.6801116
5 13 38.594406
5 11 1.1968055
5 29 1.4450245
5 34 2.552609
5 20 2.4465508
5 37 13.629245
5 7 21.187601
5 27 1.5494096
5 16 1.9571798
5 23 2.2575955
5 25 2000.0
6 31 0.20296684
6 17 2.1595695
7 34 2000.0
7 30 0.6833558
7 20 28.408009
7 8 6.4652815
7 16 1.2607591
7 23 1.2533246
7 25 3.0112717
7 5 21.187601
8 0 2000.0
8 30 0.3449347
8 18 1.2677101
8 13 1.6409025
8 11 0.95728844
8 29 0.29374036
8 5 0.44814885
8 34 49.550976
8 2 1.3201362
8 37 1.5320141
8 7 6.4652815
8 27 0.90291595
8 16 1.5371962
8 23 0.8454865
8 25 2000.0
9 36 0.46681523
9 26 2000.0
9 28 1.0062867
9 10 37.89474
9 22 0.04592648
9 31 0.028688526
9 3 1.167421
9 12 2000.0
9 4 0.08179929
9 17 0.046401516
9 19 0.06436721
10 26 0.029725214
10 28 0.26381585
10 24 0.07865734
10 31 16.508522
10 12 1400.0
10 9 37.89474
10 17 0.03134164
11 0 2000.0
11 30 0.8334346
11 8 0.95728844
11 18 8.286851
11 13 1.2399526
11 33 1.5512613
11 29 1.9841204
11 5 1.1968055
11 34 2.357673
11 20 1.3641697
11 2 2.283876
11 37 1.581805
11 7 1983.409
11 27 0.6751444
11 16 1.3184416
11 25 0.88652575
12 26 0.975644
12 32 7.5502186
12 24 0.06946722
12 21 0.5870436
12 3 0.05056376
12 1 14.310136
13 30 32.116592
13 0 1.3785294
13 8 1.6409025
13 18 197.83778
13 33 1.2430551
13 11 1.2399526
13 29 1.2521482
13 5 38.594406
13 34 151.99277
13 20 2.305964
13 2 0.6316488
13 14 5.3372564
13 37 1.0813717
13 7 2000.0
13 27 0.5273126
13 16 32.18157
13 25 0.25248098
14 30 9.001799
14 20 2.0135026
14 13 5.3372564
14 27 3.412946
14 33 0.42300174
14 11 2000.0
14 25 2.7760491
15 32 0.07953757
15 21 6.4508066
16 30 1.0580897
16 0 2000.0
16 8 1.5371962
16 18 1.3727232
16 13 32.18157
16 11 1.3184416
16 5 1.9571798
16 34 93.506485
16 20 58.03478
16 7 1.2607591
16 27 1.412794
16 23 3.7277648
16 25 1.5734363
17 6 2.1595695
17 26 1.3696789
17 10 0.03134164
17 24 0.2100634
17 31 1.0014646
17 9 0.046401516
17 4 0.1542202
17 19 1259.8295
18 0 2000.0
18 30 0.8110616
18 8 1.2677101
18 13 197.83778
18 11 8.286851
18 29 1.1094395
18 5 0.6801116
18 2 2.1984386
18 37 1.88648
18 7 2000.0
18 27 27.302557
18 16 1.3727232
18 23 1.4890883
19 28 178.85455
19 31 0.07305068
19 9 0.06436721
19 4 0.06269447
20 30 4.0274353
20 13 2.305964
20 33 1.0097088
20 11 1.3641697
20 29 25.33106
20 5 2.4465508
20 34 1.0615562
20 2 2.662205
20 14 2.0135026
20 37 1.8982704
20 7 28.408009
20 27 1.6881554
20 16 58.03478
20 25 0.5643967
21 32 2000.0
21 10 2000.0
21 24 1.0785208
21 35 0.031343933
21 31 2000.0
21 12 0.5870436
21 15 6.4508066
22 31 31.893196
22 9 0.04592648
22 19 2000.0
23 0 2000.0
23 30 1.8752773
23 8 0.8454865
23 2 11.079383
23 37 1.5106183
23 18 1.4890883
23 7 1.2533246
23 16 3.7277648
23 11 2000.0
23 29 1.2135439
23 5 2.2575955
24 26 0.047007576
24 32 0.6545492
24 10 0.07865734
24 21 1.0785208
24 12 0.06946722
24 3 189.47371
24 15 2000.0
24 17 0.2100634
25 0 21.67402
25 30 33.686245
25 13 0.25248098
25 33 0.6771624
25 11 0.88652575
25 29 1.4431958
25 34 1.3070596
25 20 0.5643967
25 2 0.3950352
25 14 2.7760491
25 37 19.460932
25 7 3.0112717
25 27 0.34815538
25 16 1.5734363
26 32 79.47504
26 28 0.072119914
26 10 0.029725214
26 24 0.047007576
26 31 0.13392946
26 12 0.975644
26 17 1.3696789
27 30 0.24960127
27 0 2000.0
27 8 0.90291595
27 18 27.302557
27 13 0.5273126
27 33 0.8803649
27 11 0.6751444
27 29 1.1888126
27 5 1.5494096
27 34 2.4980125
27 20 1.6881554
27 2 0.870355
27 14 3.412946
27 37 1.0184052
27 7 2000.0
27 16 1.412794
27 25 0.34815538
28 36 0.03708761
28 26 0.072119914
28 10 0.26381585
28 3 2.1192586
28 12 1210.5114
28 9 1.0062867
28 19 178.85455
29 0 21.684658
29 30 1.5179111
29 8 0.29374036
29 18 1.1094395
29 13 1.2521482
29 33 13.472182
29 11 1.9841204
29 5 1.4450245
29 34 5.023278
29 20 25.33106
29 2 1.1270834
29 37 1.0481657
29 7 2000.0
29 27 1.1888126
29 16 2000.0
29 23 1.2135439
29 25 1.4431958
30 8 0.3449347
30 18 0.8110616
30 13 32.116592
30 33 5.382117
30 11 0.8334346
30 29 1.5179111
30 5 0.74073744
30 34 0.7367245
30 20 4.0274353
30 2 10.55401
30 14 9.001799
30 37 15.655307
30 7 0.6833558
30 27 0.24960127
30 16 1.0580897
30 23 1.8752773
30 25 33.686245
31 26 0.13392946
31 6 0.20296684
31 10 16.508522
31 35 131.61511
31 22 31.893196
31 9 0.028688526
31 4 0.06630167
31 17 1.0014646
31 19 0.07305068
32 26 79.47504
32 24 0.6545492
32 21 2000.0
32 12 7.5502186
32 15 0.07953757
33 30 5.382117
33 8 2000.0
33 13 1.2430551
33 11 1.5512613
33 29 13.472182
33 5 2000.0
33 34 2000.0
33 20 1.0097088
33 2 1.3610142
33 14 0.42300174
33 7 2000.0
33 27 0.8803649
33 16 3017.898
33 25 0.6771624
34 30 0.7367245
34 20 1.0615562
34 8 49.550976
34 37 2000.0
34 7 2000.0
34 13 151.99277
34 27 2.4980125
34 16 93.506485
34 11 2.357673
34 29 5.023278
34 25 1.3070596
34 5 2.552609
35 21 0.031343933
35 31 131.61511
36 28 0.03708761
36 3 0.39948055
36 9 0.46681523
37 30 15.655307
37 0 1.4656273
37 8 1.5320141
37 18 1.88648
37 13 1.0813717
37 11 1.581805
37 29 1.0481657
37 5 13.629245
37 20 1.8982704
37 2 0.8298092
37 7 3762.841
37 27 1.0184052
37 16 2000.0
37 23 1.5106183
37 25 19.460932
