0 8 16.221128
0 2 1.4598923
0 37 0.9752751
0 13 0.6175516
0 11 38.701077
0 29 17.252228
1 3 0.45188725
1 12 36.064774
2 30 32.06523
2 0 1.4598923
2 8 1.9331057
2 18 25.191292
2 13 1.2656662
2 33 5.157397
2 11 2.1091557
2 29 1.3172415
2 20 6.250862
2 37 1.5776215
2 27 5.484531
2 16 2000.0
2 23 16.947
2 25 2.5745964
3 36 0.37788677
3 28 0.1312775
3 24 189.47371
3 12 0.09258964
3 1 0.45188725
3 9 0.21393026
4 31 0.06764098
4 9 0.08058867
4 17 0.09399994
4 19 0.16494039
5 34 5.2092676
5 30 0.75885326
5 20 6.2496486
5 8 0.5974147
5 18 0.5784234
5 7 4.8763256
5 27 2.8203146
5 16 1.3130525
5 23 4.9745
5 11 4.6257486
5 29 2.1515455
6 22 93.50758
6 31 1.3451291
6 17 1.9870977
7 34 6.3853974
7 30 1.9279255
7 20 2.6970649
7 8 63.62549
7 37 18.662254
7 27 67.94844
7 16 1.5827171
7 11 7.402684
7 23 1.3163669
7 25 8.998205
7 5 4.8763256
8 0 16.221128
8 30 0.76073027
8 18 1.698946
8 13 2.5991125
8 11 1.1499326
8 29 0.6101423
8 5 0.5974147
8 34 8.018898
8 2 1.9331057
8 37 1.4213021
8 7 63.62549
8 27 3.5846963
8 16 1.3927766
8 23 1.0733072
9 36 1.1717701
9 26 2000.0
9 28 3.576779
9 10 6.4442286
9 22 0.36475408
9 31 0.03125
9 3 0.21393026
9 17 0.046022728
9 4 0.08058867
9 19 0.077720456
10 26 0.031048192
10 28 0.2332698
10 24 0.044590272
10 31 0.050837986
10 12 76.953415
10 9 6.4442286
10 17 0.034319848
11 0 38.701077
11 30 0.8888166
11 8 1.1499326
11 18 19.864803
11 13 1.0701292
11 33 3.9794283
11 29 1.0982968
11 5 4.6257486
11 34 8.080901
11 20 1.2931092
11 2 2.1091557
11 37 2.7894301
11 7 7.402684
11 27 1.398002
11 16 1.1415433
11 25 2.2219057
12 26 0.83925617
12 28 6.054893
12 32 0.59062815
12 10 76.953415
12 24 0.09126188
12 21 0.0697839
12 3 0.09258964
12 1 36.064774
13 30 5.1764035
13 0 0.6175516
13 8 2.5991125
13 18 225.05151
13 33 0.7628838
13 11 1.0701292
13 29 0.8605194
13 34 9.097211
13 20 0.7343282
13 2 1.2656662
13 14 2.756204
13 37 2.3208482
13 27 0.7804432
13 16 142.2215
13 25 0.5284845
14 34 2000.0
14 20 2.802161
14 13 2.756204
14 33 0.6633196
14 27 3.9482954
14 11 2000.0
14 25 3.1901762
15 32 0.08226011
15 21 6.584362
16 30 1.066932
16 0 2000.0
16 8 1.3927766
16 18 1.2897117
16 13 142.2215
16 11 1.1415433
16 29 42.507442
16 5 1.3130525
16 20 35.524876
16 37 49.75863
16 7 1.5827171
16 27 2.0290642
16 23 6.971355
16 25 1.6283898
17 26 1.7947695
17 6 1.9870977
17 10 0.034319848
17 24 0.16124412
17 31 1.4984517
17 9 0.046022728
17 4 0.09399994
17 19 0.95519096
18 30 0.69365686
18 2 25.191292
18 8 1.698946
18 37 2.2712977
18 7 2000.0
18 13 225.05151
18 27 8.45249
18 16 1.2897117
18 23 1.2063495
18 11 19.864803
18 29 1.2043761
18 5 0.5784234
19 31 0.069858424
19 9 0.077720456
19 17 0.95519096
19 4 0.16494039
20 0 2000.0
20 30 9.796875
20 13 0.7343282
20 33 1.7907637
20 11 1.2931092
20 29 4.958925
20 5 6.2496486
20 34 1.5090792
20 2 6.250862
20 14 2.802161
20 37 11.589659
20 7 2.6970649
20 27 0.56303424
20 16 35.524876
20 25 0.8535055
21 32 2000.0
21 10 2000.0
21 24 0.06754479
21 35 0.047386363
21 12 0.0697839
21 15 6.584362
22 6 93.50758
22 31 155.13718
22 9 0.36475408
22 19 1386.4772
23 0 2000.0
23 30 1.8749508
23 2 16.947
23 8 1.0733072
23 37 1.9660192
23 18 1.2063495
23 7 1.3163669
23 16 6.971355
23 11 2000.0
23 29 2.280796
23 5 4.9745
24 26 0.083038375
24 32 0.0901211
24 10 0.044590272
24 21 0.06754479
24 31 6.5791445
24 3 189.47371
24 12 0.09126188
24 15 2000.0
24 17 0.16124412
25 0 2000.0
25 30 5.2240896
25 13 0.5284845
25 33 1.4936103
25 11 2.2219057
25 29 3.148495
25 34 3.377591
25 20 0.8535055
25 2 2.5745964
25 14 3.1901762
25 37 371.5398
25 7 8.998205
25 27 0.87531835
25 16 1.6283898
26 36 88.888885
26 32 261.52997
26 28 0.032115165
26 10 0.031048192
26 24 0.083038375
26 31 0.08704041
26 12 0.83925617
26 17 1.7947695
27 0 2000.0
27 30 0.5041866
27 8 3.5846963
27 18 8.45249
27 13 0.7804432
27 33 1.6396551
27 11 1.398002
27 29 0.5005273
27 5 2.8203146
27 34 0.7895412
27 20 0.56303424
27 2 5.484531
27 14 3.9482954
27 37 4.5686984
27 7 67.94844
27 16 2.0290642
27 25 0.87531835
28 36 0.034983292
28 26 0.032115165
28 10 0.2332698
28 3 0.1312775
28 12 6.054893
28 9 3.576779
29 0 17.252228
29 30 2.8888602
29 8 0.6101423
29 18 1.2043761
29 13 0.8605194
29 11 1.0982968
29 5 2.1515455
29 34 5.6205983
29 20 4.958925
29 2 1.3172415
29 37 1.2545418
29 7 2000.0
29 27 0.5005273
29 16 42.507442
29 23 2.280796
29 25 3.148495
30 0 2000.0
30 8 0.76073027
30 18 0.69365686
30 13 5.1764035
30 33 2.1692393
30 11 0.8888166
30 29 2.8888602
30 5 0.75885326
30 34 2.6104403
30 20 9.796875
30 2 32.06523
30 14 2000.0
30 37 9.973922
30 7 1.9279255
30 27 0.5041866
30 16 1.066932
30 23 1.8749508
30 25 5.2240896
31 26 0.08704041
31 6 1.3451291
31 10 0.050837986
31 24 6.5791445
31 22 155.13718
31 9 0.03125
31 17 1.4984517
31 4 0.06764098
31 19 0.069858424
32 26 261.52997
32 24 0.0901211
32 12 0.59062815
32 15 0.08226011
33 30 2.1692393
33 8 2000.0
33 13 0.7628838
33 11 3.9794283
33 29 2000.0
33 34 2000.0
33 20 1.7907637
33 2 5.157397
33 14 0.6633196
33 7 2000.0
33 27 1.6396551
33 16 2000.0
33 25 1.4936103
34 30 2.6104403
34 20 1.5090792
34 8 8.018898
34 7 6.3853974
34 13 9.097211
34 27 0.7895412
34 16 5535.0566
34 11 8.080901
34 25 3.377591
34 29 5.6205983
34 5 5.2092676
35 21 0.047386363
36 26 88.888885
36 28 0.034983292
36 3 0.37788677
36 9 1.1717701
37 30 9.973922
37 0 0.9752751
37 8 1.4213021
37 18 2.2712977
37 13 2.3208482
37 11 2.7894301
37 29 1.2545418
37 20 11.589659
37 2 1.5776215
37 7 18.662254
37 27 4.5686984
37 16 49.75863
37 23 1.9660192
37 25 371.5398
