0 8 2000.0
0 2 0.90291536
0 37 1.3806816
0 13 0.84696776
0 29 56.632053
0 25 17.088028
1 3 1.1108842
1 12 8.13301
2 30 25.689095
2 0 0.90291536
2 8 1.0608803
2 18 1.7890726
2 13 0.84417826
2 33 2.3863635
2 11 1.6630567
2 29 1.4940196
2 20 2.5844107
2 37 0.80826455
2 27 1.1375166
2 16 2000.0
2 23 6.8714294
2 25 0.62743443
3 36 0.4651316
3 28 25.820667
3 24 2000.0
3 12 0.078295454
3 1 1.1108842
3 9 0.49019882
4 31 0.08827843
4 9 0.08310117
4 17 0.13008162
4 19 0.10512112
5 30 0.60409313
5 8 0.5427992
5 18 1.2127744
5 13 24.05191
5 11 1.5520384
5 29 4.323454
5 34 2.232057
5 20 1.4469272
5 37 21.565657
5 7 12.670857
5 27 2.8569322
5 16 1.4832636
5 23 2.2212186
5 25 2000.0
6 31 0.15056969
6 17 1.3037279
7 34 200.0
7 30 1.8749658
7 20 63.492977
7 8 7.2003775
7 16 1.5535834
7 23 1.1142215
7 11 107.755035
7 25 4.0288234
7 5 12.670857
8 0 2000.0
8 30 0.3301012
8 18 1.4354068
8 13 0.937552
8 11 0.9481612
8 29 0.3246857
8 5 0.5427992
8 34 28.731197
8 2 1.0608803
8 37 1.351295
8 7 7.2003775
8 27 1.1059306
8 16 1.4174982
8 23 0.640536
8 25 2000.0
9 36 0.8819379
9 28 1.2225502
9 10 24.913494
9 22 0.04350763
9 31 0.04929654
9 3 0.49019882
9 12 2000.0
9 4 0.08310117
9 17 0.042894986
9 19 0.11233109
10 26 0.04284422
10 28 0.2546708
10 24 0.075299576
10 31 15.578408
10 12 87.214096
10 9 24.913494
10 17 0.029236753
11 0 2000.0
11 30 0.60612893
11 8 0.9481612
11 18 6.5731454
11 13 0.7749031
11 33 2.7614944
11 29 1.0005591
11 5 1.5520384
11 34 1.8939049
11 20 1.6217365
11 2 1.6630567
11 37 2.4393296
11 7 107.755035
11 27 0.6503878
11 16 1.8947803
11 25 0.7327618
12 26 0.89902043
12 32 8.964375
12 10 87.214096
12 24 0.07603345
12 21 0.12216841
12 3 0.078295454
12 1 8.13301
13 30 119.8584
13 0 0.84696776
13 8 0.937552
13 18 335.58905
13 33 1.1600113
13 11 0.7749031
13 29 0.8335395
13 5 24.05191
13 34 2000.0
13 20 0.80407333
13 2 0.84417826
13 14 4.249092
13 37 1.5341704
13 7 2000.0
13 27 0.6846664
13 16 51.0052
13 25 0.2409105
14 34 2000.0
14 30 15.957241
14 20 1.9247158
14 13 4.249092
14 27 9.629255
14 33 0.6545314
14 11 2000.0
14 25 2.1400886
15 32 0.07284836
15 21 8.953302
16 0 2000.0
16 30 1.0908775
16 8 1.4174982
16 18 1.2192135
16 13 51.0052
16 11 1.8947803
16 5 1.4832636
16 34 65.31353
16 20 49.50439
16 7 1.5535834
16 27 1.4832722
16 23 1.8461747
16 25 1.1940664
17 6 1.3037279
17 26 1.47259
17 10 0.029236753
17 24 0.16115792
17 31 0.9606997
17 9 0.042894986
17 4 0.13008162
17 19 109.94034
18 0 2000.0
18 30 0.85824835
18 8 1.4354068
18 13 335.58905
18 11 6.5731454
18 29 1.7366346
18 5 1.2127744
18 2 1.7890726
18 37 2.45317
18 7 2000.0
18 27 28.062498
18 16 1.2192135
18 23 1.2589519
19 31 0.074531734
19 9 0.11233109
19 17 109.94034
19 4 0.10512112
20 30 2.3972812
20 13 0.80407333
20 33 1.1551998
20 11 1.6217365
20 29 9.506602
20 5 1.4469272
20 34 0.80405325
20 2 2.5844107
20 14 1.9247158
20 37 2.7684815
20 7 63.492977
20 27 0.6981709
20 16 49.50439
20 25 0.36828595
21 26 2000.0
21 32 2000.0
21 24 1.3997183
21 35 0.031030882
21 12 0.12216841
21 15 8.953302
22 31 180.00002
22 9 0.04350763
22 19 2000.0
23 0 2000.0
23 30 1.073651
23 8 0.640536
23 2 6.8714294
23 37 1.3206416
23 18 1.2589519
23 7 1.1142215
23 16 1.8461747
23 11 2000.0
23 29 1.3768678
23 5 2.2212186
24 26 0.04638077
24 32 0.3011634
24 10 0.075299576
24 21 1.3997183
24 31 2000.0
24 12 0.07603345
24 17 0.16115792
25 0 17.088028
25 30 10.671911
25 13 0.2409105
25 33 0.8670824
25 11 0.7327618
25 29 1.7216511
25 34 1.5494791
25 20 0.36828595
25 2 0.62743443
25 14 2.1400886
25 37 39.187748
25 7 4.0288234
25 27 0.21143636
25 16 1.1940664
26 32 26.103054
26 28 0.06692989
26 10 0.04284422
26 24 0.04638077
26 31 0.09312833
26 12 0.89902043
26 17 1.47259
27 30 0.55799216
27 0 2000.0
27 8 1.1059306
27 18 28.062498
27 13 0.6846664
27 33 0.731974
27 11 0.6503878
27 29 0.8171635
27 5 2.8569322
27 34 1.103862
27 20 0.6981709
27 2 1.1375166
27 14 9.629255
27 37 1.8958861
27 7 2000.0
27 16 1.4832722
27 25 0.21143636
28 36 0.04939394
28 26 0.06692989
28 10 0.2546708
28 3 25.820667
28 12 1686.1932
28 9 1.2225502
28 19 1379.716
29 0 56.632053
29 30 2.1516335
29 8 0.3246857
29 18 1.7366346
29 13 0.8335395
29 33 117.611275
29 11 1.0005591
29 5 4.323454
29 34 4.4658875
29 20 9.506602
29 2 1.4940196
29 37 0.9323106
29 7 2000.0
29 27 0.8171635
29 16 2000.0
29 23 1.3768678
29 25 1.7216511
30 8 0.3301012
30 18 0.85824835
30 13 119.8584
30 33 12.119946
30 11 0.60612893
30 29 2.1516335
30 5 0.60409313
30 34 1.1209681
30 20 2.3972812
30 2 25.689095
30 14 15.957241
30 37 19.228838
30 7 1.8749658
30 27 0.55799216
30 16 1.0908775
30 23 1.073651
30 25 10.671911
31 26 0.09312833
31 6 0.15056969
31 10 15.578408
31 35 129.91705
31 22 180.00002
31 9 0.04929654
31 4 0.08827843
31 17 0.9606997
31 19 0.074531734
32 26 26.103054
32 24 0.3011634
32 12 8.964375
32 15 0.07284836
33 30 12.119946
33 8 2000.0
33 13 1.1600113
33 11 2.7614944
33 29 117.611275
33 5 2000.0
33 34 2000.0
33 20 1.1551998
33 2 2.3863635
33 14 0.6545314
33 7 2000.0
33 27 0.731974
33 16 3017.898
33 25 0.8670824
34 30 1.1209681
34 20 0.80405325
34 8 28.731197
34 37 2000.0
34 7 200.0
34 13 2000.0
34 27 1.103862
34 16 65.31353
34 11 1.8939049
34 29 4.4658875
34 25 1.5494791
34 5 2.232057
35 21 0.031030882
35 31 129.91705
36 28 0.04939394
36 3 0.4651316
36 9 0.8819379
37 30 19.228838
37 0 1.3806816
37 8 1.351295
37 18 2.45317
37 13 1.5341704
37 11 2.4393296
37 29 0.9323106
37 5 21.565657
37 20 2.7684815
37 2 0.80826455
37 7 1636.4772
37 27 1.8958861
37 16 2000.0
37 23 1.3206416
37 25 39.187748
