0 8 9.811846
0 2 0.9392364
0 37 0.9644586
0 13 0.63903046
0 11 180.00002
0 29 16.517044
0 25 2000.0
1 3 0.3752566
1 12 1314.6592
2 30 16.7974
2 0 0.9392364
2 8 1.0354595
2 18 3.8702025
2 13 0.44857556
2 33 2.215057
2 11 1.6395804
2 29 1.0685738
2 20 7.1800385
2 37 0.97000945
2 27 1.3295271
2 16 2000.0
2 23 30.811407
2 25 1.3421718
3 36 0.18353526
3 28 0.1261629
3 24 2000.0
3 12 0.060366835
3 1 0.3752566
3 9 0.3367424
4 31 0.08887713
4 9 0.06950447
4 17 0.07745868
4 19 0.08304618
5 30 0.76364017
5 8 0.89949065
5 18 0.49505034
5 13 2000.0
5 11 3.5652802
5 29 3.7220721
5 34 1.9266794
5 20 2.3139524
5 37 2000.0
5 7 4.0275574
5 27 2.3098643
5 16 2.0378947
5 23 5.8918934
6 24 2000.0
6 22 160.0
6 31 1.2691433
6 17 1.3120265
7 34 15.065306
7 30 0.9334785
7 20 1.7916254
7 8 23.34013
7 37 25.823193
7 27 180.00002
7 16 1.1146885
7 11 6.0239425
7 23 1.3274843
7 25 8.618705
7 5 4.0275574
8 0 9.811846
8 30 0.60751677
8 18 1.0112866
8 13 1.5058222
8 11 1.2816763
8 29 0.41266197
8 5 0.89949065
8 34 9.451275
8 2 1.0354595
8 37 1.7197787
8 7 23.34013
8 27 0.9622088
8 16 1.4257892
8 23 1.2240535
9 36 0.92604166
9 26 2000.0
9 28 2.9451976
9 10 4.3664536
9 22 0.15802486
9 31 0.044402014
9 3 0.3367424
9 17 0.04229695
9 4 0.06950447
9 19 0.07455841
10 26 0.04240469
10 28 0.21558332
10 24 0.077355415
10 31 0.038468696
10 12 6.0656776
10 9 4.3664536
10 17 0.041414954
11 0 180.00002
11 30 0.694975
11 8 1.2816763
11 18 8.959327
11 13 0.6289513
11 33 2.835372
11 29 0.82029086
11 5 3.5652802
11 34 2.6823783
11 20 0.8712371
11 2 1.6395804
11 37 1.6648128
11 7 6.0239425
11 27 0.736284
11 16 0.9819669
11 25 1.0169878
12 26 1.8886797
12 28 4.879015
12 32 0.32597008
12 10 6.0656776
12 24 0.08030792
12 21 0.08841635
12 3 0.060366835
13 30 2.83572
13 0 0.63903046
13 8 1.5058222
13 18 50.0
13 33 1.0050602
13 11 0.6289513
13 29 0.7859114
13 34 10.425661
13 20 0.6066957
13 2 0.44857556
13 14 2.3322952
13 37 2.7533853
13 27 0.33136952
13 16 62.38104
13 25 0.58998877
14 34 2000.0
14 20 1.0204579
14 13 2.3322952
14 33 0.47058868
14 27 2.9801698
14 11 2000.0
14 25 2.3909633
15 32 0.077258915
15 21 1.9291431
16 0 2000.0
16 30 1.2523546
16 8 1.4257892
16 18 0.84834576
16 13 62.38104
16 11 0.9819669
16 29 52.103596
16 5 2.0378947
16 20 14.117247
16 37 28.396257
16 7 1.1146885
16 27 2.0742574
16 23 4.654184
16 25 1.0913606
17 26 1.9723316
17 6 1.3120265
17 10 0.041414954
17 24 0.326043
17 31 1.9005462
17 9 0.04229695
17 4 0.07745868
17 19 3.8422303
18 30 0.72713304
18 2 3.8702025
18 8 1.0112866
18 37 1.1225841
18 7 2000.0
18 13 50.0
18 27 2.6349277
18 16 0.84834576
18 23 1.2935959
18 11 8.959327
18 29 0.9472503
18 5 0.49505034
19 31 0.07969449
19 9 0.07455841
19 17 3.8422303
19 4 0.08304618
20 30 8.820328
20 13 0.6066957
20 33 1.0101726
20 11 0.8712371
20 29 3.746254
20 5 2.3139524
20 34 0.79501384
20 2 7.1800385
20 14 1.0204579
20 37 3.077191
20 7 1.7916254
20 27 0.4974419
20 16 14.117247
20 25 0.5052354
21 10 2000.0
21 24 0.08614267
21 35 0.05581109
21 12 0.08841635
21 15 1.9291431
22 6 160.0
22 31 1290.3977
22 9 0.15802486
22 19 1466.6477
23 0 2000.0
23 30 1.5664498
23 2 30.811407
23 8 1.2240535
23 37 3.028079
23 18 1.2935959
23 7 1.3274843
23 16 4.654184
23 11 2000.0
23 29 2.0008144
23 5 5.8918934
24 26 0.059963718
24 32 0.102694
24 10 0.077355415
24 21 0.08614267
24 31 13.723441
24 12 0.08030792
24 15 2000.0
24 17 0.326043
25 30 2.6257956
25 0 2000.0
25 13 0.58998877
25 33 0.8560584
25 11 1.0169878
25 29 3.4944658
25 34 1.8099538
25 20 0.5052354
25 2 1.3421718
25 14 2.3909633
25 37 45.000004
25 7 8.618705
25 27 0.6635408
25 16 1.0913606
26 36 204.4578
26 32 30.898865
26 28 0.054723024
26 10 0.04240469
26 24 0.059963718
26 31 0.070804924
26 12 1.8886797
26 17 1.9723316
27 0 2000.0
27 30 0.36
27 8 0.9622088
27 18 2.6349277
27 13 0.33136952
27 33 0.9340641
27 11 0.736284
27 29 0.57704216
27 5 2.3098643
27 34 2.2396934
27 20 0.4974419
27 2 1.3295271
27 14 2.9801698
27 37 1.2045285
27 7 180.00002
27 16 2.0742574
27 25 0.6635408
28 36 0.03209762
28 26 0.054723024
28 10 0.21558332
28 3 0.1261629
28 12 4.879015
28 9 2.9451976
29 30 6.563511
29 0 16.517044
29 8 0.41266197
29 18 0.9472503
29 13 0.7859114
29 11 0.82029086
29 5 3.7220721
29 34 6.223775
29 20 3.746254
29 2 1.0685738
29 37 1.0969946
29 7 2000.0
29 27 0.57704216
29 16 52.103596
29 23 2.0008144
29 25 3.4944658
30 0 2000.0
30 8 0.60751677
30 18 0.72713304
30 13 2.83572
30 33 2.6782467
30 11 0.694975
30 29 6.563511
30 5 0.76364017
30 34 1.9342681
30 20 8.820328
30 2 16.7974
30 14 2000.0
30 37 5.6080117
30 7 0.9334785
30 27 0.36
30 16 1.2523546
30 23 1.5664498
30 25 2.6257956
31 26 0.070804924
31 6 1.2691433
31 10 0.038468696
31 24 13.723441
31 9 0.044402014
31 17 1.9005462
31 4 0.08887713
31 19 0.07969449
32 26 30.898865
32 24 0.102694
32 12 0.32597008
32 15 0.077258915
33 30 2.6782467
33 8 2000.0
33 13 1.0050602
33 11 2.835372
33 29 3275.3408
33 34 2000.0
33 20 1.0101726
33 2 2.215057
33 14 0.47058868
33 7 2000.0
33 27 0.9340641
33 16 1998.8635
33 25 0.8560584
34 30 1.9342681
34 20 0.79501384
34 8 9.451275
34 7 15.065306
34 13 10.425661
34 27 2.2396934
34 16 5535.0566
34 11 2.6823783
34 25 1.8099538
34 29 6.223775
34 5 1.9266794
35 21 0.05581109
36 26 204.4578
36 28 0.03209762
36 3 0.18353526
36 9 0.92604166
37 30 5.6080117
37 0 0.9644586
37 8 1.7197787
37 18 1.1225841
37 13 2.7533853
37 11 1.6648128
37 29 1.0969946
37 20 3.077191
37 2 0.97000945
37 7 25.823193
37 27 1.2045285
37 16 28.396257
37 23 3.028079
37 25 45.000004
