0 8 8.614778
0 2 0.5639717
0 37 0.8549892
0 13 0.7185933
0 11 421.20306
0 29 8.585796
1 3 0.17371213
1 12 1210.3408
2 30 29.867903
2 0 0.5639717
2 8 1.0464798
2 18 7.392215
2 13 0.4638284
2 33 2.0068047
2 11 1.232524
2 29 1.418117
2 20 2.558287
2 37 0.91121167
2 27 0.5462586
2 23 65.04111
2 25 2.4730837
3 36 0.23527616
3 28 0.086535536
3 24 225.00002
3 12 0.068278745
3 1 0.17371213
3 9 0.4197598
4 31 0.07890013
4 9 0.06864003
4 17 0.070138924
4 19 0.07952141
5 30 0.90375376
5 8 0.8004746
5 18 0.5138542
5 13 67.58489
5 11 3.0029645
5 29 1.8483446
5 34 4.343482
5 20 2.0481842
5 37 2000.0
5 7 13.184749
5 27 1.9112195
5 16 1.6346431
5 23 7.5593085
5 25 2000.0
6 31 1.2699186
6 17 0.71514803
7 34 24.736216
7 30 1.2311202
7 20 8.218209
7 8 38.939903
7 37 12.919912
7 27 77.78409
7 16 1.9590545
7 11 10.582248
7 23 1.7078214
7 25 24.605377
7 5 13.184749
8 0 8.614778
8 30 0.6272691
8 18 0.72267234
8 13 3.5395045
8 11 3.3699536
8 29 0.81865996
8 5 0.8004746
8 34 5.601662
8 2 1.0464798
8 37 1.7417846
8 7 38.939903
8 27 1.0148008
8 16 1.5918877
8 23 1.1029955
9 36 2.3967776
9 26 2000.0
9 28 11.99505
9 10 3.8986607
9 22 0.18169516
9 31 0.029105576
9 3 0.4197598
9 17 0.055527736
9 4 0.06864003
9 19 0.06271033
10 26 0.04567551
10 28 0.9771537
10 24 0.07255575
10 31 0.03265515
10 12 3.137169
10 9 3.8986607
10 17 0.029952304
11 0 421.20306
11 30 0.42674804
11 8 3.3699536
11 18 3.3293715
11 13 0.5773132
11 33 2.2948604
11 29 1.0952451
11 5 3.0029645
11 34 4.324787
11 20 0.88813543
11 2 1.232524
11 37 2.0791116
11 7 10.582248
11 27 0.5255923
11 16 0.8977375
11 25 1.1910112
12 26 0.6366011
12 28 5.565265
12 32 0.41915706
12 10 3.137169
12 24 0.08839286
12 21 0.07329287
12 3 0.068278745
12 1 1210.3408
13 30 0.807799
13 0 0.7185933
13 8 3.5395045
13 18 833.3334
13 33 0.94862276
13 11 0.5773132
13 29 2.0439367
13 5 67.58489
13 34 11.74522
13 20 0.9647254
13 2 0.4638284
13 14 2.9657636
13 37 3.0093522
13 27 0.2473997
13 16 96.409584
13 25 0.6574414
14 20 1.061765
14 13 2.9657636
14 33 0.6154489
14 27 7.4979987
14 11 2000.0
14 25 3.0865717
15 32 0.07640213
15 21 5.867631
16 0 2000.0
16 30 1.2522912
16 8 1.5918877
16 18 0.8902405
16 13 96.409584
16 11 0.8977375
16 29 100.86932
16 5 1.6346431
16 20 14.099318
16 37 2000.0
16 7 1.9590545
16 27 1.5809528
16 23 5.5725203
16 25 2.671589
17 26 1.7231318
17 6 0.71514803
17 10 0.029952304
17 24 0.19801465
17 31 1.3783938
17 9 0.055527736
17 4 0.070138924
17 19 2.7661936
18 30 0.71537703
18 0 2000.0
18 8 0.72267234
18 13 833.3334
18 11 3.3293715
18 29 1.0688388
18 5 0.5138542
18 2 7.392215
18 37 1.3929983
18 7 2000.0
18 27 3.0776386
18 16 0.8902405
18 23 1.6810848
19 31 0.06538132
19 9 0.06271033
19 17 2.7661936
19 4 0.07952141
20 0 2000.0
20 30 5.922424
20 13 0.9647254
20 33 1.4022827
20 11 0.88813543
20 29 2.0341876
20 5 2.0481842
20 34 0.98227674
20 2 2.558287
20 14 1.061765
20 37 7.269581
20 7 8.218209
20 27 0.89263856
20 16 14.099318
20 25 0.84562784
21 32 2000.0
21 24 0.18618725
21 35 0.035524476
21 12 0.07329287
21 15 5.867631
22 6 1073.125
22 31 1121.8182
22 9 0.18169516
22 19 1594.4319
23 0 2000.0
23 30 1.4403732
23 2 65.04111
23 8 1.1029955
23 37 3.1854773
23 18 1.6810848
23 7 1.7078214
23 16 5.5725203
23 11 2000.0
23 29 3.6004465
23 5 7.5593085
24 26 0.09365301
24 32 0.1473711
24 10 0.07255575
24 21 0.18618725
24 31 15.827823
24 12 0.08839286
24 3 225.00002
24 15 2000.0
24 17 0.19801465
25 0 2000.0
25 30 2.840681
25 13 0.6574414
25 33 0.6652263
25 11 1.1910112
25 29 2.4688997
25 34 6.255372
25 20 0.84562784
25 2 2.4730837
25 14 3.0865717
25 37 15.232482
25 7 24.605377
25 27 0.8218125
25 16 2.671589
26 32 180.00002
26 28 0.039796766
26 10 0.04567551
26 24 0.09365301
26 31 0.063036025
26 12 0.6366011
26 17 1.7231318
27 0 2000.0
27 30 0.16089821
27 8 1.0148008
27 18 3.0776386
27 13 0.2473997
27 33 1.3426818
27 11 0.5255923
27 29 0.7354505
27 5 1.9112195
27 34 1.9524976
27 20 0.89263856
27 2 0.5462586
27 14 7.4979987
27 37 2.0743775
27 7 77.78409
27 16 1.5809528
27 25 0.8218125
28 36 0.06740298
28 26 0.039796766
28 10 0.9771537
28 3 0.086535536
28 12 5.565265
28 9 11.99505
29 0 8.585796
29 30 3.7631106
29 8 0.81865996
29 18 1.0688388
29 13 2.0439367
29 11 1.0952451
29 5 1.8483446
29 34 8.115249
29 20 2.0341876
29 2 1.418117
29 37 0.75939465
29 7 2000.0
29 27 0.7354505
29 16 100.86932
29 23 3.6004465
29 25 2.4688997
30 0 2000.0
30 8 0.6272691
30 18 0.71537703
30 13 0.807799
30 33 1.7800571
30 11 0.42674804
30 29 3.7631106
30 5 0.90375376
30 34 3.6281934
30 20 5.922424
30 2 29.867903
30 14 2000.0
30 37 11.892917
30 7 1.2311202
30 27 0.16089821
30 16 1.2522912
30 23 1.4403732
30 25 2.840681
31 26 0.063036025
31 6 1.2699186
31 10 0.03265515
31 24 15.827823
31 9 0.029105576
31 17 1.3783938
31 4 0.07890013
31 19 0.06538132
32 26 180.00002
32 24 0.1473711
32 12 0.41915706
32 15 0.07640213
33 30 1.7800571
33 8 2000.0
33 13 0.94862276
33 11 2.2948604
33 29 2382.1023
33 5 2000.0
33 34 2000.0
33 20 1.4022827
33 2 2.0068047
33 14 0.6154489
33 7 2000.0
33 27 1.3426818
33 16 2000.0
33 25 0.6652263
34 30 3.6281934
34 20 0.98227674
34 8 5.601662
34 7 24.736216
34 13 11.74522
34 27 1.9524976
34 16 2536.0227
34 11 4.324787
34 25 6.255372
34 29 8.115249
34 5 4.343482
35 21 0.035524476
36 26 2000.0
36 28 0.06740298
36 3 0.23527616
36 9 2.3967776
37 30 11.892917
37 0 0.8549892
37 8 1.7417846
37 18 1.3929983
37 13 3.0093522
37 11 2.0791116
37 29 0.75939465
37 20 7.269581
37 2 0.91121167
37 7 12.919912
37 27 2.0743775
37 16 2000.0
37 23 3.1854773
37 25 15.232482
