0 8 5.9567204
0 2 1.3328558
0 37 1.630956
0 13 0.57972854
0 11 12.570867
0 29 14.775841
1 3 0.24477343
1 12 1202.159
2 30 27.973803
2 0 1.3328558
2 8 1.1014552
2 18 5.5129924
2 13 0.34972402
2 33 2.4490712
2 11 1.1528833
2 29 0.9098167
2 20 4.061611
2 37 0.9194337
2 27 1.2433878
2 16 2000.0
2 23 45.000004
2 25 1.5379975
3 36 0.23423755
3 28 0.12765151
3 24 143.22726
3 12 0.06849966
3 1 0.24477343
3 9 0.55082834
4 31 0.08146646
4 9 0.08811731
4 17 0.0794966
4 19 0.10221775
5 30 0.8661817
5 8 0.7469475
5 18 1.2138386
5 13 2000.0
5 11 3.8223498
5 29 6.9363756
5 34 5.5028315
5 20 3.3283908
5 37 2000.0
5 7 44.44886
5 27 2.6736178
5 16 1.4504764
5 23 3.158033
6 31 1.2324841
6 17 0.6405469
7 34 8.293243
7 30 2.5243607
7 20 2.551825
7 8 64.4901
7 37 12.017288
7 27 2000.0
7 16 1.2557889
7 11 6.6558747
7 23 1.0684781
7 25 7.21387
7 5 44.44886
8 0 5.9567204
8 30 0.6412809
8 18 1.1540072
8 13 1.4220344
8 11 0.81177557
8 29 0.65028936
8 5 0.7469475
8 34 3.7202196
8 2 1.1014552
8 37 1.1117723
8 7 64.4901
8 27 1.2845823
8 16 1.3204517
8 23 0.8288003
9 36 0.81822556
9 26 2000.0
9 28 5.006003
9 10 6.4578304
9 22 0.5000884
9 31 0.028440878
9 3 0.55082834
9 12 2000.0
9 17 0.045905173
9 4 0.08811731
9 19 0.08680441
10 26 0.02964354
10 28 0.111785196
10 24 0.050784633
10 31 0.04602805
10 12 7.246933
10 9 6.4578304
10 17 0.040766478
11 0 12.570867
11 30 0.53219014
11 8 0.81177557
11 18 4.1979456
11 13 0.551939
11 33 1.428657
11 29 0.9185934
11 5 3.8223498
11 34 2.7723196
11 20 1.5567411
11 2 1.1528833
11 37 1.4410434
11 7 6.6558747
11 27 0.7718168
11 16 0.6681337
11 25 1.5616033
12 26 0.6429038
12 28 4.083838
12 32 0.29207253
12 10 7.246933
12 24 0.06504688
12 21 0.069303066
12 3 0.06849966
13 30 1.8693873
13 0 0.57972854
13 8 1.4220344
13 18 355.55554
13 33 1.0851754
13 11 0.551939
13 29 1.2377292
13 34 6.0425887
13 20 1.2688265
13 2 0.34972402
13 14 1.8874661
13 37 1.353126
13 27 0.2992922
13 16 2693.2954
13 25 0.5871054
14 20 1.6512715
14 13 1.8874661
14 33 0.4273556
14 27 2.6984897
14 11 2000.0
14 25 1.3138456
15 32 0.076384544
15 21 0.89783055
16 0 2000.0
16 30 1.120747
16 8 1.3204517
16 18 0.965446
16 11 0.6681337
16 29 44.891502
16 5 1.4504764
16 20 5.5492325
16 37 64.711296
16 7 1.2557889
16 27 1.2226963
16 23 13.662588
16 25 1.2756094
17 26 1.5698053
17 6 0.6405469
17 10 0.040766478
17 24 0.25762287
17 31 1.2770356
17 9 0.045905173
17 4 0.0794966
17 19 2.8741074
18 30 0.68692964
18 2 5.5129924
18 8 1.1540072
18 37 1.7012755
18 13 355.55554
18 7 2000.0
18 27 4.242459
18 16 0.965446
18 23 1.1661551
18 11 4.1979456
18 29 1.0838557
18 5 1.2138386
19 22 39.351994
19 31 0.070801795
19 9 0.08680441
19 17 2.8741074
19 4 0.10221775
20 30 35.358746
20 8 2000.0
20 13 1.2688265
20 33 0.9240396
20 11 1.5567411
20 29 25.42199
20 5 3.3283908
20 34 0.79056245
20 2 4.061611
20 14 1.6512715
20 37 3.9538982
20 7 2.551825
20 27 3.1483035
20 16 5.5492325
20 25 0.66079545
21 32 2000.0
21 10 2000.0
21 24 0.33027017
21 35 0.035954818
21 12 0.069303066
21 15 0.89783055
22 6 1202.2728
22 31 1108.2385
22 9 0.5000884
22 19 39.351994
23 0 2000.0
23 30 2.1720555
23 2 45.000004
23 8 0.8288003
23 37 2.4992468
23 18 1.1661551
23 7 1.0684781
23 16 13.662588
23 11 2000.0
23 29 2.9085357
23 5 3.158033
24 26 0.05031677
24 28 2000.0
24 32 0.08899908
24 10 0.050784633
24 21 0.33027017
24 31 15.343889
24 12 0.06504688
24 3 143.22726
24 15 2000.0
24 17 0.25762287
25 30 4.3859625
25 13 0.5871054
25 33 0.3207062
25 11 1.5616033
25 29 6.454667
25 5 2000.0
25 34 1.9642477
25 20 0.66079545
25 2 1.5379975
25 14 1.3138456
25 37 102.44697
25 7 7.21387
25 27 0.560821
25 16 1.2756094
26 32 34.774376
26 28 0.03270275
26 10 0.02964354
26 24 0.05031677
26 31 0.071673386
26 12 0.6429038
26 17 1.5698053
27 0 2000.0
27 30 0.8309599
27 8 1.2845823
27 18 4.242459
27 13 0.2992922
27 33 0.8602506
27 11 0.7718168
27 29 0.68020535
27 5 2.6736178
27 34 0.98795456
27 20 3.1483035
27 2 1.2433878
27 14 2.6984897
27 37 3.6477273
27 7 2000.0
27 16 1.2226963
27 25 0.560821
28 36 0.03799242
28 26 0.03270275
28 10 0.111785196
28 3 0.12765151
28 12 4.083838
28 9 5.006003
29 0 14.775841
29 30 7.9592805
29 8 0.65028936
29 18 1.0838557
29 13 1.2377292
29 33 200.64796
29 11 0.9185934
29 5 6.9363756
29 34 6.7018766
29 20 25.42199
29 2 0.9098167
29 37 1.1513133
29 7 2000.0
29 27 0.68020535
29 16 44.891502
29 23 2.9085357
29 25 6.454667
30 0 2000.0
30 8 0.6412809
30 18 0.68692964
30 13 1.8693873
30 33 9.270654
30 11 0.53219014
30 29 7.9592805
30 5 0.8661817
30 34 1.8865521
30 20 35.358746
30 2 27.973803
30 37 10.717819
30 7 2.5243607
30 27 0.8309599
30 16 1.120747
30 23 2.1720555
30 25 4.3859625
31 26 0.071673386
31 6 1.2324841
31 10 0.04602805
31 24 15.343889
31 9 0.028440878
31 17 1.2770356
31 4 0.08146646
31 19 0.070801795
32 26 34.774376
32 24 0.08899908
32 12 0.29207253
32 15 0.076384544
33 30 9.270654
33 8 2000.0
33 13 1.0851754
33 11 1.428657
33 29 200.64796
33 34 2000.0
33 20 0.9240396
33 2 2.4490712
33 14 0.4273556
33 7 2000.0
33 27 0.8602506
33 16 2000.0
33 25 0.3207062
34 30 1.8865521
34 20 0.79056245
34 8 3.7202196
34 13 6.0425887
34 7 8.293243
34 27 0.98795456
34 16 1215.0568
34 11 2.7723196
34 25 1.9642477
34 29 6.7018766
34 5 5.5028315
35 21 0.035954818
36 26 1194.375
36 28 0.03799242
36 3 0.23423755
36 9 0.81822556
37 30 10.717819
37 0 1.630956
37 8 1.1117723
37 18 1.7012755
37 13 1.353126
37 11 1.4410434
37 29 1.1513133
37 20 3.9538982
37 2 0.9194337
37 7 12.017288
37 27 3.6477273
37 16 64.711296
37 23 2.4992468
37 25 102.44697
