0 2 0.75856555
0 37 1.2122616
0 13 0.92814696
0 25 32.111412
0 29 9.176653
1 3 0.7873041
1 12 23.527943
2 30 9.499751
2 0 0.75856555
2 8 2.2030184
2 18 1.7063586
2 13 0.503731
2 33 6.054607
2 11 1.4424897
2 29 1.3607372
2 20 4.194179
2 37 0.7912101
2 27 692.89777
2 16 2000.0
2 23 12.882956
2 25 0.7714252
3 36 0.29548526
3 28 29.206894
3 24 2000.0
3 12 0.08695597
3 1 0.7873041
3 9 0.41247636
4 31 0.06680684
4 9 0.07705733
4 17 0.10554894
4 19 0.080305
5 30 0.53568727
5 8 0.70826274
5 18 0.87486076
5 13 43.24536
5 11 2.519891
5 29 3.676908
5 34 1.4788482
5 20 2.283136
5 37 6.8612275
5 7 10.725909
5 27 779.5454
5 16 1.4292411
5 23 3.2474923
5 25 2000.0
6 31 0.118825205
6 17 6.8049693
7 30 0.8981914
7 20 30.625814
7 8 4.5919294
7 16 1.4292208
7 23 1.5406082
7 11 52.912415
7 25 2.8050003
7 5 10.725909
8 0 2000.0
8 30 0.81729317
8 18 1.1584647
8 13 1.4916047
8 11 0.94753736
8 29 0.8172444
8 5 0.70826274
8 34 26.841831
8 2 2.2030184
8 37 1.2426767
8 7 4.5919294
8 27 1067.7273
8 16 1.7784294
8 23 1.024387
8 25 2000.0
9 36 0.38580662
9 26 2000.0
9 28 0.62789345
9 10 16.589464
9 22 0.06368188
9 31 0.028913395
9 3 0.41247636
9 12 2000.0
9 4 0.07705733
9 17 0.044306822
9 19 0.09533286
10 26 35.795452
10 28 0.33521503
10 24 0.079962164
10 31 1.250601
10 12 58.45617
10 9 16.589464
10 17 0.032264277
11 0 2000.0
11 30 0.72666055
11 8 0.94753736
11 18 3.6253054
11 13 0.9969663
11 33 2.38087
11 29 0.89867085
11 5 2.519891
11 34 1.7617476
11 20 1.0089172
11 2 1.4424897
11 37 1.89959
11 7 52.912415
11 27 692.89777
11 16 0.9589315
11 25 0.5934727
12 26 2000.0
12 32 5.4228454
12 10 58.45617
12 24 0.08565341
12 21 0.16136631
12 3 0.08695597
12 1 23.527943
13 30 80.65967
13 0 0.92814696
13 8 1.4916047
13 18 19.885702
13 33 2.361814
13 11 0.9969663
13 29 1.1168044
13 5 43.24536
13 34 119.11563
13 20 0.95985085
13 2 0.503731
13 14 5.24131
13 37 1.0183504
13 7 2000.0
13 27 150.96591
13 16 24.180397
13 25 0.28319657
14 30 9.430691
14 20 1.2542856
14 13 5.24131
14 27 5234.1475
14 33 0.40636408
14 11 2000.0
14 25 2.3103921
15 32 0.075057216
15 21 11.186587
16 34 32.15631
16 30 1.0505288
16 20 51.162205
16 8 1.7784294
16 18 1.0748156
16 13 24.180397
16 7 1.4292208
16 27 1119.8296
16 11 0.9589315
16 23 4.053085
16 25 0.84219927
16 5 1.4292411
17 6 6.8049693
17 26 1034.8864
17 10 0.032264277
17 24 0.060070537
17 31 0.9959575
17 9 0.044306822
17 4 0.10554894
17 19 61.986835
18 0 2000.0
18 30 0.67580897
18 8 1.1584647
18 2 1.7063586
18 37 3.2953584
18 13 19.885702
18 27 2000.0
18 16 1.0748156
18 11 3.6253054
18 23 1.2171971
18 29 1.1329334
18 5 0.87486076
19 28 73.7733
19 31 0.07603858
19 9 0.09533286
19 4 0.080305
19 17 61.986835
20 30 1.8352273
20 8 2000.0
20 13 0.95985085
20 33 1.4506936
20 11 1.0089172
20 29 25.00071
20 5 2.283136
20 34 0.9336114
20 2 4.194179
20 14 1.2542856
20 37 2.3322837
20 7 30.625814
20 27 957.6705
20 16 51.162205
20 25 0.41423246
21 26 2000.0
21 32 2000.0
21 24 1.0035946
21 35 0.047764737
21 31 2000.0
21 12 0.16136631
21 15 11.186587
22 31 81.46023
22 9 0.06368188
22 19 2000.0
23 0 2000.0
23 30 1.0275017
23 8 1.024387
23 2 12.882956
23 37 2.0594292
23 18 1.2171971
23 7 1.5406082
23 16 4.053085
23 11 2000.0
23 29 1.6897601
23 5 3.2474923
24 26 37.045452
24 32 0.5170309
24 10 0.079962164
24 21 1.0035946
24 12 0.08565341
24 17 0.060070537
25 30 8.781747
25 0 32.111412
25 13 0.28319657
25 33 0.45132887
25 11 0.5934727
25 29 2.2929857
25 34 1.9626145
25 20 0.41423246
25 2 0.7714252
25 14 2.3103921
25 37 29.72274
25 7 2.8050003
25 27 229.14774
25 16 0.84219927
28 36 0.037557777
28 26 51.81818
28 10 0.33521503
28 3 29.206894
28 12 1274.3182
28 9 0.62789345
28 19 73.7733
29 0 9.176653
29 30 0.8483951
29 8 0.8172444
29 18 1.1329334
29 13 1.1168044
29 33 9.0672035
29 11 0.89867085
29 5 3.676908
29 34 2.5247488
29 20 25.00071
29 2 1.3607372
29 37 1.0732032
29 7 2000.0
29 27 1898.9204
29 16 2000.0
29 23 1.6897601
29 25 2.2929857
30 8 0.81729317
30 18 0.67580897
30 13 80.65967
30 33 15.946911
30 11 0.72666055
30 29 0.8483951
30 5 0.53568727
30 34 0.8514156
30 20 1.8352273
30 2 9.499751
30 14 9.430691
30 37 9.68742
30 7 0.8981914
30 27 147.78409
30 16 1.0505288
30 23 1.0275017
30 25 8.781747
31 26 79.88636
31 6 0.118825205
31 10 1.250601
31 35 71.27344
31 22 81.46023
31 9 0.028913395
31 4 0.06680684
31 17 0.9959575
31 19 0.07603858
32 26 2000.0
32 24 0.5170309
32 21 2000.0
32 12 5.4228454
32 15 0.075057216
33 30 15.946911
33 13 2.361814
33 11 2.38087
33 29 9.0672035
33 5 2000.0
33 34 2000.0
33 20 1.4506936
33 2 6.054607
33 14 0.40636408
33 7 2000.0
33 27 698.2386
33 16 2422.443
33 25 0.45132887
34 30 0.8514156
34 20 0.9336114
34 8 26.841831
34 37 2000.0
34 7 3249.1477
34 13 119.11563
34 27 716.8182
34 16 32.15631
34 11 1.7617476
34 29 2.5247488
34 25 1.9626145
34 5 1.4788482
35 21 0.047764737
35 31 71.27344
36 28 0.037557777
36 3 0.29548526
36 9 0.38580662
37 30 9.68742
37 0 1.2122616
37 8 1.2426767
37 18 3.2953584
37 13 1.0183504
37 11 1.89959
37 29 1.0732032
37 5 6.8612275
37 20 2.3322837
37 2 0.7912101
37 7 3042.5566
37 27 725.7955
37 16 2000.0
37 23 2.0594292
37 25 29.72274
