0 8 10.381969
0 2 1.5111325
0 37 0.7455357
0 13 0.7527829
0 11 27.276024
0 29 18.181818
1 3 0.29040575
1 12 1202.159
2 30 14.073594
2 0 1.5111325
2 8 1.324923
2 18 16.88844
2 13 0.54276055
2 33 2.2053916
2 11 0.65973306
2 29 1.3382213
2 20 1.0180818
2 37 0.96397984
2 27 0.6344739
2 23 101.4775
2 25 1.930436
3 36 0.70415366
3 28 0.09164424
3 24 300.0
3 12 0.051546425
3 1 0.29040575
3 9 0.39937147
4 31 0.08335955
4 9 0.062250618
4 17 0.09891486
4 19 0.104321904
5 30 0.5424131
5 8 0.66823196
5 18 0.33057767
5 13 612.2642
5 11 5.466176
5 29 3.6971583
5 34 1.3558993
5 20 3.823134
5 37 2000.0
5 7 4.8374124
5 27 2.2684114
5 16 2.3458498
5 23 4.4588065
6 31 0.63536644
6 17 1.1662122
7 34 7.8002596
7 30 0.54045475
7 20 1.237066
7 8 25.487572
7 37 16.770021
7 16 1.1828632
7 11 8.326023
7 23 1.0723746
7 25 5.223032
7 5 4.8374124
8 0 10.381969
8 30 0.9099433
8 18 0.87611467
8 13 4.568588
8 11 0.6412723
8 29 0.7882979
8 5 0.66823196
8 34 2.551029
8 2 1.324923
8 37 1.1722116
8 7 25.487572
8 27 1.2605889
8 16 1.3235321
8 23 1.0522356
9 36 2.362382
9 28 4.6736503
9 10 8.6408
9 22 0.22220622
9 31 0.02864646
9 3 0.39937147
9 12 2000.0
9 17 0.0416913
9 4 0.062250618
9 19 0.08259327
10 26 0.035397727
10 28 0.14438131
10 24 0.04259517
10 31 0.05369049
10 12 8.155429
10 9 8.6408
10 17 0.031275284
11 0 27.276024
11 30 0.57750386
11 8 0.6412723
11 18 4.4202666
11 13 0.97265714
11 33 2.0606468
11 29 1.0494916
11 5 5.466176
11 34 2.4539607
11 20 0.99193573
11 2 0.65973306
11 37 1.4205108
11 7 8.326023
11 27 0.586655
11 16 0.7689035
11 25 1.0474727
12 26 4.795455
12 28 4.454593
12 32 0.23
12 10 8.155429
12 24 0.086283386
12 21 0.074710086
12 3 0.051546425
13 30 4.1810846
13 0 0.7527829
13 8 4.568588
13 18 231.85794
13 33 0.91105187
13 11 0.97265714
13 29 1.3010409
13 5 612.2642
13 34 9.976616
13 20 0.48976326
13 2 0.54276055
13 14 4.6233234
13 37 1.8144202
13 27 0.24060759
13 16 3651.25
13 25 0.44051766
14 20 0.71491444
14 13 4.6233234
14 27 3.4998794
14 33 0.48541966
14 11 2000.0
14 25 2.2093189
15 32 0.08309095
15 21 1.9568181
16 0 2000.0
16 30 1.0851374
16 8 1.3235321
16 18 0.9885936
16 11 0.7689035
16 29 36.503593
16 5 2.3458498
16 20 7.985397
16 37 42.702118
16 7 1.1828632
16 27 1.2443813
16 23 8.456439
16 25 1.6240721
17 26 1.6404111
17 6 1.1662122
17 10 0.031275284
17 24 0.24180323
17 31 1.1796664
17 9 0.0416913
17 4 0.09891486
17 19 2.8280034
18 30 0.68888247
18 2 16.88844
18 8 0.87611467
18 37 1.1334867
18 7 2000.0
18 13 231.85794
18 27 2.8860238
18 16 0.9885936
18 23 1.3831741
18 11 4.4202666
18 29 1.1447616
18 5 0.33057767
19 31 0.08378577
19 9 0.08259327
19 17 2.8280034
19 4 0.104321904
20 30 12.648944
20 13 0.48976326
20 33 1.1730018
20 11 0.99193573
20 29 4.500686
20 5 3.823134
20 34 0.8516025
20 2 1.0180818
20 14 0.71491444
20 37 2.3121965
20 7 1.237066
20 27 0.42053962
20 16 7.985397
20 25 0.60476905
21 32 2000.0
21 24 0.28084645
21 35 0.08842111
21 12 0.074710086
21 15 1.9568181
22 6 1215.1136
22 31 125.03007
22 9 0.22220622
22 19 1339.5455
23 0 2000.0
23 30 1.48137
23 2 101.4775
23 8 1.0522356
23 37 2.3573725
23 18 1.3831741
23 7 1.0723746
23 16 8.456439
23 11 2000.0
23 29 3.815544
23 5 4.4588065
24 26 0.10182332
24 32 0.122866
24 10 0.04259517
24 21 0.28084645
24 31 6.688145
24 12 0.086283386
24 3 300.0
24 15 2000.0
24 17 0.24180323
25 30 0.97632784
25 13 0.44051766
25 33 0.3135415
25 11 1.0474727
25 29 1.4488468
25 34 2.469744
25 20 0.60476905
25 2 1.930436
25 14 2.2093189
25 37 62.355698
25 7 5.223032
25 27 0.44949722
25 16 1.6240721
26 36 1258.3617
26 32 64.93821
26 28 0.14114982
26 10 0.035397727
26 24 0.10182332
26 31 0.078
26 12 4.795455
26 17 1.6404111
27 0 2000.0
27 30 0.1513643
27 8 1.2605889
27 18 2.8860238
27 13 0.24060759
27 33 0.886102
27 11 0.586655
27 29 1.0056713
27 5 2.2684114
27 34 1.1931595
27 20 0.42053962
27 2 0.6344739
27 14 3.4998794
27 37 1.391341
27 7 2892.3293
27 16 1.2443813
27 25 0.44949722
28 36 0.043872546
28 26 0.14114982
28 10 0.14438131
28 3 0.09164424
28 12 4.454593
28 9 4.6736503
29 0 18.181818
29 30 5.0440087
29 8 0.7882979
29 18 1.1447616
29 13 1.3010409
29 33 64.39255
29 11 1.0494916
29 5 3.6971583
29 34 5.720661
29 20 4.500686
29 2 1.3382213
29 37 0.8679025
29 7 2000.0
29 27 1.0056713
29 16 36.503593
29 23 3.815544
29 25 1.4488468
30 0 2000.0
30 8 0.9099433
30 18 0.68888247
30 13 4.1810846
30 33 2.6270738
30 11 0.57750386
30 29 5.0440087
30 5 0.5424131
30 34 1.289137
30 20 12.648944
30 2 14.073594
30 37 7.524334
30 7 0.54045475
30 27 0.1513643
30 16 1.0851374
30 23 1.48137
30 25 0.97632784
31 26 0.078
31 6 0.63536644
31 10 0.05369049
31 24 6.688145
31 22 125.03007
31 9 0.02864646
31 17 1.1796664
31 4 0.08335955
31 19 0.08378577
32 26 64.93821
32 24 0.122866
32 12 0.23
32 15 0.08309095
33 34 2000.0
33 30 2.6270738
33 20 1.1730018
33 2 2.2053916
33 14 0.48541966
33 7 2000.0
33 13 0.91105187
33 27 0.886102
33 16 2000.0
33 11 2.0606468
33 29 64.39255
33 25 0.3135415
34 30 1.289137
34 20 0.8516025
34 8 2.551029
34 13 9.976616
34 7 7.8002596
34 27 1.1931595
34 16 1215.0568
34 11 2.4539607
34 25 2.469744
34 29 5.720661
34 5 1.3558993
35 21 0.08842111
36 26 1258.3617
36 28 0.043872546
36 3 0.70415366
36 9 2.362382
37 30 7.524334
37 0 0.7455357
37 8 1.1722116
37 18 1.1334867
37 13 1.8144202
37 11 1.4205108
37 29 0.8679025
37 20 2.3121965
37 2 0.96397984
37 7 16.770021
37 27 1.391341
37 16 42.702118
37 23 2.3573725
37 25 62.355698
