0 2 0.93447345
0 37 2.4358087
0 13 0.83075637
0 29 40.632957
0 25 14.549242
1 3 0.91844475
1 12 10.996792
2 30 17.950724
2 0 0.93447345
2 8 1.5270946
2 18 2.189946
2 13 0.6785705
2 33 1.2277343
2 11 2.2305925
2 29 0.9735268
2 20 2.6093225
2 37 0.7820108
2 27 1.0624905
2 16 2000.0
2 23 18.37949
2 25 0.3961972
3 36 0.6987537
3 28 34.430912
3 24 2000.0
3 12 0.067539126
3 1 0.91844475
3 9 0.43420824
4 31 0.06752379
4 9 0.082931854
4 17 0.13595654
4 19 0.068973064
5 30 0.51908183
5 8 0.601055
5 18 1.1054149
5 13 121.938126
5 11 2.8441396
5 29 2.2823818
5 34 2.64991
5 20 1.6686404
5 37 17.389309
5 7 14.404632
5 27 1.6150498
5 16 1.8032819
5 23 2.2861557
5 25 2000.0
6 31 0.40570047
6 17 2.4694123
7 34 160.0
7 30 1.195293
7 20 122.85564
7 8 5.7601824
7 16 1.604349
7 23 1.5457324
7 25 4.332683
7 5 14.404632
8 0 2000.0
8 30 0.35496
8 18 1.0735751
8 13 1.5674393
8 11 0.91512626
8 29 0.46293333
8 5 0.601055
8 34 71.63304
8 2 1.5270946
8 37 1.1088711
8 7 5.7601824
8 27 0.45776957
8 16 1.3740453
8 23 1.1325227
8 25 2000.0
9 36 0.6428371
9 26 2000.0
9 28 0.6780164
9 10 8.035146
9 22 0.05539421
9 31 0.028417816
9 12 2000.0
9 3 0.43420824
9 4 0.082931854
9 17 0.045634728
9 19 0.08083748
10 26 0.034244146
10 28 0.4617188
10 24 0.07042683
10 31 1.2614802
10 12 128.57143
10 9 8.035146
10 17 0.033577714
11 0 2000.0
11 30 0.81954753
11 8 0.91512626
11 18 5.0404286
11 13 0.9796129
11 33 2.4961607
11 29 0.62788224
11 5 2.8441396
11 34 1.6440027
11 20 1.1068815
11 2 2.2305925
11 37 1.5612875
11 7 1362.1592
11 27 0.7855626
11 16 1.7025447
11 25 0.5335032
12 26 0.46212885
12 32 26.537533
12 10 128.57143
12 24 0.07835131
12 21 0.116308026
12 3 0.067539126
12 1 10.996792
13 30 97.00227
13 0 0.83075637
13 8 1.5674393
13 18 42.53254
13 33 1.335485
13 11 0.9796129
13 29 0.8356209
13 5 121.938126
13 34 507.8281
13 20 1.1017087
13 2 0.6785705
13 14 5.510903
13 37 1.7200819
13 7 2000.0
13 27 0.19294259
13 16 178.18147
13 25 0.24509941
14 30 9.954427
14 20 1.9546444
14 13 5.510903
14 27 8.328877
14 33 0.79978603
14 11 2000.0
14 25 2.1607711
15 32 0.076280974
15 21 7.5918307
16 0 2000.0
16 30 1.1023194
16 8 1.3740453
16 18 1.7582701
16 13 178.18147
16 11 1.7025447
16 5 1.8032819
16 34 84.978615
16 20 36.833332
16 7 1.604349
16 27 1.4035795
16 23 2.8741846
16 25 0.8343068
17 6 2.4694123
17 26 1.4742807
17 10 0.033577714
17 24 0.054210324
17 31 0.96687657
17 9 0.045634728
17 4 0.13595654
17 19 1302.3864
18 0 2000.0
18 30 0.7064692
18 8 1.0735751
18 13 42.53254
18 11 5.0404286
18 29 0.86395013
18 5 1.1054149
18 2 2.189946
18 37 2.6123562
18 7 2000.0
18 27 28.800001
18 16 1.7582701
18 23 1.3240501
19 28 66.66667
19 31 0.08836017
19 9 0.08083748
19 4 0.068973064
20 30 1.28125
20 8 2000.0
20 13 1.1017087
20 33 0.86741054
20 11 1.1068815
20 29 6.2274766
20 5 1.6686404
20 34 0.78894377
20 2 2.6093225
20 14 1.9546444
20 37 3.560639
20 7 122.85564
20 27 1.264042
20 16 36.833332
20 25 0.51189363
21 26 2000.0
21 32 2000.0
21 24 1.1916394
21 35 0.032179512
21 12 0.116308026
21 15 7.5918307
22 31 2000.0
22 9 0.05539421
22 19 2000.0
23 0 2000.0
23 30 3.7251928
23 8 1.1325227
23 2 18.37949
23 37 2.111804
23 18 1.3240501
23 7 1.5457324
23 16 2.8741846
23 11 2000.0
23 29 3.0063765
23 5 2.2861557
24 26 0.041597467
24 32 0.43209967
24 10 0.07042683
24 21 1.1916394
24 12 0.07835131
24 15 2000.0
24 17 0.054210324
25 30 8.050584
25 0 14.549242
25 13 0.24509941
25 33 0.8975845
25 11 0.5335032
25 29 2.0230358
25 34 1.8312069
25 20 0.51189363
25 2 0.3961972
25 14 2.1607711
25 37 27.205868
25 7 4.332683
25 27 0.23428684
25 16 0.8343068
26 32 50.38636
26 28 0.054423913
26 10 0.034244146
26 24 0.041597467
26 31 0.13204415
26 12 0.46212885
26 17 1.4742807
27 30 0.23607446
27 0 2000.0
27 8 0.45776957
27 18 28.800001
27 13 0.19294259
27 33 0.68397915
27 11 0.7855626
27 29 1.9855623
27 5 1.6150498
27 34 0.8642827
27 20 1.264042
27 2 1.0624905
27 14 8.328877
27 37 1.1023799
27 7 2000.0
27 16 1.4035795
27 25 0.23428684
28 36 0.03987074
28 26 0.054423913
28 10 0.4617188
28 12 1192.9546
28 3 34.430912
28 9 0.6780164
28 19 66.66667
29 0 40.632957
29 30 1.0231228
29 8 0.46293333
29 18 0.86395013
29 13 0.8356209
29 33 28.845457
29 11 0.62788224
29 5 2.2823818
29 34 5.201577
29 20 6.2274766
29 2 0.9735268
29 37 1.0893633
29 7 2000.0
29 27 1.9855623
29 16 2000.0
29 23 3.0063765
29 25 2.0230358
30 8 0.35496
30 18 0.7064692
30 13 97.00227
30 33 7.1605387
30 11 0.81954753
30 29 1.0231228
30 5 0.51908183
30 34 1.1146883
30 20 1.28125
30 2 17.950724
30 14 9.954427
30 37 13.335676
30 7 1.195293
30 27 0.23607446
30 16 1.1023194
30 23 3.7251928
30 25 8.050584
31 26 0.13204415
31 6 0.40570047
31 10 1.2614802
31 35 9.7312975
31 21 2000.0
31 9 0.028417816
31 4 0.06752379
31 17 0.96687657
31 19 0.08836017
32 26 50.38636
32 10 2000.0
32 24 0.43209967
32 21 2000.0
32 12 26.537533
32 15 0.076280974
33 30 7.1605387
33 13 1.335485
33 11 2.4961607
33 29 28.845457
33 5 2000.0
33 34 2000.0
33 20 0.86741054
33 2 1.2277343
33 14 0.79978603
33 7 2000.0
33 27 0.68397915
33 16 2422.443
33 25 0.8975845
34 30 1.1146883
34 20 0.78894377
34 8 71.63304
34 37 2000.0
34 7 160.0
34 13 507.8281
34 27 0.8642827
34 16 84.978615
34 11 1.6440027
34 29 5.201577
34 25 1.8312069
34 5 2.64991
35 21 0.032179512
35 31 9.7312975
36 28 0.03987074
36 3 0.6987537
36 9 0.6428371
37 30 13.335676
37 0 2.4358087
37 8 1.1088711
37 18 2.6123562
37 13 1.7200819
37 11 1.5612875
37 29 1.0893633
37 5 17.389309
37 20 3.560639
37 2 0.7820108
37 7 5460.739
37 27 1.1023799
37 16 2000.0
37 23 2.111804
37 25 27.205868
