0 8 7.6754107
0 2 0.41219008
0 37 0.6364945
0 13 0.6346036
0 29 2.841896
1 3 0.20631918
1 12 36.490562
2 30 15.101126
2 0 0.41219008
2 8 2.2432458
2 18 15.431627
2 13 1.9694172
2 33 8.728441
2 11 2.254519
2 29 1.2815968
2 20 2.3265414
2 37 1.7101547
2 27 1.8525724
2 16 2000.0
2 23 26.666666
2 25 3.6636448
3 36 0.29353008
3 28 0.10192309
3 24 355.55554
3 12 0.061456777
3 1 0.20631918
3 9 0.28961948
4 31 0.07776517
4 9 0.06503175
4 17 0.13030021
4 19 0.09075683
5 34 5.688162
5 30 0.8225949
5 20 2.4173415
5 8 2.1469357
5 37 2000.0
5 18 1.3285279
5 7 34.624092
5 27 1.1814348
5 16 1.7237705
5 23 7.18907
5 11 2.5846534
5 29 6.312148
6 22 1055.7954
6 31 1.3780159
6 17 2.1409752
7 34 9.83922
7 30 1.6440676
7 20 3.209313
7 8 23.088005
7 37 15.94983
7 27 116.874626
7 16 1.1831179
7 11 12.4635515
7 23 1.8338405
7 25 8.994276
7 5 34.624092
8 0 7.6754107
8 30 0.7975167
8 18 1.4722418
8 13 0.5269051
8 11 3.110951
8 29 0.8558314
8 5 2.1469357
8 34 16.106167
8 2 2.2432458
8 37 2.4223258
8 7 23.088005
8 27 4.0429153
8 16 1.5706185
8 23 1.4103565
9 36 1.8475931
9 26 2000.0
9 28 10.8701
9 10 3.0689096
9 22 0.3992575
9 31 0.028958943
9 12 2000.0
9 3 0.28961948
9 17 0.048936956
9 4 0.06503175
9 19 0.080642484
10 26 0.04846491
10 28 0.93771535
10 24 0.07352322
10 31 0.03302526
10 12 2.7277958
10 9 3.0689096
10 17 0.038580175
11 0 1672.2727
11 30 1.3708627
11 8 3.110951
11 18 11.916332
11 13 0.9082063
11 33 4.79695
11 29 0.9914798
11 5 2.5846534
11 34 2.2417111
11 20 1.630525
11 2 2.254519
11 37 3.2399518
11 7 12.4635515
11 27 0.6430328
11 16 1.6117893
11 25 2.7438977
12 26 4.1295657
12 28 5.007626
12 32 0.18071172
12 10 2.7277958
12 24 0.09563408
12 21 0.12979135
12 3 0.061456777
12 1 36.490562
13 0 0.6346036
13 30 5.5181766
13 8 0.5269051
13 18 250.00002
13 33 1.4482185
13 11 0.9082063
13 29 0.9389849
13 5 2000.0
13 34 30.436691
13 20 0.69874364
13 2 1.9694172
13 14 3.907602
13 37 12.304314
13 7 2000.0
13 27 0.3320224
13 16 51.59302
13 25 1.0187026
14 20 2.5713675
14 13 3.907602
14 33 0.57888436
14 27 3.9002519
14 11 2000.0
14 25 2.3288999
15 32 0.08073771
15 21 5.7538633
16 0 2000.0
16 30 1.139532
16 8 1.5706185
16 18 0.8097919
16 13 51.59302
16 11 1.6117893
16 29 2000.0
16 5 1.7237705
16 20 31.21946
16 7 1.1831179
16 27 1.7561283
16 23 25.276701
16 25 3.3946939
17 26 2.0011122
17 6 2.1409752
17 10 0.038580175
17 24 0.42295456
17 31 1.2804143
17 9 0.048936956
17 4 0.13030021
17 19 3.6639917
18 30 0.7333004
18 2 15.431627
18 8 1.4722418
18 37 1.4266207
18 7 2000.0
18 13 250.00002
18 27 4.8465014
18 16 0.8097919
18 23 1.2760142
18 11 11.916332
18 29 1.6609895
18 5 1.3285279
19 31 0.068939395
19 9 0.080642484
19 17 3.6639917
19 4 0.09075683
20 0 2000.0
20 30 4.75906
20 13 0.69874364
20 33 2.7813687
20 11 1.630525
20 29 1.4304112
20 5 2.4173415
20 34 1.3959954
20 2 2.3265414
20 14 2.5713675
20 37 14.758937
20 7 3.209313
20 27 0.510868
20 16 31.21946
20 25 1.2273827
21 32 2000.0
21 10 2000.0
21 24 0.06856584
21 35 0.053707156
21 12 0.12979135
21 15 5.7538633
22 6 1055.7954
22 31 2000.0
22 9 0.3992575
22 19 1753.125
23 0 2000.0
23 30 2.0020595
23 2 26.666666
23 8 1.4103565
23 37 3.5586593
23 18 1.2760142
23 7 1.8338405
23 16 25.276701
23 11 2000.0
23 29 9.405828
23 5 7.18907
24 26 0.08703581
24 32 0.0831222
24 28 2000.0
24 10 0.07352322
24 21 0.06856584
24 31 20.427374
24 12 0.09563408
24 3 355.55554
24 15 2000.0
24 17 0.42295456
25 0 2000.0
25 30 2.6704457
25 13 1.0187026
25 33 1.24671
25 11 2.7438977
25 29 8.114763
25 5 2000.0
25 34 3.3711278
25 20 1.2273827
25 2 3.6636448
25 14 2.3288999
25 37 216.04543
25 7 8.994276
25 27 0.8257993
25 16 3.3946939
26 32 30.48458
26 28 0.044495154
26 10 0.04846491
26 24 0.08703581
26 31 0.067791715
26 12 4.1295657
26 17 2.0011122
27 0 2000.0
27 30 0.2186955
27 8 4.0429153
27 18 4.8465014
27 13 0.3320224
27 33 1.7380887
27 11 0.6430328
27 29 0.540916
27 5 1.1814348
27 34 0.7983914
27 20 0.510868
27 2 1.8525724
27 14 3.9002519
27 37 1.9810294
27 7 116.874626
27 16 1.7561283
27 25 0.8257993
28 36 0.033603135
28 26 0.044495154
28 10 0.93771535
28 3 0.10192309
28 12 5.007626
28 9 10.8701
29 0 2.841896
29 30 5.787879
29 8 0.8558314
29 18 1.6609895
29 13 0.9389849
29 11 0.9914798
29 5 6.312148
29 34 2.8833463
29 20 1.4304112
29 2 1.2815968
29 37 1.8800265
29 7 2000.0
29 27 0.540916
29 16 2000.0
29 23 9.405828
29 25 8.114763
30 0 2000.0
30 8 0.7975167
30 18 0.7333004
30 13 5.5181766
30 33 1.7052877
30 11 1.3708627
30 29 5.787879
30 5 0.8225949
30 34 5.162568
30 20 4.75906
30 2 15.101126
30 14 2000.0
30 37 12.684153
30 7 1.6440676
30 27 0.2186955
30 16 1.139532
30 23 2.0020595
30 25 2.6704457
31 26 0.067791715
31 6 1.3780159
31 10 0.03302526
31 24 20.427374
31 9 0.028958943
31 17 1.2804143
31 4 0.07776517
31 19 0.068939395
32 26 30.48458
32 24 0.0831222
32 12 0.18071172
32 15 0.08073771
33 30 1.7052877
33 8 2000.0
33 13 1.4482185
33 11 4.79695
33 29 2000.0
33 5 2000.0
33 34 2000.0
33 20 2.7813687
33 2 8.728441
33 14 0.57888436
33 7 2000.0
33 27 1.7380887
33 16 2000.0
33 25 1.24671
34 30 5.162568
34 20 1.3959954
34 8 16.106167
34 7 9.83922
34 13 30.436691
34 27 0.7983914
34 16 2000.0
34 11 2.2417111
34 25 3.3711278
34 29 2.8833463
34 5 5.688162
35 21 0.053707156
36 26 2000.0
36 28 0.033603135
36 3 0.29353008
36 9 1.8475931
37 30 12.684153
37 0 0.6364945
37 8 2.4223258
37 18 1.4266207
37 13 12.304314
37 11 3.2399518
37 29 1.8800265
37 20 14.758937
37 2 1.7101547
37 7 15.94983
37 27 1.9810294
37 16 3142.1023
37 23 3.5586593
37 25 216.04543
