0 2 1.0056078
0 37 2.338705
0 13 1.0322657
0 29 61.689995
0 25 15.824701
1 3 1.1875
1 12 12.0398655
2 30 11.242824
2 0 1.0056078
2 8 1.0542855
2 18 1.7427214
2 13 0.697315
2 33 1.5400277
2 11 1.7841886
2 29 1.0202951
2 20 4.3586707
2 37 0.7596737
2 27 1.086965
2 16 2000.0
2 23 6.3108144
2 25 0.7736577
3 36 0.24313222
3 28 24.014015
3 24 720.00006
3 12 0.055228718
3 1 1.1875
3 9 0.4931216
4 31 0.07274438
4 9 0.08344942
4 17 0.16968115
4 19 0.07288218
5 30 0.73125505
5 8 0.50694734
5 18 0.53815705
5 13 23.390217
5 11 1.3406662
5 29 2.2676752
5 34 2.261656
5 20 1.3823569
5 37 10.482707
5 7 6.7465844
5 27 3.8573513
5 16 1.6310694
5 23 1.8229998
5 25 2000.0
6 31 0.13480115
6 17 2.7374501
7 30 0.6110434
7 20 24.541195
7 8 2.450557
7 37 66.66667
7 16 1.0683702
7 23 1.3168379
7 11 65.55358
7 25 3.199441
7 5 6.7465844
8 0 2000.0
8 30 0.27627167
8 18 1.1438938
8 13 0.8142918
8 11 1.1874679
8 29 0.41100484
8 5 0.50694734
8 34 24.819012
8 2 1.0542855
8 37 1.015341
8 7 2.450557
8 27 0.63425636
8 16 1.5546716
8 23 1.1020459
8 25 2000.0
9 36 0.35849026
9 26 2000.0
9 28 0.9127393
9 10 17.84639
9 22 0.061956525
9 31 0.032441795
9 3 0.4931216
9 4 0.08344942
9 17 0.040861454
9 19 0.07414006
10 26 0.031685602
10 28 0.32954547
10 24 0.086414866
10 31 14.934741
10 12 1145.7954
10 9 17.84639
10 17 0.029759528
11 0 2000.0
11 30 0.8934562
11 8 1.1874679
11 18 6.416016
11 13 1.0104831
11 33 1.707365
11 29 1.2547766
11 5 1.3406662
11 34 2.3445241
11 20 1.174335
11 2 1.7841886
11 37 1.7289025
11 7 65.55358
11 27 0.69889075
11 16 1.057278
11 25 0.91132814
12 26 1.3051862
12 32 4.7999015
12 24 0.07567836
12 21 0.16301236
12 3 0.055228718
12 1 12.0398655
13 30 40.84745
13 0 1.0322657
13 8 0.8142918
13 18 344.64093
13 33 1.0663456
13 11 1.0104831
13 29 0.9742829
13 5 23.390217
13 34 180.00002
13 20 1.3104858
13 2 0.697315
13 14 5.678563
13 37 1.4242063
13 7 2000.0
13 27 0.29444572
13 16 62.302303
13 25 0.36724347
14 30 16.391832
14 20 3.9816923
14 13 5.678563
14 27 1.5249392
14 33 0.437598
14 25 1.8890549
15 32 0.085832715
15 24 114.28571
15 21 4.8932624
16 30 1.0746028
16 0 2000.0
16 8 1.5546716
16 18 1.1709632
16 13 62.302303
16 11 1.057278
16 29 40.0
16 5 1.6310694
16 34 55.44613
16 20 29.719036
16 7 1.0683702
16 27 1.3572259
16 23 2.981634
16 25 0.8493053
17 6 2.7374501
17 26 1.5881935
17 10 0.029759528
17 24 0.10768299
17 31 0.9735761
17 9 0.040861454
17 4 0.16968115
17 19 73.791306
18 0 2000.0
18 30 0.6945439
18 8 1.1438938
18 13 344.64093
18 11 6.416016
18 29 1.2598257
18 5 0.53815705
18 2 1.7427214
18 37 2.4198148
18 7 2000.0
18 27 10.830878
18 16 1.1709632
18 23 1.1680034
19 31 0.07893944
19 9 0.07414006
19 4 0.07288218
19 17 73.791306
20 30 1.5650988
20 13 1.3104858
20 33 1.0251961
20 11 1.174335
20 29 21.111822
20 5 1.3823569
20 34 1.2826895
20 2 4.3586707
20 14 3.9816923
20 37 4.1619935
20 7 24.541195
20 27 1.6588975
20 16 29.719036
20 25 0.6355836
21 32 2000.0
21 10 2000.0
21 24 0.39506122
21 35 0.029797392
21 31 2000.0
21 12 0.16301236
21 15 4.8932624
22 31 213.33333
22 9 0.061956525
22 19 2000.0
23 0 2000.0
23 30 2.66506
23 8 1.1020459
23 2 6.3108144
23 37 2.028104
23 18 1.1680034
23 7 1.3168379
23 16 2.981634
23 11 2000.0
23 29 2.2537463
23 5 1.8229998
24 26 0.05263026
24 32 0.21929796
24 10 0.086414866
24 21 0.39506122
24 12 0.07567836
24 3 720.00006
24 15 114.28571
24 17 0.10768299
25 30 8.630135
25 0 15.824701
25 13 0.36724347
25 33 0.5040709
25 11 0.91132814
25 29 1.8595666
25 34 1.7843803
25 20 0.6355836
25 2 0.7736577
25 14 1.8890549
25 37 14.252961
25 7 3.199441
25 27 0.2911572
25 16 0.8493053
26 32 9.855438
26 28 0.05165969
26 10 0.031685602
26 24 0.05263026
26 31 0.12559316
26 12 1.3051862
26 17 1.5881935
27 30 0.22543192
27 0 2000.0
27 8 0.63425636
27 18 10.830878
27 13 0.29444572
27 33 0.9576421
27 11 0.69889075
27 29 1.0014156
27 5 3.8573513
27 34 1.2899848
27 20 1.6588975
27 2 1.086965
27 14 1.5249392
27 37 0.840031
27 7 2000.0
27 16 1.3572259
27 25 0.2911572
28 36 0.039944254
28 26 0.05165969
28 10 0.32954547
28 3 24.014015
28 12 1095.7955
28 9 0.9127393
28 19 1228.6931
29 0 61.689995
29 30 1.8349057
29 8 0.41100484
29 18 1.2598257
29 13 0.9742829
29 33 19.882072
29 11 1.2547766
29 5 2.2676752
29 34 4.2669663
29 20 21.111822
29 2 1.0202951
29 37 1.3433424
29 7 2000.0
29 27 1.0014156
29 16 40.0
29 23 2.2537463
29 25 1.8595666
30 8 0.27627167
30 18 0.6945439
30 13 40.84745
30 33 6.6308312
30 11 0.8934562
30 29 1.8349057
30 5 0.73125505
30 34 0.7740999
30 20 1.5650988
30 2 11.242824
30 14 16.391832
30 37 16.644176
30 7 0.6110434
30 27 0.22543192
30 16 1.0746028
30 23 2.66506
30 25 8.630135
31 26 0.12559316
31 6 0.13480115
31 10 14.934741
31 35 127.22067
31 22 213.33333
31 9 0.032441795
31 4 0.07274438
31 17 0.9735761
31 19 0.07893944
32 26 9.855438
32 10 2000.0
32 24 0.21929796
32 21 2000.0
32 12 4.7999015
32 15 0.085832715
33 30 6.6308312
33 8 2000.0
33 13 1.0663456
33 11 1.707365
33 29 19.882072
33 5 2000.0
33 34 2000.0
33 20 1.0251961
33 2 1.5400277
33 14 0.437598
33 7 2000.0
33 27 0.9576421
33 16 1971.0227
33 25 0.5040709
34 30 0.7740999
34 20 1.2826895
34 8 24.819012
34 37 2000.0
34 7 2493.693
34 13 180.00002
34 27 1.2899848
34 16 55.44613
34 11 2.3445241
34 29 4.2669663
34 25 1.7843803
34 5 2.261656
35 21 0.029797392
35 31 127.22067
36 28 0.039944254
36 3 0.24313222
36 9 0.35849026
37 30 16.644176
37 0 2.338705
37 8 1.015341
37 18 2.4198148
37 13 1.4242063
37 11 1.7289025
37 29 1.3433424
37 5 10.482707
37 20 4.1619935
37 2 0.7596737
37 7 66.66667
37 27 0.840031
37 16 2000.0
37 23 2.028104
37 25 14.252961
