0 2 0.9001455
0 37 1.3804106
0 13 1.1132547
0 29 34.405823
0 25 15.4560175
1 3 0.66943574
1 12 6.3627534
2 30 33.372562
2 0 0.9001455
2 8 1.1977056
2 18 2.662283
2 13 0.7262867
2 33 2.2256367
2 11 1.6127291
2 29 1.1682518
2 20 3.618194
2 37 0.8582667
2 27 0.9409207
2 16 2000.0
2 23 13.234905
2 25 0.8865259
3 36 0.580687
3 28 12.719771
3 24 2000.0
3 12 0.10360005
3 1 0.66943574
3 9 0.49822783
4 31 0.06880482
4 9 0.067144655
4 17 0.22884816
4 19 0.08030283
5 30 0.6457247
5 8 1.011569
5 18 0.552956
5 13 38.16201
5 11 1.5256287
5 29 3.491391
5 34 2.3025408
5 20 1.2204704
5 37 11.316665
5 7 12.580006
5 27 2.8526487
5 16 1.3165952
5 23 3.5504618
6 31 0.10219941
6 17 7.8179073
7 34 266.6667
7 30 0.708299
7 20 324.73956
7 8 3.7507355
7 37 128.52596
7 16 1.327003
7 23 1.1923845
7 11 114.28571
7 25 2.9909775
7 5 12.580006
8 0 2000.0
8 30 0.6948864
8 18 1.1351448
8 13 1.8125312
8 11 0.8443727
8 29 0.56650484
8 5 1.011569
8 34 32.931225
8 2 1.1977056
8 37 0.83062243
8 7 3.7507355
8 27 2.1659124
8 16 1.9852451
8 23 1.4466443
8 25 2000.0
9 36 0.4849053
9 28 0.66862166
9 10 10.410695
9 22 0.04603096
9 31 0.058852643
9 3 0.49822783
9 4 0.067144655
9 17 0.031557124
9 19 0.06599157
10 26 0.030664412
10 28 0.35430196
10 24 0.09932529
10 31 18.03551
10 12 115.6665
10 9 10.410695
10 17 0.03056608
11 0 2000.0
11 30 0.7363833
11 8 0.8443727
11 18 4.666329
11 13 0.7820432
11 33 4.005236
11 29 0.74994224
11 5 1.5256287
11 34 3.70695
11 20 1.0722365
11 2 1.6127291
11 37 1.3914707
11 7 114.28571
11 27 0.6132638
11 16 1.0269514
11 25 1.1473559
12 26 6.898038
12 32 1.3793771
12 28 69.481674
12 10 115.6665
12 24 0.06403992
12 21 0.41479564
12 3 0.10360005
12 1 6.3627534
13 30 36.199677
13 0 1.1132547
13 8 1.8125312
13 18 102.45842
13 33 1.4454824
13 11 0.7820432
13 29 0.9435659
13 5 38.16201
13 34 3477.2727
13 20 0.9933603
13 2 0.7262867
13 14 4.5144935
13 37 1.175304
13 7 2000.0
13 27 0.41666028
13 16 24.184954
13 25 0.21481931
14 30 4.5713696
14 20 3.4333372
14 13 4.5144935
14 27 2.198443
14 33 0.39208338
14 11 2000.0
14 25 2.2276947
15 32 0.09097224
15 21 1.775643
16 0 2000.0
16 30 1.1041214
16 8 1.9852451
16 18 1.24919
16 13 24.184954
16 11 1.0269514
16 5 1.3165952
16 34 43.245556
16 20 32.097412
16 7 1.327003
16 27 1.4197688
16 23 3.9448235
16 25 1.0872629
17 6 7.8179073
17 26 1.6283774
17 10 0.03056608
17 24 0.06434267
17 31 0.94706154
17 9 0.031557124
17 4 0.22884816
17 19 35.51953
18 0 2000.0
18 30 0.7026429
18 8 1.1351448
18 13 102.45842
18 11 4.666329
18 29 1.1009641
18 5 0.552956
18 2 2.662283
18 37 1.7790011
18 7 2000.0
18 27 18.268364
18 16 1.24919
18 23 1.2644024
19 28 167.41136
19 31 0.08043184
19 9 0.06599157
19 17 35.51953
19 4 0.08030283
20 30 0.8362989
20 13 0.9933603
20 33 1.7320732
20 11 1.0722365
20 29 9.356992
20 5 1.2204704
20 34 2.0343342
20 2 3.618194
20 14 3.4333372
20 37 1.9868139
20 7 324.73956
20 27 1.1664051
20 16 32.097412
20 25 1.4602145
21 24 1.4552261
21 35 0.03145882
21 12 0.41479564
21 15 1.775643
22 31 51.358814
22 9 0.04603096
22 19 2000.0
23 0 2000.0
23 30 2.9433627
23 8 1.4466443
23 2 13.234905
23 37 0.7254132
23 18 1.2644024
23 7 1.1923845
23 16 3.9448235
23 11 2000.0
23 29 0.9375628
23 5 3.5504618
24 26 0.039570495
24 32 0.2057896
24 10 0.09932529
24 21 1.4552261
24 12 0.06403992
24 15 2000.0
24 17 0.06434267
25 30 11.490619
25 0 15.4560175
25 13 0.21481931
25 33 0.9111956
25 11 1.1473559
25 29 1.9572399
25 34 1.1612461
25 20 1.4602145
25 2 0.8865259
25 14 2.2276947
25 37 18.38246
25 7 2.9909775
25 27 0.22381423
25 16 1.0872629
26 32 23.972794
26 28 0.08874299
26 10 0.030664412
26 24 0.039570495
26 31 0.0887264
26 12 6.898038
26 17 1.6283774
27 30 0.24208233
27 0 2000.0
27 8 2.1659124
27 18 18.268364
27 13 0.41666028
27 33 0.7714164
27 11 0.6132638
27 29 0.75265545
27 5 2.8526487
27 34 1.0747159
27 20 1.1664051
27 2 0.9409207
27 14 2.198443
27 37 1.0395151
27 7 2000.0
27 16 1.4197688
27 25 0.22381423
28 36 0.03218145
28 26 0.08874299
28 10 0.35430196
28 3 12.719771
28 12 69.481674
28 9 0.66862166
28 19 167.41136
29 0 34.405823
29 30 0.46024618
29 8 0.56650484
29 18 1.1009641
29 13 0.9435659
29 33 20.26628
29 11 0.74994224
29 5 3.491391
29 34 4.6277742
29 20 9.356992
29 2 1.1682518
29 37 0.790866
29 27 0.75265545
29 16 2000.0
29 23 0.9375628
29 25 1.9572399
30 8 0.6948864
30 18 0.7026429
30 13 36.199677
30 33 9.309115
30 11 0.7363833
30 29 0.46024618
30 5 0.6457247
30 34 1.0924736
30 20 0.8362989
30 2 33.372562
30 14 4.5713696
30 37 27.806005
30 7 0.708299
30 27 0.24208233
30 16 1.1041214
30 23 2.9433627
30 25 11.490619
31 26 0.0887264
31 6 0.10219941
31 10 18.03551
31 22 51.358814
31 9 0.058852643
31 4 0.06880482
31 17 0.94706154
31 19 0.08043184
32 26 23.972794
32 24 0.2057896
32 21 2000.0
32 12 1.3793771
32 15 0.09097224
33 30 9.309115
33 8 2000.0
33 13 1.4454824
33 11 4.005236
33 29 20.26628
33 5 2000.0
33 34 2000.0
33 20 1.7320732
33 2 2.2256367
33 14 0.39208338
33 7 2000.0
33 27 0.7714164
33 16 3017.898
33 25 0.9111956
34 30 1.0924736
34 20 2.0343342
34 8 32.931225
34 37 2000.0
34 7 266.6667
34 27 1.0747159
34 16 43.245556
34 11 3.70695
34 29 4.6277742
34 25 1.1612461
34 5 2.3025408
35 21 0.03145882
35 31 1146.9886
36 28 0.03218145
36 3 0.580687
36 9 0.4849053
37 30 27.806005
37 0 1.3804106
37 8 0.83062243
37 18 1.7790011
37 13 1.175304
37 11 1.3914707
37 29 0.790866
37 5 11.316665
37 20 1.9868139
37 2 0.8582667
37 7 128.52596
37 27 1.0395151
37 16 2000.0
37 23 0.7254132
37 25 18.38246
