0 8 10.609344
0 2 1.3293902
0 37 0.73584235
0 13 0.7256251
0 11 17.500078
0 29 8.153088
1 3 0.25492576
1 12 1202.159
2 30 29.786161
2 0 1.3293902
2 8 1.2689697
2 18 15.455822
2 13 0.98279315
2 33 2.524914
2 11 3.096508
2 29 1.1902331
2 20 4.3585653
2 37 2.6002116
2 27 4.0384903
2 16 2000.0
2 23 27.444359
2 25 5.602925
3 36 0.19358587
3 28 0.12149864
3 24 2000.0
3 12 0.05934789
3 1 0.25492576
3 9 0.3752841
4 31 0.07410402
4 9 0.07284641
4 17 0.091690205
4 19 0.08178394
5 30 0.70140505
5 8 0.58579457
5 18 0.5869329
5 13 2000.0
5 11 2.5620546
5 29 2.0309484
5 34 4.729747
5 20 1.9352558
5 37 2000.0
5 7 6.666124
5 27 3.9690657
5 16 1.314349
5 23 4.4949226
6 21 2000.0
6 22 77.20381
6 31 0.9623771
6 17 1.2954826
7 34 22.021317
7 30 1.8077533
7 20 2.1722186
7 8 41.998196
7 37 14.858495
7 27 109.901215
7 16 1.5357562
7 11 11.043336
7 23 1.1937393
7 25 17.723835
7 5 6.666124
8 0 10.609344
8 30 0.6393685
8 18 1.0385723
8 13 1.3306262
8 11 1.0941446
8 29 0.36631387
8 5 0.58579457
8 34 2.9286358
8 2 1.2689697
8 37 1.9898274
8 7 41.998196
8 27 1.6925391
8 16 1.4327849
8 23 1.196808
9 36 0.53332514
9 26 2000.0
9 28 6.033518
9 10 5.4810824
9 22 0.38550705
9 31 0.02931836
9 3 0.3752841
9 17 0.045817494
9 4 0.07284641
9 19 0.08138895
10 26 0.030644562
10 28 0.2338506
10 24 0.048806034
10 31 0.031136611
10 12 17.148865
10 9 5.4810824
10 17 0.03017884
11 0 17.500078
11 30 0.7995716
11 8 1.0941446
11 18 7.943088
11 13 0.75228477
11 33 2.2860186
11 29 0.9370048
11 5 2.5620546
11 34 3.104936
11 20 2.908455
11 2 3.096508
11 37 3.7770762
11 7 11.043336
11 27 0.5142038
11 16 1.054218
11 25 1.6057152
12 26 0.8970986
12 28 14.054852
12 32 0.3157457
12 10 17.148865
12 24 0.078663155
12 21 0.06505445
12 3 0.05934789
13 30 6.500679
13 0 0.7256251
13 8 1.3306262
13 18 200.0
13 33 0.78284407
13 11 0.75228477
13 29 0.5977161
13 34 16.993448
13 20 0.48139954
13 2 0.98279315
13 14 2.520857
13 37 5.4667587
13 27 0.74027205
13 16 80.8198
13 25 0.59049296
14 20 1.647054
14 13 2.520857
14 33 0.5836997
14 27 3.228164
14 11 2000.0
14 25 5.680036
15 32 0.0688294
15 21 10.467975
16 30 1.0666796
16 0 2000.0
16 8 1.4327849
16 18 0.65860647
16 13 80.8198
16 11 1.054218
16 29 60.018173
16 5 1.314349
16 20 13.865413
16 37 35.81181
16 7 1.5357562
16 27 2.4845073
16 23 9.147211
16 25 1.0842483
17 26 1.7411592
17 6 1.2954826
17 10 0.03017884
17 24 0.21533205
17 31 1.1576248
17 9 0.045817494
17 4 0.091690205
17 19 1.3220062
18 30 0.6865365
18 2 15.455822
18 8 1.0385723
18 37 1.8011878
18 7 2000.0
18 13 200.0
18 27 5.21486
18 16 0.65860647
18 23 1.9205599
18 11 7.943088
18 29 1.217334
18 5 0.5869329
19 31 0.064022444
19 9 0.08138895
19 17 1.3220062
19 4 0.08178394
20 0 2000.0
20 30 55.750088
20 13 0.48139954
20 33 1.7809005
20 11 2.908455
20 29 4.0021586
20 5 1.9352558
20 34 1.3187205
20 2 4.3585653
20 14 1.647054
20 37 17.51242
20 7 2.1722186
20 27 0.47764316
20 16 13.865413
20 25 1.3111382
21 32 2000.0
21 24 0.070035234
21 35 0.043708127
21 12 0.06505445
21 15 10.467975
22 6 77.20381
22 31 1243.6932
22 9 0.38550705
22 19 1386.4772
23 0 2000.0
23 30 3.8450584
23 2 27.444359
23 8 1.196808
23 37 3.706874
23 18 1.9205599
23 7 1.1937393
23 16 9.147211
23 11 2000.0
23 29 3.6591144
23 5 4.4949226
24 26 0.050935462
24 32 0.088310376
24 10 0.048806034
24 21 0.070035234
24 31 18.840342
24 12 0.078663155
24 15 2000.0
24 17 0.21533205
25 0 2000.0
25 30 5.902118
25 13 0.59049296
25 33 1.1673567
25 11 1.6057152
25 29 3.5855417
25 34 3.878322
25 20 1.3111382
25 2 5.602925
25 14 5.680036
25 37 27.794437
25 7 17.723835
25 27 0.81245893
25 16 1.0842483
26 36 266.6667
26 32 233.68388
26 28 0.03141376
26 10 0.030644562
26 24 0.050935462
26 31 0.09505327
26 12 0.8970986
26 17 1.7411592
27 0 2000.0
27 30 0.20892228
27 8 1.6925391
27 18 5.21486
27 13 0.74027205
27 33 0.94454914
27 11 0.5142038
27 29 1.9435172
27 5 3.9690657
27 34 3.1606412
27 20 0.47764316
27 2 4.0384903
27 14 3.228164
27 37 4.258523
27 7 109.901215
27 16 2.4845073
27 25 0.81245893
28 36 0.031313132
28 26 0.03141376
28 10 0.2338506
28 3 0.12149864
28 12 14.054852
28 9 6.033518
29 0 8.153088
29 30 2.246695
29 8 0.36631387
29 18 1.217334
29 13 0.5977161
29 11 0.9370048
29 5 2.0309484
29 34 124.897964
29 20 4.0021586
29 2 1.1902331
29 37 1.112167
29 7 2000.0
29 27 1.9435172
29 16 60.018173
29 23 3.6591144
29 25 3.5855417
30 0 2000.0
30 8 0.6393685
30 18 0.6865365
30 13 6.500679
30 33 2.5337303
30 11 0.7995716
30 29 2.246695
30 5 0.70140505
30 34 11.789703
30 20 55.750088
30 2 29.786161
30 14 2000.0
30 37 7.0576243
30 7 1.8077533
30 27 0.20892228
30 16 1.0666796
30 23 3.8450584
30 25 5.902118
31 26 0.09505327
31 6 0.9623771
31 10 0.031136611
31 24 18.840342
31 9 0.02931836
31 17 1.1576248
31 4 0.07410402
31 19 0.064022444
32 26 233.68388
32 24 0.088310376
32 12 0.3157457
32 15 0.0688294
33 30 2.5337303
33 8 2000.0
33 13 0.78284407
33 11 2.2860186
33 29 1436.875
33 34 2000.0
33 20 1.7809005
33 2 2.524914
33 14 0.5836997
33 7 2000.0
33 27 0.94454914
33 16 1622.3296
33 25 1.1673567
34 30 11.789703
34 20 1.3187205
34 8 2.9286358
34 7 22.021317
34 13 16.993448
34 27 3.1606412
34 16 5535.0566
34 11 3.104936
34 25 3.878322
34 29 124.897964
34 5 4.729747
35 21 0.043708127
36 26 266.6667
36 28 0.031313132
36 3 0.19358587
36 9 0.53332514
37 30 7.0576243
37 0 0.73584235
37 8 1.9898274
37 18 1.8011878
37 13 5.4667587
37 11 3.7770762
37 29 1.112167
37 20 17.51242
37 2 2.6002116
37 7 14.858495
37 27 4.258523
37 16 35.81181
37 23 3.706874
37 25 27.794437
