0 2 0.8335562
0 37 3.2443547
0 13 0.7607242
0 29 92.49811
0 25 17.75231
1 3 0.64507574
1 12 35.8081
2 30 11.966782
2 0 0.8335562
2 8 1.0208251
2 18 2.4828675
2 13 0.533234
2 33 2.3349419
2 11 2.0687628
2 29 1.2352216
2 20 3.8334343
2 37 0.8044255
2 27 1.5344126
2 16 2000.0
2 23 12.262903
2 25 0.8549189
3 36 0.60240775
3 28 7.6121597
3 24 133.33334
3 12 0.051319648
3 1 0.64507574
3 9 0.64808655
4 31 0.06573802
4 9 0.07144429
4 17 0.10100158
4 19 0.07930508
5 30 0.6630132
5 8 0.5677144
5 18 0.97689104
5 13 11.1705885
5 11 2.7557552
5 29 3.741515
5 34 1.6456399
5 20 2.3728635
5 37 17.805948
5 7 19.244225
5 27 2.6600115
5 16 1.2063538
5 23 3.8906465
5 25 2000.0
6 31 0.17142488
6 17 7.0968747
7 30 0.8815236
7 20 104.297264
7 8 9.077584
7 16 1.3213081
7 23 1.5513916
7 25 4.2251525
7 5 19.244225
8 0 2000.0
8 30 0.37545812
8 18 1.3490754
8 13 1.0089239
8 11 0.8389108
8 29 0.674866
8 5 0.5677144
8 34 29.53373
8 2 1.0208251
8 37 1.092192
8 7 9.077584
8 27 0.86096966
8 16 1.558889
8 23 0.8474811
8 25 2000.0
9 36 0.7108181
9 26 2000.0
9 28 1.3646222
9 10 29.820654
9 22 0.056989774
9 31 0.028321814
9 3 0.64808655
9 12 2000.0
9 4 0.07144429
9 17 0.057015814
9 19 0.068470575
10 26 0.030034613
10 28 0.26304272
10 24 0.11233511
10 31 11.767581
10 12 1249.034
10 9 29.820654
10 17 0.03358742
11 0 2000.0
11 30 0.72606784
11 8 0.8389108
11 18 9.0305195
11 13 0.92983794
11 33 2.2895312
11 29 0.80613726
11 5 2.7557552
11 34 2.104125
11 20 1.0504168
11 2 2.0687628
11 37 1.7463565
11 7 489.302
11 27 0.83476156
11 16 1.0554218
11 25 0.8979929
12 26 1.9651647
12 32 6.9539313
12 24 0.063986674
12 21 0.11460723
12 3 0.051319648
12 1 35.8081
13 30 48.406574
13 0 0.7607242
13 8 1.0089239
13 18 37.177067
13 33 0.877774
13 11 0.92983794
13 29 0.84810185
13 5 11.1705885
13 34 200.0
13 20 1.0164542
13 2 0.533234
13 14 6.4117775
13 37 1.4861468
13 7 2000.0
13 27 0.7536597
13 16 28.071054
13 25 0.3431818
14 30 7.7835093
14 20 1.6389202
14 13 6.4117775
14 27 3.9231493
14 33 0.36547807
14 11 2000.0
14 25 4.5246773
15 32 0.06981365
15 21 1.8892577
16 30 1.0889095
16 0 2000.0
16 8 1.558889
16 18 1.4592514
16 13 28.071054
16 11 1.0554218
16 5 1.2063538
16 34 29.159092
16 20 33.514164
16 7 1.3213081
16 27 1.6381636
16 23 2.8462749
16 25 2.6200678
17 6 7.0968747
17 26 1.5512354
17 10 0.03358742
17 24 0.16660658
17 31 0.9600081
17 9 0.057015814
17 4 0.10100158
17 19 48.935375
18 0 2000.0
18 30 0.7334269
18 8 1.3490754
18 13 37.177067
18 11 9.0305195
18 29 1.9866519
18 5 0.97689104
18 2 2.4828675
18 37 3.6915977
18 7 2000.0
18 27 27.137423
18 16 1.4592514
18 23 1.5209061
19 28 164.51593
19 31 0.06849341
19 9 0.068470575
19 17 48.935375
19 4 0.07930508
20 30 2.3260136
20 13 1.0164542
20 33 0.9096623
20 11 1.0504168
20 29 19.062294
20 5 2.3728635
20 34 0.88810104
20 2 3.8334343
20 14 1.6389202
20 37 1.8860372
20 7 104.297264
20 27 1.5913894
20 16 33.514164
20 25 0.6829325
21 32 2000.0
21 24 0.9320964
21 35 0.04652808
21 31 2000.0
21 12 0.11460723
21 15 1.8892577
22 31 61.75568
22 9 0.056989774
22 19 2000.0
23 0 2000.0
23 30 1.3591508
23 8 0.8474811
23 2 12.262903
23 37 1.7723379
23 18 1.5209061
23 7 1.5513916
23 16 2.8462749
23 11 2000.0
23 29 1.4855969
23 5 3.8906465
24 26 0.040092327
24 32 0.35118723
24 10 0.11233511
24 21 0.9320964
24 3 133.33334
24 12 0.063986674
24 15 2000.0
24 17 0.16660658
25 30 15.724798
25 0 17.75231
25 13 0.3431818
25 33 0.90781736
25 11 0.8979929
25 29 2.39433
25 34 2.9184878
25 20 0.6829325
25 2 0.8549189
25 14 4.5246773
25 37 72.47666
25 7 4.2251525
25 27 0.40929654
25 16 2.6200678
26 32 18.815834
26 28 0.08014158
26 10 0.030034613
26 24 0.040092327
26 31 0.12238337
26 12 1.9651647
26 17 1.5512354
27 30 0.29110333
27 0 2000.0
27 8 0.86096966
27 18 27.137423
27 13 0.7536597
27 33 0.6246176
27 11 0.83476156
27 29 0.7071868
27 5 2.6600115
27 34 1.284282
27 20 1.5913894
27 2 1.5344126
27 14 3.9231493
27 37 1.3196096
27 7 2000.0
27 16 1.6381636
27 25 0.40929654
28 36 0.0316853
28 26 0.08014158
28 10 0.26304272
28 12 1202.2728
28 3 7.6121597
28 9 1.3646222
28 19 164.51593
29 0 92.49811
29 30 3.2419498
29 8 0.674866
29 18 1.9866519
29 13 0.84810185
29 33 24.328457
29 11 0.80613726
29 5 3.741515
29 34 2.8475745
29 20 19.062294
29 2 1.2352216
29 37 0.77211386
29 7 2000.0
29 27 0.7071868
29 16 2000.0
29 23 1.4855969
29 25 2.39433
30 8 0.37545812
30 18 0.7334269
30 13 48.406574
30 33 5.150443
30 11 0.72606784
30 29 3.2419498
30 5 0.6630132
30 34 0.79076016
30 20 2.3260136
30 2 11.966782
30 14 7.7835093
30 37 18.120213
30 7 0.8815236
30 27 0.29110333
30 16 1.0889095
30 23 1.3591508
30 25 15.724798
31 26 0.12238337
31 6 0.17142488
31 10 11.767581
31 35 147.77924
31 22 61.75568
31 9 0.028321814
31 4 0.06573802
31 17 0.9600081
31 19 0.06849341
32 26 18.815834
32 24 0.35118723
32 21 2000.0
32 12 6.9539313
32 15 0.06981365
33 30 5.150443
33 8 2000.0
33 13 0.877774
33 11 2.2895312
33 29 24.328457
33 34 2000.0
33 20 0.9096623
33 2 2.3349419
33 14 0.36547807
33 7 2000.0
33 27 0.6246176
33 16 3017.898
33 25 0.90781736
34 30 0.79076016
34 20 0.88810104
34 8 29.53373
34 37 2000.0
34 7 2000.0
34 13 200.0
34 27 1.284282
34 16 29.159092
34 11 2.104125
34 29 2.8475745
34 25 2.9184878
34 5 1.6456399
35 21 0.04652808
35 31 147.77924
36 28 0.0316853
36 3 0.60240775
36 9 0.7108181
37 30 18.120213
37 0 3.2443547
37 8 1.092192
37 18 3.6915977
37 13 1.4861468
37 11 1.7463565
37 29 0.77211386
37 5 17.805948
37 20 1.8860372
37 2 0.8044255
37 7 9703.296
37 27 1.3196096
37 16 2000.0
37 23 1.7723379
37 25 72.47666
