0 2 0.9069897
0 37 1.5328223
0 13 1.0254598
0 29 7.0155888
0 25 32.94377
1 3 0.6909571
1 12 26.577345
2 30 19.355762
2 0 0.9069897
2 8 1.6446877
2 18 1.8962083
2 13 0.562854
2 33 2.1149845
2 11 1.7342048
2 29 1.2199078
2 20 3.3069808
2 37 0.90226895
2 27 1.7881233
2 16 2000.0
2 23 9.57938
2 25 0.44380143
3 36 0.92804253
3 28 148.8341
3 24 2000.0
3 12 0.08081929
3 1 0.6909571
3 9 1.1510105
4 31 0.07179253
4 9 0.06736111
4 17 0.12316715
4 19 0.07228018
5 30 0.8090032
5 8 0.53893125
5 18 0.79478043
5 13 55.122677
5 11 1.8696752
5 29 2.4815907
5 34 1.8660705
5 20 4.535716
5 37 8.780331
5 7 7.9189806
5 27 3.0839162
5 16 1.5606251
5 23 2.4131565
5 25 2000.0
6 31 0.12806262
6 17 0.9469359
7 34 133.33334
7 30 1.6124499
7 20 85.06108
7 8 3.7739007
7 16 1.4028726
7 11 28.76586
7 23 1.431783
7 25 4.0650525
7 5 7.9189806
8 0 2000.0
8 30 0.43190068
8 18 0.9541667
8 13 1.7700428
8 11 0.82524735
8 29 0.7640855
8 5 0.53893125
8 34 67.12245
8 2 1.6446877
8 37 0.9595416
8 7 3.7739007
8 27 10.895177
8 16 2.010586
8 23 1.1180027
8 25 2000.0
9 36 0.41003793
9 26 2000.0
9 28 0.5130682
9 10 6.447235
9 22 0.052393172
9 31 0.030942619
9 3 1.1510105
9 4 0.06736111
9 17 0.041681666
9 19 0.08786981
10 26 0.11736214
10 28 0.40818182
10 24 0.08200313
10 31 1.8091898
10 12 89.78366
10 9 6.447235
10 17 0.030297939
11 0 2000.0
11 30 0.84371156
11 8 0.82524735
11 18 2.868477
11 13 1.5318668
11 33 3.2752426
11 29 0.7528704
11 5 1.8696752
11 34 2.152051
11 20 1.1215364
11 2 1.7342048
11 37 1.4061964
11 7 28.76586
11 27 1.3857955
11 16 0.7941177
11 25 0.667843
12 26 7.985212
12 32 3.8477488
12 28 73.96194
12 10 89.78366
12 24 0.12042662
12 21 0.10355919
12 3 0.08081929
12 1 26.577345
13 30 24.767248
13 0 1.0254598
13 8 1.7700428
13 18 22.90201
13 33 1.0527631
13 11 1.5318668
13 29 1.039053
13 5 55.122677
13 34 841.4987
13 20 1.3388141
13 2 0.562854
13 14 3.338205
13 37 1.3218738
13 7 2000.0
13 27 0.3528316
13 16 128.70695
13 25 0.23615845
14 30 14.842732
14 20 2.87236
14 13 3.338205
14 27 11.974381
14 33 0.4039142
14 11 2000.0
14 25 1.5064857
15 32 0.078835234
15 21 12.316842
16 34 12.196536
16 30 1.085009
16 20 25.813824
16 8 2.010586
16 18 1.061422
16 13 128.70695
16 7 1.4028726
16 27 3.272229
16 11 0.7941177
16 23 2.8303347
16 25 0.6365071
16 5 1.5606251
17 6 0.9469359
17 26 10.096452
17 10 0.030297939
17 24 0.058443204
17 31 0.95121974
17 9 0.041681666
17 4 0.12316715
17 19 145.20042
18 0 2000.0
18 30 0.41246846
18 8 0.9541667
18 2 1.8962083
18 37 2.2601004
18 13 22.90201
18 27 114.28571
18 16 1.061422
18 11 2.868477
18 23 1.0592705
18 29 0.7233276
18 5 0.79478043
19 28 28.529255
19 31 0.06892097
19 9 0.08786981
19 17 145.20042
19 4 0.07228018
20 30 1.1287682
20 8 2000.0
20 13 1.3388141
20 33 1.0366333
20 11 1.1215364
20 29 8.6406975
20 5 4.535716
20 34 0.8475574
20 2 3.3069808
20 14 2.87236
20 37 3.945787
20 7 85.06108
20 27 3.157155
20 16 25.813824
20 25 0.43657786
21 32 2000.0
21 10 2000.0
21 24 0.84598726
21 35 0.03187404
21 12 0.10355919
21 15 12.316842
22 31 50.0
22 9 0.052393172
22 19 2000.0
23 0 2000.0
23 30 2.3074193
23 8 1.1180027
23 2 9.57938
23 37 1.423904
23 18 1.0592705
23 7 1.431783
23 16 2.8303347
23 11 2000.0
23 29 2.255616
23 5 2.4131565
24 26 0.15116729
24 32 0.26897672
24 10 0.08200313
24 21 0.84598726
24 12 0.12042662
24 17 0.058443204
25 0 32.94377
25 30 20.010492
25 13 0.23615845
25 33 0.57807153
25 11 0.667843
25 29 1.7769611
25 34 2.5473742
25 20 0.43657786
25 2 0.44380143
25 14 1.5064857
25 37 49.567013
25 7 4.0650525
25 27 0.50789994
25 16 0.6365071
28 36 0.03481469
28 26 0.15290612
28 10 0.40818182
28 3 148.8341
28 12 73.96194
28 9 0.5130682
28 19 28.529255
29 0 7.0155888
29 30 1.6724457
29 8 0.7640855
29 18 0.7233276
29 13 1.039053
29 33 8.898706
29 11 0.7528704
29 5 2.4815907
29 34 2.791488
29 20 8.6406975
29 2 1.2199078
29 37 0.7290186
29 7 2000.0
29 27 3.4525824
29 16 2000.0
29 23 2.255616
29 25 1.7769611
30 8 0.43190068
30 18 0.41246846
30 13 24.767248
30 33 10.63494
30 11 0.84371156
30 29 1.6724457
30 5 0.8090032
30 34 0.93153214
30 20 1.1287682
30 2 19.355762
30 14 14.842732
30 37 9.966163
30 7 1.6124499
30 27 0.32599428
30 16 1.085009
30 23 2.3074193
30 25 20.010492
31 26 0.32905138
31 6 0.12806262
31 10 1.8091898
31 35 139.32956
31 22 50.0
31 9 0.030942619
31 4 0.07179253
31 17 0.95121974
31 19 0.06892097
32 26 2000.0
32 24 0.26897672
32 21 2000.0
32 12 3.8477488
32 15 0.078835234
33 30 10.63494
33 8 2000.0
33 13 1.0527631
33 11 3.2752426
33 29 8.898706
33 5 2000.0
33 34 2000.0
33 20 1.0366333
33 2 2.1149845
33 14 0.4039142
33 7 2000.0
33 27 1.59989
33 16 2422.443
33 25 0.57807153
34 30 0.93153214
34 20 0.8475574
34 8 67.12245
34 37 2000.0
34 7 133.33334
34 13 841.4987
34 27 1.6456472
34 16 12.196536
34 11 2.152051
34 29 2.791488
34 25 2.5473742
34 5 1.8660705
35 21 0.03187404
35 31 139.32956
36 28 0.03481469
36 3 0.92804253
36 9 0.41003793
37 30 9.966163
37 0 1.5328223
37 8 0.9595416
37 18 2.2601004
37 13 1.3218738
37 11 1.4061964
37 29 0.7290186
37 5 8.780331
37 20 3.945787
37 2 0.90226895
37 7 3070.5112
37 27 1.5931253
37 16 2000.0
37 23 1.423904
37 25 49.567013
