0 2 1.0991359
0 37 1.5909642
0 13 1.4073837
0 29 28.961456
0 25 22.972773
1 3 1.2025484
1 12 80.0
2 30 33.911964
2 0 1.0991359
2 8 1.5774916
2 18 2.1587596
2 13 0.7900111
2 33 2.2186804
2 11 1.8306776
2 29 1.4723448
2 20 3.3283634
2 37 0.8228621
2 27 1.1235077
2 16 2000.0
2 23 12.628126
2 25 0.58386445
3 36 0.18418603
3 28 18.748297
3 24 2000.0
3 12 0.047191378
3 1 1.2025484
3 9 0.35010028
4 31 0.07855491
4 9 0.13498509
4 17 0.15853074
4 19 0.06948584
5 30 0.8133414
5 8 0.7226
5 18 1.1209204
5 13 21.230959
5 11 2.3473718
5 29 4.907523
5 34 2.7604616
5 20 2.6289625
5 37 16.33582
5 7 7.7259383
5 27 2.113784
5 16 2.398156
5 23 4.163891
5 25 2000.0
6 31 0.14385964
6 17 2.558428
7 30 1.2349851
7 20 1308.5796
7 8 9.555058
7 16 1.9147149
7 11 399.17795
7 23 1.654035
7 25 2.7659316
7 5 7.7259383
8 0 2000.0
8 30 0.37896532
8 18 1.1986141
8 13 0.9357386
8 11 1.7236344
8 29 0.5387833
8 5 0.7226
8 34 18.38535
8 2 1.5774916
8 37 1.1106597
8 7 9.555058
8 27 1.4314969
8 16 1.8121945
8 23 0.8450047
8 25 2000.0
9 36 0.73828197
9 26 2000.0
9 28 2.5046654
9 10 19.198051
9 22 0.08260135
9 31 0.031094208
9 3 0.35010028
9 4 0.13498509
9 17 0.036956523
9 19 0.06843835
10 26 0.029241387
10 28 0.40931818
10 24 0.10726764
10 31 4.5807185
10 12 1554.034
10 9 19.198051
10 17 0.031057555
11 0 2000.0
11 30 0.8101315
11 8 1.7236344
11 18 8.898368
11 13 1.2441189
11 33 2.1075602
11 29 0.99172884
11 5 2.3473718
11 34 5.7316055
11 20 0.9031527
11 2 1.8306776
11 37 1.5251203
11 7 399.17795
11 27 0.76395345
11 16 1.6145333
11 25 0.73760504
12 26 0.60707575
12 32 5.0522094
12 24 0.07002659
12 21 0.11316797
12 3 0.047191378
12 1 80.0
13 30 63.94355
13 0 1.4073837
13 8 0.9357386
13 18 153.06935
13 33 1.178104
13 11 1.2441189
13 29 0.7443971
13 5 21.230959
13 34 287.39236
13 20 1.0499241
13 2 0.7900111
13 14 5.8830924
13 37 1.191373
13 7 2000.0
13 27 0.23650716
13 16 58.910797
13 25 0.2682853
14 30 13.665788
14 20 2.4017546
14 13 5.8830924
14 27 2.6781356
14 33 0.6113041
14 25 2.9327586
15 32 0.079409465
15 21 9.309202
16 0 2000.0
16 30 1.0444428
16 8 1.8121945
16 18 1.145264
16 13 58.910797
16 11 1.6145333
16 5 2.398156
16 34 50.79365
16 20 27.678333
16 7 1.9147149
16 27 1.5002496
16 23 2.8260732
16 25 0.8528117
17 6 2.558428
17 26 1.7071532
17 10 0.031057555
17 24 0.1572623
17 31 0.988017
17 9 0.036956523
17 4 0.15853074
17 19 79.973015
18 0 2000.0
18 30 0.68872803
18 8 1.1986141
18 13 153.06935
18 11 8.898368
18 29 1.2956471
18 5 1.1209204
18 2 2.1587596
18 37 2.854248
18 7 2000.0
18 27 14.373917
18 16 1.145264
18 23 1.3919594
19 31 0.096627
19 9 0.06843835
19 17 79.973015
19 4 0.06948584
20 30 2.6306198
20 13 1.0499241
20 33 1.8480276
20 11 0.9031527
20 29 15.583275
20 5 2.6289625
20 34 1.252796
20 2 3.3283634
20 14 2.4017546
20 37 3.862931
20 7 1308.5796
20 27 2.818139
20 16 27.678333
20 25 0.57395804
21 24 1.1079236
21 35 0.029674627
21 31 2000.0
21 12 0.11316797
21 15 9.309202
22 31 228.57143
22 9 0.08260135
22 19 2000.0
23 0 2000.0
23 30 1.8130622
23 8 0.8450047
23 2 12.628126
23 37 1.771652
23 18 1.3919594
23 7 1.654035
23 16 2.8260732
23 11 2000.0
23 29 1.5674727
23 5 4.163891
24 26 0.05017704
24 32 0.21794812
24 10 0.10726764
24 21 1.1079236
24 12 0.07002659
24 15 2000.0
24 17 0.1572623
25 30 16.7945
25 0 22.972773
25 13 0.2682853
25 33 0.75423723
25 11 0.73760504
25 29 2.6790378
25 34 1.788231
25 20 0.57395804
25 2 0.58386445
25 14 2.9327586
25 37 57.142857
25 7 2.7659316
25 27 0.30280453
25 16 0.8528117
26 32 24.334833
26 28 0.060020655
26 10 0.029241387
26 24 0.05017704
26 31 0.18109454
26 12 0.60707575
26 17 1.7071532
27 30 0.23443162
27 0 2000.0
27 8 1.4314969
27 18 14.373917
27 13 0.23650716
27 33 0.868451
27 11 0.76395345
27 29 0.811009
27 5 2.113784
27 34 1.1901882
27 20 2.818139
27 2 1.1235077
27 14 2.6781356
27 37 1.0383384
27 7 3409.1382
27 16 1.5002496
27 25 0.30280453
28 36 0.030951878
28 26 0.060020655
28 10 0.40931818
28 3 18.748297
28 12 1372.1023
28 9 2.5046654
28 19 1254.2045
29 0 28.961456
29 30 0.6305504
29 8 0.5387833
29 18 1.2956471
29 13 0.7443971
29 33 14.9102745
29 11 0.99172884
29 5 4.907523
29 34 3.2179291
29 20 15.583275
29 2 1.4723448
29 37 0.7822428
29 27 0.811009
29 16 2000.0
29 23 1.5674727
29 25 2.6790378
30 8 0.37896532
30 18 0.68872803
30 13 63.94355
30 33 8.986186
30 11 0.8101315
30 29 0.6305504
30 5 0.8133414
30 34 0.94957834
30 20 2.6306198
30 2 33.911964
30 14 13.665788
30 37 29.980371
30 7 1.2349851
30 27 0.23443162
30 16 1.0444428
30 23 1.8130622
30 25 16.7945
31 26 0.18109454
31 6 0.14385964
31 10 4.5807185
31 35 15.691485
31 22 228.57143
31 21 2000.0
31 9 0.031094208
31 4 0.07855491
31 17 0.988017
31 19 0.096627
32 26 24.334833
32 24 0.21794812
32 21 2000.0
32 12 5.0522094
32 15 0.079409465
33 30 8.986186
33 8 2000.0
33 13 1.178104
33 11 2.1075602
33 29 14.9102745
33 34 2000.0
33 20 1.8480276
33 2 2.2186804
33 14 0.6113041
33 7 2000.0
33 27 0.868451
33 16 1971.0227
33 25 0.75423723
34 30 0.94957834
34 20 1.252796
34 8 18.38535
34 37 2000.0
34 7 2000.0
34 27 1.1901882
34 16 50.79365
34 11 5.7316055
34 29 3.2179291
34 25 1.788231
34 5 2.7604616
35 21 0.029674627
35 31 15.691485
36 28 0.030951878
36 3 0.18418603
36 9 0.73828197
37 30 29.980371
37 0 1.5909642
37 8 1.1106597
37 18 2.854248
37 13 1.191373
37 11 1.5251203
37 29 0.7822428
37 5 16.33582
37 20 3.862931
37 2 0.8228621
37 7 2792.3862
37 27 1.0383384
37 16 2000.0
37 23 1.771652
37 25 57.142857
