0 8 6.9259477
0 2 2.2716959
0 37 1.5594081
0 13 1.1572236
0 11 44.340553
0 29 12.990622
0 25 2000.0
1 3 0.25077105
1 12 1202.159
2 30 18.853497
2 0 2.2716959
2 8 0.9826014
2 18 4.3558264
2 13 0.3299981
2 33 2.042005
2 11 0.8354544
2 29 1.0068831
2 20 2.4976375
2 37 0.69440055
2 27 0.5995912
2 16 2000.0
2 23 37.527657
2 25 1.0957665
3 36 0.2269255
3 28 0.08022727
3 24 150.0
3 12 0.050623167
3 1 0.25077105
3 9 0.13266635
4 31 0.07988304
4 9 0.054884333
4 17 0.0861603
4 19 0.09115847
5 30 0.7955572
5 8 0.7449634
5 18 0.3585913
5 13 2000.0
5 11 3.7961056
5 29 2.9574533
5 34 1.3010403
5 20 3.8026347
5 37 2000.0
5 7 7.09079
5 27 1.9621648
5 16 2.0267544
5 23 2.8887017
6 31 1.158215
6 17 0.80260354
7 34 8.588544
7 30 0.8784424
7 20 1.2405394
7 8 18.89361
7 37 17.548178
7 27 57.142857
7 16 1.2504442
7 11 8.570606
7 23 1.1027064
7 25 11.5239525
7 5 7.09079
8 0 6.9259477
8 30 0.63547224
8 18 0.78647363
8 13 1.9391723
8 11 0.7859849
8 29 0.6903941
8 5 0.7449634
8 34 4.050179
8 2 0.9826014
8 37 0.7881153
8 7 18.89361
8 27 1.3832934
8 16 1.3312788
8 23 1.0213757
9 36 1.8353637
9 26 2000.0
9 28 1.6773461
9 10 2.9578073
9 22 0.5350109
9 31 0.027724639
9 3 0.13266635
9 17 0.0404763
9 4 0.054884333
9 19 0.0655796
10 26 0.035071485
10 28 0.1619711
10 24 0.050363287
10 31 0.05026042
10 12 14.080888
10 9 2.9578073
10 17 0.031992868
11 0 44.340553
11 30 0.5228007
11 8 0.7859849
11 18 3.5672069
11 13 0.80643666
11 33 2.814036
11 29 0.72140896
11 5 3.7961056
11 34 3.1215906
11 20 1.0197388
11 2 0.8354544
11 37 1.5662845
11 7 8.570606
11 27 0.4278267
11 16 0.784523
11 25 0.8317149
12 26 1.0541122
12 28 4.629413
12 32 0.27135432
12 10 14.080888
12 24 0.07072265
12 21 0.07139757
12 3 0.050623167
13 30 1.426783
13 0 1.1572236
13 8 1.9391723
13 18 1288.6292
13 33 0.91458434
13 11 0.80643666
13 29 0.9125771
13 34 13.192315
13 20 0.5859785
13 2 0.3299981
13 14 3.1585047
13 37 2.368685
13 27 0.2608538
13 16 36.385227
13 25 0.75355905
14 20 2.251801
14 13 3.1585047
14 33 0.4593109
14 27 3.8425531
14 11 2000.0
14 25 1.5327874
15 32 0.088607475
15 21 1.8829348
16 0 2000.0
16 30 1.1021236
16 8 1.3312788
16 18 0.8660562
16 13 36.385227
16 11 0.784523
16 29 74.635445
16 5 2.0267544
16 20 4.155779
16 37 72.8702
16 7 1.2504442
16 27 1.3279743
16 23 7.185877
16 25 0.85711277
17 26 1.7177827
17 6 0.80260354
17 10 0.031992868
17 24 0.11078335
17 31 1.2898387
17 9 0.0404763
17 4 0.0861603
17 19 2.1544654
18 30 0.740652
18 2 4.3558264
18 8 0.78647363
18 37 1.0970993
18 7 2000.0
18 13 1288.6292
18 27 2.736039
18 16 0.8660562
18 23 1.2801473
18 11 3.5672069
18 29 1.0751595
18 5 0.3585913
19 31 0.07800798
19 9 0.0655796
19 17 2.1544654
19 4 0.09115847
20 30 13.786127
20 13 0.5859785
20 33 2.5382977
20 11 1.0197388
20 29 2.6805737
20 5 3.8026347
20 34 1.1854863
20 2 2.4976375
20 14 2.251801
20 37 4.060477
20 7 1.2405394
20 27 0.50333005
20 16 4.155779
20 25 0.7087443
21 10 2000.0
21 24 0.45514765
21 35 0.04466468
21 12 0.07139757
21 15 1.8829348
22 6 1586.9319
22 31 1168.0114
22 9 0.5350109
22 19 1329.4886
23 0 2000.0
23 30 1.5046434
23 2 37.527657
23 8 1.0213757
23 37 1.9093097
23 18 1.2801473
23 7 1.1027064
23 16 7.185877
23 11 2000.0
23 29 6.530865
23 5 2.8887017
24 26 0.06250535
24 32 0.1063204
24 10 0.050363287
24 21 0.45514765
24 31 11.099256
24 12 0.07072265
24 3 150.0
24 15 2000.0
24 17 0.11078335
25 0 2000.0
25 30 1.5334771
25 13 0.75355905
25 33 0.34455743
25 11 0.8317149
25 29 6.10407
25 34 1.4849011
25 20 0.7087443
25 2 1.0957665
25 14 1.5327874
25 37 72.03255
25 7 11.5239525
25 27 0.72020304
25 16 0.85711277
26 36 2000.0
26 32 21.377995
26 28 0.031552326
26 10 0.035071485
26 24 0.06250535
26 31 0.073503524
26 12 1.0541122
26 17 1.7177827
27 0 2000.0
27 30 0.2031569
27 8 1.3832934
27 18 2.736039
27 13 0.2608538
27 33 0.93871295
27 11 0.4278267
27 29 0.6518776
27 5 1.9621648
27 34 1.1096638
27 20 0.50333005
27 2 0.5995912
27 14 3.8425531
27 37 0.8006003
27 7 57.142857
27 16 1.3279743
27 25 0.72020304
28 36 0.031156857
28 26 0.031552326
28 10 0.1619711
28 3 0.08022727
28 12 4.629413
28 9 1.6773461
29 0 12.990622
29 30 2.3990595
29 8 0.6903941
29 18 1.0751595
29 13 0.9125771
29 11 0.72140896
29 5 2.9574533
29 34 6.1558614
29 20 2.6805737
29 2 1.0068831
29 37 0.5401316
29 7 2000.0
29 27 0.6518776
29 16 74.635445
29 23 6.530865
29 25 6.10407
30 0 2000.0
30 8 0.63547224
30 18 0.740652
30 13 1.426783
30 33 1.7572297
30 11 0.5228007
30 29 2.3990595
30 5 0.7955572
30 34 2.006243
30 20 13.786127
30 2 18.853497
30 37 3.3626158
30 7 0.8784424
30 27 0.2031569
30 16 1.1021236
30 23 1.5046434
30 25 1.5334771
31 26 0.073503524
31 6 1.158215
31 10 0.05026042
31 24 11.099256
31 9 0.027724639
31 17 1.2898387
31 4 0.07988304
31 19 0.07800798
32 26 21.377995
32 24 0.1063204
32 12 0.27135432
32 15 0.088607475
33 30 1.7572297
33 8 2000.0
33 13 0.91458434
33 11 2.814036
33 29 2000.0
33 34 2000.0
33 20 2.5382977
33 2 2.042005
33 14 0.4593109
33 7 2000.0
33 27 0.93871295
33 16 2000.0
33 25 0.34455743
34 30 2.006243
34 20 1.1854863
34 8 4.050179
34 13 13.192315
34 7 8.588544
34 27 1.1096638
34 16 1215.0568
34 11 3.1215906
34 25 1.4849011
34 29 6.1558614
34 5 1.3010403
35 21 0.04466468
36 26 2000.0
36 28 0.031156857
36 10 2000.0
36 3 0.2269255
36 9 1.8353637
37 30 3.3626158
37 0 1.5594081
37 8 0.7881153
37 18 1.0970993
37 13 2.368685
37 11 1.5662845
37 29 0.5401316
37 20 4.060477
37 2 0.69440055
37 7 17.548178
37 27 0.8006003
37 16 72.8702
37 23 1.9093097
37 25 72.03255
