0 2 0.83157235
0 37 2.1179888
0 13 0.76351964
0 29 9.105878
0 25 21.049973
1 3 1.1884795
1 12 34.046593
2 30 27.964224
2 0 0.83157235
2 8 1.344114
2 18 2.3849313
2 13 0.6000632
2 33 3.837413
2 11 1.5982279
2 29 1.0368235
2 20 2.2790117
2 37 1.3862463
2 27 1.2230983
2 16 2000.0
2 23 12.577925
2 25 0.624618
3 36 0.32146662
3 28 27.150862
3 24 2000.0
3 12 0.07552822
3 1 1.1884795
3 9 0.7722939
4 31 0.064461716
4 9 0.08817996
4 17 0.12663089
4 19 0.07625745
5 30 0.5708179
5 8 0.6081824
5 18 1.0076754
5 13 18.60156
5 11 1.4774107
5 29 2.0321417
5 34 3.025095
5 20 3.9877472
5 37 22.002832
5 7 5.211181
5 27 1.050158
5 16 1.878679
5 23 2.308546
5 25 2000.0
6 31 0.166829
6 17 5.4808874
7 30 0.70171875
7 20 91.81864
7 8 5.7203164
7 16 1.2702755
7 23 1.2317646
7 11 133.33334
7 25 2.772801
7 5 5.211181
8 0 2000.0
8 30 0.5974875
8 18 1.285895
8 13 2.193698
8 11 1.0314491
8 29 0.51150554
8 5 0.6081824
8 34 54.400005
8 2 1.344114
8 37 1.018509
8 7 5.7203164
8 27 2.751945
8 16 1.665937
8 23 1.4279157
8 25 2000.0
9 36 0.6770319
9 26 2000.0
9 28 0.8026832
9 10 24.276136
9 22 0.059280396
9 31 0.029448709
9 12 2000.0
9 3 0.7722939
9 4 0.08817996
9 17 0.03308259
9 19 0.06975597
10 26 0.030665591
10 28 0.28213164
10 24 0.09554034
10 31 24.81467
10 12 122.53226
10 9 24.276136
10 17 0.030348357
11 0 2000.0
11 30 0.7372988
11 8 1.0314491
11 18 7.7346554
11 13 0.7066977
11 33 1.487698
11 29 1.0330199
11 5 1.4774107
11 34 3.3654552
11 20 1.2195898
11 2 1.5982279
11 37 1.5634437
11 7 133.33334
11 27 0.67565197
11 16 1.1956135
11 25 0.64385927
12 26 0.7550218
12 32 2.431277
12 10 122.53226
12 24 0.07049329
12 21 0.1702166
12 3 0.07552822
12 1 34.046593
13 30 62.158005
13 0 0.76351964
13 8 2.193698
13 18 328.0429
13 33 1.2216573
13 11 0.7066977
13 29 0.8934625
13 5 18.60156
13 34 160.0
13 20 1.003011
13 2 0.6000632
13 14 10.464105
13 37 1.0797229
13 7 2000.0
13 27 0.2574939
13 16 59.120296
13 25 0.31356227
14 30 10.683302
14 20 2.1633182
14 13 10.464105
14 27 2.9146771
14 33 0.2688436
14 11 2000.0
14 25 1.6836197
15 32 0.06859864
15 21 1.0959165
16 30 1.059368
16 0 2000.0
16 8 1.665937
16 18 1.2670192
16 13 59.120296
16 11 1.1956135
16 5 1.878679
16 34 83.85085
16 20 23.733429
16 7 1.2702755
16 27 1.4900959
16 23 4.011992
16 25 0.60136795
17 6 5.4808874
17 26 1.5409071
17 10 0.030348357
17 24 0.06658097
17 31 0.960783
17 9 0.03308259
17 4 0.12663089
17 19 42.108185
18 0 2000.0
18 30 1.026431
18 8 1.285895
18 13 328.0429
18 11 7.7346554
18 29 1.7672591
18 5 1.0076754
18 2 2.3849313
18 37 2.579588
18 7 2000.0
18 27 13.762773
18 16 1.2670192
18 23 1.9195377
19 31 0.087931484
19 9 0.06975597
19 4 0.07625745
19 17 42.108185
20 30 1.7896355
20 8 2000.0
20 13 1.003011
20 33 0.9994121
20 11 1.2195898
20 29 5.016744
20 5 3.9877472
20 34 0.86276716
20 2 2.2790117
20 14 2.1633182
20 37 2.1189575
20 7 91.81864
20 27 0.85808796
20 16 23.733429
20 25 0.3109608
21 24 1.4461303
21 35 0.03382522
21 12 0.1702166
21 15 1.0959165
22 31 1142.2727
22 9 0.059280396
22 19 2000.0
23 0 2000.0
23 30 1.990909
23 8 1.4279157
23 2 12.577925
23 37 2.1630518
23 18 1.9195377
23 7 1.2317646
23 16 4.011992
23 11 2000.0
23 29 1.6844723
23 5 2.308546
24 26 0.037519936
24 32 0.26271445
24 10 0.09554034
24 21 1.4461303
24 12 0.07049329
24 17 0.06658097
25 30 14.422968
25 0 21.049973
25 13 0.31356227
25 33 0.46192345
25 11 0.64385927
25 29 1.4536003
25 34 1.9639238
25 20 0.3109608
25 2 0.624618
25 14 1.6836197
25 37 18.985796
25 7 2.772801
25 27 0.25185493
25 16 0.60136795
26 32 35.755196
26 28 0.12754263
26 10 0.030665591
26 24 0.037519936
26 31 0.11368956
26 12 0.7550218
26 17 1.5409071
27 30 0.2322757
27 0 2000.0
27 8 2.751945
27 18 13.762773
27 13 0.2574939
27 33 0.9111994
27 11 0.67565197
27 29 0.6976588
27 5 1.050158
27 34 1.2557809
27 20 0.85808796
27 2 1.2230983
27 14 2.9146771
27 37 1.3380314
27 7 4402.386
27 16 1.4900959
27 25 0.25185493
28 36 0.03247951
28 26 0.12754263
28 10 0.28213164
28 3 27.150862
28 12 1193.8636
28 9 0.8026832
28 19 1369.9431
29 0 9.105878
29 30 0.76081514
29 8 0.51150554
29 18 1.7672591
29 13 0.8934625
29 33 6.954462
29 11 1.0330199
29 5 2.0321417
29 34 2.7665696
29 20 5.016744
29 2 1.0368235
29 37 1.2714331
29 7 2000.0
29 27 0.6976588
29 16 2000.0
29 23 1.6844723
29 25 1.4536003
30 8 0.5974875
30 18 1.026431
30 13 62.158005
30 33 15.208944
30 11 0.7372988
30 29 0.76081514
30 5 0.5708179
30 34 1.0159932
30 20 1.7896355
30 2 27.964224
30 14 10.683302
30 37 21.193127
30 7 0.70171875
30 27 0.2322757
30 16 1.059368
30 23 1.990909
30 25 14.422968
31 26 0.11368956
31 6 0.166829
31 10 24.81467
31 22 1142.2727
31 9 0.029448709
31 4 0.064461716
31 17 0.960783
31 19 0.087931484
32 26 35.755196
32 24 0.26271445
32 21 2000.0
32 12 2.431277
32 15 0.06859864
33 30 15.208944
33 8 2000.0
33 13 1.2216573
33 11 1.487698
33 29 6.954462
33 5 2000.0
33 34 2000.0
33 20 0.9994121
33 2 3.837413
33 14 0.2688436
33 7 2000.0
33 27 0.9111994
33 16 3017.898
33 25 0.46192345
34 30 1.0159932
34 20 0.86276716
34 8 54.400005
34 37 2000.0
34 7 2000.0
34 13 160.0
34 27 1.2557809
34 16 83.85085
34 11 3.3654552
34 29 2.7665696
34 25 1.9639238
34 5 3.025095
35 21 0.03382522
35 31 1155.341
36 28 0.03247951
36 3 0.32146662
36 9 0.6770319
37 30 21.193127
37 0 2.1179888
37 8 1.018509
37 18 2.579588
37 13 1.0797229
37 11 1.5634437
37 29 1.2714331
37 5 22.002832
37 20 2.1189575
37 2 1.3862463
37 7 272.38028
37 27 1.3380314
37 16 2000.0
37 23 2.1630518
37 25 18.985796
