0 8 5.1272073
0 2 0.76338637
0 37 0.6873417
0 13 0.7168262
0 11 12.964487
0 29 7.3829546
1 3 0.43973622
1 12 1307.0454
2 30 30.53743
2 0 0.76338637
2 8 1.3154252
2 18 26.63468
2 13 0.2864475
2 33 2.5244036
2 11 0.5878221
2 29 0.7931701
2 20 2.432249
2 37 0.6248112
2 27 0.3275119
2 23 27.06417
2 25 1.4905454
3 36 0.2960957
3 28 0.08931818
3 24 2000.0
3 12 0.0754444
3 1 0.43973622
3 9 0.6768409
4 31 0.08820027
4 9 0.071445465
4 17 0.07872951
4 19 0.07886468
5 30 0.65381175
5 8 0.5553558
5 18 1.0812587
5 13 150.76926
5 11 2.8688037
5 29 2.2402298
5 34 4.0233235
5 20 8.604613
5 37 2000.0
5 7 7.7689395
5 27 1.8177334
5 16 1.4548498
5 23 2.27746
6 31 0.35356805
6 17 0.749298
7 34 8.449588
7 30 1.034286
7 20 1.3297335
7 8 21.946968
7 37 16.064823
7 27 133.33334
7 16 1.2599106
7 11 3.8864787
7 23 0.97498167
7 25 6.313901
7 5 7.7689395
8 0 5.1272073
8 30 0.4996837
8 18 0.992704
8 13 2.0047517
8 11 2.1571581
8 29 0.73411506
8 5 0.5553558
8 34 1.5003489
8 2 1.3154252
8 37 0.8313094
8 7 21.946968
8 27 0.9840778
8 16 1.508334
8 23 0.7774762
9 36 1.7682009
9 26 2000.0
9 28 0.4861111
9 10 12.245388
9 22 0.09232857
9 31 0.028598206
9 3 0.6768409
9 17 0.14676425
9 4 0.071445465
9 19 0.07015786
10 26 0.029510029
10 28 0.51521385
10 24 0.21390468
10 31 0.03532182
10 12 12.177703
10 9 12.245388
10 17 0.040542524
11 0 12.964487
11 30 0.30036697
11 8 2.1571581
11 18 9.275247
11 13 0.40427238
11 33 2.077875
11 29 0.6650325
11 5 2.8688037
11 34 1.897689
11 20 0.94573915
11 2 0.5878221
11 37 1.4557538
11 7 3.8864787
11 27 0.37051103
11 16 0.7139943
11 25 1.0323918
12 26 1.5633525
12 28 1.7205176
12 32 0.2010373
12 10 12.177703
12 24 0.06756386
12 21 0.09336298
12 3 0.0754444
13 0 0.7168262
13 30 0.6644613
13 8 2.0047517
13 18 181.92093
13 33 0.83770734
13 11 0.40427238
13 29 1.0499545
13 5 150.76926
13 34 7.193718
13 20 0.47725284
13 2 0.2864475
13 14 3.3399432
13 37 0.87275445
13 27 0.6185953
13 16 23.199633
13 25 0.7228653
14 20 0.91347283
14 13 3.3399432
14 27 2.3420703
14 33 0.383383
14 11 2000.0
14 25 2.7880914
15 32 0.08398586
15 21 0.96016455
16 30 1.12105
16 0 2000.0
16 8 1.508334
16 18 1.0269096
16 13 23.199633
16 11 0.7139943
16 29 23.518297
16 5 1.4548498
16 20 7.793535
16 37 22.151106
16 7 1.2599106
16 27 1.2719042
16 23 3.9066186
16 25 1.0056177
17 26 1.6739522
17 6 0.749298
17 10 0.040542524
17 24 0.28656888
17 31 1.2092465
17 9 0.14676425
17 4 0.07872951
17 19 3.4070466
18 30 0.9228217
18 2 26.63468
18 8 0.992704
18 37 0.994814
18 13 181.92093
18 7 2000.0
18 27 4.8573065
18 16 1.0269096
18 23 1.5376916
18 11 9.275247
18 29 0.97706056
18 5 1.0812587
19 31 0.07356646
19 9 0.07015786
19 17 3.4070466
19 4 0.07886468
20 30 36.23078
20 13 0.47725284
20 33 1.1086298
20 11 0.94573915
20 29 2.9718697
20 5 8.604613
20 34 0.8574162
20 2 2.432249
20 14 0.91347283
20 37 1.8611825
20 7 1.3297335
20 27 0.85393685
20 16 7.793535
20 25 0.5481385
21 32 2000.0
21 24 1.5802649
21 35 0.03514063
21 12 0.09336298
21 15 0.96016455
22 6 1690.9092
22 31 1205.2842
22 9 0.09232857
22 19 1288.409
23 0 2000.0
23 30 1.0167874
23 2 27.06417
23 8 0.7774762
23 37 1.1488113
23 18 1.5376916
23 7 0.97498167
23 16 3.9066186
23 11 2000.0
23 29 2.751701
23 5 2.27746
24 26 0.06141084
24 32 0.09557316
24 10 0.21390468
24 21 1.5802649
24 31 6.699187
24 12 0.06756386
24 3 2000.0
24 15 2000.0
24 17 0.28656888
25 30 4.0531645
25 13 0.7228653
25 33 0.3296514
25 11 1.0323918
25 29 4.999379
25 34 1.0424421
25 20 0.5481385
25 2 1.4905454
25 14 2.7880914
25 37 30.013496
25 7 6.313901
25 27 0.7968044
25 16 1.0056177
26 36 420.63184
26 32 22.099497
26 28 0.04847724
26 10 0.029510029
26 24 0.06141084
26 31 0.050882712
26 12 1.5633525
26 17 1.6739522
27 0 2000.0
27 30 1.0098819
27 8 0.9840778
27 18 4.8573065
27 13 0.6185953
27 33 0.8026407
27 11 0.37051103
27 29 0.4763348
27 5 1.8177334
27 34 1.0830529
27 20 0.85393685
27 2 0.3275119
27 14 2.3420703
27 37 0.8485822
27 7 133.33334
27 16 1.2719042
27 23 2000.0
27 25 0.7968044
28 36 0.033878066
28 26 0.04847724
28 10 0.51521385
28 3 0.08931818
28 12 1.7205176
28 9 0.4861111
29 0 7.3829546
29 30 3.5947773
29 8 0.73411506
29 18 0.97706056
29 13 1.0499545
29 11 0.6650325
29 5 2.2402298
29 34 5.158584
29 20 2.9718697
29 2 0.7931701
29 37 0.8723228
29 7 2000.0
29 27 0.4763348
29 16 23.518297
29 23 2.751701
29 25 4.999379
30 0 2000.0
30 8 0.4996837
30 18 0.9228217
30 13 0.6644613
30 33 2.2423642
30 11 0.30036697
30 29 3.5947773
30 5 0.65381175
30 34 2.5335293
30 20 36.23078
30 2 30.53743
30 37 5.718583
30 7 1.034286
30 27 1.0098819
30 16 1.12105
30 23 1.0167874
30 25 4.0531645
31 26 0.050882712
31 6 0.35356805
31 10 0.03532182
31 24 6.699187
31 9 0.028598206
31 17 1.2092465
31 4 0.08820027
31 19 0.07356646
32 26 22.099497
32 24 0.09557316
32 12 0.2010373
32 15 0.08398586
33 34 2000.0
33 30 2.2423642
33 20 1.1086298
33 2 2.5244036
33 14 0.383383
33 7 2000.0
33 13 0.83770734
33 27 0.8026407
33 16 2270.3408
33 11 2.077875
33 29 1419.8864
33 25 0.3296514
34 30 2.5335293
34 20 0.8574162
34 8 1.5003489
34 13 7.193718
34 7 8.449588
34 27 1.0830529
34 16 1215.0568
34 11 1.897689
34 25 1.0424421
34 29 5.158584
34 5 4.0233235
35 21 0.03514063
36 26 420.63184
36 28 0.033878066
36 3 0.2960957
36 9 1.7682009
37 30 5.718583
37 0 0.6873417
37 8 0.8313094
37 18 0.994814
37 13 0.87275445
37 11 1.4557538
37 29 0.8723228
37 20 1.8611825
37 2 0.6248112
37 7 16.064823
37 27 0.8485822
37 16 22.151106
37 23 1.1488113
37 25 30.013496
