0 2 1.5411986
0 37 1.5484345
0 13 1.4876491
0 29 17.650362
0 25 20.275427
1 3 0.68256396
1 12 14.242743
2 30 9.520874
2 0 1.5411986
2 8 1.4755038
2 18 1.788425
2 13 0.30528697
2 33 1.9965954
2 11 1.3583465
2 29 1.0289781
2 20 4.6498423
2 37 0.7823064
2 27 0.4352036
2 16 2000.0
2 23 8.032264
2 25 0.40410373
3 36 0.68693775
3 28 47.298584
3 24 1247.2727
3 12 0.058213826
3 1 0.68256396
3 9 0.8435097
4 31 0.07743018
4 9 0.08474953
4 17 0.12550572
4 19 0.06955609
5 30 0.8136505
5 8 0.5912026
5 18 0.77905846
5 13 67.664444
5 11 2.0888286
5 29 3.2427044
5 34 2.3772838
5 20 1.7406907
5 37 17.252718
5 7 11.918358
5 27 1.1658269
5 16 1.6684164
5 23 2.0184917
5 25 2000.0
6 31 0.18369175
6 17 3.9607985
7 34 266.6667
7 30 1.6518975
7 20 31.910511
7 8 7.5726337
7 16 1.3782561
7 23 1.6121935
7 25 8.429448
7 5 11.918358
8 0 2000.0
8 30 0.4707134
8 18 1.1782042
8 13 0.7955148
8 11 0.8707279
8 29 0.52965325
8 5 0.5912026
8 34 64.45431
8 2 1.4755038
8 37 0.8692026
8 7 7.5726337
8 27 1.6240447
8 16 1.5416654
8 23 1.0310074
8 25 2000.0
9 36 0.674618
9 28 1.3425964
9 10 37.440716
9 22 0.049485933
9 31 0.029274005
9 12 2000.0
9 3 0.8435097
9 4 0.08474953
9 17 0.042558745
9 19 0.08261922
10 26 0.03669285
10 28 0.31746754
10 24 0.07948829
10 31 62.719284
10 12 1143.8636
10 9 37.440716
10 17 0.029611703
11 0 2000.0
11 30 0.82354444
11 8 0.8707279
11 18 7.261206
11 13 0.7348496
11 33 2.1337142
11 29 0.91423666
11 5 2.0888286
11 34 3.9352987
11 20 1.3329414
11 2 1.3583465
11 37 1.9054995
11 7 5245.341
11 27 0.6695119
11 16 1.1357102
11 25 0.9391167
12 26 0.81234175
12 32 6.2198596
12 10 1143.8636
12 24 0.06748738
12 21 0.10324794
12 3 0.058213826
12 1 14.242743
13 30 150.54654
13 0 1.4876491
13 8 0.7955148
13 18 128.58018
13 33 0.8257231
13 11 0.7348496
13 29 1.5353134
13 5 67.664444
13 34 2000.0
13 20 1.518568
13 2 0.30528697
13 14 6.0724597
13 37 1.4521255
13 7 2000.0
13 27 0.26582238
13 16 36.82113
13 25 0.21497765
14 30 7.0212774
14 20 6.9351397
14 13 6.0724597
14 27 3.5447333
14 33 0.7044476
14 11 2000.0
14 25 2.3840675
15 32 0.07901663
15 21 6.4935803
16 30 1.119461
16 0 2000.0
16 8 1.5416654
16 18 1.6014591
16 13 36.82113
16 11 1.1357102
16 5 1.6684164
16 34 102.903404
16 20 34.981205
16 7 1.3782561
16 27 1.4472522
16 23 3.1932445
16 25 1.2128996
17 6 3.9607985
17 26 1.5445814
17 10 0.029611703
17 24 0.24924241
17 31 1.0321617
17 9 0.042558745
17 4 0.12550572
17 19 103.611275
18 0 2000.0
18 30 0.70803106
18 8 1.1782042
18 13 128.58018
18 11 7.261206
18 29 1.1613549
18 5 0.77905846
18 2 1.788425
18 37 1.7078834
18 7 2000.0
18 27 36.002117
18 16 1.6014591
18 23 1.309909
19 28 160.0
19 31 0.10160985
19 9 0.08261922
19 4 0.06955609
20 30 1.6443437
20 13 1.518568
20 33 1.711531
20 11 1.3329414
20 29 8.568588
20 5 1.7406907
20 34 0.7966018
20 2 4.6498423
20 14 6.9351397
20 37 6.2173543
20 7 31.910511
20 27 1.0366865
20 16 34.981205
20 25 0.44595584
21 32 2000.0
21 24 0.9207269
21 35 0.03335176
21 31 2000.0
21 12 0.10324794
21 15 6.4935803
22 31 109.090904
22 9 0.049485933
22 19 2000.0
23 0 2000.0
23 30 1.1404809
23 8 1.0310074
23 2 8.032264
23 37 1.2847488
23 18 1.309909
23 7 1.6121935
23 16 3.1932445
23 11 2000.0
23 29 2.9988403
23 5 2.0184917
24 26 0.046712726
24 32 0.27089754
24 10 0.07948829
24 21 0.9207269
24 12 0.06748738
24 15 2000.0
24 17 0.24924241
25 0 20.275427
25 30 21.429472
25 13 0.21497765
25 33 0.59880054
25 11 0.9391167
25 29 2.1090093
25 34 5.89841
25 20 0.44595584
25 2 0.40410373
25 14 2.3840675
25 37 74.72349
25 7 8.429448
25 27 0.23778845
25 16 1.2128996
26 32 28.790457
26 28 0.059459615
26 10 0.03669285
26 24 0.046712726
26 31 0.12975919
26 12 0.81234175
26 17 1.5445814
27 30 0.7216579
27 0 2000.0
27 8 1.6240447
27 18 36.002117
27 13 0.26582238
27 33 0.75139725
27 11 0.6695119
27 29 1.0826821
27 5 1.1658269
27 34 1.7442724
27 20 1.0366865
27 2 0.4352036
27 14 3.5447333
27 37 1.1841755
27 7 2000.0
27 16 1.4472522
27 25 0.23778845
28 36 0.03227055
28 26 0.059459615
28 10 0.31746754
28 12 1190.0568
28 3 47.298584
28 9 1.3425964
28 19 160.0
29 0 17.650362
29 30 3.2172003
29 8 0.52965325
29 18 1.1613549
29 13 1.5353134
29 33 24.918362
29 11 0.91423666
29 5 3.2427044
29 34 13.848317
29 20 8.568588
29 2 1.0289781
29 37 1.0280553
29 7 2000.0
29 27 1.0826821
29 16 2000.0
29 23 2.9988403
29 25 2.1090093
30 8 0.4707134
30 18 0.70803106
30 13 150.54654
30 33 7.0114627
30 11 0.82354444
30 29 3.2172003
30 5 0.8136505
30 34 0.8422381
30 20 1.6443437
30 2 9.520874
30 14 7.0212774
30 37 14.830498
30 7 1.6518975
30 27 0.7216579
30 16 1.119461
30 23 1.1404809
30 25 21.429472
31 26 0.12975919
31 6 0.18369175
31 10 62.719284
31 35 137.00146
31 22 109.090904
31 9 0.029274005
31 4 0.07743018
31 17 1.0321617
31 19 0.10160985
32 26 28.790457
32 24 0.27089754
32 21 2000.0
32 12 6.2198596
32 15 0.07901663
33 30 7.0114627
33 8 2000.0
33 13 0.8257231
33 11 2.1337142
33 29 24.918362
33 5 2000.0
33 34 2000.0
33 20 1.711531
33 2 1.9965954
33 14 0.7044476
33 7 2000.0
33 27 0.75139725
33 16 3017.898
33 25 0.59880054
34 30 0.8422381
34 20 0.7966018
34 8 64.45431
34 37 2000.0
34 7 266.6667
34 13 2000.0
34 27 1.7442724
34 16 102.903404
34 11 3.9352987
34 29 13.848317
34 25 5.89841
34 5 2.3772838
35 21 0.03335176
35 31 137.00146
36 28 0.03227055
36 3 0.68693775
36 9 0.674618
37 30 14.830498
37 0 1.5484345
37 8 0.8692026
37 18 1.7078834
37 13 1.4521255
37 11 1.9054995
37 29 1.0280553
37 5 17.252718
37 20 6.2173543
37 2 0.7823064
37 7 3206.818
37 27 1.1841755
37 16 2000.0
37 23 1.2847488
37 25 74.72349
