0 8 6.220786
0 2 0.7673774
0 37 1.2107373
0 13 0.86355156
0 11 48.979588
0 29 14.526527
1 3 0.20049241
1 12 36.028595
2 30 7.294583
2 0 0.7673774
2 8 0.98634654
2 18 13.64353
2 13 0.26594248
2 33 1.3486483
2 11 0.6862705
2 29 0.958909
2 20 1.1129917
2 37 0.81034833
2 27 0.31136364
2 23 92.420456
2 25 1.8133198
3 36 0.3416514
3 28 0.12955683
3 24 378.94742
3 12 0.055960882
3 1 0.20049241
3 9 0.3059737
4 31 0.10164054
4 9 0.10493401
4 17 0.09235929
4 19 0.103740536
5 30 0.5183856
5 8 0.6033083
5 18 0.40872014
5 13 167.13977
5 11 2.579046
5 29 3.1613584
5 34 1.0841051
5 20 4.284489
5 37 2000.0
5 7 5.2523127
5 27 1.930025
5 16 1.5116317
5 23 5.0658894
6 31 0.31034106
6 17 1.1067381
7 34 6.275752
7 30 1.0396367
7 20 1.7364022
7 8 33.984478
7 37 16.270887
7 27 33.333336
7 16 1.4444294
7 11 7.0682516
7 23 1.0300664
7 25 4.706885
7 5 5.2523127
8 0 6.220786
8 30 0.631072
8 18 1.0311615
8 13 2.7489192
8 11 1.4646274
8 29 0.9439798
8 5 0.6033083
8 34 4.4169564
8 2 0.98634654
8 37 1.3344012
8 7 33.984478
8 27 1.2256165
8 16 1.2062035
8 23 1.0744735
9 36 0.8871126
9 26 2000.0
9 28 1.0278257
9 10 8.619888
9 22 0.47761935
9 31 0.031071207
9 3 0.3059737
9 17 0.0886755
9 4 0.10493401
9 19 0.06983048
10 26 0.03314725
10 28 0.40627822
10 24 0.06275473
10 31 0.03963692
10 12 8.101881
10 9 8.619888
10 17 0.030614566
11 0 48.979588
11 30 0.49289295
11 8 1.4646274
11 18 9.75231
11 13 0.55346787
11 33 1.6953506
11 29 0.93908167
11 5 2.579046
11 34 1.4907764
11 20 0.7782145
11 2 0.6862705
11 37 1.0407076
11 7 7.0682516
11 27 0.5306048
11 16 0.7561882
11 25 1.0538162
12 26 1.9258404
12 28 3.8432717
12 32 0.31444287
12 10 8.101881
12 24 0.06584142
12 21 0.094785556
12 3 0.055960882
12 1 36.028595
13 0 0.86355156
13 30 1.1851108
13 8 2.7489192
13 18 127.31577
13 33 1.1581513
13 11 0.55346787
13 29 1.2863755
13 5 167.13977
13 34 5.0466633
13 20 0.45023513
13 2 0.26594248
13 14 2.2861714
13 37 1.219291
13 27 0.30347106
13 16 41.713528
13 25 0.74891967
14 20 1.3025732
14 13 2.2861714
14 27 2.60051
14 33 0.32730258
14 11 2000.0
14 25 1.7468638
15 32 0.076438345
15 21 0.98052126
16 30 1.1389831
16 0 2000.0
16 8 1.2062035
16 18 1.0359297
16 13 41.713528
16 11 0.7561882
16 29 20.39098
16 5 1.5116317
16 20 3.6140015
16 37 21.386616
16 7 1.4444294
16 27 1.5745763
16 23 4.8337774
16 25 2.008112
17 26 2.0674694
17 6 1.1067381
17 10 0.030614566
17 24 0.41612795
17 31 1.416953
17 9 0.0886755
17 4 0.09235929
17 19 4.374169
18 30 0.75387174
18 2 13.64353
18 8 1.0311615
18 37 1.1113286
18 13 127.31577
18 7 2000.0
18 27 5.164015
18 16 1.0359297
18 23 1.2623618
18 11 9.75231
18 29 1.1233689
18 5 0.40872014
19 31 0.09474923
19 9 0.06983048
19 17 4.374169
19 4 0.103740536
20 30 8.976628
20 13 0.45023513
20 33 1.5459025
20 11 0.7782145
20 29 2.8961065
20 5 4.284489
20 34 0.82392955
20 2 1.1129917
20 14 1.3025732
20 37 2.2432878
20 7 1.7364022
20 27 0.2780482
20 16 3.6140015
20 25 0.53796047
21 26 2000.0
21 32 2000.0
21 24 0.84756255
21 35 0.037767667
21 12 0.094785556
21 15 0.98052126
22 6 1131.1365
22 31 1181.1932
22 9 0.47761935
22 19 1288.409
23 0 2000.0
23 30 1.1581677
23 2 92.420456
23 8 1.0744735
23 37 1.8818526
23 18 1.2623618
23 7 1.0300664
23 16 4.8337774
23 11 2000.0
23 29 2.1013105
23 5 5.0658894
24 26 0.04504633
24 32 0.0960338
24 10 0.06275473
24 21 0.84756255
24 31 3.2740119
24 3 378.94742
24 12 0.06584142
24 15 2000.0
24 17 0.41612795
25 30 1.5875301
25 13 0.74891967
25 33 0.36173692
25 11 1.0538162
25 29 3.1721153
25 34 1.0722542
25 20 0.53796047
25 2 1.8133198
25 14 1.7468638
25 37 84.92532
25 7 4.706885
25 27 0.8383988
25 16 2.008112
26 36 209.98215
26 32 103.97273
26 28 0.048846807
26 10 0.03314725
26 24 0.04504633
26 31 0.06459331
26 12 1.9258404
26 17 2.0674694
27 0 2000.0
27 30 0.263276
27 8 1.2256165
27 18 5.164015
27 13 0.30347106
27 33 0.90531325
27 11 0.5306048
27 29 0.7897342
27 5 1.930025
27 34 1.0037985
27 20 0.2780482
27 2 0.31136364
27 14 2.60051
27 37 0.67502135
27 7 33.333336
27 16 1.5745763
27 25 0.8383988
28 36 0.034759898
28 26 0.048846807
28 10 0.40627822
28 3 0.12955683
28 12 3.8432717
28 9 1.0278257
29 0 14.526527
29 30 2.740358
29 8 0.9439798
29 18 1.1233689
29 13 1.2863755
29 11 0.93908167
29 5 3.1613584
29 34 3.5305204
29 20 2.8961065
29 2 0.958909
29 37 0.572409
29 7 2000.0
29 27 0.7897342
29 16 20.39098
29 23 2.1013105
29 25 3.1721153
30 0 2000.0
30 8 0.631072
30 18 0.75387174
30 13 1.1851108
30 33 2.843114
30 11 0.49289295
30 29 2.740358
30 5 0.5183856
30 34 0.5792999
30 20 8.976628
30 2 7.294583
30 37 5.809132
30 7 1.0396367
30 27 0.263276
30 16 1.1389831
30 23 1.1581677
30 25 1.5875301
31 26 0.06459331
31 6 0.31034106
31 10 0.03963692
31 24 3.2740119
31 9 0.031071207
31 17 1.416953
31 4 0.10164054
31 19 0.09474923
32 26 103.97273
32 24 0.0960338
32 12 0.31444287
32 15 0.076438345
33 34 2000.0
33 30 2.843114
33 20 1.5459025
33 2 1.3486483
33 14 0.32730258
33 7 2000.0
33 13 1.1581513
33 27 0.90531325
33 16 1627.8408
33 11 1.6953506
33 29 1898.4092
33 25 0.36173692
34 30 0.5792999
34 20 0.82392955
34 8 4.4169564
34 13 5.0466633
34 7 6.275752
34 27 1.0037985
34 16 1215.0568
34 11 1.4907764
34 25 1.0722542
34 29 3.5305204
34 5 1.0841051
35 21 0.037767667
36 26 209.98215
36 28 0.034759898
36 3 0.3416514
36 9 0.8871126
37 0 1.2107373
37 30 5.809132
37 8 1.3344012
37 18 1.1113286
37 13 1.219291
37 11 1.0407076
37 29 0.572409
37 20 2.2432878
37 2 0.81034833
37 7 16.270887
37 27 0.67502135
37 16 21.386616
37 23 1.8818526
37 25 84.92532
