0 8 10.415284
0 2 0.83678705
0 37 0.8063989
0 13 0.677618
0 11 262.068
0 25 1066.6667
0 29 18.920963
1 3 0.29547983
1 12 37.72747
2 30 15.54716
2 0 0.83678705
2 8 1.3499689
2 18 7.1829023
2 13 0.4820421
2 33 1.5079521
2 11 1.4218807
2 29 1.0257379
2 20 3.0515754
2 37 0.95033425
2 27 0.7767643
2 23 46.65886
2 25 1.3738854
3 36 0.22595917
3 28 0.11571753
3 24 120.00001
3 12 0.061317816
3 1 0.29547983
3 9 0.2809985
4 31 0.07418439
4 9 0.074569285
4 17 0.079085
4 19 0.09368132
5 30 0.7212004
5 8 0.84990567
5 18 0.403882
5 13 2000.0
5 11 5.0080914
5 29 2.6133502
5 34 2.3050807
5 20 2.6254325
5 37 2000.0
5 7 8.210512
5 27 3.1996412
5 16 1.5174614
5 23 7.6188498
6 22 60.080685
6 31 1.5592914
6 17 2.159162
7 34 11.331612
7 30 0.8285621
7 20 1.6673154
7 8 21.449396
7 37 23.544336
7 27 60.000004
7 16 1.2862537
7 23 1.1370686
7 11 13.669002
7 25 11.103586
7 5 8.210512
8 0 10.415284
8 30 0.67535514
8 18 0.78510445
8 13 1.7636681
8 11 1.7728345
8 29 0.5417665
8 5 0.84990567
8 34 6.6825447
8 2 1.3499689
8 37 1.3922588
8 7 21.449396
8 27 1.3773081
8 16 1.3276204
8 23 0.920739
9 36 0.55301636
9 26 2000.0
9 28 2.2330115
9 10 4.715488
9 22 0.48108897
9 31 0.03036813
9 3 0.2809985
9 12 2000.0
9 17 0.043400496
9 4 0.074569285
9 19 0.0816319
10 26 0.0334435
10 28 0.19132933
10 24 0.08493455
10 31 0.029867342
10 12 3.1577988
10 9 4.715488
10 17 0.031659834
11 0 262.068
11 30 0.5242007
11 8 1.7728345
11 18 6.183176
11 13 0.5789413
11 33 2.1241238
11 29 0.7493159
11 5 5.0080914
11 34 2.79528
11 20 1.1366916
11 2 1.4218807
11 37 1.345734
11 7 13.669002
11 27 0.7855692
11 16 0.8825359
11 25 1.1564618
12 26 2.3685799
12 28 4.967424
12 32 0.2604244
12 10 3.1577988
12 24 0.07101653
12 21 0.077517115
12 3 0.061317816
12 1 37.72747
13 30 2.443604
13 0 0.677618
13 8 1.7636681
13 18 813.49744
13 33 1.0273283
13 11 0.5789413
13 29 0.74789375
13 34 9.274711
13 20 0.6600753
13 2 0.4820421
13 14 2.1249998
13 37 2.5168371
13 27 0.18781453
13 16 50.0
13 25 0.64226633
14 20 1.4831278
14 13 2.1249998
14 33 0.41561493
14 27 3.139233
14 11 2000.0
14 25 1.8410995
15 32 0.0708761
15 21 1.2649688
16 30 1.1088477
16 0 2000.0
16 8 1.3276204
16 18 1.0955089
16 13 50.0
16 11 0.8825359
16 29 64.06179
16 5 1.5174614
16 20 24.977623
16 37 47.536545
16 7 1.2862537
16 27 1.350543
16 23 7.4289055
16 25 1.2862718
17 26 1.8264297
17 6 2.159162
17 10 0.031659834
17 24 0.39788735
17 31 1.3048459
17 9 0.043400496
17 4 0.079085
17 19 2.8362756
18 30 0.6357208
18 2 7.1829023
18 8 0.78510445
18 37 1.043328
18 7 2000.0
18 13 813.49744
18 27 2.7089787
18 16 1.0955089
18 23 1.1906046
18 11 6.183176
18 29 1.0186603
18 5 0.403882
19 31 0.0697839
19 9 0.0816319
19 17 2.8362756
19 4 0.09368132
20 30 9.724191
20 13 0.6600753
20 33 1.3319746
20 11 1.1366916
20 29 1.8271484
20 5 2.6254325
20 34 1.0691682
20 2 3.0515754
20 14 1.4831278
20 37 1.9240478
20 7 1.6673154
20 27 0.51386476
20 16 24.977623
20 25 0.4783363
21 10 2000.0
21 24 0.13160616
21 35 0.095951706
21 12 0.077517115
21 15 1.2649688
22 6 60.080685
22 31 1290.3977
22 9 0.48108897
22 19 102.911934
23 0 2000.0
23 30 1.14823
23 2 46.65886
23 8 0.920739
23 37 2.3875396
23 18 1.1906046
23 7 1.1370686
23 16 7.4289055
23 11 2000.0
23 29 2.7481701
23 5 7.6188498
24 26 0.05097345
24 28 2000.0
24 32 0.10926789
24 10 0.08493455
24 21 0.13160616
24 31 21.10321
24 3 120.00001
24 12 0.07101653
24 15 2000.0
24 17 0.39788735
25 0 1066.6667
25 30 1.6300573
25 13 0.64226633
25 33 0.58248425
25 11 1.1564618
25 29 4.315956
25 34 2.6257393
25 20 0.4783363
25 2 1.3738854
25 14 1.8410995
25 37 40.378746
25 7 11.103586
25 27 0.75087166
25 16 1.2862718
26 36 62.475857
26 32 26.515574
26 28 0.033847403
26 10 0.0334435
26 24 0.05097345
26 31 0.060692996
26 12 2.3685799
26 17 1.8264297
27 0 2000.0
27 30 0.22138527
27 8 1.3773081
27 18 2.7089787
27 13 0.18781453
27 33 1.1119179
27 11 0.7855692
27 29 0.9812154
27 5 3.1996412
27 34 1.3007252
27 20 0.51386476
27 2 0.7767643
27 14 3.139233
27 37 1.0884581
27 7 60.000004
27 16 1.350543
27 25 0.75087166
28 36 0.031048192
28 26 0.033847403
28 10 0.19132933
28 3 0.11571753
28 12 4.967424
28 9 2.2330115
29 30 3.617319
29 0 18.920963
29 8 0.5417665
29 18 1.0186603
29 13 0.74789375
29 11 0.7493159
29 5 2.6133502
29 34 6.7441278
29 20 1.8271484
29 2 1.0257379
29 37 0.8365965
29 7 2000.0
29 27 0.9812154
29 16 64.06179
29 23 2.7481701
29 25 4.315956
30 0 2000.0
30 8 0.67535514
30 18 0.6357208
30 13 2.443604
30 33 1.8595093
30 11 0.5242007
30 29 3.617319
30 5 0.7212004
30 34 3.4903219
30 20 9.724191
30 2 15.54716
30 37 10.031455
30 7 0.8285621
30 27 0.22138527
30 16 1.1088477
30 23 1.14823
30 25 1.6300573
31 26 0.060692996
31 6 1.5592914
31 10 0.029867342
31 24 21.10321
31 9 0.03036813
31 17 1.3048459
31 4 0.07418439
31 19 0.0697839
32 26 26.515574
32 24 0.10926789
32 12 0.2604244
32 15 0.0708761
33 30 1.8595093
33 8 2000.0
33 13 1.0273283
33 11 2.1241238
33 29 3275.3408
33 5 2000.0
33 34 2000.0
33 20 1.3319746
33 2 1.5079521
33 14 0.41561493
33 7 2000.0
33 27 1.1119179
33 16 1998.8635
33 25 0.58248425
34 30 3.4903219
34 20 1.0691682
34 8 6.6825447
34 7 11.331612
34 13 9.274711
34 27 1.3007252
34 16 5535.0566
34 11 2.79528
34 25 2.6257393
34 29 6.7441278
34 5 2.3050807
35 21 0.095951706
36 26 62.475857
36 28 0.031048192
36 3 0.22595917
36 9 0.55301636
37 30 10.031455
37 0 0.8063989
37 8 1.3922588
37 18 1.043328
37 13 2.5168371
37 11 1.345734
37 29 0.8365965
37 20 1.9240478
37 2 0.95033425
37 7 23.544336
37 27 1.0884581
37 16 47.536545
37 23 2.3875396
37 25 40.378746
