0 2 0.83076936
0 37 2.6067915
0 13 0.8708716
0 25 51.51989
0 29 23.800852
1 3 0.5697646
1 12 22.530972
2 30 9.7221365
2 0 0.83076936
2 8 2.0576174
2 18 2.235333
2 13 0.55225444
2 33 1.7511259
2 11 1.3675202
2 29 2.2848935
2 20 3.5188682
2 37 0.87596303
2 27 692.89777
2 16 2000.0
2 23 19.386742
2 25 0.6248485
3 36 0.95784456
3 28 147.27274
3 24 2000.0
3 12 0.077288955
3 1 0.5697646
3 9 1.4452271
4 31 0.079422265
4 9 0.07815272
4 17 0.09939123
4 19 0.06617699
5 30 0.70163584
5 8 0.9978085
5 18 1.0646046
5 13 22.987803
5 11 6.7134576
5 29 6.455214
5 34 2.3442767
5 20 2.795847
5 37 6.5864296
5 7 21.967419
5 27 779.5454
5 16 1.7862755
5 23 1.6230956
5 25 2000.0
6 31 0.35649747
6 17 4.754711
7 30 0.7863593
7 20 36.756565
7 8 8.939564
7 16 1.9821799
7 23 4.2751956
7 25 5.2961187
7 5 21.967419
8 0 2000.0
8 30 0.69042474
8 18 1.0734115
8 13 1.0566496
8 11 1.1188073
8 29 0.64135885
8 5 0.9978085
8 34 39.014046
8 2 2.0576174
8 37 1.1067585
8 7 8.939564
8 27 1067.7273
8 16 1.7510262
8 23 1.1200927
8 25 2000.0
9 36 1.066858
9 26 2000.0
9 28 0.85166794
9 10 6.242046
9 22 0.04456867
9 31 0.03007698
9 12 2000.0
9 3 1.4452271
9 4 0.07815272
9 17 0.10178599
9 19 0.08368352
10 26 35.795452
10 28 0.5517962
10 24 0.065167986
10 31 4.4907627
10 12 1439.034
10 9 6.242046
10 17 0.034250546
11 0 2000.0
11 30 0.7419008
11 8 1.1188073
11 18 3.9505913
11 13 2.0045724
11 33 2.3194284
11 29 1.3256935
11 5 6.7134576
11 34 2.6602514
11 20 1.0676473
11 2 1.3675202
11 37 1.8103558
11 7 4195.511
11 27 692.89777
11 16 1.093588
11 25 0.82773066
12 26 2000.0
12 32 7.6268835
12 24 0.0808292
12 21 0.15209894
12 3 0.077288955
12 1 22.530972
13 30 43.148823
13 0 0.8708716
13 8 1.0566496
13 18 21.04114
13 33 1.5068222
13 11 2.0045724
13 29 0.88091904
13 5 22.987803
13 34 73.35881
13 20 1.0632372
13 2 0.55225444
13 14 7.404145
13 37 2.3098516
13 7 2000.0
13 27 150.96591
13 16 101.805275
13 25 0.3085839
14 30 7.717597
14 20 2.607051
14 13 7.404145
14 27 5234.1475
14 33 1.1060016
14 11 2000.0
14 25 2.7393491
15 32 0.07308315
15 21 10.590096
16 0 2000.0
16 30 1.0843292
16 8 1.7510262
16 18 1.843701
16 13 101.805275
16 11 1.093588
16 5 1.7862755
16 34 77.491905
16 20 31.646854
16 7 1.9821799
16 27 1119.8296
16 23 3.5327923
16 25 1.1882709
17 6 4.754711
17 26 1034.8864
17 10 0.034250546
17 24 0.07796708
17 31 0.9671921
17 9 0.10178599
17 4 0.09939123
17 19 44.925716
18 0 2000.0
18 30 0.4696632
18 8 1.0734115
18 2 2.235333
18 37 3.0216696
18 13 21.04114
18 27 2000.0
18 16 1.843701
18 11 3.9505913
18 23 1.2688526
18 29 2.026742
18 5 1.0646046
19 28 161.71591
19 31 0.07548702
19 9 0.08368352
19 4 0.06617699
19 17 44.925716
20 30 1.5445254
20 13 1.0632372
20 33 1.0400319
20 11 1.0676473
20 29 7.8745456
20 5 2.795847
20 34 0.7849157
20 2 3.5188682
20 14 2.607051
20 37 2.8007767
20 7 36.756565
20 27 957.6705
20 16 31.646854
20 25 0.4940786
21 26 2000.0
21 32 2000.0
21 24 1.525155
21 35 0.035497393
21 12 0.15209894
21 15 10.590096
21 4 2000.0
22 31 160.0
22 9 0.04456867
22 19 2000.0
23 0 2000.0
23 30 1.6882081
23 8 1.1200927
23 2 19.386742
23 37 1.8578726
23 18 1.2688526
23 7 4.2751956
23 16 3.5327923
23 11 2000.0
23 29 2.8705661
23 5 1.6230956
24 26 37.045452
24 32 0.2784091
24 10 0.065167986
24 21 1.525155
24 12 0.0808292
24 17 0.07796708
25 0 51.51989
25 30 12.408163
25 13 0.3085839
25 33 0.5648798
25 11 0.82773066
25 29 1.2971137
25 34 2.5026953
25 20 0.4940786
25 2 0.6248485
25 14 2.7393491
25 37 106.919334
25 7 5.2961187
25 27 229.14774
25 16 1.1882709
28 36 0.030170986
28 26 51.81818
28 10 0.5517962
28 12 1274.3182
28 9 0.85166794
28 19 161.71591
29 0 23.800852
29 30 4.439296
29 8 0.64135885
29 18 2.026742
29 13 0.88091904
29 33 11.872117
29 11 1.3256935
29 5 6.455214
29 34 3.5836916
29 20 7.8745456
29 2 2.2848935
29 37 1.6390746
29 7 2000.0
29 27 1898.9204
29 16 2000.0
29 23 2.8705661
29 25 1.2971137
30 8 0.69042474
30 18 0.4696632
30 13 43.148823
30 33 9.719928
30 11 0.7419008
30 29 4.439296
30 5 0.70163584
30 34 0.9332504
30 20 1.5445254
30 2 9.7221365
30 14 7.717597
30 37 10.4299345
30 7 0.7863593
30 27 147.78409
30 16 1.0843292
30 23 1.6882081
30 25 12.408163
31 26 79.88636
31 6 0.35649747
31 10 4.4907627
31 35 3.598653
31 21 2000.0
31 22 160.0
31 9 0.03007698
31 4 0.079422265
31 17 0.9671921
31 19 0.07548702
32 26 2000.0
32 24 0.2784091
32 12 7.6268835
32 15 0.07308315
33 30 9.719928
33 13 1.5068222
33 11 2.3194284
33 29 11.872117
33 5 2000.0
33 34 2000.0
33 20 1.0400319
33 2 1.7511259
33 14 1.1060016
33 7 2000.0
33 27 698.2386
33 16 2422.443
33 25 0.5648798
34 30 0.9332504
34 20 0.7849157
34 8 39.014046
34 37 2000.0
34 7 3249.1477
34 13 73.35881
34 27 716.8182
34 16 77.491905
34 11 2.6602514
34 29 3.5836916
34 25 2.5026953
34 5 2.3442767
35 21 0.035497393
35 31 3.598653
36 28 0.030170986
36 3 0.95784456
36 9 1.066858
37 30 10.4299345
37 0 2.6067915
37 8 1.1067585
37 18 3.0216696
37 13 2.3098516
37 11 1.8103558
37 29 1.6390746
37 5 6.5864296
37 20 2.8007767
37 2 0.87596303
37 7 4445.682
37 27 725.7955
37 16 2000.0
37 23 1.8578726
37 25 106.919334
