0 8 8.61244
0 2 0.54957837
0 37 3.431603
0 13 0.56875676
0 29 4.217681
0 25 2000.0
1 3 0.25993404
1 12 1207.9545
2 30 13.202415
2 0 0.54957837
2 8 3.1652842
2 18 12.305492
2 13 0.8564868
2 33 1.4399518
2 11 1.8432676
2 29 1.2345676
2 20 10.664393
2 37 2.1688135
2 27 1.6908468
2 16 2000.0
2 23 50.0
2 25 2.9565253
3 36 0.22709331
3 28 0.09125565
3 24 2000.0
3 12 0.066712186
3 1 0.25993404
3 9 0.39119318
4 31 0.08885066
4 9 0.06771068
4 17 0.08571679
4 19 0.12772888
5 30 0.78176296
5 8 1.8863055
5 18 0.5009457
5 13 360.00003
5 11 4.652115
5 29 10.292954
5 34 8.076272
5 20 2.1145105
5 37 2000.0
5 7 18.078888
5 27 1.5357331
5 16 1.7253063
5 23 4.7804575
6 31 1.3472375
6 17 1.0225184
7 34 13.302692
7 30 1.712696
7 20 3.2343385
7 8 70.26818
7 37 44.08945
7 27 137.56328
7 16 1.7314558
7 11 15.334206
7 23 2.3438146
7 25 10.943038
7 5 18.078888
8 0 8.61244
8 30 0.82057583
8 18 1.4731021
8 13 9.535371
8 11 6.118456
8 29 0.9055277
8 5 1.8863055
8 34 14.05698
8 2 3.1652842
8 37 2.0877612
8 7 70.26818
8 27 2.937691
8 16 2.8104513
8 23 1.38578
9 36 1.3883116
9 26 2000.0
9 28 7.9710417
9 10 7.174239
9 22 0.15592045
9 31 0.029845323
9 3 0.39119318
9 12 2000.0
9 17 0.061063126
9 4 0.06771068
9 19 0.06789373
10 26 0.053668268
10 28 1.0295852
10 24 0.090165995
10 31 0.032917958
10 12 8.07941
10 9 7.174239
10 17 0.033333126
11 0 2000.0
11 30 1.2052372
11 8 6.118456
11 18 4.592708
11 13 1.5509582
11 33 5.8492155
11 29 1.8513844
11 5 4.652115
11 34 5.9658265
11 20 3.681919
11 2 1.8432676
11 37 2.404303
11 7 15.334206
11 27 1.0985191
11 16 1.7373554
11 25 2.8513772
12 26 1.0790997
12 28 4.3691497
12 32 0.24099456
12 10 8.07941
12 24 0.16036932
12 21 0.09053657
12 3 0.066712186
13 30 3.9158587
13 0 0.56875676
13 8 9.535371
13 18 400.0
13 33 1.9855949
13 11 1.5509582
13 29 1.2001215
13 5 360.00003
13 34 17.6581
13 20 0.62594277
13 2 0.8564868
13 14 2.5549848
13 37 5.1330547
13 7 2000.0
13 27 2.1788266
13 16 21.960293
13 25 1.1952168
14 20 1.6491797
14 13 2.5549848
14 33 1.284282
14 27 3.660296
14 11 2000.0
14 25 1.8051318
15 32 0.07980154
15 21 11.393939
16 0 2000.0
16 30 1.102161
16 8 2.8104513
16 18 0.9551542
16 13 21.960293
16 11 1.7373554
16 29 180.00002
16 5 1.7253063
16 20 10.713572
16 37 113.41856
16 7 1.7314558
16 27 1.519787
16 23 7.094916
16 25 3.5069263
17 26 1.8253963
17 6 1.0225184
17 10 0.033333126
17 24 0.52747756
17 31 1.3100808
17 9 0.061063126
17 4 0.08571679
17 19 2.0623314
18 30 0.83756584
18 2 12.305492
18 8 1.4731021
18 37 2.0409935
18 7 2000.0
18 13 400.0
18 27 5.458874
18 16 0.9551542
18 23 1.7618802
18 11 4.592708
18 29 1.2634842
18 5 0.5009457
19 22 120.0687
19 31 0.061798677
19 9 0.06789373
19 17 2.0623314
19 4 0.12772888
20 0 2000.0
20 30 7.246175
20 13 0.62594277
20 33 2.091597
20 11 3.681919
20 29 1.3921255
20 5 2.1145105
20 34 1.5398769
20 2 10.664393
20 14 1.6491797
20 37 19.71709
20 7 3.2343385
20 27 0.53043234
20 16 10.713572
20 25 1.3742278
21 32 2000.0
21 24 0.06222373
21 35 0.043564316
21 12 0.09053657
21 15 11.393939
22 6 1055.7954
22 31 2000.0
22 9 0.15592045
22 19 120.0687
23 30 4.2613325
23 0 2000.0
23 2 50.0
23 8 1.38578
23 37 3.1764271
23 18 1.7618802
23 7 2.3438146
23 16 7.094916
23 11 2000.0
23 29 1.9858489
23 5 4.7804575
24 26 0.0828027
24 32 0.17814124
24 10 0.090165995
24 21 0.06222373
24 31 16.468582
24 12 0.16036932
24 15 2000.0
24 17 0.52747756
25 0 2000.0
25 30 16.384207
25 13 1.1952168
25 33 0.8873929
25 11 2.8513772
25 29 7.629639
25 34 8.685983
25 20 1.3742278
25 2 2.9565253
25 14 1.8051318
25 37 66.66667
25 7 10.943038
25 27 0.6948291
25 16 3.5069263
26 32 24.95625
26 28 0.04714978
26 10 0.053668268
26 24 0.0828027
26 31 0.07853645
26 12 1.0790997
26 17 1.8253963
27 0 2000.0
27 30 0.4501908
27 8 2.937691
27 18 5.458874
27 13 2.1788266
27 33 1.5343349
27 11 1.0985191
27 29 0.81321955
27 5 1.5357331
27 34 1.8910984
27 20 0.53043234
27 2 1.6908468
27 14 3.660296
27 37 1.0218395
27 7 137.56328
27 16 1.519787
27 25 0.6948291
28 36 0.043026026
28 26 0.04714978
28 10 1.0295852
28 3 0.09125565
28 12 4.3691497
28 9 7.9710417
29 0 4.217681
29 30 3.3378363
29 8 0.9055277
29 18 1.2634842
29 13 1.2001215
29 33 44.645596
29 11 1.8513844
29 5 10.292954
29 34 3.0253088
29 20 1.3921255
29 2 1.2345676
29 37 1.4169848
29 7 2000.0
29 27 0.81321955
29 16 180.00002
29 23 1.9858489
29 25 7.629639
30 0 2000.0
30 8 0.82057583
30 18 0.83756584
30 13 3.9158587
30 33 2.1407323
30 11 1.2052372
30 29 3.3378363
30 5 0.78176296
30 34 5.1305156
30 20 7.246175
30 2 13.202415
30 14 2000.0
30 37 21.462912
30 7 1.712696
30 27 0.4501908
30 16 1.102161
30 23 4.2613325
30 25 16.384207
31 26 0.07853645
31 6 1.3472375
31 10 0.032917958
31 24 16.468582
31 9 0.029845323
31 17 1.3100808
31 4 0.08885066
31 19 0.061798677
32 26 24.95625
32 24 0.17814124
32 12 0.24099456
32 15 0.07980154
33 30 2.1407323
33 13 1.9855949
33 11 5.8492155
33 29 44.645596
33 5 2000.0
33 34 2000.0
33 20 2.091597
33 2 1.4399518
33 14 1.284282
33 7 2000.0
33 27 1.5343349
33 16 2000.0
33 25 0.8873929
34 30 5.1305156
34 20 1.5398769
34 8 14.05698
34 7 13.302692
34 13 17.6581
34 27 1.8910984
34 16 2000.0
34 11 5.9658265
34 25 8.685983
34 29 3.0253088
34 5 8.076272
35 21 0.043564316
36 26 2000.0
36 28 0.043026026
36 3 0.22709331
36 9 1.3883116
37 30 21.462912
37 0 3.431603
37 8 2.0877612
37 18 2.0409935
37 13 5.1330547
37 11 2.404303
37 29 1.4169848
37 20 19.71709
37 2 2.1688135
37 7 44.08945
37 27 1.0218395
37 16 113.41856
37 23 3.1764271
37 25 66.66667
