0 2 1.7187266
0 8 27.119667
0 37 0.9221086
0 13 0.77336276
0 11 50.0
0 29 25.4125
1 3 0.28106984
1 12 1202.159
2 30 41.419033
2 0 1.7187266
2 8 1.570243
2 18 7.5626655
2 13 1.3280282
2 33 6.218924
2 11 1.4077942
2 29 1.4575126
2 20 5.780027
2 37 1.0853785
2 27 1.183021
2 16 2000.0
2 23 88.888885
2 25 1.9412901
3 36 0.23166108
3 28 0.10763557
3 24 480.00003
3 12 0.081147544
3 1 0.28106984
3 9 0.19572818
4 31 0.08134722
4 9 0.077385105
4 17 0.08928292
4 19 0.088124074
5 30 0.58677834
5 8 0.91194326
5 18 0.35595036
5 13 800.0
5 11 3.433232
5 29 7.3253994
5 34 3.1871173
5 20 2.5858252
5 37 2000.0
5 7 5.942809
5 27 2.86227
5 16 1.4142873
5 23 3.3034794
6 22 1586.9319
6 31 1.0354258
6 17 0.6599366
7 34 5.089676
7 30 0.8719442
7 20 1.6854031
7 8 18.51216
7 37 38.76218
7 27 106.32292
7 16 1.2417802
7 11 11.636899
7 23 1.3113384
7 25 8.403354
7 5 5.942809
8 0 27.119667
8 30 0.6126595
8 18 0.7971032
8 13 2.7609909
8 11 0.81905997
8 29 0.61328375
8 5 0.91194326
8 34 3.1391232
8 2 1.570243
8 37 0.84031093
8 7 18.51216
8 27 1.3983803
8 16 1.4574244
8 23 0.84442306
9 36 0.45331562
9 26 2000.0
9 28 2.1607141
9 10 5.2037344
9 22 0.5306508
9 31 0.028472131
9 3 0.19572818
9 17 0.07173754
9 4 0.077385105
9 19 0.06859409
10 26 0.031224458
10 28 0.1303442
10 24 0.04541137
10 31 0.04975962
10 12 5.2552776
10 9 5.2037344
10 17 0.037653323
11 0 50.0
11 30 0.57641965
11 8 0.81905997
11 18 9.599718
11 13 0.99793476
11 33 3.527938
11 29 1.3552556
11 5 3.433232
11 34 2.2710009
11 20 0.8491132
11 2 1.4077942
11 37 1.3590701
11 7 11.636899
11 27 0.9250932
11 16 0.8169963
11 25 1.0848286
12 26 1.3584919
12 28 6.73063
12 32 0.3332893
12 10 5.2552776
12 24 0.068868384
12 21 0.07969967
12 3 0.081147544
13 30 10.364923
13 0 0.77336276
13 8 2.7609909
13 18 200.0
13 33 1.9980984
13 11 0.99793476
13 29 0.96291876
13 5 800.0
13 34 15.647383
13 20 0.8356162
13 2 1.3280282
13 14 3.6304336
13 37 1.3976662
13 27 0.2458638
13 16 718.0966
13 25 0.6839316
14 20 1.4649277
14 13 3.6304336
14 33 0.5551669
14 27 1.9258741
14 11 2000.0
14 25 1.4218615
15 32 0.07011923
15 21 1.4958562
16 0 2000.0
16 30 1.1031296
16 8 1.4574244
16 18 0.93958086
16 13 718.0966
16 33 2000.0
16 11 0.8169963
16 29 32.471466
16 5 1.4142873
16 20 8.8339815
16 37 76.65468
16 7 1.2417802
16 27 1.5382516
16 23 16.951038
16 25 0.9507126
17 26 1.9471543
17 6 0.6599366
17 10 0.037653323
17 24 0.15473515
17 31 1.1754954
17 9 0.07173754
17 4 0.08928292
17 19 0.9926911
18 30 0.70483893
18 2 7.5626655
18 8 0.7971032
18 37 1.0378419
18 13 200.0
18 7 2000.0
18 27 3.7661736
18 16 0.93958086
18 23 1.2348323
18 11 9.599718
18 29 1.4071614
18 5 0.35595036
19 31 0.07819998
19 9 0.06859409
19 17 0.9926911
19 4 0.088124074
20 30 34.952507
20 13 0.8356162
20 33 3.7044325
20 11 0.8491132
20 29 6.80755
20 5 2.5858252
20 34 1.5671898
20 2 5.780027
20 14 1.4649277
20 37 4.7953234
20 7 1.6854031
20 27 0.828346
20 16 8.8339815
20 25 0.93027484
21 32 2000.0
21 24 0.43794373
21 35 0.06365107
21 12 0.07969967
21 15 1.4958562
22 6 1586.9319
22 31 1244.1478
22 9 0.5306508
22 19 1329.4886
23 0 2000.0
23 30 2.1204097
23 2 88.888885
23 8 0.84442306
23 37 4.4183993
23 18 1.2348323
23 7 1.3113384
23 16 16.951038
23 11 2000.0
23 29 3.9299052
23 5 3.3034794
24 26 0.06295928
24 32 0.09750332
24 10 0.04541137
24 21 0.43794373
24 31 11.513092
24 12 0.068868384
24 3 480.00003
24 15 2000.0
24 17 0.15473515
25 0 2000.0
25 30 4.020841
25 13 0.6839316
25 33 0.54761666
25 11 1.0848286
25 29 3.0490375
25 34 1.3858676
25 20 0.93027484
25 2 1.9412901
25 14 1.4218615
25 37 40.38998
25 7 8.403354
25 27 0.6988231
25 16 0.9507126
26 36 2000.0
26 32 29.460995
26 28 0.031703882
26 10 0.031224458
26 24 0.06295928
26 31 0.073702835
26 12 1.3584919
26 17 1.9471543
27 0 2000.0
27 30 0.23267455
27 8 1.3983803
27 18 3.7661736
27 13 0.2458638
27 33 1.1041903
27 11 0.9250932
27 29 0.9340682
27 5 2.86227
27 34 1.0215298
27 20 0.828346
27 2 1.183021
27 14 1.9258741
27 37 0.85429037
27 7 106.32292
27 16 1.5382516
27 25 0.6988231
28 36 0.030691897
28 26 0.031703882
28 10 0.1303442
28 3 0.10763557
28 12 6.73063
28 9 2.1607141
29 0 25.4125
29 30 2.7886345
29 8 0.61328375
29 18 1.4071614
29 13 0.96291876
29 33 2000.0
29 11 1.3552556
29 5 7.3253994
29 34 9.014578
29 20 6.80755
29 2 1.4575126
29 37 1.3609499
29 7 2000.0
29 27 0.9340682
29 16 32.471466
29 23 3.9299052
29 25 3.0490375
30 0 2000.0
30 8 0.6126595
30 18 0.70483893
30 13 10.364923
30 33 3.347853
30 11 0.57641965
30 29 2.7886345
30 5 0.58677834
30 34 1.7454444
30 20 34.952507
30 2 41.419033
30 37 4.7275267
30 7 0.8719442
30 27 0.23267455
30 16 1.1031296
30 23 2.1204097
30 25 4.020841
31 26 0.073702835
31 6 1.0354258
31 10 0.04975962
31 24 11.513092
31 9 0.028472131
31 17 1.1754954
31 4 0.08134722
31 19 0.07819998
32 26 29.460995
32 24 0.09750332
32 12 0.3332893
32 15 0.07011923
33 30 3.347853
33 8 2000.0
33 13 1.9980984
33 11 3.527938
33 29 2000.0
33 34 2000.0
33 20 3.7044325
33 2 6.218924
33 14 0.5551669
33 7 2000.0
33 27 1.1041903
33 16 2000.0
33 25 0.54761666
34 30 1.7454444
34 20 1.5671898
34 8 3.1391232
34 13 15.647383
34 7 5.089676
34 27 1.0215298
34 16 1215.0568
34 11 2.2710009
34 25 1.3858676
34 29 9.014578
34 5 3.1871173
35 21 0.06365107
36 26 2000.0
36 28 0.030691897
36 3 0.23166108
36 9 0.45331562
37 30 4.7275267
37 0 0.9221086
37 8 0.84031093
37 18 1.0378419
37 13 1.3976662
37 11 1.3590701
37 29 1.3609499
37 20 4.7953234
37 2 1.0853785
37 7 38.76218
37 27 0.85429037
37 16 76.65468
37 23 4.4183993
37 25 40.38998
