0 2 0.988887
0 37 2.0711842
0 13 1.128939
0 29 64.60249
0 25 11.250001
1 3 1.369724
1 12 36.393147
2 30 39.167194
2 0 0.988887
2 8 1.4518468
2 18 2.4301975
2 13 0.6427178
2 33 2.358075
2 11 1.4589838
2 29 1.4847189
2 20 2.3711915
2 37 0.8382145
2 27 1.672991
2 16 2000.0
2 23 6.358237
2 25 0.47340426
3 36 0.35876864
3 28 2.807121
3 24 2000.0
3 12 0.047156468
3 1 1.369724
3 9 1.4845082
4 31 0.08238045
4 9 0.0808617
4 17 0.14515418
4 19 0.06712645
5 30 0.7501741
5 8 1.3333398
5 18 1.2616745
5 13 71.62869
5 11 1.3459692
5 29 11.389012
5 34 6.612445
5 20 3.8398507
5 37 5.883417
5 7 6.7615757
5 27 1.6688756
5 16 1.6558981
5 23 6.456412
5 25 2000.0
6 31 0.10592659
6 17 1.2213877
7 34 300.0
7 30 0.7766273
7 20 70.46457
7 8 9.884325
7 37 96.19581
7 16 1.4443219
7 23 2.4049113
7 25 5.9522476
7 5 6.7615757
8 0 2000.0
8 30 0.55617225
8 18 1.0461842
8 13 4.3591013
8 11 1.2835836
8 29 2.4952407
8 5 1.3333398
8 34 57.155537
8 2 1.4518468
8 37 1.2086074
8 7 9.884325
8 27 2.9952512
8 16 1.7945312
8 23 1.6800822
8 25 2000.0
9 36 0.4862763
9 26 2000.0
9 28 2.0029926
9 10 34.782608
9 22 0.05647728
9 31 0.030296022
9 3 1.4845082
9 12 2000.0
9 4 0.0808617
9 17 0.03543769
9 19 0.072084576
10 26 0.029754162
10 28 0.3598052
10 24 0.07129751
10 31 7.120739
10 12 1695.7954
10 9 34.782608
10 17 0.03509306
11 0 2000.0
11 30 0.97764856
11 8 1.2835836
11 18 34.43044
11 13 0.92913985
11 33 3.1331239
11 29 1.2492709
11 5 1.3459692
11 34 5.9321337
11 20 2.8305547
11 2 1.4589838
11 37 2.9125922
11 7 2964.0908
11 27 0.9888493
11 16 1.8653591
11 25 0.86456347
12 26 0.38188636
12 32 6.535318
12 24 0.066998236
12 21 0.13316502
12 3 0.047156468
12 1 36.393147
13 30 40.91573
13 0 1.128939
13 8 4.3591013
13 18 110.20455
13 33 1.1393052
13 11 0.92913985
13 29 1.0539495
13 5 71.62869
13 34 445.45456
13 20 1.2232519
13 2 0.6427178
13 14 2.5747416
13 37 1.0236256
13 7 2000.0
13 27 0.89848095
13 16 126.41784
13 25 0.25427762
14 30 15.026042
14 20 1.4645399
14 13 2.5747416
14 27 2.3490345
14 33 0.39745528
14 25 2.09004
15 32 0.07310734
15 21 10.992692
16 30 1.1214384
16 0 2000.0
16 8 1.7945312
16 18 1.5322655
16 13 126.41784
16 11 1.8653591
16 5 1.6558981
16 34 86.72402
16 20 19.640373
16 7 1.4443219
16 27 1.8577954
16 23 3.399029
16 25 1.1816881
17 6 1.2213877
17 26 1.373339
17 10 0.03509306
17 24 0.10007542
17 31 0.9518228
17 9 0.03543769
17 4 0.14515418
17 19 114.02448
18 0 2000.0
18 30 0.6453453
18 8 1.0461842
18 13 110.20455
18 11 34.43044
18 29 1.3039443
18 5 1.2616745
18 2 2.4301975
18 37 2.3769417
18 7 2000.0
18 27 22.491646
18 16 1.5322655
18 23 1.1647035
19 31 0.081940606
19 9 0.072084576
19 4 0.06712645
19 17 114.02448
20 30 1.979531
20 13 1.2232519
20 33 2.0693974
20 11 2.8305547
20 29 18.434795
20 5 3.8398507
20 34 1.1818249
20 2 2.3711915
20 14 1.4645399
20 37 4.4827437
20 7 70.46457
20 27 2.0591998
20 16 19.640373
20 25 0.4881645
21 32 800.0
21 24 1.3027753
21 35 0.046074495
21 31 2000.0
21 12 0.13316502
21 15 10.992692
22 31 115.47103
22 9 0.05647728
22 19 2000.0
23 30 2.781119
23 0 2000.0
23 8 1.6800822
23 2 6.358237
23 37 1.7374918
23 18 1.1647035
23 7 2.4049113
23 16 3.399029
23 11 2000.0
23 29 2.334839
23 5 6.456412
24 26 0.03697638
24 32 0.39037332
24 10 0.07129751
24 21 1.3027753
24 12 0.066998236
24 17 0.10007542
25 0 11.250001
25 30 17.39366
25 13 0.25427762
25 33 0.7671633
25 11 0.86456347
25 29 2.269981
25 34 1.8937672
25 20 0.4881645
25 2 0.47340426
25 14 2.09004
25 37 16.790787
25 7 5.9522476
25 27 0.225669
25 16 1.1816881
26 32 149.87189
26 28 0.05858151
26 10 0.029754162
26 24 0.03697638
26 31 0.15373069
26 12 0.38188636
26 17 1.373339
27 30 0.90661573
27 0 2000.0
27 8 2.9952512
27 18 22.491646
27 13 0.89848095
27 33 0.9606191
27 11 0.9888493
27 29 1.3306252
27 5 1.6688756
27 34 1.2381651
27 20 2.0591998
27 2 1.672991
27 14 2.3490345
27 37 1.646581
27 7 2000.0
27 16 1.8577954
27 25 0.225669
28 36 0.0372597
28 26 0.05858151
28 10 0.3598052
28 3 2.807121
28 12 1145.4545
28 9 2.0029926
28 19 1367.8977
29 0 64.60249
29 30 2.0665762
29 8 2.4952407
29 18 1.3039443
29 13 1.0539495
29 33 15.016848
29 11 1.2492709
29 5 11.389012
29 34 2.9481864
29 20 18.434795
29 2 1.4847189
29 37 0.54912335
29 7 2000.0
29 27 1.3306252
29 16 2000.0
29 23 2.334839
29 25 2.269981
30 8 0.55617225
30 18 0.6453453
30 13 40.91573
30 33 12.690944
30 11 0.97764856
30 29 2.0665762
30 5 0.7501741
30 34 1.7840503
30 20 1.979531
30 2 39.167194
30 14 15.026042
30 37 11.354091
30 7 0.7766273
30 27 0.90661573
30 16 1.1214384
30 23 2.781119
30 25 17.39366
31 26 0.15373069
31 6 0.10592659
31 10 7.120739
31 35 65.6503
31 22 115.47103
31 9 0.030296022
31 4 0.08238045
31 17 0.9518228
31 19 0.081940606
32 26 149.87189
32 24 0.39037332
32 21 800.0
32 12 6.535318
32 15 0.07310734
33 30 12.690944
33 13 1.1393052
33 11 3.1331239
33 29 15.016848
33 5 2000.0
33 34 2000.0
33 20 2.0693974
33 2 2.358075
33 14 0.39745528
33 7 2000.0
33 27 0.9606191
33 16 3017.898
33 25 0.7671633
34 30 1.7840503
34 20 1.1818249
34 8 57.155537
34 37 2000.0
34 13 445.45456
34 7 300.0
34 27 1.2381651
34 16 86.72402
34 11 5.9321337
34 29 2.9481864
34 25 1.8937672
34 5 6.612445
35 21 0.046074495
35 31 65.6503
36 28 0.0372597
36 3 0.35876864
36 9 0.4862763
37 30 11.354091
37 0 2.0711842
37 8 1.2086074
37 18 2.3769417
37 13 1.0236256
37 11 2.9125922
37 29 0.54912335
37 5 5.883417
37 20 4.4827437
37 2 0.8382145
37 7 96.19581
37 27 1.646581
37 16 2000.0
37 23 1.7374918
37 25 16.790787
