0 2 1.2593281
0 37 3.123446
0 13 1.2184818
0 29 35.247917
0 25 15.100775
1 3 1.3399687
1 12 20.0
2 30 20.01422
2 0 1.2593281
2 8 1.2458887
2 18 4.1432667
2 13 0.53160197
2 33 1.5141209
2 11 1.6300775
2 29 1.351508
2 20 3.8336189
2 37 0.82842934
2 27 1.4617289
2 16 2000.0
2 23 9.381839
2 25 0.6411781
3 36 0.8025963
3 28 7.315804
3 24 266.6667
3 12 0.052268308
3 1 1.3399687
3 9 0.38929412
4 31 0.0717803
4 9 0.06940201
4 17 0.24043602
4 19 0.08059601
5 30 0.6869238
5 8 0.8891298
5 18 0.4948273
5 13 18.426048
5 11 3.214148
5 29 4.6161184
5 34 4.908206
5 20 2.4561992
5 37 10.717459
5 7 13.371017
5 27 2.1787355
5 16 2.0089302
5 23 1.9860735
6 31 0.2253849
6 17 4.807021
7 30 1.2394788
7 20 51.3484
7 8 4.784151
7 37 18.105253
7 16 1.259904
7 23 1.3539677
7 25 3.2030048
7 5 13.371017
8 0 2000.0
8 30 0.50724196
8 18 1.2480862
8 13 2.0331519
8 11 1.0990455
8 29 0.381953
8 5 0.8891298
8 34 31.304914
8 2 1.2458887
8 37 0.8335248
8 7 4.784151
8 27 1.4537013
8 16 1.7291287
8 23 1.1503689
8 25 2000.0
9 36 0.6477273
9 26 2000.0
9 28 0.99863356
9 10 19.251337
9 22 0.051004227
9 31 0.03132406
9 3 0.38929412
9 12 2000.0
9 4 0.06940201
9 17 0.038539834
9 19 0.0793863
10 26 0.030861743
10 28 0.24781324
10 24 0.12040342
10 31 22.476137
10 12 1489.8864
10 9 19.251337
10 17 0.03323458
11 0 2000.0
11 30 0.8091075
11 8 1.0990455
11 18 15.624348
11 13 0.9649959
11 33 1.880528
11 29 0.9453763
11 5 3.214148
11 34 3.2268295
11 20 1.1501069
11 2 1.6300775
11 37 1.5159522
11 7 1745.625
11 27 1.3375188
11 16 1.0552609
11 25 0.9785191
12 26 0.7468246
12 32 2.7844253
12 24 0.066037394
12 21 0.17003366
12 3 0.052268308
12 1 20.0
13 30 40.27987
13 0 1.2184818
13 8 2.0331519
13 33 0.78763443
13 11 0.9649959
13 29 0.9784485
13 5 18.426048
13 34 354.30548
13 20 0.8499423
13 2 0.53160197
13 14 5.406375
13 37 0.9772153
13 7 2000.0
13 27 0.36538604
13 16 51.18953
13 25 0.25422165
14 30 9.915896
14 20 2.002396
14 13 5.406375
14 27 3.4784741
14 33 0.42242923
14 11 2000.0
14 25 3.3720326
15 32 0.06801055
15 21 1.8477777
16 0 2000.0
16 30 1.1531668
16 8 1.7291287
16 18 1.4834846
16 13 51.18953
16 11 1.0552609
16 29 100.0
16 5 2.0089302
16 34 76.573746
16 20 50.887627
16 7 1.259904
16 27 1.3076893
16 23 2.560925
16 25 1.2934518
17 6 4.807021
17 26 2.1621232
17 10 0.03323458
17 24 0.071280345
17 31 1.0014085
17 9 0.038539834
17 4 0.24043602
17 19 1193.9773
18 0 2000.0
18 30 0.7712595
18 8 1.2480862
18 13 2779.659
18 11 15.624348
18 29 1.3316962
18 5 0.4948273
18 2 4.1432667
18 37 3.139619
18 7 2000.0
18 27 18.89225
18 16 1.4834846
18 23 1.1926746
19 31 0.097471975
19 9 0.0793863
19 4 0.08059601
20 30 1.1775002
20 8 2000.0
20 13 0.8499423
20 33 0.88594395
20 11 1.1501069
20 29 9.636045
20 5 2.4561992
20 34 0.91631347
20 2 3.8336189
20 14 2.002396
20 37 4.6686025
20 7 51.3484
20 27 1.2295893
20 16 50.887627
20 25 0.64427686
21 26 2000.0
21 32 2000.0
21 10 2000.0
21 24 1.5447202
21 35 0.03168494
21 31 2000.0
21 12 0.17003366
21 15 1.8477777
22 31 214.60051
22 9 0.051004227
22 19 2000.0
23 0 2000.0
23 30 1.9212959
23 8 1.1503689
23 2 9.381839
23 37 1.1671863
23 18 1.1926746
23 7 1.3539677
23 16 2.560925
23 11 2000.0
23 29 1.2429267
23 5 1.9860735
24 26 0.043294977
24 32 0.21095327
24 10 0.12040342
24 21 1.5447202
24 12 0.066037394
24 3 266.6667
24 15 2000.0
24 17 0.071280345
25 30 16.547037
25 0 15.100775
25 13 0.25422165
25 33 0.5417566
25 11 0.9785191
25 29 1.7293066
25 34 2.1502156
25 20 0.64427686
25 2 0.6411781
25 14 3.3720326
25 37 50.546593
25 7 3.2030048
25 27 0.19848776
25 16 1.2934518
26 32 16.984982
26 28 0.073694184
26 10 0.030861743
26 24 0.043294977
26 31 0.13282762
26 12 0.7468246
26 17 2.1621232
27 30 0.19292933
27 0 2000.0
27 8 1.4537013
27 18 18.89225
27 13 0.36538604
27 33 0.7666543
27 11 1.3375188
27 29 1.017074
27 5 2.1787355
27 34 1.4436431
27 20 1.2295893
27 2 1.4617289
27 14 3.4784741
27 37 0.80580145
27 7 2000.0
27 16 1.3076893
27 25 0.19848776
28 36 0.03488308
28 26 0.073694184
28 10 0.24781324
28 3 7.315804
28 12 1213.3523
28 9 0.99863356
28 19 1370.0
29 0 35.247917
29 30 0.77505976
29 8 0.381953
29 18 1.3316962
29 13 0.9784485
29 33 10.890541
29 11 0.9453763
29 5 4.6161184
29 34 2.7051966
29 20 9.636045
29 2 1.351508
29 37 0.6066352
29 7 2000.0
29 27 1.017074
29 16 100.0
29 23 1.2429267
29 25 1.7293066
30 8 0.50724196
30 18 0.7712595
30 13 40.27987
30 33 7.5337696
30 11 0.8091075
30 29 0.77505976
30 5 0.6869238
30 34 0.8617356
30 20 1.1775002
30 2 20.01422
30 14 9.915896
30 37 13.527274
30 7 1.2394788
30 27 0.19292933
30 16 1.1531668
30 23 1.9212959
30 25 16.547037
31 26 0.13282762
31 6 0.2253849
31 10 22.476137
31 35 128.07045
31 22 214.60051
31 9 0.03132406
31 4 0.0717803
31 17 1.0014085
31 19 0.097471975
32 26 16.984982
32 24 0.21095327
32 21 2000.0
32 12 2.7844253
32 15 0.06801055
33 30 7.5337696
33 8 2000.0
33 13 0.78763443
33 11 1.880528
33 29 10.890541
33 5 2000.0
33 34 2000.0
33 20 0.88594395
33 2 1.5141209
33 14 0.42242923
33 7 2000.0
33 27 0.7666543
33 16 3017.898
33 25 0.5417566
34 30 0.8617356
34 20 0.91631347
34 8 31.304914
34 37 2000.0
34 13 354.30548
34 7 5856.0796
34 27 1.4436431
34 16 76.573746
34 11 3.2268295
34 29 2.7051966
34 25 2.1502156
34 5 4.908206
35 21 0.03168494
35 31 128.07045
36 28 0.03488308
36 3 0.8025963
36 9 0.6477273
37 30 13.527274
37 0 3.123446
37 8 0.8335248
37 18 3.139619
37 13 0.9772153
37 11 1.5159522
37 29 0.6066352
37 5 10.717459
37 20 4.6686025
37 2 0.82842934
37 7 18.105253
37 27 0.80580145
37 16 2000.0
37 23 1.1671863
37 25 50.546593
