0 2 0.93369204
0 37 1.7586595
0 13 0.82392955
0 29 81.11808
0 25 12.79255
1 3 1.1205682
1 12 11.654233
2 30 23.34224
2 0 0.93369204
2 8 1.2575275
2 18 2.8206723
2 13 0.60940635
2 33 2.9050624
2 11 1.7563252
2 29 1.4002378
2 20 4.0259743
2 37 0.97486436
2 27 0.9000504
2 16 2000.0
2 23 12.611069
2 25 0.48536363
3 36 0.48469573
3 28 5.6635327
3 24 2000.0
3 12 0.06774014
3 1 1.1205682
3 9 0.5155795
4 31 0.08030564
4 9 0.081783935
4 17 0.12795664
4 19 0.08323785
5 30 0.68972355
5 8 0.60603577
5 18 2.3659265
5 13 37.63928
5 11 8.745355
5 29 3.2247124
5 34 3.7326674
5 20 3.4121988
5 37 22.147654
5 7 2.5857213
5 27 2.24613
5 16 2.8041632
5 23 4.8607655
5 25 2000.0
6 31 0.2226605
6 17 1.1250446
7 34 228.029
7 30 0.6112326
7 20 100.0
7 8 9.714597
7 37 192.64311
7 16 0.98609006
7 23 1.1690553
7 25 2.5185432
7 5 2.5857213
8 0 2000.0
8 30 0.40196773
8 18 1.2822635
8 13 2.8045974
8 11 1.8457439
8 29 0.44851217
8 5 0.60603577
8 34 43.139168
8 2 1.2575275
8 37 1.5522611
8 7 9.714597
8 27 1.1618327
8 16 2.0487545
8 23 2.2474325
8 25 2000.0
9 36 0.7234352
9 26 2000.0
9 28 3.180227
9 10 22.603914
9 22 0.061363637
9 31 0.057608414
9 12 2000.0
9 3 0.5155795
9 4 0.081783935
9 17 0.037928466
9 19 0.07487907
10 26 0.029067459
10 28 0.22609971
10 24 0.08914859
10 31 8.340605
10 12 1585.7386
10 9 22.603914
10 17 0.03141376
11 0 2000.0
11 30 0.7136509
11 8 1.8457439
11 18 9.443272
11 13 0.99549013
11 33 2.8987145
11 29 1.2646917
11 5 8.745355
11 34 3.2908673
11 20 1.3854254
11 2 1.7563252
11 37 1.8812671
11 7 1395.7386
11 27 0.8698904
11 16 1.1390122
11 25 1.112443
12 26 0.8794088
12 32 2.3347106
12 24 0.06634554
12 21 0.09304614
12 3 0.06774014
12 1 11.654233
13 30 170.3109
13 0 0.82392955
13 8 2.8045974
13 18 406.93317
13 33 1.1130822
13 11 0.99549013
13 29 0.9808575
13 5 37.63928
13 34 2000.0
13 20 1.0013077
13 2 0.60940635
13 14 11.085808
13 37 1.6068084
13 7 2000.0
13 27 0.56115985
13 16 149.67757
13 25 0.23206708
14 30 8.647711
14 20 6.788004
14 13 11.085808
14 27 4.214274
14 33 0.54993
14 25 4.9993787
15 32 0.07523419
15 21 11.99513
16 30 1.1219034
16 0 2000.0
16 8 2.0487545
16 18 1.4038616
16 13 149.67757
16 11 1.1390122
16 5 2.8041632
16 34 69.125015
16 20 42.918327
16 7 0.98609006
16 27 1.4513483
16 23 2.8962047
16 25 0.83003193
17 6 1.1250446
17 26 1.5658746
17 10 0.03141376
17 24 0.21732806
17 31 0.96658814
17 9 0.037928466
17 4 0.12795664
17 19 148.35228
18 0 2000.0
18 30 0.7001397
18 8 1.2822635
18 2 2.8206723
18 37 2.4596806
18 13 406.93317
18 27 15.3814335
18 16 1.4038616
18 11 9.443272
18 23 1.5084045
18 29 1.5867662
18 5 2.3659265
19 31 0.096435115
19 9 0.07487907
19 4 0.08323785
19 17 148.35228
20 30 1.9048296
20 13 1.0013077
20 33 1.2850186
20 11 1.3854254
20 29 8.917582
20 5 3.4121988
20 34 0.9089777
20 2 4.0259743
20 14 6.788004
20 37 3.453495
20 7 100.0
20 27 1.4359335
20 16 42.918327
20 25 0.44922692
21 32 2000.0
21 24 1.1049508
21 35 0.03175403
21 12 0.09304614
21 15 11.99513
22 31 64.95868
22 9 0.061363637
22 19 2000.0
23 0 2000.0
23 30 2.9381914
23 8 2.2474325
23 2 12.611069
23 37 2.8455029
23 18 1.5084045
23 7 1.1690553
23 16 2.8962047
23 11 2000.0
23 29 1.1235125
23 5 4.8607655
24 26 0.044982333
24 32 0.27744347
24 10 0.08914859
24 21 1.1049508
24 12 0.06634554
24 15 2000.0
24 17 0.21732806
25 0 12.79255
25 30 14.146488
25 13 0.23206708
25 33 0.6421086
25 11 1.112443
25 29 1.2420169
25 34 4.002265
25 20 0.44922692
25 2 0.48536363
25 14 4.9993787
25 37 50.588356
25 7 2.5185432
25 27 0.2280179
25 16 0.83003193
26 32 23.79962
26 28 0.054089624
26 10 0.029067459
26 24 0.044982333
26 31 0.08494095
26 12 0.8794088
26 17 1.5658746
27 30 0.22778086
27 0 2000.0
27 8 1.1618327
27 18 15.3814335
27 13 0.56115985
27 33 0.74595106
27 11 0.8698904
27 29 1.1937976
27 5 2.24613
27 34 0.86414135
27 20 1.4359335
27 2 0.9000504
27 14 4.214274
27 37 1.0167044
27 7 2000.0
27 16 1.4513483
27 25 0.2280179
28 36 0.030383756
28 26 0.054089624
28 10 0.22609971
28 3 5.6635327
28 12 1200.3408
28 9 3.180227
28 19 1474.9431
29 0 81.11808
29 30 1.1919186
29 8 0.44851217
29 18 1.5867662
29 13 0.9808575
29 33 16.017975
29 11 1.2646917
29 5 3.2247124
29 34 3.9186742
29 20 8.917582
29 2 1.4002378
29 37 0.9379689
29 7 2000.0
29 27 1.1937976
29 16 2000.0
29 23 1.1235125
29 25 1.2420169
30 8 0.40196773
30 18 0.7001397
30 13 170.3109
30 33 9.876235
30 11 0.7136509
30 29 1.1919186
30 5 0.68972355
30 34 0.8906478
30 20 1.9048296
30 2 23.34224
30 14 8.647711
30 37 40.83878
30 7 0.6112326
30 27 0.22778086
30 16 1.1219034
30 23 2.9381914
30 25 14.146488
31 26 0.08494095
31 6 0.2226605
31 10 8.340605
31 35 43.268944
31 22 64.95868
31 9 0.057608414
31 4 0.08030564
31 17 0.96658814
31 19 0.096435115
32 26 23.79962
32 24 0.27744347
32 12 2.3347106
32 15 0.07523419
33 30 9.876235
33 13 1.1130822
33 11 2.8987145
33 29 16.017975
33 5 2000.0
33 34 2000.0
33 20 1.2850186
33 2 2.9050624
33 14 0.54993
33 7 2000.0
33 27 0.74595106
33 16 3017.898
33 25 0.6421086
34 30 0.8906478
34 20 0.9089777
34 8 43.139168
34 37 2000.0
34 7 228.029
34 27 0.86414135
34 16 69.125015
34 11 3.2908673
34 29 3.9186742
34 25 4.002265
34 5 3.7326674
35 21 0.03175403
35 31 43.268944
36 28 0.030383756
36 3 0.48469573
36 9 0.7234352
37 30 40.83878
37 0 1.7586595
37 8 1.5522611
37 18 2.4596806
37 13 1.6068084
37 11 1.8812671
37 29 0.9379689
37 5 22.147654
37 20 3.453495
37 2 0.97486436
37 7 192.64311
37 27 1.0167044
37 16 2000.0
37 23 2.8455029
37 25 50.588356
