0 2 1.018719
0 37 3.0760229
0 13 1.0898675
0 29 33.117912
0 25 13.718387
1 3 1.2404046
1 12 12.258326
2 30 31.943544
2 0 1.018719
2 8 1.6136904
2 18 1.82683
2 13 0.5052128
2 33 2.3518112
2 11 2.6438584
2 29 1.5222399
2 20 5.03217
2 37 0.9229401
2 27 1.1394075
2 16 2000.0
2 23 23.05413
2 25 0.58500123
3 36 0.56920755
3 28 32.07739
3 24 2000.0
3 12 0.078865506
3 1 1.2404046
3 9 1.1808614
4 31 0.11612548
4 9 0.081647865
4 17 0.14127523
4 19 0.06719029
5 30 0.92151827
5 8 1.3084972
5 18 2.0359712
5 13 85.260124
5 11 1.898202
5 29 17.079512
5 34 2.3770332
5 20 5.9133825
5 37 40.17519
5 7 34.886158
5 27 3.1045632
5 16 3.21421
5 23 8.270025
5 25 2000.0
6 31 0.15850198
6 17 5.7321534
7 34 180.25142
7 30 0.9944184
7 20 36.142124
7 8 18.801702
7 37 118.97503
7 27 933.41394
7 16 1.4617846
7 23 1.6555117
7 11 88.54679
7 25 2.6667871
7 5 34.886158
8 0 2000.0
8 30 0.35529992
8 18 1.5237821
8 13 1.7112445
8 11 1.2147334
8 29 0.76244235
8 5 1.3084972
8 34 48.83794
8 2 1.6136904
8 37 0.88341314
8 7 18.801702
8 27 3.2518137
8 16 1.841209
8 23 0.9755293
8 25 2000.0
9 36 0.9244214
9 26 2000.0
9 28 1.1077353
9 10 9.783289
9 22 0.063878536
9 31 0.029737154
9 3 1.1808614
9 4 0.081647865
9 17 0.044314332
9 19 0.0681635
10 26 0.031113338
10 28 0.23093842
10 24 0.095286354
10 31 0.5152995
10 12 55.317368
10 9 9.783289
10 17 0.029913146
11 0 2000.0
11 30 0.76678646
11 8 1.2147334
11 18 6.930962
11 13 1.2200521
11 33 1.8542684
11 29 1.6677823
11 5 1.898202
11 34 2.237832
11 20 3.2947202
11 2 2.6438584
11 37 2.1471636
11 7 88.54679
11 27 0.9233141
11 16 1.0869468
11 25 0.9645722
12 26 1.5533493
12 32 3.7435067
12 10 55.317368
12 24 0.0719986
12 21 0.13379522
12 3 0.078865506
12 1 12.258326
13 30 58.433155
13 0 1.0898675
13 8 1.7112445
13 18 26.623867
13 33 1.1025752
13 11 1.2200521
13 29 1.1168696
13 5 85.260124
13 34 133.33334
13 20 0.97174287
13 2 0.5052128
13 14 2.8901517
13 37 1.5754262
13 7 2000.0
13 27 0.5123967
13 16 88.34679
13 25 0.23571251
14 30 6.8239
14 20 3.0563307
14 13 2.8901517
14 27 2.301513
14 33 0.39023602
14 11 2000.0
14 25 1.927633
15 32 0.0714917
15 21 7.1569495
16 30 1.2755305
16 0 2000.0
16 8 1.841209
16 18 2.1216836
16 13 88.34679
16 11 1.0869468
16 5 3.21421
16 34 101.12536
16 20 47.39527
16 7 1.4617846
16 27 1.3766991
16 23 4.0129585
16 25 0.85029453
17 6 5.7321534
17 26 2.168964
17 10 0.029913146
17 24 0.069709584
17 31 1.1560397
17 9 0.044314332
17 4 0.14127523
17 19 1584.034
18 0 2000.0
18 30 0.710693
18 8 1.5237821
18 13 26.623867
18 11 6.930962
18 29 1.5437921
18 5 2.0359712
18 2 1.82683
18 37 6.2343006
18 7 2000.0
18 27 97.23031
18 16 2.1216836
18 23 1.5822833
19 28 85.51177
19 31 0.08138732
19 9 0.0681635
19 4 0.06719029
20 30 1.5624045
20 13 0.97174287
20 33 2.249231
20 11 3.2947202
20 29 24.409344
20 5 5.9133825
20 34 0.99917114
20 2 5.03217
20 14 3.0563307
20 37 5.478308
20 7 36.142124
20 27 1.6493042
20 16 47.39527
20 25 0.5185285
21 32 2000.0
21 24 0.7063705
21 35 0.034163024
21 31 2000.0
21 12 0.13379522
21 15 7.1569495
22 31 163.63637
22 9 0.063878536
22 19 2000.0
23 0 2000.0
23 30 1.9869999
23 8 0.9755293
23 2 23.05413
23 37 1.4496844
23 18 1.5822833
23 7 1.6555117
23 16 4.0129585
23 11 2000.0
23 29 2.773466
23 5 8.270025
24 6 2000.0
24 26 0.044154264
24 32 0.2338566
24 10 0.095286354
24 21 0.7063705
24 12 0.0719986
24 15 2000.0
24 17 0.069709584
25 0 13.718387
25 30 12.056382
25 13 0.23571251
25 33 0.5305169
25 11 0.9645722
25 29 3.5837967
25 34 1.0590281
25 20 0.5185285
25 2 0.58500123
25 14 1.927633
25 37 106.666664
25 7 2.6667871
25 27 0.22226502
25 16 0.85029453
26 32 127.29326
26 28 0.03966117
26 10 0.031113338
26 24 0.044154264
26 31 0.15111855
26 12 1.5533493
26 17 2.168964
27 30 0.23288767
27 0 2000.0
27 8 3.2518137
27 18 97.23031
27 13 0.5123967
27 33 0.82895285
27 11 0.9233141
27 29 1.7680268
27 5 3.1045632
27 34 1.2098391
27 20 1.6493042
27 2 1.1394075
27 14 2.301513
27 37 0.9544533
27 7 933.41394
27 16 1.3766991
27 25 0.22226502
28 36 0.034090906
28 26 0.03966117
28 10 0.23093842
28 3 32.07739
28 12 1122.3864
28 9 1.1077353
28 19 85.51177
29 0 33.117912
29 30 3.3402922
29 8 0.76244235
29 18 1.5437921
29 13 1.1168696
29 33 22.096073
29 11 1.6677823
29 5 17.079512
29 34 3.6627772
29 20 24.409344
29 2 1.5222399
29 37 1.160228
29 7 2000.0
29 27 1.7680268
29 16 2000.0
29 23 2.773466
29 25 3.5837967
30 8 0.35529992
30 18 0.710693
30 13 58.433155
30 33 5.6529727
30 11 0.76678646
30 29 3.3402922
30 5 0.92151827
30 34 0.942843
30 20 1.5624045
30 2 31.943544
30 14 6.8239
30 37 12.848588
30 7 0.9944184
30 27 0.23288767
30 16 1.2755305
30 23 1.9869999
30 25 12.056382
31 26 0.15111855
31 6 0.15850198
31 10 0.5152995
31 35 21.361584
31 21 2000.0
31 22 163.63637
31 9 0.029737154
31 4 0.11612548
31 17 1.1560397
31 19 0.08138732
32 26 127.29326
32 24 0.2338566
32 12 3.7435067
32 15 0.0714917
33 30 5.6529727
33 13 1.1025752
33 11 1.8542684
33 29 22.096073
33 5 2000.0
33 34 2000.0
33 20 2.249231
33 2 2.3518112
33 14 0.39023602
33 7 2000.0
33 27 0.82895285
33 16 2738.6362
33 25 0.5305169
34 30 0.942843
34 20 0.99917114
34 8 48.83794
34 37 2000.0
34 7 180.25142
34 13 133.33334
34 27 1.2098391
34 16 101.12536
34 11 2.237832
34 29 3.6627772
34 25 1.0590281
34 5 2.3770332
35 21 0.034163024
35 31 21.361584
36 28 0.034090906
36 3 0.56920755
36 9 0.9244214
37 30 12.848588
37 0 3.0760229
37 8 0.88341314
37 18 6.2343006
37 13 1.5754262
37 11 2.1471636
37 29 1.160228
37 5 40.17519
37 20 5.478308
37 2 0.9229401
37 7 118.97503
37 27 0.9544533
37 16 2000.0
37 23 1.4496844
37 25 106.666664
