0 2 0.8656891
0 37 1.6301254
0 13 1.0491008
0 29 23.546103
0 25 12.170524
1 3 0.6491569
1 12 33.39489
2 30 58.017494
2 0 0.8656891
2 8 1.312947
2 18 3.8306923
2 13 0.57519364
2 33 2.3975472
2 11 2.3897853
2 29 1.1376085
2 20 2.8318594
2 37 0.7072023
2 27 0.8144842
2 16 2000.0
2 23 7.1753287
2 25 0.5607564
3 36 0.27729547
3 28 7.752789
3 24 292.54935
3 12 0.07527209
3 1 0.6491569
3 9 0.65766066
4 31 0.073637426
4 9 0.096570395
4 17 0.19751433
4 19 0.07592213
5 30 0.58807755
5 8 0.68057364
5 18 0.97498405
5 13 38.887787
5 11 2.4129784
5 29 2.1285963
5 34 3.203794
5 20 2.093805
5 37 21.709892
5 7 8.902405
5 27 1.790977
5 16 1.2252901
5 23 2.4018574
5 25 2000.0
6 31 0.16761832
6 17 2.77113
7 30 0.84740555
7 20 45.214268
7 8 9.2201395
7 37 119.307365
7 16 0.96169025
7 23 1.401918
7 11 71.64128
7 25 2.7048068
7 5 8.902405
8 0 2000.0
8 30 0.4938683
8 18 1.151208
8 13 1.5326531
8 11 1.3676342
8 29 0.58968806
8 5 0.68057364
8 34 62.252583
8 2 1.312947
8 37 0.9850457
8 7 9.2201395
8 27 1.7511536
8 16 1.6272653
8 23 1.0236926
8 25 2000.0
9 36 0.41848814
9 28 0.94797695
9 10 14.216721
9 22 0.051864803
9 31 0.030023087
9 3 0.65766066
9 12 2000.0
9 4 0.096570395
9 17 0.033123642
9 19 0.068323866
10 26 0.030233208
10 28 0.25538856
10 24 0.07430269
10 31 11.970749
10 12 1726.875
10 9 14.216721
10 17 0.030709762
11 0 2000.0
11 30 0.57518333
11 8 1.3676342
11 18 10.416349
11 13 1.6395811
11 33 1.8935539
11 29 0.9977469
11 5 2.4129784
11 34 2.3584766
11 20 1.1961796
11 2 2.3897853
11 37 1.4488337
11 7 71.64128
11 27 0.6983603
11 16 1.4098628
11 25 1.3791331
12 26 1.5615989
12 32 5.546432
12 24 0.06954172
12 21 0.3548913
12 3 0.07527209
12 1 33.39489
13 30 114.55777
13 0 1.0491008
13 8 1.5326531
13 18 55.147724
13 33 1.2213792
13 11 1.6395811
13 29 0.6073321
13 5 38.887787
13 34 94.22454
13 20 1.7052128
13 2 0.57519364
13 14 4.347356
13 37 0.82825315
13 7 2000.0
13 27 0.78269094
13 16 29.650034
13 25 0.3594635
14 34 2000.0
14 30 15.836632
14 20 1.9404863
14 13 4.347356
14 27 3.6037037
14 33 0.49371722
14 11 2000.0
14 25 2.3100452
15 32 0.0697665
15 21 10.465313
16 0 2000.0
16 30 1.1535594
16 8 1.6272653
16 18 1.3286338
16 13 29.650034
16 11 1.4098628
16 5 1.2252901
16 34 38.14744
16 20 22.2339
16 7 0.96169025
16 27 1.3732303
16 23 2.5909343
16 25 0.91705996
17 6 2.77113
17 26 1.4243944
17 10 0.030709762
17 24 0.18985328
17 31 0.9875711
17 9 0.033123642
17 4 0.19751433
17 19 65.60355
18 0 2000.0
18 30 0.9226492
18 8 1.151208
18 13 55.147724
18 11 10.416349
18 29 1.3241488
18 5 0.97498405
18 2 3.8306923
18 37 4.037491
18 7 2000.0
18 27 24.243135
18 16 1.3286338
18 23 1.5689715
19 31 0.09095492
19 9 0.068323866
19 4 0.07592213
19 17 65.60355
20 30 1.7321314
20 13 1.7052128
20 33 1.0912715
20 11 1.1961796
20 29 4.485638
20 5 2.093805
20 34 1.0623236
20 2 2.8318594
20 14 1.9404863
20 37 1.9279363
20 7 45.214268
20 27 0.51682854
20 16 22.2339
20 25 0.5586866
21 32 2000.0
21 24 0.9477243
21 35 0.064819455
21 31 2000.0
21 12 0.3548913
21 15 10.465313
22 31 2000.0
22 9 0.051864803
22 19 2000.0
23 0 2000.0
23 30 2.2452123
23 8 1.0236926
23 2 7.1753287
23 37 2.530768
23 18 1.5689715
23 7 1.401918
23 16 2.5909343
23 11 2000.0
23 29 1.4226959
23 5 2.4018574
24 26 0.043508075
24 32 0.36312085
24 10 0.07430269
24 21 0.9477243
24 3 292.54935
24 12 0.06954172
24 15 2000.0
24 17 0.18985328
25 30 16.069424
25 0 12.170524
25 13 0.3594635
25 33 0.754379
25 11 1.3791331
25 29 3.0892723
25 34 3.0026145
25 20 0.5586866
25 2 0.5607564
25 14 2.3100452
25 37 28.666813
25 7 2.7048068
25 27 0.25780302
25 16 0.91705996
26 32 1210.2273
26 28 0.061280202
26 10 0.030233208
26 24 0.043508075
26 31 0.33277583
26 12 1.5615989
26 17 1.4243944
27 30 0.30578023
27 0 2000.0
27 8 1.7511536
27 18 24.243135
27 13 0.78269094
27 33 1.1547856
27 11 0.6983603
27 29 0.6694868
27 5 1.790977
27 34 1.24109
27 20 0.51682854
27 2 0.8144842
27 14 3.6037037
27 37 1.0792515
27 7 2000.0
27 16 1.3732303
27 25 0.25780302
28 36 0.037605934
28 26 0.061280202
28 10 0.25538856
28 3 7.752789
28 12 1209.4886
28 9 0.94797695
28 19 1368.1819
29 0 23.546103
29 30 1.4252537
29 8 0.58968806
29 18 1.3241488
29 13 0.6073321
29 33 11.24457
29 11 0.9977469
29 5 2.1285963
29 34 2.6670825
29 20 4.485638
29 2 1.1376085
29 37 0.90535444
29 7 2000.0
29 27 0.6694868
29 16 2000.0
29 23 1.4226959
29 25 3.0892723
30 8 0.4938683
30 18 0.9226492
30 13 114.55777
30 33 5.0074663
30 11 0.57518333
30 29 1.4252537
30 5 0.58807755
30 34 1.1897205
30 20 1.7321314
30 2 58.017494
30 14 15.836632
30 37 14.402218
30 7 0.84740555
30 27 0.30578023
30 16 1.1535594
30 23 2.2452123
30 25 16.069424
31 26 0.33277583
31 6 0.16761832
31 10 11.970749
31 35 60.000004
31 9 0.030023087
31 4 0.073637426
31 17 0.9875711
31 19 0.09095492
32 24 0.36312085
32 12 5.546432
32 15 0.0697665
33 30 5.0074663
33 8 2000.0
33 13 1.2213792
33 11 1.8935539
33 29 11.24457
33 5 2000.0
33 34 2000.0
33 20 1.0912715
33 2 2.3975472
33 14 0.49371722
33 7 2000.0
33 27 1.1547856
33 16 3017.898
33 25 0.754379
34 30 1.1897205
34 20 1.0623236
34 8 62.252583
34 37 2000.0
34 13 94.22454
34 7 2000.0
34 27 1.24109
34 16 38.14744
34 11 2.3584766
34 29 2.6670825
34 25 3.0026145
34 5 3.203794
35 21 0.064819455
35 31 60.000004
36 28 0.037605934
36 3 0.27729547
36 9 0.41848814
37 30 14.402218
37 0 1.6301254
37 8 0.9850457
37 18 4.037491
37 13 0.82825315
37 11 1.4488337
37 29 0.90535444
37 5 21.709892
37 20 1.9279363
37 2 0.7072023
37 7 119.307365
37 27 1.0792515
37 16 2000.0
37 23 2.530768
37 25 28.666813
