0 2 0.7485179
0 37 2.3203237
0 13 0.7115449
0 29 37.675667
0 25 26.054235
1 3 0.7980911
1 12 29.090908
2 30 21.086536
2 0 0.7485179
2 8 1.2904247
2 18 2.0674474
2 13 0.6004808
2 33 1.7351714
2 11 1.2747245
2 29 1.1585131
2 20 2.08695
2 37 0.73634565
2 27 0.80018806
2 16 2000.0
2 23 9.374999
2 25 0.546607
3 36 0.64614236
3 28 4.6082687
3 24 200.0
3 12 0.049774535
3 1 0.7980911
3 9 0.8347952
4 31 0.07926136
4 9 0.07423509
4 17 0.24722503
4 19 0.07506971
5 30 0.49054775
5 8 0.4551359
5 18 0.65206635
5 13 44.6848
5 11 1.9573241
5 29 4.5879064
5 34 1.9007058
5 20 1.600244
5 37 13.650951
5 7 10.522727
5 27 1.6868566
5 16 2.9306896
5 23 2.7880766
5 25 2000.0
6 31 0.113356926
6 17 1.7304751
7 34 180.00002
7 30 0.963052
7 20 268.2477
7 8 4.585194
7 37 65.74084
7 16 1.5860573
7 23 1.823194
7 25 5.1592135
7 5 10.522727
8 0 2000.0
8 30 0.40902463
8 18 1.3617734
8 13 1.5518516
8 11 0.84415394
8 29 0.5692259
8 5 0.4551359
8 34 18.702852
8 2 1.2904247
8 37 0.9463612
8 7 4.585194
8 27 0.96118027
8 16 1.5278248
8 23 0.81650066
8 25 2000.0
9 36 0.7539932
9 28 0.9549913
9 10 11.162114
9 22 0.053626932
9 31 0.030268976
9 3 0.8347952
9 12 2000.0
9 4 0.07423509
9 17 0.030596199
9 19 0.07557823
10 26 0.02988566
10 28 0.42837563
10 24 0.10709665
10 31 14.974554
10 12 1489.8864
10 9 11.162114
10 17 0.034454174
11 0 2000.0
11 30 0.76795226
11 8 0.84415394
11 18 8.584923
11 13 1.0027286
11 33 1.8391633
11 29 1.3044575
11 5 1.9573241
11 34 2.230813
11 20 1.1984669
11 2 1.2747245
11 37 1.4315293
11 7 1617.8977
11 27 0.74961525
11 16 0.97071534
11 25 0.6036426
12 26 2.3623269
12 32 2.1381495
12 24 0.07576425
12 21 0.17543831
12 3 0.049774535
12 1 29.090908
13 30 53.146564
13 0 0.7115449
13 8 1.5518516
13 18 321.75003
13 33 1.1894209
13 11 1.0027286
13 29 0.9037943
13 5 44.6848
13 34 2000.0
13 20 1.3623788
13 2 0.6004808
13 14 5.416075
13 37 1.1213039
13 7 2000.0
13 27 0.6954976
13 16 51.810135
13 25 0.27338478
14 30 9.355189
14 20 1.4376769
14 13 5.416075
14 27 2.0902724
14 33 0.46129292
14 11 2000.0
14 25 3.1320884
15 32 0.06980346
15 21 1.2766702
16 30 1.0455097
16 0 2000.0
16 8 1.5278248
16 18 1.1677341
16 13 51.810135
16 11 0.97071534
16 5 2.9306896
16 34 48.640064
16 20 34.306675
16 7 1.5860573
16 27 1.5454161
16 23 2.306759
16 25 1.2189248
17 6 1.7304751
17 26 1.5299685
17 10 0.034454174
17 24 0.103647634
17 31 1.0160877
17 9 0.030596199
17 4 0.24722503
17 19 49.950935
18 0 2000.0
18 30 0.6819848
18 8 1.3617734
18 13 321.75003
18 11 8.584923
18 29 1.154497
18 5 0.65206635
18 2 2.0674474
18 37 2.498358
18 7 2000.0
18 27 9.220315
18 16 1.1677341
18 23 0.9237995
19 31 0.074879214
19 9 0.07557823
19 4 0.07506971
19 17 49.950935
20 30 1.381844
20 8 2000.0
20 13 1.3623788
20 33 0.981122
20 11 1.1984669
20 29 9.818662
20 5 1.600244
20 34 0.88081884
20 2 2.08695
20 14 1.4376769
20 37 3.0215437
20 7 268.2477
20 27 1.0815837
20 16 34.306675
20 25 0.6302362
21 32 2000.0
21 10 2000.0
21 24 0.94858694
21 35 0.03752657
21 31 2000.0
21 12 0.17543831
21 15 1.2766702
22 31 378.94742
22 9 0.053626932
22 19 2000.0
23 0 2000.0
23 30 1.4530727
23 8 0.81650066
23 2 9.374999
23 37 0.81555605
23 18 0.9237995
23 7 1.823194
23 16 2.306759
23 11 2000.0
23 29 1.5050026
23 5 2.7880766
24 26 0.045696322
24 32 0.18979265
24 10 0.10709665
24 21 0.94858694
24 12 0.07576425
24 3 200.0
24 15 2000.0
24 17 0.103647634
25 30 17.329596
25 0 26.054235
25 13 0.27338478
25 33 0.9949071
25 11 0.6036426
25 29 1.4349595
25 34 3.760135
25 20 0.6302362
25 2 0.546607
25 14 3.1320884
25 37 160.92854
25 7 5.1592135
25 27 0.29626602
25 16 1.2189248
26 32 19.432467
26 28 0.11731425
26 10 0.02988566
26 24 0.045696322
26 31 0.13096362
26 12 2.3623269
26 17 1.5299685
27 30 0.17775975
27 0 2000.0
27 8 0.96118027
27 18 9.220315
27 13 0.6954976
27 33 0.7413775
27 11 0.74961525
27 29 0.8258023
27 5 1.6868566
27 34 1.1320184
27 20 1.0815837
27 2 0.80018806
27 14 2.0902724
27 37 1.062588
27 7 2000.0
27 16 1.5454161
27 25 0.29626602
28 36 0.03350626
28 26 0.11731425
28 10 0.42837563
28 3 4.6082687
28 12 1208.6364
28 9 0.9549913
28 19 1370.0
29 0 37.675667
29 30 0.7644252
29 8 0.5692259
29 18 1.154497
29 13 0.9037943
29 33 7.831046
29 11 1.3044575
29 5 4.5879064
29 34 3.5986946
29 20 9.818662
29 2 1.1585131
29 37 1.0171039
29 7 2000.0
29 27 0.8258023
29 16 2000.0
29 23 1.5050026
29 25 1.4349595
30 8 0.40902463
30 18 0.6819848
30 13 53.146564
30 33 5.582651
30 11 0.76795226
30 29 0.7644252
30 5 0.49054775
30 34 0.79381233
30 20 1.381844
30 2 21.086536
30 14 9.355189
30 37 15.849453
30 7 0.963052
30 27 0.17775975
30 16 1.0455097
30 23 1.4530727
30 25 17.329596
31 26 0.13096362
31 6 0.113356926
31 10 14.974554
31 35 1085.3408
31 22 378.94742
31 9 0.030268976
31 4 0.07926136
31 17 1.0160877
31 19 0.074879214
32 26 19.432467
32 10 2000.0
32 24 0.18979265
32 12 2.1381495
32 15 0.06980346
33 30 5.582651
33 8 2000.0
33 13 1.1894209
33 11 1.8391633
33 29 7.831046
33 5 2000.0
33 34 2000.0
33 20 0.981122
33 2 1.7351714
33 14 0.46129292
33 7 2000.0
33 27 0.7413775
33 16 3017.898
33 25 0.9949071
34 30 0.79381233
34 20 0.88081884
34 8 18.702852
34 37 2000.0
34 7 180.00002
34 27 1.1320184
34 16 48.640064
34 11 2.230813
34 29 3.5986946
34 25 3.760135
34 5 1.9007058
35 21 0.03752657
35 31 1085.3408
36 28 0.03350626
36 3 0.64614236
36 9 0.7539932
37 30 15.849453
37 0 2.3203237
37 8 0.9463612
37 18 2.498358
37 13 1.1213039
37 11 1.4315293
37 29 1.0171039
37 5 13.650951
37 20 3.0215437
37 2 0.73634565
37 7 65.74084
37 27 1.062588
37 16 2000.0
37 23 0.81555605
37 25 160.92854
