0 2 1.9401985
0 37 1.5027666
0 13 0.94721586
0 25 15.800532
0 29 57.261772
1 3 0.75573415
1 12 13.294391
2 30 34.785965
2 0 1.9401985
2 8 1.214547
2 18 2.7881904
2 13 0.62632924
2 33 2.004372
2 11 1.5001936
2 29 1.4394217
2 20 2.607617
2 37 0.9783144
2 27 0.8974115
2 16 2000.0
2 23 6.396167
2 25 0.44929895
3 36 0.8014521
3 28 1.3282671
3 24 1247.2727
3 12 0.052416194
3 1 0.75573415
3 9 0.5641842
4 31 0.06724437
4 9 0.09701757
4 17 0.13079605
4 19 0.068190835
5 30 0.69952726
5 8 1.010779
5 18 1.0510073
5 13 9.419942
5 11 2.174901
5 29 3.6403933
5 34 2.58919
5 20 1.5754747
5 37 9.083393
5 7 4.6852913
5 27 1.8609984
5 16 1.3552877
5 23 1.950145
5 25 2000.0
6 31 0.17443624
6 17 2.6524694
7 30 0.83520657
7 20 106.69021
7 8 3.6160808
7 37 39.237427
7 27 820.45166
7 16 1.2771442
7 23 1.3712226
7 11 80.0
7 25 2.5627692
7 5 4.6852913
8 0 2000.0
8 30 0.42041978
8 18 1.2355015
8 13 1.5972942
8 11 1.1002548
8 29 0.586836
8 5 1.010779
8 34 19.838812
8 2 1.214547
8 37 1.208107
8 7 3.6160808
8 27 3.6180604
8 16 1.751625
8 23 1.4804606
8 25 2000.0
9 36 0.6649146
9 28 1.2833233
9 10 18.876495
9 22 0.053550962
9 31 0.030150896
9 12 2000.0
9 3 0.5641842
9 4 0.09701757
9 17 0.032015804
9 19 0.06846584
10 26 0.029398829
10 28 0.41607144
10 24 0.15995665
10 31 21.622663
10 12 88.888885
10 9 18.876495
10 17 0.029430678
11 0 2000.0
11 30 0.7567666
11 8 1.1002548
11 18 8.932788
11 13 0.6049884
11 33 2.0327086
11 29 1.074637
11 5 2.174901
11 34 3.3150256
11 20 3.039072
11 2 1.5001936
11 37 2.2090955
11 7 80.0
11 27 0.64285195
11 16 1.4115598
11 25 0.74668396
12 26 0.94725937
12 32 12.432529
12 10 88.888885
12 24 0.065579884
12 21 0.13147223
12 3 0.052416194
12 1 13.294391
13 30 40.803528
13 0 0.94721586
13 8 1.5972942
13 18 57.14844
13 33 1.3087506
13 11 0.6049884
13 29 0.8992463
13 5 9.419942
13 34 85.71428
13 20 0.9657823
13 2 0.62632924
13 14 5.113395
13 37 1.5274541
13 7 2000.0
13 27 0.6154376
13 16 22.101042
13 25 0.22700825
14 30 9.368802
14 20 2.0023258
14 13 5.113395
14 27 4.1518273
14 33 0.5629419
14 11 2000.0
14 25 2.715415
15 32 0.078992695
15 21 5.422934
16 30 1.0885811
16 0 2000.0
16 8 1.751625
16 18 1.2771894
16 13 22.101042
16 11 1.4115598
16 5 1.3552877
16 34 21.647062
16 20 72.76661
16 7 1.2771442
16 27 1.7587137
16 23 2.9633694
16 25 0.9424512
17 6 2.6524694
17 26 1.7393428
17 10 0.029430678
17 24 0.1590323
17 31 1.0179188
17 9 0.032015804
17 4 0.13079605
17 19 109.93514
18 0 2000.0
18 30 0.6754805
18 8 1.2355015
18 13 57.14844
18 11 8.932788
18 29 1.3346742
18 5 1.0510073
18 2 2.7881904
18 37 1.8486687
18 7 2000.0
18 27 27.009394
18 16 1.2771894
18 23 1.3262768
19 31 0.07456372
19 9 0.06846584
19 4 0.068190835
20 30 2.316722
20 13 0.9657823
20 33 1.6144545
20 11 3.039072
20 29 7.378873
20 5 1.5754747
20 34 1.1172315
20 2 2.607617
20 14 2.0023258
20 37 5.5312076
20 7 106.69021
20 27 2.1546426
20 16 72.76661
20 25 0.46931475
21 26 2000.0
21 32 2000.0
21 24 0.91212344
21 35 0.031225603
21 31 2000.0
21 12 0.13147223
21 15 5.422934
22 31 63.157894
22 9 0.053550962
22 19 2000.0
23 0 2000.0
23 30 1.5347193
23 8 1.4804606
23 2 6.396167
23 37 0.9968006
23 18 1.3262768
23 7 1.3712226
23 16 2.9633694
23 11 2000.0
23 29 0.8356646
23 5 1.950145
24 26 0.046212923
24 32 0.49320823
24 10 0.15995665
24 21 0.91212344
24 12 0.065579884
24 15 2000.0
24 17 0.1590323
25 30 14.8560705
25 0 15.800532
25 13 0.22700825
25 33 0.6378754
25 11 0.74668396
25 29 2.2426407
25 34 1.064683
25 20 0.46931475
25 2 0.44929895
25 14 2.715415
25 37 25.985794
25 7 2.5627692
25 27 0.2270705
25 16 0.9424512
26 32 32.445538
26 28 0.062374596
26 10 0.029398829
26 24 0.046212923
26 31 0.11401473
26 12 0.94725937
26 17 1.7393428
27 30 0.7837567
27 0 2000.0
27 8 3.6180604
27 18 27.009394
27 13 0.6154376
27 33 0.788913
27 11 0.64285195
27 29 0.79725486
27 5 1.8609984
27 34 1.1324408
27 20 2.1546426
27 2 0.8974115
27 14 4.1518273
27 37 1.3782398
27 7 820.45166
27 16 1.7587137
27 25 0.2270705
28 36 0.034381006
28 26 0.062374596
28 10 0.41607144
28 3 1.3282671
28 12 1264.2614
28 9 1.2833233
28 19 1358.8069
29 0 57.261772
29 30 1.2276033
29 8 0.586836
29 18 1.3346742
29 13 0.8992463
29 33 10.752135
29 11 1.074637
29 5 3.6403933
29 34 6.421425
29 20 7.378873
29 2 1.4394217
29 37 0.7884692
29 7 2000.0
29 27 0.79725486
29 16 2000.0
29 23 0.8356646
29 25 2.2426407
30 8 0.42041978
30 18 0.6754805
30 13 40.803528
30 33 13.23869
30 11 0.7567666
30 29 1.2276033
30 5 0.69952726
30 34 1.0549065
30 20 2.316722
30 2 34.785965
30 14 9.368802
30 37 13.960436
30 7 0.83520657
30 27 0.7837567
30 16 1.0885811
30 23 1.5347193
30 25 14.8560705
31 26 0.11401473
31 6 0.17443624
31 10 21.622663
31 35 150.1117
31 22 63.157894
31 9 0.030150896
31 4 0.06724437
31 17 1.0179188
31 19 0.07456372
32 26 32.445538
32 24 0.49320823
32 12 12.432529
32 15 0.078992695
33 30 13.23869
33 8 2000.0
33 13 1.3087506
33 11 2.0327086
33 29 10.752135
33 5 2000.0
33 34 2000.0
33 20 1.6144545
33 2 2.004372
33 14 0.5629419
33 7 2000.0
33 27 0.788913
33 16 3017.898
33 25 0.6378754
34 30 1.0549065
34 20 1.1172315
34 8 19.838812
34 37 2000.0
34 13 85.71428
34 7 2000.0
34 27 1.1324408
34 16 21.647062
34 11 3.3150256
34 29 6.421425
34 25 1.064683
34 5 2.58919
35 21 0.031225603
35 31 150.1117
36 28 0.034381006
36 3 0.8014521
36 9 0.6649146
37 30 13.960436
37 0 1.5027666
37 8 1.208107
37 18 1.8486687
37 13 1.5274541
37 11 2.2090955
37 29 0.7884692
37 5 9.083393
37 20 5.5312076
37 2 0.9783144
37 7 39.237427
37 27 1.3782398
37 16 2000.0
37 23 0.9968006
37 25 25.985794
