0 8 35.65014
0 2 0.42287275
0 37 6.409592
0 13 0.71371114
0 29 3.8612008
0 25 2000.0
1 3 0.35032994
1 12 35.973057
2 30 16.400475
2 0 0.42287275
2 8 2.0030997
2 18 12.926901
2 13 0.9812378
2 33 1.8060482
2 11 6.622972
2 29 1.0089424
2 20 19.742004
2 37 1.6550893
2 27 2.2760801
2 23 44.52756
2 25 3.4567144
3 36 0.32398084
3 28 0.10406469
3 24 178.57144
3 12 0.059456807
3 1 0.35032994
3 9 0.41250002
4 31 0.07117176
4 9 0.07020711
4 17 0.12687282
4 19 0.08359295
5 30 1.1829722
5 8 1.5026704
5 18 1.004699
5 13 160.1913
5 11 1.9363114
5 29 64.65894
5 34 4.3304033
5 20 2.8509026
5 37 2000.0
5 7 42.544773
5 27 19.619837
5 16 2.6283534
5 23 7.6634045
6 22 83.72581
6 31 1.20314
6 17 1.6159092
7 34 25.525303
7 30 2.7744715
7 20 3.6463184
7 8 255.3539
7 37 25.927965
7 27 180.00002
7 16 2.204311
7 11 12.830312
7 23 1.4422686
7 25 39.945755
7 5 42.544773
8 0 35.65014
8 30 0.7116222
8 18 1.4452933
8 13 20.777515
8 11 0.6041945
8 29 0.94275844
8 5 1.5026704
8 34 9.147728
8 2 2.0030997
8 37 2.6829126
8 7 255.3539
8 27 4.7912474
8 16 2.023683
8 23 1.3522295
9 36 1.9629589
9 26 2000.0
9 28 0.94877213
9 10 2.909632
9 22 0.41906723
9 31 0.038442746
9 3 0.41250002
9 17 0.057307996
9 4 0.07020711
9 19 0.069526516
10 26 0.046935543
10 28 0.8376093
10 24 0.06120394
10 31 0.032622207
10 12 5.1646466
10 9 2.909632
10 17 0.031368375
11 0 2000.0
11 30 1.1837924
11 8 0.6041945
11 18 19.669586
11 13 0.9904809
11 33 7.0051594
11 29 2.2721386
11 5 1.9363114
11 34 4.343483
11 20 1.8963642
11 2 6.622972
11 37 2.09332
11 7 12.830312
11 27 1.1374108
11 16 1.2855854
11 25 1.3725913
12 26 0.8041813
12 28 5.201763
12 32 0.2101591
12 10 5.1646466
12 24 0.10205378
12 21 0.067577876
12 3 0.059456807
12 1 35.973057
13 30 8.094481
13 0 0.71371114
13 8 20.777515
13 18 2000.0
13 33 0.8396307
13 11 0.9904809
13 29 1.4609197
13 5 160.1913
13 34 11.607229
13 20 0.8666065
13 2 0.9812378
13 14 3.6761181
13 37 3.409
13 27 0.28757313
13 16 259.6143
13 25 0.71533245
14 20 0.80259657
14 13 3.6761181
14 33 0.5735567
14 27 2.6978416
14 11 2000.0
14 25 1.361619
15 32 0.073183976
15 21 8.001717
16 0 2000.0
16 30 1.6965493
16 8 2.023683
16 18 1.0000784
16 13 259.6143
16 11 1.2855854
16 29 2000.0
16 5 2.6283534
16 20 32.41676
16 37 66.62138
16 7 2.204311
16 27 1.7788903
16 23 7.083832
16 25 1.5143538
17 26 3.3898304
17 6 1.6159092
17 10 0.031368375
17 24 0.2496105
17 31 1.9866294
17 9 0.057307996
17 4 0.12687282
17 19 3.3866158
18 30 1.0393904
18 2 12.926901
18 8 1.4452933
18 37 4.4153175
18 7 2000.0
18 13 2000.0
18 27 10.515643
18 16 1.0000784
18 23 2.219223
18 11 19.669586
18 29 1.643407
18 5 1.004699
19 31 0.07368522
19 9 0.069526516
19 17 3.3866158
19 4 0.08359295
20 0 2000.0
20 30 23.088179
20 13 0.8666065
20 33 1.9877464
20 11 1.8963642
20 29 9.148852
20 5 2.8509026
20 34 1.263486
20 2 19.742004
20 14 0.80259657
20 37 18.299202
20 7 3.6463184
20 27 0.60268766
20 16 32.41676
20 25 0.89524347
21 10 2000.0
21 24 0.05339946
21 35 0.04259726
21 12 0.067577876
21 15 8.001717
22 6 83.72581
22 31 1121.8182
22 9 0.41906723
22 19 1594.4319
23 0 2000.0
23 30 1.0936604
23 2 44.52756
23 8 1.3522295
23 37 3.106584
23 18 2.219223
23 7 1.4422686
23 16 7.083832
23 11 2000.0
23 29 4.1137795
23 5 7.6634045
24 26 0.08814968
24 32 0.11129674
24 10 0.06120394
24 21 0.05339946
24 31 26.086956
24 3 178.57144
24 12 0.10205378
24 15 2000.0
24 17 0.2496105
25 0 2000.0
25 30 3.9757752
25 13 0.71533245
25 33 1.5614918
25 11 1.3725913
25 29 6.662553
25 34 3.8183665
25 20 0.89524347
25 2 3.4567144
25 14 1.361619
25 37 38.367928
25 7 39.945755
25 27 1.0774488
25 16 1.5143538
26 32 23.30645
26 28 0.04297595
26 10 0.046935543
26 24 0.08814968
26 31 0.06348485
26 12 0.8041813
26 17 3.3898304
27 0 2000.0
27 30 0.19437595
27 8 4.7912474
27 18 10.515643
27 13 0.28757313
27 33 2.163965
27 11 1.1374108
27 29 0.66872966
27 5 19.619837
27 34 1.0779305
27 20 0.60268766
27 2 2.2760801
27 14 2.6978416
27 37 1.4903921
27 7 180.00002
27 16 1.7788903
27 25 1.0774488
28 36 0.04073349
28 26 0.04297595
28 10 0.8376093
28 3 0.10406469
28 12 5.201763
28 9 0.94877213
29 0 3.8612008
29 30 10.8854685
29 8 0.94275844
29 18 1.643407
29 13 1.4609197
29 11 2.2721386
29 5 64.65894
29 34 7.2251678
29 20 9.148852
29 2 1.0089424
29 37 1.1594671
29 7 2000.0
29 27 0.66872966
29 16 2000.0
29 23 4.1137795
29 25 6.662553
30 0 2000.0
30 8 0.7116222
30 18 1.0393904
30 13 8.094481
30 33 1.9323726
30 11 1.1837924
30 29 10.8854685
30 5 1.1829722
30 34 3.8712723
30 20 23.088179
30 2 16.400475
30 14 2000.0
30 37 8.385388
30 7 2.7744715
30 27 0.19437595
30 16 1.6965493
30 23 1.0936604
30 25 3.9757752
31 26 0.06348485
31 6 1.20314
31 10 0.032622207
31 24 26.086956
31 9 0.038442746
31 17 1.9866294
31 4 0.07117176
31 19 0.07368522
32 26 23.30645
32 24 0.11129674
32 12 0.2101591
32 15 0.073183976
33 34 2000.0
33 30 1.9323726
33 20 1.9877464
33 2 1.8060482
33 14 0.5735567
33 7 2000.0
33 13 0.8396307
33 27 2.163965
33 16 2000.0
33 11 7.0051594
33 29 2382.1023
33 25 1.5614918
34 30 3.8712723
34 20 1.263486
34 8 9.147728
34 7 25.525303
34 13 11.607229
34 27 1.0779305
34 16 2536.0227
34 11 4.343483
34 25 3.8183665
34 29 7.2251678
34 5 4.3304033
35 21 0.04259726
36 26 2000.0
36 28 0.04073349
36 3 0.32398084
36 9 1.9629589
37 30 8.385388
37 0 6.409592
37 8 2.6829126
37 18 4.4153175
37 13 3.409
37 11 2.09332
37 29 1.1594671
37 20 18.299202
37 2 1.6550893
37 7 25.927965
37 27 1.4903921
37 16 66.62138
37 23 3.106584
37 25 38.367928
