0 2 1.2478651
0 37 2.1136754
0 13 1.1296558
0 29 130.09502
0 25 22.714289
1 3 1.3716377
1 12 6.3533053
2 30 23.66984
2 0 1.2478651
2 8 1.2168187
2 18 3.206155
2 13 0.35195264
2 33 2.0731208
2 11 1.3016894
2 29 0.93151265
2 20 3.4091475
2 37 0.9603933
2 27 0.5792857
2 16 2000.0
2 23 13.30425
2 25 0.4693262
3 36 0.71539366
3 28 9.336786
3 24 189.47371
3 12 0.06603892
3 1 1.3716377
3 9 0.84884256
4 31 0.06371088
4 9 0.084788166
4 17 0.34195882
4 19 0.07595008
5 30 0.623516
5 8 1.4246005
5 18 1.7251098
5 13 23.507458
5 11 5.5551524
5 29 7.879689
5 34 4.8558693
5 20 4.5806108
5 37 14.406087
5 7 17.844107
5 27 2.046731
5 16 1.850583
5 23 5.139824
5 25 2000.0
6 31 0.109255865
6 17 1.7552608
7 30 0.9894719
7 20 2275.407
7 8 6.9816246
7 16 1.4227619
7 23 2.2074835
7 11 86.87467
7 25 2.8133318
7 5 17.844107
8 0 2000.0
8 30 0.64751303
8 18 1.0212121
8 13 2.2177908
8 11 1.193638
8 29 1.5070958
8 5 1.4246005
8 34 21.427685
8 2 1.2168187
8 37 1.2240499
8 7 6.9816246
8 27 6.108749
8 16 1.5709639
8 23 1.5512174
8 25 2000.0
9 36 0.60941374
9 26 2000.0
9 28 1.9366698
9 10 30.401955
9 22 0.04489568
9 31 0.029325511
9 12 2000.0
9 3 0.84884256
9 4 0.084788166
9 17 0.03495212
9 19 0.060691196
10 26 0.031799246
10 28 0.85561115
10 24 0.114055745
10 31 7.2312193
10 12 35.234047
10 9 30.401955
10 17 0.031408347
11 0 2000.0
11 30 1.5723308
11 8 1.193638
11 18 15.263882
11 13 1.6905693
11 33 2.40215
11 29 1.6195424
11 5 5.5551524
11 34 2.4110768
11 20 3.0199344
11 2 1.3016894
11 37 1.765652
11 7 86.87467
11 27 0.8309877
11 16 1.7334903
11 25 0.6978251
12 26 0.6185677
12 32 8.222586
12 28 74.46866
12 10 35.234047
12 24 0.07012356
12 21 0.1768029
12 3 0.06603892
12 1 6.3533053
13 30 44.306557
13 0 1.1296558
13 8 2.2177908
13 18 49.34133
13 33 1.2358259
13 11 1.6905693
13 29 0.7599898
13 5 23.507458
13 34 115.88057
13 20 1.3165619
13 2 0.35195264
13 14 9.061733
13 37 1.1449014
13 7 2000.0
13 27 0.30923623
13 16 93.273674
13 25 0.2204116
14 30 7.577334
14 20 5.7048683
14 13 9.061733
14 27 10.934712
14 33 0.41520774
14 11 2000.0
14 25 1.2222705
15 32 0.07928871
15 21 10.800663
16 30 1.1805458
16 8 1.5709639
16 18 1.2040054
16 13 93.273674
16 11 1.7334903
16 29 121.02404
16 5 1.850583
16 34 51.20164
16 20 72.57073
16 7 1.4227619
16 27 1.523532
16 23 4.197698
16 25 2.1143582
17 6 1.7552608
17 26 1.6972561
17 10 0.031408347
17 24 0.08536557
17 31 0.9994877
17 9 0.03495212
17 4 0.34195882
17 19 50.20163
18 0 2000.0
18 30 0.7313165
18 8 1.0212121
18 13 49.34133
18 11 15.263882
18 29 1.1819197
18 5 1.7251098
18 2 3.206155
18 37 2.6619685
18 7 2000.0
18 27 21.939816
18 16 1.2040054
18 23 1.3448161
19 31 0.09130682
19 9 0.060691196
19 17 50.20163
19 4 0.07595008
20 30 1.2086078
20 13 1.3165619
20 33 1.1844709
20 11 3.0199344
20 29 23.678362
20 5 4.5806108
20 34 2.3159091
20 2 3.4091475
20 14 5.7048683
20 37 15.677416
20 7 2275.407
20 27 2.1626244
20 16 72.57073
20 25 0.35348484
21 24 0.8501282
21 35 0.046176046
21 31 2000.0
21 12 0.1768029
21 15 10.800663
22 31 72.00001
22 9 0.04489568
22 19 2000.0
23 0 2000.0
23 30 1.6456968
23 8 1.5512174
23 2 13.30425
23 37 2.4151742
23 18 1.3448161
23 7 2.2074835
23 16 4.197698
23 11 2000.0
23 29 2.9099874
23 5 5.139824
24 26 0.041654248
24 32 0.30552483
24 10 0.114055745
24 21 0.8501282
24 3 189.47371
24 12 0.07012356
24 15 2000.0
24 17 0.08536557
25 30 19.432575
25 0 22.714289
25 13 0.2204116
25 33 0.65948343
25 11 0.6978251
25 29 2.3685071
25 34 5.3858743
25 20 0.35348484
25 2 0.4693262
25 14 1.2222705
25 37 45.199535
25 7 2.8133318
25 27 0.26000825
25 16 2.1143582
26 32 141.46628
26 28 0.056236707
26 10 0.031799246
26 24 0.041654248
26 31 0.1088755
26 12 0.6185677
26 17 1.6972561
27 30 0.39637256
27 0 2000.0
27 8 6.108749
27 18 21.939816
27 13 0.30923623
27 33 0.7691399
27 11 0.8309877
27 29 1.0835353
27 5 2.046731
27 34 0.8591577
27 20 2.1626244
27 2 0.5792857
27 14 10.934712
27 37 1.3135352
27 7 2000.0
27 16 1.523532
27 25 0.26000825
28 36 0.035325825
28 26 0.056236707
28 10 0.85561115
28 3 9.336786
28 12 74.46866
28 9 1.9366698
28 19 1372.6136
29 0 130.09502
29 30 1.3558116
29 8 1.5070958
29 18 1.1819197
29 13 0.7599898
29 33 14.971473
29 11 1.6195424
29 5 7.879689
29 34 2.8905466
29 20 23.678362
29 2 0.93151265
29 37 0.8880583
29 7 2000.0
29 27 1.0835353
29 16 121.02404
29 23 2.9099874
29 25 2.3685071
30 8 0.64751303
30 18 0.7313165
30 13 44.306557
30 33 8.02416
30 11 1.5723308
30 29 1.3558116
30 5 0.623516
30 34 0.8092105
30 20 1.2086078
30 2 23.66984
30 14 7.577334
30 37 35.73082
30 7 0.9894719
30 27 0.39637256
30 16 1.1805458
30 23 1.6456968
30 25 19.432575
31 26 0.1088755
31 6 0.109255865
31 10 7.2312193
31 35 69.62046
31 22 72.00001
31 9 0.029325511
31 4 0.06371088
31 17 0.9994877
31 19 0.09130682
32 26 141.46628
32 24 0.30552483
32 12 8.222586
32 15 0.07928871
33 30 8.02416
33 13 1.2358259
33 11 2.40215
33 29 14.971473
33 5 2000.0
33 34 2000.0
33 20 1.1844709
33 2 2.0731208
33 14 0.41520774
33 7 2000.0
33 27 0.7691399
33 16 3017.898
33 25 0.65948343
34 30 0.8092105
34 20 2.3159091
34 8 21.427685
34 37 2000.0
34 7 2000.0
34 13 115.88057
34 27 0.8591577
34 16 51.20164
34 11 2.4110768
34 29 2.8905466
34 25 5.3858743
34 5 4.8558693
35 21 0.046176046
35 31 69.62046
36 28 0.035325825
36 3 0.71539366
36 9 0.60941374
37 30 35.73082
37 0 2.1136754
37 8 1.2240499
37 18 2.6619685
37 13 1.1449014
37 11 1.765652
37 29 0.8880583
37 5 14.406087
37 20 15.677416
37 2 0.9603933
37 7 1691.9886
37 27 1.3135352
37 16 2000.0
37 23 2.4151742
37 25 45.199535
