0 8 3.5475
0 2 0.5239875
0 37 0.9375364
0 13 0.62673515
0 11 45.849327
0 29 15.28409
1 3 0.26986805
1 12 40.0
2 30 15.739409
2 0 0.5239875
2 8 0.95689803
2 18 45.059723
2 13 0.3196063
2 33 1.4771202
2 11 0.7199646
2 29 0.613705
2 20 2.2924907
2 37 0.9443069
2 27 0.4885714
2 23 11.363746
2 25 1.0512271
3 36 0.18017046
3 28 0.10406145
3 24 200.0
3 12 0.064176135
3 1 0.26986805
3 9 0.4743535
4 31 0.08715214
4 9 0.07017512
4 17 0.0935544
4 19 0.097254224
5 30 1.237144
5 8 0.790624
5 18 0.42349708
5 13 164.40498
5 11 2.0878477
5 29 2.2808144
5 34 1.0096456
5 20 3.4158866
5 37 2000.0
5 7 7.1077423
5 27 3.1331549
5 16 1.5740594
5 23 3.6959395
6 31 0.7107132
6 17 1.123758
7 34 9.466259
7 30 0.69121325
7 20 1.4218411
7 8 115.723595
7 37 23.463837
7 27 205.25517
7 16 1.0494537
7 11 4.922591
7 23 1.0598065
7 25 4.761979
7 5 7.1077423
8 0 3.5475
8 30 0.6558193
8 18 1.2056483
8 13 2.5072863
8 11 0.45737898
8 29 0.642507
8 5 0.790624
8 34 1.7682692
8 2 0.95689803
8 37 0.8572528
8 7 115.723595
8 27 1.063167
8 16 1.3089794
8 23 1.0196638
9 36 0.930527
9 26 2000.0
9 28 4.729318
9 10 7.562077
9 22 0.070457935
9 31 0.06049936
9 3 0.4743535
9 17 0.07423986
9 4 0.07017512
9 19 0.10118225
10 26 0.029495774
10 28 0.20811051
10 24 0.052521892
10 31 0.030020224
10 12 6.2511883
10 9 7.562077
10 17 0.034179598
11 0 45.849327
11 30 0.3768646
11 8 0.45737898
11 18 7.9995885
11 13 0.473312
11 33 1.5177872
11 29 0.9583198
11 5 2.0878477
11 34 1.3691447
11 20 0.8406363
11 2 0.7199646
11 37 1.1912167
11 7 4.922591
11 27 0.493679
11 16 1.4787021
11 25 0.9163924
12 26 1.1126623
12 28 5.8333335
12 32 0.22787574
12 10 6.2511883
12 24 0.07330346
12 21 0.10507246
12 3 0.064176135
12 1 40.0
13 0 0.62673515
13 30 1.1603401
13 8 2.5072863
13 18 94.31818
13 33 0.79198277
13 11 0.473312
13 29 0.67718446
13 5 164.40498
13 34 5.4776773
13 20 0.5175249
13 2 0.3196063
13 14 2.1070924
13 37 0.6835335
13 27 0.32290536
13 16 39.75252
13 25 0.50487363
14 20 1.4505266
14 13 2.1070924
14 27 2.41928
14 33 0.35724208
14 11 2000.0
14 25 1.6325668
15 32 0.07259779
15 21 2.1514485
16 30 1.1200554
16 0 2000.0
16 8 1.3089794
16 18 0.9769619
16 13 39.75252
16 11 1.4787021
16 29 14.068507
16 5 1.5740594
16 20 10.592702
16 37 19.376635
16 7 1.0494537
16 27 1.4666861
16 23 6.2271986
16 25 1.7334903
17 26 2.031067
17 6 1.123758
17 10 0.034179598
17 24 0.15427943
17 31 1.2328744
17 9 0.07423986
17 4 0.0935544
17 19 7.5951056
18 30 0.6881392
18 2 45.059723
18 8 1.2056483
18 37 1.6503402
18 13 94.31818
18 7 2000.0
18 27 3.3391283
18 16 0.9769619
18 23 1.0981424
18 11 7.9995885
18 29 1.3689015
18 5 0.42349708
19 31 0.07804717
19 9 0.10118225
19 17 7.5951056
19 4 0.097254224
20 30 19.87731
20 13 0.5175249
20 33 1.4432606
20 11 0.8406363
20 29 4.3081923
20 5 3.4158866
20 34 0.8992175
20 2 2.2924907
20 14 1.4505266
20 37 3.152065
20 7 1.4218411
20 27 0.35790107
20 16 10.592702
20 25 2.8092191
21 26 2000.0
21 32 2000.0
21 24 0.56724286
21 35 0.07133942
21 12 0.10507246
21 15 2.1514485
22 6 1289.375
22 31 1158.0114
22 9 0.070457935
22 19 1757.0455
23 0 2000.0
23 30 1.0225657
23 2 11.363746
23 8 1.0196638
23 37 1.6939888
23 18 1.0981424
23 7 1.0598065
23 16 6.2271986
23 11 2000.0
23 29 2.4876947
23 5 3.6959395
24 26 0.050543964
24 32 0.108412474
24 10 0.052521892
24 21 0.56724286
24 31 6.754305
24 3 200.0
24 12 0.07330346
24 15 2000.0
24 17 0.15427943
25 30 1.9804856
25 13 0.50487363
25 33 0.26058713
25 11 0.9163924
25 29 2.703278
25 34 0.6859592
25 20 2.8092191
25 2 1.0512271
25 14 1.6325668
25 37 35.714287
25 7 4.761979
25 27 0.41753945
25 16 1.7334903
26 36 236.82793
26 32 11.239588
26 28 0.036665365
26 10 0.029495774
26 24 0.050543964
26 31 0.049251594
26 12 1.1126623
26 17 2.031067
27 0 2000.0
27 30 0.16289148
27 8 1.063167
27 18 3.3391283
27 13 0.32290536
27 33 1.0512711
27 11 0.493679
27 29 0.35575515
27 5 3.1331549
27 34 0.75685745
27 20 0.35790107
27 2 0.4885714
27 14 2.41928
27 37 0.5289903
27 7 205.25517
27 16 1.4666861
27 25 0.41753945
28 36 0.035318915
28 26 0.036665365
28 10 0.20811051
28 3 0.10406145
28 12 5.8333335
28 9 4.729318
29 0 15.28409
29 30 4.51823
29 8 0.642507
29 18 1.3689015
29 13 0.67718446
29 11 0.9583198
29 5 2.2808144
29 34 3.9138722
29 20 4.3081923
29 2 0.613705
29 37 0.95632714
29 7 2000.0
29 27 0.35575515
29 16 14.068507
29 23 2.4876947
29 25 2.703278
30 0 2000.0
30 8 0.6558193
30 18 0.6881392
30 13 1.1603401
30 33 1.0609512
30 11 0.3768646
30 29 4.51823
30 5 1.237144
30 34 1.5832181
30 20 19.87731
30 2 15.739409
30 37 3.3206475
30 7 0.69121325
30 27 0.16289148
30 16 1.1200554
30 23 1.0225657
30 25 1.9804856
31 26 0.049251594
31 6 0.7107132
31 10 0.030020224
31 24 6.754305
31 9 0.06049936
31 17 1.2328744
31 4 0.08715214
31 19 0.07804717
32 26 11.239588
32 24 0.108412474
32 12 0.22787574
32 15 0.07259779
33 34 2000.0
33 30 1.0609512
33 20 1.4432606
33 2 1.4771202
33 14 0.35724208
33 7 2000.0
33 13 0.79198277
33 27 1.0512711
33 16 2020.4546
33 11 1.5177872
33 29 2298.5793
33 25 0.26058713
34 30 1.5832181
34 20 0.8992175
34 8 1.7682692
34 13 5.4776773
34 7 9.466259
34 27 0.75685745
34 16 1215.0568
34 11 1.3691447
34 25 0.6859592
34 29 3.9138722
34 5 1.0096456
35 21 0.07133942
36 26 236.82793
36 28 0.035318915
36 3 0.18017046
36 9 0.930527
37 30 3.3206475
37 0 0.9375364
37 8 0.8572528
37 18 1.6503402
37 13 0.6835335
37 11 1.1912167
37 29 0.95632714
37 20 3.152065
37 2 0.9443069
37 7 23.463837
37 27 0.5289903
37 16 19.376635
37 23 1.6939888
37 25 35.714287
