0 8 10.594432
0 2 1.2798182
0 37 0.9695615
0 13 0.49173594
0 11 2000.0
0 29 9.7464
1 3 0.23808652
1 12 1202.159
2 30 29.0344
2 0 1.2798182
2 8 1.3949201
2 18 20.610388
2 13 0.6397895
2 33 4.476399
2 11 2.987644
2 29 0.8821161
2 20 1.7115525
2 37 1.0733937
2 27 2.4938183
2 16 2000.0
2 23 43.13374
2 25 4.9432364
3 36 0.21982247
3 28 0.06612462
3 24 2000.0
3 12 0.05466214
3 1 0.23808652
3 9 0.5442354
4 31 0.07985033
4 9 0.055309847
4 17 0.10838336
4 19 0.09872713
5 30 0.46645865
5 8 0.62563777
5 18 0.37599173
5 13 2000.0
5 11 5.8565545
5 29 3.1064777
5 34 2.1988728
5 20 1.9708676
5 37 2000.0
5 7 3.5176828
5 27 2.6473687
5 16 2.120423
5 23 4.1698565
6 24 2000.0
6 22 95.396866
6 31 0.4676001
6 17 1.3901703
7 34 10.457866
7 30 0.7157039
7 20 1.74931
7 8 26.750616
7 37 15.275676
7 27 129.75546
7 16 1.4004608
7 11 33.602024
7 23 1.1681803
7 25 9.473354
7 5 3.5176828
8 0 10.594432
8 30 0.6482813
8 18 1.0533793
8 13 4.337453
8 11 1.4099824
8 29 1.0046775
8 5 0.62563777
8 34 2.6392257
8 2 1.3949201
8 37 1.326469
8 7 26.750616
8 27 1.9800884
8 16 1.603278
8 23 1.1010805
9 36 1.2887874
9 26 2000.0
9 28 0.7161657
9 10 14.016286
9 22 0.30993402
9 31 0.031140823
9 3 0.5442354
9 12 2000.0
9 17 0.042897575
9 4 0.055309847
9 19 0.067469716
10 26 0.031030882
10 28 0.15352388
10 24 0.04090346
10 31 0.05015244
10 12 17.94482
10 9 14.016286
10 17 0.028466186
11 0 2000.0
11 30 0.47779074
11 8 1.4099824
11 18 9.264448
11 13 0.994692
11 33 2.2140272
11 29 1.2581301
11 5 5.8565545
11 34 3.7169282
11 20 1.0823501
11 2 2.987644
11 37 2.144798
11 7 33.602024
11 27 0.83952534
11 16 1.4610142
11 25 1.4236294
12 26 0.77231646
12 28 3.2987733
12 32 0.23602904
12 10 17.94482
12 24 0.079655915
12 21 0.076372124
12 3 0.05466214
13 30 4.0871415
13 0 0.49173594
13 8 4.337453
13 18 89.50504
13 33 0.7547846
13 11 0.994692
13 29 1.035143
13 5 2000.0
13 34 8.669218
13 20 0.48013026
13 2 0.6397895
13 14 4.0234365
13 37 1.8861456
13 27 0.22578284
13 16 2902.6704
13 25 0.7702764
14 34 2000.0
14 20 1.0220973
14 13 4.0234365
14 27 2.1639297
14 33 0.391064
14 11 2000.0
14 25 1.6471546
15 32 0.07948335
15 21 1.5035454
16 0 2000.0
16 30 2.0012507
16 8 1.603278
16 18 0.7798958
16 11 1.4610142
16 29 81.77245
16 5 2.120423
16 20 15.64878
16 37 75.402466
16 7 1.4004608
16 27 2.5
16 23 12.875257
16 25 1.2356588
17 26 3.576751
17 6 1.3901703
17 10 0.028466186
17 24 0.1293734
17 31 2.3129206
17 9 0.042897575
17 4 0.10838336
17 19 4.4623947
18 30 0.7261138
18 2 20.610388
18 8 1.0533793
18 37 1.1603122
18 7 2000.0
18 13 89.50504
18 27 2.7826886
18 16 0.7798958
18 23 1.2557782
18 11 9.264448
18 29 1.9090512
18 5 0.37599173
19 31 0.084342405
19 9 0.067469716
19 17 4.4623947
19 4 0.09872713
20 30 11.647119
20 13 0.48013026
20 33 1.129191
20 11 1.0823501
20 29 5.8688316
20 5 1.9708676
20 34 0.8643891
20 2 1.7115525
20 14 1.0220973
20 37 2.5118477
20 7 1.74931
20 27 0.33289474
20 16 15.64878
20 25 0.69730145
21 32 2000.0
21 10 2000.0
21 24 0.52194506
21 35 0.058138084
21 12 0.076372124
21 15 1.5035454
22 6 95.396866
22 31 1478.0114
22 9 0.30993402
22 19 1339.5455
23 0 2000.0
23 30 2.0080276
23 2 43.13374
23 8 1.1010805
23 37 1.9967318
23 18 1.2557782
23 7 1.1681803
23 16 12.875257
23 11 2000.0
23 29 6.0505037
23 5 4.1698565
24 26 0.07306317
24 32 0.12678199
24 28 2000.0
24 10 0.04090346
24 21 0.52194506
24 31 5.7639794
24 12 0.079655915
24 15 2000.0
24 17 0.1293734
25 0 2000.0
25 30 5.43771
25 13 0.7702764
25 33 0.3916018
25 11 1.4236294
25 29 3.439979
25 34 2.8485157
25 20 0.69730145
25 2 4.9432364
25 14 1.6471546
25 37 20.829044
25 7 9.473354
25 27 0.6345983
25 16 1.2356588
26 36 78.443756
26 32 28.19956
26 28 0.09191994
26 10 0.031030882
26 24 0.07306317
26 31 0.07914175
26 12 0.77231646
26 17 3.576751
27 0 2000.0
27 30 0.16406792
27 8 1.9800884
27 18 2.7826886
27 13 0.22578284
27 33 0.8731703
27 11 0.83952534
27 29 0.52949584
27 5 2.6473687
27 34 0.9762249
27 20 0.33289474
27 2 2.4938183
27 14 2.1639297
27 37 0.6910058
27 7 129.75546
27 16 2.5
27 25 0.6345983
28 36 0.03271233
28 26 0.09191994
28 10 0.15352388
28 3 0.06612462
28 12 3.2987733
28 9 0.7161657
29 0 9.7464
29 30 5.18815
29 8 1.0046775
29 18 1.9090512
29 13 1.035143
29 11 1.2581301
29 5 3.1064777
29 34 7.655123
29 20 5.8688316
29 2 0.8821161
29 37 0.570338
29 27 0.52949584
29 16 81.77245
29 23 6.0505037
29 25 3.439979
30 0 2000.0
30 8 0.6482813
30 18 0.7261138
30 13 4.0871415
30 33 1.7558539
30 11 0.47779074
30 29 5.18815
30 5 0.46645865
30 34 1.2102273
30 20 11.647119
30 2 29.0344
30 37 4.156447
30 7 0.7157039
30 27 0.16406792
30 16 2.0012507
30 23 2.0080276
30 25 5.43771
31 26 0.07914175
31 6 0.4676001
31 10 0.05015244
31 24 5.7639794
31 9 0.031140823
31 17 2.3129206
31 4 0.07985033
31 19 0.084342405
32 26 28.19956
32 24 0.12678199
32 12 0.23602904
32 15 0.07948335
33 34 2000.0
33 30 1.7558539
33 20 1.129191
33 2 4.476399
33 14 0.391064
33 7 2000.0
33 13 0.7547846
33 27 0.8731703
33 16 2000.0
33 11 2.2140272
33 29 5608.125
33 25 0.3916018
34 30 1.2102273
34 20 0.8643891
34 8 2.6392257
34 13 8.669218
34 7 10.457866
34 27 0.9762249
34 16 1215.0568
34 11 3.7169282
34 25 2.8485157
34 29 7.655123
34 5 2.1988728
35 21 0.058138084
36 26 78.443756
36 28 0.03271233
36 3 0.21982247
36 9 1.2887874
37 30 4.156447
37 0 0.9695615
37 8 1.326469
37 18 1.1603122
37 13 1.8861456
37 11 2.144798
37 29 0.570338
37 20 2.5118477
37 2 1.0733937
37 7 15.275676
37 27 0.6910058
37 16 75.402466
37 23 1.9967318
37 25 20.829044
