0 8 29.22008
0 2 1.0234165
0 37 1.5383594
0 13 0.65529794
0 11 43.410774
0 29 12.36626
1 3 0.31016037
1 12 73.51435
2 30 14.506876
2 0 1.0234165
2 8 1.837618
2 18 22.47365
2 13 0.27747265
2 33 2.0982587
2 11 0.63720953
2 29 1.7670091
2 20 3.3157156
2 37 0.87938225
2 27 0.92959166
2 16 2000.0
2 23 29.806538
2 25 1.5558478
3 36 0.19148989
3 28 0.11634644
3 24 2000.0
3 12 0.061588157
3 1 0.31016037
3 9 0.3056818
4 31 0.07254458
4 9 0.08239568
4 17 0.07701806
4 19 0.087408364
5 30 1.114159
5 8 0.6282258
5 18 0.47304216
5 13 2000.0
5 11 3.1332238
5 29 2.52638
5 34 3.3730814
5 20 2.2954347
5 37 2000.0
5 7 6.134351
5 27 2.4633749
5 16 1.53174
5 23 2.317232
6 22 100.44274
6 31 0.67884886
6 17 1.2951795
7 34 11.164478
7 30 1.6228095
7 20 1.6651212
7 8 33.05893
7 37 15.682645
7 27 35.394627
7 16 1.2890652
7 11 5.960501
7 23 1.5429298
7 25 6.2498293
7 5 6.134351
8 0 29.22008
8 30 0.68128943
8 18 2.1637418
8 13 3.1095157
8 11 1.0461203
8 29 0.9944145
8 5 0.6282258
8 34 7.4205647
8 2 1.837618
8 37 1.5222389
8 7 33.05893
8 27 1.9995195
8 16 1.7604731
8 23 1.0618593
9 36 1.5362012
9 26 2000.0
9 28 2.6268325
9 10 4.105745
9 22 0.56292933
9 31 0.027584914
9 3 0.3056818
9 12 2000.0
9 17 0.043703426
9 4 0.08239568
9 19 0.0714539
10 26 0.035749633
10 28 0.18998453
10 24 0.08600687
10 31 0.030337183
10 12 4.7050624
10 9 4.105745
10 17 0.032656483
11 0 43.410774
11 30 0.30311716
11 8 1.0461203
11 18 5.9003816
11 13 0.43938634
11 33 1.8408339
11 29 1.0979244
11 5 3.1332238
11 34 2.0137835
11 20 1.065658
11 2 0.63720953
11 37 1.5359181
11 7 5.960501
11 27 0.40380535
11 16 1.2333264
11 25 0.8924916
12 26 0.8308113
12 28 4.6196733
12 32 0.54866725
12 10 4.7050624
12 24 0.06831598
12 21 0.07321348
12 3 0.061588157
12 1 73.51435
13 30 3.2324188
13 0 0.65529794
13 8 3.1095157
13 18 457.14285
13 33 0.9273544
13 11 0.43938634
13 29 0.78648025
13 34 8.632954
13 20 0.78916967
13 2 0.27747265
13 14 2.4222977
13 37 1.305618
13 27 0.24333307
13 16 5343.8066
13 25 0.6349401
14 20 1.0012757
14 13 2.4222977
14 33 0.47658184
14 27 2.8611777
14 11 2000.0
14 25 1.8125798
15 32 0.07407284
15 21 1.852371
16 0 2000.0
16 30 1.1393862
16 8 1.7604731
16 18 0.96045697
16 11 1.2333264
16 29 58.151688
16 5 1.53174
16 20 8.070051
16 37 148.91559
16 7 1.2890652
16 27 1.4640317
16 23 11.76713
16 25 1.4876621
17 26 1.7351611
17 6 1.2951795
17 10 0.032656483
17 24 0.20952691
17 31 1.1142415
17 9 0.043703426
17 4 0.07701806
17 19 3.6750753
18 30 0.7967637
18 2 22.47365
18 8 2.1637418
18 37 1.7608428
18 7 2000.0
18 13 457.14285
18 27 6.761226
18 16 0.96045697
18 23 1.2490592
18 11 5.9003816
18 29 1.1887292
18 5 0.47304216
19 31 0.075332485
19 9 0.0714539
19 17 3.6750753
19 4 0.087408364
20 30 6.35232
20 13 0.78916967
20 33 1.0396614
20 11 1.065658
20 29 1.4472742
20 5 2.2954347
20 34 1.0408762
20 2 3.3157156
20 14 1.0012757
20 37 4.4546533
20 7 1.6651212
20 27 1.6838535
20 16 8.070051
20 25 1.6181144
21 32 2000.0
21 10 2000.0
21 24 0.13929324
21 35 0.055577494
21 12 0.07321348
21 15 1.852371
22 6 100.44274
22 31 1456.9319
22 9 0.56292933
22 19 1289.6592
23 0 2000.0
23 30 1.7351333
23 2 29.806538
23 8 1.0618593
23 37 2.7887113
23 18 1.2490592
23 7 1.5429298
23 16 11.76713
23 11 2000.0
23 29 2.1407688
23 5 2.317232
24 26 0.057257358
24 32 0.16589607
24 10 0.08600687
24 21 0.13929324
24 31 13.617614
24 12 0.06831598
24 3 2000.0
24 15 2000.0
24 17 0.20952691
25 0 2000.0
25 30 2.9089305
25 13 0.6349401
25 33 0.66366255
25 11 0.8924916
25 29 2.8216038
25 34 1.7864352
25 20 1.6181144
25 2 1.5558478
25 14 1.8125798
25 37 100.0
25 7 6.2498293
25 27 0.6246295
25 16 1.4876621
26 36 51.35004
26 32 1130.341
26 28 0.038261313
26 10 0.035749633
26 24 0.057257358
26 31 0.04960399
26 12 0.8308113
26 17 1.7351611
27 0 2000.0
27 30 0.5320931
27 8 1.9995195
27 18 6.761226
27 13 0.24333307
27 33 0.9985063
27 11 0.40380535
27 29 0.84256
27 5 2.4633749
27 34 1.5151557
27 20 1.6838535
27 2 0.92959166
27 14 2.8611777
27 37 2.1258545
27 7 35.394627
27 16 1.4640317
27 25 0.6246295
28 36 0.031936567
28 26 0.038261313
28 10 0.18998453
28 3 0.11634644
28 12 4.6196733
28 9 2.6268325
29 0 12.36626
29 30 8.772835
29 8 0.9944145
29 18 1.1887292
29 13 0.78648025
29 11 1.0979244
29 5 2.52638
29 34 8.369186
29 20 1.4472742
29 2 1.7670091
29 37 1.9427003
29 7 2000.0
29 27 0.84256
29 16 58.151688
29 23 2.1407688
29 25 2.8216038
30 0 2000.0
30 8 0.68128943
30 18 0.7967637
30 13 3.2324188
30 33 2.0328283
30 11 0.30311716
30 29 8.772835
30 5 1.114159
30 34 2.1607342
30 20 6.35232
30 2 14.506876
30 14 2000.0
30 37 7.31052
30 7 1.6228095
30 27 0.5320931
30 16 1.1393862
30 23 1.7351333
30 25 2.9089305
31 26 0.04960399
31 6 0.67884886
31 10 0.030337183
31 24 13.617614
31 9 0.027584914
31 17 1.1142415
31 4 0.07254458
31 19 0.075332485
32 24 0.16589607
32 12 0.54866725
32 15 0.07407284
33 30 2.0328283
33 8 2000.0
33 13 0.9273544
33 11 1.8408339
33 29 4032.443
33 5 2000.0
33 34 1602.4432
33 20 1.0396614
33 2 2.0982587
33 14 0.47658184
33 7 2000.0
33 27 0.9985063
33 16 1622.3296
33 25 0.66366255
34 30 2.1607342
34 20 1.0408762
34 8 7.4205647
34 7 11.164478
34 13 8.632954
34 27 1.5151557
34 16 5535.0566
34 11 2.0137835
34 25 1.7864352
34 29 8.369186
34 5 3.3730814
35 21 0.055577494
36 26 51.35004
36 28 0.031936567
36 3 0.19148989
36 9 1.5362012
37 30 7.31052
37 0 1.5383594
37 8 1.5222389
37 18 1.7608428
37 13 1.305618
37 11 1.5359181
37 29 1.9427003
37 20 4.4546533
37 2 0.87938225
37 7 15.682645
37 27 2.1258545
37 16 148.91559
37 23 2.7887113
37 25 100.0
