0 2 1.1184602
0 37 2.0816352
0 13 1.2118937
0 29 123.3021
0 25 21.744608
1 3 0.85981065
1 12 15.918805
2 30 28.441557
2 0 1.1184602
2 8 1.7579936
2 18 2.5903583
2 13 0.61387503
2 33 2.0671878
2 11 2.2206054
2 29 1.1558876
2 20 5.1766086
2 37 0.8823797
2 27 1.0543983
2 16 2000.0
2 23 22.579712
2 25 0.3746052
3 36 0.9787545
3 28 88.78125
3 24 2000.0
3 12 0.049550954
3 1 0.85981065
3 9 0.40296197
4 31 0.06452299
4 9 0.08470047
4 17 0.21600924
4 19 0.07423022
5 30 1.2766366
5 8 1.0638701
5 18 1.192305
5 13 90.46856
5 11 6.335095
5 29 13.128337
5 34 5.327379
5 20 3.8659823
5 37 13.549941
5 7 9.89263
5 27 1.3670669
5 16 3.1331398
5 23 7.9858556
5 25 2000.0
6 31 0.10459957
6 17 1.2974942
7 30 1.1249678
7 20 79.37727
7 8 7.472925
7 37 37.5
7 27 160.0
7 16 1.2645434
7 11 194.59091
7 23 1.1833831
7 25 2.1100848
7 5 9.89263
8 0 2000.0
8 30 0.60786444
8 18 1.1830324
8 13 3.1976702
8 11 1.2164547
8 29 1.1603069
8 5 1.0638701
8 34 26.660212
8 2 1.7579936
8 37 1.0212877
8 7 7.472925
8 27 4.012309
8 16 1.9306624
8 23 2.1157367
8 25 2000.0
9 36 0.6133899
9 26 2000.0
9 28 1.834273
9 10 49.09607
9 22 0.047905974
9 31 0.029500866
9 3 0.40296197
9 4 0.08470047
9 17 0.10305277
9 19 0.06718517
10 26 0.03225596
10 28 0.4936884
10 24 0.15762195
10 31 11.95697
10 12 39.52098
10 9 49.09607
10 17 0.03089962
11 0 2000.0
11 30 2.0063012
11 8 1.2164547
11 18 6.990334
11 13 1.5304748
11 33 2.9324083
11 29 1.9627583
11 5 6.335095
11 34 5.8085103
11 20 2.4397447
11 2 2.2206054
11 37 1.4363545
11 7 194.59091
11 27 1.2655144
11 16 1.3078599
11 25 0.88911355
12 26 0.9899714
12 32 4.7201557
12 10 39.52098
12 24 0.07664758
12 21 0.12016037
12 3 0.049550954
12 1 15.918805
13 30 85.48036
13 0 1.2118937
13 8 3.1976702
13 18 59.983776
13 33 0.90499246
13 11 1.5304748
13 29 1.5639799
13 5 90.46856
13 34 1575.2273
13 20 2.5697212
13 2 0.61387503
13 14 2.8898864
13 37 1.4390054
13 7 2000.0
13 27 0.9598399
13 16 304.36624
13 25 0.26182476
14 30 15.645772
14 20 3.3331058
14 13 2.8898864
14 27 2.4946043
14 33 0.44305208
14 11 2000.0
14 25 3.257885
15 32 0.068572044
15 21 10.506243
16 0 2000.0
16 30 1.1207576
16 8 1.9306624
16 18 1.2938942
16 13 304.36624
16 11 1.3078599
16 5 3.1331398
16 34 101.55432
16 20 22.430359
16 7 1.2645434
16 27 1.8523811
16 23 9.104131
16 25 1.3728583
17 6 1.2974942
17 26 1.8744392
17 10 0.03089962
17 24 0.1803904
17 31 0.9518398
17 9 0.10305277
17 4 0.21600924
17 19 47.228607
18 0 2000.0
18 30 1.0260488
18 8 1.1830324
18 13 59.983776
18 11 6.990334
18 29 2.0704293
18 5 1.192305
18 2 2.5903583
18 37 3.7254488
18 7 2000.0
18 27 46.345226
18 16 1.2938942
18 23 1.3344306
19 28 85.97435
19 31 0.08230674
19 9 0.06718517
19 17 47.228607
19 4 0.07423022
20 0 2000.0
20 30 2.1588235
20 13 2.5697212
20 33 2.01179
20 11 2.4397447
20 29 7.5729938
20 5 3.8659823
20 34 1.0702509
20 2 5.1766086
20 14 3.3331058
20 37 2.6930683
20 7 79.37727
20 27 3.8535721
20 16 22.430359
20 25 0.84507245
21 26 2000.0
21 32 2000.0
21 24 1.1508584
21 35 0.03828242
21 31 2000.0
21 12 0.12016037
21 15 10.506243
22 31 157.90909
22 9 0.047905974
22 19 2000.0
23 0 2000.0
23 30 1.1233852
23 8 2.1157367
23 2 22.579712
23 37 1.0952188
23 18 1.3344306
23 7 1.1833831
23 16 9.104131
23 11 2000.0
23 29 2.430282
23 5 7.9858556
24 26 0.052282043
24 32 0.2997266
24 10 0.15762195
24 21 1.1508584
24 12 0.07664758
24 17 0.1803904
25 30 35.81525
25 0 21.744608
25 13 0.26182476
25 33 0.6787234
25 11 0.88911355
25 29 2.7447102
25 34 12.372208
25 20 0.84507245
25 2 0.3746052
25 14 3.257885
25 37 26.836742
25 7 2.1100848
25 27 0.21221386
25 16 1.3728583
26 32 33.906708
26 28 0.15248217
26 10 0.03225596
26 24 0.052282043
26 31 0.37493497
26 12 0.9899714
26 17 1.8744392
27 30 0.8301922
27 0 2000.0
27 8 4.012309
27 18 46.345226
27 13 0.9598399
27 33 0.7719163
27 11 1.2655144
27 29 1.5939206
27 5 1.3670669
27 34 1.4654684
27 20 3.8535721
27 2 1.0543983
27 14 2.4946043
27 37 1.5127759
27 7 160.0
27 16 1.8523811
27 25 0.21221386
28 36 0.034413174
28 26 0.15248217
28 10 0.4936884
28 12 1180.8523
28 3 88.78125
28 9 1.834273
28 19 85.97435
29 0 123.3021
29 30 2.6772354
29 8 1.1603069
29 18 2.0704293
29 13 1.5639799
29 33 22.142857
29 11 1.9627583
29 5 13.128337
29 34 4.7581477
29 20 7.5729938
29 2 1.1558876
29 37 1.240615
29 7 2000.0
29 27 1.5939206
29 16 2000.0
29 23 2.430282
29 25 2.7447102
30 8 0.60786444
30 18 1.0260488
30 13 85.48036
30 33 10.901553
30 11 2.0063012
30 29 2.6772354
30 5 1.2766366
30 34 1.647453
30 20 2.1588235
30 2 28.441557
30 14 15.645772
30 37 17.019163
30 7 1.1249678
30 27 0.8301922
30 16 1.1207576
30 23 1.1233852
30 25 35.81525
31 26 0.37493497
31 6 0.10459957
31 10 11.95697
31 35 42.227272
31 22 157.90909
31 9 0.029500866
31 4 0.06452299
31 17 0.9518398
31 19 0.08230674
32 26 33.906708
32 24 0.2997266
32 21 2000.0
32 12 4.7201557
32 15 0.068572044
33 34 2000.0
33 30 10.901553
33 20 2.01179
33 2 2.0671878
33 14 0.44305208
33 7 2000.0
33 13 0.90499246
33 27 0.7719163
33 16 3017.898
33 11 2.9324083
33 29 22.142857
33 25 0.6787234
34 30 1.647453
34 20 1.0702509
34 8 26.660212
34 37 2000.0
34 7 2000.0
34 27 1.4654684
34 16 101.55432
34 11 5.8085103
34 29 4.7581477
34 25 12.372208
34 5 5.327379
35 21 0.03828242
35 31 42.227272
36 28 0.034413174
36 3 0.9787545
36 9 0.6133899
37 30 17.019163
37 0 2.0816352
37 8 1.0212877
37 18 3.7254488
37 13 1.4390054
37 11 1.4363545
37 29 1.240615
37 5 13.549941
37 20 2.6930683
37 2 0.8823797
37 7 37.5
37 27 1.5127759
37 16 2000.0
37 23 1.0952188
37 25 26.836742
