0 8 18.638142
0 2 0.98143435
0 37 4.625222
0 13 0.8461134
0 29 2.9291549
0 25 625.0
1 3 0.22181818
1 12 1215.2462
2 30 12.324593
2 0 0.98143435
2 8 1.7135359
2 18 14.201156
2 13 1.1693399
2 33 4.2848773
2 11 2.3059886
2 29 1.5626092
2 20 8.26534
2 37 1.1566262
2 27 4.108891
2 16 2000.0
2 23 82.34183
2 25 5.317599
3 36 0.17576565
3 28 0.11827041
3 24 84.70589
3 12 0.060723327
3 1 0.22181818
3 9 0.44806492
4 31 0.07396701
4 9 0.06705476
4 17 0.07989166
4 19 0.08605657
5 30 0.9571922
5 8 2.292835
5 18 0.9235984
5 13 102.87879
5 11 2.4483664
5 29 9.885585
5 34 3.7945035
5 20 4.432804
5 37 2000.0
5 7 12.608423
5 27 2.203207
5 16 1.6321158
5 23 6.374496
6 22 80.0
6 31 1.3596742
6 17 1.6966968
7 34 19.345247
7 30 1.1699662
7 20 6.904759
7 8 40.404152
7 37 57.357754
7 16 1.5294613
7 11 15.833722
7 23 1.7354747
7 25 9.594583
7 5 12.608423
8 0 18.638142
8 30 0.71595454
8 18 1.3152199
8 13 19.581146
8 11 2.3735342
8 29 0.88967746
8 5 2.292835
8 34 11.421948
8 2 1.7135359
8 37 1.8799738
8 7 40.404152
8 27 2.7640133
8 16 1.6562473
8 23 1.4156188
9 36 1.3414196
9 26 2000.0
9 28 6.321591
9 10 4.267537
9 22 0.36337784
9 31 0.0348605
9 3 0.44806492
9 17 0.052375186
9 4 0.06705476
9 19 0.069457896
10 26 0.050747197
10 28 1.0499625
10 24 0.07883341
10 31 0.032108825
10 12 3.9046896
10 9 4.267537
10 17 0.03952814
11 0 2000.0
11 30 1.0823346
11 8 2.3735342
11 18 6.487291
11 13 0.85390675
11 33 7.5497913
11 29 1.1383706
11 5 2.4483664
11 34 5.903873
11 20 2.8927925
11 2 2.3059886
11 37 2.0907664
11 7 15.833722
11 27 1.1358517
11 16 2.0130653
11 25 1.453334
12 26 0.3671798
12 28 8.544103
12 32 0.1600878
12 10 3.9046896
12 24 0.0879656
12 21 0.07882748
12 3 0.060723327
12 1 1215.2462
13 30 3.27302
13 0 0.8461134
13 8 19.581146
13 18 2000.0
13 33 1.1299767
13 11 0.85390675
13 29 1.9463271
13 5 102.87879
13 34 7.9560375
13 20 1.1541008
13 2 1.1693399
13 14 2.9357123
13 37 5.282399
13 27 0.25393024
13 16 160.0
13 25 0.67686236
14 20 1.268308
14 13 2.9357123
14 33 0.63788193
14 27 3.6910512
14 11 2000.0
14 25 2.091355
15 32 0.07653028
15 21 11.028047
16 0 2000.0
16 30 1.2562578
16 8 1.6562473
16 18 1.2859136
16 13 160.0
16 11 2.0130653
16 29 133.33334
16 5 1.6321158
16 20 15.324812
16 37 65.280304
16 7 1.5294613
16 27 1.4858702
16 23 9.140816
16 25 1.8458438
17 26 1.8182327
17 6 1.6966968
17 10 0.03952814
17 24 0.24584484
17 31 1.331756
17 9 0.052375186
17 4 0.07989166
17 19 2.0397182
18 30 0.7041774
18 2 14.201156
18 8 1.3152199
18 37 1.666234
18 7 2000.0
18 27 5.833242
18 16 1.2859136
18 23 1.2818626
18 11 6.487291
18 29 2.1966875
18 5 0.9235984
19 31 0.071158335
19 9 0.069457896
19 17 2.0397182
19 4 0.08605657
20 0 2000.0
20 30 27.654411
20 13 1.1541008
20 33 1.570516
20 11 2.8927925
20 29 19.413057
20 5 4.432804
20 34 1.1231711
20 2 8.26534
20 14 1.268308
20 37 6.924577
20 7 6.904759
20 27 5.8987904
20 16 15.324812
20 25 1.5695908
21 32 2000.0
21 24 0.05670955
21 35 0.040985838
21 12 0.07882748
21 15 11.028047
22 6 80.0
22 31 1121.8182
22 9 0.36337784
22 19 1594.4319
23 0 2000.0
23 30 1.2135403
23 2 82.34183
23 8 1.4156188
23 37 2.6004536
23 18 1.2818626
23 7 1.7354747
23 16 9.140816
23 11 2000.0
23 29 2.838554
23 5 6.374496
24 26 0.083473384
24 32 0.10072034
24 10 0.07883341
24 21 0.05670955
24 31 14.014679
24 3 84.70589
24 12 0.0879656
24 15 2000.0
24 17 0.24584484
25 0 625.0
25 30 2.4729135
25 13 0.67686236
25 33 1.3267858
25 11 1.453334
25 29 7.2557554
25 34 8.440246
25 20 1.5695908
25 2 5.317599
25 14 2.091355
25 37 28.133596
25 7 9.594583
25 27 0.7470163
25 16 1.8458438
26 36 200.0
26 32 19.266233
26 28 0.046676137
26 10 0.050747197
26 24 0.083473384
26 31 0.090552814
26 12 0.3671798
26 17 1.8182327
27 0 2000.0
27 30 0.3888317
27 8 2.7640133
27 18 5.833242
27 13 0.25393024
27 33 1.8199642
27 11 1.1358517
27 29 0.3916601
27 5 2.203207
27 34 2.747148
27 20 5.8987904
27 2 4.108891
27 14 3.6910512
27 37 3.6347044
27 7 7818.8066
27 16 1.4858702
27 25 0.7470163
28 36 0.042185176
28 26 0.046676137
28 10 1.0499625
28 3 0.11827041
28 12 8.544103
28 9 6.321591
29 0 2.9291549
29 30 7.7411227
29 8 0.88967746
29 18 2.1966875
29 13 1.9463271
29 11 1.1383706
29 5 9.885585
29 34 12.239619
29 20 19.413057
29 2 1.5626092
29 37 1.1951655
29 7 2000.0
29 27 0.3916601
29 16 133.33334
29 23 2.838554
29 25 7.2557554
30 0 2000.0
30 8 0.71595454
30 18 0.7041774
30 13 3.27302
30 33 1.4662093
30 11 1.0823346
30 29 7.7411227
30 5 0.9571922
30 34 6.166685
30 20 27.654411
30 2 12.324593
30 14 2000.0
30 37 9.142829
30 7 1.1699662
30 27 0.3888317
30 16 1.2562578
30 23 1.2135403
30 25 2.4729135
31 26 0.090552814
31 6 1.3596742
31 10 0.032108825
31 24 14.014679
31 9 0.0348605
31 17 1.331756
31 4 0.07396701
31 19 0.071158335
32 26 19.266233
32 24 0.10072034
32 12 0.1600878
32 15 0.07653028
33 30 1.4662093
33 8 2000.0
33 13 1.1299767
33 11 7.5497913
33 29 2382.1023
33 5 2000.0
33 34 2000.0
33 20 1.570516
33 2 4.2848773
33 14 0.63788193
33 7 2000.0
33 27 1.8199642
33 16 2000.0
33 25 1.3267858
34 30 6.166685
34 20 1.1231711
34 8 11.421948
34 7 19.345247
34 13 7.9560375
34 27 2.747148
34 16 2536.0227
34 11 5.903873
34 25 8.440246
34 29 12.239619
34 5 3.7945035
35 21 0.040985838
36 26 200.0
36 28 0.042185176
36 3 0.17576565
36 9 1.3414196
37 30 9.142829
37 0 4.625222
37 8 1.8799738
37 18 1.666234
37 13 5.282399
37 11 2.0907664
37 29 1.1951655
37 20 6.924577
37 2 1.1566262
37 7 57.357754
37 27 3.6347044
37 16 65.280304
37 23 2.6004536
37 25 28.133596
