0 8 41.2746
0 2 0.656673
0 37 1.6928881
0 13 0.71891934
0 11 421.18143
0 29 3.29875
0 25 2000.0
1 3 0.2943434
1 12 72.72727
2 30 9.639389
2 0 0.656673
2 8 1.4522703
2 18 19.427738
2 13 0.7708307
2 33 3.211969
2 11 1.4679959
2 29 1.0862026
2 20 1.9536629
2 37 1.1605057
2 27 3.631638
2 16 2000.0
2 23 53.70174
2 25 3.695762
3 36 0.1986141
3 28 0.090185955
3 24 114.28571
3 12 0.059511267
3 1 0.2943434
3 9 0.48646507
4 31 0.07248121
4 9 0.06834948
4 17 0.09062965
4 19 0.08311549
5 30 0.5597223
5 8 0.63368225
5 18 0.41017607
5 13 369.8559
5 11 4.344175
5 29 1.2201649
5 34 3.3741002
5 20 1.8422055
5 37 2000.0
5 7 8.024344
5 27 3.0088947
5 16 1.6988494
5 23 3.8440843
6 31 1.2607143
6 17 1.5336617
7 34 9.464233
7 30 0.9166375
7 20 3.520814
7 8 79.79035
7 37 15.843289
7 27 75.43426
7 16 1.7482895
7 11 20.229889
7 23 1.8620628
7 25 18.260939
7 5 8.024344
8 0 41.2746
8 30 0.5910015
8 18 1.1409608
8 13 3.5958362
8 11 2.2813587
8 29 0.6563944
8 5 0.63368225
8 34 3.958144
8 2 1.4522703
8 37 1.3535897
8 7 79.79035
8 27 1.8552647
8 16 1.5922538
8 23 1.1425408
9 36 0.9496819
9 26 2000.0
9 28 12.375229
9 10 3.9221516
9 22 0.26822147
9 31 0.03102827
9 3 0.48646507
9 17 0.05641719
9 4 0.06834948
9 19 0.067009114
10 26 0.055366162
10 28 0.88761353
10 24 0.06971801
10 31 0.032808855
10 12 4.843139
10 9 3.9221516
10 17 0.031109678
11 0 421.18143
11 30 0.65704125
11 8 2.2813587
11 18 8.90909
11 13 0.56705403
11 33 3.3001235
11 29 1.2367569
11 5 4.344175
11 34 5.1049304
11 20 0.5780194
11 2 1.4679959
11 37 1.7699964
11 7 20.229889
11 27 0.6930298
11 16 1.2800096
11 25 1.314065
12 26 0.26929379
12 28 4.4527345
12 32 0.2073398
12 10 4.843139
12 24 0.0841728
12 21 0.07813149
12 3 0.059511267
12 1 72.72727
13 30 0.9629125
13 0 0.71891934
13 8 3.5958362
13 18 225.00002
13 33 0.93933964
13 11 0.56705403
13 29 0.7119597
13 5 369.8559
13 34 15.227949
13 20 0.54466784
13 2 0.7708307
13 14 2.266482
13 37 2.0774062
13 27 0.38577768
13 16 129.09508
13 25 0.682038
14 20 1.1581485
14 13 2.266482
14 33 0.9253633
14 27 4.161579
14 11 2000.0
14 25 1.6708578
15 32 0.06975026
15 21 41.025642
16 0 2000.0
16 30 1.0670761
16 8 1.5922538
16 18 0.9923943
16 13 129.09508
16 11 1.2800096
16 29 91.53156
16 5 1.6988494
16 20 9.649491
16 37 192.03304
16 7 1.7482895
16 27 1.3497044
16 23 4.7656145
16 25 2.386436
17 26 1.7524508
17 6 1.5336617
17 10 0.031109678
17 24 0.36168322
17 31 1.3713598
17 9 0.05641719
17 4 0.09062965
17 19 2.5223632
18 30 0.70131224
18 2 19.427738
18 8 1.1409608
18 37 1.2006061
18 7 2000.0
18 13 225.00002
18 27 4.596486
18 16 0.9923943
18 23 1.3243241
18 11 8.90909
18 29 1.1666236
18 5 0.41017607
19 31 0.0709108
19 9 0.067009114
19 17 2.5223632
19 4 0.08311549
20 0 2000.0
20 30 10.820846
20 13 0.54466784
20 33 2.5029223
20 11 0.5780194
20 29 1.5516213
20 5 1.8422055
20 34 0.97471905
20 2 1.9536629
20 14 1.1581485
20 37 7.1874237
20 7 3.520814
20 27 0.40426588
20 16 9.649491
20 25 1.0232916
21 32 2000.0
21 10 2000.0
21 24 0.06182657
21 35 0.034662332
21 12 0.07813149
21 15 41.025642
22 6 1282.6705
22 31 1121.8182
22 9 0.26822147
22 19 1594.4319
23 0 2000.0
23 30 1.0587211
23 2 53.70174
23 8 1.1425408
23 37 2.1840782
23 18 1.3243241
23 7 1.8620628
23 16 4.7656145
23 11 2000.0
23 29 2.7053115
23 5 3.8440843
24 26 0.08433155
24 32 0.100471474
24 28 2000.0
24 10 0.06971801
24 21 0.06182657
24 31 11.521084
24 12 0.0841728
24 3 114.28571
24 15 2000.0
24 17 0.36168322
25 0 2000.0
25 30 2.3999243
25 13 0.682038
25 33 0.5447252
25 11 1.314065
25 29 5.8329687
25 34 5.890759
25 20 1.0232916
25 2 3.695762
25 14 1.6708578
25 37 58.333336
25 7 18.260939
25 27 0.9005776
25 16 2.386436
26 32 55.972218
26 28 0.04095957
26 10 0.055366162
26 24 0.08433155
26 31 0.068210766
26 12 0.26929379
26 17 1.7524508
27 0 2000.0
27 30 0.16938585
27 8 1.8552647
27 18 4.596486
27 13 0.38577768
27 33 0.9877919
27 11 0.6930298
27 29 0.6726101
27 5 3.0088947
27 34 1.1350305
27 20 0.40426588
27 2 3.631638
27 14 4.161579
27 37 2.7509224
27 7 75.43426
27 16 1.3497044
27 25 0.9005776
28 36 0.048050936
28 26 0.04095957
28 10 0.88761353
28 3 0.090185955
28 12 4.4527345
28 9 12.375229
29 0 3.29875
29 30 3.252662
29 8 0.6563944
29 18 1.1666236
29 13 0.7119597
29 11 1.2367569
29 5 1.2201649
29 34 6.0661254
29 20 1.5516213
29 2 1.0862026
29 37 1.0131545
29 7 2000.0
29 27 0.6726101
29 16 91.53156
29 23 2.7053115
29 25 5.8329687
30 0 2000.0
30 8 0.5910015
30 18 0.70131224
30 13 0.9629125
30 33 1.6067399
30 11 0.65704125
30 29 3.252662
30 5 0.5597223
30 34 2.7287984
30 20 10.820846
30 2 9.639389
30 14 2000.0
30 37 17.466795
30 7 0.9166375
30 27 0.16938585
30 16 1.0670761
30 23 1.0587211
30 25 2.3999243
31 26 0.068210766
31 6 1.2607143
31 10 0.032808855
31 24 11.521084
31 9 0.03102827
31 17 1.3713598
31 4 0.07248121
31 19 0.0709108
32 26 55.972218
32 24 0.100471474
32 12 0.2073398
32 15 0.06975026
33 30 1.6067399
33 8 2000.0
33 13 0.93933964
33 11 3.3001235
33 29 2382.1023
33 5 2000.0
33 34 2000.0
33 20 2.5029223
33 2 3.211969
33 14 0.9253633
33 7 2000.0
33 27 0.9877919
33 16 2000.0
33 25 0.5447252
34 30 2.7287984
34 20 0.97471905
34 8 3.958144
34 7 9.464233
34 13 15.227949
34 27 1.1350305
34 16 2536.0227
34 11 5.1049304
34 25 5.890759
34 29 6.0661254
34 5 3.3741002
35 21 0.034662332
36 26 2000.0
36 28 0.048050936
36 3 0.1986141
36 9 0.9496819
37 30 17.466795
37 0 1.6928881
37 8 1.3535897
37 18 1.2006061
37 13 2.0774062
37 11 1.7699964
37 29 1.0131545
37 20 7.1874237
37 2 1.1605057
37 7 15.843289
37 27 2.7509224
37 16 192.03304
37 23 2.1840782
37 25 58.333336
