0 8 6.99612
0 2 0.6270097
0 37 0.5123816
0 13 0.69507486
0 11 44.823868
0 29 9.538648
1 3 0.3093475
1 12 1306.4773
2 30 9.512849
2 0 0.6270097
2 8 1.1334033
2 18 18.316345
2 13 0.4436252
2 33 1.8488326
2 11 0.86519605
2 29 0.5869241
2 20 2.0656505
2 37 0.7740988
2 27 0.5304642
2 23 21.15742
2 25 1.5221045
3 36 0.25095206
3 28 0.086491935
3 24 94.736855
3 12 0.05676667
3 1 0.3093475
3 9 0.72497827
4 31 0.0948627
4 9 0.07453669
4 17 0.07118175
4 19 0.0791234
5 30 1.0295917
5 8 0.7636363
5 18 1.6249253
5 13 107.774506
5 11 5.0590186
5 29 6.767666
5 34 3.384152
5 20 2.0271494
5 37 2000.0
5 7 5.675364
5 27 1.1226217
5 16 1.5339439
5 23 5.4777784
6 31 0.56166756
6 17 1.1750927
7 34 11.525256
7 30 0.7700923
7 20 1.4303782
7 8 114.28571
7 37 21.021357
7 16 1.5162072
7 11 8.972614
7 23 1.178542
7 25 6.18871
7 5 5.675364
8 0 6.99612
8 30 0.6176602
8 18 1.3539199
8 13 2.9467483
8 11 2.4529202
8 29 0.7504271
8 5 0.7636363
8 34 2.5276058
8 2 1.1334033
8 37 1.2392557
8 7 114.28571
8 27 1.5132086
8 16 1.3831878
8 23 1.1581095
9 36 2.0403318
9 26 2000.0
9 28 1.4907956
9 10 15.40909
9 22 0.30192688
9 31 0.03104082
9 3 0.72497827
9 12 2000.0
9 17 0.13328025
9 4 0.07453669
9 19 0.07063362
10 26 0.037434954
10 28 0.45382652
10 24 0.14957242
10 31 0.0420522
10 12 6.1726394
10 9 15.40909
10 17 0.03639236
11 0 44.823868
11 30 0.50729877
11 8 2.4529202
11 18 8.751391
11 13 0.6110772
11 33 1.6262449
11 29 0.5298391
11 5 5.0590186
11 34 2.1354928
11 20 0.7966386
11 2 0.86519605
11 37 1.8666784
11 7 8.972614
11 27 0.6678801
11 16 1.0467361
11 25 1.1341838
12 26 1.6932747
12 28 3.8372552
12 32 0.21703759
12 10 6.1726394
12 24 0.07731253
12 21 0.102263995
12 3 0.05676667
13 0 0.69507486
13 30 0.9790639
13 8 2.9467483
13 18 68.05556
13 33 0.7493683
13 11 0.6110772
13 29 0.50620675
13 5 107.774506
13 34 5.2748904
13 20 0.88433886
13 2 0.4436252
13 14 2.7396252
13 37 0.7475927
13 27 0.4906417
13 16 18.026567
13 25 0.67916405
14 20 1.5674338
14 13 2.7396252
14 27 2.9687982
14 33 0.5382678
14 11 2000.0
14 25 1.8963766
15 32 0.08126481
15 21 0.8946649
16 30 1.0838271
16 0 2000.0
16 8 1.3831878
16 18 0.8615331
16 13 18.026567
16 11 1.0467361
16 29 19.884285
16 5 1.5339439
16 20 9.365124
16 37 18.739376
16 7 1.5162072
16 27 1.5156251
16 23 3.6115792
16 25 2.0134826
17 26 1.844291
17 6 1.1750927
17 10 0.03639236
17 24 0.3578463
17 31 1.2187612
17 9 0.13328025
17 4 0.07118175
17 19 4.4422345
18 30 1.0714884
18 2 18.316345
18 8 1.3539199
18 37 1.1110004
18 7 2000.0
18 13 68.05556
18 27 4.3699546
18 16 0.8615331
18 23 1.1115861
18 11 8.751391
18 29 1.2663769
18 5 1.6249253
19 31 0.07297321
19 9 0.07063362
19 17 4.4422345
19 4 0.0791234
20 30 37.45975
20 13 0.88433886
20 33 1.4533182
20 11 0.7966386
20 29 4.1796184
20 5 2.0271494
20 34 0.805951
20 2 2.0656505
20 14 1.5674338
20 37 2.1767046
20 7 1.4303782
20 27 1.4245605
20 16 9.365124
20 25 0.4837676
21 32 2000.0
21 10 2000.0
21 24 0.5476326
21 35 0.03622288
21 12 0.102263995
21 15 0.8946649
22 6 1690.9092
22 31 160.0
22 9 0.30192688
22 19 1288.409
23 0 2000.0
23 30 1.2535692
23 2 21.15742
23 8 1.1581095
23 37 3.1350636
23 18 1.1115861
23 7 1.178542
23 27 2000.0
23 16 3.6115792
23 11 2000.0
23 29 2.7862043
23 5 5.4777784
24 26 0.05616714
24 32 0.09891263
24 10 0.14957242
24 21 0.5476326
24 31 7.4409623
24 12 0.07731253
24 3 94.736855
24 15 2000.0
24 17 0.3578463
25 30 4.9354954
25 13 0.67916405
25 33 0.2921496
25 11 1.1341838
25 29 3.0135572
25 5 2000.0
25 34 0.78731924
25 20 0.4837676
25 2 1.5221045
25 14 1.8963766
25 37 70.20844
25 7 6.18871
25 27 0.89118123
25 16 2.0134826
26 32 47.836365
26 28 0.04975257
26 10 0.037434954
26 24 0.05616714
26 31 0.045667615
26 12 1.6932747
26 17 1.844291
27 0 2000.0
27 30 0.24759686
27 8 1.5132086
27 18 4.3699546
27 13 0.4906417
27 33 1.2296603
27 11 0.6678801
27 29 0.2980847
27 5 1.1226217
27 34 0.83337826
27 20 1.4245605
27 2 0.5304642
27 14 2.9687982
27 37 0.7461242
27 7 2499.0342
27 16 1.5156251
27 25 0.89118123
28 36 0.04314329
28 26 0.04975257
28 10 0.45382652
28 3 0.086491935
28 12 3.8372552
28 9 1.4907956
29 0 9.538648
29 30 2.3224251
29 8 0.7504271
29 18 1.2663769
29 13 0.50620675
29 11 0.5298391
29 5 6.767666
29 34 4.320207
29 20 4.1796184
29 2 0.5869241
29 37 0.7763035
29 27 0.2980847
29 16 19.884285
29 23 2.7862043
29 25 3.0135572
30 0 2000.0
30 8 0.6176602
30 18 1.0714884
30 13 0.9790639
30 33 2.7413874
30 11 0.50729877
30 29 2.3224251
30 5 1.0295917
30 34 2.2131207
30 20 37.45975
30 2 9.512849
30 37 8.913035
30 7 0.7700923
30 27 0.24759686
30 16 1.0838271
30 23 1.2535692
30 25 4.9354954
31 26 0.045667615
31 6 0.56166756
31 10 0.0420522
31 24 7.4409623
31 22 160.0
31 9 0.03104082
31 17 1.2187612
31 4 0.0948627
31 19 0.07297321
32 26 47.836365
32 24 0.09891263
32 12 0.21703759
32 15 0.08126481
33 34 2000.0
33 30 2.7413874
33 20 1.4533182
33 2 1.8488326
33 14 0.5382678
33 7 2000.0
33 13 0.7493683
33 27 1.2296603
33 16 2270.3408
33 11 1.6262449
33 29 1419.8864
33 25 0.2921496
34 30 2.2131207
34 20 0.805951
34 8 2.5276058
34 13 5.2748904
34 7 11.525256
34 27 0.83337826
34 16 1215.0568
34 11 2.1354928
34 25 0.78731924
34 29 4.320207
34 5 3.384152
35 21 0.03622288
36 26 2000.0
36 28 0.04314329
36 3 0.25095206
36 9 2.0403318
37 30 8.913035
37 0 0.5123816
37 8 1.2392557
37 18 1.1110004
37 13 0.7475927
37 11 1.8666784
37 29 0.7763035
37 20 2.1767046
37 2 0.7740988
37 7 21.021357
37 27 0.7461242
37 16 18.739376
37 23 3.1350636
37 25 70.20844
