0 2 0.75691664
0 37 1.3845013
0 13 0.724794
0 29 16.81029
0 25 33.53368
1 3 1.5898485
1 12 1210.625
2 30 24.648613
2 0 0.75691664
2 8 1.8291804
2 18 2.7185366
2 13 0.71191424
2 33 2.51175
2 11 2.3677025
2 29 1.1968936
2 20 2.9154441
2 37 1.145155
2 27 692.89777
2 16 2000.0
2 23 21.478647
2 25 0.6883135
3 36 0.56411624
3 28 15.086438
3 24 2000.0
3 12 0.06717586
3 1 1.5898485
3 9 1.066693
4 31 0.065650746
4 9 0.084127575
4 17 0.11745338
4 19 0.071123265
5 30 0.759356
5 8 0.6907743
5 18 0.8837427
5 13 29.151722
5 11 2.1492481
5 29 4.9598093
5 34 3.0674965
5 20 2.620038
5 37 11.019259
5 7 6.418699
5 27 779.5454
5 16 1.6600001
5 23 2.560881
5 25 2000.0
6 31 0.14120588
6 17 1.789312
7 30 0.59821904
7 20 38.985935
7 8 13.461005
7 16 1.178942
7 23 1.2228225
7 11 110.77035
7 25 1.0668652
7 5 6.418699
8 0 2109.6968
8 30 0.25642538
8 18 1.0425745
8 13 0.98650336
8 11 0.97215366
8 29 0.47002688
8 5 0.6907743
8 34 62.829765
8 2 1.8291804
8 37 1.2195829
8 7 13.461005
8 27 1067.7273
8 16 1.7309437
8 23 1.1739905
8 25 2000.0
9 36 0.89560485
9 26 2000.0
9 28 0.66631263
9 10 9.0279045
9 22 0.067743786
9 31 0.028889116
9 3 1.066693
9 12 2000.0
9 4 0.084127575
9 17 0.04010805
9 19 0.07276885
10 26 35.795452
10 28 0.3802595
10 24 0.058238637
10 31 1.4448788
10 12 1436.8181
10 9 9.0279045
10 17 0.030663487
11 0 2000.0
11 30 0.7202814
11 8 0.97215366
11 18 5.029859
11 13 1.2528044
11 33 1.8237734
11 29 1.1040266
11 5 2.1492481
11 34 3.8537266
11 20 1.7277015
11 2 2.3677025
11 37 1.3274032
11 7 110.77035
11 27 692.89777
11 16 1.5791924
11 25 0.58994603
12 26 2000.0
12 32 4.261712
12 24 0.08026433
12 21 0.12160089
12 3 0.06717586
13 30 29.268076
13 0 0.724794
13 8 0.98650336
13 18 29.727392
13 33 0.96858007
13 11 1.2528044
13 29 0.94222945
13 5 29.151722
13 34 275.68588
13 20 2.5035782
13 2 0.71191424
13 14 4.037145
13 37 0.7788862
13 7 2000.0
13 27 150.96591
13 16 51.393467
13 25 0.24818182
14 30 20.565495
14 20 4.5298295
14 13 4.037145
14 27 5234.1475
14 33 0.2536974
14 11 2000.0
14 25 3.3853111
15 32 0.07039854
15 21 7.7315793
16 34 36.758945
16 30 1.159953
16 20 14.612726
16 8 1.7309437
16 18 1.132697
16 13 51.393467
16 7 1.178942
16 27 1119.8296
16 11 1.5791924
16 23 2.1836252
16 25 1.0548255
16 5 1.6600001
17 6 1.789312
17 26 1034.8864
17 10 0.030663487
17 24 0.05957716
17 31 0.9830845
17 9 0.04010805
17 4 0.11745338
17 19 52.189274
18 0 2000.0
18 30 0.72624314
18 8 1.0425745
18 13 29.727392
18 11 5.029859
18 29 0.96511906
18 5 0.8837427
18 2 2.7185366
18 37 2.4308944
18 7 2000.0
18 27 2000.0
18 16 1.132697
18 23 1.0283571
19 31 0.077450775
19 9 0.07276885
19 17 52.189274
19 4 0.071123265
20 30 1.3828365
20 13 2.5035782
20 33 1.0341631
20 11 1.7277015
20 29 6.8776627
20 5 2.620038
20 34 0.9464793
20 2 2.9154441
20 14 4.5298295
20 37 4.9131556
20 7 38.985935
20 27 957.6705
20 16 14.612726
20 25 0.521237
21 26 2000.0
21 32 2000.0
21 24 0.45807293
21 35 0.037243403
21 31 2000.0
21 12 0.12160089
21 15 7.7315793
22 31 109.580124
22 9 0.067743786
22 19 2000.0
23 0 2000.0
23 30 2.713534
23 8 1.1739905
23 2 21.478647
23 37 2.5470986
23 18 1.0283571
23 7 1.2228225
23 16 2.1836252
23 11 2000.0
23 29 3.3500764
23 5 2.560881
24 26 37.045452
24 32 0.2629533
24 10 0.058238637
24 21 0.45807293
24 12 0.08026433
24 15 2000.0
24 17 0.05957716
25 0 33.53368
25 30 12.472678
25 13 0.24818182
25 33 0.6432378
25 11 0.58994603
25 29 1.1981217
25 34 3.147746
25 20 0.521237
25 2 0.6883135
25 14 3.3853111
25 37 87.57215
25 7 1.0668652
25 27 229.14774
25 16 1.0548255
28 36 0.03007319
28 26 51.81818
28 10 0.3802595
28 3 15.086438
28 12 1404.7727
28 9 0.66631263
28 19 1160.5114
29 0 16.81029
29 30 0.83871496
29 8 0.47002688
29 18 0.96511906
29 13 0.94222945
29 33 18.153013
29 11 1.1040266
29 5 4.9598093
29 34 5.1055574
29 20 6.8776627
29 2 1.1968936
29 37 0.9037728
29 7 2000.0
29 27 1898.9204
29 16 2000.0
29 23 3.3500764
29 25 1.1981217
30 8 0.25642538
30 18 0.72624314
30 13 29.268076
30 33 7.2824993
30 11 0.7202814
30 29 0.83871496
30 5 0.759356
30 34 0.9397518
30 20 1.3828365
30 2 24.648613
30 14 20.565495
30 37 13.620112
30 7 0.59821904
30 27 147.78409
30 16 1.159953
30 23 2.713534
30 25 12.472678
31 26 2000.0
31 6 0.14120588
31 10 1.4448788
31 35 33.56525
31 22 109.580124
31 9 0.028889116
31 4 0.065650746
31 17 0.9830845
31 19 0.077450775
32 26 2000.0
32 24 0.2629533
32 12 4.261712
32 15 0.07039854
33 30 7.2824993
33 8 2000.0
33 13 0.96858007
33 11 1.8237734
33 29 18.153013
33 5 2000.0
33 34 2000.0
33 20 1.0341631
33 2 2.51175
33 14 0.2536974
33 7 2000.0
33 27 698.2386
33 16 2619.6023
33 25 0.6432378
34 30 0.9397518
34 20 0.9464793
34 8 62.829765
34 37 2000.0
34 13 275.68588
34 7 4275.341
34 27 716.8182
34 16 36.758945
34 11 3.8537266
34 29 5.1055574
34 25 3.147746
34 5 3.0674965
35 21 0.037243403
35 31 33.56525
36 28 0.03007319
36 3 0.56411624
36 9 0.89560485
37 30 13.620112
37 0 1.3845013
37 8 1.2195829
37 18 2.4308944
37 13 0.7788862
37 11 1.3274032
37 29 0.9037728
37 5 11.019259
37 20 4.9131556
37 2 1.145155
37 7 1960.7954
37 27 725.7955
37 16 2000.0
37 23 2.5470986
37 25 87.57215
