0 8 5.631299
0 2 1.9393871
0 37 2.5772307
0 13 1.074166
0 11 52.076546
0 29 13.576203
1 3 0.2591693
1 12 1202.159
2 30 10.953742
2 0 1.9393871
2 8 1.2260336
2 18 6.905619
2 13 0.47524112
2 33 2.0909624
2 11 0.551845
2 29 0.7708333
2 20 1.367031
2 37 0.9115644
2 27 0.6284923
2 23 18.226604
2 25 1.1352723
3 36 0.19160943
3 28 0.077293016
3 24 2000.0
3 12 0.058230747
3 1 0.2591693
3 9 0.2027478
4 31 0.0898025
4 9 0.052357953
4 17 0.09457085
4 19 0.09388972
5 30 0.47894523
5 8 0.46677738
5 18 0.37080726
5 13 2000.0
5 11 3.00463
5 29 3.8459845
5 34 1.1975782
5 20 1.6599948
5 37 2000.0
5 7 3.7287333
5 27 3.3141887
5 16 1.5642322
5 23 4.06855
6 31 0.9983587
6 17 1.7835727
7 34 7.9256935
7 30 0.5736805
7 20 1.3084469
7 8 19.138132
7 37 25.636982
7 16 1.2446023
7 11 7.648745
7 23 1.0866275
7 25 10.603311
7 5 3.7287333
8 0 5.631299
8 30 0.59769946
8 18 1.2274243
8 13 3.010939
8 11 0.6518207
8 29 0.8078255
8 5 0.46677738
8 34 2.4671195
8 2 1.2260336
8 37 0.77359354
8 7 19.138132
8 27 1.7491779
8 16 1.1960522
8 23 0.84061944
9 36 1.9631199
9 26 2000.0
9 28 1.2448052
9 10 2.753127
9 22 0.39052036
9 31 0.029775089
9 3 0.2027478
9 17 0.045271263
9 4 0.052357953
9 19 0.06646014
10 26 0.045610785
10 28 0.20255144
10 24 0.052996397
10 31 0.05198414
10 12 10.017279
10 9 2.753127
10 17 0.032321163
11 0 52.076546
11 30 0.3262433
11 8 0.6518207
11 18 6.125042
11 13 0.5278966
11 33 2.743717
11 29 1.112015
11 5 3.00463
11 34 3.1692376
11 20 0.61805564
11 2 0.551845
11 37 1.3973502
11 7 7.648745
11 27 0.41065833
11 16 0.8677302
11 25 1.0276585
12 26 2.526241
12 28 6.4603767
12 32 0.15845704
12 10 10.017279
12 24 0.07538559
12 21 0.07212858
12 3 0.058230747
13 30 1.1338834
13 0 1.074166
13 8 3.010939
13 18 2000.0
13 33 0.84521943
13 11 0.5278966
13 29 0.92274725
13 34 19.581114
13 20 0.5528824
13 2 0.47524112
13 14 2.5348856
13 37 1.5695996
13 27 0.25079152
13 16 100.0
13 25 0.65719485
14 20 2.1171513
14 13 2.5348856
14 33 0.3934694
14 27 2.5588162
14 11 2000.0
14 25 2.3018332
15 32 0.07103025
15 21 1.270789
16 0 2000.0
16 30 1.1221677
16 8 1.1960522
16 18 1.4864775
16 13 100.0
16 11 0.8677302
16 29 74.86931
16 5 1.5642322
16 20 7.5843086
16 37 86.00419
16 7 1.2446023
16 27 1.5394127
16 23 7.976326
16 25 1.2480838
17 26 2.3849618
17 6 1.7835727
17 10 0.032321163
17 24 0.14727962
17 31 1.2964337
17 9 0.045271263
17 4 0.09457085
17 19 2.1797328
18 30 0.77319527
18 0 2000.0
18 8 1.2274243
18 13 2000.0
18 11 6.125042
18 29 1.4733436
18 5 0.37080726
18 2 6.905619
18 37 1.3758703
18 7 2000.0
18 27 4.4952803
18 16 1.4864775
18 23 1.1120026
19 31 0.08155106
19 9 0.06646014
19 17 2.1797328
19 4 0.09388972
20 30 14.11711
20 13 0.5528824
20 33 1.5917228
20 11 0.61805564
20 29 1.5633531
20 5 1.6599948
20 34 1.3317972
20 2 1.367031
20 14 2.1171513
20 37 3.1808062
20 7 1.3084469
20 27 0.3309677
20 16 7.5843086
20 25 0.71684664
21 24 0.3834816
21 35 0.037629966
21 12 0.07212858
21 15 1.270789
22 6 1586.9319
22 31 1168.0114
22 9 0.39052036
22 19 1329.4886
23 30 1.3091594
23 0 2000.0
23 2 18.226604
23 8 0.84061944
23 37 1.7619303
23 18 1.1120026
23 7 1.0866275
23 16 7.976326
23 11 2000.0
23 29 6.441542
23 5 4.06855
24 26 0.05881691
24 32 0.09598997
24 10 0.052996397
24 21 0.3834816
24 31 13.920455
24 3 2000.0
24 12 0.07538559
24 15 2000.0
24 17 0.14727962
25 30 3.0079768
25 13 0.65719485
25 33 0.268403
25 11 1.0276585
25 29 8.429138
25 34 1.6486648
25 20 0.71684664
25 2 1.1352723
25 14 2.3018332
25 37 48.01515
25 7 10.603311
25 27 0.73354745
25 16 1.2480838
26 36 60.000004
26 32 38.29371
26 28 0.037752055
26 10 0.045610785
26 24 0.05881691
26 31 0.06896344
26 12 2.526241
26 17 2.3849618
27 0 2000.0
27 30 0.31211424
27 8 1.7491779
27 18 4.4952803
27 13 0.25079152
27 33 0.93659663
27 11 0.41065833
27 29 0.5207935
27 5 3.3141887
27 34 1.227502
27 20 0.3309677
27 2 0.6284923
27 14 2.5588162
27 37 1.573178
27 7 2593.5796
27 16 1.5394127
27 25 0.73354745
28 36 0.030692633
28 26 0.037752055
28 10 0.20255144
28 3 0.077293016
28 12 6.4603767
28 9 1.2448052
29 0 13.576203
29 30 2.074217
29 8 0.8078255
29 18 1.4733436
29 13 0.92274725
29 11 1.112015
29 5 3.8459845
29 34 7.2825804
29 20 1.5633531
29 2 0.7708333
29 37 0.79212254
29 7 2000.0
29 27 0.5207935
29 16 74.86931
29 23 6.441542
29 25 8.429138
30 0 2000.0
30 8 0.59769946
30 18 0.77319527
30 13 1.1338834
30 33 2.494476
30 11 0.3262433
30 29 2.074217
30 5 0.47894523
30 34 2.345145
30 20 14.11711
30 2 10.953742
30 37 7.8753657
30 7 0.5736805
30 27 0.31211424
30 16 1.1221677
30 23 1.3091594
30 25 3.0079768
31 26 0.06896344
31 6 0.9983587
31 10 0.05198414
31 24 13.920455
31 9 0.029775089
31 17 1.2964337
31 4 0.0898025
31 19 0.08155106
32 26 38.29371
32 24 0.09598997
32 12 0.15845704
32 15 0.07103025
33 34 2000.0
33 30 2.494476
33 20 1.5917228
33 2 2.0909624
33 14 0.3934694
33 7 2000.0
33 13 0.84521943
33 27 0.93659663
33 16 2000.0
33 11 2.743717
33 29 2000.0
33 25 0.268403
34 30 2.345145
34 20 1.3317972
34 8 2.4671195
34 13 19.581114
34 7 7.9256935
34 27 1.227502
34 16 1215.0568
34 11 3.1692376
34 25 1.6486648
34 29 7.2825804
34 5 1.1975782
35 21 0.037629966
36 26 60.000004
36 28 0.030692633
36 3 0.19160943
36 9 1.9631199
37 30 7.8753657
37 0 2.5772307
37 8 0.77359354
37 18 1.3758703
37 13 1.5695996
37 11 1.3973502
37 29 0.79212254
37 20 3.1808062
37 2 0.9115644
37 7 25.636982
37 27 1.573178
37 16 86.00419
37 23 1.7619303
37 25 48.01515
