0 2 1.1301193
0 37 2.5866406
0 13 1.0954531
0 29 14.252731
0 25 29.233253
1 3 1.0944806
1 12 68.5841
2 30 12.071364
2 0 1.1301193
2 8 3.308319
2 18 4.4478207
2 13 0.7128238
2 33 2.4770548
2 11 1.6347803
2 29 1.2416928
2 20 7.8215423
2 37 1.2681901
2 27 692.89777
2 16 2000.0
2 23 7.714155
2 25 0.6054664
3 36 0.7318915
3 28 41.698296
3 24 2000.0
3 12 0.070286945
3 1 1.0944806
3 9 0.37851065
4 31 0.0775149
4 9 0.064155474
4 17 0.16569832
4 19 0.07325757
5 30 0.8428605
5 8 0.9617325
5 18 0.70737684
5 13 22.995514
5 11 0.6001205
5 29 2.3068755
5 34 2.0962408
5 20 1.1707828
5 37 16.129368
5 7 13.08496
5 27 779.5454
5 16 1.2869123
5 23 6.3345504
5 25 2000.0
6 31 0.22008325
6 17 8.497563
7 30 0.6927542
7 20 98.03922
7 8 8.800168
7 37 88.888885
7 16 1.2322302
7 23 1.2081733
7 25 2.0239668
7 5 13.08496
8 0 2573.0305
8 30 0.95192236
8 18 1.1496261
8 13 2.6911926
8 11 1.0940515
8 29 0.33643815
8 5 0.9617325
8 34 51.48214
8 2 3.308319
8 37 1.4889311
8 7 8.800168
8 27 1067.7273
8 16 1.8459796
8 23 1.2220498
8 25 2000.0
9 36 0.94059056
9 26 2000.0
9 28 0.6675813
9 10 4.1396575
9 22 0.057281785
9 31 0.028530292
9 12 2000.0
9 3 0.37851065
9 4 0.064155474
9 17 0.035098977
9 19 0.07778716
10 26 35.795452
10 28 0.47939885
10 24 0.06677664
10 31 1.6309247
10 12 1887.4432
10 9 4.1396575
10 17 0.033727206
11 0 2000.0
11 30 0.89976513
11 8 1.0940515
11 18 2.677278
11 13 1.2862718
11 33 1.657288
11 29 0.8847599
11 5 0.6001205
11 34 2.411833
11 20 0.95855147
11 2 1.6347803
11 37 1.5909331
11 7 3414.8296
11 27 692.89777
11 16 0.8763327
11 25 0.98115414
12 26 2000.0
12 32 3.4449813
12 24 0.09105113
12 21 0.10936153
12 3 0.070286945
12 1 68.5841
13 30 35.25265
13 0 1.0954531
13 8 2.6911926
13 18 35.243057
13 33 1.0299381
13 11 1.2862718
13 29 0.71421933
13 5 22.995514
13 34 399.70764
13 20 1.2161118
13 2 0.7128238
13 14 3.347209
13 37 1.0245279
13 7 2000.0
13 27 150.96591
13 16 65.59333
13 25 0.3767335
14 34 2000.0
14 30 12.713537
14 20 2.9366882
14 13 3.347209
14 27 5234.1475
14 33 0.49030963
14 11 2000.0
14 25 5.6968837
15 32 0.0770091
15 21 27.902662
16 34 123.46673
16 30 1.0495529
16 20 35.555557
16 8 1.8459796
16 18 1.0273405
16 7 1.2322302
16 13 65.59333
16 27 1119.8296
16 11 0.8763327
16 23 2.0809655
16 25 0.9566319
16 5 1.2869123
17 6 8.497563
17 26 1034.8864
17 10 0.033727206
17 24 0.054479044
17 31 0.98251635
17 9 0.035098977
17 4 0.16569832
17 19 155.08958
18 0 2000.0
18 30 0.6609807
18 8 1.1496261
18 2 4.4478207
18 37 2.2548468
18 13 35.243057
18 27 2000.0
18 16 1.0273405
18 11 2.677278
18 23 1.2485629
18 29 0.83286387
18 5 0.70737684
19 28 48.14469
19 31 0.07161087
19 9 0.07778716
19 4 0.07325757
19 17 155.08958
20 30 4.349748
20 8 2000.0
20 13 1.2161118
20 33 1.0119227
20 11 0.95855147
20 29 10.588653
20 5 1.1707828
20 34 0.93178934
20 2 7.8215423
20 14 2.9366882
20 37 1.8415177
20 7 98.03922
20 27 957.6705
20 16 35.555557
20 25 0.3176822
21 32 2000.0
21 24 0.874336
21 35 0.033694297
21 31 2000.0
21 12 0.10936153
21 15 27.902662
22 31 166.66667
22 9 0.057281785
22 19 2000.0
23 0 2000.0
23 30 3.6811035
23 8 1.2220498
23 2 7.714155
23 37 1.2946818
23 18 1.2485629
23 7 1.2081733
23 16 2.0809655
23 11 2000.0
23 29 1.4616865
23 5 6.3345504
24 26 37.045452
24 32 0.25864625
24 10 0.06677664
24 21 0.874336
24 12 0.09105113
24 15 2000.0
24 17 0.054479044
25 30 34.015038
25 0 29.233253
25 13 0.3767335
25 33 0.67957145
25 11 0.98115414
25 29 2.5067413
25 34 3.695722
25 20 0.3176822
25 2 0.6054664
25 14 5.6968837
25 37 171.04262
25 7 2.0239668
25 27 229.14774
25 16 0.9566319
28 36 0.030178841
28 26 51.81818
28 10 0.47939885
28 12 1274.3182
28 3 41.698296
28 9 0.6675813
28 19 48.14469
29 0 14.252731
29 30 1.5669446
29 8 0.33643815
29 18 0.83286387
29 13 0.71421933
29 33 31.925219
29 11 0.8847599
29 5 2.3068755
29 34 7.5239654
29 20 10.588653
29 2 1.2416928
29 37 0.77058196
29 7 2000.0
29 27 1898.9204
29 16 2000.0
29 23 1.4616865
29 25 2.5067413
30 8 0.95192236
30 18 0.6609807
30 13 35.25265
30 33 5.354683
30 11 0.89976513
30 29 1.5669446
30 5 0.8428605
30 34 0.92607236
30 20 4.349748
30 2 12.071364
30 14 12.713537
30 37 23.617691
30 7 0.6927542
30 27 147.78409
30 16 1.0495529
30 23 3.6811035
30 25 34.015038
31 26 2000.0
31 6 0.22008325
31 10 1.6309247
31 35 4.5280304
31 22 166.66667
31 21 2000.0
31 9 0.028530292
31 4 0.0775149
31 17 0.98251635
31 19 0.07161087
32 24 0.25864625
32 12 3.4449813
32 15 0.0770091
33 30 5.354683
33 8 2000.0
33 13 1.0299381
33 11 1.657288
33 29 31.925219
33 5 2000.0
33 34 2000.0
33 20 1.0119227
33 2 2.4770548
33 14 0.49030963
33 7 2000.0
33 27 698.2386
33 16 2619.6023
33 25 0.67957145
34 30 0.92607236
34 20 0.93178934
34 8 51.48214
34 37 2000.0
34 13 399.70764
34 7 2452.443
34 27 716.8182
34 16 123.46673
34 11 2.411833
34 29 7.5239654
34 25 3.695722
34 5 2.0962408
35 21 0.033694297
35 31 4.5280304
36 28 0.030178841
36 3 0.7318915
36 9 0.94059056
37 30 23.617691
37 0 2.5866406
37 8 1.4889311
37 18 2.2548468
37 13 1.0245279
37 11 1.5909331
37 29 0.77058196
37 5 16.129368
37 20 1.8415177
37 2 1.2681901
37 7 88.888885
37 27 725.7955
37 16 2000.0
37 23 1.2946818
37 25 171.04262
