0 8 4.7023954
0 2 0.7031085
0 37 0.53830713
0 13 1.0263325
0 11 34.72222
0 29 5.0645514
1 3 0.35818514
1 12 34.373924
2 30 11.204343
2 0 0.7031085
2 8 1.088229
2 18 10.036509
2 13 0.21618855
2 33 1.809118
2 11 0.61814123
2 29 0.7193595
2 20 2.0161698
2 37 0.61354476
2 27 0.34711587
2 16 2000.0
2 23 55.70384
2 25 0.7746028
3 36 0.39280152
3 28 0.09721075
3 24 2000.0
3 12 0.055251103
3 1 0.35818514
3 9 0.5613679
4 31 0.080260575
4 9 0.06614465
4 17 0.07251083
4 19 0.0825383
5 30 0.90251774
5 8 0.65543556
5 18 0.42304808
5 13 171.73865
5 11 3.2674284
5 29 1.9901186
5 34 4.615662
5 20 2.9784324
5 37 2000.0
5 7 5.664242
5 27 1.9699208
5 16 1.3492055
5 23 2.452686
6 21 2000.0
6 31 0.2780857
6 17 1.3392166
7 34 17.01789
7 30 1.4631113
7 20 1.3392962
7 8 45.756092
7 37 8.991835
7 27 89.98068
7 16 0.912269
7 11 11.866598
7 23 1.093798
7 25 6.6945744
7 5 5.664242
8 0 4.7023954
8 30 0.5151062
8 18 1.3443663
8 13 4.848404
8 11 1.8012259
8 29 0.59401965
8 5 0.65543556
8 34 3.215193
8 2 1.088229
8 37 0.9970685
8 7 45.756092
8 27 1.3637658
8 16 1.2349045
8 23 0.8567623
9 36 1.7081426
9 26 2000.0
9 28 2.719324
9 10 19.949913
9 22 0.12168173
9 31 0.029692082
9 3 0.5613679
9 12 2000.0
9 17 0.18644069
9 4 0.06614465
9 19 0.096132696
10 26 0.032730997
10 28 0.6174099
10 24 0.064649016
10 31 0.03755589
10 12 13.411023
10 9 19.949913
10 17 0.03138671
11 0 34.72222
11 30 0.37289715
11 8 1.8012259
11 18 22.952286
11 13 0.7866037
11 33 2.2954926
11 29 0.68724227
11 5 3.2674284
11 34 3.375811
11 20 0.8126969
11 2 0.61814123
11 37 1.3190984
11 7 11.866598
11 27 0.48631626
11 16 1.1722324
11 25 1.6166424
12 26 1.1469929
12 28 3.1483958
12 32 0.27097574
12 10 13.411023
12 24 0.07458273
12 21 0.12339422
12 3 0.055251103
12 1 34.373924
13 0 1.0263325
13 30 2.4268534
13 8 4.848404
13 18 753.8462
13 33 0.907819
13 11 0.7866037
13 29 0.6612836
13 5 171.73865
13 34 7.287138
13 20 0.53072524
13 2 0.21618855
13 14 2.500767
13 37 1.3727424
13 27 0.3843565
13 16 40.896378
13 25 0.73023474
14 20 0.8886056
14 13 2.500767
14 27 3.5560975
14 33 0.6788119
14 11 2000.0
14 25 1.5925263
15 32 0.07140882
15 21 0.90782833
16 30 1.2543185
16 0 2000.0
16 8 1.2349045
16 18 2.309191
16 13 40.896378
16 11 1.1722324
16 29 12.227186
16 5 1.3492055
16 20 6.72623
16 37 12.392141
16 7 0.912269
16 27 2.1955025
16 23 5.711383
16 25 2.2836318
17 26 3.6363635
17 6 1.3392166
17 10 0.03138671
17 24 0.31132448
17 31 2.7906978
17 9 0.18644069
17 4 0.07251083
17 19 3.8519616
18 30 0.7097429
18 2 10.036509
18 8 1.3443663
18 37 1.8257753
18 7 2000.0
18 13 753.8462
18 27 4.1949387
18 16 2.309191
18 23 1.3666698
18 11 22.952286
18 29 0.9784524
18 5 0.42304808
19 31 0.06974432
19 9 0.096132696
19 17 3.8519616
19 4 0.0825383
20 30 24.739264
20 13 0.53072524
20 33 1.6699779
20 11 0.8126969
20 29 3.3663652
20 5 2.9784324
20 34 0.8431441
20 2 2.0161698
20 14 0.8886056
20 37 2.1551366
20 7 1.3392962
20 27 1.632427
20 16 6.72623
20 25 0.56270224
21 26 2000.0
21 32 2000.0
21 10 2000.0
21 24 0.628811
21 35 0.04631946
21 12 0.12339422
21 15 0.90782833
22 6 1690.9092
22 31 144.7126
22 9 0.12168173
22 19 1288.409
23 0 2000.0
23 30 1.0008131
23 2 55.70384
23 8 0.8567623
23 37 1.6618189
23 18 1.3666698
23 7 1.093798
23 16 5.711383
23 11 2000.0
23 29 1.4921714
23 5 2.452686
24 26 0.052172456
24 32 0.11067791
24 10 0.064649016
24 21 0.628811
24 31 6.6489935
24 12 0.07458273
24 15 2000.0
24 17 0.31132448
25 30 2.7495594
25 13 0.73023474
25 33 0.3638068
25 11 1.6166424
25 29 1.1295062
25 34 0.95151925
25 20 0.56270224
25 2 0.7746028
25 14 1.5925263
25 37 37.149807
25 7 6.6945744
25 27 0.7489661
25 16 2.2836318
26 36 189.47371
26 32 36.562786
26 28 0.052219786
26 10 0.032730997
26 24 0.052172456
26 31 0.044578984
26 12 1.1469929
26 17 3.6363635
27 0 2000.0
27 30 0.16386306
27 8 1.3637658
27 18 4.1949387
27 13 0.3843565
27 33 0.9659233
27 11 0.48631626
27 29 0.5653795
27 5 1.9699208
27 34 1.3331391
27 20 1.632427
27 2 0.34711587
27 14 3.5560975
27 37 0.7644941
27 7 89.98068
27 16 2.1955025
27 25 0.7489661
28 36 0.035217658
28 26 0.052219786
28 10 0.6174099
28 3 0.09721075
28 12 3.1483958
28 9 2.719324
29 0 5.0645514
29 30 5.2566843
29 8 0.59401965
29 18 0.9784524
29 13 0.6612836
29 11 0.68724227
29 5 1.9901186
29 34 7.918323
29 20 3.3663652
29 2 0.7193595
29 37 0.6838617
29 7 2000.0
29 27 0.5653795
29 16 12.227186
29 23 1.4921714
29 25 1.1295062
30 0 2000.0
30 8 0.5151062
30 18 0.7097429
30 13 2.4268534
30 33 1.9383461
30 11 0.37289715
30 29 5.2566843
30 5 0.90251774
30 34 1.7339938
30 20 24.739264
30 2 11.204343
30 37 7.902607
30 7 1.4631113
30 27 0.16386306
30 16 1.2543185
30 23 1.0008131
30 25 2.7495594
31 26 0.044578984
31 6 0.2780857
31 10 0.03755589
31 24 6.6489935
31 22 144.7126
31 9 0.029692082
31 17 2.7906978
31 4 0.080260575
31 19 0.06974432
32 26 36.562786
32 24 0.11067791
32 12 0.27097574
32 15 0.07140882
33 34 2000.0
33 30 1.9383461
33 20 1.6699779
33 2 1.809118
33 14 0.6788119
33 7 2000.0
33 13 0.907819
33 27 0.9659233
33 16 2270.3408
33 11 2.2954926
33 29 1419.8864
33 25 0.3638068
34 30 1.7339938
34 20 0.8431441
34 8 3.215193
34 13 7.287138
34 7 17.01789
34 27 1.3331391
34 16 1215.0568
34 11 3.375811
34 25 0.95151925
34 29 7.918323
34 5 4.615662
35 21 0.04631946
36 26 189.47371
36 28 0.035217658
36 3 0.39280152
36 9 1.7081426
37 30 7.902607
37 0 0.53830713
37 8 0.9970685
37 18 1.8257753
37 13 1.3727424
37 11 1.3190984
37 29 0.6838617
37 20 2.1551366
37 2 0.61354476
37 7 8.991835
37 27 0.7644941
37 16 12.392141
37 23 1.6618189
37 25 37.149807
