0 2 2.156771
0 37 14.774995
0 13 1.5837626
0 29 59.456127
0 25 25.296251
1 3 3.1117136
1 12 74.61749
2 30 23.4996
2 0 2.156771
2 8 1.1926357
2 18 2.5460548
2 13 0.6031892
2 33 2.4439962
2 11 3.8959525
2 29 1.1169705
2 20 5.2455907
2 37 1.2625811
2 27 0.9841659
2 16 2000.0
2 23 7.673602
2 25 0.59932184
3 36 2.0344007
3 28 37.755684
3 24 266.6667
3 12 0.08293561
3 1 3.1117136
3 9 0.85481465
4 31 0.06864906
4 9 0.08200691
4 17 0.123071894
4 19 0.08568368
5 30 0.5437211
5 8 0.5128446
5 18 0.7682335
5 13 36.2742
5 11 6.0035415
5 29 1.7136333
5 34 2.2102525
5 20 2.632397
5 37 51.042385
5 7 15.294772
5 27 0.95971835
5 16 1.2180885
5 23 1.4840045
5 25 2000.0
6 31 0.16300899
6 17 1.9980191
7 30 0.7256998
7 20 66.94092
7 8 4.646104
7 27 121.63168
7 16 1.226774
7 23 1.4151869
7 25 2.738162
7 5 15.294772
8 0 2000.0
8 30 0.37216842
8 18 1.4027182
8 13 1.3133758
8 11 1.0704334
8 29 0.40728638
8 5 0.5128446
8 34 22.85921
8 2 1.1926357
8 37 0.9820703
8 7 4.646104
8 27 1.0482504
8 16 1.4387785
8 23 0.9670262
8 25 2000.0
9 36 0.49783626
9 28 1.2305008
9 10 12.876549
9 22 0.05534708
9 31 0.02980926
9 3 0.85481465
9 12 2000.0
9 4 0.08200691
9 17 0.033647366
9 19 0.06744597
10 26 0.032973174
10 28 0.2564516
10 24 0.15644173
10 31 23.080433
10 12 1181.7045
10 9 12.876549
10 17 0.032157835
11 0 2000.0
11 30 0.82782835
11 8 1.0704334
11 18 8.214488
11 13 1.0986832
11 33 2.22101
11 29 1.4823921
11 5 6.0035415
11 34 2.9826684
11 20 3.2955287
11 2 3.8959525
11 37 2.231463
11 7 1458.0114
11 27 0.673838
11 16 0.9987317
11 25 1.2794434
12 26 0.8183882
12 32 4.79857
12 24 0.080672845
12 21 0.26711586
12 3 0.08293561
12 1 74.61749
13 30 85.5934
13 0 1.5837626
13 8 1.3133758
13 33 0.8626179
13 11 1.0986832
13 29 1.0562329
13 5 36.2742
13 34 150.0
13 20 1.2721078
13 2 0.6031892
13 14 6.889295
13 37 1.3801264
13 7 2000.0
13 27 0.25114927
13 16 73.93363
13 25 0.19673033
14 30 15.1829815
14 20 2.8579314
14 13 6.889295
14 27 3.732522
14 33 0.39448863
14 11 2000.0
14 25 2.027341
15 32 0.08605205
15 21 1.6194079
15 12 2000.0
16 30 1.1050177
16 0 2000.0
16 8 1.4387785
16 18 1.3182048
16 13 73.93363
16 11 0.9987317
16 5 1.2180885
16 34 84.90097
16 20 25.529722
16 7 1.226774
16 27 1.563265
16 23 2.3151605
16 25 1.1431607
17 26 1.4941994
17 6 1.9980191
17 10 0.032157835
17 24 0.18018804
17 31 0.9479697
17 9 0.033647366
17 4 0.123071894
17 19 76.59054
18 0 2000.0
18 30 0.75374293
18 8 1.4027182
18 13 291.87616
18 11 8.214488
18 29 1.6028388
18 5 0.7682335
18 2 2.5460548
18 37 2.499879
18 7 2000.0
18 27 20.016056
18 16 1.3182048
18 23 1.1748477
19 31 0.09522733
19 9 0.06744597
19 17 76.59054
19 4 0.08568368
20 30 1.7651722
20 13 1.2721078
20 33 3.6395342
20 11 3.2955287
20 29 16.825588
20 5 2.632397
20 34 0.95195
20 2 5.2455907
20 14 2.8579314
20 37 3.5877903
20 7 66.94092
20 27 2.3377721
20 16 25.529722
20 25 0.519222
21 32 2000.0
21 24 1.3731928
21 35 0.030939264
21 31 2000.0
21 12 0.26711586
21 15 1.6194079
22 31 105.882355
22 9 0.05534708
22 19 2000.0
23 0 2000.0
23 30 2.0508096
23 8 0.9670262
23 2 7.673602
23 37 1.3688016
23 18 1.1748477
23 7 1.4151869
23 16 2.3151605
23 11 2000.0
23 29 0.7042163
23 5 1.4840045
24 26 0.051438585
24 32 0.20324732
24 10 0.15644173
24 21 1.3731928
24 12 0.080672845
24 3 266.6667
24 15 2000.0
24 17 0.18018804
25 30 33.516953
25 0 25.296251
25 13 0.19673033
25 33 0.5997782
25 11 1.2794434
25 29 2.6380088
25 34 1.2066188
25 20 0.519222
25 2 0.59932184
25 14 2.027341
25 37 88.888885
25 7 2.738162
25 27 0.24739608
25 16 1.1431607
26 32 16.365149
26 28 0.05593754
26 10 0.032973174
26 24 0.051438585
26 31 0.18177469
26 12 0.8183882
26 17 1.4941994
27 30 0.23350555
27 0 2000.0
27 8 1.0482504
27 18 20.016056
27 13 0.25114927
27 33 1.08086
27 11 0.673838
27 29 0.93054986
27 5 0.95971835
27 34 1.2019762
27 20 2.3377721
27 2 0.9841659
27 14 3.732522
27 37 1.3041216
27 7 121.63168
27 16 1.563265
27 25 0.24739608
28 36 0.03135066
28 26 0.05593754
28 10 0.2564516
28 3 37.755684
28 12 1146.591
28 9 1.2305008
28 19 1384.8295
29 0 59.456127
29 30 2.0881183
29 8 0.40728638
29 18 1.6028388
29 13 1.0562329
29 33 15.592603
29 11 1.4823921
29 5 1.7136333
29 34 3.2928414
29 20 16.825588
29 2 1.1169705
29 37 1.1177411
29 27 0.93054986
29 16 2000.0
29 23 0.7042163
29 25 2.6380088
30 8 0.37216842
30 18 0.75374293
30 13 85.5934
30 33 9.584444
30 11 0.82782835
30 29 2.0881183
30 5 0.5437211
30 34 0.81056035
30 20 1.7651722
30 2 23.4996
30 14 15.1829815
30 37 21.284239
30 7 0.7256998
30 27 0.23350555
30 16 1.1050177
30 23 2.0508096
30 25 33.516953
31 26 0.18177469
31 6 0.16300899
31 10 23.080433
31 35 130.55278
31 22 105.882355
31 9 0.02980926
31 4 0.06864906
31 17 0.9479697
31 19 0.09522733
32 26 16.365149
32 24 0.20324732
32 21 2000.0
32 12 4.79857
32 15 0.08605205
33 30 9.584444
33 8 2000.0
33 13 0.8626179
33 11 2.22101
33 29 15.592603
33 5 2000.0
33 34 2000.0
33 20 3.6395342
33 2 2.4439962
33 14 0.39448863
33 7 2000.0
33 27 1.08086
33 16 3017.898
33 25 0.5997782
34 30 0.81056035
34 20 0.95195
34 8 22.85921
34 37 2000.0
34 13 150.0
34 7 2000.0
34 27 1.2019762
34 16 84.90097
34 11 2.9826684
34 29 3.2928414
34 25 1.2066188
34 5 2.2102525
35 21 0.030939264
35 31 130.55278
36 28 0.03135066
36 3 2.0344007
36 9 0.49783626
37 30 21.284239
37 0 14.774995
37 8 0.9820703
37 18 2.499879
37 13 1.3801264
37 11 2.231463
37 29 1.1177411
37 5 51.042385
37 20 3.5877903
37 2 1.2625811
37 7 1600.6818
37 27 1.3041216
37 16 2000.0
37 23 1.3688016
37 25 88.888885
