0 2 0.9776691
0 37 2.6704226
0 13 1.3630961
0 29 22.981125
0 25 15.981079
1 3 1.1139731
1 12 70.04508
2 30 27.287338
2 0 0.9776691
2 8 1.3558027
2 18 2.6558354
2 13 0.2475
2 33 2.826545
2 11 1.7752359
2 29 1.6780039
2 20 3.1939378
2 37 1.0916175
2 27 0.5281742
2 16 2000.0
2 23 14.065131
2 25 0.87761384
3 36 0.54437476
3 28 8.517858
3 24 2000.0
3 12 0.05820812
3 1 1.1139731
3 9 0.7929022
4 31 0.06801025
4 9 0.0789589
4 17 0.12275751
4 19 0.065647766
5 30 1.003751
5 8 1.4582362
5 18 1.1774719
5 13 25.19745
5 11 4.252911
5 29 18.276049
5 34 2.9389396
5 20 5.9585876
5 37 11.971021
5 7 13.759362
5 27 1.819123
5 16 2.2602026
5 23 8.926732
5 25 2000.0
6 31 0.18257576
6 17 3.100379
7 30 0.9013325
7 20 106.98028
7 8 8.15778
7 16 1.3670238
7 23 1.3436439
7 11 359.57526
7 25 2.2885137
7 5 13.759362
8 0 2000.0
8 30 0.5716904
8 18 1.636691
8 13 1.9957386
8 11 2.0862396
8 29 1.5905746
8 5 1.4582362
8 34 16.235107
8 2 1.3558027
8 37 1.7077614
8 7 8.15778
8 27 6.098385
8 16 2.664257
8 23 2.291295
8 25 2000.0
9 36 0.6241296
9 26 2000.0
9 28 1.6273072
9 10 6.9140487
9 22 0.0450487
9 31 0.028548732
9 12 2000.0
9 3 0.7929022
9 4 0.0789589
9 17 0.035612173
9 19 0.061121
10 26 0.030350102
10 28 0.497643
10 24 0.077439375
10 31 1.1774069
10 12 1596.9886
10 9 6.9140487
10 17 0.030605095
11 0 2000.0
11 30 1.0837421
11 8 2.0862396
11 18 7.2193036
11 13 1.3017144
11 33 2.155431
11 29 1.5342382
11 5 4.252911
11 34 4.3304777
11 20 1.4699168
11 2 1.7752359
11 37 2.1522596
11 7 359.57526
11 27 0.895082
11 16 1.773386
11 25 1.0437084
12 26 0.30371377
12 32 5.128163
12 28 122.96491
12 24 0.07342596
12 21 0.10523165
12 3 0.05820812
12 1 70.04508
13 30 43.529724
13 0 1.3630961
13 8 1.9957386
13 18 66.50042
13 33 1.2942779
13 11 1.3017144
13 29 1.1019174
13 5 25.19745
13 34 451.6569
13 20 1.5327178
13 2 0.2475
13 14 4.126445
13 37 1.4944364
13 7 2000.0
13 27 0.35135576
13 16 107.39772
13 25 0.26651397
14 30 15.997728
14 20 2.2215989
14 13 4.126445
14 27 3.7853072
14 33 0.38940683
14 11 2000.0
14 25 2.0582993
15 32 0.07816446
15 21 10.576641
16 0 2000.0
16 30 1.0872464
16 8 2.664257
16 18 1.8470087
16 13 107.39772
16 11 1.773386
16 29 335.78864
16 5 2.2602026
16 34 31.600721
16 20 69.39023
16 7 1.3670238
16 27 1.6597673
16 23 3.0794735
16 25 1.4326942
17 6 3.100379
17 26 1.786616
17 10 0.030605095
17 24 0.06307663
17 31 0.9994039
17 9 0.035612173
17 4 0.12275751
17 19 112.50001
18 0 2000.0
18 30 0.9879034
18 8 1.636691
18 2 2.6558354
18 37 4.0209446
18 13 66.50042
18 27 57.146103
18 16 1.8470087
18 11 7.2193036
18 23 1.5049217
18 29 2.1645525
18 5 1.1774719
19 28 85.27196
19 31 0.07647613
19 9 0.061121
19 4 0.065647766
19 17 112.50001
20 30 1.9330167
20 8 2000.0
20 13 1.5327178
20 33 1.9603542
20 11 1.4699168
20 29 54.58331
20 5 5.9585876
20 34 0.7863093
20 2 3.1939378
20 14 2.2215989
20 37 8.849115
20 7 106.98028
20 27 4.171782
20 16 69.39023
20 25 0.7468895
21 32 2000.0
21 24 0.91002744
21 35 0.041422285
21 31 2000.0
21 12 0.10523165
21 15 10.576641
22 31 65.454544
22 9 0.0450487
22 19 2000.0
23 0 2000.0
23 30 2.9378736
23 8 2.291295
23 2 14.065131
23 37 1.7911128
23 18 1.5049217
23 7 1.3436439
23 16 3.0794735
23 11 2000.0
23 29 1.9132209
23 5 8.926732
24 26 0.11584596
24 32 0.4480592
24 10 0.077439375
24 21 0.91002744
24 12 0.07342596
24 15 2000.0
24 17 0.06307663
25 30 29.3181
25 0 15.981079
25 13 0.26651397
25 33 0.68122965
25 11 1.0437084
25 29 6.96675
25 34 1.5343306
25 20 0.7468895
25 2 0.87761384
25 14 2.0582993
25 37 74.870865
25 7 2.2885137
25 27 0.25866753
25 16 1.4326942
26 32 53.333332
26 28 0.15701964
26 10 0.030350102
26 24 0.11584596
26 31 0.21704547
26 12 0.30371377
26 17 1.786616
27 30 0.2161717
27 0 2000.0
27 8 6.098385
27 18 57.146103
27 13 0.35135576
27 33 0.8118339
27 11 0.895082
27 29 1.2460042
27 5 1.819123
27 34 0.8371902
27 20 4.171782
27 2 0.5281742
27 14 3.7853072
27 37 1.1017835
27 7 7259.886
27 16 1.6597673
27 25 0.25866753
28 36 0.034333136
28 26 0.15701964
28 10 0.497643
28 3 8.517858
28 12 122.96491
28 9 1.6273072
28 19 85.27196
29 0 22.981125
29 30 2.6703067
29 8 1.5905746
29 18 2.1645525
29 13 1.1019174
29 33 54.020535
29 11 1.5342382
29 5 18.276049
29 34 5.3794613
29 20 54.58331
29 2 1.6780039
29 37 1.464042
29 7 2000.0
29 27 1.2460042
29 16 335.78864
29 23 1.9132209
29 25 6.96675
30 8 0.5716904
30 18 0.9879034
30 13 43.529724
30 33 18.050367
30 11 1.0837421
30 29 2.6703067
30 5 1.003751
30 34 0.8174261
30 20 1.9330167
30 2 27.287338
30 14 15.997728
30 37 14.078727
30 7 0.9013325
30 27 0.2161717
30 16 1.0872464
30 23 2.9378736
30 25 29.3181
31 26 0.21704547
31 6 0.18257576
31 10 1.1774069
31 35 14.265911
31 22 65.454544
31 21 2000.0
31 9 0.028548732
31 4 0.06801025
31 17 0.9994039
31 19 0.07647613
32 26 53.333332
32 24 0.4480592
32 12 5.128163
32 15 0.07816446
33 30 18.050367
33 13 1.2942779
33 11 2.155431
33 29 54.020535
33 5 2000.0
33 34 2000.0
33 20 1.9603542
33 2 2.826545
33 14 0.38940683
33 7 2000.0
33 27 0.8118339
33 16 2738.6362
33 25 0.68122965
34 30 0.8174261
34 20 0.7863093
34 8 16.235107
34 37 2000.0
34 7 3302.2158
34 13 451.6569
34 27 0.8371902
34 16 31.600721
34 11 4.3304777
34 29 5.3794613
34 25 1.5343306
34 5 2.9389396
35 21 0.041422285
35 31 14.265911
36 26 2000.0
36 28 0.034333136
36 3 0.54437476
36 9 0.6241296
37 30 14.078727
37 0 2.6704226
37 8 1.7077614
37 18 4.0209446
37 13 1.4944364
37 11 2.1522596
37 29 1.464042
37 5 11.971021
37 20 8.849115
37 2 1.0916175
37 7 2964.4316
37 27 1.1017835
37 16 2000.0
37 23 1.7911128
37 25 74.870865
