0 2 1.6469612
0 37 4.03967
0 13 0.8499255
0 29 79.31871
0 25 14.167756
1 3 0.8168019
1 12 53.333332
2 30 25.654943
2 0 1.6469612
2 8 1.7868469
2 18 2.2292488
2 13 0.5593622
2 33 1.8112524
2 11 1.7226058
2 29 0.8499315
2 20 5.318556
2 37 1.0957409
2 27 1.4126111
2 16 2000.0
2 23 7.26322
2 25 0.38044506
3 36 0.6758022
3 28 24.364122
3 24 2000.0
3 12 0.051093128
3 1 0.8168019
3 9 0.9352584
4 31 0.06857578
4 9 0.09294325
4 17 0.1482481
4 19 0.06849332
5 30 0.9683737
5 8 1.4443994
5 18 2.0943851
5 13 66.38139
5 11 4.4309587
5 29 15.367691
5 34 3.9162526
5 20 6.310103
5 37 14.4268675
5 7 45.348892
5 27 4.070922
5 16 1.970235
5 23 7.3356485
5 25 2000.0
6 31 0.11058712
6 17 1.9316657
7 30 1.0040505
7 20 58.71967
7 8 19.733315
7 37 477.00964
7 16 1.2782509
7 11 51.28264
7 23 1.5319072
7 25 3.113051
7 5 45.348892
8 0 2000.0
8 30 0.7877739
8 18 1.3570864
8 13 2.1414409
8 11 1.0251532
8 29 1.3231013
8 5 1.4443994
8 34 33.93518
8 2 1.7868469
8 37 1.4857465
8 7 19.733315
8 27 3.1336484
8 16 1.5285125
8 23 1.6082612
8 25 2000.0
9 36 0.6302377
9 26 2000.0
9 28 2.425519
9 10 7.8321905
9 22 0.06494554
9 31 0.029043078
9 3 0.9352584
9 12 2000.0
9 4 0.09294325
9 17 0.028822958
9 19 0.06929113
10 26 0.03036513
10 28 0.7882059
10 24 0.09686569
10 31 1.9515406
10 12 93.30335
10 9 7.8321905
10 17 0.03026267
11 0 2000.0
11 30 0.8208667
11 8 1.0251532
11 18 13.837854
11 13 1.7318766
11 33 1.5793842
11 29 1.4364008
11 5 4.4309587
11 34 3.4332469
11 20 2.6803584
11 2 1.7226058
11 37 1.4310752
11 7 51.28264
11 27 0.7803795
11 16 2.1846046
11 25 1.582732
12 26 0.47972623
12 32 3.8558404
12 10 93.30335
12 24 0.07382132
12 21 0.08586776
12 3 0.051093128
12 1 53.333332
13 30 101.169395
13 0 0.8499255
13 8 2.1414409
13 18 40.33735
13 33 0.8303434
13 11 1.7318766
13 29 1.374069
13 5 66.38139
13 34 1575.2273
13 20 1.4774909
13 2 0.5593622
13 14 5.6663976
13 37 1.410382
13 7 2000.0
13 27 0.45110044
13 16 94.22515
13 25 0.2650095
14 30 15.378367
14 20 2.1035335
14 13 5.6663976
14 27 2.5810997
14 33 0.402821
14 11 2000.0
14 25 2.3213265
15 32 0.07887324
15 21 7.230077
16 34 69.183174
16 30 1.120747
16 20 45.465244
16 8 1.5285125
16 18 1.4201111
16 7 1.2782509
16 13 94.22515
16 27 1.3613272
16 11 2.1846046
16 23 2.6943398
16 25 0.83445126
16 5 1.970235
17 6 1.9316657
17 26 1.6473455
17 10 0.03026267
17 24 0.0846101
17 31 0.9831394
17 9 0.028822958
17 4 0.1482481
17 19 1311.9319
18 0 2000.0
18 30 0.7297157
18 8 1.3570864
18 2 2.2292488
18 37 3.5272353
18 13 40.33735
18 27 64.93507
18 16 1.4201111
18 11 13.837854
18 23 1.3253888
18 29 1.551404
18 5 2.0943851
19 31 0.0813062
19 9 0.06929113
19 4 0.06849332
20 0 2000.0
20 30 3.845411
20 13 1.4774909
20 33 1.1756706
20 11 2.6803584
20 29 7.415381
20 5 6.310103
20 34 1.6619519
20 2 5.318556
20 14 2.1035335
20 37 3.070736
20 7 58.71967
20 27 2.4357502
20 16 45.465244
20 25 0.67711896
21 26 2000.0
21 32 2000.0
21 24 0.64167416
21 35 0.03363861
21 31 2000.0
21 12 0.08586776
21 15 7.230077
22 31 225.00002
22 9 0.06494554
22 19 2000.0
23 0 2000.0
23 30 1.218105
23 8 1.6082612
23 2 7.26322
23 37 0.9217712
23 18 1.3253888
23 7 1.5319072
23 16 2.6943398
23 11 2000.0
23 29 3.1144426
23 5 7.3356485
24 26 0.053357434
24 32 0.2639638
24 10 0.09686569
24 21 0.64167416
24 12 0.07382132
24 17 0.0846101
25 30 11.616449
25 0 14.167756
25 13 0.2650095
25 33 0.64931077
25 11 1.582732
25 29 1.8225515
25 34 1.413044
25 20 0.67711896
25 2 0.38044506
25 14 2.3213265
25 37 52.832626
25 7 3.113051
25 27 0.3890501
25 16 0.83445126
26 32 1201.8182
26 28 0.040710717
26 10 0.03036513
26 24 0.053357434
26 31 0.2684081
26 12 0.47972623
26 17 1.6473455
27 30 0.19852638
27 0 2000.0
27 8 3.1336484
27 18 64.93507
27 13 0.45110044
27 33 0.8609089
27 11 0.7803795
27 29 0.76616895
27 5 4.070922
27 34 1.73246
27 20 2.4357502
27 2 1.4126111
27 14 2.5810997
27 37 1.4306104
27 7 7259.886
27 16 1.3613272
27 25 0.3890501
28 36 0.03565799
28 26 0.040710717
28 10 0.7882059
28 12 1180.8523
28 3 24.364122
28 9 2.425519
28 19 1312.216
29 0 79.31871
29 30 2.7580945
29 8 1.3231013
29 18 1.551404
29 13 1.374069
29 33 22.901972
29 11 1.4364008
29 5 15.367691
29 34 6.0189204
29 20 7.415381
29 2 0.8499315
29 37 1.0446044
29 7 2000.0
29 27 0.76616895
29 16 2000.0
29 23 3.1144426
29 25 1.8225515
30 8 0.7877739
30 18 0.7297157
30 13 101.169395
30 33 5.5413704
30 11 0.8208667
30 29 2.7580945
30 5 0.9683737
30 34 1.2201542
30 20 3.845411
30 2 25.654943
30 14 15.378367
30 37 25.711903
30 7 1.0040505
30 27 0.19852638
30 16 1.120747
30 23 1.218105
30 25 11.616449
31 26 0.2684081
31 6 0.11058712
31 10 1.9515406
31 35 46.54252
31 22 225.00002
31 9 0.029043078
31 4 0.06857578
31 17 0.9831394
31 19 0.0813062
32 24 0.2639638
32 12 3.8558404
32 15 0.07887324
33 30 5.5413704
33 13 0.8303434
33 11 1.5793842
33 29 22.901972
33 5 2000.0
33 34 2000.0
33 20 1.1756706
33 2 1.8112524
33 14 0.402821
33 7 2000.0
33 27 0.8609089
33 16 3017.898
33 25 0.64931077
34 30 1.2201542
34 20 1.6619519
34 8 33.93518
34 37 2000.0
34 7 2000.0
34 27 1.73246
34 16 69.183174
34 11 3.4332469
34 29 6.0189204
34 25 1.413044
34 5 3.9162526
35 21 0.03363861
35 31 46.54252
36 28 0.03565799
36 3 0.6758022
36 9 0.6302377
37 30 25.711903
37 0 4.03967
37 8 1.4857465
37 18 3.5272353
37 13 1.410382
37 11 1.4310752
37 29 1.0446044
37 5 14.4268675
37 20 3.070736
37 2 1.0957409
37 7 477.00964
37 27 1.4306104
37 16 2000.0
37 23 0.9217712
37 25 52.832626
