0 2 1.314105
0 37 1.4524693
0 13 0.9891452
0 29 87.72371
0 25 17.590343
1 3 0.625
1 12 11.902571
2 30 14.064353
2 0 1.314105
2 8 1.8233145
2 18 6.5838246
2 13 0.64423984
2 33 1.9168366
2 11 2.1094506
2 29 1.1749054
2 20 3.7008433
2 37 1.162375
2 27 1.1310486
2 16 2000.0
2 23 15.938685
2 25 1.2020849
3 36 0.93926764
3 28 2.1297739
3 24 1134.375
3 12 0.0496426
3 1 0.625
3 9 0.5081532
4 31 0.06609238
4 9 0.08563313
4 17 0.11276002
4 19 0.07661805
5 30 0.597822
5 8 0.55104333
5 18 0.78455544
5 13 21.822153
5 11 2.7433937
5 29 2.0211701
5 34 3.0339162
5 20 2.798742
5 37 14.416173
5 7 15.197782
5 27 1.8318318
5 16 1.7279247
5 23 3.166792
5 25 2000.0
6 31 0.16262831
6 17 2.6138217
7 34 160.0
7 30 1.4309101
7 20 55.769432
7 8 9.023198
7 37 204.00853
7 16 1.3263048
7 23 1.3882511
7 11 154.08568
7 25 3.4099116
7 5 15.197782
8 0 2000.0
8 30 0.43942553
8 18 1.2838677
8 13 1.2479652
8 11 0.90444577
8 29 0.27057543
8 5 0.55104333
8 34 37.115948
8 2 1.8233145
8 37 0.9416582
8 7 9.023198
8 27 0.8630276
8 16 1.6339253
8 23 0.9026115
8 25 2000.0
9 36 0.48053262
9 28 1.5407991
9 10 15.054117
9 22 0.048749194
9 31 0.030653875
9 3 0.5081532
9 12 2000.0
9 4 0.08563313
9 17 0.031937316
9 19 0.06861254
10 26 0.03166667
10 28 0.30971506
10 24 0.0951486
10 31 8.849254
10 12 61.453876
10 9 15.054117
10 17 0.029748235
11 0 2000.0
11 30 0.71467173
11 8 0.90444577
11 18 14.691141
11 13 0.94579583
11 33 1.8015269
11 29 0.8747019
11 5 2.7433937
11 34 3.126365
11 20 3.5499337
11 2 2.1094506
11 37 1.9166334
11 7 154.08568
11 27 1.295888
11 16 2.1363912
11 25 0.8248294
12 26 1.9289466
12 32 2.803519
12 10 61.453876
12 24 0.07808988
12 21 0.23022878
12 3 0.0496426
12 1 11.902571
13 30 94.98547
13 0 0.9891452
13 8 1.2479652
13 18 116.166756
13 33 1.0230372
13 11 0.94579583
13 29 0.9507837
13 5 21.822153
13 34 327.9833
13 20 1.2571862
13 2 0.64423984
13 14 8.213434
13 37 1.2657765
13 7 2000.0
13 27 0.80163914
13 16 23.040909
13 25 0.40591893
14 34 2000.0
14 30 5.9338007
14 20 2.1320918
14 13 8.213434
14 27 5.6040707
14 33 0.569713
14 11 2000.0
14 25 4.968946
15 32 0.07752932
15 21 9.989702
16 30 1.1042174
16 0 2000.0
16 8 1.6339253
16 18 1.2028805
16 13 23.040909
16 11 2.1363912
16 5 1.7279247
16 34 97.47088
16 20 88.68224
16 7 1.3263048
16 27 1.5644659
16 23 2.5509148
16 25 1.1767116
17 6 2.6138217
17 26 1.5824376
17 10 0.029748235
17 24 0.20777804
17 31 0.98761064
17 9 0.031937316
17 4 0.11276002
17 19 24.684404
18 0 2000.0
18 30 0.6975215
18 8 1.2838677
18 13 116.166756
18 11 14.691141
18 29 1.6010514
18 5 0.78455544
18 2 6.5838246
18 37 2.9085488
18 7 2000.0
18 27 37.234577
18 16 1.2028805
18 23 1.5637126
19 31 0.09967009
19 9 0.06861254
19 17 24.684404
19 4 0.07661805
20 30 2.7614233
20 13 1.2571862
20 33 0.9062393
20 11 3.5499337
20 29 9.708524
20 5 2.798742
20 34 0.8840332
20 2 3.7008433
20 14 2.1320918
20 37 5.412212
20 7 55.769432
20 27 2.1916764
20 16 88.68224
20 25 0.9654879
21 26 2000.0
21 32 2000.0
21 24 1.1744385
21 35 0.030641021
21 12 0.23022878
21 15 9.989702
22 31 257.7273
22 9 0.048749194
22 19 2000.0
23 0 2000.0
23 30 1.6894656
23 8 0.9026115
23 2 15.938685
23 37 1.3458838
23 18 1.5637126
23 7 1.3882511
23 16 2.5509148
23 11 2000.0
23 29 1.4179742
23 5 3.166792
24 26 0.06599495
24 32 0.5049499
24 10 0.0951486
24 21 1.1744385
24 12 0.07808988
24 15 2000.0
24 17 0.20777804
25 0 17.590343
25 30 30.115639
25 13 0.40591893
25 33 1.0223958
25 11 0.8248294
25 29 1.8345859
25 34 2.069538
25 20 0.9654879
25 2 1.2020849
25 14 4.968946
25 37 40.968754
25 7 3.4099116
25 27 0.28956637
25 16 1.1767116
26 32 64.704544
26 28 0.1609504
26 10 0.03166667
26 24 0.06599495
26 31 0.19292226
26 12 1.9289466
26 17 1.5824376
27 30 0.3773104
27 0 2000.0
27 8 0.8630276
27 18 37.234577
27 13 0.80163914
27 33 0.78566927
27 11 1.295888
27 29 0.8072621
27 5 1.8318318
27 34 1.2267001
27 20 2.1916764
27 2 1.1310486
27 14 5.6040707
27 37 2.0449972
27 7 2000.0
27 16 1.5644659
27 25 0.28956637
28 36 0.036149405
28 26 0.1609504
28 10 0.30971506
28 3 2.1297739
28 12 1209.4886
28 9 1.5407991
28 19 1367.7273
29 0 87.72371
29 30 1.5797368
29 8 0.27057543
29 18 1.6010514
29 13 0.9507837
29 33 15.012735
29 11 0.8747019
29 5 2.0211701
29 34 4.8930593
29 20 9.708524
29 2 1.1749054
29 37 0.80314
29 7 2000.0
29 27 0.8072621
29 16 2000.0
29 23 1.4179742
29 25 1.8345859
30 8 0.43942553
30 18 0.6975215
30 13 94.98547
30 33 7.0362577
30 11 0.71467173
30 29 1.5797368
30 5 0.597822
30 34 1.5260395
30 20 2.7614233
30 2 14.064353
30 14 5.9338007
30 37 14.144233
30 7 1.4309101
30 27 0.3773104
30 16 1.1042174
30 23 1.6894656
30 25 30.115639
31 26 0.19292226
31 6 0.16262831
31 10 8.849254
31 35 142.8629
31 22 257.7273
31 9 0.030653875
31 4 0.06609238
31 17 0.98761064
31 19 0.09967009
32 26 64.704544
32 24 0.5049499
32 12 2.803519
32 15 0.07752932
33 30 7.0362577
33 8 2000.0
33 13 1.0230372
33 11 1.8015269
33 29 15.012735
33 5 2000.0
33 34 2000.0
33 20 0.9062393
33 2 1.9168366
33 14 0.569713
33 7 2000.0
33 27 0.78566927
33 16 3017.898
33 25 1.0223958
34 30 1.5260395
34 20 0.8840332
34 8 37.115948
34 37 2000.0
34 13 327.9833
34 7 160.0
34 27 1.2267001
34 16 97.47088
34 11 3.126365
34 29 4.8930593
34 25 2.069538
34 5 3.0339162
35 21 0.030641021
35 31 142.8629
36 28 0.036149405
36 3 0.93926764
36 9 0.48053262
37 30 14.144233
37 0 1.4524693
37 8 0.9416582
37 18 2.9085488
37 13 1.2657765
37 11 1.9166334
37 29 0.80314
37 5 14.416173
37 20 5.412212
37 2 1.162375
37 7 204.00853
37 27 2.0449972
37 16 2000.0
37 23 1.3458838
37 25 40.968754
