0 8 13.508898
0 2 0.9396775
0 37 0.89308786
0 13 0.83742857
0 11 151.35474
0 29 6.4981656
1 3 0.2950052
1 12 38.364697
2 30 25.261936
2 0 0.9396775
2 8 4.7203546
2 18 5.8767962
2 13 0.4267297
2 33 9.751945
2 11 1.677013
2 29 1.073532
2 20 2.9220486
2 37 1.0973485
2 27 1.2529714
2 16 2000.0
2 23 50.067
2 25 2.3628333
3 36 0.31919673
3 28 0.09082792
3 24 360.00003
3 12 0.06845391
3 1 0.2950052
3 9 0.24282786
4 31 0.06632828
4 9 0.06765029
4 17 0.081820354
4 19 0.08372115
5 30 0.7305689
5 8 0.9214321
5 18 0.33357242
5 13 2000.0
5 11 3.4794908
5 29 4.5736446
5 34 4.1552052
5 20 2.48428
5 37 2000.0
5 7 7.9149504
5 27 1.5672462
5 16 1.4444607
5 23 5.0232625
6 21 2000.0
6 31 1.3868301
6 17 1.3305196
7 34 4.6075563
7 30 1.333497
7 20 1.642391
7 8 295.40152
7 37 15.065185
7 27 79.9584
7 16 1.4171441
7 11 2.917918
7 23 1.1420851
7 25 5.3056345
7 5 7.9149504
8 0 13.508898
8 30 0.97671694
8 18 1.0077515
8 13 2.0717688
8 11 0.8039468
8 29 0.9024815
8 5 0.9214321
8 34 8.765601
8 2 4.7203546
8 37 2.1710396
8 7 295.40152
8 27 1.5531008
8 16 1.3575743
8 23 1.0143139
9 36 1.4337023
9 26 2000.0
9 28 9.999174
9 10 5.851934
9 22 0.3585888
9 31 0.028086994
9 3 0.24282786
9 17 0.05767992
9 4 0.06765029
9 19 0.07958271
10 26 0.033869192
10 28 0.40405843
10 24 0.07793004
10 31 0.029601648
10 12 7.770416
10 9 5.851934
10 17 0.030197164
11 0 151.35474
11 30 0.5274807
11 8 0.8039468
11 18 4.2087936
11 13 1.0421165
11 33 3.1072836
11 29 0.6439857
11 5 3.4794908
11 34 2.8686953
11 20 0.9373822
11 2 1.677013
11 37 1.3601394
11 7 2.917918
11 27 0.5926518
11 16 0.8612417
11 25 1.1264279
12 26 0.832475
12 28 4.2466245
12 32 0.24065512
12 10 7.770416
12 24 0.07703734
12 21 0.074727915
12 3 0.06845391
12 1 38.364697
13 30 1.06367
13 0 0.83742857
13 8 2.0717688
13 18 208.33334
13 33 0.79535395
13 11 1.0421165
13 29 0.96648306
13 34 5.9028354
13 20 0.60309774
13 2 0.4267297
13 14 2.434418
13 37 3.4080884
13 27 0.22712292
13 16 69.36553
13 25 0.6068336
14 20 0.8562201
14 13 2.434418
14 33 0.40184557
14 27 3.25445
14 11 2000.0
14 25 1.6355124
15 32 0.07283442
15 21 1.5071259
16 0 2000.0
16 30 1.0933009
16 8 1.3575743
16 18 0.66084
16 13 69.36553
16 11 0.8612417
16 29 424.01422
16 5 1.4444607
16 20 4.234794
16 37 68.33057
16 7 1.4171441
16 27 1.2329253
16 23 21.216148
16 25 1.077052
17 26 1.6767637
17 6 1.3305196
17 10 0.030197164
17 24 0.29183534
17 31 1.3713343
17 9 0.05767992
17 4 0.081820354
17 19 2.3247533
18 30 0.60488534
18 2 5.8767962
18 8 1.0077515
18 37 0.9654309
18 13 208.33334
18 7 2000.0
18 27 3.9473343
18 16 0.66084
18 23 1.2513158
18 11 4.2087936
18 29 0.9498217
18 5 0.33357242
19 31 0.09167714
19 9 0.07958271
19 17 2.3247533
19 4 0.08372115
20 30 6.1597085
20 13 0.60309774
20 33 1.5666907
20 11 0.9373822
20 29 2.8831222
20 5 2.48428
20 34 0.8710982
20 2 2.9220486
20 14 0.8562201
20 37 5.458251
20 7 1.642391
20 27 0.7304974
20 16 4.234794
20 25 0.6220064
21 10 2000.0
21 24 0.09414
21 35 0.042773478
21 12 0.074727915
21 15 1.5071259
22 6 1684.2046
22 31 1232.6136
22 9 0.3585888
22 19 1248.466
23 0 2000.0
23 30 1.264316
23 2 50.067
23 8 1.0143139
23 37 2.2316256
23 18 1.2513158
23 7 1.1420851
23 16 21.216148
23 11 2000.0
23 29 3.1374524
23 5 5.0232625
24 26 0.083119236
24 32 0.13201536
24 10 0.07793004
24 21 0.09414
24 31 13.729779
24 12 0.07703734
24 3 360.00003
24 15 2000.0
24 17 0.29183534
25 0 2000.0
25 30 5.0425124
25 13 0.6068336
25 33 0.6634695
25 11 1.1264279
25 29 5.9241815
25 34 2.9167118
25 20 0.6220064
25 2 2.3628333
25 14 1.6355124
25 37 44.842007
25 7 5.3056345
25 27 0.837278
25 16 1.077052
26 32 37.35778
26 28 0.0508706
26 10 0.033869192
26 24 0.083119236
26 31 0.096655644
26 12 0.832475
26 17 1.6767637
27 0 2000.0
27 30 0.16519924
27 8 1.5531008
27 18 3.9473343
27 13 0.22712292
27 33 1.1329257
27 11 0.5926518
27 29 0.86213404
27 5 1.5672462
27 34 1.3764704
27 20 0.7304974
27 2 1.2529714
27 14 3.25445
27 37 1.3840026
27 7 79.9584
27 16 1.2329253
27 25 0.837278
28 36 0.040692642
28 26 0.0508706
28 10 0.40405843
28 3 0.09082792
28 12 4.2466245
28 9 9.999174
29 0 6.4981656
29 30 5.3559036
29 8 0.9024815
29 18 0.9498217
29 13 0.96648306
29 11 0.6439857
29 5 4.5736446
29 34 3.3304856
29 20 2.8831222
29 2 1.073532
29 37 0.9538948
29 7 2000.0
29 27 0.86213404
29 16 424.01422
29 23 3.1374524
29 25 5.9241815
30 0 2000.0
30 8 0.97671694
30 18 0.60488534
30 13 1.06367
30 33 2.6214094
30 11 0.5274807
30 29 5.3559036
30 5 0.7305689
30 34 3.908895
30 20 6.1597085
30 2 25.261936
30 14 2000.0
30 37 9.356121
30 7 1.333497
30 27 0.16519924
30 16 1.0933009
30 23 1.264316
30 25 5.0425124
31 26 0.096655644
31 6 1.3868301
31 10 0.029601648
31 24 13.729779
31 9 0.028086994
31 17 1.3713343
31 4 0.06632828
31 19 0.09167714
32 26 37.35778
32 24 0.13201536
32 12 0.24065512
32 15 0.07283442
33 30 2.6214094
33 8 2000.0
33 13 0.79535395
33 11 3.1072836
33 29 2382.1023
33 5 2000.0
33 34 2000.0
33 20 1.5666907
33 2 9.751945
33 14 0.40184557
33 7 2000.0
33 27 1.1329257
33 16 2000.0
33 25 0.6634695
34 30 3.908895
34 20 0.8710982
34 8 8.765601
34 7 4.6075563
34 13 5.9028354
34 27 1.3764704
34 16 2536.0227
34 11 2.8686953
34 25 2.9167118
34 29 3.3304856
34 5 4.1552052
35 21 0.042773478
36 26 2000.0
36 28 0.040692642
36 3 0.31919673
36 9 1.4337023
37 30 9.356121
37 0 0.89308786
37 8 2.1710396
37 18 0.9654309
37 13 3.4080884
37 11 1.3601394
37 29 0.9538948
37 20 5.458251
37 2 1.0973485
37 7 15.065185
37 27 1.3840026
37 16 68.33057
37 23 2.2316256
37 25 44.842007
