0 2 0.9348883
0 37 1.3806751
0 13 1.1364025
0 29 21.737783
0 25 22.381948
1 3 0.64182264
1 12 6.565806
2 30 12.812124
2 0 0.9348883
2 8 1.2487466
2 18 2.5073678
2 13 0.6773751
2 33 1.9473056
2 11 1.6485746
2 29 1.3493944
2 20 4.836695
2 37 0.99719226
2 27 1.1484044
2 16 2000.0
2 23 8.451339
2 25 0.55877423
3 36 0.5196703
3 28 1.3802556
3 24 245.00002
3 12 0.077234715
3 1 0.64182264
3 9 0.9710815
4 31 0.08514872
4 9 0.08161394
4 17 0.13964517
4 19 0.07009743
5 30 0.64905
5 8 0.6626581
5 18 0.8345912
5 13 21.788948
5 11 1.4833511
5 29 2.2223792
5 34 2.1093845
5 20 2.166302
5 37 8.177516
5 7 12.12142
5 27 1.4990703
5 16 1.3403888
5 23 2.6084316
5 25 2000.0
6 31 0.18908346
6 17 2.363493
7 34 160.0
7 30 0.95611936
7 20 30.156528
7 8 5.7845407
7 37 303.8182
7 16 1.3071438
7 23 1.3582606
7 25 3.8928418
7 5 12.12142
8 0 2000.0
8 30 0.3233597
8 18 1.2223628
8 13 0.4676901
8 11 0.88388693
8 29 0.41980916
8 5 0.6626581
8 34 23.9764
8 2 1.2487466
8 37 0.8511151
8 7 5.7845407
8 27 0.66306067
8 16 1.4718832
8 23 0.7265291
8 25 2000.0
9 36 0.3685922
9 28 1.340909
9 10 72.77083
9 22 0.047773298
9 31 0.02970364
9 3 0.9710815
9 4 0.08161394
9 17 0.033712123
9 19 0.07767595
10 26 0.032234848
10 28 0.3643182
10 24 0.08343024
10 31 12.26281
10 12 88.888885
10 9 72.77083
10 17 0.029995603
11 0 2000.0
11 30 0.6440889
11 8 0.88388693
11 18 7.399609
11 13 0.68444204
11 33 2.762581
11 29 1.0663328
11 5 1.4833511
11 34 2.9096048
11 20 1.1741636
11 2 1.6485746
11 37 1.3513691
11 7 3761.932
11 27 0.6502645
11 16 1.0210046
11 25 0.9207338
12 26 3.7175863
12 32 2.9286404
12 10 88.888885
12 24 0.07444305
12 21 0.5531169
12 3 0.077234715
12 1 6.565806
13 30 109.39579
13 0 1.1364025
13 8 0.4676901
13 18 123.111336
13 33 0.7087436
13 11 0.68444204
13 29 0.9024332
13 5 21.788948
13 34 115.88389
13 20 1.1770258
13 2 0.6773751
13 14 6.715284
13 37 1.1388067
13 7 2000.0
13 27 0.3843297
13 16 22.074007
13 25 0.42747763
14 30 14.5816765
14 20 1.360032
14 13 6.715284
14 27 4.4746265
14 33 0.3967284
14 11 2000.0
14 25 3.0067163
15 32 0.06921254
15 21 4.9335365
16 0 2000.0
16 30 1.1053584
16 8 1.4718832
16 18 1.4271461
16 13 22.074007
16 11 1.0210046
16 5 1.3403888
16 34 82.52028
16 20 19.550089
16 7 1.3071438
16 27 1.415001
16 23 2.0194294
16 25 1.5433416
17 6 2.363493
17 26 1.4109849
17 10 0.029995603
17 24 0.16779931
17 31 0.97394955
17 9 0.033712123
17 4 0.13964517
17 19 184.85867
18 0 2000.0
18 30 0.7247698
18 8 1.2223628
18 13 123.111336
18 11 7.399609
18 29 1.1322254
18 5 0.8345912
18 2 2.5073678
18 37 2.201742
18 7 2000.0
18 27 25.533846
18 16 1.4271461
18 23 1.2762145
19 28 85.51588
19 31 0.10552678
19 9 0.07767595
19 4 0.07009743
19 17 184.85867
20 30 1.1895279
20 13 1.1770258
20 33 0.82361037
20 11 1.1741636
20 29 4.725498
20 5 2.166302
20 34 0.8408294
20 2 4.836695
20 14 1.360032
20 37 2.1181033
20 7 30.156528
20 27 1.8000761
20 16 19.550089
20 25 0.4545262
21 26 2000.0
21 32 2000.0
21 24 1.102394
21 35 0.029403636
21 31 2000.0
21 12 0.5531169
21 15 4.9335365
22 31 114.28571
22 9 0.047773298
22 19 2000.0
23 0 2000.0
23 30 1.4477476
23 8 0.7265291
23 2 8.451339
23 37 1.2746532
23 18 1.2762145
23 7 1.3582606
23 16 2.0194294
23 11 2000.0
23 29 0.9885452
23 5 2.6084316
24 26 0.04221939
24 32 0.43661132
24 10 0.08343024
24 21 1.102394
24 12 0.07444305
24 3 245.00002
24 15 2000.0
24 17 0.16779931
25 30 18.025759
25 0 22.381948
25 13 0.42747763
25 33 0.6255412
25 11 0.9207338
25 29 1.4066938
25 34 3.5616086
25 20 0.4545262
25 2 0.55877423
25 14 3.0067163
25 37 67.98054
25 7 3.8928418
25 27 0.3889001
25 16 1.5433416
26 32 35.91648
26 28 0.06538009
26 10 0.032234848
26 24 0.04221939
26 31 0.16697633
26 12 3.7175863
26 17 1.4109849
27 30 0.3006212
27 0 2000.0
27 8 0.66306067
27 18 25.533846
27 13 0.3843297
27 33 0.7603595
27 11 0.6502645
27 29 0.69547594
27 5 1.4990703
27 34 1.4467769
27 20 1.8000761
27 2 1.1484044
27 14 4.4746265
27 37 0.88421494
27 7 7117.8975
27 16 1.415001
27 25 0.3889001
28 36 0.034875132
28 26 0.06538009
28 10 0.3643182
28 3 1.3802556
28 12 1211.9319
28 9 1.340909
28 19 85.51588
29 0 21.737783
29 30 0.8559783
29 8 0.41980916
29 18 1.1322254
29 13 0.9024332
29 33 11.978394
29 11 1.0663328
29 5 2.2223792
29 34 3.8062463
29 20 4.725498
29 2 1.3493944
29 37 0.9135715
29 7 2000.0
29 27 0.69547594
29 16 2000.0
29 23 0.9885452
29 25 1.4066938
30 8 0.3233597
30 18 0.7247698
30 13 109.39579
30 33 10.735548
30 11 0.6440889
30 29 0.8559783
30 5 0.64905
30 34 1.8587651
30 20 1.1895279
30 2 12.812124
30 14 14.5816765
30 37 23.09756
30 7 0.95611936
30 27 0.3006212
30 16 1.1053584
30 23 1.4477476
30 25 18.025759
31 26 0.16697633
31 6 0.18908346
31 10 12.26281
31 22 114.28571
31 9 0.02970364
31 4 0.08514872
31 17 0.97394955
31 19 0.10552678
32 26 35.91648
32 24 0.43661132
32 12 2.9286404
32 15 0.06921254
33 30 10.735548
33 8 2000.0
33 13 0.7087436
33 11 2.762581
33 29 11.978394
33 5 2000.0
33 34 2000.0
33 20 0.82361037
33 2 1.9473056
33 14 0.3967284
33 7 2000.0
33 27 0.7603595
33 16 3017.898
33 25 0.6255412
34 30 1.8587651
34 20 0.8408294
34 8 23.9764
34 37 2000.0
34 7 160.0
34 13 115.88389
34 27 1.4467769
34 16 82.52028
34 11 2.9096048
34 29 3.8062463
34 25 3.5616086
34 5 2.1093845
35 21 0.029403636
35 31 1183.409
36 28 0.034875132
36 3 0.5196703
36 9 0.3685922
37 30 23.09756
37 0 1.3806751
37 8 0.8511151
37 18 2.201742
37 13 1.1388067
37 11 1.3513691
37 29 0.9135715
37 5 8.177516
37 20 2.1181033
37 2 0.99719226
37 7 303.8182
37 27 0.88421494
37 16 2000.0
37 23 1.2746532
37 25 67.98054
