0 2 0.8475169
0 37 2.0075657
0 13 0.8669653
0 25 29.399311
0 29 2.8188834
1 3 0.6382849
1 12 17.684944
2 30 6.122505
2 0 0.8475169
2 8 1.2454908
2 18 1.3712753
2 13 0.49964607
2 33 2.2785876
2 11 1.9228536
2 29 1.2690357
2 20 6.4659276
2 37 1.0274937
2 27 692.89777
2 16 2000.0
2 23 45.556454
2 25 0.4942245
3 36 0.8073668
3 28 0.43749997
3 24 2000.0
3 12 0.07173257
3 1 0.6382849
3 9 0.57660306
4 31 0.06682972
4 9 0.06698864
4 17 0.10753644
4 19 0.067596495
5 30 0.70241934
5 8 0.92223537
5 18 1.0657703
5 13 16.353626
5 11 3.0137365
5 29 1.1211231
5 34 2.2355332
5 20 2.798992
5 37 18.488756
5 7 25.67699
5 27 779.5454
5 16 1.498856
5 23 3.2759743
5 25 2000.0
6 31 0.17334127
6 17 1.9391054
7 30 0.6174839
7 20 20.558949
7 8 6.5214634
7 37 340.5625
7 16 1.0342164
7 23 1.2944901
7 11 100.062645
7 25 1.7099689
7 5 25.67699
8 0 2000.0
8 30 0.38324812
8 18 1.233959
8 13 1.202443
8 11 1.4729979
8 29 0.4939197
8 5 0.92223537
8 34 13.306015
8 2 1.2454908
8 37 1.384428
8 7 6.5214634
8 27 1067.7273
8 16 1.8406147
8 23 1.224868
8 25 2000.0
9 36 1.0713806
9 26 2000.0
9 28 0.95894444
9 10 9.092767
9 22 0.05534297
9 31 0.031448133
9 3 0.57660306
9 12 2000.0
9 4 0.06698864
9 17 0.03153094
9 19 0.09442815
10 26 35.795452
10 28 0.56912225
10 24 0.13076279
10 31 4.89586
10 12 32.426983
10 9 9.092767
10 17 0.028567998
11 0 2000.0
11 30 0.74985105
11 8 1.4729979
11 18 5.123326
11 13 1.1798822
11 33 2.267722
11 29 0.5040072
11 5 3.0137365
11 34 2.7953508
11 20 2.072667
11 2 1.9228536
11 37 1.6317606
11 7 100.062645
11 27 692.89777
11 16 1.1023657
11 25 0.8479542
12 26 2000.0
12 32 7.903636
12 10 32.426983
12 24 0.08151042
12 21 0.10814678
12 3 0.07173257
12 1 17.684944
13 30 41.046543
13 0 0.8669653
13 8 1.202443
13 18 27.70056
13 33 1.0523525
13 11 1.1798822
13 29 0.95906526
13 5 16.353626
13 34 159.95525
13 20 0.947127
13 2 0.49964607
13 14 3.365575
13 37 1.6016182
13 7 2000.0
13 27 150.96591
13 16 62.663353
13 25 0.23832259
14 30 9.17742
14 20 1.2513393
14 13 3.365575
14 27 5234.1475
14 33 0.45381325
14 11 2000.0
14 25 2.4238918
15 32 0.06861099
15 21 7.4899073
16 30 1.0508523
16 0 2000.0
16 8 1.8406147
16 18 1.5804008
16 13 62.663353
16 11 1.1023657
16 5 1.498856
16 34 23.781273
16 20 79.21279
16 7 1.0342164
16 27 1119.8296
16 23 3.7878106
16 25 0.6982491
17 6 1.9391054
17 26 1034.8864
17 10 0.028567998
17 24 0.060688455
17 31 0.9217519
17 9 0.03153094
17 4 0.10753644
17 19 114.66389
18 0 2000.0
18 30 0.5864735
18 8 1.233959
18 13 27.70056
18 11 5.123326
18 29 0.91363233
18 5 1.0657703
18 2 1.3712753
18 37 3.116657
18 7 2000.0
18 27 2000.0
18 16 1.5804008
18 23 1.1399336
19 28 36.469322
19 31 0.090259746
19 9 0.09442815
19 17 114.66389
19 4 0.067596495
20 30 1.9147502
20 13 0.947127
20 33 0.99956465
20 11 2.072667
20 29 3.171854
20 5 2.798992
20 34 1.0280069
20 2 6.4659276
20 14 1.2513393
20 37 2.7447748
20 7 20.558949
20 27 957.6705
20 16 79.21279
20 25 0.36948094
21 26 2000.0
21 32 2000.0
21 24 0.9211432
21 35 0.033712324
21 12 0.10814678
21 15 7.4899073
22 31 163.63637
22 9 0.05534297
22 19 2000.0
23 0 2000.0
23 30 3.399217
23 8 1.224868
23 2 45.556454
23 37 1.6843672
23 18 1.1399336
23 7 1.2944901
23 16 3.7878106
23 11 2000.0
23 29 1.5162373
23 5 3.2759743
24 26 37.045452
24 32 0.2943206
24 10 0.13076279
24 21 0.9211432
24 12 0.08151042
24 15 2000.0
24 17 0.060688455
25 0 29.399311
25 30 15.029571
25 13 0.23832259
25 33 0.5086265
25 11 0.8479542
25 29 1.852862
25 34 2.7803633
25 20 0.36948094
25 2 0.4942245
25 14 2.4238918
25 7 1.7099689
25 27 229.14774
25 16 0.6982491
28 36 0.031240685
28 26 51.81818
28 10 0.56912225
28 3 0.43749997
28 12 1219.8296
28 9 0.95894444
28 19 36.469322
29 0 2.8188834
29 30 1.2226712
29 8 0.4939197
29 18 0.91363233
29 13 0.95906526
29 11 0.5040072
29 5 1.1211231
29 34 9.3216505
29 20 3.171854
29 2 1.2690357
29 37 1.1799909
29 7 2000.0
29 27 1898.9204
29 16 2000.0
29 23 1.5162373
29 25 1.852862
30 8 0.38324812
30 18 0.5864735
30 13 41.046543
30 33 11.488352
30 11 0.74985105
30 29 1.2226712
30 5 0.70241934
30 34 0.89073527
30 20 1.9147502
30 2 6.122505
30 14 9.17742
30 37 8.877708
30 7 0.6174839
30 27 147.78409
30 16 1.0508523
30 23 3.399217
30 25 15.029571
31 26 2000.0
31 6 0.17334127
31 10 4.89586
31 35 8.778029
31 22 163.63637
31 9 0.031448133
31 4 0.06682972
31 17 0.9217519
31 19 0.090259746
32 26 2000.0
32 24 0.2943206
32 12 7.903636
32 15 0.06861099
33 30 11.488352
33 13 1.0523525
33 11 2.267722
33 29 2034.6592
33 5 2000.0
33 34 2000.0
33 20 0.99956465
33 2 2.2785876
33 14 0.45381325
33 7 2000.0
33 27 698.2386
33 16 2619.6023
33 25 0.5086265
34 30 0.89073527
34 20 1.0280069
34 8 13.306015
34 37 2000.0
34 7 2000.0
34 13 159.95525
34 27 716.8182
34 16 23.781273
34 11 2.7953508
34 29 9.3216505
34 25 2.7803633
34 5 2.2355332
35 21 0.033712324
35 31 8.778029
36 28 0.031240685
36 3 0.8073668
36 9 1.0713806
37 30 8.877708
37 0 2.0075657
37 8 1.384428
37 18 3.116657
37 13 1.6016182
37 11 1.6317606
37 29 1.1799909
37 5 18.488756
37 20 2.7447748
37 2 1.0274937
37 7 340.5625
37 27 725.7955
37 16 2000.0
37 23 1.6843672
37 25 1772.8408
