0 8 5.8368306
0 2 1.690341
0 37 0.79837173
0 13 0.7269033
0 11 79.36607
0 25 2000.0
0 29 12.56173
1 3 0.20692223
1 12 1202.159
2 30 9.8283615
2 0 1.690341
2 8 1.3203806
2 18 10.00648
2 13 0.44893044
2 33 1.8734846
2 11 1.1524124
2 29 0.99484277
2 20 1.7111818
2 37 0.38913718
2 27 0.56868654
2 16 2000.0
2 23 53.568367
2 25 2.5373528
3 36 0.26654515
3 28 0.42065394
3 24 342.85715
3 12 0.05680691
3 1 0.20692223
3 9 0.8771037
4 31 0.08415834
4 9 0.09581369
4 17 0.08782368
4 19 0.090814486
5 30 0.5944425
5 8 0.60434616
5 18 0.3482933
5 13 93.11033
5 11 1.9508642
5 29 2.7279763
5 34 1.3887247
5 20 2.9229233
5 37 2000.0
5 7 4.945086
5 27 2.2493196
5 16 1.4977965
5 23 3.8428247
6 22 78.83401
6 31 0.6965743
6 17 1.8076367
7 34 18.137121
7 30 1.0832568
7 20 1.6960766
7 8 29.267727
7 37 23.764652
7 16 1.6768265
7 11 8.657431
7 23 1.3073498
7 25 3.2896345
7 5 4.945086
8 0 5.8368306
8 30 0.9072395
8 18 1.0117158
8 13 2.9721453
8 11 3.0421603
8 29 0.61748266
8 5 0.60434616
8 34 3.38217
8 2 1.3203806
8 37 0.9099501
8 7 29.267727
8 27 1.6406704
8 16 1.3703111
8 23 1.0823046
9 36 2.2472787
9 26 2000.0
9 28 2.5763638
9 10 5.293561
9 22 0.6413257
9 31 0.067541815
9 12 2000.0
9 3 0.8771037
9 17 0.19506434
9 4 0.09581369
9 19 0.07473248
10 26 0.038512822
10 28 0.13733765
10 24 0.11937799
10 31 0.037103113
10 12 11.730681
10 9 5.293561
10 17 0.037844636
11 0 79.36607
11 30 0.3851543
11 8 3.0421603
11 18 7.5515294
11 13 0.44083
11 33 2.1793134
11 29 0.5021571
11 5 1.9508642
11 34 2.1111732
11 20 0.7579261
11 2 1.1524124
11 37 1.2511866
11 7 8.657431
11 27 0.37933123
11 16 0.84129435
11 25 1.232414
12 26 0.88781834
12 28 3.8625822
12 32 0.26456147
12 10 11.730681
12 24 0.07632441
12 21 0.0902086
12 3 0.05680691
13 30 0.8186552
13 0 0.7269033
13 8 2.9721453
13 18 160.09186
13 33 1.1017838
13 11 0.44083
13 29 0.83964366
13 5 93.11033
13 34 9.311079
13 20 0.47021222
13 2 0.44893044
13 14 2.383627
13 37 0.893409
13 27 0.307824
13 16 34.21359
13 25 0.76497155
14 20 2.8458605
14 13 2.383627
14 27 2.61157
14 33 0.5540905
14 11 2000.0
14 25 2.6385143
15 32 0.08419067
15 21 0.7022695
16 30 1.0842376
16 0 2000.0
16 8 1.3703111
16 18 0.9187798
16 13 34.21359
16 11 0.84129435
16 29 34.54624
16 5 1.4977965
16 20 5.2588463
16 37 8.766323
16 7 1.6768265
16 27 1.4468882
16 23 6.8643227
16 25 2.097955
17 26 1.8388244
17 6 1.8076367
17 10 0.037844636
17 24 0.37831283
17 31 1.1566836
17 9 0.19506434
17 4 0.08782368
17 19 2.9810607
18 30 0.80492485
18 2 10.00648
18 8 1.0117158
18 37 1.0661508
18 13 160.09186
18 7 2000.0
18 27 3.9517574
18 16 0.9187798
18 23 1.2260482
18 11 7.5515294
18 29 1.1431115
18 5 0.3482933
19 31 0.07817827
19 9 0.07473248
19 17 2.9810607
19 4 0.090814486
20 30 7.3673778
20 13 0.47021222
20 33 1.7386767
20 11 0.7579261
20 29 2.262237
20 5 2.9229233
20 34 0.9783923
20 2 1.7111818
20 14 2.8458605
20 37 1.9346733
20 7 1.6960766
20 27 0.4204408
20 16 5.2588463
20 25 1.208846
21 32 400.0
21 24 1.1624876
21 35 0.030933686
21 12 0.0902086
21 15 0.7022695
22 6 78.83401
22 31 1198.125
22 9 0.6413257
22 19 1380.284
23 30 2.1322386
23 0 2000.0
23 2 53.568367
23 8 1.0823046
23 37 2.1924815
23 18 1.2260482
23 7 1.3073498
23 16 6.8643227
23 11 2000.0
23 29 2.894735
23 5 3.8428247
24 26 0.08562019
24 32 0.13250165
24 10 0.11937799
24 21 1.1624876
24 31 2.5573604
24 12 0.07632441
24 3 342.85715
24 15 2000.0
24 17 0.37831283
25 30 1.801393
25 13 0.76497155
25 33 0.3229839
25 11 1.232414
25 29 2.9919386
25 34 1.0583625
25 20 1.208846
25 2 2.5373528
25 14 2.6385143
25 37 456.62604
25 7 3.2896345
25 27 0.78967017
25 16 2.097955
26 32 21.286999
26 28 0.050879765
26 10 0.038512822
26 24 0.08562019
26 31 0.08202391
26 12 0.88781834
26 17 1.8388244
27 0 2000.0
27 30 0.33399427
27 8 1.6406704
27 18 3.9517574
27 13 0.307824
27 33 0.9948995
27 11 0.37933123
27 29 0.68799067
27 5 2.2493196
27 34 0.98976386
27 20 0.4204408
27 2 0.56868654
27 14 2.61157
27 37 0.5972059
27 7 2915.1138
27 16 1.4468882
27 25 0.78967017
28 36 0.03576796
28 26 0.050879765
28 10 0.13733765
28 3 0.42065394
28 12 3.8625822
28 9 2.5763638
29 0 12.56173
29 30 3.6207068
29 8 0.61748266
29 18 1.1431115
29 13 0.83964366
29 11 0.5021571
29 5 2.7279763
29 34 5.4000444
29 20 2.262237
29 2 0.99484277
29 37 0.5041542
29 7 2000.0
29 27 0.68799067
29 16 34.54624
29 23 2.894735
29 25 2.9919386
30 0 2000.0
30 8 0.9072395
30 18 0.80492485
30 13 0.8186552
30 33 2.01528
30 11 0.3851543
30 29 3.6207068
30 5 0.5944425
30 34 1.2066761
30 20 7.3673778
30 2 9.8283615
30 14 2000.0
30 37 5.056897
30 7 1.0832568
30 27 0.33399427
30 16 1.0842376
30 23 2.1322386
30 25 1.801393
31 26 0.08202391
31 6 0.6965743
31 10 0.037103113
31 24 2.5573604
31 22 1198.125
31 9 0.067541815
31 17 1.1566836
31 4 0.08415834
31 19 0.07817827
32 26 21.286999
32 24 0.13250165
32 21 400.0
32 12 0.26456147
32 15 0.08419067
33 34 2000.0
33 30 2.01528
33 20 1.7386767
33 2 1.8734846
33 14 0.5540905
33 7 2000.0
33 13 1.1017838
33 27 0.9948995
33 16 2226.3638
33 11 2.1793134
33 29 8077.4434
33 25 0.3229839
34 30 1.2066761
34 20 0.9783923
34 8 3.38217
34 13 9.311079
34 7 18.137121
34 27 0.98976386
34 16 1215.0568
34 11 2.1111732
34 25 1.0583625
34 29 5.4000444
34 5 1.3887247
35 21 0.030933686
36 26 2000.0
36 28 0.03576796
36 3 0.26654515
36 9 2.2472787
37 30 5.056897
37 0 0.79837173
37 8 0.9099501
37 18 1.0661508
37 13 0.893409
37 11 1.2511866
37 29 0.5041542
37 20 1.9346733
37 2 0.38913718
37 7 23.764652
37 27 0.5972059
37 16 8.766323
37 23 2.1924815
37 25 456.62604
