0 8 5.2349215
0 2 1.2486669
0 37 1.0643585
0 13 0.8423864
0 29 10.921649
1 3 0.21308653
1 12 72.72727
2 30 13.42067
2 0 1.2486669
2 8 1.5303078
2 18 13.443158
2 13 0.37175682
2 33 1.6550643
2 11 1.3236253
2 29 0.86187136
2 20 3.1281013
2 37 0.79065305
2 27 1.1045061
2 16 2000.0
2 23 47.048126
2 25 1.2239052
3 36 0.30438545
3 28 0.074884586
3 24 400.0
3 12 0.05566288
3 1 0.21308653
3 9 0.5991718
4 31 0.08317963
4 9 0.06946481
4 17 0.086233236
4 19 0.082505055
5 30 0.6174303
5 8 1.0017536
5 18 0.56136364
5 13 154.48485
5 11 4.8305497
5 29 4.3702545
5 34 1.369156
5 20 3.3214064
5 37 2000.0
5 7 4.0402546
5 27 1.8071245
5 16 1.684512
5 23 4.335819
6 21 2000.0
6 22 251.0211
6 31 0.22558995
6 17 0.82851166
7 34 14.829201
7 30 1.0258054
7 20 1.3896903
7 8 23.836098
7 37 8.682968
7 27 133.382
7 16 1.2050481
7 11 7.1139603
7 23 1.1475477
7 25 5.8512673
7 5 4.0402546
8 0 5.2349215
8 30 0.70171386
8 18 0.969639
8 13 2.4770398
8 11 0.52669346
8 29 1.1956774
8 5 1.0017536
8 34 3.0299242
8 2 1.5303078
8 37 1.190211
8 7 23.836098
8 27 1.6893016
8 16 1.8186927
8 23 1.0361776
9 36 1.0951108
9 26 2000.0
9 28 0.9486165
9 10 15.162125
9 22 0.25907934
9 31 0.031314325
9 3 0.5991718
9 17 0.038474314
9 4 0.06946481
9 19 0.08508538
10 26 0.035364397
10 28 0.36572966
10 24 0.04302138
10 31 0.036252227
10 12 8.303003
10 9 15.162125
10 17 0.06318043
11 0 2636.534
11 30 0.48450536
11 8 0.52669346
11 18 6.6147423
11 13 0.43525773
11 33 2.475823
11 29 1.1171434
11 5 4.8305497
11 34 3.8411334
11 20 0.6741501
11 2 1.3236253
11 37 1.4991499
11 7 7.1139603
11 27 0.40028894
11 16 1.1933634
11 25 1.1024975
12 26 1.5974091
12 28 4.2917466
12 32 0.18280303
12 10 8.303003
12 24 0.081116304
12 21 0.08001417
12 3 0.05566288
12 1 72.72727
13 30 1.147978
13 0 0.8423864
13 8 2.4770398
13 18 2000.0
13 33 0.8797023
13 11 0.43525773
13 29 0.6339173
13 5 154.48485
13 34 13.338328
13 20 0.60299504
13 2 0.37175682
13 14 3.5874786
13 37 1.2839199
13 27 0.19924553
13 16 4746.875
13 25 0.5004993
14 20 2.089983
14 13 3.5874786
14 27 1.6574748
14 33 0.47469568
14 11 2000.0
14 25 1.3048838
15 32 0.07393541
15 21 0.80393654
16 0 2000.0
16 30 1.7238783
16 8 1.8186927
16 18 0.7849453
16 11 1.1933634
16 29 18.021719
16 5 1.684512
16 20 6.4790273
16 37 17.646929
16 7 1.2050481
16 27 2.7161815
16 23 7.978925
16 25 1.2235327
17 26 3.5294118
17 6 0.82851166
17 10 0.06318043
17 24 0.20409116
17 31 2.9411764
17 9 0.038474314
17 4 0.086233236
17 19 1.9376321
18 30 0.69658166
18 2 13.443158
18 8 0.969639
18 37 1.0009767
18 7 2000.0
18 27 9.16992
18 16 0.7849453
18 23 1.5247952
18 11 6.6147423
18 29 1.0969418
18 5 0.56136364
19 22 125.135185
19 31 0.11502187
19 9 0.08508538
19 17 1.9376321
19 4 0.082505055
20 30 4.5255127
20 13 0.60299504
20 33 1.3424621
20 11 0.6741501
20 29 2.797068
20 5 3.3214064
20 34 0.80280006
20 2 3.1281013
20 14 2.089983
20 37 2.3788042
20 7 1.3896903
20 27 0.51239276
20 16 6.4790273
20 25 0.6416882
21 32 2000.0
21 24 0.67364234
21 35 0.036548004
21 12 0.08001417
21 15 0.80393654
22 6 251.0211
22 31 132.68182
22 9 0.25907934
22 19 125.135185
23 0 2000.0
23 30 1.2298931
23 2 47.048126
23 8 1.0361776
23 37 1.3192705
23 18 1.5247952
23 7 1.1475477
23 16 7.978925
23 11 2000.0
23 29 2.2350793
23 5 4.335819
24 26 0.05399913
24 32 0.10000001
24 10 0.04302138
24 21 0.67364234
24 31 3.284223
24 3 400.0
24 12 0.081116304
24 15 2000.0
24 17 0.20409116
25 30 0.7585639
25 13 0.5004993
25 33 0.42307237
25 11 1.1024975
25 29 2.6372554
25 34 4.103696
25 20 0.6416882
25 2 1.2239052
25 14 1.3048838
25 37 24.184093
25 7 5.8512673
25 27 0.45515484
25 16 1.2235327
26 36 112.50001
26 32 14.7696495
26 28 0.10992085
26 10 0.035364397
26 24 0.05399913
26 31 0.079645246
26 12 1.5974091
26 17 3.5294118
27 0 2000.0
27 30 0.15777688
27 8 1.6893016
27 18 9.16992
27 13 0.19924553
27 33 1.311193
27 11 0.40028894
27 29 0.63474965
27 5 1.8071245
27 34 1.3252494
27 20 0.51239276
27 2 1.1045061
27 14 1.6574748
27 37 0.5829102
27 7 133.382
27 16 2.7161815
27 25 0.45515484
28 36 0.039856557
28 26 0.10992085
28 10 0.36572966
28 3 0.074884586
28 12 4.2917466
28 9 0.9486165
29 0 10.921649
29 30 8.324787
29 8 1.1956774
29 18 1.0969418
29 13 0.6339173
29 11 1.1171434
29 5 4.3702545
29 34 6.811772
29 20 2.797068
29 2 0.86187136
29 37 1.2887263
29 7 2000.0
29 27 0.63474965
29 16 18.021719
29 23 2.2350793
29 25 2.6372554
30 0 2000.0
30 8 0.70171386
30 18 0.69658166
30 13 1.147978
30 33 2.756911
30 11 0.48450536
30 29 8.324787
30 5 0.6174303
30 34 1.6604085
30 20 4.5255127
30 2 13.42067
30 37 4.087801
30 7 1.0258054
30 27 0.15777688
30 16 1.7238783
30 23 1.2298931
30 25 0.7585639
31 26 0.079645246
31 6 0.22558995
31 10 0.036252227
31 24 3.284223
31 22 132.68182
31 9 0.031314325
31 17 2.9411764
31 4 0.08317963
31 19 0.11502187
32 26 14.7696495
32 24 0.10000001
32 12 0.18280303
32 15 0.07393541
33 34 2000.0
33 30 2.756911
33 20 1.3424621
33 2 1.6550643
33 14 0.47469568
33 7 2000.0
33 13 0.8797023
33 27 1.311193
33 16 2000.0
33 11 2.475823
33 29 1589.9431
33 25 0.42307237
34 30 1.6604085
34 20 0.80280006
34 8 3.0299242
34 13 13.338328
34 7 14.829201
34 27 1.3252494
34 16 1215.0568
34 11 3.8411334
34 25 4.103696
34 29 6.811772
34 5 1.369156
35 21 0.036548004
36 26 112.50001
36 28 0.039856557
36 3 0.30438545
36 9 1.0951108
37 30 4.087801
37 0 1.0643585
37 8 1.190211
37 18 1.0009767
37 13 1.2839199
37 11 1.4991499
37 29 1.2887263
37 20 2.3788042
37 2 0.79065305
37 7 8.682968
37 27 0.5829102
37 16 17.646929
37 23 1.3192705
37 25 24.184093
