0 2 1.4196495
0 37 3.7468405
0 13 1.0504571
0 29 43.24209
0 25 4.3735776
1 3 1.6115781
1 12 24.181818
2 30 39.68695
2 0 1.4196495
2 8 1.3637975
2 18 3.967361
2 13 0.74562055
2 33 2.0903566
2 11 1.4164603
2 29 1.1963168
2 5 2000.0
2 20 3.493997
2 37 0.9030557
2 27 0.990918
2 16 2000.0
2 23 7.6583962
2 25 0.48974854
3 36 0.2734283
3 28 41.847137
3 24 2000.0
3 12 0.058834314
3 1 1.6115781
3 9 0.59301996
4 31 0.074435815
4 9 0.06618456
4 17 0.104554586
4 19 0.06765901
5 30 0.6312027
5 8 0.66324806
5 18 0.80834806
5 13 64.60967
5 11 1.68016
5 29 3.3935294
5 34 1.9091425
5 20 2.2660666
5 37 72.59739
5 7 15.398368
5 27 2.334921
5 16 1.5224874
5 23 2.0555773
5 25 2000.0
6 31 0.27956507
6 17 17.53054
7 34 200.0
7 30 0.9273985
7 20 58.235867
7 8 8.671924
7 37 111.92578
7 16 0.89206195
7 11 46.09823
7 23 1.0701793
7 25 1.5865461
7 5 15.398368
8 0 2000.0
8 30 0.56129396
8 18 1.3634539
8 13 1.5941389
8 11 0.9814932
8 29 1.3410758
8 5 0.66324806
8 34 2000.0
8 2 1.3637975
8 37 1.3707207
8 7 8.671924
8 27 1.7909607
8 16 1.8226216
8 23 1.005209
8 25 2000.0
9 36 0.25863636
9 26 2000.0
9 28 0.99756014
9 10 3.14678
9 22 0.057155807
9 31 0.032267228
9 12 2000.0
9 3 0.59301996
9 4 0.06618456
9 17 0.03710311
9 19 0.07435685
10 26 0.0292522
10 28 0.523544
10 24 0.112347566
10 31 1.0354505
10 12 80.0
10 9 3.14678
10 17 0.03581332
11 0 2000.0
11 30 0.57790524
11 8 0.9814932
11 18 33.42412
11 13 0.9193307
11 33 1.8091887
11 29 0.80767816
11 5 1.68016
11 34 2.6369903
11 20 1.1268826
11 2 1.4164603
11 37 1.4839182
11 7 46.09823
11 27 0.62349004
11 16 1.1779481
11 25 0.60788816
12 26 0.6487241
12 32 2.03167
12 10 80.0
12 24 0.076011024
12 21 0.117396355
12 3 0.058834314
12 1 24.181818
13 30 238.98459
13 0 1.0504571
13 8 1.5941389
13 18 100.0
13 33 1.0114769
13 11 0.9193307
13 29 0.99554896
13 5 64.60967
13 34 1918.2386
13 20 1.3094276
13 2 0.74562055
13 14 7.666359
13 37 1.2175559
13 7 2000.0
13 27 1.0735168
13 16 114.28571
13 25 0.23750763
14 30 2.8907874
14 20 1.8838518
14 13 7.666359
14 27 4.8022375
14 33 0.3264233
14 11 2000.0
14 25 1.9778548
15 32 0.07583469
15 21 14.607619
16 34 2000.0
16 30 1.0671302
16 20 14.214774
16 8 1.8226216
16 18 0.99333936
16 7 0.89206195
16 13 114.28571
16 27 1.3851773
16 11 1.1779481
16 23 3.231511
16 25 0.7445657
16 5 1.5224874
17 6 17.53054
17 26 1.479908
17 10 0.03581332
17 24 0.19734551
17 31 0.98429376
17 9 0.03710311
17 4 0.104554586
17 19 3.435544
18 0 2000.0
18 30 1.1421033
18 8 1.3634539
18 13 100.0
18 11 33.42412
18 29 1.3474293
18 5 0.80834806
18 2 3.967361
18 37 2.7409577
18 7 2000.0
18 27 17.904753
18 16 0.99333936
18 23 1.607547
19 31 0.106704555
19 9 0.07435685
19 17 3.435544
19 4 0.06765901
20 30 1.9607545
20 13 1.3094276
20 33 1.2177503
20 11 1.1268826
20 29 68.08616
20 5 2.2660666
20 34 0.97080207
20 2 3.493997
20 14 1.8838518
20 37 4.340073
20 7 58.235867
20 27 1.3169161
20 16 14.214774
20 25 0.5080639
21 26 2000.0
21 32 2000.0
21 24 0.3787879
21 35 0.030653875
21 31 2000.0
21 12 0.117396355
21 15 14.607619
22 31 21.903543
22 9 0.057155807
22 19 2000.0
23 0 2000.0
23 30 1.8068508
23 8 1.005209
23 2 7.6583962
23 37 2.2422192
23 18 1.607547
23 7 1.0701793
23 16 3.231511
23 11 2000.0
23 29 1.5828431
23 5 2.0555773
24 26 0.038713407
24 32 0.23189794
24 10 0.112347566
24 21 0.3787879
24 31 2000.0
24 3 2000.0
24 12 0.076011024
24 15 2000.0
24 17 0.19734551
25 30 76.446434
25 0 4.3735776
25 13 0.23750763
25 33 0.6970781
25 11 0.60788816
25 29 2.798877
25 34 1.5765651
25 20 0.5080639
25 2 0.48974854
25 14 1.9778548
25 37 79.27338
25 7 1.5865461
25 27 0.3087468
25 16 0.7445657
26 32 14.047654
26 28 0.05086227
26 10 0.0292522
26 24 0.038713407
26 31 0.29490042
26 12 0.6487241
26 17 1.479908
27 30 0.20508476
27 0 2000.0
27 8 1.7909607
27 18 17.904753
27 13 1.0735168
27 33 0.8705316
27 11 0.62349004
27 29 1.5122982
27 5 2.334921
27 34 1.7889773
27 20 1.3169161
27 2 0.990918
27 14 4.8022375
27 37 1.0978099
27 7 2000.0
27 16 1.3851773
27 25 0.3087468
28 36 0.03111028
28 26 0.05086227
28 10 0.523544
28 12 1594.9431
28 3 41.847137
28 9 0.99756014
28 19 1239.7727
29 0 43.24209
29 30 2.6422684
29 8 1.3410758
29 18 1.3474293
29 13 0.99554896
29 33 12.229703
29 11 0.80767816
29 5 3.3935294
29 34 2.7535577
29 20 68.08616
29 2 1.1963168
29 37 1.0284951
29 7 2000.0
29 27 1.5122982
29 16 2000.0
29 23 1.5828431
29 25 2.798877
30 8 0.56129396
30 18 1.1421033
30 13 238.98459
30 33 5.015651
30 11 0.57790524
30 29 2.6422684
30 5 0.6312027
30 34 0.8251967
30 20 1.9607545
30 2 39.68695
30 14 2.8907874
30 37 39.384907
30 7 0.9273985
30 27 0.20508476
30 16 1.0671302
30 23 1.8068508
30 25 76.446434
31 26 0.29490042
31 6 0.27956507
31 10 1.0354505
31 35 138.1152
31 22 21.903543
31 9 0.032267228
31 4 0.074435815
31 17 0.98429376
31 19 0.106704555
32 26 14.047654
32 24 0.23189794
32 12 2.03167
32 15 0.07583469
33 30 5.015651
33 8 2000.0
33 13 1.0114769
33 11 1.8091887
33 29 12.229703
33 5 2000.0
33 34 2000.0
33 20 1.2177503
33 2 2.0903566
33 14 0.3264233
33 7 2000.0
33 27 0.8705316
33 16 1971.0227
33 25 0.6970781
34 30 0.8251967
34 20 0.97080207
34 37 2000.0
34 7 200.0
34 27 1.7889773
34 16 2000.0
34 11 2.6369903
34 29 2.7535577
34 25 1.5765651
34 5 1.9091425
35 21 0.030653875
35 31 138.1152
36 28 0.03111028
36 3 0.2734283
36 9 0.25863636
37 30 39.384907
37 0 3.7468405
37 8 1.3707207
37 18 2.7409577
37 13 1.2175559
37 11 1.4839182
37 29 1.0284951
37 5 72.59739
37 20 4.340073
37 2 0.9030557
37 7 111.92578
37 27 1.0978099
37 16 2000.0
37 23 2.2422192
37 25 79.27338
