0 2 2.539531
0 37 2.119916
0 13 0.9006858
0 29 81.01836
0 25 10.299415
1 3 1.584053
1 12 13.627567
2 30 18.39609
2 0 2.539531
2 8 1.5198044
2 18 4.0917735
2 13 0.6564096
2 33 1.719202
2 11 1.6644003
2 29 1.3241229
2 20 2.8926854
2 37 0.7778794
2 27 0.8429708
2 16 2000.0
2 23 7.66045
2 25 1.6928835
3 36 0.4851629
3 28 8.043726
3 24 150.0
3 12 0.07939341
3 1 1.584053
3 9 0.5727615
4 31 0.06636779
4 9 0.08546014
4 17 0.28756055
4 19 0.070975386
5 30 0.8341099
5 8 0.76501244
5 18 1.1828736
5 13 56.55207
5 11 4.3645463
5 29 4.222972
5 34 4.7824163
5 20 2.6420455
5 37 19.46128
5 7 7.680933
5 27 2.8556218
5 16 3.1184068
5 23 6.223823
5 25 2000.0
6 31 0.15966263
6 17 1.0779545
7 34 144.00002
7 30 1.0898573
7 20 39.15553
7 8 8.236217
7 37 100.0
7 27 288.00003
7 16 1.6176246
7 23 1.6871891
7 25 2.528359
7 5 7.680933
8 0 2000.0
8 30 0.61983913
8 18 1.1701115
8 13 1.4302114
8 11 2.5676005
8 29 0.5270613
8 5 0.76501244
8 34 25.629484
8 2 1.5198044
8 37 1.2474631
8 7 8.236217
8 27 2.2157595
8 16 2.514638
8 23 1.1565285
8 25 2000.0
9 36 0.5466209
9 28 0.8600498
9 10 44.157467
9 22 0.10021375
9 31 0.030122953
9 3 0.5727615
9 4 0.08546014
9 17 0.03672422
9 19 0.06946059
10 26 0.029170481
10 28 0.36556378
10 24 0.07628171
10 31 12.131208
10 12 1264.2045
10 9 44.157467
10 17 0.03070451
11 0 2000.0
11 30 0.71284264
11 8 2.5676005
11 18 8.217036
11 13 1.4027079
11 33 5.1475153
11 29 1.8450094
11 5 4.3645463
11 34 3.870561
11 20 1.9919882
11 2 1.6644003
11 37 1.5575527
11 7 1636.0227
11 27 0.95171756
11 16 1.3177296
11 25 0.82326275
12 26 1.0336716
12 32 9.875987
12 24 0.06919299
12 21 0.13403927
12 3 0.07939341
12 1 13.627567
13 30 22.915781
13 0 0.9006858
13 8 1.4302114
13 18 320.0
13 33 0.81793785
13 11 1.4027079
13 29 1.0556521
13 5 56.55207
13 34 4439.2046
13 20 1.499585
13 2 0.6564096
13 14 10.530733
13 37 1.0037242
13 7 2000.0
13 27 0.76571375
13 16 74.918564
13 25 0.4471041
14 30 21.12287
14 20 9.443673
14 13 10.530733
14 27 12.370469
14 33 0.4942298
14 11 2000.0
14 25 1.9144715
15 32 0.06909553
15 21 5.5858493
16 0 2000.0
16 30 1.1205398
16 8 2.514638
16 18 1.5062513
16 13 74.918564
16 11 1.3177296
16 29 3480.1365
16 5 3.1184068
16 34 38.444057
16 20 32.783646
16 7 1.6176246
16 27 1.3714924
16 23 3.2701836
16 25 2.566986
17 6 1.0779545
17 26 1.3552299
17 10 0.03070451
17 24 0.106596455
17 31 0.9830569
17 9 0.03672422
17 4 0.28756055
17 19 1199.6023
18 0 2000.0
18 30 1.1267056
18 8 1.1701115
18 13 320.0
18 11 8.217036
18 29 1.6160619
18 5 1.1828736
18 2 4.0917735
18 37 2.828191
18 7 2000.0
18 27 16.55415
18 16 1.5062513
18 23 1.2783437
19 31 0.13169709
19 9 0.06946059
19 4 0.070975386
20 30 1.769322
20 13 1.499585
20 33 1.3479028
20 11 1.9919882
20 29 7.8295455
20 5 2.6420455
20 34 1.0439693
20 2 2.8926854
20 14 9.443673
20 37 3.296748
20 7 39.15553
20 27 1.3850118
20 16 32.783646
20 25 0.80345917
21 26 2000.0
21 32 2000.0
21 24 0.51169276
21 35 0.040835205
21 31 2000.0
21 12 0.13403927
21 15 5.5858493
22 31 104.347824
22 9 0.10021375
22 19 2000.0
23 0 2000.0
23 30 1.3683076
23 8 1.1565285
23 2 7.66045
23 37 1.4221586
23 18 1.2783437
23 7 1.6871891
23 16 3.2701836
23 11 2000.0
23 29 1.576283
23 5 6.223823
24 26 0.040209495
24 32 0.29950446
24 10 0.07628171
24 21 0.51169276
24 12 0.06919299
24 3 150.0
24 17 0.106596455
25 0 10.299415
25 30 11.389513
25 13 0.4471041
25 33 0.68689334
25 11 0.82326275
25 29 2.0594623
25 34 2.2132351
25 20 0.80345917
25 2 1.6928835
25 14 1.9144715
25 37 89.207695
25 7 2.528359
25 27 0.24458335
25 16 2.566986
26 32 1095.9658
26 28 0.06942861
26 10 0.029170481
26 24 0.040209495
26 31 0.17515151
26 12 1.0336716
26 17 1.3552299
27 30 0.23283364
27 0 2000.0
27 8 2.2157595
27 18 16.55415
27 13 0.76571375
27 33 0.70546985
27 11 0.95171756
27 29 0.5920773
27 5 2.8556218
27 34 1.8070256
27 20 1.3850118
27 2 0.8429708
27 14 12.370469
27 37 1.0799638
27 7 288.00003
27 16 1.3714924
27 25 0.24458335
28 36 0.062220268
28 26 0.06942861
28 10 0.36556378
28 3 8.043726
28 12 1145.7386
28 9 0.8600498
28 19 1372.6136
29 0 81.01836
29 30 1.9284258
29 8 0.5270613
29 18 1.6160619
29 13 1.0556521
29 33 17.696325
29 11 1.8450094
29 5 4.222972
29 34 4.0355525
29 20 7.8295455
29 2 1.3241229
29 37 0.55589366
29 7 2000.0
29 27 0.5920773
29 16 3480.1365
29 23 1.576283
29 25 2.0594623
30 8 0.61983913
30 18 1.1267056
30 13 22.915781
30 33 5.4540906
30 11 0.71284264
30 29 1.9284258
30 5 0.8341099
30 34 1.1150182
30 20 1.769322
30 2 18.39609
30 14 21.12287
30 37 14.862491
30 7 1.0898573
30 27 0.23283364
30 16 1.1205398
30 23 1.3683076
30 25 11.389513
31 26 0.17515151
31 6 0.15966263
31 10 12.131208
31 35 128.50732
31 22 104.347824
31 9 0.030122953
31 4 0.06636779
31 17 0.9830569
31 19 0.13169709
32 24 0.29950446
32 12 9.875987
32 15 0.06909553
33 30 5.4540906
33 8 2000.0
33 13 0.81793785
33 11 5.1475153
33 29 17.696325
33 34 2000.0
33 20 1.3479028
33 2 1.719202
33 14 0.4942298
33 7 2000.0
33 27 0.70546985
33 16 3017.898
33 25 0.68689334
34 30 1.1150182
34 20 1.0439693
34 8 25.629484
34 37 2000.0
34 7 144.00002
34 27 1.8070256
34 16 38.444057
34 11 3.870561
34 29 4.0355525
34 25 2.2132351
34 5 4.7824163
35 21 0.040835205
35 31 128.50732
36 28 0.062220268
36 3 0.4851629
36 9 0.5466209
37 30 14.862491
37 0 2.119916
37 8 1.2474631
37 18 2.828191
37 13 1.0037242
37 11 1.5575527
37 29 0.55589366
37 5 19.46128
37 20 3.296748
37 2 0.7778794
37 7 100.0
37 27 1.0799638
37 16 2000.0
37 23 1.4221586
37 25 89.207695
