0 2 0.7797309
0 37 1.577922
0 13 0.7153544
0 29 16.653349
0 25 29.888647
1 3 0.62242424
1 12 8.228144
2 30 17.266674
2 0 0.7797309
2 8 1.2665094
2 18 2.8051102
2 13 0.3815853
2 33 2.590165
2 11 1.6870949
2 29 0.9603573
2 20 1.9054823
2 37 0.8770248
2 27 0.544517
2 16 2000.0
2 23 14.97159
2 25 1.4791831
3 36 0.97072697
3 28 6.2636366
3 24 2000.0
3 12 0.06706409
3 1 0.62242424
3 9 0.755769
4 31 0.07539101
4 9 0.06682457
4 17 0.16794173
4 19 0.0660711
5 30 0.6607465
5 8 0.70369667
5 18 0.64322436
5 13 32.89392
5 11 2.1152754
5 29 4.475317
5 34 3.5548995
5 20 1.4602101
5 37 8.671126
5 7 19.165564
5 27 1.8634226
5 16 2.150447
5 23 2.0881486
6 31 0.19290239
6 17 5.26056
7 30 1.1419492
7 20 34.905594
7 8 9.370204
7 37 53.07066
7 16 2.16045
7 23 1.6454265
7 11 93.94245
7 25 2.6348867
7 5 19.165564
8 0 2000.0
8 30 0.47577903
8 18 1.1586623
8 13 0.911841
8 11 0.82295835
8 29 0.8741518
8 5 0.70369667
8 34 22.072586
8 2 1.2665094
8 37 0.9477738
8 7 9.370204
8 27 0.91629833
8 16 1.6996837
8 23 0.8661481
8 25 2000.0
9 36 0.9498677
9 26 2000.0
9 28 1.5116339
9 10 21.08399
9 22 0.050531577
9 31 0.030081257
9 12 2000.0
9 3 0.755769
9 4 0.06682457
9 17 0.033346232
9 19 0.07120601
10 26 0.029501325
10 28 0.3289104
10 24 0.10978429
10 31 11.816524
10 12 1489.8864
10 9 21.08399
10 17 0.036810063
11 0 2000.0
11 30 0.6735074
11 8 0.82295835
11 18 6.216124
11 13 0.7719797
11 33 1.7878407
11 29 0.8299961
11 5 2.1152754
11 34 2.2484505
11 20 0.9349352
11 2 1.6870949
11 37 1.689543
11 7 93.94245
11 27 0.7501043
11 16 1.0465089
11 25 1.1240188
12 26 1.1819084
12 32 2.669623
12 24 0.07120501
12 21 0.13787055
12 3 0.06706409
12 1 8.228144
13 30 27.372961
13 0 0.7153544
13 8 0.911841
13 33 1.1544693
13 11 0.7719797
13 29 0.60780406
13 5 32.89392
13 34 287.33902
13 20 1.1007838
13 2 0.3815853
13 14 3.9549887
13 37 1.0020268
13 7 2000.0
13 27 0.5824165
13 16 41.186996
13 25 0.3119643
14 30 4.020816
14 20 1.9497104
14 13 3.9549887
14 27 2.2123337
14 33 0.48313552
14 11 2000.0
14 25 2.2799153
15 32 0.0686674
15 21 1.4007709
15 12 2000.0
16 30 1.089678
16 0 2000.0
16 8 1.6996837
16 18 1.0987316
16 13 41.186996
16 11 1.0465089
16 5 2.150447
16 34 44.296944
16 20 45.701027
16 7 2.16045
16 27 1.4671388
16 23 3.7062192
16 25 1.1499177
17 6 5.26056
17 26 1.4953842
17 10 0.036810063
17 24 0.20645015
17 31 1.0019798
17 9 0.033346232
17 4 0.16794173
17 19 222.36462
18 0 2000.0
18 30 0.7661687
18 8 1.1586623
18 13 1652.7273
18 11 6.216124
18 29 1.0689915
18 5 0.64322436
18 2 2.8051102
18 37 2.2816603
18 7 2000.0
18 27 21.235891
18 16 1.0987316
18 23 1.2977537
19 31 0.0835285
19 9 0.07120601
19 4 0.0660711
19 17 222.36462
20 0 2000.0
20 30 1.0185962
20 8 2000.0
20 13 1.1007838
20 33 1.008787
20 11 0.9349352
20 29 12.664318
20 5 1.4602101
20 34 0.9616371
20 2 1.9054823
20 14 1.9497104
20 37 3.8185248
20 7 34.905594
20 27 1.1240332
20 16 45.701027
20 25 0.7302397
21 26 2000.0
21 32 400.0
21 24 1.4525992
21 35 0.029583322
21 31 2000.0
21 12 0.13787055
21 15 1.4007709
22 31 96.15385
22 9 0.050531577
22 19 2000.0
23 0 2000.0
23 30 1.3116308
23 8 0.8661481
23 2 14.97159
23 37 1.6739811
23 18 1.2977537
23 7 1.6454265
23 16 3.7062192
23 11 2000.0
23 29 2.1969254
23 5 2.0881486
24 26 0.052845
24 32 0.28266752
24 10 0.10978429
24 21 1.4525992
24 12 0.07120501
24 15 2000.0
24 17 0.20645015
25 30 30.85701
25 0 29.888647
25 13 0.3119643
25 33 0.5870693
25 11 1.1240188
25 29 1.8167374
25 34 3.5664303
25 20 0.7302397
25 2 1.4791831
25 14 2.2799153
25 37 63.508022
25 7 2.6348867
25 27 0.25193512
25 16 1.1499177
26 32 20.746666
26 28 0.1332981
26 10 0.029501325
26 24 0.052845
26 31 0.12289664
26 12 1.1819084
26 17 1.4953842
27 30 0.2547337
27 0 2000.0
27 8 0.91629833
27 18 21.235891
27 13 0.5824165
27 33 0.7781673
27 11 0.7501043
27 29 0.6125618
27 5 1.8634226
27 34 0.87799037
27 20 1.1240332
27 2 0.544517
27 14 2.2123337
27 37 0.8432735
27 7 2000.0
27 16 1.4671388
27 25 0.25193512
28 36 0.03179131
28 26 0.1332981
28 10 0.3289104
28 3 6.2636366
28 12 1208.6364
28 9 1.5116339
28 19 203.42427
29 0 16.653349
29 30 1.4237814
29 8 0.8741518
29 18 1.0689915
29 13 0.60780406
29 33 6.779321
29 11 0.8299961
29 5 4.475317
29 34 3.1628358
29 20 12.664318
29 2 0.9603573
29 37 1.1212243
29 7 2000.0
29 27 0.6125618
29 16 2000.0
29 23 2.1969254
29 25 1.8167374
30 8 0.47577903
30 18 0.7661687
30 13 27.372961
30 33 4.657982
30 11 0.6735074
30 29 1.4237814
30 5 0.6607465
30 34 0.8610994
30 20 1.0185962
30 2 17.266674
30 14 4.020816
30 37 33.27591
30 7 1.1419492
30 27 0.2547337
30 16 1.089678
30 23 1.3116308
30 25 30.85701
31 26 0.12289664
31 6 0.19290239
31 10 11.816524
31 35 160.0
31 22 96.15385
31 9 0.030081257
31 4 0.07539101
31 17 1.0019798
31 19 0.0835285
32 26 20.746666
32 10 2000.0
32 24 0.28266752
32 21 400.0
32 12 2.669623
32 15 0.0686674
33 30 4.657982
33 13 1.1544693
33 11 1.7878407
33 29 6.779321
33 5 2000.0
33 34 2000.0
33 20 1.008787
33 2 2.590165
33 14 0.48313552
33 7 2000.0
33 27 0.7781673
33 16 3017.898
33 25 0.5870693
34 30 0.8610994
34 20 0.9616371
34 8 22.072586
34 37 2000.0
34 7 2000.0
34 13 287.33902
34 27 0.87799037
34 16 44.296944
34 11 2.2484505
34 29 3.1628358
34 25 3.5664303
34 5 3.5548995
35 21 0.029583322
35 31 160.0
36 28 0.03179131
36 3 0.97072697
36 9 0.9498677
37 30 33.27591
37 0 1.577922
37 8 0.9477738
37 18 2.2816603
37 13 1.0020268
37 11 1.689543
37 29 1.1212243
37 5 8.671126
37 20 3.8185248
37 2 0.8770248
37 7 53.07066
37 27 0.8432735
37 16 2000.0
37 23 1.6739811
37 25 63.508022
