0 2 0.89604414
0 37 1.4439424
0 13 1.0916939
0 25 21.547283
0 29 53.261036
1 3 0.7263016
1 12 11.775522
2 30 13.183468
2 0 0.89604414
2 8 1.3430815
2 18 2.2675092
2 13 0.44318187
2 33 5.8805804
2 11 1.1650531
2 29 1.362729
2 20 2.9855373
2 37 0.82424986
2 27 1.0204622
2 16 2000.0
2 23 9.602135
2 25 0.8704494
3 36 0.59368074
3 28 9.9875
3 24 2000.0
3 12 0.080989964
3 1 0.7263016
3 9 0.2581012
4 31 0.072913565
4 9 0.068346724
4 17 0.14055854
4 19 0.074430145
5 30 0.86651933
5 8 0.95676047
5 18 0.5768455
5 13 26.55699
5 11 1.3446904
5 29 3.7664018
5 34 1.9126426
5 20 2.2221677
5 37 5.883545
5 7 7.789518
5 27 1.6652968
5 16 1.8327646
5 23 1.8619163
6 31 0.17716093
6 17 3.7652202
7 30 0.5657812
7 20 53.1438
7 8 3.3117878
7 16 1.1232111
7 23 0.99910575
7 25 2.5763216
7 5 7.789518
8 0 2000.0
8 30 0.7881616
8 18 1.3256452
8 13 1.1172047
8 11 0.8452493
8 29 0.67715514
8 5 0.95676047
8 34 33.560318
8 2 1.3430815
8 37 0.9481505
8 7 3.3117878
8 27 0.46140158
8 16 1.3920048
8 23 2.289303
8 25 2000.0
9 36 0.4959223
9 26 2000.0
9 28 1.3296458
9 10 6.1859703
9 22 0.052497223
9 31 0.029842852
9 3 0.2581012
9 4 0.068346724
9 17 0.042029224
9 19 0.06749676
10 26 0.031073026
10 28 0.32504797
10 24 0.09328453
10 31 20.134056
10 12 50.89377
10 9 6.1859703
10 17 0.031259924
11 0 2000.0
11 30 0.622149
11 8 0.8452493
11 18 7.7016892
11 13 1.0791641
11 33 5.6195626
11 29 0.7916135
11 5 1.3446904
11 34 4.340983
11 20 1.9112794
11 2 1.1650531
11 37 1.3976346
11 7 2643.2954
11 27 0.59342015
11 16 1.0564612
11 25 0.7601573
12 26 0.3551882
12 32 3.8271818
12 10 50.89377
12 24 0.09272567
12 21 0.20238094
12 3 0.080989964
12 1 11.775522
13 30 192.65982
13 0 1.0916939
13 8 1.1172047
13 18 99.0663
13 33 1.3837795
13 11 1.0791641
13 29 1.6951265
13 5 26.55699
13 34 177.77777
13 20 0.8693592
13 2 0.44318187
13 14 6.003119
13 37 1.1279186
13 7 2000.0
13 27 0.34702688
13 16 32.84303
13 25 0.2646136
14 30 12.817116
14 20 2.1733704
14 13 6.003119
14 27 2.9208055
14 33 0.7393029
14 11 2000.0
14 25 2.0205092
15 32 0.07069673
15 21 2.0790644
16 34 35.669197
16 30 1.0883732
16 20 74.24299
16 8 1.3920048
16 18 0.92870754
16 13 32.84303
16 7 1.1232111
16 27 1.6304963
16 11 1.0564612
16 23 3.4091842
16 25 0.9159037
16 5 1.8327646
17 6 3.7652202
17 26 1.7919155
17 10 0.031259924
17 24 0.06344697
17 31 1.0016085
17 9 0.042029224
17 4 0.14055854
17 19 81.818184
18 0 2000.0
18 30 0.6987984
18 8 1.3256452
18 13 99.0663
18 11 7.7016892
18 29 1.0826981
18 5 0.5768455
18 2 2.2675092
18 37 2.546266
18 7 2000.0
18 27 22.140505
18 16 0.92870754
18 23 1.5552825
19 31 0.07371642
19 9 0.06749676
19 4 0.074430145
19 17 81.818184
20 30 3.2391946
20 13 0.8693592
20 33 2.7218702
20 11 1.9112794
20 29 18.649956
20 5 2.2221677
20 34 2.0415132
20 2 2.9855373
20 14 2.1733704
20 37 3.8805149
20 7 53.1438
20 27 2.2983692
20 16 74.24299
20 25 2.0468948
21 32 1066.6667
21 24 0.91867167
21 35 0.030710666
21 31 2000.0
21 12 0.20238094
21 15 2.0790644
22 31 50.0
22 9 0.052497223
22 19 2000.0
23 30 1.4330999
23 0 2000.0
23 8 2.289303
23 2 9.602135
23 37 1.4247189
23 18 1.5552825
23 7 0.99910575
23 16 3.4091842
23 11 2000.0
23 29 0.9378031
23 5 1.8619163
24 26 0.04083952
24 32 0.1928848
24 10 0.09328453
24 21 0.91867167
24 12 0.09272567
24 15 2000.0
24 17 0.06344697
25 30 33.1908
25 0 21.547283
25 13 0.2646136
25 33 0.65993506
25 11 0.7601573
25 29 3.1406775
25 34 3.321713
25 20 2.0468948
25 2 0.8704494
25 14 2.0205092
25 37 111.47348
25 7 2.5763216
25 27 0.27596304
25 16 0.9159037
26 32 13.988411
26 28 0.08677836
26 10 0.031073026
26 24 0.04083952
26 31 0.16751453
26 12 0.3551882
26 17 1.7919155
27 30 0.64786756
27 0 2000.0
27 8 0.46140158
27 18 22.140505
27 13 0.34702688
27 33 0.77018493
27 11 0.59342015
27 29 0.65269023
27 5 1.6652968
27 34 1.3916074
27 20 2.2983692
27 2 1.0204622
27 14 2.9208055
27 37 0.9833349
27 7 2000.0
27 16 1.6304963
27 25 0.27596304
28 36 0.032394372
28 26 0.08677836
28 10 0.32504797
28 3 9.9875
28 12 1206.6477
28 9 1.3296458
28 19 1378.2386
29 0 53.261036
29 30 1.0606532
29 8 0.67715514
29 18 1.0826981
29 13 1.6951265
29 33 13.431742
29 11 0.7916135
29 5 3.7664018
29 34 4.3914447
29 20 18.649956
29 2 1.362729
29 37 0.8214404
29 27 0.65269023
29 16 2000.0
29 23 0.9378031
29 25 3.1406775
30 8 0.7881616
30 18 0.6987984
30 13 192.65982
30 33 18.676031
30 11 0.622149
30 29 1.0606532
30 5 0.86651933
30 34 0.93593585
30 20 3.2391946
30 2 13.183468
30 14 12.817116
30 37 34.27404
30 7 0.5657812
30 27 0.64786756
30 16 1.0883732
30 23 1.4330999
30 25 33.1908
31 26 0.16751453
31 6 0.17716093
31 10 20.134056
31 35 68.96591
31 22 50.0
31 9 0.029842852
31 4 0.072913565
31 17 1.0016085
31 19 0.07371642
32 26 13.988411
32 10 2000.0
32 24 0.1928848
32 21 1066.6667
32 12 3.8271818
32 15 0.07069673
33 34 2000.0
33 30 18.676031
33 20 2.7218702
33 2 5.8805804
33 14 0.7393029
33 7 2000.0
33 13 1.3837795
33 27 0.77018493
33 16 3017.898
33 11 5.6195626
33 29 13.431742
33 25 0.65993506
34 30 0.93593585
34 20 2.0415132
34 8 33.560318
34 37 2000.0
34 7 2000.0
34 13 177.77777
34 27 1.3916074
34 16 35.669197
34 11 4.340983
34 29 4.3914447
34 25 3.321713
34 5 1.9126426
35 21 0.030710666
35 31 68.96591
36 28 0.032394372
36 3 0.59368074
36 9 0.4959223
37 30 34.27404
37 0 1.4439424
37 8 0.9481505
37 18 2.546266
37 13 1.1279186
37 11 1.3976346
37 29 0.8214404
37 5 5.883545
37 20 3.8805149
37 2 0.82424986
37 7 1775.2273
37 27 0.9833349
37 16 2000.0
37 23 1.4247189
37 25 111.47348
