0 2 1.1500007
0 37 1.4681449
0 13 0.89093554
0 29 44.865105
0 25 24.45632
1 3 1.2201136
1 12 1203.892
2 30 21.532228
2 0 1.1500007
2 8 1.7567753
2 18 2.132627
2 13 0.62341654
2 33 1.5723293
2 11 1.5662637
2 29 1.6015906
2 20 3.8673246
2 37 0.955854
2 27 1.2451546
2 16 2000.0
2 23 12.658596
2 25 0.5019524
3 36 0.27482364
3 28 4.3059916
3 24 2000.0
3 12 0.048523884
3 1 1.2201136
3 9 0.8535833
4 31 0.068300925
4 9 0.06610859
4 17 0.18492287
4 19 0.0786651
5 30 0.55176044
5 8 0.5625964
5 18 0.73631996
5 13 30.324484
5 11 1.5965735
5 29 1.670579
5 34 3.5662012
5 20 2.2434888
5 37 8.411791
5 7 10.277536
5 27 2.5995657
5 16 2.076535
5 23 1.8449117
6 31 0.15439165
6 17 1.9261726
7 30 1.8272709
7 20 105.42966
7 8 6.513798
7 37 100.0
7 16 2.3339362
7 23 1.8599541
7 25 4.9720697
7 5 10.277536
8 0 2000.0
8 30 0.49295044
8 18 1.3624068
8 13 2.668375
8 11 2.1256025
8 29 1.2644638
8 5 0.5625964
8 34 20.253532
8 2 1.7567753
8 37 1.0343864
8 7 6.513798
8 27 4.3179283
8 16 2.6451747
8 23 0.9775029
8 25 2000.0
9 36 0.52642983
9 26 2000.0
9 28 1.6105529
9 10 14.873377
9 22 0.0441049
9 31 0.031380404
9 3 0.8535833
9 12 2000.0
9 4 0.06610859
9 17 0.038566314
9 19 0.064900726
10 26 0.029847877
10 28 0.37543708
10 24 0.08213954
10 31 21.766874
10 12 1355.284
10 9 14.873377
10 17 0.031188576
11 0 2000.0
11 30 0.9101754
11 8 2.1256025
11 18 13.453175
11 13 0.94626683
11 33 1.8741556
11 29 0.77548695
11 5 1.5965735
11 34 3.9748268
11 20 2.127516
11 2 1.5662637
11 37 1.8194028
11 7 4546.1934
11 27 0.7516767
11 16 1.3025658
11 25 0.77520794
12 26 1.3592384
12 32 2.2731018
12 24 0.0666057
12 21 0.10203322
12 3 0.048523884
13 30 28.07759
13 0 0.89093554
13 8 2.668375
13 33 1.057605
13 11 0.94626683
13 29 0.79017854
13 5 30.324484
13 34 293.9339
13 20 1.2757272
13 2 0.62341654
13 14 10.683505
13 37 1.2335442
13 7 2000.0
13 27 0.32652313
13 16 18.140383
13 25 0.30612084
14 30 6.3406744
14 20 3.610806
14 13 10.683505
14 27 3.0980585
14 33 0.45612174
14 25 1.9643259
15 32 0.07351901
15 24 349.99997
15 21 9.156413
16 0 2000.0
16 30 1.0894305
16 8 2.6451747
16 18 1.6885701
16 13 18.140383
16 11 1.3025658
16 29 45.620266
16 5 2.076535
16 34 26.911312
16 20 21.63922
16 7 2.3339362
16 27 1.4866167
16 23 3.2553537
16 25 0.7899113
17 6 1.9261726
17 26 1.6292993
17 10 0.031188576
17 24 0.1091776
17 31 0.98783153
17 9 0.038566314
17 4 0.18492287
17 19 1305.6819
18 0 2000.0
18 30 0.7302117
18 8 1.3624068
18 13 2051.3066
18 11 13.453175
18 29 1.2880727
18 5 0.73631996
18 2 2.132627
18 37 3.099135
18 7 2000.0
18 27 18.942022
18 16 1.6885701
18 23 1.2995114
19 31 0.12429589
19 9 0.064900726
19 4 0.0786651
20 30 2.6024647
20 13 1.2757272
20 33 1.8883569
20 11 2.127516
20 29 9.731818
20 5 2.2434888
20 34 1.0964053
20 2 3.8673246
20 14 3.610806
20 37 4.073766
20 7 105.42966
20 27 1.1567515
20 16 21.63922
20 25 0.61816484
21 26 2000.0
21 32 800.0
21 24 0.87529427
21 35 0.030422214
21 31 2000.0
21 12 0.10203322
21 15 9.156413
22 31 2000.0
22 9 0.0441049
22 19 2000.0
23 0 2000.0
23 30 1.3571497
23 8 0.9775029
23 2 12.658596
23 37 2.2910054
23 18 1.2995114
23 7 1.8599541
23 16 3.2553537
23 11 2000.0
23 29 1.2684757
23 5 1.8449117
24 26 0.047798768
24 32 0.47309154
24 10 0.08213954
24 21 0.87529427
24 12 0.0666057
24 15 349.99997
24 17 0.1091776
25 30 15.330681
25 0 24.45632
25 13 0.30612084
25 33 0.68350464
25 11 0.77520794
25 29 1.9588637
25 34 2.3626347
25 20 0.61816484
25 2 0.5019524
25 14 1.9643259
25 37 53.324997
25 7 4.9720697
25 27 0.2445572
25 16 0.7899113
26 32 153.95015
26 28 0.04209729
26 10 0.029847877
26 24 0.047798768
26 31 0.14713411
26 12 1.3592384
26 17 1.6292993
27 30 0.60736215
27 0 2000.0
27 8 4.3179283
27 18 18.942022
27 13 0.32652313
27 33 1.2023042
27 11 0.7516767
27 29 0.69362354
27 5 2.5995657
27 34 1.1674035
27 20 1.1567515
27 2 1.2451546
27 14 3.0980585
27 37 1.2534397
27 7 2000.0
27 16 1.4866167
27 25 0.2445572
28 36 0.23369528
28 26 0.04209729
28 10 0.37543708
28 3 4.3059916
28 12 1388.5133
28 9 1.6105529
28 19 1254.2045
29 0 44.865105
29 30 1.3127482
29 8 1.2644638
29 18 1.2880727
29 13 0.79017854
29 33 10.933071
29 11 0.77548695
29 5 1.670579
29 34 3.520988
29 20 9.731818
29 2 1.6015906
29 37 0.95003533
29 7 2000.0
29 27 0.69362354
29 16 45.620266
29 23 1.2684757
29 25 1.9588637
30 8 0.49295044
30 18 0.7302117
30 13 28.07759
30 33 6.804096
30 11 0.9101754
30 29 1.3127482
30 5 0.55176044
30 34 0.9159868
30 20 2.6024647
30 2 21.532228
30 14 6.3406744
30 37 15.236651
30 7 1.8272709
30 27 0.60736215
30 16 1.0894305
30 23 1.3571497
30 25 15.330681
31 26 0.14713411
31 6 0.15439165
31 10 21.766874
31 22 2000.0
31 9 0.031380404
31 4 0.068300925
31 17 0.98783153
31 19 0.12429589
32 26 153.95015
32 24 0.47309154
32 21 800.0
32 12 2.2731018
32 15 0.07351901
33 30 6.804096
33 8 2000.0
33 13 1.057605
33 11 1.8741556
33 29 10.933071
33 5 2000.0
33 34 2000.0
33 20 1.8883569
33 2 1.5723293
33 14 0.45612174
33 7 2000.0
33 27 1.2023042
33 16 1971.0227
33 25 0.68350464
34 30 0.9159868
34 20 1.0964053
34 8 20.253532
34 37 2000.0
34 7 2000.0
34 13 293.9339
34 27 1.1674035
34 16 26.911312
34 11 3.9748268
34 29 3.520988
34 25 2.3626347
34 5 3.5662012
35 21 0.030422214
35 31 1046.4773
36 28 0.23369528
36 3 0.27482364
36 9 0.52642983
37 30 15.236651
37 0 1.4681449
37 8 1.0343864
37 18 3.099135
37 13 1.2335442
37 11 1.8194028
37 29 0.95003533
37 5 8.411791
37 20 4.073766
37 2 0.955854
37 7 100.0
37 27 1.2534397
37 16 2000.0
37 23 2.2910054
37 25 53.324997
