0 2 0.83094704
0 37 1.0230227
0 13 0.7628477
0 29 25.423698
0 25 11.276182
1 3 0.9545822
1 12 17.350994
2 30 14.059644
2 0 0.83094704
2 8 1.1333495
2 18 2.0686183
2 13 0.31048396
2 33 1.5269755
2 11 1.2763005
2 29 1.0305612
2 20 2.519162
2 37 0.92522496
2 27 0.9029271
2 16 2000.0
2 23 10.939664
2 25 0.47855914
3 36 0.87795246
3 28 31.28485
3 24 2000.0
3 12 0.05823398
3 1 0.9545822
3 9 0.46421844
4 31 0.06435945
4 9 0.087868385
4 17 0.14666267
4 19 0.06784473
5 30 0.652468
5 8 0.3081765
5 18 0.7718181
5 13 26.134678
5 11 1.8573084
5 29 3.8602278
5 34 1.9516082
5 20 1.616106
5 37 14.310487
5 7 11.342793
5 27 1.9810171
5 16 1.2954047
5 23 3.0200486
5 25 2000.0
6 31 0.18140835
6 17 3.2857742
7 30 0.9178099
7 20 78.13727
7 8 7.972775
7 37 129.95834
7 27 167.7498
7 16 1.5109143
7 23 1.3984259
7 11 339.9341
7 25 6.5121145
7 29 1320.5851
7 5 11.342793
8 0 2000.0
8 30 0.36593702
8 18 1.0739734
8 13 0.69765943
8 11 0.71156555
8 29 0.94859403
8 5 0.3081765
8 34 28.203054
8 2 1.1333495
8 37 0.9333589
8 7 7.972775
8 27 0.9257143
8 16 1.878203
8 23 0.8767958
8 25 2000.0
9 36 0.4743387
9 28 1.2522298
9 10 17.391304
9 22 0.04971193
9 31 0.029520813
9 3 0.46421844
9 12 2000.0
9 4 0.087868385
9 17 0.044048067
9 19 0.074118644
10 26 0.031826258
10 28 0.24331011
10 24 0.08115597
10 31 14.756827
10 12 37.9236
10 9 17.391304
10 17 0.033378683
11 0 2000.0
11 30 0.77570754
11 8 0.71156555
11 18 7.8658743
11 13 1.1422188
11 33 2.5211792
11 29 0.91777045
11 5 1.8573084
11 34 2.5495443
11 20 1.422676
11 2 1.2763005
11 37 1.471803
11 7 339.9341
11 27 0.616843
11 16 1.2356349
11 25 0.5535038
12 26 2.3986216
12 32 5.1198864
12 10 37.9236
12 24 0.07039312
12 21 0.16455127
12 3 0.05823398
12 1 17.350994
13 30 91.84308
13 0 0.7628477
13 8 0.69765943
13 18 120.00001
13 33 1.2159607
13 11 1.1422188
13 29 0.90927726
13 5 26.134678
13 34 5240.511
13 20 1.5697184
13 2 0.31048396
13 14 5.6564574
13 37 1.2261505
13 7 2000.0
13 27 0.39033198
13 16 26.284605
13 25 0.26708663
14 30 18.677692
14 20 5.9913483
14 13 5.6564574
14 27 5.094722
14 33 0.47404
14 11 2000.0
14 25 1.6222469
15 32 0.06778263
15 21 7.366805
15 12 2000.0
16 0 2000.0
16 30 1.1533924
16 8 1.878203
16 18 1.7932014
16 13 26.284605
16 11 1.2356349
16 5 1.2954047
16 34 35.776237
16 20 35.41699
16 7 1.5109143
16 27 1.9485235
16 23 2.8670533
16 25 1.1039305
17 6 3.2857742
17 26 2.8033807
17 10 0.033378683
17 24 0.34748262
17 31 0.97424525
17 9 0.044048067
17 4 0.14666267
17 19 148.46974
18 0 2000.0
18 30 0.6353415
18 8 1.0739734
18 13 120.00001
18 11 7.8658743
18 29 1.3253564
18 5 0.7718181
18 2 2.0686183
18 37 2.0203526
18 7 2000.0
18 27 18.6037
18 16 1.7932014
18 23 1.1314217
19 31 0.08161267
19 9 0.074118644
19 4 0.06784473
19 17 148.46974
20 30 1.638388
20 13 1.5697184
20 33 1.2269396
20 11 1.422676
20 29 9.591832
20 5 1.616106
20 34 0.8577207
20 2 2.519162
20 14 5.9913483
20 37 1.9860777
20 7 78.13727
20 27 1.3839203
20 16 35.41699
20 25 0.41993546
21 32 2000.0
21 24 1.1832539
21 35 0.034348097
21 12 0.16455127
21 15 7.366805
22 31 37.865314
22 9 0.04971193
22 19 2000.0
23 0 2000.0
23 30 2.1882539
23 8 0.8767958
23 2 10.939664
23 37 1.7361289
23 18 1.1314217
23 7 1.3984259
23 16 2.8670533
23 11 2000.0
23 29 1.7663641
23 5 3.0200486
24 26 0.05593997
24 32 0.46199414
24 10 0.08115597
24 21 1.1832539
24 12 0.07039312
24 15 2000.0
24 17 0.34748262
25 0 11.276182
25 30 12.350247
25 13 0.26708663
25 33 0.8567063
25 11 0.5535038
25 29 2.196244
25 34 3.9253502
25 20 0.41993546
25 2 0.47855914
25 14 1.6222469
25 37 103.50548
25 7 6.5121145
25 27 0.26025456
25 16 1.1039305
26 32 27.12053
26 28 0.06450307
26 10 0.031826258
26 24 0.05593997
26 31 0.1861269
26 12 2.3986216
26 17 2.8033807
27 30 0.48001277
27 0 2000.0
27 8 0.9257143
27 18 18.6037
27 13 0.39033198
27 33 1.1424315
27 11 0.616843
27 29 1.0992825
27 5 1.9810171
27 34 1.135046
27 20 1.3839203
27 2 0.9029271
27 14 5.094722
27 37 1.095738
27 7 167.7498
27 16 1.9485235
27 25 0.26025456
28 36 0.0337336
28 26 0.06450307
28 10 0.24331011
28 3 31.28485
28 12 1190.0568
28 9 1.2522298
28 19 1371.0227
29 0 25.423698
29 30 2.9325414
29 8 0.94859403
29 18 1.3253564
29 13 0.90927726
29 33 25.523355
29 11 0.91777045
29 5 3.8602278
29 34 2.765784
29 20 9.591832
29 2 1.0305612
29 37 0.81693184
29 7 1320.5851
29 27 1.0992825
29 16 2000.0
29 23 1.7663641
29 25 2.196244
30 8 0.36593702
30 18 0.6353415
30 13 91.84308
30 33 12.245119
30 11 0.77570754
30 29 2.9325414
30 5 0.652468
30 34 1.0232157
30 20 1.638388
30 2 14.059644
30 14 18.677692
30 37 5.249395
30 7 0.9178099
30 27 0.48001277
30 16 1.1533924
30 23 2.1882539
30 25 12.350247
31 26 0.1861269
31 6 0.18140835
31 10 14.756827
31 35 70.07442
31 22 37.865314
31 9 0.029520813
31 4 0.06435945
31 17 0.97424525
31 19 0.08161267
32 26 27.12053
32 24 0.46199414
32 12 5.1198864
32 15 0.06778263
33 30 12.245119
33 8 2000.0
33 13 1.2159607
33 11 2.5211792
33 29 25.523355
33 34 2000.0
33 20 1.2269396
33 2 1.5269755
33 14 0.47404
33 7 2000.0
33 27 1.1424315
33 16 3017.898
33 25 0.8567063
34 30 1.0232157
34 20 0.8577207
34 8 28.203054
34 37 2000.0
34 7 2000.0
34 27 1.135046
34 16 35.776237
34 11 2.5495443
34 29 2.765784
34 25 3.9253502
34 5 1.9516082
35 21 0.034348097
35 31 70.07442
36 28 0.0337336
36 3 0.87795246
36 9 0.4743387
37 30 5.249395
37 0 1.0230227
37 8 0.9333589
37 18 2.0203526
37 13 1.2261505
37 11 1.471803
37 29 0.81693184
37 5 14.310487
37 20 1.9860777
37 2 0.92522496
37 7 129.95834
37 27 1.095738
37 16 2000.0
37 23 1.7361289
37 25 103.50548
