0 8 14.871295
0 2 1.4298456
0 37 0.8702867
0 13 0.6997706
0 11 15.966892
0 29 12.163466
1 3 0.2857759
1 12 72.12955
2 30 6.72681
2 0 1.4298456
2 8 1.3122591
2 18 8.015771
2 13 0.3252585
2 33 6.337077
2 11 0.8775238
2 29 1.1660353
2 20 2.9706511
2 37 1.0987523
2 27 0.694243
2 16 2000.0
2 23 93.325775
2 25 1.8371525
3 36 0.19105116
3 28 0.15185407
3 24 155.73811
3 12 0.060276553
3 1 0.2857759
3 9 0.23584205
4 31 0.06859409
4 9 0.07285558
4 17 0.07693567
4 19 0.07851117
5 30 0.758134
5 8 0.85897726
5 18 1.0396514
5 13 2000.0
5 11 2.083893
5 29 2.4655414
5 34 6.3724747
5 20 2.0833333
5 37 2000.0
5 7 6.160619
5 27 6.791449
5 16 1.3674858
5 23 9.766388
6 31 1.6989828
6 17 1.1456456
7 34 11.2485485
7 30 0.799383
7 20 3.4354339
7 8 24.324324
7 37 14.849912
7 27 217.49773
7 16 1.2858886
7 11 4.3777647
7 23 1.1799841
7 25 8.726137
7 5 6.160619
8 0 14.871295
8 30 1.3729571
8 18 1.5091412
8 13 2.6075177
8 11 0.7962601
8 29 1.3052208
8 5 0.85897726
8 34 2.266923
8 2 1.3122591
8 37 0.76086324
8 7 24.324324
8 27 2.07475
8 16 1.2291394
8 23 1.3672407
9 36 2.0848236
9 26 2000.0
9 28 2.1714015
9 10 5.0503244
9 22 0.36522532
9 31 0.029528352
9 3 0.23584205
9 17 0.042585693
9 4 0.07285558
9 19 0.0662036
10 26 0.033594266
10 28 0.19328327
10 24 0.050745226
10 31 0.05005468
10 12 6.310862
10 9 5.0503244
10 17 0.041347023
11 0 15.966892
11 30 0.40621203
11 8 0.7962601
11 18 4.916169
11 13 0.4936364
11 33 2.3905003
11 29 0.86851674
11 5 2.083893
11 34 3.296683
11 20 1.1192608
11 2 0.8775238
11 37 1.5269473
11 7 4.3777647
11 27 0.4230836
11 16 0.81202173
11 25 0.9066037
12 26 0.5526765
12 28 6.004072
12 32 0.3594982
12 10 6.310862
12 24 0.07120423
12 21 0.0697665
12 3 0.060276553
12 1 72.12955
13 30 1.6288277
13 0 0.6997706
13 8 2.6075177
13 18 100.0
13 33 1.0677886
13 11 0.4936364
13 29 0.93345445
13 34 10.180246
13 20 0.87098545
13 2 0.3252585
13 14 2.3915095
13 37 1.728966
13 27 0.18989994
13 16 68.517525
13 25 0.70540595
14 20 1.6556425
14 13 2.3915095
14 33 0.3911468
14 27 4.643838
14 11 2000.0
14 25 1.8081046
15 32 0.085693
15 21 1.1956645
16 0 2000.0
16 30 1.1195389
16 8 1.2291394
16 18 0.8279132
16 13 68.517525
16 11 0.81202173
16 29 97.99654
16 5 1.3674858
16 34 398.5241
16 20 20.151003
16 37 366.67096
16 7 1.2858886
16 27 1.5146688
16 23 9.276328
16 25 1.718524
17 26 2.1430166
17 6 1.1456456
17 10 0.041347023
17 24 0.438272
17 31 1.2561692
17 9 0.042585693
17 4 0.07693567
17 19 2.166703
18 30 0.71814585
18 2 8.015771
18 8 1.5091412
18 37 0.99956614
18 13 100.0
18 7 2000.0
18 27 7.469226
18 16 0.8279132
18 23 1.5026311
18 11 4.916169
18 29 1.4798301
18 5 1.0396514
19 22 69.701706
19 31 0.0686217
19 9 0.0662036
19 17 2.166703
19 4 0.07851117
20 30 44.206436
20 13 0.87098545
20 33 1.4644456
20 11 1.1192608
20 29 8.702949
20 5 2.0833333
20 34 1.1992888
20 2 2.9706511
20 14 1.6556425
20 37 5.8345184
20 7 3.4354339
20 27 0.7865911
20 16 20.151003
20 25 0.41863036
21 24 0.4184814
21 35 0.056306306
21 12 0.0697665
21 15 1.1956645
22 6 1202.2728
22 31 138.08577
22 9 0.36522532
22 19 69.701706
23 0 2000.0
23 30 2.323634
23 2 93.325775
23 8 1.3672407
23 37 1.7663708
23 18 1.5026311
23 7 1.1799841
23 16 9.276328
23 11 2000.0
23 29 4.237175
23 5 9.766388
24 26 0.053365838
24 32 0.13966721
24 10 0.050745226
24 21 0.4184814
24 31 6.3734746
24 12 0.07120423
24 3 155.73811
24 15 2000.0
24 17 0.438272
25 34 1.3696799
25 30 2.9595866
25 20 0.41863036
25 2 1.8371525
25 14 1.8081046
25 7 8.726137
25 13 0.70540595
25 33 0.35684174
25 27 0.72340137
25 16 1.718524
25 11 0.9066037
25 29 4.8856006
26 36 1615.2272
26 32 72.29318
26 28 0.032161605
26 10 0.033594266
26 24 0.053365838
26 31 0.07157228
26 12 0.5526765
26 17 2.1430166
27 0 2000.0
27 30 0.24997935
27 8 2.07475
27 18 7.469226
27 13 0.18989994
27 33 1.0311748
27 11 0.4230836
27 29 0.85830986
27 5 6.791449
27 34 1.8843497
27 20 0.7865911
27 2 0.694243
27 14 4.643838
27 37 1.683443
27 7 217.49773
27 16 1.5146688
27 25 0.72340137
28 36 0.032338213
28 26 0.032161605
28 10 0.19328327
28 3 0.15185407
28 12 6.004072
28 9 2.1714015
29 0 12.163466
29 30 5.752813
29 8 1.3052208
29 18 1.4798301
29 13 0.93345445
29 11 0.86851674
29 5 2.4655414
29 34 27.632814
29 20 8.702949
29 2 1.1660353
29 37 1.0282995
29 7 2000.0
29 27 0.85830986
29 16 97.99654
29 23 4.237175
29 25 4.8856006
30 0 2000.0
30 8 1.3729571
30 18 0.71814585
30 13 1.6288277
30 33 2.2077663
30 11 0.40621203
30 29 5.752813
30 5 0.758134
30 34 3.3281415
30 20 44.206436
30 2 6.72681
30 14 2000.0
30 37 8.874482
30 7 0.799383
30 27 0.24997935
30 16 1.1195389
30 23 2.323634
30 25 2.9595866
31 26 0.07157228
31 6 1.6989828
31 10 0.05005468
31 24 6.3734746
31 9 0.029528352
31 17 1.2561692
31 4 0.06859409
31 19 0.0686217
32 26 72.29318
32 24 0.13966721
32 12 0.3594982
32 15 0.085693
33 30 2.2077663
33 8 2000.0
33 13 1.0677886
33 11 2.3905003
33 29 1421.591
33 34 2000.0
33 20 1.4644456
33 2 6.337077
33 14 0.3911468
33 7 2000.0
33 27 1.0311748
33 16 2000.0
33 25 0.35684174
34 30 3.3281415
34 20 1.1992888
34 8 2.266923
34 13 10.180246
34 7 11.2485485
34 27 1.8843497
34 16 398.5241
34 11 3.296683
34 25 1.3696799
34 29 27.632814
34 5 6.3724747
35 21 0.056306306
36 26 1615.2272
36 28 0.032338213
36 3 0.19105116
36 9 2.0848236
37 30 8.874482
37 0 0.8702867
37 8 0.76086324
37 18 0.99956614
37 13 1.728966
37 11 1.5269473
37 29 1.0282995
37 20 5.8345184
37 2 1.0987523
37 7 14.849912
37 27 1.683443
37 16 366.67096
37 23 1.7663708
37 25 2054.5454
