0 8 11.69318
0 2 0.8012332
0 37 0.6930149
0 13 0.8396727
0 11 92.52927
0 29 4.982294
0 25 800.0
1 3 0.35871214
1 12 1202.2728
2 30 16.276852
2 0 0.8012332
2 8 1.3277719
2 18 8.121159
2 13 0.34591112
2 33 4.8754597
2 11 0.94077975
2 29 0.77736354
2 20 7.9206953
2 37 0.99570197
2 27 0.8345131
2 23 20.11558
2 25 1.518769
3 36 0.22957121
3 28 0.09048294
3 24 2000.0
3 12 0.060046174
3 1 0.35871214
3 9 0.28212118
4 31 0.08213577
4 9 0.06634554
4 17 0.111080565
4 19 0.07954846
5 30 0.75267863
5 8 0.7682763
5 18 0.41581544
5 13 2000.0
5 11 3.6250823
5 29 2.10539
5 34 7.3816996
5 20 1.556742
5 37 2000.0
5 7 7.1507025
5 27 2.0767403
5 16 1.7991877
5 23 4.9809
6 31 2.341598
6 17 1.3651516
7 34 7.6616297
7 30 1.093334
7 20 2.349684
7 8 27.256493
7 37 26.758608
7 27 150.0
7 16 1.3696
7 11 8.891179
7 23 1.1171353
7 25 12.497068
7 5 7.1507025
8 0 11.69318
8 30 0.569299
8 18 1.2330508
8 13 2.104176
8 11 0.3121176
8 29 0.6639831
8 5 0.7682763
8 34 5.462774
8 2 1.3277719
8 37 1.2461503
8 7 27.256493
8 27 0.9641675
8 16 1.1175299
8 23 1.05789
9 36 2.2787826
9 26 2000.0
9 28 1.3710343
9 10 4.4124436
9 22 0.42882833
9 31 0.029565888
9 3 0.28212118
9 12 2000.0
9 17 0.0491294
9 4 0.06634554
9 19 0.06370201
10 26 0.036200188
10 28 0.18911637
10 24 0.08186189
10 31 0.031442452
10 12 11.765837
10 9 4.4124436
10 17 0.030636726
11 0 92.52927
11 30 0.4360998
11 8 0.3121176
11 18 5.114925
11 13 0.7679104
11 33 3.9346519
11 29 0.6037247
11 5 3.6250823
11 34 2.8335981
11 20 0.71832997
11 2 0.94077975
11 37 1.2634711
11 7 8.891179
11 27 0.57716095
11 16 0.54983884
11 25 1.1291995
12 26 1.1249388
12 28 4.222309
12 32 0.18207185
12 10 11.765837
12 24 0.06627274
12 21 0.07102389
12 3 0.060046174
13 30 2.2124114
13 0 0.8396727
13 8 2.104176
13 18 900.00006
13 33 0.97306997
13 11 0.7679104
13 29 0.71208864
13 34 8.862216
13 20 0.7503612
13 2 0.34591112
13 14 1.6102358
13 37 1.4564161
13 27 0.1720954
13 16 153.28407
13 25 0.6483613
14 20 0.9285374
14 13 1.6102358
14 33 0.59974355
14 27 1.7050047
14 11 2000.0
14 25 1.6939001
15 32 0.09177265
15 21 2.9213402
16 30 1.0491647
16 0 2000.0
16 8 1.1175299
16 18 0.6234382
16 13 153.28407
16 11 0.54983884
16 29 59.055485
16 5 1.7991877
16 20 21.816643
16 37 128.57143
16 7 1.3696
16 27 1.2744005
16 23 6.779165
16 25 1.0835366
17 26 1.7059753
17 6 1.3651516
17 10 0.030636726
17 24 0.18995114
17 31 1.2231668
17 9 0.0491294
17 4 0.111080565
17 19 1.8747543
18 30 0.7218798
18 2 8.121159
18 8 1.2330508
18 37 0.9735569
18 13 900.00006
18 7 2000.0
18 27 3.4921641
18 16 0.6234382
18 23 1.3719208
18 11 5.114925
18 29 1.2937523
18 5 0.41581544
19 22 57.881374
19 31 0.06527778
19 9 0.06370201
19 17 1.8747543
19 4 0.07954846
20 30 15.627927
20 13 0.7503612
20 33 1.3244572
20 11 0.71832997
20 29 1.0291193
20 5 1.556742
20 34 0.8020825
20 2 7.9206953
20 14 0.9285374
20 37 1.3183149
20 7 2.349684
20 27 0.34687927
20 16 21.816643
20 25 0.55262095
21 32 2000.0
21 24 0.079158284
21 35 0.05119745
21 12 0.07102389
21 15 2.9213402
22 6 1575.3408
22 31 1199.8864
22 9 0.42882833
22 19 57.881374
23 0 2000.0
23 30 0.96207905
23 2 20.11558
23 8 1.05789
23 37 2.1677008
23 18 1.3719208
23 7 1.1171353
23 16 6.779165
23 11 2000.0
23 29 2.9326007
23 5 4.9809
24 26 0.052649517
24 32 0.11323402
24 10 0.08186189
24 21 0.079158284
24 31 15.719935
24 12 0.06627274
24 15 2000.0
24 17 0.18995114
25 0 800.0
25 30 3.0805233
25 13 0.6483613
25 33 0.71493864
25 11 1.1291995
25 29 2.9525878
25 34 1.912602
25 20 0.55262095
25 2 1.518769
25 14 1.6939001
25 37 12.402771
25 7 12.497068
25 27 0.85231924
25 16 1.0835366
26 32 1207.3295
26 28 0.035199486
26 10 0.036200188
26 24 0.052649517
26 31 0.059915997
26 12 1.1249388
26 17 1.7059753
27 0 2000.0
27 30 0.26405725
27 8 0.9641675
27 18 3.4921641
27 13 0.1720954
27 33 0.8768875
27 11 0.57716095
27 29 0.6008582
27 5 2.0767403
27 34 0.743695
27 20 0.34687927
27 2 0.8345131
27 14 1.7050047
27 37 0.97969747
27 7 150.0
27 16 1.2744005
27 25 0.85231924
28 36 0.03961649
28 26 0.035199486
28 10 0.18911637
28 3 0.09048294
28 12 4.222309
28 9 1.3710343
29 0 4.982294
29 30 2.7356553
29 8 0.6639831
29 18 1.2937523
29 13 0.71208864
29 11 0.6037247
29 5 2.10539
29 34 12.0667515
29 20 1.0291193
29 2 0.77736354
29 37 1.0243157
29 7 2000.0
29 27 0.6008582
29 16 59.055485
29 23 2.9326007
29 25 2.9525878
30 0 2000.0
30 8 0.569299
30 18 0.7218798
30 13 2.2124114
30 33 2.4890444
30 11 0.4360998
30 29 2.7356553
30 5 0.75267863
30 34 1.8699365
30 20 15.627927
30 2 16.276852
30 14 2000.0
30 37 5.4835167
30 7 1.093334
30 27 0.26405725
30 16 1.0491647
30 23 0.96207905
30 25 3.0805233
31 26 0.059915997
31 6 2.341598
31 10 0.031442452
31 24 15.719935
31 9 0.029565888
31 17 1.2231668
31 4 0.08213577
31 19 0.06527778
32 26 1207.3295
32 24 0.11323402
32 12 0.18207185
32 15 0.09177265
33 30 2.4890444
33 13 0.97306997
33 11 3.9346519
33 29 3275.3408
33 5 2000.0
33 34 2000.0
33 20 1.3244572
33 2 4.8754597
33 14 0.59974355
33 7 2000.0
33 27 0.8768875
33 16 1998.8635
33 25 0.71493864
34 30 1.8699365
34 20 0.8020825
34 8 5.462774
34 7 7.6616297
34 13 8.862216
34 27 0.743695
34 16 3216.9885
34 11 2.8335981
34 25 1.912602
34 29 12.0667515
34 5 7.3816996
35 21 0.05119745
36 26 2000.0
36 28 0.03961649
36 3 0.22957121
36 9 2.2787826
37 30 5.4835167
37 0 0.6930149
37 8 1.2461503
37 18 0.9735569
37 13 1.4564161
37 11 1.2634711
37 29 1.0243157
37 20 1.3183149
37 2 0.99570197
37 7 26.758608
37 27 0.97969747
37 16 128.57143
37 23 2.1677008
37 25 12.402771
