0 8 6.1720123
0 2 0.7590638
0 37 0.5909201
0 13 0.8678322
0 11 7.669851
0 29 10.751779
1 3 0.23939392
1 12 72.98523
2 30 9.711649
2 0 0.7590638
2 8 1.2823443
2 18 9.714542
2 13 0.3788376
2 33 2.0884533
2 11 0.63048005
2 29 0.7206589
2 20 2.0084138
2 37 0.6576753
2 27 0.4481181
2 16 2000.0
2 23 96.49332
2 25 2.2977607
3 36 0.29313654
3 28 0.09077427
3 24 400.0
3 12 0.058455892
3 1 0.23939392
3 9 0.51235676
4 31 0.0807368
4 9 0.06442298
4 17 0.121016294
4 19 0.081644356
5 30 0.8248827
5 8 0.8094199
5 18 0.34053338
5 13 112.81418
5 11 3.1496367
5 29 8.389976
5 34 1.6088288
5 20 3.2647607
5 37 2000.0
5 7 5.324369
5 27 2.5682762
5 16 1.4842331
5 23 4.1617603
6 31 0.7045646
6 17 0.56349134
7 34 6.9783287
7 30 0.75817984
7 20 1.8631527
7 8 23.941853
7 37 18.289923
7 27 254.39064
7 16 1.2154146
7 11 7.0773983
7 23 0.931591
7 25 5.341948
7 5 5.324369
8 0 6.1720123
8 30 0.6114475
8 18 0.8927906
8 13 2.0558116
8 11 2.8839736
8 29 0.65770924
8 5 0.8094199
8 34 1.9302489
8 2 1.2823443
8 37 0.92339873
8 7 23.941853
8 27 1.9889452
8 16 1.3336704
8 23 1.0454342
9 36 1.7417876
9 26 2000.0
9 28 2.540795
9 10 4.6532946
9 22 0.24296784
9 31 0.030868107
9 3 0.51235676
9 17 0.11602273
9 4 0.06442298
9 19 0.066523395
10 26 0.0398845
10 28 0.5195722
10 24 0.07214618
10 31 0.036864407
10 12 10.168353
10 9 4.6532946
10 17 0.03142277
11 0 7.669851
11 30 0.44996402
11 8 2.8839736
11 18 7.1663437
11 13 0.5633269
11 33 2.086562
11 29 1.028864
11 5 3.1496367
11 34 2.5535038
11 20 0.59438425
11 2 0.63048005
11 37 1.2264478
11 7 7.0773983
11 27 0.5056818
11 16 0.92290235
11 25 0.9099807
12 26 1.8730208
12 28 2.7469149
12 32 0.27887744
12 10 10.168353
12 24 0.07821207
12 21 0.092653096
12 3 0.058455892
12 1 72.98523
13 0 0.8678322
13 30 1.6257823
13 8 2.0558116
13 18 207.80681
13 33 0.7370874
13 11 0.5633269
13 29 0.9584034
13 5 112.81418
13 34 6.952685
13 20 0.98409784
13 2 0.3788376
13 14 3.155027
13 37 1.2466327
13 27 0.2944701
13 16 34.872883
13 25 0.77812886
14 20 1.4843783
14 13 3.155027
14 27 2.2350156
14 33 0.8771742
14 11 2000.0
14 25 6.3667603
15 32 0.094625495
15 21 0.9805402
16 30 1.04873
16 0 2000.0
16 8 1.3336704
16 18 0.9871208
16 13 34.872883
16 11 0.92290235
16 29 14.886066
16 5 1.4842331
16 20 5.1897635
16 37 18.829632
16 7 1.2154146
16 27 1.4071594
16 23 4.396178
16 25 0.98989815
17 26 1.6664528
17 6 0.56349134
17 10 0.03142277
17 24 0.35709086
17 31 1.109155
17 9 0.11602273
17 4 0.121016294
17 19 3.4172363
18 30 0.69805723
18 2 9.714542
18 8 0.8927906
18 37 1.9389795
18 7 2000.0
18 13 207.80681
18 27 2.9354928
18 16 0.9871208
18 23 1.4237382
18 11 7.1663437
18 29 0.9650313
18 5 0.34053338
19 31 0.1362079
19 9 0.066523395
19 17 3.4172363
19 4 0.081644356
20 30 12.991717
20 13 0.98409784
20 33 1.756682
20 11 0.59438425
20 29 2.2495723
20 5 3.2647607
20 34 0.83185893
20 2 2.0084138
20 14 1.4843783
20 37 1.6892854
20 7 1.8631527
20 27 0.6769367
20 16 5.1897635
20 25 0.46584418
21 32 2000.0
21 10 2000.0
21 24 0.25353748
21 35 0.036568902
21 12 0.092653096
21 15 0.9805402
22 6 1690.9092
22 31 1246.1364
22 9 0.24296784
22 19 1288.409
23 0 2000.0
23 30 1.0596712
23 2 96.49332
23 8 1.0454342
23 37 1.4015746
23 18 1.4237382
23 7 0.931591
23 16 4.396178
23 11 2000.0
23 29 2.33175
23 5 4.1617603
24 26 0.051659927
24 32 0.19871742
24 10 0.07214618
24 21 0.25353748
24 31 7.6548824
24 12 0.07821207
24 3 400.0
24 15 2000.0
24 17 0.35709086
25 30 4.09838
25 13 0.77812886
25 33 0.3944129
25 11 0.9099807
25 29 7.900648
25 34 1.4163363
25 20 0.46584418
25 2 2.2977607
25 14 6.3667603
25 37 48.493687
25 7 5.341948
25 27 0.8202591
25 16 0.98989815
26 36 200.0
26 32 90.00001
26 28 0.07869952
26 10 0.0398845
26 24 0.051659927
26 31 0.044462636
26 12 1.8730208
26 17 1.6664528
27 0 2000.0
27 30 0.16654895
27 8 1.9889452
27 18 2.9354928
27 13 0.2944701
27 33 0.79678667
27 11 0.5056818
27 29 0.54574347
27 5 2.5682762
27 34 1.0054545
27 20 0.6769367
27 2 0.4481181
27 14 2.2350156
27 37 1.5505109
27 7 254.39064
27 16 1.4071594
27 25 0.8202591
28 36 0.03427119
28 26 0.07869952
28 10 0.5195722
28 3 0.09077427
28 12 2.7469149
28 9 2.540795
29 0 10.751779
29 30 4.6993275
29 8 0.65770924
29 18 0.9650313
29 13 0.9584034
29 33 114.28571
29 11 1.028864
29 5 8.389976
29 34 8.13377
29 20 2.2495723
29 2 0.7206589
29 37 0.54827386
29 7 2000.0
29 27 0.54574347
29 16 14.886066
29 23 2.33175
29 25 7.900648
30 0 2000.0
30 8 0.6114475
30 18 0.69805723
30 13 1.6257823
30 33 2.2616162
30 11 0.44996402
30 29 4.6993275
30 5 0.8248827
30 34 1.2805761
30 20 12.991717
30 2 9.711649
30 37 8.751893
30 7 0.75817984
30 27 0.16654895
30 16 1.04873
30 23 1.0596712
30 25 4.09838
31 26 0.044462636
31 6 0.7045646
31 10 0.036864407
31 24 7.6548824
31 9 0.030868107
31 17 1.109155
31 4 0.0807368
31 19 0.1362079
32 26 90.00001
32 24 0.19871742
32 12 0.27887744
32 15 0.094625495
33 34 2000.0
33 30 2.2616162
33 20 1.756682
33 2 2.0884533
33 14 0.8771742
33 7 2000.0
33 13 0.7370874
33 27 0.79678667
33 16 2270.3408
33 11 2.086562
33 29 114.28571
33 25 0.3944129
34 30 1.2805761
34 20 0.83185893
34 8 1.9302489
34 13 6.952685
34 7 6.9783287
34 27 1.0054545
34 16 1215.0568
34 11 2.5535038
34 25 1.4163363
34 29 8.13377
34 5 1.6088288
35 21 0.036568902
36 26 200.0
36 28 0.03427119
36 3 0.29313654
36 9 1.7417876
37 30 8.751893
37 0 0.5909201
37 8 0.92339873
37 18 1.9389795
37 13 1.2466327
37 11 1.2264478
37 29 0.54827386
37 20 1.6892854
37 2 0.6576753
37 7 18.289923
37 27 1.5505109
37 16 18.829632
37 23 1.4015746
37 25 48.493687
