0 8 10.360844
0 2 0.64536524
0 37 2.3681374
0 13 0.7169094
0 25 2000.0
0 29 6.908344
1 3 0.21648465
1 12 17.39827
2 30 21.004845
2 0 0.64536524
2 8 2.0263069
2 18 17.748621
2 13 1.1966403
2 33 4.238881
2 11 2.6890192
2 29 1.2301807
2 20 9.585239
2 37 1.8670233
2 27 1.4732357
2 16 2000.0
2 23 34.140774
2 25 2.3341017
3 36 0.5828234
3 28 0.094125204
3 24 2000.0
3 12 0.06024442
3 1 0.21648465
3 9 0.36858165
4 31 0.09309404
4 9 0.064792566
4 17 0.18709761
4 19 0.0846032
5 30 0.9394602
5 8 1.4937314
5 18 0.92062163
5 13 116.66667
5 11 6.2303576
5 29 9.437233
5 34 6.9719114
5 20 4.921686
5 37 2000.0
5 7 8.611768
5 27 1.7855706
5 16 1.6900645
5 23 5.6802506
6 31 0.94152474
6 17 0.76851606
7 34 8.633568
7 30 0.93523425
7 20 2.6121047
7 8 19.831596
7 37 25.28895
7 27 122.91585
7 16 1.6153878
7 11 13.589736
7 23 1.8588364
7 25 8.783385
7 5 8.611768
8 0 10.360844
8 30 0.79943186
8 18 1.6782887
8 13 10.557941
8 11 1.2858266
8 29 0.7906148
8 5 1.4937314
8 34 9.5042925
8 2 2.0263069
8 37 1.985132
8 7 19.831596
8 27 1.3191373
8 16 1.4829657
8 23 1.4121612
9 36 0.8277552
9 26 2000.0
9 28 8.071995
9 10 6.880566
9 22 0.56540424
9 31 0.030304015
9 3 0.36858165
9 17 0.055172414
9 4 0.064792566
9 19 0.066991985
10 26 0.043094885
10 28 0.6600142
10 24 0.06593596
10 31 0.02982763
10 12 2.5907598
10 9 6.880566
10 17 0.030808678
11 0 2000.0
11 30 0.95278376
11 8 1.2858266
11 18 9.499097
11 13 1.6473979
11 33 7.5351124
11 29 1.347038
11 5 6.2303576
11 34 4.949688
11 20 2.2161994
11 2 2.6890192
11 37 2.3692605
11 7 13.589736
11 27 1.2775705
11 16 1.045082
11 25 2.4152238
12 26 1.1695741
12 28 7.7403407
12 32 0.2858697
12 10 2.5907598
12 24 0.09032925
12 21 0.07512488
12 3 0.06024442
12 1 17.39827
13 30 17.454546
13 0 0.7169094
13 8 10.557941
13 18 1960.0001
13 33 1.1901017
13 11 1.6473979
13 29 1.1381704
13 5 116.66667
13 34 26.531315
13 20 0.68656796
13 2 1.1966403
13 14 3.7684734
13 37 3.9223137
13 27 1.0307413
13 16 170.86365
13 25 0.7496252
14 20 2.5228128
14 13 3.7684734
14 33 0.48739836
14 27 3.1735375
14 11 2000.0
14 25 3.3698885
15 32 0.07918125
15 21 9.918821
16 0 2000.0
16 30 1.2000425
16 8 1.4829657
16 18 0.57567465
16 13 170.86365
16 11 1.045082
16 29 514.2857
16 5 1.6900645
16 20 22.225527
16 37 77.7989
16 7 1.6153878
16 27 1.4561598
16 23 13.057352
16 25 2.619835
17 26 2.254849
17 6 0.76851606
17 10 0.030808678
17 24 0.41223958
17 31 1.2965908
17 9 0.055172414
17 4 0.18709761
17 19 1.6646246
18 30 0.72936153
18 2 17.748621
18 8 1.6782887
18 37 2.3177109
18 7 2000.0
18 13 1960.0001
18 27 5.7294245
18 16 0.57567465
18 23 3.0096378
18 11 9.499097
18 29 1.0690852
18 5 0.92062163
19 22 100.0
19 31 0.07375247
19 9 0.066991985
19 17 1.6646246
19 4 0.0846032
20 0 2000.0
20 30 17.042656
20 13 0.68656796
20 33 2.1375237
20 11 2.2161994
20 29 5.4985948
20 5 4.921686
20 34 1.1918594
20 2 9.585239
20 14 2.5228128
20 37 9.524548
20 7 2.6121047
20 27 0.829335
20 16 22.225527
20 25 0.9301137
21 26 2000.0
21 32 2000.0
21 10 2000.0
21 24 0.0696558
21 35 0.046143062
21 12 0.07512488
21 15 9.918821
22 6 1055.7954
22 31 2000.0
22 9 0.56540424
22 19 100.0
23 0 2000.0
23 30 2.4281251
23 2 34.140774
23 8 1.4121612
23 37 4.226461
23 18 3.0096378
23 7 1.8588364
23 16 13.057352
23 11 2000.0
23 29 3.8649287
23 5 5.6802506
24 26 0.100667864
24 32 0.09705515
24 10 0.06593596
24 21 0.0696558
24 31 15.933353
24 12 0.09032925
24 15 2000.0
24 17 0.41223958
25 0 2000.0
25 30 7.4716053
25 13 0.7496252
25 33 0.62451595
25 11 2.4152238
25 29 0.69200504
25 34 8.198351
25 20 0.9301137
25 2 2.3341017
25 14 3.3698885
25 37 33.333336
25 7 8.783385
25 27 0.86970943
25 16 2.619835
26 32 29.654161
26 28 0.044402014
26 10 0.043094885
26 24 0.100667864
26 31 0.064661935
26 12 1.1695741
26 17 2.254849
27 0 2000.0
27 30 0.33763433
27 8 1.3191373
27 18 5.7294245
27 13 1.0307413
27 33 1.3180956
27 11 1.2775705
27 29 0.97817224
27 5 1.7855706
27 34 0.86803406
27 20 0.829335
27 2 1.4732357
27 14 3.1735375
27 37 4.531972
27 7 122.91585
27 16 1.4561598
27 25 0.86970943
28 36 0.08232235
28 26 0.044402014
28 10 0.6600142
28 3 0.094125204
28 12 7.7403407
28 9 8.071995
29 0 6.908344
29 30 3.4238045
29 8 0.7906148
29 18 1.0690852
29 13 1.1381704
29 11 1.347038
29 5 9.437233
29 34 4.0626044
29 20 5.4985948
29 2 1.2301807
29 37 1.0445266
29 7 2000.0
29 27 0.97817224
29 16 514.2857
29 23 3.8649287
29 25 0.69200504
30 0 2000.0
30 8 0.79943186
30 18 0.72936153
30 13 17.454546
30 33 3.4438295
30 11 0.95278376
30 29 3.4238045
30 5 0.9394602
30 34 3.099767
30 20 17.042656
30 2 21.004845
30 14 2000.0
30 37 9.78877
30 7 0.93523425
30 27 0.33763433
30 16 1.2000425
30 23 2.4281251
30 25 7.4716053
31 26 0.064661935
31 6 0.94152474
31 10 0.02982763
31 24 15.933353
31 9 0.030304015
31 17 1.2965908
31 4 0.09309404
31 19 0.07375247
32 26 29.654161
32 24 0.09705515
32 12 0.2858697
32 15 0.07918125
33 34 2000.0
33 30 3.4438295
33 20 2.1375237
33 2 4.238881
33 14 0.48739836
33 7 2000.0
33 13 1.1901017
33 27 1.3180956
33 16 2000.0
33 11 7.5351124
33 29 2000.0
33 25 0.62451595
34 30 3.099767
34 20 1.1918594
34 8 9.5042925
34 7 8.633568
34 13 26.531315
34 27 0.86803406
34 16 2000.0
34 11 4.949688
34 25 8.198351
34 29 4.0626044
34 5 6.9719114
35 21 0.046143062
36 26 2000.0
36 28 0.08232235
36 3 0.5828234
36 9 0.8277552
37 30 9.78877
37 0 2.3681374
37 8 1.985132
37 18 2.3177109
37 13 3.9223137
37 11 2.3692605
37 29 1.0445266
37 20 9.524548
37 2 1.8670233
37 7 25.28895
37 27 4.531972
37 16 77.7989
37 23 4.226461
37 25 33.333336
