0 2 1.1679212
0 37 1.5848757
0 13 1.7519974
0 29 73.61577
0 25 14.896223
1 3 0.6797704
1 12 17.647776
2 30 16.001936
2 0 1.1679212
2 8 1.4040389
2 18 3.9544673
2 13 0.46212745
2 33 1.7704104
2 11 1.1956216
2 29 1.2713255
2 20 3.7236018
2 37 0.79145265
2 27 0.741615
2 16 2000.0
2 23 8.176223
2 25 0.50890446
3 36 0.4770528
3 28 18.843256
3 24 2000.0
3 12 0.06002566
3 1 0.6797704
3 9 0.57896733
4 31 0.07929803
4 9 0.07343517
4 17 0.29777935
4 19 0.10418753
5 30 0.75236815
5 8 0.8617344
5 18 0.7372677
5 13 17.259575
5 11 1.52051
5 29 5.489215
5 34 1.7835621
5 20 2.2681181
5 37 7.6540403
5 7 7.4861107
5 27 1.935085
5 16 2.495005
5 23 4.987152
5 25 2000.0
6 31 0.2536243
6 17 1.8856922
7 34 279.3098
7 30 0.9382575
7 20 61.71833
7 8 3.3209598
7 37 69.86781
7 16 1.3469083
7 23 1.4365063
7 25 2.5542388
7 5 7.4861107
8 0 2000.0
8 30 0.47895834
8 18 1.2972373
8 13 1.4935275
8 11 0.8709426
8 29 0.34528396
8 5 0.8617344
8 34 15.687803
8 2 1.4040389
8 37 1.329364
8 7 3.3209598
8 27 1.3226023
8 16 1.5110569
8 23 0.9226704
8 25 2000.0
9 36 0.37272602
9 26 2000.0
9 28 1.1537035
9 10 37.894737
9 22 0.059891947
9 31 0.029565884
9 3 0.57896733
9 4 0.07343517
9 17 0.03135096
9 19 0.07436601
10 26 0.029449217
10 28 0.24420819
10 24 0.10771504
10 31 13.127997
10 12 1153.2386
10 9 37.894737
10 17 0.033893622
11 0 2000.0
11 30 0.7317622
11 8 0.8709426
11 18 4.738694
11 13 0.9921501
11 33 2.3624182
11 29 1.0804305
11 5 1.52051
11 34 3.1751335
11 20 1.4944397
11 2 1.1956216
11 37 2.0532649
11 7 1372.8408
11 27 0.6599539
11 16 1.1051873
11 25 0.67894936
12 26 1.0485984
12 32 2.9360645
12 24 0.06870721
12 21 0.17168553
12 3 0.06002566
12 1 17.647776
13 30 15.2184925
13 0 1.7519974
13 8 1.4935275
13 33 1.5066842
13 11 0.9921501
13 29 1.1962383
13 5 17.259575
13 34 91.25808
13 20 0.9673434
13 2 0.46212745
13 14 9.033896
13 37 1.329369
13 7 2000.0
13 27 0.39259982
13 16 31.345098
13 25 0.24030006
14 30 8.458853
14 20 1.4551036
14 13 9.033896
14 27 3.0214965
14 33 0.43044934
14 11 2000.0
14 25 2.3138382
15 32 0.067178115
15 21 3.2426298
16 0 2000.0
16 30 1.1214627
16 8 1.5110569
16 18 1.9178016
16 13 31.345098
16 11 1.1051873
16 5 2.495005
16 34 64.20151
16 20 24.197529
16 7 1.3469083
16 27 1.2618985
16 23 2.2773898
16 25 0.6706103
17 6 1.8856922
17 26 1.550951
17 10 0.033893622
17 24 0.16554685
17 31 0.98745275
17 9 0.03135096
17 4 0.29777935
17 19 1404.0342
18 0 2000.0
18 30 0.7846591
18 8 1.2972373
18 13 1951.6287
18 11 4.738694
18 29 1.6545408
18 5 0.7372677
18 2 3.9544673
18 37 3.5279334
18 7 2000.0
18 27 32.285534
18 16 1.9178016
18 23 1.5089307
19 28 160.0
19 31 0.09161932
19 9 0.07436601
19 4 0.10418753
20 30 1.7431583
20 13 0.9673434
20 33 1.0896586
20 11 1.4944397
20 29 7.271281
20 5 2.2681181
20 34 0.9298551
20 2 3.7236018
20 14 1.4551036
20 37 4.1040645
20 7 61.71833
20 27 2.0789328
20 16 24.197529
20 25 0.43443495
21 10 2000.0
21 24 1.2479811
21 35 0.034356136
21 12 0.17168553
21 15 3.2426298
22 31 185.26704
22 9 0.059891947
22 19 2000.0
23 0 2000.0
23 30 1.3754373
23 8 0.9226704
23 2 8.176223
23 37 1.5576209
23 18 1.5089307
23 7 1.4365063
23 16 2.2773898
23 11 2000.0
23 29 0.94846386
23 5 4.987152
24 26 0.039911985
24 32 0.27442148
24 10 0.10771504
24 21 1.2479811
24 12 0.06870721
24 17 0.16554685
25 30 17.105146
25 0 14.896223
25 13 0.24030006
25 33 0.50646406
25 11 0.67894936
25 29 1.9614328
25 34 3.24908
25 20 0.43443495
25 2 0.50890446
25 14 2.3138382
25 37 35.803535
25 7 2.5542388
25 27 0.21575613
25 16 0.6706103
26 32 12.926498
26 28 0.083279215
26 10 0.029449217
26 24 0.039911985
26 31 0.1542934
26 12 1.0485984
26 17 1.550951
27 30 0.26648855
27 0 2000.0
27 8 1.3226023
27 18 32.285534
27 13 0.39259982
27 33 0.7089867
27 11 0.6599539
27 29 0.72346115
27 5 1.935085
27 34 0.8950963
27 20 2.0789328
27 2 0.741615
27 14 3.0214965
27 37 1.0468082
27 7 4868.125
27 16 1.2618985
27 25 0.21575613
28 36 0.031948585
28 26 0.083279215
28 10 0.24420819
28 12 1137.2727
28 3 18.843256
28 9 1.1537035
28 19 160.0
29 0 73.61577
29 30 0.5503798
29 8 0.34528396
29 18 1.6545408
29 13 1.1962383
29 33 18.37124
29 11 1.0804305
29 5 5.489215
29 34 3.3766575
29 20 7.271281
29 2 1.2713255
29 37 0.8366619
29 27 0.72346115
29 16 2000.0
29 23 0.94846386
29 25 1.9614328
30 8 0.47895834
30 18 0.7846591
30 13 15.2184925
30 33 9.700682
30 11 0.7317622
30 29 0.5503798
30 5 0.75236815
30 34 0.81157297
30 20 1.7431583
30 2 16.001936
30 14 8.458853
30 37 14.97758
30 7 0.9382575
30 27 0.26648855
30 16 1.1214627
30 23 1.3754373
30 25 17.105146
31 26 0.1542934
31 6 0.2536243
31 10 13.127997
31 22 185.26704
31 9 0.029565884
31 4 0.07929803
31 17 0.98745275
31 19 0.09161932
32 26 12.926498
32 24 0.27442148
32 21 2000.0
32 12 2.9360645
32 15 0.067178115
33 30 9.700682
33 8 2000.0
33 13 1.5066842
33 11 2.3624182
33 29 18.37124
33 5 2000.0
33 34 2000.0
33 20 1.0896586
33 2 1.7704104
33 14 0.43044934
33 7 2000.0
33 27 0.7089867
33 16 3017.898
33 25 0.50646406
34 30 0.81157297
34 20 0.9298551
34 8 15.687803
34 37 2000.0
34 13 91.25808
34 7 279.3098
34 27 0.8950963
34 16 64.20151
34 11 3.1751335
34 29 3.3766575
34 25 3.24908
34 5 1.7835621
35 21 0.034356136
35 31 1146.4205
36 28 0.031948585
36 3 0.4770528
36 9 0.37272602
37 30 14.97758
37 0 1.5848757
37 8 1.329364
37 18 3.5279334
37 13 1.329369
37 11 2.0532649
37 29 0.8366619
37 5 7.6540403
37 20 4.1040645
37 2 0.79145265
37 7 69.86781
37 27 1.0468082
37 16 2000.0
37 23 1.5576209
37 25 35.803535
