0 8 5.622874
0 2 1.288016
0 37 0.74409723
0 13 0.6007212
0 11 17.334415
0 29 7.607995
1 3 0.27141473
1 12 1202.159
2 30 16.879646
2 0 1.288016
2 8 1.0989194
2 18 14.067924
2 13 0.35569182
2 33 3.201035
2 11 0.7513341
2 29 1.2827752
2 20 4.8916063
2 37 1.0848999
2 27 0.93425506
2 23 26.693035
2 25 1.4278176
3 36 0.18441239
3 28 0.13796665
3 24 2000.0
3 12 0.06995284
3 1 0.27141473
3 9 0.20705076
4 31 0.07879151
4 9 0.06341476
4 17 0.08335167
4 19 0.09289903
5 30 0.75804925
5 8 0.6688059
5 18 1.3779905
5 13 2000.0
5 11 1.6627144
5 29 5.6295967
5 34 10.6359625
5 20 3.066748
5 37 2000.0
5 7 4.76891
5 27 3.5677245
5 16 1.7736152
5 23 7.3764815
6 31 1.0316228
6 17 1.1831897
7 34 12.88421
7 30 1.0058448
7 20 2.1780074
7 8 16.00902
7 37 12.168036
7 27 296.55173
7 16 1.3044208
7 11 7.951985
7 23 1.1618513
7 25 10.104224
7 5 4.76891
8 0 5.622874
8 30 0.78594697
8 18 1.2832731
8 13 1.9849786
8 11 0.49930996
8 29 0.57272524
8 5 0.6688059
8 34 3.6016383
8 2 1.0989194
8 37 1.1807852
8 7 16.00902
8 27 1.3972864
8 16 1.8278624
8 23 1.0291984
9 36 0.63293886
9 26 2000.0
9 28 2.0988638
9 10 4.7073693
9 22 0.26262107
9 31 0.029403634
9 3 0.20705076
9 12 2000.0
9 17 0.04572031
9 4 0.06341476
9 19 0.066124305
10 26 0.031947058
10 28 0.17284533
10 24 0.047417354
10 31 0.051709443
10 12 5.9999995
10 9 4.7073693
10 17 0.031233476
11 0 17.334415
11 30 0.35182506
11 8 0.49930996
11 18 10.157283
11 13 0.54596865
11 33 2.1540086
11 29 0.83457065
11 5 1.6627144
11 34 2.5794122
11 20 1.0643868
11 2 0.7513341
11 37 1.2003152
11 7 7.951985
11 27 0.47875375
11 16 0.91612333
11 25 0.9008827
12 26 0.8548709
12 28 2.2351491
12 32 0.28096926
12 10 5.9999995
12 24 0.06789841
12 21 0.119606934
12 3 0.06995284
13 30 3.3808522
13 0 0.6007212
13 8 1.9849786
13 18 466.6667
13 33 1.1423898
13 11 0.54596865
13 29 1.9964895
13 34 15.253124
13 20 1.0861756
13 2 0.35569182
13 14 3.7463627
13 37 1.7937393
13 27 0.34028926
13 16 471.96667
13 25 0.82054925
14 20 2.0926075
14 13 3.7463627
14 33 0.36846635
14 27 4.3742
14 11 2000.0
14 25 4.565528
15 32 0.07115313
15 21 1.5213933
16 0 2000.0
16 30 1.1204817
16 8 1.8278624
16 18 1.3757478
16 13 471.96667
16 11 0.91612333
16 29 21.252369
16 5 1.7736152
16 20 27.072695
16 37 27.792358
16 7 1.3044208
16 27 1.344659
16 23 8.963422
16 25 2.0651302
17 26 1.6405027
17 6 1.1831897
17 10 0.031233476
17 24 0.15969738
17 31 1.2607319
17 9 0.04572031
17 4 0.08335167
17 19 2.7070453
18 30 1.1037269
18 2 14.067924
18 8 1.2832731
18 37 2.6696343
18 7 2000.0
18 13 466.6667
18 27 4.5705566
18 16 1.3757478
18 23 1.4159346
18 11 10.157283
18 29 1.3413235
18 5 1.3779905
19 31 0.16608799
19 9 0.066124305
19 17 2.7070453
19 4 0.09289903
20 30 9.071301
20 13 1.0861756
20 33 2.409129
20 11 1.0643868
20 29 6.207242
20 5 3.066748
20 34 0.92487735
20 2 4.8916063
20 14 2.0926075
20 37 1.222895
20 7 2.1780074
20 27 1.3486999
20 16 27.072695
20 25 0.5409789
21 32 2000.0
21 10 2000.0
21 24 0.91529244
21 35 0.040956993
21 12 0.119606934
21 15 1.5213933
22 6 1615.6818
22 31 1244.1478
22 9 0.26262107
22 19 1329.4886
23 0 2000.0
23 30 2.3110247
23 2 26.693035
23 8 1.0291984
23 37 2.340965
23 18 1.4159346
23 7 1.1618513
23 16 8.963422
23 11 2000.0
23 29 3.8833005
23 5 7.3764815
24 26 0.07034917
24 32 0.12871206
24 10 0.047417354
24 21 0.91529244
24 31 13.824172
24 12 0.06789841
24 3 2000.0
24 15 2000.0
24 17 0.15969738
25 0 2000.0
25 30 3.4504411
25 13 0.82054925
25 33 0.36525032
25 11 0.9008827
25 29 2.846828
25 34 1.5132385
25 20 0.5409789
25 2 1.4278176
25 14 4.565528
25 37 20.021355
25 7 10.104224
25 27 0.6592077
25 16 2.0651302
26 32 20.514713
26 28 0.09120356
26 10 0.031947058
26 24 0.07034917
26 31 0.045750313
26 12 0.8548709
26 17 1.6405027
27 0 2000.0
27 30 0.61697334
27 8 1.3972864
27 18 4.5705566
27 13 0.34028926
27 33 0.79596233
27 11 0.47875375
27 29 0.39060175
27 5 3.5677245
27 34 1.2804866
27 20 1.3486999
27 2 0.93425506
27 14 4.3742
27 37 1.1532482
27 7 296.55173
27 16 1.344659
27 25 0.6592077
28 36 0.03288792
28 26 0.09120356
28 10 0.17284533
28 3 0.13796665
28 12 2.2351491
28 9 2.0988638
29 0 7.607995
29 30 8.273712
29 8 0.57272524
29 18 1.3413235
29 13 1.9964895
29 11 0.83457065
29 5 5.6295967
29 34 8.555926
29 20 6.207242
29 2 1.2827752
29 37 1.0683681
29 7 2000.0
29 27 0.39060175
29 16 21.252369
29 23 3.8833005
29 25 2.846828
30 0 2000.0
30 8 0.78594697
30 18 1.1037269
30 13 3.3808522
30 33 3.993091
30 11 0.35182506
30 29 8.273712
30 5 0.75804925
30 34 1.8766404
30 20 9.071301
30 2 16.879646
30 37 8.862817
30 7 1.0058448
30 27 0.61697334
30 16 1.1204817
30 23 2.3110247
30 25 3.4504411
31 26 0.045750313
31 6 1.0316228
31 10 0.051709443
31 24 13.824172
31 9 0.029403634
31 17 1.2607319
31 4 0.07879151
31 19 0.16608799
32 26 20.514713
32 24 0.12871206
32 12 0.28096926
32 15 0.07115313
33 30 3.993091
33 13 1.1423898
33 11 2.1540086
33 29 7853.409
33 5 2000.0
33 34 2000.0
33 20 2.409129
33 2 3.201035
33 14 0.36846635
33 7 2000.0
33 27 0.79596233
33 16 2000.0
33 25 0.36525032
34 30 1.8766404
34 20 0.92487735
34 8 3.6016383
34 13 15.253124
34 7 12.88421
34 27 1.2804866
34 16 1215.0568
34 11 2.5794122
34 25 1.5132385
34 29 8.555926
34 5 10.6359625
35 21 0.040956993
36 26 1204.4886
36 28 0.03288792
36 3 0.18441239
36 9 0.63293886
37 30 8.862817
37 0 0.74409723
37 8 1.1807852
37 18 2.6696343
37 13 1.7937393
37 11 1.2003152
37 29 1.0683681
37 20 1.222895
37 2 1.0848999
37 7 12.168036
37 27 1.1532482
37 16 27.792358
37 23 2.340965
37 25 20.021355
