0 2 3.6975384
0 37 1.359027
0 13 1.1220299
0 29 47.00858
0 25 13.6470585
1 3 0.37588686
1 12 8.892977
2 30 17.43538
2 0 3.6975384
2 8 1.3126603
2 18 2.8236077
2 13 0.6630517
2 33 2.6585066
2 11 2.2844253
2 29 1.2541567
2 20 2.9827805
2 37 0.8030527
2 27 0.99587846
2 16 2000.0
2 23 23.876766
2 25 1.4281034
3 36 0.48713073
3 28 2.3441975
3 24 160.0
3 12 0.06682702
3 1 0.37588686
3 9 0.6279279
4 31 0.07443753
4 9 0.0831875
4 17 0.1412566
4 19 0.07171531
5 30 0.59176844
5 8 0.62979203
5 18 1.0455898
5 13 24.74108
5 11 1.7673248
5 29 1.6449552
5 34 2.213757
5 20 2.0822814
5 37 11.185625
5 7 14.530512
5 27 1.5427381
5 16 1.3975279
5 23 5.105844
5 25 2000.0
6 31 0.17226607
6 17 1.4348925
7 30 0.8820157
7 20 113.006
7 8 7.2735534
7 37 145.45454
7 16 1.4021231
7 23 1.2917879
7 11 90.87113
7 29 900.00006
7 25 2.447132
7 5 14.530512
8 0 2000.0
8 30 0.43933287
8 18 1.2895837
8 13 1.2699829
8 11 0.82808435
8 29 0.5871919
8 5 0.62979203
8 34 26.236288
8 2 1.3126603
8 37 0.77829385
8 7 7.2735534
8 27 1.7052138
8 16 1.2783334
8 23 1.0337386
8 25 2000.0
9 36 0.29737023
9 28 2.9094968
9 10 31.168829
9 22 0.04877985
9 31 0.029601648
9 12 2000.0
9 3 0.6279279
9 4 0.0831875
9 17 0.03184903
9 19 0.06622984
10 26 0.030838486
10 28 0.2691601
10 24 0.09034395
10 31 17.66286
10 12 1293.3523
10 9 31.168829
10 17 0.030428324
11 0 2000.0
11 30 0.712346
11 8 0.82808435
11 18 4.7680798
11 13 0.99363786
11 33 1.7748709
11 29 1.3400908
11 5 1.7673248
11 34 2.1370463
11 20 1.4632442
11 2 2.2844253
11 37 1.378407
11 7 90.87113
11 27 0.8399502
11 16 1.0291224
11 25 0.8198267
12 26 1.3071243
12 28 1209.4886
12 32 13.897345
12 24 0.06967831
12 21 0.12017046
12 3 0.06682702
12 1 8.892977
13 30 49.98458
13 0 1.1220299
13 8 1.2699829
13 18 89.059395
13 33 1.042024
13 11 0.99363786
13 29 0.8140593
13 5 24.74108
13 34 214.90666
13 20 1.0929577
13 2 0.6630517
13 14 4.2383375
13 37 1.023042
13 7 2000.0
13 27 0.26066256
13 16 23.521477
13 25 0.27185342
14 30 10.639136
14 20 2.8264244
14 13 4.2383375
14 27 4.4886856
14 33 0.37372166
14 11 2000.0
14 25 3.0765688
15 32 0.0809418
15 21 7.445694
16 30 1.1053697
16 0 2000.0
16 8 1.2783334
16 18 1.2604069
16 13 23.521477
16 11 1.0291224
16 5 1.3975279
16 34 55.373882
16 20 33.79377
16 7 1.4021231
16 27 1.2006183
16 23 2.1945481
16 25 1.0214547
17 6 1.4348925
17 26 1.788662
17 10 0.030428324
17 24 0.21017502
17 31 1.0308288
17 9 0.03184903
17 4 0.1412566
17 19 71.74498
18 0 2000.0
18 30 0.66604984
18 8 1.2895837
18 13 89.059395
18 11 4.7680798
18 29 1.6142251
18 5 1.0455898
18 2 2.8236077
18 37 2.2948735
18 7 2000.0
18 27 12.014356
18 16 1.2604069
18 23 1.4946826
19 28 160.0
19 31 0.06887108
19 9 0.06622984
19 4 0.07171531
19 17 71.74498
20 0 2000.0
20 30 1.723209
20 13 1.0929577
20 33 1.240814
20 11 1.4632442
20 29 11.296602
20 5 2.0822814
20 34 1.0365151
20 2 2.9827805
20 14 2.8264244
20 37 2.4950573
20 7 113.006
20 27 2.1144829
20 16 33.79377
20 25 0.6326188
21 26 2000.0
21 32 2000.0
21 24 1.1257389
21 35 0.0581955
21 31 2000.0
21 12 0.12017046
21 15 7.445694
22 31 69.230774
22 9 0.04877985
22 19 2000.0
23 0 2000.0
23 30 1.1815312
23 8 1.0337386
23 2 23.876766
23 37 1.3450904
23 18 1.4946826
23 7 1.2917879
23 16 2.1945481
23 11 2000.0
23 29 1.5624317
23 5 5.105844
24 26 0.043042928
24 32 0.38355616
24 10 0.09034395
24 21 1.1257389
24 12 0.06967831
24 3 160.0
24 15 2000.0
24 17 0.21017502
25 30 19.045528
25 0 13.6470585
25 13 0.27185342
25 33 0.782428
25 11 0.8198267
25 29 3.1569934
25 34 1.2111536
25 20 0.6326188
25 2 1.4281034
25 14 3.0765688
25 37 88.57288
25 7 2.447132
25 27 0.26355994
25 16 1.0214547
26 32 77.562904
26 28 0.0622111
26 10 0.030838486
26 24 0.043042928
26 31 0.12350355
26 12 1.3071243
26 17 1.788662
27 30 0.2861462
27 0 2000.0
27 8 1.7052138
27 18 12.014356
27 13 0.26066256
27 33 0.79163754
27 11 0.8399502
27 29 0.6980632
27 5 1.5427381
27 34 1.3996838
27 20 2.1144829
27 2 0.99587846
27 14 4.4886856
27 37 1.0724669
27 7 7117.8975
27 16 1.2006183
27 25 0.26355994
28 36 0.037403703
28 26 0.0622111
28 10 0.2691601
28 3 2.3441975
28 12 1209.4886
28 9 2.9094968
28 19 160.0
29 0 47.00858
29 30 1.3224162
29 8 0.5871919
29 18 1.6142251
29 13 0.8140593
29 33 9.416776
29 11 1.3400908
29 5 1.6449552
29 34 2.0544567
29 20 11.296602
29 2 1.2541567
29 37 0.74052393
29 7 900.00006
29 27 0.6980632
29 16 2000.0
29 23 1.5624317
29 25 3.1569934
30 8 0.43933287
30 18 0.66604984
30 13 49.98458
30 33 3.730487
30 11 0.712346
30 29 1.3224162
30 5 0.59176844
30 34 0.8627568
30 20 1.723209
30 2 17.43538
30 14 10.639136
30 37 11.342875
30 7 0.8820157
30 27 0.2861462
30 16 1.1053697
30 23 1.1815312
30 25 19.045528
31 26 0.12350355
31 6 0.17226607
31 10 17.66286
31 35 70.4466
31 22 69.230774
31 9 0.029601648
31 4 0.07443753
31 17 1.0308288
31 19 0.06887108
32 26 77.562904
32 24 0.38355616
32 12 13.897345
32 15 0.0809418
33 30 3.730487
33 8 2000.0
33 13 1.042024
33 11 1.7748709
33 29 9.416776
33 5 2000.0
33 34 2000.0
33 20 1.240814
33 2 2.6585066
33 14 0.37372166
33 7 2000.0
33 27 0.79163754
33 16 3017.898
33 25 0.782428
34 30 0.8627568
34 20 1.0365151
34 8 26.236288
34 37 2000.0
34 13 214.90666
34 7 2000.0
34 27 1.3996838
34 16 55.373882
34 11 2.1370463
34 29 2.0544567
34 25 1.2111536
34 5 2.213757
35 21 0.0581955
35 31 70.4466
36 28 0.037403703
36 3 0.48713073
36 9 0.29737023
37 30 11.342875
37 0 1.359027
37 8 0.77829385
37 18 2.2948735
37 13 1.023042
37 11 1.378407
37 29 0.74052393
37 5 11.185625
37 20 2.4950573
37 2 0.8030527
37 7 145.45454
37 27 1.0724669
37 16 2000.0
37 23 1.3450904
37 25 88.57288
