0 8 7.081131
0 2 1.692794
0 37 0.95981306
0 13 0.90162814
0 11 29.348972
0 29 14.083675
1 3 0.39692542
1 12 69.80279
2 30 6.5133777
2 0 1.692794
2 8 1.336504
2 18 10.40654
2 13 0.6014388
2 33 3.1831722
2 11 1.2676947
2 29 1.1655905
2 20 3.2058601
2 37 1.2641956
2 27 1.2141669
2 16 2000.0
2 23 20.528387
2 25 2.282207
3 36 0.32249686
3 28 0.06843652
3 24 180.00002
3 12 0.056367714
3 1 0.39692542
3 9 0.7660476
4 31 0.08618276
4 9 0.07066082
4 17 0.09397927
4 19 0.08499441
5 30 0.83181244
5 8 0.8203346
5 18 0.41677475
5 13 307.84943
5 11 3.325726
5 29 2.8505597
5 34 3.2797797
5 20 2.3145373
5 37 2000.0
5 7 6.020195
5 27 3.388012
5 16 1.4283509
5 23 5.8298993
6 31 0.4496095
6 17 1.1774892
7 34 13.971792
7 30 0.75538284
7 20 1.7076061
7 8 68.596214
7 37 15.228361
7 16 1.2627784
7 11 5.720791
7 23 1.0845906
7 25 4.6807013
7 5 6.020195
8 0 7.081131
8 30 1.0788096
8 18 1.120452
8 13 1.3823922
8 11 1.0955515
8 29 0.7108934
8 5 0.8203346
8 34 10.260994
8 2 1.336504
8 37 1.9095714
8 7 68.596214
8 27 1.3605177
8 16 1.5228156
8 23 0.950133
9 36 1.0198995
9 28 3.0188131
9 10 9.920137
9 22 0.22054608
9 31 0.034036826
9 3 0.7660476
9 17 0.04794151
9 4 0.07066082
9 19 0.08116545
10 26 0.034429982
10 28 0.24828511
10 24 0.043421715
10 31 0.03585134
10 12 9.221962
10 9 9.920137
10 17 0.02971159
11 0 29.348972
11 30 0.6277291
11 8 1.0955515
11 18 7.0764
11 13 0.5693131
11 33 2.0930839
11 29 0.8904407
11 5 3.325726
11 34 4.624372
11 20 0.63828593
11 2 1.2676947
11 37 1.4431497
11 7 5.720791
11 27 0.7464885
11 16 0.7359399
11 25 0.97016484
12 26 1.3627448
12 28 1.3664956
12 32 0.25243083
12 10 9.221962
12 24 0.081273355
12 21 0.09320015
12 3 0.056367714
12 1 69.80279
13 30 2.7000113
13 0 0.90162814
13 8 1.3823922
13 18 205.13472
13 33 0.98238915
13 11 0.5693131
13 29 0.81642026
13 5 307.84943
13 34 17.943132
13 20 0.54917353
13 2 0.6014388
13 14 4.5662246
13 37 2.458309
13 27 0.61992365
13 16 92.54282
13 25 0.6813752
14 20 3.7499156
14 13 4.5662246
14 27 2.6346157
14 33 0.7076319
14 11 2000.0
14 25 5.179443
15 32 0.08788413
15 21 0.7728643
16 30 1.7021286
16 0 2000.0
16 8 1.5228156
16 18 0.87810117
16 13 92.54282
16 11 0.7359399
16 29 27.620173
16 5 1.4283509
16 20 15.2759495
16 37 25.90496
16 7 1.2627784
16 27 2.1170325
16 23 7.3051586
16 25 1.2605855
17 26 3.1037776
17 6 1.1774892
17 10 0.02971159
17 24 0.40479726
17 31 1.6515152
17 9 0.04794151
17 4 0.09397927
17 19 3.2179291
18 30 0.7031949
18 2 10.40654
18 8 1.120452
18 37 1.1164237
18 13 205.13472
18 7 2000.0
18 27 4.680888
18 16 0.87810117
18 23 1.2430999
18 11 7.0764
18 29 0.94351727
18 5 0.41677475
19 31 0.07833578
19 9 0.08116545
19 17 3.2179291
19 4 0.08499441
20 30 20.94949
20 13 0.54917353
20 33 1.614071
20 11 0.63828593
20 29 3.894807
20 5 2.3145373
20 34 0.8547158
20 2 3.2058601
20 14 3.7499156
20 37 4.7293377
20 7 1.7076061
20 27 0.96892446
20 16 15.2759495
20 25 0.42347544
21 32 2000.0
21 10 2000.0
21 24 0.44054413
21 35 0.061420884
21 12 0.09320015
21 15 0.7728643
22 6 1205.8523
22 31 1196.875
22 9 0.22054608
22 19 1462.216
23 0 2000.0
23 30 1.5647253
23 2 20.528387
23 8 0.950133
23 37 2.9523823
23 18 1.2430999
23 7 1.0845906
23 16 7.3051586
23 11 2000.0
23 29 1.0931698
23 5 5.8298993
24 26 0.04904982
24 32 0.14050461
24 10 0.043421715
24 21 0.44054413
24 31 4.6585217
24 12 0.081273355
24 3 180.00002
24 15 2000.0
24 17 0.40479726
25 30 1.9096024
25 13 0.6813752
25 33 0.31924602
25 11 0.97016484
25 29 3.8258672
25 34 0.89298636
25 20 0.42347544
25 2 2.282207
25 14 5.179443
25 37 248.2601
25 7 4.6807013
25 27 0.7405993
25 16 1.2605855
26 36 240.00002
26 32 49.236507
26 28 0.07760011
26 10 0.034429982
26 24 0.04904982
26 31 0.08165984
26 12 1.3627448
26 17 3.1037776
27 0 2000.0
27 30 0.23555467
27 8 1.3605177
27 18 4.680888
27 13 0.61992365
27 33 1.0079657
27 11 0.7464885
27 29 0.5020973
27 5 3.388012
27 34 0.9476155
27 20 0.96892446
27 2 1.2141669
27 14 2.6346157
27 37 1.5778991
27 7 2632.8977
27 16 2.1170325
27 25 0.7405993
28 36 0.037168313
28 26 0.07760011
28 10 0.24828511
28 3 0.06843652
28 12 1.3664956
28 9 3.0188131
29 0 14.083675
29 30 1.9758198
29 8 0.7108934
29 18 0.94351727
29 13 0.81642026
29 11 0.8904407
29 5 2.8505597
29 34 8.180514
29 20 3.894807
29 2 1.1655905
29 37 0.9527498
29 7 2000.0
29 27 0.5020973
29 16 27.620173
29 23 1.0931698
29 25 3.8258672
30 0 2000.0
30 8 1.0788096
30 18 0.7031949
30 13 2.7000113
30 33 4.167439
30 11 0.6277291
30 29 1.9758198
30 5 0.83181244
30 34 2.4827895
30 20 20.94949
30 2 6.5133777
30 37 6.5330024
30 7 0.75538284
30 27 0.23555467
30 16 1.7021286
30 23 1.5647253
30 25 1.9096024
31 26 0.08165984
31 6 0.4496095
31 10 0.03585134
31 24 4.6585217
31 9 0.034036826
31 17 1.6515152
31 4 0.08618276
31 19 0.07833578
32 26 49.236507
32 24 0.14050461
32 12 0.25243083
32 15 0.08788413
33 34 2000.0
33 30 4.167439
33 20 1.614071
33 2 3.1831722
33 14 0.7076319
33 7 2000.0
33 13 0.98238915
33 27 1.0079657
33 16 2226.3638
33 11 2.0930839
33 29 1349.034
33 25 0.31924602
34 30 2.4827895
34 20 0.8547158
34 8 10.260994
34 13 17.943132
34 7 13.971792
34 27 0.9476155
34 16 1215.0568
34 11 4.624372
34 25 0.89298636
34 29 8.180514
34 5 3.2797797
35 21 0.061420884
36 26 240.00002
36 28 0.037168313
36 3 0.32249686
36 9 1.0198995
37 30 6.5330024
37 0 0.95981306
37 8 1.9095714
37 18 1.1164237
37 13 2.458309
37 11 1.4431497
37 29 0.9527498
37 20 4.7293377
37 2 1.2641956
37 7 15.228361
37 27 1.5778991
37 16 25.90496
37 23 2.9523823
37 25 248.2601
