0 2 0.917631
0 37 1.1199038
0 13 1.1383088
0 29 31.958252
0 25 12.285543
1 3 1.2833333
1 12 11.822707
2 30 11.438972
2 0 0.917631
2 8 0.9474327
2 18 3.5068183
2 13 0.4000568
2 33 2.0058815
2 11 1.3565525
2 29 0.84817773
2 20 2.7620428
2 37 0.8576705
2 27 1.1685007
2 16 2000.0
2 23 6.292039
2 25 0.93235856
3 36 0.46635813
3 28 3.2349174
3 24 2000.0
3 12 0.08486382
3 1 1.2833333
3 9 0.59720564
4 31 0.07684828
4 9 0.093563184
4 17 0.117955245
4 19 0.065836355
5 30 0.6618676
5 8 0.40317082
5 18 1.2105786
5 13 11.02259
5 11 2.23954
5 29 2.2487252
5 34 2.2154734
5 20 1.8440245
5 37 7.7692595
5 7 9.82359
5 27 2.624482
5 16 2.3288932
5 23 1.8756173
5 25 2000.0
6 31 0.17092104
6 17 1.663558
7 30 0.9402954
7 8 7.4791193
7 37 60.000004
7 16 1.6113867
7 11 2000.0
7 23 1.42576
7 25 2.129823
7 5 9.82359
8 0 2000.0
8 30 0.31604654
8 18 1.2550495
8 13 0.82769567
8 11 0.7769895
8 29 0.35773724
8 5 0.40317082
8 34 36.35974
8 2 0.9474327
8 37 1.0003698
8 7 7.4791193
8 27 0.9240441
8 16 1.3888682
8 23 0.84597814
8 25 2000.0
9 36 0.53569365
9 26 2000.0
9 28 1.1362349
9 10 29.035126
9 22 0.04705663
9 31 0.02783633
9 3 0.59720564
9 4 0.093563184
9 17 0.031953007
9 19 0.065051205
10 26 0.028869724
10 28 0.2593889
10 24 0.11581183
10 31 20.306108
10 12 1287.5568
10 9 29.035126
10 17 0.036350906
11 0 2000.0
11 30 0.7307155
11 8 0.7769895
11 18 11.740056
11 13 1.662634
11 33 2.9970706
11 29 0.6693242
11 5 2.23954
11 34 5.370352
11 20 1.0623733
11 2 1.3565525
11 37 2.1411285
11 7 2000.0
11 27 0.64238423
11 16 1.5115873
11 25 1.1645193
12 26 0.5084546
12 32 3.7053404
12 24 0.06848424
12 21 0.17841949
12 3 0.08486382
12 1 11.822707
13 30 54.2
13 0 1.1383088
13 8 0.82769567
13 18 50.0
13 33 1.1480625
13 11 1.662634
13 29 0.7304753
13 5 11.02259
13 34 285.93304
13 20 2.0745237
13 2 0.4000568
13 14 7.53188
13 37 1.1302582
13 7 2000.0
13 27 0.3850039
13 16 30.25883
13 25 0.2619471
14 30 19.807953
14 20 2.4402277
14 13 7.53188
14 27 4.723456
14 33 0.3955701
14 11 2000.0
14 25 3.1931381
15 32 0.08164121
15 21 3.8672254
16 0 2000.0
16 30 1.5454226
16 8 1.3888682
16 18 1.7218353
16 13 30.25883
16 11 1.5115873
16 5 2.3288932
16 34 168.1313
16 20 15.031786
16 7 1.6113867
16 27 1.3992897
16 23 2.193343
16 25 1.7390766
17 6 1.663558
17 26 1.63598
17 10 0.036350906
17 24 0.19598334
17 31 0.9823864
17 9 0.031953007
17 4 0.117955245
17 19 205.22855
18 0 2000.0
18 30 0.7133895
18 8 1.2550495
18 13 50.0
18 11 11.740056
18 29 1.4296329
18 5 1.2105786
18 2 3.5068183
18 37 2.5770478
18 7 2000.0
18 27 20.82436
18 16 1.7218353
18 23 1.2355087
19 31 0.095997415
19 9 0.065051205
19 4 0.065836355
19 17 205.22855
20 30 2.0138679
20 13 2.0745237
20 33 1.0901607
20 11 1.0623733
20 29 12.677989
20 5 1.8440245
20 34 0.87594336
20 2 2.7620428
20 14 2.4402277
20 37 3.1041884
20 7 2460.7388
20 27 2.5668721
20 16 15.031786
20 25 0.4143944
21 24 0.6611598
21 35 0.03188447
21 31 2000.0
21 12 0.17841949
21 15 3.8672254
22 31 46.15385
22 9 0.04705663
22 19 2000.0
23 0 2000.0
23 30 1.8716815
23 8 0.84597814
23 2 6.292039
23 37 1.1024064
23 18 1.2355087
23 7 1.42576
23 16 2.193343
23 11 2000.0
23 29 0.8405464
23 5 1.8756173
24 26 0.03914142
24 32 0.26957044
24 10 0.11581183
24 21 0.6611598
24 12 0.06848424
24 17 0.19598334
25 30 10.061568
25 0 12.285543
25 13 0.2619471
25 33 0.6100548
25 11 1.1645193
25 29 1.3654542
25 34 4.8688793
25 20 0.4143944
25 2 0.93235856
25 14 3.1931381
25 37 63.22581
25 7 2.129823
25 27 0.2562159
25 16 1.7390766
26 32 30.550726
26 28 0.08127272
26 10 0.028869724
26 24 0.03914142
26 31 0.12705882
26 12 0.5084546
26 17 1.63598
27 30 0.77779126
27 0 2000.0
27 8 0.9240441
27 18 20.82436
27 13 0.3850039
27 33 0.72029835
27 11 0.64238423
27 29 0.5960899
27 5 2.624482
27 34 1.224062
27 20 2.5668721
27 2 1.1685007
27 14 4.723456
27 37 0.97320503
27 7 2000.0
27 16 1.3992897
27 25 0.2562159
28 36 0.032423623
28 26 0.08127272
28 10 0.2593889
28 3 3.2349174
28 12 1203.8636
28 9 1.1362349
28 19 1370.0
29 0 31.958252
29 30 0.93274456
29 8 0.35773724
29 18 1.4296329
29 13 0.7304753
29 33 14.070368
29 11 0.6693242
29 5 2.2487252
29 34 2.9865627
29 20 12.677989
29 2 0.84817773
29 37 0.6732079
29 7 2000.0
29 27 0.5960899
29 16 2000.0
29 23 0.8405464
29 25 1.3654542
30 8 0.31604654
30 18 0.7133895
30 13 54.2
30 33 10.097675
30 11 0.7307155
30 29 0.93274456
30 5 0.6618676
30 34 0.8704357
30 20 2.0138679
30 2 11.438972
30 14 19.807953
30 37 11.559012
30 7 0.9402954
30 27 0.77779126
30 16 1.5454226
30 23 1.8716815
30 25 10.061568
31 26 0.12705882
31 6 0.17092104
31 10 20.306108
31 35 46.101894
31 22 46.15385
31 9 0.02783633
31 4 0.07684828
31 17 0.9823864
31 19 0.095997415
32 26 30.550726
32 24 0.26957044
32 21 2000.0
32 12 3.7053404
32 15 0.08164121
33 30 10.097675
33 8 2000.0
33 13 1.1480625
33 11 2.9970706
33 29 14.070368
33 5 2000.0
33 34 2000.0
33 20 1.0901607
33 2 2.0058815
33 14 0.3955701
33 7 2000.0
33 27 0.72029835
33 16 3017.898
33 25 0.6100548
34 30 0.8704357
34 20 0.87594336
34 8 36.35974
34 37 2000.0
34 7 2000.0
34 13 285.93304
34 27 1.224062
34 16 168.1313
34 11 5.370352
34 29 2.9865627
34 25 4.8688793
34 5 2.2154734
35 21 0.03188447
35 31 46.101894
36 28 0.032423623
36 3 0.46635813
36 9 0.53569365
37 30 11.559012
37 0 1.1199038
37 8 1.0003698
37 18 2.5770478
37 13 1.1302582
37 11 2.1411285
37 29 0.6732079
37 5 7.7692595
37 20 3.1041884
37 2 0.8576705
37 7 60.000004
37 27 0.97320503
37 16 2000.0
37 23 1.1024064
37 25 63.22581
