0 8 16.576982
0 2 2.362372
0 37 0.791904
0 13 0.6256684
0 11 47.468777
0 29 11.472626
1 3 0.31601733
1 12 1202.159
2 30 10.104088
2 0 2.362372
2 8 1.4739381
2 18 6.4368205
2 13 0.4712698
2 33 2.248894
2 11 1.1829917
2 29 0.9838835
2 20 4.062598
2 37 0.7384797
2 27 0.68722326
2 16 2000.0
2 23 7.7271085
2 25 2.375869
3 36 0.33004677
3 28 0.066688314
3 24 1248.3523
3 12 0.054825608
3 1 0.31601733
3 9 0.82556033
4 31 0.090870045
4 9 0.068274975
4 17 0.096182056
4 19 0.08324421
5 30 0.6533626
5 8 0.5940074
5 18 0.47912312
5 13 515.7895
5 11 2.6274045
5 29 4.0121803
5 34 2.7448432
5 20 2.185059
5 37 2000.0
5 7 3.7611787
5 27 2.3721323
5 16 1.7017345
5 23 9.255074
6 22 116.14501
6 31 0.3912684
6 17 0.8495351
7 34 8.504694
7 30 0.8208818
7 20 1.5701765
7 8 28.555399
7 37 24.713638
7 27 293.2099
7 16 1.2132471
7 11 9.848897
7 23 0.96269786
7 25 7.6822615
7 5 3.7611787
8 0 16.576982
8 30 0.67792976
8 18 0.98996
8 13 2.1895032
8 11 1.1246234
8 29 0.6419122
8 5 0.5940074
8 34 6.092432
8 2 1.4739381
8 37 1.726336
8 7 28.555399
8 27 1.6001376
8 16 1.8031136
8 23 1.7430537
9 36 1.5807285
9 26 2000.0
9 28 0.93939394
9 10 13.299253
9 22 0.20295352
9 31 0.05001386
9 12 2000.0
9 3 0.82556033
9 17 0.034919895
9 4 0.068274975
9 19 0.08142056
10 26 0.031445604
10 28 0.12340909
10 24 0.059776027
10 31 0.03897169
10 12 5.468284
10 9 13.299253
10 17 0.028769745
11 0 47.468777
11 30 0.6145151
11 8 1.1246234
11 18 5.0571284
11 13 0.69849986
11 33 2.225977
11 29 0.6001439
11 5 2.6274045
11 34 3.0797884
11 20 0.85259926
11 2 1.1829917
11 37 1.6552043
11 7 9.848897
11 27 0.67118376
11 16 0.91789246
11 25 1.5959016
12 26 2.1672976
12 28 1.7265487
12 32 0.27787083
12 10 5.468284
12 24 0.079000846
12 21 0.096887015
12 3 0.054825608
13 30 1.2007091
13 0 0.6256684
13 8 2.1895032
13 18 167.63629
13 33 0.91951185
13 11 0.69849986
13 29 0.94021475
13 5 515.7895
13 34 7.507048
13 20 0.5784297
13 2 0.4712698
13 14 3.259436
13 37 1.0246942
13 27 0.87675107
13 16 99.15284
13 25 0.6404232
14 20 2.2353277
14 13 3.259436
14 27 6.980891
14 33 1.2308186
14 11 2000.0
14 25 2.4015353
15 32 0.076893054
15 21 78.571686
16 0 2000.0
16 30 1.0841733
16 8 1.8031136
16 18 0.83169156
16 13 99.15284
16 11 0.91789246
16 29 37.565315
16 5 1.7017345
16 20 13.40325
16 37 27.24877
16 7 1.2132471
16 27 1.4316006
16 23 11.794215
16 25 4.8329325
17 26 1.9824526
17 6 0.8495351
17 10 0.028769745
17 24 0.4138369
17 31 1.1527929
17 9 0.034919895
17 4 0.096182056
17 19 2.5876327
18 30 0.8184293
18 2 6.4368205
18 8 0.98996
18 37 1.2499523
18 13 167.63629
18 7 2000.0
18 27 4.228287
18 16 0.83169156
18 23 1.0983053
18 11 5.0571284
18 29 2.227181
18 5 0.47912312
19 31 0.08021651
19 9 0.08142056
19 17 2.5876327
19 4 0.08324421
20 0 2000.0
20 30 14.005234
20 13 0.5784297
20 33 1.5086176
20 11 0.85259926
20 29 2.6857228
20 5 2.185059
20 34 1.2803388
20 2 4.062598
20 14 2.2353277
20 37 3.029091
20 7 1.5701765
20 27 0.8892149
20 16 13.40325
20 25 0.9965717
21 26 2000.0
21 32 2000.0
21 10 2000.0
21 24 0.23558779
21 35 0.061691757
21 12 0.096887015
21 15 78.571686
22 6 116.14501
22 31 1449.034
22 9 0.20295352
22 19 1377.7842
23 0 2000.0
23 30 1.9399717
23 2 7.7271085
23 8 1.7430537
23 37 2.5478199
23 18 1.0983053
23 7 0.96269786
23 16 11.794215
23 11 2000.0
23 29 4.815736
23 5 9.255074
24 26 0.072876535
24 32 0.08681073
24 10 0.059776027
24 21 0.23558779
24 31 6.0109487
24 12 0.079000846
24 15 2000.0
24 17 0.4138369
25 30 12.650787
25 13 0.6404232
25 33 0.5366756
25 11 1.5959016
25 29 6.1058154
25 34 1.8005018
25 20 0.9965717
25 2 2.375869
25 14 2.4015353
25 37 62.71013
25 7 7.6822615
25 27 0.6426457
25 16 4.8329325
26 36 144.5574
26 32 26.208336
26 28 0.07526738
26 10 0.031445604
26 24 0.072876535
26 31 0.082859844
26 12 2.1672976
26 17 1.9824526
27 0 2000.0
27 30 0.16056076
27 8 1.6001376
27 18 4.228287
27 13 0.87675107
27 33 1.0157472
27 11 0.67118376
27 29 0.5032935
27 5 2.3721323
27 34 1.1612766
27 20 0.8892149
27 2 0.68722326
27 14 6.980891
27 37 1.3262165
27 7 293.2099
27 16 1.4316006
27 25 0.6426457
28 36 0.038617935
28 26 0.07526738
28 10 0.12340909
28 3 0.066688314
28 12 1.7265487
28 9 0.93939394
29 0 11.472626
29 30 2.2949038
29 8 0.6419122
29 18 2.227181
29 13 0.94021475
29 11 0.6001439
29 5 4.0121803
29 34 17.716864
29 20 2.6857228
29 2 0.9838835
29 37 1.3876469
29 7 2000.0
29 27 0.5032935
29 16 37.565315
29 23 4.815736
29 25 6.1058154
30 0 2000.0
30 8 0.67792976
30 18 0.8184293
30 13 1.2007091
30 33 2.3851147
30 11 0.6145151
30 29 2.2949038
30 5 0.6533626
30 34 1.5063413
30 20 14.005234
30 2 10.104088
30 37 4.715276
30 7 0.8208818
30 27 0.16056076
30 16 1.0841733
30 23 1.9399717
30 25 12.650787
31 26 0.082859844
31 6 0.3912684
31 10 0.03897169
31 24 6.0109487
31 9 0.05001386
31 17 1.1527929
31 4 0.090870045
31 19 0.08021651
32 26 26.208336
32 24 0.08681073
32 12 0.27787083
32 15 0.076893054
33 34 2000.0
33 30 2.3851147
33 20 1.5086176
33 2 2.248894
33 14 1.2308186
33 7 2000.0
33 13 0.91951185
33 27 1.0157472
33 16 2226.3638
33 11 2.225977
33 29 1836.5342
33 25 0.5366756
34 30 1.5063413
34 20 1.2803388
34 8 6.092432
34 13 7.507048
34 7 8.504694
34 27 1.1612766
34 16 1215.0568
34 11 3.0797884
34 25 1.8005018
34 29 17.716864
34 5 2.7448432
35 21 0.061691757
36 26 144.5574
36 28 0.038617935
36 3 0.33004677
36 9 1.5807285
37 30 4.715276
37 0 0.791904
37 8 1.726336
37 18 1.2499523
37 13 1.0246942
37 11 1.6552043
37 29 1.3876469
37 20 3.029091
37 2 0.7384797
37 7 24.713638
37 27 1.3262165
37 16 27.24877
37 23 2.5478199
37 25 62.71013
