0 8 6.0112586
0 2 1.8085713
0 37 0.80763596
0 13 0.58600485
0 11 58.496845
0 25 2000.0
0 29 14.247288
1 3 0.24988636
1 12 36.67604
2 30 18.195868
2 0 1.8085713
2 8 0.9867959
2 18 4.7065935
2 13 0.27310866
2 33 1.9801136
2 11 0.9219039
2 29 0.8661889
2 20 1.9218841
2 37 0.6780483
2 27 1.1158787
2 16 2000.0
2 23 66.66667
2 25 1.3528984
3 36 0.19016008
3 28 0.11344044
3 24 64.0
3 12 0.060510475
3 1 0.24988636
3 9 0.23297483
4 31 0.09086252
4 9 0.0668126
4 17 0.09131199
4 19 0.089328654
5 30 0.667914
5 8 0.75986135
5 18 0.38498187
5 13 2000.0
5 11 4.358908
5 29 2.0914285
5 34 1.7977595
5 20 3.9661171
5 37 2000.0
5 7 7.5132957
5 27 2.2845235
5 16 1.1645699
5 23 4.5273414
6 31 0.9743191
6 17 1.2240487
7 34 7.628008
7 30 1.11291
7 20 1.3349876
7 8 19.81397
7 37 13.6886015
7 27 48.63383
7 16 1.3590807
7 11 6.1094003
7 23 1.1702453
7 25 6.0460114
7 5 7.5132957
8 0 6.0112586
8 30 0.5983606
8 18 0.7120823
8 13 1.4074061
8 11 0.6060725
8 29 0.42047143
8 5 0.75986135
8 34 3.4932468
8 2 0.9867959
8 37 1.2588682
8 7 19.81397
8 27 0.8660133
8 16 1.4930152
8 23 1.0100878
9 36 1.5628852
9 26 2000.0
9 28 0.7527726
9 10 5.4328566
9 22 0.5325903
9 31 0.029854337
9 12 2000.0
9 3 0.23297483
9 17 0.046540167
9 4 0.0668126
9 19 0.071342625
10 26 0.03201119
10 28 0.2614903
10 24 0.05079483
10 31 0.053832818
10 12 15.33949
10 9 5.4328566
10 17 0.032157782
11 0 58.496845
11 30 0.38487098
11 8 0.6060725
11 18 4.5990167
11 13 0.6242453
11 33 2.5215435
11 29 1.1780349
11 5 4.358908
11 34 2.1123405
11 20 0.5804269
11 2 0.9219039
11 37 1.274173
11 7 6.1094003
11 27 0.632581
11 16 0.84428304
11 25 1.1556901
12 26 1.316115
12 28 3.6356535
12 32 0.20452572
12 10 15.33949
12 24 0.08125562
12 21 0.10814157
12 3 0.060510475
12 1 36.67604
13 30 3.0986671
13 0 0.58600485
13 8 1.4074061
13 18 266.6667
13 33 0.87868655
13 11 0.6242453
13 29 0.9914688
13 34 10.629079
13 20 0.8021088
13 2 0.27310866
13 14 3.36663
13 37 1.7975948
13 7 2000.0
13 27 0.25639233
13 16 33.86318
13 25 0.5517256
14 20 1.1696624
14 13 3.36663
14 33 0.49467108
14 27 3.6295035
14 11 2000.0
14 25 1.1108476
15 32 0.083880134
15 21 1.4333142
16 0 2000.0
16 30 1.140899
16 8 1.4930152
16 18 0.86002356
16 13 33.86318
16 11 0.84428304
16 29 14.763437
16 5 1.1645699
16 20 9.5265875
16 37 27.142363
16 7 1.3590807
16 27 1.3059621
16 23 10.0
16 25 1.2385528
17 26 1.5817565
17 6 1.2240487
17 10 0.032157782
17 24 0.17185245
17 31 1.3364257
17 9 0.046540167
17 4 0.09131199
17 19 1.7426708
18 30 0.7132344
18 2 4.7065935
18 8 0.7120823
18 37 0.9067217
18 7 2000.0
18 13 266.6667
18 27 3.1070683
18 16 0.86002356
18 23 1.7400793
18 11 4.5990167
18 29 1.0191691
18 5 0.38498187
19 31 0.11675822
19 9 0.071342625
19 17 1.7426708
19 4 0.089328654
20 30 16.422688
20 13 0.8021088
20 33 1.7589008
20 11 0.5804269
20 29 3.3364844
20 5 3.9661171
20 34 0.9346976
20 2 1.9218841
20 14 1.1696624
20 37 3.8163638
20 7 1.3349876
20 27 0.29119763
20 16 9.5265875
20 25 0.59755844
21 24 0.54251564
21 35 0.049414277
21 12 0.10814157
21 15 1.4333142
22 6 1586.9319
22 31 1244.1478
22 9 0.5325903
22 19 1329.4886
23 0 2000.0
23 30 2.0183878
23 2 66.66667
23 8 1.0100878
23 37 4.094839
23 18 1.7400793
23 7 1.1702453
23 16 10.0
23 11 2000.0
23 29 5.308915
23 5 4.5273414
24 26 0.07018866
24 32 0.0993285
24 10 0.05079483
24 21 0.54251564
24 31 10.937358
24 3 64.0
24 12 0.08125562
24 15 2000.0
24 17 0.17185245
25 0 2000.0
25 30 2.114661
25 13 0.5517256
25 33 0.43292946
25 11 1.1556901
25 29 4.0785627
25 34 1.3254032
25 20 0.59755844
25 2 1.3528984
25 14 1.1108476
25 37 23.93908
25 7 6.0460114
25 27 0.6158268
25 16 1.2385528
26 36 133.33334
26 32 34.07573
26 28 0.029470367
26 10 0.03201119
26 24 0.07018866
26 31 0.08263676
26 12 1.316115
26 17 1.5817565
27 0 2000.0
27 30 0.200036
27 8 0.8660133
27 18 3.1070683
27 13 0.25639233
27 33 1.0008572
27 11 0.632581
27 29 0.71050656
27 5 2.2845235
27 34 1.16886
27 20 0.29119763
27 2 1.1158787
27 14 3.6295035
27 37 0.722565
27 7 48.63383
27 16 1.3059621
27 25 0.6158268
28 36 0.030404186
28 26 0.029470367
28 10 0.2614903
28 3 0.11344044
28 12 3.6356535
28 9 0.7527726
29 0 14.247288
29 30 4.5447993
29 8 0.42047143
29 18 1.0191691
29 13 0.9914688
29 11 1.1780349
29 5 2.0914285
29 34 10.512311
29 20 3.3364844
29 2 0.8661889
29 37 0.98469555
29 7 2000.0
29 27 0.71050656
29 16 14.763437
29 23 5.308915
29 25 4.0785627
30 0 2000.0
30 8 0.5983606
30 18 0.7132344
30 13 3.0986671
30 33 2.0621083
30 11 0.38487098
30 29 4.5447993
30 5 0.667914
30 34 1.1658558
30 20 16.422688
30 2 18.195868
30 14 2000.0
30 37 3.7365284
30 7 1.11291
30 27 0.200036
30 16 1.140899
30 23 2.0183878
30 25 2.114661
31 26 0.08263676
31 6 0.9743191
31 10 0.053832818
31 24 10.937358
31 9 0.029854337
31 17 1.3364257
31 4 0.09086252
31 19 0.11675822
32 26 34.07573
32 24 0.0993285
32 12 0.20452572
32 15 0.083880134
33 30 2.0621083
33 8 2000.0
33 13 0.87868655
33 11 2.5215435
33 29 2000.0
33 34 2000.0
33 20 1.7589008
33 2 1.9801136
33 14 0.49467108
33 7 2000.0
33 27 1.0008572
33 16 2000.0
33 25 0.43292946
34 30 1.1658558
34 20 0.9346976
34 8 3.4932468
34 13 10.629079
34 7 7.628008
34 27 1.16886
34 16 1215.0568
34 11 2.1123405
34 25 1.3254032
34 29 10.512311
34 5 1.7977595
35 21 0.049414277
36 26 133.33334
36 28 0.030404186
36 3 0.19016008
36 9 1.5628852
37 30 3.7365284
37 0 0.80763596
37 8 1.2588682
37 18 0.9067217
37 13 1.7975948
37 11 1.274173
37 29 0.98469555
37 20 3.8163638
37 2 0.6780483
37 7 13.6886015
37 27 0.722565
37 16 27.142363
37 23 4.094839
37 25 23.93908
