0 2 0.9301907
0 37 1.850583
0 13 0.86089057
0 25 37.05664
0 29 2.6951783
1 3 0.8168416
1 12 35.01191
2 30 15.011721
2 0 0.9301907
2 8 1.3564664
2 18 2.0602996
2 13 0.5474792
2 33 2.0901368
2 11 1.9034717
2 29 0.89906794
2 20 2.4465036
2 37 0.9948298
2 27 692.89777
2 16 2000.0
2 23 18.088097
2 25 0.42209122
3 36 0.6541789
3 28 0.426807
3 24 2000.0
3 12 0.0684934
3 1 0.8168416
3 9 0.6574015
4 31 0.06755987
4 9 0.067762874
4 17 0.12711863
4 19 0.065257736
5 30 0.62074006
5 8 0.75758195
5 18 1.2399741
5 13 18.660284
5 11 1.4875746
5 29 3.0887296
5 34 1.7476423
5 20 4.1695175
5 37 38.89294
5 7 22.738005
5 27 779.5454
5 16 1.4902298
5 23 5.130681
5 25 2000.0
6 31 0.25408635
6 17 2.2002735
7 30 0.5547098
7 20 1531.7046
7 8 6.724223
7 16 1.2088636
7 23 1.083165
7 11 41.90498
7 25 2.7564626
7 5 22.738005
8 0 2000.0
8 30 0.5320455
8 18 1.2436713
8 13 1.2910935
8 11 0.78463054
8 29 0.45750165
8 5 0.75758195
8 34 21.462444
8 2 1.3564664
8 37 0.9371562
8 7 6.724223
8 27 1067.7273
8 16 1.8973497
8 23 1.5148654
8 25 2000.0
9 36 0.8857759
9 26 2000.0
9 28 0.6376226
9 10 5.7249937
9 22 0.054354623
9 31 0.028618557
9 12 2000.0
9 3 0.6574015
9 4 0.067762874
9 17 0.03323952
9 19 0.077668965
10 26 35.795452
10 28 0.3698395
10 24 0.07887792
10 31 2.166386
10 12 1234.034
10 9 5.7249937
10 17 0.031473547
11 0 2000.0
11 30 0.807116
11 8 0.78463054
11 18 4.827244
11 13 0.9968456
11 33 1.7396244
11 29 0.8724854
11 5 1.4875746
11 34 3.0325024
11 20 3.4041047
11 2 1.9034717
11 37 1.9864719
11 7 41.90498
11 27 692.89777
11 16 0.97679865
11 25 1.241824
12 26 2000.0
12 32 6.514728
12 10 1234.034
12 24 0.08515276
12 21 0.1158648
12 3 0.0684934
12 1 35.01191
13 30 25.9661
13 0 0.86089057
13 8 1.2910935
13 18 21.021023
13 33 1.7912457
13 11 0.9968456
13 29 0.7115998
13 5 18.660284
13 34 783.2575
13 20 0.9390887
13 2 0.5474792
13 14 3.5582943
13 37 1.3774294
13 7 2000.0
13 27 150.96591
13 16 94.194305
13 25 0.23733728
14 30 9.060636
14 20 1.7969009
14 13 3.5582943
14 27 5234.1475
14 33 0.37539482
14 11 2000.0
14 25 2.6172569
15 32 0.07276092
15 21 26.470589
16 0 2000.0
16 30 1.1028037
16 8 1.8973497
16 18 1.6168231
16 13 94.194305
16 11 0.97679865
16 5 1.4902298
16 34 124.882195
16 20 82.0507
16 7 1.2088636
16 27 1119.8296
16 23 2.2949326
16 25 1.2771584
17 6 2.2002735
17 26 1034.8864
17 10 0.031473547
17 24 0.06473215
17 31 0.9830188
17 9 0.03323952
17 4 0.12711863
17 19 160.0
18 0 2000.0
18 30 0.69270027
18 8 1.2436713
18 13 21.021023
18 11 4.827244
18 29 0.8380251
18 5 1.2399741
18 2 2.0602996
18 37 2.779421
18 7 2000.0
18 27 2000.0
18 16 1.6168231
18 23 1.2986295
19 28 36.530457
19 31 0.08167182
19 9 0.077668965
19 4 0.065257736
19 17 160.0
20 30 2.1960995
20 8 2000.0
20 13 0.9390887
20 33 1.1786284
20 11 3.4041047
20 29 6.561428
20 5 4.1695175
20 34 0.8941466
20 2 2.4465036
20 14 1.7969009
20 37 6.9005976
20 7 1531.7046
20 27 957.6705
20 16 82.0507
20 25 0.43861806
21 32 2000.0
21 10 2000.0
21 24 0.6432968
21 35 0.03489736
21 31 2000.0
21 12 0.1158648
21 15 26.470589
22 31 69.56744
22 9 0.054354623
22 19 2000.0
23 0 2000.0
23 30 4.363813
23 8 1.5148654
23 2 18.088097
23 37 1.4757303
23 18 1.2986295
23 7 1.083165
23 16 2.2949326
23 11 2000.0
23 29 1.2258252
23 5 5.130681
24 26 37.045452
24 32 0.29080307
24 10 0.07887792
24 21 0.6432968
24 12 0.08515276
24 3 2000.0
24 15 2000.0
24 17 0.06473215
25 30 17.63055
25 0 37.05664
25 13 0.23733728
25 33 0.58852273
25 11 1.241824
25 29 2.0237877
25 34 2.0831
25 20 0.43861806
25 2 0.42209122
25 14 2.6172569
25 7 2.7564626
25 27 229.14774
25 16 1.2771584
28 36 0.0315621
28 26 51.81818
28 10 0.3698395
28 3 0.426807
28 12 1219.8296
28 9 0.6376226
28 19 36.530457
29 0 2.6951783
29 30 1.236955
29 8 0.45750165
29 18 0.8380251
29 13 0.7115998
29 11 0.8724854
29 5 3.0887296
29 34 7.4450755
29 20 6.561428
29 2 0.89906794
29 37 1.1426296
29 7 2000.0
29 27 1898.9204
29 16 2000.0
29 23 1.2258252
29 25 2.0237877
30 8 0.5320455
30 18 0.69270027
30 13 25.9661
30 33 8.395703
30 11 0.807116
30 29 1.236955
30 5 0.62074006
30 34 0.81537944
30 20 2.1960995
30 2 15.011721
30 14 9.060636
30 37 8.667806
30 7 0.5547098
30 27 147.78409
30 16 1.1028037
30 23 4.363813
30 25 17.63055
31 26 2000.0
31 6 0.25408635
31 10 2.166386
31 35 3.3947945
31 22 69.56744
31 9 0.028618557
31 4 0.06755987
31 17 0.9830188
31 19 0.08167182
32 26 2000.0
32 24 0.29080307
32 12 6.514728
32 15 0.07276092
33 30 8.395703
33 13 1.7912457
33 11 1.7396244
33 29 2034.6592
33 5 2000.0
33 34 2000.0
33 20 1.1786284
33 2 2.0901368
33 14 0.37539482
33 7 2000.0
33 27 698.2386
33 16 2619.6023
33 25 0.58852273
34 30 0.81537944
34 20 0.8941466
34 8 21.462444
34 37 2000.0
34 7 2801.4678
34 27 716.8182
34 16 124.882195
34 11 3.0325024
34 29 7.4450755
34 25 2.0831
34 5 1.7476423
35 21 0.03489736
35 31 3.3947945
36 28 0.0315621
36 3 0.6541789
36 9 0.8857759
37 30 8.667806
37 0 1.850583
37 8 0.9371562
37 18 2.779421
37 13 1.3774294
37 11 1.9864719
37 29 1.1426296
37 5 38.89294
37 20 6.9005976
37 2 0.9948298
37 7 2232.7273
37 27 725.7955
37 16 2000.0
37 23 1.4757303
37 25 1772.8408
