0 2 1.1582044
0 37 1.0984923
0 13 1.2953913
0 25 12.396861
0 29 24.107805
1 3 0.92125
1 12 35.688637
2 30 13.160844
2 0 1.1582044
2 8 1.2811772
2 18 1.4972106
2 13 0.6201354
2 33 2.658169
2 11 1.9859633
2 29 1.4124905
2 20 2.5239
2 37 0.7731192
2 27 1.0196458
2 16 2000.0
2 23 7.4491086
2 25 0.38260326
3 36 0.48860484
3 28 17.109127
3 24 2000.0
3 12 0.05310142
3 1 0.92125
3 9 0.39072582
4 31 0.084702805
4 9 0.08668965
4 17 0.12532671
4 19 0.06829108
5 30 0.75376743
5 8 0.509953
5 18 0.95339566
5 13 67.7729
5 11 2.1803236
5 29 2.181157
5 34 2.1771822
5 20 3.7267575
5 37 8.171782
5 7 9.115037
5 27 1.8002766
5 16 1.2490568
5 23 2.4983718
5 25 2000.0
6 31 0.1648839
6 17 3.165128
7 30 0.8689589
7 20 52.844616
7 8 4.343958
7 37 217.37434
7 27 266.6667
7 16 1.1565812
7 23 1.6274331
7 29 2000.0
7 25 1.9848635
7 5 9.115037
8 0 2000.0
8 30 0.5772911
8 18 1.3027697
8 13 1.6844041
8 11 1.1758794
8 29 0.6692066
8 5 0.509953
8 34 23.456629
8 2 1.2811772
8 37 0.90904975
8 7 4.343958
8 27 1.6887889
8 16 1.4998477
8 23 0.7673456
8 25 2000.0
9 36 0.60166895
9 26 2000.0
9 28 0.85344076
9 10 73.46938
9 22 0.065108046
9 31 0.030346498
9 12 2000.0
9 3 0.39072582
9 4 0.08668965
9 17 0.030070672
9 19 0.06717376
10 26 0.028592374
10 28 0.42481673
10 24 0.07743354
10 31 38.423553
10 12 114.545456
10 9 73.46938
10 17 0.03669619
11 0 2000.0
11 30 1.6151885
11 8 1.1758794
11 18 5.0698814
11 13 0.7550249
11 33 2.3706498
11 29 0.80344003
11 5 2.1803236
11 34 1.7919649
11 20 1.1807126
11 2 1.9859633
11 37 1.5274872
11 7 1617.2727
11 27 0.5926631
11 16 1.2072909
11 25 0.9571508
12 26 0.43658262
12 32 6.489268
12 10 114.545456
12 24 0.07166502
12 21 0.21962634
12 3 0.05310142
12 1 35.688637
13 30 57.874836
13 0 1.2953913
13 8 1.6844041
13 18 417.22162
13 33 1.3045734
13 11 0.7550249
13 29 0.72066194
13 5 67.7729
13 34 81.25037
13 20 1.5218326
13 2 0.6201354
13 14 9.635271
13 37 1.1815946
13 7 2000.0
13 27 0.3209784
13 16 35.508736
13 25 0.26483256
14 30 19.465508
14 20 1.7260035
14 13 9.635271
14 27 2.8022482
14 33 0.5203212
14 11 2000.0
14 25 3.2827976
15 32 0.082133
15 21 5.51068
16 30 1.2503867
16 0 2000.0
16 8 1.4998477
16 18 1.2092215
16 13 35.508736
16 11 1.2072909
16 5 1.2490568
16 34 43.46402
16 20 35.528522
16 7 1.1565812
16 27 1.7646536
16 23 3.2449589
16 25 1.4041219
17 6 3.165128
17 26 1.8738385
17 10 0.03669619
17 24 0.30940282
17 31 1.1306224
17 9 0.030070672
17 4 0.12532671
17 19 90.00001
18 0 2000.0
18 30 0.72050864
18 8 1.3027697
18 2 1.4972106
18 37 1.9091016
18 13 417.22162
18 27 16.71052
18 16 1.2092215
18 11 5.0698814
18 23 1.4271922
18 29 1.0745535
18 5 0.95339566
19 28 176.35226
19 31 0.08503767
19 9 0.06717376
19 4 0.06829108
19 17 90.00001
20 30 3.17564
20 13 1.5218326
20 33 1.0136139
20 11 1.1807126
20 29 23.179628
20 5 3.7267575
20 34 0.8253942
20 2 2.5239
20 14 1.7260035
20 37 2.1436207
20 7 52.844616
20 27 2.2640884
20 16 35.528522
20 25 0.48726067
21 32 2000.0
21 10 2000.0
21 24 1.0981967
21 35 0.04106301
21 31 2000.0
21 12 0.21962634
21 15 5.51068
22 31 85.71429
22 9 0.065108046
22 19 2000.0
23 0 2000.0
23 30 1.724715
23 8 0.7673456
23 2 7.4491086
23 37 1.5910648
23 18 1.4271922
23 7 1.6274331
23 16 3.2449589
23 11 2000.0
23 29 1.1796632
23 5 2.4983718
24 26 0.044516385
24 32 0.45515317
24 10 0.07743354
24 21 1.0981967
24 12 0.07166502
24 15 2000.0
24 17 0.30940282
25 0 12.396861
25 30 20.927456
25 13 0.26483256
25 33 0.6403661
25 11 0.9571508
25 29 3.5191498
25 34 2.1717136
25 20 0.48726067
25 2 0.38260326
25 14 3.2827976
25 37 39.775253
25 7 1.9848635
25 27 0.25741357
25 16 1.4041219
26 32 1190.7386
26 28 0.120026074
26 10 0.028592374
26 24 0.044516385
26 31 0.13373034
26 12 0.43658262
26 17 1.8738385
27 30 0.2398309
27 0 2000.0
27 8 1.6887889
27 18 16.71052
27 13 0.3209784
27 33 0.79392374
27 11 0.5926631
27 29 0.7516791
27 5 1.8002766
27 34 0.9287978
27 20 2.2640884
27 2 1.0196458
27 14 2.8022482
27 37 1.0096931
27 7 266.6667
27 16 1.7646536
27 25 0.25741357
28 36 0.035575118
28 26 0.120026074
28 10 0.42481673
28 3 17.109127
28 12 1211.9319
28 9 0.85344076
28 19 176.35226
29 0 24.107805
29 30 1.5955532
29 8 0.6692066
29 18 1.0745535
29 13 0.72066194
29 33 20.250252
29 11 0.80344003
29 5 2.181157
29 34 2.8958585
29 20 23.179628
29 2 1.4124905
29 37 0.7547197
29 7 2000.0
29 27 0.7516791
29 16 2000.0
29 23 1.1796632
29 25 3.5191498
30 8 0.5772911
30 18 0.72050864
30 13 57.874836
30 33 11.220779
30 11 1.6151885
30 29 1.5955532
30 5 0.75376743
30 34 1.0796367
30 20 3.17564
30 2 13.160844
30 14 19.465508
30 37 19.03643
30 7 0.8689589
30 27 0.2398309
30 16 1.2503867
30 23 1.724715
30 25 20.927456
31 26 0.13373034
31 6 0.1648839
31 10 38.423553
31 35 30.648201
31 22 85.71429
31 9 0.030346498
31 4 0.084702805
31 17 1.1306224
31 19 0.08503767
32 24 0.45515317
32 12 6.489268
32 15 0.082133
33 30 11.220779
33 8 2000.0
33 13 1.3045734
33 11 2.3706498
33 29 20.250252
33 5 2000.0
33 34 2000.0
33 20 1.0136139
33 2 2.658169
33 14 0.5203212
33 7 2000.0
33 27 0.79392374
33 16 3017.898
33 25 0.6403661
34 30 1.0796367
34 20 0.8253942
34 8 23.456629
34 37 2000.0
34 13 81.25037
34 7 2000.0
34 27 0.9287978
34 16 43.46402
34 11 1.7919649
34 29 2.8958585
34 25 2.1717136
34 5 2.1771822
35 21 0.04106301
35 31 30.648201
36 28 0.035575118
36 3 0.48860484
36 9 0.60166895
37 30 19.03643
37 0 1.0984923
37 8 0.90904975
37 18 1.9091016
37 13 1.1815946
37 11 1.5274872
37 29 0.7547197
37 5 8.171782
37 20 2.1436207
37 2 0.7731192
37 7 217.37434
37 27 1.0096931
37 16 2000.0
37 23 1.5910648
37 25 39.775253
