0 8 6.4053483
0 2 0.63855165
0 37 3.6864753
0 13 3.355547
0 11 294.15775
0 29 3.7816849
1 3 0.2177053
1 12 75.55134
2 30 191.06702
2 0 0.63855165
2 8 1.3773926
2 18 11.885342
2 13 3.1626167
2 33 7.813544
2 11 6.3597813
2 29 1.5204173
2 20 3.3787243
2 37 1.252247
2 27 4.0107293
2 23 46.936375
2 25 4.033853
3 36 0.295405
3 28 0.10166677
3 24 133.33334
3 12 0.060718246
3 1 0.2177053
3 9 0.45655435
4 31 0.08127833
4 9 0.06873167
4 17 0.09280303
4 19 0.086343035
5 34 7.592662
5 30 0.7205195
5 20 2.0285797
5 8 2.2525077
5 37 2000.0
5 18 1.4832015
5 7 15.433864
5 27 5.5467916
5 16 1.526733
5 11 7.460448
5 23 6.349985
5 29 4.7672195
6 31 1.213271
6 17 1.1761161
7 34 24.65366
7 30 1.0378467
7 20 2.3590095
7 8 76.758385
7 37 18.89733
7 27 119.07635
7 16 1.3482308
7 23 1.6197071
7 11 14.532992
7 25 10.277245
7 5 15.433864
8 0 6.4053483
8 30 0.8096895
8 18 1.8316783
8 13 30.64859
8 11 5.997479
8 29 1.2638916
8 5 2.2525077
8 34 18.996767
8 2 1.3773926
8 37 2.769171
8 7 76.758385
8 27 7.041049
8 16 3.5365543
8 23 1.4646888
9 36 1.4899964
9 26 2000.0
9 28 12.051529
9 10 7.072859
9 22 0.15437087
9 31 0.029700946
9 3 0.45655435
9 17 0.06436404
9 4 0.06873167
9 19 0.0857863
10 26 0.04665221
10 28 1.0775162
10 24 0.08041406
10 31 0.037497815
10 12 20.745453
10 9 7.072859
10 17 0.029973533
11 0 294.15775
11 30 1.5323865
11 8 5.997479
11 18 11.360623
11 13 1.7603141
11 33 4.5230117
11 29 0.667457
11 5 7.460448
11 34 3.7092803
11 20 2.9055572
11 2 6.3597813
11 37 4.295884
11 7 14.532992
11 27 0.75448984
11 16 2.3360746
11 25 2.3642871
12 26 0.5414063
12 28 5.854072
12 32 0.21334535
12 10 20.745453
12 24 0.101213686
12 21 0.13934991
12 3 0.060718246
12 1 75.55134
13 0 3.355547
13 30 5.9162416
13 8 30.64859
13 18 166.66667
13 33 1.2885273
13 11 1.7603141
13 29 1.1111099
13 5 2000.0
13 34 27.639675
13 20 1.359536
13 2 3.1626167
13 14 7.2719774
13 37 8.2608795
13 27 0.17434552
13 16 137.06505
13 25 0.9574135
14 20 3.3726742
14 13 7.2719774
14 33 0.7445689
14 27 2.7810624
14 11 2000.0
14 25 4.052995
15 32 0.07125811
15 21 12.647974
16 30 1.7856886
16 0 2000.0
16 8 3.5365543
16 18 0.9543674
16 13 137.06505
16 11 2.3360746
16 29 240.25974
16 5 1.526733
16 20 32.98109
16 37 169.11612
16 7 1.3482308
16 27 2.7344606
16 23 4.9792075
16 25 2.383128
17 26 2.1973085
17 6 1.1761161
17 10 0.029973533
17 24 0.42483187
17 31 1.5104617
17 9 0.06436404
17 4 0.09280303
17 19 6.5243073
18 30 1.5192558
18 2 11.885342
18 8 1.8316783
18 37 3.399225
18 7 2000.0
18 13 166.66667
18 27 8.384416
18 16 0.9543674
18 23 2.27581
18 11 11.360623
18 29 2.4292758
18 5 1.4832015
19 31 0.09635741
19 9 0.0857863
19 17 6.5243073
19 4 0.086343035
20 0 2000.0
20 30 8.842331
20 13 1.359536
20 33 2.548477
20 11 2.9055572
20 29 1.6916256
20 5 2.0285797
20 34 1.4248933
20 2 3.3787243
20 14 3.3726742
20 37 5.3932495
20 7 2.3590095
20 27 0.6740648
20 16 32.98109
20 25 1.4334598
21 32 2000.0
21 24 0.059654728
21 35 0.056142922
21 12 0.13934991
21 15 12.647974
22 6 1112.6704
22 31 2000.0
22 9 0.15437087
22 19 1218.5796
23 0 2000.0
23 30 3.7999544
23 2 46.936375
23 8 1.4646888
23 37 11.734114
23 18 2.27581
23 7 1.6197071
23 16 4.9792075
23 11 2000.0
23 29 4.3284507
23 5 6.349985
24 26 0.09863306
24 32 0.104769
24 10 0.08041406
24 21 0.059654728
24 31 11.791443
24 12 0.101213686
24 3 133.33334
24 15 2000.0
24 17 0.42483187
25 0 2000.0
25 30 13.109953
25 13 0.9574135
25 33 1.0391238
25 11 2.3642871
25 29 11.934015
25 5 2000.0
25 34 9.220793
25 20 1.4334598
25 2 4.033853
25 14 4.052995
25 37 666.92456
25 7 10.277245
25 27 1.1961082
25 16 2.383128
26 32 18.866589
26 28 0.045445222
26 10 0.04665221
26 24 0.09863306
26 31 0.10532433
26 12 0.5414063
26 17 2.1973085
27 0 2000.0
27 30 0.24805564
27 8 7.041049
27 18 8.384416
27 13 0.17434552
27 33 1.172217
27 11 0.75448984
27 29 0.5669697
27 5 5.5467916
27 34 1.6205338
27 20 0.6740648
27 2 4.0107293
27 14 2.7810624
27 37 4.7745223
27 7 119.07635
27 16 2.7344606
27 25 1.1961082
28 36 0.035179928
28 26 0.045445222
28 10 1.0775162
28 3 0.10166677
28 12 5.854072
28 9 12.051529
29 0 3.7816849
29 30 3.3801537
29 8 1.2638916
29 18 2.4292758
29 13 1.1111099
29 11 0.667457
29 5 4.7672195
29 34 5.9381633
29 20 1.6916256
29 2 1.5204173
29 37 1.3316721
29 7 2000.0
29 27 0.5669697
29 16 240.25974
29 23 4.3284507
29 25 11.934015
30 0 2000.0
30 8 0.8096895
30 18 1.5192558
30 13 5.9162416
30 33 3.3252823
30 11 1.5323865
30 29 3.3801537
30 5 0.7205195
30 34 7.905942
30 20 8.842331
30 2 191.06702
30 14 2000.0
30 37 21.861668
30 7 1.0378467
30 27 0.24805564
30 16 1.7856886
30 23 3.7999544
30 25 13.109953
31 26 0.10532433
31 6 1.213271
31 10 0.037497815
31 24 11.791443
31 9 0.029700946
31 17 1.5104617
31 4 0.08127833
31 19 0.09635741
32 26 18.866589
32 24 0.104769
32 12 0.21334535
32 15 0.07125811
33 34 2000.0
33 30 3.3252823
33 20 2.548477
33 2 7.813544
33 14 0.7445689
33 7 2000.0
33 13 1.2885273
33 27 1.172217
33 16 2000.0
33 11 4.5230117
33 29 2000.0
33 25 1.0391238
34 30 7.905942
34 20 1.4248933
34 8 18.996767
34 7 24.65366
34 13 27.639675
34 27 1.6205338
34 16 2000.0
34 11 3.7092803
34 25 9.220793
34 29 5.9381633
34 5 7.592662
35 21 0.056142922
36 26 2000.0
36 28 0.035179928
36 3 0.295405
36 9 1.4899964
37 30 21.861668
37 0 3.6864753
37 8 2.769171
37 18 3.399225
37 13 8.2608795
37 11 4.295884
37 29 1.3316721
37 20 5.3932495
37 2 1.252247
37 7 18.89733
37 27 4.7745223
37 16 169.11612
37 23 11.734114
37 25 666.92456
