0 2 0.700901
0 37 1.0368282
0 13 0.68041825
0 25 30.70696
0 29 28.418901
1 3 1.0980382
1 12 36.822803
2 30 17.736864
2 0 0.700901
2 8 1.0921683
2 18 3.8143146
2 13 0.4586239
2 33 1.3884271
2 11 1.3143394
2 29 1.2088498
2 20 2.562529
2 37 0.8142536
2 27 0.84823525
2 16 2000.0
2 23 10.675401
2 25 0.57551616
3 36 0.5382418
3 28 18.226593
3 24 2000.0
3 12 0.06700848
3 1 1.0980382
3 9 0.41151664
4 31 0.066802815
4 9 0.085116394
4 17 0.11908119
4 19 0.067415625
5 30 0.79939836
5 8 0.45913848
5 18 0.7746613
5 13 21.758394
5 11 1.6469837
5 29 2.0276728
5 34 3.2701178
5 20 1.8776156
5 37 13.226613
5 7 5.0681334
5 27 4.444833
5 16 2.6546562
5 23 4.9067073
5 25 2000.0
6 31 0.18033156
6 17 1.2995416
7 30 1.2598794
7 20 24.76451
7 8 4.9720955
7 37 2000.0
7 16 1.1341963
7 23 1.3246529
7 25 3.9768455
7 5 5.0681334
8 0 2000.0
8 30 0.41766334
8 18 1.1743634
8 13 1.2016119
8 11 1.0200425
8 29 0.7088569
8 5 0.45913848
8 34 62.45394
8 2 1.0921683
8 37 0.9395041
8 7 4.9720955
8 27 0.98685783
8 16 1.7201226
8 23 1.0178672
8 25 2000.0
9 36 0.8274491
9 26 2000.0
9 28 3.9710035
9 10 18.22727
9 22 0.056140766
9 31 0.028271595
9 12 2000.0
9 3 0.41151664
9 4 0.085116394
9 17 0.040530294
9 19 0.067173764
10 26 0.03011364
10 28 0.23746334
10 24 0.07654915
10 31 10.980559
10 12 1481.7614
10 9 18.22727
10 17 0.02949578
11 0 2000.0
11 30 0.7215077
11 8 1.0200425
11 18 7.894998
11 13 0.89531916
11 33 2.5881982
11 29 1.9296571
11 5 1.6469837
11 34 1.7234925
11 20 1.4070287
11 2 1.3143394
11 37 1.70651
11 7 2542.5
11 27 0.8418255
11 16 0.9548346
11 25 0.7619593
12 26 1.1125758
12 32 7.6259556
12 28 160.0
12 24 0.07414909
12 21 0.121618144
12 3 0.06700848
12 1 36.822803
13 30 119.991615
13 0 0.68041825
13 8 1.2016119
13 18 113.75235
13 33 1.3015268
13 11 0.89531916
13 29 0.7667629
13 5 21.758394
13 34 564.2075
13 20 1.0399472
13 2 0.4586239
13 14 12.132202
13 37 1.1857935
13 7 2000.0
13 27 0.96776277
13 16 81.060715
13 25 0.27355465
14 30 24.347944
14 20 1.6816498
14 13 12.132202
14 27 2.0910153
14 33 0.4789165
14 11 2000.0
14 25 2.3016746
15 32 0.07134741
15 21 2.9884515
16 34 23.790993
16 30 1.3415887
16 20 36.436504
16 8 1.7201226
16 18 0.8529839
16 13 81.060715
16 7 1.1341963
16 27 1.4869992
16 11 0.9548346
16 23 2.8552885
16 25 0.776058
16 5 2.6546562
17 6 1.2995416
17 26 2.6825633
17 10 0.02949578
17 24 0.13006543
17 31 1.4513258
17 9 0.040530294
17 4 0.11908119
17 19 67.548584
18 0 2000.0
18 30 0.6828904
18 8 1.1743634
18 13 113.75235
18 11 7.894998
18 29 1.0087988
18 5 0.7746613
18 2 3.8143146
18 37 2.2921302
18 7 2000.0
18 27 21.133427
18 16 0.8529839
18 23 1.4391165
19 31 0.100379795
19 9 0.067173764
19 17 67.548584
19 4 0.067415625
20 30 3.722278
20 13 1.0399472
20 33 1.1921896
20 11 1.4070287
20 29 10.141442
20 5 1.8776156
20 34 0.8401149
20 2 2.562529
20 14 1.6816498
20 37 3.1288915
20 7 24.76451
20 27 0.84981924
20 16 36.436504
20 25 0.43182167
21 32 1066.6667
21 24 0.8715596
21 35 0.033095483
21 31 2000.0
21 12 0.121618144
21 15 2.9884515
22 31 31.488638
22 9 0.056140766
22 19 2000.0
23 0 2000.0
23 30 1.2491817
23 8 1.0178672
23 2 10.675401
23 37 1.180291
23 18 1.4391165
23 7 1.3246529
23 16 2.8552885
23 11 2000.0
23 29 1.2578982
23 5 4.9067073
24 26 0.040689148
24 32 0.18211879
24 10 0.07654915
24 21 0.8715596
24 12 0.07414909
24 15 2000.0
24 17 0.13006543
25 30 21.036936
25 0 30.70696
25 13 0.27355465
25 33 0.6628972
25 11 0.7619593
25 29 1.2327437
25 34 2.0666153
25 20 0.43182167
25 2 0.57551616
25 14 2.3016746
25 37 22.200083
25 7 3.9768455
25 27 0.21546201
25 16 0.776058
26 32 28.436138
26 28 0.07085562
26 10 0.03011364
26 24 0.040689148
26 31 0.09989921
26 12 1.1125758
26 17 2.6825633
27 30 0.44816276
27 0 2000.0
27 8 0.98685783
27 18 21.133427
27 13 0.96776277
27 33 0.73784214
27 11 0.8418255
27 29 0.84230465
27 5 4.444833
27 34 0.8832889
27 20 0.84981924
27 2 0.84823525
27 14 2.0910153
27 37 1.0257713
27 7 2000.0
27 16 1.4869992
27 25 0.21546201
28 36 0.035136707
28 26 0.07085562
28 10 0.23746334
28 3 18.226593
28 12 160.0
28 9 3.9710035
28 19 1370.909
29 0 28.418901
29 30 1.0450699
29 8 0.7088569
29 18 1.0087988
29 13 0.7667629
29 33 30.773985
29 11 1.9296571
29 5 2.0276728
29 34 4.804997
29 20 10.141442
29 2 1.2088498
29 37 0.9182866
29 7 2000.0
29 27 0.84230465
29 16 2000.0
29 23 1.2578982
29 25 1.2327437
30 8 0.41766334
30 18 0.6828904
30 13 119.991615
30 33 15.3646755
30 11 0.7215077
30 29 1.0450699
30 5 0.79939836
30 34 1.657586
30 20 3.722278
30 2 17.736864
30 14 24.347944
30 37 13.555538
30 7 1.2598794
30 27 0.44816276
30 16 1.3415887
30 23 1.2491817
30 25 21.036936
31 26 0.09989921
31 6 0.18033156
31 10 10.980559
31 35 133.22728
31 22 31.488638
31 9 0.028271595
31 4 0.066802815
31 17 1.4513258
31 19 0.100379795
32 26 28.436138
32 24 0.18211879
32 21 1066.6667
32 12 7.6259556
32 15 0.07134741
33 30 15.3646755
33 8 2000.0
33 13 1.3015268
33 11 2.5881982
33 29 30.773985
33 5 2000.0
33 34 2000.0
33 20 1.1921896
33 2 1.3884271
33 14 0.4789165
33 7 2000.0
33 27 0.73784214
33 16 3017.898
33 25 0.6628972
34 30 1.657586
34 20 0.8401149
34 8 62.45394
34 37 2000.0
34 7 2000.0
34 13 564.2075
34 27 0.8832889
34 16 23.790993
34 11 1.7234925
34 29 4.804997
34 25 2.0666153
34 5 3.2701178
35 21 0.033095483
35 31 133.22728
36 28 0.035136707
36 3 0.5382418
36 9 0.8274491
37 30 13.555538
37 0 1.0368282
37 8 0.9395041
37 18 2.2921302
37 13 1.1857935
37 11 1.70651
37 29 0.9182866
37 5 13.226613
37 20 3.1288915
37 2 0.8142536
37 7 2000.0
37 27 1.0257713
37 16 2000.0
37 23 1.180291
37 25 22.200083
