0 8 13.292138
0 2 1.3195858
0 37 0.63895124
0 13 0.76382744
0 11 30.219225
0 29 5.70177
1 3 0.25489813
1 12 72.12955
2 30 10.611171
2 0 1.3195858
2 8 1.2855713
2 18 4.6657467
2 13 0.5017313
2 33 1.5469106
2 11 0.8139868
2 29 0.942161
2 20 1.6999949
2 37 0.77993554
2 27 0.59197253
2 16 2000.0
2 23 18.346493
2 25 1.9414142
3 36 0.27223584
3 28 0.38616073
3 24 450.00003
3 12 0.05090726
3 1 0.25489813
3 9 0.16159877
4 31 0.07920199
4 9 0.05891054
4 17 0.08501293
4 19 0.10376387
5 30 0.49605024
5 8 0.53081036
5 18 0.3695265
5 13 2000.0
5 11 1.916725
5 29 1.6502658
5 34 1.005705
5 20 1.9994266
5 37 2000.0
5 7 5.1888795
5 27 2.24944
5 16 1.3693671
5 23 5.3268695
6 31 0.6505211
6 17 3.4514818
7 34 17.777948
7 30 0.75238156
7 20 1.3038816
7 8 66.66667
7 37 15.729459
7 27 159.3324
7 16 1.5218668
7 11 4.4233985
7 23 1.2790588
7 25 23.158195
7 5 5.1888795
8 0 13.292138
8 30 0.695392
8 18 0.9878761
8 13 3.4686193
8 11 1.1843421
8 29 0.9191505
8 5 0.53081036
8 34 5.9704127
8 2 1.2855713
8 37 0.89686114
8 7 66.66667
8 27 1.9739714
8 16 1.9169981
8 23 0.97763896
9 36 0.90484774
9 28 2.1491802
9 10 4.968514
9 22 0.34174958
9 31 0.028796352
9 3 0.16159877
9 17 0.04490393
9 4 0.05891054
9 19 0.069392696
10 26 0.03246931
10 28 0.118288465
10 24 0.05137311
10 31 0.04992549
10 12 17.641666
10 9 4.968514
10 17 0.03260991
11 0 30.219225
11 30 0.35311896
11 8 1.1843421
11 18 7.3284945
11 13 0.6519833
11 33 2.3819575
11 29 0.78681767
11 5 1.916725
11 34 2.169335
11 20 0.7173908
11 2 0.8139868
11 37 1.4398476
11 7 4.4233985
11 27 0.37648392
11 16 0.7114848
11 25 1.0896525
12 26 1.0320501
12 28 4.8392425
12 32 0.23529409
12 10 17.641666
12 24 0.08699348
12 21 0.07583604
12 3 0.05090726
12 1 72.12955
13 30 1.4977378
13 0 0.76382744
13 8 3.4686193
13 18 300.0
13 33 0.7163988
13 11 0.6519833
13 29 1.0187129
13 34 11.225256
13 20 0.49584392
13 2 0.5017313
13 14 4.5962286
13 37 1.7491714
13 27 0.19377282
13 16 203.60092
13 25 0.6131333
14 20 1.0088419
14 13 4.5962286
14 33 0.44014102
14 27 2.548828
14 11 2000.0
14 25 2.491355
15 32 0.08189211
15 21 0.933537
16 0 2000.0
16 30 1.6006495
16 8 1.9169981
16 18 1.241024
16 13 203.60092
16 11 0.7114848
16 29 30.929697
16 5 1.3693671
16 20 7.775211
16 37 73.441605
16 7 1.5218668
16 27 1.3444203
16 23 14.014099
16 25 2.6815393
17 26 2.3734202
17 6 3.4514818
17 10 0.03260991
17 24 0.33411655
17 31 1.3787794
17 9 0.04490393
17 4 0.08501293
17 19 1.972201
18 30 0.7693549
18 2 4.6657467
18 8 0.9878761
18 37 1.1584573
18 7 2000.0
18 13 300.0
18 27 3.3252742
18 16 1.241024
18 23 1.2188638
18 11 7.3284945
18 29 1.1965473
18 5 0.3695265
19 31 0.08323863
19 9 0.069392696
19 17 1.972201
19 4 0.10376387
20 30 11.266403
20 13 0.49584392
20 33 1.572253
20 11 0.7173908
20 29 2.9520357
20 5 1.9994266
20 34 0.85760486
20 2 1.6999949
20 14 1.0088419
20 37 1.8360585
20 7 1.3038816
20 27 0.38777068
20 16 7.775211
20 25 0.6648364
21 32 2000.0
21 24 0.35970968
21 35 0.035177592
21 12 0.07583604
21 15 0.933537
22 6 1556.4773
22 31 133.33334
22 9 0.34174958
22 19 1330.5114
23 0 2000.0
23 30 2.5887947
23 2 18.346493
23 8 0.97763896
23 37 0.99042
23 18 1.2188638
23 7 1.2790588
23 16 14.014099
23 11 2000.0
23 29 3.2222352
23 5 5.3268695
24 26 0.059251346
24 32 0.11622373
24 10 0.05137311
24 21 0.35970968
24 31 17.307693
24 12 0.08699348
24 3 450.00003
24 15 2000.0
24 17 0.33411655
25 0 2000.0
25 30 3.5996778
25 13 0.6131333
25 33 0.8250289
25 11 1.0896525
25 29 2.461518
25 34 2.0776303
25 20 0.6648364
25 2 1.9414142
25 14 2.491355
25 37 38.142715
25 7 23.158195
25 27 0.65588117
25 16 2.6815393
26 36 654.5455
26 32 63.297348
26 28 0.042454977
26 10 0.03246931
26 24 0.059251346
26 31 0.07205989
26 12 1.0320501
26 17 2.3734202
27 0 2000.0
27 30 0.23139481
27 8 1.9739714
27 18 3.3252742
27 13 0.19377282
27 33 1.2428657
27 11 0.37648392
27 29 0.670734
27 5 2.24944
27 34 0.8956348
27 20 0.38777068
27 2 0.59197253
27 14 2.548828
27 37 0.6445335
27 7 159.3324
27 16 1.3444203
27 25 0.65588117
28 36 0.031482864
28 26 0.042454977
28 10 0.118288465
28 3 0.38616073
28 12 4.8392425
28 9 2.1491802
29 0 5.70177
29 30 6.7744107
29 8 0.9191505
29 18 1.1965473
29 13 1.0187129
29 11 0.78681767
29 5 1.6502658
29 34 16.30151
29 20 2.9520357
29 2 0.942161
29 37 0.6898136
29 7 2000.0
29 27 0.670734
29 16 30.929697
29 23 3.2222352
29 25 2.461518
30 0 2000.0
30 8 0.695392
30 18 0.7693549
30 13 1.4977378
30 33 2.8353157
30 11 0.35311896
30 29 6.7744107
30 5 0.49605024
30 34 1.3296587
30 20 11.266403
30 2 10.611171
30 14 2000.0
30 37 3.3526192
30 7 0.75238156
30 27 0.23139481
30 16 1.6006495
30 23 2.5887947
30 25 3.5996778
31 26 0.07205989
31 6 0.6505211
31 10 0.04992549
31 24 17.307693
31 22 133.33334
31 9 0.028796352
31 17 1.3787794
31 4 0.07920199
31 19 0.08323863
32 26 63.297348
32 24 0.11622373
32 12 0.23529409
32 15 0.08189211
33 30 2.8353157
33 8 2000.0
33 13 0.7163988
33 11 2.3819575
33 29 4106.9883
33 5 2000.0
33 34 2000.0
33 20 1.572253
33 2 1.5469106
33 14 0.44014102
33 7 2000.0
33 27 1.2428657
33 16 2000.0
33 25 0.8250289
34 30 1.3296587
34 20 0.85760486
34 8 5.9704127
34 13 11.225256
34 7 17.777948
34 27 0.8956348
34 16 1215.0568
34 11 2.169335
34 25 2.0776303
34 29 16.30151
34 5 1.005705
35 21 0.035177592
36 26 654.5455
36 28 0.031482864
36 3 0.27223584
36 9 0.90484774
37 30 3.3526192
37 0 0.63895124
37 8 0.89686114
37 18 1.1584573
37 13 1.7491714
37 11 1.4398476
37 29 0.6898136
37 20 1.8360585
37 2 0.77993554
37 7 15.729459
37 27 0.6445335
37 16 73.441605
37 23 0.99042
37 25 38.142715
