0 2 0.9965017
0 37 1.2715691
0 13 1.3450054
0 29 68.603935
0 25 28.026697
1 3 0.6456158
1 12 14.391479
2 30 37.91104
2 0 0.9965017
2 8 1.1231174
2 18 1.8930365
2 13 0.38532484
2 33 1.8536216
2 11 1.2220685
2 29 1.464542
2 20 4.2931714
2 37 0.9178684
2 27 0.47550872
2 16 2000.0
2 23 9.122363
2 25 0.46183974
3 36 0.6650919
3 28 6.6937504
3 24 1140.966
3 12 0.06997951
3 1 0.6456158
3 9 0.7302825
4 31 0.08456559
4 9 0.08668964
4 17 0.13778095
4 19 0.08004962
5 30 0.6836158
5 8 0.577763
5 18 0.7959326
5 13 56.877163
5 11 1.4321944
5 29 2.4130318
5 34 3.2589595
5 20 3.2072966
5 37 12.204616
5 7 8.055704
5 27 1.3785048
5 16 1.2424014
5 23 3.0308719
5 25 2000.0
6 31 0.143494
6 17 1.3762006
7 30 0.98876685
7 20 248.7743
7 8 4.948083
7 16 1.2131917
7 23 1.5073781
7 25 4.7234683
7 5 8.055704
8 0 2000.0
8 30 0.40845755
8 18 1.1166459
8 13 0.8211521
8 11 0.8714456
8 29 0.65532845
8 5 0.577763
8 34 26.30122
8 2 1.1231174
8 37 1.0914764
8 7 4.948083
8 27 0.77372175
8 16 1.7747407
8 23 0.89377224
8 25 2000.0
9 36 0.44148597
9 26 2000.0
9 28 2.1150439
9 10 18.76049
9 22 0.047818977
9 31 0.029995602
9 3 0.7302825
9 12 2000.0
9 4 0.08668964
9 17 0.04654356
9 19 0.06673914
10 26 0.029601946
10 28 0.46280304
10 24 0.07877369
10 31 8.368253
10 12 1481.7614
10 9 18.76049
10 17 0.030170782
11 0 2000.0
11 30 0.9672057
11 8 0.8714456
11 18 9.265564
11 13 0.87718093
11 33 1.5947775
11 29 0.923341
11 5 1.4321944
11 34 3.2835472
11 20 1.0466934
11 2 1.2220685
11 37 1.1713076
11 7 1644.659
11 27 0.64646983
11 16 1.2465909
11 25 0.6483195
12 26 0.8780229
12 32 4.343282
12 24 0.09010084
12 21 0.13865596
12 3 0.06997951
12 1 14.391479
13 30 85.806816
13 0 1.3450054
13 8 0.8211521
13 18 225.00002
13 33 0.85275227
13 11 0.87718093
13 29 0.97411615
13 5 56.877163
13 34 396.52237
13 20 0.82574314
13 2 0.38532484
13 14 4.3158736
13 37 1.0828004
13 7 2000.0
13 27 0.33935815
13 16 111.66029
13 25 0.31475526
14 30 12.997307
14 20 2.2597933
14 13 4.3158736
14 27 2.227821
14 33 0.48528996
14 11 2000.0
14 25 2.7201006
15 32 0.071673386
15 21 3.9258068
16 0 2000.0
16 30 1.1704471
16 8 1.7747407
16 18 1.3221766
16 13 111.66029
16 11 1.2465909
16 5 1.2424014
16 34 133.15271
16 20 32.29586
16 7 1.2131917
16 27 1.3231909
16 23 2.3695524
16 25 1.0567327
17 6 1.3762006
17 26 2.2430649
17 10 0.030170782
17 24 0.14901292
17 31 0.98717
17 9 0.04654356
17 4 0.13778095
17 19 178.3829
18 0 2000.0
18 30 0.71918017
18 8 1.1166459
18 13 225.00002
18 11 9.265564
18 29 1.284244
18 5 0.7959326
18 2 1.8930365
18 37 2.2043707
18 7 2000.0
18 27 19.619198
18 16 1.3221766
18 23 1.2803099
19 31 0.08119597
19 9 0.06673914
19 4 0.08004962
19 17 178.3829
20 0 2000.0
20 30 2.1149755
20 13 0.82574314
20 33 1.1655415
20 11 1.0466934
20 29 16.25102
20 5 3.2072966
20 34 1.1568085
20 2 4.2931714
20 14 2.2597933
20 37 1.9325284
20 7 248.7743
20 27 1.0511492
20 16 32.29586
20 25 0.4644674
21 32 2000.0
21 24 0.86266035
21 35 0.032954544
21 12 0.13865596
21 15 3.9258068
22 31 112.50001
22 9 0.047818977
22 19 2000.0
23 0 2000.0
23 30 1.3099478
23 8 0.89377224
23 2 9.122363
23 37 1.5302782
23 18 1.2803099
23 7 1.5073781
23 16 2.3695524
23 11 2000.0
23 29 1.6038193
23 5 3.0308719
24 26 0.04373159
24 32 0.2792083
24 10 0.07877369
24 21 0.86266035
24 12 0.09010084
24 17 0.14901292
25 30 18.64528
25 0 28.026697
25 13 0.31475526
25 33 0.58048594
25 11 0.6483195
25 29 2.123407
25 34 2.812494
25 20 0.4644674
25 2 0.46183974
25 14 2.7201006
25 37 38.340393
25 7 4.7234683
25 27 0.27368885
25 16 1.0567327
26 32 55.630676
26 28 0.06262919
26 10 0.029601946
26 24 0.04373159
26 31 0.118921794
26 12 0.8780229
26 17 2.2430649
27 30 0.22209808
27 0 2000.0
27 8 0.77372175
27 18 19.619198
27 13 0.33935815
27 33 0.7873822
27 11 0.64646983
27 29 0.7338415
27 5 1.3785048
27 34 1.4434588
27 20 1.0511492
27 2 0.47550872
27 14 2.227821
27 37 0.8140216
27 7 2000.0
27 16 1.3231909
27 25 0.27368885
28 36 0.030215485
28 26 0.06262919
28 10 0.46280304
28 3 6.6937504
28 12 1205.3977
28 9 2.1150439
28 19 1377.3296
29 0 68.603935
29 30 2.5112894
29 8 0.65532845
29 18 1.284244
29 13 0.97411615
29 33 32.380257
29 11 0.923341
29 5 2.4130318
29 34 5.530355
29 20 16.25102
29 2 1.464542
29 37 1.226515
29 7 2000.0
29 27 0.7338415
29 16 2000.0
29 23 1.6038193
29 25 2.123407
30 8 0.40845755
30 18 0.71918017
30 13 85.806816
30 33 5.7354345
30 11 0.9672057
30 29 2.5112894
30 5 0.6836158
30 34 1.0672187
30 20 2.1149755
30 2 37.91104
30 14 12.997307
30 37 23.497374
30 7 0.98876685
30 27 0.22209808
30 16 1.1704471
30 23 1.3099478
30 25 18.64528
31 26 0.118921794
31 6 0.143494
31 10 8.368253
31 35 49.33864
31 22 112.50001
31 9 0.029995602
31 4 0.08456559
31 17 0.98717
31 19 0.08119597
32 26 55.630676
32 24 0.2792083
32 21 2000.0
32 12 4.343282
32 15 0.071673386
33 30 5.7354345
33 13 0.85275227
33 11 1.5947775
33 29 32.380257
33 5 2000.0
33 34 2000.0
33 20 1.1655415
33 2 1.8536216
33 14 0.48528996
33 7 2000.0
33 27 0.7873822
33 16 3017.898
33 25 0.58048594
34 30 1.0672187
34 20 1.1568085
34 8 26.30122
34 37 2000.0
34 13 396.52237
34 7 2000.0
34 27 1.4434588
34 16 133.15271
34 11 3.2835472
34 29 5.530355
34 25 2.812494
34 5 3.2589595
35 21 0.032954544
35 31 49.33864
36 28 0.030215485
36 3 0.6650919
36 9 0.44148597
37 30 23.497374
37 0 1.2715691
37 8 1.0914764
37 18 2.2043707
37 13 1.0828004
37 11 1.1713076
37 29 1.226515
37 5 12.204616
37 20 1.9325284
37 2 0.9178684
37 7 1285.2273
37 27 0.8140216
37 16 2000.0
37 23 1.5302782
37 25 38.340393
