0 2 1.211235
0 37 1.859398
0 13 1.1306555
0 29 45.714287
0 25 6.348763
1 3 0.55799514
1 12 10.770677
2 30 110.67755
2 0 1.211235
2 8 1.6174333
2 18 2.398699
2 13 0.82947356
2 33 1.7193843
2 11 1.9178642
2 29 1.1624779
2 20 3.6091597
2 37 1.0383736
2 27 1.0589751
2 16 2000.0
2 23 8.501378
2 25 0.5229549
3 36 0.25338537
3 28 38.428413
3 24 225.00002
3 12 0.062121004
3 1 0.55799514
3 9 0.26905164
4 31 0.07419473
4 9 0.068288274
4 17 0.09949701
4 19 0.0754013
5 30 0.63290834
5 8 0.46330455
5 18 0.95405614
5 13 29.321667
5 11 1.828106
5 29 2.4638119
5 34 2.1952555
5 20 1.9059659
5 37 26.85376
5 7 23.45997
5 27 1.759186
5 16 1.7014555
5 23 2.6909485
5 25 2000.0
6 31 0.35494784
6 17 55.98257
7 30 0.891194
7 20 32.42146
7 8 5.8542175
7 16 0.90346384
7 23 1.267372
7 11 41.64054
7 25 2.0570362
7 5 23.45997
8 0 2000.0
8 30 0.34610522
8 18 1.2678883
8 13 2.0940988
8 11 2.2335322
8 29 0.372433
8 5 0.46330455
8 34 2000.0
8 2 1.6174333
8 37 0.9143336
8 7 5.8542175
8 27 2.6510043
8 16 1.5944401
8 23 0.9093061
8 25 2000.0
9 36 0.27698863
9 26 2000.0
9 28 0.76567876
9 10 3.3623738
9 22 0.05349413
9 31 0.02972755
9 3 0.26905164
9 12 2000.0
9 4 0.068288274
9 17 0.034370344
9 19 0.06471144
10 26 0.030607302
10 28 0.67019266
10 24 0.10445269
10 31 1.0007911
10 12 53.333332
10 9 3.3623738
10 17 0.03443344
11 0 2000.0
11 30 0.8007892
11 8 2.2335322
11 18 36.72283
11 13 1.4444218
11 33 1.9897783
11 29 0.81043226
11 5 1.828106
11 34 1.9193387
11 20 1.2512076
11 2 1.9178642
11 37 2.0422046
11 7 41.64054
11 27 0.9451515
11 16 0.9961109
11 25 0.81319356
12 26 0.8644539
12 28 179.43112
12 32 1.6399305
12 10 53.333332
12 24 0.070644625
12 21 0.13371924
12 3 0.062121004
12 1 10.770677
13 30 131.25253
13 0 1.1306555
13 8 2.0940988
13 18 64.43075
13 33 1.4342906
13 11 1.4444218
13 29 1.051355
13 5 29.321667
13 34 95.99231
13 20 1.4167439
13 2 0.82947356
13 14 14.726248
13 37 1.0279214
13 7 2000.0
13 27 1.2743027
13 16 3488.9204
13 25 0.37694088
14 30 7.586582
14 20 1.046875
14 13 14.726248
14 27 3.1462374
14 33 0.5332333
14 25 1.8187366
15 32 0.07106777
15 24 90.74074
15 21 9.660876
16 30 1.1021425
16 20 7.7176714
16 8 1.5944401
16 18 1.0784293
16 7 0.90346384
16 27 1.6107627
16 11 0.9961109
16 23 5.1375003
16 29 800.0
16 25 1.1460855
16 5 1.7014555
17 26 1.874533
17 6 55.98257
17 10 0.03443344
17 24 0.07819977
17 31 0.9372468
17 9 0.034370344
17 4 0.09949701
17 19 3.4987824
18 0 2000.0
18 30 0.72576857
18 8 1.2678883
18 13 64.43075
18 11 36.72283
18 29 1.020964
18 5 0.95405614
18 2 2.398699
18 37 2.0832605
18 7 2000.0
18 27 18.765043
18 16 1.0784293
18 23 1.4325861
19 31 0.06467739
19 9 0.06471144
19 17 3.4987824
19 4 0.0754013
20 30 1.97379
20 13 1.4167439
20 33 1.9063627
20 11 1.2512076
20 29 33.674744
20 5 1.9059659
20 34 1.1550523
20 2 3.6091597
20 14 1.046875
20 37 3.655437
20 7 32.42146
20 27 2.0811942
20 16 7.7176714
20 25 0.7343195
21 26 2000.0
21 32 276.9231
21 24 0.44234437
21 35 0.03242271
21 12 0.13371924
21 15 9.660876
22 31 29.195732
22 9 0.05349413
22 19 2000.0
23 0 2000.0
23 30 3.0277948
23 8 0.9093061
23 2 8.501378
23 37 3.5677085
23 18 1.4325861
23 7 1.267372
23 16 5.1375003
23 11 2000.0
23 29 1.2697505
23 5 2.6909485
24 26 0.038398936
24 32 0.17117424
24 10 0.10445269
24 21 0.44234437
24 12 0.070644625
24 3 225.00002
24 15 90.74074
24 17 0.07819977
25 30 21.218685
25 0 6.348763
25 13 0.37694088
25 33 1.1074469
25 11 0.81319356
25 29 2.5217874
25 34 1.540051
25 20 0.7343195
25 2 0.5229549
25 14 1.8187366
25 37 43.84672
25 7 2.0570362
25 27 0.23441496
25 16 1.1460855
26 32 21.363075
26 28 0.045937743
26 10 0.030607302
26 24 0.038398936
26 31 0.26044282
26 12 0.8644539
26 17 1.874533
27 30 1.4143395
27 0 2000.0
27 8 2.6510043
27 18 18.765043
27 13 1.2743027
27 33 0.7502461
27 11 0.9451515
27 29 1.7115885
27 5 1.759186
27 34 1.038363
27 20 2.0811942
27 2 1.0589751
27 14 3.1462374
27 37 2.0713408
27 7 2000.0
27 16 1.6107627
27 25 0.23441496
28 36 0.029890304
28 26 0.045937743
28 10 0.67019266
28 3 38.428413
28 12 179.43112
28 9 0.76567876
28 19 1239.7727
29 0 45.714287
29 30 1.7479606
29 8 0.372433
29 18 1.020964
29 13 1.051355
29 33 12.610685
29 11 0.81043226
29 5 2.4638119
29 34 3.0653634
29 20 33.674744
29 2 1.1624779
29 37 0.6964492
29 7 2000.0
29 27 1.7115885
29 16 800.0
29 23 1.2697505
29 25 2.5217874
30 8 0.34610522
30 18 0.72576857
30 13 131.25253
30 33 7.292185
30 11 0.8007892
30 29 1.7479606
30 5 0.63290834
30 34 0.9951544
30 20 1.97379
30 2 110.67755
30 14 7.586582
30 37 552.43854
30 7 0.891194
30 27 1.4143395
30 16 1.1021425
30 23 3.0277948
30 25 21.218685
31 26 0.26044282
31 6 0.35494784
31 10 1.0007911
31 22 29.195732
31 9 0.02972755
31 4 0.07419473
31 17 0.9372468
31 19 0.06467739
32 26 21.363075
32 10 2000.0
32 24 0.17117424
32 21 276.9231
32 12 1.6399305
32 15 0.07106777
33 34 2000.0
33 30 7.292185
33 20 1.9063627
33 2 1.7193843
33 14 0.5332333
33 13 1.4342906
33 7 2000.0
33 27 0.7502461
33 16 1971.0227
33 11 1.9897783
33 29 12.610685
33 25 1.1074469
34 30 0.9951544
34 20 1.1550523
34 37 2000.0
34 7 2000.0
34 13 95.99231
34 27 1.038363
34 16 2000.0
34 11 1.9193387
34 29 3.0653634
34 25 1.540051
34 5 2.1952555
35 21 0.03242271
35 31 1086.4204
36 28 0.029890304
36 3 0.25338537
36 9 0.27698863
37 30 552.43854
37 0 1.859398
37 8 0.9143336
37 18 2.0832605
37 13 1.0279214
37 11 2.0422046
37 29 0.6964492
37 5 26.85376
37 20 3.655437
37 2 1.0383736
37 7 2896.25
37 27 2.0713408
37 16 2000.0
37 23 3.5677085
37 25 43.84672
