0 8 7.9039845
0 2 1.2769022
0 37 0.7787753
0 13 0.6609334
0 11 60.348705
0 29 14.256525
1 3 0.27262083
1 12 73.35208
2 30 13.223821
2 0 1.2769022
2 8 1.351373
2 18 4.6932073
2 13 0.32900238
2 33 1.1993835
2 11 0.6592175
2 29 1.3432524
2 20 4.546472
2 37 0.82948905
2 27 0.53754175
2 23 30.629677
2 25 1.4592025
3 36 0.28809977
3 28 0.13349321
3 24 2000.0
3 12 0.07142595
3 1 0.27262083
3 9 0.4124379
4 31 0.17722136
4 9 0.06746525
4 17 0.07589285
4 19 0.082991205
5 30 1.357051
5 8 0.47248474
5 18 4.4626307
5 13 2000.0
5 11 2.6866882
5 29 7.9183393
5 34 14.238363
5 20 8.420704
5 37 2000.0
5 7 9.154002
5 27 5.9903708
5 16 1.7766985
5 23 10.576893
6 31 0.64507955
6 17 0.76025194
7 34 13.965909
7 30 1.7365297
7 20 2.1131032
7 8 16.27595
7 37 18.569508
7 27 187.22993
7 16 1.3364339
7 11 7.9778013
7 23 1.2204449
7 25 14.034699
7 5 9.154002
8 0 7.9039845
8 30 0.76483667
8 18 1.3602672
8 13 4.069616
8 11 1.0004025
8 29 0.7340933
8 5 0.47248474
8 34 7.9340544
8 2 1.351373
8 37 1.1584792
8 7 16.27595
8 27 1.2713557
8 16 1.722745
8 23 0.8640545
9 36 1.9882213
9 26 2000.0
9 28 1.2208161
9 10 3.5015547
9 22 0.5390396
9 31 0.028270723
9 3 0.4124379
9 17 0.05096293
9 4 0.06746525
9 19 0.066292465
10 26 0.03306818
10 28 0.1487069
10 24 0.049278166
10 31 0.04619083
10 12 7.565341
10 9 3.5015547
10 17 0.04566221
11 0 60.348705
11 30 0.31041974
11 8 1.0004025
11 18 8.174253
11 13 0.45324916
11 33 2.2230844
11 29 1.4968164
11 5 2.6866882
11 34 2.9614258
11 20 3.736915
11 2 0.6592175
11 37 1.1916502
11 7 7.9778013
11 27 0.3909632
11 16 0.99829555
11 25 0.91533655
12 26 1.2317206
12 28 4.384392
12 32 0.20322014
12 10 7.565341
12 24 0.06961463
12 21 0.071488455
12 3 0.07142595
12 1 73.35208
13 30 6.2589846
13 0 0.6609334
13 8 4.069616
13 18 400.0
13 33 0.90721905
13 11 0.45324916
13 29 0.8895357
13 34 23.152931
13 20 1.2688658
13 2 0.32900238
13 14 6.133836
13 37 3.0240467
13 27 0.77430975
13 16 4020.0566
13 25 0.67928857
14 20 1.9671698
14 13 6.133836
14 33 0.4724533
14 27 2.7588701
14 11 2000.0
14 25 2.1499813
15 32 0.07683109
15 21 1.5570817
16 0 2000.0
16 30 1.1204829
16 8 1.722745
16 18 1.1197944
16 11 0.99829555
16 29 23.99863
16 5 1.7766985
16 20 7.9451385
16 37 47.23695
16 7 1.3364339
16 27 1.5497011
16 23 19.747234
16 25 1.259746
17 26 2.0415864
17 6 0.76025194
17 10 0.04566221
17 24 0.2590672
17 31 1.2739347
17 9 0.05096293
17 4 0.07589285
17 19 2.9711154
18 30 0.74595964
18 2 4.6932073
18 8 1.3602672
18 37 1.2168764
18 7 2000.0
18 13 400.0
18 27 2.9893074
18 16 1.1197944
18 23 1.6307081
18 11 8.174253
18 29 1.3528605
18 5 4.4626307
19 31 0.066986054
19 9 0.066292465
19 17 2.9711154
19 4 0.082991205
20 30 22.344902
20 13 1.2688658
20 33 1.4715886
20 11 3.736915
20 29 12.244719
20 5 8.420704
20 34 0.96473765
20 2 4.546472
20 14 1.9671698
20 37 4.404874
20 7 2.1131032
20 27 2.4692206
20 16 7.9451385
20 25 0.6228884
21 10 2000.0
21 24 0.4851737
21 35 0.036214605
21 12 0.071488455
21 15 1.5570817
22 6 1372.7273
22 31 1108.2385
22 9 0.5390396
22 19 1329.4886
23 0 2000.0
23 30 3.494338
23 2 30.629677
23 8 0.8640545
23 37 2.8559902
23 18 1.6307081
23 7 1.2204449
23 16 19.747234
23 11 2000.0
23 29 2.8501756
23 5 10.576893
24 26 0.102173045
24 32 0.11575032
24 10 0.049278166
24 21 0.4851737
24 31 9.354861
24 12 0.06961463
24 3 2000.0
24 15 2000.0
24 17 0.2590672
25 30 2.2401788
25 13 0.67928857
25 33 0.43532196
25 11 0.91533655
25 29 3.4183352
25 34 1.0276562
25 20 0.6228884
25 2 1.4592025
25 14 2.1499813
25 37 103.0696
25 7 14.034699
25 27 0.76771456
25 16 1.259746
26 36 268.7344
26 32 26.77557
26 28 0.03204318
26 10 0.03306818
26 24 0.102173045
26 31 0.053864
26 12 1.2317206
26 17 2.0415864
27 0 2000.0
27 30 1.1287553
27 8 1.2713557
27 18 2.9893074
27 13 0.77430975
27 33 0.888781
27 11 0.3909632
27 29 0.68776584
27 5 5.9903708
27 34 2.0481327
27 20 2.4692206
27 2 0.53754175
27 14 2.7588701
27 37 2.7579846
27 7 187.22993
27 16 1.5497011
27 25 0.76771456
28 36 0.031422768
28 26 0.03204318
28 10 0.1487069
28 3 0.13349321
28 12 4.384392
28 9 1.2208161
29 0 14.256525
29 30 3.645926
29 8 0.7340933
29 18 1.3528605
29 13 0.8895357
29 33 54.36364
29 11 1.4968164
29 5 7.9183393
29 34 6.607714
29 20 12.244719
29 2 1.3432524
29 37 0.9594562
29 7 2000.0
29 27 0.68776584
29 16 23.99863
29 23 2.8501756
29 25 3.4183352
30 0 2000.0
30 8 0.76483667
30 18 0.74595964
30 13 6.2589846
30 33 6.8654656
30 11 0.31041974
30 29 3.645926
30 5 1.357051
30 34 2.7688913
30 20 22.344902
30 2 13.223821
30 37 5.457868
30 7 1.7365297
30 27 1.1287553
30 16 1.1204829
30 23 3.494338
30 25 2.2401788
31 26 0.053864
31 6 0.64507955
31 10 0.04619083
31 24 9.354861
31 9 0.028270723
31 17 1.2739347
31 4 0.17722136
31 19 0.066986054
32 26 26.77557
32 24 0.11575032
32 12 0.20322014
32 15 0.07683109
33 30 6.8654656
33 8 2000.0
33 13 0.90721905
33 11 2.2230844
33 29 54.36364
33 5 2000.0
33 34 2000.0
33 20 1.4715886
33 2 1.1993835
33 14 0.4724533
33 7 2000.0
33 27 0.888781
33 16 2000.0
33 25 0.43532196
34 30 2.7688913
34 20 0.96473765
34 8 7.9340544
34 13 23.152931
34 7 13.965909
34 27 2.0481327
34 16 1215.0568
34 11 2.9614258
34 25 1.0276562
34 29 6.607714
34 5 14.238363
35 21 0.036214605
36 26 268.7344
36 28 0.031422768
36 3 0.28809977
36 9 1.9882213
37 30 5.457868
37 0 0.7787753
37 8 1.1584792
37 18 1.2168764
37 13 3.0240467
37 11 1.1916502
37 29 0.9594562
37 20 4.404874
37 2 0.82948905
37 7 18.569508
37 27 2.7579846
37 16 47.23695
37 23 2.8559902
37 25 103.0696
