0 8 13.919397
0 2 0.7699069
0 37 0.72693807
0 13 0.85186493
0 11 15.240722
0 29 10.467643
0 25 2000.0
1 3 0.30148908
1 12 1222.4432
2 30 10.105018
2 0 0.7699069
2 8 0.87945014
2 18 13.013595
2 13 0.2208947
2 33 1.4375421
2 11 0.61701244
2 29 0.49802122
2 20 2.4274118
2 37 0.627392
2 27 0.2591641
2 23 43.047127
2 25 2.3141534
3 36 0.25110722
3 28 0.09655103
3 24 2000.0
3 12 0.061436377
3 1 0.30148908
3 9 0.24155843
4 31 0.08332859
4 9 0.07387866
4 17 0.076368526
4 19 0.07933598
5 30 0.5784192
5 8 0.701055
5 18 0.50620925
5 13 100.490326
5 11 4.6230097
5 29 3.5911748
5 34 2.3093092
5 20 3.008018
5 37 2000.0
5 7 5.615718
5 27 2.4609873
5 16 1.7017045
5 23 7.395278
6 22 111.3088
6 31 0.37259614
6 17 0.457419
7 34 4.8477793
7 30 0.7321071
7 20 1.271273
7 8 76.397
7 37 31.001625
7 27 133.90747
7 16 0.82518303
7 11 4.5785537
7 23 1.1806251
7 25 5.8296742
7 5 5.615718
8 0 13.919397
8 30 0.61834556
8 18 1.0506903
8 13 2.3467946
8 11 2.4114408
8 29 0.592847
8 5 0.701055
8 34 6.512925
8 2 0.87945014
8 37 1.0485445
8 7 76.397
8 27 2.1249487
8 16 1.23607
8 23 0.9698012
9 36 1.775126
9 26 2000.0
9 28 2.3173635
9 10 5.7254534
9 22 0.21776535
9 31 0.029628988
9 3 0.24155843
9 12 2000.0
9 17 0.2343833
9 4 0.07387866
9 19 0.069317
10 26 0.029517965
10 28 0.20907167
10 24 0.13534144
10 31 0.034893207
10 12 8.342493
10 9 5.7254534
10 17 0.029779648
11 0 15.240722
11 30 0.32666892
11 8 2.4114408
11 18 6.143685
11 13 0.47080666
11 33 1.9028541
11 29 0.63587
11 5 4.6230097
11 34 2.0894485
11 20 0.75029385
11 2 0.61701244
11 37 1.1847541
11 7 4.5785537
11 27 0.38069925
11 16 0.6978391
11 25 0.88504136
12 26 0.3484929
12 28 1.3248553
12 32 0.20073807
12 10 8.342493
12 24 0.07949675
12 21 0.10132213
12 3 0.061436377
13 0 0.85186493
13 30 0.9501694
13 8 2.3467946
13 18 436.42288
13 33 0.85885155
13 11 0.47080666
13 29 0.53473675
13 5 100.490326
13 34 6.9364333
13 20 0.8236022
13 2 0.2208947
13 14 3.9652047
13 37 1.0711627
13 27 0.3260972
13 16 29.309082
13 25 0.8880684
14 20 1.2264256
14 13 3.9652047
14 27 2.588543
14 33 0.4060271
14 11 2000.0
14 25 1.7199934
15 32 0.08635576
15 21 1.1738281
16 0 2000.0
16 30 1.0832224
16 8 1.23607
16 18 1.0071602
16 13 29.309082
16 11 0.6978391
16 29 13.58305
16 5 1.7017045
16 20 4.046455
16 37 14.529357
16 7 0.82518303
16 27 1.5578046
16 23 6.122242
16 25 0.93685806
17 26 1.8161325
17 6 0.457419
17 10 0.029779648
17 24 0.22244434
17 31 1.4273605
17 9 0.2343833
17 4 0.076368526
17 19 4.902199
18 30 0.72253793
18 2 13.013595
18 8 1.0506903
18 37 0.92246747
18 13 436.42288
18 7 2000.0
18 27 2.6479533
18 16 1.0071602
18 23 1.3479818
18 11 6.143685
18 29 0.9130782
18 5 0.50620925
19 31 0.066487916
19 9 0.069317
19 17 4.902199
19 4 0.07933598
20 30 17.010353
20 13 0.8236022
20 33 1.6981977
20 11 0.75029385
20 29 2.9264736
20 5 3.008018
20 34 0.84845716
20 2 2.4274118
20 14 1.2264256
20 37 1.5113032
20 7 1.271273
20 27 0.62926424
20 16 4.046455
20 25 0.4907045
21 26 2000.0
21 32 2000.0
21 10 2000.0
21 24 0.40954813
21 35 0.035082977
21 12 0.10132213
21 15 1.1738281
22 6 111.3088
22 31 1205.2842
22 9 0.21776535
22 19 1288.409
23 0 2000.0
23 30 1.3898461
23 2 43.047127
23 8 0.9698012
23 37 1.7657235
23 18 1.3479818
23 7 1.1806251
23 16 6.122242
23 11 2000.0
23 29 3.8568602
23 5 7.395278
24 26 0.05395734
24 32 0.11602818
24 28 2000.0
24 10 0.13534144
24 21 0.40954813
24 31 2.8140633
24 12 0.07949675
24 15 2000.0
24 17 0.22244434
25 30 5.5150185
25 13 0.8880684
25 33 0.33543867
25 11 0.88504136
25 29 6.8067923
25 34 0.83279216
25 20 0.4907045
25 2 2.3141534
25 14 1.7199934
25 37 125.735565
25 7 5.8296742
25 27 0.70283824
25 16 0.93685806
26 36 200.0
26 32 22.799286
26 28 0.048964
26 10 0.029517965
26 24 0.05395734
26 31 0.059361037
26 12 0.3484929
26 17 1.8161325
27 0 2000.0
27 30 0.39133194
27 8 2.1249487
27 18 2.6479533
27 13 0.3260972
27 33 0.79405516
27 11 0.38069925
27 29 0.79226905
27 5 2.4609873
27 34 0.8402461
27 20 0.62926424
27 2 0.2591641
27 14 2.588543
27 37 1.2320298
27 7 133.90747
27 16 1.5578046
27 25 0.70283824
28 36 0.035370898
28 26 0.048964
28 10 0.20907167
28 3 0.09655103
28 12 1.3248553
28 9 2.3173635
29 0 10.467643
29 30 2.381833
29 8 0.592847
29 18 0.9130782
29 13 0.53473675
29 11 0.63587
29 5 3.5911748
29 34 6.306354
29 20 2.9264736
29 2 0.49802122
29 37 0.71700764
29 7 2000.0
29 27 0.79226905
29 16 13.58305
29 23 3.8568602
29 25 6.8067923
30 0 2000.0
30 8 0.61834556
30 18 0.72253793
30 13 0.9501694
30 33 2.647407
30 11 0.32666892
30 29 2.381833
30 5 0.5784192
30 34 0.649617
30 20 17.010353
30 2 10.105018
30 37 4.7104683
30 7 0.7321071
30 27 0.39133194
30 16 1.0832224
30 23 1.3898461
30 25 5.5150185
31 26 0.059361037
31 6 0.37259614
31 10 0.034893207
31 24 2.8140633
31 9 0.029628988
31 17 1.4273605
31 4 0.08332859
31 19 0.066487916
32 26 22.799286
32 24 0.11602818
32 12 0.20073807
32 15 0.08635576
33 34 2000.0
33 30 2.647407
33 20 1.6981977
33 2 1.4375421
33 14 0.4060271
33 7 2000.0
33 13 0.85885155
33 27 0.79405516
33 16 2270.3408
33 11 1.9028541
33 29 1419.8864
33 25 0.33543867
34 30 0.649617
34 20 0.84845716
34 8 6.512925
34 13 6.9364333
34 7 4.8477793
34 27 0.8402461
34 16 1215.0568
34 11 2.0894485
34 25 0.83279216
34 29 6.306354
34 5 2.3093092
35 21 0.035082977
36 26 200.0
36 28 0.035370898
36 3 0.25110722
36 9 1.775126
37 30 4.7104683
37 0 0.72693807
37 8 1.0485445
37 18 0.92246747
37 13 1.0711627
37 11 1.1847541
37 29 0.71700764
37 20 1.5113032
37 2 0.627392
37 7 31.001625
37 27 1.2320298
37 16 14.529357
37 23 1.7657235
37 25 125.735565
