0 2 1.1786162
0 37 2.0503583
0 13 0.8905131
0 25 17.972721
0 29 37.593987
1 3 1.3498135
1 12 14.83932
2 30 18.51229
2 0 1.1786162
2 8 1.2222934
2 18 2.106567
2 13 0.7518242
2 33 5.3851175
2 11 1.9905266
2 29 1.6006601
2 20 2.2366447
2 37 1.1047486
2 27 1.6945977
2 16 2000.0
2 23 8.646109
2 25 0.9103651
3 36 0.6091857
3 28 201.94093
3 24 2000.0
3 12 0.058626987
3 1 1.3498135
3 9 0.6002984
4 31 0.067064084
4 9 0.08928357
4 17 0.11378711
4 19 0.067370564
5 30 0.854064
5 8 0.6897808
5 18 0.79871684
5 13 33.388435
5 11 1.8452681
5 29 4.497703
5 34 5.0162497
5 20 1.6097144
5 37 24.801163
5 7 6.0169206
5 27 1.5538548
5 16 2.0818417
5 23 3.7117922
5 25 2000.0
6 31 0.115267605
6 17 4.016483
7 30 1.2690754
7 8 12.847502
7 16 0.9831146
7 23 1.1540205
7 25 2.280645
7 5 6.0169206
8 0 2000.0
8 30 0.37146053
8 18 1.7087575
8 13 1.3977121
8 11 1.0045062
8 29 0.4747921
8 5 0.6897808
8 34 80.93722
8 2 1.2222934
8 37 0.80819947
8 7 12.847502
8 27 1.3166357
8 16 1.5349442
8 23 0.87194633
8 25 2000.0
9 36 0.3182363
9 26 2000.0
9 28 1.754132
9 10 25.62159
9 22 0.057041
9 31 0.028626429
9 12 2000.0
9 3 0.6002984
9 4 0.08928357
9 17 0.030866241
9 19 0.070807606
10 26 0.060682185
10 28 0.44496694
10 24 0.11003678
10 31 36.201942
10 12 1463.5796
10 9 25.62159
10 17 0.032933876
11 0 2000.0
11 30 0.720062
11 8 1.0045062
11 18 6.4021783
11 13 1.0338541
11 33 1.9895668
11 29 1.0798569
11 5 1.8452681
11 34 3.532548
11 20 1.0117004
11 2 1.9905266
11 37 1.6189891
11 7 2643.977
11 27 0.7505057
11 16 1.0148884
11 25 1.0849749
12 26 1.2693572
12 32 3.5594919
12 24 0.06764943
12 21 0.16704546
12 3 0.058626987
12 1 14.83932
13 30 76.72768
13 0 0.8905131
13 8 1.3977121
13 18 200.21593
13 33 0.9266274
13 11 1.0338541
13 29 0.9105925
13 5 33.388435
13 34 208.33334
13 20 1.1416522
13 2 0.7518242
13 14 4.6221156
13 37 1.174283
13 7 2000.0
13 27 0.36724067
13 16 29.95415
13 25 0.24716082
14 30 7.197493
14 20 2.5191076
14 13 4.6221156
14 27 2.4987178
14 33 1.0080849
14 11 2000.0
14 25 1.9439955
15 32 0.07104136
15 21 1.9073325
16 0 2000.0
16 30 1.1043054
16 8 1.5349442
16 18 1.1587367
16 13 29.95415
16 11 1.0148884
16 5 2.0818417
16 34 124.31901
16 20 18.783976
16 7 0.9831146
16 27 1.4200662
16 23 2.426333
16 25 1.1613735
17 6 4.016483
17 26 1.4663275
17 10 0.032933876
17 24 0.07687415
17 31 0.97468096
17 9 0.030866241
17 4 0.11378711
17 19 64.92535
18 0 2000.0
18 30 0.8834451
18 8 1.7087575
18 13 200.21593
18 11 6.4021783
18 29 2.2033455
18 5 0.79871684
18 2 2.106567
18 37 2.3273706
18 7 2000.0
18 27 26.63396
18 16 1.1587367
18 23 1.1886674
19 31 0.07675582
19 9 0.070807606
19 17 64.92535
19 4 0.067370564
20 30 1.9575157
20 13 1.1416522
20 33 0.90817654
20 11 1.0117004
20 29 8.881901
20 5 1.6097144
20 34 0.82602817
20 2 2.2366447
20 14 2.5191076
20 37 2.8382425
20 7 2713.0684
20 27 1.1600679
20 16 18.783976
20 25 0.6045922
21 32 2000.0
21 24 0.83898455
21 35 0.03147547
21 31 2000.0
21 12 0.16704546
21 15 1.9073325
22 31 35.69602
22 9 0.057041
22 19 2000.0
23 0 2000.0
23 30 1.5932689
23 8 0.87194633
23 2 8.646109
23 37 1.6288118
23 18 1.1886674
23 7 1.1540205
23 16 2.426333
23 11 2000.0
23 29 1.1741893
23 5 3.7117922
24 26 0.040903855
24 6 2000.0
24 32 0.2877594
24 10 0.11003678
24 21 0.83898455
24 12 0.06764943
24 15 2000.0
24 17 0.07687415
25 30 17.960114
25 0 17.972721
25 13 0.24716082
25 33 0.603661
25 11 1.0849749
25 29 1.2766554
25 34 1.2730935
25 20 0.6045922
25 2 0.9103651
25 14 1.9439955
25 37 29.297585
25 7 2.280645
25 27 0.24218544
25 16 1.1613735
26 32 59.523804
26 28 0.085756935
26 10 0.060682185
26 24 0.040903855
26 31 0.32624206
26 12 1.2693572
26 17 1.4663275
27 30 0.25009927
27 0 2000.0
27 8 1.3166357
27 18 26.63396
27 13 0.36724067
27 33 0.8216349
27 11 0.7505057
27 29 0.6606976
27 5 1.5538548
27 34 1.6121433
27 20 1.1600679
27 2 1.6945977
27 14 2.4987178
27 37 0.93447495
27 7 4402.386
27 16 1.4200662
27 25 0.24218544
28 36 0.032512628
28 26 0.085756935
28 10 0.44496694
28 12 1193.8636
28 9 1.754132
28 19 1369.9431
29 0 37.593987
29 30 1.0184802
29 8 0.4747921
29 18 2.2033455
29 13 0.9105925
29 33 10.612616
29 11 1.0798569
29 5 4.497703
29 34 5.3414316
29 20 8.881901
29 2 1.6006601
29 37 0.9687806
29 27 0.6606976
29 16 2000.0
29 23 1.1741893
29 25 1.2766554
30 8 0.37146053
30 18 0.8834451
30 13 76.72768
30 33 16.455256
30 11 0.720062
30 29 1.0184802
30 5 0.854064
30 34 1.1045595
30 20 1.9575157
30 2 18.51229
30 14 7.197493
30 37 24.774794
30 7 1.2690754
30 27 0.25009927
30 16 1.1043054
30 23 1.5932689
30 25 17.960114
31 26 0.32624206
31 6 0.115267605
31 10 36.201942
31 35 138.73524
31 22 35.69602
31 9 0.028626429
31 4 0.067064084
31 17 0.97468096
31 19 0.07675582
32 26 59.523804
32 24 0.2877594
32 12 3.5594919
32 15 0.07104136
33 30 16.455256
33 13 0.9266274
33 11 1.9895668
33 29 10.612616
33 5 2000.0
33 34 2000.0
33 20 0.90817654
33 2 5.3851175
33 14 1.0080849
33 7 2000.0
33 27 0.8216349
33 16 3017.898
33 25 0.603661
34 30 1.1045595
34 20 0.82602817
34 8 80.93722
34 37 2000.0
34 13 208.33334
34 7 2000.0
34 27 1.6121433
34 16 124.31901
34 11 3.532548
34 29 5.3414316
34 25 1.2730935
34 5 5.0162497
35 21 0.03147547
35 31 138.73524
36 28 0.032512628
36 3 0.6091857
36 9 0.3182363
37 30 24.774794
37 0 2.0503583
37 8 0.80819947
37 18 2.3273706
37 13 1.174283
37 11 1.6189891
37 29 0.9687806
37 5 24.801163
37 20 2.8382425
37 2 1.1047486
37 7 3057.3296
37 27 0.93447495
37 16 2000.0
37 23 1.6288118
37 25 29.297585
