0 2 1.0035541
0 37 1.4655933
0 13 1.0253967
0 25 25.183016
0 29 21.287943
1 3 0.80846405
1 12 1051.25
2 30 24.898546
2 0 1.0035541
2 8 1.3245054
2 18 2.7152948
2 13 0.55359846
2 33 2.9224591
2 11 1.8106716
2 29 1.2892377
2 20 4.0636125
2 37 0.8571532
2 27 1.0004946
2 16 2000.0
2 23 12.106043
2 25 0.95185184
3 36 0.5222508
3 28 5.8796315
3 24 2000.0
3 12 0.07807005
3 1 0.80846405
3 9 0.26085693
4 31 0.06806073
4 9 0.08281154
4 17 0.16284457
4 19 0.07485217
5 30 0.82539773
5 8 0.7674789
5 18 0.8675025
5 13 31.205156
5 11 5.8292117
5 29 2.5453975
5 34 4.6950183
5 20 3.1449492
5 37 11.842321
5 7 12.493271
5 27 5.642554
5 16 1.348663
5 23 2.5384116
5 25 2000.0
6 31 0.16274604
6 17 5.588633
7 30 0.6713812
7 20 88.30539
7 8 4.4764833
7 37 100.0
7 16 1.2048533
7 11 80.29376
7 23 1.2218045
7 25 3.4753957
7 29 2000.0
7 5 12.493271
8 0 2000.0
8 30 0.28261563
8 18 1.083594
8 13 1.0295951
8 11 1.1730462
8 29 0.7148883
8 5 0.7674789
8 34 47.425056
8 2 1.3245054
8 37 1.3462813
8 7 4.4764833
8 27 0.9058162
8 16 2.049842
8 23 1.090729
8 25 2000.0
9 36 0.63017267
9 28 0.46310222
9 10 32.467533
9 22 0.04686443
9 31 0.029115193
9 12 2000.0
9 3 0.26085693
9 4 0.08281154
9 17 0.036255408
9 19 0.06750978
10 26 0.029322512
10 28 0.28112173
10 24 0.090123475
10 31 18.077595
10 12 1247.5
10 9 32.467533
10 17 0.03139573
11 0 2000.0
11 30 0.62132704
11 8 1.1730462
11 18 8.110173
11 13 1.0517987
11 33 1.8937112
11 29 0.97860223
11 5 5.8292117
11 34 2.010138
11 20 0.98187226
11 2 1.8106716
11 37 2.4094148
11 7 80.29376
11 27 0.6303304
11 16 1.0768592
11 25 0.72437096
12 26 0.32691598
12 32 4.5918365
12 24 0.07944374
12 21 0.12251608
12 3 0.07807005
13 30 154.96806
13 0 1.0253967
13 8 1.0295951
13 18 86.57824
13 33 1.1584531
13 11 1.0517987
13 29 0.9378024
13 5 31.205156
13 34 2293.807
13 20 0.91909605
13 2 0.55359846
13 14 6.3575253
13 37 1.0357977
13 7 2000.0
13 27 0.47008768
13 16 37.830853
13 25 0.27546576
14 30 24.272644
14 20 1.8818123
14 13 6.3575253
14 27 2.1295767
14 33 1.0133426
14 25 2.119812
15 32 0.09000745
15 21 4.273816
16 30 1.0671303
16 0 2000.0
16 8 2.049842
16 18 1.3449558
16 13 37.830853
16 11 1.0768592
16 5 1.348663
16 34 75.347626
16 20 27.713648
16 7 1.2048533
16 27 1.2957395
16 23 3.591908
16 25 1.7754545
17 6 5.588633
17 26 1.5398299
17 10 0.03139573
17 24 0.15187088
17 31 0.9996335
17 9 0.036255408
17 4 0.16284457
17 19 200.0
18 0 2000.0
18 30 0.5826463
18 8 1.083594
18 13 86.57824
18 11 8.110173
18 29 1.0242821
18 5 0.8675025
18 2 2.7152948
18 37 2.0497947
18 7 2000.0
18 27 18.641335
18 16 1.3449558
18 23 1.0738196
19 31 0.07248309
19 9 0.06750978
19 4 0.07485217
19 17 200.0
20 30 1.6865529
20 13 0.91909605
20 33 0.89638805
20 11 0.98187226
20 29 20.17415
20 5 3.1449492
20 34 0.8473466
20 2 4.0636125
20 14 1.8818123
20 37 2.449788
20 7 88.30539
20 27 1.3237289
20 16 27.713648
20 25 0.48244318
21 26 2000.0
21 32 2000.0
21 24 0.8790658
21 35 0.032451563
21 31 2000.0
21 12 0.12251608
21 15 4.273816
22 31 73.29631
22 9 0.04686443
22 19 2000.0
23 0 2000.0
23 30 1.1725796
23 8 1.090729
23 2 12.106043
23 37 3.270464
23 18 1.0738196
23 7 1.2218045
23 16 3.591908
23 11 2000.0
23 29 1.9769789
23 5 2.5384116
24 26 0.041831184
24 32 0.2379204
24 10 0.090123475
24 21 0.8790658
24 12 0.07944374
24 15 2000.0
24 17 0.15187088
25 0 25.183016
25 30 29.565828
25 13 0.27546576
25 33 0.5819358
25 11 0.72437096
25 29 2.0213046
25 34 1.8347932
25 20 0.48244318
25 2 0.95185184
25 14 2.119812
25 37 173.39383
25 7 3.4753957
25 27 0.28083858
25 16 1.7754545
26 32 70.471405
26 28 0.061418623
26 10 0.029322512
26 24 0.041831184
26 31 0.09388234
26 12 0.32691598
26 17 1.5398299
27 30 0.23401988
27 0 2000.0
27 8 0.9058162
27 18 18.641335
27 13 0.47008768
27 33 0.8308974
27 11 0.6303304
27 29 0.760834
27 5 5.642554
27 34 0.875
27 20 1.3237289
27 2 1.0004946
27 14 2.1295767
27 37 0.800028
27 7 2000.0
27 16 1.2957395
27 25 0.28083858
28 36 0.033112895
28 26 0.061418623
28 10 0.28112173
28 3 5.8796315
28 12 1199.091
28 9 0.46310222
28 19 1483.6364
29 0 21.287943
29 30 1.4037638
29 8 0.7148883
29 18 1.0242821
29 13 0.9378024
29 33 13.217368
29 11 0.97860223
29 5 2.5453975
29 34 2.897049
29 20 20.17415
29 2 1.2892377
29 37 0.73589176
29 7 2000.0
29 27 0.760834
29 16 2000.0
29 23 1.9769789
29 25 2.0213046
30 8 0.28261563
30 18 0.5826463
30 13 154.96806
30 33 8.071163
30 11 0.62132704
30 29 1.4037638
30 5 0.82539773
30 34 1.0870938
30 20 1.6865529
30 2 24.898546
30 14 24.272644
30 37 16.371582
30 7 0.6713812
30 27 0.23401988
30 16 1.0671303
30 23 1.1725796
30 25 29.565828
31 26 0.09388234
31 6 0.16274604
31 10 18.077595
31 22 73.29631
31 9 0.029115193
31 4 0.06806073
31 17 0.9996335
31 19 0.07248309
32 26 70.471405
32 24 0.2379204
32 12 4.5918365
32 15 0.09000745
33 30 8.071163
33 8 2000.0
33 13 1.1584531
33 11 1.8937112
33 29 13.217368
33 5 2000.0
33 34 2000.0
33 20 0.89638805
33 2 2.9224591
33 14 1.0133426
33 7 2000.0
33 27 0.8308974
33 16 3017.898
33 25 0.5819358
34 30 1.0870938
34 20 0.8473466
34 8 47.425056
34 37 2000.0
34 7 2000.0
34 27 0.875
34 16 75.347626
34 11 2.010138
34 29 2.897049
34 25 1.8347932
34 5 4.6950183
35 21 0.032451563
35 31 1453.8069
36 28 0.033112895
36 3 0.5222508
36 9 0.63017267
37 30 16.371582
37 0 1.4655933
37 8 1.3462813
37 18 2.0497947
37 13 1.0357977
37 11 2.4094148
37 29 0.73589176
37 5 11.842321
37 20 2.449788
37 2 0.8571532
37 7 100.0
37 27 0.800028
37 16 2000.0
37 23 3.270464
37 25 173.39383
