0 8 9.120076
0 2 1.2643619
0 37 0.9786617
0 13 0.6211811
0 11 40.0
0 29 8.758995
0 25 450.00003
1 3 0.29106584
1 12 24.04318
2 30 18.38863
2 0 1.2643619
2 8 1.3000149
2 18 8.41534
2 13 0.80097526
2 33 3.517466
2 11 1.188536
2 29 0.90639704
2 20 1.4971954
2 37 0.8995885
2 27 0.4674115
2 23 18.44136
2 25 2.243472
3 36 0.24379608
3 28 0.12286379
3 24 2000.0
3 12 0.062472057
3 1 0.29106584
3 9 0.15876572
4 31 0.06727201
4 9 0.065345265
4 17 0.12030957
4 19 0.078016564
5 30 0.48740512
5 8 0.42266604
5 18 0.9304192
5 13 2000.0
5 11 3.8951967
5 29 3.116572
5 34 2.5931437
5 20 1.9092785
5 37 2000.0
5 7 6.252522
5 27 2.7003224
5 16 3.1878827
5 23 4.2237606
6 31 1.0729465
6 17 2.0196316
7 34 14.774625
7 30 1.5887762
7 20 3.6767285
7 8 19.10883
7 37 42.736744
7 27 193.3562
7 16 2.4008062
7 11 11.765775
7 23 1.4003897
7 25 6.0423775
7 5 6.252522
8 0 9.120076
8 30 0.856506
8 18 1.0407426
8 13 1.620787
8 11 1.0482099
8 29 0.7742622
8 5 0.42266604
8 34 9.19208
8 2 1.3000149
8 37 1.1164986
8 7 19.10883
8 27 1.2478032
8 16 1.5339414
8 23 0.90291685
9 36 0.5215164
9 26 2000.0
9 28 2.9931822
9 10 4.070073
9 22 0.28592017
9 31 0.03026854
9 3 0.15876572
9 17 0.047988076
9 4 0.065345265
9 19 0.061988935
10 26 0.030134484
10 28 0.27932978
10 24 0.04958136
10 31 0.05550409
10 12 2.2142344
10 9 4.070073
10 17 0.029839857
11 0 40.0
11 30 0.41773483
11 8 1.0482099
11 18 4.488152
11 13 0.89980936
11 33 4.68172
11 29 0.90465516
11 5 3.8951967
11 34 3.4462066
11 20 0.97498244
11 2 1.188536
11 37 1.8466563
11 7 11.765775
11 27 0.43932387
11 16 1.1683398
11 25 1.2913582
12 26 14.495699
12 28 4.963536
12 32 0.22615866
12 10 2.2142344
12 24 0.0820585
12 21 0.09006849
12 3 0.062472057
12 1 24.04318
13 30 1.3734257
13 0 0.6211811
13 8 1.620787
13 18 625.0
13 33 1.1886344
13 11 0.89980936
13 29 0.5978614
13 34 10.12753
13 20 0.6677588
13 2 0.80097526
13 14 3.3974302
13 37 3.64895
13 27 1.012683
13 16 128.3686
13 25 0.7269083
14 20 1.3100007
14 13 3.3974302
14 33 0.61481506
14 27 4.6352234
14 11 2000.0
14 25 3.4629176
15 32 0.0715176
15 21 7.775391
16 0 2000.0
16 30 1.6775801
16 8 1.5339414
16 18 1.181591
16 13 128.3686
16 11 1.1683398
16 29 125.56782
16 5 3.1878827
16 20 18.833714
16 37 56.32939
16 7 2.4008062
16 27 3.1914895
16 23 20.319752
16 25 2.336749
17 26 3.268527
17 6 2.0196316
17 10 0.029839857
17 24 0.30496192
17 31 2.3879142
17 9 0.047988076
17 4 0.12030957
17 19 4.158453
18 30 0.66164577
18 2 8.41534
18 8 1.0407426
18 37 1.1003236
18 13 625.0
18 7 2000.0
18 27 3.2846756
18 16 1.181591
18 23 1.4335027
18 11 4.488152
18 29 1.0098544
18 5 0.9304192
19 31 0.06735725
19 9 0.061988935
19 17 4.158453
19 4 0.078016564
20 0 2000.0
20 30 10.889705
20 13 0.6677588
20 33 1.4466178
20 11 0.97498244
20 29 2.9804983
20 5 1.9092785
20 34 0.94632703
20 2 1.4971954
20 14 1.3100007
20 37 12.058149
20 7 3.6767285
20 27 0.5821339
20 16 18.833714
20 25 0.83626044
21 32 2000.0
21 24 0.065629005
21 35 0.03550053
21 12 0.09006849
21 15 7.775391
22 6 1612.4432
22 31 1207.8978
22 9 0.28592017
22 19 1386.4772
23 0 2000.0
23 30 2.2301652
23 2 18.44136
23 8 0.90291685
23 37 2.5910218
23 18 1.4335027
23 7 1.4003897
23 16 20.319752
23 11 2000.0
23 29 3.379315
23 5 4.2237606
24 26 0.055195726
24 32 0.1360494
24 10 0.04958136
24 21 0.065629005
24 31 7.1031146
24 12 0.0820585
24 15 2000.0
24 17 0.30496192
25 0 450.00003
25 30 3.0329926
25 13 0.7269083
25 33 0.594601
25 11 1.2913582
25 29 5.9451594
25 34 2.7210495
25 20 0.83626044
25 2 2.243472
25 14 3.4629176
25 37 43.480835
25 7 6.0423775
25 27 0.6272323
25 16 2.336749
26 36 82.34459
26 32 41.947525
26 28 0.0307165
26 10 0.030134484
26 24 0.055195726
26 31 0.053185914
26 12 14.495699
26 17 3.268527
27 0 2000.0
27 30 0.27466097
27 8 1.2478032
27 18 3.2846756
27 13 1.012683
27 33 2.2931235
27 11 0.43932387
27 29 0.5189549
27 5 2.7003224
27 34 1.2277797
27 20 0.5821339
27 2 0.4674115
27 14 4.6352234
27 37 1.6715343
27 7 193.3562
27 16 3.1914895
27 25 0.6272323
28 36 0.0321206
28 26 0.0307165
28 10 0.27932978
28 3 0.12286379
28 12 4.963536
28 9 2.9931822
29 0 8.758995
29 30 4.9000926
29 8 0.7742622
29 18 1.0098544
29 13 0.5978614
29 11 0.90465516
29 5 3.116572
29 34 3.7772758
29 20 2.9804983
29 2 0.90639704
29 37 1.2162797
29 7 2000.0
29 27 0.5189549
29 16 125.56782
29 23 3.379315
29 25 5.9451594
30 0 2000.0
30 8 0.856506
30 18 0.66164577
30 13 1.3734257
30 33 7.738556
30 11 0.41773483
30 29 4.9000926
30 5 0.48740512
30 34 4.0035644
30 20 10.889705
30 2 18.38863
30 14 2000.0
30 37 4.731309
30 7 1.5887762
30 27 0.27466097
30 16 1.6775801
30 23 2.2301652
30 25 3.0329926
31 26 0.053185914
31 6 1.0729465
31 10 0.05550409
31 24 7.1031146
31 9 0.03026854
31 17 2.3879142
31 4 0.06727201
31 19 0.06735725
32 26 41.947525
32 24 0.1360494
32 12 0.22615866
32 15 0.0715176
33 34 2000.0
33 30 7.738556
33 20 1.4466178
33 2 3.517466
33 14 0.61481506
33 7 2000.0
33 13 1.1886344
33 27 2.2931235
33 16 2000.0
33 11 4.68172
33 29 1633.2386
33 25 0.594601
34 30 4.0035644
34 20 0.94632703
34 8 9.19208
34 7 14.774625
34 13 10.12753
34 27 1.2277797
34 16 5535.0566
34 11 3.4462066
34 25 2.7210495
34 29 3.7772758
34 5 2.5931437
35 21 0.03550053
36 26 82.34459
36 28 0.0321206
36 3 0.24379608
36 9 0.5215164
37 30 4.731309
37 0 0.9786617
37 8 1.1164986
37 18 1.1003236
37 13 3.64895
37 11 1.8466563
37 29 1.2162797
37 20 12.058149
37 2 0.8995885
37 7 42.736744
37 27 1.6715343
37 16 56.32939
37 23 2.5910218
37 25 43.480835
