0 2 1.1337742
0 37 3.5679078
0 13 0.77582693
0 29 28.525532
0 25 104.16667
1 3 1.1045456
1 12 7.6059985
2 30 12.8654375
2 0 1.1337742
2 8 1.2837071
2 18 2.8584502
2 13 0.3583627
2 33 1.980963
2 11 1.4587587
2 29 0.9874712
2 20 3.7503262
2 37 0.91183436
2 27 1.1797911
2 16 2000.0
2 23 12.204809
2 25 0.40654856
3 36 0.8933934
3 28 73.62728
3 24 1596.9318
3 12 0.06795775
3 1 1.1045456
3 9 0.38405696
4 31 0.06843835
4 9 0.077728376
4 17 0.11666641
4 19 0.08209193
5 30 1.0016414
5 8 0.9238163
5 18 1.270066
5 13 102.21852
5 11 1.645617
5 29 5.978467
5 34 3.857232
5 20 2.9823458
5 37 15.202376
5 7 195.19559
5 27 1.9759128
5 16 1.3076901
5 23 6.6041346
5 25 2000.0
6 31 0.1025133
6 17 2.8221462
7 34 400.0
7 30 1.0984234
7 20 45.906597
7 8 4.471957
7 37 174.27747
7 16 1.4367026
7 23 1.5014205
7 11 191.33694
7 25 2.3521233
7 5 195.19559
8 0 2000.0
8 30 0.5297069
8 18 1.2193234
8 13 1.2220645
8 11 0.9328594
8 29 0.6035763
8 5 0.9238163
8 34 103.546974
8 2 1.2837071
8 37 1.6356835
8 7 4.471957
8 27 0.59696287
8 16 1.6722372
8 23 1.6662289
8 25 2000.0
9 36 0.82675755
9 26 2000.0
9 28 1.0655242
9 10 4.8263288
9 22 0.098508604
9 31 0.028987814
9 12 2000.0
9 3 0.38405696
9 4 0.077728376
9 17 0.03645899
9 19 0.078620166
10 26 0.032458946
10 28 0.40325108
10 24 0.09948864
10 31 0.9072603
10 12 122.40767
10 9 4.8263288
10 17 0.030737706
11 0 2000.0
11 30 0.6873433
11 8 0.9328594
11 18 5.31156
11 13 1.0284482
11 33 1.7595059
11 29 0.6063519
11 5 1.645617
11 34 1.8713715
11 20 1.033745
11 2 1.4587587
11 37 1.1758212
11 7 191.33694
11 27 0.6625772
11 16 1.347067
11 25 0.54904
12 26 0.6367246
12 32 11.615109
12 10 122.40767
12 24 0.06844752
12 21 0.3211723
12 3 0.06795775
12 1 7.6059985
13 30 29.521544
13 0 0.77582693
13 8 1.2220645
13 18 20.346935
13 33 0.9942719
13 11 1.0284482
13 29 0.693633
13 5 102.21852
13 34 2000.0
13 20 0.8299545
13 2 0.3583627
13 14 3.5837307
13 37 0.8104822
13 7 2000.0
13 27 0.22625817
13 16 164.51027
13 25 0.27187365
14 34 2000.0
14 30 17.16998
14 20 1.9932395
14 13 3.5837307
14 27 7.6114693
14 33 0.75012964
14 25 7.6656117
15 32 0.07271904
15 21 80.0
16 30 1.1012294
16 8 1.6722372
16 18 2.9854012
16 13 164.51027
16 11 1.347067
16 29 225.00002
16 5 1.3076901
16 34 63.691326
16 20 64.661
16 7 1.4367026
16 27 1.4189535
16 23 3.3136299
16 25 0.7824299
17 6 2.8221462
17 26 1.586317
17 10 0.030737706
17 24 0.07988722
17 31 0.9664621
17 9 0.03645899
17 4 0.11666641
17 19 102.85715
18 0 2000.0
18 30 0.8782135
18 8 1.2193234
18 13 20.346935
18 11 5.31156
18 29 1.6202631
18 5 1.270066
18 2 2.8584502
18 37 5.518281
18 7 2000.0
18 27 39.86518
18 16 2.9854012
18 23 1.5943838
19 28 79.872246
19 31 0.18358895
19 9 0.078620166
19 4 0.08209193
19 17 102.85715
20 30 0.96619314
20 13 0.8299545
20 33 1.6511416
20 11 1.033745
20 29 6.6992903
20 5 2.9823458
20 34 1.6631808
20 2 3.7503262
20 14 1.9932395
20 37 7.428209
20 7 45.906597
20 27 1.4305507
20 16 64.661
20 25 0.55284494
21 32 2000.0
21 24 2.0426118
21 35 0.03445166
21 31 2000.0
21 12 0.3211723
21 15 80.0
21 4 2000.0
22 31 1140.5681
22 9 0.098508604
22 19 2000.0
23 0 2000.0
23 30 2.2165031
23 8 1.6662289
23 2 12.204809
23 37 1.3666136
23 18 1.5943838
23 7 1.5014205
23 16 3.3136299
23 11 2000.0
23 29 1.8249657
23 5 6.6041346
24 26 0.054090228
24 32 0.29064018
24 10 0.09948864
24 21 2.0426118
24 3 1596.9318
24 12 0.06844752
24 17 0.07988722
25 0 104.16667
25 30 11.274072
25 13 0.27187365
25 33 0.8739048
25 11 0.54904
25 29 2.5572314
25 34 1.6437619
25 20 0.55284494
25 2 0.40654856
25 14 7.6656117
25 37 25.203497
25 7 2.3521233
25 27 0.2248047
25 16 0.7824299
26 32 1217.6704
26 28 0.060961254
26 10 0.032458946
26 24 0.054090228
26 31 0.14285807
26 12 0.6367246
26 17 1.586317
27 30 0.18625857
27 0 2000.0
27 8 0.59696287
27 18 39.86518
27 13 0.22625817
27 33 0.7267508
27 11 0.6625772
27 29 1.9391851
27 5 1.9759128
27 34 1.3222977
27 20 1.4305507
27 2 1.1797911
27 14 7.6114693
27 37 1.0931833
27 7 2000.0
27 16 1.4189535
27 25 0.2248047
28 36 0.035180572
28 26 0.060961254
28 10 0.40325108
28 3 73.62728
28 12 1144.9432
28 9 1.0655242
28 19 79.872246
29 0 28.525532
29 30 0.6061905
29 8 0.6035763
29 18 1.6202631
29 13 0.693633
29 33 23.19758
29 11 0.6063519
29 5 5.978467
29 34 8.127733
29 20 6.6992903
29 2 0.9874712
29 37 0.7266942
29 7 2000.0
29 27 1.9391851
29 16 225.00002
29 23 1.8249657
29 25 2.5572314
30 8 0.5297069
30 18 0.8782135
30 13 29.521544
30 33 8.188122
30 11 0.6873433
30 29 0.6061905
30 5 1.0016414
30 34 1.4672117
30 20 0.96619314
30 2 12.8654375
30 14 17.16998
30 37 22.471989
30 7 1.0984234
30 27 0.18625857
30 16 1.1012294
30 23 2.2165031
30 25 11.274072
31 26 0.14285807
31 6 0.1025133
31 10 0.9072603
31 35 26.85341
31 9 0.028987814
31 4 0.06843835
31 17 0.9664621
31 19 0.18358895
32 24 0.29064018
32 21 2000.0
32 12 11.615109
32 15 0.07271904
33 30 8.188122
33 8 2000.0
33 13 0.9942719
33 11 1.7595059
33 29 23.19758
33 34 2000.0
33 20 1.6511416
33 2 1.980963
33 14 0.75012964
33 7 2000.0
33 27 0.7267508
33 16 2422.443
33 25 0.8739048
34 30 1.4672117
34 20 1.6631808
34 8 103.546974
34 37 2000.0
34 7 400.0
34 13 2000.0
34 27 1.3222977
34 16 63.691326
34 11 1.8713715
34 29 8.127733
34 25 1.6437619
34 5 3.857232
35 21 0.03445166
35 31 26.85341
36 28 0.035180572
36 3 0.8933934
36 9 0.82675755
37 30 22.471989
37 0 3.5679078
37 8 1.6356835
37 18 5.518281
37 13 0.8104822
37 11 1.1758212
37 29 0.7266942
37 5 15.202376
37 20 7.428209
37 2 0.91183436
37 7 174.27747
37 27 1.0931833
37 16 2000.0
37 23 1.3666136
37 25 25.203497
