0 8 10.028027
0 2 1.0026985
0 37 1.0211873
0 13 1.2772394
0 11 2000.0
0 29 10.354998
0 25 124.99999
1 3 0.5032187
1 12 1236.3636
2 30 20.409386
2 0 1.0026985
2 8 1.1176584
2 18 5.6917906
2 13 0.42314783
2 33 2.3349292
2 11 0.9683995
2 29 0.9137994
2 20 2.964928
2 37 1.079602
2 27 1.0847752
2 23 22.947529
2 25 0.7318335
3 36 0.27852562
3 28 0.08492424
3 24 240.00002
3 12 0.061344694
3 1 0.5032187
3 9 0.30153853
4 31 0.06612043
4 9 0.06985843
4 17 0.073454954
4 19 0.11199702
5 30 0.6988277
5 8 0.54911065
5 18 0.358355
5 13 2000.0
5 11 1.3369954
5 29 3.0886252
5 34 2.2181034
5 20 2.7887938
5 37 2000.0
5 7 10.14395
5 27 3.2410715
5 16 1.6013043
5 23 6.816904
6 31 1.2155793
6 17 0.8777234
7 34 4.8958883
7 30 0.90137625
7 20 1.3488185
7 8 54.803898
7 37 15.427403
7 27 74.19608
7 16 1.3143477
7 11 9.477135
7 23 1.2971902
7 25 5.921834
7 5 10.14395
8 0 10.028027
8 30 0.6257973
8 18 0.7183588
8 13 2.8394444
8 11 0.4231127
8 29 0.7033406
8 5 0.54911065
8 34 4.317822
8 2 1.1176584
8 37 1.4215543
8 7 54.803898
8 27 0.86354136
8 16 1.416956
8 23 1.0876446
9 36 1.3716748
9 26 2000.0
9 28 1.9749576
9 10 4.324759
9 22 0.26027626
9 31 0.02844161
9 3 0.30153853
9 17 0.052980628
9 4 0.06985843
9 19 0.064900145
10 26 0.033872712
10 28 0.24613635
10 24 0.104
10 31 0.03053279
10 12 8.787149
10 9 4.324759
10 17 0.031030882
11 0 2000.0
11 30 0.32781297
11 8 0.4231127
11 18 3.6442962
11 13 0.4950036
11 33 2.2948203
11 29 0.6363558
11 5 1.3369954
11 34 2.0350788
11 20 1.0935941
11 2 0.9683995
11 37 1.108802
11 7 9.477135
11 27 0.56674975
11 16 0.88666326
11 25 0.98731977
12 26 2.2762408
12 28 10.576662
12 32 0.20037936
12 10 8.787149
12 24 0.07211094
12 21 0.07338212
12 3 0.061344694
13 30 3.5315874
13 0 1.2772394
13 8 2.8394444
13 18 2000.0
13 33 0.99839556
13 11 0.4950036
13 29 0.7747933
13 34 6.515796
13 20 0.64651734
13 2 0.42314783
13 14 3.274909
13 37 1.3206246
13 27 0.22241682
13 16 278.14005
13 25 0.57934415
14 20 0.94458157
14 13 3.274909
14 33 0.6567828
14 27 2.3270872
14 11 2000.0
14 25 2.178338
15 32 0.069547586
15 21 1.1633253
16 0 2000.0
16 30 1.067686
16 8 1.416956
16 18 1.0648062
16 13 278.14005
16 11 0.88666326
16 29 60.23701
16 5 1.6013043
16 20 23.950891
16 37 60.94389
16 7 1.3143477
16 27 1.6457661
16 23 6.4618845
16 25 1.3073267
17 26 1.8485708
17 6 0.8777234
17 10 0.031030882
17 24 0.20829028
17 31 1.3402926
17 9 0.052980628
17 4 0.073454954
17 19 3.9964917
18 30 0.6617708
18 2 5.6917906
18 8 0.7183588
18 37 0.93717927
18 7 2000.0
18 27 2.5239289
18 16 1.0648062
18 23 1.5541888
18 11 3.6442962
18 29 1.0273525
18 5 0.358355
19 31 0.066595346
19 9 0.064900145
19 17 3.9964917
19 4 0.11199702
20 30 8.68986
20 13 0.64651734
20 33 0.9186282
20 11 1.0935941
20 29 0.7638542
20 5 2.7887938
20 34 0.906348
20 2 2.964928
20 14 0.94458157
20 37 1.3879261
20 7 1.3488185
20 27 0.4228987
20 16 23.950891
20 25 0.6076753
21 32 2000.0
21 10 2000.0
21 24 0.12670024
21 35 0.041080162
21 12 0.07338212
21 15 1.1633253
22 6 1575.3408
22 31 1199.8864
22 9 0.26027626
22 19 1056.0795
23 0 2000.0
23 30 1.2433802
23 2 22.947529
23 8 1.0876446
23 37 1.8628378
23 18 1.5541888
23 7 1.2971902
23 16 6.4618845
23 11 2000.0
23 29 3.817703
23 5 6.816904
24 26 0.08908058
24 32 0.12067682
24 28 2000.0
24 10 0.104
24 21 0.12670024
24 31 12.463795
24 12 0.07211094
24 3 240.00002
24 15 2000.0
24 17 0.20829028
25 0 124.99999
25 30 1.2598813
25 13 0.57934415
25 33 0.5815265
25 11 0.98731977
25 29 3.1613522
25 34 2.3571544
25 20 0.6076753
25 2 0.7318335
25 14 2.178338
25 37 18.886278
25 7 5.921834
25 27 0.61396813
25 16 1.3073267
26 36 122.780426
26 32 16.524817
26 28 0.036528733
26 10 0.033872712
26 24 0.08908058
26 31 0.059678357
26 12 2.2762408
26 17 1.8485708
27 0 2000.0
27 30 0.15468292
27 8 0.86354136
27 18 2.5239289
27 13 0.22241682
27 33 1.0853325
27 11 0.56674975
27 29 0.56401455
27 5 3.2410715
27 34 1.486495
27 20 0.4228987
27 2 1.0847752
27 14 2.3270872
27 37 1.0560951
27 7 74.19608
27 16 1.6457661
27 25 0.61396813
28 36 0.0430421
28 26 0.036528733
28 10 0.24613635
28 3 0.08492424
28 12 10.576662
28 9 1.9749576
29 0 10.354998
29 30 2.971834
29 8 0.7033406
29 18 1.0273525
29 13 0.7747933
29 11 0.6363558
29 5 3.0886252
29 34 8.105996
29 20 0.7638542
29 2 0.9137994
29 37 1.0429865
29 7 2000.0
29 27 0.56401455
29 16 60.23701
29 23 3.817703
29 25 3.1613522
30 0 2000.0
30 8 0.6257973
30 18 0.6617708
30 13 3.5315874
30 33 1.7883373
30 11 0.32781297
30 29 2.971834
30 5 0.6988277
30 34 1.8479959
30 20 8.68986
30 2 20.409386
30 14 2000.0
30 37 3.5192015
30 7 0.90137625
30 27 0.15468292
30 16 1.067686
30 23 1.2433802
30 25 1.2598813
31 26 0.059678357
31 6 1.2155793
31 10 0.03053279
31 24 12.463795
31 9 0.02844161
31 17 1.3402926
31 4 0.06612043
31 19 0.066595346
32 26 16.524817
32 24 0.12067682
32 12 0.20037936
32 15 0.069547586
33 30 1.7883373
33 8 2000.0
33 13 0.99839556
33 11 2.2948203
33 29 3275.3408
33 5 2000.0
33 34 2000.0
33 20 0.9186282
33 2 2.3349292
33 14 0.6567828
33 7 2000.0
33 27 1.0853325
33 16 2000.0
33 25 0.5815265
34 30 1.8479959
34 20 0.906348
34 8 4.317822
34 7 4.8958883
34 13 6.515796
34 27 1.486495
34 16 3216.9885
34 11 2.0350788
34 25 2.3571544
34 29 8.105996
34 5 2.2181034
35 21 0.041080162
36 26 122.780426
36 28 0.0430421
36 3 0.27852562
36 9 1.3716748
37 30 3.5192015
37 0 1.0211873
37 8 1.4215543
37 18 0.93717927
37 13 1.3206246
37 11 1.108802
37 29 1.0429865
37 20 1.3879261
37 2 1.079602
37 7 15.427403
37 27 1.0560951
37 16 60.94389
37 23 1.8628378
37 25 18.886278
