0 2 1.0312616
0 37 1.8024169
0 13 0.93765646
0 29 60.044025
0 25 15.543508
1 3 1.3675246
1 12 33.247982
2 30 25.556042
2 0 1.0312616
2 8 1.1940763
2 18 2.003612
2 13 0.381753
2 33 1.5666156
2 11 1.3852779
2 29 1.2208638
2 20 3.428574
2 37 0.8947257
2 27 0.8822382
2 16 2000.0
2 23 8.092335
2 25 0.50797194
3 36 0.75714815
3 28 10.251853
3 24 2000.0
3 12 0.06506958
3 1 1.3675246
3 9 0.5340577
4 31 0.075130396
4 9 0.09457385
4 17 0.15400839
4 19 0.07524878
5 30 0.69198775
5 8 0.4875
5 18 1.1844983
5 13 44.821568
5 11 1.6747022
5 29 2.397328
5 34 3.715636
5 20 1.4452629
5 37 6.6713147
5 7 8.42025
5 27 1.5133305
5 16 1.5191026
5 23 2.8939276
5 25 2000.0
6 31 0.16160367
6 17 1.9140829
7 30 0.6282005
7 20 27.105238
7 8 4.6695776
7 16 1.3430829
7 23 1.6058102
7 25 2.673857
7 5 8.42025
8 0 2000.0
8 30 0.25546756
8 18 1.1708877
8 13 0.71573526
8 11 1.1823201
8 29 0.3902765
8 5 0.4875
8 34 38.622307
8 2 1.1940763
8 37 1.237479
8 7 4.6695776
8 27 1.0600852
8 16 1.6083666
8 23 1.034521
8 25 2000.0
9 36 0.48080337
9 26 2000.0
9 28 0.8994003
9 10 50.0
9 22 0.046822134
9 31 0.028688526
9 3 0.5340577
9 12 2000.0
9 4 0.09457385
9 17 0.044483133
9 19 0.06635441
10 26 0.029968116
10 28 0.24177119
10 24 0.07407128
10 31 16.416792
10 12 1357.8977
10 9 50.0
10 17 0.034957156
11 0 2000.0
11 30 0.72659534
11 8 1.1823201
11 18 10.925079
11 13 0.88822055
11 33 1.5735714
11 29 0.977266
11 5 1.6747022
11 34 1.8649939
11 20 1.3927453
11 2 1.3852779
11 37 1.5909287
11 7 1354.2614
11 27 0.63004184
11 16 1.3702996
11 25 0.9233678
12 26 1.132125
12 32 4.1136904
12 24 0.06422811
12 21 0.09390933
12 3 0.06506958
12 1 33.247982
13 30 60.442333
13 0 0.93765646
13 8 0.71573526
13 18 98.50649
13 33 0.8270844
13 11 0.88822055
13 29 0.7436557
13 5 44.821568
13 34 2000.0
13 20 1.0550233
13 2 0.381753
13 14 7.456359
13 37 1.5465888
13 7 2000.0
13 27 0.34311002
13 16 60.650566
13 25 0.2551802
14 30 21.790638
14 20 4.897889
14 13 7.456359
14 27 2.4988527
14 33 0.35925588
14 25 2.328905
15 32 0.08013227
15 21 4.524166
16 0 2000.0
16 30 1.2695218
16 8 1.6083666
16 18 1.4640602
16 13 60.650566
16 11 1.3702996
16 5 1.5191026
16 34 110.44528
16 20 70.47147
16 7 1.3430829
16 27 1.7782286
16 23 4.169113
16 25 1.665228
17 6 1.9140829
17 26 3.308415
17 10 0.034957156
17 24 0.10692489
17 31 1.1528145
17 9 0.044483133
17 4 0.15400839
17 19 1641.9034
18 0 2000.0
18 30 0.7557735
18 8 1.1708877
18 13 98.50649
18 11 10.925079
18 29 1.1911834
18 5 1.1844983
18 2 2.003612
18 37 2.4495468
18 7 2000.0
18 27 20.904648
18 16 1.4640602
18 23 1.2559416
19 31 0.10051843
19 9 0.06635441
19 4 0.07524878
19 17 1641.9034
20 30 1.1786304
20 13 1.0550233
20 33 0.8747645
20 11 1.3927453
20 29 8.397495
20 5 1.4452629
20 34 0.83443534
20 2 3.428574
20 14 4.897889
20 37 2.907197
20 7 27.105238
20 27 0.66901577
20 16 70.47147
20 25 0.4863942
21 32 1600.0
21 24 0.82821244
21 35 0.030573593
21 31 2000.0
21 12 0.09390933
21 15 4.524166
22 31 94.24211
22 9 0.046822134
22 19 2000.0
23 0 2000.0
23 30 1.4178481
23 8 1.034521
23 2 8.092335
23 37 2.2606075
23 18 1.2559416
23 7 1.6058102
23 16 4.169113
23 11 2000.0
23 29 1.6190525
23 5 2.8939276
24 26 0.040055964
24 32 0.3280838
24 10 0.07407128
24 21 0.82821244
24 12 0.06422811
24 15 2000.0
24 17 0.10692489
25 30 17.188093
25 0 15.543508
25 13 0.2551802
25 33 0.60520184
25 11 0.9233678
25 29 2.474942
25 34 1.7328746
25 20 0.4863942
25 2 0.50797194
25 14 2.328905
25 37 33.553093
25 7 2.673857
25 27 0.25117487
25 16 1.665228
26 32 1207.9545
26 28 0.104688495
26 10 0.029968116
26 24 0.040055964
26 31 0.108462565
26 12 1.132125
26 17 3.308415
27 30 0.24258713
27 0 2000.0
27 8 1.0600852
27 18 20.904648
27 13 0.34311002
27 33 0.7074657
27 11 0.63004184
27 29 0.757399
27 5 1.5133305
27 34 1.4880292
27 20 0.66901577
27 2 0.8822382
27 14 2.4988527
27 37 1.1735175
27 7 2000.0
27 16 1.7782286
27 25 0.25117487
28 36 0.030290613
28 26 0.104688495
28 10 0.24177119
28 3 10.251853
28 12 1208.409
28 9 0.8994003
28 19 1361.8182
29 0 60.044025
29 30 1.3922458
29 8 0.3902765
29 18 1.1911834
29 13 0.7436557
29 33 24.178682
29 11 0.977266
29 5 2.397328
29 34 3.7552466
29 20 8.397495
29 2 1.2208638
29 37 1.1791792
29 7 2000.0
29 27 0.757399
29 16 2000.0
29 23 1.6190525
29 25 2.474942
30 8 0.25546756
30 18 0.7557735
30 13 60.442333
30 33 6.708123
30 11 0.72659534
30 29 1.3922458
30 5 0.69198775
30 34 0.8239084
30 20 1.1786304
30 2 25.556042
30 14 21.790638
30 37 44.636024
30 7 0.6282005
30 27 0.24258713
30 16 1.2695218
30 23 1.4178481
30 25 17.188093
31 26 0.108462565
31 6 0.16160367
31 10 16.416792
31 35 69.390396
31 22 94.24211
31 9 0.028688526
31 4 0.075130396
31 17 1.1528145
31 19 0.10051843
32 26 1207.9545
32 24 0.3280838
32 21 1600.0
32 12 4.1136904
32 15 0.08013227
33 30 6.708123
33 8 2000.0
33 13 0.8270844
33 11 1.5735714
33 29 24.178682
33 5 2000.0
33 34 2000.0
33 20 0.8747645
33 2 1.5666156
33 14 0.35925588
33 7 2000.0
33 27 0.7074657
33 16 3017.898
33 25 0.60520184
34 30 0.8239084
34 20 0.83443534
34 8 38.622307
34 37 2000.0
34 7 2000.0
34 13 2000.0
34 27 1.4880292
34 16 110.44528
34 11 1.8649939
34 29 3.7552466
34 25 1.7328746
34 5 3.715636
35 21 0.030573593
35 31 69.390396
36 28 0.030290613
36 3 0.75714815
36 9 0.48080337
37 30 44.636024
37 0 1.8024169
37 8 1.237479
37 18 2.4495468
37 13 1.5465888
37 11 1.5909287
37 29 1.1791792
37 5 6.6713147
37 20 2.907197
37 2 0.8947257
37 7 3740.7954
37 27 1.1735175
37 16 2000.0
37 23 2.2606075
37 25 33.553093
