0 8 4.9185877
0 2 1.6485307
0 37 0.96651655
0 13 0.99052465
0 11 176.14584
0 29 20.801664
1 3 0.2209652
1 12 1202.159
2 30 22.982891
2 0 1.6485307
2 8 1.2993816
2 18 9.707438
2 13 0.8460071
2 33 5.8365645
2 11 1.6961759
2 29 1.2739235
2 20 3.6480703
2 37 1.0892695
2 27 1.2388223
2 16 2000.0
2 23 23.197254
2 25 2.6086347
3 36 0.34094355
3 28 0.07993868
3 24 2000.0
3 12 0.05049487
3 1 0.2209652
3 9 0.8167491
4 31 0.08058336
4 9 0.06863075
4 17 0.10709164
4 19 0.08177978
5 30 0.51193094
5 8 0.81557375
5 18 0.4438676
5 13 320.0
5 11 2.6330707
5 29 2.0561857
5 34 1.4999082
5 20 2.4315016
5 37 2000.0
5 7 5.1753383
5 27 1.7977513
5 16 1.6362135
5 23 6.6790347
6 22 88.98865
6 31 0.37555096
6 17 1.6156331
7 34 33.10338
7 30 1.132489
7 20 1.6421995
7 8 27.678856
7 37 12.679105
7 16 1.1491957
7 11 16.110203
7 23 0.84849274
7 25 4.012231
7 5 5.1753383
8 0 4.9185877
8 30 2.3393457
8 18 0.979049
8 13 1.3291045
8 11 1.4094621
8 29 1.0311869
8 5 0.81557375
8 34 5.133529
8 2 1.2993816
8 37 1.0752224
8 7 27.678856
8 27 1.8993762
8 16 1.518053
8 23 1.0720264
9 36 1.2122159
9 28 2.5656018
9 10 8.975362
9 22 0.32511178
9 31 0.035460886
9 3 0.8167491
9 17 0.04034547
9 4 0.06863075
9 19 0.09713068
10 26 0.037611775
10 28 0.7673155
10 24 0.06503528
10 31 0.03780941
10 12 8.525244
10 9 8.975362
10 17 0.03089962
11 0 176.14584
11 30 0.31861675
11 8 1.4094621
11 18 5.3648486
11 13 0.39224577
11 33 2.2284956
11 29 1.1341527
11 5 2.6330707
11 34 5.4277062
11 20 1.2732298
11 2 1.6961759
11 37 2.4216015
11 7 16.110203
11 27 0.5246319
11 16 0.9341103
11 25 1.0889257
12 26 1.4955394
12 28 1.4321846
12 32 0.24088617
12 10 8.525244
12 24 0.086493246
12 21 0.111564964
12 3 0.05049487
13 30 3.564474
13 0 0.99052465
13 8 1.3291045
13 18 200.0
13 33 0.85600084
13 11 0.39224577
13 29 0.98747677
13 5 320.0
13 34 11.944675
13 20 0.6782322
13 2 0.8460071
13 14 1.8243768
13 37 1.2917987
13 27 0.7800251
13 16 104.16667
13 25 0.68321353
14 20 3.3381515
14 13 1.8243768
14 27 4.7333264
14 33 0.41102394
14 11 2000.0
14 25 3.1599247
15 32 0.077360824
15 21 1.201135
16 30 1.0497234
16 0 2000.0
16 8 1.518053
16 18 0.8932332
16 13 104.16667
16 11 0.9341103
16 29 9.241975
16 5 1.6362135
16 20 12.912367
16 37 73.384445
16 7 1.1491957
16 27 1.3580811
16 23 6.00918
16 25 1.7627242
17 26 2.0691082
17 6 1.6156331
17 10 0.03089962
17 24 0.3088903
17 31 1.2495227
17 9 0.04034547
17 4 0.10709164
17 19 3.970717
18 30 0.68967193
18 2 9.707438
18 8 0.979049
18 37 1.9634081
18 13 200.0
18 7 2000.0
18 27 3.197083
18 16 0.8932332
18 23 1.4960845
18 11 5.3648486
18 29 0.974846
18 5 0.4438676
19 31 0.08313783
19 9 0.09713068
19 17 3.970717
19 4 0.08177978
20 30 26.427166
20 13 0.6782322
20 33 1.6430956
20 11 1.2732298
20 29 3.6826594
20 5 2.4315016
20 34 1.1616913
20 2 3.6480703
20 14 3.3381515
20 37 13.125723
20 7 1.6421995
20 27 1.2465249
20 16 12.912367
20 25 0.42370835
21 32 2000.0
21 24 0.6113398
21 35 0.04077403
21 12 0.111564964
21 15 1.201135
22 6 88.98865
22 31 75.81584
22 9 0.32511178
22 19 1462.216
23 0 2000.0
23 30 1.2593737
23 2 23.197254
23 8 1.0720264
23 37 3.6621017
23 18 1.4960845
23 7 0.84849274
23 16 6.00918
23 11 2000.0
23 29 3.418636
23 5 6.6790347
24 26 0.05346269
24 32 0.16643253
24 10 0.06503528
24 21 0.6113398
24 31 2.3396885
24 12 0.086493246
24 15 2000.0
24 17 0.3088903
25 30 9.484737
25 13 0.68321353
25 33 0.4182828
25 11 1.0889257
25 29 4.111076
25 34 0.88990843
25 20 0.42370835
25 2 2.6086347
25 14 3.1599247
25 37 2000.0
25 7 4.012231
25 27 0.80461407
25 16 1.7627242
26 36 423.52942
26 32 37.444134
26 28 0.06495482
26 10 0.037611775
26 24 0.05346269
26 31 0.0837819
26 12 1.4955394
26 17 2.0691082
27 0 2000.0
27 30 0.4437458
27 8 1.8993762
27 18 3.197083
27 13 0.7800251
27 33 1.174945
27 11 0.5246319
27 29 0.7056954
27 5 1.7977513
27 34 1.296829
27 20 1.2465249
27 2 1.2388223
27 14 4.7333264
27 37 1.9668717
27 7 2632.8977
27 16 1.3580811
27 25 0.80461407
28 36 0.046664223
28 26 0.06495482
28 10 0.7673155
28 3 0.07993868
28 12 1.4321846
28 9 2.5656018
29 0 20.801664
29 30 3.2777808
29 8 1.0311869
29 18 0.974846
29 13 0.98747677
29 11 1.1341527
29 5 2.0561857
29 34 24.622173
29 20 3.6826594
29 2 1.2739235
29 37 1.3563749
29 7 2000.0
29 27 0.7056954
29 16 9.241975
29 23 3.418636
29 25 4.111076
30 0 2000.0
30 8 2.3393457
30 18 0.68967193
30 13 3.564474
30 33 2.3174858
30 11 0.31861675
30 29 3.2777808
30 5 0.51193094
30 34 3.7328222
30 20 26.427166
30 2 22.982891
30 37 11.156229
30 7 1.132489
30 27 0.4437458
30 16 1.0497234
30 23 1.2593737
30 25 9.484737
31 26 0.0837819
31 6 0.37555096
31 10 0.03780941
31 24 2.3396885
31 22 75.81584
31 9 0.035460886
31 17 1.2495227
31 4 0.08058336
31 19 0.08313783
32 26 37.444134
32 24 0.16643253
32 12 0.24088617
32 15 0.077360824
33 34 2000.0
33 30 2.3174858
33 20 1.6430956
33 2 5.8365645
33 14 0.41102394
33 7 2000.0
33 13 0.85600084
33 27 1.174945
33 16 2226.3638
33 11 2.2284956
33 29 1349.034
33 25 0.4182828
34 30 3.7328222
34 20 1.1616913
34 8 5.133529
34 13 11.944675
34 7 33.10338
34 27 1.296829
34 16 1215.0568
34 11 5.4277062
34 25 0.88990843
34 29 24.622173
34 5 1.4999082
35 21 0.04077403
36 26 423.52942
36 28 0.046664223
36 3 0.34094355
36 9 1.2122159
37 30 11.156229
37 0 0.96651655
37 8 1.0752224
37 18 1.9634081
37 13 1.2917987
37 11 2.4216015
37 29 1.3563749
37 20 13.125723
37 2 1.0892695
37 7 12.679105
37 27 1.9668717
37 16 73.384445
37 23 3.6621017
37 25 2000.0
