0 8 11.350569
0 2 0.85901266
0 37 0.8630729
0 13 0.96717227
0 11 58.54199
0 25 2000.0
0 29 5.8209014
1 3 0.25956744
1 12 1236.3636
2 30 8.620615
2 0 0.85901266
2 8 1.387447
2 18 6.6085916
2 13 0.5536892
2 33 1.8711731
2 11 0.7793127
2 29 1.1327077
2 20 2.8033442
2 37 0.9341102
2 27 0.45791906
2 23 21.826544
2 25 0.89977264
3 36 0.2162013
3 28 0.099562995
3 24 2000.0
3 12 0.06703661
3 1 0.25956744
3 9 0.23643693
4 31 0.068155155
4 9 0.06655844
4 17 0.096021846
4 19 0.08764302
5 30 0.8203836
5 8 0.50356746
5 18 0.35296828
5 13 2000.0
5 11 1.8139395
5 29 1.8132503
5 34 2.53423
5 20 2.4040666
5 37 2000.0
5 7 5.6447988
5 27 2.8277469
5 16 1.4980059
5 23 10.514925
6 22 105.022736
6 31 1.0507137
6 17 1.0658216
7 34 13.913824
7 30 0.4933735
7 20 1.5129989
7 8 66.66667
7 37 25.236725
7 27 133.33334
7 16 1.0489485
7 11 8.592236
7 23 1.0093917
7 25 6.2075686
7 5 5.6447988
8 0 11.350569
8 30 0.70388085
8 18 0.7646411
8 13 3.0202963
8 11 0.8757319
8 29 0.49177343
8 5 0.50356746
8 34 5.4491644
8 2 1.387447
8 37 1.6507318
8 7 66.66667
8 27 1.168156
8 16 1.416973
8 23 0.8883561
9 36 1.3025111
9 26 2000.0
9 28 1.1772501
9 10 2.6656668
9 22 0.44702572
9 31 0.028304355
9 3 0.23643693
9 12 2000.0
9 17 0.046404317
9 4 0.06655844
9 19 0.104796655
10 26 0.0363447
10 28 0.2474209
10 24 0.07203038
10 31 0.03137816
10 12 8.38473
10 9 2.6656668
10 17 0.031166166
11 0 58.54199
11 30 0.37184066
11 8 0.8757319
11 18 4.5873833
11 13 0.5180204
11 33 2.243053
11 29 0.48448014
11 5 1.8139395
11 34 2.462353
11 20 0.71226776
11 2 0.7793127
11 37 1.4045198
11 7 8.592236
11 27 0.3275
11 16 0.842646
11 25 1.4713565
12 26 0.9038113
12 28 4.932424
12 32 0.21752608
12 10 8.38473
12 24 0.06931232
12 21 0.08378442
12 3 0.06703661
13 30 1.2738305
13 0 0.96717227
13 8 3.0202963
13 18 2000.0
13 33 0.7508522
13 11 0.5180204
13 29 0.5977817
13 34 8.323425
13 20 0.65847045
13 2 0.5536892
13 14 3.2879608
13 37 3.2486632
13 27 0.23763385
13 16 393.2022
13 25 0.48754114
14 20 0.71367794
14 13 3.2879608
14 33 0.67387396
14 27 1.4079005
14 11 2000.0
14 25 1.2099146
15 32 0.071654126
15 21 1.614266
16 0 2000.0
16 30 1.0673285
16 8 1.416973
16 18 0.74443996
16 13 393.2022
16 33 100.0
16 11 0.842646
16 29 15.401392
16 5 1.4980059
16 20 47.116936
16 37 41.369312
16 7 1.0489485
16 27 1.4549674
16 23 9.116755
16 25 1.2317251
17 26 1.9046743
17 6 1.0658216
17 10 0.031166166
17 24 0.23338096
17 31 1.2483585
17 9 0.046404317
17 4 0.096021846
17 19 3.9225528
18 30 0.63508713
18 2 6.6085916
18 8 0.7646411
18 37 1.3263294
18 7 2000.0
18 13 2000.0
18 27 2.461898
18 16 0.74443996
18 23 1.0215907
18 11 4.5873833
18 29 1.1853057
18 5 0.35296828
19 31 0.07847072
19 9 0.104796655
19 17 3.9225528
19 4 0.08764302
20 30 9.763341
20 13 0.65847045
20 33 0.99154645
20 11 0.71226776
20 29 1.3894142
20 5 2.4040666
20 34 0.77076405
20 2 2.8033442
20 14 0.71367794
20 37 1.4994569
20 7 1.5129989
20 27 0.35330474
20 16 47.116936
20 25 0.6894737
21 26 2000.0
21 32 2000.0
21 10 2000.0
21 24 0.13645346
21 35 0.047847643
21 12 0.08378442
21 15 1.614266
22 6 105.022736
22 31 1199.8864
22 9 0.44702572
22 19 1056.0795
23 0 2000.0
23 30 1.3859456
23 2 21.826544
23 8 0.8883561
23 37 2.2721856
23 18 1.0215907
23 7 1.0093917
23 16 9.116755
23 11 2000.0
23 29 2.492622
23 5 10.514925
24 26 0.12767288
24 32 0.1021285
24 28 2000.0
24 10 0.07203038
24 21 0.13645346
24 31 31.578947
24 12 0.06931232
24 15 2000.0
24 17 0.23338096
25 30 1.4088384
25 13 0.48754114
25 33 0.6848159
25 11 1.4713565
25 29 1.5151871
25 34 1.4918898
25 20 0.6894737
25 2 0.89977264
25 14 1.2099146
25 37 13.239286
25 7 6.2075686
25 27 0.4746941
25 16 1.2317251
26 36 168.83144
26 32 1184.8864
26 28 0.033982746
26 10 0.0363447
26 24 0.12767288
26 31 0.059787393
26 12 0.9038113
26 17 1.9046743
27 0 2000.0
27 30 0.20386153
27 8 1.168156
27 18 2.461898
27 13 0.23763385
27 33 0.96917814
27 11 0.3275
27 29 0.6649845
27 5 2.8277469
27 34 1.4893935
27 20 0.35330474
27 2 0.45791906
27 14 1.4079005
27 37 0.7531447
27 7 133.33334
27 16 1.4549674
27 25 0.4746941
28 36 0.039058622
28 26 0.033982746
28 10 0.2474209
28 3 0.099562995
28 12 4.932424
28 9 1.1772501
29 0 5.8209014
29 30 1.9708056
29 8 0.49177343
29 18 1.1853057
29 13 0.5977817
29 11 0.48448014
29 5 1.8132503
29 34 4.4612894
29 20 1.3894142
29 2 1.1327077
29 37 0.8250473
29 7 2000.0
29 27 0.6649845
29 16 15.401392
29 23 2.492622
29 25 1.5151871
30 0 2000.0
30 8 0.70388085
30 18 0.63508713
30 13 1.2738305
30 33 2.3892677
30 11 0.37184066
30 29 1.9708056
30 5 0.8203836
30 34 2.4844239
30 20 9.763341
30 2 8.620615
30 14 2000.0
30 37 6.547247
30 7 0.4933735
30 27 0.20386153
30 16 1.0673285
30 23 1.3859456
30 25 1.4088384
31 26 0.059787393
31 6 1.0507137
31 10 0.03137816
31 24 31.578947
31 9 0.028304355
31 17 1.2483585
31 4 0.068155155
31 19 0.07847072
32 24 0.1021285
32 12 0.21752608
32 15 0.071654126
33 30 2.3892677
33 13 0.7508522
33 11 2.243053
33 29 3275.3408
33 5 2000.0
33 34 2000.0
33 20 0.99154645
33 2 1.8711731
33 14 0.67387396
33 7 2000.0
33 27 0.96917814
33 16 100.0
33 25 0.6848159
34 30 2.4844239
34 20 0.77076405
34 8 5.4491644
34 7 13.913824
34 13 8.323425
34 27 1.4893935
34 16 3216.9885
34 11 2.462353
34 25 1.4918898
34 29 4.4612894
34 5 2.53423
35 21 0.047847643
36 26 168.83144
36 28 0.039058622
36 3 0.2162013
36 9 1.3025111
37 30 6.547247
37 0 0.8630729
37 8 1.6507318
37 18 1.3263294
37 13 3.2486632
37 11 1.4045198
37 29 0.8250473
37 20 1.4994569
37 2 0.9341102
37 7 25.236725
37 27 0.7531447
37 16 41.369312
37 23 2.2721856
37 25 13.239286
