0 8 6.7583847
0 2 0.4340291
0 37 1.7144485
0 13 0.49274838
0 29 13.1346855
1 3 0.22363068
1 12 34.855442
2 0 0.4340291
2 30 10.417297
2 8 2.892793
2 18 11.446371
2 13 1.508436
2 33 2.2595804
2 11 6.7061024
2 29 1.9710516
2 20 6.0544243
2 37 4.3682446
2 27 2.805846
2 23 42.8544
2 25 2.5894349
3 36 0.50825846
3 28 0.10950413
3 24 104.16667
3 12 0.05142511
3 1 0.22363068
3 9 0.7993133
4 31 0.083087996
4 9 0.0736044
4 17 0.09309317
4 19 0.0888397
5 30 0.9925636
5 8 1.7201256
5 18 1.5748076
5 11 4.1311584
5 29 9.738697
5 34 14.050451
5 20 3.4462512
5 37 2000.0
5 7 30.314112
5 27 3.9544988
5 16 1.8272305
5 23 9.238685
5 25 2000.0
6 31 1.2741932
6 17 1.0931858
7 34 4.7969093
7 30 1.1774249
7 20 3.2189767
7 8 47.879498
7 37 31.961758
7 27 239.00757
7 16 1.2753294
7 11 25.270777
7 23 1.4577568
7 25 17.987324
7 5 30.314112
8 0 6.7583847
8 30 1.0799936
8 18 1.6437415
8 13 14.270137
8 11 3.0626638
8 29 1.6125822
8 5 1.7201256
8 34 4.844218
8 2 2.892793
8 37 2.447817
8 7 47.879498
8 27 6.768981
8 16 1.6994406
8 23 2.4671607
9 36 2.5985503
9 26 2000.0
9 28 6.8293486
9 10 7.258232
9 22 0.6036132
9 31 0.030212848
9 3 0.7993133
9 12 2000.0
9 17 0.056739245
9 4 0.0736044
9 19 0.074456505
10 26 0.051201943
10 28 0.8543643
10 24 0.09210469
10 31 0.031482074
10 12 4.179055
10 9 7.258232
10 17 0.031689886
11 0 2000.0
11 30 1.2544116
11 8 3.0626638
11 18 8.235656
11 13 0.9290404
11 33 3.3942692
11 29 1.8145183
11 5 4.1311584
11 34 6.9180393
11 20 3.77771
11 2 6.7061024
11 37 2.1227448
11 7 25.270777
11 27 1.1623027
11 16 1.7371521
11 25 2.228984
12 26 0.64117545
12 28 5.049971
12 32 0.14326127
12 10 4.179055
12 24 0.10925831
12 21 0.053090025
12 3 0.05142511
12 1 34.855442
13 0 0.49274838
13 30 6.8611445
13 8 14.270137
13 18 1000.00006
13 33 1.2568935
13 11 0.9290404
13 29 2.0611587
13 5 2000.0
13 34 27.6205
13 20 0.6597554
13 2 1.508436
13 14 7.6551213
13 37 6.1031947
13 27 0.48126864
13 16 77.22822
13 25 1.0461869
14 20 3.0411408
14 13 7.6551213
14 33 0.82671785
14 27 2.0186033
14 11 2000.0
14 25 1.9142992
15 32 0.07024031
15 21 8.299533
16 30 1.1790553
16 8 1.6994406
16 18 0.7913961
16 13 77.22822
16 11 1.7371521
16 29 266.6667
16 5 1.8272305
16 20 28.18005
16 37 166.57523
16 7 1.2753294
16 27 1.9574754
16 23 6.6081147
16 25 3.817717
17 26 1.8576434
17 6 1.0931858
17 10 0.031689886
17 24 0.21769114
17 31 1.2034271
17 9 0.056739245
17 4 0.09309317
17 19 2.3628764
18 30 0.7684487
18 2 11.446371
18 8 1.6437415
18 37 3.3648148
18 7 2000.0
18 13 1000.00006
18 27 39.39014
18 16 0.7913961
18 23 1.3795619
18 11 8.235656
18 29 4.969081
18 5 1.5748076
19 31 0.06693365
19 9 0.074456505
19 17 2.3628764
19 4 0.0888397
20 0 2000.0
20 30 9.289049
20 13 0.6597554
20 33 2.1573112
20 11 3.77771
20 29 5.2689443
20 5 3.4462512
20 34 1.4961442
20 2 6.0544243
20 14 3.0411408
20 37 11.039577
20 7 3.2189767
20 27 0.6784395
20 16 28.18005
20 25 1.2923294
21 32 2000.0
21 10 2000.0
21 24 0.054148033
21 35 0.047562677
21 12 0.053090025
21 15 8.299533
22 6 1485.625
22 31 2000.0
22 9 0.6036132
22 19 2000.0
23 0 2000.0
23 30 1.1550766
23 2 42.8544
23 8 2.4671607
23 37 2.9381258
23 18 1.3795619
23 7 1.4577568
23 16 6.6081147
23 11 2000.0
23 29 2.0470808
23 5 9.238685
24 26 0.0948052
24 32 0.12103794
24 10 0.09210469
24 21 0.054148033
24 31 9.955493
24 12 0.10925831
24 3 104.16667
24 15 2000.0
24 17 0.21769114
25 0 2000.0
25 30 12.751577
25 13 1.0461869
25 33 0.7537257
25 11 2.228984
25 29 4.5061955
25 34 1.7674512
25 20 1.2923294
25 2 2.5894349
25 14 1.9142992
25 37 28.395338
25 7 17.987324
25 27 1.8440934
25 16 3.817717
26 32 1180.0568
26 28 0.039643526
26 10 0.051201943
26 24 0.0948052
26 31 0.071677715
26 12 0.64117545
26 17 1.8576434
27 0 2000.0
27 30 0.2923633
27 8 6.768981
27 18 39.39014
27 13 0.48126864
27 33 1.5806813
27 11 1.1623027
27 29 0.99871826
27 5 3.9544988
27 34 2.439567
27 20 0.6784395
27 2 2.805846
27 14 2.0186033
27 37 2.2562888
27 7 239.00757
27 16 1.9574754
27 25 1.8440934
28 36 0.046528067
28 26 0.039643526
28 10 0.8543643
28 3 0.10950413
28 12 5.049971
28 9 6.8293486
29 0 13.1346855
29 30 12.053952
29 8 1.6125822
29 18 4.969081
29 13 2.0611587
29 11 1.8145183
29 5 9.738697
29 34 8.658574
29 20 5.2689443
29 2 1.9710516
29 37 1.8443928
29 7 2000.0
29 27 0.99871826
29 16 266.6667
29 23 2.0470808
29 25 4.5061955
30 0 2000.0
30 8 1.0799936
30 18 0.7684487
30 13 6.8611445
30 33 4.946705
30 11 1.2544116
30 29 12.053952
30 5 0.9925636
30 34 3.0631447
30 20 9.289049
30 2 10.417297
30 37 8.74647
30 7 1.1774249
30 27 0.2923633
30 16 1.1790553
30 23 1.1550766
30 25 12.751577
31 26 0.071677715
31 6 1.2741932
31 10 0.031482074
31 24 9.955493
31 9 0.030212848
31 17 1.2034271
31 4 0.083087996
31 19 0.06693365
32 26 1180.0568
32 24 0.12103794
32 12 0.14326127
32 15 0.07024031
33 30 4.946705
33 13 1.2568935
33 11 3.3942692
33 29 2000.0
33 5 2000.0
33 34 2000.0
33 20 2.1573112
33 2 2.2595804
33 14 0.82671785
33 7 2000.0
33 27 1.5806813
33 16 2000.0
33 25 0.7537257
34 30 3.0631447
34 20 1.4961442
34 8 4.844218
34 7 4.7969093
34 13 27.6205
34 27 2.439567
34 16 2000.0
34 11 6.9180393
34 25 1.7674512
34 29 8.658574
34 5 14.050451
35 21 0.047562677
36 26 2000.0
36 28 0.046528067
36 3 0.50825846
36 9 2.5985503
37 0 1.7144485
37 30 8.74647
37 8 2.447817
37 18 3.3648148
37 13 6.1031947
37 11 2.1227448
37 29 1.8443928
37 20 11.039577
37 2 4.3682446
37 7 31.961758
37 27 2.2562888
37 16 166.57523
37 23 2.9381258
37 25 28.395338
