0 8 5.612791
0 2 2.0712593
0 37 0.7572436
0 13 1.2512505
0 11 31.150568
0 29 9.9036255
1 3 0.2920221
1 12 1202.159
2 30 27.867105
2 0 2.0712593
2 8 1.30416
2 18 31.207325
2 13 0.642803
2 33 4.687597
2 11 1.0420945
2 29 0.97005373
2 20 4.595187
2 37 1.2425447
2 27 1.6861423
2 16 2000.0
2 23 20.062946
2 25 1.4715061
3 36 0.332848
3 28 0.074471004
3 24 2000.0
3 12 0.050605495
3 1 0.2920221
3 9 0.3101881
4 31 0.11003482
4 9 0.07178556
4 17 0.0859519
4 19 0.10728044
5 30 0.5922247
5 8 0.8348065
5 18 0.3820743
5 13 155.55556
5 11 5.035512
5 29 2.5207567
5 34 1.310463
5 20 2.6254253
5 37 2000.0
5 7 7.299539
5 27 1.4934373
5 16 1.5043362
5 23 5.2341747
6 22 81.818184
6 31 0.26640016
6 17 1.4001961
7 34 8.674254
7 30 0.9195511
7 20 2.1486728
7 8 21.324919
7 37 29.8316
7 16 1.2346704
7 11 18.599117
7 23 1.2277466
7 25 4.1424193
7 5 7.299539
8 0 5.612791
8 30 1.5516242
8 18 1.1704178
8 13 2.530652
8 11 0.9544484
8 29 0.7587867
8 5 0.8348065
8 34 4.227212
8 2 1.30416
8 37 0.87263197
8 7 21.324919
8 27 1.6409663
8 16 1.1729265
8 23 1.1415504
9 36 0.8760923
9 28 0.8201088
9 10 9.395335
9 22 0.38954544
9 31 0.03540765
9 3 0.3101881
9 17 0.038154233
9 4 0.07178556
9 19 0.07787757
10 26 0.03144316
10 28 0.22975446
10 24 0.042423107
10 31 0.04417554
10 12 5.955991
10 9 9.395335
10 17 0.029547859
11 0 31.150568
11 30 0.4474478
11 8 0.9544484
11 18 6.1989384
11 13 1.163111
11 33 2.790124
11 29 1.0039185
11 5 5.035512
11 34 3.2690663
11 20 1.2637637
11 2 1.0420945
11 37 2.210607
11 7 18.599117
11 27 0.6793817
11 16 0.90679866
11 25 1.0745069
12 26 1.241507
12 28 3.5939713
12 32 0.30172658
12 10 5.955991
12 24 0.08447503
12 21 0.08231524
12 3 0.050605495
13 30 2.1825194
13 0 1.2512505
13 8 2.530652
13 18 270.66003
13 33 0.8144981
13 11 1.163111
13 29 0.85934716
13 5 155.55556
13 34 11.260111
13 20 0.5306902
13 2 0.642803
13 14 7.27222
13 37 2.5442379
13 27 0.6055199
13 16 243.38231
13 25 0.58713996
14 20 1.0989833
14 13 7.27222
14 27 4.119629
14 33 0.4825242
14 11 2000.0
14 25 1.0896755
15 32 0.075086534
15 21 0.6635146
16 0 2000.0
16 30 1.0232599
16 8 1.1729265
16 18 0.8566895
16 13 243.38231
16 11 0.90679866
16 29 23.867046
16 5 1.5043362
16 20 7.372487
16 37 25.715982
16 7 1.2346704
16 27 1.5101621
16 23 9.449717
16 25 1.7354766
17 26 1.664053
17 6 1.4001961
17 10 0.029547859
17 24 0.2032305
17 31 1.0759232
17 9 0.038154233
17 4 0.0859519
17 19 3.648075
18 30 0.793672
18 2 31.207325
18 8 1.1704178
18 37 1.4065522
18 7 2000.0
18 13 270.66003
18 27 4.9853053
18 16 0.8566895
18 23 1.2640833
18 11 6.1989384
18 29 1.2599405
18 5 0.3820743
19 31 0.0828627
19 9 0.07787757
19 17 3.648075
19 4 0.10728044
20 30 22.267635
20 13 0.5306902
20 33 1.41319
20 11 1.2637637
20 29 4.3602147
20 5 2.6254253
20 34 0.79637545
20 2 4.595187
20 14 1.0989833
20 37 3.8467388
20 7 2.1486728
20 27 1.0680537
20 16 7.372487
20 25 0.43273222
21 32 2000.0
21 24 0.45055333
21 35 0.033839278
21 12 0.08231524
21 15 0.6635146
22 6 81.818184
22 31 1246.0796
22 9 0.38954544
22 19 1462.216
23 0 2000.0
23 30 1.1200951
23 2 20.062946
23 8 1.1415504
23 37 1.9424965
23 18 1.2640833
23 7 1.2277466
23 16 9.449717
23 11 2000.0
23 29 1.6854546
23 5 5.2341747
24 26 0.13488142
24 32 0.0956195
24 10 0.042423107
24 21 0.45055333
24 31 9.973319
24 12 0.08447503
24 15 2000.0
24 17 0.2032305
25 0 2000.0
25 30 2.9995701
25 13 0.58713996
25 33 0.5959991
25 11 1.0745069
25 29 3.7802727
25 34 1.3324876
25 20 0.43273222
25 2 1.4715061
25 14 1.0896755
25 37 57.740486
25 7 4.1424193
25 27 0.74120146
25 16 1.7354766
26 32 74.37932
26 28 0.08890728
26 10 0.03144316
26 24 0.13488142
26 31 0.07799981
26 12 1.241507
26 17 1.664053
27 0 2000.0
27 30 0.21218568
27 8 1.6409663
27 18 4.9853053
27 13 0.6055199
27 33 1.6692919
27 11 0.6793817
27 29 0.6869318
27 5 1.4934373
27 34 1.2920485
27 20 1.0680537
27 2 1.6861423
27 14 4.119629
27 37 1.3922195
27 7 3011.875
27 16 1.5101621
27 25 0.74120146
28 36 0.04870259
28 26 0.08890728
28 10 0.22975446
28 3 0.074471004
28 12 3.5939713
28 9 0.8201088
29 0 9.9036255
29 30 3.5873234
29 8 0.7587867
29 18 1.2599405
29 13 0.85934716
29 11 1.0039185
29 5 2.5207567
29 34 11.169461
29 20 4.3602147
29 2 0.97005373
29 37 0.91055596
29 7 2000.0
29 27 0.6869318
29 16 23.867046
29 23 1.6854546
29 25 3.7802727
30 0 2000.0
30 8 1.5516242
30 18 0.793672
30 13 2.1825194
30 33 4.205605
30 11 0.4474478
30 29 3.5873234
30 5 0.5922247
30 34 1.6869334
30 20 22.267635
30 2 27.867105
30 14 2000.0
30 37 9.183936
30 7 0.9195511
30 27 0.21218568
30 16 1.0232599
30 23 1.1200951
30 25 2.9995701
31 26 0.07799981
31 6 0.26640016
31 10 0.04417554
31 24 9.973319
31 9 0.03540765
31 17 1.0759232
31 4 0.11003482
31 19 0.0828627
32 26 74.37932
32 24 0.0956195
32 21 2000.0
32 12 0.30172658
32 15 0.075086534
33 34 2000.0
33 30 4.205605
33 20 1.41319
33 2 4.687597
33 14 0.4825242
33 7 2000.0
33 13 0.8144981
33 27 1.6692919
33 16 2226.3638
33 11 2.790124
33 29 1349.034
33 25 0.5959991
34 30 1.6869334
34 20 0.79637545
34 8 4.227212
34 13 11.260111
34 7 8.674254
34 27 1.2920485
34 16 1215.0568
34 11 3.2690663
34 25 1.3324876
34 29 11.169461
34 5 1.310463
35 21 0.033839278
36 26 241.55745
36 28 0.04870259
36 3 0.332848
36 9 0.8760923
37 30 9.183936
37 0 0.7572436
37 8 0.87263197
37 18 1.4065522
37 13 2.5442379
37 11 2.210607
37 29 0.91055596
37 20 3.8467388
37 2 1.2425447
37 7 29.8316
37 27 1.3922195
37 16 25.715982
37 23 1.9424965
37 25 57.740486
