0 8 12.427026
0 2 0.6955255
0 37 0.7411339
0 13 0.7205404
0 11 42.70252
0 29 10.608371
0 25 2000.0
1 3 0.31566533
1 12 83.25341
2 30 18.262022
2 0 0.6955255
2 8 1.8486094
2 18 8.720019
2 13 0.44351143
2 33 2.7642088
2 11 0.8842563
2 29 1.0289599
2 20 2.3663855
2 37 1.0623866
2 27 0.7683621
2 16 2000.0
2 23 20.184134
2 25 1.3500667
3 36 0.1839976
3 28 0.13073052
3 24 400.0
3 12 0.06905766
3 1 0.31566533
3 9 0.37858665
4 31 0.098772
4 9 0.06674575
4 17 0.07363323
4 19 0.08030477
5 30 0.5706422
5 8 0.7482049
5 18 0.44199565
5 13 2000.0
5 11 4.0247827
5 29 1.9391309
5 34 4.1804714
5 20 1.8771583
5 37 2000.0
5 7 5.4573684
5 27 2.5178032
5 16 1.218003
5 23 3.9639828
6 31 1.6247696
6 17 1.2085619
7 34 20.794512
7 30 1.7843097
7 20 2.2877157
7 8 21.000288
7 37 23.67155
7 27 151.92087
7 16 1.4306458
7 11 9.43462
7 23 1.0931445
7 25 7.085776
7 5 5.4573684
8 0 12.427026
8 30 0.80948555
8 18 1.318792
8 13 3.989384
8 11 1.128937
8 29 0.6084222
8 5 0.7482049
8 34 11.109444
8 2 1.8486094
8 37 1.1343869
8 7 21.000288
8 27 1.0340462
8 16 1.6225247
8 23 1.420723
9 36 1.2775176
9 26 2000.0
9 28 1.7678005
9 10 2.3160605
9 22 0.16888818
9 31 0.029316604
9 12 2000.0
9 3 0.37858665
9 17 0.04080087
9 4 0.06674575
9 19 0.0608307
10 26 0.03508588
10 28 0.2068825
10 24 0.06526646
10 31 0.030956442
10 12 4.2461705
10 9 2.3160605
10 17 0.028472101
11 0 42.70252
11 30 0.42171198
11 8 1.128937
11 18 5.650413
11 13 0.48583993
11 33 1.8303705
11 29 0.7008951
11 5 4.0247827
11 34 3.065805
11 20 0.7866284
11 2 0.8842563
11 37 1.3719764
11 7 9.43462
11 27 0.5669577
11 16 1.0030304
11 25 0.9046718
12 26 1.138362
12 28 4.4612985
12 32 0.39852926
12 10 4.2461705
12 24 0.08080393
12 21 0.07216546
12 3 0.06905766
12 1 83.25341
13 30 5.5581303
13 0 0.7205404
13 8 3.989384
13 18 800.0
13 33 0.822737
13 11 0.48583993
13 29 0.71437186
13 34 22.377293
13 20 0.652272
13 2 0.44351143
13 14 3.5740678
13 37 1.1260052
13 27 0.2972643
13 16 133.33334
13 25 0.5451796
14 20 2.3649018
14 13 3.5740678
14 33 0.4058341
14 27 4.4841704
14 11 2000.0
14 25 1.7876981
15 32 0.0701018
15 21 1.002248
16 0 2000.0
16 30 1.1401098
16 8 1.6225247
16 18 0.6978237
16 13 133.33334
16 11 1.0030304
16 29 32.660748
16 5 1.218003
16 20 11.877639
16 37 44.346592
16 7 1.4306458
16 27 1.6761869
16 23 7.454125
16 25 1.1040426
17 26 1.6490325
17 6 1.2085619
17 10 0.028472101
17 24 0.20833336
17 31 1.1620996
17 9 0.04080087
17 4 0.07363323
17 19 2.1306486
18 30 0.65330833
18 2 8.720019
18 8 1.318792
18 37 1.0925477
18 7 2000.0
18 13 800.0
18 27 5.354519
18 16 0.6978237
18 23 1.1525916
18 11 5.650413
18 29 0.88367534
18 5 0.44199565
19 31 0.07877765
19 9 0.0608307
19 17 2.1306486
19 4 0.08030477
20 30 10.671525
20 13 0.652272
20 33 1.2122191
20 11 0.7866284
20 29 1.9859768
20 5 1.8771583
20 34 0.94600207
20 2 2.3663855
20 14 2.3649018
20 37 3.5006247
20 7 2.2877157
20 27 0.54597116
20 16 11.877639
20 25 1.0553857
21 10 2000.0
21 24 0.13216834
21 35 0.08842936
21 12 0.07216546
21 15 1.002248
22 6 1449.9432
22 31 136.41136
22 9 0.16888818
22 19 1289.6592
23 0 2000.0
23 30 1.5095779
23 2 20.184134
23 8 1.420723
23 37 3.1791089
23 18 1.1525916
23 7 1.0931445
23 16 7.454125
23 11 2000.0
23 29 4.674545
23 5 3.9639828
24 26 0.058699433
24 32 0.11714875
24 10 0.06526646
24 21 0.13216834
24 31 13.706183
24 3 400.0
24 12 0.08080393
24 15 2000.0
24 17 0.20833336
25 0 2000.0
25 30 1.4966961
25 13 0.5451796
25 33 0.4250652
25 11 0.9046718
25 29 1.6240066
25 34 1.4534155
25 20 1.0553857
25 2 1.3500667
25 14 1.7876981
25 37 30.11472
25 7 7.085776
25 27 0.43384874
25 16 1.1040426
26 36 145.06042
26 32 1130.341
26 28 0.03487513
26 10 0.03508588
26 24 0.058699433
26 31 0.056250002
26 12 1.138362
26 17 1.6490325
27 0 2000.0
27 30 0.6904633
27 8 1.0340462
27 18 5.354519
27 13 0.2972643
27 33 1.0433321
27 11 0.5669577
27 29 0.5230367
27 5 2.5178032
27 34 1.8325253
27 20 0.54597116
27 2 0.7683621
27 14 4.4841704
27 37 0.8362353
27 7 151.92087
27 16 1.6761869
27 25 0.43384874
28 36 0.032814138
28 26 0.03487513
28 10 0.2068825
28 3 0.13073052
28 12 4.4612985
28 9 1.7678005
29 0 10.608371
29 30 3.9142714
29 8 0.6084222
29 18 0.88367534
29 13 0.71437186
29 11 0.7008951
29 5 1.9391309
29 34 15.240558
29 20 1.9859768
29 2 1.0289599
29 37 0.80779624
29 7 2000.0
29 27 0.5230367
29 16 32.660748
29 23 4.674545
29 25 1.6240066
30 0 2000.0
30 8 0.80948555
30 18 0.65330833
30 13 5.5581303
30 33 1.7445304
30 11 0.42171198
30 29 3.9142714
30 5 0.5706422
30 34 1.949938
30 20 10.671525
30 2 18.262022
30 14 2000.0
30 37 6.222225
30 7 1.7843097
30 27 0.6904633
30 16 1.1401098
30 23 1.5095779
30 25 1.4966961
31 26 0.056250002
31 6 1.6247696
31 10 0.030956442
31 24 13.706183
31 22 136.41136
31 9 0.029316604
31 17 1.1620996
31 4 0.098772
31 19 0.07877765
32 24 0.11714875
32 12 0.39852926
32 15 0.0701018
33 30 1.7445304
33 8 2000.0
33 13 0.822737
33 11 1.8303705
33 29 4032.443
33 5 2000.0
33 34 2000.0
33 20 1.2122191
33 2 2.7642088
33 14 0.4058341
33 37 2000.0
33 7 2000.0
33 27 1.0433321
33 16 1622.3296
33 25 0.4250652
34 30 1.949938
34 20 0.94600207
34 8 11.109444
34 7 20.794512
34 13 22.377293
34 27 1.8325253
34 16 5535.0566
34 11 3.065805
34 25 1.4534155
34 29 15.240558
34 5 4.1804714
35 21 0.08842936
36 26 145.06042
36 28 0.032814138
36 3 0.1839976
36 9 1.2775176
37 30 6.222225
37 0 0.7411339
37 8 1.1343869
37 18 1.0925477
37 13 1.1260052
37 11 1.3719764
37 29 0.80779624
37 20 3.5006247
37 2 1.0623866
37 7 23.67155
37 27 0.8362353
37 16 44.346592
37 23 3.1791089
37 25 30.11472
