0 8 5.5880685
0 2 0.794918
0 37 0.9235015
0 13 1.0627406
0 11 27.295826
0 29 14.0536585
0 25 2000.0
1 3 0.22182605
1 12 1308.2386
2 30 5.005052
2 0 0.794918
2 8 1.1367164
2 18 7.744382
2 13 0.41183552
2 33 1.3724879
2 11 0.82346195
2 29 0.77987576
2 20 1.4866313
2 37 0.80135494
2 27 1.0732878
2 16 2000.0
2 23 18.306917
2 25 0.7803683
3 36 0.23411864
3 28 0.098746076
3 24 163.63637
3 12 0.06048808
3 1 0.22182605
3 9 0.9181193
4 31 0.08279848
4 9 0.07637554
4 17 0.08211321
4 19 0.08415993
5 30 0.5090925
5 8 0.6892202
5 18 0.37921757
5 13 147.58832
5 11 2.9431505
5 29 2.7158108
5 34 0.8800041
5 20 5.3794427
5 37 2000.0
5 7 5.0058722
5 27 2.2371743
5 16 1.7095547
5 23 2.941334
6 22 160.0
6 31 0.8028801
6 17 0.86111933
7 34 8.970254
7 30 0.8450654
7 20 1.186949
7 8 43.140236
7 37 24.371038
7 27 266.6667
7 16 0.90823793
7 11 5.594525
7 23 0.9699888
7 25 4.536835
7 5 5.0058722
8 0 5.5880685
8 30 1.0209465
8 18 0.94774127
8 13 2.0210736
8 11 0.8268903
8 29 0.4973228
8 5 0.6892202
8 34 3.8956628
8 2 1.1367164
8 37 1.2343594
8 7 43.140236
8 27 0.7674104
8 16 1.3914676
8 23 0.9249376
9 36 1.1824083
9 26 2000.0
9 28 2.7515273
9 10 4.156785
9 22 0.33677715
9 31 0.030719675
9 3 0.9181193
9 12 2000.0
9 17 0.10725807
9 4 0.07637554
9 19 0.07118348
10 26 0.033424392
10 28 0.32234603
10 24 0.06366915
10 31 0.036914155
10 12 10.15414
10 9 4.156785
10 17 0.031997524
11 0 27.295826
11 30 0.3444976
11 8 0.8268903
11 18 12.521112
11 13 0.413992
11 33 1.858187
11 29 0.76475245
11 5 2.9431505
11 34 1.8308227
11 20 0.970993
11 2 0.82346195
11 37 1.1990136
11 7 5.594525
11 27 0.3666833
11 16 0.7815236
11 25 1.261953
12 26 0.82192665
12 28 3.5765278
12 32 0.16800316
12 10 10.15414
12 24 0.074100375
12 21 0.11325447
12 3 0.06048808
13 0 1.0627406
13 30 0.90598613
13 8 2.0210736
13 18 2000.0
13 33 0.8688542
13 11 0.413992
13 29 0.7235945
13 5 147.58832
13 34 10.01056
13 20 0.61053723
13 2 0.41183552
13 14 2.3016427
13 37 1.836477
13 27 0.25300136
13 16 47.024513
13 25 0.4680458
14 20 1.0548564
14 13 2.3016427
14 27 1.5587059
14 33 0.48201802
14 11 2000.0
14 25 1.2092855
15 32 0.065816574
15 21 1.8270123
16 30 1.1034464
16 0 2000.0
16 8 1.3914676
16 18 0.95974845
16 13 47.024513
16 11 0.7815236
16 29 10.485605
16 5 1.7095547
16 20 5.94351
16 37 20.312273
16 7 0.90823793
16 27 1.337471
16 23 5.0996575
16 25 1.5876975
17 26 1.7644923
17 6 0.86111933
17 10 0.031997524
17 24 0.35305846
17 31 1.2189205
17 9 0.10725807
17 4 0.08211321
17 19 4.2043085
18 30 0.70856464
18 2 7.744382
18 8 0.94774127
18 37 1.1488502
18 13 2000.0
18 7 2000.0
18 27 5.7765446
18 16 0.95974845
18 23 1.3306359
18 11 12.521112
18 29 1.0310898
18 5 0.37921757
19 31 0.084546946
19 9 0.07118348
19 17 4.2043085
19 4 0.08415993
20 30 22.511414
20 13 0.61053723
20 33 1.9821103
20 11 0.970993
20 29 7.134391
20 5 5.3794427
20 34 0.79719836
20 2 1.4866313
20 14 1.0548564
20 37 1.8615116
20 7 1.186949
20 27 0.44935763
20 16 5.94351
20 25 0.510756
21 26 2000.0
21 32 2000.0
21 24 0.5405576
21 35 0.03734776
21 12 0.11325447
21 15 1.8270123
22 6 160.0
22 31 1181.1932
22 9 0.33677715
22 19 1288.409
23 0 2000.0
23 30 1.0742899
23 2 18.306917
23 8 0.9249376
23 37 1.8004702
23 18 1.3306359
23 7 0.9699888
23 16 5.0996575
23 11 2000.0
23 29 3.7413743
23 5 2.941334
24 26 0.052224346
24 32 0.105376296
24 10 0.06366915
24 21 0.5405576
24 31 8.230568
24 3 163.63637
24 12 0.074100375
24 15 2000.0
24 17 0.35305846
25 30 1.263096
25 13 0.4680458
25 33 0.67955375
25 11 1.261953
25 29 3.3077118
25 34 1.0801888
25 20 0.510756
25 2 0.7803683
25 14 1.2092855
25 37 88.147095
25 7 4.536835
25 27 0.46159604
25 16 1.5876975
26 36 276.9231
26 32 28.58589
26 28 0.04706997
26 10 0.033424392
26 24 0.052224346
26 31 0.058341596
26 12 0.82192665
26 17 1.7644923
27 0 2000.0
27 30 0.22126637
27 8 0.7674104
27 18 5.7765446
27 13 0.25300136
27 33 0.6796503
27 11 0.3666833
27 29 0.47903317
27 5 2.2371743
27 34 0.821126
27 20 0.44935763
27 2 1.0732878
27 14 1.5587059
27 37 0.8542298
27 7 266.6667
27 16 1.337471
27 25 0.46159604
28 36 0.034325648
28 26 0.04706997
28 10 0.32234603
28 3 0.098746076
28 12 3.5765278
28 9 2.7515273
29 0 14.0536585
29 30 2.626313
29 8 0.4973228
29 18 1.0310898
29 13 0.7235945
29 11 0.76475245
29 5 2.7158108
29 34 12.12973
29 20 7.134391
29 2 0.77987576
29 37 0.8904095
29 7 2000.0
29 27 0.47903317
29 16 10.485605
29 23 3.7413743
29 25 3.3077118
30 0 2000.0
30 8 1.0209465
30 18 0.70856464
30 13 0.90598613
30 33 1.7675911
30 11 0.3444976
30 29 2.626313
30 5 0.5090925
30 34 0.97243714
30 20 22.511414
30 2 5.005052
30 37 8.434122
30 7 0.8450654
30 27 0.22126637
30 16 1.1034464
30 23 1.0742899
30 25 1.263096
31 26 0.058341596
31 6 0.8028801
31 10 0.036914155
31 24 8.230568
31 9 0.030719675
31 17 1.2189205
31 4 0.08279848
31 19 0.084546946
32 26 28.58589
32 24 0.105376296
32 12 0.16800316
32 15 0.065816574
33 34 2000.0
33 30 1.7675911
33 20 1.9821103
33 2 1.3724879
33 14 0.48201802
33 7 2000.0
33 13 0.8688542
33 27 0.6796503
33 16 136.28436
33 11 1.858187
33 29 1898.4092
33 25 0.67955375
34 30 0.97243714
34 20 0.79719836
34 8 3.8956628
34 13 10.01056
34 7 8.970254
34 27 0.821126
34 16 1215.0568
34 11 1.8308227
34 25 1.0801888
34 29 12.12973
34 5 0.8800041
35 21 0.03734776
36 26 276.9231
36 28 0.034325648
36 3 0.23411864
36 9 1.1824083
37 0 0.9235015
37 30 8.434122
37 8 1.2343594
37 18 1.1488502
37 13 1.836477
37 11 1.1990136
37 29 0.8904095
37 20 1.8615116
37 2 0.80135494
37 7 24.371038
37 27 0.8542298
37 16 20.312273
37 23 1.8004702
37 25 88.147095
