0 8 4.344185
0 2 1.3504498
0 37 0.71927065
0 13 0.7126056
0 11 21.493763
0 29 6.452578
1 3 0.25523505
1 12 1202.159
2 30 33.19335
2 0 1.3504498
2 8 1.3054014
2 18 19.361906
2 13 0.34610626
2 33 4.884156
2 11 1.4494243
2 29 1.0188324
2 20 4.9985795
2 37 0.9031799
2 27 0.57291126
2 16 2000.0
2 23 45.000004
2 25 1.645392
3 36 0.22868113
3 28 0.12118375
3 24 384.6154
3 12 0.059410132
3 1 0.25523505
3 9 0.19277038
4 31 0.081988595
4 9 0.06983048
4 17 0.07545695
4 19 0.09781095
5 30 0.8749909
5 8 0.9450637
5 18 1.0977314
5 13 2000.0
5 11 2.8116128
5 29 4.23279
5 34 5.515226
5 20 5.6083574
5 37 2000.0
5 7 8.809328
5 27 2.7947526
5 16 1.4353619
5 23 4.293973
6 22 1612.4432
6 31 1.6414845
6 17 1.4424803
7 34 8.542889
7 30 1.496754
7 20 2.6319575
7 8 30.80966
7 37 30.817858
7 16 1.4002296
7 11 8.833055
7 23 1.5287113
7 25 9.321969
7 5 8.809328
8 0 4.344185
8 30 0.6370997
8 18 1.1979816
8 13 2.4285312
8 11 0.70282036
8 29 0.83852273
8 5 0.9450637
8 34 9.409363
8 2 1.3054014
8 37 1.2123281
8 7 30.80966
8 27 2.012247
8 16 1.230717
8 23 0.99773514
9 36 1.4969182
9 26 2000.0
9 28 3.6196852
9 10 3.911157
9 22 0.47947094
9 31 0.030234726
9 3 0.19277038
9 12 2000.0
9 17 0.04250097
9 4 0.06983048
9 19 0.067722104
10 26 0.033299178
10 28 0.18563443
10 24 0.049075056
10 31 0.04977645
10 12 3.1657357
10 9 3.911157
10 17 0.04195736
11 0 21.493763
11 30 0.42982456
11 8 0.70282036
11 18 6.167871
11 13 0.47287184
11 33 3.6566699
11 29 0.737804
11 5 2.8116128
11 34 2.249106
11 20 2.1200573
11 2 1.4494243
11 37 1.28612
11 7 8.833055
11 27 0.46375948
11 16 0.9222093
11 25 1.1940727
12 26 1.3256578
12 28 3.7440002
12 32 0.5532006
12 10 3.1657357
12 24 0.06293459
12 21 0.09444623
12 3 0.059410132
13 30 0.9766653
13 0 0.7126056
13 8 2.4285312
13 18 272.22223
13 33 1.3020859
13 11 0.47287184
13 29 1.3291607
13 34 9.774447
13 20 0.9593487
13 2 0.34610626
13 14 3.168374
13 37 1.5662799
13 27 0.20255917
13 16 118.51852
13 25 0.7839847
14 20 0.67689395
14 13 3.168374
14 33 0.47572404
14 27 1.5817419
14 11 2000.0
14 25 1.3808604
15 32 0.074489035
15 21 1.2786574
16 30 1.1025865
16 0 2000.0
16 8 1.230717
16 18 1.1028702
16 13 118.51852
16 11 0.9222093
16 29 21.335604
16 5 1.4353619
16 20 11.063754
16 37 118.86515
16 7 1.4002296
16 27 1.3656878
16 23 13.984026
16 25 1.2845674
17 26 1.7647718
17 6 1.4424803
17 10 0.04195736
17 24 0.33255118
17 31 1.2364835
17 9 0.04250097
17 4 0.07545695
17 19 2.4890776
18 30 0.71890503
18 0 2000.0
18 8 1.1979816
18 13 272.22223
18 11 6.167871
18 29 1.2320184
18 5 1.0977314
18 2 19.361906
18 37 1.2339956
18 7 2000.0
18 27 5.5676055
18 16 1.1028702
18 23 1.3024491
19 31 0.07593475
19 9 0.067722104
19 17 2.4890776
19 4 0.09781095
20 30 27.762108
20 13 0.9593487
20 33 1.0116675
20 11 2.1200573
20 29 8.310421
20 5 5.6083574
20 34 0.81218225
20 2 4.9985795
20 14 0.67689395
20 37 8.128396
20 7 2.6319575
20 27 1.4557291
20 16 11.063754
20 25 0.7021237
21 32 2000.0
21 24 0.7887642
21 35 0.037566766
21 12 0.09444623
21 15 1.2786574
22 6 1612.4432
22 31 1207.8978
22 9 0.47947094
22 19 1394.0342
23 0 2000.0
23 30 1.6190025
23 2 45.000004
23 8 0.99773514
23 37 2.6769736
23 18 1.3024491
23 7 1.5287113
23 16 13.984026
23 11 2000.0
23 29 3.9073446
23 5 4.293973
24 26 0.054788776
24 32 0.13738258
24 10 0.049075056
24 21 0.7887642
24 31 7.4903607
24 12 0.06293459
24 3 384.6154
24 15 2000.0
24 17 0.33255118
25 30 1.472579
25 13 0.7839847
25 33 0.3639822
25 11 1.1940727
25 29 4.7021594
25 34 4.8541327
25 20 0.7021237
25 2 1.645392
25 14 1.3808604
25 37 19.990171
25 7 9.321969
25 27 0.6403312
25 16 1.2845674
26 36 133.33334
26 32 31.049513
26 28 0.03072869
26 10 0.033299178
26 24 0.054788776
26 31 0.07413857
26 12 1.3256578
26 17 1.7647718
27 0 2000.0
27 30 0.27647513
27 8 2.012247
27 18 5.5676055
27 13 0.20255917
27 33 1.2665806
27 11 0.46375948
27 29 0.7188325
27 5 2.7947526
27 34 0.93457204
27 20 1.4557291
27 2 0.57291126
27 14 1.5817419
27 37 0.9994986
27 7 426.71716
27 16 1.3656878
27 25 0.6403312
28 36 0.031188402
28 26 0.03072869
28 10 0.18563443
28 3 0.12118375
28 12 3.7440002
28 9 3.6196852
29 0 6.452578
29 30 7.3364625
29 8 0.83852273
29 18 1.2320184
29 13 1.3291607
29 11 0.737804
29 5 4.23279
29 34 7.520422
29 20 8.310421
29 2 1.0188324
29 37 1.5405465
29 7 2000.0
29 27 0.7188325
29 16 21.335604
29 23 3.9073446
29 25 4.7021594
30 0 2000.0
30 8 0.6370997
30 18 0.71890503
30 13 0.9766653
30 33 6.23934
30 11 0.42982456
30 29 7.3364625
30 5 0.8749909
30 34 1.2680134
30 20 27.762108
30 2 33.19335
30 14 2000.0
30 37 9.588296
30 7 1.496754
30 27 0.27647513
30 16 1.1025865
30 23 1.6190025
30 25 1.472579
31 26 0.07413857
31 6 1.6414845
31 10 0.04977645
31 24 7.4903607
31 9 0.030234726
31 17 1.2364835
31 4 0.081988595
31 19 0.07593475
32 26 31.049513
32 24 0.13738258
32 12 0.5532006
32 15 0.074489035
33 30 6.23934
33 13 1.3020859
33 11 3.6566699
33 29 1421.591
33 5 2000.0
33 34 2000.0
33 20 1.0116675
33 2 4.884156
33 14 0.47572404
33 7 2000.0
33 27 1.2665806
33 16 2000.0
33 25 0.3639822
34 30 1.2680134
34 20 0.81218225
34 8 9.409363
34 13 9.774447
34 7 8.542889
34 27 0.93457204
34 16 5535.0566
34 11 2.249106
34 25 4.8541327
34 29 7.520422
34 5 5.515226
35 21 0.037566766
36 26 133.33334
36 28 0.031188402
36 3 0.22868113
36 9 1.4969182
37 30 9.588296
37 0 0.71927065
37 8 1.2123281
37 18 1.2339956
37 13 1.5662799
37 11 1.28612
37 29 1.5405465
37 20 8.128396
37 2 0.9031799
37 7 30.817858
37 27 0.9994986
37 16 118.86515
37 23 2.6769736
37 25 19.990171
