0 8 14.266148
0 2 1.24387
0 37 0.850269
0 13 0.89611804
0 11 71.68729
0 29 14.978993
1 3 0.22139609
1 12 1202.159
2 30 14.834218
2 0 1.24387
2 8 3.3962615
2 18 28.472004
2 13 0.62376255
2 33 2.07735
2 11 0.999548
2 29 1.5275451
2 20 2.5862741
2 37 0.89314395
2 27 1.0660841
2 16 2000.0
2 23 54.78161
2 25 1.807159
3 36 0.5398893
3 28 0.07922119
3 24 225.00002
3 12 0.049455058
3 1 0.22139609
3 9 0.44303387
4 31 0.07910191
4 9 0.06757714
4 17 0.11611278
4 19 0.0907564
5 34 1.8536189
5 30 0.7729491
5 20 3.445578
5 8 0.48863637
5 37 2000.0
5 18 0.40816987
5 7 3.9765959
5 27 1.9587533
5 16 2.14516
5 23 5.581338
5 11 5.233189
5 29 2.6184146
6 22 217.57062
6 31 0.33195287
6 17 1.1246351
7 34 12.228172
7 30 0.6467838
7 20 1.6487068
7 8 15.024905
7 37 32.513596
7 16 1.0513619
7 11 5.2730803
7 23 1.22383
7 25 4.640913
7 5 3.9765959
8 0 14.266148
8 30 0.6876909
8 18 1.3458253
8 13 4.466808
8 11 0.86708474
8 29 0.8435259
8 5 0.48863637
8 34 2.177417
8 2 3.3962615
8 37 1.0292482
8 7 15.024905
8 27 1.7593172
8 16 1.6262852
8 23 1.6392645
9 36 0.68538225
9 26 2000.0
9 28 1.183428
9 10 9.514205
9 22 0.46602878
9 31 0.036751486
9 3 0.44303387
9 17 0.037649028
9 4 0.06757714
9 19 0.07933212
10 26 0.1154713
10 28 0.23352055
10 24 0.044625595
10 31 0.03651267
10 12 0.6999505
10 9 9.514205
10 17 0.029358566
11 0 71.68729
11 30 0.42605075
11 8 0.86708474
11 18 6.643268
11 13 0.41630167
11 33 1.8785309
11 29 1.0049742
11 5 5.233189
11 34 2.473082
11 20 1.1588972
11 2 0.999548
11 37 1.3860815
11 7 5.2730803
11 27 0.32672477
11 16 0.9490371
11 25 1.3922372
12 26 7.547543
12 28 2.8956819
12 32 0.2457733
12 10 0.6999505
12 24 0.07798663
12 21 0.08513247
12 3 0.049455058
13 30 1.9977969
13 0 0.89611804
13 8 4.466808
13 18 342.79474
13 33 0.8298946
13 11 0.41630167
13 29 1.1863801
13 5 2000.0
13 34 5.585255
13 20 0.74149495
13 2 0.62376255
13 14 6.071043
13 37 3.2769322
13 27 0.9767282
13 16 243.49756
13 25 0.5998523
14 34 2000.0
14 20 2.100991
14 13 6.071043
14 27 3.6612134
14 33 0.5204742
14 11 2000.0
14 25 3.2870202
15 32 0.07646568
15 21 4.2673745
16 30 1.0659854
16 0 2000.0
16 8 1.6262852
16 18 0.9708267
16 13 243.49756
16 11 0.9490371
16 29 51.52147
16 5 2.14516
16 20 27.105337
16 37 57.80179
16 7 1.0513619
16 27 1.3573631
16 23 17.744928
16 25 1.0977522
17 26 1.770647
17 6 1.1246351
17 10 0.029358566
17 24 0.2721209
17 31 1.1842589
17 9 0.037649028
17 4 0.11611278
17 19 3.938397
18 30 0.65626305
18 2 28.472004
18 8 1.3458253
18 37 1.4070953
18 7 2000.0
18 13 342.79474
18 27 8.834877
18 16 0.9708267
18 23 1.2600042
18 11 6.643268
18 29 1.0045171
18 5 0.40816987
19 31 0.08749764
19 9 0.07933212
19 17 3.938397
19 4 0.0907564
20 0 2000.0
20 30 15.444182
20 13 0.74149495
20 33 1.3194798
20 11 1.1588972
20 29 4.3043785
20 5 3.445578
20 34 1.0143034
20 2 2.5862741
20 14 2.100991
20 37 2.8424063
20 7 1.6487068
20 27 0.77210575
20 16 27.105337
20 25 0.87983996
21 26 2000.0
21 32 833.3334
21 24 0.19887395
21 35 0.04340164
21 12 0.08513247
21 15 4.2673745
22 6 217.57062
22 31 1093.9773
22 9 0.46602878
22 19 1377.7842
23 0 2000.0
23 30 3.1696754
23 2 54.78161
23 8 1.6392645
23 37 2.6816537
23 18 1.2600042
23 7 1.22383
23 16 17.744928
23 11 2000.0
23 29 4.0174227
23 5 5.581338
24 26 0.08193363
24 32 0.09098161
24 10 0.044625595
24 21 0.19887395
24 31 6.7620554
24 12 0.07798663
24 3 225.00002
24 15 2000.0
24 17 0.2721209
25 30 4.2434416
25 13 0.5998523
25 33 0.32223296
25 11 1.3922372
25 29 4.336238
25 34 1.3567466
25 20 0.87983996
25 2 1.807159
25 14 3.2870202
25 37 102.51657
25 7 4.640913
25 27 0.86367935
25 16 1.0977522
26 36 133.33334
26 32 60.583336
26 28 0.17906547
26 10 0.1154713
26 24 0.08193363
26 31 0.090311006
26 12 7.547543
26 17 1.770647
27 0 2000.0
27 30 0.9379221
27 8 1.7593172
27 18 8.834877
27 13 0.9767282
27 33 1.861525
27 11 0.32672477
27 29 1.0196939
27 5 1.9587533
27 34 0.8997831
27 20 0.77210575
27 2 1.0660841
27 14 3.6612134
27 37 1.0536808
27 7 3489.6023
27 16 1.3573631
27 25 0.86367935
28 36 0.039232954
28 26 0.17906547
28 10 0.23352055
28 3 0.07922119
28 12 2.8956819
28 9 1.183428
29 0 14.978993
29 30 3.1579447
29 8 0.8435259
29 18 1.0045171
29 13 1.1863801
29 11 1.0049742
29 5 2.6184146
29 34 4.625396
29 20 4.3043785
29 2 1.5275451
29 37 0.963919
29 7 2000.0
29 27 1.0196939
29 16 51.52147
29 23 4.0174227
29 25 4.336238
30 0 2000.0
30 8 0.6876909
30 18 0.65626305
30 13 1.9977969
30 33 2.261905
30 11 0.42605075
30 29 3.1579447
30 5 0.7729491
30 34 1.3267812
30 20 15.444182
30 2 14.834218
30 37 6.7220454
30 7 0.6467838
30 27 0.9379221
30 16 1.0659854
30 23 3.1696754
30 25 4.2434416
31 26 0.090311006
31 6 0.33195287
31 10 0.03651267
31 24 6.7620554
31 9 0.036751486
31 17 1.1842589
31 4 0.07910191
31 19 0.08749764
32 26 60.583336
32 24 0.09098161
32 21 833.3334
32 12 0.2457733
32 15 0.07646568
33 34 2000.0
33 30 2.261905
33 20 1.3194798
33 2 2.07735
33 14 0.5204742
33 7 2000.0
33 13 0.8298946
33 27 1.861525
33 16 2226.3638
33 11 1.8785309
33 29 1836.5342
33 25 0.32223296
34 30 1.3267812
34 20 1.0143034
34 8 2.177417
34 13 5.585255
34 7 12.228172
34 27 0.8997831
34 16 1215.0568
34 11 2.473082
34 25 1.3567466
34 29 4.625396
34 5 1.8536189
35 21 0.04340164
36 26 133.33334
36 28 0.039232954
36 3 0.5398893
36 9 0.68538225
37 30 6.7220454
37 0 0.850269
37 8 1.0292482
37 18 1.4070953
37 13 3.2769322
37 11 1.3860815
37 29 0.963919
37 20 2.8424063
37 2 0.89314395
37 7 32.513596
37 27 1.0536808
37 16 57.80179
37 23 2.6816537
37 25 102.51657
