0 8 8.353006
0 2 0.86156833
0 37 0.81364983
0 13 1.2544909
0 11 47.65069
0 29 15.392441
0 25 2000.0
1 3 0.22514664
1 12 36.363636
2 30 9.778363
2 0 0.86156833
2 8 1.3436337
2 18 13.560161
2 13 0.36662632
2 33 1.9029685
2 11 1.7024894
2 29 1.1782709
2 20 4.889489
2 37 0.8244161
2 27 0.678305
2 23 42.89801
2 25 1.3589092
3 36 0.235945
3 28 0.087519266
3 24 2000.0
3 12 0.059366427
3 1 0.22514664
3 9 0.26774132
4 31 0.06521465
4 9 0.06725649
4 17 0.08536931
4 19 0.09168129
5 30 0.6781949
5 8 0.6533026
5 18 0.5282884
5 13 2000.0
5 11 3.4064522
5 29 3.467242
5 34 1.4006207
5 20 2.0023525
5 37 2000.0
5 7 5.78957
5 27 2.462818
5 16 2.9280496
5 23 3.1478906
6 31 1.8369724
6 17 1.5134423
7 34 12.145155
7 30 0.87014055
7 20 1.6813756
7 8 16.784922
7 37 13.573297
7 27 80.0
7 16 1.4646655
7 11 5.5540876
7 23 1.1670868
7 25 3.7086039
7 5 5.78957
8 0 8.353006
8 30 0.684643
8 18 0.71325755
8 13 3.1209497
8 11 0.7817964
8 29 0.8617081
8 5 0.6533026
8 34 1.756169
8 2 1.3436337
8 37 1.2591068
8 7 16.784922
8 27 1.3223196
8 16 1.3073772
8 23 1.0504985
9 36 1.0948445
9 26 2000.0
9 28 0.78778416
9 10 7.7135115
9 22 0.54503196
9 31 0.042923737
9 3 0.26774132
9 17 0.044764362
9 4 0.06725649
9 19 0.06725624
10 26 0.035665054
10 28 0.18219697
10 24 0.06149019
10 31 0.031022727
10 12 7.1521463
10 9 7.7135115
10 17 0.03163189
11 0 47.65069
11 30 0.3733657
11 8 0.7817964
11 18 5.948403
11 13 0.6310386
11 33 4.82197
11 29 1.0360531
11 5 3.4064522
11 34 2.1601884
11 20 1.033086
11 2 1.7024894
11 37 1.6698234
11 7 5.5540876
11 27 0.48002413
11 16 0.82099384
11 25 0.90394235
12 26 1.8804998
12 28 2.6749628
12 32 0.2368895
12 10 7.1521463
12 24 0.067328945
12 21 0.08606556
12 3 0.059366427
12 1 36.363636
13 30 1.3403264
13 0 1.2544909
13 8 3.1209497
13 18 2000.0
13 33 0.9347294
13 11 0.6310386
13 29 0.9258534
13 34 12.465341
13 20 0.6737944
13 2 0.36662632
13 14 5.810059
13 37 3.064114
13 27 0.2068091
13 16 175.9829
13 25 0.5319677
14 20 2.643888
14 13 5.810059
14 33 0.37707385
14 27 2.14173
14 11 2000.0
14 25 1.3312982
15 32 0.06896057
15 21 1.2131948
16 0 2000.0
16 30 1.0846409
16 8 1.3073772
16 18 0.7840703
16 13 175.9829
16 11 0.82099384
16 29 82.663414
16 5 2.9280496
16 20 5.3674684
16 37 91.16219
16 7 1.4646655
16 27 1.2666825
16 23 7.1108346
16 25 1.2009542
17 26 1.7150683
17 6 1.5134423
17 10 0.03163189
17 24 0.17525609
17 31 1.1521094
17 9 0.044764362
17 4 0.08536931
17 19 1.1316218
18 30 0.7185804
18 2 13.560161
18 8 0.71325755
18 37 1.2291514
18 7 2000.0
18 27 5.5453186
18 16 0.7840703
18 23 1.2660389
18 11 5.948403
18 29 0.9978684
18 5 0.5282884
19 31 0.083466716
19 9 0.06725624
19 17 1.1316218
19 4 0.09168129
20 0 2000.0
20 30 3.8044195
20 13 0.6737944
20 33 0.92524934
20 11 1.033086
20 29 1.5241561
20 5 2.0023525
20 34 0.93829554
20 2 4.889489
20 14 2.643888
20 37 1.7616123
20 7 1.6813756
20 27 0.8306382
20 16 5.3674684
20 25 0.6583718
21 10 2000.0
21 24 0.096813455
21 35 0.049444515
21 12 0.08606556
21 15 1.2131948
22 6 1300.625
22 31 1199.8864
22 9 0.54503196
22 19 1329.8296
23 0 2000.0
23 30 1.6097378
23 2 42.89801
23 8 1.0504985
23 37 2.9175622
23 18 1.2660389
23 7 1.1670868
23 16 7.1108346
23 11 2000.0
23 29 2.6544003
23 5 3.1478906
24 26 0.052583877
24 32 0.097431496
24 10 0.06149019
24 21 0.096813455
24 31 9.000832
24 3 2000.0
24 12 0.067328945
24 15 2000.0
24 17 0.17525609
25 0 2000.0
25 30 2.3123717
25 13 0.5319677
25 33 0.586127
25 11 0.90394235
25 29 2.2905006
25 34 1.7666138
25 20 0.6583718
25 2 1.3589092
25 14 1.3312982
25 37 16.1247
25 7 3.7086039
25 27 0.52334756
25 16 1.2009542
26 36 91.374016
26 32 33.01902
26 28 0.035860658
26 10 0.035665054
26 24 0.052583877
26 31 0.063552804
26 12 1.8804998
26 17 1.7150683
27 0 2000.0
27 30 0.20060912
27 8 1.3223196
27 18 5.5453186
27 13 0.2068091
27 33 0.9586941
27 11 0.48002413
27 29 0.4977709
27 5 2.462818
27 34 0.99590737
27 20 0.8306382
27 2 0.678305
27 14 2.14173
27 37 1.050118
27 7 80.0
27 16 1.2666825
27 25 0.52334756
28 36 0.030847646
28 26 0.035860658
28 10 0.18219697
28 3 0.087519266
28 12 2.6749628
28 9 0.78778416
29 0 15.392441
29 30 2.7233324
29 8 0.8617081
29 18 0.9978684
29 13 0.9258534
29 11 1.0360531
29 5 3.467242
29 34 5.218845
29 20 1.5241561
29 2 1.1782709
29 37 0.8612176
29 7 2000.0
29 27 0.4977709
29 16 82.663414
29 23 2.6544003
29 25 2.2905006
30 0 2000.0
30 8 0.684643
30 18 0.7185804
30 13 1.3403264
30 33 2.8511696
30 11 0.3733657
30 29 2.7233324
30 5 0.6781949
30 34 0.94950414
30 20 3.8044195
30 2 9.778363
30 14 2000.0
30 37 6.0983405
30 7 0.87014055
30 27 0.20060912
30 16 1.0846409
30 23 1.6097378
30 25 2.3123717
31 26 0.063552804
31 6 1.8369724
31 10 0.031022727
31 24 9.000832
31 9 0.042923737
31 17 1.1521094
31 4 0.06521465
31 19 0.083466716
32 26 33.01902
32 24 0.097431496
32 12 0.2368895
32 15 0.06896057
33 30 2.8511696
33 8 2000.0
33 13 0.9347294
33 11 4.82197
33 29 3275.3408
33 34 2000.0
33 20 0.92524934
33 2 1.9029685
33 14 0.37707385
33 7 2000.0
33 27 0.9586941
33 16 1998.8635
33 25 0.586127
34 30 0.94950414
34 20 0.93829554
34 8 1.756169
34 7 12.145155
34 13 12.465341
34 27 0.99590737
34 16 3216.9885
34 11 2.1601884
34 25 1.7666138
34 29 5.218845
34 5 1.4006207
35 21 0.049444515
36 26 91.374016
36 28 0.030847646
36 3 0.235945
36 9 1.0948445
37 30 6.0983405
37 0 0.81364983
37 8 1.2591068
37 18 1.2291514
37 13 3.064114
37 11 1.6698234
37 29 0.8612176
37 20 1.7616123
37 2 0.8244161
37 7 13.573297
37 27 1.050118
37 16 91.16219
37 23 2.9175622
37 25 16.1247
