0 8 3.6264234
0 2 0.75738627
0 37 0.9835533
0 13 1.2103596
0 11 10.747564
0 29 11.750697
1 3 0.19315816
1 12 71.403694
2 30 11.431692
2 0 0.75738627
2 8 1.2025083
2 18 12.714905
2 13 0.530292
2 33 1.346874
2 11 1.1209302
2 29 0.7823772
2 20 1.4197997
2 37 0.578321
2 27 0.49958766
2 16 2000.0
2 23 12.660021
2 25 1.7161262
3 36 0.31430653
3 28 0.09025424
3 24 171.42857
3 12 0.051889412
3 1 0.19315816
3 9 0.2840489
4 31 0.1021875
4 9 0.0667749
4 17 0.08106564
4 19 0.08446664
5 30 0.6935837
5 8 0.9251109
5 18 0.40205407
5 13 188.09233
5 11 2.4150403
5 29 2.1270514
5 34 1.3767614
5 20 3.3693604
5 37 2000.0
5 7 3.5871432
5 27 2.2573714
5 16 2.0642018
5 23 2.742591
6 22 126.65455
6 31 0.46441
6 17 1.4552425
7 34 11.818371
7 30 0.89156014
7 20 1.7893406
7 8 49.061646
7 37 18.309704
7 27 200.0
7 16 1.0849228
7 11 10.861818
7 23 1.1571038
7 25 8.341488
7 5 3.5871432
8 0 3.6264234
8 30 0.76673156
8 18 1.3465052
8 13 3.2340405
8 11 1.6701195
8 29 0.4730533
8 5 0.9251109
8 34 3.218199
8 2 1.2025083
8 37 0.9760881
8 7 49.061646
8 27 1.4184303
8 16 1.2097647
8 23 1.0883989
9 36 0.77529806
9 26 2000.0
9 28 3.2027059
9 10 8.871972
9 22 0.23540899
9 31 0.03745601
9 3 0.2840489
9 17 0.1702651
9 4 0.0667749
9 19 0.07443753
10 26 0.035684556
10 28 0.43314397
10 24 0.0659585
10 31 0.037654087
10 12 9.341143
10 9 8.871972
10 17 0.03163189
11 0 10.747564
11 30 0.3989311
11 8 1.6701195
11 18 7.681983
11 13 0.57304496
11 33 2.6789021
11 29 0.593715
11 5 2.4150403
11 34 2.1047719
11 20 0.78921485
11 2 1.1209302
11 37 1.3525735
11 7 10.861818
11 27 0.41762283
11 16 0.83827764
11 25 0.8306667
12 26 1.5267808
12 28 4.2995973
12 32 0.24714513
12 10 9.341143
12 24 0.07619994
12 21 0.09101685
12 3 0.051889412
12 1 71.403694
13 0 1.2103596
13 30 3.4966216
13 8 3.2340405
13 18 96.726364
13 33 0.7968884
13 11 0.57304496
13 29 0.66284716
13 5 188.09233
13 34 10.715859
13 20 0.64138246
13 2 0.530292
13 14 2.6221275
13 37 0.6805429
13 27 0.3511016
13 16 40.87569
13 25 0.5336588
14 30 2000.0
14 20 0.9462791
14 13 2.6221275
14 27 1.3645406
14 33 0.34969056
14 11 2000.0
14 25 1.7761633
15 32 0.0801407
15 21 1.8580805
16 30 1.1020494
16 0 2000.0
16 8 1.2097647
16 18 1.0676582
16 13 40.87569
16 33 102.72111
16 11 0.83827764
16 29 7.884031
16 5 2.0642018
16 20 3.9983985
16 37 19.238636
16 7 1.0849228
16 27 1.3342768
16 23 4.05895
16 25 1.0243007
17 26 1.7739283
17 6 1.4552425
17 10 0.03163189
17 24 0.33695874
17 31 1.3852015
17 9 0.1702651
17 4 0.08106564
17 19 5.452651
18 30 0.8122356
18 2 12.714905
18 8 1.3465052
18 37 1.0105093
18 13 96.726364
18 7 2000.0
18 27 4.5638795
18 16 1.0676582
18 23 1.4080974
18 11 7.681983
18 29 1.0604267
18 5 0.40205407
19 31 0.08929769
19 9 0.07443753
19 17 5.452651
19 4 0.08446664
20 30 43.971775
20 13 0.64138246
20 33 1.871173
20 11 0.78921485
20 29 4.557309
20 5 3.3693604
20 34 0.9172309
20 2 1.4197997
20 14 0.9462791
20 37 1.8261026
20 7 1.7893406
20 27 0.57578313
20 16 3.9983985
20 25 0.3335568
21 32 2000.0
21 10 2000.0
21 24 1.1248786
21 35 0.0372225
21 12 0.09101685
21 15 1.8580805
22 6 126.65455
22 31 1181.1932
22 9 0.23540899
22 19 1288.409
23 0 2000.0
23 30 1.0237678
23 2 12.660021
23 8 1.0883989
23 37 1.5972778
23 18 1.4080974
23 7 1.1571038
23 16 4.05895
23 11 2000.0
23 29 1.8732654
23 5 2.742591
24 26 0.049593892
24 32 0.07810401
24 10 0.0659585
24 21 1.1248786
24 31 16.443466
24 12 0.07619994
24 3 171.42857
24 15 2000.0
24 17 0.33695874
25 30 11.209004
25 13 0.5336588
25 33 0.7067007
25 11 0.8306667
25 29 4.449616
25 34 1.5068694
25 20 0.3335568
25 2 1.7161262
25 14 1.7761633
25 37 68.32246
25 7 8.341488
25 27 0.5805153
25 16 1.0243007
26 36 163.63637
26 32 20.97078
26 28 0.04797914
26 10 0.035684556
26 24 0.049593892
26 31 0.06073668
26 12 1.5267808
26 17 1.7739283
27 0 2000.0
27 30 0.5030303
27 8 1.4184303
27 18 4.5638795
27 13 0.3511016
27 33 0.91130763
27 11 0.41762283
27 29 0.679408
27 5 2.2573714
27 34 0.9569745
27 20 0.57578313
27 2 0.49958766
27 14 1.3645406
27 37 0.70217746
27 7 200.0
27 16 1.3342768
27 25 0.5805153
28 36 0.035575513
28 26 0.04797914
28 10 0.43314397
28 3 0.09025424
28 12 4.2995973
28 9 3.2027059
29 0 11.750697
29 30 3.820867
29 8 0.4730533
29 18 1.0604267
29 13 0.66284716
29 33 74.28558
29 11 0.593715
29 5 2.1270514
29 34 10.484738
29 20 4.557309
29 2 0.7823772
29 37 1.046612
29 7 2000.0
29 27 0.679408
29 16 7.884031
29 23 1.8732654
29 25 4.449616
30 0 2000.0
30 8 0.76673156
30 18 0.8122356
30 13 3.4966216
30 33 1.6359745
30 11 0.3989311
30 29 3.820867
30 5 0.6935837
30 34 1.3061646
30 20 43.971775
30 2 11.431692
30 37 19.724588
30 7 0.89156014
30 27 0.5030303
30 16 1.1020494
30 23 1.0237678
30 25 11.209004
31 26 0.06073668
31 6 0.46441
31 10 0.037654087
31 24 16.443466
31 9 0.03745601
31 17 1.3852015
31 4 0.1021875
31 19 0.08929769
32 26 20.97078
32 24 0.07810401
32 12 0.24714513
32 15 0.0801407
33 34 2000.0
33 30 1.6359745
33 20 1.871173
33 2 1.346874
33 14 0.34969056
33 7 2000.0
33 13 0.7968884
33 27 0.91130763
33 16 102.72111
33 11 2.6789021
33 29 74.28558
33 25 0.7067007
34 30 1.3061646
34 20 0.9172309
34 8 3.218199
34 13 10.715859
34 7 11.818371
34 27 0.9569745
34 16 1215.0568
34 11 2.1047719
34 25 1.5068694
34 29 10.484738
34 5 1.3767614
35 21 0.0372225
36 26 163.63637
36 28 0.035575513
36 3 0.31430653
36 9 0.77529806
37 0 0.9835533
37 30 19.724588
37 8 0.9760881
37 18 1.0105093
37 13 0.6805429
37 11 1.3525735
37 29 1.046612
37 20 1.8261026
37 2 0.578321
37 7 18.309704
37 27 0.70217746
37 16 19.238636
37 23 1.5972778
37 25 68.32246
