0 8 5.9080663
0 2 1.3260754
0 37 0.6917772
0 13 0.6546714
0 11 8.151131
0 29 6.4074674
1 3 0.27217743
1 12 72.12955
2 30 33.8413
2 0 1.3260754
2 8 1.3694538
2 18 9.071117
2 13 0.37769732
2 33 3.0844927
2 11 0.9958056
2 29 0.8767769
2 20 4.1792755
2 37 0.9447053
2 27 0.362936
2 23 22.166948
2 25 2.074775
3 36 0.39788
3 28 0.12776235
3 24 312.5
3 12 0.076045446
3 1 0.27217743
3 9 0.49624947
4 31 0.085647725
4 9 0.07100379
4 17 0.09414868
4 19 0.09121647
5 30 0.9038993
5 8 0.75155896
5 18 1.1170455
5 13 2000.0
5 11 5.351335
5 29 3.244739
5 34 6.8610744
5 20 7.992319
5 37 2000.0
5 7 9.605939
5 27 2.8367085
5 16 2.4474092
5 23 4.1245713
6 24 2000.0
6 31 0.9880334
6 17 0.5285094
7 34 14.592426
7 30 2.800264
7 20 2.053872
7 8 37.910576
7 37 7.992892
7 27 95.18377
7 16 1.4516889
7 11 6.5690384
7 23 1.2090603
7 25 10.404215
7 5 9.605939
8 0 5.9080663
8 30 1.2111773
8 18 1.0977234
8 13 3.340671
8 11 0.7424551
8 29 0.9874403
8 5 0.75155896
8 34 2.887852
8 2 1.3694538
8 37 0.7267907
8 7 37.910576
8 27 1.9997278
8 16 1.3495797
8 23 0.827568
9 36 1.2680933
9 26 2000.0
9 28 1.2532115
9 10 4.5228457
9 22 0.11559293
9 31 0.028998272
9 3 0.49624947
9 17 0.04732438
9 4 0.07100379
9 19 0.073824584
10 26 0.03342605
10 28 0.26243687
10 24 0.05206497
10 31 0.051340606
10 12 4.1512504
10 9 4.5228457
10 17 0.043964233
11 0 8.151131
11 30 0.52374864
11 8 0.7424551
11 18 11.545636
11 13 0.66283315
11 33 1.8289033
11 29 0.7499087
11 5 5.351335
11 34 2.3423738
11 20 1.5196247
11 2 0.9958056
11 37 1.0691574
11 7 6.5690384
11 27 0.9651823
11 16 0.93636805
11 25 0.99002874
12 26 1.1353962
12 28 3.6816196
12 32 0.30451047
12 10 4.1512504
12 24 0.09172327
12 21 0.09665949
12 3 0.076045446
12 1 72.12955
13 30 4.4886055
13 0 0.6546714
13 8 3.340671
13 18 2000.0
13 33 1.5269947
13 11 0.66283315
13 29 0.8026969
13 34 13.323981
13 20 1.173414
13 2 0.37769732
13 14 2.6797469
13 37 1.494796
13 27 0.4805393
13 16 160.83807
13 25 0.73850834
14 20 0.9318563
14 13 2.6797469
14 33 0.97943085
14 27 2.3336778
14 11 2000.0
14 25 1.1359503
15 32 0.068581015
15 21 1.0866065
16 0 2000.0
16 30 1.1024374
16 8 1.3495797
16 18 1.0093746
16 13 160.83807
16 11 0.93636805
16 29 24.270048
16 5 2.4474092
16 20 9.761711
16 37 96.67868
16 7 1.4516889
16 27 1.440669
16 23 13.188617
16 25 1.1758285
17 26 1.7745848
17 6 0.5285094
17 10 0.043964233
17 24 0.22258829
17 31 1.1636049
17 9 0.04732438
17 4 0.09414868
17 19 2.2416492
18 30 0.75505126
18 2 9.071117
18 8 1.0977234
18 37 1.4555628
18 7 2000.0
18 27 6.585156
18 16 1.0093746
18 23 1.0532873
18 11 11.545636
18 29 1.1029528
18 5 1.1170455
19 31 0.067882545
19 9 0.073824584
19 17 2.2416492
19 4 0.09121647
20 30 37.04683
20 13 1.173414
20 33 1.933376
20 11 1.5196247
20 29 6.8925767
20 5 7.992319
20 34 0.8378449
20 2 4.1792755
20 14 0.9318563
20 37 3.236918
20 7 2.053872
20 27 1.0540503
20 16 9.761711
20 25 0.56473947
21 24 0.2500881
21 35 0.03968456
21 12 0.09665949
21 15 1.0866065
22 6 1202.2728
22 31 144.5625
22 9 0.11559293
22 19 1394.0342
23 0 2000.0
23 30 1.2226076
23 2 22.166948
23 8 0.827568
23 37 1.2107333
23 18 1.0532873
23 7 1.2090603
23 16 13.188617
23 11 2000.0
23 29 2.224631
23 5 4.1245713
24 26 0.054135103
24 32 0.11505257
24 10 0.05206497
24 21 0.2500881
24 31 11.3032465
24 12 0.09172327
24 3 312.5
24 15 2000.0
24 17 0.22258829
25 30 5.061104
25 13 0.73850834
25 33 0.34682631
25 11 0.99002874
25 29 3.9100564
25 34 2.6424088
25 20 0.56473947
25 2 2.074775
25 14 1.1359503
25 37 48.856533
25 7 10.404215
25 27 0.7221706
25 16 1.1758285
26 36 105.683525
26 32 31.59117
26 28 0.036439393
26 10 0.03342605
26 24 0.054135103
26 31 0.08982007
26 12 1.1353962
26 17 1.7745848
27 0 2000.0
27 30 0.8068541
27 8 1.9997278
27 18 6.585156
27 13 0.4805393
27 33 0.9194632
27 11 0.9651823
27 29 0.65048593
27 5 2.8367085
27 34 1.0162438
27 20 1.0540503
27 2 0.362936
27 14 2.3336778
27 37 1.3844488
27 7 95.18377
27 16 1.440669
27 25 0.7221706
28 36 0.034905307
28 26 0.036439393
28 10 0.26243687
28 3 0.12776235
28 12 3.6816196
28 9 1.2532115
29 0 6.4074674
29 30 3.2404587
29 8 0.9874403
29 18 1.1029528
29 13 0.8026969
29 11 0.7499087
29 5 3.244739
29 34 4.955242
29 20 6.8925767
29 2 0.8767769
29 37 0.8157097
29 7 2000.0
29 27 0.65048593
29 16 24.270048
29 23 2.224631
29 25 3.9100564
30 0 2000.0
30 8 1.2111773
30 18 0.75505126
30 13 4.4886055
30 33 10.522884
30 11 0.52374864
30 29 3.2404587
30 5 0.9038993
30 34 2.7924922
30 20 37.04683
30 2 33.8413
30 14 2000.0
30 37 7.760298
30 7 2.800264
30 27 0.8068541
30 16 1.1024374
30 23 1.2226076
30 25 5.061104
31 26 0.08982007
31 6 0.9880334
31 10 0.051340606
31 24 11.3032465
31 22 144.5625
31 9 0.028998272
31 17 1.1636049
31 4 0.085647725
31 19 0.067882545
32 26 31.59117
32 24 0.11505257
32 12 0.30451047
32 15 0.068581015
33 30 10.522884
33 8 2000.0
33 13 1.5269947
33 11 1.8289033
33 29 7413.75
33 5 2000.0
33 34 2000.0
33 20 1.933376
33 2 3.0844927
33 14 0.97943085
33 7 2000.0
33 27 0.9194632
33 16 2000.0
33 25 0.34682631
34 30 2.7924922
34 20 0.8378449
34 8 2.887852
34 13 13.323981
34 7 14.592426
34 27 1.0162438
34 16 1215.0568
34 11 2.3423738
34 25 2.6424088
34 29 4.955242
34 5 6.8610744
35 21 0.03968456
36 26 105.683525
36 28 0.034905307
36 3 0.39788
36 9 1.2680933
37 30 7.760298
37 0 0.6917772
37 8 0.7267907
37 18 1.4555628
37 13 1.494796
37 11 1.0691574
37 29 0.8157097
37 20 3.236918
37 2 0.9447053
37 7 7.992892
37 27 1.3844488
37 16 96.67868
37 23 1.2107333
37 25 48.856533
