0 2 0.85885507
0 37 1.229362
0 13 0.88151807
0 29 14.861973
0 25 14.556819
1 3 0.8686636
1 12 37.029663
2 30 17.417845
2 0 0.85885507
2 8 1.2818722
2 18 1.9338202
2 13 0.5276943
2 33 1.7397152
2 11 1.1604142
2 29 1.0038352
2 20 3.109011
2 37 0.81735164
2 27 1.1143556
2 16 2000.0
2 23 12.083807
2 25 0.7691541
3 36 0.5359348
3 28 2.9906251
3 24 2000.0
3 12 0.077701546
3 1 0.8686636
3 9 1.1932007
4 31 0.06646014
4 9 0.083266914
4 17 0.16158669
4 19 0.07459506
5 30 0.6965188
5 8 0.26133963
5 18 0.7297806
5 13 25.24797
5 11 1.9781199
5 29 3.4144566
5 34 1.6324522
5 20 3.130994
5 37 6.735551
5 7 7.53405
5 27 1.588695
5 16 1.1929847
5 23 2.7688222
5 25 2000.0
6 31 0.20283902
6 17 3.9393504
7 30 0.81126714
7 8 10.005266
7 37 83.51833
7 16 1.2153612
7 23 1.1669862
7 11 148.725
7 25 7.779763
7 5 7.53405
8 0 2000.0
8 30 0.54671013
8 18 1.2931428
8 13 1.65917
8 11 0.8219573
8 29 0.21876934
8 5 0.26133963
8 34 60.119156
8 2 1.2818722
8 37 0.8001202
8 7 10.005266
8 27 1.8009377
8 16 1.406324
8 23 0.8340375
8 25 2000.0
9 36 0.5297328
9 26 2000.0
9 28 1.0828896
9 10 22.360249
9 22 0.050775148
9 31 0.028368998
9 3 1.1932007
9 12 2000.0
9 4 0.083266914
9 17 0.0351043
9 19 0.06400615
10 26 0.030563632
10 28 0.37409878
10 24 0.100684926
10 31 31.49915
10 12 1293.3523
10 9 22.360249
10 17 0.033779703
11 0 2000.0
11 30 0.7145638
11 8 0.8219573
11 18 6.854391
11 13 0.70041317
11 33 2.2113335
11 29 0.8807552
11 5 1.9781199
11 34 2.2541454
11 20 1.6743591
11 2 1.1604142
11 37 1.3525994
11 7 148.725
11 27 0.5397223
11 16 1.2743499
11 25 1.0726187
12 26 0.5452267
12 32 11.8171
12 24 0.07098665
12 21 0.13580805
12 3 0.077701546
12 1 37.029663
13 30 8.551491
13 0 0.88151807
13 8 1.65917
13 18 497.3811
13 33 1.1783957
13 11 0.70041317
13 29 0.89249325
13 5 25.24797
13 34 200.0
13 20 1.1612195
13 2 0.5276943
13 14 4.565302
13 37 1.2394817
13 7 2000.0
13 27 0.6344997
13 16 24.342487
13 25 0.23025969
14 30 6.6019354
14 20 1.2032899
14 13 4.565302
14 27 2.7483408
14 33 0.39484692
14 11 2000.0
14 25 1.9664322
15 32 0.07871297
15 21 7.196218
16 0 2000.0
16 30 1.3022094
16 8 1.406324
16 18 1.4264519
16 13 24.342487
16 11 1.2743499
16 5 1.1929847
16 34 18.822268
16 20 30.106884
16 7 1.2153612
16 27 1.9055274
16 23 2.5347586
16 25 1.3293723
17 6 3.9393504
17 26 3.174603
17 10 0.033779703
17 24 0.19422053
17 31 1.3112112
17 9 0.0351043
17 4 0.16158669
17 19 1307.3864
18 0 2000.0
18 30 0.6815341
18 8 1.2931428
18 13 497.3811
18 11 6.854391
18 29 1.3053596
18 5 0.7297806
18 2 1.9338202
18 37 1.8052766
18 7 2000.0
18 27 29.817068
18 16 1.4264519
18 23 1.3801078
19 31 0.059826292
19 9 0.06400615
19 4 0.07459506
19 17 1307.3864
20 30 1.6381578
20 13 1.1612195
20 33 1.1467327
20 11 1.6743591
20 29 18.844877
20 5 3.130994
20 34 0.9449228
20 2 3.109011
20 14 1.2032899
20 37 1.7297078
20 7 1638.4658
20 27 1.6683809
20 16 30.106884
20 25 0.36792654
21 32 2000.0
21 24 1.2406389
21 35 0.03111993
21 31 2000.0
21 12 0.13580805
21 15 7.196218
22 31 104.347824
22 9 0.050775148
22 19 2000.0
23 0 2000.0
23 30 1.5658699
23 8 0.8340375
23 2 12.083807
23 37 1.1036931
23 18 1.3801078
23 7 1.1669862
23 16 2.5347586
23 11 2000.0
23 29 1.0357683
23 5 2.7688222
24 26 0.03743705
24 32 0.37711778
24 10 0.100684926
24 21 1.2406389
24 12 0.07098665
24 15 2000.0
24 17 0.19422053
25 30 20.760115
25 0 14.556819
25 13 0.23025969
25 33 0.7200528
25 11 1.0726187
25 29 1.6665728
25 34 2.3165772
25 20 0.36792654
25 2 0.7691541
25 14 1.9664322
25 37 100.03497
25 7 7.779763
25 27 0.21838498
25 16 1.3293723
26 32 48.04394
26 28 0.061231066
26 10 0.030563632
26 24 0.03743705
26 31 0.122789115
26 12 0.5452267
26 17 3.174603
27 30 0.6727889
27 0 2000.0
27 8 1.8009377
27 18 29.817068
27 13 0.6344997
27 33 0.8393276
27 11 0.5397223
27 29 0.8991344
27 5 1.588695
27 34 0.8746551
27 20 1.6683809
27 2 1.1143556
27 14 2.7483408
27 37 0.92642474
27 7 7117.8975
27 16 1.9055274
27 25 0.21838498
28 36 0.03437034
28 26 0.061231066
28 10 0.37409878
28 3 2.9906251
28 12 1211.9319
28 9 1.0828896
28 19 1378.2386
29 0 14.861973
29 30 0.82369924
29 8 0.21876934
29 18 1.3053596
29 13 0.89249325
29 33 23.339222
29 11 0.8807552
29 5 3.4144566
29 34 2.8952363
29 20 18.844877
29 2 1.0038352
29 37 0.7567364
29 7 2000.0
29 27 0.8991344
29 16 2000.0
29 23 1.0357683
29 25 1.6665728
30 8 0.54671013
30 18 0.6815341
30 13 8.551491
30 33 5.8736115
30 11 0.7145638
30 29 0.82369924
30 5 0.6965188
30 34 1.0807874
30 20 1.6381578
30 2 17.417845
30 14 6.6019354
30 37 12.048311
30 7 0.81126714
30 27 0.6727889
30 16 1.3022094
30 23 1.5658699
30 25 20.760115
31 26 0.122789115
31 6 0.20283902
31 10 31.49915
31 35 68.984604
31 22 104.347824
31 9 0.028368998
31 4 0.06646014
31 17 1.3112112
31 19 0.059826292
32 26 48.04394
32 24 0.37711778
32 12 11.8171
32 15 0.07871297
33 30 5.8736115
33 8 2000.0
33 13 1.1783957
33 11 2.2113335
33 29 23.339222
33 5 2000.0
33 34 2000.0
33 20 1.1467327
33 2 1.7397152
33 14 0.39484692
33 7 2000.0
33 27 0.8393276
33 16 3017.898
33 25 0.7200528
34 30 1.0807874
34 20 0.9449228
34 8 60.119156
34 37 2000.0
34 7 2000.0
34 13 200.0
34 27 0.8746551
34 16 18.822268
34 11 2.2541454
34 29 2.8952363
34 25 2.3165772
34 5 1.6324522
35 21 0.03111993
35 31 68.984604
36 28 0.03437034
36 3 0.5359348
36 9 0.5297328
37 30 12.048311
37 0 1.229362
37 8 0.8001202
37 18 1.8052766
37 13 1.2394817
37 11 1.3525994
37 29 0.7567364
37 5 6.735551
37 20 1.7297078
37 2 0.81735164
37 7 83.51833
37 27 0.92642474
37 16 2000.0
37 23 1.1036931
37 25 100.03497
