0 8 4.6625085
0 2 1.4351411
0 37 0.942151
0 13 0.85241777
0 11 21.205086
0 29 8.495916
0 25 2000.0
1 3 0.27988216
1 12 72.72727
2 30 11.150643
2 0 1.4351411
2 8 1.1628097
2 18 5.617446
2 13 0.3294439
2 33 2.1219337
2 11 0.6744561
2 29 0.86623925
2 20 4.3901396
2 37 0.97534585
2 27 0.51827365
2 23 21.879547
2 25 1.4680688
3 36 0.1936027
3 28 0.12793897
3 24 245.00002
3 12 0.06496544
3 1 0.27988216
3 9 0.23678596
4 31 0.0780582
4 9 0.06757698
4 17 0.0854848
4 19 0.08316198
5 30 1.8215524
5 8 0.8992921
5 18 0.3344997
5 13 2000.0
5 11 1.5617381
5 29 4.8797617
5 34 2.2921402
5 20 1.6979924
5 37 2000.0
5 7 4.8410935
5 27 2.5235493
5 16 1.4646946
5 23 4.452637
6 31 1.3559977
6 17 1.5984749
7 34 8.495575
7 30 1.9199264
7 20 1.7769744
7 8 29.140392
7 37 16.122566
7 16 1.2878112
7 11 5.8708773
7 23 0.80630887
7 25 6.846008
7 5 4.8410935
8 0 4.6625085
8 30 0.6845942
8 18 1.2619901
8 13 1.9791785
8 11 1.1802453
8 29 0.73929125
8 5 0.8992921
8 34 2.2689266
8 2 1.1628097
8 37 1.5433229
8 7 29.140392
8 27 1.3417659
8 16 1.3009071
8 23 1.3000034
9 36 1.436334
9 26 2000.0
9 28 10.694331
9 10 2.5437903
9 22 0.21606044
9 31 0.02997588
9 3 0.23678596
9 17 0.04376573
9 4 0.06757698
9 19 0.08133383
10 26 0.03272544
10 28 0.30199844
10 24 0.10260068
10 31 0.11974917
10 12 3.9218724
10 9 2.5437903
10 17 0.030430328
11 0 21.205086
11 30 0.4782736
11 8 1.1802453
11 18 4.1441503
11 13 0.47798297
11 33 1.9940203
11 29 0.60198784
11 5 1.5617381
11 34 1.6050675
11 20 0.7952868
11 2 0.6744561
11 37 1.7861652
11 7 5.8708773
11 27 0.3892232
11 16 1.0368339
11 25 1.115215
12 26 1.6810607
12 28 5.524535
12 32 0.40376845
12 10 3.9218724
12 24 0.071587846
12 21 0.08051931
12 3 0.06496544
12 1 72.72727
13 30 3.6702092
13 0 0.85241777
13 8 1.9791785
13 18 178.12643
13 33 0.80035734
13 11 0.47798297
13 29 0.85298574
13 34 4.1893024
13 20 0.532537
13 2 0.3294439
13 14 2.464796
13 37 1.0041196
13 27 0.4649646
13 16 48.566555
13 25 0.63311464
14 20 1.4622624
14 13 2.464796
14 33 0.3178465
14 27 3.6882548
14 11 2000.0
14 25 1.3433292
15 32 0.06895702
15 21 3.1641092
16 0 2000.0
16 30 1.0827826
16 8 1.3009071
16 18 0.61046696
16 13 48.566555
16 11 1.0368339
16 29 26.784445
16 5 1.4646946
16 20 7.3007545
16 37 33.826385
16 7 1.2878112
16 27 1.5011537
16 23 6.6674557
16 25 2.5935898
17 26 1.7649198
17 6 1.5984749
17 10 0.030430328
17 24 0.21972844
17 31 1.3634614
17 9 0.04376573
17 4 0.0854848
17 19 2.3695357
18 30 0.7077535
18 2 5.617446
18 8 1.2619901
18 37 1.1327704
18 13 178.12643
18 7 2000.0
18 27 7.702829
18 16 0.61046696
18 23 1.7829138
18 11 4.1441503
18 29 1.3524793
18 5 0.3344997
19 31 0.0675869
19 9 0.08133383
19 17 2.3695357
19 4 0.08316198
20 30 15.976706
20 13 0.532537
20 33 0.92855394
20 11 0.7952868
20 29 4.086526
20 5 1.6979924
20 34 0.8136653
20 2 4.3901396
20 14 1.4622624
20 37 1.8984705
20 7 1.7769744
20 27 0.30148542
20 16 7.3007545
20 25 0.54847
21 24 0.10515946
21 35 0.05648752
21 12 0.08051931
21 15 3.1641092
22 6 1684.7158
22 31 51.520454
22 9 0.21606044
22 19 1548.3523
23 0 2000.0
23 30 2.5332754
23 2 21.879547
23 8 1.3000034
23 37 2.9776654
23 18 1.7829138
23 7 0.80630887
23 16 6.6674557
23 11 2000.0
23 29 2.7801967
23 5 4.452637
24 26 0.055842802
24 32 0.097098395
24 10 0.10260068
24 21 0.10515946
24 31 10.149848
24 3 245.00002
24 12 0.071587846
24 15 2000.0
24 17 0.21972844
25 30 3.7348495
25 13 0.63311464
25 33 0.31240693
25 11 1.115215
25 29 4.9692397
25 34 2.2385988
25 20 0.54847
25 2 1.4680688
25 14 1.3433292
25 37 20.057346
25 7 6.846008
25 27 1.7588285
25 16 2.5935898
26 36 67.8657
26 32 95.82955
26 28 0.032706793
26 10 0.03272544
26 24 0.055842802
26 31 0.05318667
26 12 1.6810607
26 17 1.7649198
27 0 2000.0
27 30 1.2124267
27 8 1.3417659
27 18 7.702829
27 13 0.4649646
27 33 1.1811688
27 11 0.3892232
27 29 0.8052919
27 5 2.5235493
27 34 0.7662285
27 20 0.30148542
27 2 0.51827365
27 14 3.6882548
27 37 0.80552477
27 7 1996.8182
27 16 1.5011537
27 25 1.7588285
28 36 0.032556396
28 26 0.032706793
28 10 0.30199844
28 3 0.12793897
28 12 5.524535
28 9 10.694331
29 0 8.495916
29 30 3.9037938
29 8 0.73929125
29 18 1.3524793
29 13 0.85298574
29 33 104.731636
29 11 0.60198784
29 5 4.8797617
29 34 4.001033
29 20 4.086526
29 2 0.86623925
29 37 0.8471875
29 7 2000.0
29 27 0.8052919
29 16 26.784445
29 23 2.7801967
29 25 4.9692397
30 0 2000.0
30 8 0.6845942
30 18 0.7077535
30 13 3.6702092
30 33 2.6833687
30 11 0.4782736
30 29 3.9037938
30 5 1.8215524
30 34 1.091108
30 20 15.976706
30 2 11.150643
30 14 2000.0
30 37 5.955579
30 7 1.9199264
30 27 1.2124267
30 16 1.0827826
30 23 2.5332754
30 25 3.7348495
31 26 0.05318667
31 6 1.3559977
31 10 0.11974917
31 24 10.149848
31 22 51.520454
31 9 0.02997588
31 17 1.3634614
31 4 0.0780582
31 19 0.0675869
32 26 95.82955
32 24 0.097098395
32 12 0.40376845
32 15 0.06895702
33 30 2.6833687
33 8 2000.0
33 13 0.80035734
33 11 1.9940203
33 29 104.731636
33 5 2000.0
33 34 2000.0
33 20 0.92855394
33 2 2.1219337
33 14 0.3178465
33 7 2000.0
33 27 1.1811688
33 16 1622.3296
33 25 0.31240693
34 30 1.091108
34 20 0.8136653
34 8 2.2689266
34 7 8.495575
34 13 4.1893024
34 27 0.7662285
34 16 5535.0566
34 11 1.6050675
34 25 2.2385988
34 29 4.001033
34 5 2.2921402
35 21 0.05648752
36 26 67.8657
36 28 0.032556396
36 3 0.1936027
36 9 1.436334
37 30 5.955579
37 0 0.942151
37 8 1.5433229
37 18 1.1327704
37 13 1.0041196
37 11 1.7861652
37 29 0.8471875
37 20 1.8984705
37 2 0.97534585
37 7 16.122566
37 27 0.80552477
37 16 33.826385
37 23 2.9776654
37 25 20.057346
