0 8 13.742983
0 2 1.4082901
0 37 0.7572079
0 13 0.794572
0 11 13.303753
0 29 10.449607
1 3 0.20735087
1 12 1202.159
2 30 24.606806
2 0 1.4082901
2 8 1.1500157
2 18 10.135019
2 13 0.29188052
2 33 2.1543815
2 11 0.4744491
2 29 0.8132146
2 20 1.2005011
2 37 0.5897233
2 27 0.42969698
2 16 2000.0
2 23 48.433605
2 25 1.2796233
3 36 0.24734235
3 28 0.09385965
3 24 2000.0
3 12 0.049125154
3 1 0.20735087
3 9 0.40842852
4 31 0.08188309
4 9 0.06982264
4 17 0.08788876
4 19 0.08850807
5 30 0.75569993
5 8 0.774972
5 18 0.3675568
5 13 124.37839
5 11 2.935223
5 29 5.122036
5 34 2.418838
5 20 6.3957505
5 37 2000.0
5 7 5.634549
5 27 3.9481418
5 16 1.5149063
5 23 5.34233
6 22 160.0
6 31 0.64146674
6 17 1.8404437
7 34 12.425579
7 30 1.0250928
7 20 1.5119623
7 8 55.425293
7 37 12.238149
7 27 158.28409
7 16 1.2138942
7 11 5.8315535
7 23 1.2584907
7 25 7.589002
7 5 5.634549
8 0 13.742983
8 30 1.4325912
8 18 1.0847436
8 13 2.976226
8 11 1.2290063
8 29 0.8845699
8 5 0.774972
8 34 6.5251813
8 2 1.1500157
8 37 1.1501149
8 7 55.425293
8 27 2.0647361
8 16 1.6813074
8 23 1.3063109
9 36 1.3070514
9 26 2000.0
9 28 1.5052736
9 10 5.154983
9 22 0.28534526
9 31 0.034623023
9 3 0.40842852
9 17 0.20858794
9 4 0.06982264
9 19 0.0790753
10 26 0.031938095
10 28 0.56342286
10 24 0.22443756
10 31 0.036179792
10 12 7.4277167
10 9 5.154983
10 17 0.03624255
11 0 13.303753
11 30 0.36139348
11 8 1.2290063
11 18 10.495643
11 13 0.6263765
11 33 2.2185538
11 29 1.1575404
11 5 2.935223
11 34 1.6875869
11 20 0.80390525
11 2 0.4744491
11 37 1.1499697
11 7 5.8315535
11 27 0.5210869
11 16 0.8573771
11 25 1.0448027
12 26 1.2313635
12 28 3.8008657
12 32 0.16478057
12 10 7.4277167
12 24 0.0905783
12 21 0.10137677
12 3 0.049125154
13 30 4.952178
13 0 0.794572
13 8 2.976226
13 18 209.8583
13 33 0.8789259
13 11 0.6263765
13 29 1.4601835
13 5 124.37839
13 34 5.7011914
13 20 0.5849352
13 2 0.29188052
13 14 2.719852
13 37 4.956434
13 27 0.56619275
13 16 19.637722
13 25 0.57317233
14 34 2000.0
14 20 1.0426136
14 13 2.719852
14 27 4.501013
14 33 0.59497625
14 11 2000.0
14 25 1.5572584
15 32 0.08316878
15 21 1.8930972
16 30 1.0667067
16 0 2000.0
16 8 1.6813074
16 18 0.9389845
16 13 19.637722
16 11 0.8573771
16 29 31.243372
16 5 1.5149063
16 20 6.584154
16 37 31.437544
16 7 1.2138942
16 27 1.5940036
16 23 7.6144047
16 25 1.4173238
17 26 1.6253221
17 6 1.8404437
17 10 0.03624255
17 24 0.19643688
17 31 1.3247776
17 9 0.20858794
17 4 0.08788876
17 19 4.1643796
18 30 0.7606636
18 2 10.135019
18 8 1.0847436
18 37 1.2195113
18 7 2000.0
18 13 209.8583
18 27 7.438489
18 16 0.9389845
18 23 1.373678
18 11 10.495643
18 29 1.6725479
18 5 0.3675568
19 31 0.07936818
19 9 0.0790753
19 17 4.1643796
19 4 0.08850807
20 30 5.5809255
20 13 0.5849352
20 33 1.408619
20 11 0.80390525
20 29 3.7189558
20 5 6.3957505
20 34 0.7772254
20 2 1.2005011
20 14 1.0426136
20 37 1.5141996
20 7 1.5119623
20 27 0.48124605
20 16 6.584154
20 25 0.6003842
21 32 2000.0
21 10 2000.0
21 24 0.8966641
21 35 0.031663965
21 12 0.10137677
21 15 1.8930972
22 6 160.0
22 31 1181.1932
22 9 0.28534526
22 19 1288.409
23 0 2000.0
23 30 1.3927535
23 2 48.433605
23 8 1.3063109
23 37 1.8348356
23 18 1.373678
23 7 1.2584907
23 16 7.6144047
23 11 2000.0
23 29 3.5101485
23 5 5.34233
24 26 0.058702927
24 32 0.11606404
24 10 0.22443756
24 21 0.8966641
24 31 2.5770886
24 12 0.0905783
24 15 2000.0
24 17 0.19643688
25 30 7.3374195
25 13 0.57317233
25 33 0.30180869
25 11 1.0448027
25 29 5.262557
25 34 1.7478559
25 20 0.6003842
25 2 1.2796233
25 14 1.5572584
25 37 114.28571
25 7 7.589002
25 27 0.7417525
25 16 1.4173238
26 32 18.507862
26 28 0.04771505
26 10 0.031938095
26 24 0.058702927
26 31 0.060200807
26 12 1.2313635
26 17 1.6253221
27 0 2000.0
27 30 0.9084659
27 8 2.0647361
27 18 7.438489
27 13 0.56619275
27 33 1.2117699
27 11 0.5210869
27 29 0.49354511
27 5 3.9481418
27 34 0.9322772
27 20 0.48124605
27 2 0.42969698
27 14 4.501013
27 37 0.9934797
27 7 158.28409
27 16 1.5940036
27 25 0.7417525
28 36 0.034995504
28 26 0.04771505
28 10 0.56342286
28 3 0.09385965
28 12 3.8008657
28 9 1.5052736
29 0 10.449607
29 30 4.5906563
29 8 0.8845699
29 18 1.6725479
29 13 1.4601835
29 11 1.1575404
29 5 5.122036
29 34 17.342194
29 20 3.7189558
29 2 0.8132146
29 37 0.862866
29 7 2000.0
29 27 0.49354511
29 16 31.243372
29 23 3.5101485
29 25 5.262557
30 0 2000.0
30 8 1.4325912
30 18 0.7606636
30 13 4.952178
30 33 2.3757498
30 11 0.36139348
30 29 4.5906563
30 5 0.75569993
30 34 0.92978555
30 20 5.5809255
30 2 24.606806
30 37 5.7364182
30 7 1.0250928
30 27 0.9084659
30 16 1.0667067
30 23 1.3927535
30 25 7.3374195
31 26 0.060200807
31 6 0.64146674
31 10 0.036179792
31 24 2.5770886
31 9 0.034623023
31 17 1.3247776
31 4 0.08188309
31 19 0.07936818
32 26 18.507862
32 24 0.11606404
32 12 0.16478057
32 15 0.08316878
33 34 2000.0
33 30 2.3757498
33 20 1.408619
33 2 2.1543815
33 14 0.59497625
33 7 2000.0
33 13 0.8789259
33 27 1.2117699
33 16 1249.4886
33 11 2.2185538
33 29 8077.4434
33 25 0.30180869
34 30 0.92978555
34 20 0.7772254
34 8 6.5251813
34 13 5.7011914
34 7 12.425579
34 27 0.9322772
34 16 1215.0568
34 11 1.6875869
34 25 1.7478559
34 29 17.342194
34 5 2.418838
35 21 0.031663965
36 26 1599.6875
36 28 0.034995504
36 3 0.24734235
36 9 1.3070514
37 30 5.7364182
37 0 0.7572079
37 8 1.1501149
37 18 1.2195113
37 13 4.956434
37 11 1.1499697
37 29 0.862866
37 20 1.5141996
37 2 0.5897233
37 7 12.238149
37 27 0.9934797
37 16 31.437544
37 23 1.8348356
37 25 114.28571
