0 8 16.543453
0 2 0.57812506
0 37 2.776722
0 13 1.2300802
0 29 3.457544
0 25 2000.0
1 3 0.27037334
1 12 67.60395
2 30 60.32157
2 0 0.57812506
2 8 3.8962362
2 18 40.56358
2 13 1.4481978
2 33 2.831305
2 11 5.5660424
2 29 1.8589013
2 20 6.367516
2 37 2.590427
2 27 5.494137
2 16 2000.0
2 23 185.0389
2 25 3.7520998
3 36 0.44382
3 28 0.17634583
3 24 2000.0
3 12 0.06674136
3 1 0.27037334
3 9 0.5741731
4 31 0.0706994
4 9 0.07985241
4 17 0.12922236
4 19 0.082486406
5 30 0.903212
5 8 1.522932
5 18 0.9284624
5 13 162.05586
5 11 2.327139
5 29 3.9048398
5 34 5.5131826
5 20 1.1737044
5 37 2000.0
5 7 20.835897
5 27 1.424624
5 16 1.8303679
5 23 6.276374
6 31 1.28612
6 17 401.16476
7 34 13.844746
7 30 2.2206314
7 20 2.4720485
7 8 17.133017
7 37 31.986439
7 27 110.76925
7 16 1.8189262
7 11 16.426382
7 23 1.8887771
7 25 8.342782
7 5 20.835897
8 0 16.543453
8 30 0.6970929
8 18 1.9554235
8 13 0.70282686
8 11 1.7646593
8 29 1.0291106
8 5 1.522932
8 34 8.93894
8 2 3.8962362
8 37 2.5284796
8 7 17.133017
8 27 7.217905
8 16 1.4770052
8 23 1.3909888
9 36 1.5394992
9 26 2000.0
9 28 24.86364
9 10 7.0705285
9 22 0.36312735
9 31 0.030602502
9 3 0.5741731
9 17 0.055367444
9 4 0.07985241
9 19 0.0659824
10 26 0.047825783
10 28 0.8062898
10 24 0.10111887
10 31 0.046113305
10 12 13.551894
10 9 7.0705285
10 17 0.04346302
11 0 1672.2727
11 30 1.9167845
11 8 1.7646593
11 18 8.507365
11 13 1.7047123
11 33 4.516689
11 29 0.50243384
11 5 2.327139
11 34 5.586656
11 20 2.4698734
11 2 5.5660424
11 37 3.8620827
11 7 16.426382
11 27 1.1239003
11 16 2.9826705
11 25 2.8454647
12 26 0.62703764
12 28 6.6533055
12 32 0.2082893
12 10 13.551894
12 24 0.09333691
12 21 0.092974395
12 3 0.06674136
12 1 67.60395
13 0 1.2300802
13 30 4.6955895
13 8 0.70282686
13 18 200.0
13 33 1.4428879
13 11 1.7047123
13 29 2.8702846
13 5 162.05586
13 34 20.644075
13 20 0.84259206
13 2 1.4481978
13 14 5.2061872
13 37 3.7310426
13 7 2000.0
13 27 0.17041105
13 16 83.822464
13 25 0.7199838
14 20 2.4445782
14 13 5.2061872
14 33 0.53783286
14 27 3.6588976
14 11 2000.0
14 25 2.7681081
15 32 0.08189511
15 21 9.045407
16 30 1.1591495
16 0 2000.0
16 8 1.4770052
16 18 0.7522016
16 13 83.822464
16 11 2.9826705
16 29 2000.0
16 5 1.8303679
16 20 24.600618
16 37 405.16583
16 7 1.8189262
16 27 2.2945895
16 23 18.002523
16 25 1.4291921
17 26 2.6919036
17 6 401.16476
17 10 0.04346302
17 24 0.39123887
17 31 1.9092147
17 9 0.055367444
17 4 0.12922236
17 19 2.982439
18 30 0.86381423
18 2 40.56358
18 8 1.9554235
18 37 2.0803523
18 13 200.0
18 7 2000.0
18 27 3.3010128
18 16 0.7522016
18 23 1.629011
18 11 8.507365
18 29 1.077151
18 5 0.9284624
19 31 0.06196984
19 9 0.0659824
19 17 2.982439
19 4 0.082486406
20 0 2000.0
20 30 8.928706
20 13 0.84259206
20 33 1.9351449
20 11 2.4698734
20 29 2.0153823
20 5 1.1737044
20 34 1.3820574
20 2 6.367516
20 14 2.4445782
20 37 19.810759
20 7 2.4720485
20 27 0.6328963
20 16 24.600618
20 25 1.5339912
21 10 2000.0
21 24 0.0661358
21 35 0.059444107
21 12 0.092974395
21 15 9.045407
22 6 1055.7954
22 31 2000.0
22 9 0.36312735
22 19 1753.125
23 0 2000.0
23 30 3.8610406
23 2 185.0389
23 8 1.3909888
23 37 9.030774
23 18 1.629011
23 7 1.8887771
23 16 18.002523
23 11 2000.0
23 29 7.735046
23 5 6.276374
24 26 0.067452006
24 32 0.15382847
24 10 0.10111887
24 21 0.0661358
24 31 24.141445
24 12 0.09333691
24 3 2000.0
24 15 2000.0
24 17 0.39123887
25 0 2000.0
25 30 3.3814857
25 13 0.7199838
25 33 1.2740437
25 11 2.8454647
25 29 19.252651
25 34 9.283065
25 20 1.5339912
25 2 3.7520998
25 14 2.7681081
25 37 118.51852
25 7 8.342782
25 27 0.85383683
25 16 1.4291921
26 32 31.64614
26 28 0.04635851
26 10 0.047825783
26 24 0.067452006
26 31 0.059053034
26 12 0.62703764
26 17 2.6919036
27 0 2000.0
27 30 0.3562565
27 8 7.217905
27 18 3.3010128
27 13 0.17041105
27 33 1.6823246
27 11 1.1239003
27 29 0.45764494
27 5 1.424624
27 34 2.2011046
27 20 0.6328963
27 2 5.494137
27 14 3.6588976
27 37 1.3533872
27 7 110.76925
27 16 2.2945895
27 25 0.85383683
28 36 0.044109236
28 26 0.04635851
28 10 0.8062898
28 3 0.17634583
28 12 6.6533055
28 9 24.86364
29 0 3.457544
29 30 9.176234
29 8 1.0291106
29 18 1.077151
29 13 2.8702846
29 11 0.50243384
29 5 3.9048398
29 34 4.001371
29 20 2.0153823
29 2 1.8589013
29 37 1.8327647
29 7 2000.0
29 27 0.45764494
29 23 7.735046
29 25 19.252651
30 0 2000.0
30 8 0.6970929
30 18 0.86381423
30 13 4.6955895
30 33 3.0807924
30 11 1.9167845
30 29 9.176234
30 5 0.903212
30 34 2.9429219
30 20 8.928706
30 2 60.32157
30 14 2000.0
30 37 10.278263
30 7 2.2206314
30 27 0.3562565
30 16 1.1591495
30 23 3.8610406
30 25 3.3814857
31 26 0.059053034
31 6 1.28612
31 10 0.046113305
31 24 24.141445
31 9 0.030602502
31 17 1.9092147
31 4 0.0706994
31 19 0.06196984
32 26 31.64614
32 24 0.15382847
32 12 0.2082893
32 15 0.08189511
33 30 3.0807924
33 13 1.4428879
33 11 4.516689
33 29 2000.0
33 5 2000.0
33 34 2000.0
33 20 1.9351449
33 2 2.831305
33 14 0.53783286
33 7 2000.0
33 27 1.6823246
33 16 2000.0
33 25 1.2740437
34 30 2.9429219
34 20 1.3820574
34 8 8.93894
34 7 13.844746
34 13 20.644075
34 27 2.2011046
34 16 2000.0
34 11 5.586656
34 25 9.283065
34 29 4.001371
34 5 5.5131826
35 21 0.059444107
36 26 2000.0
36 28 0.044109236
36 3 0.44382
36 9 1.5394992
37 30 10.278263
37 0 2.776722
37 8 2.5284796
37 18 2.0803523
37 13 3.7310426
37 11 3.8620827
37 29 1.8327647
37 20 19.810759
37 2 2.590427
37 7 31.986439
37 27 1.3533872
37 16 405.16583
37 23 9.030774
37 25 118.51852
