0 2 0.93275756
0 37 2.5935323
0 13 0.93001544
0 29 11.4783745
0 25 14.692584
1 3 0.64943373
1 12 71.30719
2 30 25.991846
2 0 0.93275756
2 8 1.687979
2 18 4.4414916
2 13 0.73190403
2 33 6.2274504
2 11 1.8670588
2 29 1.1439567
2 20 3.1890132
2 37 0.7831375
2 27 1.16371
2 16 2000.0
2 23 9.779768
2 25 0.44591895
3 36 0.42906398
3 28 11.268511
3 24 2000.0
3 12 0.07405451
3 1 0.64943373
3 9 0.40229723
4 31 0.06747836
4 9 0.0649883
4 17 0.14285548
4 19 0.06734308
5 30 0.5883241
5 8 0.8556329
5 18 0.6150118
5 13 28.40201
5 11 1.4951607
5 29 1.176169
5 34 3.3594248
5 20 2.1184535
5 37 22.759007
5 7 11.405475
5 27 1.2991269
5 16 1.7485873
5 23 1.7227402
6 31 0.32669523
6 17 1.6724862
7 34 200.0
7 30 1.2118115
7 20 63.63926
7 8 5.542472
7 37 170.9176
7 16 1.2198488
7 23 1.3539845
7 11 82.619774
7 25 2.4816446
7 5 11.405475
8 0 2000.0
8 30 0.6786849
8 18 1.392589
8 13 3.750512
8 11 0.8136385
8 29 0.8032374
8 5 0.8556329
8 34 94.81776
8 2 1.687979
8 37 1.103184
8 7 5.542472
8 27 1.8651886
8 16 2.1322124
8 23 1.2340369
8 25 2000.0
9 36 0.47125667
9 26 2000.0
9 28 0.70805025
9 10 18.493229
9 22 0.059109237
9 31 0.029903842
9 3 0.40229723
9 12 2000.0
9 4 0.0649883
9 17 0.03112715
9 19 0.06855755
10 26 0.030329647
10 28 0.25768027
10 24 0.10734673
10 31 9.084091
10 12 1293.5227
10 9 18.493229
10 17 0.039364103
11 0 2000.0
11 30 0.6486145
11 8 0.8136385
11 18 9.023394
11 13 1.1324152
11 33 3.24531
11 29 0.9471428
11 5 1.4951607
11 34 2.9040067
11 20 1.1941714
11 2 1.8670588
11 37 1.431181
11 7 82.619774
11 27 0.66383195
11 16 1.1659544
11 25 0.63435465
12 26 0.4185171
12 32 3.7924805
12 24 0.06749676
12 21 0.13723864
12 3 0.07405451
12 1 71.30719
13 30 50.470985
13 0 0.93001544
13 8 3.750512
13 18 196.81535
13 33 1.6748459
13 11 1.1324152
13 29 0.8528951
13 5 28.40201
13 34 153.64488
13 20 1.4137619
13 2 0.73190403
13 14 6.4966226
13 37 1.0396017
13 7 2000.0
13 27 0.26819164
13 16 14.6612835
13 25 0.20932896
14 30 9.81409
14 20 1.9899617
14 13 6.4966226
14 27 1.6939169
14 33 0.4049511
14 11 2000.0
14 25 2.5463154
15 32 0.091672875
15 21 1.368369
16 0 2000.0
16 30 1.1210389
16 8 2.1322124
16 18 1.2864243
16 13 14.6612835
16 11 1.1659544
16 29 400.0
16 5 1.7485873
16 34 28.553259
16 20 27.681715
16 7 1.2198488
16 27 1.5977945
16 23 2.5307703
16 25 0.94212955
17 6 1.6724862
17 26 1.4722353
17 10 0.039364103
17 24 0.0800085
17 31 0.9474173
17 9 0.03112715
17 4 0.14285548
17 19 79.29754
18 0 2000.0
18 30 0.8388635
18 8 1.392589
18 13 196.81535
18 11 9.023394
18 29 1.0144355
18 5 0.6150118
18 2 4.4414916
18 37 2.8562999
18 7 2000.0
18 27 9.95311
18 16 1.2864243
18 23 1.6678789
19 31 0.09647566
19 9 0.06855755
19 4 0.06734308
19 17 79.29754
20 0 2000.0
20 30 1.5010644
20 8 2000.0
20 13 1.4137619
20 33 0.9380586
20 11 1.1941714
20 29 14.555127
20 5 2.1184535
20 34 0.9000511
20 2 3.1890132
20 14 1.9899617
20 37 2.946951
20 7 63.63926
20 27 0.9206566
20 16 27.681715
20 25 0.45357868
21 24 1.140034
21 35 0.032062765
21 12 0.13723864
21 15 1.368369
22 31 68.57143
22 9 0.059109237
22 19 2000.0
23 0 2000.0
23 30 1.833698
23 8 1.2340369
23 2 9.779768
23 37 2.1123235
23 18 1.6678789
23 7 1.3539845
23 16 2.5307703
23 11 2000.0
23 29 0.9000024
23 5 1.7227402
24 26 0.040028963
24 32 0.22637697
24 10 0.10734673
24 21 1.140034
24 12 0.06749676
24 17 0.0800085
25 30 17.940706
25 0 14.692584
25 13 0.20932896
25 33 0.77841944
25 11 0.63435465
25 29 2.1057887
25 34 2.4722736
25 20 0.45357868
25 2 0.44591895
25 14 2.5463154
25 37 32.13154
25 7 2.4816446
25 27 0.23473242
25 16 0.94212955
26 32 28.148867
26 28 0.081534095
26 10 0.030329647
26 24 0.040028963
26 31 0.11545139
26 12 0.4185171
26 17 1.4722353
27 30 0.20900409
27 0 2000.0
27 8 1.8651886
27 18 9.95311
27 13 0.26819164
27 33 1.2759383
27 11 0.66383195
27 29 0.78403115
27 5 1.2991269
27 34 1.0638834
27 20 0.9206566
27 2 1.16371
27 14 1.6939169
27 37 0.85242254
27 7 2000.0
27 16 1.5977945
27 25 0.23473242
28 36 0.030880477
28 26 0.081534095
28 10 0.25768027
28 3 11.268511
28 12 1200.2842
28 9 0.70805025
28 19 1360.0569
29 0 11.4783745
29 30 1.0440857
29 8 0.8032374
29 18 1.0144355
29 13 0.8528951
29 33 12.434778
29 11 0.9471428
29 5 1.176169
29 34 2.4881542
29 20 14.555127
29 2 1.1439567
29 37 0.72527945
29 27 0.78403115
29 16 400.0
29 23 0.9000024
29 25 2.1057887
30 8 0.6786849
30 18 0.8388635
30 13 50.470985
30 33 3.3637831
30 11 0.6486145
30 29 1.0440857
30 5 0.5883241
30 34 1.0796005
30 20 1.5010644
30 2 25.991846
30 14 9.81409
30 37 26.791115
30 7 1.2118115
30 27 0.20900409
30 16 1.1210389
30 23 1.833698
30 25 17.940706
31 26 0.11545139
31 6 0.32669523
31 10 9.084091
31 35 34.694603
31 22 68.57143
31 9 0.029903842
31 4 0.06747836
31 17 0.9474173
31 19 0.09647566
32 26 28.148867
32 24 0.22637697
32 12 3.7924805
32 15 0.091672875
33 30 3.3637831
33 8 2000.0
33 13 1.6748459
33 11 3.24531
33 29 12.434778
33 5 2000.0
33 34 2000.0
33 20 0.9380586
33 2 6.2274504
33 14 0.4049511
33 7 2000.0
33 27 1.2759383
33 16 3017.898
33 25 0.77841944
34 30 1.0796005
34 20 0.9000511
34 8 94.81776
34 37 2000.0
34 7 200.0
34 13 153.64488
34 27 1.0638834
34 16 28.553259
34 11 2.9040067
34 29 2.4881542
34 25 2.4722736
34 5 3.3594248
35 21 0.032062765
35 31 34.694603
36 28 0.030880477
36 3 0.42906398
36 9 0.47125667
37 30 26.791115
37 0 2.5935323
37 8 1.103184
37 18 2.8562999
37 13 1.0396017
37 11 1.431181
37 29 0.72527945
37 5 22.759007
37 20 2.946951
37 2 0.7831375
37 7 170.9176
37 27 0.85242254
37 16 2000.0
37 23 2.1123235
37 25 32.13154
