0 2 1.3547214
0 37 1.3693479
0 13 0.9688676
0 29 19.077478
0 25 29.91351
1 3 1.166946
1 12 67.84958
2 30 18.76507
2 0 1.3547214
2 8 2.1475856
2 18 5.191605
2 13 0.6546003
2 33 2.5314808
2 11 1.7278898
2 29 1.302824
2 20 3.6389139
2 37 0.8844608
2 27 1.5315405
2 16 2000.0
2 23 6.594346
2 25 0.5347861
3 36 0.26250002
3 28 9.065836
3 24 400.0
3 12 0.06556346
3 1 1.166946
3 9 0.7336911
4 31 0.074401475
4 9 0.09170006
4 17 0.13962084
4 19 0.09150522
5 30 0.6999543
5 8 0.7122251
5 18 0.6786872
5 13 26.037271
5 11 1.7291445
5 29 2.4652362
5 34 2.6089344
5 20 2.1420424
5 37 10.166528
5 7 21.953445
5 27 1.7098265
5 16 1.4398253
5 23 2.3488286
5 25 2000.0
6 31 0.20592804
6 17 1.4758247
7 34 128.57143
7 30 0.83798456
7 20 77.05009
7 8 6.2311664
7 16 1.0365227
7 23 1.333279
7 25 5.2206297
7 5 21.953445
8 0 2000.0
8 30 0.6366851
8 18 1.2309918
8 13 2.3956094
8 11 1.050827
8 29 0.4595598
8 5 0.7122251
8 34 20.797417
8 2 2.1475856
8 37 0.9812804
8 7 6.2311664
8 27 2.0099242
8 16 1.8079846
8 23 1.0877296
8 25 2000.0
9 36 0.494897
9 26 2000.0
9 28 1.1513633
9 10 21.315653
9 22 0.08639354
9 31 0.037920527
9 3 0.7336911
9 4 0.09170006
9 17 0.036826298
9 19 0.07578242
10 26 0.03009531
10 28 0.41746637
10 24 0.2941215
10 31 63.16826
10 12 1669.9432
10 9 21.315653
10 17 0.03491322
11 0 2000.0
11 30 1.1121217
11 8 1.050827
11 18 7.861942
11 13 0.92592967
11 33 2.212331
11 29 2.4696293
11 5 1.7291445
11 34 2.9043949
11 20 1.914974
11 2 1.7278898
11 37 1.8774977
11 7 1348.0114
11 27 0.83616644
11 16 0.98098433
11 25 0.99969584
12 26 0.72620606
12 32 5.803788
12 24 0.07001847
12 21 0.2572459
12 3 0.06556346
12 1 67.84958
13 30 34.034203
13 0 0.9688676
13 8 2.3956094
13 18 296.65833
13 33 1.3330631
13 11 0.92592967
13 29 0.79886574
13 5 26.037271
13 34 67.89069
13 20 0.96268463
13 2 0.6546003
13 14 10.345741
13 37 1.2539173
13 7 2000.0
13 27 0.39590478
13 16 70.43083
13 25 0.22895703
14 30 15.038495
14 20 3.0881135
14 13 10.345741
14 27 6.9232807
14 33 0.6800954
14 25 1.5934974
15 32 0.06747215
15 24 41.92104
15 21 3.6307952
16 30 1.1055778
16 0 2000.0
16 8 1.8079846
16 18 1.4333768
16 13 70.43083
16 11 0.98098433
16 29 2000.0
16 5 1.4398253
16 34 36.458004
16 20 18.764328
16 7 1.0365227
16 27 1.6093324
16 23 4.3913445
16 25 1.5016096
17 6 1.4758247
17 26 1.8241603
17 10 0.03491322
17 24 0.16863304
17 31 1.0169121
17 9 0.036826298
17 4 0.13962084
17 19 164.19902
18 0 2000.0
18 30 0.6403979
18 8 1.2309918
18 13 296.65833
18 11 7.861942
18 29 1.4842803
18 5 0.6786872
18 2 5.191605
18 37 2.4079869
18 7 2000.0
18 27 17.530138
18 16 1.4333768
18 23 1.1603483
19 31 0.10325785
19 9 0.07578242
19 4 0.09150522
19 17 164.19902
20 30 1.9476374
20 13 0.96268463
20 33 2.6290236
20 11 1.914974
20 29 8.207071
20 5 2.1420424
20 34 1.3348165
20 2 3.6389139
20 14 3.0881135
20 37 5.154111
20 7 77.05009
20 27 1.7041758
20 16 18.764328
20 25 1.4290171
21 32 2000.0
21 10 2000.0
21 24 1.0277884
21 35 0.030003667
21 31 2000.0
21 12 0.2572459
21 15 3.6307952
22 31 171.42857
22 9 0.08639354
22 19 2000.0
23 0 2000.0
23 30 1.367617
23 8 1.0877296
23 2 6.594346
23 37 1.2626975
23 18 1.1603483
23 7 1.333279
23 16 4.3913445
23 11 2000.0
23 29 1.305547
23 5 2.3488286
24 26 0.046706468
24 32 0.58247596
24 10 0.2941215
24 21 1.0277884
24 3 400.0
24 12 0.07001847
24 15 41.92104
24 17 0.16863304
25 30 13.876674
25 0 29.91351
25 13 0.22895703
25 33 1.0207071
25 11 0.99969584
25 29 2.1229057
25 34 1.9336183
25 20 1.4290171
25 2 0.5347861
25 14 1.5934974
25 37 46.983524
25 7 5.2206297
25 27 0.21948586
25 16 1.5016096
26 32 23.278028
26 28 0.06024687
26 10 0.03009531
26 24 0.046706468
26 31 0.1633155
26 12 0.72620606
26 17 1.8241603
27 30 0.21604308
27 0 2000.0
27 8 2.0099242
27 18 17.530138
27 13 0.39590478
27 33 0.7686065
27 11 0.83616644
27 29 0.39466944
27 5 1.7098265
27 34 1.4407545
27 20 1.7041758
27 2 1.5315405
27 14 6.9232807
27 37 1.1838473
27 7 4729.829
27 16 1.6093324
27 25 0.21948586
28 36 0.038667932
28 26 0.06024687
28 10 0.41746637
28 3 9.065836
28 12 1414.0342
28 9 1.1513633
28 19 159.62463
29 0 19.077478
29 30 1.7901592
29 8 0.4595598
29 18 1.4842803
29 13 0.79886574
29 33 14.210957
29 11 2.4696293
29 5 2.4652362
29 34 2.3485656
29 20 8.207071
29 2 1.302824
29 37 0.7257911
29 27 0.39466944
29 16 2000.0
29 23 1.305547
29 25 2.1229057
30 8 0.6366851
30 18 0.6403979
30 13 34.034203
30 33 7.2369747
30 11 1.1121217
30 29 1.7901592
30 5 0.6999543
30 34 0.7558971
30 20 1.9476374
30 2 18.76507
30 14 15.038495
30 37 8.729119
30 7 0.83798456
30 27 0.21604308
30 16 1.1055778
30 23 1.367617
30 25 13.876674
31 26 0.1633155
31 6 0.20592804
31 10 63.16826
31 22 171.42857
31 9 0.037920527
31 4 0.074401475
31 17 1.0169121
31 19 0.10325785
32 26 23.278028
32 24 0.58247596
32 21 2000.0
32 12 5.803788
32 15 0.06747215
33 30 7.2369747
33 13 1.3330631
33 11 2.212331
33 29 14.210957
33 5 2000.0
33 34 2000.0
33 20 2.6290236
33 2 2.5314808
33 14 0.6800954
33 7 2000.0
33 27 0.7686065
33 16 1971.0227
33 25 1.0207071
34 30 0.7558971
34 20 1.3348165
34 8 20.797417
34 37 2000.0
34 7 128.57143
34 13 67.89069
34 27 1.4407545
34 16 36.458004
34 11 2.9043949
34 29 2.3485656
34 25 1.9336183
34 5 2.6089344
35 21 0.030003667
35 31 1099.659
36 28 0.038667932
36 3 0.26250002
36 9 0.494897
37 30 8.729119
37 0 1.3693479
37 8 0.9812804
37 18 2.4079869
37 13 1.2539173
37 11 1.8774977
37 29 0.7257911
37 5 10.166528
37 20 5.154111
37 2 0.8844608
37 7 3731.7046
37 27 1.1838473
37 16 2000.0
37 23 1.2626975
37 25 46.983524
