0 8 10.457615
0 2 1.2524288
0 37 0.7802992
0 13 0.5833372
0 11 103.15482
0 29 5.166779
0 25 2000.0
1 3 0.22743313
1 12 70.94709
2 30 19.3548
2 0 1.2524288
2 8 1.7843767
2 18 29.479923
2 13 0.587964
2 33 3.3247435
2 11 1.4096361
2 29 1.4064304
2 20 3.7248964
2 37 1.8007721
2 27 2.3292036
2 23 32.731934
2 25 3.451291
3 36 0.22580646
3 28 0.10809538
3 24 84.70589
3 12 0.05725184
3 1 0.22743313
3 9 0.18677734
4 31 0.081558585
4 9 0.05476714
4 17 0.07990871
4 19 0.08217125
5 30 1.3473213
5 8 0.67099565
5 18 0.39265674
5 13 2000.0
5 11 4.397162
5 29 2.7424576
5 34 2.902176
5 20 1.9962347
5 37 2000.0
5 7 3.963662
5 27 2.169849
5 16 7.2637277
5 23 6.4696393
6 24 2000.0
6 31 0.9330596
6 17 2.3056169
7 34 5.7388773
7 30 0.94530225
7 20 1.4836582
7 8 18.87994
7 37 20.918478
7 27 133.33334
7 16 1.1553409
7 11 12.912451
7 23 1.0004864
7 25 8.076357
7 5 3.963662
8 0 10.457615
8 30 0.8067747
8 18 1.0435491
8 13 3.372813
8 11 0.4708404
8 29 0.43106735
8 5 0.67099565
8 34 3.3169703
8 2 1.7843767
8 37 0.9199698
8 7 18.87994
8 27 1.3266261
8 16 1.1999363
8 23 0.99768746
9 36 1.2148255
9 26 2000.0
9 28 3.3798294
9 10 10.384091
9 22 0.16724707
9 31 0.031229807
9 3 0.18677734
9 17 0.046553653
9 4 0.05476714
9 19 0.07004574
10 26 0.030431228
10 28 0.19478276
10 24 0.042288613
10 31 0.05296826
10 12 6.1241293
10 9 10.384091
10 17 0.042244878
11 0 103.15482
11 30 0.5696513
11 8 0.4708404
11 18 10.533132
11 13 0.55695355
11 33 2.7353137
11 29 0.9976619
11 5 4.397162
11 34 1.7995251
11 20 1.0273371
11 2 1.4096361
11 37 1.6825199
11 7 12.912451
11 27 0.7556353
11 16 1.2348999
11 25 1.0454189
12 26 1.4237295
12 28 5.792348
12 32 0.22583877
12 10 6.1241293
12 24 0.08276841
12 21 0.09868952
12 3 0.05725184
12 1 70.94709
13 30 3.9211993
13 0 0.5833372
13 8 3.372813
13 18 150.0
13 33 0.8306606
13 11 0.55695355
13 29 0.83062303
13 34 17.472622
13 20 0.672233
13 2 0.587964
13 14 5.233148
13 37 1.5470616
13 27 0.3362292
13 16 263.76578
13 25 0.6945977
14 20 1.2360066
14 13 5.233148
14 27 2.725465
14 33 0.43248203
14 11 2000.0
14 25 2.1083987
15 32 0.06920943
15 21 1.6147135
16 30 1.0665804
16 0 2000.0
16 8 1.1999363
16 18 0.7039219
16 13 263.76578
16 11 1.2348999
16 29 67.22545
16 5 7.2637277
16 20 5.266711
16 37 22.658056
16 7 1.1553409
16 27 1.2434725
16 23 8.013616
16 25 0.97830933
17 26 1.7105933
17 6 2.3056169
17 10 0.042244878
17 24 0.13092819
17 31 1.2902344
17 9 0.046553653
17 4 0.07990871
17 19 2.3885064
18 30 0.6774365
18 2 29.479923
18 8 1.0435491
18 37 1.304633
18 7 2000.0
18 13 150.0
18 27 3.3389404
18 16 0.7039219
18 23 1.2587978
18 11 10.533132
18 29 1.8287628
18 5 0.39265674
19 31 0.09140152
19 9 0.07004574
19 17 2.3885064
19 4 0.08217125
20 30 21.307215
20 13 0.672233
20 33 1.0123343
20 11 1.0273371
20 29 5.1763096
20 5 1.9962347
20 34 0.8459092
20 2 3.7248964
20 14 1.2360066
20 37 2.3289738
20 7 1.4836582
20 27 0.6106892
20 16 5.266711
20 25 0.5267898
21 32 2000.0
21 24 0.8642369
21 35 0.0515793
21 12 0.09868952
21 15 1.6147135
22 6 1377.9546
22 31 1478.0114
22 9 0.16724707
22 19 1339.5455
23 0 2000.0
23 30 1.26998
23 2 32.731934
23 8 0.99768746
23 37 1.7194661
23 18 1.2587978
23 7 1.0004864
23 16 8.013616
23 11 2000.0
23 29 3.4005601
23 5 6.4696393
24 26 0.0731305
24 32 0.09794457
24 10 0.042288613
24 21 0.8642369
24 31 11.529277
24 12 0.08276841
24 3 84.70589
24 15 2000.0
24 17 0.13092819
25 30 2.8790545
25 0 2000.0
25 13 0.6945977
25 33 0.53212094
25 11 1.0454189
25 29 3.4662728
25 34 1.7607981
25 20 0.5267898
25 2 3.451291
25 14 2.1083987
25 37 181.62741
25 7 8.076357
25 27 0.7529022
25 16 0.97830933
26 36 2000.0
26 32 45.058765
26 28 0.09530506
26 10 0.030431228
26 24 0.0731305
26 31 0.093158215
26 12 1.4237295
26 17 1.7105933
27 0 2000.0
27 30 0.2340282
27 8 1.3266261
27 18 3.3389404
27 13 0.3362292
27 33 0.8717025
27 11 0.7556353
27 29 0.8888911
27 5 2.169849
27 34 1.0508097
27 20 0.6106892
27 2 2.3292036
27 14 2.725465
27 37 1.4639431
27 7 133.33334
27 16 1.2434725
27 25 0.7529022
28 36 0.035104446
28 26 0.09530506
28 10 0.19478276
28 3 0.10809538
28 12 5.792348
28 9 3.3798294
29 0 5.166779
29 30 10.357548
29 8 0.43106735
29 18 1.8287628
29 13 0.83062303
29 11 0.9976619
29 5 2.7424576
29 34 7.0502486
29 20 5.1763096
29 2 1.4064304
29 37 1.1221976
29 7 2000.0
29 27 0.8888911
29 16 67.22545
29 23 3.4005601
29 25 3.4662728
30 0 2000.0
30 8 0.8067747
30 18 0.6774365
30 13 3.9211993
30 33 1.8599492
30 11 0.5696513
30 29 10.357548
30 5 1.3473213
30 34 1.2503649
30 20 21.307215
30 2 19.3548
30 14 2000.0
30 37 6.5278964
30 7 0.94530225
30 27 0.2340282
30 16 1.0665804
30 23 1.26998
30 25 2.8790545
31 26 0.093158215
31 6 0.9330596
31 10 0.05296826
31 24 11.529277
31 9 0.031229807
31 17 1.2902344
31 4 0.081558585
31 19 0.09140152
32 26 45.058765
32 24 0.09794457
32 12 0.22583877
32 15 0.06920943
33 30 1.8599492
33 13 0.8306606
33 11 2.7353137
33 29 5608.125
33 5 2000.0
33 34 2000.0
33 20 1.0123343
33 2 3.3247435
33 14 0.43248203
33 7 2000.0
33 27 0.8717025
33 16 2000.0
33 25 0.53212094
34 30 1.2503649
34 20 0.8459092
34 8 3.3169703
34 13 17.472622
34 7 5.7388773
34 27 1.0508097
34 16 1215.0568
34 11 1.7995251
34 25 1.7607981
34 29 7.0502486
34 5 2.902176
35 21 0.0515793
36 26 2000.0
36 28 0.035104446
36 3 0.22580646
36 9 1.2148255
37 30 6.5278964
37 0 0.7802992
37 8 0.9199698
37 18 1.304633
37 13 1.5470616
37 11 1.6825199
37 29 1.1221976
37 20 2.3289738
37 2 1.8007721
37 7 20.918478
37 27 1.4639431
37 16 22.658056
37 23 1.7194661
37 25 181.62741
