0 2 0.92876965
0 37 2.6492898
0 13 0.80659425
0 29 18.975666
0 25 10.004924
1 3 1.8488635
1 12 17.493946
2 30 16.921654
2 0 0.92876965
2 8 1.1147158
2 18 1.7401457
2 13 0.46486235
2 33 1.5681956
2 11 1.325284
2 29 1.108472
2 20 2.2195013
2 37 0.7799739
2 27 1.0174428
2 16 2000.0
2 23 5.878925
2 25 0.5768177
3 36 0.4444534
3 28 8.437265
3 24 327.27274
3 12 0.08283275
3 1 1.8488635
3 9 0.8492453
4 31 0.068539225
4 9 0.080503516
4 17 0.12889718
4 19 0.07174277
5 30 0.66683906
5 8 0.3553409
5 18 0.6852808
5 13 42.940853
5 11 1.6849034
5 29 2.3927262
5 34 2.1647964
5 20 1.6656389
5 37 7.34672
5 7 10.2087965
5 27 1.894889
5 16 1.4645437
5 23 1.8556541
5 25 2000.0
6 31 0.2307602
6 17 2.704432
7 30 0.8793296
7 20 35.802998
7 8 2.8829377
7 16 1.3726406
7 11 143.37274
7 23 1.4466215
7 25 3.0619752
7 5 10.2087965
8 0 2000.0
8 30 0.32848278
8 18 1.2977214
8 13 1.1506748
8 11 0.8235367
8 29 0.30774626
8 5 0.3553409
8 34 65.45099
8 2 1.1147158
8 37 0.929024
8 7 2.8829377
8 27 1.3799486
8 16 1.4581399
8 23 0.87948495
8 25 2000.0
9 36 0.7718312
9 26 2000.0
9 28 0.6474936
9 10 14.546567
9 22 0.05026785
9 31 0.030915774
9 3 0.8492453
9 12 2000.0
9 4 0.080503516
9 17 0.036762107
9 19 0.08152459
10 26 0.02831308
10 28 0.39435604
10 24 0.07839858
10 31 15.039553
10 12 1357.8977
10 9 14.546567
10 17 0.033797733
11 0 2000.0
11 30 0.67538387
11 8 0.8235367
11 18 12.950487
11 13 0.98458934
11 33 1.3847504
11 29 0.7771591
11 5 1.6849034
11 34 2.7528167
11 20 1.2194288
11 2 1.325284
11 37 1.2494223
11 7 143.37274
11 27 0.6137872
11 16 1.3906438
11 25 0.7823376
12 26 0.61544687
12 32 8.188363
12 24 0.06756798
12 21 0.1085819
12 3 0.08283275
12 1 17.493946
13 30 36.306206
13 0 0.80659425
13 8 1.1506748
13 18 110.37785
13 33 0.8163223
13 11 0.98458934
13 29 0.7253888
13 5 42.940853
13 34 288.23526
13 20 1.0433449
13 2 0.46486235
13 14 8.682256
13 37 1.2372941
13 7 2000.0
13 27 0.74129844
13 16 66.66667
13 25 0.2974261
14 30 23.787197
14 20 1.9232258
14 13 8.682256
14 27 2.0451133
14 33 0.44576448
14 11 2000.0
14 25 2.3470194
15 32 0.07686717
15 21 3.7586114
16 0 2000.0
16 30 1.1026546
16 8 1.4581399
16 18 1.5076488
16 13 66.66667
16 11 1.3906438
16 5 1.4645437
16 34 41.13245
16 20 24.478956
16 7 1.3726406
16 27 1.2933103
16 23 2.6265512
16 25 1.1699709
17 6 2.704432
17 26 1.6528798
17 10 0.033797733
17 24 0.11017378
17 31 1.033099
17 9 0.036762107
17 4 0.12889718
17 19 160.0
18 0 2000.0
18 30 0.79341507
18 8 1.2977214
18 13 110.37785
18 11 12.950487
18 29 1.3487866
18 5 0.6852808
18 2 1.7401457
18 37 3.2793934
18 7 2000.0
18 27 31.400648
18 16 1.5076488
18 23 1.3626772
19 31 0.11004902
19 9 0.08152459
19 4 0.07174277
19 17 160.0
20 0 2000.0
20 30 1.378949
20 13 1.0433449
20 33 1.1458235
20 11 1.2194288
20 29 7.070858
20 5 1.6656389
20 34 0.99269307
20 2 2.2195013
20 14 1.9232258
20 37 1.6605182
20 7 35.802998
20 27 1.714764
20 16 24.478956
20 25 0.55239165
21 26 2000.0
21 32 2000.0
21 10 2000.0
21 24 0.68727684
21 35 0.030817544
21 31 2000.0
21 12 0.1085819
21 15 3.7586114
22 31 1204.2046
22 9 0.05026785
22 19 2000.0
23 0 2000.0
23 30 1.2498689
23 8 0.87948495
23 2 5.878925
23 37 2.08262
23 18 1.3626772
23 7 1.4466215
23 16 2.6265512
23 11 2000.0
23 29 1.6223283
23 5 1.8556541
24 26 0.044188622
24 32 0.28589758
24 10 0.07839858
24 21 0.68727684
24 12 0.06756798
24 3 327.27274
24 15 2000.0
24 17 0.11017378
25 30 18.649958
25 0 10.004924
25 13 0.2974261
25 33 0.6082021
25 11 0.7823376
25 29 1.3452178
25 34 1.6110369
25 20 0.55239165
25 2 0.5768177
25 14 2.3470194
25 37 26.513432
25 7 3.0619752
25 27 0.24044172
25 16 1.1699709
26 32 23.194696
26 28 0.060862456
26 10 0.02831308
26 24 0.044188622
26 31 0.085031204
26 12 0.61544687
26 17 1.6528798
27 30 0.24991661
27 0 2000.0
27 8 1.3799486
27 18 31.400648
27 13 0.74129844
27 33 0.69781995
27 11 0.6137872
27 29 0.8496768
27 5 1.894889
27 34 1.077894
27 20 1.714764
27 2 1.0174428
27 14 2.0451133
27 37 1.2730865
27 7 2000.0
27 16 1.2933103
27 25 0.24044172
28 36 0.03132499
28 26 0.060862456
28 10 0.39435604
28 3 8.437265
28 12 1208.409
28 9 0.6474936
28 19 1361.8182
29 0 18.975666
29 30 1.2833939
29 8 0.30774626
29 18 1.3487866
29 13 0.7253888
29 33 13.288226
29 11 0.7771591
29 5 2.3927262
29 34 4.375077
29 20 7.070858
29 2 1.108472
29 37 0.6655258
29 7 2000.0
29 27 0.8496768
29 16 2000.0
29 23 1.6223283
29 25 1.3452178
30 8 0.32848278
30 18 0.79341507
30 13 36.306206
30 33 11.598295
30 11 0.67538387
30 29 1.2833939
30 5 0.66683906
30 34 0.952863
30 20 1.378949
30 2 16.921654
30 14 23.787197
30 37 13.904216
30 7 0.8793296
30 27 0.24991661
30 16 1.1026546
30 23 1.2498689
30 25 18.649958
31 26 0.085031204
31 6 0.2307602
31 10 15.039553
31 35 66.75341
31 9 0.030915774
31 4 0.068539225
31 17 1.033099
31 19 0.11004902
32 26 23.194696
32 24 0.28589758
32 12 8.188363
32 15 0.07686717
33 30 11.598295
33 13 0.8163223
33 11 1.3847504
33 29 13.288226
33 5 2000.0
33 34 2000.0
33 20 1.1458235
33 2 1.5681956
33 14 0.44576448
33 7 2000.0
33 27 0.69781995
33 16 3017.898
33 25 0.6082021
34 30 0.952863
34 20 0.99269307
34 8 65.45099
34 37 2000.0
34 7 2000.0
34 13 288.23526
34 27 1.077894
34 16 41.13245
34 11 2.7528167
34 29 4.375077
34 25 1.6110369
34 5 2.1647964
35 21 0.030817544
35 31 66.75341
36 28 0.03132499
36 3 0.4444534
36 9 0.7718312
37 30 13.904216
37 0 2.6492898
37 8 0.929024
37 18 3.2793934
37 13 1.2372941
37 11 1.2494223
37 29 0.6655258
37 5 7.34672
37 20 1.6605182
37 2 0.7799739
37 7 3740.7954
37 27 1.2730865
37 16 2000.0
37 23 2.08262
37 25 26.513432
