0 2 0.9406067
0 8 480.00003
0 37 1.7192698
0 13 0.87754625
0 29 8.8042755
0 25 32.06645
1 3 0.77064073
1 12 34.816196
2 30 24.408361
2 0 0.9406067
2 8 1.2128
2 18 2.6433656
2 13 0.77698076
2 33 2.0543182
2 11 2.1014864
2 29 0.84184104
2 20 5.0272827
2 37 0.76713073
2 27 0.9001568
2 16 2000.0
2 23 10.072322
2 25 0.5430078
3 36 0.4967246
3 28 22.337975
3 24 2000.0
3 12 0.06996088
3 1 0.77064073
3 9 0.44426116
4 31 0.06697933
4 9 0.066389896
4 17 0.18482143
4 19 0.06704501
5 30 0.6568315
5 8 1.1612525
5 18 1.5538391
5 13 33.615635
5 11 1.5806931
5 29 6.6808677
5 34 2.1320024
5 20 5.328504
5 37 14.505113
5 7 13.62238
5 27 1.890067
5 16 2.297593
5 23 6.858205
5 25 2000.0
6 31 0.13145287
6 17 2.5508525
7 30 0.6223653
7 20 66.66667
7 8 5.7929883
7 16 1.3905935
7 11 114.28571
7 23 1.354177
7 25 2.254611
7 5 13.62238
8 0 480.00003
8 30 0.40046576
8 18 1.3658562
8 13 1.930701
8 11 1.1632818
8 29 0.54093075
8 5 1.1612525
8 34 28.006027
8 2 1.2128
8 37 0.90507406
8 7 5.7929883
8 27 0.7149621
8 16 2.1167638
8 23 1.009841
8 25 2000.0
9 36 0.6996129
9 26 2000.0
9 28 0.8562165
9 10 9.698707
9 22 0.0678465
9 31 0.028251989
9 3 0.44426116
9 12 2000.0
9 4 0.066389896
9 17 0.06482772
9 19 0.08001096
10 26 0.035394385
10 28 0.35415363
10 24 0.079272985
10 31 0.8713859
10 12 54.232834
10 9 9.698707
10 17 0.029683074
11 0 2000.0
11 30 0.7778355
11 8 1.1632818
11 18 3.6643279
11 13 1.1390156
11 33 1.8472359
11 29 0.6910346
11 5 1.5806931
11 34 2.0491886
11 20 1.2092223
11 2 2.1014864
11 37 1.0546888
11 7 114.28571
11 27 0.71794504
11 16 1.121802
11 25 0.65847224
12 26 0.22866361
12 32 5.8030896
12 10 54.232834
12 24 0.083554745
12 21 0.09965495
12 3 0.06996088
12 1 34.816196
13 30 52.829235
13 0 0.87754625
13 8 1.930701
13 18 53.82363
13 33 1.0156318
13 11 1.1390156
13 29 0.9008642
13 5 33.615635
13 34 99.54261
13 20 1.0636157
13 2 0.77698076
13 14 5.506119
13 37 1.0068247
13 7 2000.0
13 27 0.3949929
13 16 181.99565
13 25 0.30381235
14 30 13.721987
14 20 1.9318379
14 13 5.506119
14 27 7.8644857
14 33 0.83890736
14 11 2000.0
14 25 2.3628678
15 32 0.067162514
15 21 8.850149
16 34 31.288645
16 30 1.0496877
16 20 50.12778
16 8 2.1167638
16 18 1.8705956
16 13 181.99565
16 7 1.3905935
16 27 1.4720923
16 11 1.121802
16 23 3.826484
16 25 1.1923232
16 5 2.297593
17 6 2.5508525
17 26 2.0614984
17 10 0.029683074
17 24 0.07771398
17 31 0.92135644
17 9 0.06482772
17 4 0.18482143
17 19 133.33334
18 0 2000.0
18 30 0.63818145
18 8 1.3658562
18 13 53.82363
18 11 3.6643279
18 29 1.2567056
18 5 1.5538391
18 2 2.6433656
18 37 3.319073
18 7 2000.0
18 27 126.85096
18 16 1.8705956
18 23 1.6994355
19 28 1363.409
19 31 0.09041699
19 9 0.08001096
19 4 0.06704501
19 17 133.33334
20 30 2.0997746
20 8 2000.0
20 13 1.0636157
20 33 1.0827882
20 11 1.2092223
20 29 10.901866
20 5 5.328504
20 34 0.918669
20 2 5.0272827
20 14 1.9318379
20 37 2.0672014
20 7 66.66667
20 27 1.3663313
20 16 50.12778
20 25 0.77768517
21 26 2000.0
21 32 2000.0
21 24 1.142856
21 35 0.03467772
21 31 1600.0
21 12 0.09965495
21 15 8.850149
22 31 327.27274
22 9 0.0678465
22 19 2000.0
23 0 2000.0
23 30 4.582158
23 8 1.009841
23 2 10.072322
23 37 1.4190401
23 18 1.6994355
23 7 1.354177
23 16 3.826484
23 11 2000.0
23 29 1.5603198
23 5 6.858205
24 26 0.04242921
24 32 0.19545683
24 10 0.079272985
24 21 1.142856
24 12 0.083554745
24 17 0.07771398
25 30 14.100204
25 0 32.06645
25 13 0.30381235
25 33 0.9961041
25 11 0.65847224
25 29 1.3724085
25 34 1.9470097
25 20 0.77768517
25 2 0.5430078
25 14 2.3628678
25 37 106.91658
25 7 2.254611
25 27 0.22587635
25 16 1.1923232
26 32 30.369093
26 28 0.05002201
26 10 0.035394385
26 24 0.04242921
26 31 1.3339921
26 12 0.22866361
26 17 2.0614984
27 30 0.24305715
27 0 2000.0
27 8 0.7149621
27 18 126.85096
27 13 0.3949929
27 33 0.79011536
27 11 0.71794504
27 29 2.0215745
27 5 1.890067
27 34 0.9165782
27 20 1.3663313
27 2 0.9001568
27 14 7.8644857
27 37 1.0684791
27 7 2000.0
27 16 1.4720923
27 25 0.22587635
28 36 0.039835863
28 26 0.05002201
28 10 0.35415363
28 3 22.337975
28 12 1301.591
28 9 0.8562165
28 19 1363.409
29 0 8.8042755
29 30 0.8459809
29 8 0.54093075
29 18 1.2567056
29 13 0.9008642
29 33 9.499774
29 11 0.6910346
29 5 6.6808677
29 34 4.8905897
29 20 10.901866
29 2 0.84184104
29 37 0.8178664
29 7 2000.0
29 27 2.0215745
29 16 2000.0
29 23 1.5603198
29 25 1.3724085
30 8 0.40046576
30 18 0.63818145
30 13 52.829235
30 33 5.2392597
30 11 0.7778355
30 29 0.8459809
30 5 0.6568315
30 34 0.7299537
30 20 2.0997746
30 2 24.408361
30 14 13.721987
30 37 11.969697
30 7 0.6223653
30 27 0.24305715
30 16 1.0496877
30 23 4.582158
30 25 14.100204
31 26 1.3339921
31 6 0.13145287
31 10 0.8713859
31 35 6.408174
31 21 1600.0
31 22 327.27274
31 9 0.028251989
31 4 0.06697933
31 17 0.92135644
31 19 0.09041699
32 26 30.369093
32 24 0.19545683
32 21 2000.0
32 12 5.8030896
32 15 0.067162514
33 30 5.2392597
33 13 1.0156318
33 11 1.8472359
33 29 9.499774
33 5 2000.0
33 34 2000.0
33 20 1.0827882
33 2 2.0543182
33 14 0.83890736
33 7 2000.0
33 27 0.79011536
33 16 2422.443
33 25 0.9961041
34 30 0.7299537
34 20 0.918669
34 8 28.006027
34 37 2000.0
34 7 2000.0
34 13 99.54261
34 27 0.9165782
34 16 31.288645
34 11 2.0491886
34 29 4.8905897
34 25 1.9470097
34 5 2.1320024
35 21 0.03467772
35 31 6.408174
36 28 0.039835863
36 3 0.4967246
36 9 0.6996129
37 30 11.969697
37 0 1.7192698
37 8 0.90507406
37 18 3.319073
37 13 1.0068247
37 11 1.0546888
37 29 0.8178664
37 5 14.505113
37 20 2.0672014
37 2 0.76713073
37 7 5460.739
37 27 1.0684791
37 16 2000.0
37 23 1.4190401
37 25 106.91658
