0 8 11.485229
0 2 1.3524582
0 37 0.93366736
0 13 0.5937517
0 11 1606.7898
0 29 10.256052
1 3 0.21414956
1 12 73.35208
2 30 5.894103
2 0 1.3524582
2 8 1.0822879
2 18 9.13425
2 13 0.32785913
2 33 1.5983504
2 11 0.41047087
2 29 0.766932
2 20 2.6036773
2 37 0.73630935
2 27 0.404066
2 16 2000.0
2 23 38.095238
2 25 3.124043
3 36 0.24096148
3 28 0.16100745
3 24 244.67705
3 12 0.049656436
3 1 0.21414956
3 9 0.35861817
4 31 0.12749445
4 9 0.07603257
4 17 0.090696566
4 19 0.08113335
5 34 2.3393002
5 30 0.63615215
5 20 3.8186996
5 8 0.3882063
5 37 2000.0
5 18 0.36808315
5 7 3.6130025
5 27 1.6901914
5 16 1.7542812
5 23 3.3297331
5 11 1.8656851
5 29 2.7641258
6 24 2000.0
6 22 87.574265
6 31 0.8373131
6 17 0.66340464
7 34 11.129888
7 30 1.1104766
7 20 1.2051631
7 8 100.0
7 37 19.40307
7 27 88.34521
7 16 0.88624996
7 11 4.347441
7 23 1.2480904
7 25 11.769142
7 5 3.6130025
8 0 11.485229
8 30 0.6658374
8 18 1.3256899
8 13 3.4851995
8 11 0.72287124
8 29 0.6590561
8 5 0.3882063
8 34 3.3780594
8 2 1.0822879
8 37 1.4684072
8 7 100.0
8 27 1.5568979
8 16 1.9181503
8 23 1.4470457
9 36 0.919593
9 28 4.1082053
9 10 12.560407
9 22 0.18563798
9 31 0.038927384
9 3 0.35861817
9 12 2000.0
9 17 0.03927196
9 4 0.07603257
9 19 0.068566605
10 26 0.034137484
10 28 0.16580577
10 24 0.27865675
10 31 0.06872295
10 12 7.8261323
10 9 12.560407
10 17 0.04170017
11 0 1606.7898
11 30 0.2955011
11 8 0.72287124
11 18 6.840585
11 13 0.34441158
11 33 2.291258
11 29 0.74233013
11 5 1.8656851
11 34 2.3919787
11 20 0.8855899
11 2 0.41047087
11 37 1.6503823
11 7 4.347441
11 27 0.2921829
11 16 0.7611345
11 25 0.8934609
12 26 0.9801456
12 28 1.799858
12 32 0.30785856
12 10 7.8261323
12 24 0.09057073
12 21 0.0719015
12 3 0.049656436
12 1 73.35208
13 30 3.4456134
13 0 0.5937517
13 8 3.4851995
13 18 142.33792
13 33 0.8632936
13 11 0.34441158
13 29 0.7278445
13 5 2000.0
13 34 5.940232
13 20 0.55251753
13 2 0.32785913
13 14 3.1944232
13 37 0.8547537
13 27 0.24944876
13 16 49.390816
13 25 0.6579424
14 20 1.7879964
14 13 3.1944232
14 27 5.345684
14 33 0.49789092
14 11 2000.0
14 25 1.128333
15 32 0.08825447
15 21 167.89482
16 30 1.1205208
16 0 2000.0
16 8 1.9181503
16 18 0.9065765
16 13 49.390816
16 33 140.98865
16 11 0.7611345
16 29 43.978786
16 5 1.7542812
16 20 15.621454
16 37 24.54913
16 7 0.88624996
16 27 1.5861858
16 23 6.641373
16 25 1.3702567
17 26 1.8868915
17 6 0.66340464
17 10 0.04170017
17 24 0.37026474
17 31 1.1755062
17 9 0.03927196
17 4 0.090696566
17 19 2.421871
18 30 0.6717052
18 2 9.13425
18 8 1.3256899
18 37 1.10634
18 13 142.33792
18 7 2000.0
18 27 3.409003
18 16 0.9065765
18 23 1.3059064
18 11 6.840585
18 29 0.9225873
18 5 0.36808315
19 31 0.08391257
19 9 0.068566605
19 17 2.421871
19 4 0.08113335
20 30 33.89261
20 13 0.55251753
20 33 1.2967961
20 11 0.8855899
20 29 3.9128668
20 5 3.8186996
20 34 0.7854978
20 2 2.6036773
20 14 1.7879964
20 37 3.2711186
20 7 1.2051631
20 27 0.5370041
20 16 15.621454
20 25 0.6951822
21 32 2000.0
21 24 0.27242202
21 35 0.037428617
21 12 0.0719015
21 15 167.89482
22 6 87.574265
22 31 1449.034
22 9 0.18563798
22 19 1377.7842
23 0 2000.0
23 30 1.0894953
23 2 38.095238
23 8 1.4470457
23 37 3.6201348
23 18 1.3059064
23 7 1.2480904
23 16 6.641373
23 11 2000.0
23 29 6.344657
23 5 3.3297331
24 26 0.10367646
24 32 0.08661972
24 10 0.27865675
24 21 0.27242202
24 31 5.9406133
24 12 0.09057073
24 3 244.67705
24 15 2000.0
24 17 0.37026474
25 30 8.181036
25 13 0.6579424
25 33 0.43517768
25 11 0.8934609
25 29 5.8580537
25 34 1.3462547
25 20 0.6951822
25 2 3.124043
25 14 1.128333
25 37 67.7108
25 7 11.769142
25 27 0.88058543
25 16 1.3702567
26 36 1934.3656
26 32 20.727598
26 28 0.08122206
26 10 0.034137484
26 24 0.10367646
26 31 0.1257361
26 12 0.9801456
26 17 1.8868915
27 0 2000.0
27 30 0.16385733
27 8 1.5568979
27 18 3.409003
27 13 0.24944876
27 33 0.98720926
27 11 0.2921829
27 29 0.69268405
27 5 1.6901914
27 34 0.94106984
27 20 0.5370041
27 2 0.404066
27 14 5.345684
27 37 1.0040545
27 7 88.34521
27 16 1.5861858
27 25 0.88058543
28 36 0.04515832
28 26 0.08122206
28 10 0.16580577
28 3 0.16100745
28 12 1.799858
28 9 4.1082053
29 0 10.256052
29 30 6.1313443
29 8 0.6590561
29 18 0.9225873
29 13 0.7278445
29 11 0.74233013
29 5 2.7641258
29 34 17.9576
29 20 3.9128668
29 2 0.766932
29 37 0.67491657
29 7 2000.0
29 27 0.69268405
29 16 43.978786
29 23 6.344657
29 25 5.8580537
30 0 2000.0
30 8 0.6658374
30 18 0.6717052
30 13 3.4456134
30 33 1.6547594
30 11 0.2955011
30 29 6.1313443
30 5 0.63615215
30 34 2.6247368
30 20 33.89261
30 2 5.894103
30 37 5.723787
30 7 1.1104766
30 27 0.16385733
30 16 1.1205208
30 23 1.0894953
30 25 8.181036
31 26 0.1257361
31 6 0.8373131
31 10 0.06872295
31 24 5.9406133
31 9 0.038927384
31 17 1.1755062
31 4 0.12749445
31 19 0.08391257
32 26 20.727598
32 24 0.08661972
32 12 0.30785856
32 15 0.08825447
33 34 2000.0
33 30 1.6547594
33 20 1.2967961
33 2 1.5983504
33 14 0.49789092
33 7 2000.0
33 13 0.8632936
33 27 0.98720926
33 16 140.98865
33 11 2.291258
33 29 1836.5342
33 25 0.43517768
34 30 2.6247368
34 20 0.7854978
34 8 3.3780594
34 13 5.940232
34 7 11.129888
34 27 0.94106984
34 16 1215.0568
34 11 2.3919787
34 25 1.3462547
34 29 17.9576
34 5 2.3393002
35 21 0.037428617
36 26 1934.3656
36 28 0.04515832
36 3 0.24096148
36 9 0.919593
37 30 5.723787
37 0 0.93366736
37 8 1.4684072
37 18 1.10634
37 13 0.8547537
37 11 1.6503823
37 29 0.67491657
37 20 3.2711186
37 2 0.73630935
37 7 19.40307
37 27 1.0040545
37 16 24.54913
37 23 3.6201348
37 25 67.7108
