0 8 9.446418
0 2 1.4306625
0 37 0.6499777
0 13 0.7100555
0 11 63.874435
0 29 4.917513
1 3 0.20328282
1 12 18.654194
2 30 7.6704545
2 0 1.4306625
2 8 1.3061875
2 18 11.318723
2 13 0.24619472
2 33 2.2994692
2 11 0.85967016
2 29 1.0905931
2 20 2.6707969
2 37 0.7189473
2 27 0.3521559
2 23 25.245363
2 25 1.400624
3 36 0.36448905
3 28 0.0654873
3 24 127.43597
3 12 0.057428434
3 1 0.20328282
3 9 0.49683303
4 31 0.07814642
4 9 0.07399038
4 17 0.09310816
4 19 0.08491687
5 34 2.225378
5 30 0.6493294
5 20 1.9167165
5 8 0.4739394
5 37 2000.0
5 18 0.37371296
5 7 6.4512167
5 27 2.779944
5 16 2.1668236
5 23 3.4401743
5 11 1.9349012
5 29 4.45897
6 22 291.39862
6 31 0.32497236
6 17 0.8967274
7 34 6.8007956
7 30 0.81626815
7 20 2.018949
7 8 55.61457
7 37 32.81648
7 27 321.58505
7 16 1.05694
7 11 9.319871
7 23 1.1559459
7 25 9.568365
7 5 6.4512167
8 0 9.446418
8 30 0.76863426
8 18 1.2924589
8 13 2.8786006
8 11 2.216751
8 29 1.3658311
8 5 0.4739394
8 34 2.919539
8 2 1.3061875
8 37 1.2093014
8 7 55.61457
8 27 1.5606656
8 16 1.6731324
8 23 1.3581903
9 36 0.63589346
9 26 2000.0
9 28 1.0774851
9 10 12.019369
9 22 0.13254471
9 31 0.03725482
9 3 0.49683303
9 12 2000.0
9 17 0.05505863
9 4 0.07399038
9 19 0.087715134
10 26 0.03358793
10 28 0.13962264
10 24 0.038942557
10 31 0.03621591
10 12 3.1001625
10 9 12.019369
10 17 0.029692084
11 0 63.874435
11 30 0.43097538
11 8 2.216751
11 18 5.144613
11 13 0.5510335
11 33 1.6805066
11 29 0.71112156
11 5 1.9349012
11 34 2.1775196
11 20 0.8065155
11 2 0.85967016
11 37 1.3017151
11 7 9.319871
11 27 1.1690222
11 16 0.9279605
11 25 1.2421889
12 26 4.5727105
12 28 4.3786526
12 32 0.18713532
12 10 3.1001625
12 24 0.1311063
12 21 0.077363305
12 3 0.057428434
12 1 18.654194
13 30 5.4346194
13 0 0.7100555
13 8 2.8786006
13 18 422.58762
13 33 0.91948456
13 11 0.5510335
13 29 0.48769623
13 5 2000.0
13 34 6.645182
13 20 0.593012
13 2 0.24619472
13 14 2.4201796
13 37 2.0585692
13 27 0.45232773
13 16 80.0
13 25 0.7179053
14 34 2000.0
14 20 2.5781126
14 13 2.4201796
14 27 7.868339
14 33 0.69624954
14 11 2000.0
14 25 3.4598367
15 32 0.07490625
15 21 8.058167
16 0 2000.0
16 30 1.1032668
16 8 1.6731324
16 18 1.0681564
16 13 80.0
16 11 0.9279605
16 29 24.20448
16 5 2.1668236
16 20 27.920353
16 37 60.961754
16 7 1.05694
16 27 1.3414074
16 23 7.584082
16 25 2.819798
17 26 1.9107424
17 6 0.8967274
17 10 0.029692084
17 24 0.2309842
17 31 1.1725744
17 9 0.05505863
17 4 0.09310816
17 19 3.3689973
18 30 0.7278757
18 2 11.318723
18 8 1.2924589
18 37 1.1101737
18 13 422.58762
18 7 2000.0
18 27 4.442176
18 16 1.0681564
18 23 1.462169
18 11 5.144613
18 29 6.359708
18 5 0.37371296
19 31 0.080760226
19 9 0.087715134
19 17 3.3689973
19 4 0.08491687
20 0 2000.0
20 30 18.96618
20 13 0.593012
20 33 1.3907343
20 11 0.8065155
20 29 8.6846
20 5 1.9167165
20 34 0.99963444
20 2 2.6707969
20 14 2.5781126
20 37 3.205333
20 7 2.018949
20 27 0.53720176
20 16 27.920353
20 25 0.90238136
21 32 2000.0
21 24 0.15562958
21 35 0.041775342
21 12 0.077363305
21 15 8.058167
22 6 291.39862
22 31 1449.034
22 9 0.13254471
22 19 1377.7842
23 0 2000.0
23 30 2.4157784
23 2 25.245363
23 8 1.3581903
23 37 1.77775
23 18 1.462169
23 7 1.1559459
23 16 7.584082
23 11 2000.0
23 29 1.3253884
23 5 3.4401743
24 26 0.084340215
24 32 0.08207405
24 10 0.038942557
24 21 0.15562958
24 31 5.0338097
24 12 0.1311063
24 3 127.43597
24 15 2000.0
24 17 0.2309842
25 30 6.175031
25 13 0.7179053
25 33 0.2949598
25 11 1.2421889
25 29 4.380226
25 34 3.3747497
25 20 0.90238136
25 2 1.400624
25 14 3.4598367
25 37 56.608665
25 7 9.568365
25 27 0.8400475
25 16 2.819798
26 32 15.931327
26 28 0.080907606
26 10 0.03358793
26 24 0.084340215
26 31 0.09512309
26 12 4.5727105
26 17 1.9107424
27 0 2000.0
27 30 0.16550449
27 8 1.5606656
27 18 4.442176
27 13 0.45232773
27 33 0.97098684
27 11 1.1690222
27 29 0.71952313
27 5 2.779944
27 34 1.0709432
27 20 0.53720176
27 2 0.3521559
27 14 7.868339
27 37 2.6303325
27 7 321.58505
27 16 1.3414074
27 23 2000.0
27 25 0.8400475
28 36 0.03720975
28 26 0.080907606
28 10 0.13962264
28 3 0.0654873
28 12 4.3786526
28 9 1.0774851
29 0 4.917513
29 30 2.5670912
29 8 1.3658311
29 18 6.359708
29 13 0.48769623
29 11 0.71112156
29 5 4.45897
29 34 6.1467557
29 20 8.6846
29 2 1.0905931
29 37 1.5125483
29 7 2000.0
29 27 0.71952313
29 16 24.20448
29 23 1.3253884
29 25 4.380226
30 0 2000.0
30 8 0.76863426
30 18 0.7278757
30 13 5.4346194
30 33 1.9790322
30 11 0.43097538
30 29 2.5670912
30 5 0.6493294
30 34 0.7387607
30 20 18.96618
30 2 7.6704545
30 37 10.034283
30 7 0.81626815
30 27 0.16550449
30 16 1.1032668
30 23 2.4157784
30 25 6.175031
31 26 0.09512309
31 6 0.32497236
31 10 0.03621591
31 24 5.0338097
31 9 0.03725482
31 17 1.1725744
31 4 0.07814642
31 19 0.080760226
32 26 15.931327
32 24 0.08207405
32 21 2000.0
32 12 0.18713532
32 15 0.07490625
33 34 2000.0
33 30 1.9790322
33 20 1.3907343
33 2 2.2994692
33 14 0.69624954
33 7 2000.0
33 13 0.91948456
33 27 0.97098684
33 16 2226.3638
33 11 1.6805066
33 29 1836.5342
33 25 0.2949598
34 30 0.7387607
34 20 0.99963444
34 8 2.919539
34 13 6.645182
34 7 6.8007956
34 27 1.0709432
34 16 1215.0568
34 11 2.1775196
34 25 3.3747497
34 29 6.1467557
34 5 2.225378
35 21 0.041775342
36 26 1868.7312
36 28 0.03720975
36 3 0.36448905
36 9 0.63589346
37 30 10.034283
37 0 0.6499777
37 8 1.2093014
37 18 1.1101737
37 13 2.0585692
37 11 1.3017151
37 29 1.5125483
37 20 3.205333
37 2 0.7189473
37 7 32.81648
37 27 2.6303325
37 16 60.961754
37 23 1.77775
37 25 56.608665
