0 2 0.8886474
0 37 2.1283586
0 13 1.300594
0 29 41.86376
0 25 110.37416
1 3 0.55990785
1 12 23.51534
2 30 34.051647
2 0 0.8886474
2 8 1.3439997
2 18 3.6520078
2 13 0.4717649
2 33 2.634405
2 11 1.2520243
2 29 1.1230373
2 20 2.9115615
2 37 0.9615022
2 27 0.7300546
2 16 2000.0
2 23 17.125969
2 25 1.2296323
3 36 0.8652428
3 28 11.055556
3 24 327.27274
3 12 0.05155773
3 1 0.55990785
3 9 1.00451
4 31 0.06656935
4 9 0.06849748
4 17 0.1345644
4 19 0.076213285
5 30 0.737846
5 8 0.49534926
5 18 1.276849
5 13 55.00984
5 11 1.5579078
5 29 4.131475
5 34 2.331162
5 20 3.646139
5 37 25.303064
5 7 23.651428
5 27 1.1501932
5 16 1.3974551
5 23 2.2008028
5 25 2000.0
6 31 0.21590245
6 17 1.2810391
7 34 327.27274
7 30 0.8621576
7 20 67.11051
7 8 9.99197
7 37 64.28571
7 16 1.3525274
7 11 138.50002
7 23 1.2626157
7 25 2.0729783
7 5 23.651428
8 0 2000.0
8 30 0.40792662
8 18 1.3987567
8 13 1.3500415
8 11 0.94277817
8 29 0.420155
8 5 0.49534926
8 34 22.700994
8 2 1.3439997
8 37 1.2841007
8 7 9.99197
8 27 1.2445914
8 16 1.6752131
8 23 0.6963431
8 25 2000.0
9 36 0.6261092
9 26 2000.0
9 28 0.89364624
9 10 23.646591
9 22 0.0520349
9 31 0.02953644
9 3 1.00451
9 12 2000.0
9 4 0.06849748
9 17 0.03148791
9 19 0.06865823
10 26 0.058222994
10 28 0.2365128
10 24 0.12079298
10 31 14.648061
10 12 1249.034
10 9 23.646591
10 17 0.03477712
11 0 2000.0
11 30 0.90802747
11 8 0.94277817
11 18 16.26295
11 13 0.80578417
11 33 1.4567914
11 29 0.970031
11 5 1.5579078
11 34 2.056237
11 20 1.154937
11 2 1.2520243
11 37 1.7197874
11 7 138.50002
11 27 0.6242732
11 16 1.1951331
11 25 0.7839259
12 26 1.4204545
12 32 9.258451
12 24 0.10153959
12 21 0.12798065
12 3 0.05155773
12 1 23.51534
13 30 2761.894
13 0 1.300594
13 8 1.3500415
13 33 0.90827924
13 11 0.80578417
13 29 0.80324346
13 5 55.00984
13 34 177.77777
13 20 0.84175116
13 2 0.4717649
13 14 5.426802
13 37 0.9876379
13 7 2000.0
13 27 0.24994403
13 16 53.637695
13 25 0.3677549
14 30 14.018912
14 20 2.5871305
14 13 5.426802
14 27 3.1926618
14 33 0.4509501
14 11 2000.0
14 25 2.6627283
15 32 0.06783368
15 21 0.96
16 30 1.1358367
16 0 2000.0
16 8 1.6752131
16 18 1.5492941
16 13 53.637695
16 11 1.1951331
16 5 1.3974551
16 34 68.923
16 20 10.548257
16 7 1.3525274
16 27 1.5881519
16 23 2.690868
16 25 2.4249456
17 6 1.2810391
17 26 1.6609849
17 10 0.03477712
17 24 0.07518958
17 31 1.0017396
17 9 0.03148791
17 4 0.1345644
17 19 188.83504
18 0 2000.0
18 30 0.8205041
18 8 1.3987567
18 13 2000.0
18 11 16.26295
18 29 1.0713198
18 5 1.276849
18 2 3.6520078
18 37 1.7092003
18 7 2000.0
18 27 45.050865
18 16 1.5492941
18 23 1.4112315
19 31 0.08289866
19 9 0.06865823
19 17 188.83504
19 4 0.076213285
20 30 1.8859862
20 13 0.84175116
20 33 0.9003362
20 11 1.154937
20 29 13.86171
20 5 3.646139
20 34 0.84375006
20 2 2.9115615
20 14 2.5871305
20 37 2.0910788
20 7 67.11051
20 27 5.207677
20 16 10.548257
20 25 0.39771697
21 32 2000.0
21 24 0.85981405
21 35 0.032929126
21 31 2000.0
21 12 0.12798065
21 15 0.96
22 31 222.32047
22 9 0.0520349
22 19 2000.0
23 0 2000.0
23 30 1.1826857
23 8 0.6963431
23 2 17.125969
23 37 1.6651502
23 18 1.4112315
23 7 1.2626157
23 16 2.690868
23 11 2000.0
23 29 1.1990483
23 5 2.2008028
24 26 0.034971867
24 32 0.26468605
24 10 0.12079298
24 21 0.85981405
24 12 0.10153959
24 3 327.27274
24 17 0.07518958
25 30 23.872898
25 0 110.37416
25 13 0.3677549
25 33 0.5147555
25 11 0.7839259
25 29 2.0452023
25 34 2.6236365
25 20 0.39771697
25 2 1.2296323
25 14 2.6627283
25 37 69.058235
25 7 2.0729783
25 27 0.25477174
25 16 2.4249456
26 32 160.0
26 28 0.07361162
26 10 0.058222994
26 24 0.034971867
26 31 0.13735795
26 12 1.4204545
26 17 1.6609849
27 30 0.2549607
27 0 2000.0
27 8 1.2445914
27 18 45.050865
27 13 0.24994403
27 33 0.76733434
27 11 0.6242732
27 29 0.79334575
27 5 1.1501932
27 34 0.74753594
27 20 5.207677
27 2 0.7300546
27 14 3.1926618
27 37 1.0647476
27 7 2000.0
27 16 1.5881519
27 25 0.25477174
28 36 0.0327962
28 26 0.07361162
28 10 0.2365128
28 3 11.055556
28 12 1202.2728
28 9 0.89364624
28 19 1315.2273
29 0 41.86376
29 30 2.104855
29 8 0.420155
29 18 1.0713198
29 13 0.80324346
29 33 29.800428
29 11 0.970031
29 5 4.131475
29 34 3.7000122
29 20 13.86171
29 2 1.1230373
29 37 0.73625
29 7 2000.0
29 27 0.79334575
29 16 2000.0
29 23 1.1990483
29 25 2.0452023
30 8 0.40792662
30 18 0.8205041
30 13 2761.894
30 33 8.277238
30 11 0.90802747
30 29 2.104855
30 5 0.737846
30 34 0.8031685
30 20 1.8859862
30 2 34.051647
30 14 14.018912
30 37 46.330322
30 7 0.8621576
30 27 0.2549607
30 16 1.1358367
30 23 1.1826857
30 25 23.872898
31 26 0.13735795
31 6 0.21590245
31 10 14.648061
31 22 222.32047
31 9 0.02953644
31 4 0.06656935
31 17 1.0017396
31 19 0.08289866
32 26 160.0
32 24 0.26468605
32 12 9.258451
32 15 0.06783368
33 30 8.277238
33 8 2000.0
33 13 0.90827924
33 11 1.4567914
33 29 29.800428
33 5 2000.0
33 34 2000.0
33 20 0.9003362
33 2 2.634405
33 14 0.4509501
33 7 2000.0
33 27 0.76733434
33 16 3017.898
33 25 0.5147555
34 30 0.8031685
34 20 0.84375006
34 8 22.700994
34 37 2000.0
34 7 327.27274
34 13 177.77777
34 27 0.74753594
34 16 68.923
34 11 2.056237
34 29 3.7000122
34 25 2.6236365
34 5 2.331162
35 21 0.032929126
35 31 1102.5
36 28 0.0327962
36 3 0.8652428
36 9 0.6261092
37 30 46.330322
37 0 2.1283586
37 8 1.2841007
37 18 1.7092003
37 13 0.9876379
37 11 1.7197874
37 29 0.73625
37 5 25.303064
37 20 2.0910788
37 2 0.9615022
37 7 64.28571
37 27 1.0647476
37 16 2000.0
37 23 1.6651502
37 25 69.058235
