0 8 6.6859317
0 2 0.97127926
0 37 0.9610471
0 13 0.8672056
0 11 69.24929
0 25 400.0
0 29 11.137636
1 3 0.3008712
1 12 1209.1477
2 30 25.465479
2 0 0.97127926
2 8 1.3657246
2 18 5.7335615
2 13 0.4806667
2 33 4.2648816
2 11 1.4444903
2 29 1.1284753
2 20 2.0986295
2 37 1.0909309
2 27 1.4404882
2 16 2000.0
2 23 44.70236
2 25 1.2362065
3 36 0.22730096
3 28 0.12424243
3 24 133.33334
3 12 0.06661952
3 1 0.3008712
3 9 0.3168805
4 31 0.07164589
4 9 0.06834016
4 17 0.08472169
4 19 0.09739583
5 30 0.6939859
5 8 0.71050227
5 18 0.38746148
5 13 2000.0
5 11 4.377192
5 29 3.6779284
5 34 3.8033106
5 20 2.5584414
5 37 2000.0
5 7 7.2261877
5 27 2.02605
5 16 1.5598842
5 23 3.0864334
6 22 1196.4204
6 31 1.4613853
6 17 1.109375
7 34 6.5506964
7 30 0.894667
7 20 1.804293
7 8 34.615387
7 37 14.737262
7 27 109.68209
7 16 1.2819899
7 11 8.185408
7 23 1.4172653
7 25 8.545502
7 5 7.2261877
8 0 6.6859317
8 30 0.60666454
8 18 0.8653773
8 13 3.0959213
8 11 0.39420438
8 29 0.89198333
8 5 0.71050227
8 34 6.591246
8 2 1.3657246
8 37 1.3537844
8 7 34.615387
8 27 1.0664139
8 16 1.2205471
8 23 0.85847116
9 36 1.162987
9 26 2000.0
9 28 3.0325513
9 10 3.9651604
9 22 0.50125384
9 31 0.031017141
9 3 0.3168805
9 12 2000.0
9 17 0.042464595
9 4 0.06834016
9 19 0.0817625
10 26 0.034163024
10 28 0.1747762
10 24 0.07189056
10 31 0.032597546
10 12 5.4241123
10 9 3.9651604
10 17 0.029850615
11 0 69.24929
11 30 0.34566534
11 8 0.39420438
11 18 7.6136694
11 13 0.40015545
11 33 1.5206201
11 29 0.6608725
11 5 4.377192
11 34 2.45032
11 20 1.105363
11 2 1.4444903
11 37 1.1671798
11 7 8.185408
11 27 0.5596224
11 16 0.9269301
11 25 0.74864817
12 26 3.395482
12 28 3.932011
12 32 0.38039622
12 10 5.4241123
12 24 0.0799794
12 21 0.07948586
12 3 0.06661952
12 1 1209.1477
13 30 1.0655915
13 0 0.8672056
13 8 3.0959213
13 18 100.0
13 33 0.9483172
13 11 0.40015545
13 29 1.4590123
13 34 10.500977
13 20 0.70066524
13 2 0.4806667
13 14 2.3425965
13 37 3.6079755
13 27 0.15069185
13 16 66.8505
13 25 0.53412384
14 20 0.73209983
14 13 2.3425965
14 33 0.51913613
14 27 2.623756
14 11 2000.0
14 25 2.3106873
15 32 0.07793496
15 21 1.6211342
16 0 2000.0
16 30 1.083882
16 8 1.2205471
16 18 0.7939644
16 13 66.8505
16 11 0.9269301
16 29 111.1984
16 5 1.5598842
16 20 12.175299
16 37 60.88926
16 7 1.2819899
16 27 1.4048818
16 23 15.642415
16 25 0.7376618
17 26 2.0705986
17 6 1.109375
17 10 0.029850615
17 24 0.34169996
17 31 1.408466
17 9 0.042464595
17 4 0.08472169
17 19 6.096695
18 0 2000.0
18 30 0.72530174
18 8 0.8653773
18 13 100.0
18 11 7.6136694
18 29 0.8530681
18 5 0.38746148
18 2 5.7335615
18 37 1.2201823
18 7 2000.0
18 27 3.683514
18 16 0.7939644
18 23 1.5014436
19 31 0.06972539
19 9 0.0817625
19 17 6.096695
19 4 0.09739583
20 30 9.523935
20 13 0.70066524
20 33 1.2111113
20 11 1.105363
20 29 1.7770432
20 5 2.5584414
20 34 0.8612339
20 2 2.0986295
20 14 0.73209983
20 37 3.5836325
20 7 1.804293
20 27 0.40191454
20 16 12.175299
20 25 0.40656844
21 32 2000.0
21 10 2000.0
21 24 0.08282604
21 35 0.068410926
21 12 0.07948586
21 15 1.6211342
22 6 1196.4204
22 31 1290.3977
22 9 0.50125384
22 19 1289.6592
23 0 2000.0
23 30 2.1923292
23 2 44.70236
23 8 0.85847116
23 37 2.5708916
23 18 1.5014436
23 7 1.4172653
23 16 15.642415
23 11 2000.0
23 29 3.7569191
23 5 3.0864334
24 26 0.057003073
24 32 0.10391742
24 10 0.07189056
24 21 0.08282604
24 31 13.588137
24 12 0.0799794
24 3 133.33334
24 15 2000.0
24 17 0.34169996
25 0 400.0
25 30 2.3359993
25 13 0.53412384
25 33 0.40216294
25 11 0.74864817
25 29 2.341883
25 34 1.8596951
25 20 0.40656844
25 2 1.2362065
25 14 2.3106873
25 37 34.584454
25 7 8.545502
25 27 0.6691319
25 16 0.7376618
26 36 329.9766
26 32 28.761292
26 28 0.036028318
26 10 0.034163024
26 24 0.057003073
26 31 0.052379116
26 12 3.395482
26 17 2.0705986
27 0 2000.0
27 30 0.26929617
27 8 1.0664139
27 18 3.683514
27 13 0.15069185
27 33 1.0090863
27 11 0.5596224
27 29 0.8438572
27 5 2.02605
27 34 1.1250576
27 20 0.40191454
27 2 1.4404882
27 14 2.623756
27 37 0.7877155
27 7 109.68209
27 16 1.4048818
27 25 0.6691319
28 36 0.031675156
28 26 0.036028318
28 10 0.1747762
28 3 0.12424243
28 12 3.932011
28 9 3.0325513
29 0 11.137636
29 30 2.5561774
29 8 0.89198333
29 18 0.8530681
29 13 1.4590123
29 11 0.6608725
29 5 3.6779284
29 34 13.837282
29 20 1.7770432
29 2 1.1284753
29 37 0.75874585
29 7 2000.0
29 27 0.8438572
29 16 111.1984
29 23 3.7569191
29 25 2.341883
30 0 2000.0
30 8 0.60666454
30 18 0.72530174
30 13 1.0655915
30 33 1.8855897
30 11 0.34566534
30 29 2.5561774
30 5 0.6939859
30 34 2.8011835
30 20 9.523935
30 2 25.465479
30 37 6.7348013
30 7 0.894667
30 27 0.26929617
30 16 1.083882
30 23 2.1923292
30 25 2.3359993
31 26 0.052379116
31 6 1.4613853
31 10 0.032597546
31 24 13.588137
31 9 0.031017141
31 17 1.408466
31 4 0.07164589
31 19 0.06972539
32 26 28.761292
32 24 0.10391742
32 12 0.38039622
32 15 0.07793496
33 30 1.8855897
33 8 2000.0
33 13 0.9483172
33 11 1.5206201
33 29 4032.443
33 5 2000.0
33 34 2000.0
33 20 1.2111113
33 2 4.2648816
33 14 0.51913613
33 7 2000.0
33 27 1.0090863
33 16 1998.8635
33 25 0.40216294
34 30 2.8011835
34 20 0.8612339
34 8 6.591246
34 7 6.5506964
34 13 10.500977
34 27 1.1250576
34 16 5535.0566
34 11 2.45032
34 25 1.8596951
34 29 13.837282
34 5 3.8033106
35 21 0.068410926
36 26 329.9766
36 28 0.031675156
36 3 0.22730096
36 9 1.162987
37 30 6.7348013
37 0 0.9610471
37 8 1.3537844
37 18 1.2201823
37 13 3.6079755
37 11 1.1671798
37 29 0.75874585
37 20 3.5836325
37 2 1.0909309
37 7 14.737262
37 27 0.7877155
37 16 60.88926
37 23 2.5708916
37 25 34.584454
