0 2 0.9131818
0 37 1.679866
0 13 0.9924623
0 29 17.963669
0 25 14.054404
1 3 1.1717126
1 12 11.597323
2 30 18.442368
2 0 0.9131818
2 8 1.3561442
2 18 1.6224978
2 13 0.50832546
2 33 5.4303184
2 11 1.2825214
2 29 0.9818494
2 20 2.6840727
2 37 0.916487
2 27 0.9083898
2 16 2000.0
2 23 10.342735
2 25 1.0735874
3 36 0.45110217
3 28 37.69924
3 24 2000.0
3 12 0.073953725
3 1 1.1717126
3 9 0.4710818
4 31 0.047512595
4 9 0.08103578
4 17 0.24622779
4 19 0.06661954
5 30 0.99718046
5 8 0.92775595
5 18 0.6154079
5 13 46.773445
5 11 1.401893
5 29 3.3985915
5 34 3.008966
5 20 1.125
5 37 12.828841
5 7 2.3434963
5 27 1.0680352
5 16 1.3542889
5 23 2.4235778
5 25 2000.0
6 31 0.11708211
6 17 4.77569
7 30 0.7047781
7 20 11.333032
7 8 3.4605966
7 16 0.8840487
7 23 1.207524
7 25 1.9262152
7 5 2.3434963
8 0 2000.0
8 30 0.7158899
8 18 1.2534219
8 13 0.61237437
8 11 0.8453476
8 29 0.6880874
8 5 0.92775595
8 34 78.40824
8 2 1.3561442
8 37 0.98922664
8 7 3.4605966
8 27 4.4026127
8 16 1.4116974
8 23 1.647619
8 25 2000.0
9 36 0.4356751
9 28 1.4710743
9 10 27.477972
9 22 0.05151251
9 31 0.030926997
9 3 0.4710818
9 4 0.08103578
9 17 0.03262163
9 19 0.066019066
10 26 0.0317623
10 28 0.32221788
10 24 0.12346856
10 31 9.547232
10 12 1293.409
10 9 27.477972
10 17 0.03186445
11 0 2000.0
11 30 0.66825885
11 8 0.8453476
11 18 5.232312
11 13 0.79641205
11 33 3.8352592
11 29 0.8375798
11 5 1.401893
11 34 1.397286
11 20 0.8681711
11 2 1.2825214
11 37 1.4447048
11 7 1391.4772
11 27 0.66027814
11 16 1.0435797
11 25 0.4963867
12 26 2.0691178
12 32 3.0880132
12 24 0.07080493
12 21 0.14105581
12 3 0.073953725
12 1 11.597323
13 30 38.880978
13 0 0.9924623
13 8 0.61237437
13 18 146.3088
13 33 0.86817527
13 11 0.79641205
13 29 0.7330415
13 5 46.773445
13 34 3477.2727
13 20 1.124302
13 2 0.50832546
13 14 6.3062415
13 37 1.0375742
13 7 2000.0
13 27 0.3639539
13 16 68.57614
13 25 0.26231885
14 30 5.7645397
14 20 2.1392882
14 13 6.3062415
14 27 2.5049236
14 33 0.43474194
14 11 2000.0
14 25 3.207074
15 32 0.069122575
15 21 1.816319
16 0 2000.0
16 30 1.1209416
16 8 1.4116974
16 18 1.275574
16 13 68.57614
16 11 1.0435797
16 5 1.3542889
16 34 92.80616
16 20 22.724928
16 7 0.8840487
16 27 1.3565625
16 23 3.4924543
16 25 1.7288524
17 6 4.77569
17 26 1.5200435
17 10 0.03186445
17 24 0.07034761
17 31 0.9734205
17 9 0.03262163
17 4 0.24622779
17 19 1287.9546
18 0 2000.0
18 30 0.7163349
18 8 1.2534219
18 13 146.3088
18 11 5.232312
18 29 1.2957698
18 5 0.6154079
18 2 1.6224978
18 37 1.9567033
18 7 2000.0
18 27 27.640654
18 16 1.275574
18 23 1.2687459
19 31 0.103400834
19 9 0.066019066
19 4 0.06661954
20 30 0.8844505
20 13 1.124302
20 33 2.0590603
20 11 0.8681711
20 29 6.287409
20 5 1.125
20 34 0.7831403
20 2 2.6840727
20 14 2.1392882
20 37 3.095768
20 7 11.333032
20 27 0.686463
20 16 22.724928
20 25 0.39221475
21 32 2000.0
21 24 0.77037245
21 35 0.032689396
21 31 2000.0
21 12 0.14105581
21 15 1.816319
22 31 360.00003
22 9 0.05151251
22 19 2000.0
23 0 2000.0
23 30 1.9701513
23 8 1.647619
23 2 10.342735
23 37 1.2505878
23 18 1.2687459
23 7 1.207524
23 16 3.4924543
23 11 2000.0
23 29 1.3958511
23 5 2.4235778
24 26 0.041689873
24 32 0.22751765
24 10 0.12346856
24 21 0.77037245
24 12 0.07080493
24 15 2000.0
24 17 0.07034761
25 0 14.054404
25 30 13.7167845
25 13 0.26231885
25 33 0.60181874
25 11 0.4963867
25 29 1.44712
25 34 1.69344
25 20 0.39221475
25 2 1.0735874
25 14 3.207074
25 37 49.08286
25 7 1.9262152
25 27 0.31561977
25 16 1.7288524
26 32 23.00928
26 28 0.090495564
26 10 0.0317623
26 24 0.041689873
26 31 0.14279461
26 12 2.0691178
26 17 1.5200435
27 30 0.6294094
27 0 2000.0
27 8 4.4026127
27 18 27.640654
27 13 0.3639539
27 33 0.78096855
27 11 0.66027814
27 29 0.727015
27 5 1.0680352
27 34 0.7823906
27 20 0.686463
27 2 0.9083898
27 14 2.5049236
27 37 1.0033998
27 7 2000.0
27 16 1.3565625
27 25 0.31561977
28 36 0.03159891
28 26 0.090495564
28 10 0.32221788
28 3 37.69924
28 12 1188.5227
28 9 1.4710743
28 19 1375.625
29 0 17.963669
29 30 0.9469059
29 8 0.6880874
29 18 1.2957698
29 13 0.7330415
29 33 6.6726704
29 11 0.8375798
29 5 3.3985915
29 34 3.2442577
29 20 6.287409
29 2 0.9818494
29 37 0.6696733
29 7 2000.0
29 27 0.727015
29 16 2000.0
29 23 1.3958511
29 25 1.44712
30 8 0.7158899
30 18 0.7163349
30 13 38.880978
30 33 8.425854
30 11 0.66825885
30 29 0.9469059
30 5 0.99718046
30 34 0.93633884
30 20 0.8844505
30 2 18.442368
30 14 5.7645397
30 37 20.415255
30 7 0.7047781
30 27 0.6294094
30 16 1.1209416
30 23 1.9701513
30 25 13.7167845
31 26 0.14279461
31 6 0.11708211
31 10 9.547232
31 22 360.00003
31 9 0.030926997
31 4 0.047512595
31 17 0.9734205
31 19 0.103400834
32 26 23.00928
32 24 0.22751765
32 21 2000.0
32 12 3.0880132
32 15 0.069122575
33 30 8.425854
33 8 2000.0
33 13 0.86817527
33 11 3.8352592
33 29 6.6726704
33 5 2000.0
33 34 2000.0
33 20 2.0590603
33 2 5.4303184
33 14 0.43474194
33 7 2000.0
33 27 0.78096855
33 16 3017.898
33 25 0.60181874
34 30 0.93633884
34 20 0.7831403
34 8 78.40824
34 37 2000.0
34 7 1622.9545
34 27 0.7823906
34 16 92.80616
34 11 1.397286
34 29 3.2442577
34 25 1.69344
34 5 3.008966
35 21 0.032689396
35 31 1089.659
36 28 0.03159891
36 3 0.45110217
36 9 0.4356751
37 30 20.415255
37 0 1.679866
37 8 0.98922664
37 18 1.9567033
37 13 1.0375742
37 11 1.4447048
37 29 0.6696733
37 5 12.828841
37 20 3.095768
37 2 0.916487
37 7 3187.1592
37 27 1.0033998
37 16 2000.0
37 23 1.2505878
37 25 49.08286
