0 8 4.696074
0 2 0.84571075
0 37 0.92560035
0 13 1.2928948
0 11 34.361813
0 29 14.213929
1 3 0.2911442
1 12 1203.9772
2 30 10.244572
2 0 0.84571075
2 8 0.8925288
2 18 27.9004
2 13 0.47274497
2 33 1.6191288
2 11 1.1107358
2 29 0.6417411
2 20 1.6768587
2 37 0.7116386
2 27 0.6228186
2 16 2000.0
2 23 53.93721
2 25 0.7428615
3 36 0.2555195
3 28 0.25440833
3 24 423.52942
3 12 0.050096508
3 1 0.2911442
3 9 0.5127876
4 31 0.08189935
4 9 0.07066969
4 17 0.123374894
4 19 0.09174439
5 30 0.96431816
5 8 0.66272646
5 18 0.4403367
5 13 61.022636
5 11 2.0261147
5 29 2.6621504
5 34 1.9533342
5 20 2.7118726
5 37 2000.0
5 7 10.327326
5 27 2.2453218
5 16 1.0552064
5 23 4.157721
6 31 0.32239127
6 17 0.65475553
7 34 14.761176
7 30 0.8946405
7 20 1.3838897
7 8 21.069345
7 37 24.73306
7 27 133.33334
7 16 1.0988419
7 11 7.0336757
7 23 1.2524219
7 25 5.639915
7 5 10.327326
8 0 4.696074
8 30 0.6103298
8 18 1.0406868
8 13 1.5891175
8 11 1.8445829
8 29 0.54029214
8 5 0.66272646
8 34 3.320794
8 2 0.8925288
8 37 1.2253568
8 7 21.069345
8 27 0.8914773
8 16 1.5590533
8 23 0.89752144
9 36 1.6390749
9 26 2000.0
9 28 1.1035908
9 10 6.881189
9 22 0.4473296
9 31 0.037648145
9 3 0.5127876
9 17 0.113549694
9 4 0.07066969
9 19 0.07570255
10 26 0.037856318
10 28 0.35988405
10 24 0.06816904
10 31 0.035879374
10 12 7.8428984
10 9 6.881189
10 17 0.031190583
11 0 34.361813
11 30 0.40781975
11 8 1.8445829
11 18 7.001916
11 13 0.40797317
11 33 1.688103
11 29 0.9531204
11 5 2.0261147
11 34 1.4030936
11 20 0.5073887
11 2 1.1107358
11 37 1.0981097
11 7 7.0336757
11 27 0.35785213
11 16 0.6965139
11 25 0.9083531
12 26 1.2157855
12 28 1.1221371
12 32 0.16411977
12 10 7.8428984
12 24 0.07283908
12 21 0.101089016
12 3 0.050096508
13 0 1.2928948
13 30 1.3378943
13 8 1.5891175
13 18 123.25569
13 33 0.7637661
13 11 0.40797317
13 29 0.52546746
13 5 61.022636
13 34 6.64202
13 20 0.39671266
13 2 0.47274497
13 14 1.5838431
13 37 0.79266447
13 27 0.20735177
13 16 26.201492
13 25 0.6129508
14 20 2.8419538
14 13 1.5838431
14 27 2.0729582
14 33 0.3295069
14 11 2000.0
14 25 1.236358
15 32 0.08057534
15 24 408.33334
15 21 1.6513027
16 30 1.126537
16 0 2000.0
16 8 1.5590533
16 18 0.8873341
16 13 26.201492
16 11 0.6965139
16 29 9.669093
16 5 1.0552064
16 20 5.875501
16 37 23.422533
16 7 1.0988419
16 27 1.3676046
16 23 4.2500277
16 25 0.94520044
17 26 2.0656781
17 6 0.65475553
17 10 0.031190583
17 24 0.5143473
17 31 1.3181858
17 9 0.113549694
17 4 0.123374894
17 19 7.451098
18 30 0.6814484
18 2 27.9004
18 8 1.0406868
18 37 1.2826848
18 13 123.25569
18 7 2000.0
18 27 3.5347795
18 16 0.8873341
18 23 1.3281898
18 11 7.001916
18 29 1.369722
18 5 0.4403367
19 31 0.08464883
19 9 0.07570255
19 17 7.451098
19 4 0.09174439
20 30 14.971883
20 13 0.39671266
20 33 1.207128
20 11 0.5073887
20 29 8.75082
20 5 2.7118726
20 34 0.76291084
20 2 1.6768587
20 14 2.8419538
20 37 1.967638
20 7 1.3838897
20 27 0.38468173
20 16 5.875501
20 25 0.46622688
21 32 2000.0
21 24 1.0340393
21 35 0.046490666
21 12 0.101089016
21 15 1.6513027
22 6 1194.6023
22 31 1714.3181
22 9 0.4473296
22 19 1288.409
23 0 2000.0
23 30 1.0992342
23 2 53.93721
23 8 0.89752144
23 37 2.5913415
23 18 1.3281898
23 7 1.2524219
23 16 4.2500277
23 11 2000.0
23 29 2.9115117
23 5 4.157721
24 26 0.05091286
24 32 0.11521841
24 10 0.06816904
24 21 1.0340393
24 31 5.8816752
24 12 0.07283908
24 15 408.33334
24 17 0.5143473
25 0 2000.0
25 30 4.3918934
25 13 0.6129508
25 33 0.29975924
25 11 0.9083531
25 29 5.936865
25 34 2.1448617
25 20 0.46622688
25 2 0.7428615
25 14 1.236358
25 37 109.286285
25 7 5.639915
25 27 0.7300965
25 16 0.94520044
26 32 31.706007
26 28 0.05054955
26 10 0.037856318
26 24 0.05091286
26 31 0.059577193
26 12 1.2157855
26 17 2.0656781
27 0 2000.0
27 30 0.19997391
27 8 0.8914773
27 18 3.5347795
27 13 0.20735177
27 33 1.0318636
27 11 0.35785213
27 29 0.4345549
27 5 2.2453218
27 34 0.7892122
27 20 0.38468173
27 2 0.6228186
27 14 2.0729582
27 37 0.49599856
27 7 133.33334
27 16 1.3676046
27 23 2000.0
27 25 0.7300965
28 36 0.03312641
28 26 0.05054955
28 10 0.35988405
28 3 0.25440833
28 12 1.1221371
28 9 1.1035908
29 0 14.213929
29 30 3.5284364
29 8 0.54029214
29 18 1.369722
29 13 0.52546746
29 33 69.15889
29 11 0.9531204
29 5 2.6621504
29 34 3.7498634
29 20 8.75082
29 2 0.6417411
29 37 0.5637305
29 7 2000.0
29 27 0.4345549
29 16 9.669093
29 23 2.9115117
29 25 5.936865
30 0 2000.0
30 8 0.6103298
30 18 0.6814484
30 13 1.3378943
30 33 1.6772647
30 11 0.40781975
30 29 3.5284364
30 5 0.96431816
30 34 0.78219193
30 20 14.971883
30 2 10.244572
30 14 2000.0
30 37 6.2635612
30 7 0.8946405
30 27 0.19997391
30 16 1.126537
30 23 1.0992342
30 25 4.3918934
31 26 0.059577193
31 6 0.32239127
31 10 0.035879374
31 24 5.8816752
31 9 0.037648145
31 17 1.3181858
31 4 0.08189935
31 19 0.08464883
32 26 31.706007
32 24 0.11521841
32 12 0.16411977
32 15 0.08057534
33 34 2000.0
33 30 1.6772647
33 20 1.207128
33 2 1.6191288
33 14 0.3295069
33 7 2000.0
33 13 0.7637661
33 27 1.0318636
33 16 1627.8408
33 11 1.688103
33 29 69.15889
33 25 0.29975924
34 30 0.78219193
34 20 0.76291084
34 8 3.320794
34 13 6.64202
34 7 14.761176
34 27 0.7892122
34 16 1215.0568
34 11 1.4030936
34 25 2.1448617
34 29 3.7498634
34 5 1.9533342
35 21 0.046490666
36 26 1215.4546
36 28 0.03312641
36 3 0.2555195
36 9 1.6390749
37 0 0.92560035
37 30 6.2635612
37 8 1.2253568
37 18 1.2826848
37 13 0.79266447
37 11 1.0981097
37 29 0.5637305
37 20 1.967638
37 2 0.7116386
37 7 24.73306
37 27 0.49599856
37 16 23.422533
37 23 2.5913415
37 25 109.286285
