0 2 0.92491347
0 37 1.0778707
0 13 1.3571794
0 25 12.193525
0 29 48.882656
1 3 0.6832954
1 12 11.439828
2 30 21.627752
2 0 0.92491347
2 8 1.364177
2 18 2.736172
2 13 0.49005312
2 33 2.5575411
2 11 2.6345801
2 29 1.1798493
2 20 4.4180603
2 37 0.91324097
2 27 1.0668863
2 16 2000.0
2 23 6.7114744
2 25 0.8568764
3 36 0.55742574
3 28 1.7439348
3 24 2000.0
3 12 0.08152165
3 1 0.6832954
3 9 0.43579176
4 31 0.0914236
4 9 0.08261547
4 17 0.13589399
4 19 0.067433655
5 30 0.6717009
5 8 0.658098
5 18 1.3230052
5 13 42.651558
5 11 4.647578
5 29 3.629242
5 34 3.5270636
5 20 3.4314337
5 37 7.457685
5 7 11.621811
5 27 1.690728
5 16 1.6683949
5 23 3.1997492
5 25 2000.0
6 31 0.15743147
6 17 1.194264
7 30 2.161013
7 20 114.28571
7 8 10.646807
7 37 111.11111
7 16 1.9731734
7 23 1.6831831
7 11 72.18482
7 25 1.601323
7 5 11.621811
8 0 2000.0
8 30 0.4975156
8 18 1.5557958
8 13 1.6231121
8 11 1.2801831
8 29 0.8124383
8 5 0.658098
8 34 55.30199
8 2 1.364177
8 37 1.2606497
8 7 10.646807
8 27 1.5100862
8 16 1.6521645
8 23 1.288542
8 25 2000.0
9 36 0.87043095
9 26 2000.0
9 28 7.8079543
9 10 41.415283
9 22 0.056321412
9 31 0.03375791
9 12 2000.0
9 3 0.43579176
9 4 0.08261547
9 17 0.035136472
9 19 0.07302839
10 26 0.030549485
10 28 0.4270698
10 24 0.083809234
10 31 8.446591
10 12 1264.2045
10 9 41.415283
10 17 0.033409093
11 0 2000.0
11 30 1.0028962
11 8 1.2801831
11 18 6.1774406
11 13 1.4350271
11 33 2.3612642
11 29 0.97624046
11 5 4.647578
11 34 3.6204042
11 20 1.6082107
11 2 2.6345801
11 37 1.884587
11 7 72.18482
11 27 0.70808995
11 16 1.3339771
11 25 1.1868972
12 26 0.52285564
12 32 6.0754013
12 28 190.66931
12 24 0.06781093
12 21 0.12205317
12 3 0.08152165
12 1 11.439828
12 15 2000.0
13 30 31.22559
13 0 1.3571794
13 8 1.6231121
13 18 200.0
13 33 0.9234136
13 11 1.4350271
13 29 1.298007
13 5 42.651558
13 34 143.174
13 20 0.9679104
13 2 0.49005312
13 14 19.621881
13 37 1.9950262
13 7 2000.0
13 27 0.3024322
13 16 82.051285
13 25 0.22990431
14 30 14.436589
14 20 9.108101
14 13 19.621881
14 27 9.509554
14 33 0.44755116
14 25 4.051402
15 32 0.07723186
15 21 7.135628
16 0 2000.0
16 30 1.0658141
16 8 1.6521645
16 18 1.2105429
16 13 82.051285
16 11 1.3339771
16 29 450.00003
16 5 1.6683949
16 34 39.852676
16 20 46.984573
16 7 1.9731734
16 27 1.7097579
16 23 3.238637
16 25 2.0478127
17 6 1.194264
17 26 1.4283568
17 10 0.033409093
17 24 0.12496923
17 31 0.9674965
17 9 0.035136472
17 4 0.13589399
17 19 26.666666
18 0 2000.0
18 30 0.8084339
18 8 1.5557958
18 13 200.0
18 11 6.1774406
18 29 1.769115
18 5 1.3230052
18 2 2.736172
18 37 2.4210818
18 7 2000.0
18 27 20.58083
18 16 1.2105429
18 23 1.498405
19 31 0.087634
19 9 0.07302839
19 4 0.067433655
19 17 26.666666
20 0 2000.0
20 30 1.7881037
20 13 0.9679104
20 33 1.3666672
20 11 1.6082107
20 29 4.91763
20 5 3.4314337
20 34 1.8518704
20 2 4.4180603
20 14 9.108101
20 37 2.8698933
20 7 114.28571
20 27 3.0634856
20 16 46.984573
20 25 0.92633796
21 32 2000.0
21 24 0.9323901
21 35 0.087928474
21 31 2000.0
21 12 0.12205317
21 15 7.135628
22 31 52.173912
22 9 0.056321412
22 19 2000.0
23 0 2000.0
23 30 1.8168306
23 8 1.288542
23 2 6.7114744
23 37 1.0521286
23 18 1.498405
23 7 1.6831831
23 16 3.238637
23 11 2000.0
23 29 0.98055184
23 5 3.1997492
24 26 0.04686869
24 6 2000.0
24 32 0.34453374
24 10 0.083809234
24 21 0.9323901
24 12 0.06781093
24 17 0.12496923
25 0 12.193525
25 30 19.25077
25 13 0.22990431
25 33 0.7515936
25 11 1.1868972
25 29 1.7352085
25 34 2.6223688
25 20 0.92633796
25 2 0.8568764
25 14 4.051402
25 37 56.033962
25 7 1.601323
25 27 0.2360266
25 16 2.0478127
26 32 1191.6478
26 28 0.06147753
26 10 0.030549485
26 24 0.04686869
26 31 0.11117902
26 12 0.52285564
26 17 1.4283568
27 30 0.24396475
27 0 2000.0
27 8 1.5100862
27 18 20.58083
27 13 0.3024322
27 33 0.9739235
27 11 0.70808995
27 29 1.2480757
27 5 1.690728
27 34 1.2946889
27 20 3.0634856
27 2 1.0668863
27 14 9.509554
27 37 0.99168015
27 7 2000.0
27 16 1.7097579
27 25 0.2360266
28 36 0.034072276
28 26 0.06147753
28 10 0.4270698
28 3 1.7439348
28 12 190.66931
28 9 7.8079543
28 19 1367.8977
29 0 48.882656
29 30 1.3024474
29 8 0.8124383
29 18 1.769115
29 13 1.298007
29 33 11.764948
29 11 0.97624046
29 5 3.629242
29 34 5.0361867
29 20 4.91763
29 2 1.1798493
29 37 1.7782217
29 7 2000.0
29 27 1.2480757
29 16 450.00003
29 23 0.98055184
29 25 1.7352085
30 8 0.4975156
30 18 0.8084339
30 13 31.22559
30 33 6.380916
30 11 1.0028962
30 29 1.3024474
30 5 0.6717009
30 34 0.93021643
30 20 1.7881037
30 2 21.627752
30 14 14.436589
30 37 20.470987
30 7 2.161013
30 27 0.24396475
30 16 1.0658141
30 23 1.8168306
30 25 19.25077
31 26 0.11117902
31 6 0.15743147
31 10 8.446591
31 35 27.445066
31 22 52.173912
31 9 0.03375791
31 4 0.0914236
31 17 0.9674965
31 19 0.087634
32 24 0.34453374
32 12 6.0754013
32 15 0.07723186
33 30 6.380916
33 8 2000.0
33 13 0.9234136
33 11 2.3612642
33 29 11.764948
33 5 2000.0
33 34 2000.0
33 20 1.3666672
33 2 2.5575411
33 14 0.44755116
33 7 2000.0
33 27 0.9739235
33 16 3017.898
33 25 0.7515936
34 30 0.93021643
34 20 1.8518704
34 8 55.30199
34 37 2000.0
34 7 2000.0
34 13 143.174
34 27 1.2946889
34 16 39.852676
34 11 3.6204042
34 29 5.0361867
34 25 2.6223688
34 5 3.5270636
35 21 0.087928474
35 31 27.445066
36 28 0.034072276
36 3 0.55742574
36 9 0.87043095
37 30 20.470987
37 0 1.0778707
37 8 1.2606497
37 18 2.4210818
37 13 1.9950262
37 11 1.884587
37 29 1.7782217
37 5 7.457685
37 20 2.8698933
37 2 0.91324097
37 7 111.11111
37 27 0.99168015
37 16 2000.0
37 23 1.0521286
37 25 56.033962
