0 8 7.419228
0 2 1.6015394
0 37 0.8851209
0 13 0.8165259
0 11 15.866951
0 29 12.330378
1 3 0.22115481
1 12 1202.159
2 30 13.781005
2 0 1.6015394
2 8 1.2031708
2 18 20.163147
2 13 0.4637416
2 33 1.5425582
2 11 0.97321063
2 29 1.0360483
2 20 2.0004592
2 37 0.72588134
2 27 0.57542956
2 23 52.289093
2 25 1.3148189
3 36 0.4190975
3 28 0.10401713
3 24 2000.0
3 12 0.08467521
3 1 0.22115481
3 9 0.59951603
4 31 0.0810709
4 9 0.07393541
4 17 0.1002841
4 19 0.08644447
5 30 0.5826565
5 8 0.8775933
5 18 0.3660574
5 13 287.5798
5 11 4.637089
5 29 8.337391
5 34 2.6353602
5 20 2.303956
5 37 2000.0
5 7 9.907566
5 27 3.6669004
5 16 1.944106
5 23 2.9526515
6 22 66.31992
6 31 0.4189112
6 17 1.0539795
7 34 4.9294305
7 30 0.6971075
7 20 1.6602176
7 8 281.50662
7 37 22.368803
7 16 1.4254464
7 11 7.7845726
7 23 1.0427687
7 25 7.3315287
7 5 9.907566
8 0 7.419228
8 30 0.85776216
8 18 1.1962724
8 13 4.435951
8 11 0.6320234
8 29 0.49950856
8 5 0.8775933
8 34 2.4854524
8 2 1.2031708
8 37 0.8357782
8 7 281.50662
8 27 1.2599787
8 16 1.6225649
8 23 0.8508175
9 36 2.2273626
9 26 2000.0
9 28 2.289224
9 10 5.23125
9 22 0.38289124
9 31 0.03346531
9 3 0.59951603
9 12 2000.0
9 17 0.06950253
9 4 0.07393541
9 19 0.07839077
10 26 0.03417474
10 28 0.53816634
10 24 0.040155496
10 31 0.040396612
10 12 4.341133
10 9 5.23125
10 17 0.02959249
11 0 15.866951
11 30 0.42749032
11 8 0.6320234
11 18 4.5723996
11 13 0.612063
11 33 2.331466
11 29 0.67638606
11 5 4.637089
11 34 1.9558218
11 20 0.7980493
11 2 0.97321063
11 37 0.9320498
11 7 7.7845726
11 27 0.47763267
11 16 0.9956146
11 25 1.0822095
12 26 0.9926419
12 28 4.78778
12 32 0.3073627
12 10 4.341133
12 24 0.08074471
12 21 0.08826499
12 3 0.08467521
12 1 1202.159
13 30 0.8180719
13 0 0.8165259
13 8 4.435951
13 18 176.15453
13 33 0.81140286
13 11 0.612063
13 29 0.9647259
13 5 287.5798
13 34 6.6269026
13 20 0.8578513
13 2 0.4637416
13 14 2.0353634
13 37 1.9296224
13 27 0.24897292
13 16 108.49013
13 25 0.48653486
14 20 1.9083672
14 13 2.0353634
14 27 2.2491996
14 33 0.43460926
14 11 2000.0
14 25 4.2523994
15 32 0.074469656
15 21 1.0980027
16 0 2000.0
16 30 2.1258502
16 8 1.6225649
16 18 3.0208137
16 13 108.49013
16 11 0.9956146
16 29 24.493519
16 5 1.944106
16 20 13.122257
16 37 27.084396
16 7 1.4254464
16 27 2.6785715
16 23 7.9302235
16 25 1.248123
17 26 3.576751
17 6 1.0539795
17 10 0.02959249
17 24 0.23136762
17 31 2.4390244
17 9 0.06950253
17 4 0.1002841
17 19 6.411514
18 30 0.70201373
18 2 20.163147
18 8 1.1962724
18 37 1.3200444
18 13 176.15453
18 7 2000.0
18 27 2.508601
18 16 3.0208137
18 23 1.220321
18 11 4.5723996
18 29 1.1280317
18 5 0.3660574
19 31 0.0913216
19 9 0.07839077
19 17 6.411514
19 4 0.08644447
20 30 13.4324465
20 13 0.8578513
20 33 1.9086994
20 11 0.7980493
20 29 2.858011
20 5 2.303956
20 34 0.8139446
20 2 2.0004592
20 14 1.9083672
20 37 3.0063047
20 7 1.6602176
20 27 0.65395766
20 16 13.122257
20 25 0.66856927
21 32 2000.0
21 10 2000.0
21 24 0.40615177
21 35 0.039210133
21 12 0.08826499
21 15 1.0980027
22 6 66.31992
22 31 1196.875
22 9 0.38289124
22 19 1462.216
23 30 1.5000033
23 0 2000.0
23 2 52.289093
23 8 0.8508175
23 37 2.6840296
23 18 1.220321
23 7 1.0427687
23 16 7.9302235
23 11 2000.0
23 29 2.5428843
23 5 2.9526515
24 26 0.053377394
24 32 0.117187805
24 10 0.040155496
24 21 0.40615177
24 31 4.8098154
24 12 0.08074471
24 15 2000.0
24 17 0.23136762
25 0 2000.0
25 30 2.5966365
25 13 0.48653486
25 33 0.40188742
25 11 1.0822095
25 29 2.2655287
25 34 1.9625459
25 20 0.66856927
25 2 1.3148189
25 14 4.2523994
25 37 47.81676
25 7 7.3315287
25 27 0.48961604
25 16 1.248123
26 32 22.138636
26 28 0.067799926
26 10 0.03417474
26 24 0.053377394
26 31 0.097526945
26 12 0.9926419
26 17 3.576751
27 0 2000.0
27 30 0.22170419
27 8 1.2599787
27 18 2.508601
27 13 0.24897292
27 33 0.88449013
27 11 0.47763267
27 29 0.43870157
27 5 3.6669004
27 34 1.1462133
27 20 0.65395766
27 2 0.57542956
27 14 2.2491996
27 37 1.01432
27 7 2792.3296
27 16 2.6785715
27 23 2000.0
27 25 0.48961604
28 36 0.035767514
28 26 0.067799926
28 10 0.53816634
28 3 0.10401713
28 12 4.78778
28 9 2.289224
29 0 12.330378
29 30 2.397468
29 8 0.49950856
29 18 1.1280317
29 13 0.9647259
29 11 0.67638606
29 5 8.337391
29 34 7.109859
29 20 2.858011
29 2 1.0360483
29 37 1.3636268
29 7 2000.0
29 27 0.43870157
29 16 24.493519
29 23 2.5428843
29 25 2.2655287
30 0 2000.0
30 8 0.85776216
30 18 0.70201373
30 13 0.8180719
30 33 1.4597329
30 11 0.42749032
30 29 2.397468
30 5 0.5826565
30 34 1.0555757
30 20 13.4324465
30 2 13.781005
30 37 9.288876
30 7 0.6971075
30 27 0.22170419
30 16 2.1258502
30 23 1.5000033
30 25 2.5966365
31 26 0.097526945
31 6 0.4189112
31 10 0.040396612
31 24 4.8098154
31 9 0.03346531
31 17 2.4390244
31 4 0.0810709
31 19 0.0913216
32 26 22.138636
32 24 0.117187805
32 12 0.3073627
32 15 0.074469656
33 34 2000.0
33 30 1.4597329
33 20 1.9086994
33 2 1.5425582
33 14 0.43460926
33 7 2000.0
33 13 0.81140286
33 27 0.88449013
33 16 2226.3638
33 11 2.331466
33 29 1349.034
33 25 0.40188742
34 30 1.0555757
34 20 0.8139446
34 8 2.4854524
34 13 6.6269026
34 7 4.9294305
34 27 1.1462133
34 16 1215.0568
34 11 1.9558218
34 25 1.9625459
34 29 7.109859
34 5 2.6353602
35 21 0.039210133
36 26 2000.0
36 28 0.035767514
36 3 0.4190975
36 9 2.2273626
37 30 9.288876
37 0 0.8851209
37 8 0.8357782
37 18 1.3200444
37 13 1.9296224
37 11 0.9320498
37 29 1.3636268
37 20 3.0063047
37 2 0.72588134
37 7 22.368803
37 27 1.01432
37 16 27.084396
37 23 2.6840296
37 25 47.81676
