0 8 6.7517586
0 2 1.8833712
0 37 1.2277237
0 13 0.9472287
0 11 24.049725
0 25 2000.0
0 29 15.619619
1 3 0.22338709
1 12 37.308388
2 30 13.583026
2 0 1.8833712
2 8 1.1371863
2 18 10.376606
2 13 0.7866446
2 33 1.2801027
2 11 0.6950247
2 29 0.8488463
2 20 1.9515369
2 37 0.6819757
2 27 0.62174946
2 23 23.648869
2 25 0.88005596
3 36 0.27309382
3 28 0.09178463
3 24 320.0
3 12 0.079395235
3 1 0.22338709
3 9 0.70931834
4 31 0.08558406
4 9 0.067366205
4 17 0.08424367
4 19 0.08698594
5 30 0.48729125
5 8 0.69507575
5 18 0.3413216
5 13 125.821945
5 11 2.3256621
5 29 3.2678306
5 34 1.1039536
5 20 1.5930293
5 37 2000.0
5 7 3.6679049
5 27 1.8871741
5 16 1.707747
5 23 5.3634844
6 24 2000.0
6 31 0.2885759
6 17 0.7504396
7 34 9.768334
7 30 1.4252007
7 20 1.3155557
7 8 60.000004
7 37 28.27188
7 16 1.0518578
7 11 6.583256
7 23 0.83190084
7 25 4.183169
7 5 3.6679049
8 0 6.7517586
8 30 1.1446955
8 18 0.8978648
8 13 6.4365196
8 11 2.2309675
8 29 0.657967
8 5 0.69507575
8 34 4.2028008
8 2 1.1371863
8 37 0.9759821
8 7 60.000004
8 27 1.5454148
8 16 1.405851
8 23 1.1797206
9 36 0.8964432
9 26 2000.0
9 28 1.5057185
9 10 6.661156
9 22 0.20140232
9 31 0.050646216
9 3 0.70931834
9 17 0.45313945
9 4 0.067366205
9 19 0.08185604
10 26 0.07671417
10 28 0.9024221
10 24 0.26931015
10 31 0.06478125
10 12 8.029193
10 9 6.661156
10 17 0.030994318
11 0 24.049725
11 30 0.4251899
11 8 2.2309675
11 18 4.6142793
11 13 1.4028008
11 33 1.9231832
11 29 0.9773533
11 5 2.3256621
11 34 2.31618
11 20 0.68973476
11 2 0.6950247
11 37 1.3598756
11 7 6.583256
11 27 0.43157744
11 16 0.83523244
11 25 0.7514423
12 26 1.3439686
12 28 4.825708
12 32 0.29443908
12 10 8.029193
12 24 0.06806506
12 21 0.098297566
12 3 0.079395235
12 1 37.308388
13 30 4.5099726
13 0 0.9472287
13 8 6.4365196
13 18 112.54015
13 33 1.2128274
13 11 1.4028008
13 29 2.789697
13 5 125.821945
13 34 6.23756
13 20 0.4842375
13 2 0.7866446
13 14 3.931116
13 37 2.4473746
13 27 0.2024807
13 16 58.959087
13 25 0.7114592
14 20 1.9106451
14 13 3.931116
14 27 5.9617467
14 33 0.48199314
14 11 2000.0
14 25 1.8624828
15 32 0.06936134
15 21 0.98355156
16 30 1.0843567
16 0 2000.0
16 8 1.405851
16 18 1.030774
16 13 58.959087
16 11 0.83523244
16 29 42.659634
16 5 1.707747
16 20 6.9292836
16 37 21.387606
16 7 1.0518578
16 27 2.010279
16 23 6.1115327
16 25 1.231583
17 26 1.815618
17 6 0.7504396
17 10 0.030994318
17 24 0.27263325
17 31 1.1379105
17 9 0.45313945
17 4 0.08424367
17 19 1.5820006
18 30 0.73664397
18 2 10.376606
18 8 0.8978648
18 37 1.0050328
18 7 2000.0
18 13 112.54015
18 27 5.345488
18 16 1.030774
18 23 1.5791602
18 11 4.6142793
18 29 1.3500223
18 5 0.3413216
19 31 0.08076759
19 9 0.08185604
19 17 1.5820006
19 4 0.08698594
20 30 12.355142
20 13 0.4842375
20 33 1.8403912
20 11 0.68973476
20 29 3.6738944
20 5 1.5930293
20 34 0.782869
20 2 1.9515369
20 14 1.9106451
20 37 2.7607057
20 7 1.3155557
20 27 0.60703456
20 16 6.9292836
20 25 0.37630582
21 32 2000.0
21 10 2000.0
21 24 0.5524175
21 35 0.037919477
21 12 0.098297566
21 15 0.98355156
22 6 1798.466
22 31 1181.1932
22 9 0.20140232
22 19 1288.409
23 0 2000.0
23 30 0.9662272
23 2 23.648869
23 8 1.1797206
23 37 2.5503702
23 18 1.5791602
23 7 0.83190084
23 16 6.1115327
23 11 2000.0
23 29 1.9709896
23 5 5.3634844
24 26 0.10254645
24 32 0.093577586
24 10 0.26931015
24 21 0.5524175
24 31 2.082951
24 12 0.06806506
24 3 320.0
24 15 2000.0
24 17 0.27263325
25 30 3.0226407
25 13 0.7114592
25 33 0.29609013
25 11 0.7514423
25 29 3.4126813
25 34 1.0606698
25 20 0.37630582
25 2 0.88005596
25 14 1.8624828
25 37 114.28571
25 7 4.183169
25 27 0.8687847
25 16 1.231583
26 32 20.165077
26 28 0.052147534
26 10 0.07671417
26 24 0.10254645
26 31 0.09340457
26 12 1.3439686
26 17 1.815618
27 0 2000.0
27 30 0.3829365
27 8 1.5454148
27 18 5.345488
27 13 0.2024807
27 33 1.0325941
27 11 0.43157744
27 29 0.7593056
27 5 1.8871741
27 34 0.8293378
27 20 0.60703456
27 2 0.62174946
27 14 5.9617467
27 37 1.8215116
27 7 3541.0796
27 16 2.010279
27 23 2000.0
27 25 0.8687847
28 36 0.03793336
28 26 0.052147534
28 10 0.9024221
28 3 0.09178463
28 12 4.825708
28 9 1.5057185
29 0 15.619619
29 30 4.725999
29 8 0.657967
29 18 1.3500223
29 13 2.789697
29 11 0.9773533
29 5 3.2678306
29 34 3.9193637
29 20 3.6738944
29 2 0.8488463
29 37 0.7844437
29 7 2000.0
29 27 0.7593056
29 16 42.659634
29 23 1.9709896
29 25 3.4126813
30 0 2000.0
30 8 1.1446955
30 18 0.73664397
30 13 4.5099726
30 33 2.2046013
30 11 0.4251899
30 29 4.725999
30 5 0.48729125
30 34 1.5338207
30 20 12.355142
30 2 13.583026
30 37 37.05957
30 7 1.4252007
30 27 0.3829365
30 16 1.0843567
30 23 0.9662272
30 25 3.0226407
31 26 0.09340457
31 6 0.2885759
31 10 0.06478125
31 24 2.082951
31 9 0.050646216
31 17 1.1379105
31 4 0.08558406
31 19 0.08076759
32 26 20.165077
32 24 0.093577586
32 12 0.29443908
32 15 0.06936134
33 34 2000.0
33 30 2.2046013
33 20 1.8403912
33 2 1.2801027
33 14 0.48199314
33 7 2000.0
33 13 1.2128274
33 27 1.0325941
33 16 1249.4886
33 11 1.9231832
33 29 8077.4434
33 25 0.29609013
34 30 1.5338207
34 20 0.782869
34 8 4.2028008
34 13 6.23756
34 7 9.768334
34 27 0.8293378
34 16 1215.0568
34 11 2.31618
34 25 1.0606698
34 29 3.9193637
34 5 1.1039536
35 21 0.037919477
36 26 2000.0
36 28 0.03793336
36 3 0.27309382
36 9 0.8964432
37 30 37.05957
37 0 1.2277237
37 8 0.9759821
37 18 1.0050328
37 13 2.4473746
37 11 1.3598756
37 29 0.7844437
37 20 2.7607057
37 2 0.6819757
37 7 28.27188
37 27 1.8215116
37 16 21.387606
37 23 2.5503702
37 25 114.28571
