0 2 1.4947997
0 37 3.2767348
0 13 1.0093247
0 29 11.425378
0 25 98.092575
1 3 1.1395923
1 12 14.100759
2 30 11.037728
2 0 1.4947997
2 8 1.268383
2 18 2.3457828
2 13 0.7447672
2 33 1.4157888
2 11 2.0660057
2 29 1.3069268
2 20 6.5425763
2 37 0.91973794
2 27 1.5098614
2 16 2000.0
2 23 6.313046
2 25 1.08081
3 36 0.3210688
3 28 5.4973865
3 24 378.94742
3 12 0.071498975
3 1 1.1395923
3 9 0.524942
4 31 0.06773447
4 9 0.068539225
4 17 0.14446399
4 19 0.07119755
5 30 0.68761116
5 8 0.65534097
5 18 1.2821586
5 13 28.720833
5 11 2.5534093
5 29 3.8192167
5 34 3.0201967
5 20 1.6178136
5 37 17.704771
5 7 8.219681
5 27 1.0172709
5 16 1.4331431
5 23 4.1459665
6 31 0.1486401
6 17 1.6512208
7 34 200.0
7 30 1.0437013
7 20 106.98083
7 8 3.7347207
7 16 1.4231157
7 23 1.6494966
7 25 3.6214116
7 29 400.0
7 5 8.219681
8 0 2000.0
8 30 0.38730964
8 18 1.2089248
8 13 1.560319
8 11 0.73290473
8 29 0.9854637
8 5 0.65534097
8 34 48.79386
8 2 1.268383
8 37 1.0152513
8 7 3.7347207
8 27 1.0095286
8 16 1.3663555
8 23 1.0306479
8 25 2000.0
9 36 0.5909849
9 26 2000.0
9 28 1.6374359
9 10 72.107285
9 22 0.04975533
9 31 0.030881926
9 3 0.524942
9 4 0.068539225
9 17 0.035299078
9 19 0.070209965
10 26 0.029710116
10 28 0.28810605
10 24 0.22087942
10 31 29.771694
10 12 100.0
10 9 72.107285
10 17 0.034851152
11 0 2000.0
11 30 0.9224174
11 8 0.73290473
11 18 10.287009
11 13 1.1054639
11 33 2.8786478
11 29 0.8601528
11 5 2.5534093
11 34 3.4649482
11 20 1.691272
11 2 2.0660057
11 37 1.8751993
11 7 1374.091
11 27 0.65969694
11 16 0.9518997
11 25 1.1320885
12 26 0.89309216
12 32 4.9174085
12 28 76.30535
12 10 100.0
12 24 0.06757418
12 21 0.21159227
12 3 0.071498975
12 1 14.100759
13 30 42.391197
13 0 1.0093247
13 8 1.560319
13 18 2000.0
13 33 1.4278785
13 11 1.1054639
13 29 0.7616186
13 5 28.720833
13 34 129.91727
13 20 2.0728364
13 2 0.7447672
13 14 5.9684114
13 37 1.1435919
13 7 2000.0
13 27 0.44668376
13 16 42.023254
13 25 0.2298005
14 30 9.062559
14 20 2.391428
14 13 5.9684114
14 27 3.2732515
14 33 0.4710503
14 25 1.0469235
15 32 0.06443595
15 24 2000.0
15 21 15.374369
16 0 2000.0
16 30 1.1365447
16 8 1.3663555
16 18 1.3487191
16 13 42.023254
16 11 0.9518997
16 5 1.4331431
16 34 91.53124
16 20 31.340998
16 7 1.4231157
16 27 1.3774134
16 23 2.7374437
16 25 1.5031682
17 6 1.6512208
17 26 1.6407799
17 10 0.034851152
17 24 0.1110322
17 31 1.0470588
17 9 0.035299078
17 4 0.14446399
17 19 77.553734
18 0 2000.0
18 30 0.68416363
18 8 1.2089248
18 13 2000.0
18 11 10.287009
18 29 1.2197967
18 5 1.2821586
18 2 2.3457828
18 37 2.711237
18 7 2000.0
18 27 18.272272
18 16 1.3487191
18 23 1.3733041
19 28 83.39489
19 31 0.0883371
19 9 0.070209965
19 17 77.553734
19 4 0.07119755
20 30 1.9515152
20 13 2.0728364
20 33 1.784714
20 11 1.691272
20 29 14.418963
20 5 1.6178136
20 34 1.2384561
20 2 6.5425763
20 14 2.391428
20 37 9.710644
20 7 106.98083
20 27 1.8874934
20 16 31.340998
20 25 1.1223246
21 10 2000.0
21 24 1.4006945
21 35 0.031076694
21 31 2000.0
21 12 0.21159227
21 15 15.374369
22 31 160.0
22 9 0.04975533
22 19 2000.0
23 0 2000.0
23 30 1.5853382
23 8 1.0306479
23 2 6.313046
23 37 1.3452443
23 18 1.3733041
23 7 1.6494966
23 16 2.7374437
23 11 2000.0
23 29 1.2372178
23 5 4.1459665
24 26 0.049982175
24 32 0.20004518
24 10 0.22087942
24 21 1.4006945
24 12 0.06757418
24 3 378.94742
24 15 2000.0
24 17 0.1110322
25 30 17.035604
25 0 98.092575
25 13 0.2298005
25 33 0.8085752
25 11 1.1320885
25 29 2.0505977
25 34 2.2463949
25 20 1.1223246
25 2 1.08081
25 14 1.0469235
25 37 294.7517
25 7 3.6214116
25 27 0.2762347
25 16 1.5031682
26 32 12.802901
26 28 0.060127
26 10 0.029710116
26 24 0.049982175
26 31 0.16834524
26 12 0.89309216
26 17 1.6407799
27 30 0.20281623
27 0 2000.0
27 8 1.0095286
27 18 18.272272
27 13 0.44668376
27 33 1.0735655
27 11 0.65969694
27 29 1.012581
27 5 1.0172709
27 34 1.422074
27 20 1.8874934
27 2 1.5098614
27 14 3.2732515
27 37 1.0199585
27 7 3911.4204
27 16 1.3774134
27 25 0.2762347
28 36 0.031064773
28 26 0.060127
28 10 0.28810605
28 3 5.4973865
28 12 76.30535
28 9 1.6374359
28 19 83.39489
29 0 11.425378
29 30 4.096774
29 8 0.9854637
29 18 1.2197967
29 13 0.7616186
29 33 7.456129
29 11 0.8601528
29 5 3.8192167
29 34 6.276297
29 20 14.418963
29 2 1.3069268
29 37 1.0044681
29 7 400.0
29 27 1.012581
29 16 2000.0
29 23 1.2372178
29 25 2.0505977
30 8 0.38730964
30 18 0.68416363
30 13 42.391197
30 33 28.542131
30 11 0.9224174
30 29 4.096774
30 5 0.68761116
30 34 0.8695138
30 20 1.9515152
30 2 11.037728
30 14 9.062559
30 37 29.18619
30 7 1.0437013
30 27 0.20281623
30 16 1.1365447
30 23 1.5853382
30 25 17.035604
31 26 0.16834524
31 6 0.1486401
31 10 29.771694
31 22 160.0
31 9 0.030881926
31 4 0.06773447
31 17 1.0470588
31 19 0.0883371
32 26 12.802901
32 24 0.20004518
32 21 2000.0
32 12 4.9174085
32 15 0.06443595
33 34 2000.0
33 30 28.542131
33 20 1.784714
33 2 1.4157888
33 14 0.4710503
33 13 1.4278785
33 7 2000.0
33 27 1.0735655
33 16 1971.0227
33 11 2.8786478
33 29 7.456129
33 25 0.8085752
34 30 0.8695138
34 20 1.2384561
34 8 48.79386
34 37 2000.0
34 7 200.0
34 13 129.91727
34 27 1.422074
34 16 91.53124
34 11 3.4649482
34 29 6.276297
34 25 2.2463949
34 5 3.0201967
35 21 0.031076694
35 31 1217.0454
36 28 0.031064773
36 3 0.3210688
36 9 0.5909849
37 30 29.18619
37 0 3.2767348
37 8 1.0152513
37 18 2.711237
37 13 1.1435919
37 11 1.8751993
37 29 1.0044681
37 5 17.704771
37 20 9.710644
37 2 0.91973794
37 7 3654.7727
37 27 1.0199585
37 16 2000.0
37 23 1.3452443
37 25 294.7517
