0 2 0.7560166
0 37 2.327365
0 13 0.7022555
0 29 18.422039
0 25 39.495983
1 3 1.3353031
1 12 24.29034
2 30 11.136958
2 0 0.7560166
2 8 1.1334807
2 18 4.748891
2 13 0.7251326
2 33 1.7104001
2 11 1.5012174
2 29 0.993629
2 20 2.1160946
2 37 1.1770804
2 27 692.89777
2 16 2000.0
2 23 11.134617
2 25 0.503754
3 36 0.49244502
3 28 51.88674
3 24 2000.0
3 12 0.08474953
3 1 1.3353031
3 9 0.51851714
4 31 0.06825458
4 9 0.08718331
4 17 0.1361734
4 19 0.06701631
5 30 0.64240193
5 8 1.0897282
5 18 0.97027975
5 13 47.286278
5 11 2.2931383
5 29 3.3691003
5 34 1.833625
5 20 3.3824074
5 37 16.663359
5 7 13.965605
5 27 779.5454
5 16 1.6319034
5 23 2.5179687
5 25 2000.0
6 31 0.17753956
6 17 3.1120358
7 34 479.77597
7 30 1.0145832
7 20 18.770565
7 8 13.111205
7 16 1.0512519
7 23 2.0573745
7 25 2.040143
7 5 13.965605
8 0 2000.0
8 30 0.51998115
8 18 1.0685714
8 13 3.4189079
8 11 1.5599431
8 29 0.73314106
8 5 1.0897282
8 34 30.859224
8 2 1.1334807
8 37 1.2801473
8 7 13.111205
8 27 1067.7273
8 16 1.7521322
8 23 1.3617437
8 25 2000.0
9 36 0.9783598
9 26 2000.0
9 28 0.9647788
9 10 15.9649725
9 22 0.046383306
9 31 0.03624255
9 12 2000.0
9 3 0.51851714
9 4 0.08718331
9 17 0.038877334
9 19 0.08178449
10 26 35.795452
10 28 0.55803293
10 24 0.06980174
10 31 5.213653
10 12 1198.409
10 9 15.9649725
10 17 0.031095019
11 0 2000.0
11 30 1.1606823
11 8 1.5599431
11 18 2.986227
11 13 0.9834128
11 33 1.4700292
11 29 1.5069438
11 5 2.2931383
11 34 2.3782892
11 20 1.2214303
11 2 1.5012174
11 37 1.1463592
11 7 2516.6477
11 27 692.89777
11 16 1.5555391
11 25 0.6017644
12 26 2000.0
12 32 3.1419764
12 24 0.084763125
12 21 0.09570603
12 3 0.08474953
12 1 24.29034
13 30 43.004677
13 0 0.7022555
13 8 3.4189079
13 18 16.28624
13 33 0.92518634
13 11 0.9834128
13 29 0.9413299
13 5 47.286278
13 34 160.0
13 20 0.98500633
13 2 0.7251326
13 14 3.705034
13 37 1.3511995
13 7 2000.0
13 27 150.96591
13 16 71.111115
13 25 0.2751457
14 30 9.960003
14 20 2.1888242
14 13 3.705034
14 27 5234.1475
14 33 1.6192167
14 11 2000.0
14 25 3.713926
15 32 0.07985756
15 21 14.489531
16 34 195.83401
16 30 1.0843842
16 20 55.098583
16 8 1.7521322
16 18 1.6799631
16 13 71.111115
16 7 1.0512519
16 27 1119.8296
16 11 1.5555391
16 23 2.2138941
16 25 0.8460837
16 5 1.6319034
17 6 3.1120358
17 26 1034.8864
17 10 0.031095019
17 24 0.08489948
17 31 0.96699375
17 9 0.038877334
17 4 0.1361734
17 19 79.46923
18 0 2000.0
18 30 0.47766414
18 8 1.0685714
18 2 4.748891
18 37 2.3695037
18 13 16.28624
18 27 2000.0
18 16 1.6799631
18 11 2.986227
18 23 1.0621333
18 29 0.94609404
18 5 0.97027975
19 28 20.871916
19 31 0.08096563
19 9 0.08178449
19 4 0.06701631
19 17 79.46923
20 30 3.3041275
20 8 2000.0
20 13 0.98500633
20 33 0.98636365
20 11 1.2214303
20 29 6.7709284
20 5 3.3824074
20 34 0.96942985
20 2 2.1160946
20 14 2.1888242
20 37 3.5020542
20 7 18.770565
20 27 957.6705
20 16 55.098583
20 25 0.44234937
21 26 2000.0
21 32 2000.0
21 24 1.1747229
21 35 0.034035023
21 12 0.09570603
21 15 14.489531
22 31 300.0
22 9 0.046383306
22 19 2000.0
23 0 2000.0
23 30 2.9367344
23 8 1.3617437
23 2 11.134617
23 37 2.6063695
23 18 1.0621333
23 7 2.0573745
23 16 2.2138941
23 11 2000.0
23 29 2.7320907
23 5 2.5179687
24 26 37.045452
24 32 0.26554543
24 10 0.06980174
24 21 1.1747229
24 12 0.084763125
24 15 2000.0
24 17 0.08489948
25 30 13.499455
25 0 39.495983
25 13 0.2751457
25 33 0.5484389
25 11 0.6017644
25 29 2.048666
25 34 5.1611547
25 20 0.44234937
25 2 0.503754
25 14 3.713926
25 37 55.34035
25 7 2.040143
25 27 229.14774
25 16 0.8460837
28 36 0.03040419
28 26 51.81818
28 10 0.55803293
28 12 1274.3182
28 3 51.88674
28 9 0.9647788
28 19 20.871916
29 0 18.422039
29 30 0.9570907
29 8 0.73314106
29 18 0.94609404
29 13 0.9413299
29 33 28.669874
29 11 1.5069438
29 5 3.3691003
29 34 3.121173
29 20 6.7709284
29 2 0.993629
29 37 1.083979
29 7 2000.0
29 27 1898.9204
29 16 2000.0
29 23 2.7320907
29 25 2.048666
30 8 0.51998115
30 18 0.47766414
30 13 43.004677
30 33 5.3323107
30 11 1.1606823
30 29 0.9570907
30 5 0.64240193
30 34 0.7845132
30 20 3.3041275
30 2 11.136958
30 14 9.960003
30 37 14.151617
30 7 1.0145832
30 27 147.78409
30 16 1.0843842
30 23 2.9367344
30 25 13.499455
31 26 2000.0
31 6 0.17753956
31 10 5.213653
31 35 34.456535
31 22 300.0
31 9 0.03624255
31 4 0.06825458
31 17 0.96699375
31 19 0.08096563
32 26 2000.0
32 24 0.26554543
32 12 3.1419764
32 15 0.07985756
33 30 5.3323107
33 13 0.92518634
33 11 1.4700292
33 29 28.669874
33 5 2000.0
33 34 2000.0
33 20 0.98636365
33 2 1.7104001
33 14 1.6192167
33 7 2000.0
33 27 698.2386
33 16 2619.6023
33 25 0.5484389
34 30 0.7845132
34 20 0.96942985
34 8 30.859224
34 37 2000.0
34 13 160.0
34 7 479.77597
34 27 716.8182
34 16 195.83401
34 11 2.3782892
34 29 3.121173
34 25 5.1611547
34 5 1.833625
35 21 0.034035023
35 31 34.456535
36 28 0.03040419
36 3 0.49244502
36 9 0.9783598
37 30 14.151617
37 0 2.327365
37 8 1.2801473
37 18 2.3695037
37 13 1.3511995
37 11 1.1463592
37 29 1.083979
37 5 16.663359
37 20 3.5020542
37 2 1.1770804
37 7 2153.9204
37 27 725.7955
37 16 2000.0
37 23 2.6063695
37 25 55.34035
