0 8 8.879611
0 2 1.3461931
0 37 2.9132519
0 13 1.4198312
0 11 160.0
0 25 653.3334
0 29 6.0640354
1 3 0.37001467
1 12 1201.591
2 30 13.122933
2 0 1.3461931
2 8 1.1477475
2 18 6.2498755
2 13 0.35539067
2 33 3.6538143
2 11 0.7585621
2 29 0.74962807
2 20 2.6535344
2 37 1.17183
2 27 0.50069773
2 16 2000.0
2 23 39.77976
2 25 2.2048163
3 36 0.22028163
3 28 0.099431835
3 24 2000.0
3 12 0.06252901
3 1 0.37001467
3 9 0.2771628
4 31 0.086446114
4 9 0.06512136
4 17 0.08328651
4 19 0.08191738
5 34 3.2112036
5 30 0.8144281
5 20 1.6220824
5 8 0.8740887
5 18 0.54411525
5 13 5072.0454
5 7 17.57342
5 27 1.6756259
5 16 1.1936277
5 23 5.7100735
5 11 2.9715621
5 29 3.2526343
6 22 71.149994
6 31 1.5129453
6 17 0.8555717
7 34 13.777654
7 30 1.0539154
7 20 2.2645874
7 8 61.248028
7 37 13.387796
7 27 50.0
7 16 1.7303295
7 11 8.541357
7 23 1.4259843
7 25 7.589448
7 5 17.57342
8 0 8.879611
8 30 0.6149012
8 18 0.9619843
8 13 1.1378598
8 11 1.5657545
8 29 0.5482045
8 5 0.8740887
8 34 4.4525266
8 2 1.1477475
8 37 1.9672217
8 7 61.248028
8 27 1.1960107
8 16 1.43491
8 23 0.8234021
9 36 1.9783459
9 26 2000.0
9 28 15.034367
9 10 3.7855113
9 22 0.65771204
9 31 0.02830858
9 3 0.2771628
9 12 2000.0
9 17 0.054719575
9 4 0.06512136
9 19 0.07023701
10 26 0.045039974
10 28 0.79802907
10 24 0.07062517
10 31 0.03200487
10 12 13.911778
10 9 3.7855113
10 17 0.033971418
11 0 160.0
11 30 0.4662275
11 8 1.5657545
11 18 3.919786
11 13 0.67161953
11 33 2.862375
11 29 0.7822721
11 5 2.9715621
11 34 3.0410838
11 20 1.0713421
11 2 0.7585621
11 37 1.2529914
11 7 8.541357
11 27 0.7297603
11 16 0.8535567
11 25 1.3290023
12 26 0.75779736
12 28 4.6363277
12 32 0.42549413
12 10 13.911778
12 24 0.102853626
12 21 0.074728556
12 3 0.06252901
13 30 1.4686663
13 0 1.4198312
13 8 1.1378598
13 18 2000.0
13 33 1.017806
13 11 0.67161953
13 29 0.42348304
13 34 6.4274487
13 20 0.7105697
13 2 0.35539067
13 14 2.4661334
13 37 4.077495
13 27 0.34763023
13 16 115.90808
13 25 0.84816164
14 20 0.8375014
14 13 2.4661334
14 33 0.39410514
14 27 4.8062835
14 11 2000.0
14 25 2.4278157
15 32 0.06907779
15 21 1.5114871
16 0 2000.0
16 30 1.2925045
16 8 1.43491
16 18 0.8549756
16 13 115.90808
16 11 0.8535567
16 29 329.82388
16 5 1.1936277
16 20 5.5152054
16 37 201.93939
16 7 1.7303295
16 27 1.3308787
16 23 3.04479
16 25 1.1045246
17 26 2.9523554
17 6 0.8555717
17 10 0.033971418
17 24 0.17412277
17 31 1.5282052
17 9 0.054719575
17 4 0.08328651
17 19 3.878716
18 30 0.8629564
18 2 6.2498755
18 8 0.9619843
18 37 1.1404439
18 7 2000.0
18 13 2000.0
18 27 3.1428897
18 16 0.8549756
18 23 1.3829381
18 11 3.919786
18 29 1.3382093
18 5 0.54411525
19 31 0.08802677
19 9 0.07023701
19 17 3.878716
19 4 0.08191738
20 30 5.9228897
20 13 0.7105697
20 33 1.3211801
20 11 1.0713421
20 29 1.4692055
20 5 1.6220824
20 34 0.7850738
20 2 2.6535344
20 14 0.8375014
20 37 5.61027
20 7 2.2645874
20 27 0.4480008
20 16 5.5152054
20 25 0.5646932
21 10 2000.0
21 24 0.08942779
21 35 0.037461754
21 12 0.074728556
21 15 1.5114871
22 6 71.149994
22 31 1121.8182
22 9 0.65771204
22 19 1203.9772
23 0 2000.0
23 30 1.9170619
23 2 39.77976
23 8 0.8234021
23 37 3.7237098
23 18 1.3829381
23 7 1.4259843
23 16 3.04479
23 11 2000.0
23 29 1.489964
23 5 5.7100735
24 26 0.08965097
24 32 0.095790654
24 10 0.07062517
24 21 0.08942779
24 31 14.551857
24 12 0.102853626
24 15 2000.0
24 17 0.17412277
25 0 653.3334
25 30 4.0711017
25 13 0.84816164
25 33 0.7859002
25 11 1.3290023
25 29 5.863292
25 34 4.4431796
25 20 0.5646932
25 2 2.2048163
25 14 2.4278157
25 37 416.8887
25 7 7.589448
25 27 0.7110196
25 16 1.1045246
26 32 48.979588
26 28 0.04316288
26 10 0.045039974
26 24 0.08965097
26 31 0.08940515
26 12 0.75779736
26 17 2.9523554
27 0 2000.0
27 30 0.21569034
27 8 1.1960107
27 18 3.1428897
27 13 0.34763023
27 33 1.0556073
27 11 0.7297603
27 29 0.2871376
27 5 1.6756259
27 34 1.7595664
27 20 0.4480008
27 2 0.50069773
27 14 4.8062835
27 37 1.0329674
27 7 50.0
27 16 1.3308787
27 25 0.7110196
28 36 0.042860672
28 26 0.04316288
28 10 0.79802907
28 3 0.099431835
28 12 4.6363277
28 9 15.034367
29 0 6.0640354
29 30 3.6044476
29 8 0.5482045
29 18 1.3382093
29 13 0.42348304
29 11 0.7822721
29 5 3.2526343
29 34 3.0429335
29 20 1.4692055
29 2 0.74962807
29 37 0.91352934
29 7 2000.0
29 27 0.2871376
29 16 329.82388
29 23 1.489964
29 25 5.863292
30 0 2000.0
30 8 0.6149012
30 18 0.8629564
30 13 1.4686663
30 33 2.0971007
30 11 0.4662275
30 29 3.6044476
30 5 0.8144281
30 34 3.3701115
30 20 5.9228897
30 2 13.122933
30 14 2000.0
30 37 5.4652452
30 7 1.0539154
30 27 0.21569034
30 16 1.2925045
30 23 1.9170619
30 25 4.0711017
31 26 0.08940515
31 6 1.5129453
31 10 0.03200487
31 24 14.551857
31 9 0.02830858
31 17 1.5282052
31 4 0.086446114
31 19 0.08802677
32 26 48.979588
32 24 0.095790654
32 12 0.42549413
32 15 0.06907779
33 30 2.0971007
33 13 1.017806
33 11 2.862375
33 29 2382.1023
33 5 2000.0
33 34 2000.0
33 20 1.3211801
33 2 3.6538143
33 14 0.39410514
33 7 2000.0
33 27 1.0556073
33 16 2000.0
33 25 0.7859002
34 30 3.3701115
34 20 0.7850738
34 8 4.4525266
34 7 13.777654
34 13 6.4274487
34 27 1.7595664
34 16 2536.0227
34 11 3.0410838
34 25 4.4431796
34 29 3.0429335
34 5 3.2112036
35 21 0.037461754
36 26 2000.0
36 28 0.042860672
36 3 0.22028163
36 9 1.9783459
37 30 5.4652452
37 0 2.9132519
37 8 1.9672217
37 18 1.1404439
37 13 4.077495
37 11 1.2529914
37 29 0.91352934
37 20 5.61027
37 2 1.17183
37 7 13.387796
37 27 1.0329674
37 16 201.93939
37 23 3.7237098
37 25 416.8887
