0 2 1.0318996
0 37 1.5152884
0 13 0.87918967
0 29 50.0503
0 25 12.03802
1 3 0.78127265
1 12 34.018753
2 30 40.289158
2 0 1.0318996
2 8 1.2109183
2 18 3.0745616
2 13 0.8455999
2 33 1.7285045
2 11 1.8344167
2 29 1.2558347
2 20 4.289065
2 37 0.8145413
2 27 1.0608041
2 16 2000.0
2 23 9.656981
2 25 0.5701127
3 36 0.34235477
3 28 20.37485
3 24 2000.0
3 12 0.05889846
3 1 0.78127265
3 9 0.735541
4 31 0.08561848
4 9 0.10106338
4 17 0.13790515
4 19 0.06864906
5 30 0.772747
5 8 0.55589795
5 18 0.51595896
5 13 23.893093
5 11 1.2814379
5 29 3.2167923
5 34 2.06381
5 20 2.6158073
5 37 9.968001
5 7 6.429361
5 27 1.8060013
5 16 1.4358635
5 23 3.1050777
6 31 0.15903503
6 17 2.1240034
7 34 310.369
7 30 0.7507667
7 20 78.91307
7 8 10.374648
7 37 145.731
7 16 1.2066933
7 23 1.8088782
7 11 107.02367
7 25 1.8846917
7 5 6.429361
8 0 2000.0
8 30 0.45399308
8 18 1.1196207
8 13 1.589161
8 11 1.129324
8 29 1.0126389
8 5 0.55589795
8 34 66.2404
8 2 1.2109183
8 37 1.0058883
8 7 10.374648
8 27 2.0029423
8 16 1.7615358
8 23 0.81364095
8 25 2000.0
9 36 0.58835244
9 26 2000.0
9 28 0.9581361
9 10 31.596848
9 22 0.05774459
9 31 0.13525568
9 3 0.735541
9 12 2000.0
9 4 0.10106338
9 17 0.07018515
9 19 0.07415529
10 26 0.030241938
10 28 0.68797654
10 24 0.08817196
10 31 17.20421
10 12 1355.284
10 9 31.596848
10 17 0.033738796
11 0 2000.0
11 30 0.9274963
11 8 1.129324
11 18 9.487423
11 13 1.6697135
11 33 2.376276
11 29 2.853962
11 5 1.2814379
11 34 3.3832543
11 20 2.2130444
11 2 1.8344167
11 37 1.451812
11 7 107.02367
11 27 0.85339785
11 16 1.0882328
11 25 1.233636
12 26 0.5619442
12 32 10.268507
12 24 0.068939395
12 21 0.13545218
12 3 0.05889846
12 1 34.018753
13 30 23.943993
13 0 0.87918967
13 8 1.589161
13 18 109.647736
13 33 1.7746868
13 11 1.6697135
13 29 1.7827427
13 5 23.893093
13 34 103.69968
13 20 2.3262334
13 2 0.8455999
13 14 6.518906
13 37 1.7107946
13 7 2000.0
13 27 0.36203408
13 16 58.72899
13 25 0.20838176
14 30 8.547246
14 20 2.180498
14 13 6.518906
14 27 3.2962809
14 33 0.45742807
14 25 2.2947085
15 32 0.08770162
15 24 140.0
15 21 4.304097
16 0 2000.0
16 30 1.1369895
16 8 1.7615358
16 18 0.9928102
16 13 58.72899
16 11 1.0882328
16 5 1.4358635
16 34 61.37607
16 20 24.411753
16 7 1.2066933
16 27 1.4577065
16 23 2.7998908
16 25 1.080301
17 6 2.1240034
17 26 1.8573722
17 10 0.033738796
17 24 0.10951911
17 31 1.0160757
17 9 0.07018515
17 4 0.13790515
17 19 52.69334
18 0 2000.0
18 30 0.6888563
18 8 1.1196207
18 13 109.647736
18 11 9.487423
18 29 1.364161
18 5 0.51595896
18 2 3.0745616
18 37 2.735861
18 7 2000.0
18 27 19.99432
18 16 0.9928102
18 23 1.1309464
19 28 160.0
19 31 0.08490203
19 9 0.07415529
19 4 0.06864906
19 17 52.69334
20 0 2000.0
20 30 1.4555731
20 13 2.3262334
20 33 1.6181948
20 11 2.2130444
20 29 15.822952
20 5 2.6158073
20 34 0.9557007
20 2 4.289065
20 14 2.180498
20 37 3.2169406
20 7 78.91307
20 27 2.7514806
20 16 24.411753
20 25 0.5803233
21 26 2000.0
21 32 2000.0
21 24 0.87732565
21 35 0.03128726
21 31 2000.0
21 12 0.13545218
21 15 4.304097
22 31 150.0
22 9 0.05774459
22 19 2000.0
23 0 2000.0
23 30 1.0910751
23 8 0.81364095
23 2 9.656981
23 37 1.2528409
23 18 1.1309464
23 7 1.8088782
23 16 2.7998908
23 11 2000.0
23 29 1.2677323
23 5 3.1050777
24 26 0.038763322
24 32 0.31460586
24 10 0.08817196
24 21 0.87732565
24 3 2000.0
24 12 0.068939395
24 15 140.0
24 17 0.10951911
25 30 14.613755
25 0 12.03802
25 13 0.20838176
25 33 0.7346794
25 11 1.233636
25 29 3.5190425
25 34 1.6795563
25 20 0.5803233
25 2 0.5701127
25 14 2.2947085
25 37 51.67665
25 7 1.8846917
25 27 0.2293449
25 16 1.080301
26 32 13.819093
26 28 0.063064694
26 10 0.030241938
26 24 0.038763322
26 31 0.14149466
26 12 0.5619442
26 17 1.8573722
27 30 0.2230753
27 0 2000.0
27 8 2.0029423
27 18 19.99432
27 13 0.36203408
27 33 0.8125523
27 11 0.85339785
27 29 0.7229747
27 5 1.8060013
27 34 0.950439
27 20 2.7514806
27 2 1.0608041
27 14 3.2962809
27 37 0.92073125
27 7 2000.0
27 16 1.4577065
27 25 0.2293449
28 36 0.0301576
28 26 0.063064694
28 10 0.68797654
28 12 1470.5682
28 3 20.37485
28 9 0.9581361
28 19 160.0
29 0 50.0503
29 30 1.0811052
29 8 1.0126389
29 18 1.364161
29 13 1.7827427
29 33 19.967802
29 11 2.853962
29 5 3.2167923
29 34 1.8595426
29 20 15.822952
29 2 1.2558347
29 37 1.3638859
29 7 2000.0
29 27 0.7229747
29 16 2909.091
29 23 1.2677323
29 25 3.5190425
30 8 0.45399308
30 18 0.6888563
30 13 23.943993
30 33 5.8639092
30 11 0.9274963
30 29 1.0811052
30 5 0.772747
30 34 1.2035414
30 20 1.4555731
30 2 40.289158
30 14 8.547246
30 37 10.695801
30 7 0.7507667
30 27 0.2230753
30 16 1.1369895
30 23 1.0910751
30 25 14.613755
31 26 0.14149466
31 6 0.15903503
31 10 17.20421
31 22 150.0
31 9 0.13525568
31 4 0.08561848
31 17 1.0160757
31 19 0.08490203
32 26 13.819093
32 24 0.31460586
32 12 10.268507
32 15 0.08770162
33 34 2000.0
33 30 5.8639092
33 20 1.6181948
33 2 1.7285045
33 14 0.45742807
33 13 1.7746868
33 7 2000.0
33 27 0.8125523
33 16 1971.0227
33 11 2.376276
33 29 19.967802
33 25 0.7346794
34 30 1.2035414
34 20 0.9557007
34 8 66.2404
34 37 2000.0
34 7 310.369
34 13 103.69968
34 27 0.950439
34 16 61.37607
34 11 3.3832543
34 29 1.8595426
34 25 1.6795563
34 5 2.06381
35 21 0.03128726
35 31 1131.7614
36 28 0.0301576
36 3 0.34235477
36 9 0.58835244
37 30 10.695801
37 0 1.5152884
37 8 1.0058883
37 18 2.735861
37 13 1.7107946
37 11 1.451812
37 29 1.3638859
37 5 9.968001
37 20 3.2169406
37 2 0.8145413
37 7 145.731
37 27 0.92073125
37 16 2000.0
37 23 1.2528409
37 25 51.67665
