0 2 1.3429143
0 37 2.6215494
0 13 1.8220598
0 29 49.32911
0 25 19.811235
1 3 1.045495
1 12 16.714855
2 30 19.369656
2 0 1.3429143
2 8 1.7864425
2 18 2.3538632
2 13 0.7462229
2 33 1.7615148
2 11 1.9532086
2 29 1.249211
2 20 8.667683
2 37 1.1483082
2 27 1.2611269
2 16 2000.0
2 23 10.586805
2 25 0.5575442
3 36 0.6573391
3 28 20.76932
3 24 2000.0
3 12 0.06854167
3 1 1.045495
3 9 0.46840072
4 31 0.068001546
4 9 0.09554925
4 17 0.13769713
4 19 0.06681169
5 30 1.0408138
5 8 1.2892182
5 18 1.4127505
5 13 62.502403
5 11 4.9828167
5 29 3.9748056
5 34 6.6964836
5 20 3.8036335
5 37 28.328018
5 7 10.768508
5 27 2.5888019
5 16 1.6687953
5 23 6.2046094
5 25 2000.0
6 31 0.1147819
6 17 1.3775253
7 30 1.0462979
7 20 581.3357
7 8 33.42417
7 37 160.0
7 16 1.2247435
7 23 1.9449011
7 11 96.72444
7 25 4.098327
7 5 10.768508
8 0 2000.0
8 30 0.8963915
8 18 1.1033541
8 13 2.0394886
8 11 0.90333694
8 29 1.5914773
8 5 1.2892182
8 34 26.256863
8 2 1.7864425
8 37 0.84745437
8 7 33.42417
8 27 1.55139
8 16 1.4544013
8 23 1.7239125
8 25 2000.0
9 36 1.3253254
9 26 2000.0
9 28 1.9146832
9 10 30.252102
9 22 0.05089992
9 31 0.028840696
9 3 0.46840072
9 12 2000.0
9 4 0.09554925
9 17 0.035364397
9 19 0.07916988
10 26 0.028539162
10 28 0.29348484
10 24 0.08167241
10 31 4.1960607
10 12 101.05881
10 9 30.252102
10 17 0.036408834
11 0 2000.0
11 30 1.0592712
11 8 0.90333694
11 18 10.665742
11 13 1.2934817
11 33 2.359786
11 29 1.2427784
11 5 4.9828167
11 34 3.016315
11 20 4.8557806
11 2 1.9532086
11 37 2.258809
11 7 96.72444
11 27 0.9630501
11 16 1.2094539
11 25 1.1675521
12 26 0.9356061
12 32 7.0365868
12 10 101.05881
12 24 0.068355896
12 21 0.23521909
12 3 0.06854167
12 1 16.714855
13 30 67.058556
13 0 1.8220598
13 8 2.0394886
13 18 588.49774
13 33 1.0417428
13 11 1.2934817
13 29 1.1650335
13 5 62.502403
13 34 266.6667
13 20 1.1170685
13 2 0.7462229
13 14 2.069893
13 37 1.5555333
13 7 2000.0
13 27 0.5217002
13 16 97.180885
13 25 0.2246181
14 30 23.374893
14 20 5.6227403
14 13 2.069893
14 27 2.591245
14 33 0.45125002
14 11 2000.0
14 25 1.7113848
15 32 0.07591986
15 21 7.892201
16 0 2000.0
16 30 1.2304363
16 8 1.4544013
16 18 1.2888525
16 13 97.180885
16 11 1.2094539
16 29 200.0
16 5 1.6687953
16 34 58.69498
16 20 28.794537
16 7 1.2247435
16 27 1.2313772
16 23 3.8738656
16 25 0.9076649
17 6 1.3775253
17 26 1.7905045
17 10 0.036408834
17 24 0.14500406
17 31 1.116394
17 9 0.035364397
17 4 0.13769713
17 19 1199.6023
18 0 2000.0
18 30 0.7883237
18 8 1.1033541
18 13 588.49774
18 11 10.665742
18 29 1.7990592
18 5 1.4127505
18 2 2.3538632
18 37 2.293797
18 7 2000.0
18 27 19.001537
18 16 1.2888525
18 23 1.0712374
19 28 198.18045
19 31 0.084310845
19 9 0.07916988
19 4 0.06681169
20 30 3.9114466
20 13 1.1170685
20 33 1.2445608
20 11 4.8557806
20 29 14.423009
20 5 3.8036335
20 34 1.1687666
20 2 8.667683
20 14 5.6227403
20 37 4.6826143
20 7 581.3357
20 27 1.5731592
20 16 28.794537
20 25 0.37159842
21 32 400.0
21 10 2000.0
21 24 1.3248919
21 35 0.044773523
21 31 2000.0
21 12 0.23521909
21 15 7.892201
22 31 50.11763
22 9 0.05089992
22 19 2000.0
23 0 2000.0
23 30 3.9016218
23 8 1.7239125
23 2 10.586805
23 37 1.7143703
23 18 1.0712374
23 7 1.9449011
23 16 3.8738656
23 11 2000.0
23 29 3.355347
23 5 6.2046094
24 26 0.037649408
24 32 0.40245435
24 10 0.08167241
24 21 1.3248919
24 12 0.068355896
24 17 0.14500406
25 30 15.147367
25 0 19.811235
25 13 0.2246181
25 33 0.6010786
25 11 1.1675521
25 29 2.2140589
25 34 5.579695
25 20 0.37159842
25 2 0.5575442
25 14 1.7113848
25 37 38.21288
25 7 4.098327
25 27 0.40200806
25 16 0.9076649
26 32 68.14318
26 28 0.050546445
26 10 0.028539162
26 24 0.037649408
26 31 0.33206856
26 12 0.9356061
26 17 1.7905045
27 30 0.21990879
27 0 2000.0
27 8 1.55139
27 18 19.001537
27 13 0.5217002
27 33 0.75072855
27 11 0.9630501
27 29 1.0018466
27 5 2.5888019
27 34 1.6711628
27 20 1.5731592
27 2 1.2611269
27 14 2.591245
27 37 1.919307
27 7 2000.0
27 16 1.2313772
27 25 0.40200806
28 36 0.037417654
28 26 0.050546445
28 10 0.29348484
28 3 20.76932
28 12 1145.4545
28 9 1.9146832
28 19 198.18045
29 0 49.32911
29 30 1.9772881
29 8 1.5914773
29 18 1.7990592
29 13 1.1650335
29 33 14.20485
29 11 1.2427784
29 5 3.9748056
29 34 5.467729
29 20 14.423009
29 2 1.249211
29 37 0.9206955
29 7 2000.0
29 27 1.0018466
29 16 200.0
29 23 3.355347
29 25 2.2140589
30 8 0.8963915
30 18 0.7883237
30 13 67.058556
30 33 7.4234815
30 11 1.0592712
30 29 1.9772881
30 5 1.0408138
30 34 1.0393596
30 20 3.9114466
30 2 19.369656
30 14 23.374893
30 37 18.945786
30 7 1.0462979
30 27 0.21990879
30 16 1.2304363
30 23 3.9016218
30 25 15.147367
31 26 0.33206856
31 6 0.1147819
31 10 4.1960607
31 35 72.007385
31 22 50.11763
31 21 2000.0
31 9 0.028840696
31 4 0.068001546
31 17 1.116394
31 19 0.084310845
32 26 68.14318
32 24 0.40245435
32 21 400.0
32 12 7.0365868
32 15 0.07591986
33 30 7.4234815
33 13 1.0417428
33 11 2.359786
33 29 14.20485
33 5 2000.0
33 34 2000.0
33 20 1.2445608
33 2 1.7615148
33 14 0.45125002
33 7 2000.0
33 27 0.75072855
33 16 3017.898
33 25 0.6010786
34 30 1.0393596
34 20 1.1687666
34 8 26.256863
34 37 2000.0
34 7 4130.4546
34 13 266.6667
34 27 1.6711628
34 16 58.69498
34 11 3.016315
34 29 5.467729
34 25 5.579695
34 5 6.6964836
35 21 0.044773523
35 31 72.007385
36 28 0.037417654
36 12 2000.0
36 3 0.6573391
36 9 1.3253254
37 30 18.945786
37 0 2.6215494
37 8 0.84745437
37 18 2.293797
37 13 1.5555333
37 11 2.258809
37 29 0.9206955
37 5 28.328018
37 20 4.6826143
37 2 1.1483082
37 7 160.0
37 27 1.919307
37 16 2000.0
37 23 1.7143703
37 25 38.21288
