0 2 1.1927531
0 37 2.494288
0 13 0.9553085
0 29 32.456047
0 25 19.507109
1 3 1.4573046
1 12 17.486712
2 30 3349.2046
2 0 1.1927531
2 8 2.6745644
2 18 2.046946
2 13 0.60908955
2 33 1.9338263
2 11 1.7586135
2 29 1.321008
2 20 4.391704
2 37 1.0048759
2 27 1.3119022
2 16 2000.0
2 23 9.460831
2 25 0.703519
3 36 0.2478922
3 28 31.860878
3 24 2000.0
3 12 0.07699796
3 1 1.4573046
3 9 0.45411327
4 31 0.08748877
4 9 0.083378434
4 17 0.14589141
4 19 0.06963854
5 30 0.6603151
5 8 0.5093
5 18 0.561105
5 13 20.347708
5 11 1.0741736
5 29 2.281323
5 34 2.7893775
5 20 1.7422564
5 37 34.515526
5 7 18.312584
5 27 1.3965702
5 16 1.2004
5 23 3.078522
6 31 0.34637907
6 17 2.3687167
7 34 266.6667
7 30 1.0203297
7 8 19.08402
7 37 129.30235
7 16 1.1017343
7 23 1.3663222
7 25 3.135134
7 29 2000.0
7 5 18.312584
8 0 2000.0
8 30 0.19875367
8 18 1.1656691
8 13 1.1371653
8 11 0.9002051
8 29 0.30811685
8 5 0.5093
8 34 2000.0
8 2 2.6745644
8 37 1.1856561
8 7 19.08402
8 27 0.8075232
8 16 2.2492037
8 23 1.1166948
8 25 2000.0
9 36 0.31364045
9 26 2000.0
9 28 1.0333579
9 10 3.0851908
9 22 0.05468648
9 31 0.032038122
9 3 0.45411327
9 4 0.083378434
9 17 0.057917736
9 19 0.075537235
10 26 0.028661914
10 28 0.3990103
10 24 0.082157776
10 31 2.4149418
10 12 1184.9432
10 9 3.0851908
10 17 0.02989606
11 0 2000.0
11 30 0.7912759
11 8 0.9002051
11 18 218.30113
11 13 0.76861286
11 33 2.1008973
11 29 0.86245865
11 5 1.0741736
11 34 2.685391
11 20 0.6976561
11 2 1.7586135
11 37 1.6037735
11 7 2419.602
11 27 0.8752455
11 16 1.3036392
11 25 0.96286464
12 26 0.3459957
12 32 3.1550949
12 24 0.091193184
12 21 0.12618855
12 3 0.07699796
12 1 17.486712
13 30 23.604963
13 0 0.9553085
13 8 1.1371653
13 18 138.88889
13 33 0.80187905
13 11 0.76861286
13 29 1.1926925
13 5 20.347708
13 34 200.1913
13 20 1.4951437
13 2 0.60908955
13 14 5.7456512
13 37 1.1591865
13 7 2000.0
13 27 0.4604715
13 16 12.982415
13 25 0.29463387
14 30 2.8197787
14 20 2.952264
14 13 5.7456512
14 27 3.4816918
14 33 0.4104087
14 25 1.7854885
15 32 0.07105023
15 24 400.0
15 21 5.3773727
16 30 1.1409284
16 8 2.2492037
16 18 0.8899702
16 13 12.982415
16 33 99.27557
16 11 1.3036392
16 29 112.86709
16 5 1.2004
16 34 22.47664
16 20 11.034112
16 7 1.1017343
16 27 2.1033819
16 23 4.70656
16 25 1.0012913
17 6 2.3687167
17 26 1.8109505
17 10 0.02989606
17 24 0.08968565
17 31 1.1389927
17 9 0.057917736
17 4 0.14589141
17 19 0.545595
18 0 2000.0
18 30 0.6080645
18 8 1.1656691
18 13 138.88889
18 11 218.30113
18 29 1.2431427
18 5 0.561105
18 2 2.046946
18 37 1.9538898
18 7 2000.0
18 27 7.551522
18 16 0.8899702
18 23 1.1611912
19 31 0.0633323
19 9 0.075537235
19 17 0.545595
19 4 0.06963854
20 0 2000.0
20 30 1.531755
20 13 1.4951437
20 33 3.1422179
20 11 0.6976561
20 29 24.10391
20 5 1.7422564
20 34 1.6605923
20 2 4.391704
20 14 2.952264
20 37 4.594985
20 7 1000.85223
20 27 1.130579
20 16 11.034112
20 25 1.2706721
21 26 2000.0
21 32 2000.0
21 24 0.38308492
21 35 0.030631253
21 12 0.12618855
21 15 5.3773727
22 31 400.0
22 9 0.05468648
22 19 2000.0
23 0 2000.0
23 30 1.832605
23 8 1.1166948
23 2 9.460831
23 37 2.5485485
23 18 1.1611912
23 7 1.3663222
23 16 4.70656
23 11 2000.0
23 29 1.0568528
23 5 3.078522
24 26 0.047762785
24 32 0.19712432
24 10 0.082157776
24 21 0.38308492
24 12 0.091193184
24 15 400.0
24 17 0.08968565
25 0 19.507109
25 30 23.807932
25 13 0.29463387
25 33 0.831327
25 11 0.96286464
25 29 1.4543389
25 34 1.8720983
25 20 1.2706721
25 2 0.703519
25 14 1.7854885
25 37 19.47707
25 7 3.135134
25 27 0.26914212
25 16 1.0012913
26 32 34.23809
26 28 0.04070085
26 10 0.028661914
26 24 0.047762785
26 31 0.20593457
26 12 0.3459957
26 17 1.8109505
27 30 0.20143089
27 0 2000.0
27 8 0.8075232
27 18 7.551522
27 13 0.4604715
27 33 0.6721031
27 11 0.8752455
27 29 3.2313607
27 5 1.3965702
27 34 1.7265767
27 20 1.130579
27 2 1.3119022
27 14 3.4816918
27 37 0.8934788
27 7 2000.0
27 16 2.1033819
27 25 0.26914212
28 36 0.030076375
28 26 0.04070085
28 10 0.3990103
28 3 31.860878
28 12 1376.875
28 9 1.0333579
28 19 1232.0454
29 0 32.456047
29 30 1.4250491
29 8 0.30811685
29 18 1.2431427
29 13 1.1926925
29 33 9.3695965
29 11 0.86245865
29 5 2.281323
29 34 4.1363697
29 20 24.10391
29 2 1.321008
29 37 0.99927926
29 7 2000.0
29 27 3.2313607
29 16 112.86709
29 23 1.0568528
29 25 1.4543389
30 8 0.19875367
30 18 0.6080645
30 13 23.604963
30 33 2.9541273
30 11 0.7912759
30 29 1.4250491
30 5 0.6603151
30 34 0.84652585
30 20 1.531755
30 2 3349.2046
30 14 2.8197787
30 37 40.326748
30 7 1.0203297
30 27 0.20143089
30 16 1.1409284
30 23 1.832605
30 25 23.807932
31 26 0.20593457
31 6 0.34637907
31 10 2.4149418
31 22 400.0
31 9 0.032038122
31 4 0.08748877
31 17 1.1389927
31 19 0.0633323
32 26 34.23809
32 24 0.19712432
32 12 3.1550949
32 15 0.07105023
33 34 2000.0
33 30 2.9541273
33 20 3.1422179
33 2 1.9338263
33 14 0.4104087
33 13 0.80187905
33 7 2000.0
33 27 0.6721031
33 16 99.27557
33 11 2.1008973
33 29 9.3695965
33 25 0.831327
34 30 0.84652585
34 20 1.6605923
34 37 2000.0
34 7 266.6667
34 13 200.1913
34 27 1.7265767
34 16 22.47664
34 11 2.685391
34 29 4.1363697
34 25 1.8720983
34 5 2.7893775
35 21 0.030631253
35 31 1086.4204
36 28 0.030076375
36 3 0.2478922
36 9 0.31364045
37 30 40.326748
37 0 2.494288
37 8 1.1856561
37 18 1.9538898
37 13 1.1591865
37 11 1.6037735
37 29 0.99927926
37 5 34.515526
37 20 4.594985
37 2 1.0048759
37 7 129.30235
37 27 0.8934788
37 16 2000.0
37 23 2.5485485
37 25 19.47707
