0 2 0.8459872
0 37 3.0621266
0 13 0.86905485
0 29 22.496717
0 25 24.64907
1 3 1.2778002
1 12 35.500652
2 30 35.567066
2 0 0.8459872
2 8 1.294202
2 18 2.5219781
2 13 0.60491526
2 33 1.8300917
2 11 1.5144618
2 29 1.0366801
2 20 3.6322017
2 37 0.90560347
2 27 1.3714142
2 16 2000.0
2 23 12.398844
2 25 0.8826586
3 36 0.4968296
3 28 4.837434
3 24 450.00003
3 12 0.0641012
3 1 1.2778002
3 9 0.6836081
4 31 0.065240525
4 9 0.08158228
4 17 0.12474571
4 19 0.076483704
5 30 0.61910826
5 8 0.5819393
5 18 0.5607232
5 13 21.49301
5 11 6.3965554
5 29 2.543971
5 34 3.3665168
5 20 1.8991908
5 37 6.9358096
5 7 8.815254
5 27 1.599986
5 16 1.465362
5 23 2.6348014
5 25 2000.0
6 31 0.15605262
6 17 1.8705455
7 30 0.6469888
7 20 56.57428
7 8 9.375337
7 37 2000.0
7 16 1.1210608
7 23 1.5254278
7 25 2.2154164
7 29 2000.0
7 5 8.815254
8 0 2000.0
8 30 0.38058865
8 18 1.2689984
8 13 1.025487
8 11 1.0584309
8 29 0.4049534
8 5 0.5819393
8 34 39.269287
8 2 1.294202
8 37 1.0188186
8 7 9.375337
8 27 1.4804059
8 16 2.0493376
8 23 1.3166734
8 25 2000.0
9 36 0.71336305
9 26 2000.0
9 28 1.3171881
9 10 43.223267
9 22 0.07287856
9 31 0.035294358
9 3 0.6836081
9 4 0.08158228
9 17 0.03565757
9 19 0.07448261
10 26 0.029665897
10 28 0.36603084
10 24 0.21161272
10 31 16.391459
10 12 1355.284
10 9 43.223267
10 17 0.029674059
11 0 2000.0
11 30 0.63485473
11 8 1.0584309
11 18 8.052127
11 13 1.2492313
11 33 1.7713339
11 29 0.98071176
11 5 6.3965554
11 34 3.2924337
11 20 1.0893872
11 2 1.5144618
11 37 2.7001755
11 7 1811.534
11 27 0.61249393
11 16 1.9709759
11 25 0.6665046
12 26 1.0342804
12 32 4.995339
12 24 0.06675589
12 21 0.13263166
12 3 0.0641012
12 1 35.500652
13 30 65.30171
13 0 0.86905485
13 8 1.025487
13 18 200.0
13 33 1.094478
13 11 1.2492313
13 29 1.001569
13 5 21.49301
13 34 99.74336
13 20 1.5312579
13 2 0.60491526
13 14 10.619266
13 37 1.6235178
13 7 2000.0
13 27 0.5625975
13 16 30.52651
13 25 0.271018
14 30 6.329591
14 20 2.7848654
14 13 10.619266
14 27 3.3742514
14 33 0.46311986
14 25 2.5480337
15 32 0.06981365
15 24 93.333336
15 21 5.7966304
16 30 1.4670762
16 0 2000.0
16 8 2.0493376
16 18 1.2295991
16 13 30.52651
16 11 1.9709759
16 5 1.465362
16 34 364.95135
16 20 14.005566
16 7 1.1210608
16 27 1.5385406
16 23 12.143084
16 25 1.1093822
17 6 1.8705455
17 26 2.429701
17 10 0.029674059
17 24 0.18283494
17 31 1.3878999
17 9 0.03565757
17 4 0.12474571
17 19 66.66667
18 0 2000.0
18 30 0.81805146
18 8 1.2689984
18 13 200.0
18 11 8.052127
18 29 1.4557675
18 5 0.5607232
18 2 2.5219781
18 37 2.3636546
18 7 2000.0
18 27 16.53401
18 16 1.2295991
18 23 1.5113522
19 31 0.07266178
19 9 0.07448261
19 4 0.076483704
19 17 66.66667
20 0 2000.0
20 30 1.4713222
20 13 1.5312579
20 33 1.4399618
20 11 1.0893872
20 29 4.0344462
20 5 1.8991908
20 34 1.0938703
20 2 3.6322017
20 14 2.7848654
20 37 6.238636
20 7 56.57428
20 27 2.3770893
20 16 14.005566
20 25 1.1537013
21 26 2000.0
21 32 400.0
21 10 2000.0
21 24 1.0729828
21 35 0.031085853
21 12 0.13263166
21 15 5.7966304
24 26 0.038848095
24 32 0.1108703
24 10 0.21161272
24 21 1.0729828
24 12 0.06675589
24 3 450.00003
24 15 93.333336
24 17 0.18283494
25 30 16.842897
25 0 24.64907
25 13 0.271018
25 33 0.90962046
25 11 0.6665046
25 29 1.6653106
25 34 2.3760562
25 20 1.1537013
25 2 0.8826586
25 14 2.5480337
25 37 63.22581
25 7 2.2154164
25 27 0.2526759
25 16 1.1093822
26 32 19.863676
26 28 0.054402437
26 10 0.029665897
26 24 0.038848095
26 31 0.17963016
26 12 1.0342804
26 17 2.429701
27 30 0.17132418
27 0 2000.0
27 8 1.4804059
27 18 16.53401
27 13 0.5625975
27 33 0.69731075
27 11 0.61249393
27 29 0.46882823
27 5 1.599986
27 34 1.2950495
27 20 2.3770893
27 2 1.3714142
27 14 3.3742514
27 37 0.9011606
27 7 3469.9434
27 16 1.5385406
27 25 0.2526759
28 36 0.055372655
28 26 0.054402437
28 10 0.36603084
28 3 4.837434
28 12 1470.5682
28 9 1.3171881
28 19 1469.8865
29 0 22.496717
29 30 0.7284063
29 8 0.4049534
29 18 1.4557675
29 13 1.001569
29 33 7.9281964
29 11 0.98071176
29 5 2.543971
29 34 3.248443
29 20 4.0344462
29 2 1.0366801
29 37 1.533599
29 27 0.46882823
29 16 2000.0
29 23 1.2571352
29 25 1.6653106
30 8 0.38058865
30 18 0.81805146
30 13 65.30171
30 33 10.6603775
30 11 0.63485473
30 29 0.7284063
30 5 0.61910826
30 34 0.8724011
30 20 1.4713222
30 2 35.567066
30 14 6.329591
30 37 11.995106
30 7 0.6469888
30 27 0.17132418
30 16 1.4670762
30 23 2.7718916
30 25 16.842897
31 26 0.17963016
31 6 0.15605262
31 10 16.391459
31 35 32.21811
31 9 0.035294358
31 4 0.065240525
31 17 1.3878999
31 19 0.07266178
32 26 19.863676
32 24 0.1108703
32 21 400.0
32 12 4.995339
32 15 0.06981365
33 34 2000.0
33 30 10.6603775
33 20 1.4399618
33 2 1.8300917
33 14 0.46311986
33 13 1.094478
33 7 2000.0
33 27 0.69731075
33 16 1971.0227
33 11 1.7713339
33 29 7.9281964
33 25 0.90962046
34 30 0.8724011
34 20 1.0938703
34 8 39.269287
34 37 2000.0
34 13 99.74336
34 7 3211.7898
34 27 1.2950495
34 16 364.95135
34 11 3.2924337
34 29 3.248443
34 25 2.3760562
34 5 3.3665168
35 21 0.031085853
35 31 32.21811
36 28 0.055372655
36 3 0.4968296
36 9 0.71336305
37 30 11.995106
37 0 3.0621266
37 8 1.0188186
37 18 2.3636546
37 13 1.6235178
37 11 2.7001755
37 29 1.533599
37 5 6.9358096
37 20 6.238636
37 2 0.90560347
37 7 2000.0
37 27 0.9011606
37 16 2000.0
37 23 3.2088351
37 25 63.22581
