0 8 10.19041
0 2 1.4223286
0 37 0.791907
0 13 0.82676464
0 11 71.004555
0 29 14.302163
1 3 0.22185606
1 12 70.94709
2 30 30.568012
2 0 1.4223286
2 8 1.6044526
2 18 19.18109
2 13 1.065565
2 33 2.0617287
2 11 2.671086
2 29 0.92737246
2 20 2.0302794
2 37 0.7361512
2 27 1.4181093
2 16 2000.0
2 25 1.3406179
3 36 0.5572754
3 28 0.080576636
3 24 85.71429
3 12 0.059154045
3 1 0.22185606
3 9 0.24346592
4 31 0.090045035
4 9 0.09759777
4 17 0.092446834
4 19 0.08141723
5 34 0.96557486
5 30 0.36659727
5 20 4.0153594
5 8 0.6060427
5 37 2000.0
5 18 0.37400177
5 7 8.616141
5 27 3.4817204
5 16 2.2740026
5 23 7.7021837
5 11 8.116722
5 29 3.0815394
6 36 2000.0
6 22 106.81377
6 31 0.42966166
6 17 1.7371603
7 34 9.841517
7 30 3.74718
7 20 2.808221
7 8 86.47274
7 37 18.716894
7 16 1.1940256
7 11 26.102827
7 23 1.4671476
7 25 2.8708844
7 5 8.616141
8 0 10.19041
8 30 0.9436703
8 18 0.9714624
8 13 2.7214284
8 11 1.4249017
8 29 1.1606683
8 5 0.6060427
8 34 2.8897157
8 2 1.6044526
8 37 0.9561822
8 7 86.47274
8 27 3.4345787
8 16 1.5349486
8 23 0.95064026
9 36 2.2438526
9 26 2000.0
9 28 1.750142
9 10 7.8312893
9 22 0.4735956
9 31 0.03465438
9 3 0.24346592
9 17 0.03745328
9 4 0.09759777
9 19 0.07014296
10 26 0.030169966
10 28 0.39211798
10 24 0.036214855
10 31 0.038913295
10 12 4.745905
10 9 7.8312893
10 17 0.029517965
11 0 71.004555
11 30 1.1932398
11 8 1.4249017
11 18 9.896239
11 13 1.5693008
11 33 3.625845
11 29 1.795036
11 5 8.116722
11 34 4.368156
11 20 1.6008998
11 2 2.671086
11 37 1.6352701
11 7 26.102827
11 27 1.2666008
11 16 1.567562
11 25 1.8064848
12 26 8.313565
12 28 4.12273
12 32 0.1858887
12 10 4.745905
12 24 0.079000846
12 21 0.07369156
12 3 0.059154045
12 1 70.94709
13 30 9.878893
13 0 0.82676464
13 8 2.7214284
13 18 166.66667
13 33 0.76983124
13 11 1.5693008
13 29 1.0593321
13 5 2000.0
13 34 10.612879
13 20 0.8220705
13 2 1.065565
13 14 2.947019
13 37 2.23282
13 27 0.831472
13 16 83.4677
13 25 0.62408775
14 34 2000.0
14 20 6.0517793
14 13 2.947019
14 27 5.4012628
14 33 0.5828926
14 11 2000.0
14 25 5.9426055
15 32 0.07045455
15 21 7.2306433
16 30 1.1194966
16 0 2000.0
16 8 1.5349486
16 18 0.76761806
16 13 83.4677
16 11 1.567562
16 29 33.98742
16 5 2.2740026
16 20 28.10442
16 37 22.881884
16 7 1.1940256
16 27 1.4749676
16 23 10.84746
16 25 2.862071
17 26 1.9071932
17 6 1.7371603
17 10 0.029517965
17 24 0.16183896
17 31 1.310936
17 9 0.03745328
17 4 0.092446834
17 19 2.6710331
18 30 0.65559095
18 2 19.18109
18 8 0.9714624
18 37 1.0415694
18 13 166.66667
18 7 2000.0
18 27 6.343426
18 16 0.76761806
18 23 1.0194483
18 11 9.896239
18 29 1.125456
18 5 0.37400177
19 22 1377.7842
19 31 0.085693374
19 9 0.07014296
19 17 2.6710331
19 4 0.08141723
20 30 29.661152
20 13 0.8220705
20 33 1.2883055
20 11 1.6008998
20 29 14.366935
20 5 4.0153594
20 34 0.9489669
20 2 2.0302794
20 14 6.0517793
20 37 1.6895338
20 7 2.808221
20 27 1.2871274
20 16 28.10442
20 25 0.5279356
21 26 2000.0
21 32 2000.0
21 24 0.16553856
21 35 0.040154096
21 12 0.07369156
21 15 7.2306433
22 6 106.81377
22 31 1150.966
22 9 0.4735956
22 19 1377.7842
23 0 2000.0
23 30 1.0074973
23 2 1647.9546
23 8 0.95064026
23 37 4.249621
23 18 1.0194483
23 7 1.4671476
23 16 10.84746
23 11 2000.0
23 29 2.578608
23 5 7.7021837
24 26 0.04762907
24 32 0.1019412
24 10 0.036214855
24 21 0.16553856
24 31 4.647296
24 12 0.079000846
24 3 85.71429
24 15 2000.0
24 17 0.16183896
25 30 9.946599
25 13 0.62408775
25 33 0.64146787
25 11 1.8064848
25 29 2.4038064
25 34 4.488366
25 20 0.5279356
25 2 1.3406179
25 14 5.9426055
25 37 62.6087
25 7 2.8708844
25 27 1.0788372
25 16 2.862071
26 36 239.29546
26 32 20.25739
26 28 0.08422131
26 10 0.030169966
26 24 0.04762907
26 31 0.090940505
26 12 8.313565
26 17 1.9071932
27 0 2000.0
27 30 0.22458655
27 8 3.4345787
27 18 6.343426
27 13 0.831472
27 33 1.3409548
27 11 1.2666008
27 29 0.4349106
27 5 3.4817204
27 34 1.3250879
27 20 1.2871274
27 2 1.4181093
27 14 5.4012628
27 37 2.5717351
27 7 3489.6023
27 16 1.4749676
27 23 2000.0
27 25 1.0788372
28 36 0.04090909
28 26 0.08422131
28 10 0.39211798
28 3 0.080576636
28 12 4.12273
28 9 1.750142
29 0 14.302163
29 30 2.4646473
29 8 1.1606683
29 18 1.125456
29 13 1.0593321
29 33 80.0
29 11 1.795036
29 5 3.0815394
29 34 5.8507113
29 20 14.366935
29 2 0.92737246
29 37 1.3365546
29 7 2000.0
29 27 0.4349106
29 16 33.98742
29 23 2.578608
29 25 2.4038064
30 0 2000.0
30 8 0.9436703
30 18 0.65559095
30 13 9.878893
30 33 4.2486086
30 11 1.1932398
30 29 2.4646473
30 5 0.36659727
30 34 1.4002318
30 20 29.661152
30 2 30.568012
30 37 8.101245
30 7 3.74718
30 27 0.22458655
30 16 1.1194966
30 23 1.0074973
30 25 9.946599
31 26 0.090940505
31 6 0.42966166
31 10 0.038913295
31 24 4.647296
31 9 0.03465438
31 17 1.310936
31 4 0.090045035
31 19 0.085693374
32 26 20.25739
32 24 0.1019412
32 12 0.1858887
32 15 0.07045455
33 34 2000.0
33 30 4.2486086
33 20 1.2883055
33 2 2.0617287
33 14 0.5828926
33 7 2000.0
33 13 0.76983124
33 27 1.3409548
33 16 2226.3638
33 11 3.625845
33 29 80.0
33 25 0.64146787
34 30 1.4002318
34 20 0.9489669
34 8 2.8897157
34 13 10.612879
34 7 9.841517
34 27 1.3250879
34 16 1215.0568
34 11 4.368156
34 25 4.488366
34 29 5.8507113
34 5 0.96557486
35 21 0.040154096
36 26 239.29546
36 28 0.04090909
36 10 2000.0
36 3 0.5572754
36 9 2.2438526
37 30 8.101245
37 0 0.791907
37 8 0.9561822
37 18 1.0415694
37 13 2.23282
37 11 1.6352701
37 29 1.3365546
37 20 1.6895338
37 2 0.7361512
37 7 18.716894
37 27 2.5717351
37 16 22.881884
37 23 4.249621
37 25 62.6087
