0 8 14.776327
0 2 1.5584636
0 37 0.9935264
0 13 1.2780327
0 11 57.51136
0 25 2000.0
0 29 7.5564775
1 3 0.25953078
1 12 69.80279
2 30 5.2237897
2 0 1.5584636
2 8 1.1704506
2 18 8.633392
2 13 0.22624323
2 33 1.3078347
2 11 0.88785243
2 29 0.951247
2 20 2.0061707
2 37 0.74016154
2 27 0.29793552
2 23 46.89722
2 25 2.2692225
3 36 0.3440851
3 28 0.10481274
3 24 180.00002
3 12 0.07555856
3 1 0.25953078
3 9 0.17814718
4 31 0.0824642
4 9 0.05012109
4 17 0.09803322
4 19 0.07953945
5 30 0.43324423
5 8 0.36735895
5 18 0.4069896
5 13 2000.0
5 11 2.963454
5 29 1.8403814
5 34 2.5139441
5 20 2.7956283
5 37 2000.0
5 7 3.6976821
5 27 1.6654592
5 16 1.3721839
5 23 5.1898994
6 31 1.1178555
6 17 1.7827996
7 34 5.424953
7 30 1.0383924
7 20 1.5711364
7 8 13.4357605
7 37 8.1463175
7 27 60.034096
7 16 1.2949917
7 11 4.8207374
7 23 1.3366213
7 25 7.1279593
7 5 3.6976821
8 0 14.776327
8 30 0.7955964
8 18 1.051416
8 13 2.9297295
8 11 0.5963629
8 29 0.40549454
8 5 0.36735895
8 34 3.119864
8 2 1.1704506
8 37 0.8903453
8 7 13.4357605
8 27 1.1561266
8 16 1.5980356
8 23 1.6842198
9 36 1.7394613
9 26 2000.0
9 28 1.2155173
9 10 4.8326087
9 22 0.55376405
9 31 0.02912932
9 3 0.17814718
9 17 0.047059413
9 4 0.05012109
9 19 0.06861253
10 26 0.031359673
10 28 0.25360504
10 24 0.04975
10 31 0.049189646
10 12 10.620548
10 9 4.8326087
10 17 0.03409091
11 0 57.51136
11 30 0.4500963
11 8 0.5963629
11 18 8.620287
11 13 0.85691583
11 33 2.4883158
11 29 0.62046874
11 5 2.963454
11 34 2.661613
11 20 0.6733587
11 2 0.88785243
11 37 1.100124
11 7 4.8207374
11 27 0.4892655
11 16 0.9178103
11 25 1.0294507
12 26 1.5794946
12 28 6.4281855
12 32 0.3045009
12 10 10.620548
12 24 0.072480984
12 21 0.076033905
12 3 0.07555856
12 1 69.80279
13 30 3.3593628
13 0 1.2780327
13 8 2.9297295
13 18 500.00003
13 33 0.93960476
13 11 0.85691583
13 29 0.706564
13 34 9.920507
13 20 0.5420255
13 2 0.22624323
13 14 3.4186335
13 37 1.7670103
13 27 0.16345909
13 16 71.274414
13 25 0.9548016
14 20 1.2359266
14 13 3.4186335
14 33 0.4048041
14 27 1.982397
14 11 2000.0
14 25 1.6972511
15 32 0.07491985
15 21 1.0507988
16 30 1.1022354
16 0 2000.0
16 8 1.5980356
16 18 0.9808712
16 13 71.274414
16 11 0.9178103
16 29 88.48864
16 5 1.3721839
16 20 8.227392
16 37 55.836555
16 7 1.2949917
16 27 1.3238449
16 23 5.196281
16 25 1.1968241
17 26 1.8227475
17 6 1.7827996
17 10 0.03409091
17 24 0.3662109
17 31 1.1416773
17 9 0.047059413
17 4 0.09803322
17 19 2.2999997
18 30 0.678753
18 2 8.633392
18 8 1.051416
18 37 0.8918141
18 13 500.00003
18 7 2000.0
18 27 4.182127
18 16 0.9808712
18 23 2.1039183
18 11 8.620287
18 29 1.009442
18 5 0.4069896
19 31 0.08348941
19 9 0.06861253
19 17 2.2999997
19 4 0.07953945
20 30 23.860611
20 13 0.5420255
20 33 1.4047029
20 11 0.6733587
20 29 1.8318224
20 5 2.7956283
20 34 1.2326977
20 2 2.0061707
20 14 1.2359266
20 37 2.1279747
20 7 1.5711364
20 27 0.3582792
20 16 8.227392
20 25 0.6994505
21 24 0.3425634
21 35 0.056100484
21 12 0.076033905
21 15 1.0507988
22 6 1586.9319
22 31 1244.1478
22 9 0.55376405
22 19 1329.4886
23 0 2000.0
23 30 1.4515281
23 2 46.89722
23 8 1.6842198
23 37 1.3707329
23 18 2.1039183
23 7 1.3366213
23 16 5.196281
23 11 2000.0
23 29 4.547151
23 5 5.1898994
24 26 0.062538035
24 32 0.09052207
24 10 0.04975
24 21 0.3425634
24 31 9.436909
24 12 0.072480984
24 3 180.00002
24 15 2000.0
24 17 0.3662109
25 0 2000.0
25 30 2.376325
25 13 0.9548016
25 33 0.58098763
25 11 1.0294507
25 29 2.1212194
25 34 1.2348698
25 20 0.6994505
25 2 2.2692225
25 14 1.6972511
25 37 11.266589
25 7 7.1279593
25 27 0.66566
25 16 1.1968241
26 36 266.6667
26 32 18.355343
26 28 0.029319601
26 10 0.031359673
26 24 0.062538035
26 31 0.07056151
26 12 1.5794946
26 17 1.8227475
27 0 2000.0
27 30 0.17455097
27 8 1.1561266
27 18 4.182127
27 13 0.16345909
27 33 0.8326202
27 11 0.4892655
27 29 0.73271626
27 5 1.6654592
27 34 0.9793573
27 20 0.3582792
27 2 0.29793552
27 14 1.982397
27 37 0.9535691
27 7 60.034096
27 16 1.3238449
27 25 0.66566
28 36 0.02933424
28 26 0.029319601
28 10 0.25360504
28 3 0.10481274
28 12 6.4281855
28 9 1.2155173
29 0 7.5564775
29 30 3.8439512
29 8 0.40549454
29 18 1.009442
29 13 0.706564
29 11 0.62046874
29 5 1.8403814
29 34 11.72965
29 20 1.8318224
29 2 0.951247
29 37 0.8146781
29 7 2000.0
29 27 0.73271626
29 16 88.48864
29 23 4.547151
29 25 2.1212194
30 0 2000.0
30 8 0.7955964
30 18 0.678753
30 13 3.3593628
30 33 2.871405
30 11 0.4500963
30 29 3.8439512
30 5 0.43324423
30 34 2.3921652
30 20 23.860611
30 2 5.2237897
30 14 2000.0
30 37 3.8018029
30 7 1.0383924
30 27 0.17455097
30 16 1.1022354
30 23 1.4515281
30 25 2.376325
31 26 0.07056151
31 6 1.1178555
31 10 0.049189646
31 24 9.436909
31 9 0.02912932
31 17 1.1416773
31 4 0.0824642
31 19 0.08348941
32 26 18.355343
32 24 0.09052207
32 12 0.3045009
32 15 0.07491985
33 34 2000.0
33 30 2.871405
33 20 1.4047029
33 2 1.3078347
33 14 0.4048041
33 7 2000.0
33 13 0.93960476
33 27 0.8326202
33 16 2000.0
33 11 2.4883158
33 29 2000.0
33 25 0.58098763
34 30 2.3921652
34 20 1.2326977
34 8 3.119864
34 13 9.920507
34 7 5.424953
34 27 0.9793573
34 16 1215.0568
34 11 2.661613
34 25 1.2348698
34 29 11.72965
34 5 2.5139441
35 21 0.056100484
36 26 266.6667
36 28 0.02933424
36 3 0.3440851
36 9 1.7394613
37 30 3.8018029
37 0 0.9935264
37 8 0.8903453
37 18 0.8918141
37 13 1.7670103
37 11 1.100124
37 29 0.8146781
37 20 2.1279747
37 2 0.74016154
37 7 8.1463175
37 27 0.9535691
37 16 55.836555
37 23 1.3707329
37 25 11.266589
