0 8 400.0
0 2 0.8895197
0 37 1.8999358
0 13 0.9152111
0 29 21.063015
0 25 39.845592
1 3 1.1130303
1 12 18.231678
2 30 31.808928
2 0 0.8895197
2 8 1.1691053
2 18 2.6992462
2 13 0.68098426
2 33 2.2077875
2 11 1.9374824
2 29 1.0089487
2 20 3.4357731
2 37 1.0989884
2 27 1.2871346
2 16 2000.0
2 23 10.464498
2 25 0.5679459
3 36 0.43809867
3 28 17.419758
3 24 2000.0
3 12 0.055553213
3 1 1.1130303
3 9 0.27274656
4 31 0.08068655
4 9 0.07971974
4 17 0.1437747
4 19 0.067352526
5 30 0.68987244
5 8 0.7323364
5 18 0.92589784
5 13 58.775166
5 11 2.2682416
5 29 1.9312243
5 34 1.7052566
5 20 2.7988214
5 37 17.361526
5 7 5.9381657
5 27 3.332952
5 16 1.5839461
5 23 5.0094643
5 25 2000.0
6 31 0.17284296
6 17 1.0297214
7 30 0.6161777
7 8 6.9234567
7 37 157.51982
7 16 1.3222772
7 11 73.08118
7 23 1.404725
7 25 1.9883965
7 5 5.9381657
8 0 400.0
8 30 0.4813616
8 18 1.0229508
8 13 1.3467891
8 11 0.9610945
8 29 0.39160758
8 5 0.7323364
8 34 13.955612
8 2 1.1691053
8 37 1.1290712
8 7 6.9234567
8 27 1.0636805
8 16 1.3730822
8 23 0.98596567
8 25 2000.0
9 36 0.5808284
9 26 2000.0
9 28 0.7079284
9 10 40.909092
9 22 0.04563783
9 31 0.028805224
9 12 2000.0
9 3 0.27274656
9 4 0.07971974
9 17 0.037624393
9 19 0.06736154
10 26 0.030206783
10 28 0.25901258
10 24 0.08964359
10 31 9.418561
10 12 45.23997
10 9 40.909092
10 17 0.03555679
11 0 2000.0
11 30 0.66803885
11 8 0.9610945
11 18 5.3148994
11 13 0.9519222
11 33 1.8016384
11 29 1.1126752
11 5 2.2682416
11 34 2.728693
11 20 1.3066041
11 2 1.9374824
11 37 1.5536418
11 7 73.08118
11 27 0.9686475
11 16 1.280258
11 25 0.7932127
12 26 0.68034476
12 32 6.2288966
12 10 45.23997
12 24 0.06725969
12 21 0.10377824
12 3 0.055553213
12 1 18.231678
13 30 56.92446
13 0 0.9152111
13 8 1.3467891
13 18 1583.0681
13 33 0.8995276
13 11 0.9519222
13 29 0.87851846
13 5 58.775166
13 34 106.55446
13 20 1.0173917
13 2 0.68098426
13 14 8.30258
13 37 1.3884864
13 7 2000.0
13 27 0.29531434
13 16 60.000004
13 25 0.24614437
14 30 10.062113
14 20 1.4521418
14 13 8.30258
14 27 1.2675439
14 33 0.43325412
14 11 2000.0
14 25 2.9739146
15 32 0.07270685
15 21 4.4846487
16 0 2000.0
16 30 1.1402341
16 8 1.3730822
16 18 0.9960636
16 13 60.000004
16 11 1.280258
16 5 1.5839461
16 34 28.069399
16 20 35.979282
16 7 1.3222772
16 27 1.3332306
16 23 3.810633
16 25 1.0851318
17 6 1.0297214
17 26 1.6547298
17 10 0.03555679
17 24 0.10850991
17 31 0.9361995
17 9 0.037624393
17 4 0.1437747
17 19 133.33334
18 0 2000.0
18 30 0.720443
18 8 1.0229508
18 13 1583.0681
18 11 5.3148994
18 29 1.2081927
18 5 0.92589784
18 2 2.6992462
18 37 1.9661593
18 7 2000.0
18 27 20.890516
18 16 0.9960636
18 23 1.6320856
19 28 82.47614
19 31 0.0963956
19 9 0.06736154
19 17 133.33334
19 4 0.067352526
20 0 2000.0
20 30 2.0850494
20 13 1.0173917
20 33 1.253812
20 11 1.3066041
20 29 7.4193563
20 5 2.7988214
20 34 0.97410524
20 2 3.4357731
20 14 1.4521418
20 37 3.9810524
20 7 1311.4773
20 27 1.1995935
20 16 35.979282
20 25 0.5591416
21 32 2000.0
21 10 2000.0
21 24 1.324086
21 35 0.031603053
21 31 2000.0
21 12 0.10377824
21 15 4.4846487
22 31 154.8263
22 9 0.04563783
22 19 2000.0
23 0 2000.0
23 30 1.8826358
23 8 0.98596567
23 2 10.464498
23 37 2.242173
23 18 1.6320856
23 7 1.404725
23 16 3.810633
23 11 2000.0
23 29 2.0265346
23 5 5.0094643
24 26 0.047591988
24 32 0.16994551
24 10 0.08964359
24 21 1.324086
24 31 2000.0
24 12 0.06725969
24 15 2000.0
24 17 0.10850991
25 30 12.366864
25 0 39.845592
25 13 0.24614437
25 33 0.63520867
25 11 0.7932127
25 29 2.1375995
25 34 1.9938762
25 20 0.5591416
25 2 0.5679459
25 14 2.9739146
25 37 34.2622
25 7 1.9883965
25 27 0.24387309
25 16 1.0851318
26 32 14.100455
26 28 0.12543105
26 10 0.030206783
26 24 0.047591988
26 31 0.10682144
26 12 0.68034476
26 17 1.6547298
27 30 0.31354228
27 0 2000.0
27 8 1.0636805
27 18 20.890516
27 13 0.29531434
27 33 0.77401066
27 11 0.9686475
27 29 1.1039104
27 5 3.332952
27 34 1.1191947
27 20 1.1995935
27 2 1.2871346
27 14 1.2675439
27 37 0.90798247
27 7 2000.0
27 16 1.3332306
27 25 0.24387309
28 36 0.029367583
28 26 0.12543105
28 10 0.25901258
28 3 17.419758
28 12 1208.409
28 9 0.7079284
28 19 82.47614
29 0 21.063015
29 30 1.0382117
29 8 0.39160758
29 18 1.2081927
29 13 0.87851846
29 33 17.772223
29 11 1.1126752
29 5 1.9312243
29 34 4.9138007
29 20 7.4193563
29 2 1.0089487
29 37 0.89262617
29 7 2000.0
29 27 1.1039104
29 16 2000.0
29 23 2.0265346
29 25 2.1375995
30 8 0.4813616
30 18 0.720443
30 13 56.92446
30 33 7.1872225
30 11 0.66803885
30 29 1.0382117
30 5 0.68987244
30 34 0.951392
30 20 2.0850494
30 2 31.808928
30 14 10.062113
30 37 17.095718
30 7 0.6161777
30 27 0.31354228
30 16 1.1402341
30 23 1.8826358
30 25 12.366864
31 26 0.10682144
31 6 0.17284296
31 10 9.418561
31 35 70.24091
31 22 154.8263
31 9 0.028805224
31 4 0.08068655
31 17 0.9361995
31 19 0.0963956
32 26 14.100455
32 24 0.16994551
32 12 6.2288966
32 15 0.07270685
33 30 7.1872225
33 8 2000.0
33 13 0.8995276
33 11 1.8016384
33 29 17.772223
33 5 2000.0
33 34 2000.0
33 20 1.253812
33 2 2.2077875
33 14 0.43325412
33 7 2000.0
33 27 0.77401066
33 16 3017.898
33 25 0.63520867
34 30 0.951392
34 20 0.97410524
34 8 13.955612
34 37 2000.0
34 7 2000.0
34 13 106.55446
34 27 1.1191947
34 16 28.069399
34 11 2.728693
34 29 4.9138007
34 25 1.9938762
34 5 1.7052566
35 21 0.031603053
35 31 70.24091
36 28 0.029367583
36 3 0.43809867
36 9 0.5808284
37 30 17.095718
37 0 1.8999358
37 8 1.1290712
37 18 1.9661593
37 13 1.3884864
37 11 1.5536418
37 29 0.89262617
37 5 17.361526
37 20 3.9810524
37 2 1.0989884
37 7 157.51982
37 27 0.90798247
37 16 2000.0
37 23 2.242173
37 25 34.2622
