0 2 0.71782106
0 37 2.6538548
0 13 0.71124816
0 29 8.524247
0 25 21.008404
1 3 0.6267949
1 12 17.894178
2 30 15.835066
2 0 0.71782106
2 8 3.1596203
2 18 1.7744106
2 13 0.691114
2 33 3.4898357
2 11 1.7969339
2 29 1.3273686
2 20 3.246862
2 37 0.8343812
2 27 692.89777
2 16 2000.0
2 23 36.263092
2 25 0.3736797
3 36 0.23313783
3 28 77.04381
3 24 2000.0
3 12 0.07530288
3 1 0.6267949
3 9 0.7284328
4 31 0.06571184
4 9 0.06383508
4 17 0.13534103
4 19 0.061857082
5 30 0.87137866
5 8 0.6410045
5 18 0.8601768
5 13 40.81683
5 11 3.4285464
5 29 3.7600489
5 34 1.4501712
5 20 4.5932302
5 37 9.758152
5 7 15.120638
5 27 779.5454
5 16 1.5239431
5 23 7.5176535
5 25 2000.0
6 31 0.101224855
6 17 1.9514093
7 34 334.18942
7 30 0.5677671
7 8 24.85662
7 16 1.1314731
7 23 1.1418285
7 11 164.90672
7 25 3.6589801
7 5 15.120638
8 0 2000.0
8 30 0.7785209
8 18 0.88296306
8 13 3.1283896
8 11 1.4858564
8 29 1.1374332
8 5 0.6410045
8 34 41.916275
8 2 3.1596203
8 37 2.0253274
8 7 24.85662
8 27 1067.7273
8 16 2.2862346
8 23 1.7808644
8 25 2000.0
9 36 0.54516
9 26 2000.0
9 28 0.46017727
9 10 5.5390906
9 22 0.06722846
9 31 0.031451613
9 3 0.7284328
9 12 2000.0
9 4 0.06383508
9 17 0.04496474
9 19 0.08216253
10 26 35.795452
10 28 0.20114323
10 24 0.0798635
10 31 2.4580128
10 12 1591.3068
10 9 5.5390906
10 17 0.030993402
11 0 2000.0
11 30 0.77651846
11 8 1.4858564
11 18 3.1575756
11 13 1.7285484
11 33 2.434983
11 29 0.6925076
11 5 3.4285464
11 34 2.0846078
11 20 0.93553
11 2 1.7969339
11 37 1.3160553
11 7 164.90672
11 27 692.89777
11 16 0.94782645
11 25 0.8153686
12 26 2000.0
12 32 6.8467016
12 24 0.08710786
12 21 0.13656077
12 3 0.07530288
12 1 17.894178
13 30 117.33857
13 0 0.71124816
13 8 3.1283896
13 18 28.983587
13 33 2.3576608
13 11 1.7285484
13 29 0.8252702
13 5 40.81683
13 34 216.29616
13 20 0.9902035
13 2 0.691114
13 14 5.952102
13 37 1.465101
13 7 2000.0
13 27 150.96591
13 16 70.66096
13 25 0.25173554
14 30 11.346982
14 20 1.9801695
14 13 5.952102
14 27 5234.1475
14 33 0.37951678
14 25 1.8284799
15 32 0.068731815
15 21 10.28261
16 0 2000.0
16 30 1.0839261
16 8 2.2862346
16 18 2.4474642
16 13 70.66096
16 11 0.94782645
16 5 1.5239431
16 34 119.837456
16 20 56.373184
16 7 1.1314731
16 27 1119.8296
16 23 2.5521762
16 25 4.374161
17 6 1.9514093
17 26 1034.8864
17 10 0.030993402
17 24 0.06251225
17 31 0.9673973
17 9 0.04496474
17 4 0.13534103
17 19 49.037643
18 0 2000.0
18 30 0.37802354
18 8 0.88296306
18 2 1.7744106
18 37 2.7980516
18 13 28.983587
18 16 2.4474642
18 11 3.1575756
18 23 0.75231683
18 29 0.87770593
18 5 0.8601768
19 28 36.131416
19 31 0.0746055
19 9 0.08216253
19 4 0.061857082
19 17 49.037643
20 30 2.6026278
20 13 0.9902035
20 33 1.2184387
20 11 0.93553
20 29 12.570036
20 5 4.5932302
20 34 0.8740741
20 2 3.246862
20 14 1.9801695
20 37 2.382166
20 7 10082.216
20 27 957.6705
20 16 56.373184
20 25 0.42068142
21 26 2000.0
21 32 2000.0
21 24 1.212832
21 35 0.034613132
21 31 2000.0
21 12 0.13656077
21 15 10.28261
22 31 75.78948
22 9 0.06722846
22 19 2000.0
23 0 2000.0
23 30 1.5401621
23 8 1.7808644
23 2 36.263092
23 37 1.8893464
23 18 0.75231683
23 7 1.1418285
23 16 2.5521762
23 11 2000.0
23 29 1.7135915
23 5 7.5176535
24 26 37.045452
24 32 0.30201644
24 10 0.0798635
24 21 1.212832
24 12 0.08710786
24 15 2000.0
24 17 0.06251225
25 30 12.260699
25 0 21.008404
25 13 0.25173554
25 33 0.5046322
25 11 0.8153686
25 29 1.7277238
25 34 1.2955382
25 20 0.42068142
25 2 0.3736797
25 14 1.8284799
25 37 362.75177
25 7 3.6589801
25 27 229.14774
25 16 4.374161
28 36 0.033829506
28 26 51.81818
28 10 0.20114323
28 3 77.04381
28 12 1274.3182
28 9 0.46017727
28 19 36.131416
29 0 8.524247
29 30 4.108249
29 8 1.1374332
29 18 0.87770593
29 13 0.8252702
29 33 15.678168
29 11 0.6925076
29 5 3.7600489
29 34 2.7016828
29 20 12.570036
29 2 1.3273686
29 37 0.9143938
29 7 2000.0
29 27 1898.9204
29 16 2000.0
29 23 1.7135915
29 25 1.7277238
30 8 0.7785209
30 18 0.37802354
30 13 117.33857
30 33 19.436695
30 11 0.77651846
30 29 4.108249
30 5 0.87137866
30 34 0.83212286
30 20 2.6026278
30 2 15.835066
30 14 11.346982
30 37 22.102688
30 7 0.5677671
30 27 147.78409
30 16 1.0839261
30 23 1.5401621
30 25 12.260699
31 26 79.88636
31 6 0.101224855
31 10 2.4580128
31 35 24.624212
31 22 75.78948
31 9 0.031451613
31 4 0.06571184
31 17 0.9673973
31 19 0.0746055
32 26 2000.0
32 24 0.30201644
32 12 6.8467016
32 15 0.068731815
33 34 2000.0
33 30 19.436695
33 20 1.2184387
33 2 3.4898357
33 14 0.37951678
33 7 2000.0
33 13 2.3576608
33 27 698.2386
33 16 2422.443
33 11 2.434983
33 29 15.678168
33 25 0.5046322
34 30 0.83212286
34 20 0.8740741
34 8 41.916275
34 37 2000.0
34 7 334.18942
34 13 216.29616
34 27 716.8182
34 16 119.837456
34 11 2.0846078
34 29 2.7016828
34 25 1.2955382
34 5 1.4501712
35 21 0.034613132
35 31 24.624212
36 28 0.033829506
36 3 0.23313783
36 9 0.54516
37 30 22.102688
37 0 2.6538548
37 8 2.0253274
37 18 2.7980516
37 13 1.465101
37 11 1.3160553
37 29 0.9143938
37 5 9.758152
37 20 2.382166
37 2 0.8343812
37 7 3070.5112
37 27 725.7955
37 16 2000.0
37 23 1.8893464
37 25 362.75177
