0 2 0.8181052
0 37 1.6070231
0 13 0.7031123
0 29 13.447661
0 25 55.129387
1 3 0.8292889
1 12 17.610798
2 30 25.249079
2 0 0.8181052
2 8 1.6650641
2 18 2.2273347
2 13 0.5675711
2 33 1.9408628
2 11 1.8833348
2 29 1.5640793
2 20 2.7282224
2 37 1.0532008
2 27 692.89777
2 16 2000.0
2 23 4.419421
2 25 0.42209634
3 36 0.77412874
3 28 79.4665
3 24 2000.0
3 12 0.06434314
3 1 0.8292889
3 9 0.695409
4 31 0.06503735
4 9 0.063819654
4 17 0.15303855
4 19 0.06581058
5 30 0.74961805
5 8 0.80244917
5 18 0.8533266
5 13 38.061584
5 11 6.53017
5 29 7.464995
5 34 1.5682518
5 20 3.9544837
5 37 5.738964
5 7 13.707846
5 27 779.5454
5 16 1.6735418
5 23 5.8391385
5 25 2000.0
6 31 0.12862842
6 17 6.220758
7 30 1.0099598
7 20 100.808334
7 8 4.6391835
7 16 1.5206509
7 23 1.2144809
7 11 114.28571
7 25 3.4798455
7 5 13.707846
8 0 2000.0
8 30 0.4057185
8 18 1.0837027
8 13 1.3576005
8 11 1.8379841
8 29 0.67159
8 5 0.80244917
8 34 20.868711
8 2 1.6650641
8 37 0.911903
8 7 4.6391835
8 27 1067.7273
8 16 2.5846097
8 23 1.408234
8 25 2000.0
9 36 0.9722573
9 26 2000.0
9 28 0.6135695
9 10 13.117749
9 22 0.10241131
9 31 0.029592926
9 12 2000.0
9 3 0.695409
9 4 0.063819654
9 17 0.03764568
9 19 0.105077654
10 26 35.795452
10 28 0.47071525
10 24 0.081822865
10 31 2.344697
10 12 73.85648
10 9 13.117749
10 17 0.030908968
11 0 2000.0
11 30 0.6563696
11 8 1.8379841
11 18 3.670928
11 13 1.3446891
11 33 1.8570921
11 29 1.256462
11 5 6.53017
11 34 1.3755056
11 20 1.3252952
11 2 1.8833348
11 37 2.0646584
11 7 114.28571
11 27 692.89777
11 16 0.8994839
11 25 0.79928637
12 26 2000.0
12 32 4.822761
12 10 73.85648
12 24 0.08719263
12 21 0.08578835
12 3 0.06434314
12 1 17.610798
13 30 41.373524
13 0 0.7031123
13 8 1.3576005
13 18 28.126263
13 33 1.3127472
13 11 1.3446891
13 29 0.85464716
13 5 38.061584
13 34 2000.0
13 20 1.3170283
13 2 0.5675711
13 14 3.2098355
13 37 0.8079948
13 7 2000.0
13 27 150.96591
13 16 70.48791
13 25 0.38273454
14 30 6.8223195
14 20 5.165381
14 13 3.2098355
14 27 5234.1475
14 33 1.3857198
14 11 2000.0
14 25 8.045558
15 32 0.067343526
15 21 17.44602
16 34 73.97168
16 30 1.6941278
16 20 465.76404
16 8 2.5846097
16 18 2.2992854
16 13 70.48791
16 7 1.5206509
16 27 1119.8296
16 11 0.8994839
16 23 2.744318
16 25 1.4347047
16 5 1.6735418
17 6 6.220758
17 26 1034.8864
17 10 0.030908968
17 24 0.078125
17 31 1.1531799
17 9 0.03764568
17 4 0.15303855
17 19 164.888
18 0 2000.0
18 30 0.5467213
18 8 1.0837027
18 2 2.2273347
18 37 2.5373785
18 13 28.126263
18 27 2000.0
18 16 2.2992854
18 11 3.670928
18 23 1.248129
18 29 0.79848135
18 5 0.8533266
19 28 80.160675
19 31 0.08964233
19 9 0.105077654
19 4 0.06581058
19 17 164.888
20 30 1.8020806
20 8 2000.0
20 13 1.3170283
20 33 1.2875537
20 11 1.3252952
20 29 15.456549
20 5 3.9544837
20 34 0.82611907
20 2 2.7282224
20 14 5.165381
20 37 2.1835077
20 7 100.808334
20 27 957.6705
20 16 465.76404
20 25 0.5932856
21 32 2000.0
21 24 1.1964008
21 35 0.034351714
21 31 2000.0
21 12 0.08578835
21 15 17.44602
22 31 160.0
22 9 0.10241131
22 19 2000.0
23 0 2000.0
23 30 0.9286323
23 8 1.408234
23 2 4.419421
23 37 1.7151514
23 18 1.248129
23 7 1.2144809
23 16 2.744318
23 11 2000.0
23 29 0.68560225
23 5 5.8391385
24 26 37.045452
24 32 0.26190817
24 10 0.081822865
24 21 1.1964008
24 12 0.08719263
24 15 2000.0
24 17 0.078125
25 30 14.077956
25 0 55.129387
25 13 0.38273454
25 33 0.6153217
25 11 0.79928637
25 29 1.7555755
25 34 2.590922
25 20 0.5932856
25 2 0.42209634
25 14 8.045558
25 37 133.33334
25 7 3.4798455
25 27 229.14774
25 16 1.4347047
28 36 0.030458273
28 26 51.81818
28 10 0.47071525
28 12 1274.3182
28 3 79.4665
28 9 0.6135695
28 19 80.160675
29 0 13.447661
29 30 1.8233653
29 8 0.67159
29 18 0.79848135
29 13 0.85464716
29 33 23.894215
29 11 1.256462
29 5 7.464995
29 34 3.8433564
29 20 15.456549
29 2 1.5640793
29 37 0.98217446
29 7 2000.0
29 27 1898.9204
29 16 2000.0
29 23 0.68560225
29 25 1.7555755
30 8 0.4057185
30 18 0.5467213
30 13 41.373524
30 33 8.198991
30 11 0.6563696
30 29 1.8233653
30 5 0.74961805
30 34 0.7853629
30 20 1.8020806
30 2 25.249079
30 14 6.8223195
30 37 16.11539
30 7 1.0099598
30 27 147.78409
30 16 1.6941278
30 23 0.9286323
30 25 14.077956
31 26 2000.0
31 6 0.12862842
31 10 2.344697
31 35 57.043182
31 22 160.0
31 9 0.029592926
31 4 0.06503735
31 17 1.1531799
31 19 0.08964233
32 24 0.26190817
32 12 4.822761
32 15 0.067343526
33 30 8.198991
33 8 2000.0
33 13 1.3127472
33 11 1.8570921
33 29 23.894215
33 5 2000.0
33 34 2000.0
33 20 1.2875537
33 2 1.9408628
33 14 1.3857198
33 7 2000.0
33 27 698.2386
33 16 2619.6023
33 25 0.6153217
34 30 0.7853629
34 20 0.82611907
34 8 20.868711
34 37 2000.0
34 7 2452.443
34 27 716.8182
34 16 73.97168
34 11 1.3755056
34 29 3.8433564
34 25 2.590922
34 5 1.5682518
35 21 0.034351714
35 31 57.043182
36 28 0.030458273
36 3 0.77412874
36 9 0.9722573
37 30 16.11539
37 0 1.6070231
37 8 0.911903
37 18 2.5373785
37 13 0.8079948
37 11 2.0646584
37 29 0.98217446
37 5 5.738964
37 20 2.1835077
37 2 1.0532008
37 7 5605.682
37 27 725.7955
37 16 2000.0
37 23 1.7151514
37 25 133.33334
