0 8 10.259981
0 2 0.58279955
0 37 1.8824011
0 13 1.9855005
0 29 8.816513
1 3 0.20514204
1 12 1094.9431
2 30 39.044704
2 0 0.58279955
2 8 4.1109877
2 18 26.084566
2 13 3.3813338
2 33 2.455445
2 11 1.8993486
2 29 1.9443651
2 20 3.0970907
2 37 2.230393
2 27 4.717523
2 16 2000.0
2 23 30.476192
2 25 3.163969
3 36 0.36270052
3 28 0.18094699
3 24 553.8462
3 12 0.060670268
3 1 0.20514204
3 9 0.47298703
4 31 0.07001463
4 9 0.08583653
4 17 0.1039681
4 19 0.08364899
5 30 0.8026515
5 8 2.1103425
5 18 0.65843475
5 13 400.0
5 11 5.1169558
5 29 3.817042
5 34 9.801304
5 20 2.933134
5 37 2000.0
5 7 16.830917
5 27 1.7682229
5 16 2.1162643
5 23 5.8754544
6 31 2.2711196
6 17 1.4804881
7 34 12.800223
7 30 2.5235388
7 20 2.0903192
7 8 69.08578
7 37 23.097382
7 27 150.64565
7 16 2.2827797
7 11 17.688553
7 23 1.7253788
7 25 15.0339775
7 5 16.830917
8 0 10.259981
8 30 0.7004731
8 18 1.6040978
8 13 2.4218745
8 11 2.654069
8 29 0.72351646
8 5 2.1103425
8 34 10.061777
8 2 4.1109877
8 37 1.7797437
8 7 69.08578
8 27 6.846853
8 16 1.441394
8 23 2.0212
9 36 1.0147964
9 26 2000.0
9 28 27.411364
9 10 4.3104196
9 22 0.3948138
9 31 0.030855939
9 3 0.47298703
9 17 0.059886362
9 4 0.08583653
9 19 0.07957792
10 26 0.04679383
10 28 0.58931386
10 24 0.074629106
10 31 0.03147003
10 12 5.052525
10 9 4.3104196
10 17 0.03943993
11 0 1672.2727
11 30 1.6459067
11 8 2.654069
11 18 7.4439654
11 13 0.8910632
11 33 3.28423
11 29 0.8304701
11 5 5.1169558
11 34 6.9448986
11 20 2.147624
11 2 1.8993486
11 37 6.9623513
11 7 17.688553
11 27 0.6358811
11 16 1.8258225
11 25 2.5339358
12 26 0.55610645
12 28 8.928795
12 32 0.24257216
12 10 5.052525
12 24 0.06966012
12 21 0.067379564
12 3 0.060670268
13 0 1.9855005
13 30 8.775929
13 8 2.4218745
13 18 720.00006
13 33 1.2606198
13 11 0.8910632
13 29 2.2247584
13 5 400.0
13 34 21.67944
13 20 0.73225814
13 2 3.3813338
13 14 6.5533233
13 37 16.23221
13 27 0.2311163
13 16 69.565216
13 25 0.78072995
14 20 2.8463159
14 13 6.5533233
14 33 0.91025203
14 27 3.8760839
14 11 2000.0
14 25 2.0154078
15 32 0.081684776
15 21 7.4804316
16 0 2000.0
16 30 1.3712083
16 8 1.441394
16 18 1.2716541
16 13 69.565216
16 11 1.8258225
16 29 196.61789
16 5 2.1162643
16 20 9.520739
16 37 39.62152
16 7 2.2827797
16 27 1.6965783
16 23 8.813705
16 25 2.1779354
17 26 2.270935
17 6 1.4804881
17 10 0.03943993
17 24 0.41971308
17 31 1.4965769
17 9 0.059886362
17 4 0.1039681
17 19 3.071023
18 30 0.783946
18 0 2000.0
18 8 1.6040978
18 13 720.00006
18 11 7.4439654
18 29 0.9682173
18 5 0.65843475
18 2 26.084566
18 37 1.9319218
18 7 2000.0
18 27 6.6182923
18 16 1.2716541
18 23 2.090034
19 22 136.18237
19 31 0.06503016
19 9 0.07957792
19 17 3.071023
19 4 0.08364899
20 0 2000.0
20 30 8.061945
20 13 0.73225814
20 33 2.2921805
20 11 2.147624
20 29 1.5534598
20 5 2.933134
20 34 1.6347907
20 2 3.0970907
20 14 2.8463159
20 37 22.118011
20 7 2.0903192
20 27 0.6143537
20 16 9.520739
20 25 1.1084651
21 32 2000.0
21 24 0.061939932
21 35 0.04803719
21 12 0.067379564
21 15 7.4804316
22 6 1055.7954
22 31 2000.0
22 9 0.3948138
22 19 136.18237
23 0 2000.0
23 30 2.2642367
23 2 30.476192
23 8 2.0212
23 37 7.6465836
23 18 2.090034
23 7 1.7253788
23 16 8.813705
23 11 2000.0
23 29 3.8281934
23 5 5.8754544
24 26 0.07568021
24 32 0.1237509
24 10 0.074629106
24 21 0.061939932
24 31 16.3419
24 12 0.06966012
24 3 553.8462
24 15 2000.0
24 17 0.41971308
25 0 2000.0
25 30 2.2005103
25 13 0.78072995
25 33 0.88707507
25 11 2.5339358
25 29 4.267998
25 34 4.581502
25 20 1.1084651
25 2 3.163969
25 14 2.0154078
25 37 61.75757
25 7 15.0339775
25 27 0.97226804
25 16 2.1779354
26 32 19.078924
26 28 0.051865533
26 10 0.04679383
26 24 0.07568021
26 31 0.058903042
26 12 0.55610645
26 17 2.270935
27 0 2000.0
27 30 0.22033104
27 8 6.846853
27 18 6.6182923
27 13 0.2311163
27 33 1.222624
27 11 0.6358811
27 29 0.5270644
27 5 1.7682229
27 34 1.1921234
27 20 0.6143537
27 2 4.717523
27 14 3.8760839
27 37 3.0441334
27 7 150.64565
27 16 1.6965783
27 25 0.97226804
28 36 0.041551664
28 26 0.051865533
28 10 0.58931386
28 3 0.18094699
28 12 8.928795
28 9 27.411364
29 0 8.816513
29 30 6.658928
29 8 0.72351646
29 18 0.9682173
29 13 2.2247584
29 11 0.8304701
29 5 3.817042
29 34 3.671115
29 20 1.5534598
29 2 1.9443651
29 37 1.5983468
29 7 2000.0
29 27 0.5270644
29 16 196.61789
29 23 3.8281934
29 25 4.267998
30 0 2000.0
30 8 0.7004731
30 18 0.783946
30 13 8.775929
30 33 2.8910167
30 11 1.6459067
30 29 6.658928
30 5 0.8026515
30 34 3.0941274
30 20 8.061945
30 2 39.044704
30 14 2000.0
30 37 20.579046
30 7 2.5235388
30 27 0.22033104
30 16 1.3712083
30 23 2.2642367
30 25 2.2005103
31 26 0.058903042
31 6 2.2711196
31 10 0.03147003
31 24 16.3419
31 9 0.030855939
31 17 1.4965769
31 4 0.07001463
31 19 0.06503016
32 26 19.078924
32 24 0.1237509
32 12 0.24257216
32 15 0.081684776
33 30 2.8910167
33 13 1.2606198
33 11 3.28423
33 29 2000.0
33 5 2000.0
33 34 2000.0
33 20 2.2921805
33 2 2.455445
33 14 0.91025203
33 7 2000.0
33 27 1.222624
33 16 2000.0
33 25 0.88707507
34 30 3.0941274
34 20 1.6347907
34 8 10.061777
34 7 12.800223
34 13 21.67944
34 27 1.1921234
34 16 2000.0
34 11 6.9448986
34 25 4.581502
34 29 3.671115
34 5 9.801304
35 21 0.04803719
36 26 2000.0
36 28 0.041551664
36 3 0.36270052
36 9 1.0147964
37 30 20.579046
37 0 1.8824011
37 8 1.7797437
37 18 1.9319218
37 13 16.23221
37 11 6.9623513
37 29 1.5983468
37 20 22.118011
37 2 2.230393
37 7 23.097382
37 27 3.0441334
37 16 39.62152
37 23 7.6465836
37 25 61.75757
