0 2 1.5421821
0 37 1.1417687
0 13 1.1071199
0 29 89.869804
0 25 13.92358
1 3 1.4268519
1 12 71.67046
2 30 10.507075
2 0 1.5421821
2 8 1.1650249
2 18 2.3028748
2 13 0.44465727
2 33 3.626445
2 11 1.5891342
2 29 1.7409477
2 20 4.0367093
2 37 0.96554756
2 27 0.98742294
2 16 2000.0
2 23 18.701298
2 25 0.41830757
3 36 0.8885133
3 28 14.938561
3 24 2000.0
3 12 0.062659085
3 1 1.4268519
3 9 0.5320729
4 31 0.06639877
4 9 0.09171735
4 17 0.12339587
4 19 0.06994048
5 30 0.8696914
5 8 0.70553154
5 18 0.5227273
5 13 59.312496
5 11 1.4878092
5 29 4.3458133
5 34 2.1254544
5 20 2.859205
5 37 16.383314
5 7 5.7451515
5 27 3.1798382
5 16 1.3562305
5 23 1.9171354
5 25 2000.0
6 31 0.15033147
6 17 1.5720598
7 30 0.7758725
7 20 41.410713
7 8 4.27953
7 16 1.7593046
7 11 284.66272
7 23 1.4893652
7 25 6.7980833
7 5 5.7451515
8 0 2000.0
8 30 0.61544436
8 18 1.1228987
8 13 1.915483
8 11 1.115014
8 29 0.83624876
8 5 0.70553154
8 34 17.09881
8 2 1.1650249
8 37 1.3057716
8 7 4.27953
8 27 1.8006979
8 16 1.4677337
8 23 1.0824449
8 25 2000.0
9 36 0.48224178
9 28 1.2041789
9 10 19.251337
9 22 0.059368
9 31 0.028069813
9 12 2000.0
9 3 0.5320729
9 4 0.09171735
9 17 0.040785156
9 19 0.06508344
10 26 0.031807628
10 28 0.2609156
10 24 0.08068778
10 31 12.651577
10 12 1143.8636
10 9 19.251337
10 17 0.029106755
11 0 2000.0
11 30 0.70336676
11 8 1.115014
11 18 9.051232
11 13 0.91519773
11 33 2.6830542
11 29 0.8407361
11 5 1.4878092
11 34 1.8445308
11 20 1.2229173
11 2 1.5891342
11 37 1.4872996
11 7 284.66272
11 27 0.8105903
11 16 1.0744396
11 25 0.6208799
12 26 1.0885781
12 32 11.301949
12 24 0.074337125
12 21 0.116293505
12 3 0.062659085
12 1 71.67046
13 30 60.90412
13 0 1.1071199
13 8 1.915483
13 18 66.02017
13 33 1.1140373
13 11 0.91519773
13 29 2.2934659
13 5 59.312496
13 34 5240.511
13 20 0.9924671
13 2 0.44465727
13 14 9.468836
13 37 2.1603837
13 7 2000.0
13 27 0.4240955
13 16 27.653004
13 25 0.24635865
14 30 9.054143
14 20 4.739846
14 13 9.468836
14 27 4.6121817
14 33 0.31699964
14 11 2000.0
14 25 1.7284392
15 32 0.07690193
15 21 9.3037195
16 30 1.1368165
16 0 2000.0
16 8 1.4677337
16 18 1.141231
16 13 27.653004
16 11 1.0744396
16 5 1.3562305
16 34 35.743282
16 20 49.07359
16 7 1.7593046
16 27 1.28803
16 23 2.7825313
16 25 1.0872054
17 6 1.5720598
17 26 1.6156843
17 10 0.029106755
17 24 0.19188598
17 31 0.9340733
17 9 0.040785156
17 4 0.12339587
17 19 44.311543
18 0 2000.0
18 30 0.6858941
18 8 1.1228987
18 13 66.02017
18 11 9.051232
18 29 1.0964292
18 5 0.5227273
18 2 2.3028748
18 37 2.5987911
18 7 2000.0
18 27 51.14196
18 16 1.141231
18 23 1.15098
19 31 0.06953879
19 9 0.06508344
19 4 0.06994048
19 17 44.311543
20 30 1.5644432
20 13 0.9924671
20 33 0.99805915
20 11 1.2229173
20 29 16.28954
20 5 2.859205
20 34 0.84135514
20 2 4.0367093
20 14 4.739846
20 37 3.1747794
20 7 41.410713
20 27 1.9777958
20 16 49.07359
20 25 0.40829027
21 32 2000.0
21 24 0.81991726
21 35 0.03082971
21 31 2000.0
21 12 0.116293505
21 15 9.3037195
22 31 180.00002
22 9 0.059368
22 19 2000.0
23 0 2000.0
23 30 2.1241858
23 8 1.0824449
23 2 18.701298
23 37 0.9600503
23 18 1.15098
23 7 1.4893652
23 16 2.7825313
23 11 2000.0
23 29 1.8274621
23 5 1.9171354
24 26 0.04732113
24 32 0.39051008
24 10 0.08068778
24 21 0.81991726
24 12 0.074337125
24 15 2000.0
24 17 0.19188598
25 30 13.477232
25 0 13.92358
25 13 0.24635865
25 33 0.80123514
25 11 0.6208799
25 29 1.7065771
25 34 2.4951947
25 20 0.40829027
25 2 0.41830757
25 14 1.7284392
25 37 173.17392
25 7 6.7980833
25 27 0.23077786
25 16 1.0872054
26 32 69.85942
26 28 0.10316987
26 10 0.031807628
26 24 0.04732113
26 31 0.11023094
26 12 1.0885781
26 17 1.6156843
27 30 0.25690103
27 0 2000.0
27 8 1.8006979
27 18 51.14196
27 13 0.4240955
27 33 1.1352862
27 11 0.8105903
27 29 0.8057821
27 5 3.1798382
27 34 1.1809027
27 20 1.9777958
27 2 0.98742294
27 14 4.6121817
27 37 1.4522853
27 7 2000.0
27 16 1.28803
27 25 0.23077786
28 36 0.0338926
28 26 0.10316987
28 10 0.2609156
28 12 1190.0568
28 3 14.938561
28 9 1.2041789
28 19 1371.0227
29 0 89.869804
29 30 1.8848455
29 8 0.83624876
29 18 1.0964292
29 13 2.2934659
29 33 30.206507
29 11 0.8407361
29 5 4.3458133
29 34 3.4877927
29 20 16.28954
29 2 1.7409477
29 37 1.155149
29 7 2000.0
29 27 0.8057821
29 16 2000.0
29 23 1.8274621
29 25 1.7065771
30 8 0.61544436
30 18 0.6858941
30 13 60.90412
30 33 13.731361
30 11 0.70336676
30 29 1.8848455
30 5 0.8696914
30 34 0.99140877
30 20 1.5644432
30 2 10.507075
30 14 9.054143
30 37 21.680302
30 7 0.7758725
30 27 0.25690103
30 16 1.1368165
30 23 2.1241858
30 25 13.477232
31 26 0.11023094
31 6 0.15033147
31 10 12.651577
31 35 26.696262
31 22 180.00002
31 9 0.028069813
31 4 0.06639877
31 17 0.9340733
31 19 0.06953879
32 26 69.85942
32 24 0.39051008
32 12 11.301949
32 15 0.07690193
33 30 13.731361
33 8 2000.0
33 13 1.1140373
33 11 2.6830542
33 29 30.206507
33 5 2000.0
33 34 2000.0
33 20 0.99805915
33 2 3.626445
33 14 0.31699964
33 7 2000.0
33 27 1.1352862
33 16 3017.898
33 25 0.80123514
34 30 0.99140877
34 20 0.84135514
34 8 17.09881
34 37 2000.0
34 7 2000.0
34 27 1.1809027
34 16 35.743282
34 11 1.8445308
34 29 3.4877927
34 25 2.4951947
34 5 2.1254544
35 21 0.03082971
35 31 26.696262
36 28 0.0338926
36 3 0.8885133
36 9 0.48224178
37 30 21.680302
37 0 1.1417687
37 8 1.3057716
37 18 2.5987911
37 13 2.1603837
37 11 1.4872996
37 29 1.155149
37 5 16.383314
37 20 3.1747794
37 2 0.96554756
37 7 347.89606
37 27 1.4522853
37 16 2000.0
37 23 0.9600503
37 25 173.17392
