0 8 9.818181
0 2 1.5646763
0 37 0.9599816
0 13 0.9600921
0 11 69.44444
0 29 8.571429
1 3 0.2087003
1 12 17.173702
2 30 43.81811
2 0 1.5646763
2 8 1.9840004
2 18 25.790138
2 13 0.65620524
2 33 2.1730185
2 11 2.250039
2 29 1.1382469
2 20 6.0679317
2 37 1.353608
2 27 1.8568344
2 23 54.14078
2 25 2.7837968
3 36 0.37455326
3 28 0.07008305
3 24 169.0038
3 12 0.055709746
3 1 0.2087003
3 9 0.5307892
4 31 0.08940167
4 9 0.07697214
4 17 0.0995283
4 19 0.08559986
5 34 1.3132931
5 30 0.6289889
5 20 4.816617
5 8 0.64737433
5 37 2000.0
5 18 0.41045573
5 7 10.708604
5 27 2.6912923
5 16 1.4852362
5 23 4.8804817
5 11 9.482878
5 29 6.4752483
6 24 2000.0
6 22 156.48457
6 31 0.42143917
6 17 0.7491571
7 34 9.222633
7 30 1.1875421
7 20 2.688992
7 8 1648.0778
7 37 26.14164
7 16 1.415804
7 11 23.955734
7 23 1.8258016
7 25 10.631181
7 5 10.708604
8 0 9.818181
8 30 1.4587362
8 18 1.0281699
8 13 8.991098
8 11 0.3584906
8 29 0.88538957
8 5 0.64737433
8 34 2.4463034
8 2 1.9840004
8 37 1.0944409
8 7 1648.0778
8 27 3.0804014
8 16 1.2890689
8 23 1.1504115
9 36 2.4101098
9 26 2000.0
9 28 1.3714962
9 10 11.026136
9 22 0.052241948
9 31 0.042591352
9 3 0.5307892
9 12 2000.0
9 17 0.037784092
9 4 0.07697214
9 19 0.07105067
10 26 0.0309901
10 28 0.122341335
10 24 0.032641068
10 31 0.036506355
10 12 1.5513806
10 9 11.026136
10 17 0.030039122
11 0 69.44444
11 30 0.94346696
11 8 0.3584906
11 18 11.811331
11 13 1.0606865
11 33 3.3951137
11 29 0.98558074
11 5 9.482878
11 34 2.7447603
11 20 1.7388164
11 2 2.250039
11 37 2.4443905
11 7 23.955734
11 27 0.8357038
11 16 0.95990336
11 25 2.0246518
12 26 5.9689646
12 28 6.0718966
12 32 0.23999752
12 10 1.5513806
12 24 0.088321604
12 21 0.09107644
12 3 0.055709746
12 1 17.173702
13 30 3.3154461
13 0 0.9600921
13 8 8.991098
13 18 165.90341
13 33 0.8727651
13 11 1.0606865
13 29 0.79490936
13 5 2000.0
13 34 22.529095
13 20 0.82584435
13 2 0.65620524
13 14 4.4126444
13 37 2.244542
13 27 1.3356884
13 16 114.28571
13 25 0.8520408
14 20 1.748782
14 13 4.4126444
14 27 4.679159
14 33 0.6507416
14 11 2000.0
14 25 4.43883
15 32 0.0686866
15 21 4.611725
16 0 2000.0
16 30 1.1586697
16 8 1.2890689
16 18 0.7259064
16 13 114.28571
16 11 0.95990336
16 29 41.830826
16 5 1.4852362
16 20 17.22946
16 37 21.578905
16 7 1.415804
16 27 1.7033634
16 23 10.419507
16 25 1.1750318
17 26 1.8038769
17 6 0.7491571
17 10 0.030039122
17 24 0.20169564
17 31 1.1077583
17 9 0.037784092
17 4 0.0995283
17 19 3.5549645
18 30 0.6993118
18 2 25.790138
18 8 1.0281699
18 37 1.0507843
18 13 165.90341
18 7 2000.0
18 27 2.96589
18 16 0.7259064
18 23 1.5485555
18 11 11.811331
18 29 1.3493768
18 5 0.41045573
19 22 115.851524
19 31 0.0791435
19 9 0.07105067
19 17 3.5549645
19 4 0.08559986
20 30 29.708212
20 13 0.82584435
20 33 1.1104027
20 11 1.7388164
20 29 12.300569
20 5 4.816617
20 34 0.87458354
20 2 6.0679317
20 14 1.748782
20 37 4.1473083
20 7 2.688992
20 27 0.57299125
20 16 17.22946
20 25 0.53267294
21 32 480.00003
21 10 2000.0
21 24 0.21034957
21 35 0.03793988
21 12 0.09107644
21 15 4.611725
22 6 156.48457
22 31 1165.3977
22 9 0.052241948
22 19 115.851524
23 0 2000.0
23 30 2.2155976
23 2 54.14078
23 8 1.1504115
23 37 2.136113
23 18 1.5485555
23 7 1.8258016
23 16 10.419507
23 11 2000.0
23 29 3.4508727
23 5 4.8804817
24 26 0.05127005
24 32 0.0896647
24 10 0.032641068
24 21 0.21034957
24 31 6.208083
24 3 169.0038
24 12 0.088321604
24 15 2000.0
24 17 0.20169564
25 30 5.847232
25 13 0.8520408
25 33 0.8435827
25 11 2.0246518
25 29 4.4469266
25 34 3.5482516
25 20 0.53267294
25 2 2.7837968
25 14 4.43883
25 37 560.84357
25 7 10.631181
25 27 1.2870196
25 16 1.1750318
26 36 245.71915
26 32 23.482954
26 28 0.087329894
26 10 0.0309901
26 24 0.05127005
26 31 0.08012106
26 12 5.9689646
26 17 1.8038769
27 0 2000.0
27 30 0.35539046
27 8 3.0804014
27 18 2.96589
27 13 1.3356884
27 33 0.9395939
27 11 0.8357038
27 29 1.2400625
27 5 2.6912923
27 34 1.1241531
27 20 0.57299125
27 2 1.8568344
27 14 4.679159
27 37 1.9574405
27 7 3489.6023
27 16 1.7033634
27 25 1.2870196
28 36 0.037624296
28 26 0.087329894
28 10 0.122341335
28 3 0.07008305
28 12 6.0718966
28 9 1.3714962
29 0 8.571429
29 30 4.461869
29 8 0.88538957
29 18 1.3493768
29 13 0.79490936
29 11 0.98558074
29 5 6.4752483
29 34 10.6835
29 20 12.300569
29 2 1.1382469
29 37 1.0767273
29 7 2000.0
29 27 1.2400625
29 16 41.830826
29 23 3.4508727
29 25 4.4469266
30 0 2000.0
30 8 1.4587362
30 18 0.6993118
30 13 3.3154461
30 33 2.2821972
30 11 0.94346696
30 29 4.461869
30 5 0.6289889
30 34 1.0094519
30 20 29.708212
30 2 43.81811
30 37 14.385616
30 7 1.1875421
30 27 0.35539046
30 16 1.1586697
30 23 2.2155976
30 25 5.847232
31 26 0.08012106
31 6 0.42143917
31 10 0.036506355
31 24 6.208083
31 9 0.042591352
31 17 1.1077583
31 4 0.08940167
31 19 0.0791435
32 26 23.482954
32 24 0.0896647
32 21 480.00003
32 12 0.23999752
32 15 0.0686866
33 34 2000.0
33 30 2.2821972
33 20 1.1104027
33 2 2.1730185
33 14 0.6507416
33 7 2000.0
33 13 0.8727651
33 27 0.9395939
33 16 2226.3638
33 11 3.3951137
33 29 1349.034
33 25 0.8435827
34 30 1.0094519
34 20 0.87458354
34 8 2.4463034
34 13 22.529095
34 7 9.222633
34 27 1.1241531
34 16 1215.0568
34 11 2.7447603
34 25 3.5482516
34 29 10.6835
34 5 1.3132931
35 21 0.03793988
36 26 245.71915
36 28 0.037624296
36 3 0.37455326
36 9 2.4101098
37 30 14.385616
37 0 0.9599816
37 8 1.0944409
37 18 1.0507843
37 13 2.244542
37 11 2.4443905
37 29 1.0767273
37 20 4.1473083
37 2 1.353608
37 7 26.14164
37 27 1.9574405
37 16 21.578905
37 23 2.136113
37 25 560.84357
