0 2 0.90210706
0 37 2.3172128
0 13 0.81071144
0 29 11.869002
0 25 36.815117
1 3 0.55405843
1 12 14.305665
2 30 20.10461
2 0 0.90210706
2 8 1.3787959
2 18 2.1819558
2 13 0.6206909
2 33 2.984202
2 11 2.3897727
2 29 1.3672961
2 20 3.915329
2 37 0.87014055
2 27 692.89777
2 16 2000.0
2 23 18.504883
2 25 0.3876577
3 36 1.3770953
3 28 147.93459
3 24 2000.0
3 12 0.092153445
3 1 0.55405843
3 9 0.88532764
4 31 0.068614505
4 9 0.082880035
4 17 0.12598161
4 19 0.07233359
5 30 0.64588577
5 8 0.6615737
5 18 1.1138613
5 13 32.790195
5 11 1.3941091
5 29 3.2018032
5 34 2.047789
5 20 3.0132766
5 37 12.650214
5 7 10.21107
5 27 779.5454
5 16 2.1054103
5 23 4.7205863
5 25 2000.0
6 31 0.10166666
6 17 1.4519231
7 30 0.70835364
7 20 37.46364
7 8 6.036278
7 16 1.2376473
7 23 1.294447
7 11 128.57143
7 25 4.378831
7 5 10.21107
8 0 2000.0
8 30 0.44416696
8 18 1.0203098
8 13 1.729447
8 11 0.9032201
8 29 0.62051135
8 5 0.6615737
8 34 18.436993
8 2 1.3787959
8 37 0.97643465
8 7 6.036278
8 27 1067.7273
8 16 2.1726844
8 23 1.1891733
8 25 2000.0
9 36 0.6045198
9 26 2000.0
9 28 1.3515375
9 10 7.325975
9 22 0.058265503
9 31 0.029949797
9 12 2000.0
9 3 0.88532764
9 4 0.082880035
9 17 0.08551587
9 19 0.102149874
10 26 35.795452
10 28 0.21554253
10 24 0.0888001
10 31 1.9371612
10 12 85.83796
10 9 7.325975
10 17 0.030377148
11 0 2000.0
11 30 0.8336012
11 8 0.9032201
11 18 3.414519
11 13 1.0639317
11 33 6.587074
11 29 0.9525331
11 5 1.3941091
11 34 2.8332913
11 20 1.2157419
11 2 2.3897727
11 37 1.3273193
11 7 128.57143
11 27 692.89777
11 16 0.90341944
11 25 0.63093126
12 26 2000.0
12 32 5.1689816
12 10 85.83796
12 24 0.083669
12 21 0.093106665
12 3 0.092153445
12 1 14.305665
13 30 26.1704
13 0 0.81071144
13 8 1.729447
13 18 31.634342
13 33 1.276185
13 11 1.0639317
13 29 1.1711543
13 5 32.790195
13 34 156.50082
13 20 1.6349766
13 2 0.6206909
13 14 5.1295924
13 37 1.2604741
13 7 2000.0
13 27 150.96591
13 16 66.33355
13 25 0.26548374
14 34 2000.0
14 30 10.396634
14 20 1.6957237
14 13 5.1295924
14 27 5234.1475
14 33 0.41766334
14 11 2000.0
14 25 2.8272521
15 32 0.0848577
15 21 15.280484
16 34 23.078709
16 30 1.0670851
16 20 67.71222
16 8 2.1726844
16 18 1.0132055
16 13 66.33355
16 7 1.2376473
16 27 1119.8296
16 11 0.90341944
16 23 2.7779737
16 25 0.8537458
16 5 2.1054103
17 6 1.4519231
17 26 1034.8864
17 10 0.030377148
17 24 0.06599477
17 31 0.9519552
17 9 0.08551587
17 4 0.12598161
17 19 25.766886
18 0 2000.0
18 30 0.4758557
18 8 1.0203098
18 2 2.1819558
18 37 3.9094977
18 13 31.634342
18 27 2000.0
18 16 1.0132055
18 11 3.414519
18 23 0.9289646
18 29 1.334735
18 5 1.1138613
19 28 72.293076
19 31 0.08330774
19 9 0.102149874
19 17 25.766886
19 4 0.07233359
20 30 1.6773655
20 13 1.6349766
20 33 1.0302448
20 11 1.2157419
20 29 6.780627
20 5 3.0132766
20 34 0.89859426
20 2 3.915329
20 14 1.6957237
20 37 2.700675
20 7 37.46364
20 27 957.6705
20 16 67.71222
20 25 0.51523316
21 32 2000.0
21 24 1.5995672
21 35 0.034814887
21 31 2000.0
21 12 0.093106665
21 15 15.280484
22 31 150.0
22 9 0.058265503
22 19 2000.0
23 0 2000.0
23 30 3.8307781
23 8 1.1891733
23 2 18.504883
23 37 1.2412027
23 18 0.9289646
23 7 1.294447
23 16 2.7779737
23 11 2000.0
23 29 2.5048459
23 5 4.7205863
24 26 37.045452
24 32 0.16282547
24 10 0.0888001
24 21 1.5995672
24 12 0.083669
24 17 0.06599477
25 0 36.815117
25 30 9.2138405
25 13 0.26548374
25 33 0.7382308
25 11 0.63093126
25 29 1.849116
25 34 2.2683396
25 20 0.51523316
25 2 0.3876577
25 14 2.8272521
25 37 47.772934
25 7 4.378831
25 27 229.14774
25 16 0.8537458
28 36 0.0349851
28 26 51.81818
28 10 0.21554253
28 12 1222.3295
28 3 147.93459
28 9 1.3515375
28 19 72.293076
29 0 11.869002
29 30 1.7452414
29 8 0.62051135
29 18 1.334735
29 13 1.1711543
29 33 19.078663
29 11 0.9525331
29 5 3.2018032
29 34 4.8873105
29 20 6.780627
29 2 1.3672961
29 37 0.7813514
29 7 2000.0
29 27 1898.9204
29 16 2000.0
29 23 2.5048459
29 25 1.849116
30 8 0.44416696
30 18 0.4758557
30 13 26.1704
30 33 16.29779
30 11 0.8336012
30 29 1.7452414
30 5 0.64588577
30 34 0.874902
30 20 1.6773655
30 2 20.10461
30 14 10.396634
30 37 22.055664
30 7 0.70835364
30 27 147.78409
30 16 1.0670851
30 23 3.8307781
30 25 9.2138405
31 26 79.88636
31 6 0.10166666
31 10 1.9371612
31 35 71.0482
31 22 150.0
31 9 0.029949797
31 4 0.068614505
31 17 0.9519552
31 19 0.08330774
32 26 2000.0
32 24 0.16282547
32 21 2000.0
32 12 5.1689816
32 15 0.0848577
33 30 16.29779
33 8 2000.0
33 13 1.276185
33 11 6.587074
33 29 19.078663
33 34 2000.0
33 20 1.0302448
33 2 2.984202
33 14 0.41766334
33 7 2000.0
33 27 698.2386
33 16 2422.443
33 25 0.7382308
34 30 0.874902
34 20 0.89859426
34 8 18.436993
34 37 2000.0
34 7 2000.0
34 13 156.50082
34 27 716.8182
34 16 23.078709
34 11 2.8332913
34 29 4.8873105
34 25 2.2683396
34 5 2.047789
35 21 0.034814887
35 31 71.0482
36 28 0.0349851
36 3 1.3770953
36 9 0.6045198
37 30 22.055664
37 0 2.3172128
37 8 0.97643465
37 18 3.9094977
37 13 1.2604741
37 11 1.3273193
37 29 0.7813514
37 5 12.650214
37 20 2.700675
37 2 0.87014055
37 7 3070.5112
37 27 725.7955
37 16 2000.0
37 23 1.2412027
37 25 47.772934
