0 8 9.00422
0 2 0.83928514
0 37 0.89824754
0 13 0.56962556
0 11 266.6667
0 25 800.0
0 29 3.7723515
1 3 0.222027
1 12 78.28296
2 30 16.049107
2 0 0.83928514
2 8 1.4140624
2 18 4.364456
2 13 0.34332803
2 33 3.2390509
2 11 0.47573134
2 29 1.5783749
2 20 1.4062707
2 37 0.88239634
2 27 0.7483885
2 23 24.242424
2 25 2.5796049
3 36 0.24920577
3 28 0.09679383
3 24 2000.0
3 12 0.0580927
3 1 0.222027
3 9 0.43638226
4 31 0.08229162
4 9 0.071107954
4 17 0.07903418
4 19 0.08173887
5 34 5.7479076
5 30 0.48239586
5 20 3.0927246
5 8 0.5393845
5 37 2000.0
5 18 0.66573745
5 7 9.858902
5 27 1.9358056
5 16 1.6360043
5 23 6.328581
5 11 1.4364692
5 29 3.1333888
6 22 92.35229
6 31 0.99283296
6 17 1.3757473
7 34 12.9810295
7 30 0.67613643
7 20 1.2026981
7 8 215.84444
7 37 16.735535
7 27 205.48457
7 16 1.2619148
7 11 10.770713
7 23 1.0995378
7 25 10.8126135
7 5 9.858902
8 0 9.00422
8 30 1.1846402
8 18 1.3421586
8 13 3.2443705
8 11 0.65592015
8 29 0.76773536
8 5 0.5393845
8 34 6.2525597
8 2 1.4140624
8 37 1.1205148
8 7 215.84444
8 27 1.3506545
8 16 1.4295273
8 23 0.83833194
9 36 1.3850453
9 26 2000.0
9 28 9.1145315
9 10 3.4469059
9 22 0.86023664
9 31 0.031142402
9 3 0.43638226
9 17 0.0763506
9 4 0.071107954
9 19 0.067317754
10 26 0.045556705
10 28 1.0211616
10 24 0.07673838
10 31 0.031988055
10 12 3.761631
10 9 3.4469059
10 17 0.02983398
11 0 266.6667
11 30 0.37059173
11 8 0.65592015
11 18 5.2632556
11 13 0.50305766
11 33 2.2790685
11 29 0.6338282
11 5 1.4364692
11 34 2.9180832
11 20 0.6809625
11 2 0.47573134
11 37 1.8130387
11 7 10.770713
11 27 0.42922112
11 16 0.783073
11 25 1.6096381
12 26 0.8535124
12 28 3.6249356
12 32 0.29914775
12 10 3.761631
12 24 0.09461584
12 21 0.0682363
12 3 0.0580927
12 1 78.28296
13 30 1.2694187
13 0 0.56962556
13 8 3.2443705
13 18 171.42856
13 33 0.8376488
13 11 0.50305766
13 29 0.7958553
13 5 2000.0
13 34 11.406595
13 20 0.45077476
13 2 0.34332803
13 14 3.0406365
13 37 2.4855132
13 27 0.2145644
13 16 118.2606
13 25 0.59322983
14 20 1.4820921
14 13 3.0406365
14 33 0.44730744
14 27 3.130831
14 11 2000.0
14 25 1.6645622
15 32 0.06916434
15 21 12.649434
16 0 2000.0
16 30 1.1224309
16 8 1.4295273
16 18 0.5660907
16 13 118.2606
16 11 0.783073
16 29 326.63824
16 5 1.6360043
16 20 6.330192
16 37 87.59591
16 7 1.2619148
16 27 1.618717
16 23 4.629599
16 25 1.5384029
17 26 1.967962
17 6 1.3757473
17 10 0.02983398
17 24 0.21890111
17 31 1.2232125
17 9 0.0763506
17 4 0.07903418
17 19 3.0099025
18 30 0.72179097
18 2 4.364456
18 8 1.3421586
18 37 0.971358
18 13 171.42856
18 7 2000.0
18 27 5.032836
18 16 0.5660907
18 23 1.5043628
18 11 5.2632556
18 29 0.9060431
18 5 0.66573745
19 31 0.071526155
19 9 0.067317754
19 17 3.0099025
19 4 0.08173887
20 0 2000.0
20 30 11.114317
20 13 0.45077476
20 33 1.4629797
20 11 0.6809625
20 29 1.9582752
20 5 3.0927246
20 34 1.0381603
20 2 1.4062707
20 14 1.4820921
20 37 10.595421
20 7 1.2026981
20 27 0.46495083
20 16 6.330192
20 25 1.0854946
21 32 2000.0
21 10 2000.0
21 24 0.061219595
21 35 0.042672824
21 12 0.0682363
21 15 12.649434
22 6 92.35229
22 31 1121.8182
22 9 0.86023664
22 19 1594.4319
23 0 2000.0
23 30 3.0754468
23 2 24.242424
23 8 0.83833194
23 37 2.3601878
23 18 1.5043628
23 7 1.0995378
23 16 4.629599
23 11 2000.0
23 29 1.543628
23 5 6.328581
24 26 0.090507455
24 32 0.11330404
24 10 0.07673838
24 21 0.061219595
24 31 21.038042
24 12 0.09461584
24 15 2000.0
24 17 0.21890111
25 0 800.0
25 30 15.197668
25 13 0.59322983
25 33 0.53729105
25 11 1.6096381
25 29 2.002814
25 34 4.772684
25 20 1.0854946
25 2 2.5796049
25 14 1.6645622
25 37 19.723131
25 7 10.8126135
25 27 0.8515405
25 16 1.5384029
26 32 70.723366
26 28 0.041915055
26 10 0.045556705
26 24 0.090507455
26 31 0.07190032
26 12 0.8535124
26 17 1.967962
27 0 2000.0
27 30 0.18040448
27 8 1.3506545
27 18 5.032836
27 13 0.2145644
27 33 1.0257185
27 11 0.42922112
27 29 0.52650297
27 5 1.9358056
27 34 3.0081666
27 20 0.46495083
27 2 0.7483885
27 14 3.130831
27 37 2.0526066
27 7 205.48457
27 16 1.618717
27 25 0.8515405
28 36 0.04468344
28 26 0.041915055
28 10 1.0211616
28 3 0.09679383
28 12 3.6249356
28 9 9.1145315
29 0 3.7723515
29 30 4.6309566
29 8 0.76773536
29 18 0.9060431
29 13 0.7958553
29 11 0.6338282
29 5 3.1333888
29 34 6.08915
29 20 1.9582752
29 2 1.5783749
29 37 1.2893939
29 7 2000.0
29 27 0.52650297
29 16 326.63824
29 23 1.543628
29 25 2.002814
30 0 2000.0
30 8 1.1846402
30 18 0.72179097
30 13 1.2694187
30 33 1.9703933
30 11 0.37059173
30 29 4.6309566
30 5 0.48239586
30 34 2.62066
30 20 11.114317
30 2 16.049107
30 14 2000.0
30 37 8.535121
30 7 0.67613643
30 27 0.18040448
30 16 1.1224309
30 23 3.0754468
30 25 15.197668
31 26 0.07190032
31 6 0.99283296
31 10 0.031988055
31 24 21.038042
31 9 0.031142402
31 17 1.2232125
31 4 0.08229162
31 19 0.071526155
32 26 70.723366
32 24 0.11330404
32 12 0.29914775
32 15 0.06916434
33 30 1.9703933
33 13 0.8376488
33 11 2.2790685
33 29 2382.1023
33 5 2000.0
33 34 2000.0
33 20 1.4629797
33 2 3.2390509
33 14 0.44730744
33 7 2000.0
33 27 1.0257185
33 16 2000.0
33 25 0.53729105
34 30 2.62066
34 20 1.0381603
34 8 6.2525597
34 7 12.9810295
34 13 11.406595
34 27 3.0081666
34 16 2536.0227
34 11 2.9180832
34 25 4.772684
34 29 6.08915
34 5 5.7479076
35 21 0.042672824
36 26 2000.0
36 28 0.04468344
36 3 0.24920577
36 9 1.3850453
37 30 8.535121
37 0 0.89824754
37 8 1.1205148
37 18 0.971358
37 13 2.4855132
37 11 1.8130387
37 29 1.2893939
37 20 10.595421
37 2 0.88239634
37 7 16.735535
37 27 2.0526066
37 16 87.59591
37 23 2.3601878
37 25 19.723131
