0 2 0.83505255
0 37 1.8311845
0 13 0.78785866
0 29 87.89463
0 25 63.02024
1 3 1.7723066
1 12 67.80459
2 30 25.01718
2 0 0.83505255
2 8 1.2471184
2 18 2.1647727
2 13 0.55213267
2 33 1.8092815
2 11 1.5347846
2 29 1.2272631
2 20 3.1271532
2 37 0.91636956
2 27 1.4635695
2 16 2000.0
2 23 17.674929
2 25 0.68578595
3 36 0.22466414
3 28 15.3473015
3 24 2000.0
3 12 0.06655931
3 1 1.7723066
3 9 0.8175738
4 31 0.08391257
4 9 0.1182936
4 17 0.16912477
4 19 0.06760493
5 30 0.8197506
5 8 1.0620441
5 18 1.2315682
5 13 32.566124
5 11 4.712052
5 29 3.6401513
5 34 3.1647387
5 20 2.2405212
5 37 16.75107
5 7 15.451101
5 27 1.3964791
5 16 1.9038788
5 23 7.7274
5 25 2000.0
6 31 0.21009687
6 17 1.6048274
7 34 378.94742
7 30 1.1247816
7 20 145.44666
7 8 3.097051
7 16 1.8849152
7 11 73.843475
7 23 1.7616261
7 25 1.1810385
7 5 15.451101
8 0 2000.0
8 30 0.5718668
8 18 1.3736422
8 13 1.2458615
8 11 2.0016775
8 29 0.9368829
8 5 1.0620441
8 34 28.457264
8 2 1.2471184
8 37 1.3013772
8 7 3.097051
8 27 1.276343
8 16 1.5866281
8 23 1.3642676
8 25 2000.0
9 36 0.45200312
9 26 2000.0
9 28 2.3565536
9 10 10.79723
9 22 0.054189395
9 31 0.030985074
9 3 0.8175738
9 12 2000.0
9 4 0.1182936
9 17 0.0340819
9 19 0.07967376
10 26 0.029464222
10 28 0.81275916
10 24 0.061141305
10 31 15.181641
10 12 95.52208
10 9 10.79723
10 17 0.032423623
11 0 2000.0
11 30 1.1322969
11 8 2.0016775
11 18 12.040452
11 13 1.2496414
11 33 2.4848745
11 29 1.5651752
11 5 4.712052
11 34 4.601828
11 20 1.6655992
11 2 1.5347846
11 37 1.9759591
11 7 73.843475
11 27 0.82443935
11 16 1.6071429
11 25 1.0248572
12 26 1.1034043
12 32 2.834928
12 10 95.52208
12 24 0.07743643
12 21 0.12999037
12 3 0.06655931
12 1 67.80459
13 30 87.69378
13 0 0.78785866
13 8 1.2458615
13 18 53.697193
13 33 1.1341163
13 11 1.2496414
13 29 0.8635216
13 5 32.566124
13 34 156.08197
13 20 1.6799423
13 2 0.55213267
13 14 8.377899
13 37 1.048754
13 7 2000.0
13 27 0.6393119
13 16 68.23318
13 25 0.40434375
14 30 11.42228
14 20 4.71423
14 13 8.377899
14 27 9.821321
14 33 0.4774004
14 11 2000.0
14 25 4.8391056
15 32 0.08093487
15 21 8.291699
16 30 1.179135
16 0 2000.0
16 8 1.5866281
16 18 1.27146
16 13 68.23318
16 11 1.6071429
16 5 1.9038788
16 34 102.959335
16 20 58.418594
16 7 1.8849152
16 27 1.2520189
16 23 2.6683528
16 25 1.350612
17 6 1.6048274
17 26 1.5555999
17 10 0.032423623
17 24 0.10455198
17 31 0.9993946
17 9 0.0340819
17 4 0.16912477
17 19 37.709766
18 0 2000.0
18 30 0.98935413
18 8 1.3736422
18 13 53.697193
18 11 12.040452
18 29 1.6562868
18 5 1.2315682
18 2 2.1647727
18 37 2.4122884
18 7 2000.0
18 27 26.77805
18 16 1.27146
18 23 1.5701543
19 31 0.07551019
19 9 0.07967376
19 17 37.709766
19 4 0.06760493
20 30 1.775439
20 13 1.6799423
20 33 1.58617
20 11 1.6655992
20 29 7.944991
20 5 2.2405212
20 34 1.6358818
20 2 3.1271532
20 14 4.71423
20 37 2.535221
20 7 145.44666
20 27 3.0895798
20 16 58.418594
20 25 0.78402233
21 26 2000.0
21 32 2000.0
21 24 0.82619935
21 35 0.034344018
21 12 0.12999037
21 15 8.291699
24 26 0.048329215
24 32 0.24228112
24 10 0.061141305
24 21 0.82619935
24 12 0.07743643
24 15 2000.0
24 17 0.10455198
25 30 15.421401
25 0 63.02024
25 13 0.40434375
25 33 0.86796635
25 11 1.0248572
25 29 2.6048014
25 34 4.0344872
25 20 0.78402233
25 2 0.68578595
25 14 4.8391056
25 37 57.948147
25 7 1.1810385
25 27 0.2630547
25 16 1.350612
26 32 80.0
26 28 0.06534529
26 10 0.029464222
26 24 0.048329215
26 31 0.14052406
26 12 1.1034043
26 17 1.5555999
27 30 0.29170936
27 0 2000.0
27 8 1.276343
27 18 26.77805
27 13 0.6393119
27 33 0.9288266
27 11 0.82443935
27 29 0.7786017
27 5 1.3964791
27 34 1.4061605
27 20 3.0895798
27 2 1.4635695
27 14 9.821321
27 37 1.49786
27 7 2000.0
27 16 1.2520189
27 25 0.2630547
28 36 0.035686385
28 26 0.06534529
28 10 0.81275916
28 3 15.3473015
28 12 1145.7386
28 9 2.3565536
28 19 1372.6136
29 0 87.89463
29 30 2.4511325
29 8 0.9368829
29 18 1.6562868
29 13 0.8635216
29 33 8.556697
29 11 1.5651752
29 5 3.6401513
29 34 3.1684248
29 20 7.944991
29 2 1.2272631
29 37 0.75611025
29 7 2000.0
29 27 0.7786017
29 16 2000.0
29 23 1.3569081
29 25 2.6048014
30 8 0.5718668
30 18 0.98935413
30 13 87.69378
30 33 8.052046
30 11 1.1322969
30 29 2.4511325
30 5 0.8197506
30 34 1.7978575
30 20 1.775439
30 2 25.01718
30 14 11.42228
30 37 40.45739
30 7 1.1247816
30 27 0.29170936
30 16 1.179135
30 23 2.1892674
30 25 15.421401
31 26 0.14052406
31 6 0.21009687
31 10 15.181641
31 35 160.0
31 22 2000.0
31 9 0.030985074
31 4 0.08391257
31 17 0.9993946
31 19 0.07551019
32 26 80.0
32 24 0.24228112
32 12 2.834928
32 15 0.08093487
33 30 8.052046
33 8 2000.0
33 13 1.1341163
33 11 2.4848745
33 29 8.556697
33 5 2000.0
33 34 2000.0
33 20 1.58617
33 2 1.8092815
33 14 0.4774004
33 7 2000.0
33 27 0.9288266
33 16 3017.898
33 25 0.86796635
34 30 1.7978575
34 20 1.6358818
34 8 28.457264
34 37 2000.0
34 13 156.08197
34 7 378.94742
34 27 1.4061605
34 16 102.959335
34 11 4.601828
34 29 3.1684248
34 25 4.0344872
34 5 3.1647387
35 21 0.034344018
35 31 160.0
36 28 0.035686385
36 3 0.22466414
36 9 0.45200312
37 30 40.45739
37 0 1.8311845
37 8 1.3013772
37 18 2.4122884
37 13 1.048754
37 11 1.9759591
37 29 0.75611025
37 5 16.75107
37 20 2.535221
37 2 0.91636956
37 7 1691.9886
37 27 1.49786
37 16 2000.0
37 23 2.552656
37 25 57.948147
