0 8 7.9628706
0 2 1.716417
0 37 1.1164448
0 13 0.6255856
0 11 323.65485
0 29 6.2574835
1 3 0.35740465
1 12 34.901394
2 30 12.045744
2 0 1.716417
2 8 1.36972
2 18 17.950384
2 13 0.76231056
2 33 3.0619075
2 11 2.2533526
2 29 0.84183615
2 20 3.4802117
2 37 1.2442893
2 27 1.6892673
2 16 2000.0
2 23 30.172768
2 25 2.7743177
3 36 0.2935217
3 28 0.07317874
3 24 2000.0
3 12 0.056428194
3 1 0.35740465
3 9 0.6461956
4 31 0.08142527
4 9 0.06856661
4 17 0.1109944
4 19 0.07875524
5 30 0.51276964
5 8 0.6563973
5 18 0.36800456
5 13 219.5183
5 11 2.332114
5 29 3.3116632
5 34 1.4168164
5 20 2.7249238
5 37 2000.0
5 7 5.7929516
5 27 1.581931
5 16 1.5376186
5 23 6.469694
6 22 174.72641
6 31 0.9303636
6 17 1.0523622
7 34 12.361163
7 30 0.89055055
7 20 1.7356294
7 8 38.17932
7 37 20.514473
7 27 387.1038
7 16 1.1597341
7 11 11.426045
7 23 1.3709873
7 25 4.6294765
7 5 5.7929516
8 0 7.9628706
8 30 0.7419458
8 18 1.0649003
8 13 1.851124
8 11 0.7580894
8 29 0.8018276
8 5 0.6563973
8 34 2.8223486
8 2 1.36972
8 37 0.9891329
8 7 38.17932
8 27 1.0934526
8 16 1.2177421
8 23 1.1368425
9 36 1.394215
9 26 2000.0
9 28 1.8335497
9 10 15.314936
9 22 0.42775157
9 31 0.0316264
9 3 0.6461956
9 17 0.059384163
9 4 0.06856661
9 19 0.0778989
10 26 0.034384165
10 28 0.19083944
10 24 0.042043127
10 31 0.03422619
10 12 6.363864
10 9 15.314936
10 17 0.036518775
11 0 323.65485
11 30 0.6688981
11 8 0.7580894
11 18 5.6510506
11 13 0.598547
11 33 2.4375
11 29 1.0405717
11 5 2.332114
11 34 2.4930954
11 20 0.984115
11 2 2.2533526
11 37 1.9170033
11 7 11.426045
11 27 0.5232777
11 16 1.0267985
11 25 1.73942
12 26 0.9245454
12 28 3.6251774
12 32 0.20784985
12 10 6.363864
12 24 0.07749925
12 21 0.08946063
12 3 0.056428194
12 1 34.901394
13 30 0.68098795
13 0 0.6255856
13 8 1.851124
13 18 128.57143
13 33 1.1460606
13 11 0.598547
13 29 0.6090515
13 5 219.5183
13 34 6.898336
13 20 0.64749426
13 2 0.76231056
13 14 2.0456443
13 37 3.6033602
13 27 0.24412523
13 16 4085.966
13 25 0.55916506
14 20 1.7144866
14 13 2.0456443
14 27 1.905691
14 33 0.34818435
14 11 2000.0
14 25 1.8349332
15 32 0.078890435
15 21 1.8258144
16 0 2000.0
16 30 1.161503
16 8 1.2177421
16 18 0.87316066
16 11 1.0267985
16 29 32.881523
16 5 1.5376186
16 20 7.0017996
16 37 36.146107
16 7 1.1597341
16 27 1.3869827
16 23 18.223745
16 25 1.0739366
17 26 1.788773
17 6 1.0523622
17 10 0.036518775
17 24 0.2287825
17 31 1.2288994
17 9 0.059384163
17 4 0.1109944
17 19 1.71388
18 30 0.6830201
18 2 17.950384
18 8 1.0649003
18 37 1.1029865
18 13 128.57143
18 7 2000.0
18 27 3.226046
18 16 0.87316066
18 23 1.2182411
18 11 5.6510506
18 29 1.3677739
18 5 0.36800456
19 22 58.436806
19 31 0.08010227
19 9 0.0778989
19 17 1.71388
19 4 0.07875524
20 30 16.278765
20 13 0.64749426
20 33 1.5681819
20 11 0.984115
20 29 6.4506874
20 5 2.7249238
20 34 0.8209215
20 2 3.4802117
20 14 1.7144866
20 37 3.3397448
20 7 1.7356294
20 27 0.51922625
20 16 7.0017996
20 25 0.37748206
21 32 2000.0
21 24 0.5003499
21 35 0.04028733
21 12 0.08946063
21 15 1.8258144
22 6 174.72641
22 31 1054.8296
22 9 0.42775157
22 19 58.436806
23 0 2000.0
23 30 1.1462198
23 2 30.172768
23 8 1.1368425
23 37 1.2158793
23 18 1.2182411
23 7 1.3709873
23 16 18.223745
23 11 2000.0
23 29 2.6439266
23 5 6.469694
24 26 0.04637252
24 32 0.121827655
24 10 0.042043127
24 21 0.5003499
24 31 4.772727
24 12 0.07749925
24 15 2000.0
24 17 0.2287825
25 30 3.7040505
25 13 0.55916506
25 33 0.35169822
25 11 1.73942
25 29 2.5330164
25 34 1.1393838
25 20 0.37748206
25 2 2.7743177
25 14 1.8349332
25 37 140.65373
25 7 4.6294765
25 27 0.57795256
25 16 1.0739366
26 32 16.322947
26 28 0.07425725
26 10 0.034384165
26 24 0.04637252
26 31 0.07675269
26 12 0.9245454
26 17 1.788773
27 0 2000.0
27 30 0.17736253
27 8 1.0934526
27 18 3.226046
27 13 0.24412523
27 33 1.0794418
27 11 0.5232777
27 29 0.5242211
27 5 1.581931
27 34 0.7628741
27 20 0.51922625
27 2 1.6892673
27 14 1.905691
27 37 1.8599895
27 7 387.1038
27 16 1.3869827
27 23 2000.0
27 25 0.57795256
28 36 0.046022728
28 26 0.07425725
28 10 0.19083944
28 3 0.07317874
28 12 3.6251774
28 9 1.8335497
29 0 6.2574835
29 30 1.9762574
29 8 0.8018276
29 18 1.3677739
29 13 0.6090515
29 11 1.0405717
29 5 3.3116632
29 34 4.7066994
29 20 6.4506874
29 2 0.84183615
29 37 0.84726226
29 7 2000.0
29 27 0.5242211
29 16 32.881523
29 23 2.6439266
29 25 2.5330164
30 0 2000.0
30 8 0.7419458
30 18 0.6830201
30 13 0.68098795
30 33 1.5068766
30 11 0.6688981
30 29 1.9762574
30 5 0.51276964
30 34 1.0228244
30 20 16.278765
30 2 12.045744
30 37 8.649078
30 7 0.89055055
30 27 0.17736253
30 16 1.161503
30 23 1.1462198
30 25 3.7040505
31 26 0.07675269
31 6 0.9303636
31 10 0.03422619
31 24 4.772727
31 9 0.0316264
31 17 1.2288994
31 4 0.08142527
31 19 0.08010227
32 26 16.322947
32 24 0.121827655
32 12 0.20784985
32 15 0.078890435
33 34 2000.0
33 30 1.5068766
33 20 1.5681819
33 2 3.0619075
33 14 0.34818435
33 7 2000.0
33 13 1.1460606
33 27 1.0794418
33 16 2000.0
33 11 2.4375
33 29 1353.2385
33 25 0.35169822
34 30 1.0228244
34 20 0.8209215
34 8 2.8223486
34 13 6.898336
34 7 12.361163
34 27 0.7628741
34 16 1215.0568
34 11 2.4930954
34 25 1.1393838
34 29 4.7066994
34 5 1.4168164
35 21 0.04028733
36 26 2000.0
36 28 0.046022728
36 3 0.2935217
36 9 1.394215
37 30 8.649078
37 0 1.1164448
37 8 0.9891329
37 18 1.1029865
37 13 3.6033602
37 11 1.9170033
37 29 0.84726226
37 20 3.3397448
37 2 1.2442893
37 7 20.514473
37 27 1.8599895
37 16 36.146107
37 23 1.2158793
37 25 140.65373
