0 8 5.082527
0 2 1.6211039
0 37 1.1913167
0 13 0.99809116
0 11 81.26173
0 29 10.878619
0 25 2000.0
1 3 0.22204748
1 12 88.888885
2 30 9.991174
2 0 1.6211039
2 8 1.2538913
2 18 34.94425
2 13 0.3839093
2 33 3.7124527
2 11 0.9128362
2 29 0.7995754
2 20 2.2970197
2 37 1.115093
2 27 0.47736797
2 23 20.160143
2 25 1.4209212
3 36 0.29133904
3 28 0.06347141
3 24 400.0
3 12 0.0555028
3 1 0.22204748
3 9 1.0444976
4 31 0.080735095
4 9 0.0655872
4 17 0.10300914
4 19 0.080101416
5 30 0.6766171
5 8 0.75840193
5 18 0.4871412
5 13 418.45663
5 11 3.250496
5 29 3.4700994
5 34 2.4001362
5 20 3.361592
5 37 2000.0
5 7 3.0320718
5 27 3.741495
5 16 1.3743111
5 23 2.6609867
6 22 193.86845
6 31 0.87545264
6 17 1.3646784
7 34 16.7152
7 30 0.6206603
7 20 1.5287168
7 8 30.302376
7 37 19.153702
7 16 1.2493668
7 11 4.1037884
7 23 0.91160876
7 25 3.7885945
7 5 3.0320718
8 0 5.082527
8 30 0.94114196
8 18 0.85301477
8 13 1.7497193
8 11 1.1537706
8 29 0.973673
8 5 0.75840193
8 34 5.438383
8 2 1.2538913
8 37 0.9136266
8 7 30.302376
8 27 1.3019763
8 16 1.3559852
8 23 0.8699174
9 36 2.3003616
9 28 1.2892655
9 10 8.953978
9 22 0.37235385
9 31 0.032502443
9 3 1.0444976
9 17 0.049573865
9 4 0.0655872
9 19 0.07014018
10 26 0.03316794
10 28 0.14654133
10 24 0.040376794
10 31 0.035493035
10 12 8.762086
10 9 8.953978
10 17 0.030057749
11 0 81.26173
11 30 0.37091276
11 8 1.1537706
11 18 3.9894342
11 13 0.43931794
11 33 2.390027
11 29 0.53330964
11 5 3.250496
11 34 3.5997043
11 20 0.9725005
11 2 0.9128362
11 37 1.287008
11 7 4.1037884
11 27 0.38892516
11 16 0.9216518
11 25 1.0686977
12 26 0.96110046
12 28 2.515042
12 32 0.2366646
12 10 8.762086
12 24 0.08919353
12 21 0.07649132
12 3 0.0555028
12 1 88.888885
13 30 0.60394883
13 0 0.99809116
13 8 1.7497193
13 18 355.55554
13 33 0.7185863
13 11 0.43931794
13 29 0.7774502
13 5 418.45663
13 34 9.55584
13 20 0.75971127
13 2 0.3839093
13 14 2.1839619
13 37 1.837629
13 27 0.5851599
13 16 476.04657
13 25 0.5305716
14 20 1.244831
14 13 2.1839619
14 27 2.0811853
14 33 0.412826
14 11 2000.0
14 25 2.3224092
15 32 0.082478
15 21 1.0806471
16 30 1.0828285
16 0 2000.0
16 8 1.3559852
16 18 0.90444946
16 13 476.04657
16 11 0.9216518
16 29 25.063322
16 5 1.3743111
16 20 6.3708634
16 37 26.520908
16 7 1.2493668
16 27 2.048118
16 23 9.356062
16 25 1.2790762
17 26 1.7863004
17 6 1.3646784
17 10 0.030057749
17 24 0.22223547
17 31 1.1527823
17 9 0.049573865
17 4 0.10300914
17 19 2.4024827
18 30 0.6579616
18 2 34.94425
18 8 0.85301477
18 37 0.98713
18 7 2000.0
18 13 355.55554
18 27 2.2247374
18 16 0.90444946
18 23 1.0933151
18 11 3.9894342
18 29 0.87716115
18 5 0.4871412
19 31 0.07913525
19 9 0.07014018
19 17 2.4024827
19 4 0.080101416
20 30 9.683512
20 13 0.75971127
20 33 1.1241586
20 11 0.9725005
20 29 7.0112147
20 5 3.361592
20 34 1.1057616
20 2 2.2970197
20 14 1.244831
20 37 4.592571
20 7 1.5287168
20 27 0.31075266
20 16 6.3708634
20 25 0.9699281
21 32 2000.0
21 24 0.689641
21 35 0.054236755
21 12 0.07649132
21 15 1.0806471
22 6 193.86845
22 31 1196.875
22 9 0.37235385
22 19 1462.216
23 0 2000.0
23 30 0.94691396
23 2 20.160143
23 8 0.8699174
23 37 2.1181493
23 18 1.0933151
23 7 0.91160876
23 16 9.356062
23 11 2000.0
23 29 3.5460277
23 5 2.6609867
24 26 0.0502566
24 32 0.08555328
24 10 0.040376794
24 21 0.689641
24 31 3.9458473
24 3 400.0
24 12 0.08919353
24 15 2000.0
24 17 0.22223547
25 30 1.6789942
25 13 0.5305716
25 33 0.3909091
25 11 1.0686977
25 29 1.5775359
25 34 5.2807035
25 20 0.9699281
25 2 1.4209212
25 14 2.3224092
25 37 70.99612
25 7 3.7885945
25 27 0.48982143
25 16 1.2790762
26 36 342.85715
26 32 14.351741
26 28 0.07735806
26 10 0.03316794
26 24 0.0502566
26 31 0.088424824
26 12 0.96110046
26 17 1.7863004
27 0 2000.0
27 30 0.18707635
27 8 1.3019763
27 18 2.2247374
27 13 0.5851599
27 33 0.9077863
27 11 0.38892516
27 29 0.41018158
27 5 3.741495
27 34 1.3241931
27 20 0.31075266
27 2 0.47736797
27 14 2.0811853
27 37 1.0660367
27 7 2149.375
27 16 2.048118
27 25 0.48982143
28 36 0.035401396
28 26 0.07735806
28 10 0.14654133
28 3 0.06347141
28 12 2.515042
28 9 1.2892655
29 0 10.878619
29 30 7.2772136
29 8 0.973673
29 18 0.87716115
29 13 0.7774502
29 11 0.53330964
29 5 3.4700994
29 34 15.7522745
29 20 7.0112147
29 2 0.7995754
29 37 0.64172876
29 7 2000.0
29 27 0.41018158
29 16 25.063322
29 23 3.5460277
29 25 1.5775359
30 0 2000.0
30 8 0.94114196
30 18 0.6579616
30 13 0.60394883
30 33 2.2200513
30 11 0.37091276
30 29 7.2772136
30 5 0.6766171
30 34 0.8874342
30 20 9.683512
30 2 9.991174
30 14 2000.0
30 37 8.066871
30 7 0.6206603
30 27 0.18707635
30 16 1.0828285
30 23 0.94691396
30 25 1.6789942
31 26 0.088424824
31 6 0.87545264
31 10 0.035493035
31 24 3.9458473
31 9 0.032502443
31 17 1.1527823
31 4 0.080735095
31 19 0.07913525
32 26 14.351741
32 24 0.08555328
32 12 0.2366646
32 15 0.082478
33 34 2000.0
33 30 2.2200513
33 20 1.1241586
33 2 3.7124527
33 14 0.412826
33 7 2000.0
33 13 0.7185863
33 27 0.9077863
33 16 2226.3638
33 11 2.390027
33 29 1349.034
33 25 0.3909091
34 30 0.8874342
34 20 1.1057616
34 8 5.438383
34 13 9.55584
34 7 16.7152
34 27 1.3241931
34 16 1215.0568
34 11 3.5997043
34 25 5.2807035
34 29 15.7522745
34 5 2.4001362
35 21 0.054236755
36 26 342.85715
36 28 0.035401396
36 3 0.29133904
36 9 2.3003616
37 30 8.066871
37 0 1.1913167
37 8 0.9136266
37 18 0.98713
37 13 1.837629
37 11 1.287008
37 29 0.64172876
37 20 4.592571
37 2 1.115093
37 7 19.153702
37 27 1.0660367
37 16 26.520908
37 23 2.1181493
37 25 70.99612
