0 2 0.7797906
0 37 4.627545
0 13 0.7731041
0 29 13.479167
0 25 12.757445
1 3 0.8875027
1 12 8.722663
2 30 16.326754
2 0 0.7797906
2 8 1.6722424
2 18 2.087959
2 13 0.5450448
2 33 2.9478865
2 11 1.5451998
2 29 1.1304495
2 20 2.8320005
2 37 0.8941925
2 27 0.89336646
2 16 2000.0
2 23 10.363695
2 25 0.42710483
3 36 0.49032634
3 28 16.516592
3 24 450.00003
3 12 0.0670907
3 1 0.8875027
3 9 0.50543964
4 31 0.061362345
4 9 0.064187795
4 17 0.25166297
4 19 0.067343526
5 30 1.055249
5 8 0.66395766
5 18 0.44565415
5 13 30.535929
5 11 1.3986741
5 29 4.7170553
5 34 9.428191
5 20 1.6023039
5 37 28.787876
5 7 7.2671685
5 27 1.4297081
5 16 1.8164437
5 23 3.4532158
6 31 0.16937286
6 17 6.918609
7 30 0.73754
7 20 65.73729
7 8 3.6879678
7 37 247.5585
7 27 186.77557
7 16 1.1117864
7 23 1.2463505
7 11 83.01177
7 25 4.500246
7 5 7.2671685
8 0 2000.0
8 30 0.32993984
8 18 1.0866084
8 13 1.6423632
8 11 0.99336296
8 29 0.31727836
8 5 0.66395766
8 34 31.348251
8 2 1.6722424
8 37 1.1528234
8 7 3.6879678
8 27 1.3717949
8 16 1.7239888
8 23 0.8327009
8 25 2000.0
9 36 0.30244362
9 26 2000.0
9 28 0.99086815
9 10 22.677687
9 22 0.055356536
9 31 0.03026943
9 3 0.50543964
9 4 0.064187795
9 17 0.05532362
9 19 0.06625282
10 26 0.031039223
10 28 0.3919213
10 24 0.12902015
10 31 20.54954
10 12 112.6885
10 9 22.677687
10 17 0.034339547
11 0 2000.0
11 30 0.7593242
11 8 0.99336296
11 18 4.967604
11 13 0.8808912
11 33 2.283202
11 29 0.9654728
11 5 1.3986741
11 34 3.9417005
11 20 0.8403729
11 2 1.5451998
11 37 1.3907458
11 7 83.01177
11 27 0.7504564
11 16 0.8635919
11 25 0.94191825
12 26 1.7383003
12 32 4.9992523
12 10 112.6885
12 24 0.06715571
12 21 0.14820878
12 3 0.0670907
12 1 8.722663
13 30 104.59922
13 0 0.7731041
13 8 1.6423632
13 18 157.82298
13 33 1.049654
13 11 0.8808912
13 29 1.5005056
13 5 30.535929
13 34 2880.4546
13 20 0.89697975
13 2 0.5450448
13 14 5.4335756
13 37 1.831089
13 7 2000.0
13 27 0.3410397
13 16 25.182697
13 25 0.29235294
14 30 5.9927106
14 20 12.431841
14 13 5.4335756
14 27 4.0030427
14 33 0.5606703
14 11 2000.0
14 25 6.570699
15 32 0.07289484
15 21 1.2814538
16 30 1.1639204
16 0 2000.0
16 8 1.7239888
16 18 0.9785319
16 13 25.182697
16 11 0.8635919
16 5 1.8164437
16 34 76.48643
16 20 46.70481
16 7 1.1117864
16 27 1.4531959
16 23 2.9602153
16 25 1.0041728
17 6 6.918609
17 26 2.1787097
17 10 0.034339547
17 24 0.09711228
17 31 0.989004
17 9 0.05532362
17 4 0.25166297
17 19 194.77896
18 0 2000.0
18 30 0.68393254
18 8 1.0866084
18 2 2.087959
18 37 2.308519
18 13 157.82298
18 27 28.592783
18 16 0.9785319
18 11 4.967604
18 23 0.92383766
18 29 1.4622649
18 5 0.44565415
19 31 0.080077715
19 9 0.06625282
19 4 0.067343526
19 17 194.77896
20 30 1.1650798
20 13 0.89697975
20 33 0.9509658
20 11 0.8403729
20 29 8.593393
20 5 1.6023039
20 34 0.84171355
20 2 2.8320005
20 14 12.431841
20 37 2.6243474
20 7 65.73729
20 27 0.96626836
20 16 46.70481
20 25 0.4526387
21 24 1.0058064
21 35 0.030764297
21 12 0.14820878
21 15 1.2814538
22 31 94.736855
22 9 0.055356536
22 19 2000.0
23 0 2000.0
23 30 1.9437537
23 8 0.8327009
23 2 10.363695
23 37 1.0544428
23 18 0.92383766
23 7 1.2463505
23 16 2.9602153
23 11 2000.0
23 29 0.9553217
23 5 3.4532158
24 26 0.040371474
24 32 0.25495422
24 10 0.12902015
24 21 1.0058064
24 12 0.06715571
24 3 450.00003
24 15 2000.0
24 17 0.09711228
25 30 26.18895
25 0 12.757445
25 13 0.29235294
25 33 0.6126228
25 11 0.94191825
25 29 2.1106014
25 34 2.8862362
25 20 0.4526387
25 2 0.42710483
25 14 6.570699
25 37 95.779434
25 7 4.500246
25 27 0.2611039
25 16 1.0041728
26 32 23.98409
26 28 0.12903374
26 10 0.031039223
26 24 0.040371474
26 31 0.12757868
26 12 1.7383003
26 17 2.1787097
27 30 0.21616589
27 0 2000.0
27 8 1.3717949
27 18 28.592783
27 13 0.3410397
27 33 0.70111907
27 11 0.7504564
27 29 1.3647828
27 5 1.4297081
27 34 1.9774408
27 20 0.96626836
27 2 0.89336646
27 14 4.0030427
27 37 0.9500474
27 7 186.77557
27 16 1.4531959
27 25 0.2611039
28 36 0.029813765
28 26 0.12903374
28 10 0.3919213
28 3 16.516592
28 12 1190.6818
28 9 0.99086815
28 19 1363.409
29 0 13.479167
29 30 2.5112944
29 8 0.31727836
29 18 1.4622649
29 13 1.5005056
29 33 13.1626
29 11 0.9654728
29 5 4.7170553
29 34 3.4070313
29 20 8.593393
29 2 1.1304495
29 37 0.57448643
29 27 1.3647828
29 16 2000.0
29 23 0.9553217
29 25 2.1106014
30 8 0.32993984
30 18 0.68393254
30 13 104.59922
30 33 6.3260765
30 11 0.7593242
30 29 2.5112944
30 5 1.055249
30 34 0.9275569
30 20 1.1650798
30 2 16.326754
30 14 5.9927106
30 37 40.632416
30 7 0.73754
30 27 0.21616589
30 16 1.1639204
30 23 1.9437537
30 25 26.18895
31 26 0.12757868
31 6 0.16937286
31 10 20.54954
31 22 94.736855
31 9 0.03026943
31 4 0.061362345
31 17 0.989004
31 19 0.080077715
32 26 23.98409
32 24 0.25495422
32 21 2000.0
32 12 4.9992523
32 15 0.07289484
33 30 6.3260765
33 8 2000.0
33 13 1.049654
33 11 2.283202
33 29 13.1626
33 34 2000.0
33 20 0.9509658
33 2 2.9478865
33 14 0.5606703
33 7 2000.0
33 27 0.70111907
33 16 3017.898
33 25 0.6126228
34 30 0.9275569
34 20 0.84171355
34 8 31.348251
34 37 2000.0
34 7 2000.0
34 27 1.9774408
34 16 76.48643
34 11 3.9417005
34 29 3.4070313
34 25 2.8862362
34 5 9.428191
35 21 0.030764297
35 31 1419.4886
36 28 0.029813765
36 3 0.49032634
36 9 0.30244362
37 30 40.632416
37 0 4.627545
37 8 1.1528234
37 18 2.308519
37 13 1.831089
37 11 1.3907458
37 29 0.57448643
37 5 28.787876
37 20 2.6243474
37 2 0.8941925
37 7 247.5585
37 27 0.9500474
37 16 2000.0
37 23 1.0544428
37 25 95.779434
