0 2 0.90304834
0 37 1.4478158
0 13 1.0643029
0 29 23.171886
0 25 4.2065396
1 3 0.48609853
1 12 18.071955
2 30 15.58916
2 0 0.90304834
2 8 1.1132653
2 18 2.4493504
2 13 0.53145665
2 33 2.5196097
2 11 1.2318054
2 29 1.1130519
2 20 2.7389977
2 37 0.9210626
2 27 1.0916421
2 16 2000.0
2 23 11.770569
2 25 0.40180102
3 36 0.24772727
3 28 10.238296
3 24 2000.0
3 12 0.07072711
3 1 0.48609853
3 9 0.73656714
4 31 0.07402288
4 9 0.0839605
4 17 0.19011249
4 19 0.08910374
5 30 0.56681526
5 8 0.55311495
5 18 0.77338725
5 13 13.643594
5 11 3.5864153
5 29 2.0508957
5 34 2.8863857
5 20 2.845143
5 37 18.552555
5 7 7.156117
5 27 1.1734349
5 16 2.100676
5 23 1.2131395
5 25 2000.0
6 31 0.13013197
6 17 1.6550125
7 34 269.6932
7 30 0.6560744
7 20 40.937805
7 8 9.840594
7 16 0.9495849
7 23 1.2625304
7 11 114.28571
7 25 3.0312686
7 5 7.156117
8 0 2000.0
8 30 0.31752542
8 18 1.1322331
8 13 0.7551082
8 11 1.1693544
8 29 0.6176037
8 5 0.55311495
8 34 35.019135
8 2 1.1132653
8 37 1.0162762
8 7 9.840594
8 27 1.3739916
8 16 1.9547029
8 23 1.2296523
8 25 2000.0
9 36 0.6921837
9 26 2000.0
9 28 1.789848
9 10 12.970739
9 22 0.055113643
9 31 0.03721266
9 3 0.73656714
9 12 2000.0
9 4 0.0839605
9 17 0.035859134
9 19 0.07160714
10 26 0.02940406
10 28 1.0596995
10 24 0.16522485
10 31 17.761898
10 12 1355.284
10 9 12.970739
10 17 0.029292494
11 0 2000.0
11 30 0.61637133
11 8 1.1693544
11 18 7.8987164
11 13 1.2096038
11 33 2.1112752
11 29 0.7971253
11 5 3.5864153
11 34 2.0800028
11 20 1.5071326
11 2 1.2318054
11 37 1.5108514
11 7 114.28571
11 27 0.6469303
11 16 1.214015
11 25 0.82791007
12 26 1.2192816
12 32 18.612452
12 24 0.06468365
12 21 0.12474376
12 3 0.07072711
12 1 18.071955
13 30 119.68783
13 0 1.0643029
13 8 0.7551082
13 18 2000.0
13 33 0.873947
13 11 1.2096038
13 29 1.32608
13 5 13.643594
13 34 2000.0
13 20 1.6435405
13 2 0.53145665
13 14 6.9899383
13 37 1.1595467
13 7 2000.0
13 27 0.4585303
13 16 75.08901
13 25 0.2529502
14 30 13.05587
14 20 4.4475865
14 13 6.9899383
14 27 2.657167
14 33 0.54251754
14 25 2.6613164
15 32 0.06896604
15 24 105.37635
15 21 4.9899063
16 0 2000.0
16 30 1.1131235
16 8 1.9547029
16 18 0.9692197
16 13 75.08901
16 11 1.214015
16 29 266.6667
16 5 2.100676
16 34 36.013405
16 20 40.027218
16 7 0.9495849
16 27 1.5478946
16 23 2.5474536
16 25 1.1246332
17 6 1.6550125
17 26 1.747328
17 10 0.029292494
17 24 0.17531596
17 31 0.94714487
17 9 0.035859134
17 4 0.19011249
17 19 32.36345
18 0 2000.0
18 30 0.6766351
18 8 1.1322331
18 13 2000.0
18 11 7.8987164
18 29 1.2569473
18 5 0.77338725
18 2 2.4493504
18 37 2.1382215
18 7 2000.0
18 27 21.41108
18 16 0.9692197
18 23 1.1507659
19 31 0.07895999
19 9 0.07160714
19 17 32.36345
19 4 0.08910374
20 30 0.654012
20 13 1.6435405
20 33 2.0258207
20 11 1.5071326
20 29 5.3955774
20 5 2.845143
20 34 1.4441895
20 2 2.7389977
20 14 4.4475865
20 37 6.6223307
20 7 40.937805
20 27 1.134434
20 16 40.027218
20 25 0.4218666
21 26 2000.0
21 32 2000.0
21 24 0.9260746
21 35 0.030153252
21 31 2000.0
21 12 0.12474376
21 15 4.9899063
22 31 96.969696
22 9 0.055113643
22 19 2000.0
23 0 2000.0
23 30 1.0830123
23 8 1.2296523
23 2 11.770569
23 37 1.3769596
23 18 1.1507659
23 7 1.2625304
23 16 2.5474536
23 11 2000.0
23 29 1.028153
23 5 1.2131395
24 26 0.05940685
24 32 0.2237649
24 10 0.16522485
24 21 0.9260746
24 12 0.06468365
24 15 105.37635
24 17 0.17531596
25 30 19.87778
25 0 4.2065396
25 13 0.2529502
25 33 0.73764205
25 11 0.82791007
25 29 1.8112323
25 5 2000.0
25 34 1.9535247
25 20 0.4218666
25 2 0.40180102
25 14 2.6613164
25 37 35.191074
25 7 3.0312686
25 27 0.25525638
25 16 1.1246332
26 32 21.18475
26 28 0.058603372
26 10 0.02940406
26 24 0.05940685
26 31 0.212605
26 12 1.2192816
26 17 1.747328
27 30 0.18251072
27 0 2000.0
27 8 1.3739916
27 18 21.41108
27 13 0.4585303
27 33 0.8902053
27 11 0.6469303
27 29 0.54970706
27 5 1.1734349
27 34 0.9102259
27 20 1.134434
27 2 1.0916421
27 14 2.657167
27 37 1.1113127
27 7 3469.9434
27 16 1.5478946
27 25 0.25525638
28 36 0.13878042
28 26 0.058603372
28 10 1.0596995
28 3 10.238296
28 12 1470.5682
28 9 1.789848
28 19 1469.8865
29 0 23.171886
29 30 1.4437348
29 8 0.6176037
29 18 1.2569473
29 13 1.32608
29 33 12.474754
29 11 0.7971253
29 5 2.0508957
29 34 2.742344
29 20 5.3955774
29 2 1.1130519
29 37 0.8490612
29 7 2000.0
29 27 0.54970706
29 16 266.6667
29 23 1.028153
29 25 1.8112323
30 8 0.31752542
30 18 0.6766351
30 13 119.68783
30 33 6.6570888
30 11 0.61637133
30 29 1.4437348
30 5 0.56681526
30 34 1.0221281
30 20 0.654012
30 2 15.58916
30 14 13.05587
30 37 14.410883
30 7 0.6560744
30 27 0.18251072
30 16 1.1131235
30 23 1.0830123
30 25 19.87778
31 26 0.212605
31 6 0.13013197
31 10 17.761898
31 35 32.86023
31 22 96.969696
31 9 0.03721266
31 4 0.07402288
31 17 0.94714487
31 19 0.07895999
32 26 21.18475
32 24 0.2237649
32 12 18.612452
32 15 0.06896604
33 30 6.6570888
33 13 0.873947
33 11 2.1112752
33 29 12.474754
33 5 2000.0
33 34 2000.0
33 20 2.0258207
33 2 2.5196097
33 14 0.54251754
33 7 2000.0
33 27 0.8902053
33 16 1971.0227
33 25 0.73764205
34 30 1.0221281
34 20 1.4441895
34 8 35.019135
34 37 2000.0
34 7 269.6932
34 27 0.9102259
34 16 36.013405
34 11 2.0800028
34 29 2.742344
34 25 1.9535247
34 5 2.8863857
35 21 0.030153252
35 31 32.86023
36 28 0.13878042
36 3 0.24772727
36 9 0.6921837
37 30 14.410883
37 0 1.4478158
37 8 1.0162762
37 18 2.1382215
37 13 1.1595467
37 11 1.5108514
37 29 0.8490612
37 5 18.552555
37 20 6.6223307
37 2 0.9210626
37 7 1397.5568
37 27 1.1113127
37 16 2000.0
37 23 1.3769596
37 25 35.191074
