0 8 36.28401
0 2 0.4560859
0 37 4.6353765
0 13 1.678032
0 11 316.12903
0 29 19.597902
1 3 0.18406816
1 12 1243.8635
2 0 0.4560859
2 30 8.813054
2 8 4.682107
2 18 53.454887
2 13 2.03909
2 33 1.598287
2 11 2.7416239
2 29 1.6299783
2 20 19.824602
2 37 1.7308663
2 27 5.0224986
2 23 30.888975
2 25 4.679364
3 36 1.2180399
3 28 0.09122067
3 24 600.0
3 12 0.40987083
3 1 0.18406816
3 9 0.60152274
4 31 0.07964265
4 9 0.061376397
4 17 0.093475744
4 19 0.08639575
5 30 1.2169029
5 8 1.5962725
5 18 2.6835632
5 11 5.572674
5 29 8.085576
5 34 11.194962
5 20 6.054542
5 37 2000.0
5 7 33.471737
5 27 5.144794
5 16 2.473381
5 23 8.198169
5 25 2000.0
6 31 0.8909514
6 17 1.0362206
7 34 17.077171
7 30 1.2713324
7 20 3.0517693
7 8 32.471123
7 37 25.643747
7 27 50.0
7 16 1.3613018
7 11 12.53585
7 23 2.6822748
7 25 12.576154
7 5 33.471737
8 0 36.28401
8 30 0.703019
8 18 2.313873
8 13 11.814895
8 11 6.99269
8 29 1.1834593
8 5 1.5962725
8 34 4.3103285
8 2 4.682107
8 37 2.4131334
8 7 32.471123
8 27 4.0697823
8 16 1.7929772
8 23 1.6429943
9 36 3.5507703
9 26 2000.0
9 28 5.187812
9 10 3.8238015
9 22 0.56936705
9 31 0.029358018
9 3 0.60152274
9 12 2000.0
9 17 0.25143635
9 4 0.061376397
9 19 0.067128986
10 26 0.05557765
10 28 0.91925627
10 24 0.17773798
10 31 0.058867328
10 12 4.463834
10 9 3.8238015
10 17 0.031543255
11 0 316.12903
11 30 0.71317494
11 8 6.99269
11 18 5.887666
11 13 2.6879642
11 33 2.5181324
11 29 1.0387414
11 5 5.572674
11 34 7.944072
11 20 2.1032665
11 2 2.7416239
11 37 2.4728742
11 7 12.53585
11 27 1.122508
11 16 1.6057647
11 25 1.815578
12 26 0.37385643
12 28 6.8219004
12 32 0.14743444
12 10 4.463834
12 24 0.09962789
12 21 0.06004047
12 3 0.40987083
12 1 1243.8635
13 0 1.678032
13 30 5.924817
13 8 11.814895
13 18 102.083336
13 33 1.2616851
13 11 2.6879642
13 29 2.5329
13 5 2000.0
13 34 22.579533
13 20 0.71213764
13 2 2.03909
13 14 9.947574
13 37 7.8500376
13 27 0.34241453
13 16 119.55478
13 25 0.941978
14 34 2000.0
14 20 3.1653063
14 13 9.947574
14 33 0.60109735
14 27 2.7624297
14 11 2000.0
14 25 2.7111936
15 32 0.078810185
15 21 22.685186
16 0 2000.0
16 30 1.1409749
16 8 1.7929772
16 18 2.455236
16 13 119.55478
16 11 1.6057647
16 29 2000.0
16 5 2.473381
16 20 54.188236
16 7 1.3613018
16 27 2.4363885
16 23 4.1440215
16 25 1.4196397
17 26 1.9685119
17 6 1.0362206
17 10 0.031543255
17 24 0.29422066
17 31 1.113121
17 9 0.25143635
17 4 0.093475744
17 19 2.0473235
18 30 0.719108
18 2 53.454887
18 8 2.313873
18 37 3.774019
18 7 2000.0
18 13 102.083336
18 27 24.156944
18 16 2.455236
18 23 1.4167069
18 11 5.887666
18 29 4.6348176
18 5 2.6835632
19 31 0.071598336
19 9 0.067128986
19 17 2.0473235
19 4 0.08639575
20 0 2000.0
20 30 7.052402
20 13 0.71213764
20 33 2.5978534
20 11 2.1032665
20 29 25.866337
20 5 6.054542
20 34 1.2842792
20 2 19.824602
20 14 3.1653063
20 37 12.299421
20 7 3.0517693
20 27 0.56716084
20 16 54.188236
20 25 1.3500757
21 32 2000.0
21 10 2000.0
21 24 0.07662494
21 35 0.040088147
21 12 0.06004047
21 15 22.685186
22 6 1485.625
22 31 2000.0
22 9 0.56936705
22 19 2000.0
23 0 2000.0
23 30 1.1947495
23 2 30.888975
23 8 1.6429943
23 37 7.516075
23 18 1.4167069
23 7 2.6822748
23 16 4.1440215
23 11 2000.0
23 29 1.4610158
23 5 8.198169
24 26 0.1360832
24 32 0.12252841
24 10 0.17773798
24 21 0.07662494
24 31 6.3409376
24 12 0.09962789
24 3 600.0
24 15 2000.0
24 17 0.29422066
25 0 2000.0
25 30 14.516133
25 13 0.941978
25 33 0.8615699
25 11 1.815578
25 29 3.8574495
25 34 2.7819552
25 20 1.3500757
25 2 4.679364
25 14 2.7111936
25 37 43.2103
25 7 12.576154
25 27 1.0048035
25 16 1.4196397
26 32 41.39697
26 28 0.043125
26 10 0.05557765
26 24 0.1360832
26 31 0.06630629
26 12 0.37385643
26 17 1.9685119
27 0 2000.0
27 30 0.21650466
27 8 4.0697823
27 18 24.156944
27 13 0.34241453
27 33 2.901692
27 11 1.122508
27 29 0.7235847
27 5 5.144794
27 34 3.91081
27 20 0.56716084
27 2 5.0224986
27 14 2.7624297
27 37 1.4914277
27 7 50.0
27 16 2.4363885
27 25 1.0048035
28 36 0.05215085
28 26 0.043125
28 10 0.91925627
28 3 0.09122067
28 12 6.8219004
28 9 5.187812
29 0 19.597902
29 30 14.216943
29 8 1.1834593
29 18 4.6348176
29 13 2.5329
29 11 1.0387414
29 5 8.085576
29 34 8.176852
29 20 25.866337
29 2 1.6299783
29 37 2.5442336
29 7 2000.0
29 27 0.7235847
29 16 2000.0
29 23 1.4610158
29 25 3.8574495
30 0 2000.0
30 8 0.703019
30 18 0.719108
30 13 5.924817
30 33 6.026671
30 11 0.71317494
30 29 14.216943
30 5 1.2169029
30 34 2.199585
30 20 7.052402
30 2 8.813054
30 37 7.6133647
30 7 1.2713324
30 27 0.21650466
30 16 1.1409749
30 23 1.1947495
30 25 14.516133
31 26 0.06630629
31 6 0.8909514
31 10 0.058867328
31 24 6.3409376
31 9 0.029358018
31 17 1.113121
31 4 0.07964265
31 19 0.071598336
32 26 41.39697
32 24 0.12252841
32 12 0.14743444
32 15 0.078810185
33 34 2000.0
33 30 6.026671
33 20 2.5978534
33 2 1.598287
33 14 0.60109735
33 7 2000.0
33 13 1.2616851
33 27 2.901692
33 16 2000.0
33 11 2.5181324
33 29 2000.0
33 25 0.8615699
34 30 2.199585
34 20 1.2842792
34 8 4.3103285
34 7 17.077171
34 13 22.579533
34 27 3.91081
34 16 2000.0
34 11 7.944072
34 25 2.7819552
34 29 8.176852
34 5 11.194962
35 21 0.040088147
36 26 2000.0
36 28 0.05215085
36 3 1.2180399
36 9 3.5507703
37 0 4.6353765
37 30 7.6133647
37 8 2.4131334
37 18 3.774019
37 13 7.8500376
37 11 2.4728742
37 29 2.5442336
37 20 12.299421
37 2 1.7308663
37 7 25.643747
37 27 1.4914277
37 16 3067.3296
37 23 7.516075
37 25 43.2103
