0 8 5.536583
0 2 0.8034916
0 37 0.9628275
0 13 0.96779203
0 11 115.7328
0 29 30.016665
1 3 0.32885024
1 12 1531.7614
2 30 13.395959
2 0 0.8034916
2 8 1.22006
2 18 16.895962
2 13 0.2533926
2 33 1.8182462
2 11 0.6648942
2 29 1.022687
2 20 1.9060534
2 37 0.7410889
2 27 0.38607368
2 23 44.668594
2 25 1.0984386
3 36 0.22638495
3 28 0.09861112
3 24 213.33333
3 12 0.053020287
3 1 0.32885024
3 9 0.31308103
4 31 0.07901663
4 9 0.06541497
4 17 0.10289387
4 19 0.09597616
5 30 1.0992374
5 8 0.4603815
5 18 0.37692988
5 13 105.5211
5 11 2.8074505
5 29 1.652104
5 34 1.9070582
5 20 1.3764848
5 37 2000.0
5 7 6.152633
5 27 2.661382
5 16 1.354067
5 23 5.736161
6 22 165.77678
6 31 0.27969098
6 17 1.3542566
7 34 8.634393
7 30 1.0788885
7 20 1.2469376
7 8 50.0
7 37 26.4844
7 27 2000.0
7 16 1.9364034
7 11 9.070476
7 23 0.93781865
7 25 5.4834566
7 5 6.152633
8 0 5.536583
8 30 0.60759425
8 18 0.9194899
8 13 2.4771492
8 11 0.88479334
8 29 0.39109853
8 5 0.4603815
8 34 1.8352222
8 2 1.22006
8 37 0.8787274
8 7 50.0
8 27 1.1263077
8 16 1.2956505
8 23 0.9049445
9 36 1.579492
9 26 2000.0
9 28 2.733304
9 10 7.0091534
9 22 0.17263056
9 31 0.030330088
9 3 0.31308103
9 12 2000.0
9 17 0.0791795
9 4 0.06541497
9 19 0.071755864
10 26 0.02945263
10 28 0.2495283
10 24 0.10949502
10 31 0.031322155
10 12 7.1248302
10 9 7.0091534
10 17 0.04089647
11 0 115.7328
11 30 0.4394571
11 8 0.88479334
11 18 9.794077
11 13 0.53419405
11 33 3.543258
11 29 0.9991573
11 5 2.8074505
11 34 1.8392367
11 20 0.9212586
11 2 0.6648942
11 37 1.1987238
11 7 9.070476
11 27 0.4632731
11 16 1.7003253
11 25 0.91588956
12 26 1.1665704
12 28 3.4533117
12 32 0.29113778
12 10 7.1248302
12 24 0.06573548
12 21 0.13185722
12 3 0.053020287
12 1 1531.7614
13 0 0.96779203
13 30 1.1114322
13 8 2.4771492
13 18 133.33334
13 33 0.83732516
13 11 0.53419405
13 29 0.6203057
13 5 105.5211
13 34 6.1920075
13 20 1.2287117
13 2 0.2533926
13 14 2.954146
13 37 1.3195676
13 27 0.23761259
13 16 19.527782
13 25 0.6759443
14 20 0.97694576
14 13 2.954146
14 27 5.8644443
14 33 0.42835715
14 11 2000.0
14 25 1.2408392
15 32 0.099116564
15 21 2.1100478
16 30 1.0822287
16 0 2000.0
16 8 1.2956505
16 18 1.4738125
16 13 19.527782
16 11 1.7003253
16 29 22.947748
16 5 1.354067
16 20 4.954135
16 37 51.959938
16 7 1.9364034
16 27 1.4323481
16 23 11.5156
16 25 1.2688503
17 26 1.7638348
17 6 1.3542566
17 10 0.04089647
17 24 0.19589143
17 31 1.1270645
17 9 0.0791795
17 4 0.10289387
17 19 3.9165504
18 30 0.7592649
18 2 16.895962
18 8 0.9194899
18 37 0.99399656
18 13 133.33334
18 7 2000.0
18 27 6.0443068
18 16 1.4738125
18 23 1.2649622
18 11 9.794077
18 29 1.3757294
18 5 0.37692988
19 31 0.07993348
19 9 0.071755864
19 17 3.9165504
19 4 0.09597616
20 30 15.363543
20 13 1.2287117
20 33 1.858868
20 11 0.9212586
20 29 4.8893285
20 5 1.3764848
20 34 0.7676231
20 2 1.9060534
20 14 0.97694576
20 37 3.2152553
20 7 1.2469376
20 27 1.2971845
20 16 4.954135
20 25 0.5390555
21 26 2000.0
21 32 2000.0
21 10 2000.0
21 24 0.4748262
21 35 0.039668176
21 12 0.13185722
21 15 2.1100478
22 6 165.77678
22 31 143.75314
22 9 0.17263056
22 19 1757.0455
23 0 2000.0
23 30 1.4459301
23 2 44.668594
23 8 0.9049445
23 37 2.6196663
23 18 1.2649622
23 7 0.93781865
23 16 11.5156
23 11 2000.0
23 29 3.4537969
23 5 5.736161
24 26 0.067934245
24 32 0.11493927
24 10 0.10949502
24 21 0.4748262
24 31 5.450673
24 12 0.06573548
24 3 213.33333
24 15 2000.0
24 17 0.19589143
25 30 2.74386
25 13 0.6759443
25 33 0.48513818
25 11 0.91588956
25 29 1.7281657
25 34 1.2993634
25 20 0.5390555
25 2 1.0984386
25 14 1.2408392
25 37 45.133762
25 7 5.4834566
25 27 0.71680975
25 16 1.2688503
26 32 39.298298
26 28 0.037952222
26 10 0.02945263
26 24 0.067934245
26 31 0.053058732
26 12 1.1665704
26 17 1.7638348
27 0 2000.0
27 30 0.17551069
27 8 1.1263077
27 18 6.0443068
27 13 0.23761259
27 33 1.4092277
27 11 0.4632731
27 29 0.6341912
27 5 2.661382
27 34 1.076737
27 20 1.2971845
27 2 0.38607368
27 14 5.8644443
27 37 1.2697614
27 7 2000.0
27 16 1.4323481
27 25 0.71680975
28 36 0.03503167
28 26 0.037952222
28 10 0.2495283
28 3 0.09861112
28 12 3.4533117
28 9 2.733304
29 0 30.016665
29 30 5.8816595
29 8 0.39109853
29 18 1.3757294
29 13 0.6203057
29 11 0.9991573
29 5 1.652104
29 34 7.6273
29 20 4.8893285
29 2 1.022687
29 37 1.3192425
29 7 2000.0
29 27 0.6341912
29 16 22.947748
29 23 3.4537969
29 25 1.7281657
30 0 2000.0
30 8 0.60759425
30 18 0.7592649
30 13 1.1114322
30 33 1.7763962
30 11 0.4394571
30 29 5.8816595
30 5 1.0992374
30 34 1.6071965
30 20 15.363543
30 2 13.395959
30 37 6.871901
30 7 1.0788885
30 27 0.17551069
30 16 1.0822287
30 23 1.4459301
30 25 2.74386
31 26 0.053058732
31 6 0.27969098
31 10 0.031322155
31 24 5.450673
31 22 143.75314
31 9 0.030330088
31 17 1.1270645
31 4 0.07901663
31 19 0.07993348
32 26 39.298298
32 24 0.11493927
32 12 0.29113778
32 15 0.099116564
33 34 2000.0
33 30 1.7763962
33 20 1.858868
33 2 1.8182462
33 14 0.42835715
33 7 2000.0
33 13 0.83732516
33 27 1.4092277
33 16 2020.4546
33 11 3.543258
33 29 4910.5117
33 25 0.48513818
34 30 1.6071965
34 20 0.7676231
34 8 1.8352222
34 13 6.1920075
34 7 8.634393
34 27 1.076737
34 16 1215.0568
34 11 1.8392367
34 25 1.2993634
34 29 7.6273
34 5 1.9070582
35 21 0.039668176
36 26 1522.0455
36 28 0.03503167
36 3 0.22638495
36 9 1.579492
37 30 6.871901
37 0 0.9628275
37 8 0.8787274
37 18 0.99399656
37 13 1.3195676
37 11 1.1987238
37 29 1.3192425
37 20 3.2152553
37 2 0.7410889
37 7 26.4844
37 27 1.2697614
37 16 51.959938
37 23 2.6196663
37 25 45.133762
