0 2 0.99317
0 37 1.6748493
0 13 0.97822523
0 29 43.51597
0 25 13.89682
1 3 1.3298295
1 12 16.679396
2 30 27.87129
2 0 0.99317
2 8 1.5406045
2 18 2.3743374
2 13 0.63881487
2 33 2.4018135
2 11 2.3476288
2 29 1.2200235
2 20 3.5590057
2 37 0.880973
2 27 1.20427
2 16 2000.0
2 23 13.256455
2 25 0.6875816
3 36 0.60158825
3 28 10.779525
3 24 2000.0
3 12 0.07559613
3 1 1.3298295
3 9 0.40624997
4 31 0.06878666
4 9 0.08454912
4 17 0.18168171
4 19 0.06729845
5 30 0.6899542
5 8 1.0119667
5 18 0.6151801
5 13 23.937841
5 11 4.0090356
5 29 2.3996894
5 34 3.1528025
5 20 1.8793482
5 37 24.769218
5 7 7.439012
5 27 0.91802174
5 16 1.491238
5 23 2.157751
5 25 2000.0
6 31 0.1161002
6 17 0.6918842
7 30 0.6742506
7 20 330.3198
7 8 5.604099
7 16 1.0763127
7 23 1.2724423
7 11 140.11539
7 25 2.5998168
7 5 7.439012
8 0 2000.0
8 30 0.6996386
8 18 1.2523261
8 13 0.61921823
8 11 1.0043194
8 29 1.1108849
8 5 1.0119667
8 34 31.910143
8 2 1.5406045
8 37 1.1372749
8 7 5.604099
8 27 2.3622558
8 16 1.622059
8 23 1.5223142
8 25 2000.0
9 36 0.4327325
9 26 2000.0
9 28 0.73227906
9 10 85.34174
9 22 0.098795615
9 31 0.057419118
9 3 0.40624997
9 12 2000.0
9 4 0.08454912
9 17 0.044584204
9 19 0.0652012
10 26 0.0300256
10 28 0.28993732
10 24 0.09901516
10 31 24.389038
10 12 1383.6364
10 9 85.34174
10 17 0.03468763
11 0 2000.0
11 30 0.8491353
11 8 1.0043194
11 18 11.101009
11 13 1.2603073
11 33 5.302059
11 29 0.9618115
11 5 4.0090356
11 34 4.194428
11 20 2.0389102
11 2 2.3476288
11 37 1.6548615
11 7 140.11539
11 27 1.3001063
11 16 1.0130439
11 25 1.2167084
12 26 0.5154329
12 32 3.0679233
12 28 148.90912
12 24 0.06705476
12 21 0.12121346
12 3 0.07559613
12 1 16.679396
13 30 31.39653
13 0 0.97822523
13 8 0.61921823
13 18 95.20928
13 33 1.2868171
13 11 1.2603073
13 29 0.84389883
13 5 23.937841
13 34 216.57224
13 20 1.5311239
13 2 0.63881487
13 14 9.642492
13 37 1.7685046
13 7 2000.0
13 27 1.7068067
13 16 30.025434
13 25 0.2930833
14 30 3.3479424
14 20 5.793461
14 13 9.642492
14 27 7.934176
14 33 0.73552376
14 11 2000.0
14 25 3.4057817
15 32 0.07833305
15 21 1.485915
16 30 1.1050097
16 0 2000.0
16 8 1.622059
16 18 1.0283005
16 13 30.025434
16 11 1.0130439
16 5 1.491238
16 34 53.954548
16 20 10.825973
16 7 1.0763127
16 27 1.7489737
16 23 2.7984765
16 25 1.1479032
17 6 0.6918842
17 26 1.4217511
17 10 0.03468763
17 24 0.14818548
17 31 0.9474219
17 9 0.044584204
17 4 0.18168171
17 19 49.179783
18 0 2000.0
18 30 0.7229681
18 8 1.2523261
18 13 95.20928
18 11 11.101009
18 29 1.4540583
18 5 0.6151801
18 2 2.3743374
18 37 2.6453469
18 7 2000.0
18 27 29.524595
18 16 1.0283005
18 23 1.3686991
19 31 0.07970255
19 9 0.0652012
19 4 0.06729845
19 17 49.179783
20 30 1.5409603
20 13 1.5311239
20 33 3.9468014
20 11 2.0389102
20 29 52.714844
20 5 1.8793482
20 34 3.5101037
20 2 3.5590057
20 14 5.793461
20 37 3.1621306
20 7 330.3198
20 27 2.1925044
20 16 10.825973
20 25 1.7022054
21 32 2000.0
21 24 1.1494029
21 35 0.03345644
21 12 0.12121346
21 15 1.485915
22 31 228.57143
22 9 0.098795615
22 19 2000.0
23 0 2000.0
23 30 1.5641176
23 8 1.5223142
23 2 13.256455
23 37 1.3654222
23 18 1.3686991
23 7 1.2724423
23 16 2.7984765
23 11 2000.0
23 29 0.97342336
23 5 2.157751
24 26 0.052937396
24 32 0.21330847
24 10 0.09901516
24 21 1.1494029
24 31 2000.0
24 12 0.06705476
24 15 2000.0
24 17 0.14818548
25 30 14.818957
25 0 13.89682
25 13 0.2930833
25 33 0.70380026
25 11 1.2167084
25 29 2.9961126
25 34 14.742975
25 20 1.7022054
25 2 0.6875816
25 14 3.4057817
25 37 138.52603
25 7 2.5998168
25 27 0.25236407
25 16 1.1479032
26 32 14.02753
26 28 0.05829685
26 10 0.0300256
26 24 0.052937396
26 31 0.31777173
26 12 0.5154329
26 17 1.4217511
27 30 0.18721211
27 0 2000.0
27 8 2.3622558
27 18 29.524595
27 13 1.7068067
27 33 1.4922888
27 11 1.3001063
27 29 0.88314307
27 5 0.91802174
27 34 1.2088642
27 20 2.1925044
27 2 1.20427
27 14 7.934176
27 37 2.0510235
27 7 2000.0
27 16 1.7489737
27 25 0.25236407
28 36 0.03172718
28 26 0.05829685
28 10 0.28993732
28 3 10.779525
28 12 148.90912
28 9 0.73227906
28 19 1369.4319
29 0 43.51597
29 30 3.6672628
29 8 1.1108849
29 18 1.4540583
29 13 0.84389883
29 33 22.885935
29 11 0.9618115
29 5 2.3996894
29 34 5.1843348
29 20 52.714844
29 2 1.2200235
29 37 0.8481235
29 27 0.88314307
29 16 2000.0
29 23 0.97342336
29 25 2.9961126
30 8 0.6996386
30 18 0.7229681
30 13 31.39653
30 33 22.904037
30 11 0.8491353
30 29 3.6672628
30 5 0.6899542
30 34 1.1710544
30 20 1.5409603
30 2 27.87129
30 14 3.3479424
30 37 15.252421
30 7 0.6742506
30 27 0.18721211
30 16 1.1050097
30 23 1.5641176
30 25 14.818957
31 26 0.31777173
31 6 0.1161002
31 10 24.389038
31 22 228.57143
31 9 0.057419118
31 4 0.06878666
31 17 0.9474219
31 19 0.07970255
32 26 14.02753
32 24 0.21330847
32 12 3.0679233
32 15 0.07833305
33 30 22.904037
33 8 2000.0
33 13 1.2868171
33 11 5.302059
33 29 22.885935
33 5 2000.0
33 34 2000.0
33 20 3.9468014
33 2 2.4018135
33 14 0.73552376
33 7 2000.0
33 27 1.4922888
33 16 3017.898
33 25 0.70380026
34 30 1.1710544
34 20 3.5101037
34 8 31.910143
34 37 2000.0
34 13 216.57224
34 7 2000.0
34 27 1.2088642
34 16 53.954548
34 11 4.194428
34 29 5.1843348
34 25 14.742975
34 5 3.1528025
35 21 0.03345644
35 31 1095.6818
36 28 0.03172718
36 3 0.60158825
36 9 0.4327325
37 30 15.252421
37 0 1.6748493
37 8 1.1372749
37 18 2.6453469
37 13 1.7685046
37 11 1.6548615
37 29 0.8481235
37 5 24.769218
37 20 3.1621306
37 2 0.880973
37 7 2966.932
37 27 2.0510235
37 16 2000.0
37 23 1.3654222
37 25 138.52603
