0 2 0.80084103
0 37 1.1402936
0 13 0.77915484
0 29 30.058054
0 25 6.344926
1 3 1.0585412
1 12 14.223524
2 30 17.969593
2 0 0.80084103
2 8 1.1481949
2 18 2.0463347
2 13 0.77117485
2 33 2.2771614
2 11 1.6322746
2 29 1.2270026
2 20 3.7757113
2 37 0.89503855
2 27 1.035197
2 16 2000.0
2 23 11.48352
2 25 0.6176307
3 36 0.40831465
3 28 4.33198
3 24 200.0
3 12 0.06682588
3 1 1.0585412
3 9 0.27484745
4 31 0.06966642
4 9 0.10077937
4 17 0.28166726
4 19 0.061548658
5 30 0.62299305
5 8 0.80881166
5 18 0.641182
5 13 35.61797
5 11 7.3242283
5 29 5.443785
5 34 5.0284023
5 20 1.9029039
5 37 26.97418
5 7 19.58582
5 27 1.1042781
5 16 1.5957241
5 23 5.0183725
5 25 2000.0
6 31 0.11823743
6 17 1.1894478
7 30 1.0767003
7 20 33.26656
7 8 7.8481827
7 37 340.72272
7 16 1.0649043
7 23 2.0319357
7 25 3.1114695
7 5 19.58582
8 0 2000.0
8 30 0.9452208
8 18 1.2397755
8 13 0.8820505
8 11 1.4521673
8 29 1.2540711
8 5 0.80881166
8 34 49.816555
8 2 1.1481949
8 37 0.9755216
8 7 7.8481827
8 27 3.175282
8 16 1.6190048
8 23 1.2619724
8 25 2000.0
9 36 0.89810014
9 26 2000.0
9 28 2.3079307
9 10 24.08766
9 22 0.05152512
9 31 0.030579358
9 12 2000.0
9 3 0.27484745
9 4 0.10077937
9 17 0.039843388
9 19 0.08247801
10 26 0.029509384
10 28 0.89037234
10 24 0.078452796
10 31 6.41498
10 12 129.83957
10 9 24.08766
10 17 0.03693182
11 0 2000.0
11 30 0.8011758
11 8 1.4521673
11 18 12.599266
11 13 0.8809489
11 33 1.9807184
11 29 0.902792
11 5 7.3242283
11 34 3.1483002
11 20 2.4648612
11 2 1.6322746
11 37 1.8252082
11 7 1618.6932
11 27 0.7029509
11 16 1.1279752
11 25 0.83875215
12 26 0.69816786
12 32 9.318142
12 10 129.83957
12 24 0.07195663
12 21 0.11967376
12 3 0.06682588
12 1 14.223524
13 30 111.68057
13 0 0.77915484
13 8 0.8820505
13 18 1301.0228
13 33 0.9564751
13 11 0.8809489
13 29 1.7035017
13 5 35.61797
13 34 717.017
13 20 1.7656186
13 2 0.77117485
13 14 12.817062
13 37 1.2603339
13 7 2000.0
13 27 0.23427327
13 16 45.70195
13 25 0.27880785
14 30 18.285782
14 20 3.007968
14 13 12.817062
14 27 1.6978204
14 33 0.42606527
14 11 2000.0
14 25 2.5666988
15 32 0.072099745
15 21 10.217545
16 30 1.1200284
16 0 2000.0
16 8 1.6190048
16 18 1.0855676
16 13 45.70195
16 11 1.1279752
16 5 1.5957241
16 34 71.36485
16 20 38.3237
16 7 1.0649043
16 27 1.6482038
16 23 2.8662639
16 25 1.0186746
17 6 1.1894478
17 26 1.4256783
17 10 0.03693182
17 24 0.13884252
17 31 1.0159659
17 9 0.039843388
17 4 0.28166726
17 19 1251.6477
18 0 2000.0
18 30 0.7917141
18 8 1.2397755
18 13 1301.0228
18 11 12.599266
18 29 0.84565395
18 5 0.641182
18 2 2.0463347
18 37 2.1484303
18 7 2000.0
18 27 21.792631
18 16 1.0855676
18 23 1.341238
19 31 0.089858554
19 9 0.08247801
19 4 0.061548658
20 30 1.547248
20 13 1.7656186
20 33 1.2205179
20 11 2.4648612
20 29 17.356209
20 5 1.9029039
20 34 0.92483795
20 2 3.7757113
20 14 3.007968
20 37 5.0800385
20 7 33.26656
20 27 1.6430784
20 16 38.3237
20 25 0.44383666
21 32 2000.0
21 24 0.844327
21 35 0.033339646
21 31 2000.0
21 12 0.11967376
21 15 10.217545
22 31 64.28571
22 9 0.05152512
22 19 2000.0
23 0 2000.0
23 30 1.4440291
23 8 1.2619724
23 2 11.48352
23 37 1.3376216
23 18 1.341238
23 7 2.0319357
23 16 2.8662639
23 11 2000.0
23 29 1.9638973
23 5 5.0183725
24 26 0.039191674
24 32 0.22610727
24 10 0.078452796
24 21 0.844327
24 12 0.07195663
24 3 200.0
24 15 2000.0
24 17 0.13884252
25 0 6.344926
25 30 10.0042095
25 13 0.27880785
25 33 0.45994788
25 11 0.83875215
25 29 1.7110385
25 34 5.9230065
25 20 0.44383666
25 2 0.6176307
25 14 2.5666988
25 37 63.188923
25 7 3.1114695
25 27 0.25956503
25 16 1.0186746
26 32 1207.6136
26 28 0.0659974
26 10 0.029509384
26 24 0.039191674
26 31 0.13171744
26 12 0.69816786
26 17 1.4256783
27 30 0.28024733
27 0 2000.0
27 8 3.175282
27 18 21.792631
27 13 0.23427327
27 33 0.6780005
27 11 0.7029509
27 29 0.8365487
27 5 1.1042781
27 34 0.9099087
27 20 1.6430784
27 2 1.035197
27 14 1.6978204
27 37 0.95525485
27 7 2000.0
27 16 1.6482038
27 25 0.25956503
28 36 0.039386123
28 26 0.0659974
28 10 0.89037234
28 3 4.33198
28 12 1203.8069
28 9 2.3079307
28 19 1378.6932
29 0 30.058054
29 30 1.9660913
29 8 1.2540711
29 18 0.84565395
29 13 1.7035017
29 33 32.41539
29 11 0.902792
29 5 5.443785
29 34 4.2466803
29 20 17.356209
29 2 1.2270026
29 37 1.2855816
29 7 2000.0
29 27 0.8365487
29 16 2000.0
29 23 1.9638973
29 25 1.7110385
30 8 0.9452208
30 18 0.7917141
30 13 111.68057
30 33 5.565572
30 11 0.8011758
30 29 1.9660913
30 5 0.62299305
30 34 1.0752472
30 20 1.547248
30 2 17.969593
30 14 18.285782
30 37 21.651833
30 7 1.0767003
30 27 0.28024733
30 16 1.1200284
30 23 1.4440291
30 25 10.0042095
31 26 0.13171744
31 6 0.11823743
31 10 6.41498
31 35 128.83394
31 22 64.28571
31 9 0.030579358
31 4 0.06966642
31 17 1.0159659
31 19 0.089858554
32 24 0.22610727
32 12 9.318142
32 15 0.072099745
33 30 5.565572
33 8 2000.0
33 13 0.9564751
33 11 1.9807184
33 29 32.41539
33 5 2000.0
33 34 2000.0
33 20 1.2205179
33 2 2.2771614
33 14 0.42606527
33 7 2000.0
33 27 0.6780005
33 16 3017.898
33 25 0.45994788
34 30 1.0752472
34 20 0.92483795
34 8 49.816555
34 37 2000.0
34 13 717.017
34 7 3274.091
34 27 0.9099087
34 16 71.36485
34 11 3.1483002
34 29 4.2466803
34 25 5.9230065
34 5 5.0284023
35 21 0.033339646
35 31 128.83394
36 28 0.039386123
36 3 0.40831465
36 9 0.89810014
37 30 21.651833
37 0 1.1402936
37 8 0.9755216
37 18 2.1484303
37 13 1.2603339
37 11 1.8252082
37 29 1.2855816
37 5 26.97418
37 20 5.0800385
37 2 0.89503855
37 7 340.72272
37 27 0.95525485
37 16 2000.0
37 23 1.3376216
37 25 63.188923
