0 8 6.330321
0 2 1.4245989
0 37 0.90081424
0 13 0.8339554
0 11 53.65341
0 29 13.724506
1 3 0.213783
1 12 1202.159
2 30 11.747138
2 0 1.4245989
2 8 1.1468445
2 18 9.71209
2 13 0.4356847
2 33 2.748123
2 11 1.0633059
2 29 0.9276669
2 20 2.5129604
2 37 0.92131615
2 27 1.0589178
2 16 2000.0
2 23 56.87037
2 25 1.8902321
3 36 0.24947241
3 28 0.06992136
3 24 2000.0
3 12 0.051188976
3 1 0.213783
3 9 0.7759355
4 31 0.08476756
4 9 0.07697947
4 17 0.09975236
4 19 0.081413776
5 30 0.5967875
5 8 1.1834347
5 18 0.36314487
5 13 149.81493
5 11 3.4529026
5 29 2.025188
5 34 1.6214467
5 20 2.718179
5 37 2000.0
5 7 6.0568743
5 27 1.4806975
5 16 1.2373745
5 23 4.4860544
6 31 0.36311114
6 17 0.9581514
7 34 6.954498
7 30 0.6794366
7 20 2.017552
7 8 51.340446
7 37 19.46922
7 27 177.63513
7 16 1.1920935
7 11 6.2151194
7 23 1.3601532
7 25 5.567255
7 5 6.0568743
8 0 6.330321
8 30 0.82244855
8 18 0.9916158
8 13 4.9440393
8 11 3.2757463
8 29 0.72606534
8 5 1.1834347
8 34 1.6615748
8 2 1.1468445
8 37 1.3249129
8 7 51.340446
8 27 1.7699585
8 16 1.9288403
8 23 1.3401562
9 36 0.72435194
9 26 2000.0
9 28 2.8316338
9 10 7.077922
9 22 0.32007858
9 31 0.032645717
9 12 2000.0
9 3 0.7759355
9 17 0.03356993
9 4 0.07697947
9 19 0.066789456
10 26 0.031380404
10 28 1.2570773
10 24 0.08730072
10 31 0.03540346
10 12 8.814451
10 9 7.077922
10 17 0.02914223
11 0 53.65341
11 30 0.3918087
11 8 3.2757463
11 18 5.231503
11 13 0.5509161
11 33 2.1313078
11 29 0.9019831
11 5 3.4529026
11 34 2.7579799
11 20 1.2096275
11 2 1.0633059
11 37 1.5055064
11 7 6.2151194
11 27 0.4503738
11 16 0.9329709
11 25 1.5457857
12 26 0.9649302
12 28 3.3942382
12 32 0.2168594
12 10 8.814451
12 24 0.07096382
12 21 0.11736535
12 3 0.051188976
13 30 1.0049195
13 0 0.8339554
13 8 4.9440393
13 18 212.15164
13 33 0.9577411
13 11 0.5509161
13 29 0.87786627
13 5 149.81493
13 34 6.550423
13 20 0.49942368
13 2 0.4356847
13 14 3.3324254
13 37 1.0583308
13 27 0.2300123
13 16 106.53788
13 25 0.62348735
14 20 1.191872
14 13 3.3324254
14 27 4.8719006
14 33 0.43047494
14 11 2000.0
14 25 6.776833
15 32 0.07612706
15 21 1.7037109
16 0 2000.0
16 30 1.0329562
16 8 1.9288403
16 18 0.73251677
16 13 106.53788
16 11 0.9329709
16 29 25.439142
16 5 1.2373745
16 20 10.155809
16 37 59.396076
16 7 1.1920935
16 27 1.2462227
16 23 6.835583
16 25 3.6172454
17 26 1.7458442
17 6 0.9581514
17 10 0.02914223
17 24 0.13187622
17 31 1.1991282
17 9 0.03356993
17 4 0.09975236
17 19 3.3366969
18 30 0.7947245
18 2 9.71209
18 8 0.9916158
18 37 1.1639503
18 7 2000.0
18 13 212.15164
18 27 2.8690915
18 16 0.73251677
18 23 1.3749899
18 11 5.231503
18 29 1.8030945
18 5 0.36314487
19 31 0.08042936
19 9 0.066789456
19 17 3.3366969
19 4 0.081413776
20 30 52.250614
20 13 0.49942368
20 33 1.6647345
20 11 1.2096275
20 29 4.7165837
20 5 2.718179
20 34 1.6658438
20 2 2.5129604
20 14 1.191872
20 37 2.066403
20 7 2.017552
20 27 0.56034935
20 16 10.155809
20 25 0.8761697
21 32 2000.0
21 24 0.30974278
21 35 0.033323865
21 12 0.11736535
21 15 1.7037109
22 6 1234.4886
22 31 1196.875
22 9 0.32007858
22 19 1462.216
23 0 2000.0
23 30 1.1612707
23 2 56.87037
23 8 1.3401562
23 37 3.0458148
23 18 1.3749899
23 7 1.3601532
23 16 6.835583
23 11 2000.0
23 29 3.1197689
23 5 4.4860544
24 26 0.15457651
24 32 0.13897857
24 10 0.08730072
24 21 0.30974278
24 31 3.0666041
24 12 0.07096382
24 3 2000.0
24 15 2000.0
24 17 0.13187622
25 30 7.4046617
25 13 0.62348735
25 33 0.39063704
25 11 1.5457857
25 29 3.9898305
25 34 1.659801
25 20 0.8761697
25 2 1.8902321
25 14 6.776833
25 37 2000.0
25 7 5.567255
25 27 0.68785393
25 16 3.6172454
26 36 156.52176
26 32 20.412825
26 28 0.9016761
26 10 0.031380404
26 24 0.15457651
26 31 0.076711416
26 12 0.9649302
26 17 1.7458442
27 0 2000.0
27 30 0.22316006
27 8 1.7699585
27 18 2.8690915
27 13 0.2300123
27 33 0.9738767
27 11 0.4503738
27 29 0.67092955
27 5 1.4806975
27 34 1.130498
27 20 0.56034935
27 2 1.0589178
27 14 4.8719006
27 37 0.8031215
27 7 177.63513
27 16 1.2462227
27 23 2000.0
27 25 0.68785393
28 36 0.053820394
28 26 0.9016761
28 10 1.2570773
28 3 0.06992136
28 12 3.3942382
28 9 2.8316338
29 0 13.724506
29 30 4.4146266
29 8 0.72606534
29 18 1.8030945
29 13 0.87786627
29 11 0.9019831
29 5 2.025188
29 34 7.953708
29 20 4.7165837
29 2 0.9276669
29 37 1.0017145
29 7 2000.0
29 27 0.67092955
29 16 25.439142
29 23 3.1197689
29 25 3.9898305
30 0 2000.0
30 8 0.82244855
30 18 0.7947245
30 13 1.0049195
30 33 4.857106
30 11 0.3918087
30 29 4.4146266
30 5 0.5967875
30 34 1.3653445
30 20 52.250614
30 2 11.747138
30 37 6.799067
30 7 0.6794366
30 27 0.22316006
30 16 1.0329562
30 23 1.1612707
30 25 7.4046617
31 26 0.076711416
31 6 0.36311114
31 10 0.03540346
31 24 3.0666041
31 9 0.032645717
31 17 1.1991282
31 4 0.08476756
31 19 0.08042936
32 26 20.412825
32 24 0.13897857
32 21 2000.0
32 12 0.2168594
32 15 0.07612706
33 34 2000.0
33 30 4.857106
33 20 1.6647345
33 2 2.748123
33 14 0.43047494
33 7 2000.0
33 13 0.9577411
33 27 0.9738767
33 16 2226.3638
33 11 2.1313078
33 29 1349.034
33 25 0.39063704
34 30 1.3653445
34 20 1.6658438
34 8 1.6615748
34 13 6.550423
34 7 6.954498
34 27 1.130498
34 16 1215.0568
34 11 2.7579799
34 25 1.659801
34 29 7.953708
34 5 1.6214467
35 21 0.033323865
36 26 156.52176
36 28 0.053820394
36 3 0.24947241
36 9 0.72435194
37 30 6.799067
37 0 0.90081424
37 8 1.3249129
37 18 1.1639503
37 13 1.0583308
37 11 1.5055064
37 29 1.0017145
37 20 2.066403
37 2 0.92131615
37 7 19.46922
37 27 0.8031215
37 16 59.396076
37 23 3.0458148
37 25 2000.0
