0 8 17.746908
0 2 1.0417511
0 37 1.0704697
0 13 0.8927651
0 11 436.70566
0 29 8.288698
0 25 2000.0
1 3 0.2441223
1 12 72.72727
2 30 16.061764
2 0 1.0417511
2 8 2.205936
2 18 13.088801
2 13 1.0123457
2 33 3.4348142
2 11 2.5094216
2 29 0.8818547
2 20 8.045379
2 37 1.5240185
2 27 2.3164337
2 23 44.251934
2 25 3.1925673
3 36 0.43316114
3 28 0.10269061
3 24 2000.0
3 12 0.06977108
3 1 0.2441223
3 9 0.40675944
4 31 0.073400065
4 9 0.06888317
4 17 0.091499135
4 19 0.08844775
5 30 0.9774187
5 8 0.9682417
5 18 1.563621
5 13 194.6131
5 11 8.489764
5 29 9.609681
5 34 4.563762
5 20 3.9969969
5 37 2000.0
5 7 14.708394
5 27 3.2213855
5 16 3.4945955
5 23 4.323799
6 24 2000.0
6 31 1.7725738
6 17 1.6945987
7 34 10.83086
7 30 1.1176482
7 20 2.4971378
7 8 24.077652
7 37 40.965366
7 27 199.39224
7 16 1.8503283
7 11 10.080889
7 23 1.6981013
7 25 13.834029
7 5 14.708394
8 0 17.746908
8 30 0.6379652
8 18 1.2355678
8 13 8.216842
8 11 5.0404096
8 29 0.59185934
8 5 0.9682417
8 34 9.537044
8 2 2.205936
8 37 1.353597
8 7 24.077652
8 27 1.6536179
8 16 1.7999641
8 23 1.4171308
9 36 1.8939427
9 26 2000.0
9 28 12.389319
9 10 3.4862828
9 22 0.5129664
9 31 0.029438972
9 3 0.40675944
9 17 0.054402534
9 4 0.06888317
9 19 0.071282566
10 26 0.047487196
10 28 0.48766172
10 24 0.075785786
10 31 0.033405744
10 12 5.8310714
10 9 3.4862828
10 17 0.029844895
11 0 436.70566
11 30 1.064781
11 8 5.0404096
11 18 16.794962
11 13 0.51363045
11 33 3.2383919
11 29 0.9710784
11 5 8.489764
11 34 8.653777
11 20 1.8680097
11 2 2.5094216
11 37 2.676333
11 7 10.080889
11 27 0.6097707
11 16 1.1111104
11 25 1.4909544
12 26 1.9073051
12 28 4.228573
12 32 0.24051917
12 10 5.8310714
12 24 0.100227274
12 21 0.07860079
12 3 0.06977108
12 1 72.72727
13 30 3.9214318
13 0 0.8927651
13 8 8.216842
13 18 400.0
13 33 0.7916907
13 11 0.51363045
13 29 0.9265842
13 5 194.6131
13 34 9.032416
13 20 0.74205405
13 2 1.0123457
13 14 3.4191124
13 37 2.1728253
13 27 0.21609107
13 16 161.45045
13 25 1.011366
14 20 1.8078512
14 13 3.4191124
14 33 0.5214003
14 27 3.2268424
14 11 2000.0
14 25 2.338042
15 32 0.06975764
15 21 15.336905
16 30 1.0664811
16 0 2000.0
16 8 1.7999641
16 18 1.3312203
16 13 161.45045
16 11 1.1111104
16 29 378.94742
16 5 3.4945955
16 20 35.887554
16 37 3290.4138
16 7 1.8503283
16 27 2.1616547
16 23 6.403598
16 25 2.0026102
17 26 1.9723134
17 6 1.6945987
17 10 0.029844895
17 24 0.6273325
17 31 1.2753471
17 9 0.054402534
17 4 0.091499135
17 19 1.6247418
18 30 1.1173037
18 0 2000.0
18 8 1.2355678
18 13 400.0
18 11 16.794962
18 29 1.6871012
18 5 1.563621
18 2 13.088801
18 37 1.8327775
18 7 2000.0
18 27 6.5242915
18 16 1.3312203
18 23 1.9680034
19 31 0.06424251
19 9 0.071282566
19 17 1.6247418
19 4 0.08844775
20 0 2000.0
20 30 72.17005
20 13 0.74205405
20 33 1.9604053
20 11 1.8680097
20 29 3.8156562
20 5 3.9969969
20 34 1.7384442
20 2 8.045379
20 14 1.8078512
20 37 6.788149
20 7 2.4971378
20 27 3.1143336
20 16 35.887554
20 25 1.5208765
21 26 2000.0
21 32 2000.0
21 10 2000.0
21 24 0.048020832
21 35 0.037301935
21 12 0.07860079
21 15 15.336905
22 6 1282.6705
22 31 1121.8182
22 9 0.5129664
22 19 1594.4319
23 0 2000.0
23 30 3.9896202
23 2 44.251934
23 8 1.4171308
23 37 4.2727475
23 18 1.9680034
23 7 1.6981013
23 16 6.403598
23 11 2000.0
23 29 5.800742
23 5 4.323799
24 26 0.077441275
24 32 0.10282132
24 10 0.075785786
24 21 0.048020832
24 31 11.769591
24 12 0.100227274
24 3 2000.0
24 15 2000.0
24 17 0.6273325
25 0 2000.0
25 30 7.7169247
25 13 1.011366
25 33 0.36467242
25 11 1.4909544
25 29 2.798527
25 34 5.700768
25 20 1.5208765
25 2 3.1925673
25 14 2.338042
25 37 12.8448305
25 7 13.834029
25 27 0.9171513
25 16 2.0026102
26 32 31.126581
26 28 0.042803034
26 10 0.047487196
26 24 0.077441275
26 31 0.09500641
26 12 1.9073051
26 17 1.9723134
27 0 2000.0
27 30 0.7299586
27 8 1.6536179
27 18 6.5242915
27 13 0.21609107
27 33 1.7686292
27 11 0.6097707
27 29 0.41061553
27 5 3.2213855
27 34 3.2613444
27 20 3.1143336
27 2 2.3164337
27 14 3.2268424
27 37 1.9819837
27 7 199.39224
27 16 2.1616547
27 25 0.9171513
28 36 0.04115717
28 26 0.042803034
28 10 0.48766172
28 3 0.10269061
28 12 4.228573
28 9 12.389319
29 0 8.288698
29 30 10.633882
29 8 0.59185934
29 18 1.6871012
29 13 0.9265842
29 11 0.9710784
29 5 9.609681
29 34 7.9842014
29 20 3.8156562
29 2 0.8818547
29 37 1.1140794
29 7 2000.0
29 27 0.41061553
29 16 378.94742
29 23 5.800742
29 25 2.798527
30 0 2000.0
30 8 0.6379652
30 18 1.1173037
30 13 3.9214318
30 33 7.6447563
30 11 1.064781
30 29 10.633882
30 5 0.9774187
30 34 3.0442374
30 20 72.17005
30 2 16.061764
30 14 2000.0
30 37 9.414521
30 7 1.1176482
30 27 0.7299586
30 16 1.0664811
30 23 3.9896202
30 25 7.7169247
31 26 0.09500641
31 6 1.7725738
31 10 0.033405744
31 24 11.769591
31 9 0.029438972
31 17 1.2753471
31 4 0.073400065
31 19 0.06424251
32 26 31.126581
32 24 0.10282132
32 12 0.24051917
32 15 0.06975764
33 34 2000.0
33 30 7.6447563
33 20 1.9604053
33 2 3.4348142
33 14 0.5214003
33 7 2000.0
33 13 0.7916907
33 27 1.7686292
33 16 2000.0
33 11 3.2383919
33 29 2382.1023
33 25 0.36467242
34 30 3.0442374
34 20 1.7384442
34 8 9.537044
34 7 10.83086
34 13 9.032416
34 27 3.2613444
34 16 2536.0227
34 11 8.653777
34 25 5.700768
34 29 7.9842014
34 5 4.563762
35 21 0.037301935
36 26 2000.0
36 28 0.04115717
36 3 0.43316114
36 9 1.8939427
37 30 9.414521
37 0 1.0704697
37 8 1.353597
37 18 1.8327775
37 13 2.1728253
37 11 2.676333
37 29 1.1140794
37 20 6.788149
37 2 1.5240185
37 7 40.965366
37 27 1.9819837
37 16 3290.4138
37 23 4.2727475
37 25 12.8448305
