0 2 0.97917545
0 37 3.059443
0 13 0.99996907
0 25 160.0
0 29 16.781786
1 3 0.597027
1 12 18.875345
2 30 42.049133
2 0 0.97917545
2 8 3.0110345
2 18 2.444095
2 13 0.61467546
2 33 1.6783829
2 11 2.4976175
2 29 1.2288862
2 20 3.4322646
2 37 0.9673677
2 27 1.0074743
2 16 2000.0
2 23 32.90423
2 25 0.4633195
3 36 0.7853414
3 28 110.6142
3 24 144.2099
3 12 0.067597635
3 1 0.597027
3 9 0.65420336
4 31 0.08170458
4 9 0.067343526
4 17 0.17241457
4 19 0.0662662
5 30 1.2622635
5 8 0.75074714
5 18 1.4980354
5 13 45.35284
5 11 1.9015678
5 29 4.2871127
5 34 2.1816893
5 20 1.7261933
5 37 7.7008176
5 7 16.502623
5 27 1.6994001
5 16 1.564322
5 23 2.4584641
5 25 2000.0
6 31 0.12522484
6 17 1.8129058
7 34 490.93582
7 30 1.6047804
7 20 37.5
7 8 5.4159503
7 37 59.070164
7 16 1.5964278
7 23 2.1144257
7 11 164.27211
7 25 2.814394
7 5 16.502623
8 0 2000.0
8 30 0.42420876
8 18 1.2716767
8 13 1.4489237
8 11 1.0189319
8 29 0.9302962
8 5 0.75074714
8 34 64.93268
8 2 3.0110345
8 37 0.9462399
8 7 5.4159503
8 27 4.158378
8 16 1.9878643
8 23 1.1717912
8 25 2000.0
9 36 0.63259935
9 26 2000.0
9 28 0.8506811
9 10 10.867425
9 22 0.056607384
9 31 0.029656619
9 3 0.65420336
9 12 2000.0
9 4 0.067343526
9 17 0.03475795
9 19 0.10489108
10 26 0.033907678
10 28 0.24318688
10 24 0.091438524
10 31 1.2967758
10 12 1307.1023
10 9 10.867425
10 17 0.030663192
11 0 2000.0
11 30 0.7366711
11 8 1.0189319
11 18 9.573915
11 13 1.0364392
11 33 2.363973
11 29 1.1532955
11 5 1.9015678
11 34 2.0404694
11 20 1.2485675
11 2 2.4976175
11 37 1.451686
11 7 164.27211
11 27 0.8297427
11 16 1.1011206
11 25 0.575451
12 26 1.8961465
12 32 5.84122
12 24 0.07046081
12 21 0.14667407
12 3 0.067597635
12 1 18.875345
13 30 74.911964
13 0 0.99996907
13 8 1.4489237
13 18 162.53047
13 33 0.90158737
13 11 1.0364392
13 29 0.77252793
13 5 45.35284
13 34 116.89439
13 20 0.7593445
13 2 0.61467546
13 14 3.8752513
13 37 1.5140462
13 7 2000.0
13 27 0.20634137
13 16 84.2547
13 25 0.22089268
14 34 2000.0
14 30 6.748371
14 20 1.9585596
14 13 3.8752513
14 27 1.7176929
14 33 1.7120738
14 11 2000.0
14 25 1.7739547
15 32 0.06854973
15 21 7.671215
16 34 20.038546
16 30 1.1042321
16 20 6.516818
16 8 1.9878643
16 18 2.9820771
16 13 84.2547
16 7 1.5964278
16 27 1.2431982
16 11 1.1011206
16 23 4.538655
16 25 0.36126536
16 5 1.564322
17 6 1.8129058
17 26 1.5674533
17 10 0.030663192
17 24 0.06654717
17 31 0.96661514
17 9 0.03475795
17 4 0.17241457
17 19 2000.0
18 0 2000.0
18 30 1.0953693
18 8 1.2716767
18 2 2.444095
18 37 5.3395405
18 13 162.53047
18 27 108.303566
18 16 2.9820771
18 11 9.573915
18 23 1.635664
18 29 1.1052667
18 5 1.4980354
19 28 133.33334
19 31 0.102444
19 9 0.10489108
19 4 0.0662662
20 30 1.0908409
20 8 2000.0
20 13 0.7593445
20 33 1.2806927
20 11 1.2485675
20 29 5.676971
20 5 1.7261933
20 34 0.82612646
20 2 3.4322646
20 14 1.9585596
20 37 7.1586065
20 7 37.5
20 27 1.1726723
20 16 6.516818
20 25 0.35430056
21 26 2000.0
21 32 2000.0
21 24 0.7211895
21 35 0.035465542
21 31 2000.0
21 12 0.14667407
21 15 7.671215
21 4 2000.0
22 31 93.319214
22 9 0.056607384
22 19 2000.0
23 0 2000.0
23 30 4.602394
23 8 1.1717912
23 2 32.90423
23 37 2.3490326
23 18 1.635664
23 7 2.1144257
23 16 4.538655
23 11 2000.0
23 29 1.5074188
23 5 2.4584641
24 26 0.093525365
24 32 0.43741858
24 10 0.091438524
24 21 0.7211895
24 12 0.07046081
24 3 144.2099
24 15 2000.0
24 17 0.06654717
25 0 160.0
25 30 6.6587462
25 13 0.22089268
25 33 0.46383283
25 11 0.575451
25 29 1.885039
25 34 2.2321167
25 20 0.35430056
25 2 0.4633195
25 14 1.7739547
25 37 25.97607
25 7 2.814394
25 27 0.20898269
25 16 0.36126536
26 32 47.310604
26 28 0.048599146
26 10 0.033907678
26 24 0.093525365
26 31 0.21076842
26 12 1.8961465
26 17 1.5674533
27 30 0.17609128
27 0 2000.0
27 8 4.158378
27 18 108.303566
27 13 0.20634137
27 33 0.7236421
27 11 0.8297427
27 29 0.96740556
27 5 1.6994001
27 34 1.0344753
27 20 1.1726723
27 2 1.0074743
27 14 1.7176929
27 37 1.1433518
27 7 2000.0
27 16 1.2431982
27 25 0.20898269
28 36 0.03504399
28 26 0.048599146
28 10 0.24318688
28 12 1204.8296
28 3 110.6142
28 9 0.8506811
28 19 133.33334
29 0 16.781786
29 30 2.7376814
29 8 0.9302962
29 18 1.1052667
29 13 0.77252793
29 33 23.53618
29 11 1.1532955
29 5 4.2871127
29 34 3.6654408
29 20 5.676971
29 2 1.2288862
29 37 0.7712451
29 7 2000.0
29 27 0.96740556
29 16 2000.0
29 23 1.5074188
29 25 1.885039
30 8 0.42420876
30 18 1.0953693
30 13 74.911964
30 33 6.0503497
30 11 0.7366711
30 29 2.7376814
30 5 1.2622635
30 34 0.86768454
30 20 1.0908409
30 2 42.049133
30 14 6.748371
30 37 6.667641
30 7 1.6047804
30 27 0.17609128
30 16 1.1042321
30 23 4.602394
30 25 6.6587462
31 26 0.21076842
31 6 0.12522484
31 10 1.2967758
31 35 17.338524
31 22 93.319214
31 9 0.029656619
31 4 0.08170458
31 17 0.96661514
31 19 0.102444
32 26 47.310604
32 24 0.43741858
32 12 5.84122
32 15 0.06854973
33 34 2000.0
33 30 6.0503497
33 20 1.2806927
33 2 1.6783829
33 14 1.7120738
33 7 2000.0
33 13 0.90158737
33 27 0.7236421
33 16 2040.0568
33 11 2.363973
33 29 23.53618
33 25 0.46383283
34 30 0.86768454
34 20 0.82612646
34 8 64.93268
34 37 2000.0
34 13 116.89439
34 7 490.93582
34 27 1.0344753
34 16 20.038546
34 11 2.0404694
34 29 3.6654408
34 25 2.2321167
34 5 2.1816893
35 21 0.035465542
35 31 17.338524
36 28 0.03504399
36 3 0.7853414
36 9 0.63259935
37 30 6.667641
37 0 3.059443
37 8 0.9462399
37 18 5.3395405
37 13 1.5140462
37 11 1.451686
37 29 0.7712451
37 5 7.7008176
37 20 7.1586065
37 2 0.9673677
37 7 59.070164
37 27 1.1433518
37 16 2000.0
37 23 2.3490326
37 25 25.97607
