0 8 9.79499
0 2 1.1925323
0 37 1.5440509
0 13 1.116912
0 11 42.352943
0 25 250.00002
0 29 5.618876
1 3 0.28423756
1 12 72.64262
2 30 19.706322
2 0 1.1925323
2 8 1.1434429
2 18 6.2393317
2 13 0.4318017
2 33 2.2426863
2 11 0.5021373
2 29 0.8265142
2 20 6.197352
2 37 0.8980226
2 27 1.2191023
2 16 2000.0
2 23 94.8423
2 25 1.8781527
3 36 0.25412524
3 28 0.09716981
3 24 300.0
3 12 0.0652905
3 1 0.28423756
3 9 0.28554454
4 31 0.08186292
4 9 0.06178977
4 17 0.07608871
4 19 0.08741766
5 30 0.8230066
5 8 0.81522304
5 18 0.38000506
5 13 2000.0
5 11 3.0036101
5 29 2.1344144
5 34 5.440312
5 20 1.9161
5 37 2000.0
5 7 11.121139
5 27 2.8264356
5 16 1.4508471
5 23 6.370959
6 31 1.355382
6 17 2.0681815
7 34 6.9188213
7 30 0.71783495
7 20 1.5985786
7 8 21.747883
7 37 13.235074
7 27 54.978104
7 16 1.2626224
7 11 3.257751
7 23 1.0784179
7 25 6.978949
7 5 11.121139
8 0 9.79499
8 30 1.0089713
8 18 1.0921333
8 13 2.6100192
8 11 0.7144833
8 29 0.6256424
8 5 0.81522304
8 34 4.768411
8 2 1.1434429
8 37 0.9405624
8 7 21.747883
8 27 1.4526135
8 16 1.4524833
8 23 0.86842936
9 36 0.8136117
9 26 2000.0
9 28 9.925556
9 10 10.163352
9 22 0.082912974
9 31 0.029067459
9 3 0.28554454
9 17 0.052227635
9 4 0.06178977
9 19 0.08642678
10 26 0.03567235
10 28 0.5463122
10 24 0.08364938
10 31 0.031149194
10 12 8.735938
10 9 10.163352
10 17 0.029812371
11 0 42.352943
11 30 0.35705215
11 8 0.7144833
11 18 4.5612555
11 13 0.43377882
11 33 4.442285
11 29 0.35475063
11 5 3.0036101
11 34 4.563472
11 20 1.9131608
11 2 0.5021373
11 37 0.9542108
11 7 3.257751
11 27 0.82839453
11 16 0.84276175
11 25 0.9428316
12 26 1.3475207
12 28 3.8231347
12 32 0.15476535
12 10 8.735938
12 24 0.06697595
12 21 0.070920266
12 3 0.0652905
12 1 72.64262
13 30 1.2381226
13 0 1.116912
13 8 2.6100192
13 18 400.0
13 33 0.9344056
13 11 0.43377882
13 29 0.7177339
13 34 8.786284
13 20 0.8439371
13 2 0.4318017
13 14 3.287893
13 37 2.8732715
13 27 0.5185697
13 16 65.0929
13 25 0.8165089
14 20 0.7998329
14 13 3.287893
14 33 0.68083495
14 27 1.7865176
14 11 2000.0
14 25 1.8780361
15 32 0.08704811
15 21 0.82142854
16 0 2000.0
16 30 1.140158
16 8 1.4524833
16 18 0.9563203
16 13 65.0929
16 11 0.84276175
16 29 216.96591
16 5 1.4508471
16 20 11.190048
16 37 42.544308
16 7 1.2626224
16 27 1.5494869
16 23 4.893557
16 25 1.1295779
17 26 1.9682002
17 6 2.0681815
17 10 0.029812371
17 24 0.21114637
17 31 1.3620994
17 9 0.052227635
17 4 0.07608871
17 19 2.7657316
18 30 0.8672864
18 2 6.2393317
18 8 1.0921333
18 37 1.0160428
18 7 2000.0
18 13 400.0
18 27 1.8616983
18 16 0.9563203
18 23 1.054447
18 11 4.5612555
18 29 0.7948781
18 5 0.38000506
19 31 0.06753282
19 9 0.08642678
19 17 2.7657316
19 4 0.08741766
20 30 18.144976
20 13 0.8439371
20 33 1.0554923
20 11 1.9131608
20 29 3.4053442
20 5 1.9161
20 34 0.8256736
20 2 6.197352
20 14 0.7998329
20 37 5.929624
20 7 1.5985786
20 27 0.6264651
20 16 11.190048
20 25 0.45177907
21 26 2000.0
21 32 2000.0
21 24 0.09946107
21 35 0.051213145
21 12 0.070920266
21 15 0.82142854
22 6 1299.3182
22 31 1232.6136
22 9 0.082912974
22 19 1248.466
23 0 2000.0
23 30 1.3382066
23 2 94.8423
23 8 0.86842936
23 37 2.2991774
23 18 1.054447
23 7 1.0784179
23 16 4.893557
23 11 2000.0
23 29 2.973896
23 5 6.370959
24 26 0.0808348
24 32 0.099789225
24 28 2000.0
24 10 0.08364938
24 21 0.09946107
24 31 6.183178
24 3 300.0
24 12 0.06697595
24 15 2000.0
24 17 0.21114637
25 0 250.00002
25 30 2.4007957
25 13 0.8165089
25 33 0.6652869
25 11 0.9428316
25 29 1.3442065
25 34 2.3797362
25 20 0.45177907
25 2 1.8781527
25 14 1.8780361
25 37 17.730518
25 7 6.978949
25 27 0.6029535
25 16 1.1295779
26 32 31.163717
26 28 0.042721864
26 10 0.03567235
26 24 0.0808348
26 31 0.07373627
26 12 1.3475207
26 17 1.9682002
27 0 2000.0
27 30 0.42276242
27 8 1.4526135
27 18 1.8616983
27 13 0.5185697
27 33 1.0067759
27 11 0.82839453
27 29 0.5022688
27 5 2.8264356
27 34 1.2979552
27 20 0.6264651
27 2 1.2191023
27 14 1.7865176
27 37 1.1555058
27 7 54.978104
27 16 1.5494869
27 25 0.6029535
28 36 0.04235826
28 26 0.042721864
28 10 0.5463122
28 3 0.09716981
28 12 3.8231347
28 9 9.925556
29 0 5.618876
29 30 2.3358412
29 8 0.6256424
29 18 0.7948781
29 13 0.7177339
29 11 0.35475063
29 5 2.1344144
29 34 9.489823
29 20 3.4053442
29 2 0.8265142
29 37 0.8054916
29 7 2000.0
29 27 0.5022688
29 16 216.96591
29 23 2.973896
29 25 1.3442065
30 0 2000.0
30 8 1.0089713
30 18 0.8672864
30 13 1.2381226
30 33 1.886142
30 11 0.35705215
30 29 2.3358412
30 5 0.8230066
30 34 3.589347
30 20 18.144976
30 2 19.706322
30 14 2000.0
30 37 5.9305067
30 7 0.71783495
30 27 0.42276242
30 16 1.140158
30 23 1.3382066
30 25 2.4007957
31 26 0.07373627
31 6 1.355382
31 10 0.031149194
31 24 6.183178
31 9 0.029067459
31 17 1.3620994
31 4 0.08186292
31 19 0.06753282
32 26 31.163717
32 24 0.099789225
32 12 0.15476535
32 15 0.08704811
33 30 1.886142
33 8 2000.0
33 13 0.9344056
33 11 4.442285
33 29 4429.602
33 5 2000.0
33 34 2000.0
33 20 1.0554923
33 2 2.2426863
33 14 0.68083495
33 7 2000.0
33 27 1.0067759
33 16 2000.0
33 25 0.6652869
34 30 3.589347
34 20 0.8256736
34 8 4.768411
34 7 6.9188213
34 13 8.786284
34 27 1.2979552
34 16 2536.0227
34 11 4.563472
34 25 2.3797362
34 29 9.489823
34 5 5.440312
35 21 0.051213145
36 26 2000.0
36 28 0.04235826
36 3 0.25412524
36 9 0.8136117
37 30 5.9305067
37 0 1.5440509
37 8 0.9405624
37 18 1.0160428
37 13 2.8732715
37 11 0.9542108
37 29 0.8054916
37 20 5.929624
37 2 0.8980226
37 7 13.235074
37 27 1.1555058
37 16 42.544308
37 23 2.2991774
37 25 17.730518
