0 2 0.8621847
0 37 1.5858324
0 13 0.9318182
0 29 30.276495
0 25 50.1413
1 3 0.86383855
1 12 34.7427
2 30 19.304888
2 0 0.8621847
2 8 1.469064
2 18 1.743678
2 13 0.71016157
2 33 1.4600241
2 11 1.5699335
2 29 1.3080379
2 20 4.4511456
2 37 0.88018966
2 27 1.1870676
2 16 2000.0
2 23 9.582628
2 25 0.87163043
3 36 0.30510396
3 28 8.708524
3 24 2000.0
3 12 0.07373143
3 1 0.86383855
3 9 0.47063893
4 31 0.07382458
4 9 0.0783061
4 17 0.24899253
4 19 0.066257335
5 30 0.7832012
5 8 0.8584771
5 18 0.83528507
5 13 65.00514
5 11 7.7219543
5 29 4.488526
5 34 3.5418315
5 20 2.0676801
5 37 50.33909
5 7 10.283504
5 27 3.7426047
5 16 2.285718
5 23 2.6498334
5 25 2000.0
6 31 0.117242396
6 17 2.746875
7 30 0.89615536
7 20 40.632065
7 8 3.9679382
7 16 0.9396929
7 23 1.5480446
7 25 2.669281
7 29 2000.0
7 5 10.283504
8 0 2000.0
8 30 0.8493294
8 18 1.2531636
8 13 2.2901793
8 11 0.8304735
8 29 1.317803
8 5 0.8584771
8 34 71.50729
8 2 1.469064
8 37 1.0967643
8 7 3.9679382
8 27 3.6048114
8 16 1.6212788
8 23 1.2775968
8 25 2000.0
9 36 0.46062273
9 26 2000.0
9 28 2.1894193
9 10 29.544441
9 22 0.07509663
9 31 0.028697107
9 3 0.47063893
9 12 2000.0
9 4 0.0783061
9 17 0.03293011
9 19 0.07350579
10 26 0.029175688
10 28 0.33181822
10 24 0.07000909
10 31 9.466039
10 12 88.43576
10 9 29.544441
10 17 0.03009501
11 0 2000.0
11 30 0.865755
11 8 0.8304735
11 18 17.329607
11 13 0.81542933
11 33 1.486614
11 29 1.32705
11 5 7.7219543
11 34 3.3811216
11 20 1.204322
11 2 1.5699335
11 37 1.5990667
11 7 1819.8296
11 27 0.82716036
11 16 2.2588766
11 25 1.1726619
12 26 0.7441991
12 32 8.763303
12 10 88.43576
12 24 0.07534973
12 21 0.20641169
12 3 0.07373143
12 1 34.7427
13 30 85.7815
13 0 0.9318182
13 8 2.2901793
13 18 208.45642
13 33 1.1226244
13 11 0.81542933
13 29 0.8865732
13 5 65.00514
13 34 153.12498
13 20 1.2966155
13 2 0.71016157
13 14 7.1816397
13 37 1.252936
13 7 2000.0
13 27 0.2885711
13 16 40.546696
13 25 0.28606927
14 30 4.2535377
14 20 2.0071023
14 13 7.1816397
14 27 3.7016919
14 33 0.36666542
14 11 2000.0
14 25 2.3058689
15 32 0.074680336
15 21 7.1630363
16 30 1.1207197
16 0 2000.0
16 8 1.6212788
16 18 1.6236418
16 13 40.546696
16 11 2.2588766
16 5 2.285718
16 34 114.07197
16 20 58.823868
16 7 0.9396929
16 27 1.4457848
16 23 2.494561
16 25 1.4336594
17 6 2.746875
17 26 1.2964075
17 10 0.03009501
17 24 0.10977072
17 31 0.95176893
17 9 0.03293011
17 4 0.24899253
17 19 114.28571
18 0 2000.0
18 30 0.6464527
18 8 1.2531636
18 13 208.45642
18 11 17.329607
18 29 1.126611
18 5 0.83528507
18 2 1.743678
18 37 1.9119668
18 7 2000.0
18 27 23.7458
18 16 1.6236418
18 23 1.2544929
19 28 175.62273
19 31 0.07659325
19 9 0.07350579
19 17 114.28571
19 4 0.066257335
20 0 2000.0
20 30 1.5853162
20 13 1.2966155
20 33 2.0023508
20 11 1.204322
20 29 2.9042366
20 5 2.0676801
20 34 1.5697348
20 2 4.4511456
20 14 2.0071023
20 37 1.7896273
20 7 40.632065
20 27 3.738033
20 16 58.823868
20 25 0.9237218
21 26 2000.0
21 32 2000.0
21 24 0.62759644
21 35 0.03417474
21 31 2000.0
21 12 0.20641169
21 15 7.1630363
22 31 120.00001
22 9 0.07509663
22 19 2000.0
23 0 2000.0
23 30 2.109766
23 8 1.2775968
23 2 9.582628
23 37 1.4778786
23 18 1.2544929
23 7 1.5480446
23 16 2.494561
23 11 2000.0
23 29 1.5655777
23 5 2.6498334
24 26 0.04599545
24 32 0.26561636
24 10 0.07000909
24 21 0.62759644
24 12 0.07534973
24 17 0.10977072
25 30 19.543549
25 0 50.1413
25 13 0.28606927
25 33 0.82673407
25 11 1.1726619
25 29 1.7819238
25 34 4.4606647
25 20 0.9237218
25 2 0.87163043
25 14 2.3058689
25 37 41.604195
25 7 2.669281
25 27 0.343438
25 16 1.4336594
26 32 129.49707
26 28 0.048792616
26 10 0.029175688
26 24 0.04599545
26 31 0.11234687
26 12 0.7441991
26 17 1.2964075
27 30 0.20849238
27 0 2000.0
27 8 3.6048114
27 18 23.7458
27 13 0.2885711
27 33 0.71158254
27 11 0.82716036
27 29 0.7760016
27 5 3.7426047
27 34 1.2532188
27 20 3.738033
27 2 1.1870676
27 14 3.7016919
27 37 1.1898175
27 7 2000.0
27 16 1.4457848
27 25 0.343438
28 36 0.049288496
28 26 0.048792616
28 10 0.33181822
28 3 8.708524
28 12 1211.1364
28 9 2.1894193
28 19 175.62273
29 0 30.276495
29 30 2.4886882
29 8 1.317803
29 18 1.126611
29 13 0.8865732
29 33 13.66147
29 11 1.32705
29 5 4.488526
29 34 3.973575
29 20 2.9042366
29 2 1.3080379
29 37 0.85837215
29 7 2000.0
29 27 0.7760016
29 16 2000.0
29 23 1.5655777
29 25 1.7819238
30 8 0.8493294
30 18 0.6464527
30 13 85.7815
30 33 10.728534
30 11 0.865755
30 29 2.4886882
30 5 0.7832012
30 34 1.1457514
30 20 1.5853162
30 2 19.304888
30 14 4.2535377
30 37 16.282812
30 7 0.89615536
30 27 0.20849238
30 16 1.1207197
30 23 2.109766
30 25 19.543549
31 26 0.11234687
31 6 0.117242396
31 10 9.466039
31 22 120.00001
31 9 0.028697107
31 4 0.07382458
31 17 0.95176893
31 19 0.07659325
32 26 129.49707
32 24 0.26561636
32 12 8.763303
32 15 0.074680336
33 30 10.728534
33 8 2000.0
33 13 1.1226244
33 11 1.486614
33 29 13.66147
33 5 2000.0
33 34 2000.0
33 20 2.0023508
33 2 1.4600241
33 14 0.36666542
33 7 2000.0
33 27 0.71158254
33 16 3017.898
33 25 0.82673407
34 30 1.1457514
34 20 1.5697348
34 8 71.50729
34 37 2000.0
34 7 2000.0
34 13 153.12498
34 27 1.2532188
34 16 114.07197
34 11 3.3811216
34 29 3.973575
34 25 4.4606647
34 5 3.5418315
35 21 0.03417474
35 31 1599.3181
36 28 0.049288496
36 3 0.30510396
36 9 0.46062273
37 30 16.282812
37 0 1.5858324
37 8 1.0967643
37 18 1.9119668
37 13 1.252936
37 11 1.5990667
37 29 0.85837215
37 5 50.33909
37 20 1.7896273
37 2 0.88018966
37 7 1691.9886
37 27 1.1898175
37 16 2000.0
37 23 1.4778786
37 25 41.604195
