0 2 0.8961185
0 37 1.4398075
0 13 0.8149874
0 29 14.135545
0 25 10.446527
1 3 0.63628215
1 12 11.452124
2 30 7.123168
2 0 0.8961185
2 8 1.0567739
2 18 2.1591232
2 13 0.56156695
2 33 1.5071207
2 11 1.1155635
2 29 0.9144844
2 20 2.799881
2 37 0.9291268
2 27 0.7404189
2 16 2000.0
2 23 8.728804
2 25 0.63084567
3 36 0.5917208
3 28 6.2743764
3 24 2000.0
3 12 0.05806632
3 1 0.63628215
3 9 0.7456581
4 31 0.07493585
4 9 0.09116868
4 17 0.1768815
4 19 0.06793844
5 30 0.8863636
5 8 0.5780104
5 18 0.5056426
5 13 14.316829
5 11 1.5938694
5 29 3.290176
5 34 4.358354
5 20 2.7504017
5 37 13.769935
5 7 4.3927975
5 27 1.4238086
5 16 2.7755785
5 23 3.557839
5 25 2000.0
6 31 0.16372219
6 17 5.6928525
7 34 517.5682
7 30 1.3685348
7 20 55.273193
7 8 4.759335
7 37 167.2824
7 27 2000.0
7 16 1.354902
7 23 1.9705349
7 25 2.497937
7 5 4.3927975
8 0 2000.0
8 30 0.38784483
8 18 1.1890368
8 13 1.9558907
8 11 1.0407416
8 29 0.51149905
8 5 0.5780104
8 34 35.978912
8 2 1.0567739
8 37 1.1601287
8 7 4.759335
8 27 1.7899659
8 16 1.8459691
8 23 0.98154646
8 25 2000.0
9 36 0.4870915
9 26 2000.0
9 28 1.439899
9 10 12.717615
9 22 0.04693034
9 31 0.03117747
9 3 0.7456581
9 4 0.09116868
9 17 0.031656522
9 19 0.06538018
10 26 0.029683067
10 28 0.46079546
10 24 0.103527024
10 31 12.633725
10 12 1489.8864
10 9 12.717615
10 17 0.035532486
11 0 2000.0
11 30 0.63099116
11 8 1.0407416
11 18 5.1846695
11 13 1.6986603
11 33 2.7139435
11 29 0.8248369
11 5 1.5938694
11 34 2.699272
11 20 1.0437841
11 2 1.1155635
11 37 1.4485949
11 7 1628.1818
11 27 0.91653824
11 16 1.0298449
11 25 0.77641416
12 26 2.2214978
12 32 4.4719
12 24 0.07217098
12 21 0.28159666
12 3 0.05806632
12 1 11.452124
13 30 93.210495
13 0 0.8149874
13 8 1.9558907
13 33 0.78122663
13 11 1.6986603
13 29 0.86715716
13 5 14.316829
13 34 66.86447
13 20 1.852397
13 2 0.56156695
13 14 3.0368228
13 37 1.0816363
13 7 2000.0
13 27 0.4710694
13 16 22.172462
13 25 0.36599836
14 30 9.418831
14 20 2.003972
14 13 3.0368228
14 27 3.3723981
14 33 0.34324357
14 11 2000.0
14 25 1.9658835
15 32 0.08079756
15 21 5.962987
16 0 2000.0
16 30 1.0590947
16 8 1.8459691
16 18 1.174975
16 13 22.172462
16 11 1.0298449
16 5 2.7755785
16 34 60.842594
16 20 27.000673
16 7 1.354902
16 27 1.6877806
16 23 2.1631677
16 25 1.2105196
17 6 5.6928525
17 26 1.5085781
17 10 0.035532486
17 24 0.08112683
17 31 0.98737514
17 9 0.031656522
17 4 0.1768815
17 19 1398.1818
18 0 2000.0
18 30 0.78761274
18 8 1.1890368
18 13 2000.0
18 11 5.1846695
18 29 1.5865647
18 5 0.5056426
18 2 2.1591232
18 37 2.661811
18 7 2000.0
18 27 10.022297
18 16 1.174975
18 23 1.3645597
19 28 160.0
19 31 0.104508206
19 9 0.06538018
19 4 0.06793844
20 0 2000.0
20 30 0.7546704
20 13 1.852397
20 33 1.0493667
20 11 1.0437841
20 29 12.924238
20 5 2.7504017
20 34 1.030277
20 2 2.799881
20 14 2.003972
20 37 3.5201879
20 7 55.273193
20 27 0.7914036
20 16 27.000673
20 25 0.4250412
21 26 2000.0
21 32 2000.0
21 24 1.2475215
21 35 0.033613987
21 31 2000.0
21 12 0.28159666
21 15 5.962987
22 31 114.28571
22 9 0.04693034
22 19 2000.0
23 0 2000.0
23 30 1.858725
23 8 0.98154646
23 2 8.728804
23 37 1.7337401
23 18 1.3645597
23 7 1.9705349
23 16 2.1631677
23 11 2000.0
23 29 1.2277213
23 5 3.557839
24 26 0.040090643
24 32 0.31174797
24 10 0.103527024
24 21 1.2475215
24 12 0.07217098
24 17 0.08112683
25 0 10.446527
25 30 22.882305
25 13 0.36599836
25 33 0.6133847
25 11 0.77641416
25 29 1.5496129
25 34 2.258732
25 20 0.4250412
25 2 0.63084567
25 14 1.9658835
25 37 24.319532
25 7 2.497937
25 27 0.29949862
25 16 1.2105196
26 32 13.007607
26 28 0.104157954
26 10 0.029683067
26 24 0.040090643
26 31 0.1849397
26 12 2.2214978
26 17 1.5085781
27 30 0.29462963
27 0 2000.0
27 8 1.7899659
27 18 10.022297
27 13 0.4710694
27 33 0.8030304
27 11 0.91653824
27 29 2.2331407
27 5 1.4238086
27 34 1.1196908
27 20 0.7914036
27 2 0.7404189
27 14 3.3723981
27 37 1.7256733
27 7 2000.0
27 16 1.6877806
27 25 0.29949862
28 36 0.030888312
28 26 0.104157954
28 10 0.46079546
28 3 6.2743764
28 12 1208.6364
28 9 1.439899
28 19 160.0
29 0 14.135545
29 30 1.6210346
29 8 0.51149905
29 18 1.5865647
29 13 0.86715716
29 33 12.128785
29 11 0.8248369
29 5 3.290176
29 34 2.7618387
29 20 12.924238
29 2 0.9144844
29 37 0.7719054
29 7 2000.0
29 27 2.2331407
29 16 2000.0
29 23 1.2277213
29 25 1.5496129
30 8 0.38784483
30 18 0.78761274
30 13 93.210495
30 33 5.52865
30 11 0.63099116
30 29 1.6210346
30 5 0.8863636
30 34 0.9242281
30 20 0.7546704
30 2 7.123168
30 14 9.418831
30 37 25.23307
30 7 1.3685348
30 27 0.29462963
30 16 1.0590947
30 23 1.858725
30 25 22.882305
31 26 0.1849397
31 6 0.16372219
31 10 12.633725
31 35 71.53921
31 22 114.28571
31 9 0.03117747
31 4 0.07493585
31 17 0.98737514
31 19 0.104508206
32 26 13.007607
32 24 0.31174797
32 21 2000.0
32 12 4.4719
32 15 0.08079756
33 30 5.52865
33 8 2000.0
33 13 0.78122663
33 11 2.7139435
33 29 12.128785
33 5 2000.0
33 34 2000.0
33 20 1.0493667
33 2 1.5071207
33 14 0.34324357
33 7 2000.0
33 27 0.8030304
33 16 3017.898
33 25 0.6133847
34 30 0.9242281
34 20 1.030277
34 8 35.978912
34 37 2000.0
34 13 66.86447
34 7 517.5682
34 27 1.1196908
34 16 60.842594
34 11 2.699272
34 29 2.7618387
34 25 2.258732
34 5 4.358354
35 21 0.033613987
35 31 71.53921
36 28 0.030888312
36 3 0.5917208
36 9 0.4870915
37 30 25.23307
37 0 1.4398075
37 8 1.1601287
37 18 2.661811
37 13 1.0816363
37 11 1.4485949
37 29 0.7719054
37 5 13.769935
37 20 3.5201879
37 2 0.9291268
37 7 167.2824
37 27 1.7256733
37 16 2000.0
37 23 1.7337401
37 25 24.319532
