0 2 0.76496404
0 37 3.2630165
0 13 0.84430104
0 29 25.879234
0 25 12.777741
1 3 0.94056046
1 12 1144.8864
2 30 12.715097
2 0 0.76496404
2 8 1.1316786
2 18 3.2754703
2 13 0.64260393
2 33 2.298913
2 11 1.8968059
2 29 1.1088947
2 20 2.3343296
2 37 0.79605067
2 27 1.0569298
2 16 2000.0
2 23 4.92849
2 25 0.44702852
3 36 0.4084377
3 28 13.2505865
3 24 654.5455
3 12 0.08053519
3 1 0.94056046
3 9 0.42060038
4 31 0.07555704
4 9 0.11984101
4 17 0.27837572
4 19 0.06887831
5 30 0.6384006
5 8 0.3224763
5 18 0.7455033
5 13 16.91623
5 11 9.692565
5 29 2.8984082
5 34 3.5238693
5 20 2.465693
5 37 12.910492
5 7 12.014081
5 27 1.2434236
5 16 2.5092695
5 23 4.7188387
5 25 2000.0
6 22 2000.0
6 31 0.14120235
6 17 2.4961529
7 34 744.50714
7 30 0.7691077
7 20 133.56041
7 8 6.3046412
7 37 298.25485
7 16 1.2501547
7 23 1.3357233
7 11 151.20126
7 25 3.1190915
7 5 12.014081
8 0 2000.0
8 30 0.40255153
8 18 1.2766056
8 13 0.89489424
8 11 0.9743108
8 29 0.5181977
8 5 0.3224763
8 34 33.799244
8 2 1.1316786
8 37 0.91190565
8 7 6.3046412
8 27 1.4002309
8 16 1.3399189
8 23 1.1924697
8 25 2000.0
9 36 0.87678194
9 26 2000.0
9 28 2.2077713
9 10 26.125103
9 22 0.15724497
9 31 0.033108383
9 3 0.42060038
9 12 2000.0
9 4 0.11984101
9 17 0.040707175
9 19 0.06873152
10 26 0.031613268
10 28 0.37125
10 24 0.07035679
10 31 17.908834
10 12 1145.7954
10 9 26.125103
10 17 0.030341089
11 0 2000.0
11 30 0.9667174
11 8 0.9743108
11 18 6.1631494
11 13 0.85489595
11 33 2.1581597
11 29 1.4530579
11 5 9.692565
11 34 2.6509519
11 20 0.7172866
11 2 1.8968059
11 37 1.6389108
11 7 151.20126
11 27 0.7606005
11 16 1.3250306
11 25 0.86011183
12 26 0.5723898
12 32 6.523967
12 24 0.07488637
12 21 0.10007101
12 3 0.08053519
13 30 26.467173
13 0 0.84430104
13 8 0.89489424
13 18 397.61084
13 33 0.6912845
13 11 0.85489595
13 29 0.9483792
13 5 16.91623
13 34 266.6667
13 20 1.0128876
13 2 0.64260393
13 14 7.9848356
13 37 1.1255071
13 7 2000.0
13 27 0.3802719
13 16 27.19923
13 25 0.41983995
14 30 5.155921
14 20 1.3429927
14 13 7.9848356
14 27 6.5138183
14 33 0.42979395
14 25 2.582188
15 32 0.0726448
15 24 200.0
15 21 9.822321
16 0 2000.0
16 30 2.0689657
16 8 1.3399189
16 18 1.5892125
16 13 27.19923
16 11 1.3250306
16 29 600.0
16 5 2.5092695
16 34 76.655975
16 20 19.821672
16 7 1.2501547
16 27 2.1719677
16 23 2.4481745
16 25 1.0768203
17 6 2.4961529
17 26 2.7449489
17 10 0.030341089
17 24 0.09661363
17 31 1.8735363
17 9 0.040707175
17 4 0.27837572
17 19 160.0
18 0 2000.0
18 30 0.73243004
18 8 1.2766056
18 13 397.61084
18 11 6.1631494
18 29 1.0976074
18 5 0.7455033
18 2 3.2754703
18 37 2.4601784
18 7 2000.0
18 27 30.802763
18 16 1.5892125
18 23 1.2448958
19 28 81.257454
19 31 0.10864931
19 9 0.06873152
19 4 0.06887831
19 17 160.0
20 0 2000.0
20 30 1.9570354
20 13 1.0128876
20 33 1.5772852
20 11 0.7172866
20 29 8.3943
20 5 2.465693
20 34 0.99131703
20 2 2.3343296
20 14 1.3429927
20 37 3.9810066
20 7 133.56041
20 27 1.5797156
20 16 19.821672
20 25 0.442271
21 32 2000.0
21 10 2000.0
21 24 0.54993206
21 35 0.03076519
21 31 2000.0
21 12 0.10007101
21 15 9.822321
22 6 2000.0
22 31 128.57143
22 9 0.15724497
22 19 2000.0
23 0 2000.0
23 30 1.2915329
23 8 1.1924697
23 2 4.92849
23 37 1.6020528
23 18 1.2448958
23 7 1.3357233
23 16 2.4481745
23 11 2000.0
23 29 2.3442004
23 5 4.7188387
24 26 0.04408532
24 32 0.186891
24 10 0.07035679
24 21 0.54993206
24 12 0.07488637
24 3 654.5455
24 15 200.0
24 17 0.09661363
25 30 15.091878
25 0 12.777741
25 13 0.41983995
25 33 0.6828586
25 11 0.86011183
25 29 4.210781
25 34 1.1896478
25 20 0.442271
25 2 0.44702852
25 14 2.582188
25 37 66.66667
25 7 3.1190915
25 27 0.20929903
25 16 1.0768203
26 32 23.835606
26 28 0.04669914
26 10 0.031613268
26 24 0.04408532
26 31 0.24621694
26 12 0.5723898
26 17 2.7449489
27 30 0.16058886
27 0 2000.0
27 8 1.4002309
27 18 30.802763
27 13 0.3802719
27 33 0.6328718
27 11 0.7606005
27 29 0.7463112
27 5 1.2434236
27 34 0.85055774
27 20 1.5797156
27 2 1.0569298
27 14 6.5138183
27 37 0.89593726
27 7 2000.0
27 16 2.1719677
27 25 0.20929903
28 36 0.03082587
28 26 0.04669914
28 10 0.37125
28 3 13.2505865
28 12 1095.7955
28 9 2.2077713
28 19 81.257454
29 0 25.879234
29 30 1.3043298
29 8 0.5181977
29 18 1.0976074
29 13 0.9483792
29 33 19.197565
29 11 1.4530579
29 5 2.8984082
29 34 4.875903
29 20 8.3943
29 2 1.1088947
29 37 0.894834
29 7 2000.0
29 27 0.7463112
29 16 600.0
29 23 2.3442004
29 25 4.210781
30 8 0.40255153
30 18 0.73243004
30 13 26.467173
30 33 6.875362
30 11 0.9667174
30 29 1.3043298
30 5 0.6384006
30 34 0.8919684
30 20 1.9570354
30 2 12.715097
30 14 5.155921
30 37 18.552164
30 7 0.7691077
30 27 0.16058886
30 16 2.0689657
30 23 1.2915329
30 25 15.091878
31 26 0.24621694
31 6 0.14120235
31 10 17.908834
31 22 128.57143
31 9 0.033108383
31 4 0.07555704
31 17 1.8735363
31 19 0.10864931
32 26 23.835606
32 24 0.186891
32 21 2000.0
32 12 6.523967
32 15 0.0726448
33 34 2000.0
33 30 6.875362
33 20 1.5772852
33 2 2.298913
33 14 0.42979395
33 13 0.6912845
33 7 2000.0
33 27 0.6328718
33 16 1971.0227
33 11 2.1581597
33 29 19.197565
33 25 0.6828586
34 30 0.8919684
34 20 0.99131703
34 8 33.799244
34 37 2000.0
34 7 744.50714
34 13 266.6667
34 27 0.85055774
34 16 76.655975
34 11 2.6509519
34 29 4.875903
34 25 1.1896478
34 5 3.5238693
35 21 0.03076519
35 31 1075.1704
36 28 0.03082587
36 3 0.4084377
36 9 0.87678194
37 30 18.552164
37 0 3.2630165
37 8 0.91190565
37 18 2.4601784
37 13 1.1255071
37 11 1.6389108
37 29 0.894834
37 5 12.910492
37 20 3.9810066
37 2 0.79605067
37 7 298.25485
37 27 0.89593726
37 16 2000.0
37 23 1.6020528
37 25 66.66667
