0 8 18.214754
0 2 2.3015
0 37 0.82898444
0 13 0.866816
0 11 14.364806
0 29 14.737958
0 25 2000.0
1 3 0.24625847
1 12 1202.159
2 30 5.982621
2 0 2.3015
2 8 1.0553814
2 18 4.1963387
2 13 0.34143707
2 33 1.2693493
2 11 0.85301375
2 29 1.1730084
2 20 1.4353348
2 37 0.7880084
2 27 0.8353487
2 16 2000.0
2 23 19.350258
2 25 1.4134972
3 36 0.16627114
3 28 0.09413104
3 24 200.0
3 12 0.06596249
3 1 0.24625847
3 9 0.17689118
4 31 0.079068735
4 9 0.049450755
4 17 0.08916386
4 19 0.08396754
5 30 1.1398141
5 8 0.59038675
5 18 0.44119263
5 13 2000.0
5 11 1.0078402
5 29 4.1775346
5 34 1.6029291
5 20 1.7050372
5 37 2000.0
5 7 8.374665
5 27 2.2706342
5 16 1.7647076
5 23 4.905967
6 31 1.47392
6 17 2.055763
7 34 5.9777975
7 30 1.6223334
7 20 1.3374517
7 8 16.069435
7 37 13.303619
7 27 70.04266
7 16 1.5116532
7 11 5.2025695
7 23 1.3670288
7 25 5.9502683
7 5 8.374665
8 0 18.214754
8 30 0.4910627
8 18 1.025514
8 13 1.9072611
8 11 0.55211335
8 29 0.39975983
8 5 0.59038675
8 34 2.412323
8 2 1.0553814
8 37 1.0096099
8 7 16.069435
8 27 0.75572795
8 16 1.3429356
8 23 0.83758223
9 36 2.0514455
9 26 2000.0
9 28 2.6758158
9 10 4.886205
9 22 0.4516358
9 31 0.02937659
9 3 0.17689118
9 17 0.04344697
9 4 0.049450755
9 19 0.06732548
10 26 0.031818796
10 28 0.147616
10 24 0.063693576
10 31 0.04948706
10 12 7.1731253
10 9 4.886205
10 17 0.032386363
11 0 14.364806
11 30 0.3125626
11 8 0.55211335
11 18 5.245912
11 13 0.8934407
11 33 1.9848248
11 29 0.8616202
11 5 1.0078402
11 34 2.79851
11 20 1.0892437
11 2 0.85301375
11 37 1.2547655
11 7 5.2025695
11 27 0.4302521
11 16 0.9519927
11 25 0.97407794
12 26 1.5385336
12 28 7.1409097
12 32 0.25831494
12 10 7.1731253
12 24 0.0822919
12 21 0.09361306
12 3 0.06596249
13 30 3.2004154
13 0 0.866816
13 8 1.9072611
13 18 514.2857
13 33 0.7658382
13 11 0.8934407
13 29 1.3564078
13 34 10.364343
13 20 0.55511665
13 2 0.34143707
13 14 3.5677807
13 37 1.8286288
13 27 0.2365087
13 16 81.818184
13 25 0.7161143
14 20 1.3444409
14 13 3.5677807
14 33 0.39979154
14 27 1.7791805
14 11 2000.0
14 25 1.592886
15 32 0.08117999
15 21 1.1886153
16 30 1.1214288
16 0 2000.0
16 8 1.3429356
16 18 0.94066066
16 13 81.818184
16 11 0.9519927
16 29 31.58064
16 5 1.7647076
16 20 10.351833
16 37 128.57143
16 7 1.5116532
16 27 1.590179
16 23 11.661634
16 25 1.2781687
17 26 2.332053
17 6 2.055763
17 10 0.032386363
17 24 0.24523728
17 31 1.6305757
17 9 0.04344697
17 4 0.08916386
17 19 4.642593
18 30 0.6722401
18 2 4.1963387
18 8 1.025514
18 37 1.22272
18 7 2000.0
18 27 3.2794077
18 16 0.94066066
18 23 1.309637
18 11 5.245912
18 29 1.1050603
18 5 0.44119263
19 31 0.079074144
19 9 0.06732548
19 17 4.642593
19 4 0.08396754
20 30 13.768174
20 13 0.55511665
20 33 1.1695038
20 11 1.0892437
20 29 2.2497857
20 5 1.7050372
20 34 0.79238844
20 2 1.4353348
20 14 1.3444409
20 37 3.2632816
20 7 1.3374517
20 27 0.36966726
20 16 10.351833
20 25 0.5900906
21 24 0.43389502
21 35 0.043333128
21 12 0.09361306
21 15 1.1886153
22 6 1586.9319
22 31 1244.1478
22 9 0.4516358
22 19 1329.4886
23 0 2000.0
23 30 1.4331652
23 2 19.350258
23 8 0.83758223
23 37 4.304955
23 18 1.309637
23 7 1.3670288
23 16 11.661634
23 11 2000.0
23 29 5.9976735
23 5 4.905967
24 26 0.064900085
24 32 0.08585324
24 10 0.063693576
24 21 0.43389502
24 31 11.628551
24 12 0.0822919
24 3 200.0
24 15 2000.0
24 17 0.24523728
25 0 2000.0
25 30 2.639753
25 13 0.7161143
25 33 0.31492427
25 11 0.97407794
25 29 4.170379
25 34 1.0357904
25 20 0.5900906
25 2 1.4134972
25 14 1.592886
25 37 29.739435
25 7 5.9502683
25 27 0.7140812
25 16 1.2781687
26 36 105.882355
26 32 58.959766
26 28 0.036961954
26 10 0.031818796
26 24 0.064900085
26 31 0.076608524
26 12 1.5385336
26 17 2.332053
27 0 2000.0
27 30 0.2229943
27 8 0.75572795
27 18 3.2794077
27 13 0.2365087
27 33 0.89910126
27 11 0.4302521
27 29 1.1410093
27 5 2.2706342
27 34 1.064238
27 20 0.36966726
27 2 0.8353487
27 14 1.7791805
27 37 0.53616774
27 7 70.04266
27 16 1.590179
27 25 0.7140812
28 36 0.02957862
28 26 0.036961954
28 10 0.147616
28 3 0.09413104
28 12 7.1409097
28 9 2.6758158
29 0 14.737958
29 30 2.949305
29 8 0.39975983
29 18 1.1050603
29 13 1.3564078
29 11 0.8616202
29 5 4.1775346
29 34 3.937081
29 20 2.2497857
29 2 1.1730084
29 37 0.7142776
29 7 2000.0
29 27 1.1410093
29 16 31.58064
29 23 5.9976735
29 25 4.170379
30 0 2000.0
30 8 0.4910627
30 18 0.6722401
30 13 3.2004154
30 33 2.184348
30 11 0.3125626
30 29 2.949305
30 5 1.1398141
30 34 1.6736634
30 20 13.768174
30 2 5.982621
30 14 2000.0
30 37 4.025927
30 7 1.6223334
30 27 0.2229943
30 16 1.1214288
30 23 1.4331652
30 25 2.639753
31 26 0.076608524
31 6 1.47392
31 10 0.04948706
31 24 11.628551
31 9 0.02937659
31 17 1.6305757
31 4 0.079068735
31 19 0.079074144
32 26 58.959766
32 24 0.08585324
32 12 0.25831494
32 15 0.08117999
33 34 2000.0
33 30 2.184348
33 20 1.1695038
33 2 1.2693493
33 14 0.39979154
33 7 2000.0
33 13 0.7658382
33 27 0.89910126
33 16 2000.0
33 11 1.9848248
33 29 2000.0
33 25 0.31492427
34 30 1.6736634
34 20 0.79238844
34 8 2.412323
34 13 10.364343
34 7 5.9777975
34 27 1.064238
34 16 1215.0568
34 11 2.79851
34 25 1.0357904
34 29 3.937081
34 5 1.6029291
35 21 0.043333128
36 26 105.882355
36 28 0.02957862
36 3 0.16627114
36 9 2.0514455
37 30 4.025927
37 0 0.82898444
37 8 1.0096099
37 18 1.22272
37 13 1.8286288
37 11 1.2547655
37 29 0.7142776
37 20 3.2632816
37 2 0.7880084
37 7 13.303619
37 27 0.53616774
37 16 128.57143
37 23 4.304955
37 25 29.739435
