0 2 0.9891496
0 37 1.7604262
0 13 1.2575951
0 29 20.186338
0 25 12.594065
1 3 1.0714735
1 12 6.437633
2 30 21.937378
2 0 0.9891496
2 8 0.9953123
2 18 1.5969309
2 13 0.45003486
2 33 2.0082374
2 11 1.7977709
2 29 1.0155603
2 5 2000.0
2 20 2.315404
2 37 0.8273848
2 27 0.83689255
2 16 2000.0
2 23 21.07908
2 25 0.47630823
3 36 0.41904777
3 28 1.3036934
3 24 2000.0
3 12 0.0634475
3 1 1.0714735
3 9 0.60592693
4 31 0.06331169
4 9 0.08988413
4 17 0.14458282
4 19 0.07907973
5 30 0.6027167
5 8 0.6233617
5 18 1.0324587
5 13 18.440496
5 11 2.6820216
5 29 1.7940631
5 34 2.179604
5 20 2.6517105
5 37 13.070846
5 7 11.703236
5 27 1.5803777
5 16 1.1634823
5 23 2.3943617
5 25 2000.0
6 31 0.16459234
6 17 2.2850764
7 34 266.6667
7 30 0.95299107
7 20 33.769123
7 8 6.4638376
7 37 1438.2955
7 16 1.1742463
7 23 1.5758396
7 25 4.8329554
7 5 11.703236
8 0 2000.0
8 30 0.4182185
8 18 1.2097065
8 13 0.95728254
8 11 0.87305367
8 29 0.43937913
8 5 0.6233617
8 34 14.27179
8 2 0.9953123
8 37 0.8693574
8 7 6.4638376
8 27 0.9670576
8 16 1.3462337
8 23 0.97137237
8 25 2000.0
9 36 0.3720708
9 28 1.6389914
9 10 17.265814
9 22 0.046545714
9 31 0.02980025
9 3 0.60592693
9 4 0.08988413
9 17 0.033240348
9 19 0.06731146
10 26 0.032872397
10 28 0.41382575
10 24 0.072268225
10 31 13.185251
10 12 101.21889
10 9 17.265814
10 17 0.029839411
11 0 2000.0
11 30 0.6829951
11 8 0.87305367
11 18 6.9525204
11 13 0.8669899
11 33 1.9180416
11 29 0.67424923
11 5 2.6820216
11 34 2.393962
11 20 0.96963644
11 2 1.7977709
11 37 1.186288
11 7 3761.932
11 27 0.62591314
11 16 1.2850685
11 25 0.6591112
12 26 1.6575614
12 32 3.9918177
12 10 101.21889
12 24 0.07126017
12 21 0.53125274
12 3 0.0634475
12 1 6.437633
13 30 48.66639
13 0 1.2575951
13 8 0.95728254
13 18 61.190746
13 33 0.87966955
13 11 0.8669899
13 29 0.7334898
13 5 18.440496
13 34 2000.0
13 20 0.84873563
13 2 0.45003486
13 14 6.5724435
13 37 0.97403586
13 7 2000.0
13 27 0.39130956
13 16 22.495283
13 25 0.3789121
14 30 19.013058
14 20 2.0932562
14 13 6.5724435
14 27 3.1701663
14 33 0.42819107
14 11 2000.0
14 25 2.4862604
15 32 0.08689981
15 21 5.9422374
16 30 1.0303667
16 0 2000.0
16 8 1.3462337
16 18 1.1333979
16 13 22.495283
16 11 1.2850685
16 5 1.1634823
16 34 195.087
16 20 15.845053
16 7 1.1742463
16 27 1.4238458
16 23 3.096456
16 25 1.1170132
17 6 2.2850764
17 26 1.5087003
17 10 0.029839411
17 24 0.18968366
17 31 0.97405845
17 9 0.033240348
17 4 0.14458282
17 19 1589.716
18 0 2000.0
18 30 0.7025728
18 8 1.2097065
18 13 61.190746
18 11 6.9525204
18 29 1.0997431
18 5 1.0324587
18 2 1.5969309
18 37 2.306137
18 7 2000.0
18 27 18.19334
18 16 1.1333979
18 23 1.2082815
19 31 0.07594287
19 9 0.06731146
19 4 0.07907973
20 30 0.82208943
20 13 0.84873563
20 33 1.2133876
20 11 0.96963644
20 29 4.2584147
20 5 2.6517105
20 34 1.094463
20 2 2.315404
20 14 2.0932562
20 37 1.6350278
20 7 33.769123
20 27 0.94143
20 16 15.845053
20 25 0.5213867
21 32 2000.0
21 24 0.94883835
21 35 0.030981084
21 31 2000.0
21 12 0.53125274
21 15 5.9422374
22 31 150.0
22 9 0.046545714
22 19 2000.0
23 0 2000.0
23 30 3.488699
23 8 0.97137237
23 2 21.07908
23 37 1.7112143
23 18 1.2082815
23 7 1.5758396
23 16 3.096456
23 11 2000.0
23 29 1.2490329
23 5 2.3943617
24 26 0.041113198
24 32 0.34386784
24 10 0.072268225
24 21 0.94883835
24 12 0.07126017
24 15 2000.0
24 17 0.18968366
25 30 19.076689
25 0 12.594065
25 13 0.3789121
25 33 0.611997
25 11 0.6591112
25 29 1.3209964
25 34 2.1172423
25 20 0.5213867
25 2 0.47630823
25 14 2.4862604
25 37 33.662548
25 7 4.8329554
25 27 0.24851541
25 16 1.1170132
26 32 1190.7386
26 28 0.06898696
26 10 0.032872397
26 24 0.041113198
26 31 0.115045324
26 12 1.6575614
26 17 1.5087003
27 30 0.24209762
27 0 2000.0
27 8 0.9670576
27 18 18.19334
27 13 0.39130956
27 33 0.7835236
27 11 0.62591314
27 29 0.57658285
27 5 1.5803777
27 34 1.0864774
27 20 0.94143
27 2 0.83689255
27 14 3.1701663
27 37 0.9558015
27 7 7117.8975
27 16 1.4238458
27 25 0.24851541
28 36 0.034415416
28 26 0.06898696
28 10 0.41382575
28 3 1.3036934
28 12 1211.9319
28 9 1.6389914
28 19 1375.341
29 0 20.186338
29 30 1.5571069
29 8 0.43937913
29 18 1.0997431
29 13 0.7334898
29 33 10.772917
29 11 0.67424923
29 5 1.7940631
29 34 4.172046
29 20 4.2584147
29 2 1.0155603
29 37 0.5642098
29 7 2000.0
29 27 0.57658285
29 16 2000.0
29 23 1.2490329
29 25 1.3209964
30 8 0.4182185
30 18 0.7025728
30 13 48.66639
30 33 9.806953
30 11 0.6829951
30 29 1.5571069
30 5 0.6027167
30 34 1.0068991
30 20 0.82208943
30 2 21.937378
30 14 19.013058
30 37 9.812499
30 7 0.95299107
30 27 0.24209762
30 16 1.0303667
30 23 3.488699
30 25 19.076689
31 26 0.115045324
31 6 0.16459234
31 10 13.185251
31 35 153.48637
31 22 150.0
31 9 0.02980025
31 4 0.06331169
31 17 0.97405845
31 19 0.07594287
32 24 0.34386784
32 21 2000.0
32 12 3.9918177
32 15 0.08689981
33 30 9.806953
33 13 0.87966955
33 11 1.9180416
33 29 10.772917
33 5 2000.0
33 34 2000.0
33 20 1.2133876
33 2 2.0082374
33 14 0.42819107
33 7 2000.0
33 27 0.7835236
33 16 3017.898
33 25 0.611997
34 30 1.0068991
34 20 1.094463
34 8 14.27179
34 37 2000.0
34 7 266.6667
34 27 1.0864774
34 16 195.087
34 11 2.393962
34 29 4.172046
34 25 2.1172423
34 5 2.179604
35 21 0.030981084
35 31 153.48637
36 28 0.034415416
36 3 0.41904777
36 9 0.3720708
37 30 9.812499
37 0 1.7604262
37 8 0.8693574
37 18 2.306137
37 13 0.97403586
37 11 1.186288
37 29 0.5642098
37 5 13.070846
37 20 1.6350278
37 2 0.8273848
37 7 1438.2955
37 27 0.9558015
37 16 2000.0
37 23 1.7112143
37 25 33.662548
