0 2 1.1434426
0 8 266.6667
0 37 2.203369
0 13 1.4454169
0 29 23.088093
0 25 11.045383
1 3 0.8067424
1 12 13.728299
2 30 30.857372
2 0 1.1434426
2 8 1.2386132
2 18 6.290753
2 13 0.4199118
2 33 1.8901844
2 11 2.6108367
2 29 0.9882338
2 20 5.0762105
2 37 0.77965146
2 27 0.68640506
2 16 2000.0
2 23 14.125048
2 25 1.2468052
3 36 0.33560798
3 28 3.6168828
3 24 2000.0
3 12 0.059063856
3 1 0.8067424
3 9 0.59807765
4 31 0.10223995
4 9 0.08126483
4 17 0.13267544
4 19 0.07696536
5 30 1.077934
5 8 1.3804821
5 18 1.2146276
5 13 26.036425
5 11 2.5041838
5 29 3.0595875
5 34 1.2535926
5 20 2.282006
5 37 24.116577
5 7 8.599377
5 27 1.7767617
5 16 1.7637419
5 23 3.2715833
5 25 2000.0
6 31 0.17677787
6 17 4.534324
7 34 211.76471
7 30 0.7810072
7 20 55.24676
7 8 11.175603
7 37 1586.212
7 16 1.8907056
7 11 114.497025
7 23 1.4500885
7 25 2.3101223
7 5 8.599377
8 0 266.6667
8 30 0.5093861
8 18 1.6765877
8 13 0.85986096
8 11 1.2019986
8 29 0.34851032
8 5 1.3804821
8 34 28.298943
8 2 1.2386132
8 37 1.1953636
8 7 11.175603
8 27 2.4400694
8 16 1.4060906
8 23 0.8313875
8 25 2000.0
9 36 0.39565006
9 28 0.8338353
9 10 21.339996
9 22 0.06714393
9 31 0.0413021
9 3 0.59807765
9 12 2000.0
9 4 0.08126483
9 17 0.035120133
9 19 0.09133773
10 26 0.028574638
10 28 0.2321733
10 24 0.08222517
10 31 9.491142
10 12 1287.5568
10 9 21.339996
10 17 0.029534979
11 0 2000.0
11 30 0.7382212
11 8 1.2019986
11 18 13.310766
11 13 1.3351425
11 33 1.5988637
11 29 1.2148641
11 5 2.5041838
11 34 1.9514403
11 20 1.242245
11 2 2.6108367
11 37 1.6601629
11 7 114.497025
11 27 0.7611773
11 16 1.7994423
11 25 0.7612739
12 26 0.780624
12 32 1.7129679
12 24 0.06567325
12 21 0.14997746
12 3 0.059063856
12 1 13.728299
13 30 128.92856
13 0 1.4454169
13 8 0.85986096
13 18 260.37076
13 33 1.195615
13 11 1.3351425
13 29 0.98349327
13 5 26.036425
13 34 103.76186
13 20 1.3960203
13 2 0.4199118
13 14 9.009505
13 37 0.921951
13 7 2000.0
13 27 0.7544628
13 16 32.615032
13 25 0.30477
14 30 18.038897
14 20 1.7910124
14 13 9.009505
14 27 3.1714144
14 33 0.37544084
14 11 2000.0
14 25 2.391864
15 32 0.06881149
15 21 8.8378525
16 0 2000.0
16 30 1.1058578
16 8 1.4060906
16 18 1.5796615
16 13 32.615032
16 11 1.7994423
16 5 1.7637419
16 34 35.24802
16 20 14.181067
16 7 1.8907056
16 27 1.4120005
16 23 3.0206733
16 25 1.5385
17 6 4.534324
17 26 1.5205624
17 10 0.029534979
17 24 0.09729021
17 31 0.9732959
17 9 0.035120133
17 4 0.13267544
17 19 103.905754
18 0 2000.0
18 30 0.7711964
18 8 1.6765877
18 13 260.37076
18 11 13.310766
18 29 1.0590733
18 5 1.2146276
18 2 6.290753
18 37 1.7942748
18 7 2000.0
18 27 58.15112
18 16 1.5796615
18 23 1.7088567
19 28 175.09546
19 31 0.08338201
19 9 0.09133773
19 4 0.07696536
19 17 103.905754
20 30 1.5513396
20 13 1.3960203
20 33 0.8828531
20 11 1.242245
20 29 11.259368
20 5 2.282006
20 34 0.9361435
20 2 5.0762105
20 14 1.7910124
20 37 2.4212327
20 7 55.24676
20 27 1.8725091
20 16 14.181067
20 25 0.53355163
21 26 2000.0
21 32 1066.6667
21 24 1.6784985
21 35 0.03076519
21 31 2000.0
21 12 0.14997746
21 15 8.8378525
22 31 47.636936
22 9 0.06714393
22 19 2000.0
23 0 2000.0
23 30 2.2498634
23 8 0.8313875
23 2 14.125048
23 37 1.6053091
23 18 1.7088567
23 7 1.4500885
23 16 3.0206733
23 11 2000.0
23 29 1.2712592
23 5 3.2715833
24 26 0.043758098
24 32 0.33618024
24 10 0.08222517
24 21 1.6784985
24 12 0.06567325
24 15 2000.0
24 17 0.09729021
25 0 11.045383
25 30 32.044212
25 13 0.30477
25 33 0.6168495
25 11 0.7612739
25 29 1.939791
25 34 1.5134639
25 20 0.53355163
25 2 1.2468052
25 14 2.391864
25 37 200.0
25 7 2.3101223
25 27 0.30075476
25 16 1.5385
26 32 16.522728
26 28 0.064549185
26 10 0.028574638
26 24 0.043758098
26 31 0.2693993
26 12 0.780624
26 17 1.5205624
27 30 0.37415883
27 0 2000.0
27 8 2.4400694
27 18 58.15112
27 13 0.7544628
27 33 0.8116125
27 11 0.7611773
27 29 0.9072539
27 5 1.7767617
27 34 2.355653
27 20 1.8725091
27 2 0.68640506
27 14 3.1714144
27 37 1.1363753
27 7 3972.7273
27 16 1.4120005
27 25 0.30075476
28 36 0.04252345
28 26 0.064549185
28 10 0.2321733
28 3 3.6168828
28 12 1203.8636
28 9 0.8338353
28 19 175.09546
29 0 23.088093
29 30 1.3700049
29 8 0.34851032
29 18 1.0590733
29 13 0.98349327
29 33 28.364204
29 11 1.2148641
29 5 3.0595875
29 34 2.6362202
29 20 11.259368
29 2 0.9882338
29 37 1.0160539
29 7 2000.0
29 27 0.9072539
29 16 2000.0
29 23 1.2712592
29 25 1.939791
30 8 0.5093861
30 18 0.7711964
30 13 128.92856
30 33 5.6204133
30 11 0.7382212
30 29 1.3700049
30 5 1.077934
30 34 0.9760766
30 20 1.5513396
30 2 30.857372
30 14 18.038897
30 37 23.522923
30 7 0.7810072
30 27 0.37415883
30 16 1.1058578
30 23 2.2498634
30 25 32.044212
31 26 0.2693993
31 6 0.17677787
31 10 9.491142
31 35 62.306084
31 22 47.636936
31 9 0.0413021
31 4 0.10223995
31 17 0.9732959
31 19 0.08338201
32 26 16.522728
32 24 0.33618024
32 21 1066.6667
32 12 1.7129679
32 15 0.06881149
33 30 5.6204133
33 8 2000.0
33 13 1.195615
33 11 1.5988637
33 29 28.364204
33 5 2000.0
33 34 2000.0
33 20 0.8828531
33 2 1.8901844
33 14 0.37544084
33 7 2000.0
33 27 0.8116125
33 16 3017.898
33 25 0.6168495
34 30 0.9760766
34 20 0.9361435
34 8 28.298943
34 37 2000.0
34 13 103.76186
34 7 211.76471
34 27 2.355653
34 16 35.24802
34 11 1.9514403
34 29 2.6362202
34 25 1.5134639
34 5 1.2535926
35 21 0.03076519
35 31 62.306084
36 28 0.04252345
36 3 0.33560798
36 9 0.39565006
37 30 23.522923
37 0 2.203369
37 8 1.1953636
37 18 1.7942748
37 13 0.921951
37 11 1.6601629
37 29 1.0160539
37 5 24.116577
37 20 2.4212327
37 2 0.77965146
37 7 1586.212
37 27 1.1363753
37 16 2000.0
37 23 1.6053091
37 25 200.0
