0 2 0.8686838
0 37 3.8655236
0 13 1.5256048
0 29 6.5293202
0 25 11.894035
1 3 0.93916845
1 12 1210.0
2 30 11.233134
2 0 0.8686838
2 8 1.3505851
2 18 2.32465
2 13 0.5722937
2 33 2.1518674
2 11 1.3831981
2 29 1.2026784
2 20 3.7791982
2 37 0.78574646
2 27 1.174822
2 16 2000.0
2 23 7.927939
2 25 0.8929562
3 36 0.49792132
3 28 4.744668
3 24 2000.0
3 12 0.065306365
3 1 0.93916845
3 9 0.3244322
4 31 0.067251995
4 9 0.08783379
4 17 0.10721154
4 19 0.06827344
5 30 0.58861566
5 8 1.0086805
5 18 0.6074409
5 13 12.42478
5 11 2.6686196
5 29 1.3082856
5 34 2.4125087
5 20 2.152099
5 37 53.937782
5 7 6.957043
5 27 1.7540793
5 16 1.4432034
5 23 1.6454915
5 25 2000.0
6 31 0.18545383
6 17 4.6100774
7 34 423.53586
7 30 0.9064049
7 20 25.899542
7 8 8.081053
7 37 157.40573
7 16 1.2573037
7 23 1.3393437
7 11 44.444443
7 25 3.246104
7 5 6.957043
8 0 2000.0
8 30 0.85196203
8 18 1.4975357
8 13 1.4297347
8 11 1.596591
8 29 0.64764065
8 5 1.0086805
8 34 181.73462
8 2 1.3505851
8 37 1.0277209
8 7 8.081053
8 27 14.954377
8 16 1.8874213
8 23 1.3166741
8 25 2000.0
9 36 0.29049298
9 28 1.4621572
9 10 31.974276
9 22 0.05815071
9 31 0.029344155
9 3 0.3244322
9 4 0.08783379
9 17 0.042629644
9 19 0.08172036
10 26 0.030917984
10 28 0.29805195
10 24 0.10439124
10 31 2.8448246
10 12 102.22358
10 9 31.974276
10 17 0.029922664
11 0 2000.0
11 30 0.75913614
11 8 1.596591
11 18 11.709552
11 13 1.2166843
11 33 6.3124795
11 29 1.1499602
11 5 2.6686196
11 34 2.5437708
11 20 1.3660934
11 2 1.3831981
11 37 1.5776165
11 7 44.444443
11 27 0.69115126
11 16 0.99835515
11 25 1.1166419
12 26 0.5433118
12 32 7.132963
12 10 102.22358
12 24 0.06544959
12 21 0.115524344
12 3 0.065306365
13 30 19.631157
13 0 1.5256048
13 8 1.4297347
13 18 66.66667
13 33 1.0399249
13 11 1.2166843
13 29 0.81850904
13 5 12.42478
13 34 206.1004
13 20 1.0058237
13 2 0.5722937
13 14 4.260118
13 37 1.1181674
13 7 2000.0
13 27 0.24250461
13 16 22.221518
13 25 0.25610745
14 30 11.707714
14 20 5.62434
14 13 4.260118
14 27 3.5171402
14 33 0.5099484
14 11 2000.0
14 25 3.3030927
15 32 0.065920316
15 21 1.411932
16 30 1.1045979
16 0 2000.0
16 8 1.8874213
16 18 1.2970681
16 13 22.221518
16 11 0.99835515
16 5 1.4432034
16 34 185.4711
16 20 37.33654
16 7 1.2573037
16 27 1.575153
16 23 1.7293817
16 25 1.0898728
17 6 4.6100774
17 26 1.4311757
17 10 0.029922664
17 24 0.06410222
17 31 0.9740192
17 9 0.042629644
17 4 0.10721154
17 19 142.82114
18 0 2000.0
18 30 0.6843204
18 8 1.4975357
18 2 2.32465
18 37 2.5984042
18 13 66.66667
18 27 23.97016
18 16 1.2970681
18 11 11.709552
18 23 0.9812115
18 29 1.3626894
18 5 0.6074409
19 28 83.506256
19 31 0.07877673
19 9 0.08172036
19 4 0.06827344
19 17 142.82114
20 0 2000.0
20 30 0.8874541
20 13 1.0058237
20 33 2.3918073
20 11 1.3660934
20 29 5.7075996
20 5 2.152099
20 34 1.4334654
20 2 3.7791982
20 14 5.62434
20 37 7.0048127
20 7 25.899542
20 27 1.4597449
20 16 37.33654
20 25 1.3989528
21 26 2000.0
21 32 2000.0
21 10 2000.0
21 24 1.1504
21 35 0.037178423
21 12 0.115524344
21 15 1.411932
22 31 313.04352
22 9 0.05815071
22 19 2000.0
23 30 1.4158607
23 0 2000.0
23 8 1.3166741
23 2 7.927939
23 37 1.7474506
23 18 0.9812115
23 7 1.3393437
23 16 1.7293817
23 11 2000.0
23 29 1.175368
23 5 1.6454915
24 26 0.043738402
24 32 0.28434914
24 10 0.10439124
24 21 1.1504
24 12 0.06544959
24 15 2000.0
24 17 0.06410222
25 30 26.515959
25 0 11.894035
25 13 0.25610745
25 33 0.89162886
25 11 1.1166419
25 29 1.5171719
25 34 2.8395965
25 20 1.3989528
25 2 0.8929562
25 14 3.3030927
25 37 29.754719
25 7 3.246104
25 27 0.31742722
25 16 1.0898728
26 32 13.696189
26 28 0.087761395
26 10 0.030917984
26 24 0.043738402
26 31 0.13765182
26 12 0.5433118
26 17 1.4311757
27 30 0.55402124
27 0 2000.0
27 8 14.954377
27 18 23.97016
27 13 0.24250461
27 33 0.8519008
27 11 0.69115126
27 29 0.8033941
27 5 1.7540793
27 34 1.2907819
27 20 1.4597449
27 2 1.174822
27 14 3.5171402
27 37 1.2414459
27 7 2000.0
27 16 1.575153
27 25 0.31742722
28 36 0.035019204
28 26 0.087761395
28 10 0.29805195
28 3 4.744668
28 12 1213.409
28 9 1.4621572
28 19 83.506256
29 0 6.5293202
29 30 0.4850636
29 8 0.64764065
29 18 1.3626894
29 13 0.81850904
29 33 22.667156
29 11 1.1499602
29 5 1.3082856
29 34 4.6720266
29 20 5.7075996
29 2 1.2026784
29 37 1.0240653
29 27 0.8033941
29 16 2000.0
29 23 1.175368
29 25 1.5171719
30 8 0.85196203
30 18 0.6843204
30 13 19.631157
30 33 10.748252
30 11 0.75913614
30 29 0.4850636
30 5 0.58861566
30 34 1.0205466
30 20 0.8874541
30 2 11.233134
30 14 11.707714
30 37 18.216463
30 7 0.9064049
30 27 0.55402124
30 16 1.1045979
30 23 1.4158607
30 25 26.515959
31 26 0.13765182
31 6 0.18545383
31 10 2.8448246
31 35 145.21365
31 22 313.04352
31 9 0.029344155
31 4 0.067251995
31 17 0.9740192
31 19 0.07877673
32 26 13.696189
32 24 0.28434914
32 21 2000.0
32 12 7.132963
32 15 0.065920316
33 30 10.748252
33 13 1.0399249
33 11 6.3124795
33 29 22.667156
33 5 2000.0
33 34 2000.0
33 20 2.3918073
33 2 2.1518674
33 14 0.5099484
33 7 2000.0
33 27 0.8519008
33 16 3017.898
33 25 0.89162886
34 30 1.0205466
34 20 1.4334654
34 8 181.73462
34 37 2000.0
34 13 206.1004
34 7 423.53586
34 27 1.2907819
34 16 185.4711
34 11 2.5437708
34 29 4.6720266
34 25 2.8395965
34 5 2.4125087
35 21 0.037178423
35 31 145.21365
36 28 0.035019204
36 10 2000.0
36 3 0.49792132
36 9 0.29049298
37 30 18.216463
37 0 3.8655236
37 8 1.0277209
37 18 2.5984042
37 13 1.1181674
37 11 1.5776165
37 29 1.0240653
37 5 53.937782
37 20 7.0048127
37 2 0.78574646
37 7 157.40573
37 27 1.2414459
37 16 2000.0
37 23 1.7474506
37 25 29.754719
