0 2 1.1035439
0 37 1.4201453
0 13 0.7982509
0 29 55.721695
0 25 86.847595
1 3 1.3532258
1 12 36.162785
2 30 15.342362
2 0 1.1035439
2 8 1.6679839
2 18 4.671631
2 13 0.73516506
2 33 1.7618674
2 11 3.0340588
2 29 1.3719078
2 20 3.0763054
2 37 0.9206728
2 27 1.0146836
2 16 2000.0
2 23 11.812408
2 25 0.7889226
3 36 0.19723012
3 28 8.311157
3 24 400.0
3 12 0.073557064
3 1 1.3532258
3 9 0.8122768
4 31 0.066442125
4 9 0.081819974
4 17 0.15123713
4 19 0.07848771
5 30 0.8812162
5 8 0.8438656
5 18 1.0071868
5 13 33.505108
5 11 4.0141897
5 29 2.9429631
5 34 7.9375296
5 20 8.231401
5 37 20.058321
5 7 8.817011
5 27 1.2648466
5 16 1.5855488
5 23 5.054434
5 25 2000.0
6 31 0.15718223
6 17 1.4674586
7 34 779.03815
7 30 1.0421424
7 20 19.501825
7 8 5.742978
7 37 200.23428
7 16 1.3702539
7 23 1.4738379
7 25 2.9243166
7 5 8.817011
8 0 2000.0
8 30 0.32136735
8 18 1.151668
8 13 1.462435
8 11 1.4297192
8 29 1.9666076
8 5 0.8438656
8 34 68.76326
8 2 1.6679839
8 37 1.6385331
8 7 5.742978
8 27 1.813022
8 16 1.6561911
8 23 1.4224707
8 25 2000.0
9 36 0.9106114
9 28 1.9535986
9 10 6.8018703
9 22 0.07107157
9 31 0.028273106
9 12 2000.0
9 3 0.8122768
9 4 0.081819974
9 17 0.039800223
9 19 0.080535196
10 26 0.029106177
10 28 0.5152316
10 24 0.076463215
10 31 6.858282
10 12 1585.7386
10 9 6.8018703
10 17 0.031919573
11 0 2000.0
11 30 1.083582
11 8 1.4297192
11 18 7.8225217
11 13 1.7210021
11 33 1.9989746
11 29 1.1069174
11 5 4.0141897
11 34 1.7056637
11 20 1.2505409
11 2 3.0340588
11 37 1.710808
11 7 1395.7386
11 27 0.87288755
11 16 1.0775173
11 25 1.0443345
12 26 0.33078834
12 32 10.297762
12 24 0.12539336
12 21 0.095742024
12 3 0.073557064
12 1 36.162785
13 30 41.00621
13 0 0.7982509
13 8 1.462435
13 18 133.33334
13 33 0.95672977
13 11 1.7210021
13 29 1.1760046
13 5 33.505108
13 34 6219.375
13 20 0.89080495
13 2 0.73516506
13 14 5.127209
13 37 2.0042202
13 7 2000.0
13 27 0.58724153
13 16 66.046776
13 25 0.25298494
14 30 9.020677
14 20 3.775784
14 13 5.127209
14 27 3.7690175
14 33 0.45311588
14 11 2000.0
14 25 3.5695674
15 32 0.07521462
15 21 6.7883058
16 0 2000.0
16 30 1.1396861
16 8 1.6561911
16 18 2.9008114
16 13 66.046776
16 11 1.0775173
16 29 1629.8295
16 5 1.5855488
16 34 36.98224
16 20 43.810432
16 7 1.3702539
16 27 1.7624257
16 23 3.23391
16 25 1.7363958
17 6 1.4674586
17 26 1.3969983
17 10 0.031919573
17 24 0.17123467
17 31 0.9669126
17 9 0.039800223
17 4 0.15123713
17 19 77.950325
18 0 2000.0
18 30 0.7031134
18 8 1.151668
18 13 133.33334
18 11 7.8225217
18 29 1.8104687
18 5 1.0071868
18 2 4.671631
18 37 1.8519644
18 7 2000.0
18 27 33.028214
18 16 2.9008114
18 23 1.4381951
19 31 0.076454885
19 9 0.080535196
19 4 0.07848771
19 17 77.950325
20 30 1.9090496
20 13 0.89080495
20 33 1.7636961
20 11 1.2505409
20 29 9.545209
20 5 8.231401
20 34 0.9219446
20 2 3.0763054
20 14 3.775784
20 37 3.3291032
20 7 19.501825
20 27 0.6167356
20 16 43.810432
20 25 0.621262
21 26 2000.0
21 32 2000.0
21 24 1.1580399
21 35 0.034538005
21 31 2000.0
21 12 0.095742024
21 15 6.7883058
22 31 166.66667
22 9 0.07107157
22 19 2000.0
23 0 2000.0
23 30 3.0169206
23 8 1.4224707
23 2 11.812408
23 37 2.9114976
23 18 1.4381951
23 7 1.4738379
23 16 3.23391
23 11 2000.0
23 29 3.285728
23 5 5.054434
24 26 0.04112554
24 32 0.5249053
24 10 0.076463215
24 21 1.1580399
24 12 0.12539336
24 3 400.0
24 15 2000.0
24 17 0.17123467
25 30 26.092667
25 0 86.847595
25 13 0.25298494
25 33 0.7033204
25 11 1.0443345
25 29 13.033932
25 34 4.271352
25 20 0.621262
25 2 0.7889226
25 14 3.5695674
25 37 37.835922
25 7 2.9243166
25 27 0.33584008
25 16 1.7363958
26 32 131.88564
26 28 0.050388757
26 10 0.029106177
26 24 0.04112554
26 31 0.08810617
26 12 0.33078834
26 17 1.3969983
27 30 0.16658834
27 0 2000.0
27 8 1.813022
27 18 33.028214
27 13 0.58724153
27 33 0.8147154
27 11 0.87288755
27 29 0.54317254
27 5 1.2648466
27 34 1.1801288
27 20 0.6167356
27 2 1.0146836
27 14 3.7690175
27 37 1.4462198
27 7 2000.0
27 16 1.7624257
27 25 0.33584008
28 36 0.031195888
28 26 0.050388757
28 10 0.5152316
28 3 8.311157
28 12 1200.3408
28 9 1.9535986
28 19 1474.9431
29 0 55.721695
29 30 0.74232095
29 8 1.9666076
29 18 1.8104687
29 13 1.1760046
29 33 31.713808
29 11 1.1069174
29 5 2.9429631
29 34 8.8468895
29 20 9.545209
29 2 1.3719078
29 37 0.92720747
29 7 2000.0
29 27 0.54317254
29 16 1629.8295
29 23 3.285728
29 25 13.033932
30 8 0.32136735
30 18 0.7031134
30 13 41.00621
30 33 3.498607
30 11 1.083582
30 29 0.74232095
30 5 0.8812162
30 34 0.95821923
30 20 1.9090496
30 2 15.342362
30 14 9.020677
30 37 16.709965
30 7 1.0421424
30 27 0.16658834
30 16 1.1396861
30 23 3.0169206
30 25 26.092667
31 26 0.08810617
31 6 0.15718223
31 10 6.858282
31 35 66.96114
31 22 166.66667
31 9 0.028273106
31 4 0.066442125
31 17 0.9669126
31 19 0.076454885
32 24 0.5249053
32 12 10.297762
32 15 0.07521462
33 30 3.498607
33 13 0.95672977
33 11 1.9989746
33 29 31.713808
33 5 2000.0
33 34 2000.0
33 20 1.7636961
33 2 1.7618674
33 14 0.45311588
33 7 2000.0
33 27 0.8147154
33 16 3017.898
33 25 0.7033204
34 30 0.95821923
34 20 0.9219446
34 8 68.76326
34 37 2000.0
34 7 779.03815
34 27 1.1801288
34 16 36.98224
34 11 1.7056637
34 29 8.8468895
34 25 4.271352
34 5 7.9375296
35 21 0.034538005
35 31 66.96114
36 28 0.031195888
36 3 0.19723012
36 9 0.9106114
37 30 16.709965
37 0 1.4201453
37 8 1.6385331
37 18 1.8519644
37 13 2.0042202
37 11 1.710808
37 29 0.92720747
37 5 20.058321
37 20 3.3291032
37 2 0.9206728
37 7 200.23428
37 27 1.4462198
37 16 2000.0
37 23 2.9114976
37 25 37.835922
