0 2 0.9391608
0 37 2.8346782
0 13 1.1302909
0 29 23.200178
0 25 26.406176
1 3 1.1958212
1 12 11.858046
2 30 33.482525
2 0 0.9391608
2 8 1.1629065
2 18 1.7829471
2 13 0.47613642
2 33 2.1899757
2 11 1.9122521
2 29 1.2670853
2 20 2.878145
2 37 0.9008047
2 27 0.9952001
2 16 2000.0
2 23 8.752316
2 25 0.49290013
3 36 0.50000006
3 28 6.4530754
3 24 2000.0
3 12 0.08103577
3 1 1.1958212
3 9 1.1320533
4 31 0.067812234
4 9 0.068782784
4 17 0.20584837
4 19 0.0745126
5 30 0.80486214
5 8 0.77261955
5 18 0.8419327
5 13 54.729416
5 11 1.5380683
5 29 3.1941822
5 34 2.8302636
5 20 2.738557
5 37 11.328494
5 7 8.265045
5 27 2.5311697
5 16 1.5215974
5 23 4.6743474
5 25 2000.0
6 31 0.13906783
6 17 3.0238636
7 30 0.7396755
7 20 68.54465
7 8 5.401755
7 37 280.47467
7 27 100.0
7 16 1.3307754
7 23 1.2429608
7 11 58.927032
7 29 2000.0
7 25 7.020771
7 5 8.265045
8 0 2000.0
8 30 0.35341495
8 18 1.2593466
8 13 0.85638785
8 11 1.0462035
8 29 0.95613444
8 5 0.77261955
8 34 33.911987
8 2 1.1629065
8 37 1.1162417
8 7 5.401755
8 27 0.74934995
8 16 1.6023208
8 23 0.9450563
8 25 2000.0
9 36 0.22720961
9 26 2000.0
9 28 0.8399127
9 10 20.695618
9 22 0.09041676
9 31 0.029647013
9 3 1.1320533
9 4 0.068782784
9 17 0.033071294
9 19 0.06983947
10 26 0.033522725
10 28 0.38381663
10 24 0.11756359
10 31 46.94394
10 12 1153.2386
10 9 20.695618
10 17 0.034752235
11 0 2000.0
11 30 0.6487276
11 8 1.0462035
11 18 3.8176653
11 13 1.7074344
11 33 2.8673873
11 29 1.0243155
11 5 1.5380683
11 34 2.599888
11 20 1.197785
11 2 1.9122521
11 37 1.6308671
11 7 58.927032
11 27 0.5954733
11 16 1.3397688
11 25 0.67393625
12 26 3.9394093
12 28 56.10658
12 32 3.5140274
12 24 0.08945603
12 21 0.30659825
12 3 0.08103577
12 1 11.858046
13 30 130.37051
13 0 1.1302909
13 8 0.85638785
13 18 278.8393
13 33 0.8591451
13 11 1.7074344
13 29 0.8956048
13 5 54.729416
13 34 400.0
13 20 1.0594271
13 2 0.47613642
13 14 13.533084
13 37 1.4686657
13 7 2000.0
13 27 0.36081994
13 16 65.29163
13 25 0.2577336
14 30 9.826958
14 20 2.5801373
14 13 13.533084
14 27 4.633071
14 33 0.41889104
14 11 2000.0
14 25 3.3609972
15 32 0.088347614
15 21 1.7436861
15 12 2000.0
16 30 1.1043454
16 0 2000.0
16 8 1.6023208
16 18 1.242492
16 13 65.29163
16 11 1.3397688
16 5 1.5215974
16 34 90.569824
16 20 20.077559
16 7 1.3307754
16 27 1.4905113
16 23 4.206437
16 25 1.1918408
17 6 3.0238636
17 26 1.6804876
17 10 0.034752235
17 24 0.056777414
17 31 1.0019717
17 9 0.033071294
17 4 0.20584837
17 19 1695.6818
18 0 2000.0
18 30 0.71648604
18 8 1.2593466
18 13 278.8393
18 11 3.8176653
18 29 1.0594137
18 5 0.8419327
18 2 1.7829471
18 37 2.6071994
18 7 2000.0
18 27 22.840614
18 16 1.242492
18 23 1.571456
19 31 0.08560917
19 9 0.06983947
19 4 0.0745126
20 30 2.17561
20 13 1.0594271
20 33 0.98444957
20 11 1.197785
20 29 8.949434
20 5 2.738557
20 34 0.8131081
20 2 2.878145
20 14 2.5801373
20 37 1.8714414
20 7 68.54465
20 27 2.5168152
20 16 20.077559
20 25 0.39274997
21 26 2000.0
21 32 2000.0
21 24 0.99059856
21 35 0.033366937
21 31 2000.0
21 12 0.30659825
21 15 1.7436861
22 31 109.090904
22 9 0.09041676
22 19 2000.0
23 0 2000.0
23 30 1.68078
23 8 0.9450563
23 2 8.752316
23 37 1.6717311
23 18 1.571456
23 7 1.2429608
23 16 4.206437
23 11 2000.0
23 29 0.9281251
23 5 4.6743474
24 26 0.048418235
24 32 0.25620925
24 10 0.11756359
24 21 0.99059856
24 12 0.08945603
24 15 2000.0
24 17 0.056777414
25 30 23.002148
25 0 26.406176
25 13 0.2577336
25 33 0.78296316
25 11 0.67393625
25 29 1.7803806
25 34 4.0883694
25 20 0.39274997
25 2 0.49290013
25 14 3.3609972
25 37 45.000004
25 7 7.020771
25 27 0.27372593
25 16 1.1918408
26 32 15.400169
26 28 0.08020275
26 10 0.033522725
26 24 0.048418235
26 31 0.15586857
26 12 3.9394093
26 17 1.6804876
27 30 0.1822201
27 0 2000.0
27 8 0.74934995
27 18 22.840614
27 13 0.36081994
27 33 0.74351966
27 11 0.5954733
27 29 0.49203497
27 5 2.5311697
27 34 1.2137613
27 20 2.5168152
27 2 0.9952001
27 14 4.633071
27 37 1.0682234
27 7 100.0
27 16 1.4905113
27 25 0.27372593
28 36 0.029756231
28 26 0.08020275
28 10 0.38381663
28 12 56.10658
28 3 6.4530754
28 9 0.8399127
28 19 1383.8636
29 0 23.200178
29 30 1.1574467
29 8 0.95613444
29 18 1.0594137
29 13 0.8956048
29 33 20.951923
29 11 1.0243155
29 5 3.1941822
29 34 4.0221577
29 20 8.949434
29 2 1.2670853
29 37 0.9754075
29 27 0.49203497
29 16 2000.0
29 23 0.9281251
29 25 1.7803806
30 8 0.35341495
30 18 0.71648604
30 13 130.37051
30 33 10.13726
30 11 0.6487276
30 29 1.1574467
30 5 0.80486214
30 34 1.0088676
30 20 2.17561
30 2 33.482525
30 14 9.826958
30 37 16.207481
30 7 0.7396755
30 27 0.1822201
30 16 1.1043454
30 23 1.68078
30 25 23.002148
31 26 0.15586857
31 6 0.13906783
31 10 46.94394
31 22 109.090904
31 9 0.029647013
31 4 0.067812234
31 17 1.0019717
31 19 0.08560917
32 26 15.400169
32 24 0.25620925
32 12 3.5140274
32 15 0.088347614
33 30 10.13726
33 13 0.8591451
33 11 2.8673873
33 29 20.951923
33 5 2000.0
33 34 2000.0
33 20 0.98444957
33 2 2.1899757
33 14 0.41889104
33 7 2000.0
33 27 0.74351966
33 16 3017.898
33 25 0.78296316
34 30 1.0088676
34 20 0.8131081
34 8 33.911987
34 37 2000.0
34 13 400.0
34 7 2376.1648
34 27 1.2137613
34 16 90.569824
34 11 2.599888
34 29 4.0221577
34 25 4.0883694
34 5 2.8302636
35 21 0.033366937
35 31 324.0909
36 28 0.029756231
36 3 0.50000006
36 9 0.22720961
37 30 16.207481
37 0 2.8346782
37 8 1.1162417
37 18 2.6071994
37 13 1.4686657
37 11 1.6308671
37 29 0.9754075
37 5 11.328494
37 20 1.8714414
37 2 0.9008047
37 7 280.47467
37 27 1.0682234
37 16 2000.0
37 23 1.6717311
37 25 45.000004
