0 2 0.90381813
0 37 1.6417614
0 13 0.78448117
0 29 13.429721
0 25 65.93922
1 3 0.7412226
1 12 80.0
2 30 21.677753
2 0 0.90381813
2 8 1.4570707
2 18 1.3670019
2 13 0.5869574
2 33 2.8132076
2 11 1.6904664
2 29 1.1975235
2 20 3.7189708
2 37 0.76428974
2 27 1.5004451
2 16 2000.0
2 23 9.286804
2 25 0.5437921
3 36 0.7205485
3 28 50.28125
3 24 2000.0
3 12 0.07115065
3 1 0.7412226
3 9 0.7146168
4 31 0.06966287
4 9 0.064047985
4 17 0.110265784
4 19 0.06632828
5 30 0.6961505
5 8 0.73356736
5 18 0.9632661
5 13 46.037476
5 11 1.7809496
5 29 2.011138
5 34 1.7544968
5 20 1.488
5 37 11.686466
5 7 12.850995
5 27 1.3227829
5 16 1.3092715
5 23 2.716467
5 25 2000.0
6 31 0.24978255
6 17 1.6711023
7 30 1.1465768
7 20 58.01101
7 8 5.1921477
7 37 308.94513
7 16 1.0558459
7 23 1.4752932
7 25 4.3045855
7 5 12.850995
8 0 2000.0
8 30 0.5418408
8 18 0.9630577
8 13 7.808902
8 11 0.95257825
8 29 0.7594779
8 5 0.73356736
8 34 16.065512
8 2 1.4570707
8 37 1.4159781
8 7 5.1921477
8 27 0.57100624
8 16 1.74694
8 23 1.2789924
8 25 2000.0
9 36 0.5260733
9 26 2000.0
9 28 0.92914224
9 10 11.760862
9 22 0.054594155
9 31 0.030244038
9 3 0.7146168
9 12 2000.0
9 4 0.064047985
9 17 0.042362146
9 19 0.08127268
10 26 0.033270493
10 28 0.29536608
10 24 0.09275568
10 31 0.6291165
10 12 89.78366
10 9 11.760862
10 17 0.029358566
11 0 2000.0
11 30 0.89801425
11 8 0.95257825
11 18 3.9685678
11 13 1.5271827
11 33 2.36436
11 29 0.5387945
11 5 1.7809496
11 34 1.6024302
11 20 1.0601888
11 2 1.6904664
11 37 1.3234025
11 7 1646.875
11 27 0.97224927
11 16 0.78216285
11 25 0.5241887
12 26 0.48774585
12 32 3.3873935
12 10 89.78366
12 24 0.13316368
12 21 0.19012396
12 3 0.07115065
12 1 80.0
13 30 44.13839
13 0 0.78448117
13 8 7.808902
13 18 29.819855
13 33 1.4672877
13 11 1.5271827
13 29 1.163384
13 5 46.037476
13 34 168.71245
13 20 0.98669475
13 2 0.5869574
13 14 4.027576
13 37 1.19895
13 7 2000.0
13 27 0.5478469
13 16 94.27272
13 25 0.31063765
14 30 11.945063
14 20 2.8360944
14 13 4.027576
14 27 8.219684
14 33 0.42868754
14 11 2000.0
14 25 2.1258001
15 32 0.08058802
15 21 19.14643
16 30 1.0667335
16 0 2000.0
16 8 1.74694
16 18 1.132916
16 13 94.27272
16 11 0.78216285
16 5 1.3092715
16 34 21.709414
16 20 176.19978
16 7 1.0558459
16 27 1.3692368
16 23 2.498488
16 25 1.024035
17 6 1.6711023
17 26 1.6672832
17 10 0.029358566
17 24 0.060681157
17 31 0.9673003
17 9 0.042362146
17 4 0.110265784
17 19 52.515736
18 0 2000.0
18 30 0.27863374
18 8 0.9630577
18 2 1.3670019
18 37 2.5791311
18 13 29.819855
18 16 1.132916
18 11 3.9685678
18 23 1.0303472
18 29 0.76138175
18 5 0.9632661
19 28 47.24091
19 31 0.06883804
19 9 0.08127268
19 17 52.515736
19 4 0.06632828
20 30 1.0257177
20 13 0.98669475
20 33 1.2164034
20 11 1.0601888
20 29 5.443258
20 5 1.488
20 34 0.9093727
20 2 3.7189708
20 14 2.8360944
20 37 4.0678473
20 7 58.01101
20 27 1.3664566
20 16 176.19978
20 25 0.49019432
21 32 2000.0
21 10 2000.0
21 24 0.9899021
21 35 0.03438837
21 12 0.19012396
21 15 19.14643
22 31 124.99999
22 9 0.054594155
22 19 2000.0
23 0 2000.0
23 30 1.3232461
23 8 1.2789924
23 2 9.286804
23 37 1.2790133
23 18 1.0303472
23 7 1.4752932
23 16 2.498488
23 11 2000.0
23 29 2.0730596
23 5 2.716467
24 26 0.04259164
24 32 0.4744185
24 10 0.09275568
24 21 0.9899021
24 12 0.13316368
24 17 0.060681157
25 0 65.93922
25 30 25.0861
25 13 0.31063765
25 33 0.93724954
25 11 0.5241887
25 29 1.8878354
25 34 1.7541195
25 20 0.49019432
25 2 0.5437921
25 14 2.1258001
25 37 106.666664
25 7 4.3045855
25 27 0.21708155
25 16 1.024035
26 32 48.706818
26 28 0.060395624
26 10 0.033270493
26 24 0.04259164
26 31 0.095538035
26 12 0.48774585
26 17 1.6672832
27 30 0.22475493
27 0 2000.0
27 8 0.57100624
27 18 2000.0
27 13 0.5478469
27 33 0.8144697
27 11 0.97224927
27 29 2.10725
27 5 1.3227829
27 34 0.8270016
27 20 1.3664566
27 2 1.5004451
27 14 8.219684
27 37 1.7597482
27 7 2000.0
27 16 1.3692368
27 25 0.21708155
28 36 0.035291422
28 26 0.060395624
28 10 0.29536608
28 12 1243.0682
28 3 50.28125
28 9 0.92914224
28 19 47.24091
29 0 13.429721
29 30 0.9781446
29 8 0.7594779
29 18 0.76138175
29 13 1.163384
29 33 15.047367
29 11 0.5387945
29 5 2.011138
29 34 3.310342
29 20 5.443258
29 2 1.1975235
29 37 0.79710877
29 7 2000.0
29 27 2.10725
29 16 2000.0
29 23 2.0730596
29 25 1.8878354
30 8 0.5418408
30 18 0.27863374
30 13 44.13839
30 33 19.160658
30 11 0.89801425
30 29 0.9781446
30 5 0.6961505
30 34 0.9542832
30 20 1.0257177
30 2 21.677753
30 14 11.945063
30 37 11.5527
30 7 1.1465768
30 27 0.22475493
30 16 1.0667335
30 23 1.3232461
30 25 25.0861
31 26 0.095538035
31 6 0.24978255
31 10 0.6291165
31 35 66.66667
31 22 124.99999
31 9 0.030244038
31 4 0.06966287
31 17 0.9673003
31 19 0.06883804
32 26 48.706818
32 24 0.4744185
32 21 2000.0
32 12 3.3873935
32 15 0.08058802
33 30 19.160658
33 8 2000.0
33 13 1.4672877
33 11 2.36436
33 29 15.047367
33 5 2000.0
33 34 2000.0
33 20 1.2164034
33 2 2.8132076
33 14 0.42868754
33 7 2000.0
33 27 0.8144697
33 16 2422.443
33 25 0.93724954
34 30 0.9542832
34 20 0.9093727
34 8 16.065512
34 37 2000.0
34 13 168.71245
34 7 2000.0
34 27 0.8270016
34 16 21.709414
34 11 1.6024302
34 29 3.310342
34 25 1.7541195
34 5 1.7544968
35 21 0.03438837
35 31 66.66667
36 28 0.035291422
36 3 0.7205485
36 9 0.5260733
37 30 11.5527
37 0 1.6417614
37 8 1.4159781
37 18 2.5791311
37 13 1.19895
37 11 1.3234025
37 29 0.79710877
37 5 11.686466
37 20 4.0678473
37 2 0.76428974
37 7 308.94513
37 27 1.7597482
37 16 2000.0
37 23 1.2790133
37 25 106.666664
