0 2 1.0848249
0 37 1.1646798
0 13 0.69813055
0 29 26.746824
0 25 24.490385
1 3 1.0900172
1 12 19.047619
2 30 42.214195
2 0 1.0848249
2 8 1.186101
2 18 3.221097
2 13 0.3802191
2 33 2.7056956
2 11 1.9187142
2 29 1.3906069
2 20 2.4876754
2 37 1.0090567
2 27 0.8504528
2 16 2000.0
2 23 8.453462
2 25 0.515483
3 36 0.3029692
3 28 3.1976032
3 24 100.0
3 12 0.059483312
3 1 1.0900172
3 9 0.15478763
4 31 0.06786633
4 9 0.08741236
4 17 0.14837869
4 19 0.06756989
5 30 0.92529804
5 8 0.42528826
5 18 0.8209238
5 13 26.16291
5 11 1.5560952
5 29 2.3038409
5 34 1.881904
5 20 2.3259058
5 37 19.411049
5 7 5.015496
5 27 2.8624523
5 16 1.3321514
5 23 1.6603578
5 25 2000.0
6 31 0.15779223
6 17 2.1171825
7 34 714.789
7 30 0.78924257
7 20 411.36337
7 8 2.554071
7 16 1.3535208
7 11 55.609272
7 23 2.0306904
7 25 3.6336975
7 5 5.015496
8 0 2000.0
8 30 0.38117698
8 18 1.0324863
8 13 1.2543715
8 11 1.0307369
8 29 0.34349635
8 5 0.42528826
8 34 43.954906
8 2 1.186101
8 37 1.268618
8 7 2.554071
8 27 1.1823602
8 16 1.4582475
8 23 1.011202
8 25 2000.0
9 36 0.508118
9 26 2000.0
9 28 1.1012063
9 10 33.29426
9 22 0.060839165
9 31 0.029884532
9 12 2000.0
9 3 0.15478763
9 4 0.08741236
9 17 0.044680215
9 19 0.06634601
10 26 0.031003397
10 28 0.23264486
10 24 0.076185666
10 31 16.109388
10 12 25.132414
10 9 33.29426
10 17 0.03171242
11 0 2000.0
11 30 0.82733434
11 8 1.0307369
11 18 6.5913587
11 13 0.71765214
11 33 1.7169691
11 29 0.5963133
11 5 1.5560952
11 34 2.1644838
11 20 1.4649132
11 2 1.9187142
11 37 1.4722617
11 7 55.609272
11 27 0.77330494
11 16 1.0219122
11 25 0.59331155
12 26 0.5798621
12 32 2.9724343
12 10 25.132414
12 24 0.06581221
12 21 0.119775444
12 3 0.059483312
12 1 19.047619
13 30 41.18973
13 0 0.69813055
13 8 1.2543715
13 18 49.353836
13 33 1.2164181
13 11 0.71765214
13 29 0.8882897
13 5 26.16291
13 34 172.19316
13 20 1.0340312
13 2 0.3802191
13 14 3.3639543
13 37 1.6752037
13 7 2000.0
13 27 0.51378447
13 16 43.68927
13 25 0.2301997
14 30 3.9818246
14 20 2.1236897
14 13 3.3639543
14 27 6.2998743
14 33 0.33856064
14 11 2000.0
14 25 2.2801971
15 32 0.0815676
15 21 7.542245
16 0 2000.0
16 30 1.1539521
16 8 1.4582475
16 18 1.2321311
16 13 43.68927
16 11 1.0219122
16 5 1.3321514
16 34 66.31286
16 20 66.21463
16 7 1.3535208
16 27 1.5522069
16 23 3.1147308
16 25 1.458615
17 6 2.1171825
17 26 1.6948051
17 10 0.03171242
17 24 0.19701146
17 31 0.9740662
17 9 0.044680215
17 4 0.14837869
17 19 63.724434
18 0 2000.0
18 30 0.5251554
18 8 1.0324863
18 13 49.353836
18 11 6.5913587
18 29 1.0253361
18 5 0.8209238
18 2 3.221097
18 37 1.685793
18 7 2000.0
18 27 16.663746
18 16 1.2321311
18 23 1.1628374
19 31 0.07438715
19 9 0.06634601
19 4 0.06756989
19 17 63.724434
20 0 2000.0
20 30 1.5739845
20 13 1.0340312
20 33 0.94305557
20 11 1.4649132
20 29 5.5847964
20 5 2.3259058
20 34 0.9007278
20 2 2.4876754
20 14 2.1236897
20 37 3.965411
20 7 411.36337
20 27 1.1638086
20 16 66.21463
20 25 0.45799288
21 26 2000.0
21 32 2000.0
21 24 0.82851064
21 35 0.030557424
21 31 2000.0
21 12 0.119775444
21 15 7.542245
22 31 45.943253
22 9 0.060839165
22 19 2000.0
23 0 2000.0
23 30 1.5194685
23 8 1.011202
23 2 8.453462
23 37 1.5556817
23 18 1.1628374
23 7 2.0306904
23 16 3.1147308
23 11 2000.0
23 29 1.5495647
23 5 1.6603578
24 26 0.0472499
24 32 0.28206334
24 10 0.076185666
24 21 0.82851064
24 31 2000.0
24 12 0.06581221
24 3 100.0
24 15 2000.0
24 17 0.19701146
25 30 20.937109
25 0 24.490385
25 13 0.2301997
25 33 0.69615316
25 11 0.59331155
25 29 1.8187646
25 34 1.1450794
25 20 0.45799288
25 2 0.515483
25 14 2.2801971
25 37 34.62992
25 7 3.6336975
25 27 0.24646212
25 16 1.458615
26 32 36.353554
26 28 0.062340755
26 10 0.031003397
26 24 0.0472499
26 31 0.12078231
26 12 0.5798621
26 17 1.6948051
27 30 0.61623627
27 0 2000.0
27 8 1.1823602
27 18 16.663746
27 13 0.51378447
27 33 0.7679856
27 11 0.77330494
27 29 1.0161557
27 5 2.8624523
27 34 0.9293336
27 20 1.1638086
27 2 0.8504528
27 14 6.2998743
27 37 1.0950981
27 7 3010.4546
27 16 1.5522069
27 25 0.24646212
28 36 0.042327333
28 26 0.062340755
28 10 0.23264486
28 3 3.1976032
28 12 1686.1932
28 9 1.1012063
28 19 1360.7386
29 0 26.746824
29 30 2.6214614
29 8 0.34349635
29 18 1.0253361
29 13 0.8882897
29 33 29.274675
29 11 0.5963133
29 5 2.3038409
29 34 4.4365325
29 20 5.5847964
29 2 1.3906069
29 37 0.7136999
29 7 2000.0
29 27 1.0161557
29 16 2000.0
29 23 1.5495647
29 25 1.8187646
30 8 0.38117698
30 18 0.5251554
30 13 41.18973
30 33 8.490027
30 11 0.82733434
30 29 2.6214614
30 5 0.92529804
30 34 0.9338991
30 20 1.5739845
30 2 42.214195
30 14 3.9818246
30 37 15.881006
30 7 0.78924257
30 27 0.61623627
30 16 1.1539521
30 23 1.5194685
30 25 20.937109
31 26 0.12078231
31 6 0.15779223
31 10 16.109388
31 35 66.66667
31 22 45.943253
31 21 2000.0
31 9 0.029884532
31 4 0.06786633
31 17 0.9740662
31 19 0.07438715
32 26 36.353554
32 24 0.28206334
32 12 2.9724343
32 15 0.0815676
33 30 8.490027
33 8 2000.0
33 13 1.2164181
33 11 1.7169691
33 29 29.274675
33 5 2000.0
33 34 2000.0
33 20 0.94305557
33 2 2.7056956
33 14 0.33856064
33 7 2000.0
33 27 0.7679856
33 16 3017.898
33 25 0.69615316
34 30 0.9338991
34 20 0.9007278
34 8 43.954906
34 37 2000.0
34 13 172.19316
34 7 714.789
34 27 0.9293336
34 16 66.31286
34 11 2.1644838
34 29 4.4365325
34 25 1.1450794
34 5 1.881904
35 21 0.030557424
35 31 66.66667
36 28 0.042327333
36 3 0.3029692
36 9 0.508118
37 30 15.881006
37 0 1.1646798
37 8 1.268618
37 18 1.685793
37 13 1.6752037
37 11 1.4722617
37 29 0.7136999
37 5 19.411049
37 20 3.965411
37 2 1.0090567
37 7 1198.1819
37 27 1.0950981
37 16 2000.0
37 23 1.5556817
37 25 34.62992
