0 8 6.967939
0 2 1.7588573
0 37 1.0565568
0 13 1.0212741
0 11 20.436594
0 25 800.0
0 29 21.435478
1 3 0.28159726
1 12 1202.159
2 30 76.28927
2 0 1.7588573
2 8 1.8638396
2 18 5.700544
2 13 0.69144344
2 33 2.8063407
2 11 3.1228101
2 29 1.6722445
2 20 3.3822055
2 37 0.9618247
2 27 1.7865361
2 16 2000.0
2 23 162.38101
2 25 3.5425844
3 36 0.25985962
3 28 0.11527406
3 24 2000.0
3 12 0.060672935
3 1 0.28159726
3 9 0.20626971
4 31 0.079599574
4 9 0.06719029
4 17 0.10057686
4 19 0.080917135
5 30 0.87459904
5 8 0.6452363
5 18 0.4056818
5 13 2000.0
5 11 5.6253066
5 29 4.642266
5 34 3.125814
5 20 1.8346229
5 37 2000.0
5 7 4.484717
5 27 5.2812805
5 16 1.8017379
5 23 5.0680633
6 22 224.6288
6 31 1.029038
6 17 1.1149553
7 34 9.466636
7 30 1.2324916
7 20 1.32501
7 8 16.414108
7 37 17.26967
7 27 79.36876
7 16 1.2222527
7 11 5.177535
7 23 1.2853352
7 25 4.797506
7 5 4.484717
8 0 6.967939
8 30 0.6816441
8 18 1.0184635
8 13 1.2803214
8 11 2.0739052
8 29 0.34524795
8 5 0.6452363
8 34 2.7355142
8 2 1.8638396
8 37 1.4883928
8 7 16.414108
8 27 2.317118
8 16 2.07613
8 23 0.79708743
9 36 1.7587714
9 26 2000.0
9 28 2.493203
9 10 4.571276
9 22 0.3731415
9 31 0.031204956
9 3 0.20626971
9 17 0.04042309
9 4 0.06719029
9 19 0.07591992
10 26 0.031287555
10 28 0.21950525
10 24 0.046568234
10 31 0.032539573
10 12 10.251282
10 9 4.571276
10 17 0.028138526
11 0 20.436594
11 30 0.7685285
11 8 2.0739052
11 18 5.1057315
11 13 0.8602166
11 33 1.919131
11 29 1.335924
11 5 5.6253066
11 34 3.0628455
11 20 1.5400232
11 2 3.1228101
11 37 1.7973315
11 7 5.177535
11 27 0.5834855
11 16 0.8119118
11 25 1.2180336
12 26 1.1546956
12 28 4.091872
12 32 0.40129468
12 10 10.251282
12 24 0.078277275
12 21 0.08026175
12 3 0.060672935
13 30 1.0215029
13 0 1.0212741
13 8 1.2803214
13 18 349.99997
13 33 0.7981666
13 11 0.8602166
13 29 0.6214501
13 34 7.297193
13 20 0.59639585
13 2 0.69144344
13 14 2.7839396
13 37 1.3933872
13 27 1.6637222
13 16 3152.0454
13 25 0.9548295
14 20 0.95142794
14 13 2.7839396
14 33 0.47861955
14 27 2.2322445
14 11 2000.0
14 25 1.8959354
15 32 0.07542006
15 21 1.6004468
16 0 2000.0
16 30 1.120767
16 8 2.07613
16 18 0.91138434
16 11 0.8119118
16 29 30.089174
16 5 1.8017379
16 20 10.74411
16 37 212.42615
16 7 1.2222527
16 27 3.0808728
16 23 10.878349
16 25 1.3746634
17 26 1.848898
17 6 1.1149553
17 10 0.028138526
17 24 0.15043625
17 31 1.18511
17 9 0.04042309
17 4 0.10057686
17 19 1.7710665
18 30 0.7588228
18 2 5.700544
18 8 1.0184635
18 37 2.3556528
18 7 2000.0
18 13 349.99997
18 27 2.0718243
18 16 0.91138434
18 23 1.6209745
18 11 5.1057315
18 29 0.79292095
18 5 0.4056818
19 31 0.07364431
19 9 0.07591992
19 17 1.7710665
19 4 0.080917135
20 0 2000.0
20 30 25.791054
20 13 0.59639585
20 33 1.6333488
20 11 1.5400232
20 29 2.6599846
20 5 1.8346229
20 34 0.9249402
20 2 3.3822055
20 14 0.95142794
20 37 5.5433908
20 7 1.32501
20 27 0.4132224
20 16 10.74411
20 25 1.0464709
21 32 2000.0
21 10 2000.0
21 24 0.29250428
21 35 0.06326068
21 12 0.08026175
21 15 1.6004468
22 6 224.6288
22 31 1677.841
22 9 0.3731415
22 19 1386.4772
23 0 2000.0
23 30 1.2536715
23 2 162.38101
23 8 0.79708743
23 37 1.5460082
23 18 1.6209745
23 7 1.2853352
23 16 10.878349
23 11 2000.0
23 29 5.6092505
23 5 5.0680633
24 26 0.06555115
24 32 0.20235655
24 10 0.046568234
24 21 0.29250428
24 31 7.14698
24 12 0.078277275
24 15 2000.0
24 17 0.15043625
25 0 800.0
25 30 5.0215707
25 13 0.9548295
25 33 0.6351609
25 11 1.2180336
25 29 2.4792957
25 34 1.786862
25 20 1.0464709
25 2 3.5425844
25 14 1.8959354
25 37 16.983238
25 7 4.797506
25 27 0.85824645
25 16 1.3746634
26 36 65.79546
26 32 80.81663
26 28 0.0336836
26 10 0.031287555
26 24 0.06555115
26 31 0.12080343
26 12 1.1546956
26 17 1.848898
27 0 2000.0
27 30 0.9133523
27 8 2.317118
27 18 2.0718243
27 13 1.6637222
27 33 1.7151321
27 11 0.5834855
27 29 0.73420453
27 5 5.2812805
27 34 0.72032535
27 20 0.4132224
27 2 1.7865361
27 14 2.2322445
27 37 1.3444588
27 7 79.36876
27 16 3.0808728
27 25 0.85824645
28 36 0.03229322
28 26 0.0336836
28 10 0.21950525
28 3 0.11527406
28 12 4.091872
28 9 2.493203
29 0 21.435478
29 30 4.3722177
29 8 0.34524795
29 18 0.79292095
29 13 0.6214501
29 11 1.335924
29 5 4.642266
29 34 6.879328
29 20 2.6599846
29 2 1.6722445
29 37 0.95870966
29 7 2000.0
29 27 0.73420453
29 16 30.089174
29 23 5.6092505
29 25 2.4792957
30 0 2000.0
30 8 0.6816441
30 18 0.7588228
30 13 1.0215029
30 33 2.5375001
30 11 0.7685285
30 29 4.3722177
30 5 0.87459904
30 34 1.9341234
30 20 25.791054
30 2 76.28927
30 14 2000.0
30 37 7.2308307
30 7 1.2324916
30 27 0.9133523
30 16 1.120767
30 23 1.2536715
30 25 5.0215707
31 26 0.12080343
31 6 1.029038
31 10 0.032539573
31 24 7.14698
31 9 0.031204956
31 17 1.18511
31 4 0.079599574
31 19 0.07364431
32 26 80.81663
32 24 0.20235655
32 12 0.40129468
32 15 0.07542006
33 30 2.5375001
33 13 0.7981666
33 11 1.919131
33 29 1436.875
33 5 2000.0
33 34 2000.0
33 20 1.6333488
33 2 2.8063407
33 14 0.47861955
33 7 2000.0
33 27 1.7151321
33 16 1622.3296
33 25 0.6351609
34 30 1.9341234
34 20 0.9249402
34 8 2.7355142
34 7 9.466636
34 13 7.297193
34 27 0.72032535
34 16 5535.0566
34 11 3.0628455
34 25 1.786862
34 29 6.879328
34 5 3.125814
35 21 0.06326068
36 26 65.79546
36 28 0.03229322
36 3 0.25985962
36 9 1.7587714
37 30 7.2308307
37 0 1.0565568
37 8 1.4883928
37 18 2.3556528
37 13 1.3933872
37 11 1.7973315
37 29 0.95870966
37 20 5.5433908
37 2 0.9618247
37 7 17.26967
37 27 1.3444588
37 16 212.42615
37 23 1.5460082
37 25 16.983238
