0 8 7.855348
0 2 1.2539561
0 37 0.7535163
0 13 0.5257292
0 11 127.431816
0 29 5.0376434
0 25 2000.0
1 3 0.24314517
1 12 1202.159
2 30 14.509518
2 0 1.2539561
2 8 1.1850495
2 18 9.431224
2 13 0.26541695
2 33 1.6206921
2 11 0.5056386
2 29 0.7265986
2 20 1.0965272
2 37 0.7616255
2 27 0.41934228
2 23 100.0
2 25 1.4388114
3 36 0.627718
3 28 0.071379036
3 24 80.00001
3 12 0.0665272
3 1 0.24314517
3 9 0.2344436
4 31 0.09584832
4 9 0.05426602
4 17 0.09569175
4 19 0.090350226
5 30 0.40862972
5 8 0.75523144
5 18 0.4435544
5 13 2000.0
5 11 1.8357571
5 29 12.13027
5 34 2.6662362
5 20 1.772948
5 37 2000.0
5 7 6.7642035
5 27 2.4135957
5 16 1.5374076
5 23 3.2601662
6 31 1.0430492
6 17 0.93313396
7 34 5.450677
7 30 0.8111584
7 20 1.5041598
7 8 25.648592
7 37 12.411906
7 27 38.37252
7 16 1.0897483
7 11 3.2815259
7 23 1.5717489
7 25 6.697727
7 5 6.7642035
8 0 7.855348
8 30 0.5534589
8 18 1.3792663
8 13 4.025329
8 11 1.0231869
8 29 0.92695373
8 5 0.75523144
8 34 7.6531115
8 2 1.1850495
8 37 1.3723112
8 7 25.648592
8 27 1.588105
8 16 1.5597936
8 23 1.0622972
9 36 1.8842082
9 26 2000.0
9 28 0.81533253
9 10 3.2699997
9 22 0.29721692
9 31 0.02920533
9 3 0.2344436
9 17 0.043925017
9 4 0.05426602
9 19 0.06761395
10 26 0.031539947
10 28 0.11795803
10 24 0.04399105
10 31 0.04880762
10 12 4.69312
10 9 3.2699997
10 17 0.032157782
11 0 127.431816
11 30 0.26904806
11 8 1.0231869
11 18 4.721154
11 13 1.0100875
11 33 1.8838046
11 29 0.8208754
11 5 1.8357571
11 34 2.5631473
11 20 0.7365933
11 2 0.5056386
11 37 1.3424821
11 7 3.2815259
11 27 0.26208135
11 16 0.70213014
11 25 1.2240274
12 26 1.3840444
12 28 3.557588
12 32 0.38458717
12 10 4.69312
12 24 0.086571045
12 21 0.12916802
12 3 0.0665272
13 30 1.8405287
13 0 0.5257292
13 8 4.025329
13 18 52.083336
13 33 1.2521603
13 11 1.0100875
13 29 4.424514
13 34 10.268963
13 20 0.4355957
13 2 0.26541695
13 14 2.869417
13 37 2.1705866
13 27 0.29384717
13 16 106.83668
13 25 0.97050244
14 34 2000.0
14 20 1.4691448
14 13 2.869417
14 33 0.47211447
14 27 1.9685303
14 11 2000.0
14 25 2.0477657
15 32 0.07036436
15 21 1.8466429
16 0 2000.0
16 30 1.0670402
16 8 1.5597936
16 18 0.8664789
16 13 106.83668
16 11 0.70213014
16 29 20.875938
16 5 1.5374076
16 20 5.6654162
16 37 23.12592
16 7 1.0897483
16 27 1.3523332
16 23 10.830624
16 25 2.0917726
17 26 1.7562014
17 6 0.93313396
17 10 0.032157782
17 24 0.24728836
17 31 1.3392649
17 9 0.043925017
17 4 0.09569175
17 19 1.8790625
18 30 0.71982265
18 2 9.431224
18 8 1.3792663
18 37 1.0136243
18 7 2000.0
18 13 52.083336
18 27 3.6141152
18 16 0.8664789
18 23 1.3385481
18 11 4.721154
18 29 0.89049834
18 5 0.4435544
19 31 0.08350696
19 9 0.06761395
19 17 1.8790625
19 4 0.090350226
20 30 13.488469
20 13 0.4355957
20 33 1.166802
20 11 0.7365933
20 29 4.4000244
20 5 1.772948
20 34 0.8168242
20 2 1.0965272
20 14 1.4691448
20 37 1.3341206
20 7 1.5041598
20 27 0.33607286
20 16 5.6654162
20 25 0.63074505
21 10 2000.0
21 24 0.5675173
21 35 0.037960924
21 12 0.12916802
21 15 1.8466429
22 6 1591.9318
22 31 1168.0114
22 9 0.29721692
22 19 1330.5114
23 0 2000.0
23 30 2.33924
23 2 100.0
23 8 1.0622972
23 37 6.2433143
23 18 1.3385481
23 7 1.5717489
23 16 10.830624
23 11 2000.0
23 29 1.8678185
23 5 3.2601662
24 26 0.05870981
24 32 0.17640468
24 10 0.04399105
24 21 0.5675173
24 31 9.819852
24 3 80.00001
24 12 0.086571045
24 15 2000.0
24 17 0.24728836
25 0 2000.0
25 30 4.590838
25 13 0.97050244
25 33 0.50267446
25 11 1.2240274
25 29 3.9634428
25 34 3.814265
25 20 0.63074505
25 2 1.4388114
25 14 2.0477657
25 37 23.292702
25 7 6.697727
25 27 1.2748848
25 16 2.0917726
26 36 300.0
26 32 16.172459
26 28 0.03283541
26 10 0.031539947
26 24 0.05870981
26 31 0.08581913
26 12 1.3840444
26 17 1.7562014
27 0 2000.0
27 30 0.22587949
27 8 1.588105
27 18 3.6141152
27 13 0.29384717
27 33 0.96765816
27 11 0.26208135
27 29 0.73032254
27 5 2.4135957
27 34 1.2648063
27 20 0.33607286
27 2 0.41934228
27 14 1.9685303
27 37 0.59317297
27 7 38.37252
27 16 1.3523332
27 25 1.2748848
28 36 0.029976636
28 26 0.03283541
28 10 0.11795803
28 3 0.071379036
28 12 3.557588
28 9 0.81533253
29 0 5.0376434
29 30 2.003082
29 8 0.92695373
29 18 0.89049834
29 13 4.424514
29 11 0.8208754
29 5 12.13027
29 34 7.2703424
29 20 4.4000244
29 2 0.7265986
29 37 0.80234116
29 7 2000.0
29 27 0.73032254
29 16 20.875938
29 23 1.8678185
29 25 3.9634428
30 0 2000.0
30 8 0.5534589
30 18 0.71982265
30 13 1.8405287
30 33 2.5034535
30 11 0.26904806
30 29 2.003082
30 5 0.40862972
30 34 1.5177354
30 20 13.488469
30 2 14.509518
30 37 3.0466945
30 7 0.8111584
30 27 0.22587949
30 16 1.0670402
30 23 2.33924
30 25 4.590838
31 26 0.08581913
31 6 1.0430492
31 10 0.04880762
31 24 9.819852
31 9 0.02920533
31 17 1.3392649
31 4 0.09584832
31 19 0.08350696
32 26 16.172459
32 24 0.17640468
32 12 0.38458717
32 15 0.07036436
33 30 2.5034535
33 8 2000.0
33 13 1.2521603
33 11 1.8838046
33 29 2000.0
33 34 2000.0
33 20 1.166802
33 2 1.6206921
33 14 0.47211447
33 7 2000.0
33 27 0.96765816
33 16 2000.0
33 25 0.50267446
34 30 1.5177354
34 20 0.8168242
34 8 7.6531115
34 13 10.268963
34 7 5.450677
34 27 1.2648063
34 16 1215.0568
34 11 2.5631473
34 25 3.814265
34 29 7.2703424
34 5 2.6662362
35 21 0.037960924
36 26 300.0
36 28 0.029976636
36 3 0.627718
36 9 1.8842082
37 30 3.0466945
37 0 0.7535163
37 8 1.3723112
37 18 1.0136243
37 13 2.1705866
37 11 1.3424821
37 29 0.80234116
37 20 1.3341206
37 2 0.7616255
37 7 12.411906
37 27 0.59317297
37 16 23.12592
37 23 6.2433143
37 25 23.292702
