0 2 1.6007733
0 37 1.2469183
0 13 0.79814816
0 29 12.111455
0 25 27.432741
1 3 2.346369
1 12 10.256818
2 30 47.332645
2 0 1.6007733
2 8 1.0340565
2 18 3.165554
2 13 0.3897822
2 33 1.6058916
2 11 2.0131361
2 29 1.3480641
2 20 5.0079336
2 37 0.8747004
2 27 1.262437
2 16 2000.0
2 23 9.069272
2 25 0.574845
3 36 0.2577967
3 28 10.467374
3 24 2000.0
3 12 0.04937864
3 1 2.346369
3 9 1.1096439
4 31 0.08618276
4 9 0.08030563
4 17 0.13636366
4 19 0.06539763
5 30 0.6807481
5 8 0.51090544
5 18 1.1716541
5 13 32.62091
5 11 1.4752445
5 29 4.3607087
5 34 1.342945
5 20 1.9464109
5 37 7.9732146
5 7 20.005116
5 27 1.5002147
5 16 1.9342339
5 23 2.3455865
5 25 2000.0
6 31 0.2127743
6 17 2.642574
7 34 261.65573
7 30 0.8327178
7 20 70.10175
7 8 6.602598
7 27 2000.0
7 16 1.3033056
7 23 1.6676886
7 25 4.639883
7 5 20.005116
8 0 2000.0
8 30 0.415554
8 18 1.5877165
8 13 1.2153971
8 11 1.0306693
8 29 0.25107855
8 5 0.51090544
8 34 29.325972
8 2 1.0340565
8 37 0.8984598
8 7 6.602598
8 27 1.6970658
8 16 1.8164126
8 23 0.8351915
8 25 2000.0
9 36 0.5576698
9 26 2000.0
9 28 1.3802695
9 10 44.853695
9 22 0.067832164
9 31 0.030048434
9 3 1.1096439
9 4 0.08030563
9 17 0.030448956
9 19 0.06654071
10 26 0.028709555
10 28 0.22302054
10 24 0.15680248
10 31 32.074223
10 12 1287.5568
10 9 44.853695
10 17 0.03108428
11 0 2000.0
11 30 0.64222
11 8 1.0306693
11 18 6.391465
11 13 0.7569946
11 33 1.677544
11 29 0.71667284
11 5 1.4752445
11 34 2.1856415
11 20 0.94452
11 2 2.0131361
11 37 1.385975
11 7 1630.625
11 27 0.82909447
11 16 1.4027282
11 25 1.1171776
12 26 2.1303537
12 32 3.6740093
12 24 0.063699126
12 21 0.12606621
12 3 0.04937864
12 1 10.256818
13 30 97.8015
13 0 0.79814816
13 8 1.2153971
13 18 240.14716
13 33 0.9371923
13 11 0.7569946
13 29 0.7686154
13 5 32.62091
13 34 131.12071
13 20 2.0378428
13 2 0.3897822
13 14 6.5145745
13 37 1.1849627
13 7 2000.0
13 27 0.42657456
13 16 36.78525
13 25 0.3728735
14 30 16.225285
14 20 1.8766679
14 13 6.5145745
14 27 4.1939626
14 33 0.46001238
14 11 2000.0
14 25 3.2556355
15 32 0.079077445
15 21 4.965219
16 0 2000.0
16 30 1.0884154
16 8 1.8164126
16 18 1.3073497
16 13 36.78525
16 11 1.4027282
16 5 1.9342339
16 34 84.08405
16 20 40.872158
16 7 1.3033056
16 27 1.5747597
16 23 2.637741
16 25 2.52567
17 6 2.642574
17 26 1.6191988
17 10 0.03108428
17 24 0.075344436
17 31 1.0160028
17 9 0.030448956
17 4 0.13636366
17 19 53.91808
18 0 2000.0
18 30 0.7153408
18 8 1.5877165
18 13 240.14716
18 11 6.391465
18 29 1.3034459
18 5 1.1716541
18 2 3.165554
18 37 2.914455
18 7 2000.0
18 27 75.28303
18 16 1.3073497
18 23 1.3859352
19 31 0.06792042
19 9 0.06654071
19 17 53.91808
19 4 0.06539763
20 0 2000.0
20 30 0.97057563
20 13 2.0378428
20 33 1.2429856
20 11 0.94452
20 29 6.0062623
20 5 1.9464109
20 34 1.0365137
20 2 5.0079336
20 14 1.8766679
20 37 2.4736884
20 7 70.10175
20 27 3.82434
20 16 40.872158
20 25 0.6631595
21 32 2000.0
21 24 0.9188211
21 35 0.03469668
21 31 2000.0
21 12 0.12606621
21 15 4.965219
22 31 120.56622
22 9 0.067832164
22 19 2000.0
23 0 2000.0
23 30 1.3496425
23 8 0.8351915
23 2 9.069272
23 37 1.8512644
23 18 1.3859352
23 7 1.6676886
23 16 2.637741
23 11 2000.0
23 29 0.91657025
23 5 2.3455865
24 26 0.064399354
24 32 0.36298597
24 10 0.15680248
24 21 0.9188211
24 12 0.063699126
24 15 2000.0
24 17 0.075344436
25 0 27.432741
25 30 21.06935
25 13 0.3728735
25 33 0.6071573
25 11 1.1171776
25 29 1.8904558
25 34 3.6194386
25 20 0.6631595
25 2 0.574845
25 14 3.2556355
25 37 2968.5796
25 7 4.639883
25 27 0.2860617
25 16 2.52567
26 32 71.111115
26 28 0.07912297
26 10 0.028709555
26 24 0.064399354
26 31 0.31121898
26 12 2.1303537
26 17 1.6191988
27 30 0.46300995
27 0 2000.0
27 8 1.6970658
27 18 75.28303
27 13 0.42657456
27 33 0.91408366
27 11 0.82909447
27 29 1.0808624
27 5 1.5002147
27 34 1.0723485
27 20 3.82434
27 2 1.262437
27 14 4.1939626
27 37 1.5998521
27 7 2000.0
27 16 1.5747597
27 25 0.2860617
28 36 0.03226723
28 26 0.07912297
28 10 0.22302054
28 3 10.467374
28 12 1203.8636
28 9 1.3802695
28 19 1545.284
29 0 12.111455
29 30 1.3391261
29 8 0.25107855
29 18 1.3034459
29 13 0.7686154
29 33 13.258666
29 11 0.71667284
29 5 4.3607087
29 34 3.2340946
29 20 6.0062623
29 2 1.3480641
29 37 0.64259326
29 7 2000.0
29 27 1.0808624
29 16 2000.0
29 23 0.91657025
29 25 1.8904558
30 8 0.415554
30 18 0.7153408
30 13 97.8015
30 33 6.485495
30 11 0.64222
30 29 1.3391261
30 5 0.6807481
30 34 0.81940794
30 20 0.97057563
30 2 47.332645
30 14 16.225285
30 37 16.541767
30 7 0.8327178
30 27 0.46300995
30 16 1.0884154
30 23 1.3496425
30 25 21.06935
31 26 0.31121898
31 6 0.2127743
31 10 32.074223
31 35 47.270153
31 22 120.56622
31 9 0.030048434
31 4 0.08618276
31 17 1.0160028
31 19 0.06792042
32 26 71.111115
32 24 0.36298597
32 12 3.6740093
32 15 0.079077445
33 30 6.485495
33 8 2000.0
33 13 0.9371923
33 11 1.677544
33 29 13.258666
33 5 2000.0
33 34 2000.0
33 20 1.2429856
33 2 1.6058916
33 14 0.46001238
33 7 2000.0
33 27 0.91408366
33 16 3017.898
33 25 0.6071573
34 30 0.81940794
34 20 1.0365137
34 8 29.325972
34 37 2000.0
34 13 131.12071
34 7 261.65573
34 27 1.0723485
34 16 84.08405
34 11 2.1856415
34 29 3.2340946
34 25 3.6194386
34 5 1.342945
35 21 0.03469668
35 31 47.270153
36 28 0.03226723
36 3 0.2577967
36 9 0.5576698
37 30 16.541767
37 0 1.2469183
37 8 0.8984598
37 18 2.914455
37 13 1.1849627
37 11 1.385975
37 29 0.64259326
37 5 7.9732146
37 20 2.4736884
37 2 0.8747004
37 7 3155.9658
37 27 1.5998521
37 16 2000.0
37 23 1.8512644
37 25 2968.5796
