0 8 10.092946
0 2 0.73329544
0 37 1.8068644
0 13 0.74449515
0 11 70.33501
0 29 26.617468
1 3 0.35497648
1 12 1201.4773
2 30 5.788863
2 0 0.73329544
2 8 0.99442744
2 18 17.738745
2 13 0.37930086
2 33 1.0901594
2 11 0.7205618
2 29 1.2030392
2 20 2.6819224
2 37 0.55635875
2 27 0.6713182
2 16 2000.0
2 23 2000.0
2 25 1.0847842
3 36 0.25050163
3 28 0.08928292
3 24 2000.0
3 12 0.051373113
3 1 0.35497648
3 9 0.22831033
4 31 0.07789294
4 9 0.06759649
4 17 0.10202923
4 19 0.08065719
5 30 0.73026735
5 8 0.46813378
5 18 0.42566457
5 13 165.28752
5 11 1.7927775
5 29 2.925108
5 34 2.945227
5 20 4.0453124
5 37 2000.0
5 7 4.5842333
5 27 2.050499
5 16 1.4556113
5 23 4.1849856
6 22 90.984665
6 31 0.29516315
6 17 0.96594566
7 34 7.4626627
7 30 0.54123753
7 20 1.4141691
7 8 25.925694
7 37 47.14558
7 27 133.33334
7 16 1.0448335
7 11 3.2408738
7 23 1.1005796
7 25 8.141374
7 5 4.5842333
8 0 10.092946
8 30 0.5135958
8 18 0.9330923
8 13 2.1677563
8 11 0.7707372
8 29 0.62014765
8 5 0.46813378
8 34 2.6613824
8 2 0.99442744
8 37 0.86436623
8 7 25.925694
8 27 1.205373
8 16 1.2902652
8 23 0.7772652
9 36 1.2481229
9 26 2000.0
9 28 3.1383533
9 10 13.338372
9 22 0.21139161
9 31 0.028941484
9 3 0.22831033
9 17 0.08006959
9 4 0.06759649
9 19 0.064359024
10 26 0.029872365
10 28 0.21996754
10 24 0.19327103
10 31 0.031520564
10 12 8.7783375
10 9 13.338372
10 17 0.043589015
11 0 70.33501
11 30 0.2850231
11 8 0.7707372
11 18 4.7140613
11 13 0.54449624
11 33 2.1005268
11 29 0.9835392
11 5 1.7927775
11 34 1.6086296
11 20 0.88708717
11 2 0.7205618
11 37 1.4920053
11 7 3.2408738
11 27 0.30824342
11 16 0.865413
11 25 0.81984067
12 26 1.4912555
12 28 1.3069516
12 32 0.18501967
12 10 8.7783375
12 24 0.07318624
12 21 0.09695835
12 3 0.051373113
13 0 0.74449515
13 30 0.99102473
13 8 2.1677563
13 18 177.77652
13 33 0.95929444
13 11 0.54449624
13 29 1.2897037
13 5 165.28752
13 34 6.796689
13 20 0.5593948
13 2 0.37930086
13 14 2.577211
13 37 1.2141948
13 27 0.59088737
13 16 72.91308
13 25 0.40078083
14 20 1.4265136
14 13 2.577211
14 27 4.95909
14 33 0.49123797
14 11 2000.0
14 25 1.9867374
15 32 0.08072529
15 21 1.4265851
16 30 1.0499699
16 0 2000.0
16 8 1.2902652
16 18 0.7909052
16 13 72.91308
16 11 0.865413
16 29 16.234991
16 5 1.4556113
16 20 5.1201096
16 37 45.682644
16 7 1.0448335
16 27 1.3866613
16 23 8.598609
16 25 1.2332761
17 26 1.6463913
17 6 0.96594566
17 10 0.043589015
17 24 0.2995191
17 31 1.344229
17 9 0.08006959
17 4 0.10202923
17 19 2.8308566
18 30 0.66383874
18 2 17.738745
18 8 0.9330923
18 37 0.9334279
18 13 177.77652
18 7 2000.0
18 27 3.2298665
18 16 0.7909052
18 23 1.2403533
18 11 4.7140613
18 29 1.1786498
18 5 0.42566457
19 31 0.08293622
19 9 0.064359024
19 17 2.8308566
19 4 0.08065719
20 30 7.461228
20 13 0.5593948
20 33 1.6158028
20 11 0.88708717
20 29 4.742536
20 5 4.0453124
20 34 0.86214805
20 2 2.6819224
20 14 1.4265136
20 37 2.421905
20 7 1.4141691
20 27 2.4233418
20 16 5.1201096
20 25 0.41402116
21 32 2000.0
21 24 0.61425287
21 35 0.035669196
21 12 0.09695835
21 15 1.4265851
22 6 90.984665
22 31 1246.1364
22 9 0.21139161
22 19 1318.8068
23 0 2000.0
23 30 1.0848709
23 2 2000.0
23 8 0.7772652
23 37 2.214278
23 18 1.2403533
23 7 1.1005796
23 16 8.598609
23 11 2000.0
23 29 2.409419
23 5 4.1849856
24 26 0.048987273
24 32 0.112719156
24 10 0.19327103
24 21 0.61425287
24 31 6.6088123
24 12 0.07318624
24 3 2000.0
24 15 2000.0
24 17 0.2995191
25 34 1.0811192
25 30 1.1677309
25 20 0.41402116
25 2 1.0847842
25 14 1.9867374
25 7 8.141374
25 13 0.40078083
25 33 0.4045872
25 27 0.49310142
25 16 1.2332761
25 11 0.81984067
25 29 2.0787249
26 32 35.51833
26 28 0.05410936
26 10 0.029872365
26 24 0.048987273
26 31 0.058888394
26 12 1.4912555
26 17 1.6463913
27 0 2000.0
27 30 0.18192641
27 8 1.205373
27 18 3.2298665
27 13 0.59088737
27 33 0.8945665
27 11 0.30824342
27 29 0.68343794
27 5 2.050499
27 34 1.1638148
27 20 2.4233418
27 2 0.6713182
27 14 4.95909
27 37 0.5641079
27 7 133.33334
27 16 1.3866613
27 25 0.49310142
28 36 0.035833333
28 26 0.05410936
28 10 0.21996754
28 3 0.08928292
28 12 1.3069516
28 9 3.1383533
29 0 26.617468
29 30 1.4193006
29 8 0.62014765
29 18 1.1786498
29 13 1.2897037
29 33 150.21457
29 11 0.9835392
29 5 2.925108
29 34 8.044672
29 20 4.742536
29 2 1.2030392
29 37 0.437651
29 7 2000.0
29 27 0.68343794
29 16 16.234991
29 23 2.409419
29 25 2.0787249
30 0 2000.0
30 8 0.5135958
30 18 0.66383874
30 13 0.99102473
30 33 1.6807139
30 11 0.2850231
30 29 1.4193006
30 5 0.73026735
30 34 1.1987343
30 20 7.461228
30 2 5.788863
30 37 5.4782953
30 7 0.54123753
30 27 0.18192641
30 16 1.0499699
30 23 1.0848709
30 25 1.1677309
31 26 0.058888394
31 6 0.29516315
31 10 0.031520564
31 24 6.6088123
31 9 0.028941484
31 17 1.344229
31 4 0.07789294
31 19 0.08293622
32 26 35.51833
32 24 0.112719156
32 12 0.18501967
32 15 0.08072529
33 34 2000.0
33 30 1.6807139
33 20 1.6158028
33 2 1.0901594
33 14 0.49123797
33 7 2000.0
33 13 0.95929444
33 27 0.8945665
33 16 1844.659
33 11 2.1005268
33 29 150.21457
33 25 0.4045872
34 30 1.1987343
34 20 0.86214805
34 8 2.6613824
34 13 6.796689
34 7 7.4626627
34 27 1.1638148
34 16 1215.0568
34 11 1.6086296
34 25 1.0811192
34 29 8.044672
34 5 2.945227
35 21 0.035669196
36 26 2000.0
36 28 0.035833333
36 3 0.25050163
36 9 1.2481229
37 30 5.4782953
37 0 1.8068644
37 8 0.86436623
37 18 0.9334279
37 13 1.2141948
37 11 1.4920053
37 29 0.437651
37 20 2.421905
37 2 0.55635875
37 7 47.14558
37 27 0.5641079
37 16 45.682644
37 23 2.214278
37 25 1688.2386
