0 8 7.463826
0 2 0.9915444
0 37 0.72606385
0 13 0.76818323
0 11 42.41806
0 25 2000.0
0 29 16.298155
1 3 0.3271261
1 12 1309.6592
2 30 17.754734
2 0 0.9915444
2 8 1.25446
2 18 6.5798864
2 13 0.8485996
2 33 4.936804
2 11 1.915006
2 29 1.0428512
2 20 9.083559
2 37 1.1849902
2 27 2.065225
2 16 2000.0
2 23 12.820873
2 25 4.5757675
3 36 0.1863108
3 28 0.09009879
3 24 188.38637
3 12 0.061222926
3 1 0.3271261
3 9 0.21856736
4 31 0.0855067
4 9 0.06846592
4 17 0.071206
4 19 0.082784496
5 30 0.841894
5 8 0.7889903
5 18 0.3867923
5 13 2000.0
5 11 2.5409389
5 29 2.4521465
5 34 3.4083354
5 20 2.1665454
5 37 2000.0
5 7 7.1174664
5 27 2.6854863
5 16 1.5212849
5 23 4.9490957
6 31 2.5608664
6 17 1.0720109
7 34 11.783185
7 30 1.4065307
7 20 1.2583042
7 8 30.055094
7 37 17.54734
7 27 105.03188
7 16 1.9077474
7 11 7.8474145
7 23 1.1330042
7 25 10.835826
7 5 7.1174664
8 0 7.463826
8 30 0.61664855
8 18 1.2976236
8 13 1.9368317
8 11 1.0475205
8 29 0.4656895
8 5 0.7889903
8 34 8.445292
8 2 1.25446
8 37 1.5821997
8 7 30.055094
8 27 1.0393827
8 16 1.4445896
8 23 1.2409029
9 36 0.8172361
9 26 2000.0
9 28 0.8372564
9 10 8.6296015
9 22 0.40431297
9 31 0.03081043
9 3 0.21856736
9 17 0.047014635
9 4 0.06846592
9 19 0.066434704
10 26 0.036695074
10 28 0.23076755
10 24 0.06680718
10 31 0.068604596
10 12 8.137295
10 9 8.6296015
10 17 0.029926445
11 0 42.41806
11 30 0.35412422
11 8 1.0475205
11 18 10.183623
11 13 0.7668231
11 33 2.6031928
11 29 0.821934
11 5 2.5409389
11 34 3.9316602
11 20 0.88692
11 2 1.915006
11 37 1.8508204
11 7 7.8474145
11 27 0.4499037
11 16 1.0548923
11 25 2.076282
12 26 2.5716722
12 28 3.9402316
12 32 0.3846269
12 10 8.137295
12 24 0.07155934
12 21 0.08011439
12 3 0.061222926
13 30 1.756221
13 0 0.76818323
13 8 1.9368317
13 18 2000.0
13 33 0.8718676
13 11 0.7668231
13 29 0.74192846
13 34 11.465443
13 20 0.54677254
13 2 0.8485996
13 14 2.8761816
13 37 2.6013775
13 27 0.36556992
13 16 308.97693
13 25 0.8278629
14 20 2.2643888
14 13 2.8761816
14 33 0.40487397
14 27 1.8093588
14 11 2000.0
14 25 7.182755
15 32 0.07233728
15 21 1.5833038
16 0 2000.0
16 30 1.1018909
16 8 1.4445896
16 18 2.5446317
16 13 308.97693
16 11 1.0548923
16 29 36.03047
16 5 1.5212849
16 20 3.6696386
16 37 36.83736
16 7 1.9077474
16 27 1.3675193
16 23 11.17546
16 25 1.5858573
17 26 1.8316176
17 6 1.0720109
17 10 0.029926445
17 24 0.2437464
17 31 1.3050541
17 9 0.047014635
17 4 0.071206
17 19 2.498724
18 30 0.65123886
18 2 6.5798864
18 8 1.2976236
18 37 0.99273926
18 7 2000.0
18 27 3.1144211
18 16 2.5446317
18 23 1.2221111
18 11 10.183623
18 29 1.0536581
18 5 0.3867923
19 31 0.06742464
19 9 0.066434704
19 17 2.498724
19 4 0.082784496
20 0 2000.0
20 30 18.023376
20 13 0.54677254
20 33 1.1794428
20 11 0.88692
20 29 1.7479761
20 5 2.1665454
20 34 0.9753778
20 2 9.083559
20 14 2.2643888
20 37 8.155038
20 7 1.2583042
20 27 0.44779617
20 16 3.6696386
20 25 0.83454543
21 26 2000.0
21 24 0.1026453
21 35 0.04272233
21 12 0.08011439
21 15 1.5833038
22 6 1140.4546
22 31 1199.8864
22 9 0.40431297
22 19 1329.8296
23 0 2000.0
23 30 1.6109203
23 2 12.820873
23 8 1.2409029
23 37 3.5829933
23 18 1.2221111
23 7 1.1330042
23 16 11.17546
23 11 2000.0
23 29 1.9260865
23 5 4.9490957
24 26 0.0474449
24 32 0.105680905
24 10 0.06680718
24 21 0.1026453
24 31 7.230012
24 3 188.38637
24 12 0.07155934
24 15 2000.0
24 17 0.2437464
25 0 2000.0
25 30 2.7782345
25 13 0.8278629
25 33 0.635823
25 11 2.076282
25 29 1.4180871
25 34 3.919714
25 20 0.83454543
25 2 4.5757675
25 14 7.182755
25 37 24.050909
25 7 10.835826
25 27 1.1172435
25 16 1.5858573
26 36 84.70589
26 32 14.154216
26 28 0.03662829
26 10 0.036695074
26 24 0.0474449
26 31 0.062442876
26 12 2.5716722
26 17 1.8316176
27 0 2000.0
27 30 0.25632447
27 8 1.0393827
27 18 3.1144211
27 13 0.36556992
27 33 0.9102465
27 11 0.4499037
27 29 0.94376016
27 5 2.6854863
27 34 1.8349214
27 20 0.44779617
27 2 2.065225
27 14 1.8093588
27 37 1.842393
27 7 105.03188
27 16 1.3675193
27 25 1.1172435
28 36 0.03061626
28 26 0.03662829
28 10 0.23076755
28 3 0.09009879
28 12 3.9402316
28 9 0.8372564
29 0 16.298155
29 30 2.3548782
29 8 0.4656895
29 18 1.0536581
29 13 0.74192846
29 11 0.821934
29 5 2.4521465
29 34 4.1037917
29 20 1.7479761
29 2 1.0428512
29 37 1.0593952
29 7 2000.0
29 27 0.94376016
29 16 36.03047
29 23 1.9260865
29 25 1.4180871
30 0 2000.0
30 8 0.61664855
30 18 0.65123886
30 13 1.756221
30 33 2.7640626
30 11 0.35412422
30 29 2.3548782
30 5 0.841894
30 34 2.082814
30 20 18.023376
30 2 17.754734
30 37 6.2766995
30 7 1.4065307
30 27 0.25632447
30 16 1.1018909
30 23 1.6109203
30 25 2.7782345
31 26 0.062442876
31 6 2.5608664
31 10 0.068604596
31 24 7.230012
31 9 0.03081043
31 17 1.3050541
31 4 0.0855067
31 19 0.06742464
32 26 14.154216
32 24 0.105680905
32 12 0.3846269
32 15 0.07233728
33 30 2.7640626
33 8 2000.0
33 13 0.8718676
33 11 2.6031928
33 29 3275.3408
33 34 2000.0
33 20 1.1794428
33 2 4.936804
33 14 0.40487397
33 7 2000.0
33 27 0.9102465
33 16 1998.8635
33 25 0.635823
34 30 2.082814
34 20 0.9753778
34 8 8.445292
34 7 11.783185
34 13 11.465443
34 27 1.8349214
34 16 5535.0566
34 11 3.9316602
34 25 3.919714
34 29 4.1037917
34 5 3.4083354
35 21 0.04272233
36 26 84.70589
36 28 0.03061626
36 3 0.1863108
36 9 0.8172361
37 30 6.2766995
37 0 0.72606385
37 8 1.5821997
37 18 0.99273926
37 13 2.6013775
37 11 1.8508204
37 29 1.0593952
37 20 8.155038
37 2 1.1849902
37 7 17.54734
37 27 1.842393
37 16 36.83736
37 23 3.5829933
37 25 24.050909
