0 8 13.298601
0 2 0.75985014
0 37 0.9585241
0 13 0.6900729
0 11 88.888885
0 25 2000.0
0 29 6.8873796
1 3 0.2603409
1 12 1202.2728
2 30 12.309931
2 0 0.75985014
2 8 1.410272
2 18 7.718787
2 13 0.28855315
2 33 1.1352409
2 11 0.892091
2 29 0.88979495
2 20 3.2122586
2 37 1.5980488
2 27 1.2604423
2 23 22.218021
2 25 1.5356427
3 36 0.2581388
3 28 0.08784015
3 24 480.00003
3 12 0.05941791
3 1 0.2603409
3 9 0.16143322
4 31 0.08394083
4 9 0.073557
4 17 0.077613644
4 19 0.08719205
5 30 0.8013962
5 8 0.66550314
5 18 0.41399255
5 13 2000.0
5 11 2.3119648
5 29 3.2512617
5 34 4.637951
5 20 1.3687501
5 37 2000.0
5 7 9.563737
5 27 1.9655484
5 16 1.3645179
5 23 4.6462226
6 31 1.1742424
6 17 1.1407342
7 34 10.941127
7 30 0.84649485
7 20 1.4853412
7 8 35.781376
7 37 19.041063
7 27 53.164165
7 16 1.0322454
7 11 6.188297
7 23 1.2648647
7 25 7.3654795
7 5 9.563737
8 0 13.298601
8 30 0.68046325
8 18 0.86288166
8 13 3.2052462
8 11 0.7205878
8 29 0.9809448
8 5 0.66550314
8 34 4.542132
8 2 1.410272
8 37 1.2978789
8 7 35.781376
8 27 1.0322397
8 16 1.5655543
8 23 0.9992768
9 36 1.2813277
9 26 2000.0
9 28 3.367438
9 10 3.029062
9 22 0.14781055
9 31 0.03973607
9 3 0.16143322
9 17 0.04730812
9 4 0.073557
9 19 0.06516212
10 26 0.034839075
10 28 0.16319168
10 24 0.06173059
10 31 0.030918559
10 12 15.380825
10 9 3.029062
10 17 0.031140823
11 0 88.888885
11 30 0.249513
11 8 0.7205878
11 18 5.715236
11 13 0.32376283
11 33 3.6898189
11 29 0.65974295
11 5 2.3119648
11 34 2.9063587
11 20 0.7950349
11 2 0.892091
11 37 1.5078124
11 7 6.188297
11 27 0.25855473
11 16 0.69274783
11 25 1.3503183
12 26 0.9179392
12 28 3.7328658
12 32 0.173889
12 10 15.380825
12 24 0.06533378
12 21 0.08376377
12 3 0.05941791
13 30 0.9402717
13 0 0.6900729
13 8 3.2052462
13 18 600.0
13 33 1.1002183
13 11 0.32376283
13 29 0.8206683
13 34 8.204865
13 20 0.7198605
13 2 0.28855315
13 14 2.6790643
13 37 2.7772388
13 27 0.17085466
13 16 479.80496
13 25 0.47289371
14 20 0.7071882
14 13 2.6790643
14 33 0.4982162
14 27 2.5391803
14 11 2000.0
14 25 2.3475378
15 32 0.06634024
15 21 0.9257638
16 0 2000.0
16 30 1.1018349
16 8 1.5655543
16 18 0.5920477
16 11 0.69274783
16 29 43.644318
16 5 1.3645179
16 20 9.820285
16 37 400.0
16 7 1.0322454
16 27 1.3428237
16 23 8.119414
16 25 1.2562257
17 26 2.0357656
17 6 1.1407342
17 10 0.031140823
17 24 0.19994348
17 31 1.1985022
17 9 0.04730812
17 4 0.077613644
17 19 2.4070709
18 30 0.7193265
18 2 7.718787
18 8 0.86288166
18 37 0.99714625
18 7 2000.0
18 13 600.0
18 27 3.8294208
18 16 0.5920477
18 23 1.4636786
18 11 5.715236
18 29 1.2041816
18 5 0.41399255
19 31 0.0665141
19 9 0.06516212
19 17 2.4070709
19 4 0.08719205
20 30 5.0599484
20 13 0.7198605
20 33 0.98756886
20 11 0.7950349
20 29 1.4013876
20 5 1.3687501
20 34 0.8705542
20 2 3.2122586
20 14 0.7071882
20 37 6.2404766
20 7 1.4853412
20 27 0.35026488
20 16 9.820285
20 25 0.42881924
21 32 2000.0
21 24 0.11585131
21 35 0.0525817
21 12 0.08376377
21 15 0.9257638
22 6 1352.4432
22 31 1199.8864
22 9 0.14781055
22 19 1329.8296
23 0 2000.0
23 30 1.2211022
23 2 22.218021
23 8 0.9992768
23 37 3.9156682
23 18 1.4636786
23 7 1.2648647
23 16 8.119414
23 11 2000.0
23 29 2.4647126
23 5 4.6462226
24 26 0.092881136
24 32 0.09868271
24 10 0.06173059
24 21 0.11585131
24 31 16.150629
24 12 0.06533378
24 3 480.00003
24 15 2000.0
24 17 0.19994348
25 0 2000.0
25 30 1.3272718
25 13 0.47289371
25 33 0.3453148
25 11 1.3503183
25 29 2.6580763
25 34 1.3394303
25 20 0.42881924
25 2 1.5356427
25 14 2.3475378
25 37 20.348047
25 7 7.3654795
25 27 0.5751779
25 16 1.2562257
26 36 212.46385
26 32 46.104836
26 28 0.033012565
26 10 0.034839075
26 24 0.092881136
26 31 0.06500907
26 12 0.9179392
26 17 2.0357656
27 0 2000.0
27 30 0.18299223
27 8 1.0322397
27 18 3.8294208
27 13 0.17085466
27 33 1.1315583
27 11 0.25855473
27 29 0.6915417
27 5 1.9655484
27 34 1.2888246
27 20 0.35026488
27 2 1.2604423
27 14 2.5391803
27 37 1.8771306
27 7 53.164165
27 16 1.3428237
27 25 0.5751779
28 36 0.040017102
28 26 0.033012565
28 10 0.16319168
28 3 0.08784015
28 12 3.7328658
28 9 3.367438
29 0 6.8873796
29 30 3.5595174
29 8 0.9809448
29 18 1.2041816
29 13 0.8206683
29 11 0.65974295
29 5 3.2512617
29 34 1.8818135
29 20 1.4013876
29 2 0.88979495
29 37 0.72276074
29 7 2000.0
29 27 0.6915417
29 16 43.644318
29 23 2.4647126
29 25 2.6580763
30 0 2000.0
30 8 0.68046325
30 18 0.7193265
30 13 0.9402717
30 33 1.8414371
30 11 0.249513
30 29 3.5595174
30 5 0.8013962
30 34 1.3582053
30 20 5.0599484
30 2 12.309931
30 37 6.398907
30 7 0.84649485
30 27 0.18299223
30 16 1.1018349
30 23 1.2211022
30 25 1.3272718
31 26 0.06500907
31 6 1.1742424
31 10 0.030918559
31 24 16.150629
31 9 0.03973607
31 17 1.1985022
31 4 0.08394083
31 19 0.0665141
32 26 46.104836
32 24 0.09868271
32 12 0.173889
32 15 0.06634024
33 30 1.8414371
33 13 1.1002183
33 11 3.6898189
33 29 3275.3408
33 5 2000.0
33 34 2000.0
33 20 0.98756886
33 2 1.1352409
33 14 0.4982162
33 7 2000.0
33 27 1.1315583
33 16 1998.8635
33 25 0.3453148
34 30 1.3582053
34 20 0.8705542
34 8 4.542132
34 7 10.941127
34 13 8.204865
34 27 1.2888246
34 16 3216.9885
34 11 2.9063587
34 25 1.3394303
34 29 1.8818135
34 5 4.637951
35 21 0.0525817
36 26 212.46385
36 28 0.040017102
36 3 0.2581388
36 9 1.2813277
37 30 6.398907
37 0 0.9585241
37 8 1.2978789
37 18 0.99714625
37 13 2.7772388
37 11 1.5078124
37 29 0.72276074
37 20 6.2404766
37 2 1.5980488
37 7 19.041063
37 27 1.8771306
37 16 400.0
37 23 3.9156682
37 25 20.348047
