0 8 6.0222945
0 2 1.3600698
0 37 0.7588359
0 13 0.9178568
0 11 24.354492
0 29 5.5000286
1 3 0.26158357
1 12 70.94709
2 30 6.7232833
2 0 1.3600698
2 8 1.1902448
2 18 18.66659
2 13 0.27813274
2 33 1.2549261
2 11 0.73351246
2 29 1.2528214
2 20 3.617729
2 37 0.8025095
2 27 0.5277376
2 16 2000.0
2 23 31.156862
2 25 1.3763087
3 36 0.21125653
3 28 0.13483472
3 24 2000.0
3 12 0.060662754
3 1 0.26158357
3 9 0.2343848
4 31 0.079324536
4 9 0.06830611
4 17 0.07797609
4 19 0.07554276
5 30 0.5302786
5 8 0.3536748
5 18 1.8063781
5 13 2000.0
5 11 1.5492957
5 29 5.336045
5 34 3.9544778
5 20 5.7880797
5 37 2000.0
5 7 19.802074
5 27 2.0890365
5 16 1.5826492
5 23 4.289598
6 36 2000.0
6 22 111.8549
6 31 1.3537265
6 17 0.55284095
7 34 6.5236177
7 30 0.7073864
7 20 1.8765006
7 8 33.097878
7 37 7.9833217
7 27 160.0
7 16 1.1469983
7 11 9.864253
7 23 1.1081884
7 25 11.489254
7 5 19.802074
8 0 6.0222945
8 30 0.96406484
8 18 1.1269318
8 13 2.3327138
8 11 0.4496788
8 29 0.7920165
8 5 0.3536748
8 34 2.8980827
8 2 1.1902448
8 37 0.981486
8 7 33.097878
8 27 2.285841
8 16 1.3960899
8 23 1.1453125
9 36 1.1976285
9 26 2000.0
9 28 0.88598305
9 10 10.827211
9 22 0.482454
9 31 0.02864908
9 3 0.2343848
9 12 2000.0
9 17 0.05272069
9 4 0.06830611
9 19 0.06609294
10 26 0.03332006
10 28 0.18955167
10 24 0.047032822
10 31 0.048342805
10 12 18.619698
10 9 10.827211
10 17 0.03338996
11 0 24.354492
11 30 0.36001122
11 8 0.4496788
11 18 6.718718
11 13 0.5169697
11 33 2.1259437
11 29 0.705433
11 5 1.5492957
11 34 2.663209
11 20 1.4561989
11 2 0.73351246
11 37 1.103551
11 7 9.864253
11 27 0.41212568
11 16 0.9316435
11 25 0.77580637
12 26 1.1559218
12 28 2.0909407
12 32 0.39851224
12 10 18.619698
12 24 0.06692468
12 21 0.08035404
12 3 0.060662754
12 1 70.94709
13 30 1.0498863
13 0 0.9178568
13 8 2.3327138
13 18 833.3334
13 33 0.8182171
13 11 0.5169697
13 29 1.2578808
13 5 2000.0
13 34 10.083862
13 20 0.9889538
13 2 0.27813274
13 14 2.7483945
13 37 2.1240935
13 27 1.32595
13 16 160.0
13 25 0.7851473
14 34 2000.0
14 20 1.19059
14 13 2.7483945
14 33 0.5690728
14 27 5.2157936
14 11 2000.0
14 25 1.4294943
15 32 0.07050891
15 21 1.3289629
16 0 2000.0
16 30 1.2808874
16 8 1.3960899
16 18 1.0360183
16 13 160.0
16 11 0.9316435
16 29 36.41316
16 5 1.5826492
16 20 25.911983
16 37 76.618095
16 7 1.1469983
16 27 2.4699898
16 23 11.059831
16 25 1.0871978
17 26 2.0426865
17 6 0.55284095
17 10 0.03338996
17 24 0.24522342
17 31 1.5183849
17 9 0.05272069
17 4 0.07797609
17 19 2.2653542
18 30 0.920716
18 2 18.66659
18 8 1.1269318
18 37 2.0779355
18 7 2000.0
18 13 833.3334
18 27 7.584441
18 16 1.0360183
18 23 1.6205863
18 11 6.718718
18 29 1.5518875
18 5 1.8063781
19 31 0.080881886
19 9 0.06609294
19 17 2.2653542
19 4 0.07554276
20 30 11.897129
20 13 0.9889538
20 33 1.6316061
20 11 1.4561989
20 29 2.4740715
20 5 5.7880797
20 34 0.8295089
20 2 3.617729
20 14 1.19059
20 37 5.1250305
20 7 1.8765006
20 27 3.4938343
20 16 25.911983
20 25 0.37033617
21 32 2000.0
21 24 0.6717499
21 35 0.039435714
21 12 0.08035404
21 15 1.3289629
22 6 111.8549
22 31 68.70917
22 9 0.482454
22 19 1329.4886
23 0 2000.0
23 30 1.2401247
23 2 31.156862
23 8 1.1453125
23 37 1.9258546
23 18 1.6205863
23 7 1.1081884
23 16 11.059831
23 11 2000.0
23 29 3.2805903
23 5 4.289598
24 26 0.06643325
24 32 0.10348305
24 10 0.047032822
24 21 0.6717499
24 31 6.556919
24 12 0.06692468
24 15 2000.0
24 17 0.24522342
25 30 2.963068
25 13 0.7851473
25 33 0.36200488
25 11 0.77580637
25 29 2.359784
25 34 0.95891845
25 20 0.37033617
25 2 1.3763087
25 14 1.4294943
25 37 22.764706
25 7 11.489254
25 27 0.816274
25 16 1.0871978
26 32 30.495779
26 28 0.02940406
26 10 0.03332006
26 24 0.06643325
26 31 0.045602426
26 12 1.1559218
26 17 2.0426865
27 0 2000.0
27 30 0.25486517
27 8 2.285841
27 18 7.584441
27 13 1.32595
27 33 0.7449656
27 11 0.41212568
27 29 0.6744287
27 5 2.0890365
27 34 1.0983167
27 20 3.4938343
27 2 0.5277376
27 14 5.2157936
27 37 1.1065257
27 7 160.0
27 16 2.4699898
27 25 0.816274
28 36 0.031566992
28 26 0.02940406
28 10 0.18955167
28 3 0.13483472
28 12 2.0909407
28 9 0.88598305
29 0 5.5000286
29 30 5.230039
29 8 0.7920165
29 18 1.5518875
29 13 1.2578808
29 11 0.705433
29 5 5.336045
29 34 7.281735
29 20 2.4740715
29 2 1.2528214
29 37 1.2586175
29 7 2000.0
29 27 0.6744287
29 16 36.41316
29 23 3.2805903
29 25 2.359784
30 0 2000.0
30 8 0.96406484
30 18 0.920716
30 13 1.0498863
30 33 1.9554209
30 11 0.36001122
30 29 5.230039
30 5 0.5302786
30 34 1.1694343
30 20 11.897129
30 2 6.7232833
30 37 5.3947315
30 7 0.7073864
30 27 0.25486517
30 16 1.2808874
30 23 1.2401247
30 25 2.963068
31 26 0.045602426
31 6 1.3537265
31 10 0.048342805
31 24 6.556919
31 22 68.70917
31 9 0.02864908
31 17 1.5183849
31 4 0.079324536
31 19 0.080881886
32 26 30.495779
32 24 0.10348305
32 12 0.39851224
32 15 0.07050891
33 30 1.9554209
33 8 2000.0
33 13 0.8182171
33 11 2.1259437
33 29 7853.409
33 34 2000.0
33 20 1.6316061
33 2 1.2549261
33 14 0.5690728
33 7 2000.0
33 27 0.7449656
33 16 2000.0
33 25 0.36200488
34 30 1.1694343
34 20 0.8295089
34 8 2.8980827
34 13 10.083862
34 7 6.5236177
34 27 1.0983167
34 16 1215.0568
34 11 2.663209
34 25 0.95891845
34 29 7.281735
34 5 3.9544778
35 21 0.039435714
36 26 1950.2748
36 28 0.031566992
36 3 0.21125653
36 9 1.1976285
37 30 5.3947315
37 0 0.7588359
37 8 0.981486
37 18 2.0779355
37 13 2.1240935
37 11 1.103551
37 29 1.2586175
37 20 5.1250305
37 2 0.8025095
37 7 7.9833217
37 27 1.1065257
37 16 76.618095
37 23 1.9258546
37 25 22.764706
