0 8 4.0550733
0 2 0.66515255
0 37 0.82770765
0 13 0.6692841
0 11 62.982956
0 29 15.884588
1 3 0.2279095
1 12 1213.8069
2 30 10.025962
2 0 0.66515255
2 8 1.0892144
2 18 22.472633
2 13 0.28600267
2 33 1.4711941
2 11 0.70245993
2 29 0.6902854
2 20 1.6633624
2 37 0.5459861
2 27 0.30761823
2 23 31.332008
2 25 0.9749329
3 36 0.15643235
3 28 0.08323864
3 24 360.00003
3 12 0.061186668
3 1 0.2279095
3 9 0.38984847
4 31 0.08046803
4 9 0.069663264
4 17 0.08082664
4 19 0.08048257
5 30 1.0095308
5 8 0.66745955
5 18 0.37138867
5 13 138.88889
5 11 2.3680484
5 29 3.9377053
5 34 1.0617709
5 20 3.9897532
5 37 2000.0
5 7 5.634288
5 27 2.1176655
5 16 1.5940845
5 23 3.0714152
6 22 89.31478
6 31 0.39256078
6 17 0.7095729
7 34 12.770578
7 30 1.4615916
7 20 2.0513241
7 8 33.396404
7 37 9.251524
7 27 150.0
7 16 1.2152297
7 11 9.205393
7 23 1.1439492
7 25 6.9119167
7 5 5.634288
8 0 4.0550733
8 30 0.54994226
8 18 1.2002697
8 13 1.6792133
8 11 0.7614092
8 29 0.8202838
8 5 0.66745955
8 34 1.9211648
8 2 1.0892144
8 37 0.7554856
8 7 33.396404
8 27 0.87925804
8 16 1.2608049
8 23 0.9565036
9 36 1.5120939
9 28 2.9764628
9 10 2.0989153
9 22 0.36927506
9 31 0.030719675
9 12 2000.0
9 3 0.38984847
9 17 0.07723421
9 4 0.069663264
9 19 0.06615707
10 26 0.030499505
10 28 0.23412533
10 24 0.05665934
10 31 0.030623283
10 12 8.353441
10 9 2.0989153
10 17 0.033620875
11 0 62.982956
11 30 0.4240872
11 8 0.7614092
11 18 12.346622
11 13 0.5541795
11 33 1.6259131
11 29 0.6529998
11 5 2.3680484
11 34 1.5885942
11 20 0.65544397
11 2 0.70245993
11 37 1.0753353
11 7 9.205393
11 27 0.3982582
11 16 0.85353756
11 25 1.2054509
12 26 1.0090529
12 28 4.6161137
12 32 0.20603578
12 10 8.353441
12 24 0.07547261
12 21 0.118726164
12 3 0.061186668
13 0 0.6692841
13 30 1.3657883
13 8 1.6792133
13 18 324.42776
13 33 0.79722774
13 11 0.5541795
13 29 0.698875
13 5 138.88889
13 34 5.5731277
13 20 0.5669651
13 2 0.28600267
13 14 2.6852293
13 37 1.0326225
13 27 0.22122325
13 16 21.104895
13 25 0.5280845
14 20 1.5078092
14 13 2.6852293
14 27 2.6057553
14 33 0.41371948
14 11 2000.0
14 25 4.7162757
15 32 0.08453996
15 21 1.6533828
16 0 2000.0
16 30 1.1209553
16 8 1.2608049
16 18 0.83565587
16 13 21.104895
16 11 0.85353756
16 29 23.090237
16 5 1.5940845
16 20 5.135993
16 37 10.529442
16 7 1.2152297
16 27 1.3179789
16 23 4.924249
16 25 1.378691
17 26 2.268068
17 6 0.7095729
17 10 0.033620875
17 24 0.27462626
17 31 1.4207426
17 9 0.07723421
17 4 0.08082664
17 19 5.902798
18 30 0.7447672
18 2 22.472633
18 8 1.2002697
18 37 1.0170381
18 13 324.42776
18 7 2000.0
18 27 3.8276532
18 16 0.83565587
18 23 1.3036572
18 11 12.346622
18 29 0.9476441
18 5 0.37138867
19 22 138.76364
19 31 0.08059409
19 9 0.06615707
19 17 5.902798
19 4 0.08048257
20 30 16.808977
20 13 0.5669651
20 33 1.8032622
20 11 0.65544397
20 29 1.9458876
20 5 3.9897532
20 34 1.129055
20 2 1.6633624
20 14 1.5078092
20 37 2.9626248
20 7 2.0513241
20 27 0.44533524
20 16 5.135993
20 25 1.5892733
21 32 2000.0
21 24 0.26646814
21 35 0.040569983
21 12 0.118726164
21 15 1.6533828
22 6 89.31478
22 31 1158.0114
22 9 0.36927506
22 19 138.76364
23 0 2000.0
23 30 1.430791
23 2 31.332008
23 8 0.9565036
23 37 2.1419926
23 18 1.3036572
23 7 1.1439492
23 16 4.924249
23 11 2000.0
23 29 1.56532
23 5 3.0714152
24 26 0.05003216
24 32 0.106701076
24 10 0.05665934
24 21 0.26646814
24 31 8.038108
24 12 0.07547261
24 3 360.00003
24 15 2000.0
24 17 0.27462626
25 30 2.0966072
25 13 0.5280845
25 33 0.36390537
25 11 1.2054509
25 29 2.5478482
25 34 1.0287662
25 20 1.5892733
25 2 0.9749329
25 14 4.7162757
25 37 81.62079
25 7 6.9119167
25 27 0.49352202
25 16 1.378691
26 36 47.52078
26 32 18.734533
26 28 0.036079545
26 10 0.030499505
26 24 0.05003216
26 31 0.047548085
26 12 1.0090529
26 17 2.268068
27 0 2000.0
27 30 0.14746521
27 8 0.87925804
27 18 3.8276532
27 13 0.22122325
27 33 1.3370304
27 11 0.3982582
27 29 0.46082824
27 5 2.1176655
27 34 1.5016104
27 20 0.44533524
27 2 0.30761823
27 14 2.6057553
27 37 0.6464368
27 7 150.0
27 16 1.3179789
27 25 0.49352202
28 36 0.035189997
28 26 0.036079545
28 10 0.23412533
28 3 0.08323864
28 12 4.6161137
28 9 2.9764628
29 0 15.884588
29 30 7.5146422
29 8 0.8202838
29 18 0.9476441
29 13 0.698875
29 33 102.35653
29 11 0.6529998
29 5 3.9377053
29 34 7.463267
29 20 1.9458876
29 2 0.6902854
29 37 0.49101526
29 7 2000.0
29 27 0.46082824
29 16 23.090237
29 23 1.56532
29 25 2.5478482
30 0 2000.0
30 8 0.54994226
30 18 0.7447672
30 13 1.3657883
30 33 2.0023162
30 11 0.4240872
30 29 7.5146422
30 5 1.0095308
30 34 1.1460348
30 20 16.808977
30 2 10.025962
30 37 4.774393
30 7 1.4615916
30 27 0.14746521
30 16 1.1209553
30 23 1.430791
30 25 2.0966072
31 26 0.047548085
31 6 0.39256078
31 10 0.030623283
31 24 8.038108
31 9 0.030719675
31 17 1.4207426
31 4 0.08046803
31 19 0.08059409
32 26 18.734533
32 24 0.106701076
32 12 0.20603578
32 15 0.08453996
33 30 2.0023162
33 8 2000.0
33 13 0.79722774
33 11 1.6259131
33 29 102.35653
33 34 2000.0
33 20 1.8032622
33 2 1.4711941
33 14 0.41371948
33 7 2000.0
33 27 1.3370304
33 16 2020.4546
33 25 0.36390537
34 30 1.1460348
34 20 1.129055
34 8 1.9211648
34 13 5.5731277
34 7 12.770578
34 27 1.5016104
34 16 1215.0568
34 11 1.5885942
34 25 1.0287662
34 29 7.463267
34 5 1.0617709
35 21 0.040569983
36 26 47.52078
36 28 0.035189997
36 3 0.15643235
36 9 1.5120939
37 30 4.774393
37 0 0.82770765
37 8 0.7554856
37 18 1.0170381
37 13 1.0326225
37 11 1.0753353
37 29 0.49101526
37 20 2.9626248
37 2 0.5459861
37 7 9.251524
37 27 0.6464368
37 16 10.529442
37 23 2.1419926
37 25 81.62079
