0 2 1.0000415
0 37 1.0652791
0 13 0.8321517
0 25 13.072668
0 29 24.288904
1 3 0.77765155
1 12 22.87053
2 30 15.556125
2 0 1.0000415
2 8 1.4379758
2 18 2.6629384
2 13 0.52991205
2 33 1.1955076
2 11 1.2028755
2 29 1.2417812
2 20 2.4904838
2 37 0.8262969
2 27 0.83198524
2 16 2000.0
2 23 6.633913
2 25 0.8031851
3 36 0.92462
3 28 10.888895
3 24 225.00002
3 12 0.06883247
3 1 0.77765155
3 9 0.14235704
4 31 0.06664715
4 9 0.069169156
4 17 0.200869
4 19 0.077222854
5 30 0.6521686
5 8 1.0305849
5 18 0.555818
5 13 37.65352
5 11 1.763561
5 29 4.915647
5 34 3.4600308
5 20 2.5354846
5 37 8.323174
5 7 15.406872
5 27 2.6815763
5 16 1.3793875
5 23 2.1823406
6 31 0.15187329
6 17 3.2270947
7 34 200.0
7 30 0.68024987
7 20 27.61037
7 8 3.8325603
7 37 79.03599
7 16 1.2454222
7 23 1.242009
7 25 3.1192207
7 5 15.406872
8 0 2000.0
8 30 0.550469
8 18 1.2331456
8 13 0.9549778
8 11 0.9646152
8 29 0.5330578
8 5 1.0305849
8 34 50.277493
8 2 1.4379758
8 37 1.0938057
8 7 3.8325603
8 27 3.1991029
8 16 1.8444853
8 23 1.1865838
8 25 2000.0
9 36 0.37642044
9 26 2000.0
9 28 1.5436733
9 10 17.55062
9 22 0.06290969
9 31 0.030480452
9 3 0.14235704
9 12 2000.0
9 4 0.069169156
9 17 0.038916335
9 19 0.06651424
10 26 0.031030063
10 28 0.29379058
10 24 0.09982436
10 31 14.157103
10 12 137.81819
10 9 17.55062
10 17 0.03156669
11 0 2000.0
11 30 0.85583186
11 8 0.9646152
11 18 5.5327325
11 13 0.81819177
11 33 4.443743
11 29 1.0216095
11 5 1.763561
11 34 2.9543257
11 20 1.0458027
11 2 1.2028755
11 37 1.2432765
11 7 1620.909
11 27 0.6339366
11 16 1.0743649
11 25 0.9196178
12 26 1.4374809
12 28 150.03058
12 32 4.6704807
12 10 137.81819
12 24 0.06909537
12 21 0.5363985
12 3 0.06883247
12 1 22.87053
13 30 98.35626
13 0 0.8321517
13 8 0.9549778
13 18 65.764046
13 33 0.9607918
13 11 0.81819177
13 29 0.96523494
13 5 37.65352
13 34 300.0
13 20 0.8171518
13 2 0.52991205
13 14 14.424529
13 37 0.8825739
13 7 2000.0
13 27 0.31237206
13 16 26.682882
13 25 0.21590693
14 30 5.617309
14 20 3.0796943
14 13 14.424529
14 27 2.436903
14 33 0.46412268
14 11 2000.0
14 25 3.177246
15 32 0.0851063
15 21 1.4285784
16 30 1.0608877
16 0 2000.0
16 8 1.8444853
16 18 1.6995314
16 13 26.682882
16 11 1.0743649
16 5 1.3793875
16 34 144.0242
16 20 30.617367
16 7 1.2454222
16 27 1.4923863
16 23 3.1543834
16 25 1.2335283
17 6 3.2270947
17 26 1.8274301
17 10 0.03156669
17 24 0.06923798
17 31 1.1303242
17 9 0.038916335
17 4 0.200869
17 19 72.410126
18 0 2000.0
18 30 0.6917954
18 8 1.2331456
18 13 65.764046
18 11 5.5327325
18 29 1.0333239
18 5 0.555818
18 2 2.6629384
18 37 2.2241056
18 7 2000.0
18 27 15.613861
18 16 1.6995314
18 23 1.5306467
19 31 0.10943827
19 9 0.06651424
19 4 0.077222854
19 17 72.410126
20 0 2000.0
20 30 1.5594345
20 13 0.8171518
20 33 1.1923538
20 11 1.0458027
20 29 15.529681
20 5 2.5354846
20 34 1.8477752
20 2 2.4904838
20 14 3.0796943
20 37 3.1016881
20 7 27.61037
20 27 1.3502021
20 16 30.617367
20 25 1.3265427
21 26 2000.0
21 32 2000.0
21 24 1.1918887
21 35 0.039936848
21 12 0.5363985
21 15 1.4285784
22 31 228.26138
22 9 0.06290969
22 19 2000.0
23 0 2000.0
23 30 0.92327577
23 8 1.1865838
23 2 6.633913
23 37 0.42360425
23 18 1.5306467
23 7 1.242009
23 16 3.1543834
23 11 2000.0
23 29 2.2426376
23 5 2.1823406
24 26 0.045384683
24 32 0.23090486
24 10 0.09982436
24 21 1.1918887
24 3 225.00002
24 12 0.06909537
24 15 2000.0
24 17 0.06923798
25 30 16.187716
25 0 13.072668
25 13 0.21590693
25 33 0.8572091
25 11 0.9196178
25 29 1.6917768
25 34 2.2487044
25 20 1.3265427
25 2 0.8031851
25 14 3.177246
25 37 66.208824
25 7 3.1192207
25 27 0.25283656
25 16 1.2335283
26 32 22.09384
26 28 0.09652747
26 10 0.031030063
26 24 0.045384683
26 31 0.14873737
26 12 1.4374809
26 17 1.8274301
27 30 0.37626624
27 0 2000.0
27 8 3.1991029
27 18 15.613861
27 13 0.31237206
27 33 0.78747845
27 11 0.6339366
27 29 0.6214102
27 5 2.6815763
27 34 1.6479087
27 20 1.3502021
27 2 0.83198524
27 14 2.436903
27 37 0.79780614
27 7 2000.0
27 16 1.4923863
27 25 0.25283656
28 36 0.03185132
28 26 0.09652747
28 10 0.29379058
28 3 10.888895
28 12 150.03058
28 9 1.5436733
28 19 1378.2386
29 0 24.288904
29 30 0.5223106
29 8 0.5330578
29 18 1.0333239
29 13 0.96523494
29 33 11.988431
29 11 1.0216095
29 5 4.915647
29 34 3.0069115
29 20 15.529681
29 2 1.2417812
29 37 0.6565788
29 27 0.6214102
29 16 2000.0
29 23 2.2426376
29 25 1.6917768
30 8 0.550469
30 18 0.6917954
30 13 98.35626
30 33 16.345808
30 11 0.85583186
30 29 0.5223106
30 5 0.6521686
30 34 0.9977861
30 20 1.5594345
30 2 15.556125
30 14 5.617309
30 37 14.7288885
30 7 0.68024987
30 27 0.37626624
30 16 1.0608877
30 23 0.92327577
30 25 16.187716
31 26 0.14873737
31 6 0.15187329
31 10 14.157103
31 35 137.63864
31 22 228.26138
31 9 0.030480452
31 4 0.06664715
31 17 1.1303242
31 19 0.10943827
32 26 22.09384
32 24 0.23090486
32 21 2000.0
32 12 4.6704807
32 15 0.0851063
33 30 16.345808
33 8 2000.0
33 13 0.9607918
33 11 4.443743
33 29 11.988431
33 34 2000.0
33 20 1.1923538
33 2 1.1955076
33 14 0.46412268
33 7 2000.0
33 27 0.78747845
33 16 3017.898
33 25 0.8572091
34 30 0.9977861
34 20 1.8477752
34 8 50.277493
34 37 2000.0
34 7 200.0
34 13 300.0
34 27 1.6479087
34 16 144.0242
34 11 2.9543257
34 29 3.0069115
34 25 2.2487044
34 5 3.4600308
35 21 0.039936848
35 31 137.63864
36 28 0.03185132
36 3 0.92462
36 9 0.37642044
37 30 14.7288885
37 0 1.0652791
37 8 1.0938057
37 18 2.2241056
37 13 0.8825739
37 11 1.2432765
37 29 0.6565788
37 5 8.323174
37 20 3.1016881
37 2 0.8262969
37 7 79.03599
37 27 0.79780614
37 16 2000.0
37 23 0.42360425
37 25 66.208824
