0 8 5.488539
0 2 1.7871464
0 37 0.8367142
0 13 1.285299
0 11 19.882545
0 29 14.331606
1 3 0.21873167
1 12 1202.159
2 30 8.339169
2 0 1.7871464
2 8 1.0883979
2 18 16.466383
2 13 0.4816604
2 33 3.4984863
2 11 0.9806398
2 29 0.7421418
2 20 6.282701
2 37 0.9608054
2 27 1.1486138
2 16 2000.0
2 23 16.316444
2 25 1.5151974
3 36 0.303416
3 28 0.122264326
3 24 2000.0
3 12 0.05101468
3 1 0.21873167
3 9 0.8592245
4 31 0.079941586
4 9 0.07136377
4 17 0.15798855
4 19 0.088779494
5 30 0.69797677
5 8 0.70756274
5 18 0.4489932
5 13 480.00003
5 11 4.1143513
5 29 1.9824436
5 34 2.265504
5 20 2.020875
5 37 2000.0
5 7 5.79375
5 27 1.7345963
5 16 1.5383507
5 23 3.1386924
6 22 160.0
6 31 0.22054464
6 17 0.8594081
7 34 5.68491
7 30 0.78915465
7 20 1.8459165
7 8 73.381454
7 37 12.43052
7 27 105.70644
7 16 1.0561994
7 11 10.545597
7 23 1.0243384
7 25 2.9922554
7 5 5.79375
8 0 5.488539
8 30 1.7036364
8 18 1.46198
8 13 2.7944832
8 11 1.1377378
8 29 0.8436624
8 5 0.70756274
8 34 2.471126
8 2 1.0883979
8 37 0.9790008
8 7 73.381454
8 27 1.4406509
8 16 1.2661283
8 23 1.1146454
9 36 1.5916884
9 28 1.8197507
9 10 9.566656
9 22 0.33088568
9 31 0.03357618
9 3 0.8592245
9 17 0.043190982
9 4 0.07136377
9 19 0.07450077
10 26 0.03378208
10 28 0.18658356
10 24 0.051941134
10 31 0.03735191
10 12 14.10601
10 9 9.566656
10 17 0.03072823
11 0 19.882545
11 30 0.39180264
11 8 1.1377378
11 18 6.0284386
11 13 0.6591479
11 33 2.5293388
11 29 0.80589885
11 5 4.1143513
11 34 2.102803
11 20 1.0081289
11 2 0.9806398
11 37 1.193846
11 7 10.545597
11 27 0.57587564
11 16 0.875
11 25 0.89651304
12 26 0.75980085
12 28 3.0263562
12 32 0.17641091
12 10 14.10601
12 24 0.08061242
12 21 0.07930083
12 3 0.05101468
13 30 1.8198864
13 0 1.285299
13 8 2.7944832
13 18 79.36508
13 33 0.8691836
13 11 0.6591479
13 29 0.6704698
13 5 480.00003
13 34 7.3145533
13 20 0.9415202
13 2 0.4816604
13 14 4.948705
13 37 1.0652281
13 27 0.20226112
13 16 124.63827
13 25 0.5105363
14 20 1.3058957
14 13 4.948705
14 27 9.853491
14 33 0.48835033
14 11 2000.0
14 25 1.0672349
15 32 0.078837566
15 21 0.8881314
16 30 1.0666578
16 0 2000.0
16 8 1.2661283
16 18 0.89960325
16 13 124.63827
16 11 0.875
16 29 41.54495
16 5 1.5383507
16 20 10.8249035
16 37 16.668816
16 7 1.0561994
16 27 1.6792039
16 23 4.9081445
16 25 1.325877
17 26 1.9100173
17 6 0.8594081
17 10 0.03072823
17 24 0.18100058
17 31 1.2134488
17 9 0.043190982
17 4 0.15798855
17 19 3.765666
18 30 0.697895
18 2 16.466383
18 8 1.46198
18 37 1.0503967
18 7 2000.0
18 13 79.36508
18 27 2.6097403
18 16 0.89960325
18 23 1.2917217
18 11 6.0284386
18 29 1.2711072
18 5 0.4489932
19 31 0.072444834
19 9 0.07450077
19 17 3.765666
19 4 0.088779494
20 30 21.547913
20 13 0.9415202
20 33 2.7783358
20 11 1.0081289
20 29 2.461803
20 5 2.020875
20 34 1.0170088
20 2 6.282701
20 14 1.3058957
20 37 2.7286754
20 7 1.8459165
20 27 0.6306694
20 16 10.8249035
20 25 1.1543721
21 32 360.00003
21 24 0.59019893
21 35 0.04600432
21 12 0.07930083
21 15 0.8881314
22 6 160.0
22 31 1196.875
22 9 0.33088568
22 19 1462.216
23 0 2000.0
23 30 1.0780886
23 2 16.316444
23 8 1.1146454
23 37 1.3723505
23 18 1.2917217
23 7 1.0243384
23 16 4.9081445
23 11 2000.0
23 29 3.1518552
23 5 3.1386924
24 26 0.050631236
24 32 0.099079564
24 10 0.051941134
24 21 0.59019893
24 31 5.907692
24 12 0.08061242
24 15 2000.0
24 17 0.18100058
25 0 2000.0
25 30 1.9437869
25 13 0.5105363
25 33 0.395592
25 11 0.89651304
25 29 1.9913812
25 34 2.15884
25 20 1.1543721
25 2 1.5151974
25 14 1.0672349
25 37 43.524956
25 7 2.9922554
25 27 0.548594
25 16 1.325877
26 32 71.97955
26 28 0.07885527
26 10 0.03378208
26 24 0.050631236
26 31 0.082063094
26 12 0.75980085
26 17 1.9100173
27 0 2000.0
27 30 0.19829911
27 8 1.4406509
27 18 2.6097403
27 13 0.20226112
27 33 1.2653965
27 11 0.57587564
27 29 0.32061288
27 5 1.7345963
27 34 1.0589052
27 20 0.6306694
27 2 1.1486138
27 14 9.853491
27 37 0.9781888
27 7 105.70644
27 16 1.6792039
27 25 0.548594
28 36 0.04952286
28 26 0.07885527
28 10 0.18658356
28 3 0.122264326
28 12 3.0263562
28 9 1.8197507
29 0 14.331606
29 30 3.7733712
29 8 0.8436624
29 18 1.2711072
29 13 0.6704698
29 11 0.80589885
29 5 1.9824436
29 34 7.0819135
29 20 2.461803
29 2 0.7421418
29 37 1.1190499
29 7 2000.0
29 27 0.32061288
29 16 41.54495
29 23 3.1518552
29 25 1.9913812
30 0 2000.0
30 8 1.7036364
30 18 0.697895
30 13 1.8198864
30 33 2.0192473
30 11 0.39180264
30 29 3.7733712
30 5 0.69797677
30 34 0.88179785
30 20 21.547913
30 2 8.339169
30 14 2000.0
30 37 7.00545
30 7 0.78915465
30 27 0.19829911
30 16 1.0666578
30 23 1.0780886
30 25 1.9437869
31 26 0.082063094
31 6 0.22054464
31 10 0.03735191
31 24 5.907692
31 9 0.03357618
31 17 1.2134488
31 4 0.079941586
31 19 0.072444834
32 26 71.97955
32 24 0.099079564
32 21 360.00003
32 12 0.17641091
32 15 0.078837566
33 34 2000.0
33 30 2.0192473
33 20 2.7783358
33 2 3.4984863
33 14 0.48835033
33 7 2000.0
33 13 0.8691836
33 27 1.2653965
33 16 2226.3638
33 11 2.5293388
33 29 1349.034
33 25 0.395592
34 30 0.88179785
34 20 1.0170088
34 8 2.471126
34 13 7.3145533
34 7 5.68491
34 27 1.0589052
34 16 1215.0568
34 11 2.102803
34 25 2.15884
34 29 7.0819135
34 5 2.265504
35 21 0.04600432
36 26 2000.0
36 28 0.04952286
36 3 0.303416
36 9 1.5916884
37 30 7.00545
37 0 0.8367142
37 8 0.9790008
37 18 1.0503967
37 13 1.0652281
37 11 1.193846
37 29 1.1190499
37 20 2.7286754
37 2 0.9608054
37 7 12.43052
37 27 0.9781888
37 16 16.668816
37 23 1.3723505
37 25 43.524956
