0 8 12.112541
0 2 1.3770276
0 37 0.87928766
0 13 0.66210526
0 11 38.35478
0 25 2000.0
0 29 10.717671
1 3 0.27170086
1 12 1202.159
2 30 14.085332
2 0 1.3770276
2 8 1.959062
2 18 5.988855
2 13 0.26861086
2 33 2.4848905
2 11 0.48930272
2 29 0.91478306
2 20 1.6207182
2 37 0.8256607
2 27 0.28058633
2 16 2000.0
2 23 19.58913
2 25 0.91106635
3 36 0.23227139
3 28 0.13397129
3 24 2000.0
3 12 0.07046386
3 1 0.27170086
3 9 0.1945058
4 31 0.083197944
4 9 0.07767355
4 17 0.091535024
4 19 0.097216226
5 30 0.6472225
5 8 0.8352869
5 18 0.47498137
5 13 2000.0
5 11 2.9473622
5 29 5.2782326
5 34 1.9814967
5 20 1.4546572
5 37 2000.0
5 7 4.6103196
5 27 2.0945773
5 16 1.4810165
5 23 5.0657706
6 22 1586.9319
6 31 1.3040417
6 17 1.9885373
7 34 5.824532
7 30 1.0425447
7 20 2.0035048
7 8 16.878113
7 37 15.041902
7 27 83.86838
7 16 1.1714184
7 11 8.586178
7 23 1.3493236
7 25 6.951199
7 5 4.6103196
8 0 12.112541
8 30 0.69901025
8 18 0.77983207
8 13 2.9816515
8 11 0.7561876
8 29 1.3300002
8 5 0.8352869
8 34 2.3206577
8 2 1.959062
8 37 0.97455853
8 7 16.878113
8 27 2.3929584
8 16 1.2043325
8 23 1.2135686
9 36 0.75651246
9 28 0.53155434
9 10 4.0615783
9 22 0.66747504
9 31 0.029739074
9 12 2000.0
9 3 0.1945058
9 17 0.04424114
9 4 0.07767355
9 19 0.068200156
10 26 0.03416188
10 28 0.14258875
10 24 0.0417084
10 31 0.04933357
10 12 8.56108
10 9 4.0615783
10 17 0.031800468
11 0 38.35478
11 30 0.31357038
11 8 0.7561876
11 18 8.142962
11 13 0.8725646
11 33 1.8722485
11 29 0.92502636
11 5 2.9473622
11 34 2.0998852
11 20 0.9373445
11 2 0.48930272
11 37 1.8362181
11 7 8.586178
11 27 0.39531836
11 16 1.1478202
11 25 0.89344
12 26 1.0939078
12 28 4.3123856
12 32 0.36783338
12 10 8.56108
12 24 0.07806988
12 21 0.09144692
12 3 0.07046386
13 30 4.1518493
13 0 0.66210526
13 8 2.9816515
13 18 2000.0
13 33 0.8959274
13 11 0.8725646
13 29 1.7785972
13 5 2000.0
13 34 10.41327
13 20 0.63668084
13 2 0.26861086
13 14 1.2718062
13 37 1.7648019
13 27 0.19081439
13 16 90.735794
13 25 0.80995107
14 20 1.3688351
14 13 1.2718062
14 33 0.4234171
14 27 2.0741951
14 11 2000.0
14 25 2.5921333
15 32 0.11936326
15 21 1.3740597
16 0 2000.0
16 30 1.0667479
16 8 1.2043325
16 18 0.9427143
16 13 90.735794
16 11 1.1478202
16 29 68.97749
16 5 1.4810165
16 20 16.308422
16 37 42.621174
16 7 1.1714184
16 27 1.2901449
16 23 9.852235
16 25 1.0632504
17 26 1.9383067
17 6 1.9885373
17 10 0.031800468
17 24 0.1470102
17 31 1.2698035
17 9 0.04424114
17 4 0.091535024
17 19 1.4234065
18 30 0.7166263
18 2 5.988855
18 8 0.77983207
18 37 1.106276
18 7 2000.0
18 13 2000.0
18 27 2.3871996
18 16 0.9427143
18 23 1.1580747
18 11 8.142962
18 29 0.94662654
18 5 0.47498137
19 31 0.08297806
19 9 0.068200156
19 17 1.4234065
19 4 0.097216226
20 30 22.659496
20 13 0.63668084
20 33 1.1260949
20 11 0.9373445
20 29 2.317772
20 5 1.4546572
20 34 0.9126894
20 2 1.6207182
20 14 1.3688351
20 37 3.196473
20 7 2.0035048
20 27 0.5862993
20 16 16.308422
20 25 0.5712031
21 24 0.29862183
21 35 0.037758537
21 12 0.09144692
21 15 1.3740597
22 6 1586.9319
22 31 1244.1478
22 9 0.66747504
22 19 1329.4886
23 0 2000.0
23 30 1.0262309
23 2 19.58913
23 8 1.2135686
23 37 1.8667384
23 18 1.1580747
23 7 1.3493236
23 16 9.852235
23 11 2000.0
23 29 2.6964161
23 5 5.0657706
24 26 0.06149013
24 32 0.12632708
24 10 0.0417084
24 21 0.29862183
24 31 6.7189994
24 12 0.07806988
24 15 2000.0
24 17 0.1470102
25 0 2000.0
25 30 2.0723784
25 13 0.80995107
25 33 0.38469765
25 11 0.89344
25 29 2.0446281
25 34 0.8904815
25 20 0.5712031
25 2 0.91106635
25 14 2.5921333
25 37 42.717392
25 7 6.951199
25 27 0.80252844
25 16 1.0632504
26 36 266.6667
26 32 100.0
26 28 0.030088704
26 10 0.03416188
26 24 0.06149013
26 31 0.07857563
26 12 1.0939078
26 17 1.9383067
27 0 2000.0
27 30 0.21006474
27 8 2.3929584
27 18 2.3871996
27 13 0.19081439
27 33 1.0791724
27 11 0.39531836
27 29 0.5956061
27 5 2.0945773
27 34 0.8286774
27 20 0.5862993
27 2 0.28058633
27 14 2.0741951
27 37 0.6994941
27 7 83.86838
27 16 1.2901449
27 25 0.80252844
28 36 0.032073863
28 26 0.030088704
28 10 0.14258875
28 3 0.13397129
28 12 4.3123856
28 9 0.53155434
29 0 10.717671
29 30 4.435428
29 8 1.3300002
29 18 0.94662654
29 13 1.7785972
29 11 0.92502636
29 5 5.2782326
29 34 6.9060693
29 20 2.317772
29 2 0.91478306
29 37 0.6797904
29 7 2000.0
29 27 0.5956061
29 16 68.97749
29 23 2.6964161
29 25 2.0446281
30 0 2000.0
30 8 0.69901025
30 18 0.7166263
30 13 4.1518493
30 33 1.4030384
30 11 0.31357038
30 29 4.435428
30 5 0.6472225
30 34 1.2054616
30 20 22.659496
30 2 14.085332
30 37 6.362898
30 7 1.0425447
30 27 0.21006474
30 16 1.0667479
30 23 1.0262309
30 25 2.0723784
31 26 0.07857563
31 6 1.3040417
31 10 0.04933357
31 24 6.7189994
31 9 0.029739074
31 17 1.2698035
31 4 0.083197944
31 19 0.08297806
32 26 100.0
32 24 0.12632708
32 12 0.36783338
32 15 0.11936326
33 30 1.4030384
33 8 2000.0
33 13 0.8959274
33 11 1.8722485
33 29 2000.0
33 5 2000.0
33 34 2000.0
33 20 1.1260949
33 2 2.4848905
33 14 0.4234171
33 7 2000.0
33 27 1.0791724
33 16 2000.0
33 25 0.38469765
34 30 1.2054616
34 20 0.9126894
34 8 2.3206577
34 13 10.41327
34 7 5.824532
34 27 0.8286774
34 16 1215.0568
34 11 2.0998852
34 25 0.8904815
34 29 6.9060693
34 5 1.9814967
35 21 0.037758537
36 26 266.6667
36 28 0.032073863
36 3 0.23227139
36 9 0.75651246
37 30 6.362898
37 0 0.87928766
37 8 0.97455853
37 18 1.106276
37 13 1.7648019
37 11 1.8362181
37 29 0.6797904
37 20 3.196473
37 2 0.8256607
37 7 15.041902
37 27 0.6994941
37 16 42.621174
37 23 1.8667384
37 25 42.717392
