0 8 8.689494
0 2 1.4570013
0 37 0.86746275
0 13 0.47279212
0 11 36.47049
0 29 5.739205
1 3 0.25406775
1 12 1202.159
2 30 20.534191
2 0 1.4570013
2 8 1.5983539
2 18 4.8449855
2 13 0.41725734
2 33 2.7049768
2 11 0.5955966
2 29 0.9040997
2 20 5.986492
2 37 0.9514373
2 27 0.37143433
2 16 2000.0
2 23 16.21901
2 25 2.8089066
3 36 0.23750606
3 28 0.12740989
3 24 477.78897
3 12 0.060727254
3 1 0.25406775
3 9 0.21381712
4 31 0.083684705
4 9 0.072245754
4 17 0.0811265
4 19 0.10488078
5 30 1.6284673
5 8 0.7720239
5 18 1.5243021
5 13 2000.0
5 11 2.6103437
5 29 4.6949573
5 34 8.649767
5 20 3.538846
5 37 2000.0
5 7 12.166711
5 27 4.4174275
5 16 1.7962583
5 23 2.6532183
6 31 1.546562
6 17 1.0678289
7 34 20.020906
7 30 2.4144957
7 20 3.0869253
7 8 27.365488
7 37 11.410058
7 27 100.36602
7 16 1.5202955
7 11 10.544722
7 23 1.3173908
7 25 10.1984215
7 5 12.166711
8 0 8.689494
8 30 0.6510259
8 18 1.9988551
8 13 4.5662594
8 11 0.7061079
8 29 0.7908277
8 5 0.7720239
8 34 2.653321
8 2 1.5983539
8 37 1.3087608
8 7 27.365488
8 27 1.3519078
8 16 1.4302064
8 23 1.1337845
9 36 1.0512508
9 26 2000.0
9 28 3.5486925
9 10 4.636815
9 22 0.47061512
9 31 0.038518243
9 3 0.21381712
9 17 0.04070337
9 4 0.072245754
9 19 0.07078598
10 26 0.032469306
10 28 0.14358054
10 24 0.046065003
10 31 0.052142855
10 12 6.4872212
10 9 4.636815
10 17 0.041383676
11 0 36.47049
11 30 0.34437796
11 8 0.7061079
11 18 6.5387483
11 13 0.39593303
11 33 2.0246198
11 29 0.9168136
11 5 2.6103437
11 34 2.995873
11 20 0.9779541
11 2 0.5955966
11 37 1.2933252
11 7 10.544722
11 27 0.511913
11 16 0.71001184
11 25 0.89067775
12 26 1.9477172
12 28 5.303053
12 32 0.21866076
12 10 6.4872212
12 24 0.0660079
12 21 0.07936819
12 3 0.060727254
13 30 4.3860946
13 0 0.47279212
13 8 4.5662594
13 18 88.888885
13 33 0.8116415
13 11 0.39593303
13 29 0.728826
13 34 9.536932
13 20 1.2593653
13 2 0.41725734
13 14 3.1199038
13 37 1.5632842
13 27 0.3435342
13 16 158.42615
13 25 0.6950224
14 20 1.2966675
14 13 3.1199038
14 33 0.47252244
14 27 4.656829
14 11 2000.0
14 25 1.534453
15 32 0.0699592
15 21 1.3425323
16 0 2000.0
16 30 1.0674728
16 8 1.4302064
16 18 0.8347954
16 13 158.42615
16 11 0.71001184
16 29 40.05971
16 5 1.7962583
16 20 10.525122
16 37 54.958202
16 7 1.5202955
16 27 1.4444878
16 23 12.639413
16 25 1.3263247
17 26 1.8248152
17 6 1.0678289
17 10 0.041383676
17 24 0.17093235
17 31 1.1728039
17 9 0.04070337
17 4 0.0811265
17 19 3.391622
18 30 0.8395964
18 2 4.8449855
18 8 1.9988551
18 37 1.7562442
18 7 2000.0
18 13 88.888885
18 27 5.510377
18 16 0.8347954
18 23 1.56343
18 11 6.5387483
18 29 1.265071
18 5 1.5243021
19 31 0.07787292
19 9 0.07078598
19 17 3.391622
19 4 0.10488078
20 30 51.541504
20 13 1.2593653
20 33 1.9858181
20 11 0.9779541
20 29 4.371969
20 5 3.538846
20 34 0.84325075
20 2 5.986492
20 14 1.2966675
20 37 2.2642877
20 7 3.0869253
20 27 1.3323865
20 16 10.525122
20 25 0.52898175
21 26 2000.0
21 32 2000.0
21 10 2000.0
21 24 0.43420863
21 35 0.03555328
21 12 0.07936819
21 15 1.3425323
22 6 190.06995
22 31 1108.2385
22 9 0.47061512
22 19 1329.4886
23 0 2000.0
23 30 1.4129031
23 2 16.21901
23 8 1.1337845
23 37 2.8296745
23 18 1.56343
23 7 1.3173908
23 16 12.639413
23 11 2000.0
23 29 6.1935315
23 5 2.6532183
24 26 0.055427156
24 32 0.107489474
24 10 0.046065003
24 21 0.43420863
24 31 17.563248
24 3 477.78897
24 12 0.0660079
24 15 2000.0
24 17 0.17093235
25 30 6.227097
25 0 2000.0
25 13 0.6950224
25 33 0.37934688
25 11 0.89067775
25 29 3.244887
25 34 1.0988246
25 20 0.52898175
25 2 2.8089066
25 14 1.534453
25 37 99.94628
25 7 10.1984215
25 27 0.80471253
25 16 1.3263247
26 36 113.15134
26 32 20.217804
26 28 0.030920941
26 10 0.032469306
26 24 0.055427156
26 31 0.051983982
26 12 1.9477172
26 17 1.8248152
27 0 2000.0
27 30 0.3678128
27 8 1.3519078
27 18 5.510377
27 13 0.3435342
27 33 0.80062574
27 11 0.511913
27 29 0.66668546
27 5 4.4174275
27 34 1.6900176
27 20 1.3323865
27 2 0.37143433
27 14 4.656829
27 37 1.3077414
27 7 100.36602
27 16 1.4444878
27 25 0.80471253
28 36 0.03119742
28 26 0.030920941
28 10 0.14358054
28 3 0.12740989
28 12 5.303053
28 9 3.5486925
29 0 5.739205
29 30 6.4511786
29 8 0.7908277
29 18 1.265071
29 13 0.728826
29 11 0.9168136
29 5 4.6949573
29 34 7.3419323
29 20 4.371969
29 2 0.9040997
29 37 0.99319166
29 7 2000.0
29 27 0.66668546
29 16 40.05971
29 23 6.1935315
29 25 3.244887
30 0 2000.0
30 8 0.6510259
30 18 0.8395964
30 13 4.3860946
30 33 9.456442
30 11 0.34437796
30 29 6.4511786
30 5 1.6284673
30 34 3.1193182
30 20 51.541504
30 2 20.534191
30 37 11.822598
30 7 2.4144957
30 27 0.3678128
30 16 1.0674728
30 23 1.4129031
30 25 6.227097
31 26 0.051983982
31 6 1.546562
31 10 0.052142855
31 24 17.563248
31 9 0.038518243
31 17 1.1728039
31 4 0.083684705
31 19 0.07787292
32 26 20.217804
32 24 0.107489474
32 12 0.21866076
32 15 0.0699592
33 34 2000.0
33 30 9.456442
33 20 1.9858181
33 2 2.7049768
33 14 0.47252244
33 7 2000.0
33 13 0.8116415
33 27 0.80062574
33 16 2000.0
33 11 2.0246198
33 29 1558.75
33 25 0.37934688
34 30 3.1193182
34 20 0.84325075
34 8 2.653321
34 13 9.536932
34 7 20.020906
34 27 1.6900176
34 16 1215.0568
34 11 2.995873
34 25 1.0988246
34 29 7.3419323
34 5 8.649767
35 21 0.03555328
36 26 113.15134
36 28 0.03119742
36 3 0.23750606
36 9 1.0512508
37 30 11.822598
37 0 0.86746275
37 8 1.3087608
37 18 1.7562442
37 13 1.5632842
37 11 1.2933252
37 29 0.99319166
37 20 2.2642877
37 2 0.9514373
37 7 11.410058
37 27 1.3077414
37 16 54.958202
37 23 2.8296745
37 25 99.94628
