0 8 15.085336
0 2 1.3081744
0 37 0.87331647
0 13 0.60139537
0 11 33.778873
0 29 11.541551
1 3 0.2630073
1 12 23.64903
2 30 11.641752
2 0 1.3081744
2 8 0.8471728
2 18 13.324207
2 13 0.3043061
2 33 1.4458131
2 11 0.80957574
2 29 0.5224915
2 20 2.1154919
2 37 0.6062404
2 27 0.43128213
2 16 2000.0
2 23 35.07022
2 25 2.1802316
3 36 0.26816547
3 28 0.18052511
3 24 1492.0454
3 12 0.06023846
3 1 0.2630073
3 9 0.22116244
4 31 0.084387645
4 9 0.07646509
4 17 0.083307885
4 19 0.09750433
5 30 0.9035584
5 8 0.8058744
5 18 0.7945111
5 13 2000.0
5 11 2.238409
5 29 3.8646085
5 34 11.5069065
5 20 6.7003684
5 37 2000.0
5 7 3.8344703
5 27 2.2644205
5 16 1.5607041
5 23 4.868083
6 22 1615.6818
6 31 1.640308
6 17 0.68771183
7 34 9.777031
7 30 1.1457723
7 20 1.7468773
7 8 31.92029
7 37 27.263317
7 27 345.76273
7 16 1.2938534
7 11 5.48566
7 23 1.2775435
7 25 10.203663
7 5 3.8344703
8 0 15.085336
8 30 0.94067025
8 18 1.1822459
8 13 3.2009382
8 11 0.8474852
8 29 1.3463099
8 5 0.8058744
8 34 4.131771
8 2 0.8471728
8 37 1.0806625
8 7 31.92029
8 27 2.525929
8 16 1.3277719
8 23 1.0588752
9 36 0.74751264
9 26 2000.0
9 28 0.9042714
9 10 26.033735
9 22 0.68018264
9 31 0.028853066
9 3 0.22116244
9 12 2000.0
9 17 0.049344905
9 4 0.07646509
9 19 0.067631975
10 26 0.03285985
10 28 0.20917667
10 24 0.044875454
10 31 0.052558
10 12 12.13716
10 9 26.033735
10 17 0.032121133
11 0 33.778873
11 30 0.3433424
11 8 0.8474852
11 18 10.759431
11 13 0.45749202
11 33 1.916214
11 29 1.7512468
11 5 2.238409
11 34 1.8347368
11 20 1.521237
11 2 0.80957574
11 37 1.2324436
11 7 5.48566
11 27 0.29169723
11 16 1.1768202
11 25 0.80248165
12 26 1.5743608
12 28 2.8689082
12 32 0.23626658
12 10 12.13716
12 24 0.06672358
12 21 0.08103577
12 3 0.06023846
12 1 23.64903
13 30 2.0967398
13 0 0.60139537
13 8 3.2009382
13 18 2000.0
13 33 0.8856367
13 11 0.45749202
13 29 1.077578
13 34 10.161646
13 20 0.9005384
13 2 0.3043061
13 14 1.8975377
13 37 1.4786334
13 27 0.4138669
13 16 238.79027
13 25 0.72980833
14 20 2.041847
14 13 1.8975377
14 33 0.41502303
14 27 6.916033
14 11 2000.0
14 25 2.7340975
15 32 0.07556428
15 21 3.0903971
16 0 2000.0
16 30 1.0842468
16 8 1.3277719
16 18 1.2143917
16 13 238.79027
16 11 1.1768202
16 29 198.76208
16 5 1.5607041
16 20 30.183794
16 37 85.91398
16 7 1.2938534
16 27 1.8589971
16 23 10.37201
16 25 1.142422
17 26 3.2432432
17 6 0.68771183
17 10 0.032121133
17 24 0.18258572
17 31 1.5948752
17 9 0.049344905
17 4 0.083307885
17 19 1.7539549
18 30 0.7401174
18 2 13.324207
18 8 1.1822459
18 37 2.1086779
18 7 2000.0
18 13 2000.0
18 27 4.0772405
18 16 1.2143917
18 23 1.3255486
18 11 10.759431
18 29 2.0718482
18 5 0.7945111
19 31 0.06648748
19 9 0.067631975
19 17 1.7539549
19 4 0.09750433
20 30 22.771814
20 13 0.9005384
20 33 1.5045547
20 11 1.521237
20 29 9.020661
20 5 6.7003684
20 34 0.8402802
20 2 2.1154919
20 14 2.041847
20 37 5.464808
20 7 1.7468773
20 27 1.5807376
20 16 30.183794
20 25 0.3418811
21 26 2000.0
21 24 0.8791713
21 35 0.04170167
21 12 0.08103577
21 15 3.0903971
22 6 1615.6818
22 31 1108.2385
22 9 0.68018264
22 19 1329.4886
23 0 2000.0
23 30 1.4875861
23 2 35.07022
23 8 1.0588752
23 37 1.6849737
23 18 1.3255486
23 7 1.2775435
23 16 10.37201
23 11 2000.0
23 29 2.7748604
23 5 4.868083
24 26 0.05915129
24 32 0.1274539
24 10 0.044875454
24 21 0.8791713
24 31 10.821421
24 12 0.06672358
24 15 2000.0
24 17 0.18258572
25 30 3.21043
25 13 0.72980833
25 33 0.29298595
25 11 0.80248165
25 29 2.4492886
25 34 1.1248784
25 20 0.3418811
25 2 2.1802316
25 14 2.7340975
25 37 157.39854
25 7 10.203663
25 27 0.7088053
25 16 1.142422
26 36 55.63393
26 32 12.041194
26 28 0.031742424
26 10 0.03285985
26 24 0.05915129
26 31 0.07629014
26 12 1.5743608
26 17 3.2432432
27 0 2000.0
27 30 0.53949606
27 8 2.525929
27 18 4.0772405
27 13 0.4138669
27 33 1.1693267
27 11 0.29169723
27 29 0.5330477
27 5 2.2644205
27 34 1.279195
27 20 1.5807376
27 2 0.43128213
27 14 6.916033
27 37 0.6526837
27 7 345.76273
27 16 1.8589971
27 25 0.7088053
28 36 0.030968351
28 26 0.031742424
28 10 0.20917667
28 3 0.18052511
28 12 2.8689082
28 9 0.9042714
29 0 11.541551
29 30 3.1657531
29 8 1.3463099
29 18 2.0718482
29 13 1.077578
29 11 1.7512468
29 5 3.8646085
29 34 10.8
29 20 9.020661
29 2 0.5224915
29 37 1.0175052
29 7 2000.0
29 27 0.5330477
29 16 198.76208
29 23 2.7748604
29 25 2.4492886
30 0 2000.0
30 8 0.94067025
30 18 0.7401174
30 13 2.0967398
30 33 5.85049
30 11 0.3433424
30 29 3.1657531
30 5 0.9035584
30 34 1.6315202
30 20 22.771814
30 2 11.641752
30 37 7.223808
30 7 1.1457723
30 27 0.53949606
30 16 1.0842468
30 23 1.4875861
30 25 3.21043
31 26 0.07629014
31 6 1.640308
31 10 0.052558
31 24 10.821421
31 9 0.028853066
31 17 1.5948752
31 4 0.084387645
31 19 0.06648748
32 26 12.041194
32 24 0.1274539
32 12 0.23626658
32 15 0.07556428
33 30 5.85049
33 13 0.8856367
33 11 1.916214
33 29 7853.409
33 5 2000.0
33 34 2000.0
33 20 1.5045547
33 2 1.4458131
33 14 0.41502303
33 7 2000.0
33 27 1.1693267
33 16 2000.0
33 25 0.29298595
34 30 1.6315202
34 20 0.8402802
34 8 4.131771
34 13 10.161646
34 7 9.777031
34 27 1.279195
34 16 1215.0568
34 11 1.8347368
34 25 1.1248784
34 29 10.8
34 5 11.5069065
35 21 0.04170167
36 26 55.63393
36 28 0.030968351
36 3 0.26816547
36 9 0.74751264
37 30 7.223808
37 0 0.87331647
37 8 1.0806625
37 18 2.1086779
37 13 1.4786334
37 11 1.2324436
37 29 1.0175052
37 20 5.464808
37 2 0.6062404
37 7 27.263317
37 27 0.6526837
37 16 85.91398
37 23 1.6849737
37 25 157.39854
