0 8 7.6106567
0 2 1.5418602
0 37 0.75220287
0 13 0.7861316
0 11 35.14116
0 29 10.895115
1 3 0.28167158
1 12 73.35208
2 30 13.886465
2 0 1.5418602
2 8 1.1213139
2 18 18.976364
2 13 0.29635918
2 33 3.483097
2 11 0.799171
2 29 0.66376954
2 20 1.6828961
2 37 0.6608602
2 27 0.4208644
2 16 2000.0
2 23 23.593391
2 25 1.9538729
3 36 0.24606644
3 28 0.13435951
3 24 423.52942
3 12 0.05859094
3 1 0.28167158
3 9 0.23260143
4 31 0.08601002
4 9 0.06824298
4 17 0.10582422
4 19 0.095064625
5 30 1.940565
5 8 1.1957387
5 18 1.4770752
5 13 625.0
5 11 1.3910544
5 29 4.5097404
5 34 6.262448
5 20 1.9047304
5 37 2000.0
5 7 7.018285
5 27 3.4887543
5 16 1.4160293
5 23 5.4491677
6 22 80.15153
6 31 1.2653232
6 17 0.85112524
7 34 7.2895336
7 30 2.0460951
7 20 1.8590022
7 8 44.790028
7 37 8.687487
7 27 84.98955
7 16 1.2972327
7 11 4.5198345
7 23 1.5148869
7 25 15.734381
7 5 7.018285
8 0 7.6106567
8 30 0.768885
8 18 1.2427003
8 13 2.4681861
8 11 0.49197742
8 29 0.912216
8 5 1.1957387
8 34 4.6080756
8 2 1.1213139
8 37 0.72913104
8 7 44.790028
8 27 1.3910376
8 16 1.4009382
8 23 1.1577185
9 36 1.3565997
9 28 1.7637095
9 10 7.6290493
9 22 0.17241831
9 31 0.028679347
9 3 0.23260143
9 17 0.047832664
9 4 0.06824298
9 19 0.067265645
10 26 0.031702198
10 28 0.22552449
10 24 0.04715599
10 31 0.04809028
10 12 10.054708
10 9 7.6290493
10 17 0.041275658
11 0 35.14116
11 30 0.31768906
11 8 0.49197742
11 18 6.017289
11 13 0.5868056
11 33 2.177245
11 29 0.42451158
11 5 1.3910544
11 34 2.1665847
11 20 0.9945373
11 2 0.799171
11 37 1.2627566
11 7 4.5198345
11 27 0.3317437
11 16 0.8299205
11 25 1.1003788
12 26 0.97427243
12 28 4.337797
12 32 0.49657643
12 10 10.054708
12 24 0.08390241
12 21 0.10443591
12 3 0.05859094
12 1 73.35208
13 30 1.9877288
13 0 0.7861316
13 8 2.4681861
13 18 200.0
13 33 0.8278628
13 11 0.5868056
13 29 0.59221244
13 5 625.0
13 34 6.045282
13 20 0.76261187
13 2 0.29635918
13 14 2.1845577
13 37 1.0234329
13 27 0.31278762
13 16 279.047
13 25 0.6954254
14 20 1.0134435
14 13 2.1845577
14 33 0.4412937
14 27 2.731982
14 11 2000.0
14 25 1.3429286
15 32 0.07235043
15 21 1.9086913
16 0 2000.0
16 30 1.0668056
16 8 1.4009382
16 18 0.83905023
16 13 279.047
16 11 0.8299205
16 29 36.88535
16 5 1.4160293
16 20 11.13972
16 37 110.23721
16 7 1.2972327
16 27 1.868978
16 23 12.765502
16 25 1.4135901
17 26 1.8803405
17 6 0.85112524
17 10 0.041275658
17 24 0.18873541
17 31 1.1902896
17 9 0.047832664
17 4 0.10582422
17 19 2.0507905
18 30 0.6538132
18 2 18.976364
18 8 1.2427003
18 37 1.4645432
18 13 200.0
18 7 2000.0
18 27 8.65236
18 16 0.83905023
18 23 1.2074078
18 11 6.017289
18 29 1.1932813
18 5 1.4770752
19 31 0.07247843
19 9 0.067265645
19 17 2.0507905
19 4 0.095064625
20 30 32.048878
20 13 0.76261187
20 33 1.3581433
20 11 0.9945373
20 29 3.344261
20 5 1.9047304
20 34 0.8152729
20 2 1.6828961
20 14 1.0134435
20 37 3.798597
20 7 1.8590022
20 27 1.0761538
20 16 11.13972
20 25 0.52572787
21 24 0.32218954
21 35 0.034965735
21 12 0.10443591
21 15 1.9086913
22 6 80.15153
22 31 1094.9431
22 9 0.17241831
22 19 1394.0342
23 0 2000.0
23 30 1.3495264
23 2 23.593391
23 8 1.1577185
23 37 0.96357805
23 18 1.2074078
23 7 1.5148869
23 16 12.765502
23 11 2000.0
23 29 4.80125
23 5 5.4491677
24 26 0.05591898
24 32 0.11442308
24 10 0.04715599
24 21 0.32218954
24 31 13.708191
24 12 0.08390241
24 3 423.52942
24 15 2000.0
24 17 0.18873541
25 30 3.191011
25 13 0.6954254
25 33 0.37186524
25 11 1.1003788
25 29 3.8565495
25 34 1.1700101
25 20 0.52572787
25 2 1.9538729
25 14 1.3429286
25 37 41.044025
25 7 15.734381
25 27 0.632214
25 16 1.4135901
26 36 88.888885
26 32 46.188416
26 28 0.030810121
26 10 0.031702198
26 24 0.05591898
26 31 0.08529961
26 12 0.97427243
26 17 1.8803405
27 0 2000.0
27 30 0.24516565
27 8 1.3910376
27 18 8.65236
27 13 0.31278762
27 33 1.5375766
27 11 0.3317437
27 29 0.77268875
27 5 3.4887543
27 34 1.2278781
27 20 1.0761538
27 2 0.4208644
27 14 2.731982
27 37 0.49273574
27 7 84.98955
27 16 1.868978
27 25 0.632214
28 36 0.031296574
28 26 0.030810121
28 10 0.22552449
28 3 0.13435951
28 12 4.337797
28 9 1.7637095
29 0 10.895115
29 30 5.62928
29 8 0.912216
29 18 1.1932813
29 13 0.59221244
29 11 0.42451158
29 5 4.5097404
29 34 3.832219
29 20 3.344261
29 2 0.66376954
29 37 0.58217496
29 7 2000.0
29 27 0.77268875
29 16 36.88535
29 23 4.80125
29 25 3.8565495
30 0 2000.0
30 8 0.768885
30 18 0.6538132
30 13 1.9877288
30 33 5.682027
30 11 0.31768906
30 29 5.62928
30 5 1.940565
30 34 1.681001
30 20 32.048878
30 2 13.886465
30 14 2000.0
30 37 3.5897052
30 7 2.0460951
30 27 0.24516565
30 16 1.0668056
30 23 1.3495264
30 25 3.191011
31 26 0.08529961
31 6 1.2653232
31 10 0.04809028
31 24 13.708191
31 9 0.028679347
31 17 1.1902896
31 4 0.08601002
31 19 0.07247843
32 26 46.188416
32 24 0.11442308
32 12 0.49657643
32 15 0.07235043
33 34 2000.0
33 30 5.682027
33 20 1.3581433
33 2 3.483097
33 14 0.4412937
33 7 2000.0
33 13 0.8278628
33 27 1.5375766
33 16 2000.0
33 11 2.177245
33 29 7413.75
33 25 0.37186524
34 30 1.681001
34 20 0.8152729
34 8 4.6080756
34 13 6.045282
34 7 7.2895336
34 27 1.2278781
34 16 1215.0568
34 11 2.1665847
34 25 1.1700101
34 29 3.832219
34 5 6.262448
35 21 0.034965735
36 26 88.888885
36 28 0.031296574
36 3 0.24606644
36 9 1.3565997
37 30 3.5897052
37 0 0.75220287
37 8 0.72913104
37 18 1.4645432
37 13 1.0234329
37 11 1.2627566
37 29 0.58217496
37 20 3.798597
37 2 0.6608602
37 7 8.687487
37 27 0.49273574
37 16 110.23721
37 23 0.96357805
37 25 41.044025
