0 8 6.276322
0 2 0.777875
0 37 0.7349777
0 13 0.8710672
0 11 29.093132
0 29 5.8880057
1 3 0.2561217
1 12 1201.4773
2 30 11.389395
2 0 0.777875
2 8 1.3293136
2 18 9.578675
2 13 0.28517854
2 33 1.9801515
2 11 1.0662154
2 29 0.79925567
2 20 1.9391925
2 37 0.8473721
2 27 0.41207668
2 23 96.081535
2 25 2.2748916
3 36 0.35717827
3 28 0.10524794
3 24 150.0
3 12 0.053249042
3 1 0.2561217
3 9 0.5200293
4 31 0.08465879
4 9 0.06107954
4 17 0.07483662
4 19 0.08676416
5 30 1.5269338
5 8 0.81324244
5 18 0.4238099
5 13 216.92729
5 11 4.320414
5 29 1.9521034
5 34 0.8868804
5 20 5.033572
5 37 2000.0
5 7 5.827996
5 27 2.2945063
5 16 2.0083733
5 23 9.098022
6 22 1690.9092
6 31 0.4536932
6 17 1.303686
7 34 9.100379
7 30 0.7868241
7 20 1.2579739
7 8 63.606915
7 37 30.546406
7 16 1.006219
7 11 6.240866
7 23 1.2307459
7 25 7.374881
7 5 5.827996
8 0 6.276322
8 30 0.6030792
8 18 0.9969122
8 13 2.3292542
8 11 0.94689375
8 29 1.0916858
8 5 0.81324244
8 34 2.6009874
8 2 1.3293136
8 37 0.7091416
8 7 63.606915
8 27 1.2088089
8 16 1.6507636
8 23 1.0717092
9 36 1.6355387
9 26 2000.0
9 28 0.5521051
9 10 14.648188
9 22 0.34682536
9 31 0.029601648
9 12 2000.0
9 3 0.5200293
9 17 0.16621797
9 4 0.06107954
9 19 0.06811869
10 26 0.037198212
10 28 0.33567992
10 24 0.06935414
10 31 0.035506707
10 12 9.230938
10 9 14.648188
10 17 0.07266178
11 0 29.093132
11 30 0.4880483
11 8 0.94689375
11 18 28.078287
11 13 0.6798185
11 33 2.7136579
11 29 0.8065083
11 5 4.320414
11 34 1.7727716
11 20 0.9156188
11 2 1.0662154
11 37 1.2175463
11 7 6.240866
11 27 0.46974847
11 16 0.66890216
11 25 1.1390162
12 26 0.58306545
12 28 1.8958008
12 32 0.2506086
12 10 9.230938
12 24 0.06973837
12 21 0.11575541
12 3 0.053249042
13 0 0.8710672
13 30 1.4692235
13 8 2.3292542
13 18 152.65105
13 33 0.83565676
13 11 0.6798185
13 29 0.73686373
13 5 216.92729
13 34 4.227798
13 20 0.446285
13 2 0.28517854
13 14 3.5700524
13 37 1.2406975
13 27 0.29463562
13 16 29.88084
13 25 0.94257367
14 20 1.4629284
14 13 3.5700524
14 27 5.6819725
14 33 0.84256196
14 11 2000.0
14 25 2.3923051
15 32 0.07723364
15 21 0.85943913
16 30 1.1365563
16 0 2000.0
16 8 1.6507636
16 18 1.9769362
16 13 29.88084
16 33 85.406815
16 11 0.66890216
16 29 9.608472
16 5 2.0083733
16 20 4.3152003
16 37 5.9004107
16 7 1.006219
16 27 1.3733606
16 23 5.0057898
16 25 1.1713835
17 26 1.6979797
17 6 1.303686
17 10 0.07266178
17 24 0.16917841
17 31 1.1756159
17 9 0.16621797
17 4 0.07483662
17 19 4.618756
18 30 0.6708842
18 2 9.578675
18 8 0.9969122
18 37 1.7752739
18 7 2000.0
18 13 152.65105
18 27 4.304871
18 16 1.9769362
18 23 1.269403
18 11 28.078287
18 29 0.83127034
18 5 0.4238099
19 31 0.084023744
19 9 0.06811869
19 17 4.618756
19 4 0.08676416
20 30 18.808422
20 13 0.446285
20 33 0.9999517
20 11 0.9156188
20 29 4.2712502
20 5 5.033572
20 34 0.82303596
20 2 1.9391925
20 14 1.4629284
20 37 1.1478415
20 7 1.2579739
20 27 0.45286128
20 16 4.3152003
20 25 0.54793805
21 26 2000.0
21 32 2000.0
21 10 2000.0
21 24 0.31818178
21 35 0.049638886
21 12 0.11575541
21 15 0.85943913
22 6 1690.9092
22 31 1246.1364
22 9 0.34682536
22 19 1288.409
23 0 2000.0
23 30 1.2760979
23 2 96.081535
23 8 1.0717092
23 37 2.9333727
23 18 1.269403
23 7 1.2307459
23 16 5.0057898
23 11 2000.0
23 29 1.7516912
23 5 9.098022
24 26 0.053505175
24 32 0.1294277
24 10 0.06935414
24 21 0.31818178
24 31 5.063524
24 3 150.0
24 12 0.06973837
24 15 2000.0
24 17 0.16917841
25 0 2000.0
25 30 4.080274
25 13 0.94257367
25 33 0.47909486
25 11 1.1390162
25 29 5.878048
25 34 0.94063073
25 20 0.54793805
25 2 2.2748916
25 14 2.3923051
25 37 21.188486
25 7 7.374881
25 27 0.8246323
25 16 1.1713835
26 32 13.77551
26 28 0.41847736
26 10 0.037198212
26 24 0.053505175
26 31 0.06851634
26 12 0.58306545
26 17 1.6979797
27 0 2000.0
27 30 0.18926679
27 8 1.2088089
27 18 4.304871
27 13 0.29463562
27 33 0.79307353
27 11 0.46974847
27 29 1.0119886
27 5 2.2945063
27 34 0.69770944
27 20 0.45286128
27 2 0.41207668
27 14 5.6819725
27 37 0.7299794
27 7 3931.0227
27 16 1.3733606
27 25 0.8246323
28 36 0.036070075
28 26 0.41847736
28 10 0.33567992
28 3 0.10524794
28 12 1.8958008
28 9 0.5521051
29 0 5.8880057
29 30 7.3814244
29 8 1.0916858
29 18 0.83127034
29 13 0.73686373
29 11 0.8065083
29 5 1.9521034
29 34 5.1351824
29 20 4.2712502
29 2 0.79925567
29 37 0.71214837
29 7 2000.0
29 27 1.0119886
29 16 9.608472
29 23 1.7516912
29 25 5.878048
30 0 2000.0
30 8 0.6030792
30 18 0.6708842
30 13 1.4692235
30 33 2.5392969
30 11 0.4880483
30 29 7.3814244
30 5 1.5269338
30 34 1.1063249
30 20 18.808422
30 2 11.389395
30 14 2000.0
30 37 9.591964
30 7 0.7868241
30 27 0.18926679
30 16 1.1365563
30 23 1.2760979
30 25 4.080274
31 26 0.06851634
31 6 0.4536932
31 10 0.035506707
31 24 5.063524
31 9 0.029601648
31 17 1.1756159
31 4 0.08465879
31 19 0.084023744
32 26 13.77551
32 24 0.1294277
32 12 0.2506086
32 15 0.07723364
33 34 2000.0
33 30 2.5392969
33 20 0.9999517
33 2 1.9801515
33 14 0.84256196
33 7 2000.0
33 13 0.83565676
33 27 0.79307353
33 16 85.406815
33 11 2.7136579
33 29 1618.75
33 25 0.47909486
34 30 1.1063249
34 20 0.82303596
34 8 2.6009874
34 13 4.227798
34 7 9.100379
34 27 0.69770944
34 16 1215.0568
34 11 1.7727716
34 25 0.94063073
34 29 5.1351824
34 5 0.8868804
35 21 0.049638886
36 26 2000.0
36 28 0.036070075
36 3 0.35717827
36 9 1.6355387
37 30 9.591964
37 0 0.7349777
37 8 0.7091416
37 18 1.7752739
37 13 1.2406975
37 11 1.2175463
37 29 0.71214837
37 20 1.1478415
37 2 0.8473721
37 7 30.546406
37 27 0.7299794
37 16 5.9004107
37 23 2.9333727
37 25 21.188486
