0 2 0.74690276
0 37 3.3522606
0 13 0.49759564
0 29 16.901922
0 25 102.04082
1 3 0.4814096
1 12 13.837558
2 30 18.69384
2 0 0.74690276
2 8 1.1531119
2 18 2.1178274
2 13 0.4100034
2 33 1.4446614
2 11 1.5753869
2 29 0.9691573
2 20 2.4264762
2 37 0.8155707
2 27 0.81324846
2 16 2000.0
2 23 11.775526
2 25 0.4924099
3 36 0.2638986
3 28 55.247417
3 24 108.680084
3 12 0.072565824
3 1 0.4814096
3 9 0.43905032
4 31 0.062483214
4 9 0.066855624
4 17 0.129349
4 19 0.06719027
5 30 1.5023566
5 8 0.95197195
5 18 1.4331858
5 13 45.121826
5 11 1.5179579
5 29 7.4493566
5 34 1.721243
5 20 1.563684
5 37 6.867529
5 7 25.158184
5 27 1.9637365
5 16 1.6740899
5 23 2.7532895
5 25 2000.0
6 31 0.13857916
6 17 2.631321
7 30 1.1503732
7 20 57.142857
7 8 11.217577
7 37 100.540115
7 16 1.8023814
7 23 1.7989444
7 11 50.441235
7 25 2.1166904
7 5 25.158184
8 0 2000.0
8 30 0.49548396
8 18 1.2941016
8 13 2.603329
8 11 1.0067828
8 29 1.773365
8 5 0.95197195
8 34 22.299242
8 2 1.1531119
8 37 0.94898444
8 7 11.217577
8 27 3.215742
8 16 2.3396637
8 23 1.27502
8 25 2000.0
9 36 0.53744495
9 28 0.7268939
9 10 7.257632
9 22 0.055204686
9 31 0.028637448
9 3 0.43905032
9 4 0.066855624
9 17 0.0408816
9 19 0.12862195
10 26 0.03484238
10 28 0.43632573
10 24 0.07413376
10 31 0.7485931
10 12 39.137104
10 9 7.257632
10 17 0.033496562
11 0 2000.0
11 30 0.72845936
11 8 1.0067828
11 18 7.212623
11 13 1.303665
11 33 1.499723
11 29 0.75351375
11 5 1.5179579
11 34 2.3490417
11 20 1.1289945
11 2 1.5753869
11 37 1.191442
11 7 50.441235
11 27 0.7240882
11 16 0.9027686
11 25 0.54560405
12 26 0.8242713
12 32 4.779071
12 10 39.137104
12 24 0.067262396
12 21 0.18324904
12 3 0.072565824
12 1 13.837558
13 30 16.547478
13 0 0.49759564
13 8 2.603329
13 18 49.301895
13 33 0.8389144
13 11 1.303665
13 29 0.9083266
13 5 45.121826
13 34 126.69464
13 20 0.89325976
13 2 0.4100034
13 14 4.75588
13 37 1.1169192
13 7 2000.0
13 27 0.5368032
13 16 73.715614
13 25 0.27582386
14 30 16.16057
14 20 1.7290684
14 13 4.75588
14 27 2.6371999
14 33 0.832303
14 11 2000.0
14 25 2.1039562
15 32 0.075331025
15 21 8.005165
16 30 1.1029435
16 0 2000.0
16 8 2.3396637
16 18 3.286952
16 13 73.715614
16 11 0.9027686
16 5 1.6740899
16 34 69.09046
16 20 23.657703
16 7 1.8023814
16 27 1.4019209
16 23 4.752069
16 25 0.9789562
17 6 2.631321
17 26 1.4825522
17 10 0.033496562
17 24 0.07348983
17 31 0.966498
17 9 0.0408816
17 4 0.129349
17 19 2000.0
18 0 2000.0
18 30 0.9622794
18 8 1.2941016
18 13 49.301895
18 11 7.212623
18 29 1.0450627
18 5 1.4331858
18 2 2.1178274
18 37 2.7195697
18 7 2000.0
18 27 64.82011
18 16 3.286952
18 23 1.6918745
19 28 160.0
19 31 0.10165979
19 9 0.12862195
19 4 0.06719027
20 30 1.5477412
20 8 2000.0
20 13 0.89325976
20 33 1.407752
20 11 1.1289945
20 29 6.0567822
20 5 1.563684
20 34 1.0386341
20 2 2.4264762
20 14 1.7290684
20 37 6.076506
20 7 57.142857
20 27 1.8570735
20 16 23.657703
20 25 0.5812515
21 26 2000.0
21 32 2000.0
21 10 2000.0
21 24 0.5384972
21 35 0.04056446
21 31 2000.0
21 12 0.18324904
21 15 8.005165
22 31 68.43409
22 9 0.055204686
22 19 2000.0
23 0 2000.0
23 30 2.715674
23 8 1.27502
23 2 11.775526
23 37 1.8651581
23 18 1.6918745
23 7 1.7989444
23 16 4.752069
23 11 2000.0
23 29 1.5010965
23 5 2.7532895
24 26 0.049418908
24 32 0.45346007
24 10 0.07413376
24 21 0.5384972
24 12 0.067262396
24 3 108.680084
24 15 2000.0
24 17 0.07348983
25 0 102.04082
25 30 10.558719
25 13 0.27582386
25 33 1.1431894
25 11 0.54560405
25 29 2.2379522
25 34 3.979983
25 20 0.5812515
25 2 0.4924099
25 14 2.1039562
25 37 176.20723
25 7 2.1166904
25 27 0.25573224
25 16 0.9789562
26 32 66.66667
26 28 0.060438946
26 10 0.03484238
26 24 0.049418908
26 31 0.15577789
26 12 0.8242713
26 17 1.4825522
27 30 0.20896466
27 0 2000.0
27 8 3.215742
27 18 64.82011
27 13 0.5368032
27 33 0.7004149
27 11 0.7240882
27 29 0.7462311
27 5 1.9637365
27 34 1.2230989
27 20 1.8570735
27 2 0.81324846
27 14 2.6371999
27 37 0.95918083
27 7 2000.0
27 16 1.4019209
27 25 0.25573224
28 36 0.0378201
28 26 0.060438946
28 10 0.43632573
28 12 1204.8296
28 3 55.247417
28 9 0.7268939
28 19 160.0
29 0 16.901922
29 30 1.1171218
29 8 1.773365
29 18 1.0450627
29 13 0.9083266
29 33 24.88272
29 11 0.75351375
29 5 7.4493566
29 34 4.6733494
29 20 6.0567822
29 2 0.9691573
29 37 1.3308746
29 7 2000.0
29 27 0.7462311
29 16 2000.0
29 23 1.5010965
29 25 2.2379522
30 8 0.49548396
30 18 0.9622794
30 13 16.547478
30 33 10.325283
30 11 0.72845936
30 29 1.1171218
30 5 1.5023566
30 34 0.97261953
30 20 1.5477412
30 2 18.69384
30 14 16.16057
30 37 12.359489
30 7 1.1503732
30 27 0.20896466
30 16 1.1029435
30 23 2.715674
30 25 10.558719
31 26 0.15577789
31 6 0.13857916
31 10 0.7485931
31 35 11.080845
31 21 2000.0
31 22 68.43409
31 9 0.028637448
31 4 0.062483214
31 17 0.966498
31 19 0.10165979
32 26 66.66667
32 24 0.45346007
32 12 4.779071
32 15 0.075331025
33 30 10.325283
33 8 2000.0
33 13 0.8389144
33 11 1.499723
33 29 24.88272
33 5 2000.0
33 34 2000.0
33 20 1.407752
33 2 1.4446614
33 14 0.832303
33 7 2000.0
33 27 0.7004149
33 16 2040.0568
33 25 1.1431894
34 30 0.97261953
34 20 1.0386341
34 8 22.299242
34 37 2000.0
34 13 126.69464
34 7 3136.534
34 27 1.2230989
34 16 69.09046
34 11 2.3490417
34 29 4.6733494
34 25 3.979983
34 5 1.721243
35 21 0.04056446
35 31 11.080845
36 28 0.0378201
36 3 0.2638986
36 9 0.53744495
37 30 12.359489
37 0 3.3522606
37 8 0.94898444
37 18 2.7195697
37 13 1.1169192
37 11 1.191442
37 29 1.3308746
37 5 6.867529
37 20 6.076506
37 2 0.8155707
37 7 100.540115
37 27 0.95918083
37 16 2000.0
37 23 1.8651581
37 25 176.20723
