0 2 1.0831285
0 37 1.623381
0 13 0.95818603
0 29 19.071783
0 25 16.345455
1 3 0.5847874
1 12 17.831503
2 30 12.51554
2 0 1.0831285
2 8 1.2185273
2 18 1.803595
2 13 0.58431816
2 33 2.4820733
2 11 1.8927306
2 29 1.3037565
2 20 3.6259336
2 37 0.8110617
2 27 0.99729943
2 16 2000.0
2 23 8.321338
2 25 0.5251105
3 36 0.664312
3 28 2.9835043
3 24 180.00002
3 12 0.05182602
3 1 0.5847874
3 9 0.42052335
4 31 0.06863992
4 9 0.06925403
4 17 0.2451661
4 19 0.06514453
5 30 0.81167525
5 8 0.49206504
5 18 1.0817201
5 13 46.17553
5 11 2.8481748
5 29 5.2472343
5 34 5.869936
5 20 1.7838069
5 37 8.523702
5 7 10.631216
5 27 2.4070275
5 16 1.1432936
5 23 1.8243237
5 25 2000.0
6 31 0.15770876
6 17 1.6166763
7 34 255.95456
7 30 1.1453073
7 20 2000.0
7 8 2.210423
7 37 46.43911
7 16 1.3971901
7 23 1.3948162
7 25 2.2690918
7 5 10.631216
8 0 2000.0
8 30 0.3907033
8 18 1.3406516
8 13 1.4427072
8 11 1.0008237
8 29 0.50096387
8 5 0.49206504
8 34 37.534306
8 2 1.2185273
8 37 0.94462556
8 7 2.210423
8 27 0.95698375
8 16 1.5554392
8 23 0.90363866
8 25 2000.0
9 36 0.5126986
9 26 2000.0
9 28 0.61632776
9 10 26.663044
9 22 0.049142227
9 31 0.03241477
9 12 2000.0
9 3 0.42052335
9 4 0.06925403
9 17 0.03501526
9 19 0.065964386
10 26 0.02821435
10 28 0.22532992
10 24 0.11043459
10 31 11.39061
10 12 59.815826
10 9 26.663044
10 17 0.03398094
11 0 2000.0
11 30 0.72381836
11 8 1.0008237
11 18 15.018972
11 13 0.93490994
11 33 2.0777001
11 29 1.2817355
11 5 2.8481748
11 34 2.1114695
11 20 1.0967975
11 2 1.8927306
11 37 1.3007234
11 7 1360.2272
11 27 0.64518195
11 16 1.0140104
11 25 0.8039482
12 26 1.718371
12 32 1.0585543
12 10 59.815826
12 24 0.06879949
12 21 0.14023052
12 3 0.05182602
12 1 17.831503
13 30 33.898746
13 0 0.95818603
13 8 1.4427072
13 33 1.2414712
13 11 0.93490994
13 29 1.0650597
13 5 46.17553
13 34 4702.5
13 20 0.92575353
13 2 0.58431816
13 14 8.9116955
13 37 0.9898865
13 7 2000.0
13 27 0.4240361
13 16 44.021103
13 25 0.27884385
14 30 14.210108
14 20 5.554843
14 13 8.9116955
14 27 2.6624389
14 33 1.9840709
14 11 2000.0
14 25 3.9798262
15 32 0.07116545
15 21 1.4248179
16 0 2000.0
16 30 1.0581894
16 8 1.5554392
16 18 2.0657392
16 13 44.021103
16 11 1.0140104
16 5 1.1432936
16 34 59.716476
16 20 15.77814
16 7 1.3971901
16 27 1.2809529
16 23 2.486488
16 25 1.5106652
17 6 1.6166763
17 26 1.4693844
17 10 0.03398094
17 24 0.11222923
17 31 1.011029
17 9 0.03501526
17 4 0.2451661
17 19 2017.3295
18 0 2000.0
18 30 0.9779748
18 8 1.3406516
18 13 1663.6364
18 11 15.018972
18 29 1.2588707
18 5 1.0817201
18 2 1.803595
18 37 3.8950267
18 7 2000.0
18 27 15.505051
18 16 2.0657392
18 23 1.4147202
19 31 0.0865343
19 9 0.065964386
19 4 0.06514453
20 30 1.3706712
20 13 0.92575353
20 33 0.9631039
20 11 1.0967975
20 29 3.926022
20 5 1.7838069
20 34 0.980962
20 2 3.6259336
20 14 5.554843
20 37 3.3806915
20 7 2000.0
20 27 0.8224574
20 16 15.77814
20 25 0.50018233
21 26 2000.0
21 32 2000.0
21 10 2000.0
21 24 0.8332902
21 35 0.027774824
21 31 2000.0
21 12 0.14023052
21 15 1.4248179
22 31 64.72078
22 9 0.049142227
22 19 2000.0
23 0 2000.0
23 30 2.3544421
23 8 0.90363866
23 2 8.321338
23 37 1.3790345
23 18 1.4147202
23 7 1.3948162
23 16 2.486488
23 11 2000.0
23 29 1.3516406
23 5 1.8243237
24 26 0.052926943
24 32 0.29581463
24 10 0.11043459
24 21 0.8332902
24 3 180.00002
24 12 0.06879949
24 15 2000.0
24 17 0.11222923
25 30 25.085793
25 0 16.345455
25 13 0.27884385
25 33 0.5369724
25 11 0.8039482
25 29 1.4329368
25 34 1.8914465
25 20 0.50018233
25 2 0.5251105
25 14 3.9798262
25 37 12.234608
25 7 2.2690918
25 27 0.31441814
25 16 1.5106652
26 32 20.57724
26 28 0.07282121
26 10 0.02821435
26 24 0.052926943
26 31 0.09670685
26 12 1.718371
26 17 1.4693844
27 30 0.18545121
27 0 2000.0
27 8 0.95698375
27 18 15.505051
27 13 0.4240361
27 33 0.7370196
27 11 0.64518195
27 29 0.67656714
27 5 2.4070275
27 34 1.133205
27 20 0.8224574
27 2 0.99729943
27 14 2.6624389
27 37 0.824996
27 7 2000.0
27 16 1.2809529
27 25 0.31441814
28 36 0.02997588
28 26 0.07282121
28 10 0.22532992
28 3 2.9835043
28 12 145.25456
28 9 0.61632776
28 19 1755.1704
29 0 19.071783
29 30 1.7893618
29 8 0.50096387
29 18 1.2588707
29 13 1.0650597
29 33 15.284406
29 11 1.2817355
29 5 5.2472343
29 34 3.616625
29 20 3.926022
29 2 1.3037565
29 37 0.67858046
29 7 2000.0
29 27 0.67656714
29 16 2000.0
29 23 1.3516406
29 25 1.4329368
30 8 0.3907033
30 18 0.9779748
30 13 33.898746
30 33 14.915161
30 11 0.72381836
30 29 1.7893618
30 5 0.81167525
30 34 0.79568505
30 20 1.3706712
30 2 12.51554
30 14 14.210108
30 37 17.191622
30 7 1.1453073
30 27 0.18545121
30 16 1.0581894
30 23 2.3544421
30 25 25.085793
31 26 0.09670685
31 6 0.15770876
31 10 11.39061
31 22 64.72078
31 9 0.03241477
31 4 0.06863992
31 17 1.011029
31 19 0.0865343
32 26 20.57724
32 24 0.29581463
32 12 1.0585543
32 15 0.07116545
33 30 14.915161
33 8 2000.0
33 13 1.2414712
33 11 2.0777001
33 29 15.284406
33 34 2000.0
33 20 0.9631039
33 2 2.4820733
33 14 1.9840709
33 7 2000.0
33 27 0.7370196
33 16 3017.898
33 25 0.5369724
34 30 0.79568505
34 20 0.980962
34 8 37.534306
34 37 2000.0
34 7 255.95456
34 13 4702.5
34 27 1.133205
34 16 59.716476
34 11 2.1114695
34 29 3.616625
34 25 1.8914465
34 5 5.869936
35 21 0.027774824
35 31 1076.534
36 28 0.02997588
36 3 0.664312
36 9 0.5126986
37 30 17.191622
37 0 1.623381
37 8 0.94462556
37 18 3.8950267
37 13 0.9898865
37 11 1.3007234
37 29 0.67858046
37 5 8.523702
37 20 3.3806915
37 2 0.8110617
37 7 46.43911
37 27 0.824996
37 16 2000.0
37 23 1.3790345
37 25 12.234608
