0 2 0.7956702
0 37 1.2326972
0 13 0.58329934
0 25 13.640121
0 29 15.635969
1 3 0.6764096
1 12 16.542082
2 30 16.119638
2 0 0.7956702
2 8 1.336167
2 18 3.408363
2 13 0.53845453
2 33 3.767808
2 11 1.6074921
2 29 1.1734167
2 20 2.6658757
2 37 0.9609904
2 27 1.2461797
2 16 2000.0
2 23 11.656655
2 25 0.9508437
3 36 0.44816878
3 28 13.878408
3 24 2000.0
3 12 0.07490461
3 1 0.6764096
3 9 0.13737465
4 31 0.07523639
4 9 0.07081439
4 17 0.24253097
4 19 0.085653305
5 30 0.6715015
5 8 0.9053808
5 18 0.7444578
5 13 44.01493
5 11 1.3554544
5 29 2.8798661
5 34 3.0123045
5 20 2.074064
5 37 11.431314
5 7 4.6675277
5 27 1.9275327
5 16 1.7318898
5 23 2.6880112
5 25 2000.0
6 31 0.13765295
6 17 3.0998375
7 30 0.85442203
7 20 1029.659
7 8 3.3784442
7 37 332.99857
7 27 200.0
7 16 1.0411826
7 11 244.57306
7 23 1.3559526
7 25 3.515706
7 5 4.6675277
8 0 2000.0
8 30 0.65209574
8 18 1.1705726
8 13 2.4698596
8 11 1.2250454
8 29 0.47968262
8 5 0.9053808
8 34 18.812162
8 2 1.336167
8 37 0.9580133
8 7 3.3784442
8 27 2.5387459
8 16 1.9853594
8 23 1.403233
8 25 2000.0
9 36 0.5655514
9 26 2000.0
9 28 1.6702471
9 10 22.037243
9 22 0.05607793
9 31 0.029878322
9 12 2000.0
9 3 0.13737465
9 4 0.07081439
9 17 0.031447846
9 19 0.06857588
10 26 0.030259674
10 28 0.34246388
10 24 0.09526373
10 31 18.343506
10 12 24.769585
10 9 22.037243
10 17 0.035589702
11 0 2000.0
11 30 0.90780795
11 8 1.2250454
11 18 6.874468
11 13 0.7565042
11 33 2.9459484
11 29 0.80539775
11 5 1.3554544
11 34 1.8883076
11 20 0.8350961
11 2 1.6074921
11 37 1.4051049
11 7 244.57306
11 27 0.6466366
11 16 1.2369645
11 25 0.6673452
12 26 5.1207156
12 32 2.923755
12 10 24.769585
12 24 0.07367425
12 21 0.73353666
12 3 0.07490461
12 1 16.542082
13 30 87.9812
13 0 0.58329934
13 8 2.4698596
13 18 104.16667
13 33 1.0257177
13 11 0.7565042
13 29 0.7242898
13 5 44.01493
13 34 200.0
13 20 0.94865173
13 2 0.53845453
13 14 4.251137
13 37 1.1154914
13 7 2000.0
13 27 0.23300508
13 16 34.32753
13 25 0.27028984
14 30 5.9539638
14 20 2.1191773
14 13 4.251137
14 27 4.0529866
14 33 0.40219823
14 11 2000.0
14 25 2.0224247
15 32 0.07859411
15 21 2.1919887
16 0 2000.0
16 30 1.0593833
16 8 1.9853594
16 18 1.7915019
16 13 34.32753
16 11 1.2369645
16 5 1.7318898
16 34 52.746716
16 20 54.494972
16 7 1.0411826
16 27 2.0075893
16 23 3.4140472
16 25 1.2940415
17 6 3.0998375
17 26 2.131486
17 10 0.035589702
17 24 0.063507214
17 31 0.96115136
17 9 0.031447846
17 4 0.24253097
17 19 1653.8392
18 0 2000.0
18 30 0.65377563
18 8 1.1705726
18 13 104.16667
18 11 6.874468
18 29 1.0434108
18 5 0.7444578
18 2 3.408363
18 37 2.4904304
18 7 2000.0
18 27 9.1702
18 16 1.7915019
18 23 1.3958956
19 28 78.88747
19 31 0.07397452
19 9 0.06857588
19 4 0.085653305
19 17 1653.8392
20 30 2.9660146
20 13 0.94865173
20 33 1.1476344
20 11 0.8350961
20 29 6.5773067
20 5 2.074064
20 34 0.79367
20 2 2.6658757
20 14 2.1191773
20 37 2.1672273
20 7 1029.659
20 27 3.7466307
20 16 54.494972
20 25 0.36127502
21 32 2000.0
21 24 0.863272
21 35 0.0698494
21 12 0.73353666
21 15 2.1919887
22 31 160.0
22 9 0.05607793
22 19 2000.0
23 0 2000.0
23 30 1.9004768
23 8 1.403233
23 2 11.656655
23 37 1.477601
23 18 1.3958956
23 7 1.3559526
23 16 3.4140472
23 11 2000.0
23 29 0.8181089
23 5 2.6880112
24 26 0.039554875
24 32 0.21060604
24 10 0.09526373
24 21 0.863272
24 12 0.07367425
24 15 2000.0
24 17 0.063507214
25 30 31.599155
25 0 13.640121
25 13 0.27028984
25 33 0.63553286
25 11 0.6673452
25 29 1.2296911
25 34 2.0825443
25 20 0.36127502
25 2 0.9508437
25 14 2.0224247
25 37 30.499054
25 7 3.515706
25 27 0.2575304
25 16 1.2940415
26 32 28.648865
26 28 0.08454795
26 10 0.030259674
26 24 0.039554875
26 31 0.21279986
26 12 5.1207156
26 17 2.131486
27 30 0.5040163
27 0 2000.0
27 8 2.5387459
27 18 9.1702
27 13 0.23300508
27 33 0.9934814
27 11 0.6466366
27 29 0.54889446
27 5 1.9275327
27 34 1.0978695
27 20 3.7466307
27 2 1.2461797
27 14 4.0529866
27 37 1.1467607
27 7 200.0
27 16 2.0075893
27 25 0.2575304
28 36 0.03187499
28 26 0.08454795
28 10 0.34246388
28 3 13.878408
28 12 1200.2842
28 9 1.6702471
28 19 78.88747
29 0 15.635969
29 30 0.4462963
29 8 0.47968262
29 18 1.0434108
29 13 0.7242898
29 33 14.591794
29 11 0.80539775
29 5 2.8798661
29 34 3.3224251
29 20 6.5773067
29 2 1.1734167
29 37 0.68866724
29 27 0.54889446
29 16 2000.0
29 23 0.8181089
29 25 1.2296911
30 8 0.65209574
30 18 0.65377563
30 13 87.9812
30 33 3.5619402
30 11 0.90780795
30 29 0.4462963
30 5 0.6715015
30 34 1.0132936
30 20 2.9660146
30 2 16.119638
30 14 5.9539638
30 37 15.884195
30 7 0.85442203
30 27 0.5040163
30 16 1.0593833
30 23 1.9004768
30 25 31.599155
31 26 0.21279986
31 6 0.13765295
31 10 18.343506
31 35 61.75515
31 22 160.0
31 9 0.029878322
31 4 0.07523639
31 17 0.96115136
31 19 0.07397452
32 26 28.648865
32 24 0.21060604
32 21 2000.0
32 12 2.923755
32 15 0.07859411
33 34 2000.0
33 30 3.5619402
33 20 1.1476344
33 2 3.767808
33 14 0.40219823
33 7 2000.0
33 13 1.0257177
33 27 0.9934814
33 16 3017.898
33 11 2.9459484
33 29 14.591794
33 25 0.63553286
34 30 1.0132936
34 20 0.79367
34 8 18.812162
34 37 2000.0
34 13 200.0
34 7 2136.8274
34 27 1.0978695
34 16 52.746716
34 11 1.8883076
34 29 3.3224251
34 25 2.0825443
34 5 3.0123045
35 21 0.0698494
35 31 61.75515
36 28 0.03187499
36 3 0.44816878
36 9 0.5655514
37 30 15.884195
37 0 1.2326972
37 8 0.9580133
37 18 2.4904304
37 13 1.1154914
37 11 1.4051049
37 29 0.68866724
37 5 11.431314
37 20 2.1672273
37 2 0.9609904
37 7 332.99857
37 27 1.1467607
37 16 1866.534
37 23 1.477601
37 25 30.499054
