0 8 4.8900013
0 2 1.3511921
0 37 0.7265772
0 13 0.71757776
0 11 100.0
0 29 5.889354
1 3 0.23462775
1 12 1202.159
2 30 10.319793
2 0 1.3511921
2 8 1.4723142
2 18 13.834619
2 13 0.2316048
2 33 3.7068124
2 11 1.3330442
2 29 1.1855472
2 20 0.96464306
2 37 0.7315505
2 27 0.52814084
2 23 57.903748
2 25 1.8223815
3 36 0.24997161
3 28 0.068173245
3 24 180.00002
3 12 0.049380377
3 1 0.23462775
3 9 0.32079726
4 31 0.08206713
4 9 0.08230064
4 17 0.09394148
4 19 0.08097921
5 30 0.68747103
5 8 0.66900915
5 18 0.49968436
5 13 200.0
5 11 11.302127
5 29 1.9525473
5 34 1.9447676
5 20 4.8708973
5 37 2000.0
5 7 4.288874
5 27 1.1396548
5 16 2.2885056
5 23 4.5148163
6 31 0.6758523
6 17 0.8669277
7 34 7.579681
7 30 0.8267966
7 20 2.1078434
7 8 40.614395
7 37 25.181087
7 16 1.3598055
7 11 11.443448
7 23 1.3608212
7 25 6.1766524
7 5 4.288874
8 0 4.8900013
8 30 0.6801966
8 18 0.9645058
8 13 2.2912266
8 11 1.077826
8 29 0.76412755
8 5 0.66900915
8 34 2.5641196
8 2 1.4723142
8 37 1.3185773
8 7 40.614395
8 27 1.3298788
8 16 1.3420743
8 23 1.3429661
9 36 0.7691762
9 26 2000.0
9 28 3.8439527
9 10 15.903409
9 22 0.57181555
9 31 0.028577194
9 3 0.32079726
9 17 0.041831225
9 4 0.08230064
9 19 0.07049652
10 26 0.032628544
10 28 0.18494952
10 24 0.041827265
10 31 0.04932655
10 12 6.410738
10 9 15.903409
10 17 0.029481303
11 0 100.0
11 30 0.9083137
11 8 1.077826
11 18 9.557942
11 13 1.0454054
11 33 2.264239
11 29 1.0301782
11 5 11.302127
11 34 2.9227915
11 20 1.373642
11 2 1.3330442
11 37 1.5100678
11 7 11.443448
11 27 0.640678
11 16 0.963948
11 25 1.1238065
12 26 1.4370357
12 28 3.3283198
12 32 0.2785613
12 10 6.410738
12 24 0.068860486
12 21 0.079371884
12 3 0.049380377
13 30 1.1815866
13 0 0.71757776
13 8 2.2912266
13 18 100.0
13 33 1.0036542
13 11 1.0454054
13 29 0.9906701
13 5 200.0
13 34 8.526071
13 20 0.3986416
13 2 0.2316048
13 14 2.1339374
13 37 1.4505347
13 27 0.28073782
13 16 139.25066
13 25 0.51744574
14 20 0.7030271
14 13 2.1339374
14 27 1.4672747
14 33 0.32801726
14 11 2000.0
14 25 1.1637791
15 32 0.069588
15 21 2.875597
16 0 2000.0
16 30 1.0327816
16 8 1.3420743
16 18 1.1219993
16 13 139.25066
16 11 0.963948
16 29 9.990195
16 5 2.2885056
16 20 8.39109
16 37 81.356964
16 7 1.3598055
16 27 1.3575872
16 23 5.213492
16 25 1.313447
17 26 1.7945689
17 6 0.8669277
17 10 0.029481303
17 24 0.15710932
17 31 1.1973974
17 9 0.041831225
17 4 0.09394148
17 19 3.2244153
18 0 2000.0
18 30 0.67798734
18 8 0.9645058
18 13 100.0
18 11 9.557942
18 29 0.9697499
18 5 0.49968436
18 2 13.834619
18 37 1.8125954
18 7 2000.0
18 27 3.9675326
18 16 1.1219993
18 23 1.3630483
19 31 0.083088
19 9 0.07049652
19 17 3.2244153
19 4 0.08097921
20 30 11.495314
20 13 0.3986416
20 33 1.3641623
20 11 1.373642
20 29 7.5354285
20 5 4.8708973
20 34 0.940845
20 2 0.96464306
20 14 0.7030271
20 37 2.5871277
20 7 2.1078434
20 27 0.4434631
20 16 8.39109
20 25 0.5009959
21 26 2000.0
21 32 2000.0
21 10 2000.0
21 24 0.923465
21 35 0.044253018
21 12 0.079371884
21 15 2.875597
22 6 1211.0796
22 31 1506.9886
22 9 0.57181555
22 19 1339.5455
23 0 2000.0
23 30 1.1179733
23 2 57.903748
23 8 1.3429661
23 37 2.7308815
23 18 1.3630483
23 7 1.3608212
23 16 5.213492
23 11 2000.0
23 29 3.2065358
23 5 4.5148163
24 26 0.10935434
24 32 0.0940401
24 10 0.041827265
24 21 0.923465
24 31 2.6936882
24 3 180.00002
24 12 0.068860486
24 15 2000.0
24 17 0.15710932
25 0 2000.0
25 30 1.2713848
25 13 0.51744574
25 33 0.54120183
25 11 1.1238065
25 29 3.313329
25 34 2.7338476
25 20 0.5009959
25 2 1.8223815
25 14 1.1637791
25 37 62.32549
25 7 6.1766524
25 27 0.86209524
25 16 1.313447
26 32 28.150572
26 28 0.093470566
26 10 0.032628544
26 24 0.10935434
26 31 0.07427253
26 12 1.4370357
26 17 1.7945689
27 0 2000.0
27 30 0.23362438
27 8 1.3298788
27 18 3.9675326
27 13 0.28073782
27 33 0.92020524
27 11 0.640678
27 29 0.5605667
27 5 1.1396548
27 34 0.9065501
27 20 0.4434631
27 2 0.52814084
27 14 1.4672747
27 37 1.3525858
27 7 2892.3293
27 16 1.3575872
27 25 0.86209524
28 36 0.045420263
28 26 0.093470566
28 10 0.18494952
28 3 0.068173245
28 12 3.3283198
28 9 3.8439527
29 0 5.889354
29 30 2.335657
29 8 0.76412755
29 18 0.9697499
29 13 0.9906701
29 11 1.0301782
29 5 1.9525473
29 34 11.334984
29 20 7.5354285
29 2 1.1855472
29 37 1.1251774
29 7 2000.0
29 27 0.5605667
29 16 9.990195
29 23 3.2065358
29 25 3.313329
30 0 2000.0
30 8 0.6801966
30 18 0.67798734
30 13 1.1815866
30 33 2.4977531
30 11 0.9083137
30 29 2.335657
30 5 0.68747103
30 34 2.1390455
30 20 11.495314
30 2 10.319793
30 37 9.703189
30 7 0.8267966
30 27 0.23362438
30 16 1.0327816
30 23 1.1179733
30 25 1.2713848
31 26 0.07427253
31 6 0.6758523
31 10 0.04932655
31 24 2.6936882
31 9 0.028577194
31 17 1.1973974
31 4 0.08206713
31 19 0.083088
32 26 28.150572
32 24 0.0940401
32 12 0.2785613
32 15 0.069588
33 34 2000.0
33 30 2.4977531
33 20 1.3641623
33 2 3.7068124
33 14 0.32801726
33 7 2000.0
33 13 1.0036542
33 27 0.92020524
33 16 2000.0
33 11 2.264239
33 29 3444.3184
33 25 0.54120183
34 30 2.1390455
34 20 0.940845
34 8 2.5641196
34 13 8.526071
34 7 7.579681
34 27 0.9065501
34 16 1215.0568
34 11 2.9227915
34 25 2.7338476
34 29 11.334984
34 5 1.9447676
35 21 0.044253018
36 26 1250.3977
36 28 0.045420263
36 10 2000.0
36 3 0.24997161
36 9 0.7691762
37 30 9.703189
37 0 0.7265772
37 8 1.3185773
37 18 1.8125954
37 13 1.4505347
37 11 1.5100678
37 29 1.1251774
37 20 2.5871277
37 2 0.7315505
37 7 25.181087
37 27 1.3525858
37 16 81.356964
37 23 2.7308815
37 25 62.32549
