0 8 24.897728
0 2 1.0945729
0 37 0.77123046
0 13 0.88590026
0 11 72.375496
0 29 9.458123
0 25 2000.0
1 3 0.5115533
1 12 28.414139
2 30 18.74761
2 0 1.0945729
2 8 1.2237575
2 18 7.6458836
2 13 0.3856753
2 33 3.886505
2 11 1.4621012
2 29 0.9622179
2 20 2.1612372
2 37 1.1472768
2 27 0.87159705
2 23 27.44232
2 25 1.0487504
3 36 0.21083356
3 28 0.13060346
3 24 514.2857
3 12 0.068163194
3 1 0.5115533
3 9 0.4701849
4 31 0.06855746
4 9 0.066354424
4 17 0.085555255
4 19 0.08209142
5 30 0.6713058
5 8 0.6023742
5 18 0.4628317
5 13 2000.0
5 11 2.9732287
5 29 2.539715
5 34 3.9188876
5 20 1.9785792
5 37 2000.0
5 7 4.2146
5 27 1.8646502
5 16 1.3105005
5 23 8.005639
6 22 1277.9924
6 31 0.87253827
6 17 1.4265531
7 34 7.3188004
7 30 0.8046805
7 20 1.9044833
7 8 251.66978
7 37 16.166023
7 27 133.33334
7 16 1.2889364
7 11 13.738252
7 23 0.9947069
7 25 4.7937417
7 5 4.2146
8 0 24.897728
8 30 0.73815656
8 18 0.9347378
8 13 3.7938502
8 11 1.0623217
8 29 0.50344014
8 5 0.6023742
8 34 9.026146
8 2 1.2237575
8 37 1.1280118
8 7 251.66978
8 27 1.7037399
8 16 1.5896517
8 23 1.4694699
9 36 1.5675188
9 26 2000.0
9 28 3.1311498
9 10 9.0943985
9 22 0.48298916
9 31 0.03547297
9 3 0.4701849
9 17 0.049157195
9 4 0.066354424
9 19 0.07387695
10 26 0.03569422
10 28 0.29699072
10 24 0.10415904
10 31 0.03612807
10 12 8.008381
10 9 9.0943985
10 17 0.030674612
11 0 72.375496
11 30 0.45347726
11 8 1.0623217
11 18 3.0033848
11 13 0.54083997
11 33 2.1402397
11 29 0.43298295
11 5 2.9732287
11 34 2.6017354
11 20 0.92435825
11 2 1.4621012
11 37 1.4439768
11 7 13.738252
11 27 0.5118146
11 16 1.027354
11 25 0.9544285
12 26 2.1680927
12 28 5.573413
12 32 0.6568182
12 10 8.008381
12 24 0.070778094
12 21 0.08928771
12 3 0.068163194
12 1 28.414139
13 30 1.3245692
13 0 0.88590026
13 8 3.7938502
13 18 2000.0
13 33 0.8126774
13 11 0.54083997
13 29 1.3472224
13 34 8.670931
13 20 0.4928438
13 2 0.3856753
13 14 3.551944
13 37 2.406456
13 27 0.15691648
13 16 47.058823
13 25 0.49616936
14 20 1.0472506
14 13 3.551944
14 33 0.42175853
14 27 2.2812557
14 11 2000.0
14 25 2.1228964
15 32 0.074540086
15 21 2.8672247
16 0 2000.0
16 30 1.0849248
16 8 1.5896517
16 18 0.933919
16 13 47.058823
16 11 1.027354
16 29 51.679825
16 5 1.3105005
16 20 11.710795
16 37 124.82851
16 7 1.2889364
16 27 1.3651116
16 23 19.662338
16 25 1.5191762
17 26 1.9387038
17 6 1.4265531
17 10 0.030674612
17 24 0.24916446
17 31 1.4811523
17 9 0.049157195
17 4 0.085555255
17 19 7.2931414
18 30 0.6819832
18 2 7.6458836
18 8 0.9347378
18 37 1.245182
18 13 2000.0
18 7 2000.0
18 27 2.8246934
18 16 0.933919
18 23 1.1800483
18 11 3.0033848
18 29 0.9463483
18 5 0.4628317
19 31 0.08387446
19 9 0.07387695
19 17 7.2931414
19 4 0.08209142
20 30 5.739262
20 13 0.4928438
20 33 0.9339631
20 11 0.92435825
20 29 1.1154404
20 5 1.9785792
20 34 0.80270606
20 2 2.1612372
20 14 1.0472506
20 37 2.6533473
20 7 1.9044833
20 27 0.52156013
20 16 11.710795
20 25 0.4025906
21 32 2000.0
21 10 2000.0
21 24 0.094462946
21 35 0.07816142
21 12 0.08928771
21 15 2.8672247
22 6 1277.9924
22 31 129.14256
22 9 0.48298916
22 19 1289.6592
23 0 2000.0
23 30 1.7483816
23 2 27.44232
23 8 1.4694699
23 37 2.5831008
23 18 1.1800483
23 7 0.9947069
23 16 19.662338
23 11 2000.0
23 29 2.7579746
23 5 8.005639
24 26 0.05310396
24 32 0.13828671
24 10 0.10415904
24 21 0.094462946
24 31 3.954117
24 12 0.070778094
24 3 514.2857
24 15 2000.0
24 17 0.24916446
25 0 2000.0
25 30 1.9430815
25 13 0.49616936
25 33 0.60955375
25 11 0.9544285
25 29 2.2686977
25 34 1.331488
25 20 0.4025906
25 2 1.0487504
25 14 2.1228964
25 37 35.555557
25 7 4.7937417
25 27 0.66051906
25 16 1.5191762
26 36 151.51517
26 32 1204.6023
26 28 0.035162073
26 10 0.03569422
26 24 0.05310396
26 31 0.053509183
26 12 2.1680927
26 17 1.9387038
27 0 2000.0
27 30 0.21194215
27 8 1.7037399
27 18 2.8246934
27 13 0.15691648
27 33 1.1612351
27 11 0.5118146
27 29 0.74519753
27 5 1.8646502
27 34 1.4788005
27 20 0.52156013
27 2 0.87159705
27 14 2.2812557
27 37 2.167384
27 7 133.33334
27 16 1.3651116
27 25 0.66051906
28 36 0.032011192
28 26 0.035162073
28 10 0.29699072
28 3 0.13060346
28 12 5.573413
28 9 3.1311498
29 0 9.458123
29 30 2.9322817
29 8 0.50344014
29 18 0.9463483
29 13 1.3472224
29 11 0.43298295
29 5 2.539715
29 34 11.376421
29 20 1.1154404
29 2 0.9622179
29 37 1.3516655
29 7 2000.0
29 27 0.74519753
29 16 51.679825
29 23 2.7579746
29 25 2.2686977
30 0 2000.0
30 8 0.73815656
30 18 0.6819832
30 13 1.3245692
30 33 2.3029094
30 11 0.45347726
30 29 2.9322817
30 5 0.6713058
30 34 1.5962844
30 20 5.739262
30 2 18.74761
30 14 2000.0
30 37 30.860294
30 7 0.8046805
30 27 0.21194215
30 16 1.0849248
30 23 1.7483816
30 25 1.9430815
31 26 0.053509183
31 6 0.87253827
31 10 0.03612807
31 24 3.954117
31 22 129.14256
31 9 0.03547297
31 17 1.4811523
31 4 0.06855746
31 19 0.08387446
32 24 0.13828671
32 12 0.6568182
32 15 0.074540086
33 30 2.3029094
33 8 2000.0
33 13 0.8126774
33 11 2.1402397
33 29 4032.443
33 34 2000.0
33 20 0.9339631
33 2 3.886505
33 14 0.42175853
33 7 2000.0
33 27 1.1612351
33 16 1998.8635
33 25 0.60955375
34 30 1.5962844
34 20 0.80270606
34 8 9.026146
34 7 7.3188004
34 13 8.670931
34 27 1.4788005
34 16 5535.0566
34 11 2.6017354
34 25 1.331488
34 29 11.376421
34 5 3.9188876
35 21 0.07816142
36 26 151.51517
36 28 0.032011192
36 3 0.21083356
36 9 1.5675188
37 30 30.860294
37 0 0.77123046
37 8 1.1280118
37 18 1.245182
37 13 2.406456
37 11 1.4439768
37 29 1.3516655
37 20 2.6533473
37 2 1.1472768
37 7 16.166023
37 27 2.167384
37 16 124.82851
37 23 2.5831008
37 25 35.555557
