0 8 9.263175
0 2 0.731705
0 37 0.7219279
0 13 1.1776474
0 11 25.522606
0 29 11.200505
1 3 0.27265626
1 12 74.4037
2 30 9.404906
2 0 0.731705
2 8 1.1606228
2 18 6.6622543
2 13 0.2888254
2 33 1.4355787
2 11 0.534049
2 29 0.6990227
2 20 1.1337595
2 37 0.84270674
2 27 0.42317003
2 16 2000.0
2 23 32.514812
2 25 0.6359568
3 36 0.24136977
3 28 0.084134616
3 24 2000.0
3 12 0.058506172
3 1 0.27265626
3 9 0.33487466
4 31 0.092506826
4 9 0.07028804
4 17 0.09266304
4 19 0.08618468
5 30 1.1364836
5 8 0.75421244
5 18 1.8265811
5 13 156.05887
5 11 2.7066877
5 29 5.1031146
5 34 3.689091
5 20 2.5733721
5 37 2000.0
5 7 6.4750323
5 27 1.5885801
5 16 3.305644
5 23 3.4671633
6 31 0.3980842
6 17 0.9675286
7 34 4.9412775
7 30 0.7945704
7 20 1.3461536
7 8 48.982952
7 37 9.9168005
7 27 57.142857
7 16 1.202108
7 11 3.6075594
7 23 0.86862266
7 25 7.2597175
7 5 6.4750323
8 0 9.263175
8 30 0.7121959
8 18 0.9292449
8 13 2.6604855
8 11 1.828541
8 29 0.64201
8 5 0.75421244
8 34 6.9069133
8 2 1.1606228
8 37 1.004143
8 7 48.982952
8 27 1.4766757
8 16 1.3577586
8 23 1.0175977
9 36 1.4777995
9 26 2000.0
9 28 2.6319447
9 10 8.400974
9 22 0.14434573
9 31 0.029705066
9 3 0.33487466
9 17 0.1644078
9 4 0.07028804
9 19 0.068722375
10 26 0.035822947
10 28 0.82388556
10 24 0.1934445
10 31 0.03511813
10 12 11.019187
10 9 8.400974
10 17 0.0310551
11 0 25.522606
11 30 0.29483578
11 8 1.828541
11 18 6.609765
11 13 0.34718072
11 33 1.9777199
11 29 0.76111853
11 5 2.7066877
11 34 1.4677113
11 20 0.7989082
11 2 0.534049
11 37 1.2558312
11 7 3.6075594
11 27 0.35824254
11 16 0.87006176
11 25 0.9119432
12 26 0.85850424
12 28 1.2203542
12 32 0.23805286
12 10 11.019187
12 24 0.06676356
12 21 0.093836814
12 3 0.058506172
12 1 74.4037
13 0 1.1776474
13 30 0.89343303
13 8 2.6604855
13 18 174.99998
13 33 0.84636843
13 11 0.34718072
13 29 0.72238994
13 5 156.05887
13 34 4.8094077
13 20 0.502659
13 2 0.2888254
13 14 2.631234
13 37 0.9612463
13 27 0.39322907
13 16 24.989452
13 25 0.8134536
14 20 0.9528268
14 13 2.631234
14 27 4.671418
14 33 0.39809558
14 11 2000.0
14 25 1.1342012
15 32 0.099649616
15 21 0.7894694
16 30 2.0
16 0 2000.0
16 8 1.3577586
16 18 1.0304698
16 13 24.989452
16 11 0.87006176
16 29 22.02951
16 5 3.305644
16 20 3.9370787
16 37 31.983166
16 7 1.202108
16 27 2.0176592
16 23 4.1168714
16 25 1.594361
17 26 2.7209315
17 6 0.9675286
17 10 0.0310551
17 24 0.21683504
17 31 1.8280227
17 9 0.1644078
17 4 0.09266304
17 19 12.628724
18 30 0.69565016
18 2 6.6622543
18 8 0.9292449
18 37 0.9481863
18 13 174.99998
18 7 2000.0
18 27 3.346957
18 16 1.0304698
18 23 0.91285735
18 11 6.609765
18 29 1.0367045
18 5 1.8265811
19 31 0.06601557
19 9 0.068722375
19 17 12.628724
19 4 0.08618468
20 30 16.77848
20 13 0.502659
20 33 1.8147643
20 11 0.7989082
20 29 7.35949
20 5 2.5733721
20 34 0.8231779
20 2 1.1337595
20 14 0.9528268
20 37 2.6421516
20 7 1.3461536
20 27 0.77127415
20 16 3.9370787
20 25 0.71827406
21 32 800.0
21 24 0.5348012
21 35 0.03479656
21 12 0.093836814
21 15 0.7894694
22 6 1690.9092
22 31 1205.2842
22 9 0.14434573
22 19 1288.409
23 0 2000.0
23 30 1.297028
23 2 32.514812
23 8 1.0175977
23 37 1.1775074
23 18 0.91285735
23 7 0.86862266
23 16 4.1168714
23 11 2000.0
23 29 1.6155932
23 5 3.4671633
24 26 0.08178222
24 32 0.09050009
24 10 0.1934445
24 21 0.5348012
24 31 1.4222612
24 12 0.06676356
24 15 2000.0
24 17 0.21683504
25 30 6.615931
25 13 0.8134536
25 33 0.28935307
25 11 0.9119432
25 29 9.002749
25 34 1.2572929
25 20 0.71827406
25 2 0.6359568
25 14 1.1342012
25 37 198.33879
25 7 7.2597175
25 27 0.7517452
25 16 1.594361
26 36 1676.9982
26 32 18.54114
26 28 0.050830424
26 10 0.035822947
26 24 0.08178222
26 31 0.06215519
26 12 0.85850424
26 17 2.7209315
27 0 2000.0
27 30 0.20418976
27 8 1.4766757
27 18 3.346957
27 13 0.39322907
27 33 0.94814986
27 11 0.35824254
27 29 0.37716043
27 5 1.5885801
27 34 1.031255
27 20 0.77127415
27 2 0.42317003
27 14 4.671418
27 37 1.1648444
27 7 57.142857
27 16 2.0176592
27 23 2000.0
27 25 0.7517452
28 36 0.034907904
28 26 0.050830424
28 10 0.82388556
28 3 0.084134616
28 12 1.2203542
28 9 2.6319447
29 0 11.200505
29 30 5.3324437
29 8 0.64201
29 18 1.0367045
29 13 0.72238994
29 11 0.76111853
29 5 5.1031146
29 34 5.1328893
29 20 7.35949
29 2 0.6990227
29 37 0.6328314
29 27 0.37716043
29 16 22.02951
29 23 1.6155932
29 25 9.002749
30 0 2000.0
30 8 0.7121959
30 18 0.69565016
30 13 0.89343303
30 33 2.7097433
30 11 0.29483578
30 29 5.3324437
30 5 1.1364836
30 34 0.9387644
30 20 16.77848
30 2 9.404906
30 37 10.995439
30 7 0.7945704
30 27 0.20418976
30 16 2.0
30 23 1.297028
30 25 6.615931
31 26 0.06215519
31 6 0.3980842
31 10 0.03511813
31 24 1.4222612
31 9 0.029705066
31 17 1.8280227
31 4 0.092506826
31 19 0.06601557
32 26 18.54114
32 24 0.09050009
32 21 800.0
32 12 0.23805286
32 15 0.099649616
33 34 2000.0
33 30 2.7097433
33 20 1.8147643
33 2 1.4355787
33 14 0.39809558
33 7 2000.0
33 13 0.84636843
33 27 0.94814986
33 16 2270.3408
33 11 1.9777199
33 29 1419.8864
33 25 0.28935307
34 30 0.9387644
34 20 0.8231779
34 8 6.9069133
34 13 4.8094077
34 7 4.9412775
34 27 1.031255
34 16 1215.0568
34 11 1.4677113
34 25 1.2572929
34 29 5.1328893
34 5 3.689091
35 21 0.03479656
36 26 1676.9982
36 28 0.034907904
36 3 0.24136977
36 9 1.4777995
37 30 10.995439
37 0 0.7219279
37 8 1.004143
37 18 0.9481863
37 13 0.9612463
37 11 1.2558312
37 29 0.6328314
37 20 2.6421516
37 2 0.84270674
37 7 9.9168005
37 27 1.1648444
37 16 31.983166
37 23 1.1775074
37 25 198.33879
