0 8 6.6544676
0 2 1.2875406
0 37 0.7699456
0 13 0.8990055
0 11 19.519552
0 29 6.921452
1 3 0.26364586
1 12 1202.159
2 30 13.506865
2 0 1.2875406
2 8 1.071558
2 18 11.374436
2 13 0.43610132
2 33 1.9562461
2 11 0.7612341
2 29 0.9016356
2 20 2.9988008
2 37 0.9165815
2 27 0.60622585
2 16 2000.0
2 23 27.777777
2 25 1.5850668
3 36 0.17149928
3 28 0.12586673
3 24 141.17647
3 12 0.07504069
3 1 0.26364586
3 9 0.1791872
4 31 0.07819832
4 9 0.07060038
4 17 0.073128924
4 19 0.09594025
5 30 0.6715937
5 8 0.64167887
5 18 1.3609843
5 13 2000.0
5 11 1.7786586
5 29 4.8265877
5 34 1.8425393
5 20 4.5614314
5 37 2000.0
5 7 8.004692
5 27 2.2101874
5 16 2.2729478
5 23 4.173883
6 31 1.456676
6 17 0.97965986
7 34 10.37267
7 30 0.8642345
7 20 1.9036188
7 8 95.353935
7 37 22.035877
7 27 160.0
7 16 1.7779071
7 11 5.646288
7 23 1.4201599
7 25 7.852177
7 5 8.004692
8 0 6.6544676
8 30 0.5145253
8 18 1.3176948
8 13 2.522972
8 11 0.673161
8 29 1.1935459
8 5 0.64167887
8 34 3.184902
8 2 1.071558
8 37 1.0326341
8 7 95.353935
8 27 1.0883107
8 16 1.3500832
8 23 1.5376649
9 36 1.0138059
9 26 2000.0
9 28 3.0056107
9 10 18.371347
9 22 0.5745577
9 31 0.029989546
9 3 0.1791872
9 17 0.044773523
9 4 0.07060038
9 19 0.07244873
10 26 0.031048976
10 28 0.16888814
10 24 0.050637767
10 31 0.050402265
10 12 22.856558
10 9 18.371347
10 17 0.071711995
11 0 19.519552
11 30 0.40160608
11 8 0.673161
11 18 3.7518075
11 13 0.9083694
11 33 2.8422263
11 29 0.65776986
11 5 1.7786586
11 34 1.6665052
11 20 0.9528208
11 2 0.7612341
11 37 1.1246259
11 7 5.646288
11 27 0.42089924
11 16 1.9777275
11 25 0.99741566
12 26 0.73599035
12 28 5.3425927
12 32 0.5517491
12 10 22.856558
12 24 0.07421192
12 21 0.08348094
12 3 0.07504069
13 30 3.7301743
13 0 0.8990055
13 8 2.522972
13 18 2000.0
13 33 0.8456073
13 11 0.9083694
13 29 1.2653414
13 34 8.641331
13 20 1.1130245
13 2 0.43610132
13 14 2.6842444
13 37 1.5614839
13 27 0.2745543
13 16 60.976143
13 25 0.66240317
14 34 2000.0
14 20 2.0229971
14 13 2.6842444
14 33 0.46513522
14 27 1.3709152
14 11 2000.0
14 25 2.3774111
15 32 0.074453555
15 21 1.694394
16 0 2000.0
16 30 1.1595906
16 8 1.3500832
16 18 0.87396693
16 13 60.976143
16 11 1.9777275
16 29 29.697392
16 5 2.2729478
16 20 5.942142
16 37 116.73873
16 7 1.7779071
16 27 1.4634993
16 23 7.3778405
16 25 1.0544944
17 26 1.7415314
17 6 0.97965986
17 10 0.071711995
17 24 0.21457522
17 31 1.3338425
17 9 0.044773523
17 4 0.073128924
17 19 5.8816285
18 0 2000.0
18 30 0.70296645
18 2 11.374436
18 8 1.3176948
18 37 1.1092821
18 7 2000.0
18 27 5.0283537
18 16 0.87396693
18 23 1.1550473
18 11 3.7518075
18 29 1.000213
18 5 1.3609843
19 31 0.06736154
19 9 0.07244873
19 17 5.8816285
19 4 0.09594025
20 30 13.284955
20 13 1.1130245
20 33 1.1791393
20 11 0.9528208
20 29 1.9492836
20 5 4.5614314
20 34 0.91839176
20 2 2.9988008
20 14 2.0229971
20 37 2.3004618
20 7 1.9036188
20 27 0.8210939
20 16 5.942142
20 25 0.6450928
21 26 2000.0
21 24 0.8943553
21 35 0.06502369
21 12 0.08348094
21 15 1.694394
22 6 1612.4432
22 31 1207.8978
22 9 0.5745577
22 19 1394.0342
23 30 2.3510973
23 0 2000.0
23 2 27.777777
23 8 1.5376649
23 37 1.4958996
23 18 1.1550473
23 7 1.4201599
23 16 7.3778405
23 11 2000.0
23 29 8.40942
23 5 4.173883
24 26 0.05029959
24 32 0.09734207
24 10 0.050637767
24 21 0.8943553
24 31 7.5321507
24 12 0.07421192
24 3 141.17647
24 15 2000.0
24 17 0.21457522
25 0 2000.0
25 30 2.287091
25 13 0.66240317
25 33 0.6824337
25 11 0.99741566
25 29 4.2310605
25 34 1.5672542
25 20 0.6450928
25 2 1.5850668
25 14 2.3774111
25 37 53.137505
25 7 7.852177
25 27 0.8131126
25 16 1.0544944
26 32 25.964672
26 28 0.033259425
26 10 0.031048976
26 24 0.05029959
26 31 0.070857055
26 12 0.73599035
26 17 1.7415314
27 0 2000.0
27 30 0.22762571
27 8 1.0883107
27 18 5.0283537
27 13 0.2745543
27 33 0.8895202
27 11 0.42089924
27 29 0.6387043
27 5 2.2101874
27 34 0.78674245
27 20 0.8210939
27 2 0.60622585
27 14 1.3709152
27 37 0.5454759
27 7 160.0
27 16 1.4634993
27 25 0.8131126
28 36 0.03233093
28 26 0.033259425
28 10 0.16888814
28 3 0.12586673
28 12 5.3425927
28 9 3.0056107
29 0 6.921452
29 30 3.6475763
29 8 1.1935459
29 18 1.000213
29 13 1.2653414
29 11 0.65776986
29 5 4.8265877
29 34 3.4130552
29 20 1.9492836
29 2 0.9016356
29 37 0.9975426
29 27 0.6387043
29 16 29.697392
29 23 8.40942
29 25 4.2310605
30 0 2000.0
30 8 0.5145253
30 18 0.70296645
30 13 3.7301743
30 33 4.4920588
30 11 0.40160608
30 29 3.6475763
30 5 0.6715937
30 34 1.9393065
30 20 13.284955
30 2 13.506865
30 37 3.436343
30 7 0.8642345
30 27 0.22762571
30 16 1.1595906
30 23 2.3510973
30 25 2.287091
31 26 0.070857055
31 6 1.456676
31 10 0.050402265
31 24 7.5321507
31 9 0.029989546
31 17 1.3338425
31 4 0.07819832
31 19 0.06736154
32 26 25.964672
32 24 0.09734207
32 12 0.5517491
32 15 0.074453555
33 30 4.4920588
33 8 2000.0
33 13 0.8456073
33 11 2.8422263
33 29 1421.591
33 5 2000.0
33 34 2000.0
33 20 1.1791393
33 2 1.9562461
33 14 0.46513522
33 7 2000.0
33 27 0.8895202
33 16 2000.0
33 25 0.6824337
34 30 1.9393065
34 20 0.91839176
34 8 3.184902
34 13 8.641331
34 7 10.37267
34 27 0.78674245
34 16 5535.0566
34 11 1.6665052
34 25 1.5672542
34 29 3.4130552
34 5 1.8425393
35 21 0.06502369
36 26 2000.0
36 28 0.03233093
36 3 0.17149928
36 9 1.0138059
37 30 3.436343
37 0 0.7699456
37 8 1.0326341
37 18 1.1092821
37 13 1.5614839
37 11 1.1246259
37 29 0.9975426
37 20 2.3004618
37 2 0.9165815
37 7 22.035877
37 27 0.5454759
37 16 116.73873
37 23 1.4958996
37 25 53.137505
