0 2 1.0921094
0 37 1.8805653
0 13 1.2063098
0 29 23.687668
0 25 9.051188
1 3 1.2292614
1 12 16.616194
2 30 10.195929
2 0 1.0921094
2 8 1.1338853
2 18 1.9887155
2 13 0.54810685
2 33 1.4941937
2 11 1.4926401
2 29 1.3903778
2 20 2.7948763
2 37 0.8148247
2 27 1.0005399
2 16 2000.0
2 23 9.569821
2 25 0.39964145
3 36 0.63818187
3 28 8.471366
3 24 213.04346
3 12 0.078969486
3 1 1.2292614
3 9 0.49327287
4 31 0.0689056
4 9 0.08149359
4 17 0.29058748
4 19 0.10287668
5 30 0.6932471
5 8 0.5474621
5 18 0.8454612
5 13 25.556814
5 11 2.4911926
5 29 3.3459225
5 34 1.8798989
5 20 1.9493008
5 37 10.07395
5 7 12.537893
5 27 1.3000646
5 16 1.2258171
5 23 1.985788
5 25 2000.0
6 31 0.16118507
6 17 1.1763433
7 34 2289.716
7 30 0.7700194
7 20 57.142857
7 8 4.4061646
7 37 98.537315
7 16 1.1799476
7 11 1238.2954
7 23 1.3730052
7 25 3.4409993
7 5 12.537893
8 0 2000.0
8 30 0.39361963
8 18 1.3120341
8 13 0.8657635
8 11 0.93428224
8 29 0.28008208
8 5 0.5474621
8 34 43.76934
8 2 1.1338853
8 37 0.8728057
8 7 4.4061646
8 27 1.3063463
8 16 1.6249821
8 23 0.88744855
8 25 2000.0
9 36 0.72642964
9 26 2000.0
9 28 1.428425
9 10 9.204545
9 22 0.05277327
9 31 0.02982153
9 3 0.49327287
9 12 2000.0
9 4 0.08149359
9 17 0.035100475
9 19 0.06623959
10 26 0.034343436
10 28 0.6128409
10 24 0.19073802
10 31 32.391037
10 12 97.68787
10 9 9.204545
10 17 0.03632525
11 0 2000.0
11 30 0.9439954
11 8 0.93428224
11 18 7.336282
11 13 0.88016534
11 33 3.0198188
11 29 1.1563876
11 5 2.4911926
11 34 2.8206122
11 20 2.2316785
11 2 1.4926401
11 37 2.001696
11 7 1238.2954
11 27 0.711484
11 16 1.1561134
11 25 1.280245
12 26 0.6140488
12 32 5.0750656
12 28 128.87642
12 10 97.68787
12 24 0.07421942
12 21 0.14192572
12 3 0.078969486
12 1 16.616194
13 30 16.545753
13 0 1.2063098
13 8 0.8657635
13 18 205.12097
13 33 1.3385713
13 11 0.88016534
13 29 1.3599038
13 5 25.556814
13 34 300.0
13 20 1.0769312
13 2 0.54810685
13 14 5.343251
13 37 1.490319
13 7 2000.0
13 27 0.2741798
13 16 28.01077
13 25 0.31340128
14 30 9.326738
14 20 2.017731
14 13 5.343251
14 27 5.2891192
14 33 0.9547239
14 11 2000.0
14 25 2.5025637
15 32 0.07088301
15 21 2.3704476
15 12 2000.0
16 0 2000.0
16 30 1.1369482
16 8 1.6249821
16 18 1.1982323
16 13 28.01077
16 11 1.1561134
16 5 1.2258171
16 34 87.3447
16 20 25.142424
16 7 1.1799476
16 27 1.2662934
16 23 2.5103133
16 25 0.8550991
17 6 1.1763433
17 26 1.3686471
17 10 0.03632525
17 24 0.10892992
17 31 1.0171834
17 9 0.035100475
17 4 0.29058748
17 19 70.744316
18 0 2000.0
18 30 0.7121486
18 8 1.3120341
18 13 205.12097
18 11 7.336282
18 29 1.7802254
18 5 0.8454612
18 2 1.9887155
18 37 2.4138298
18 7 2000.0
18 27 13.123288
18 16 1.1982323
18 23 1.4127425
19 31 0.077992424
19 9 0.06623959
19 17 70.744316
19 4 0.10287668
20 30 2.2921152
20 13 1.0769312
20 33 2.5856981
20 11 2.2316785
20 29 11.440476
20 5 1.9493008
20 34 0.9072191
20 2 2.7948763
20 14 2.017731
20 37 3.589582
20 7 57.142857
20 27 2.3450441
20 16 25.142424
20 25 0.6289184
21 26 2000.0
21 32 2000.0
21 24 0.95327026
21 35 0.03705837
21 31 2000.0
21 12 0.14192572
21 15 2.3704476
22 31 300.0
22 9 0.05277327
22 19 2000.0
23 0 2000.0
23 30 2.0637457
23 8 0.88744855
23 2 9.569821
23 37 1.4931767
23 18 1.4127425
23 7 1.3730052
23 16 2.5103133
23 11 2000.0
23 29 1.0110776
23 5 1.985788
24 26 0.040963728
24 32 0.20391682
24 10 0.19073802
24 21 0.95327026
24 3 213.04346
24 12 0.07421942
24 15 2000.0
24 17 0.10892992
25 30 31.431147
25 0 9.051188
25 13 0.31340128
25 33 0.60564846
25 11 1.280245
25 29 2.5313184
25 34 1.6475756
25 20 0.6289184
25 2 0.39964145
25 14 2.5025637
25 37 100.0
25 7 3.4409993
25 27 0.23451704
25 16 0.8550991
26 32 26.208195
26 28 0.047978174
26 10 0.034343436
26 24 0.040963728
26 31 0.18274374
26 12 0.6140488
26 17 1.3686471
27 30 0.2661818
27 0 2000.0
27 8 1.3063463
27 18 13.123288
27 13 0.2741798
27 33 0.88383406
27 11 0.711484
27 29 1.0732646
27 5 1.3000646
27 34 1.1205658
27 20 2.3450441
27 2 1.0005399
27 14 5.2891192
27 37 1.4434375
27 7 3911.4204
27 16 1.2662934
27 25 0.23451704
28 36 0.03175628
28 26 0.047978174
28 10 0.6128409
28 3 8.471366
28 12 128.87642
28 9 1.428425
28 19 1384.8295
29 0 23.687668
29 30 0.8831471
29 8 0.28008208
29 18 1.7802254
29 13 1.3599038
29 33 10.673709
29 11 1.1563876
29 5 3.3459225
29 34 4.888317
29 20 11.440476
29 2 1.3903778
29 37 1.0400321
29 27 1.0732646
29 16 2000.0
29 23 1.0110776
29 25 2.5313184
30 8 0.39361963
30 18 0.7121486
30 13 16.545753
30 33 8.053623
30 11 0.9439954
30 29 0.8831471
30 5 0.6932471
30 34 0.8628753
30 20 2.2921152
30 2 10.195929
30 14 9.326738
30 37 13.849546
30 7 0.7700194
30 27 0.2661818
30 16 1.1369482
30 23 2.0637457
30 25 31.431147
31 26 0.18274374
31 6 0.16118507
31 10 32.391037
31 22 300.0
31 9 0.02982153
31 4 0.0689056
31 17 1.0171834
31 19 0.077992424
32 26 26.208195
32 24 0.20391682
32 21 2000.0
32 12 5.0750656
32 15 0.07088301
33 30 8.053623
33 13 1.3385713
33 11 3.0198188
33 29 10.673709
33 5 2000.0
33 34 2000.0
33 20 2.5856981
33 2 1.4941937
33 14 0.9547239
33 7 2000.0
33 27 0.88383406
33 16 3017.898
33 25 0.60564846
34 30 0.8628753
34 20 0.9072191
34 8 43.76934
34 37 2000.0
34 13 300.0
34 7 2289.716
34 27 1.1205658
34 16 87.3447
34 11 2.8206122
34 29 4.888317
34 25 1.6475756
34 5 1.8798989
35 21 0.03705837
35 31 1065.4546
36 28 0.03175628
36 3 0.63818187
36 9 0.72642964
37 30 13.849546
37 0 1.8805653
37 8 0.8728057
37 18 2.4138298
37 13 1.490319
37 11 2.001696
37 29 1.0400321
37 5 10.07395
37 20 3.589582
37 2 0.8148247
37 7 98.537315
37 27 1.4434375
37 16 2000.0
37 23 1.4931767
37 25 100.0
