0 2 1.0139658
0 37 1.7261505
0 13 1.2026402
0 25 10.382942
0 29 59.346825
1 3 0.58413154
1 12 1197.6136
2 30 13.542182
2 0 1.0139658
2 8 1.0559765
2 18 2.5473928
2 13 0.7781505
2 33 2.0998838
2 11 2.0341556
2 29 0.8433397
2 5 2000.0
2 20 4.2461843
2 37 0.7641163
2 27 1.4509267
2 16 2000.0
2 23 5.7985826
2 25 0.9179151
3 36 0.25890663
3 28 15.525
3 24 2000.0
3 12 0.052694567
3 1 0.58413154
3 9 0.37793258
4 31 0.11013294
4 9 0.06985842
4 17 0.11752059
4 19 0.06994668
5 30 0.6447932
5 8 0.6253511
5 18 0.56632936
5 13 28.58355
5 11 4.071097
5 29 33.046616
5 34 2.6661074
5 20 3.134381
5 37 200.0
5 7 13.571911
5 27 1.7743081
5 16 2.2771552
5 23 1.9377029
6 31 0.36896423
6 17 7.745034
7 30 0.8985071
7 20 29.519075
7 8 5.1900096
7 16 1.0915576
7 11 44.620514
7 23 1.3617774
7 25 3.5713692
7 5 13.571911
8 0 2000.0
8 30 0.36584446
8 18 1.2609347
8 13 2.268518
8 11 2.0506215
8 29 0.7827053
8 5 0.6253511
8 34 2000.0
8 2 1.0559765
8 37 1.2728889
8 7 5.1900096
8 27 2.244508
8 16 1.4465085
8 23 0.873046
8 25 2000.0
9 36 0.5687317
9 26 2000.0
9 28 2.1341019
9 10 2.47003
9 22 0.060198
9 31 0.032185268
9 3 0.37793258
9 4 0.06985842
9 17 0.038636368
9 19 0.060152214
10 26 0.029583914
10 28 0.7810769
10 24 0.090949856
10 31 0.9641387
10 12 1184.9432
10 9 2.47003
10 17 0.03423281
11 0 2000.0
11 30 0.8075405
11 8 2.0506215
11 18 5.7970247
11 13 1.467118
11 33 2.2109437
11 29 0.86654353
11 5 4.071097
11 34 2.64423
11 20 1.3583504
11 2 2.0341556
11 37 1.6414102
11 7 44.620514
11 27 0.75765365
11 16 0.9361959
11 25 0.87220776
12 26 0.17961028
12 32 4.6614833
12 24 0.07944943
12 21 0.1375392
12 3 0.052694567
13 30 67.58368
13 0 1.2026402
13 8 2.268518
13 18 400.0
13 33 0.9514534
13 11 1.467118
13 29 0.8386749
13 5 28.58355
13 34 527.0864
13 20 1.0310328
13 2 0.7781505
13 14 6.819039
13 37 1.4235432
13 7 2000.0
13 27 1.6063669
13 16 83.97078
13 25 0.22629046
14 30 9.465969
14 20 1.8627353
14 13 6.819039
14 27 2.393742
14 33 0.3829336
14 25 2.3771427
15 32 0.07212994
15 24 84.482765
15 21 14.47917
16 30 1.0491024
16 8 1.4465085
16 18 0.95872056
16 13 83.97078
16 11 0.9361959
16 29 67.6082
16 5 2.2771552
16 34 53.875904
16 20 51.070103
16 7 1.0915576
16 27 1.5610348
16 23 9.208997
16 25 0.7103925
17 6 7.745034
17 26 1.3788527
17 10 0.03423281
17 24 0.09526825
17 31 0.9838082
17 9 0.038636368
17 4 0.11752059
17 19 16.004509
18 0 2000.0
18 30 0.6496341
18 8 1.2609347
18 13 400.0
18 11 5.7970247
18 29 1.415749
18 5 0.56632936
18 2 2.5473928
18 37 2.5001194
18 7 2000.0
18 27 15.529368
18 16 0.95872056
18 23 1.2414173
19 28 76.73688
19 31 0.073423155
19 9 0.060152214
19 17 16.004509
19 4 0.06994668
20 30 1.5968889
20 13 1.0310328
20 33 1.2335104
20 11 1.3583504
20 29 27.522503
20 5 3.134381
20 34 0.79377186
20 2 4.2461843
20 14 1.8627353
20 37 2.652542
20 7 29.519075
20 27 2.3612068
20 16 51.070103
20 25 0.6057242
21 26 2000.0
21 32 100.0
21 24 0.59859663
21 35 0.042445503
21 31 2000.0
21 12 0.1375392
21 15 14.47917
22 31 14.619401
22 9 0.060198
22 19 2000.0
23 0 2000.0
23 30 1.6092665
23 8 0.873046
23 2 5.7985826
23 37 6.889635
23 18 1.2414173
23 7 1.3617774
23 16 9.208997
23 11 2000.0
23 29 1.621014
23 5 1.9377029
24 26 0.03719223
24 32 0.16707416
24 10 0.090949856
24 21 0.59859663
24 12 0.07944943
24 15 84.482765
24 17 0.09526825
25 30 33.49443
25 0 10.382942
25 13 0.22629046
25 33 0.6886631
25 11 0.87220776
25 29 3.22415
25 34 2.0396938
25 20 0.6057242
25 2 0.9179151
25 14 2.3771427
25 37 2000.0
25 7 3.5713692
25 27 0.28375232
25 16 0.7103925
26 32 17.399012
26 28 0.04214832
26 10 0.029583914
26 24 0.03719223
26 31 0.17243572
26 12 0.17961028
26 17 1.3788527
27 30 0.18569759
27 0 2000.0
27 8 2.244508
27 18 15.529368
27 13 1.6063669
27 33 1.0219234
27 11 0.75765365
27 29 1.4368392
27 5 1.7743081
27 34 1.4296703
27 20 2.3612068
27 2 1.4509267
27 14 2.393742
27 37 1.422202
27 7 2000.0
27 16 1.5610348
27 25 0.28375232
28 36 0.033373695
28 26 0.04214832
28 10 0.7810769
28 3 15.525
28 12 1387.9546
28 9 2.1341019
28 19 76.73688
29 0 59.346825
29 30 3.594683
29 8 0.7827053
29 18 1.415749
29 13 0.8386749
29 33 8.805835
29 11 0.86654353
29 5 33.046616
29 34 5.02898
29 20 27.522503
29 2 0.8433397
29 37 0.94498974
29 7 2000.0
29 27 1.4368392
29 16 67.6082
29 23 1.621014
29 25 3.22415
30 8 0.36584446
30 18 0.6496341
30 13 67.58368
30 33 8.092466
30 11 0.8075405
30 29 3.594683
30 5 0.6447932
30 34 0.96575403
30 20 1.5968889
30 2 13.542182
30 14 9.465969
30 37 41.105865
30 7 0.8985071
30 27 0.18569759
30 16 1.0491024
30 23 1.6092665
30 25 33.49443
31 26 0.17243572
31 6 0.36896423
31 10 0.9641387
31 22 14.619401
31 9 0.032185268
31 4 0.11013294
31 17 0.9838082
31 19 0.073423155
32 26 17.399012
32 10 2000.0
32 24 0.16707416
32 21 100.0
32 12 4.6614833
32 15 0.07212994
33 34 2000.0
33 30 8.092466
33 20 1.2335104
33 2 2.0998838
33 14 0.3829336
33 13 0.9514534
33 7 2000.0
33 27 1.0219234
33 16 1971.0227
33 11 2.2109437
33 29 8.805835
33 25 0.6886631
34 30 0.96575403
34 20 0.79377186
34 37 2000.0
34 7 2000.0
34 13 527.0864
34 27 1.4296703
34 16 53.875904
34 11 2.64423
34 29 5.02898
34 25 2.0396938
34 5 2.6661074
35 21 0.042445503
35 31 1086.4204
36 28 0.033373695
36 3 0.25890663
36 9 0.5687317
37 30 41.105865
37 0 1.7261505
37 8 1.2728889
37 18 2.5001194
37 13 1.4235432
37 11 1.6414102
37 29 0.94498974
37 5 200.0
37 20 2.652542
37 2 0.7641163
37 7 3177.5566
37 27 1.422202
37 16 2000.0
37 23 6.889635
37 25 2000.0
