0 2 1.0056931
0 37 2.0946088
0 13 1.1585171
0 25 25.390856
0 29 14.446021
1 3 0.48383436
1 12 17.578836
2 30 16.660099
2 0 1.0056931
2 8 1.2746903
2 18 2.3649893
2 13 0.6386885
2 33 2.7276437
2 11 1.5745599
2 29 1.0371244
2 20 4.7775083
2 37 0.815095
2 27 1.015141
2 16 2000.0
2 23 8.767485
2 25 0.4872159
3 36 0.67543375
3 28 2.0887878
3 24 337.4182
3 12 0.05678813
3 1 0.48383436
3 9 0.80661917
4 31 0.067557745
4 9 0.08947031
4 17 0.15677607
4 19 0.07401943
5 30 0.6455477
5 8 0.9436043
5 18 0.7480175
5 13 29.149433
5 11 1.3070436
5 29 3.0271225
5 34 2.4350681
5 20 2.0910249
5 37 10.386328
5 7 7.3946857
5 27 0.8838897
5 16 1.602749
5 23 2.574615
5 25 2000.0
6 31 0.25270444
6 17 3.8834069
7 34 200.0
7 30 0.93827605
7 20 108.970535
7 8 7.4998975
7 37 122.203995
7 27 820.45166
7 16 1.26326
7 11 151.39494
7 23 1.525729
7 25 2.6268876
7 5 7.3946857
8 0 2000.0
8 30 0.3354711
8 18 1.1232498
8 13 0.89625823
8 11 0.8858054
8 29 0.3695941
8 5 0.9436043
8 34 56.14238
8 2 1.2746903
8 37 1.0310608
8 7 7.4998975
8 27 0.5944693
8 16 1.4601934
8 23 0.8008177
8 25 2000.0
9 36 0.4827241
9 26 2000.0
9 28 0.9467808
9 10 46.753242
9 22 0.054363128
9 31 0.036904328
9 3 0.80661917
9 4 0.08947031
9 17 0.035125606
9 19 0.07299174
10 26 0.031128028
10 28 0.3188088
10 24 0.08408571
10 31 4.4373465
10 12 1741.1931
10 9 46.753242
10 17 0.028276885
11 0 2000.0
11 30 0.7225225
11 8 0.8858054
11 18 5.081919
11 13 0.78446245
11 33 1.8819214
11 29 0.76595724
11 5 1.3070436
11 34 5.0456276
11 20 1.0367613
11 2 1.5745599
11 37 1.791714
11 7 151.39494
11 27 0.8889938
11 16 1.3088789
11 25 1.0383395
12 26 0.9654156
12 32 4.3003473
12 24 0.06662546
12 21 0.21804005
12 3 0.05678813
12 1 17.578836
13 30 133.42775
13 0 1.1585171
13 8 0.89625823
13 18 163.90152
13 33 0.93297434
13 11 0.78446245
13 29 1.2515234
13 5 29.149433
13 34 85.71429
13 20 1.744804
13 2 0.6386885
13 14 9.383024
13 37 1.3154454
13 7 2000.0
13 27 3.2523367
13 16 51.42121
13 25 0.36489442
14 34 2000.0
14 30 7.631886
14 20 5.2016945
14 13 9.383024
14 27 7.4853787
14 33 0.42317715
14 11 2000.0
14 25 1.7934726
15 32 0.07781564
15 21 13.664265
16 0 2000.0
16 30 1.1212645
16 8 1.4601934
16 18 1.0484008
16 13 51.42121
16 11 1.3088789
16 29 714.28577
16 5 1.602749
16 34 76.36364
16 20 81.19839
16 7 1.26326
16 27 1.5233274
16 23 2.915117
16 25 1.1535515
17 6 3.8834069
17 26 2.04814
17 10 0.028276885
17 24 0.25549906
17 31 1.0023961
17 9 0.035125606
17 4 0.15677607
17 19 44.06005
18 0 2000.0
18 30 0.68931365
18 8 1.1232498
18 13 163.90152
18 11 5.081919
18 29 0.9745508
18 5 0.7480175
18 2 2.3649893
18 37 2.042932
18 7 2000.0
18 27 31.878319
18 16 1.0484008
18 23 1.1311717
19 31 0.06747354
19 9 0.07299174
19 17 44.06005
19 4 0.07401943
20 30 3.095438
20 13 1.744804
20 33 0.9781767
20 11 1.0367613
20 29 11.204855
20 5 2.0910249
20 34 1.4017057
20 2 4.7775083
20 14 5.2016945
20 37 2.9827607
20 7 108.970535
20 27 2.1886504
20 16 81.19839
20 25 0.67235094
21 26 2000.0
21 32 2000.0
21 24 0.6494507
21 35 0.03376894
21 12 0.21804005
21 15 13.664265
22 31 313.04352
22 9 0.054363128
22 19 2000.0
23 0 2000.0
23 30 1.4628215
23 8 0.8008177
23 2 8.767485
23 37 1.5926411
23 18 1.1311717
23 7 1.525729
23 16 2.915117
23 11 2000.0
23 29 1.4993104
23 5 2.574615
24 26 0.049871568
24 32 0.41636404
24 10 0.08408571
24 21 0.6494507
24 12 0.06662546
24 3 337.4182
24 15 2000.0
24 17 0.25549906
25 0 25.390856
25 30 25.405506
25 13 0.36489442
25 33 0.86145145
25 11 1.0383395
25 29 2.0477781
25 34 1.5769942
25 20 0.67235094
25 2 0.4872159
25 14 1.7934726
25 37 17.02006
25 7 2.6268876
25 27 0.41975066
25 16 1.1535515
26 32 45.042885
26 28 0.06804435
26 10 0.031128028
26 24 0.049871568
26 31 0.1769666
26 12 0.9654156
26 17 2.04814
27 30 1.6945126
27 0 2000.0
27 8 0.5944693
27 18 31.878319
27 13 3.2523367
27 33 0.7693719
27 11 0.8889938
27 29 0.72018296
27 5 0.8838897
27 34 0.9957563
27 20 2.1886504
27 2 1.015141
27 14 7.4853787
27 37 1.080735
27 7 820.45166
27 16 1.5233274
27 25 0.41975066
28 36 0.03316576
28 26 0.06804435
28 10 0.3188088
28 3 2.0887878
28 12 1209.4886
28 9 0.9467808
28 19 1358.8069
29 0 14.446021
29 30 1.0860021
29 8 0.3695941
29 18 0.9745508
29 13 1.2515234
29 33 11.894125
29 11 0.76595724
29 5 3.0271225
29 34 1.5729256
29 20 11.204855
29 2 1.0371244
29 37 0.8535252
29 7 2000.0
29 27 0.72018296
29 16 714.28577
29 23 1.4993104
29 25 2.0477781
30 8 0.3354711
30 18 0.68931365
30 13 133.42775
30 33 6.5586863
30 11 0.7225225
30 29 1.0860021
30 5 0.6455477
30 34 0.94915247
30 20 3.095438
30 2 16.660099
30 14 7.631886
30 37 49.335632
30 7 0.93827605
30 27 1.6945126
30 16 1.1212645
30 23 1.4628215
30 25 25.405506
31 26 0.1769666
31 6 0.25270444
31 10 4.4373465
31 35 132.27501
31 22 313.04352
31 9 0.036904328
31 4 0.067557745
31 17 1.0023961
31 19 0.06747354
32 26 45.042885
32 24 0.41636404
32 21 2000.0
32 12 4.3003473
32 15 0.07781564
33 30 6.5586863
33 8 2000.0
33 13 0.93297434
33 11 1.8819214
33 29 11.894125
33 5 2000.0
33 34 2000.0
33 20 0.9781767
33 2 2.7276437
33 14 0.42317715
33 7 2000.0
33 27 0.7693719
33 16 3017.898
33 25 0.86145145
34 30 0.94915247
34 20 1.4017057
34 8 56.14238
34 37 2000.0
34 13 85.71429
34 7 200.0
34 27 0.9957563
34 16 76.36364
34 11 5.0456276
34 29 1.5729256
34 25 1.5769942
34 5 2.4350681
35 21 0.03376894
35 31 132.27501
36 28 0.03316576
36 3 0.67543375
36 9 0.4827241
37 30 49.335632
37 0 2.0946088
37 8 1.0310608
37 18 2.042932
37 13 1.3154454
37 11 1.791714
37 29 0.8535252
37 5 10.386328
37 20 2.9827607
37 2 0.815095
37 7 122.203995
37 27 1.080735
37 16 2000.0
37 23 1.5926411
37 25 17.02006
