0 2 1.2564307
0 37 1.2853588
0 13 0.8876388
0 29 13.593416
0 25 20.81542
1 3 1.4699059
1 12 14.034525
2 30 19.00344
2 0 1.2564307
2 8 1.0528642
2 18 4.5475855
2 13 0.5694739
2 33 2.2957568
2 11 2.060379
2 29 1.1792964
2 20 5.6156983
2 37 0.8045298
2 27 1.1346802
2 16 2000.0
2 23 5.5408382
2 25 0.6694061
3 36 0.6029669
3 28 7.2387547
3 24 2000.0
3 12 0.06650733
3 1 1.4699059
3 9 0.3863989
4 31 0.06754182
4 9 0.08145944
4 17 0.15147942
4 19 0.07630343
5 30 0.70111775
5 8 0.496258
5 18 0.73442936
5 13 54.901505
5 11 1.2490348
5 29 2.3263342
5 34 2.0142329
5 20 1.9867132
5 37 10.055439
5 7 5.013679
5 27 1.2204945
5 16 1.6643704
5 23 2.4784904
5 25 2000.0
6 31 0.17469113
6 17 1.9116238
7 34 491.0263
7 30 0.8527711
7 20 34.2037
7 8 6.376053
7 37 162.90129
7 27 288.00003
7 16 1.5066491
7 23 1.4235282
7 11 151.9764
7 25 3.357896
7 5 5.013679
8 0 2000.0
8 30 0.24823025
8 18 1.1871876
8 13 1.1666799
8 11 0.92176354
8 29 0.7690341
8 5 0.496258
8 34 55.624138
8 2 1.0528642
8 37 1.040527
8 7 6.376053
8 27 0.50798774
8 16 1.6979775
8 23 0.8577414
8 25 2000.0
9 36 0.70178777
9 26 2000.0
9 28 1.2480155
9 10 6.82463
9 22 0.04241041
9 31 0.029250398
9 3 0.3863989
9 4 0.08145944
9 17 0.037866566
9 19 0.06745169
10 26 0.029619975
10 28 0.24261804
10 24 0.07851405
10 31 11.867934
10 12 1481.7614
10 9 6.82463
10 17 0.029274007
11 0 2000.0
11 30 1.6575559
11 8 0.92176354
11 18 10.922252
11 13 2.98776
11 33 2.0484917
11 29 0.83345306
11 5 1.2490348
11 34 3.5390854
11 20 1.4806345
11 2 2.060379
11 37 1.5653192
11 7 151.9764
11 27 0.9115035
11 16 0.9099708
11 25 0.7262433
12 26 2.1735551
12 32 11.161838
12 24 0.06958694
12 21 0.13383193
12 3 0.06650733
12 1 14.034525
13 30 111.74334
13 0 0.8876388
13 8 1.1666799
13 33 1.2307712
13 11 2.98776
13 29 0.7918523
13 5 54.901505
13 34 2000.0
13 20 0.91797477
13 2 0.5694739
13 14 13.28029
13 37 1.3351346
13 7 2000.0
13 27 0.8588594
13 16 88.41112
13 25 0.31273884
14 30 13.451719
14 20 1.8205937
14 13 13.28029
14 27 2.5904484
14 33 0.3854006
14 25 2.3518167
15 32 0.087035984
15 21 5.0142775
16 0 2000.0
16 30 1.1029874
16 8 1.6979775
16 18 1.2118737
16 13 88.41112
16 11 0.9099708
16 5 1.6643704
16 34 36.262863
16 20 44.375755
16 7 1.5066491
16 27 1.3635786
16 23 2.8994727
16 25 0.82064945
17 6 1.9116238
17 26 1.304773
17 10 0.029274007
17 24 0.13045469
17 31 0.95183986
17 9 0.037866566
17 4 0.15147942
17 19 1211.4204
18 0 2000.0
18 30 0.6348295
18 8 1.1871876
18 13 1518.5796
18 11 10.922252
18 29 1.0303651
18 5 0.73442936
18 2 4.5475855
18 37 2.0838997
18 7 2000.0
18 27 35.62964
18 16 1.2118737
18 23 1.3965639
19 31 0.07416812
19 9 0.06745169
19 4 0.07630343
20 30 1.5598851
20 8 2000.0
20 13 0.91797477
20 33 1.1034305
20 11 1.4806345
20 29 9.516701
20 5 1.9867132
20 34 1.0101798
20 2 5.6156983
20 14 1.8205937
20 37 3.0397003
20 7 34.2037
20 27 1.8308369
20 16 44.375755
20 25 0.41178834
21 32 2000.0
21 24 1.1821766
21 35 0.031128027
21 31 2000.0
21 12 0.13383193
21 15 5.0142775
22 31 56.250004
22 9 0.04241041
22 19 2000.0
23 0 2000.0
23 30 1.5714359
23 8 0.8577414
23 2 5.5408382
23 37 1.4119835
23 18 1.3965639
23 7 1.4235282
23 16 2.8994727
23 11 2000.0
23 29 1.4606072
23 5 2.4784904
24 26 0.048397917
24 32 0.2471786
24 10 0.07851405
24 21 1.1821766
24 12 0.06958694
24 15 2000.0
24 17 0.13045469
25 0 20.81542
25 30 15.702806
25 13 0.31273884
25 33 0.6939184
25 11 0.7262433
25 29 2.0274465
25 34 2.6666162
25 20 0.41178834
25 2 0.6694061
25 14 2.3518167
25 37 71.85082
25 7 3.357896
25 27 0.39952865
25 16 0.82064945
26 32 14.573133
26 28 0.06859421
26 10 0.029619975
26 24 0.048397917
26 31 0.09395069
26 12 2.1735551
26 17 1.304773
27 30 0.32072017
27 0 2000.0
27 8 0.50798774
27 18 35.62964
27 13 0.8588594
27 33 0.97575474
27 11 0.9115035
27 29 0.6572764
27 5 1.2204945
27 34 2.1414523
27 20 1.8308369
27 2 1.1346802
27 14 2.5904484
27 37 1.7394913
27 7 288.00003
27 16 1.3635786
27 25 0.39952865
28 36 0.029665044
28 26 0.06859421
28 10 0.24261804
28 3 7.2387547
28 12 1205.3977
28 9 1.2480155
28 19 1370.909
29 0 13.593416
29 30 0.9355284
29 8 0.7690341
29 18 1.0303651
29 13 0.7918523
29 33 24.105345
29 11 0.83345306
29 5 2.3263342
29 34 2.9874456
29 20 9.516701
29 2 1.1792964
29 37 1.0214095
29 7 2000.0
29 27 0.6572764
29 16 2000.0
29 23 1.4606072
29 25 2.0274465
30 8 0.24823025
30 18 0.6348295
30 13 111.74334
30 33 18.405195
30 11 1.6575559
30 29 0.9355284
30 5 0.70111775
30 34 0.81323487
30 20 1.5598851
30 2 19.00344
30 14 13.451719
30 37 35.134705
30 7 0.8527711
30 27 0.32072017
30 16 1.1029874
30 23 1.5714359
30 25 15.702806
31 26 0.09395069
31 6 0.17469113
31 10 11.867934
31 22 56.250004
31 9 0.029250398
31 4 0.06754182
31 17 0.95183986
31 19 0.07416812
32 26 14.573133
32 24 0.2471786
32 21 2000.0
32 12 11.161838
32 15 0.087035984
33 30 18.405195
33 8 2000.0
33 13 1.2307712
33 11 2.0484917
33 29 24.105345
33 5 2000.0
33 34 2000.0
33 20 1.1034305
33 2 2.2957568
33 14 0.3854006
33 7 2000.0
33 27 0.97575474
33 16 3017.898
33 25 0.6939184
34 30 0.81323487
34 20 1.0101798
34 8 55.624138
34 37 2000.0
34 7 491.0263
34 27 2.1414523
34 16 36.262863
34 11 3.5390854
34 29 2.9874456
34 25 2.6666162
34 5 2.0142329
35 21 0.031128027
35 31 1211.3068
36 28 0.029665044
36 3 0.6029669
36 9 0.70178777
37 30 35.134705
37 0 1.2853588
37 8 1.040527
37 18 2.0838997
37 13 1.3351346
37 11 1.5653192
37 29 1.0214095
37 5 10.055439
37 20 3.0397003
37 2 0.8045298
37 7 162.90129
37 27 1.7394913
37 16 2000.0
37 23 1.4119835
37 25 71.85082
