0 2 1.0398098
0 37 3.4311395
0 13 0.82349914
0 29 70.300415
0 25 20.492634
1 3 0.43441042
1 12 18.435608
2 30 22.899902
2 0 1.0398098
2 8 1.479347
2 18 3.4546185
2 13 0.67020845
2 33 2.2668035
2 11 2.651352
2 29 1.4682804
2 20 7.1684575
2 37 0.98899746
2 27 2.683051
2 16 2000.0
2 23 7.1040487
2 25 1.0640812
3 36 0.40363637
3 28 4.8981185
3 24 2000.0
3 12 0.058725987
3 1 0.43441042
3 9 0.26846325
4 31 0.0681304
4 9 0.08556587
4 17 0.29222265
4 19 0.06719029
5 30 0.641827
5 8 0.84051806
5 18 1.0008097
5 13 106.94925
5 11 3.211745
5 29 16.276688
5 34 3.882405
5 20 2.0978472
5 37 8.140017
5 7 17.736864
5 27 1.627297
5 16 1.6896391
5 23 5.9503255
5 25 2000.0
6 31 0.113649
6 17 1.2887901
7 34 266.6667
7 30 0.92785907
7 20 67.51679
7 8 7.6152062
7 37 2000.0
7 16 1.0688609
7 23 1.8681363
7 11 268.14038
7 25 2.9274733
7 5 17.736864
8 0 2000.0
8 30 0.4806827
8 18 1.2766583
8 13 1.9708232
8 11 2.3439043
8 29 0.70103717
8 5 0.84051806
8 34 23.330208
8 2 1.479347
8 37 1.1774662
8 7 7.6152062
8 27 1.2697191
8 16 3.520198
8 23 1.1558642
8 25 2000.0
9 36 1.4880114
9 26 2000.0
9 28 2.6974533
9 10 20.973928
9 22 0.08410954
9 31 0.02930961
9 12 2000.0
9 3 0.26846325
9 4 0.08556587
9 17 0.040135194
9 19 0.06787587
10 26 0.031887956
10 28 0.9465454
10 24 0.087399274
10 31 25.0271
10 12 100.0
10 9 20.973928
10 17 0.037906628
11 0 2000.0
11 30 1.1336691
11 8 2.3439043
11 18 30.430397
11 13 1.8137875
11 33 1.7838312
11 29 2.7638626
11 5 3.211745
11 34 4.2644844
11 20 2.218081
11 2 2.651352
11 37 4.283912
11 7 268.14038
11 27 1.1725782
11 16 1.34683
11 25 0.9032323
12 26 2.661506
12 32 10.098177
12 10 100.0
12 24 0.074213885
12 21 0.16153371
12 3 0.058725987
12 1 18.435608
13 30 93.01349
13 0 0.82349914
13 8 1.9708232
13 18 1643.4092
13 33 0.7480579
13 11 1.8137875
13 29 1.298323
13 5 106.94925
13 34 2000.0
13 20 1.6777182
13 2 0.67020845
13 14 3.4420836
13 37 4.3388677
13 7 2000.0
13 27 0.5093699
13 16 38.38042
13 25 0.2372296
14 30 16.004713
14 20 2.4767601
14 13 3.4420836
14 27 3.9726331
14 33 0.39444348
14 25 1.7056818
15 32 0.08029237
15 21 12.961039
16 0 2000.0
16 30 1.1021236
16 8 3.520198
16 18 1.1752045
16 13 38.38042
16 11 1.34683
16 5 1.6896391
16 34 70.54796
16 20 34.318604
16 7 1.0688609
16 27 1.6381451
16 23 4.267743
16 25 1.03367
17 6 1.2887901
17 26 1.2814591
17 10 0.037906628
17 24 0.15743311
17 31 0.96692175
17 9 0.040135194
17 4 0.29222265
17 19 1305.2842
18 0 2000.0
18 30 1.0365394
18 8 1.2766583
18 13 1643.4092
18 11 30.430397
18 29 1.4898858
18 5 1.0008097
18 2 3.4546185
18 37 3.3416958
18 7 2000.0
18 27 44.650887
18 16 1.1752045
18 23 1.5559144
19 31 0.076569416
19 9 0.06787587
19 4 0.06719029
20 30 2.4697816
20 13 1.6777182
20 33 0.93080837
20 11 2.218081
20 29 9.351909
20 5 2.0978472
20 34 1.2620646
20 2 7.1684575
20 14 2.4767601
20 37 2.6427774
20 7 67.51679
20 27 1.4175141
20 16 34.318604
20 25 0.4712578
21 26 2000.0
21 32 800.0
21 10 2000.0
21 24 0.8985931
21 35 0.037177183
21 31 2000.0
21 12 0.16153371
21 15 12.961039
22 31 109.9724
22 9 0.08410954
22 19 2000.0
23 0 2000.0
23 30 2.8557456
23 8 1.1558642
23 2 7.1040487
23 37 2.026966
23 18 1.5559144
23 7 1.8681363
23 16 4.267743
23 11 2000.0
23 29 1.5233364
23 5 5.9503255
24 26 0.0411442
24 32 0.23508108
24 10 0.087399274
24 21 0.8985931
24 12 0.074213885
24 15 2000.0
24 17 0.15743311
25 30 11.543338
25 0 20.492634
25 13 0.2372296
25 33 0.51724106
25 11 0.9032323
25 29 2.8089647
25 34 0.89336896
25 20 0.4712578
25 2 1.0640812
25 14 1.7056818
25 37 146.2914
25 7 2.9274733
25 27 0.6237333
25 16 1.03367
26 32 152.69319
26 28 0.051480427
26 10 0.031887956
26 24 0.0411442
26 31 0.13064058
26 12 2.661506
26 17 1.2814591
27 30 0.3089573
27 0 2000.0
27 8 1.2697191
27 18 44.650887
27 13 0.5093699
27 33 0.7546639
27 11 1.1725782
27 29 0.7745677
27 5 1.627297
27 34 1.8429338
27 20 1.4175141
27 2 2.683051
27 14 3.9726331
27 37 1.6487081
27 7 2000.0
27 16 1.6381451
27 25 0.6237333
28 36 0.041864324
28 26 0.051480427
28 10 0.9465454
28 3 4.8981185
28 12 1209.2046
28 9 2.6974533
28 19 1378.6932
29 0 70.300415
29 30 2.9104125
29 8 0.70103717
29 18 1.4898858
29 13 1.298323
29 33 10.418449
29 11 2.7638626
29 5 16.276688
29 34 10.828148
29 20 9.351909
29 2 1.4682804
29 37 1.072245
29 7 2000.0
29 27 0.7745677
29 16 1378.9204
29 23 1.5233364
29 25 2.8089647
30 8 0.4806827
30 18 1.0365394
30 13 93.01349
30 33 10.168636
30 11 1.1336691
30 29 2.9104125
30 5 0.641827
30 34 1.4106027
30 20 2.4697816
30 2 22.899902
30 14 16.004713
30 37 22.890226
30 7 0.92785907
30 27 0.3089573
30 16 1.1021236
30 23 2.8557456
30 25 11.543338
31 26 0.13064058
31 6 0.113649
31 10 25.0271
31 35 115.08381
31 9 0.02930961
31 4 0.0681304
31 17 0.96692175
31 19 0.076569416
32 26 152.69319
32 24 0.23508108
32 21 800.0
32 12 10.098177
32 15 0.08029237
33 30 10.168636
33 8 2000.0
33 13 0.7480579
33 11 1.7838312
33 29 10.418449
33 5 2000.0
33 34 2000.0
33 20 0.93080837
33 2 2.2668035
33 14 0.39444348
33 7 2000.0
33 27 0.7546639
33 16 3017.898
33 25 0.51724106
34 30 1.4106027
34 20 1.2620646
34 8 23.330208
34 37 2000.0
34 13 2000.0
34 7 266.6667
34 27 1.8429338
34 16 70.54796
34 11 4.2644844
34 29 10.828148
34 25 0.89336896
34 5 3.882405
35 21 0.037177183
35 31 115.08381
36 28 0.041864324
36 3 0.40363637
36 9 1.4880114
37 30 22.890226
37 0 3.4311395
37 8 1.1774662
37 18 3.3416958
37 13 4.3388677
37 11 4.283912
37 29 1.072245
37 5 8.140017
37 20 2.6427774
37 2 0.98899746
37 7 2000.0
37 27 1.6487081
37 16 2000.0
37 23 2.026966
37 25 146.2914
