0 2 0.94599813
0 37 1.2206544
0 13 1.1950638
0 29 30.33712
0 25 13.613864
1 3 0.6998935
1 12 71.05228
2 30 28.649826
2 0 0.94599813
2 8 1.1875118
2 18 2.1135015
2 13 0.63796645
2 33 2.3272946
2 11 1.8193772
2 29 1.2497792
2 20 2.9420264
2 37 0.9266726
2 27 0.9881683
2 16 2000.0
2 23 8.678068
2 25 0.53086007
3 36 0.42437685
3 28 11.354084
3 24 266.6667
3 12 0.07045455
3 1 0.6998935
3 9 0.55097985
4 31 0.06759547
4 9 0.10637425
4 17 0.15586369
4 19 0.06960189
5 30 0.69557184
5 8 0.39857957
5 18 0.9114202
5 13 46.285614
5 11 3.5910914
5 29 2.9450336
5 34 1.7711176
5 20 1.993847
5 37 7.498971
5 7 6.47841
5 27 1.735229
5 16 1.6587213
5 23 2.8284254
5 25 2000.0
6 31 0.13590246
6 17 1.7524801
7 30 0.76576424
7 20 61.131035
7 8 5.346617
7 37 57.142857
7 16 1.1180832
7 23 1.3145826
7 11 93.882225
7 25 2.6330645
7 5 6.47841
8 0 2000.0
8 30 0.67979616
8 18 1.0882266
8 13 2.5359504
8 11 1.1755604
8 29 0.8586065
8 5 0.39857957
8 34 22.06
8 2 1.1875118
8 37 1.1184067
8 7 5.346617
8 27 2.1007376
8 16 1.7053906
8 23 1.0002218
8 25 2000.0
9 36 0.5774318
9 28 0.9493258
9 10 17.50453
9 22 0.11805408
9 31 0.031846125
9 3 0.55097985
9 4 0.10637425
9 17 0.035694648
9 19 0.07502795
10 26 0.032689158
10 28 0.40669516
10 24 0.09813098
10 31 29.512016
10 12 1355.284
10 9 17.50453
10 17 0.0311225
11 0 2000.0
11 30 0.57034636
11 8 1.1755604
11 18 3.9162061
11 13 0.743671
11 33 3.3180447
11 29 1.1841186
11 5 3.5910914
11 34 3.0862026
11 20 1.7691374
11 2 1.8193772
11 37 2.1649172
11 7 93.882225
11 27 0.66940403
11 16 0.98332113
11 25 0.8762161
12 26 0.97276336
12 32 4.5198865
12 24 0.06758615
12 21 0.107999265
12 3 0.07045455
12 1 71.05228
13 30 27.230616
13 0 1.1950638
13 8 2.5359504
13 18 201.91681
13 33 0.97698265
13 11 0.743671
13 29 0.81499404
13 5 46.285614
13 34 3018.9204
13 20 2.216389
13 2 0.63796645
13 14 6.3747416
13 37 1.2024858
13 7 2000.0
13 27 0.2164451
13 16 57.075966
13 25 0.3331178
14 30 9.176063
14 20 3.1382332
14 13 6.3747416
14 27 3.0631683
14 33 0.34413025
14 25 3.2371569
15 32 0.07013328
15 24 2000.0
15 21 8.879638
16 30 1.0601969
16 0 2000.0
16 8 1.7053906
16 18 1.2405359
16 13 57.075966
16 11 0.98332113
16 29 2000.0
16 5 1.6587213
16 34 67.77418
16 20 9.60789
16 7 1.1180832
16 27 1.4253972
16 23 2.8690877
16 25 0.6829177
17 6 1.7524801
17 26 1.6551507
17 10 0.0311225
17 24 0.120856315
17 31 0.9872396
17 9 0.035694648
17 4 0.15586369
17 19 159.63802
18 0 2000.0
18 30 0.67912143
18 8 1.0882266
18 13 201.91681
18 11 3.9162061
18 29 1.1316488
18 5 0.9114202
18 2 2.1135015
18 37 2.8528013
18 7 2000.0
18 27 9.947958
18 16 1.2405359
18 23 1.2234685
19 31 0.10098373
19 9 0.07502795
19 4 0.06960189
19 17 159.63802
20 30 1.4746778
20 13 2.216389
20 33 1.2976177
20 11 1.7691374
20 29 22.379696
20 5 1.993847
20 34 1.5181452
20 2 2.9420264
20 14 3.1382332
20 37 3.3555646
20 7 61.131035
20 27 1.10393
20 16 9.60789
20 25 0.91327757
21 32 2000.0
21 24 1.2459368
21 35 0.059514794
21 31 2000.0
21 12 0.107999265
21 15 8.879638
22 31 68.571434
22 9 0.11805408
22 19 2000.0
23 0 2000.0
23 30 1.1969655
23 8 1.0002218
23 2 8.678068
23 37 1.5113189
23 18 1.2234685
23 7 1.3145826
23 16 2.8690877
23 11 2000.0
23 29 0.96847206
23 5 2.8284254
24 26 0.041745733
24 32 0.60524887
24 10 0.09813098
24 21 1.2459368
24 12 0.06758615
24 3 266.6667
24 15 2000.0
24 17 0.120856315
25 30 6.219368
25 0 13.613864
25 13 0.3331178
25 33 0.8971372
25 11 0.8762161
25 29 3.3085027
25 34 2.7050889
25 20 0.91327757
25 2 0.53086007
25 14 3.2371569
25 37 30.147339
25 7 2.6330645
25 27 0.21313003
25 16 0.6829177
26 32 69.05
26 28 0.049985804
26 10 0.032689158
26 24 0.041745733
26 31 0.22071214
26 12 0.97276336
26 17 1.6551507
27 30 0.17026918
27 0 2000.0
27 8 2.1007376
27 18 9.947958
27 13 0.2164451
27 33 0.78965706
27 11 0.66940403
27 29 0.6053346
27 5 1.735229
27 34 0.99545676
27 20 1.10393
27 2 0.9881683
27 14 3.0631683
27 37 0.8700334
27 7 2000.0
27 16 1.4253972
27 25 0.21313003
28 36 0.029712843
28 26 0.049985804
28 10 0.40669516
28 3 11.354084
28 12 1470.5682
28 9 0.9493258
28 19 1254.2045
29 0 30.33712
29 30 0.906848
29 8 0.8586065
29 18 1.1316488
29 13 0.81499404
29 33 76.182274
29 11 1.1841186
29 5 2.9450336
29 34 2.8937495
29 20 22.379696
29 2 1.2497792
29 37 1.049525
29 7 2000.0
29 27 0.6053346
29 16 2000.0
29 23 0.96847206
29 25 3.3085027
30 8 0.67979616
30 18 0.67912143
30 13 27.230616
30 33 8.077062
30 11 0.57034636
30 29 0.906848
30 5 0.69557184
30 34 0.82186586
30 20 1.4746778
30 2 28.649826
30 14 9.176063
30 37 8.4832325
30 7 0.76576424
30 27 0.17026918
30 16 1.0601969
30 23 1.1969655
30 25 6.219368
31 26 0.22071214
31 6 0.13590246
31 10 29.512016
31 35 62.862045
31 22 68.571434
31 9 0.031846125
31 4 0.06759547
31 17 0.9872396
31 19 0.10098373
32 26 69.05
32 10 2000.0
32 24 0.60524887
32 12 4.5198865
32 15 0.07013328
33 30 8.077062
33 13 0.97698265
33 11 3.3180447
33 29 76.182274
33 5 2000.0
33 34 2000.0
33 20 1.2976177
33 2 2.3272946
33 14 0.34413025
33 7 2000.0
33 27 0.78965706
33 16 1971.0227
33 25 0.8971372
34 30 0.82186586
34 20 1.5181452
34 8 22.06
34 37 2000.0
34 7 2963.2954
34 27 0.99545676
34 16 67.77418
34 11 3.0862026
34 29 2.8937495
34 25 2.7050889
34 5 1.7711176
35 21 0.059514794
35 31 62.862045
36 28 0.029712843
36 3 0.42437685
36 12 2000.0
36 9 0.5774318
37 30 8.4832325
37 0 1.2206544
37 8 1.1184067
37 18 2.8528013
37 13 1.2024858
37 11 2.1649172
37 29 1.049525
37 5 7.498971
37 20 3.3555646
37 2 0.9266726
37 7 57.142857
37 27 0.8700334
37 16 2000.0
37 23 1.5113189
37 25 30.147339
