0 2 1.2597663
0 37 1.1371486
0 13 1.3033105
0 29 25.730518
0 25 20.459978
1 3 0.5066615
1 12 14.195115
2 30 23.614286
2 0 1.2597663
2 8 1.528476
2 18 1.5892663
2 13 0.6633005
2 33 3.041485
2 11 1.5744022
2 29 1.1529908
2 20 6.3303714
2 37 0.7910638
2 27 2.38424
2 16 2000.0
2 23 12.974118
2 25 0.8096166
3 36 0.95079553
3 28 15.537109
3 24 2000.0
3 12 0.0619171
3 1 0.5066615
3 9 0.22468638
4 31 0.08096248
4 9 0.08079109
4 17 0.13209403
4 19 0.068684205
5 30 0.9318471
5 8 0.4557911
5 18 0.616712
5 13 33.733032
5 11 1.3076109
5 29 1.5818083
5 34 1.9374266
5 20 1.1947584
5 37 9.280356
5 7 12.26449
5 27 1.4675161
5 16 1.144175
5 23 1.8028821
5 25 2000.0
6 31 0.16248168
6 17 1.372017
7 30 0.8400207
7 20 91.589485
7 8 8.708222
7 16 1.4091762
7 23 1.8504151
7 29 2000.0
7 25 5.0633683
7 5 12.26449
8 0 2000.0
8 30 0.49229166
8 18 0.9803887
8 13 1.6469005
8 11 0.9293689
8 29 0.3934402
8 5 0.4557911
8 34 42.117188
8 2 1.528476
8 37 1.5316147
8 7 8.708222
8 27 3.7365415
8 16 1.4780807
8 23 0.8354661
8 25 2000.0
9 36 0.86298066
9 28 0.9963687
9 10 19.786892
9 22 0.047374755
9 31 0.038268674
9 12 2000.0
9 3 0.22468638
9 4 0.08079109
9 17 0.041027214
9 19 0.06501917
10 26 0.03135246
10 28 0.3154262
10 24 0.08618421
10 31 6.8683443
10 12 1211.3068
10 9 19.786892
10 17 0.029737154
11 0 2000.0
11 30 1.0300795
11 8 0.9293689
11 18 6.6689506
11 13 0.8416227
11 33 1.7482735
11 29 1.0364813
11 5 1.3076109
11 34 2.2102845
11 20 1.0935832
11 2 1.5744022
11 37 1.577607
11 7 1622.7842
11 27 0.82008976
11 16 1.4100482
11 25 0.7315719
12 26 5.833452
12 32 2.4835777
12 24 0.071722664
12 21 0.13876264
12 3 0.0619171
12 1 14.195115
13 30 86.69935
13 0 1.3033105
13 8 1.6469005
13 18 97.87501
13 33 0.8485676
13 11 0.8416227
13 29 0.78381234
13 5 33.733032
13 34 90.67663
13 20 1.0963311
13 2 0.6633005
13 14 9.780573
13 37 1.0912637
13 7 2000.0
13 27 0.38075045
13 16 34.59164
13 25 0.30284092
14 30 5.516754
14 20 2.4790697
14 13 9.780573
14 27 4.0929985
14 33 1.1895245
14 11 2000.0
14 25 3.7118633
15 32 0.07209189
15 21 5.699909
16 0 2000.0
16 30 1.1204789
16 8 1.4780807
16 18 1.7059188
16 13 34.59164
16 11 1.4100482
16 5 1.144175
16 34 34.00756
16 20 19.008726
16 7 1.4091762
16 27 1.4912236
16 23 3.5570765
16 25 1.4183469
17 6 1.372017
17 26 1.5045187
17 10 0.029737154
17 24 0.2217344
17 31 0.973545
17 9 0.041027214
17 4 0.13209403
17 19 31.445911
18 0 2000.0
18 30 0.6140212
18 8 0.9803887
18 2 1.5892663
18 37 2.406163
18 13 97.87501
18 27 40.494602
18 16 1.7059188
18 11 6.6689506
18 23 1.640357
18 29 1.0040126
18 5 0.616712
19 28 165.1557
19 31 0.08319129
19 9 0.06501917
19 4 0.068684205
19 17 31.445911
20 0 2000.0
20 30 2.435756
20 13 1.0963311
20 33 1.0479846
20 11 1.0935832
20 29 7.053854
20 5 1.1947584
20 34 0.96531373
20 2 6.3303714
20 14 2.4790697
20 37 2.93341
20 7 91.589485
20 27 2.433631
20 16 19.008726
20 25 0.5919713
21 26 2000.0
21 32 400.0
21 24 0.79214233
21 35 0.030591635
21 12 0.13876264
21 15 5.699909
22 31 85.879265
22 9 0.047374755
22 19 2000.0
23 0 2000.0
23 30 2.469128
23 8 0.8354661
23 2 12.974118
23 37 2.0638473
23 18 1.640357
23 7 1.8504151
23 16 3.5570765
23 11 2000.0
23 29 1.2767019
23 5 1.8028821
24 26 0.048777875
24 32 0.20749813
24 10 0.08618421
24 21 0.79214233
24 12 0.071722664
24 15 2000.0
24 17 0.2217344
25 30 19.122314
25 0 20.459978
25 13 0.30284092
25 33 0.759725
25 11 0.7315719
25 29 1.4500707
25 34 1.9572731
25 20 0.5919713
25 2 0.8096166
25 14 3.7118633
25 37 35.909416
25 7 5.0633683
25 27 0.27040362
25 16 1.4183469
26 32 71.065346
26 28 0.06111227
26 10 0.03135246
26 24 0.048777875
26 31 0.085623115
26 12 5.833452
26 17 1.5045187
27 30 0.46887323
27 0 2000.0
27 8 3.7365415
27 18 40.494602
27 13 0.38075045
27 33 0.57498014
27 11 0.82008976
27 29 0.83262426
27 5 1.4675161
27 34 1.1556252
27 20 2.433631
27 2 2.38424
27 14 4.0929985
27 37 1.1180899
27 7 2842.0457
27 16 1.4912236
27 25 0.27040362
28 36 0.03359427
28 26 0.06111227
28 10 0.3154262
28 3 15.537109
28 12 1686.1932
28 9 0.9963687
28 19 165.1557
29 0 25.730518
29 30 2.184153
29 8 0.3934402
29 18 1.0040126
29 13 0.78381234
29 33 11.049378
29 11 1.0364813
29 5 1.5818083
29 34 3.3903177
29 20 7.053854
29 2 1.1529908
29 37 1.0366726
29 7 2000.0
29 27 0.83262426
29 16 2000.0
29 23 1.2767019
29 25 1.4500707
30 8 0.49229166
30 18 0.6140212
30 13 86.69935
30 33 7.792523
30 11 1.0300795
30 29 2.184153
30 5 0.9318471
30 34 0.8171728
30 20 2.435756
30 2 23.614286
30 14 5.516754
30 37 33.301308
30 7 0.8400207
30 27 0.46887323
30 16 1.1204789
30 23 2.469128
30 25 19.122314
31 26 0.085623115
31 6 0.16248168
31 10 6.8683443
31 35 61.335594
31 22 85.879265
31 9 0.038268674
31 4 0.08096248
31 17 0.973545
31 19 0.08319129
32 26 71.065346
32 24 0.20749813
32 21 400.0
32 12 2.4835777
32 15 0.07209189
33 30 7.792523
33 8 2000.0
33 13 0.8485676
33 11 1.7482735
33 29 11.049378
33 34 2000.0
33 20 1.0479846
33 2 3.041485
33 14 1.1895245
33 7 2000.0
33 27 0.57498014
33 16 3017.898
33 25 0.759725
34 30 0.8171728
34 20 0.96531373
34 8 42.117188
34 37 2000.0
34 13 90.67663
34 7 2000.0
34 27 1.1556252
34 16 34.00756
34 11 2.2102845
34 29 3.3903177
34 25 1.9572731
34 5 1.9374266
35 21 0.030591635
35 31 61.335594
36 28 0.03359427
36 3 0.95079553
36 9 0.86298066
37 30 33.301308
37 0 1.1371486
37 8 1.5316147
37 18 2.406163
37 13 1.0912637
37 11 1.577607
37 29 1.0366726
37 5 9.280356
37 20 2.93341
37 2 0.7910638
37 7 3186.6477
37 27 1.1180899
37 16 2000.0
37 23 2.0638473
37 25 35.909416
