0 2 1.2081611
0 37 1.6535859
0 13 1.1757814
0 29 19.909351
0 25 22.6445
1 3 1.110059
1 12 35.49702
2 30 25.787336
2 0 1.2081611
2 8 1.1583521
2 18 2.2022414
2 13 0.6757711
2 33 1.9078436
2 11 2.862891
2 29 1.1665916
2 20 2.9185596
2 37 0.82850134
2 27 1.1085408
2 16 2000.0
2 23 7.315984
2 25 0.36445197
3 36 0.54620266
3 28 6.329672
3 24 259.30588
3 12 0.060628094
3 1 1.110059
3 9 0.66630095
4 31 0.07794337
4 9 0.08044986
4 17 0.1786972
4 19 0.08476461
5 30 0.71593714
5 8 0.607588
5 18 0.76724297
5 13 54.045692
5 11 4.2240343
5 29 3.6145325
5 34 3.6212528
5 20 2.8274903
5 37 6.27771
5 7 6.8333297
5 27 2.6164377
5 16 2.5140188
5 23 2.6773589
5 25 2000.0
6 31 0.1632837
6 17 3.6934402
7 30 0.6537742
7 8 6.4219275
7 16 0.9251421
7 11 89.25175
7 23 1.1711649
7 25 2.1911824
7 29 2000.0
7 5 6.8333297
8 0 2000.0
8 30 0.31353363
8 18 1.3350165
8 13 1.6322649
8 11 0.9160206
8 29 0.23597108
8 5 0.607588
8 34 26.784407
8 2 1.1583521
8 37 1.0012176
8 7 6.4219275
8 27 0.5332591
8 16 1.7022611
8 23 0.8533724
8 25 2000.0
9 36 0.46710044
9 26 2000.0
9 28 0.64907086
9 10 39.56044
9 22 0.055061694
9 31 0.029223353
9 3 0.66630095
9 12 2000.0
9 4 0.08044986
9 17 0.035985377
9 19 0.06476154
10 26 0.029295465
10 28 0.27268937
10 24 0.082109205
10 31 12.032707
10 12 1243.75
10 9 39.56044
10 17 0.032386363
11 0 2000.0
11 30 1.1201123
11 8 0.9160206
11 18 5.6508894
11 13 0.845796
11 33 2.0868845
11 29 0.9652492
11 5 4.2240343
11 34 1.9772725
11 20 1.6045247
11 2 2.862891
11 37 1.2261076
11 7 89.25175
11 27 0.7133399
11 16 0.93084556
11 25 0.52060646
12 26 0.8379734
12 32 4.960725
12 24 0.06738859
12 21 0.113777354
12 3 0.060628094
12 1 35.49702
13 30 322.19107
13 0 1.1757814
13 8 1.6322649
13 18 68.80327
13 33 0.8940888
13 11 0.845796
13 29 1.0285885
13 5 54.045692
13 34 2000.0
13 20 1.0824107
13 2 0.6757711
13 14 15.020698
13 37 1.1000608
13 7 2000.0
13 27 0.34240016
13 16 36.755245
13 25 0.21843652
14 30 10.502349
14 20 2.0173357
14 13 15.020698
14 27 2.4364305
14 33 0.42549658
14 25 1.0087575
15 32 0.07824144
15 21 4.2961063
16 0 2000.0
16 30 1.0843934
16 8 1.7022611
16 18 1.2762572
16 13 36.755245
16 11 0.93084556
16 5 2.5140188
16 34 36.099316
16 20 21.252766
16 7 0.9251421
16 27 1.263286
16 23 2.8140674
16 25 0.9706504
17 6 3.6934402
17 26 1.3136
17 10 0.032386363
17 24 0.12945396
17 31 0.9513431
17 9 0.035985377
17 4 0.1786972
17 19 138.46155
18 0 2000.0
18 30 0.67645496
18 8 1.3350165
18 13 68.80327
18 11 5.6508894
18 29 0.91177684
18 5 0.76724297
18 2 2.2022414
18 37 2.554423
18 7 2000.0
18 27 25.304922
18 16 1.2762572
18 23 1.4083563
19 28 85.16819
19 31 0.088481024
19 9 0.06476154
19 4 0.08476461
19 17 138.46155
20 30 1.1537428
20 13 1.0824107
20 33 1.0164475
20 11 1.6045247
20 29 4.6866484
20 5 2.8274903
20 34 0.8408257
20 2 2.9185596
20 14 2.0173357
20 37 1.742294
20 7 1068.125
20 27 1.0968095
20 16 21.252766
20 25 0.27874613
21 32 2000.0
21 24 0.9360071
21 35 0.03141376
21 31 2000.0
21 12 0.113777354
21 15 4.2961063
22 31 96.969696
22 9 0.055061694
22 19 2000.0
23 0 2000.0
23 30 1.2234561
23 8 0.8533724
23 2 7.315984
23 37 1.830677
23 18 1.4083563
23 7 1.1711649
23 16 2.8140674
23 11 2000.0
23 29 1.2099506
23 5 2.6773589
24 26 0.045315094
24 32 0.23783574
24 10 0.082109205
24 21 0.9360071
24 3 259.30588
24 12 0.06738859
24 15 2000.0
24 17 0.12945396
25 30 16.917616
25 0 22.6445
25 13 0.21843652
25 33 0.66794103
25 11 0.52060646
25 29 1.6616251
25 34 1.5401489
25 20 0.27874613
25 2 0.36445197
25 14 1.0087575
25 37 35.048687
25 7 2.1911824
25 27 0.23166147
25 16 0.9706504
26 32 10.955189
26 28 0.06061007
26 10 0.029295465
26 24 0.045315094
26 31 0.096771695
26 12 0.8379734
26 17 1.3136
27 30 0.20515421
27 0 2000.0
27 8 0.5332591
27 18 25.304922
27 13 0.34240016
27 33 0.72084045
27 11 0.7133399
27 29 0.9330864
27 5 2.6164377
27 34 0.84531707
27 20 1.0968095
27 2 1.1085408
27 14 2.4364305
27 37 1.0466213
27 7 2000.0
27 16 1.263286
27 25 0.23166147
28 36 0.031603947
28 26 0.06061007
28 10 0.27268937
28 3 6.329672
28 12 1199.091
28 9 0.64907086
28 19 85.16819
29 0 19.909351
29 30 1.0322927
29 8 0.23597108
29 18 0.91177684
29 13 1.0285885
29 33 20.34134
29 11 0.9652492
29 5 3.6145325
29 34 3.4388268
29 20 4.6866484
29 2 1.1665916
29 37 0.74047136
29 7 2000.0
29 27 0.9330864
29 16 2000.0
29 23 1.2099506
29 25 1.6616251
30 8 0.31353363
30 18 0.67645496
30 13 322.19107
30 33 9.163738
30 11 1.1201123
30 29 1.0322927
30 5 0.71593714
30 34 1.1342533
30 20 1.1537428
30 2 25.787336
30 14 10.502349
30 37 17.527975
30 7 0.6537742
30 27 0.20515421
30 16 1.0843934
30 23 1.2234561
30 25 16.917616
31 26 0.096771695
31 6 0.1632837
31 10 12.032707
31 35 82.71504
31 22 96.969696
31 9 0.029223353
31 4 0.07794337
31 17 0.9513431
31 19 0.088481024
32 26 10.955189
32 24 0.23783574
32 12 4.960725
32 15 0.07824144
33 30 9.163738
33 13 0.8940888
33 11 2.0868845
33 29 20.34134
33 5 2000.0
33 34 2000.0
33 20 1.0164475
33 2 1.9078436
33 14 0.42549658
33 7 2000.0
33 27 0.72084045
33 16 3017.898
33 25 0.66794103
34 30 1.1342533
34 20 0.8408257
34 8 26.784407
34 37 2000.0
34 7 2000.0
34 27 0.84531707
34 16 36.099316
34 11 1.9772725
34 29 3.4388268
34 25 1.5401489
34 5 3.6212528
35 21 0.03141376
35 31 82.71504
36 28 0.031603947
36 3 0.54620266
36 9 0.46710044
37 30 17.527975
37 0 1.6535859
37 8 1.0012176
37 18 2.554423
37 13 1.1000608
37 11 1.2261076
37 29 0.74047136
37 5 6.27771
37 20 1.742294
37 2 0.82850134
37 7 3298.409
37 27 1.0466213
37 16 2000.0
37 23 1.830677
37 25 35.048687
