0 2 0.84852636
0 37 2.8292964
0 13 0.85045296
0 25 31.352558
0 29 17.306229
1 3 1.0969968
1 12 17.78847
2 30 20.175814
2 0 0.84852636
2 8 1.4390098
2 18 1.5907197
2 13 0.28531748
2 33 2.976292
2 11 1.6393589
2 29 1.1687938
2 20 2.727169
2 37 0.7827648
2 27 692.89777
2 16 2000.0
2 23 9.189763
2 25 0.33851448
3 36 0.20454545
3 28 73.66819
3 24 2000.0
3 12 0.074843876
3 1 1.0969968
3 9 0.9342668
4 31 0.07422858
4 9 0.09983233
4 17 0.10814632
4 19 0.08322286
5 30 0.7207845
5 8 0.6077166
5 18 1.0876144
5 13 32.56114
5 11 1.6911874
5 29 4.373558
5 34 3.373054
5 20 3.1531067
5 37 25.085651
5 7 44.180977
5 27 779.5454
5 16 1.6868165
5 23 7.3438873
5 25 2000.0
6 31 0.19903131
6 17 3.2465315
7 30 1.2082486
7 20 328.33524
7 8 19.210228
7 16 1.3313763
7 11 408.2119
7 23 3.1796644
7 25 3.4521923
7 5 44.180977
8 0 2000.0
8 30 0.5308
8 18 0.8534822
8 13 2.8393056
8 11 1.2518169
8 29 0.8076535
8 5 0.6077166
8 34 30.226877
8 2 1.4390098
8 37 1.0578175
8 7 19.210228
8 27 1067.7273
8 16 3.085359
8 23 1.3419019
8 25 2000.0
9 36 0.4740872
9 28 0.41640428
9 10 9.178491
9 22 0.04701952
9 31 0.02978222
9 12 2000.0
9 3 0.9342668
9 4 0.09983233
9 17 0.043050822
9 19 0.082441345
10 26 35.795452
10 28 0.24989003
10 24 0.065457545
10 31 14.601359
10 12 57.28203
10 9 9.178491
10 17 0.030774357
11 0 2000.0
11 30 0.8604446
11 8 1.2518169
11 18 5.488538
11 13 1.7142488
11 33 2.4246511
11 29 0.97026336
11 5 1.6911874
11 34 1.7865428
11 20 1.2729844
11 2 1.6393589
11 37 1.0174162
11 7 408.2119
11 27 692.89777
11 16 1.1392807
11 25 0.36201346
12 26 2000.0
12 32 6.5709376
12 10 57.28203
12 24 0.0876719
12 21 0.14688036
12 3 0.074843876
12 1 17.78847
13 30 41.503426
13 0 0.85045296
13 8 2.8393056
13 18 31.189823
13 33 2.3855727
13 11 1.7142488
13 29 1.1513376
13 5 32.56114
13 34 231.90982
13 20 0.9287229
13 2 0.28531748
13 14 3.7138915
13 37 1.5305289
13 7 2000.0
13 27 150.96591
13 16 67.83594
13 25 0.20811501
14 30 8.357648
14 20 1.4134297
14 13 3.7138915
14 27 5234.1475
14 33 0.33744833
14 11 2000.0
14 25 2.840684
15 32 0.08025677
15 21 20.742188
16 30 1.0671573
16 0 2000.0
16 8 3.085359
16 18 1.7323747
16 13 67.83594
16 11 1.1392807
16 5 1.6868165
16 34 183.72397
16 20 69.50994
16 7 1.3313763
16 27 1119.8296
16 23 3.3539996
16 25 0.85641223
17 6 3.2465315
17 26 1034.8864
17 10 0.030774357
17 24 0.07249266
17 31 0.9666964
17 9 0.043050822
17 4 0.10814632
17 19 42.889355
18 0 2000.0
18 30 0.5444531
18 8 0.8534822
18 2 1.5907197
18 37 3.8575687
18 13 31.189823
18 16 1.7323747
18 11 5.488538
18 23 1.1742412
18 29 0.963194
18 5 1.0876144
19 28 78.16619
19 31 0.06774892
19 9 0.082441345
19 17 42.889355
19 4 0.08322286
20 30 2.1829834
20 8 2000.0
20 13 0.9287229
20 33 0.9264567
20 11 1.2729844
20 29 25.152025
20 5 3.1531067
20 34 0.83039695
20 2 2.727169
20 14 1.4134297
20 37 4.985843
20 7 328.33524
20 27 957.6705
20 16 69.50994
20 25 0.41409865
21 26 2000.0
21 32 2000.0
21 24 1.1671885
21 35 0.03644952
21 31 2000.0
21 12 0.14688036
21 15 20.742188
22 31 56.250004
22 9 0.04701952
22 19 2000.0
23 0 2000.0
23 30 1.4573722
23 8 1.3419019
23 2 9.189763
23 37 1.3848996
23 18 1.1742412
23 7 3.1796644
23 16 3.3539996
23 11 2000.0
23 29 1.439589
23 5 7.3438873
24 26 37.045452
24 32 0.34683266
24 10 0.065457545
24 21 1.1671885
24 12 0.0876719
24 15 2000.0
24 17 0.07249266
25 0 31.352558
25 30 11.63784
25 13 0.20811501
25 33 0.5602352
25 11 0.36201346
25 29 1.502989
25 34 4.875259
25 20 0.41409865
25 2 0.33851448
25 14 2.840684
25 37 25.870527
25 7 3.4521923
25 27 229.14774
25 16 0.85641223
28 36 0.030169675
28 26 51.81818
28 10 0.24989003
28 3 73.66819
28 12 1274.3182
28 9 0.41640428
28 19 78.16619
29 0 17.306229
29 30 2.830628
29 8 0.8076535
29 18 0.963194
29 13 1.1513376
29 33 20.957603
29 11 0.97026336
29 5 4.373558
29 34 4.2026367
29 20 25.152025
29 2 1.1687938
29 37 1.0002022
29 7 2000.0
29 27 1898.9204
29 16 2000.0
29 23 1.439589
29 25 1.502989
30 8 0.5308
30 18 0.5444531
30 13 41.503426
30 33 5.6223526
30 11 0.8604446
30 29 2.830628
30 5 0.7207845
30 34 0.980022
30 20 2.1829834
30 2 20.175814
30 14 8.357648
30 37 7.635043
30 7 1.2082486
30 27 147.78409
30 16 1.0671573
30 23 1.4573722
30 25 11.63784
31 26 79.88636
31 6 0.19903131
31 10 14.601359
31 35 40.006218
31 22 56.250004
31 9 0.02978222
31 4 0.07422858
31 17 0.9666964
31 19 0.06774892
32 24 0.34683266
32 12 6.5709376
32 15 0.08025677
33 30 5.6223526
33 8 2000.0
33 13 2.3855727
33 11 2.4246511
33 29 20.957603
33 5 2000.0
33 34 2000.0
33 20 0.9264567
33 2 2.976292
33 14 0.33744833
33 7 2000.0
33 27 698.2386
33 16 2422.443
33 25 0.5602352
34 30 0.980022
34 20 0.83039695
34 8 30.226877
34 37 2000.0
34 13 231.90982
34 7 3249.1477
34 27 716.8182
34 16 183.72397
34 11 1.7865428
34 29 4.2026367
34 25 4.875259
34 5 3.373054
35 21 0.03644952
35 31 40.006218
36 28 0.030169675
36 3 0.20454545
36 9 0.4740872
37 30 7.635043
37 0 2.8292964
37 8 1.0578175
37 18 3.8575687
37 13 1.5305289
37 11 1.0174162
37 29 1.0002022
37 5 25.085651
37 20 4.985843
37 2 0.7827648
37 7 4445.682
37 27 725.7955
37 16 2000.0
37 23 1.3848996
37 25 25.870527
