0 2 1.5259613
0 37 1.7119833
0 13 1.4992406
0 29 28.2859
0 25 41.982838
1 3 1.0564375
1 12 17.8023
2 30 19.387215
2 0 1.5259613
2 8 1.8331151
2 18 3.6255267
2 13 0.66583204
2 33 2.520743
2 11 1.6298573
2 29 1.3119414
2 20 12.51876
2 37 0.94983596
2 27 0.8934343
2 16 2000.0
2 23 7.6356225
2 25 0.96633685
3 36 0.8954119
3 28 11.079544
3 24 156.52176
3 12 0.0709288
3 1 1.0564375
3 9 0.59311473
4 31 0.06403155
4 9 0.115625
4 17 0.1358559
4 19 0.0687225
5 30 0.6680794
5 8 1.1651012
5 18 1.0225661
5 13 24.665976
5 11 4.1126947
5 29 3.1450455
5 34 4.4805794
5 20 3.4339862
5 37 20.495249
5 7 7.647844
5 27 2.0865757
5 16 1.6178542
5 23 4.0225754
5 25 2000.0
6 31 0.15755682
6 17 5.6164293
7 34 400.0
7 30 0.9124132
7 20 121.01705
7 8 7.1093016
7 37 88.888885
7 27 133.33334
7 16 1.6174759
7 11 88.888885
7 23 1.5145433
7 25 2.9882574
7 5 7.647844
8 0 2000.0
8 30 1.0700756
8 18 1.6147667
8 13 1.4973353
8 11 1.3732201
8 29 1.5120496
8 5 1.1651012
8 34 88.15512
8 2 1.8331151
8 37 1.7667178
8 7 7.1093016
8 27 0.9699158
8 16 1.470115
8 23 1.0347513
8 25 2000.0
9 36 0.67545575
9 26 2000.0
9 28 1.9348693
9 10 57.142857
9 22 0.044773772
9 31 0.03546069
9 3 0.59311473
9 12 2000.0
9 4 0.115625
9 17 0.037809405
9 19 0.067063786
10 26 0.028583648
10 28 0.2516234
10 24 0.06654332
10 31 19.90057
10 12 113.49076
10 9 57.142857
10 17 0.032001466
11 0 2000.0
11 30 1.8735907
11 8 1.3732201
11 18 11.772339
11 13 1.3054295
11 33 2.3429766
11 29 1.2623827
11 5 4.1126947
11 34 4.715256
11 20 3.3267386
11 2 1.6298573
11 37 2.2925656
11 7 88.888885
11 27 0.814737
11 16 0.9465235
11 25 0.9799275
12 26 0.2603595
12 32 11.992461
12 10 113.49076
12 24 0.066863626
12 21 0.10225
12 3 0.0709288
12 1 17.8023
13 30 30.725567
13 0 1.4992406
13 8 1.4973353
13 18 260.90314
13 33 1.0513785
13 11 1.3054295
13 29 0.76324195
13 5 24.665976
13 34 958.44
13 20 1.1794896
13 2 0.66583204
13 14 5.137878
13 37 1.5253668
13 7 2000.0
13 27 0.3418068
13 16 38.395008
13 25 0.21946023
14 30 13.952355
14 20 4.8704624
14 13 5.137878
14 27 3.7258983
14 33 0.61691976
14 25 6.441655
15 32 0.075311884
15 21 6.9305444
16 0 2000.0
16 30 1.0673195
16 8 1.470115
16 18 1.6182815
16 13 38.395008
16 11 0.9465235
16 29 400.0
16 5 1.6178542
16 34 86.265114
16 20 38.681026
16 7 1.6174759
16 27 1.3299106
16 23 3.43681
16 25 0.992041
17 6 5.6164293
17 26 1.5548207
17 10 0.032001466
17 24 0.2168771
17 31 0.9830295
17 9 0.037809405
17 4 0.1358559
17 19 56.36762
18 0 2000.0
18 30 1.1105771
18 8 1.6147667
18 13 260.90314
18 11 11.772339
18 29 1.4158792
18 5 1.0225661
18 2 3.6255267
18 37 5.147053
18 7 2000.0
18 27 20.006832
18 16 1.6182815
18 23 1.4699578
19 31 0.14444648
19 9 0.067063786
19 17 56.36762
19 4 0.0687225
20 30 2.4556203
20 13 1.1794896
20 33 1.1627723
20 11 3.3267386
20 29 9.077593
20 5 3.4339862
20 34 1.3325366
20 2 12.51876
20 14 4.8704624
20 37 7.9934206
20 7 121.01705
20 27 1.7027793
20 16 38.681026
20 25 0.7506511
21 32 2000.0
21 24 1.1276793
21 35 0.031315036
21 12 0.10225
21 15 6.9305444
22 31 37.5
22 9 0.044773772
22 19 2000.0
23 0 2000.0
23 30 2.2247114
23 8 1.0347513
23 2 7.6356225
23 37 1.6901242
23 18 1.4699578
23 7 1.5145433
23 16 3.43681
23 11 2000.0
23 29 1.4206132
23 5 4.0225754
24 26 0.040367957
24 32 0.30425444
24 10 0.06654332
24 21 1.1276793
24 3 156.52176
24 12 0.066863626
24 17 0.2168771
25 0 41.982838
25 30 60.91675
25 13 0.21946023
25 33 0.583359
25 11 0.9799275
25 29 6.220721
25 34 3.3270226
25 20 0.7506511
25 2 0.96633685
25 14 6.441655
25 37 48.80114
25 7 2.9882574
25 27 0.24091858
25 16 0.992041
26 32 28.131365
26 28 0.05710608
26 10 0.028583648
26 24 0.040367957
26 31 0.14687164
26 12 0.2603595
26 17 1.5548207
27 30 0.24267459
27 0 2000.0
27 8 0.9699158
27 18 20.006832
27 13 0.3418068
27 33 0.9122693
27 11 0.814737
27 29 0.7860832
27 5 2.0865757
27 34 2.0591516
27 20 1.7027793
27 2 0.8934343
27 14 3.7258983
27 37 1.0490735
27 7 133.33334
27 16 1.3299106
27 25 0.24091858
28 36 0.03465925
28 26 0.05710608
28 10 0.2516234
28 3 11.079544
28 12 1200.3408
28 9 1.9348693
28 19 1367.8977
29 0 28.2859
29 30 1.2451458
29 8 1.5120496
29 18 1.4158792
29 13 0.76324195
29 33 30.641096
29 11 1.2623827
29 5 3.1450455
29 34 4.9378386
29 20 9.077593
29 2 1.3119414
29 37 1.0927958
29 7 2000.0
29 27 0.7860832
29 16 400.0
29 23 1.4206132
29 25 6.220721
30 8 1.0700756
30 18 1.1105771
30 13 30.725567
30 33 7.768261
30 11 1.8735907
30 29 1.2451458
30 5 0.6680794
30 34 0.85495335
30 20 2.4556203
30 2 19.387215
30 14 13.952355
30 37 34.059708
30 7 0.9124132
30 27 0.24267459
30 16 1.0673195
30 23 2.2247114
30 25 60.91675
31 26 0.14687164
31 6 0.15755682
31 10 19.90057
31 35 66.85997
31 22 37.5
31 9 0.03546069
31 4 0.06403155
31 17 0.9830295
31 19 0.14444648
32 26 28.131365
32 24 0.30425444
32 12 11.992461
32 15 0.075311884
33 34 2000.0
33 30 7.768261
33 20 1.1627723
33 2 2.520743
33 14 0.61691976
33 7 2000.0
33 13 1.0513785
33 27 0.9122693
33 16 3017.898
33 11 2.3429766
33 29 30.641096
33 25 0.583359
34 30 0.85495335
34 20 1.3325366
34 8 88.15512
34 37 2000.0
34 7 400.0
34 27 2.0591516
34 16 86.265114
34 11 4.715256
34 29 4.9378386
34 25 3.3270226
34 5 4.4805794
35 21 0.031315036
35 31 66.85997
36 28 0.03465925
36 3 0.8954119
36 9 0.67545575
37 30 34.059708
37 0 1.7119833
37 8 1.7667178
37 18 5.147053
37 13 1.5253668
37 11 2.2925656
37 29 1.0927958
37 5 20.495249
37 20 7.9934206
37 2 0.94983596
37 7 88.888885
37 27 1.0490735
37 16 2000.0
37 23 1.6901242
37 25 48.80114
