0 2 1.34833
0 37 2.9136994
0 13 1.0366191
0 29 27.994957
0 25 42.41126
1 3 2.4809384
1 12 33.387646
2 30 13.360163
2 0 1.34833
2 8 1.4640403
2 18 3.1984887
2 13 0.3696535
2 33 2.297763
2 11 1.2799807
2 29 1.4138128
2 20 2.8777614
2 37 1.3202015
2 27 0.66695523
2 16 2000.0
2 23 10.09546
2 25 0.49606436
3 36 0.4191608
3 28 49.01536
3 24 2000.0
3 12 0.06967741
3 1 2.4809384
3 9 1.0390167
4 31 0.06664755
4 9 0.06638149
4 17 0.39423597
4 19 0.08044734
5 30 0.54273236
5 8 0.8315899
5 18 0.959922
5 13 42.555878
5 11 2.622145
5 29 10.178629
5 34 2.444869
5 20 2.8156948
5 37 22.22318
5 7 4.9220886
5 27 1.7344952
5 16 1.4938242
5 23 2.7816813
5 25 2000.0
6 31 0.15130132
6 17 3.8937347
7 30 0.783993
7 20 24.80614
7 8 7.5410156
7 37 52.941177
7 16 1.3722101
7 11 118.60305
7 23 1.2259578
7 25 2.160358
7 5 4.9220886
8 0 2000.0
8 30 0.5115743
8 18 1.1749052
8 13 1.3552371
8 11 0.9717606
8 29 0.48856544
8 5 0.8315899
8 34 17.1505
8 2 1.4640403
8 37 1.3159947
8 7 7.5410156
8 27 1.4842677
8 16 1.7694621
8 23 0.922018
8 25 2000.0
9 36 0.45487067
9 26 2000.0
9 28 1.1895254
9 10 51.435604
9 22 0.05391383
9 31 0.029204307
9 3 1.0390167
9 12 2000.0
9 4 0.06638149
9 17 0.03968606
9 19 0.067442276
10 26 0.029674055
10 28 0.25367424
10 24 0.1532932
10 31 29.34083
10 12 1153.2386
10 9 51.435604
10 17 0.033727203
11 0 2000.0
11 30 0.7455108
11 8 0.9717606
11 18 4.670374
11 13 1.2684151
11 33 3.0919592
11 29 0.95875776
11 5 2.622145
11 34 2.4074674
11 20 1.370766
11 2 1.2799807
11 37 1.6399066
11 7 118.60305
11 27 0.6855137
11 16 0.90345895
11 25 0.8505404
12 26 1.6977372
12 32 4.2116385
12 24 0.121416084
12 21 0.3908163
12 3 0.06967741
12 1 33.387646
13 30 116.02463
13 0 1.0366191
13 8 1.3552371
13 18 167.54489
13 33 1.507177
13 11 1.2684151
13 29 1.2216368
13 5 42.555878
13 34 2014.8296
13 20 1.757986
13 2 0.3696535
13 14 12.598794
13 37 1.7882355
13 7 2000.0
13 27 0.21071428
13 16 53.39301
13 25 0.35666835
14 30 8.698961
14 20 2.1674242
14 13 12.598794
14 27 4.290662
14 33 0.5198409
14 11 2000.0
14 25 1.8826052
15 32 0.08956125
15 21 1.6390188
15 12 2000.0
16 30 1.4851428
16 0 2000.0
16 8 1.7694621
16 18 1.6585302
16 13 53.39301
16 11 0.90345895
16 5 1.4938242
16 34 129.36096
16 20 104.961945
16 7 1.3722101
16 27 1.7724165
16 23 3.1607854
16 25 1.6663636
17 6 3.8937347
17 26 1.731806
17 10 0.033727203
17 24 0.1595965
17 31 1.3745042
17 9 0.03968606
17 4 0.39423597
17 19 169.26071
18 0 2000.0
18 30 0.7426982
18 8 1.1749052
18 2 3.1984887
18 37 4.3830624
18 13 167.54489
18 27 10.165339
18 16 1.6585302
18 11 4.670374
18 23 1.3144193
18 29 1.2291934
18 5 0.959922
19 31 0.0775385
19 9 0.067442276
19 17 169.26071
19 4 0.08044734
20 30 0.9235885
20 13 1.757986
20 33 1.878186
20 11 1.370766
20 29 4.864305
20 5 2.8156948
20 34 0.92789656
20 2 2.8777614
20 14 2.1674242
20 37 2.2424083
20 7 24.80614
20 27 0.99796414
20 16 104.961945
20 25 0.4543275
21 26 2000.0
21 32 2000.0
21 24 2.4550908
21 35 0.040000245
21 31 2000.0
21 12 0.3908163
21 15 1.6390188
21 4 2000.0
22 31 96.3952
22 9 0.05391383
22 19 2000.0
23 0 2000.0
23 30 1.3714952
23 8 0.922018
23 2 10.09546
23 37 1.3025539
23 18 1.3144193
23 7 1.2259578
23 16 3.1607854
23 11 2000.0
23 29 0.91637236
23 5 2.7816813
24 26 0.03808489
24 32 0.6018809
24 10 0.1532932
24 21 2.4550908
24 12 0.121416084
24 3 2000.0
24 15 2000.0
24 17 0.1595965
25 0 42.41126
25 30 20.531534
25 13 0.35666835
25 33 1.2949195
25 11 0.8505404
25 29 1.5355114
25 34 1.872494
25 20 0.4543275
25 2 0.49606436
25 14 1.8826052
25 37 49.861366
25 7 2.160358
25 27 0.21456486
25 16 1.6663636
26 32 31.015907
26 28 0.07213767
26 10 0.029674055
26 24 0.03808489
26 31 0.15897526
26 12 1.6977372
26 17 1.731806
27 30 0.2125097
27 0 2000.0
27 8 1.4842677
27 18 10.165339
27 13 0.21071428
27 33 0.7375082
27 11 0.6855137
27 29 0.66603357
27 5 1.7344952
27 34 1.2476621
27 20 0.99796414
27 2 0.66695523
27 14 4.290662
27 37 1.125273
27 7 4868.125
27 16 1.7724165
27 25 0.21456486
28 36 0.036512036
28 26 0.07213767
28 10 0.25367424
28 3 49.01536
28 12 1373.6932
28 9 1.1895254
28 19 1383.8636
29 0 27.994957
29 30 1.9442121
29 8 0.48856544
29 18 1.2291934
29 13 1.2216368
29 33 20.046106
29 11 0.95875776
29 5 10.178629
29 34 1.9520077
29 20 4.864305
29 2 1.4138128
29 37 1.0720403
29 7 2000.0
29 27 0.66603357
29 16 2000.0
29 23 0.91637236
29 25 1.5355114
30 8 0.5115743
30 18 0.7426982
30 13 116.02463
30 33 17.08112
30 11 0.7455108
30 29 1.9442121
30 5 0.54273236
30 34 0.8602279
30 20 0.9235885
30 2 13.360163
30 14 8.698961
30 37 28.594917
30 7 0.783993
30 27 0.2125097
30 16 1.4851428
30 23 1.3714952
30 25 20.531534
31 26 0.15897526
31 6 0.15130132
31 10 29.34083
31 35 455.48297
31 22 96.3952
31 9 0.029204307
31 4 0.06664755
31 17 1.3745042
31 19 0.0775385
32 26 31.015907
32 24 0.6018809
32 21 2000.0
32 12 4.2116385
32 15 0.08956125
33 30 17.08112
33 13 1.507177
33 11 3.0919592
33 29 20.046106
33 5 2000.0
33 34 2000.0
33 20 1.878186
33 2 2.297763
33 14 0.5198409
33 7 2000.0
33 27 0.7375082
33 16 3017.898
33 25 1.2949195
34 30 0.8602279
34 20 0.92789656
34 8 17.1505
34 37 2000.0
34 7 2000.0
34 27 1.2476621
34 16 129.36096
34 11 2.4074674
34 29 1.9520077
34 25 1.872494
34 5 2.444869
35 21 0.040000245
35 31 455.48297
36 28 0.036512036
36 3 0.4191608
36 9 0.45487067
37 30 28.594917
37 0 2.9136994
37 8 1.3159947
37 18 4.3830624
37 13 1.7882355
37 11 1.6399066
37 29 1.0720403
37 5 22.22318
37 20 2.2424083
37 2 1.3202015
37 7 52.941177
37 27 1.125273
37 16 2000.0
37 23 1.3025539
37 25 49.861366
