0 8 6.837607
0 2 1.4269414
0 37 0.8191254
0 13 0.6717104
0 11 28.134
0 29 12.170454
1 3 0.22121213
1 12 1202.159
2 30 25.750156
2 0 1.4269414
2 8 1.7986889
2 18 13.505175
2 13 0.30478895
2 33 2.129752
2 11 0.88435626
2 29 1.0679855
2 20 1.5982229
2 37 0.8860945
2 27 0.36230385
2 16 2000.0
2 23 40.3299
2 25 1.6284415
3 36 0.4472846
3 28 0.08899621
3 24 2000.0
3 12 0.049861684
3 1 0.22121213
3 9 0.52171606
4 31 0.08920806
4 9 0.06754965
4 17 0.09925788
4 19 0.105891116
5 30 0.968336
5 8 0.589804
5 18 0.4899046
5 13 133.81976
5 11 2.4620543
5 29 6.850138
5 34 1.2264193
5 20 1.774162
5 37 2000.0
5 7 9.009971
5 27 2.055508
5 16 1.6122606
5 23 2.3055165
6 31 0.2769972
6 17 0.9231904
7 34 9.102034
7 30 1.2357613
7 20 1.3166065
7 8 31.474907
7 37 21.701834
7 27 410.25
7 16 1.2354263
7 11 3.9713345
7 23 0.9556633
7 25 8.631049
7 5 9.009971
8 0 6.837607
8 30 1.2608377
8 18 1.1499006
8 13 4.9642076
8 11 2.9676497
8 29 1.786073
8 5 0.589804
8 34 6.716077
8 2 1.7986889
8 37 0.9060631
8 7 31.474907
8 27 2.197847
8 16 1.5808026
8 23 1.5463843
9 36 1.6980046
9 28 1.8813676
9 10 9.729431
9 22 0.2199958
9 31 0.0353709
9 3 0.52171606
9 17 0.11768757
9 4 0.06754965
9 19 0.07442097
10 26 0.03234911
10 28 0.32896328
10 24 0.15241121
10 31 0.038232025
10 12 11.696969
10 9 9.729431
10 17 0.031159146
11 0 28.134
11 30 0.36543444
11 8 2.9676497
11 18 4.7464266
11 13 1.4270887
11 33 2.2550898
11 29 0.9361771
11 5 2.4620543
11 34 1.9872668
11 20 0.7202634
11 2 0.88435626
11 37 1.272258
11 7 3.9713345
11 27 0.6723863
11 16 0.9552216
11 25 0.93425953
12 26 0.64764416
12 28 4.357127
12 32 0.2629192
12 10 11.696969
12 24 0.079606846
12 21 0.0938456
12 3 0.049861684
13 30 4.123214
13 0 0.6717104
13 8 4.9642076
13 18 89.836334
13 33 0.8985415
13 11 1.4270887
13 29 1.2459497
13 5 133.81976
13 34 7.9008427
13 20 0.5242632
13 2 0.30478895
13 14 2.6937954
13 37 1.0698007
13 27 0.29954904
13 16 137.33109
13 25 0.817395
14 20 0.71091723
14 13 2.6937954
14 27 3.7636838
14 33 0.45712903
14 11 2000.0
14 25 1.2916765
15 32 0.07407284
15 21 1.1795812
16 0 2000.0
16 30 1.1027851
16 8 1.5808026
16 18 0.9665125
16 13 137.33109
16 11 0.9552216
16 29 26.755653
16 5 1.6122606
16 20 9.8675995
16 37 37.442814
16 7 1.2354263
16 27 1.7678983
16 23 6.2865787
16 25 1.3349508
17 26 3.9473684
17 6 0.9231904
17 10 0.031159146
17 24 0.21777517
17 31 1.4540775
17 9 0.11768757
17 4 0.09925788
17 19 4.062063
18 30 0.7170455
18 2 13.505175
18 8 1.1499006
18 37 1.106176
18 7 2000.0
18 13 89.836334
18 27 6.344674
18 16 0.9665125
18 23 1.3086952
18 11 4.7464266
18 29 0.86669785
18 5 0.4899046
19 31 0.07931853
19 9 0.07442097
19 17 4.062063
19 4 0.105891116
20 30 14.8822565
20 13 0.5242632
20 33 1.2596552
20 11 0.7202634
20 29 2.7154822
20 5 1.774162
20 34 0.86339206
20 2 1.5982229
20 14 0.71091723
20 37 3.3122008
20 7 1.3166065
20 27 0.752497
20 16 9.8675995
20 25 0.44455898
21 26 2000.0
21 32 2000.0
21 24 0.66132295
21 35 0.048062596
21 12 0.0938456
21 15 1.1795812
22 6 1798.466
22 31 1181.1932
22 9 0.2199958
22 19 1288.409
23 0 2000.0
23 30 0.91839796
23 2 40.3299
23 8 1.5463843
23 37 2.1122985
23 18 1.3086952
23 7 0.9556633
23 27 2000.0
23 16 6.2865787
23 11 2000.0
23 29 2.9644737
23 5 2.3055165
24 26 0.051371966
24 32 0.08445748
24 10 0.15241121
24 21 0.66132295
24 31 2.4835188
24 12 0.079606846
24 15 2000.0
24 17 0.21777517
25 30 11.54912
25 13 0.817395
25 33 0.6357611
25 11 0.93425953
25 29 6.791967
25 34 1.9567822
25 20 0.44455898
25 2 1.6284415
25 14 1.2916765
25 37 160.0
25 7 8.631049
25 27 0.86903924
25 16 1.3349508
26 36 1802.841
26 32 47.961777
26 28 0.049876895
26 10 0.03234911
26 24 0.051371966
26 31 0.0608886
26 12 0.64764416
26 17 3.9473684
27 0 2000.0
27 30 0.32194093
27 8 2.197847
27 18 6.344674
27 13 0.29954904
27 33 0.8930517
27 11 0.6723863
27 29 0.92171615
27 5 2.055508
27 34 0.9714862
27 20 0.752497
27 2 0.36230385
27 14 3.7636838
27 37 2.5603256
27 7 410.25
27 16 1.7678983
27 25 0.86903924
28 36 0.051248137
28 26 0.049876895
28 10 0.32896328
28 3 0.08899621
28 12 4.357127
28 9 1.8813676
29 0 12.170454
29 30 5.1409297
29 8 1.786073
29 18 0.86669785
29 13 1.2459497
29 11 0.9361771
29 5 6.850138
29 34 6.772975
29 20 2.7154822
29 2 1.0679855
29 37 0.9781839
29 7 2000.0
29 27 0.92171615
29 16 26.755653
29 23 2.9644737
29 25 6.791967
30 0 2000.0
30 8 1.2608377
30 18 0.7170455
30 13 4.123214
30 33 2.7542756
30 11 0.36543444
30 29 5.1409297
30 5 0.968336
30 34 1.933658
30 20 14.8822565
30 2 25.750156
30 14 2000.0
30 37 28.72075
30 7 1.2357613
30 27 0.32194093
30 16 1.1027851
30 23 0.91839796
30 25 11.54912
31 26 0.0608886
31 6 0.2769972
31 10 0.038232025
31 24 2.4835188
31 9 0.0353709
31 17 1.4540775
31 4 0.08920806
31 19 0.07931853
32 26 47.961777
32 24 0.08445748
32 21 2000.0
32 12 0.2629192
32 15 0.07407284
33 34 2000.0
33 30 2.7542756
33 20 1.2596552
33 2 2.129752
33 14 0.45712903
33 7 2000.0
33 13 0.8985415
33 27 0.8930517
33 16 1249.4886
33 11 2.2550898
33 29 8077.4434
33 25 0.6357611
34 30 1.933658
34 20 0.86339206
34 8 6.716077
34 13 7.9008427
34 7 9.102034
34 27 0.9714862
34 16 1215.0568
34 11 1.9872668
34 25 1.9567822
34 29 6.772975
34 5 1.2264193
35 21 0.048062596
36 26 1802.841
36 28 0.051248137
36 3 0.4472846
36 9 1.6980046
37 30 28.72075
37 0 0.8191254
37 8 0.9060631
37 18 1.106176
37 13 1.0698007
37 11 1.272258
37 29 0.9781839
37 20 3.3122008
37 2 0.8860945
37 7 21.701834
37 27 2.5603256
37 16 37.442814
37 23 2.1122985
37 25 160.0
